60
0 1 43
0 2 39
0 9 33
0 14 1
0 15 48
0 17 55
0 24 36
0 25 2
0 26 26
0 28 50
0 32 59
0 33 34
0 34 3
0 37 54
0 38 49
0 41 30
0 46 27
0 48 37
0 52 7
0 53 16
0 54 46
0 55 14
0 59 53
1 0 0
1 1 55
1 3 5
1 4 9
1 5 25
1 7 2
1 14 51
1 15 47
1 16 24
1 23 26
1 28 45
1 31 15
1 33 22
1 34 14
1 35 59
1 41 54
1 45 34
1 55 29
1 56 8
1 57 44
1 58 13
1 59 36
2 0 30
2 5 44
2 6 40
2 8 54
2 9 37
2 12 10
2 13 55
2 14 25
2 21 42
2 24 39
2 28 46
2 30 41
2 31 5
2 41 24
2 44 35
2 45 33
2 47 11
2 48 20
2 51 23
2 52 48
2 57 12
3 1 26
3 2 11
3 9 3
3 10 20
3 11 58
3 12 37
3 13 36
3 14 39
3 16 6
3 17 27
3 22 41
3 24 45
3 27 22
3 29 7
3 30 33
3 31 52
3 32 46
3 34 42
3 35 34
3 36 12
3 37 17
3 44 18
3 52 15
3 54 40
3 58 55
4 2 34
4 5 9
4 6 49
4 8 50
4 10 10
4 11 32
4 12 28
4 13 58
4 14 8
4 15 35
4 17 51
4 21 57
4 23 0
4 27 56
4 29 17
4 38 11
4 42 46
4 44 47
4 46 43
4 47 42
4 48 30
4 49 22
4 50 12
4 51 44
4 52 20
4 54 15
4 56 45
5 1 27
5 2 8
5 3 32
5 4 31
5 5 47
5 6 5
5 7 19
5 10 18
5 11 56
5 13 14
5 15 6
5 18 49
5 20 43
5 22 9
5 23 15
5 26 1
5 28 23
5 29 48
5 35 35
5 36 10
5 39 51
5 40 11
5 42 41
5 44 34
5 46 26
5 51 55
5 55 3
5 56 22
5 59 46
6 2 45
6 6 18
6 7 28
6 12 39
6 13 53
6 14 40
6 16 21
6 17 50
6 21 54
6 24 8
6 25 58
6 27 35
6 29 33
6 32 14
6 33 3
6 34 51
6 36 46
6 38 38
6 45 1
6 48 10
6 49 30
6 50 4
6 57 25
6 58 9
7 1 20
7 2 32
7 11 30
7 24 37
7 27 59
7 28 25
7 29 54
7 32 57
7 33 17
7 34 56
7 37 52
7 38 50
7 40 13
7 42 44
7 43 6
7 46 14
7 48 58
7 49 42
7 50 51
7 52 23
7 56 2
8 5 10
8 6 35
8 7 29
8 12 9
8 16 54
8 21 47
8 27 50
8 28 28
8 29 41
8 34 43
8 36 2
8 40 1
8 46 51
8 48 27
8 51 11
8 52 26
8 53 8
8 57 23
8 58 31
9 2 55
9 4 32
9 7 49
9 8 9
9 9 36
9 14 43
9 15 59
9 17 15
9 20 57
9 21 16
9 22 3
9 27 44
9 28 33
9 29 13
9 32 50
9 35 40
9 37 28
9 40 30
9 43 24
9 45 6
9 46 5
9 48 8
9 50 31
9 52 17
9 55 51
10 0 48
10 1 34
10 4 17
10 6 27
10 10 39
10 13 35
10 14 47
10 18 22
10 20 52
10 22 57
10 29 42
10 30 25
10 33 58
10 37 55
10 44 9
10 46 29
10 49 13
10 53 7
10 55 43
10 56 53
11 0 4
11 1 46
11 5 1
11 7 51
11 8 8
11 13 6
11 15 9
11 16 38
11 18 13
11 21 27
11 22 28
11 24 33
11 25 31
11 27 15
11 28 26
11 29 10
11 33 32
11 35 23
11 38 45
11 40 12
11 41 50
11 44 40
11 45 7
11 47 30
11 50 22
11 51 39
11 52 24
11 54 17
11 55 5
11 57 35
12 0 8
12 1 15
12 5 38
12 6 32
12 10 33
12 11 50
12 12 56
12 13 13
12 15 3
12 20 36
12 24 2
12 26 25
12 29 23
12 30 24
12 31 1
12 32 40
12 36 41
12 39 53
12 40 26
12 43 12
12 47 58
12 48 49
12 50 16
12 54 48
12 55 46
12 56 29
12 57 47
13 3 23
13 6 52
13 7 31
13 8 55
13 9 54
13 15 44
13 16 14
13 18 29
13 19 20
13 20 1
13 22 32
13 25 10
13 27 37
13 28 43
13 29 34
13 34 26
13 36 35
13 43 7
13 44 8
13 45 13
13 48 39
13 50 15
13 52 30
13 53 27
13 54 25
13 57 57
13 59 11
14 0 36
14 1 37
14 3 12
14 5 21
14 6 53
14 7 55
14 8 47
14 9 48
14 10 58
14 13 17
14 14 27
14 15 23
14 17 42
14 20 40
14 22 38
14 24 31
14 25 3
14 36 25
14 40 10
14 41 0
14 49 51
14 50 33
14 53 4
14 55 13
14 56 24
14 58 46
15 1 10
15 3 42
15 5 54
15 6 9
15 8 36
15 10 15
15 16 23
15 17 59
15 18 35
15 19 49
15 20 32
15 21 22
15 27 11
15 28 19
15 29 37
15 33 43
15 34 47
15 38 33
15 39 31
15 43 16
15 46 41
15 48 38
15 50 55
15 53 51
15 54 53
15 56 12
15 57 17
16 3 4
16 4 13
16 5 39
16 6 7
16 7 14
16 12 33
16 13 22
16 20 16
16 23 25
16 24 51
16 26 20
16 30 8
16 34 21
16 36 43
16 42 35
16 48 0
16 49 50
16 50 27
16 53 2
16 55 49
16 56 37
16 59 47
17 0 42
17 14 48
17 15 40
17 16 7
17 24 32
17 26 56
17 30 5
17 33 10
17 34 17
17 36 44
17 37 15
17 38 34
17 46 0
17 47 4
17 50 53
17 59 18
18 0 25
18 1 21
18 4 48
18 5 15
18 6 17
18 7 35
18 10 41
18 13 28
18 15 46
18 16 20
18 18 47
18 20 26
18 25 52
18 27 42
18 28 27
18 29 18
18 32 12
18 35 22
18 39 11
18 42 19
18 43 44
18 50 30
18 52 10
18 53 56
18 54 31
18 55 6
18 57 45
18 58 3
19 0 7
19 1 33
19 3 15
19 4 53
19 8 58
19 12 1
19 13 38
19 15 45
19 16 5
19 17 20
19 20 54
19 24 21
19 25 27
19 26 30
19 28 29
19 29 25
19 36 48
19 37 57
19 39 10
19 42 9
19 43 8
19 47 37
19 55 26
19 56 23
19 57 59
20 0 21
20 2 5
20 3 47
20 8 49
20 9 32
20 10 57
20 12 27
20 13 20
20 15 51
20 16 29
20 17 31
20 18 14
20 21 28
20 24 19
20 25 43
20 28 55
20 29 40
20 30 48
20 31 37
20 32 33
20 33 53
20 34 10
20 36 59
20 41 13
20 42 17
20 46 58
20 48 18
20 50 52
20 53 9
20 54 12
20 56 1
20 57 26
21 0 45
21 1 56
21 2 4
21 4 2
21 8 24
21 10 6
21 12 30
21 14 33
21 17 26
21 23 47
21 24 20
21 25 50
21 28 41
21 29 19
21 34 54
21 37 23
21 39 7
21 40 17
21 42 27
21 44 21
21 45 42
21 49 35
21 50 38
21 51 9
21 55 40
21 56 43
21 58 0
22 5 14
22 9 9
22 11 37
22 15 19
22 16 52
22 18 17
22 20 41
22 27 20
22 29 24
22 38 43
22 41 27
22 43 36
22 47 1
22 48 11
22 49 54
22 50 26
22 53 32
22 56 58
22 58 51
23 1 22
23 8 7
23 15 2
23 21 13
23 22 21
23 24 46
23 25 40
23 26 3
23 27 24
23 29 0
23 33 25
23 34 57
23 35 27
23 37 59
23 38 51
23 41 52
23 43 54
23 46 17
23 47 23
23 52 33
23 56 15
23 59 38
24 0 17
24 2 49
24 3 0
24 4 46
24 6 50
24 8 15
24 12 12
24 13 11
24 18 39
24 19 43
24 21 29
24 22 26
24 23 41
24 25 18
24 26 47
24 32 9
24 39 33
24 41 42
24 46 40
24 48 48
24 51 8
24 55 1
24 57 13
24 58 57
25 3 13
25 4 58
25 13 16
25 14 59
25 15 18
25 16 15
25 17 1
25 18 41
25 20 29
25 22 34
25 25 23
25 28 37
25 30 17
25 33 14
25 34 52
25 37 27
25 39 9
25 40 44
25 41 31
25 46 24
25 48 51
25 49 38
25 51 36
25 54 3
25 56 25
26 4 7
26 5 58
26 6 19
26 8 13
26 11 33
26 12 22
26 14 20
26 16 9
26 20 18
26 23 11
26 26 35
26 30 28
26 33 57
26 36 52
26 37 3
26 43 30
26 44 4
26 45 24
26 46 31
26 47 8
26 48 21
26 54 49
26 55 55
26 57 51
26 58 17
27 2 30
27 3 6
27 4 59
27 5 32
27 9 15
27 10 1
27 12 13
27 14 28
27 16 10
27 19 42
27 29 58
27 33 27
27 39 35
27 41 4
27 42 3
27 47 21
27 52 44
27 53 47
27 55 22
27 56 40
27 57 14
27 58 2
28 2 52
28 3 40
28 8 37
28 9 27
28 11 42
28 14 56
28 18 20
28 20 4
28 23 55
28 27 8
28 30 30
28 32 38
28 34 1
28 40 34
28 44 58
28 46 18
28 47 51
28 48 54
28 51 21
28 54 36
28 55 25
28 56 19
28 57 39
28 58 41
28 59 43
29 0 29
29 2 19
29 8 38
29 9 13
29 10 21
29 11 43
29 12 36
29 13 25
29 16 39
29 17 17
29 20 46
29 21 5
29 22 18
29 23 45
29 26 58
29 29 55
29 30 15
29 32 41
29 36 30
29 37 7
29 39 26
29 40 4
29 42 20
29 43 10
29 44 49
29 45 44
29 47 57
29 49 47
29 52 42
29 59 35
30 1 39
30 3 30
30 4 40
30 9 8
30 10 26
30 13 1
30 16 58
30 17 22
30 18 45
30 19 5
30 20 10
30 21 20
30 29 47
30 33 28
30 35 51
30 39 44
30 42 4
30 43 55
30 58 12
30 59 17
31 0 22
31 1 25
31 9 1
31 15 28
31 16 8
31 17 24
31 18 50
31 20 31
31 24 44
31 25 15
31 30 49
31 35 48
31 37 33
31 42 57
31 48 42
31 50 23
31 52 18
31 53 58
31 55 2
31 56 21
31 58 32
32 2 27
32 4 5
32 7 37
32 9 53
32 18 2
32 19 13
32 24 24
32 25 39
32 26 42
32 35 21
32 40 57
32 42 40
32 47 9
32 50 45
32 52 3
32 58 14
33 0 28
33 1 32
33 4 23
33 7 9
33 8 44
33 9 49
33 11 13
33 13 26
33 16 27
33 22 33
33 24 58
33 26 43
33 30 1
33 31 35
33 32 54
33 33 41
33 35 52
33 37 14
33 38 17
33 40 29
33 42 55
33 43 47
33 47 18
33 48 53
33 49 39
33 51 0
33 56 59
33 57 5
33 58 6
34 6 55
34 8 19
34 10 30
34 12 47
34 15 50
34 16 40
34 19 51
34 20 11
34 23 53
34 25 28
34 26 32
34 27 46
34 28 10
34 30 43
34 31 38
34 32 17
34 36 34
34 38 35
34 40 39
34 43 4
34 45 41
34 46 42
34 47 33
34 48 16
34 49 29
34 51 7
34 52 2
34 55 12
34 57 15
34 58 8
35 1 17
35 2 10
35 8 1
35 9 20
35 10 7
35 11 47
35 13 39
35 15 21
35 17 4
35 21 11
35 26 38
35 27 52
35 30 22
35 31 53
35 33 54
35 35 18
35 40 32
35 41 19
35 43 29
35 47 3
35 49 0
35 52 45
35 53 26
35 58 34
35 59 9
36 1 9
36 3 20
36 9 46
36 10 42
36 11 10
36 12 48
36 17 33
36 18 21
36 19 4
36 24 0
36 26 23
36 29 29
36 31 55
36 33 36
36 34 6
36 35 49
36 37 32
36 39 41
36 40 40
36 41 51
36 43 31
36 44 3
36 47 7
36 52 50
36 53 52
36 54 11
36 55 53
37 5 0
37 8 4
37 9 56
37 16 42
37 18 19
37 22 12
37 35 44
37 38 23
37 39 49
37 40 8
37 42 26
37 45 48
37 51 54
38 0 54
38 1 31
38 2 12
38 8 17
38 11 15
38 12 2
38 16 32
38 18 43
38 19 27
38 20 22
38 22 52
38 27 58
38 30 21
38 31 7
38 32 26
38 33 35
38 36 47
38 37 18
38 38 30
38 50 5
38 51 19
38 52 39
38 54 57
38 55 42
38 56 4
38 57 53
39 0 43
39 18 10
39 19 1
39 21 32
39 22 25
39 24 11
39 28 14
39 29 27
39 31 8
39 32 22
39 33 42
39 35 41
39 47 48
39 50 13
39 51 28
39 52 9
39 54 5
39 57 36
39 58 19
40 0 34
40 2 9
40 5 27
40 11 40
40 12 52
40 13 42
40 16 53
40 19 23
40 20 39
40 21 17
40 24 54
40 27 0
40 29 21
40 32 31
40 38 18
40 40 55
40 41 2
40 44 22
40 46 13
40 48 44
40 52 49
40 55 15
40 57 6
41 10 11
41 16 47
41 18 33
41 20 45
41 23 10
41 25 12
41 28 58
41 30 44
41 31 34
41 34 23
41 36 16
41 37 41
41 42 13
41 45 25
41 53 48
42 0 2
42 1 5
42 4 16
42 6 30
42 8 34
42 10 28
42 11 27
42 14 21
42 17 8
42 20 25
42 24 53
42 27 48
42 28 59
42 29 45
42 31 49
42 35 19
42 37 13
42 39 18
42 40 56
42 41 29
42 43 46
42 44 37
42 52 12
42 56 3
42 57 54
42 58 7
43 0 57
43 7 38
43 11 39
43 12 23
43 14 22
43 15 52
43 18 37
43 19 50
43 21 2
43 23 18
43 24 34
43 32 25
43 36 9
43 40 33
43 41 56
43 43 58
43 44 24
43 46 12
43 47 47
43 49 3
43 50 40
43 54 10
44 2 20
44 7 33
44 8 18
44 10 40
44 14 57
44 16 2
44 17 3
44 18 34
44 21 58
44 27 30
44 29 5
44 30 6
44 33 44
44 35 13
44 36 27
44 39 23
44 44 53
44 45 55
44 48 15
44 49 32
44 51 17
44 53 54
45 0 32
45 1 0
45 2 35
45 4 42
45 7 44
45 8 30
45 11 36
45 14 6
45 15 31
45 18 46
45 26 13
45 29 15
45 30 9
45 35 38
45 36 33
45 37 10
45 38 55
45 41 53
45 45 40
45 48 29
45 49 14
45 53 11
45 54 47
45 55 58
46 2 48
46 4 34
46 6 22
46 7 16
46 11 4
46 12 25
46 13 15
46 14 44
46 17 38
46 18 52
46 22 50
46 23 32
46 28 57
46 29 8
46 30 59
46 32 45
46 33 23
46 34 28
46 35 2
46 40 42
46 41 20
46 44 31
46 45 14
46 46 35
46 47 26
46 49 53
46 50 9
46 51 12
46 54 21
46 56 10
46 59 27
47 1 30
47 5 13
47 9 17
47 11 11
47 12 6
47 13 51
47 14 34
47 18 32
47 19 24
47 20 8
47 21 26
47 22 4
47 24 15
47 26 49
47 27 38
47 30 54
47 32 37
47 35 28
47 42 42
47 43 1
47 44 27
47 46 7
47 52 40
48 0 52
48 10 53
48 11 26
48 17 25
48 18 16
48 19 33
48 24 18
48 27 27
48 28 34
48 32 23
48 39 28
48 40 9
48 41 21
48 42 38
48 47 50
48 51 29
48 52 37
48 53 30
48 54 45
48 57 0
48 59 44
49 1 59
49 2 56
49 5 34
49 10 44
49 11 7
49 12 58
49 13 21
49 15 20
49 16 37
49 21 35
49 23 27
49 24 30
49 25 5
49 27 47
49 30 57
49 31 4
49 35 43
49 36 11
49 40 6
49 42 24
49 45 51
49 47 12
49 48 45
49 51 15
49 52 38
49 54 0
49 55 50
49 57 32
49 58 36
49 59 13
50 2 29
50 4 14
50 10 23
50 11 5
50 12 3
50 15 39
50 19 45
50 23 38
50 24 35
50 26 19
50 28 56
50 30 4
50 34 13
50 37 1
50 39 46
50 41 34
50 42 54
50 43 42
50 44 12
50 45 22
50 46 59
50 48 52
50 55 33
50 56 0
50 57 30
50 58 21
51 2 16
51 3 18
51 8 27
51 9 2
51 10 59
51 16 50
51 17 47
51 20 34
51 22 19
51 23 33
51 29 26
51 32 10
51 35 42
51 38 8
51 40 21
51 41 35
51 43 11
51 46 56
51 47 24
51 49 52
51 50 7
51 51 37
51 54 23
51 55 20
51 56 46
51 57 9
51 58 28
52 0 46
52 2 15
52 3 17
52 4 20
52 7 11
52 9 29
52 14 49
52 15 14
52 16 0
52 18 57
52 19 52
52 21 7
52 22 43
52 24 12
52 26 10
52 31 9
52 34 4
52 36 56
52 40 5
52 43 33
52 50 25
52 53 38
52 55 59
52 57 37
52 58 40
53 0 39
53 1 29
53 3 50
53 5 57
53 7 18
53 8 3
53 9 51
53 10 46
53 11 53
53 16 41
53 17 34
53 19 16
53 23 5
53 24 47
53 29 56
53 33 26
53 34 0
53 36 40
53 37 25
53 43 14
53 44 43
53 45 54
53 46 8
53 49 45
53 52 58
53 56 44
54 6 44
54 13 10
54 15 26
54 16 43
54 18 3
54 20 33
54 21 37
54 26 6
54 28 18
54 29 14
54 35 15
54 37 20
54 39 59
54 40 47
54 42 2
54 43 0
54 46 34
54 48 13
54 49 36
54 52 35
54 53 39
54 54 16
54 59 32
55 2 58
55 3 35
55 4 47
55 6 24
55 18 12
55 20 49
55 22 13
55 23 1
55 25 21
55 29 46
55 30 2
55 31 0
55 33 30
55 37 9
55 38 27
55 40 51
55 48 22
55 51 56
55 53 57
55 54 29
55 56 26
55 58 53
56 2 6
56 3 34
56 4 28
56 5 41
56 9 44
56 10 37
56 18 42
56 20 30
56 21 23
56 23 58
56 26 31
56 27 39
56 29 1
56 38 48
56 39 56
56 41 3
56 43 53
56 48 14
56 49 57
56 50 0
56 52 21
56 53 50
56 57 11
56 58 20
56 59 12
57 2 59
57 4 45
57 11 8
57 13 41
57 14 53
57 15 34
57 16 36
57 19 3
57 20 42
57 25 24
57 26 11
57 28 20
57 36 14
57 37 51
57 39 39
57 40 48
57 46 9
57 51 13
57 54 33
57 57 58
57 59 0
58 0 33
58 1 42
58 3 10
58 4 52
58 6 0
58 7 34
58 8 45
58 11 28
58 12 26
58 15 17
58 19 53
58 21 49
58 24 43
58 26 36
58 28 5
58 29 4
58 30 18
58 33 46
58 35 58
58 39 55
58 41 14
58 45 30
58 46 25
58 47 44
58 51 2
58 53 13
58 56 57
58 59 21
59 1 24
59 8 51
59 13 18
59 20 19
59 22 54
59 23 52
59 26 53
59 28 12
59 31 42
59 32 7
59 45 4
59 47 27
59 48 47
59 49 10
59 53 14
59 54 43
59 56 28
59 57 16
59 58 5
