60
0 0 36
0 1 38
0 2 20
0 3 13
0 4 9
0 5 28
0 7 18
0 11 5
0 12 48
0 13 46
0 14 50
0 15 30
0 17 55
0 19 35
0 20 59
0 23 16
0 24 23
0 25 52
0 27 45
0 28 2
0 29 14
0 32 32
0 33 43
0 37 0
0 38 6
0 40 26
0 41 3
0 42 56
0 43 54
0 46 29
0 47 1
0 48 17
0 49 34
0 51 53
0 55 7
0 56 51
0 57 39
0 59 4
1 0 49
1 1 14
1 3 50
1 5 31
1 6 18
1 7 0
1 8 44
1 10 55
1 11 11
1 12 16
1 13 39
1 14 57
1 15 36
1 16 23
1 17 54
1 20 24
1 22 10
1 23 15
1 25 38
1 28 48
1 30 4
1 31 45
1 33 17
1 35 9
1 38 41
1 39 47
1 41 37
1 42 34
1 43 22
1 44 26
1 45 30
1 46 2
1 47 27
1 49 59
1 50 29
1 51 5
1 52 56
1 54 19
1 55 12
1 57 46
1 58 53
1 59 42
2 0 22
2 1 51
2 4 14
2 7 53
2 8 1
2 9 15
2 10 33
2 11 3
2 12 42
2 14 7
2 18 17
2 19 39
2 20 4
2 22 26
2 23 35
2 24 25
2 25 12
2 27 20
2 28 40
2 29 10
2 30 50
2 31 8
2 32 27
2 33 19
2 34 59
2 35 0
2 36 5
2 37 47
2 38 32
2 39 13
2 40 24
2 41 49
2 43 31
2 45 34
2 47 48
2 48 58
2 51 55
2 53 38
2 54 9
2 55 28
2 56 11
2 57 41
2 58 30
2 59 29
3 0 43
3 3 23
3 5 8
3 6 13
3 7 52
3 9 32
3 11 40
3 12 36
3 13 14
3 14 3
3 17 11
3 18 27
3 19 42
3 21 28
3 23 7
3 24 0
3 25 5
3 26 30
3 27 33
3 28 41
3 29 47
3 30 6
3 32 35
3 33 58
3 34 19
3 35 26
3 40 57
3 42 4
3 43 45
3 44 22
3 47 55
3 48 56
3 49 46
3 50 53
3 51 29
3 52 51
3 53 12
3 54 2
3 56 31
3 57 37
3 59 10
4 0 4
4 1 29
4 2 47
4 3 18
4 5 3
4 6 34
4 7 35
4 8 7
4 10 1
4 13 43
4 14 11
4 15 14
4 17 51
4 19 49
4 20 56
4 22 22
4 24 36
4 26 53
4 27 25
4 30 54
4 31 12
4 32 44
4 33 9
4 41 52
4 42 16
4 44 40
4 46 38
4 49 21
4 51 59
4 55 45
4 56 0
4 59 41
5 1 10
5 2 14
5 5 21
5 8 32
5 10 57
5 12 46
5 13 41
5 14 38
5 15 29
5 16 36
5 18 31
5 19 5
5 20 39
5 21 45
5 22 13
5 23 8
5 24 30
5 25 42
5 26 0
5 27 58
5 28 53
5 29 33
5 31 6
5 33 50
5 34 49
5 35 15
5 40 22
5 41 1
5 42 52
5 43 25
5 45 28
5 46 51
5 47 19
5 48 11
5 49 54
5 50 7
5 51 43
5 52 47
5 54 40
5 56 4
5 57 55
5 58 59
5 59 20
6 0 38
6 2 51
6 4 4
6 5 0
6 7 20
6 8 13
6 9 36
6 11 53
6 12 18
6 13 5
6 15 7
6 17 29
6 18 37
6 23 58
6 24 21
6 25 14
6 27 1
6 28 57
6 29 49
6 30 39
6 33 15
6 34 46
6 35 41
6 36 31
6 37 35
6 39 42
6 40 54
6 41 24
6 42 30
6 43 17
6 44 45
6 45 32
6 46 52
6 47 12
6 48 33
6 50 28
6 52 55
6 53 2
6 55 6
6 57 59
6 58 50
6 59 56
7 1 43
7 3 22
7 5 58
7 6 16
7 7 50
7 8 31
7 9 57
7 10 39
7 11 21
7 13 9
7 14 56
7 16 45
7 19 59
7 20 14
7 21 37
7 25 36
7 26 46
7 27 11
7 29 4
7 31 5
7 32 24
7 35 48
7 39 25
7 40 8
7 41 28
7 42 10
7 43 51
7 45 53
7 46 41
7 48 49
7 50 2
7 51 0
7 52 3
7 53 27
7 54 1
7 56 30
7 57 44
7 58 13
7 59 17
8 1 44
8 2 10
8 3 41
8 7 32
8 8 17
8 9 38
8 10 35
8 11 49
8 12 27
8 13 7
8 14 36
8 15 11
8 16 21
8 17 48
8 18 46
8 19 23
8 20 33
8 21 50
8 22 0
8 23 59
8 24 51
8 25 20
8 26 28
8 27 3
8 30 55
8 31 31
8 32 8
8 33 18
8 34 9
8 37 57
8 38 45
8 39 58
8 40 13
8 41 54
8 42 15
8 43 5
8 44 30
8 45 37
8 48 2
8 49 12
8 50 14
8 51 1
8 52 4
8 53 22
8 54 25
8 55 24
8 56 43
8 57 52
8 58 47
8 59 16
9 0 50
9 1 11
9 3 29
9 4 44
9 5 1
9 6 47
9 7 27
9 8 26
9 10 37
9 11 6
9 12 3
9 14 48
9 15 38
9 16 49
9 18 59
9 20 40
9 21 16
9 22 55
9 23 2
9 24 52
9 25 34
9 26 24
9 28 4
9 29 39
9 31 21
9 32 28
9 33 5
9 34 20
9 35 58
9 36 36
9 37 9
9 40 18
9 41 51
9 42 43
9 43 19
9 46 13
9 47 14
9 48 23
9 49 31
9 52 8
9 54 57
9 57 12
9 58 56
9 59 7
10 1 9
10 2 1
10 3 3
10 4 40
10 5 2
10 6 50
10 8 22
10 11 32
10 12 12
10 13 10
10 14 52
10 16 37
10 18 35
10 20 29
10 21 41
10 22 58
10 23 48
10 24 26
10 25 55
10 26 18
10 27 15
10 28 21
10 30 28
10 31 59
10 32 25
10 33 51
10 34 53
10 35 45
10 36 33
10 37 6
10 40 23
10 41 19
10 43 57
10 44 17
10 45 46
10 47 47
10 53 11
10 54 20
10 55 13
10 57 56
10 58 14
10 59 43
11 2 15
11 3 48
11 5 57
11 6 25
11 7 30
11 9 54
11 10 13
11 11 33
11 12 6
11 13 28
11 14 24
11 15 1
11 16 12
11 17 46
11 19 52
11 20 8
11 21 27
11 26 59
11 27 35
11 29 41
11 31 7
11 33 38
11 35 51
11 36 43
11 37 39
11 39 21
11 41 32
11 42 11
11 44 18
11 45 20
11 47 45
11 49 44
11 50 42
11 51 4
11 52 58
11 53 34
11 54 29
11 56 26
11 57 10
12 1 55
12 2 18
12 3 0
12 5 54
12 7 13
12 9 2
12 10 48
12 13 3
12 14 32
12 16 17
12 17 6
12 18 16
12 20 51
12 21 53
12 23 50
12 24 40
12 25 45
12 26 11
12 27 47
12 28 22
12 29 43
12 31 44
12 36 9
12 38 38
12 39 52
12 43 46
12 46 36
12 47 37
12 48 21
12 50 5
12 51 19
12 52 12
12 53 28
12 54 30
12 55 10
12 56 33
12 57 7
12 59 14
13 2 21
13 3 56
13 4 25
13 5 16
13 7 43
13 10 58
13 11 30
13 13 31
13 14 46
13 15 22
13 16 7
13 17 20
13 18 42
13 19 41
13 20 53
13 21 35
13 22 17
13 24 27
13 26 5
13 27 40
13 28 51
13 30 45
13 31 19
13 34 34
13 36 8
13 37 55
13 38 11
13 39 18
13 40 0
13 41 23
13 46 39
13 48 26
13 50 4
13 52 2
13 53 1
13 54 10
13 55 48
13 56 37
13 57 38
13 59 33
14 1 6
14 3 57
14 4 51
14 5 10
14 6 27
14 8 36
14 9 26
14 10 11
14 11 1
14 12 40
14 13 20
14 15 47
14 16 59
14 18 54
14 19 16
14 21 25
14 22 45
14 23 12
14 24 22
14 25 15
14 26 48
14 27 21
14 28 23
14 29 58
14 32 42
14 33 52
14 34 28
14 35 50
14 36 32
14 37 49
14 38 9
14 39 4
14 40 19
14 43 43
14 48 39
14 49 29
14 50 38
14 53 0
14 55 53
14 56 8
14 58 24
15 0 29
15 2 24
15 3 21
15 4 6
15 6 31
15 7 2
15 8 39
15 10 23
15 11 16
15 12 13
15 13 18
15 14 59
15 15 51
15 16 32
15 17 34
15 18 43
15 19 3
15 20 58
15 22 37
15 23 27
15 26 25
15 27 46
15 28 8
15 29 45
15 30 5
15 31 42
15 32 49
15 33 48
15 34 22
15 35 44
15 36 57
15 38 53
15 39 33
15 44 4
15 45 36
15 46 10
15 47 11
15 48 14
15 49 15
15 50 1
15 51 41
15 52 26
15 53 47
15 56 9
15 57 17
15 58 40
16 0 58
16 1 56
16 2 4
16 4 37
16 5 27
16 8 12
16 9 39
16 11 2
16 12 28
16 13 54
16 14 53
16 15 45
16 17 50
16 18 0
16 19 26
16 20 34
16 24 35
16 26 19
16 27 31
16 28 33
16 29 5
16 30 9
16 31 38
16 33 47
16 35 42
16 36 13
16 37 32
16 38 3
16 39 55
16 40 11
16 42 51
16 43 8
16 44 48
16 46 49
16 48 18
16 50 6
16 51 30
16 52 24
16 53 59
16 54 52
16 56 14
16 57 1
16 59 23
17 0 28
17 1 1
17 2 49
17 6 35
17 8 57
17 10 16
17 13 23
17 14 4
17 15 10
17 16 25
17 17 22
17 18 32
17 19 20
17 20 45
17 21 42
17 23 38
17 25 50
17 27 27
17 29 44
17 32 2
17 33 13
17 34 14
17 36 37
17 37 12
17 38 46
17 39 36
17 40 48
17 42 29
17 43 53
17 44 0
17 45 59
17 48 47
17 50 24
17 51 31
17 54 21
17 55 5
17 57 51
17 58 33
17 59 52
18 0 41
18 2 59
18 3 31
18 5 52
18 6 44
18 7 15
18 8 51
18 9 35
18 11 34
18 12 57
18 14 43
18 15 32
18 16 39
18 17 18
18 18 24
18 21 38
18 22 30
18 24 49
18 26 26
18 28 29
18 29 50
18 31 9
18 32 56
18 33 1
18 35 4
18 38 33
18 41 10
18 43 48
18 44 14
18 45 11
18 47 13
18 48 7
18 49 20
18 50 16
18 51 40
18 53 6
18 54 47
18 56 27
18 57 21
18 58 37
18 59 28
19 0 5
19 4 1
19 5 22
19 6 33
19 7 7
19 8 9
19 9 20
19 10 50
19 11 52
19 13 19
19 14 49
19 15 59
19 16 34
19 18 39
19 19 51
19 20 25
19 25 43
19 26 3
19 27 56
19 28 14
19 29 55
19 32 37
19 34 44
19 38 28
19 39 54
19 40 47
19 41 6
19 42 21
19 43 0
19 49 41
19 51 23
19 52 30
19 53 10
19 54 18
19 56 38
19 57 24
19 58 36
19 59 48
20 1 13
20 2 32
20 3 39
20 4 58
20 6 53
20 7 22
20 8 56
20 9 0
20 11 4
20 12 43
20 13 36
20 14 17
20 15 42
20 17 1
20 18 52
20 19 25
20 20 21
20 21 33
20 22 40
20 23 29
20 24 41
20 25 18
20 27 55
20 29 24
20 30 35
20 31 23
20 32 48
20 33 34
20 34 50
20 35 2
20 36 26
20 37 19
20 38 47
20 39 15
20 40 51
20 42 27
20 43 16
20 44 28
20 47 8
20 49 38
20 50 45
20 51 37
20 52 54
20 53 3
20 55 46
20 56 7
20 57 5
20 58 20
20 59 30
21 1 34
21 2 27
21 3 55
21 4 16
21 5 50
21 7 31
21 9 44
21 10 32
21 11 24
21 13 22
21 15 21
21 16 19
21 17 36
21 18 6
21 19 30
21 20 1
21 21 18
21 22 23
21 23 13
21 24 39
21 26 54
21 29 17
21 31 51
21 33 20
21 34 0
21 35 7
21 36 14
21 37 59
21 38 52
21 40 56
21 42 25
21 46 11
21 47 58
21 51 38
21 52 29
21 53 4
21 54 43
21 56 28
21 57 9
21 58 45
21 59 35
22 1 47
22 3 27
22 4 36
22 6 45
22 7 25
22 10 0
22 11 20
22 12 14
22 13 49
22 14 19
22 15 33
22 16 30
22 17 7
22 19 38
22 20 43
22 21 32
22 22 48
22 24 58
22 25 46
22 28 28
22 31 56
22 32 11
22 33 23
22 34 6
22 35 5
22 36 16
22 37 53
22 40 1
22 41 2
22 46 55
22 47 10
22 48 59
22 50 9
22 51 24
22 53 31
22 55 40
22 56 13
22 58 15
22 59 26
23 4 23
23 5 42
23 7 6
23 8 29
23 9 19
23 11 31
23 12 35
23 13 56
23 14 54
23 16 9
23 18 7
23 21 26
23 23 1
23 25 11
23 26 55
23 27 49
23 28 46
23 30 8
23 31 52
23 32 0
23 33 40
23 34 13
23 35 53
23 40 59
23 41 20
23 42 47
23 43 24
23 44 5
23 45 18
23 46 14
23 47 3
23 49 58
23 50 22
23 52 21
23 54 33
23 56 48
23 57 15
23 58 38
23 59 36
24 1 8
24 2 53
24 3 25
24 5 15
24 6 32
24 7 4
24 9 52
24 10 2
24 11 50
24 12 21
24 13 58
24 14 23
24 15 56
24 16 44
24 17 16
24 18 30
24 23 11
24 25 24
24 26 20
24 32 6
24 33 46
24 34 12
24 35 57
24 36 51
24 38 40
24 39 38
24 40 3
24 41 13
24 42 45
24 44 34
24 45 14
24 46 43
24 47 17
24 48 5
24 49 18
24 51 10
24 52 0
24 53 33
24 54 41
24 55 39
24 58 28
24 59 49
25 0 3
25 2 28
25 3 36
25 4 11
25 5 14
25 6 54
25 8 23
25 11 59
25 12 22
25 13 51
25 15 12
25 16 33
25 17 47
25 21 8
25 22 32
25 23 55
25 24 57
25 25 56
25 26 50
25 27 17
25 29 20
25 30 7
25 31 4
25 32 26
25 35 40
25 36 49
25 37 34
25 41 9
25 42 18
25 43 2
25 49 24
25 50 0
25 51 52
25 52 10
25 54 16
25 56 45
25 57 19
25 58 44
25 59 25
26 0 26
26 1 36
26 2 2
26 3 17
26 4 8
26 5 24
26 7 21
26 10 20
26 11 22
26 12 23
26 13 0
26 14 15
26 15 52
26 16 13
26 18 1
26 19 55
26 20 38
26 22 51
26 23 46
26 25 58
26 26 4
26 27 5
26 28 6
26 29 48
26 30 33
26 31 32
26 32 14
26 33 12
26 34 47
26 36 44
26 37 43
26 38 16
26 41 45
26 43 27
26 44 3
26 46 28
26 48 30
26 49 50
26 51 18
26 52 31
26 54 59
26 56 42
26 57 57
26 58 10
26 59 37
27 0 31
27 1 54
27 2 33
27 4 43
27 6 5
27 8 0
27 10 46
27 11 12
27 12 47
27 13 29
27 14 44
27 17 19
27 18 45
27 19 57
27 20 2
27 21 55
27 22 15
27 24 10
27 25 51
27 29 42
27 30 26
27 31 18
27 32 30
27 33 21
27 34 52
27 36 20
27 37 22
27 40 9
27 41 50
27 42 36
27 44 6
27 45 38
27 46 32
27 48 48
27 49 27
27 50 59
27 52 16
27 53 58
27 55 17
28 2 42
28 3 6
28 5 37
28 6 22
28 7 11
28 8 3
28 10 10
28 11 41
28 12 38
28 14 51
28 15 0
28 16 52
28 17 8
28 18 12
28 19 31
28 20 19
28 21 7
28 23 20
28 24 28
28 26 43
28 27 36
28 29 46
28 30 24
28 32 33
28 34 1
28 36 45
28 37 13
28 38 55
28 39 2
28 40 27
28 41 25
28 43 9
28 44 58
28 46 48
28 47 16
28 48 35
28 49 5
28 50 15
28 52 59
28 53 50
28 54 23
28 55 32
28 56 40
28 57 47
29 0 56
29 2 36
29 4 42
29 5 44
29 6 6
29 7 23
29 8 10
29 9 18
29 11 57
29 12 51
29 15 9
29 16 48
29 17 15
29 19 2
29 20 37
29 21 0
29 24 31
29 27 41
29 28 5
29 29 19
29 31 20
29 33 32
29 34 30
29 37 1
29 39 12
29 40 39
29 41 14
29 42 24
29 43 26
29 44 16
29 45 21
29 46 4
29 47 35
29 49 55
29 51 22
29 53 53
29 54 45
29 56 29
29 59 59
30 0 25
30 2 58
30 4 32
30 6 12
30 7 56
30 8 6
30 9 31
30 11 47
30 14 21
30 18 50
30 19 9
30 20 36
30 21 10
30 22 5
30 23 3
30 24 38
30 25 0
30 26 42
30 27 53
30 28 44
30 29 37
30 30 13
30 31 35
30 33 30
30 34 27
30 36 46
30 37 4
30 38 14
30 40 16
30 42 1
30 43 34
30 44 33
30 45 49
30 47 29
30 50 18
30 51 54
30 52 22
30 53 57
30 54 55
30 55 51
30 56 23
30 57 48
30 59 45
31 0 59
31 1 33
31 2 9
31 4 20
31 5 51
31 8 25
31 9 3
31 10 54
31 11 17
31 13 16
31 14 31
31 15 13
31 16 8
31 19 28
31 20 22
31 21 19
31 23 40
31 24 18
31 27 37
31 28 58
31 29 26
31 30 57
31 32 4
31 33 6
31 35 23
31 36 35
31 37 48
31 38 30
31 39 43
31 40 52
31 43 47
31 44 11
31 45 12
31 46 5
31 47 50
31 49 0
31 50 55
31 51 15
31 52 42
31 53 7
31 54 56
31 55 49
31 56 10
31 57 34
31 58 41
31 59 27
32 0 51
32 1 35
32 2 23
32 3 7
32 4 53
32 5 39
32 7 45
32 8 40
32 10 47
32 11 55
32 12 33
32 14 58
32 15 31
32 17 25
32 18 2
32 20 10
32 21 54
32 22 41
32 23 18
32 24 14
32 26 56
32 27 9
32 28 36
32 29 12
32 31 27
32 32 43
32 33 28
32 36 0
32 38 26
32 39 49
32 40 5
32 43 37
32 44 44
32 45 24
32 46 30
32 47 21
32 48 6
32 49 19
32 51 57
32 53 16
32 54 42
32 55 8
32 56 3
32 57 4
32 58 32
32 59 11
33 1 15
33 3 33
33 4 49
33 5 23
33 6 19
33 8 46
33 9 45
33 10 42
33 11 43
33 13 8
33 15 50
33 16 54
33 17 17
33 18 51
33 19 40
33 20 30
33 22 21
33 25 1
33 27 59
33 28 13
33 29 22
33 30 2
33 31 14
33 36 39
33 37 28
33 38 12
33 41 16
33 42 31
33 45 0
33 46 37
33 48 32
33 50 20
33 51 11
33 53 29
33 54 53
33 55 4
33 56 18
33 57 36
33 58 48
34 0 40
34 1 22
34 4 47
34 5 5
34 6 51
34 7 12
34 8 4
34 10 15
34 11 13
34 13 6
34 15 46
34 17 59
34 18 9
34 19 43
34 20 50
34 21 57
34 22 1
34 27 34
34 28 7
34 29 38
34 30 48
34 31 10
34 33 44
34 34 54
34 35 16
34 36 28
34 39 45
34 40 14
34 41 56
34 42 26
34 43 3
34 45 27
34 46 42
34 47 49
34 48 36
34 49 32
34 52 39
34 54 24
34 55 33
34 56 55
34 57 53
34 58 29
34 59 21
35 0 55
35 1 46
35 2 12
35 3 15
35 4 31
35 5 33
35 8 21
35 10 34
35 11 23
35 12 45
35 14 6
35 16 50
35 17 3
35 19 27
35 21 22
35 22 11
35 23 52
35 24 24
35 26 57
35 27 39
35 28 32
35 29 59
35 30 37
35 31 25
35 32 1
35 33 14
35 34 56
35 35 18
35 37 30
35 39 51
35 40 17
35 41 0
35 42 2
35 43 29
35 44 19
35 45 10
35 46 53
35 47 28
35 50 44
35 51 16
35 52 9
35 53 43
35 54 26
35 55 20
35 56 54
35 57 8
35 59 38
36 0 47
36 1 40
36 2 7
36 3 10
36 4 41
36 5 34
36 7 38
36 9 23
36 10 56
36 11 45
36 12 49
36 14 27
36 17 57
36 18 44
36 19 17
36 20 5
36 22 42
36 24 13
36 25 4
36 26 31
36 27 30
36 28 15
36 29 11
36 30 25
36 32 39
36 33 0
36 34 58
36 35 3
36 36 19
36 42 8
36 43 12
36 44 55
36 46 9
36 47 33
36 50 37
36 52 53
36 53 14
36 55 16
36 57 35
36 58 22
37 0 57
37 4 59
37 6 55
37 10 6
37 11 27
37 12 8
37 13 15
37 14 10
37 16 51
37 17 14
37 18 11
37 19 19
37 20 3
37 21 5
37 22 24
37 24 9
37 25 35
37 27 38
37 28 47
37 29 52
37 30 12
37 32 34
37 33 39
37 34 33
37 35 21
37 36 56
37 38 20
37 39 16
37 43 18
37 44 37
37 45 42
37 47 30
37 48 4
37 50 32
37 51 13
37 52 23
37 54 36
37 56 17
37 58 2
37 59 1
38 1 52
38 2 13
38 3 16
38 4 15
38 6 26
38 7 51
38 8 14
38 9 24
38 10 28
38 11 38
38 12 5
38 13 25
38 14 29
38 15 34
38 16 18
38 18 10
38 20 6
38 21 23
38 23 21
38 24 8
38 25 27
38 26 40
38 27 48
38 28 43
38 29 0
38 30 44
38 31 50
38 32 31
38 33 49
38 34 45
38 35 1
38 36 3
38 38 35
38 39 37
38 40 4
38 42 12
38 44 2
38 45 55
38 47 39
38 48 9
38 50 19
38 52 41
38 53 30
38 54 22
38 55 11
38 58 42
39 1 18
39 3 52
39 4 48
39 7 47
39 8 43
39 9 8
39 12 29
39 14 42
39 15 15
39 19 37
39 20 17
39 21 4
39 22 59
39 24 45
39 25 26
39 26 7
39 27 14
39 28 34
39 29 32
39 30 36
39 31 53
39 32 54
39 33 3
39 34 11
39 36 40
39 38 21
39 40 10
39 41 46
39 42 19
39 44 12
39 46 24
39 48 16
39 49 35
39 50 25
39 52 33
39 55 44
39 56 22
39 57 50
39 58 58
40 0 10
40 1 26
40 2 57
40 3 1
40 4 46
40 6 36
40 9 13
40 10 40
40 11 42
40 12 30
40 14 2
40 15 8
40 17 0
40 18 15
40 19 18
40 20 44
40 21 43
40 22 52
40 23 14
40 24 5
40 26 16
40 27 19
40 28 24
40 29 31
40 30 23
40 31 58
40 32 21
40 33 27
40 34 17
40 35 49
40 36 47
40 37 50
40 40 45
40 41 33
40 42 59
40 43 39
40 44 51
40 45 54
40 46 3
40 47 25
40 48 28
40 49 22
40 50 12
40 51 9
40 53 32
40 54 11
40 55 37
40 56 53
40 57 29
40 59 55
41 0 21
41 3 34
41 6 43
41 7 1
41 8 16
41 10 24
41 11 15
41 14 0
41 16 31
41 17 9
41 18 5
41 19 32
41 20 13
41 21 30
41 23 23
41 24 2
41 26 36
41 28 45
41 29 40
41 33 4
41 34 3
41 35 55
41 38 48
41 39 29
41 40 35
41 41 22
41 42 58
41 43 33
41 44 50
41 48 54
41 49 25
41 50 49
41 52 14
41 53 42
41 54 44
41 55 57
41 59 8
42 0 1
42 1 21
42 3 40
42 4 52
42 6 10
42 7 3
42 8 24
42 9 33
42 10 38
42 11 51
42 13 2
42 14 14
42 15 16
42 16 5
42 17 39
42 19 44
42 20 46
42 22 36
42 23 26
42 24 29
42 25 48
42 26 13
42 28 30
42 29 35
42 30 0
42 31 41
42 32 59
42 33 45
42 35 37
42 37 23
42 39 9
42 41 18
42 43 50
42 44 57
42 46 56
42 47 6
42 49 4
42 50 27
42 51 58
42 53 55
42 54 28
42 55 47
42 56 12
42 57 32
42 58 25
42 59 53
43 0 9
43 2 11
43 3 5
43 5 48
43 7 59
43 8 58
43 10 26
43 11 28
43 12 0
43 13 40
43 14 45
43 15 20
43 17 23
43 19 36
43 20 27
43 21 12
43 23 17
43 27 44
43 30 52
43 31 16
43 32 41
43 33 2
43 36 38
43 37 25
43 41 29
43 42 3
43 43 55
43 44 53
43 45 57
43 46 35
43 47 22
43 48 1
43 49 47
43 50 39
43 51 33
43 52 49
43 53 13
43 54 7
43 56 32
43 57 30
43 59 50
44 0 24
44 1 5
44 3 9
44 4 57
44 5 11
44 6 15
44 7 28
44 8 19
44 10 17
44 12 31
44 13 33
44 14 55
44 16 26
44 17 58
44 19 53
44 20 7
44 22 49
44 25 23
44 26 2
44 29 34
44 30 32
44 31 37
44 32 51
44 36 27
44 37 41
44 38 8
44 39 1
44 41 12
44 42 0
44 43 30
44 44 29
44 45 4
44 46 22
44 47 44
44 48 3
44 50 54
44 51 45
44 53 40
44 54 13
44 55 35
44 56 39
44 57 16
44 58 43
44 59 47
45 0 46
45 1 48
45 2 39
45 5 25
45 6 56
45 7 33
45 8 2
45 12 44
45 13 24
45 16 16
45 18 47
45 19 12
45 20 0
45 22 35
45 23 9
45 24 55
45 25 28
45 26 15
45 28 18
45 31 57
45 33 59
45 35 27
45 36 11
45 37 36
45 39 41
45 40 6
45 43 49
45 44 32
45 45 50
45 46 7
45 48 29
45 49 10
45 50 17
45 51 51
45 52 34
45 53 37
45 54 4
45 55 58
45 56 20
45 57 22
45 58 23
46 1 57
46 2 3
46 3 59
46 4 54
46 6 29
46 7 42
46 8 45
46 9 53
46 10 21
46 13 27
46 14 5
46 16 41
46 17 33
46 18 22
46 19 7
46 20 32
46 21 52
46 22 19
46 24 17
46 27 23
46 28 16
46 29 18
46 30 49
46 31 55
46 32 9
46 33 31
46 34 39
46 35 24
46 38 1
46 39 10
46 41 58
46 42 46
46 43 28
46 45 43
46 46 47
46 48 20
46 49 51
46 50 48
46 51 35
46 52 44
46 55 34
46 56 25
46 57 11
46 59 2
47 0 33
47 4 50
47 6 49
47 7 44
47 8 20
47 9 59
47 12 19
47 13 26
47 14 18
47 15 37
47 16 2
47 17 28
47 18 48
47 21 24
47 23 4
47 24 53
47 25 10
47 26 27
47 27 16
47 28 17
47 29 13
47 30 51
47 31 40
47 34 43
47 36 55
47 37 7
47 38 29
47 39 39
47 40 38
47 41 11
47 42 32
47 43 21
47 46 0
47 50 41
47 52 57
47 55 9
47 56 1
47 57 58
47 58 46
47 59 5
48 0 0
48 2 5
48 3 44
48 6 14
48 7 16
48 8 8
48 10 4
48 11 54
48 12 26
48 13 55
48 14 25
48 16 29
48 17 31
48 18 23
48 20 11
48 21 20
48 22 57
48 23 28
48 24 37
48 25 47
48 26 45
48 28 12
48 31 24
48 33 33
48 34 40
48 35 22
48 36 15
48 38 51
48 39 32
48 40 49
48 41 35
48 42 48
48 43 6
48 44 42
48 46 59
48 48 34
48 49 53
48 50 13
48 52 52
48 53 36
48 54 58
48 55 18
48 57 43
48 59 39
49 2 17
49 3 49
49 8 11
49 9 58
49 11 14
49 12 15
49 13 53
49 14 20
49 15 57
49 16 27
49 17 38
49 18 26
49 20 28
49 21 48
49 22 39
49 23 33
49 25 37
49 26 12
49 29 51
49 31 30
49 32 36
49 35 43
49 37 46
49 38 19
49 40 42
49 41 47
49 42 55
49 43 56
49 46 1
49 47 2
49 48 13
49 49 45
49 50 52
49 52 32
49 53 21
49 54 5
49 55 22
49 56 41
49 58 0
49 59 6
50 0 19
50 1 58
50 2 30
50 3 38
50 4 18
50 5 55
50 6 11
50 7 17
50 8 59
50 9 51
50 10 9
50 11 10
50 13 37
50 15 53
50 16 42
50 19 6
50 20 12
50 23 39
50 24 56
50 26 32
50 27 24
50 28 35
50 31 3
50 32 5
50 33 29
50 34 48
50 35 33
50 36 2
50 37 40
50 38 25
50 40 44
50 42 41
50 43 36
50 44 54
50 48 57
50 49 28
50 50 34
50 51 47
50 52 43
50 53 46
50 55 23
50 57 45
50 58 16
50 59 13
51 0 7
51 2 45
51 3 14
51 4 19
51 5 32
51 6 57
51 7 29
51 8 5
51 9 16
51 10 25
51 11 58
51 12 53
51 14 34
51 16 47
51 17 41
51 20 52
51 21 36
51 22 38
51 23 37
51 24 33
51 27 12
51 28 9
51 29 2
51 30 20
51 32 46
51 33 10
51 35 6
51 37 11
51 39 30
51 42 54
51 43 35
51 44 43
51 45 56
51 48 40
51 49 13
51 50 51
51 52 27
51 53 8
51 54 48
51 56 49
51 57 42
52 0 17
52 1 20
52 2 52
52 3 37
52 4 2
52 6 38
52 9 25
52 11 0
52 12 1
52 13 34
52 14 41
52 15 58
52 18 36
52 19 46
52 20 31
52 22 6
52 23 49
52 24 16
52 25 30
52 26 10
52 27 18
52 28 27
52 30 59
52 31 13
52 32 45
52 33 11
52 34 23
52 35 32
52 37 14
52 38 22
52 39 56
52 40 50
52 43 42
52 44 8
52 46 12
52 47 24
52 48 55
52 52 28
52 53 9
52 54 35
52 55 29
52 56 47
52 57 40
52 58 54
52 59 15
53 0 45
53 1 16
53 2 48
53 3 12
53 4 5
53 5 49
53 7 10
53 8 30
53 10 8
53 11 29
53 12 17
53 14 9
53 17 24
53 18 4
53 19 1
53 22 34
53 23 42
53 24 6
53 25 32
53 26 37
53 27 57
53 28 59
53 29 56
53 30 27
53 31 43
53 32 53
53 35 19
53 36 22
53 37 33
53 38 39
53 39 35
53 40 58
53 41 21
53 42 28
53 43 15
53 44 20
53 45 13
53 46 54
53 47 51
53 48 50
53 49 26
53 52 25
53 53 44
53 54 38
53 55 55
53 56 36
53 57 2
53 58 52
53 59 0
54 0 52
54 1 31
54 4 33
54 5 4
54 6 0
54 8 38
54 9 5
54 10 22
54 11 36
54 13 32
54 14 12
54 15 27
54 16 55
54 17 40
54 19 13
54 20 26
54 21 47
54 22 20
54 24 11
54 25 19
54 26 9
54 27 43
54 29 23
54 30 30
54 31 1
54 35 28
54 36 17
54 37 45
54 40 21
54 41 44
54 43 41
54 44 49
54 46 6
54 47 59
54 50 8
54 51 7
54 52 35
54 55 56
54 56 15
54 57 25
54 59 3
55 1 3
55 2 46
55 3 58
55 4 12
55 6 39
55 7 37
55 8 18
55 9 27
55 10 43
55 12 56
55 13 59
55 14 16
55 16 1
55 18 49
55 21 40
55 22 28
55 23 22
55 25 25
55 27 2
55 29 57
55 30 29
55 31 34
55 32 17
55 33 41
55 35 47
55 38 44
55 39 14
55 40 31
55 41 8
55 42 20
55 43 11
55 44 36
55 45 19
55 46 45
55 47 32
55 48 53
55 50 21
55 52 38
55 54 15
55 55 42
55 56 35
55 57 23
55 58 7
55 59 9
56 0 11
56 1 45
56 4 13
56 7 54
56 8 37
56 9 7
56 11 46
56 12 9
56 14 26
56 15 23
56 17 5
56 19 29
56 20 55
56 22 43
56 23 32
56 24 1
56 25 8
56 26 33
56 28 42
56 29 6
56 30 34
56 31 36
56 34 57
56 36 53
56 37 3
56 38 27
56 39 40
56 40 25
56 42 49
56 43 58
56 45 2
56 46 20
56 47 38
56 48 19
56 49 30
56 54 51
56 55 31
56 56 24
56 57 18
56 59 12
57 0 39
57 3 53
57 6 46
57 8 54
57 9 22
57 11 35
57 12 58
57 17 13
57 18 41
57 20 47
57 21 51
57 22 2
57 23 19
57 26 17
57 28 25
57 30 14
57 31 49
57 33 42
57 34 24
57 38 37
57 39 23
57 40 33
57 41 30
57 43 32
57 45 45
57 46 16
57 47 20
57 48 10
57 53 5
57 54 8
57 56 44
57 58 31
57 59 34
58 0 18
58 1 37
58 2 25
58 3 47
58 4 28
58 5 38
58 6 3
58 8 34
58 10 53
58 11 56
58 12 4
58 13 21
58 14 39
58 15 43
58 16 6
58 17 42
58 18 55
58 19 14
58 20 16
58 21 58
58 22 31
58 24 12
58 25 2
58 26 35
58 27 52
58 28 50
58 29 9
58 30 15
58 31 22
58 34 41
58 35 36
58 38 59
58 39 11
58 41 48
58 42 33
58 43 20
58 45 1
58 46 40
58 47 0
58 48 27
58 53 19
58 54 54
58 56 5
58 57 13
58 58 26
58 59 44
59 0 2
59 1 42
59 2 40
59 3 35
59 4 45
59 5 53
59 7 8
59 9 49
59 10 5
59 12 37
59 14 22
59 15 24
59 16 4
59 17 43
59 18 25
59 20 41
59 21 21
59 22 18
59 23 47
59 24 59
59 25 57
59 27 6
59 28 3
59 29 28
59 30 46
59 31 54
59 34 16
59 38 31
59 39 34
59 40 15
59 42 50
59 43 14
59 44 10
59 45 48
59 47 7
59 48 51
59 52 17
59 53 20
59 54 39
59 56 52
59 57 26
59 58 12
59 59 32
