60
0 0 0
0 2 42
0 3 48
0 4 24
0 5 15
0 8 38
0 9 54
0 10 59
0 11 35
0 12 10
0 16 22
0 17 14
0 21 39
0 22 17
0 23 21
0 24 9
0 26 45
0 32 47
0 34 13
0 35 44
0 36 5
0 37 58
0 38 2
0 39 51
0 41 29
0 43 6
0 44 56
0 45 34
0 46 20
0 47 33
0 48 36
0 49 8
0 50 16
0 51 7
0 53 31
0 55 25
0 56 43
0 57 4
0 58 19
1 1 6
1 4 55
1 5 49
1 7 59
1 8 12
1 9 10
1 11 27
1 12 39
1 13 46
1 15 52
1 19 0
1 24 34
1 27 56
1 28 22
1 29 3
1 33 20
1 36 44
1 37 16
1 40 58
1 42 13
1 45 48
1 48 21
1 49 47
1 50 23
1 51 41
1 52 5
1 53 53
1 54 11
1 56 35
1 59 7
2 2 41
2 3 22
2 7 49
2 9 35
2 10 33
2 12 1
2 14 59
2 16 27
2 17 4
2 18 25
2 20 26
2 22 14
2 23 54
2 24 51
2 30 42
2 31 0
2 32 45
2 34 2
2 35 28
2 36 36
2 39 34
2 40 29
2 41 11
2 42 46
2 43 31
2 45 5
2 47 8
2 48 19
2 50 43
2 51 24
2 52 15
2 53 20
2 55 38
2 56 10
2 59 48
3 2 2
3 3 46
3 4 29
3 6 21
3 7 48
3 8 49
3 11 25
3 12 51
3 13 13
3 14 23
3 15 45
3 16 5
3 17 47
3 18 6
3 19 17
3 20 0
3 22 35
3 25 1
3 26 8
3 27 58
3 29 32
3 30 28
3 31 40
3 33 9
3 35 22
3 37 14
3 39 7
3 41 30
3 43 43
3 44 52
3 46 4
3 47 38
3 48 11
3 50 39
3 56 54
3 57 19
3 59 36
4 1 0
4 2 33
4 4 23
4 5 59
4 6 55
4 7 9
4 9 43
4 10 4
4 11 17
4 12 3
4 13 1
4 14 10
4 15 46
4 16 38
4 17 45
4 20 13
4 23 19
4 24 28
4 26 50
4 27 21
4 29 52
4 30 8
4 32 25
4 33 24
4 34 16
4 35 2
4 38 15
4 39 18
4 42 53
4 43 48
4 45 57
4 49 41
4 50 54
4 53 12
4 55 7
4 56 42
4 57 32
4 59 56
5 0 52
5 1 16
5 2 28
5 4 34
5 5 55
5 6 46
5 8 42
5 9 4
5 12 27
5 14 20
5 15 37
5 16 7
5 21 22
5 22 58
5 23 14
5 24 18
5 25 44
5 26 17
5 27 32
5 28 38
5 29 24
5 31 48
5 33 57
5 34 10
5 36 47
5 39 53
5 40 21
5 41 6
5 42 11
5 43 3
5 46 49
5 48 45
5 49 15
5 50 19
5 51 56
5 52 25
5 54 54
5 55 33
5 56 26
5 58 8
6 0 54
6 1 5
6 3 49
6 4 18
6 5 20
6 7 53
6 8 27
6 12 13
6 14 40
6 16 25
6 17 19
6 18 56
6 19 8
6 20 3
6 21 48
6 25 47
6 28 6
6 29 14
6 30 45
6 31 42
6 32 16
6 33 23
6 34 41
6 35 1
6 40 24
6 41 33
6 42 12
6 43 4
6 44 50
6 45 31
6 46 26
6 50 9
6 52 30
6 54 2
6 56 22
6 58 35
6 59 0
7 4 41
7 5 51
7 6 17
7 8 40
7 9 3
7 10 19
7 11 48
7 13 33
7 14 34
7 17 8
7 18 30
7 19 38
7 20 56
7 21 9
7 23 55
7 24 15
7 25 49
7 27 5
7 29 54
7 31 59
7 32 57
7 33 43
7 34 23
7 35 16
7 36 31
7 38 39
7 40 52
7 41 22
7 44 53
7 46 11
7 48 29
7 49 24
7 50 47
7 51 50
7 52 58
7 53 45
7 58 13
8 0 59
8 2 20
8 4 5
8 5 53
8 6 12
8 7 2
8 8 50
8 10 26
8 11 9
8 12 21
8 13 31
8 14 33
8 15 25
8 17 6
8 19 42
8 21 58
8 23 32
8 24 54
8 25 19
8 26 37
8 27 52
8 31 39
8 32 14
8 34 43
8 37 13
8 39 22
8 40 4
8 43 44
8 44 34
8 45 28
8 48 23
8 49 1
8 50 15
8 51 0
8 55 3
8 56 24
9 0 43
9 1 14
9 2 48
9 3 57
9 4 16
9 5 3
9 6 45
9 8 37
9 9 17
9 10 30
9 13 4
9 14 51
9 17 52
9 19 7
9 21 12
9 23 40
9 24 42
9 25 22
9 26 28
9 29 0
9 30 25
9 31 32
9 32 13
9 35 38
9 39 6
9 40 54
9 42 20
9 45 49
9 46 15
9 47 59
9 49 56
9 50 46
9 51 5
9 52 11
9 53 2
9 54 18
9 55 35
9 57 53
9 58 55
10 0 33
10 1 35
10 2 56
10 3 59
10 5 7
10 6 3
10 9 16
10 10 18
10 11 34
10 14 48
10 15 30
10 16 36
10 18 22
10 19 53
10 20 14
10 23 23
10 26 15
10 28 47
10 31 12
10 32 51
10 34 49
10 35 37
10 37 44
10 38 50
10 39 43
10 40 42
10 41 9
10 46 1
10 49 58
10 50 40
10 51 20
10 52 8
10 53 19
10 54 4
10 59 27
11 0 6
11 1 23
11 2 16
11 3 37
11 7 22
11 10 28
11 11 10
11 15 55
11 17 3
11 18 2
11 20 33
11 21 7
11 22 1
11 24 58
11 26 20
11 27 15
11 28 52
11 29 12
11 30 41
11 31 35
11 34 11
11 37 9
11 38 54
11 39 19
11 40 53
11 43 8
11 44 39
11 45 50
11 46 43
11 47 47
11 49 18
11 50 48
11 51 29
11 52 46
11 53 57
11 57 34
11 58 30
11 59 17
12 0 49
12 1 39
12 2 14
12 3 55
12 4 40
12 5 32
12 6 24
12 7 7
12 8 4
12 10 9
12 14 54
12 15 22
12 16 48
12 18 33
12 20 37
12 22 18
12 24 1
12 25 23
12 26 11
12 30 53
12 32 5
12 33 46
12 34 25
12 35 42
12 36 43
12 37 26
12 38 34
12 39 57
12 41 47
12 42 19
12 47 35
12 48 15
12 50 50
12 51 3
12 52 45
12 54 52
12 55 44
12 57 36
12 58 20
13 0 45
13 1 58
13 2 26
13 3 17
13 6 7
13 7 55
13 8 33
13 10 12
13 12 19
13 13 34
13 15 44
13 16 1
13 17 41
13 19 51
13 23 5
13 24 13
13 25 56
13 27 20
13 31 3
13 32 30
13 33 39
13 34 42
13 35 53
13 37 15
13 39 27
13 43 37
13 46 52
13 48 9
13 49 4
13 50 18
13 51 54
13 52 59
13 53 32
13 54 22
13 55 16
13 56 28
13 57 2
13 58 38
13 59 24
14 1 24
14 2 54
14 3 7
14 5 22
14 6 33
14 7 18
14 8 44
14 9 45
14 10 31
14 11 15
14 14 43
14 15 38
14 16 14
14 17 11
14 18 28
14 19 34
14 20 47
14 21 8
14 23 37
14 27 30
14 31 6
14 32 19
14 34 36
14 35 56
14 36 35
14 37 50
14 39 16
14 40 0
14 41 4
14 42 32
14 47 27
14 48 25
14 49 42
14 51 49
14 57 3
14 58 58
15 0 39
15 1 49
15 2 6
15 4 32
15 5 12
15 6 30
15 7 19
15 10 16
15 12 56
15 15 5
15 16 0
15 17 33
15 18 55
15 19 3
15 20 31
15 21 1
15 22 36
15 24 4
15 25 37
15 26 42
15 33 18
15 34 29
15 35 9
15 36 23
15 40 14
15 41 54
15 42 52
15 45 15
15 47 50
15 48 44
15 49 34
15 52 40
15 53 43
15 54 57
15 56 58
15 57 17
15 58 46
15 59 11
16 0 4
16 2 9
16 3 0
16 4 46
16 5 25
16 6 56
16 7 11
16 9 26
16 11 30
16 12 23
16 13 8
16 14 6
16 15 48
16 16 18
16 17 42
16 18 19
16 19 15
16 20 32
16 22 39
16 23 58
16 29 47
16 31 51
16 33 36
16 37 43
16 38 44
16 39 14
16 45 1
16 49 17
16 50 37
16 51 45
16 59 31
17 1 20
17 3 14
17 4 19
17 5 44
17 6 40
17 7 3
17 8 41
17 12 24
17 13 16
17 14 29
17 15 0
17 16 59
17 18 27
17 24 39
17 27 49
17 29 56
17 30 33
17 32 15
17 33 2
17 34 18
17 35 13
17 37 45
17 39 9
17 42 21
17 43 11
17 44 1
17 45 35
17 46 53
17 47 51
17 49 5
17 50 32
17 51 57
17 52 37
17 56 46
17 57 26
17 58 6
17 59 12
18 2 29
18 3 26
18 5 13
18 6 57
18 7 23
18 8 56
18 9 24
18 11 41
18 12 58
18 13 37
18 15 54
18 16 52
18 17 28
18 19 5
18 20 34
18 21 59
18 22 33
18 23 46
18 25 51
18 26 18
18 27 16
18 32 0
18 37 30
18 38 20
18 39 38
18 40 10
18 41 27
18 42 40
18 45 47
18 46 35
18 47 31
18 48 6
18 49 49
18 51 36
18 52 43
18 54 3
18 56 53
18 57 48
18 58 44
18 59 19
19 0 48
19 3 44
19 4 8
19 5 37
19 6 9
19 7 20
19 8 3
19 9 30
19 10 32
19 12 22
19 13 56
19 18 46
19 19 54
19 21 34
19 22 31
19 25 11
19 26 29
19 28 1
19 29 13
19 30 17
19 31 24
19 32 7
19 33 12
19 35 4
19 38 55
19 40 6
19 42 28
19 43 45
19 45 16
19 46 57
19 47 49
19 50 42
19 57 5
19 58 10
19 59 51
20 1 54
20 4 0
20 5 28
20 6 19
20 9 23
20 10 15
20 11 42
20 14 37
20 16 44
20 17 10
20 18 41
20 19 52
20 21 14
20 22 16
20 25 38
20 27 35
20 31 9
20 33 13
20 37 40
20 41 46
20 44 55
20 45 36
20 46 45
20 47 26
20 48 49
20 50 27
20 51 8
20 52 47
20 56 12
20 59 18
21 0 16
21 1 11
21 2 22
21 5 26
21 6 37
21 7 32
21 8 46
21 9 19
21 10 13
21 11 0
21 12 41
21 15 35
21 21 4
21 22 20
21 25 25
21 28 27
21 30 36
21 31 5
21 33 34
21 35 6
21 37 49
21 38 58
21 40 45
21 42 30
21 43 23
21 44 18
21 46 28
21 47 57
21 48 12
21 51 21
21 53 50
21 54 29
21 56 47
21 57 9
21 58 15
21 59 59
22 0 50
22 3 4
22 4 26
22 5 11
22 6 54
22 8 17
22 9 5
22 10 56
22 12 7
22 14 41
22 15 18
22 17 23
22 18 36
22 19 16
22 20 22
22 21 51
22 23 43
22 26 3
22 28 10
22 29 1
22 30 34
22 32 12
22 33 21
22 35 49
22 37 33
22 38 47
22 39 13
22 40 35
22 42 39
22 45 45
22 46 32
22 47 19
22 48 20
22 52 24
22 56 52
22 59 15
23 0 55
23 1 9
23 2 19
23 3 34
23 5 29
23 6 27
23 7 50
23 8 30
23 9 37
23 10 6
23 11 53
23 12 40
23 13 52
23 14 4
23 18 20
23 19 41
23 20 59
23 21 13
23 22 51
23 25 10
23 26 36
23 27 1
23 28 54
23 30 21
23 31 47
23 32 11
23 34 44
23 35 33
23 36 2
23 37 46
23 38 22
23 40 7
23 41 14
23 42 17
23 44 31
23 46 39
23 51 12
23 52 48
23 53 23
23 54 58
23 55 8
23 57 56
23 59 5
24 1 26
24 2 39
24 3 23
24 4 2
24 6 20
24 8 59
24 10 17
24 11 37
24 12 16
24 14 50
24 16 11
24 17 38
24 20 29
24 21 43
24 22 19
24 24 36
24 27 57
24 28 48
24 29 53
24 30 14
24 31 10
24 32 54
24 33 35
24 34 34
24 35 0
24 36 33
24 37 12
24 39 55
24 40 27
24 43 56
24 44 22
24 46 3
24 48 7
24 53 18
24 57 25
24 59 32
25 0 32
25 2 36
25 3 5
25 5 19
25 7 45
25 8 48
25 9 21
25 11 22
25 12 47
25 13 30
25 14 11
25 16 41
25 18 10
25 19 25
25 21 54
25 25 20
25 26 16
25 30 23
25 34 27
25 37 1
25 38 42
25 39 3
25 42 58
25 43 53
25 44 4
25 45 14
25 47 34
25 49 33
25 50 26
25 51 52
25 56 56
25 57 59
25 58 0
25 59 55
26 0 10
26 1 41
26 4 27
26 5 33
26 7 35
26 8 19
26 9 55
26 10 0
26 14 2
26 15 20
26 17 5
26 18 32
26 19 23
26 20 25
26 21 36
26 24 47
26 26 46
26 27 6
26 31 29
26 32 39
26 34 52
26 35 57
26 38 13
26 40 40
26 41 44
26 44 37
26 45 53
26 47 30
26 49 3
26 50 21
26 51 15
26 52 18
26 53 38
26 54 34
26 55 51
26 56 9
26 58 17
26 59 43
27 0 41
27 3 3
27 4 54
27 5 6
27 8 23
27 11 16
27 14 39
27 15 47
27 16 30
27 17 49
27 19 14
27 20 12
27 22 29
27 23 22
27 34 45
27 36 8
27 37 5
27 38 36
27 39 37
27 41 57
27 42 48
27 43 42
27 44 33
27 47 13
27 48 58
27 49 9
27 53 35
27 56 20
27 58 40
28 0 25
28 2 35
28 4 58
28 5 1
28 6 22
28 7 4
28 8 15
28 9 46
28 10 24
28 11 45
28 12 37
28 15 19
28 16 2
28 17 9
28 18 16
28 19 59
28 20 27
28 21 0
28 22 34
28 27 33
28 28 44
28 29 55
28 30 26
28 32 43
28 35 39
28 36 12
28 37 41
28 38 10
28 39 56
28 40 50
28 42 8
28 43 13
28 44 3
28 45 32
28 46 31
28 48 57
28 49 28
28 51 42
28 55 47
28 56 17
28 57 11
28 58 29
28 59 14
29 0 34
29 1 32
29 2 50
29 7 36
29 11 40
29 16 20
29 17 53
29 20 4
29 21 18
29 23 9
29 26 27
29 27 8
29 28 59
29 29 48
29 30 49
29 31 56
29 32 44
29 33 41
29 38 7
29 39 15
29 43 5
29 45 2
29 46 46
29 47 29
29 51 22
29 52 10
29 53 11
29 54 37
29 55 13
29 56 39
29 57 54
29 59 57
30 0 36
30 1 8
30 4 39
30 5 2
30 8 51
30 10 46
30 11 49
30 15 9
30 16 40
30 17 48
30 18 53
30 19 35
30 20 6
30 25 33
30 26 47
30 30 44
30 31 14
30 33 19
30 35 10
30 37 20
30 41 23
30 44 59
30 45 25
30 46 0
30 48 17
30 49 7
30 51 18
30 52 22
30 56 37
30 58 12
30 59 26
31 2 27
31 3 52
31 5 39
31 9 57
31 11 36
31 12 31
31 15 8
31 17 54
31 21 45
31 23 41
31 24 29
31 26 19
31 27 47
31 28 51
31 29 26
31 30 5
31 33 4
31 35 12
31 36 18
31 38 30
31 39 59
31 40 20
31 42 44
31 43 24
31 44 58
31 46 17
31 48 50
31 50 35
31 51 33
31 52 23
31 53 49
31 54 14
31 55 0
31 58 42
31 59 3
32 0 15
32 1 57
32 3 19
32 4 49
32 5 56
32 6 4
32 7 8
32 8 14
32 11 23
32 12 18
32 13 47
32 14 28
32 16 53
32 17 59
32 18 54
32 20 30
32 21 38
32 24 44
32 25 5
32 26 24
32 27 48
32 28 45
32 29 27
32 33 55
32 34 7
32 36 0
32 38 29
32 40 33
32 41 37
32 43 20
32 44 42
32 45 43
32 47 22
32 49 52
32 51 1
32 54 36
32 56 2
32 57 21
32 58 31
33 3 15
33 7 57
33 8 2
33 10 10
33 14 16
33 16 54
33 17 51
33 21 55
33 23 29
33 24 37
33 25 28
33 26 58
33 27 23
33 28 12
33 29 41
33 30 38
33 31 7
33 33 30
33 35 19
33 37 17
33 38 53
33 39 32
33 42 42
33 43 22
33 47 6
33 48 46
33 50 3
33 51 4
33 52 52
33 53 24
33 54 1
33 56 14
33 58 39
34 1 36
34 2 21
34 3 18
34 6 23
34 7 5
34 8 31
34 9 33
34 12 44
34 13 58
34 14 22
34 18 38
34 21 17
34 23 1
34 25 59
34 32 42
34 33 7
34 37 3
34 39 12
34 45 56
34 49 0
34 50 55
34 52 14
34 53 26
34 54 53
34 57 6
35 0 24
35 1 19
35 3 11
35 5 43
35 6 38
35 10 54
35 11 57
35 13 3
35 15 21
35 16 42
35 18 15
35 19 37
35 20 48
35 21 53
35 22 7
35 24 32
35 27 41
35 28 35
35 29 44
35 30 47
35 33 0
35 38 28
35 39 39
35 42 31
35 43 26
35 46 23
35 50 25
35 51 16
35 52 17
35 54 56
35 56 40
35 57 29
35 58 2
35 59 49
36 2 55
36 3 10
36 4 45
36 6 48
36 8 18
36 10 34
36 11 12
36 12 20
36 13 57
36 14 21
36 16 16
36 17 1
36 18 0
36 19 30
36 21 23
36 24 40
36 25 36
36 26 31
36 27 54
36 28 33
36 30 19
36 31 22
36 33 6
36 35 7
36 36 50
36 37 42
36 38 24
36 45 37
36 47 5
36 51 11
36 52 51
36 53 17
36 55 32
36 56 44
36 57 39
36 59 41
37 0 42
37 1 22
37 2 23
37 5 18
37 6 10
37 7 16
37 11 21
37 12 4
37 14 13
37 15 1
37 17 15
37 20 39
37 23 56
37 24 31
37 25 58
37 27 7
37 28 5
37 29 45
37 30 29
37 31 43
37 32 52
37 33 8
37 34 30
37 35 46
37 37 6
37 38 14
37 39 33
37 40 32
37 42 49
37 44 0
37 45 3
37 47 2
37 48 34
37 51 26
37 52 19
37 53 55
37 57 20
38 2 12
38 3 58
38 4 30
38 8 32
38 10 48
38 11 19
38 13 50
38 15 2
38 16 26
38 17 44
38 18 8
38 19 20
38 20 55
38 22 41
38 23 24
38 24 25
38 25 7
38 28 53
38 29 23
38 30 22
38 31 21
38 32 40
38 35 14
38 36 6
38 37 10
38 38 27
38 39 46
38 40 51
38 43 52
38 44 17
38 45 4
38 46 18
38 51 28
38 52 36
38 55 15
38 57 45
38 58 11
39 2 37
39 3 12
39 4 7
39 6 32
39 10 22
39 11 56
39 12 54
39 13 25
39 14 14
39 15 49
39 17 24
39 21 11
39 22 3
39 24 5
39 25 2
39 30 59
39 33 44
39 35 23
39 37 27
39 38 43
39 40 17
39 41 35
39 43 38
39 44 13
39 46 48
39 47 1
39 50 4
39 52 42
39 53 28
39 54 15
39 55 58
39 56 0
39 58 18
40 0 27
40 1 15
40 2 17
40 3 56
40 5 41
40 6 18
40 8 47
40 9 1
40 10 44
40 12 30
40 13 43
40 14 46
40 15 33
40 16 49
40 17 2
40 19 45
40 20 5
40 21 6
40 22 25
40 23 42
40 24 53
40 25 24
40 27 36
40 29 22
40 31 52
40 32 4
40 33 38
40 34 0
40 36 59
40 37 57
40 38 48
40 40 34
40 43 51
40 44 20
40 45 21
40 46 55
40 48 14
40 51 32
40 52 28
40 53 3
40 55 23
40 58 16
41 0 23
41 2 49
41 6 5
41 8 13
41 10 38
41 13 42
41 15 6
41 16 47
41 18 31
41 19 39
41 20 44
41 22 24
41 23 57
41 24 22
41 25 3
41 26 7
41 28 58
41 30 4
41 31 15
41 33 10
41 34 51
41 38 26
41 40 2
41 42 45
41 43 12
41 44 11
41 45 33
41 47 53
41 49 46
41 50 0
41 51 59
41 52 50
41 53 14
41 54 32
41 55 19
41 57 8
41 58 36
41 59 40
42 2 40
42 3 38
42 5 23
42 6 53
42 7 42
42 8 54
42 9 14
42 15 11
42 16 34
42 20 19
42 21 3
42 23 49
42 24 35
42 25 32
42 27 0
42 29 15
42 30 31
42 31 46
42 32 26
42 33 25
42 34 33
42 35 59
42 36 41
42 39 30
42 40 12
42 41 56
42 42 27
42 44 16
42 47 52
42 49 10
42 51 9
42 53 48
42 55 6
42 56 1
42 57 43
42 58 5
43 2 0
43 3 54
43 6 51
43 8 8
43 9 22
43 10 52
43 12 25
43 14 19
43 15 13
43 16 15
43 17 36
43 18 4
43 19 29
43 20 38
43 22 56
43 25 12
43 26 6
43 27 44
43 28 26
43 30 35
43 31 45
43 33 11
43 34 46
43 35 17
43 36 49
43 38 9
43 39 2
43 41 39
43 44 24
43 45 18
43 47 58
43 48 43
43 49 14
43 50 41
43 51 48
43 52 34
43 53 1
43 54 21
43 55 40
43 57 16
43 59 30
44 0 38
44 1 25
44 2 47
44 4 51
44 5 36
44 6 59
44 7 29
44 8 53
44 11 14
44 14 45
44 16 8
44 18 26
44 22 49
44 23 35
44 25 4
44 26 30
44 29 46
44 30 15
44 32 24
44 34 48
44 35 31
44 37 2
44 38 6
44 39 11
44 41 1
44 42 34
44 43 18
44 44 5
44 45 10
44 47 42
44 48 40
44 49 57
44 51 37
44 53 16
44 56 3
44 58 21
44 59 23
45 0 26
45 6 2
45 7 51
45 9 27
45 10 45
45 11 54
45 13 15
45 14 1
45 15 57
45 16 19
45 17 32
45 18 7
45 21 52
45 24 24
45 25 42
45 28 29
45 29 35
45 30 13
45 31 55
45 32 56
45 33 22
45 35 58
45 38 25
45 39 8
45 40 47
45 41 53
45 42 16
45 43 30
45 44 21
45 45 17
45 46 50
45 49 31
45 50 20
45 51 44
45 52 41
45 53 6
45 54 33
45 55 39
45 56 5
45 57 37
45 58 48
46 1 33
46 2 4
46 3 13
46 5 45
46 6 14
46 7 40
46 8 24
46 9 49
46 10 41
46 11 18
46 17 25
46 18 43
46 19 26
46 20 46
46 22 59
46 23 12
46 24 20
46 27 37
46 28 3
46 30 50
46 31 36
46 33 16
46 34 5
46 36 51
46 37 39
46 38 8
46 39 48
46 40 22
46 41 52
46 42 35
46 43 2
46 44 44
46 45 6
46 46 9
46 47 28
46 50 10
46 51 23
46 52 55
46 53 30
46 55 56
47 2 53
47 4 33
47 5 57
47 6 43
47 8 21
47 9 2
47 11 24
47 13 7
47 16 45
47 17 13
47 19 9
47 22 50
47 23 18
47 26 10
47 28 36
47 29 34
47 30 20
47 31 16
47 33 40
47 34 12
47 36 19
47 37 52
47 38 46
47 40 39
47 42 5
47 45 30
47 46 6
47 49 29
47 50 28
47 51 25
47 53 56
47 54 38
47 55 14
47 57 23
48 0 29
48 3 31
48 4 36
48 5 21
48 7 38
48 12 33
48 13 40
48 14 32
48 16 58
48 17 7
48 18 42
48 21 44
48 22 13
48 24 30
48 30 18
48 31 26
48 34 54
48 38 35
48 39 49
48 40 37
48 41 50
48 42 25
48 45 9
48 46 47
48 47 0
48 53 34
48 55 41
48 56 57
48 57 10
48 58 22
49 2 46
49 3 39
49 6 44
49 8 16
49 13 59
49 14 3
49 16 51
49 17 43
49 18 12
49 21 19
49 22 54
49 25 29
49 27 9
49 31 17
49 32 18
49 36 21
49 41 31
49 43 14
49 45 58
49 46 41
49 47 24
49 48 42
49 51 40
49 52 0
49 53 22
49 54 20
49 56 34
49 58 26
49 59 33
50 0 18
50 1 12
50 2 11
50 3 25
50 5 5
50 6 47
50 8 34
50 9 38
50 10 58
50 11 26
50 14 56
50 15 40
50 16 46
50 17 22
50 18 21
50 19 55
50 21 2
50 22 8
50 24 59
50 25 52
50 26 43
50 27 13
50 30 37
50 32 36
50 33 50
50 34 39
50 35 51
50 42 14
50 43 19
50 45 41
50 46 30
50 49 6
50 50 33
50 52 53
50 55 57
50 57 44
50 58 27
50 59 29
51 0 37
51 5 35
51 8 22
51 9 34
51 10 49
51 12 53
51 13 18
51 14 17
51 15 10
51 17 57
51 18 52
51 21 50
51 22 5
51 23 36
51 24 6
51 26 14
51 27 42
51 30 27
51 31 41
51 33 3
51 34 26
51 36 40
51 39 29
51 41 20
51 42 9
51 43 25
51 44 54
51 45 0
51 47 55
51 48 59
51 49 12
51 50 30
51 51 38
51 52 44
51 53 33
51 54 8
51 55 11
51 56 45
52 0 28
52 5 27
52 6 39
52 8 9
52 10 2
52 11 31
52 12 12
52 13 11
52 16 43
52 18 44
52 19 36
52 21 25
52 22 4
52 23 7
52 29 20
52 31 54
52 32 17
52 33 58
52 34 14
52 35 29
52 37 51
52 38 37
52 39 1
52 40 48
52 41 26
52 42 22
52 43 47
52 44 46
52 45 23
52 46 33
52 49 32
52 50 6
52 51 19
52 52 35
52 54 30
52 55 49
52 57 42
53 2 32
53 3 8
53 4 11
53 5 52
53 6 58
53 7 17
53 12 48
53 13 6
53 15 59
53 16 23
53 17 27
53 18 9
53 22 44
53 24 16
53 26 34
53 27 29
53 28 14
53 29 2
53 30 55
53 34 4
53 37 56
53 38 18
53 40 15
53 45 22
53 46 54
53 47 10
53 48 30
53 50 57
53 52 1
53 55 24
53 56 19
53 57 49
54 2 13
54 3 53
54 4 14
54 6 11
54 10 57
54 12 46
54 15 50
54 16 9
54 17 16
54 23 20
54 24 27
54 26 55
54 28 37
54 29 43
54 31 25
54 32 48
54 33 29
54 34 17
54 35 18
54 36 1
54 37 35
54 39 26
54 40 41
54 43 54
54 47 45
54 50 52
54 51 6
54 52 38
54 53 51
54 54 44
54 55 21
54 58 32
55 1 50
55 3 27
55 5 54
55 8 29
55 9 53
55 11 39
55 12 9
55 13 24
55 14 31
55 16 12
55 17 26
55 18 1
55 19 56
55 21 28
55 22 42
55 24 49
55 25 57
55 26 33
55 27 19
55 31 37
55 32 58
55 33 59
55 34 22
55 37 21
55 39 40
55 40 23
55 41 45
55 42 18
55 43 36
55 45 20
55 46 25
55 47 11
55 48 41
55 49 2
55 53 5
55 54 46
55 56 38
55 57 51
55 59 13
56 1 34
56 2 43
56 3 2
56 4 37
56 6 29
56 7 56
56 8 39
56 12 36
56 14 35
56 15 24
56 17 20
56 18 57
56 19 12
56 20 50
56 23 44
56 25 16
56 26 52
56 28 41
56 30 1
56 35 40
56 37 48
56 38 17
56 39 47
56 43 32
56 44 28
56 45 54
56 46 58
56 48 0
56 50 31
56 51 13
56 52 49
56 56 33
56 58 25
57 0 58
57 2 44
57 3 33
57 4 35
57 5 47
57 7 24
57 11 59
57 16 28
57 20 54
57 22 37
57 24 8
57 25 14
57 26 32
57 28 43
57 31 27
57 32 50
57 34 20
57 35 55
57 36 13
57 37 31
57 38 38
57 41 7
57 42 41
57 44 2
57 45 19
57 47 40
57 49 11
57 50 36
57 51 53
57 52 56
57 54 9
57 57 52
57 58 57
58 4 22
58 5 40
58 8 26
58 9 12
58 11 38
58 12 55
58 13 17
58 14 44
58 15 53
58 17 46
58 18 13
58 19 18
58 21 49
58 23 48
58 24 19
58 25 50
58 28 25
58 29 51
58 30 10
58 32 34
58 33 52
58 35 54
58 36 57
58 41 5
58 42 56
58 43 41
58 44 27
58 46 8
58 48 3
58 49 43
58 50 7
58 52 9
58 53 58
58 54 6
58 55 1
58 57 35
58 58 45
58 59 37
59 0 12
59 2 30
59 3 6
59 5 42
59 6 28
59 7 21
59 8 5
59 9 29
59 11 4
59 12 11
59 13 55
59 14 0
59 15 7
59 16 37
59 17 34
59 18 48
59 20 35
59 21 10
59 24 26
59 25 53
59 26 56
59 28 8
59 29 36
59 30 52
59 32 1
59 33 14
59 34 31
59 37 47
59 38 19
59 40 49
59 41 15
59 44 45
59 45 46
59 49 54
59 50 17
59 52 16
59 53 44
59 55 9
59 59 2
