60
0 0 2
0 1 0
0 7 20
0 10 38
0 15 57
0 16 54
0 17 32
0 19 13
0 20 4
0 22 21
0 24 41
0 25 48
0 27 19
0 30 9
0 32 50
0 33 11
0 37 1
0 39 35
0 40 36
0 41 51
0 46 56
0 49 30
0 50 6
0 51 16
0 54 55
0 56 29
0 59 39
1 0 17
1 1 6
1 2 2
1 3 12
1 4 0
1 6 34
1 8 19
1 9 43
1 11 55
1 13 24
1 14 56
1 15 32
1 17 44
1 20 59
1 24 30
1 25 38
1 27 53
1 28 57
1 33 42
1 34 52
1 35 54
1 37 3
1 38 51
1 39 14
1 42 58
1 45 29
1 46 23
1 47 7
1 49 28
1 54 45
1 56 22
1 58 21
1 59 8
2 0 32
2 1 17
2 2 55
2 4 6
2 5 19
2 9 9
2 10 56
2 12 34
2 15 39
2 16 36
2 19 37
2 21 22
2 22 57
2 24 11
2 26 30
2 27 51
2 28 24
2 29 29
2 31 8
2 34 28
2 35 10
2 36 38
2 37 42
2 40 44
2 42 48
2 44 2
2 47 27
2 48 15
2 50 49
2 52 50
2 56 14
2 57 53
2 58 13
3 1 10
3 5 55
3 6 46
3 8 17
3 9 58
3 10 21
3 12 39
3 15 13
3 16 33
3 20 45
3 22 32
3 23 14
3 25 9
3 26 12
3 30 2
3 31 7
3 34 15
3 36 0
3 37 28
3 41 36
3 47 48
3 49 37
3 50 29
3 51 25
3 53 40
3 55 59
3 56 50
3 58 30
3 59 24
4 1 15
4 3 30
4 4 38
4 6 35
4 12 12
4 20 56
4 23 18
4 24 50
4 25 20
4 26 23
4 27 25
4 28 27
4 29 21
4 31 32
4 33 44
4 34 11
4 35 51
4 39 26
4 42 47
4 44 3
4 49 17
4 51 36
4 53 49
4 56 2
4 59 34
5 1 36
5 2 46
5 4 2
5 8 53
5 9 23
5 10 18
5 11 17
5 13 31
5 15 16
5 16 9
5 17 19
5 19 33
5 20 47
5 22 10
5 23 56
5 24 5
5 25 4
5 26 49
5 27 48
5 31 29
5 32 0
5 33 22
5 35 3
5 42 59
5 43 24
5 44 25
5 45 44
5 46 37
5 47 42
5 49 43
5 50 32
5 51 39
5 52 20
5 53 11
5 55 21
5 58 26
6 1 48
6 7 18
6 8 32
6 9 21
6 10 45
6 11 15
6 12 29
6 19 51
6 22 50
6 24 1
6 25 13
6 30 41
6 31 52
6 32 46
6 35 9
6 39 16
6 41 37
6 42 24
6 44 54
6 46 25
6 49 55
6 50 56
6 51 42
6 52 4
6 53 59
6 55 8
6 56 33
6 59 11
7 1 2
7 2 33
7 7 58
7 8 8
7 10 11
7 11 13
7 12 37
7 14 7
7 16 51
7 17 6
7 22 20
7 23 44
7 24 23
7 25 35
7 27 43
7 28 30
7 30 17
7 31 10
7 32 25
7 35 16
7 39 29
7 43 42
7 45 1
7 46 12
7 47 19
7 48 52
7 49 46
7 50 54
7 52 21
7 54 27
7 55 9
7 57 32
7 58 3
8 0 52
8 2 41
8 3 35
8 7 37
8 10 46
8 12 13
8 14 45
8 16 0
8 17 29
8 19 58
8 20 25
8 22 39
8 23 43
8 24 31
8 26 20
8 27 22
8 28 7
8 30 55
8 31 27
8 32 36
8 33 30
8 35 38
8 36 34
8 38 44
8 41 10
8 43 54
8 46 8
8 47 2
8 48 19
8 50 47
8 52 3
9 3 8
9 4 20
9 7 7
9 8 11
9 10 22
9 13 44
9 14 10
9 15 29
9 16 43
9 19 52
9 20 33
9 23 45
9 24 56
9 26 35
9 28 53
9 29 49
9 30 57
9 32 19
9 33 27
9 34 59
9 35 18
9 36 48
9 37 26
9 39 21
9 40 25
9 41 41
9 44 46
9 45 23
9 46 28
9 47 9
9 49 1
9 51 13
9 52 5
9 53 2
9 54 14
9 55 47
9 56 16
9 58 36
9 59 30
10 1 34
10 4 49
10 6 9
10 7 52
10 8 28
10 11 40
10 12 51
10 15 46
10 16 45
10 18 43
10 19 30
10 20 36
10 22 29
10 23 42
10 26 57
10 28 13
10 30 24
10 31 59
10 33 6
10 35 31
10 36 53
10 37 19
10 40 50
10 41 48
10 42 17
10 43 23
10 44 7
10 47 14
10 50 18
10 55 0
10 56 8
10 58 27
10 59 1
11 3 22
11 5 30
11 9 56
11 11 28
11 12 20
11 14 15
11 15 35
11 16 24
11 19 21
11 23 46
11 24 51
11 25 32
11 28 55
11 29 1
11 32 37
11 33 9
11 35 17
11 38 13
11 39 10
11 41 31
11 42 52
11 43 6
11 45 47
11 48 49
11 49 59
11 53 53
11 54 16
11 59 19
12 5 43
12 9 47
12 12 27
12 13 42
12 14 4
12 15 2
12 16 23
12 17 0
12 19 56
12 20 5
12 23 37
12 24 40
12 25 34
12 27 10
12 29 33
12 30 16
12 31 19
12 32 32
12 33 8
12 35 45
12 36 59
12 38 14
12 41 26
12 43 12
12 45 24
12 46 6
12 47 51
12 48 11
12 49 54
12 52 57
12 54 7
12 55 35
12 56 36
12 57 39
12 58 17
12 59 28
13 3 5
13 4 44
13 7 42
13 8 58
13 9 28
13 10 54
13 12 4
13 14 34
13 15 20
13 17 43
13 18 30
13 19 22
13 20 26
13 22 8
13 23 32
13 25 33
13 26 6
13 27 31
13 28 59
13 29 47
13 30 18
13 31 21
13 34 48
13 36 35
13 38 39
13 40 55
13 42 2
13 49 40
13 51 3
13 55 56
13 57 24
13 58 46
13 59 17
14 3 37
14 8 22
14 9 27
14 12 16
14 22 34
14 24 44
14 28 2
14 29 14
14 30 11
14 34 41
14 41 1
14 43 55
14 45 38
14 46 24
14 47 0
14 53 52
14 54 59
14 58 43
15 1 27
15 3 24
15 5 9
15 7 15
15 9 52
15 10 59
15 11 41
15 12 6
15 14 26
15 16 46
15 18 22
15 19 31
15 21 30
15 23 29
15 25 42
15 27 28
15 28 39
15 33 34
15 34 8
15 35 58
15 36 23
15 37 35
15 41 12
15 43 40
15 46 57
15 47 4
15 48 21
15 49 16
15 50 33
15 51 14
15 53 38
15 54 11
15 55 44
15 56 5
15 57 0
15 58 50
16 1 57
16 4 54
16 10 5
16 11 16
16 15 50
16 17 45
16 19 40
16 20 3
16 21 6
16 22 53
16 23 51
16 26 19
16 28 35
16 29 58
16 31 39
16 32 38
16 34 13
16 36 56
16 41 11
16 48 36
16 52 26
16 54 46
16 55 41
16 56 28
16 57 12
16 58 32
16 59 27
17 1 58
17 5 20
17 7 5
17 9 29
17 14 28
17 17 3
17 24 47
17 25 56
17 27 16
17 28 23
17 31 30
17 32 26
17 33 37
17 35 0
17 36 1
17 37 27
17 39 44
17 42 41
17 44 22
17 46 40
17 48 38
17 51 35
17 52 6
17 54 13
17 55 7
17 58 18
17 59 9
18 0 41
18 1 14
18 2 43
18 3 21
18 8 37
18 9 26
18 10 0
18 11 7
18 12 40
18 13 29
18 15 6
18 16 59
18 19 28
18 22 45
18 24 46
18 26 42
18 28 32
18 31 51
18 33 2
18 35 13
18 39 34
18 41 27
18 44 15
18 45 18
18 47 55
18 48 3
18 50 38
18 51 48
18 52 56
18 53 24
18 54 12
18 56 9
18 58 39
19 3 20
19 5 32
19 7 13
19 9 34
19 10 16
19 11 2
19 12 23
19 16 1
19 18 11
19 23 53
19 25 44
19 29 27
19 30 36
19 31 26
19 32 52
19 33 25
19 34 18
19 35 39
19 37 41
19 38 40
19 39 56
19 41 7
19 42 46
19 43 17
19 45 33
19 49 15
19 52 55
19 53 35
19 56 0
19 59 58
20 0 15
20 2 59
20 3 34
20 4 52
20 5 49
20 7 40
20 10 39
20 11 46
20 12 54
20 13 56
20 14 57
20 16 53
20 17 24
20 21 45
20 23 20
20 26 18
20 27 32
20 28 11
20 30 48
20 31 38
20 33 58
20 34 23
20 35 12
20 36 51
20 37 25
20 38 47
20 42 16
20 43 21
20 44 36
20 46 42
20 47 13
20 49 50
20 54 0
20 58 29
21 2 4
21 3 52
21 4 19
21 7 53
21 8 38
21 9 46
21 12 49
21 14 44
21 15 18
21 18 32
21 19 23
21 25 14
21 26 21
21 29 11
21 31 9
21 32 42
21 34 16
21 37 0
21 38 6
21 39 40
21 41 56
21 44 41
21 47 30
21 50 20
21 54 28
21 55 10
21 56 35
21 57 17
21 59 5
22 0 13
22 1 28
22 7 10
22 10 30
22 11 14
22 13 15
22 14 22
22 15 3
22 17 9
22 18 59
22 19 25
22 21 46
22 22 17
22 23 39
22 27 55
22 28 21
22 29 56
22 31 16
22 32 43
22 46 31
22 49 6
22 51 53
22 52 18
22 59 42
23 1 40
23 2 26
23 3 10
23 6 29
23 9 18
23 10 50
23 14 47
23 15 17
23 16 25
23 19 54
23 20 46
23 22 27
23 26 31
23 29 4
23 32 33
23 33 57
23 35 5
23 37 24
23 42 23
23 43 7
23 47 3
23 48 56
23 50 44
23 51 37
23 53 34
23 55 43
23 57 15
24 3 33
24 5 29
24 7 46
24 8 44
24 11 21
24 17 22
24 19 59
24 23 58
24 25 50
24 26 10
24 28 18
24 29 54
24 30 23
24 31 1
24 32 56
24 34 5
24 35 37
24 39 20
24 43 27
24 45 48
24 47 53
24 48 41
24 49 7
24 52 13
24 53 39
24 54 31
24 56 4
24 58 12
25 0 50
25 2 32
25 3 18
25 7 16
25 11 0
25 12 57
25 16 42
25 17 20
25 18 7
25 20 34
25 22 11
25 24 29
25 26 24
25 27 58
25 31 43
25 32 35
25 36 25
25 44 19
25 46 44
25 50 26
25 51 49
25 53 5
25 54 56
25 55 45
25 57 48
25 59 46
26 0 30
26 1 43
26 2 23
26 3 44
26 4 56
26 5 50
26 11 22
26 13 47
26 14 11
26 15 15
26 18 0
26 19 34
26 21 29
26 25 36
26 27 45
26 28 49
26 29 59
26 30 6
26 32 16
26 33 55
26 34 21
26 35 4
26 38 9
26 40 1
26 53 46
26 57 35
26 59 14
27 0 47
27 2 7
27 3 28
27 4 58
27 5 11
27 7 49
27 9 44
27 11 35
27 13 45
27 15 59
27 16 13
27 18 48
27 19 12
27 20 20
27 22 23
27 23 34
27 24 26
27 27 1
27 28 38
27 29 37
27 30 15
27 34 4
27 35 43
27 36 5
27 42 6
27 43 2
27 44 39
27 47 10
27 49 57
27 50 25
27 55 14
27 59 29
28 3 56
28 4 25
28 5 23
28 6 11
28 8 9
28 9 19
28 11 5
28 12 28
28 13 40
28 15 51
28 16 44
28 17 57
28 23 21
28 25 2
28 27 39
28 29 36
28 30 33
28 31 13
28 35 35
28 36 24
28 37 18
28 38 37
28 41 0
28 43 26
28 44 48
28 45 49
28 47 1
28 49 34
28 51 59
28 53 12
28 54 10
28 56 53
28 57 14
29 0 49
29 2 47
29 3 23
29 4 33
29 9 38
29 10 48
29 12 50
29 14 40
29 18 20
29 23 15
29 25 27
29 30 52
29 31 25
29 34 42
29 35 41
29 36 30
29 38 1
29 42 5
29 43 13
29 44 55
29 45 51
29 46 59
29 50 16
29 51 29
29 54 21
29 56 54
29 57 26
30 3 50
30 8 21
30 11 27
30 14 35
30 16 41
30 18 10
30 19 14
30 22 49
30 25 37
30 26 47
30 27 2
30 30 56
30 31 34
30 32 57
30 35 19
30 37 9
30 45 53
30 47 44
30 48 32
30 53 28
30 54 15
30 55 3
31 0 39
31 3 15
31 4 57
31 9 36
31 10 19
31 11 56
31 12 8
31 13 55
31 14 23
31 15 53
31 20 21
31 24 16
31 25 5
31 26 13
31 28 20
31 30 44
31 32 45
31 33 14
31 34 32
31 36 22
31 38 28
31 40 42
31 41 59
31 42 18
31 43 35
31 45 11
31 47 34
31 49 26
31 51 38
31 54 6
31 55 27
31 56 24
31 58 2
32 0 44
32 1 13
32 4 27
32 6 49
32 10 37
32 16 2
32 20 52
32 21 18
32 23 31
32 25 7
32 27 40
32 30 45
32 31 42
32 34 9
32 35 32
32 37 51
32 38 34
32 41 57
32 44 43
32 45 36
32 47 5
32 52 58
32 53 4
32 54 20
32 55 19
32 56 30
32 57 3
32 58 33
32 59 26
33 1 49
33 2 14
33 3 46
33 6 26
33 9 39
33 10 51
33 11 19
33 13 4
33 14 37
33 15 11
33 16 12
33 17 56
33 20 32
33 24 15
33 27 8
33 28 34
33 29 35
33 31 20
33 32 10
33 33 21
33 35 57
33 36 54
33 37 53
33 38 3
33 39 45
33 41 50
33 43 44
33 49 48
33 50 13
33 51 23
33 52 40
33 54 24
33 57 59
34 1 23
34 2 21
34 3 32
34 6 14
34 8 0
34 13 46
34 14 53
34 15 25
34 16 6
34 17 58
34 18 40
34 21 54
34 23 49
34 28 50
34 29 52
34 30 26
34 31 48
34 35 11
34 38 30
34 40 33
34 42 39
34 47 29
34 48 42
34 51 19
34 52 38
34 53 22
34 54 44
34 58 34
34 59 36
35 0 26
35 1 11
35 2 49
35 4 18
35 5 24
35 6 10
35 8 41
35 9 42
35 10 1
35 11 29
35 13 37
35 16 22
35 17 34
35 20 9
35 23 40
35 24 43
35 29 38
35 40 32
35 43 30
35 45 46
35 47 21
35 50 57
35 51 52
35 52 35
35 59 51
36 0 4
36 5 58
36 6 44
36 9 13
36 11 54
36 12 38
36 14 50
36 15 41
36 16 56
36 18 36
36 21 5
36 22 19
36 23 26
36 24 42
36 29 24
36 30 31
36 32 18
36 34 7
36 36 20
36 38 12
36 40 52
36 46 48
36 52 34
36 54 37
36 59 2
37 0 35
37 2 57
37 3 26
37 4 45
37 5 39
37 7 27
37 8 14
37 9 22
37 11 43
37 13 12
37 14 9
37 15 30
37 16 31
37 17 50
37 20 11
37 22 13
37 23 16
37 24 2
37 25 3
37 26 15
37 27 17
37 28 37
37 34 44
37 35 28
37 36 46
37 39 59
37 41 23
37 43 5
37 46 18
37 52 36
37 54 52
37 55 51
37 56 32
37 59 4
38 0 34
38 2 12
38 4 1
38 5 59
38 6 28
38 11 57
38 12 31
38 13 13
38 18 41
38 20 29
38 21 3
38 22 16
38 23 6
38 25 24
38 29 32
38 37 11
38 39 48
38 43 20
38 44 17
38 46 7
38 47 54
38 49 27
38 50 22
38 51 21
38 52 49
39 2 20
39 3 13
39 4 37
39 5 45
39 6 31
39 7 51
39 12 42
39 16 58
39 17 23
39 18 26
39 20 27
39 21 35
39 24 6
39 28 19
39 29 50
39 31 57
39 33 39
39 34 38
39 35 1
39 36 44
39 38 5
39 39 11
39 40 24
39 42 3
39 44 8
39 45 30
39 46 22
39 49 52
39 51 56
39 52 28
39 56 10
39 59 40
40 1 8
40 2 22
40 5 7
40 9 5
40 10 17
40 13 27
40 16 4
40 17 33
40 22 42
40 23 10
40 27 57
40 28 48
40 30 21
40 33 46
40 35 15
40 37 47
40 39 2
40 40 23
40 41 25
40 49 39
40 51 18
40 53 20
40 55 38
40 56 52
40 57 54
40 58 51
40 59 50
41 0 40
41 1 42
41 2 27
41 4 8
41 5 22
41 7 6
41 8 57
41 10 36
41 13 50
41 14 19
41 15 23
41 16 14
41 21 52
41 22 2
41 23 4
41 24 3
41 27 9
41 29 44
41 30 59
41 31 46
41 34 56
41 35 26
41 36 47
41 38 0
41 39 38
41 41 58
41 46 55
41 47 15
41 51 30
41 56 31
41 57 7
42 1 16
42 2 19
42 3 2
42 4 59
42 5 54
42 7 3
42 9 20
42 10 57
42 12 52
42 13 33
42 15 21
42 16 32
42 17 26
42 18 44
42 23 48
42 24 45
42 27 50
42 30 40
42 36 13
42 37 55
42 38 35
42 39 30
42 40 41
42 41 29
42 43 47
42 46 10
42 47 46
42 55 49
42 56 7
43 3 54
43 5 52
43 7 0
43 8 5
43 9 32
43 10 14
43 13 19
43 14 13
43 17 28
43 18 50
43 19 11
43 20 57
43 21 1
43 22 9
43 27 35
43 28 29
43 29 31
43 30 42
43 34 6
43 39 49
43 40 2
43 42 55
43 43 58
43 44 12
43 45 56
43 52 41
43 56 45
43 57 47
43 58 25
44 1 56
44 3 0
44 4 30
44 5 46
44 8 40
44 9 11
44 11 47
44 14 27
44 16 20
44 20 18
44 21 43
44 23 19
44 24 7
44 26 41
44 28 36
44 30 13
44 31 44
44 32 34
44 36 6
44 37 50
44 39 51
44 41 22
44 42 29
44 43 3
44 46 14
44 50 17
44 51 45
44 52 24
44 57 10
44 58 58
45 0 5
45 5 4
45 6 48
45 7 56
45 9 45
45 10 23
45 13 35
45 14 42
45 15 8
45 16 18
45 18 27
45 20 16
45 21 31
45 23 9
45 26 11
45 28 1
45 29 15
45 30 7
45 31 36
45 32 17
45 33 19
45 34 25
45 37 39
45 38 2
45 39 22
45 40 40
45 41 49
45 43 0
45 46 53
45 49 47
45 53 29
45 54 30
45 55 52
45 58 38
45 59 12
46 0 53
46 2 42
46 3 3
46 4 10
46 5 8
46 7 30
46 12 44
46 13 14
46 14 25
46 16 21
46 19 32
46 22 31
46 25 57
46 28 33
46 29 26
46 31 49
46 33 52
46 35 29
46 36 36
46 37 43
46 38 16
46 39 7
46 41 19
46 43 4
46 44 38
46 45 0
46 47 56
46 48 47
46 51 51
46 52 1
46 55 28
46 58 6
46 59 18
47 1 59
47 3 51
47 4 46
47 6 8
47 7 21
47 10 47
47 12 9
47 14 16
47 15 31
47 17 2
47 18 6
47 20 23
47 24 37
47 26 33
47 27 36
47 30 28
47 31 14
47 32 11
47 33 15
47 34 40
47 37 7
47 38 56
47 41 24
47 42 38
47 43 29
47 45 5
47 47 52
47 49 45
47 52 32
47 56 43
47 59 3
48 0 18
48 1 20
48 3 9
48 4 55
48 5 44
48 8 25
48 9 50
48 10 27
48 13 1
48 14 5
48 19 19
48 20 53
48 21 2
48 22 15
48 23 33
48 25 26
48 26 17
48 27 6
48 28 8
48 31 37
48 33 49
48 34 24
48 36 12
48 38 23
48 40 45
48 41 54
48 43 39
48 44 56
48 46 52
48 48 51
48 49 41
48 53 16
48 55 30
48 56 57
48 59 21
49 0 12
49 2 56
49 3 39
49 4 48
49 7 1
49 8 15
49 9 30
49 10 2
49 11 26
49 12 53
49 13 34
49 14 46
49 15 19
49 18 55
49 21 37
49 22 25
49 23 36
49 24 27
49 30 29
49 31 5
49 32 58
49 34 47
49 35 6
49 36 3
49 43 57
49 47 40
49 48 44
49 49 8
49 50 14
49 51 24
49 56 59
49 57 43
50 1 47
50 2 37
50 3 11
50 4 28
50 5 40
50 8 29
50 9 31
50 10 15
50 11 49
50 12 14
50 16 57
50 17 52
50 19 9
50 20 12
50 23 30
50 24 24
50 26 32
50 29 48
50 30 22
50 34 20
50 35 46
50 37 45
50 41 39
50 42 25
50 43 10
50 44 33
50 46 35
50 47 17
50 48 55
50 49 2
50 51 54
50 53 27
50 55 53
50 57 44
51 0 7
51 2 36
51 3 47
51 4 4
51 8 26
51 12 10
51 13 23
51 14 21
51 16 29
51 18 19
51 19 3
51 22 46
51 23 13
51 24 22
51 25 25
51 27 38
51 29 45
51 30 5
51 31 40
51 33 20
51 36 43
51 41 32
51 42 8
51 48 30
51 49 9
51 50 24
51 51 27
51 54 49
51 55 34
51 56 39
51 59 31
52 1 29
52 6 16
52 8 49
52 9 17
52 10 9
52 12 5
52 15 36
52 21 7
52 25 11
52 27 23
52 29 34
52 30 3
52 31 22
52 38 58
52 39 57
52 40 0
52 41 21
52 42 12
52 43 33
52 50 46
52 52 54
52 53 44
52 55 2
52 57 27
52 58 4
53 0 51
53 1 30
53 4 34
53 6 27
53 11 11
53 13 16
53 17 40
53 18 13
53 22 58
53 24 39
53 25 23
53 29 55
53 30 14
53 31 54
53 33 56
53 36 32
53 39 8
53 40 17
53 42 57
53 43 53
53 46 3
53 48 10
53 50 15
53 52 45
53 54 9
53 55 5
53 56 12
53 59 22
54 0 48
54 2 31
54 3 49
54 5 42
54 6 38
54 9 8
54 12 19
54 13 52
54 14 39
54 16 28
54 18 51
54 20 43
54 21 57
54 25 10
54 26 54
54 31 2
54 33 32
54 34 17
54 37 58
54 40 56
54 41 3
54 42 20
54 43 36
54 45 34
54 48 24
54 49 12
54 50 21
54 51 6
54 53 1
54 54 35
54 55 18
54 58 53
55 0 14
55 2 50
55 3 40
55 4 11
55 5 26
55 6 22
55 10 55
55 11 39
55 12 58
55 13 5
55 15 37
55 16 35
55 19 27
55 23 24
55 25 28
55 27 46
55 30 20
55 31 23
55 32 12
55 33 1
55 34 31
55 35 30
55 36 21
55 38 57
55 41 34
55 42 9
55 45 59
55 46 49
55 47 38
55 50 10
55 53 45
55 54 43
55 55 48
55 56 6
55 57 42
55 58 8
55 59 56
56 0 56
56 2 9
56 3 48
56 4 35
56 7 43
56 8 46
56 10 34
56 14 1
56 15 10
56 17 15
56 18 58
56 19 44
56 26 59
56 30 50
56 32 6
56 33 12
56 35 2
56 37 20
56 38 52
56 43 28
56 44 57
56 45 14
56 46 5
56 52 23
56 53 37
56 55 17
56 57 25
56 59 45
57 2 0
57 8 12
57 12 43
57 14 33
57 15 24
57 18 46
57 19 26
57 24 18
57 27 30
57 29 17
57 33 4
57 35 25
57 37 2
57 38 48
57 43 59
57 44 21
57 46 51
57 47 50
57 48 1
57 49 56
57 50 41
57 51 22
57 52 42
57 55 55
57 58 54
58 2 13
58 4 23
58 5 37
58 7 17
58 9 14
58 13 6
58 14 2
58 17 35
58 18 31
58 19 8
58 22 56
58 23 25
58 28 5
58 29 10
58 32 49
58 33 24
58 35 59
58 38 27
58 39 33
58 40 38
58 41 28
58 43 50
58 47 26
58 48 58
58 50 36
58 51 40
58 52 22
58 56 18
59 0 19
59 1 33
59 2 29
59 4 53
59 5 27
59 9 37
59 10 13
59 11 32
59 13 3
59 14 41
59 15 58
59 16 16
59 18 35
59 19 39
59 21 55
59 22 22
59 28 10
59 31 56
59 32 2
59 33 54
59 34 45
59 35 42
59 37 40
59 41 43
59 44 50
59 49 44
59 52 48
59 53 14
59 54 8
59 55 46
59 58 47
