70
0 0 35
0 2 12
0 3 36
0 4 68
0 6 51
0 7 3
0 9 11
0 10 64
0 11 18
0 14 45
0 15 28
0 18 65
0 21 6
0 22 52
0 24 54
0 25 66
0 27 67
0 28 50
0 29 20
0 31 10
0 36 22
0 39 38
0 40 37
0 41 49
0 42 53
0 43 33
0 44 8
0 45 31
0 46 5
0 47 42
0 48 32
0 50 59
0 51 13
0 52 21
0 53 39
0 54 61
0 56 63
0 57 17
0 59 48
0 60 19
0 61 40
0 62 1
0 63 25
0 64 15
0 68 27
0 69 2
1 0 57
1 2 22
1 3 48
1 4 24
1 7 33
1 8 30
1 9 62
1 10 45
1 11 43
1 14 47
1 15 50
1 17 1
1 19 23
1 20 0
1 22 11
1 23 52
1 25 12
1 26 3
1 30 27
1 31 55
1 32 35
1 33 67
1 35 51
1 36 65
1 38 69
1 39 19
1 41 15
1 42 66
1 43 20
1 45 63
1 47 25
1 49 56
1 52 60
1 53 59
1 55 34
1 57 14
1 58 18
1 60 46
1 62 40
1 65 31
1 66 4
1 68 53
1 69 10
2 2 10
2 4 38
2 5 63
2 7 41
2 8 62
2 9 16
2 10 18
2 11 27
2 12 68
2 13 61
2 14 44
2 15 40
2 16 59
2 18 52
2 19 47
2 20 31
2 21 25
2 22 6
2 23 12
2 24 5
2 25 23
2 26 30
2 27 15
2 28 13
2 29 65
2 30 33
2 31 29
2 32 1
2 33 7
2 36 14
2 37 58
2 38 34
2 39 69
2 40 4
2 41 46
2 42 49
2 44 11
2 45 51
2 46 24
2 48 53
2 50 54
2 51 35
2 52 22
2 53 32
2 55 39
2 56 9
2 58 8
2 60 43
2 61 48
2 62 42
2 64 19
2 65 0
2 66 21
2 67 2
2 69 56
3 0 66
3 1 32
3 3 56
3 4 22
3 5 8
3 7 46
3 8 65
3 9 3
3 10 17
3 11 68
3 12 52
3 13 59
3 15 2
3 16 4
3 17 15
3 19 38
3 20 47
3 22 20
3 23 40
3 24 44
3 25 42
3 26 58
3 27 37
3 30 50
3 31 12
3 32 14
3 34 43
3 35 23
3 37 33
3 38 57
3 39 5
3 40 18
3 41 60
3 43 7
3 45 64
3 47 35
3 48 13
3 49 45
3 50 26
3 52 25
3 53 34
3 54 67
3 56 6
3 57 36
3 61 51
3 62 27
3 63 19
3 64 9
3 65 24
3 67 0
3 68 54
3 69 30
4 0 0
4 2 39
4 4 44
4 5 3
4 6 32
4 7 14
4 8 66
4 9 15
4 10 2
4 11 31
4 12 8
4 13 40
4 14 1
4 15 36
4 16 28
4 17 18
4 18 9
4 19 56
4 20 7
4 21 5
4 24 48
4 25 58
4 29 55
4 31 21
4 33 10
4 34 54
4 35 64
4 37 63
4 38 59
4 40 35
4 41 53
4 42 61
4 46 34
4 49 46
4 51 20
4 52 69
4 54 42
4 55 22
4 56 45
4 57 52
4 58 13
4 59 51
4 60 38
4 63 41
4 65 23
4 66 24
4 69 19
5 0 69
5 1 56
5 2 25
5 4 34
5 5 17
5 6 7
5 7 65
5 8 10
5 10 31
5 11 26
5 12 38
5 14 5
5 15 63
5 16 47
5 17 39
5 19 18
5 20 41
5 21 33
5 22 54
5 23 60
5 25 28
5 27 13
5 28 58
5 29 29
5 30 9
5 31 1
5 32 42
5 33 59
5 34 8
5 35 27
5 36 20
5 37 23
5 38 21
5 39 45
5 40 15
5 41 0
5 42 52
5 43 61
5 44 36
5 45 4
5 46 50
5 47 51
5 48 24
5 50 11
5 51 16
5 52 35
5 55 43
5 56 2
5 57 44
5 58 67
5 59 22
5 60 37
5 61 57
5 62 46
5 65 32
5 66 19
5 67 12
5 69 48
6 0 51
6 1 21
6 3 13
6 4 14
6 5 58
6 6 44
6 8 6
6 9 49
6 10 1
6 14 48
6 15 10
6 16 32
6 18 30
6 21 24
6 22 9
6 23 4
6 25 59
6 26 50
6 27 20
6 28 53
6 29 33
6 30 12
6 31 26
6 34 62
6 35 36
6 37 7
6 39 60
6 40 25
6 41 68
6 44 37
6 45 23
6 46 19
6 47 3
6 48 54
6 49 27
6 50 45
6 51 61
6 52 34
6 54 11
6 56 17
6 58 31
6 61 15
6 63 42
6 67 18
6 68 55
7 0 31
7 2 27
7 3 22
7 4 65
7 5 0
7 6 57
7 8 45
7 10 46
7 13 7
7 14 16
7 19 5
7 20 9
7 23 20
7 24 6
7 25 33
7 28 12
7 29 69
7 30 43
7 31 51
7 32 17
7 33 48
7 34 24
7 35 59
7 36 62
7 38 4
7 39 40
7 40 11
7 41 14
7 42 38
7 45 2
7 47 66
7 48 50
7 49 49
7 50 61
7 51 10
7 53 64
7 54 60
7 55 36
7 56 41
7 57 29
7 58 3
7 60 55
7 61 8
7 62 67
7 63 44
7 65 53
7 66 23
7 68 34
7 69 25
8 0 55
8 1 19
8 2 54
8 3 52
8 4 57
8 5 65
8 6 42
8 8 21
8 10 23
8 12 60
8 13 17
8 14 4
8 15 26
8 16 16
8 18 66
8 19 48
8 20 8
8 21 64
8 23 50
8 24 35
8 25 45
8 26 15
8 27 11
8 28 32
8 29 27
8 30 2
8 32 7
8 33 56
8 34 10
8 35 6
8 36 51
8 37 29
8 38 67
8 40 28
8 41 18
8 43 43
8 44 12
8 45 47
8 47 58
8 48 39
8 50 30
8 51 33
8 52 63
8 54 20
8 55 0
8 56 68
8 58 22
8 61 25
8 62 38
8 63 49
8 64 24
8 65 3
8 66 40
8 67 41
8 68 44
9 0 17
9 1 16
9 3 0
9 5 38
9 6 40
9 7 5
9 8 53
9 9 67
9 10 3
9 11 41
9 12 15
9 13 37
9 17 12
9 18 34
9 20 18
9 21 20
9 22 29
9 24 22
9 26 60
9 27 50
9 29 31
9 31 6
9 33 24
9 34 36
9 36 63
9 37 14
9 38 30
9 39 43
9 41 1
9 42 56
9 43 51
9 44 33
9 45 49
9 46 35
9 47 69
9 48 52
9 49 58
9 51 55
9 52 26
9 53 9
9 55 32
9 56 23
9 57 47
9 59 57
9 63 2
9 64 45
9 65 21
9 66 65
9 67 10
10 0 28
10 1 68
10 2 21
10 3 62
10 4 30
10 5 15
10 6 49
10 7 10
10 8 34
10 9 2
10 10 11
10 11 51
10 12 3
10 13 1
10 14 63
10 17 14
10 21 18
10 22 33
10 23 19
10 25 69
10 26 23
10 27 29
10 29 6
10 32 39
10 33 57
10 34 32
10 35 60
10 36 58
10 37 31
10 39 24
10 40 42
10 41 48
10 42 43
10 43 41
10 44 26
10 46 16
10 47 59
10 48 45
10 49 13
10 51 0
10 52 52
10 53 61
10 54 27
10 55 66
10 56 47
10 61 67
10 62 22
10 63 7
10 65 12
10 67 64
10 68 9
10 69 50
11 0 21
11 1 3
11 2 17
11 3 61
11 4 1
11 5 48
11 6 22
11 7 62
11 8 18
11 9 7
11 11 13
11 13 10
11 15 29
11 17 57
11 19 58
11 20 39
11 21 15
11 23 27
11 24 68
11 25 36
11 26 26
11 27 34
11 28 8
11 29 9
11 30 69
11 32 19
11 33 35
11 35 25
11 37 64
11 39 66
11 40 2
11 42 20
11 43 37
11 45 67
11 46 31
11 47 65
11 48 47
11 49 55
11 50 63
11 54 28
11 55 45
11 57 0
11 58 50
11 59 6
11 60 51
11 61 11
11 62 56
11 63 5
11 65 4
11 66 44
11 67 53
11 68 41
11 69 60
12 0 2
12 2 50
12 4 62
12 5 45
12 6 53
12 7 13
12 8 15
12 10 60
12 11 38
12 12 61
12 13 5
12 14 46
12 15 42
12 16 31
12 17 63
12 18 36
12 19 59
12 20 68
12 21 32
12 23 66
12 24 58
12 25 39
12 26 24
12 27 8
12 28 33
12 29 40
12 30 54
12 31 14
12 32 55
12 33 9
12 34 57
12 35 21
12 36 69
12 38 12
12 39 41
12 40 47
12 42 17
12 43 65
12 44 19
12 45 16
12 47 67
12 49 6
12 51 4
12 53 27
12 55 49
12 57 48
12 58 25
12 59 23
12 60 1
12 66 56
12 67 52
12 68 64
13 3 35
13 4 12
13 5 4
13 10 21
13 11 61
13 13 65
13 14 23
13 16 13
13 17 2
13 18 28
13 20 45
13 22 49
13 23 14
13 25 16
13 26 52
13 30 32
13 31 66
13 32 8
13 33 39
13 34 27
13 35 63
13 38 51
13 40 58
13 41 38
13 42 22
13 44 50
13 45 69
13 46 3
13 47 64
13 48 5
13 49 42
13 50 20
13 53 6
13 55 19
13 56 53
13 57 57
13 58 33
13 59 31
13 61 17
13 62 7
13 63 9
13 64 48
13 65 15
13 67 37
13 69 24
14 0 1
14 1 51
14 2 66
14 3 47
14 4 23
14 7 24
14 8 7
14 9 63
14 10 68
14 12 45
14 13 62
14 14 49
14 15 31
14 17 43
14 18 61
14 19 10
14 20 64
14 21 12
14 22 3
14 23 38
14 24 57
14 25 40
14 26 39
14 27 53
14 28 46
14 29 58
14 31 69
14 32 20
14 33 5
14 34 35
14 35 52
14 36 27
14 38 26
14 39 4
14 40 13
14 41 11
14 42 67
14 43 22
14 44 48
14 45 19
14 46 59
14 47 0
14 50 17
14 51 15
14 54 21
14 56 44
14 57 28
14 59 32
14 61 56
14 62 30
14 63 8
14 66 60
15 0 47
15 2 45
15 3 46
15 5 68
15 8 67
15 9 24
15 10 51
15 11 37
15 12 58
15 13 48
15 14 61
15 16 42
15 17 33
15 18 32
15 21 28
15 22 15
15 23 26
15 24 65
15 26 20
15 29 43
15 30 49
15 31 18
15 32 13
15 37 19
15 38 35
15 40 62
15 41 39
15 42 50
15 43 30
15 44 66
15 45 10
15 46 17
15 49 29
15 50 57
15 51 7
15 53 53
15 54 3
15 55 8
15 56 4
15 57 41
15 58 9
15 59 64
15 60 59
15 61 23
15 62 34
15 64 14
15 65 5
15 66 55
15 69 54
16 0 19
16 3 6
16 5 25
16 8 8
16 9 47
16 12 51
16 13 11
16 15 13
16 18 15
16 19 30
16 21 66
16 22 45
16 24 26
16 27 58
16 29 42
16 30 52
16 32 63
16 33 28
16 34 56
16 35 35
16 36 24
16 37 40
16 38 32
16 40 27
16 42 44
16 43 67
16 44 46
16 46 18
16 47 33
16 48 65
16 51 5
16 52 57
16 53 62
16 57 2
16 58 68
16 59 60
16 60 54
16 61 53
16 62 31
16 64 38
16 65 9
16 66 48
16 67 39
16 68 43
16 69 12
17 0 7
17 3 57
17 6 66
17 7 54
17 9 43
17 11 16
17 12 34
17 13 36
17 14 35
17 15 4
17 16 45
17 18 1
17 21 8
17 24 3
17 25 67
17 27 10
17 28 9
17 29 18
17 31 68
17 34 59
17 36 60
17 37 69
17 38 11
17 41 21
17 42 19
17 43 50
17 45 22
17 46 27
17 47 49
17 48 46
17 49 32
17 50 28
17 51 52
17 52 48
17 53 2
17 54 51
17 55 30
17 56 5
17 61 13
17 62 39
17 65 64
17 66 6
17 68 23
17 69 42
18 0 42
18 3 27
18 6 12
18 7 0
18 8 69
18 9 8
18 10 44
18 12 37
18 15 20
18 16 30
18 17 11
18 18 6
18 19 35
18 20 21
18 22 4
18 23 58
18 24 59
18 27 1
18 28 56
18 29 17
18 30 15
18 31 32
18 32 26
18 33 25
18 34 38
18 35 45
18 36 50
18 37 61
18 38 29
18 39 52
18 40 19
18 41 2
18 42 39
18 43 34
18 44 57
18 45 62
18 46 7
18 47 54
18 49 48
18 50 9
18 53 36
18 54 46
18 55 31
18 56 33
18 57 18
18 58 43
18 61 5
18 62 16
18 63 28
18 64 66
18 66 13
18 67 67
18 68 22
18 69 51
19 0 54
19 1 37
19 2 9
19 3 32
19 4 66
19 6 35
19 9 36
19 10 25
19 14 20
19 15 44
19 16 62
19 17 31
19 19 7
19 20 11
19 21 38
19 26 41
19 30 57
19 31 3
19 32 52
19 35 1
19 36 49
19 37 6
19 38 50
19 40 17
19 41 61
19 42 45
19 43 26
19 47 27
19 48 18
19 49 33
19 50 8
19 52 12
19 53 51
19 54 10
19 55 64
19 56 69
19 57 5
19 58 19
19 60 65
19 61 16
19 62 48
19 63 43
19 66 14
19 68 24
19 69 67
20 0 37
20 1 52
20 2 59
20 3 25
20 5 36
20 7 45
20 8 13
20 10 57
20 11 44
20 12 47
20 13 8
20 15 15
20 16 11
20 17 9
20 18 10
20 20 17
20 21 49
20 22 62
20 25 19
20 26 69
20 28 16
20 29 46
20 30 55
20 33 33
20 34 12
20 36 41
20 38 43
20 39 56
20 42 32
20 43 6
20 44 2
20 45 61
20 46 42
20 48 1
20 49 68
20 50 40
20 51 63
20 53 7
20 54 58
20 55 14
20 56 21
20 57 50
20 58 53
20 59 39
20 60 26
20 62 54
20 65 60
20 68 5
20 69 22
21 0 43
21 1 27
21 2 56
21 3 45
21 4 58
21 5 24
21 6 54
21 8 38
21 9 10
21 10 35
21 13 34
21 14 22
21 18 14
21 22 51
21 24 41
21 25 61
21 26 44
21 27 31
21 29 39
21 30 11
21 31 40
21 32 2
21 33 37
21 34 33
21 35 57
21 37 0
21 39 59
21 40 60
21 43 19
21 44 68
21 45 15
21 47 13
21 48 9
21 50 29
21 51 6
21 52 49
21 53 28
21 54 25
21 55 63
21 56 64
21 58 69
21 59 8
21 60 67
21 61 12
21 62 23
21 64 55
21 65 17
21 66 36
21 67 5
21 68 42
22 0 4
22 1 33
22 2 35
22 3 14
22 5 49
22 8 68
22 11 0
22 13 22
22 14 28
22 15 66
22 17 69
22 18 41
22 19 55
22 21 43
22 22 57
22 23 8
22 24 7
22 26 25
22 27 54
22 28 27
22 29 67
22 30 17
22 32 12
22 33 32
22 34 60
22 35 2
22 36 64
22 38 3
22 40 6
22 41 37
22 43 40
22 45 46
22 49 19
22 50 24
22 51 65
22 52 53
22 54 44
22 55 56
22 56 58
22 57 26
22 58 42
22 59 18
22 60 62
22 61 1
22 62 13
22 64 59
22 66 11
22 68 10
23 0 15
23 1 0
23 2 14
23 3 9
23 4 52
23 5 53
23 6 45
23 7 38
23 8 46
23 9 6
23 10 49
23 12 19
23 13 66
23 18 55
23 20 34
23 22 1
23 23 16
23 24 20
23 26 67
23 27 35
23 28 4
23 29 44
23 32 61
23 33 17
23 34 3
23 35 29
23 36 31
23 38 64
23 39 47
23 40 41
23 41 12
23 42 54
23 43 63
23 44 62
23 45 21
23 47 22
23 48 28
23 50 5
23 53 56
23 55 24
23 56 11
23 57 39
23 58 57
23 59 42
23 60 8
23 61 27
23 63 68
23 64 2
23 68 37
23 69 59
24 1 34
24 3 54
24 4 27
24 5 52
24 6 20
24 7 17
24 8 31
24 10 28
24 11 67
24 12 46
24 13 56
24 14 53
24 15 55
24 17 32
24 20 13
24 22 35
24 24 66
24 25 50
24 26 51
24 27 23
24 28 45
24 29 21
24 30 44
24 31 4
24 34 68
24 35 14
24 36 57
24 37 26
24 39 8
24 40 5
24 41 65
24 42 12
24 44 69
24 45 9
24 46 2
24 48 63
24 49 11
24 51 29
24 52 59
24 53 16
24 54 19
24 55 47
24 56 7
24 57 60
24 58 0
24 59 33
24 60 10
24 61 18
24 63 64
24 64 49
24 65 62
24 66 39
24 68 30
24 69 58
25 0 60
25 1 64
25 2 33
25 4 32
25 5 67
25 7 47
25 8 41
25 9 69
25 11 57
25 12 9
25 15 59
25 17 68
25 19 14
25 21 53
25 22 5
25 23 48
25 25 35
25 26 46
25 27 45
25 28 23
25 29 15
25 34 63
25 36 25
25 37 27
25 38 24
25 39 7
25 40 43
25 41 8
25 43 62
25 44 6
25 45 18
25 47 40
25 49 44
25 51 1
25 52 66
25 55 55
25 57 58
25 59 2
25 61 28
25 62 61
25 63 17
25 64 11
25 65 38
25 66 3
25 68 31
25 69 26
26 1 41
26 2 11
26 3 68
26 4 9
26 6 63
26 7 39
26 8 40
26 9 50
26 10 34
26 11 23
26 12 43
26 14 31
26 15 25
26 16 33
26 17 6
26 19 60
26 20 57
26 22 55
26 23 28
26 24 52
26 25 14
26 26 61
26 27 66
26 28 54
26 29 64
26 31 22
26 33 8
26 34 1
26 35 47
26 36 10
26 37 59
26 41 62
26 42 3
26 44 44
26 46 29
26 48 16
26 49 38
26 50 49
26 52 27
26 54 18
26 55 26
26 56 51
26 57 24
26 58 45
26 59 69
26 60 15
26 62 17
26 63 65
26 64 21
26 66 67
26 67 32
26 68 2
26 69 5
27 0 64
27 3 66
27 4 47
27 5 33
27 7 12
27 9 57
27 10 8
27 12 29
27 13 13
27 14 59
27 15 46
27 17 62
27 20 25
27 22 22
27 23 42
27 24 15
27 25 38
27 26 27
27 27 9
27 28 34
27 29 48
27 31 24
27 32 31
27 35 53
27 36 37
27 37 32
27 38 68
27 39 61
27 40 14
27 43 18
27 44 3
27 45 40
27 46 10
27 48 60
27 49 0
27 50 55
27 52 56
27 53 45
27 54 63
27 55 4
27 56 30
27 57 51
27 58 54
27 60 39
27 62 35
27 63 6
27 64 58
27 66 43
27 68 20
27 69 65
28 1 58
28 2 8
28 3 26
28 4 64
28 5 42
28 6 37
28 7 53
28 8 43
28 9 12
28 11 7
28 12 57
28 13 25
28 15 34
28 17 10
28 18 35
28 19 16
28 20 19
28 21 69
28 23 56
28 25 4
28 29 52
28 30 24
28 32 68
28 33 38
28 34 20
28 37 65
28 38 47
28 39 55
28 41 5
28 42 1
28 44 51
28 47 11
28 48 59
28 49 22
28 50 23
28 51 49
28 53 17
28 54 54
28 56 18
28 57 32
28 58 48
28 59 29
28 62 50
28 65 13
28 67 9
29 1 4
29 2 30
29 3 65
29 5 12
29 7 9
29 8 29
29 9 25
29 10 66
29 11 6
29 12 62
29 13 38
29 14 8
29 15 69
29 17 61
29 19 53
29 20 37
29 21 3
29 22 7
29 27 0
29 28 17
29 29 28
29 30 68
29 32 64
29 34 67
29 35 33
29 36 11
29 38 5
29 39 18
29 40 46
29 41 24
29 42 16
29 43 42
29 44 47
29 47 63
29 51 39
29 52 13
29 55 44
29 56 48
29 57 23
29 58 40
29 59 54
29 60 34
29 62 51
29 63 10
29 65 58
29 67 35
29 68 50
30 0 62
30 1 43
30 2 18
30 4 46
30 5 35
30 6 36
30 8 37
30 9 33
30 11 30
30 12 56
30 13 55
30 14 24
30 17 49
30 19 34
30 20 53
30 21 29
30 22 61
30 23 59
30 24 47
30 25 25
30 26 13
30 27 4
30 30 5
30 33 51
30 34 31
30 35 65
30 38 2
30 39 39
30 40 66
30 41 63
30 42 8
30 43 48
30 45 14
30 46 0
30 47 41
30 48 42
30 49 3
30 50 12
30 51 69
30 53 40
30 54 57
30 55 9
30 56 22
30 59 38
30 61 68
30 63 67
30 65 26
30 67 19
30 68 1
30 69 7
31 0 65
31 3 5
31 6 55
31 7 30
31 8 52
31 10 67
31 11 9
31 12 24
31 13 45
31 14 25
31 15 60
31 16 50
31 17 13
31 19 12
31 20 27
31 21 44
31 23 64
31 24 32
31 25 20
31 26 11
31 28 59
31 29 51
31 30 28
31 32 3
31 33 21
31 34 48
31 35 46
31 36 33
31 37 53
31 38 41
31 39 29
31 41 7
31 42 40
31 44 22
31 45 54
31 46 63
31 47 36
31 48 34
31 51 56
31 52 2
31 53 26
31 54 38
31 55 1
31 56 61
31 59 16
31 60 23
31 62 8
31 64 18
31 69 68
32 0 23
32 1 61
32 2 58
32 4 42
32 5 10
32 6 64
32 7 16
32 9 26
32 11 48
32 13 51
32 14 69
32 15 53
32 18 19
32 19 31
32 20 49
32 21 27
32 22 50
32 23 17
32 26 21
32 27 32
32 29 8
32 30 56
32 31 39
32 32 67
32 34 44
32 36 30
32 37 34
32 38 13
32 39 28
32 40 40
32 43 59
32 44 5
32 45 35
32 46 9
32 47 7
32 49 36
32 50 66
32 51 43
32 52 1
32 53 60
32 54 65
32 55 46
32 56 29
32 57 68
32 60 2
32 61 14
32 63 11
32 64 41
32 66 22
32 67 63
32 69 3
33 0 26
33 1 22
33 2 69
33 4 37
33 5 55
33 6 62
33 8 51
33 9 5
33 11 66
33 13 18
33 14 19
33 15 68
33 16 54
33 17 16
33 18 31
33 21 30
33 22 40
33 23 45
33 24 28
33 25 8
33 27 56
33 29 47
33 30 25
33 31 44
33 32 60
33 34 39
33 35 7
33 40 0
33 41 42
33 42 35
33 43 27
33 44 24
33 45 48
33 46 21
33 47 38
33 48 17
33 49 57
33 50 2
33 52 43
33 53 11
33 54 14
33 55 13
33 58 46
33 59 50
33 61 29
33 62 49
33 63 53
33 64 36
33 65 34
33 66 9
33 68 52
34 0 52
34 1 2
34 4 11
34 5 22
34 6 10
34 7 68
34 8 19
34 10 65
34 11 46
34 12 12
34 14 57
34 15 5
34 16 34
34 17 28
34 19 66
34 20 42
34 21 16
34 22 14
34 23 32
34 24 30
34 26 17
34 27 24
34 28 18
34 29 23
34 30 59
34 31 50
34 32 15
34 34 69
34 35 58
34 36 48
34 37 36
34 39 6
34 40 67
34 42 7
34 43 45
34 45 43
34 46 39
34 47 61
34 48 8
34 49 21
34 51 3
34 52 20
34 53 38
34 54 47
34 60 0
34 62 64
34 63 54
34 64 33
34 65 56
34 66 41
34 68 26
34 69 13
35 0 61
35 2 43
35 3 28
35 5 29
35 7 2
35 8 5
35 10 37
35 11 55
35 12 49
35 13 16
35 16 57
35 17 17
35 18 18
35 19 20
35 20 62
35 21 46
35 23 33
35 24 11
35 25 1
35 26 64
35 28 69
35 29 50
35 30 14
35 32 48
35 34 40
35 35 31
35 38 58
35 39 65
35 40 59
35 41 13
35 42 23
35 43 53
35 46 51
35 49 34
35 51 66
35 52 32
35 53 41
35 57 56
35 58 26
35 61 21
35 64 4
35 65 44
35 66 15
35 67 22
35 69 8
36 0 45
36 1 12
36 2 20
36 4 8
36 5 31
36 6 33
36 7 35
36 8 22
36 9 58
36 10 55
36 11 32
36 13 47
36 15 6
36 16 26
36 19 4
36 20 61
36 23 13
36 24 34
36 26 57
36 27 63
36 29 14
36 31 38
36 32 49
36 33 30
36 34 52
36 35 37
36 36 59
36 37 46
36 38 53
36 40 36
36 41 28
36 42 64
36 44 1
36 45 50
36 47 10
36 48 27
36 49 9
36 50 18
36 51 17
36 52 24
36 53 19
36 55 51
36 57 62
36 58 44
36 59 3
36 61 2
36 62 68
36 63 23
36 64 65
36 67 7
36 69 39
37 0 14
37 6 38
37 7 48
37 9 0
37 10 5
37 11 36
37 12 22
37 13 9
37 14 60
37 15 65
37 16 63
37 17 8
37 18 3
37 19 61
37 22 16
37 23 31
37 24 46
37 25 64
37 26 12
37 27 33
37 28 52
37 29 19
37 30 34
37 31 13
37 32 47
37 33 2
37 36 23
37 37 56
37 38 62
37 39 30
37 40 68
37 41 25
37 42 18
37 43 15
37 44 27
37 45 32
37 46 4
37 47 20
37 48 26
37 49 39
37 50 43
37 51 59
37 53 55
37 54 50
37 55 28
37 56 35
37 58 6
37 59 44
37 61 45
37 63 51
37 64 10
37 65 1
37 68 58
37 69 69
38 0 44
38 1 54
38 2 52
38 6 27
38 8 26
38 9 37
38 10 6
38 12 17
38 16 18
38 17 20
38 18 29
38 19 39
38 20 15
38 24 9
38 25 0
38 27 62
38 28 51
38 29 53
38 30 66
38 31 41
38 32 45
38 33 65
38 34 16
38 38 28
38 40 22
38 41 34
38 43 68
38 45 24
38 47 43
38 48 55
38 51 60
38 52 19
38 53 46
38 54 12
38 55 10
38 57 61
38 58 47
38 59 67
38 60 50
38 61 31
38 62 58
38 63 59
38 67 23
38 69 33
39 1 57
39 2 16
39 5 47
39 6 9
39 7 26
39 9 55
39 10 30
39 11 60
39 12 53
39 13 44
39 14 56
39 15 33
39 16 10
39 17 23
39 18 64
39 21 31
39 22 19
39 23 37
39 24 38
39 25 43
39 27 22
39 29 12
39 30 6
39 33 41
39 34 21
39 35 20
39 37 13
39 39 48
39 40 24
39 42 42
39 43 39
39 44 61
39 45 17
39 46 25
39 47 68
39 48 49
39 50 50
39 51 34
39 53 69
39 56 62
39 57 11
39 58 5
39 59 14
39 60 18
39 62 4
39 63 1
39 64 7
39 65 40
39 66 35
39 68 15
40 0 9
40 1 30
40 2 5
40 3 17
40 5 37
40 6 58
40 7 7
40 8 27
40 9 48
40 10 16
40 15 57
40 16 21
40 17 67
40 19 19
40 20 33
40 22 46
40 23 11
40 24 10
40 25 63
40 26 2
40 28 64
40 30 41
40 31 31
40 32 66
40 34 13
40 36 34
40 37 47
40 38 18
40 39 42
40 40 65
40 41 3
40 46 14
40 49 23
40 50 44
40 51 45
40 52 36
40 53 20
40 54 59
40 55 69
40 56 43
40 58 4
40 59 28
40 61 22
40 62 60
40 64 51
40 66 53
40 68 8
41 0 16
41 1 48
41 3 43
41 4 0
41 6 5
41 7 58
41 8 35
41 9 34
41 10 39
41 11 25
41 12 42
41 13 15
41 15 11
41 17 36
41 18 51
41 19 46
41 20 3
41 22 24
41 23 29
41 25 65
41 26 19
41 27 61
41 29 45
41 30 10
41 32 44
41 33 50
41 34 14
41 35 32
41 36 55
41 37 49
41 38 8
41 40 20
41 41 56
41 42 41
41 44 54
41 45 38
41 47 31
41 49 67
41 50 13
41 51 9
41 53 63
41 54 23
41 55 53
41 57 21
41 58 28
41 59 12
41 60 57
41 62 47
41 63 26
41 64 40
41 65 22
41 66 52
41 68 33
41 69 27
42 0 10
42 1 5
42 2 57
42 3 51
42 4 26
42 5 7
42 6 16
42 7 20
42 8 60
42 10 4
42 11 65
42 12 33
42 14 55
42 16 61
42 17 30
42 19 43
42 20 22
42 22 8
42 23 44
42 24 17
42 25 48
42 26 38
42 27 6
42 28 31
42 29 11
42 30 36
42 35 67
42 36 32
42 37 50
42 38 37
42 40 49
42 41 19
42 42 47
42 45 42
42 47 52
42 48 2
42 49 64
42 50 56
42 51 12
42 54 24
42 55 59
42 56 1
42 60 28
42 61 39
42 63 46
42 65 14
42 68 18
43 0 34
43 2 64
43 4 5
43 5 26
43 6 68
43 8 58
43 9 60
43 10 24
43 12 44
43 13 43
43 16 25
43 18 62
43 21 63
43 22 23
43 23 36
43 24 12
43 25 18
43 26 35
43 27 2
43 28 65
43 29 22
43 30 3
43 31 47
43 32 6
43 33 20
43 34 30
43 36 53
43 43 4
43 44 7
43 45 37
43 46 69
43 47 8
43 49 17
43 50 41
43 51 51
43 52 9
43 53 33
43 54 13
43 56 54
43 58 27
43 61 52
43 63 57
43 64 61
43 65 46
43 67 16
43 68 11
43 69 40
44 0 41
44 2 2
44 3 23
44 4 3
44 5 11
44 7 50
44 8 9
44 9 56
44 11 15
44 12 48
44 13 0
44 14 43
44 17 22
44 18 13
44 21 17
44 22 27
44 23 5
44 24 8
44 26 42
44 27 7
44 28 68
44 29 63
44 30 64
44 31 52
44 32 36
44 33 1
44 35 44
44 36 12
44 37 66
44 38 45
44 39 54
44 40 57
44 42 29
44 43 21
44 45 20
44 47 37
44 49 25
44 50 33
44 51 46
44 53 10
44 54 4
44 55 35
44 57 30
44 58 39
44 59 49
44 60 69
44 61 19
44 62 55
44 64 60
44 65 16
44 66 28
44 67 34
44 69 47
45 0 25
45 1 65
45 2 6
45 3 2
45 4 51
45 5 34
45 11 10
45 16 9
45 17 19
45 19 11
45 22 53
45 23 57
45 24 33
45 25 49
45 28 44
45 30 23
45 31 58
45 32 50
45 33 29
45 34 22
45 35 18
45 39 35
45 40 45
45 41 41
45 42 69
45 43 55
45 44 20
45 46 8
45 47 4
45 48 48
45 49 40
45 50 42
45 51 47
45 53 5
45 55 15
45 56 39
45 57 46
45 59 43
45 61 54
45 63 61
45 64 63
45 68 0
46 1 6
46 2 48
46 4 54
46 6 46
46 7 36
46 9 17
46 10 7
46 11 49
46 12 41
46 13 23
46 14 13
46 16 56
46 17 60
46 18 58
46 20 35
46 21 22
46 22 26
46 24 42
46 25 57
46 27 69
46 30 30
46 32 10
46 33 18
46 35 55
46 37 20
46 38 9
46 40 34
46 42 65
46 43 12
46 45 28
46 47 62
46 48 37
46 51 14
46 52 61
46 53 31
46 54 2
46 56 15
46 58 66
46 59 21
46 60 27
46 61 3
46 62 11
46 63 4
46 64 29
46 67 47
46 68 32
46 69 45
47 1 7
47 3 16
47 4 35
47 5 39
47 6 29
47 8 23
47 10 42
47 12 6
47 13 12
47 14 51
47 15 67
47 16 19
47 19 40
47 20 2
47 21 55
47 22 37
47 23 49
47 24 50
47 26 31
47 27 36
47 29 10
47 30 58
47 32 46
47 33 54
47 35 68
47 36 18
47 39 13
47 41 26
47 45 34
47 47 48
47 48 21
47 49 20
47 50 60
47 51 57
47 52 44
47 54 53
47 58 14
47 60 22
47 64 28
47 65 8
47 66 5
47 67 30
48 2 15
48 3 7
48 4 29
48 5 16
48 8 24
48 9 42
48 10 22
48 11 20
48 12 31
48 13 53
48 14 21
48 15 64
48 17 3
48 19 6
48 24 23
48 25 2
48 27 47
48 28 28
48 30 45
48 31 49
48 32 40
48 34 66
48 35 54
48 37 39
48 40 52
48 41 58
48 42 4
48 43 69
48 44 10
48 45 26
48 46 32
48 47 1
48 48 33
48 52 41
48 53 30
48 54 34
48 56 50
48 59 11
48 61 44
48 62 12
48 64 37
48 65 61
48 66 51
48 67 25
48 68 62
49 0 58
49 1 23
49 3 15
49 5 30
49 6 8
49 8 12
49 9 21
49 10 43
49 11 3
49 12 25
49 13 69
49 15 17
49 16 5
49 17 47
49 19 22
49 20 36
49 21 60
49 23 24
49 24 4
49 26 63
49 27 14
49 28 67
49 29 34
49 30 48
49 31 54
49 32 9
49 35 19
49 36 16
49 37 45
49 39 51
49 40 61
49 41 59
49 42 11
49 43 35
49 47 39
49 50 53
49 51 32
49 52 7
49 53 49
49 54 0
49 55 41
49 56 46
49 57 27
49 60 56
49 61 64
49 62 2
49 63 62
49 64 57
49 65 33
49 66 42
49 68 65
49 69 52
50 0 49
50 1 25
50 2 61
50 3 42
50 4 67
50 5 40
50 6 60
50 8 3
50 9 1
50 14 36
50 15 16
50 17 4
50 19 0
50 20 6
50 21 65
50 23 34
50 25 24
50 27 18
50 28 57
50 30 53
50 32 69
50 36 45
50 37 8
50 39 58
50 40 51
50 41 29
50 42 63
50 43 46
50 44 28
50 45 33
50 46 48
50 49 12
50 50 31
50 51 41
50 52 39
50 53 68
50 54 62
50 55 50
50 57 22
50 58 21
50 60 9
50 61 10
50 65 66
50 66 59
50 67 38
50 68 13
51 2 13
51 3 18
51 5 51
51 6 31
51 7 34
51 12 4
51 14 39
51 15 58
51 16 41
51 17 24
51 18 23
51 20 10
51 21 9
51 22 66
51 23 55
51 24 49
51 28 36
51 29 57
51 30 60
51 31 45
51 32 38
51 33 22
51 35 26
51 37 3
51 38 25
51 40 33
51 41 44
51 42 59
51 43 14
51 44 56
51 46 20
51 47 5
51 48 12
51 50 0
51 51 54
51 52 62
51 53 35
51 55 61
51 56 28
51 57 15
51 58 30
51 59 47
51 60 52
51 62 29
51 63 37
51 64 50
51 66 32
51 68 67
51 69 43
52 0 3
52 1 8
52 2 63
52 4 19
52 5 62
52 6 34
52 7 52
52 8 36
52 10 10
52 11 56
52 12 40
52 13 68
52 15 45
52 16 53
52 17 35
52 19 65
52 20 58
52 21 39
52 24 0
52 25 47
52 27 59
52 29 13
52 30 22
52 31 20
52 33 66
52 34 61
52 35 50
52 36 29
52 37 51
52 38 31
52 40 12
52 41 54
52 43 28
52 44 23
52 47 9
52 48 30
52 50 6
52 52 42
52 53 15
52 54 17
52 56 57
52 58 16
52 60 32
52 61 26
52 62 5
52 65 11
52 66 49
52 67 14
53 0 39
53 1 11
53 2 38
53 3 21
53 6 2
53 7 55
53 8 61
53 9 29
53 14 9
53 15 19
53 18 0
53 20 28
53 21 23
53 23 18
53 24 36
53 25 52
53 26 59
53 29 1
53 30 51
53 31 27
53 32 5
53 34 47
53 35 56
53 36 43
53 38 10
53 39 46
53 40 3
53 41 6
53 43 32
53 44 16
53 45 13
53 47 26
53 48 66
53 49 69
53 51 58
53 52 54
53 53 42
53 54 68
53 55 7
53 56 24
53 59 17
53 60 4
53 62 15
53 63 31
53 64 22
53 66 45
53 67 20
53 68 48
53 69 35
54 0 32
54 1 29
54 2 47
54 3 39
54 4 15
54 5 5
54 6 18
54 7 59
54 8 16
54 9 27
54 10 52
54 11 64
54 12 66
54 13 57
54 17 48
54 18 53
54 19 2
54 20 23
54 22 69
54 23 68
54 25 17
54 27 60
54 28 42
54 29 38
54 30 13
54 31 34
54 32 56
54 33 62
54 35 28
54 36 40
54 37 24
54 40 21
54 41 43
54 42 26
54 46 33
54 47 46
54 48 58
54 49 10
54 51 50
54 52 8
54 53 22
54 55 3
54 57 20
54 60 6
54 61 36
54 62 9
54 63 14
54 66 25
54 69 31
55 0 11
55 3 34
55 7 15
55 8 57
55 9 68
55 12 59
55 13 19
55 14 18
55 15 23
55 17 53
55 18 63
55 19 50
55 20 24
55 22 17
55 23 51
55 24 67
55 25 3
55 27 44
55 28 37
55 29 56
55 30 26
55 31 2
55 32 32
55 33 0
55 34 7
55 35 41
55 36 9
55 38 49
55 40 8
55 42 25
55 43 5
55 47 45
55 48 31
55 49 54
55 50 21
55 51 64
55 53 66
55 55 6
55 56 36
55 57 4
55 58 12
55 60 61
55 62 43
55 63 40
55 64 13
55 67 46
55 69 28
56 1 59
56 3 37
56 5 46
56 8 4
56 9 41
56 11 12
56 12 39
56 13 50
56 14 30
56 16 66
56 17 27
56 18 17
56 19 9
56 20 67
56 23 53
56 24 14
56 26 29
56 27 49
56 28 38
56 29 54
56 30 31
56 32 58
56 33 11
56 34 45
56 35 22
56 36 44
56 37 10
56 38 42
56 40 48
56 41 40
56 44 43
56 47 55
56 48 62
56 49 15
56 50 64
56 51 28
56 52 16
56 53 57
56 55 23
56 56 65
56 57 8
56 58 2
56 59 24
56 61 34
56 62 69
56 66 61
57 0 48
57 1 17
57 4 36
57 5 69
57 6 4
57 8 1
57 9 44
57 12 35
57 13 3
57 16 51
57 17 21
57 19 64
57 20 43
57 21 34
57 22 38
57 24 27
57 25 9
57 27 55
57 28 2
57 31 23
57 32 57
57 33 58
57 34 19
57 36 13
57 38 20
57 39 12
57 40 32
57 41 31
57 42 24
57 43 25
57 44 15
57 45 68
57 49 63
57 50 39
57 52 45
57 53 0
57 54 49
57 55 16
57 56 10
57 57 37
57 60 42
57 61 66
57 62 18
57 63 50
57 64 26
57 65 41
57 66 46
57 68 56
57 69 14
58 0 12
58 2 4
58 3 10
58 4 56
58 5 19
58 6 21
58 7 29
58 8 55
58 10 0
58 11 52
58 12 23
58 13 27
58 14 50
58 15 30
58 16 43
58 18 2
58 19 32
58 21 37
58 22 58
58 24 69
58 25 7
58 26 48
58 27 3
58 28 66
58 29 61
58 31 42
58 34 6
58 35 9
58 37 35
58 38 17
58 39 68
58 40 38
58 41 45
58 43 24
58 45 44
58 46 64
58 47 47
58 49 53
58 50 15
58 51 11
58 52 51
58 53 54
58 55 65
58 56 31
58 57 34
58 58 36
58 59 26
58 60 41
58 61 62
58 64 5
58 65 20
58 66 57
58 67 49
58 68 25
59 0 68
59 2 34
59 3 20
59 4 31
59 5 18
59 8 47
59 10 26
59 15 37
59 16 8
59 17 50
59 18 54
59 19 45
59 20 32
59 21 10
59 24 43
59 25 29
59 26 4
59 27 51
59 28 35
59 29 3
59 30 61
59 31 46
59 32 65
59 33 6
59 35 49
59 36 39
59 37 15
59 38 23
59 39 11
59 40 69
59 42 33
59 44 53
59 45 41
59 46 58
59 47 60
59 48 38
59 50 16
59 52 28
59 53 24
59 54 5
59 55 57
59 56 14
59 57 13
59 58 1
59 59 0
59 60 44
59 61 63
59 62 36
59 63 27
59 64 56
59 65 25
59 66 12
59 67 59
59 68 7
59 69 62
60 1 44
60 2 65
60 3 50
60 5 43
60 6 11
60 9 32
60 10 58
60 11 69
60 12 54
60 14 27
60 15 22
60 17 52
60 18 20
60 19 63
60 21 47
60 22 64
60 23 10
60 26 56
60 27 41
60 28 5
60 29 60
60 30 46
60 33 53
60 34 17
60 35 15
60 36 3
60 37 9
60 38 61
60 39 23
60 40 39
60 41 33
60 42 57
60 43 1
60 44 38
60 46 26
60 47 21
60 50 51
60 51 2
60 52 31
60 54 37
60 57 7
60 58 34
60 60 68
60 61 55
60 62 14
60 64 30
60 65 19
60 66 18
60 67 66
60 69 49
61 0 46
61 2 19
61 4 60
61 5 6
61 7 27
61 8 17
61 10 13
61 11 24
61 12 1
61 13 32
61 15 54
61 16 52
61 17 56
61 18 59
61 24 21
61 25 11
61 27 43
61 29 25
61 30 63
61 31 35
61 32 30
61 35 34
61 36 28
61 37 2
61 39 37
61 40 16
61 44 64
61 45 55
61 46 49
61 47 53
61 50 47
61 51 38
61 52 5
61 53 12
61 54 15
61 55 18
61 57 10
61 58 20
61 59 58
61 61 61
61 62 44
61 63 33
61 66 68
61 67 8
61 69 23
62 0 53
62 3 24
62 5 50
62 6 14
62 8 54
62 9 66
62 11 22
62 12 2
62 13 42
62 14 3
62 16 29
62 18 40
62 20 59
62 22 68
62 24 25
62 25 30
62 26 10
62 27 21
62 28 20
62 29 49
62 30 67
62 34 28
62 35 0
62 39 15
62 42 5
62 43 9
62 44 34
62 45 65
62 46 56
62 47 18
62 48 51
62 49 8
62 50 7
62 51 31
62 52 55
62 53 37
62 54 36
62 55 27
62 56 52
62 58 38
62 60 63
62 62 6
62 63 45
62 64 35
62 66 58
62 68 46
62 69 16
63 0 33
63 1 39
63 2 67
63 4 6
63 5 1
63 6 15
63 7 25
63 8 48
63 11 4
63 12 27
63 13 29
63 14 42
63 15 21
63 16 3
63 19 17
63 20 44
63 22 30
63 23 9
63 24 63
63 25 55
63 26 34
63 27 26
63 32 0
63 35 10
63 36 36
63 37 5
63 39 50
63 40 31
63 41 22
63 42 51
63 43 23
63 44 35
63 45 52
63 46 11
63 47 14
63 48 64
63 49 16
63 50 69
63 53 65
63 54 40
63 55 37
63 58 24
63 59 13
63 60 47
63 61 38
63 64 43
63 66 7
63 67 68
63 68 28
63 69 57
64 0 18
64 1 28
64 2 37
64 3 11
64 4 40
64 5 44
64 6 43
64 7 19
64 8 50
64 9 9
64 12 5
64 14 29
64 16 14
64 17 42
64 18 67
64 19 49
64 20 1
64 22 65
64 23 46
64 24 24
64 27 39
64 28 15
64 29 4
64 30 47
64 31 59
64 32 54
64 34 51
64 35 17
64 36 35
64 37 55
64 38 38
64 39 21
64 40 23
64 41 69
64 43 31
64 44 13
64 46 12
64 47 2
64 48 10
64 49 30
64 50 62
64 52 3
64 53 48
64 54 6
64 56 34
64 57 45
64 59 66
64 62 53
64 63 32
64 65 68
64 66 63
64 67 57
64 68 60
64 69 36
65 0 67
65 1 50
65 3 63
65 4 13
65 5 32
65 6 3
65 7 37
65 8 20
65 9 35
65 10 19
65 11 39
65 12 14
65 13 2
65 14 12
65 15 43
65 16 22
65 17 34
65 18 45
65 19 42
65 20 40
65 22 48
65 27 16
65 28 30
65 29 26
65 30 38
65 31 9
65 32 29
65 33 52
65 34 25
65 35 69
65 36 5
65 38 33
65 40 54
65 43 0
65 44 58
65 46 41
65 47 17
65 48 68
65 50 46
65 51 36
65 52 64
65 53 18
65 54 66
65 57 55
65 60 31
65 61 65
65 63 15
65 66 8
65 67 56
65 68 21
66 0 50
66 1 35
66 2 26
66 4 41
66 6 56
66 7 61
66 8 0
66 9 46
66 10 32
66 11 45
66 13 33
66 14 65
66 15 47
66 17 51
66 18 49
66 20 69
66 22 28
66 23 62
66 26 53
66 27 5
66 30 39
66 32 22
66 33 60
66 34 58
66 36 6
66 37 43
66 38 19
66 39 57
66 40 9
66 41 67
66 42 10
66 43 66
66 44 14
66 46 23
66 49 2
66 50 48
66 51 44
66 53 21
66 54 52
66 55 12
66 56 20
66 57 31
66 59 37
66 62 59
66 64 42
66 65 27
66 66 30
66 68 40
66 69 38
67 1 40
67 2 1
67 4 16
67 8 28
67 9 23
67 17 66
67 18 33
67 19 54
67 20 50
67 21 61
67 22 43
67 23 0
67 24 2
67 25 51
67 26 65
67 27 27
67 29 7
67 30 35
67 31 11
67 33 46
67 34 34
67 35 4
67 36 26
67 37 62
67 38 52
67 39 53
67 41 32
67 43 8
67 46 36
67 47 57
67 49 18
67 52 29
67 53 13
67 54 31
67 55 38
67 56 49
67 57 12
67 58 64
67 60 30
67 62 20
67 63 63
67 64 68
67 66 37
68 0 40
68 1 66
68 2 41
68 3 60
68 4 18
68 6 23
68 7 22
68 8 59
68 9 19
68 11 33
68 12 69
68 14 14
68 15 39
68 16 2
68 17 64
68 18 43
68 21 45
68 22 36
68 23 65
68 24 51
68 25 10
68 26 5
68 27 30
68 28 47
68 29 37
68 30 42
68 31 17
68 32 24
68 34 4
68 37 1
68 38 7
68 39 63
68 43 54
68 45 58
68 47 28
68 48 44
68 49 61
68 50 35
68 51 21
68 52 11
68 53 25
68 54 48
68 55 68
68 56 13
68 58 32
68 59 56
68 60 16
68 62 0
68 64 53
68 67 62
68 69 20
69 0 59
69 4 43
69 6 17
69 7 40
69 8 32
69 12 21
69 13 24
69 14 33
69 15 18
69 17 25
69 18 50
69 19 13
69 21 0
69 23 63
69 25 46
69 26 1
69 28 14
69 29 62
69 30 29
69 31 15
69 32 41
69 33 26
69 35 66
69 36 47
69 37 30
69 40 55
69 42 31
69 43 11
69 45 5
69 46 54
69 51 8
69 52 65
69 53 44
69 54 7
69 55 48
69 57 42
69 58 49
69 62 3
69 63 22
69 64 12
69 65 37
69 66 10
69 68 45
69 69 34
