60
0 0 39
0 1 8
0 2 41
0 3 43
0 4 27
0 6 7
0 10 42
0 11 1
0 12 46
0 13 53
0 14 6
0 15 4
0 16 9
0 18 48
0 20 28
0 21 35
0 22 44
0 23 11
0 24 30
0 25 12
0 26 5
0 31 45
0 33 50
0 34 29
0 37 16
0 38 34
0 39 2
0 41 15
0 42 33
0 43 59
0 44 51
0 46 22
0 47 14
0 48 56
0 49 57
0 50 13
0 52 38
0 53 3
0 54 17
0 55 10
0 56 47
0 57 58
0 58 31
1 0 41
1 1 43
1 4 5
1 5 17
1 6 10
1 7 11
1 11 32
1 12 54
1 13 44
1 14 23
1 15 36
1 17 1
1 18 26
1 19 6
1 21 51
1 22 45
1 23 56
1 24 27
1 26 9
1 27 55
1 28 57
1 29 22
1 30 59
1 31 15
1 32 38
1 33 30
1 34 2
1 37 42
1 38 39
1 40 47
1 41 21
1 42 20
1 43 58
1 44 33
1 45 8
1 46 37
1 47 7
1 50 40
1 51 34
1 54 13
1 55 52
1 57 14
1 58 46
2 0 14
2 2 6
2 4 2
2 7 27
2 8 32
2 9 35
2 10 23
2 11 3
2 12 34
2 13 4
2 15 29
2 17 55
2 18 44
2 19 53
2 20 47
2 21 45
2 22 40
2 23 28
2 24 25
2 26 36
2 27 21
2 28 5
2 33 41
2 34 38
2 35 42
2 36 22
2 39 12
2 40 16
2 41 0
2 42 19
2 45 54
2 46 24
2 48 7
2 49 59
2 50 18
2 53 31
2 55 33
2 56 56
3 1 34
3 2 39
3 4 37
3 7 7
3 8 57
3 9 47
3 10 48
3 11 31
3 12 11
3 14 19
3 15 35
3 16 24
3 17 22
3 18 16
3 21 40
3 22 25
3 23 36
3 24 59
3 26 10
3 28 9
3 30 13
3 32 4
3 34 55
3 36 45
3 37 3
3 38 33
3 40 38
3 43 51
3 45 41
3 46 43
3 47 6
3 48 20
3 49 12
3 50 42
3 51 44
3 52 14
3 53 30
3 54 1
3 55 8
3 56 2
3 57 23
3 59 58
4 0 32
4 1 36
4 3 0
4 4 57
4 6 42
4 8 39
4 11 58
4 13 59
4 15 18
4 16 34
4 17 17
4 18 28
4 20 10
4 21 6
4 22 24
4 23 8
4 24 53
4 25 3
4 27 23
4 29 33
4 30 14
4 36 41
4 37 51
4 39 9
4 41 5
4 42 38
4 43 40
4 44 22
4 45 11
4 46 2
4 47 46
4 48 12
4 51 50
4 52 26
4 53 49
4 54 4
4 55 1
4 56 21
4 57 37
4 58 27
5 0 28
5 1 14
5 4 15
5 5 33
5 7 16
5 9 27
5 12 26
5 13 39
5 15 8
5 16 7
5 17 4
5 18 58
5 21 37
5 22 3
5 23 22
5 24 57
5 25 50
5 26 23
5 27 36
5 31 17
5 32 18
5 33 1
5 36 38
5 38 44
5 40 42
5 41 25
5 45 6
5 46 59
5 49 31
5 51 48
5 52 32
5 55 34
5 56 45
5 57 2
5 58 9
5 59 51
6 0 7
6 1 57
6 2 36
6 4 40
6 5 55
6 8 2
6 9 5
6 10 56
6 14 46
6 16 54
6 17 13
6 18 9
6 19 16
6 20 11
6 21 25
6 22 10
6 24 39
6 25 52
6 28 22
6 30 1
6 31 59
6 32 17
6 34 15
6 35 49
6 36 37
6 37 14
6 38 18
6 40 28
6 41 58
6 42 12
6 43 42
6 44 19
6 46 0
6 49 21
6 50 4
6 52 24
6 54 33
6 55 27
6 56 53
6 57 29
6 58 38
7 0 16
7 1 47
7 2 52
7 3 38
7 4 34
7 7 0
7 8 22
7 9 33
7 10 9
7 11 46
7 12 8
7 13 41
7 14 44
7 15 17
7 16 57
7 17 25
7 18 10
7 19 1
7 20 15
7 21 2
7 22 56
7 23 59
7 24 54
7 26 21
7 27 13
7 28 29
7 29 7
7 30 43
7 31 32
7 32 37
7 33 14
7 35 55
7 38 50
7 39 3
7 44 53
7 45 58
7 46 49
7 47 27
7 48 51
7 49 4
7 50 5
7 51 40
7 52 23
7 53 12
7 55 31
7 56 11
7 59 45
8 0 20
8 1 42
8 2 0
8 5 22
8 6 44
8 7 46
8 8 33
8 9 31
8 10 54
8 11 19
8 12 59
8 13 7
8 14 53
8 15 16
8 17 43
8 19 38
8 24 29
8 26 12
8 27 41
8 29 23
8 30 48
8 32 35
8 33 51
8 35 50
8 36 55
8 37 15
8 38 11
8 40 8
8 41 57
8 43 17
8 44 2
8 45 9
8 46 6
8 47 13
8 48 58
8 52 21
8 53 34
8 54 3
8 55 28
8 56 32
8 57 36
8 59 49
9 0 52
9 1 28
9 2 50
9 3 31
9 4 44
9 6 36
9 7 18
9 8 58
9 9 39
9 10 41
9 14 30
9 15 45
9 16 3
9 18 21
9 20 54
9 22 59
9 23 51
9 25 6
9 27 29
9 28 38
9 31 35
9 32 0
9 33 40
9 34 7
9 35 4
9 37 34
9 39 20
9 45 2
9 46 47
9 47 56
9 48 49
9 49 43
9 50 26
9 51 53
9 52 13
9 57 9
9 58 55
9 59 1
10 1 39
10 3 55
10 4 58
10 5 49
10 6 17
10 7 41
10 8 47
10 9 3
10 10 31
10 12 38
10 13 9
10 14 40
10 15 22
10 16 32
10 17 42
10 18 35
10 20 51
10 21 12
10 22 4
10 23 19
10 24 7
10 26 54
10 27 2
10 28 34
10 29 11
10 30 21
10 33 29
10 34 23
10 35 27
10 36 57
10 37 56
10 39 46
10 41 44
10 42 59
10 45 30
10 46 10
10 48 36
10 51 45
10 53 48
10 55 37
10 56 24
10 57 28
10 58 15
11 1 35
11 2 37
11 4 42
11 5 58
11 7 17
11 8 20
11 9 26
11 10 30
11 11 21
11 12 36
11 14 10
11 15 33
11 16 22
11 17 47
11 18 46
11 19 39
11 21 57
11 22 34
11 23 54
11 24 13
11 25 16
11 26 11
11 29 59
11 31 18
11 32 27
11 33 5
11 35 53
11 36 8
11 38 7
11 39 0
11 40 23
11 41 19
11 44 31
11 45 48
11 46 14
11 49 25
11 50 1
11 51 51
11 52 40
11 53 41
11 55 56
11 56 52
11 57 50
11 58 29
11 59 44
12 1 2
12 2 55
12 3 42
12 4 10
12 5 28
12 7 5
12 8 50
12 9 21
12 10 57
12 11 24
12 12 30
12 15 52
12 16 43
12 17 56
12 19 31
12 21 14
12 22 20
12 25 41
12 26 6
12 27 33
12 28 7
12 30 3
12 31 0
12 32 32
12 33 25
12 34 22
12 35 13
12 36 27
12 37 36
12 38 40
12 39 49
12 41 17
12 42 53
12 43 34
12 45 16
12 48 18
12 50 39
12 51 11
12 52 54
12 53 19
12 54 45
12 55 59
12 56 37
12 57 35
12 58 1
12 59 47
13 0 19
13 1 33
13 2 31
13 3 45
13 5 12
13 7 3
13 8 5
13 9 36
13 11 48
13 12 25
13 14 2
13 17 8
13 18 7
13 21 49
13 23 27
13 24 44
13 25 10
13 26 28
13 29 51
13 31 56
13 33 53
13 35 0
13 36 46
13 37 20
13 38 35
13 39 42
13 40 58
13 42 24
13 43 1
13 45 32
13 46 4
13 47 47
13 48 17
13 49 11
13 50 21
13 51 18
13 52 9
13 53 29
13 54 54
13 55 6
13 56 14
13 57 59
13 58 39
14 0 18
14 1 25
14 3 33
14 4 24
14 5 56
14 6 13
14 8 55
14 11 15
14 13 5
14 14 27
14 15 10
14 16 14
14 17 30
14 19 8
14 23 23
14 24 46
14 25 19
14 26 50
14 27 51
14 28 3
14 31 57
14 32 20
14 33 36
14 34 48
14 36 21
14 39 16
14 40 2
14 42 54
14 43 6
14 44 45
14 45 39
14 46 26
14 47 0
14 48 22
14 49 53
14 51 32
14 52 42
14 53 43
14 54 35
14 55 29
14 56 12
14 57 11
14 58 17
14 59 41
15 1 10
15 2 29
15 4 45
15 8 51
15 9 48
15 10 0
15 11 20
15 12 53
15 13 38
15 14 4
15 16 11
15 17 15
15 19 57
15 21 22
15 22 16
15 23 31
15 24 58
15 25 49
15 26 43
15 27 24
15 28 50
15 29 32
15 31 42
15 32 56
15 36 19
15 37 5
15 38 8
15 39 35
15 40 44
15 41 12
15 42 6
15 44 21
15 45 18
15 48 59
15 49 26
15 50 2
15 51 41
15 52 17
15 53 23
15 54 37
15 55 30
15 56 28
15 57 7
15 58 36
15 59 27
16 0 21
16 1 17
16 2 48
16 4 25
16 5 7
16 6 55
16 8 14
16 9 29
16 11 8
16 13 32
16 14 45
16 16 37
16 17 11
16 20 31
16 21 20
16 22 33
16 24 23
16 25 53
16 26 40
16 28 30
16 29 10
16 30 15
16 31 22
16 32 6
16 34 56
16 36 3
16 38 51
16 39 38
16 40 50
16 42 18
16 44 43
16 45 47
16 46 1
16 47 26
16 48 52
16 49 0
16 50 46
16 53 2
16 54 24
16 55 44
16 56 9
16 57 42
16 58 19
17 1 21
17 2 49
17 4 28
17 5 59
17 6 19
17 7 31
17 9 43
17 10 32
17 11 7
17 12 37
17 13 14
17 15 53
17 17 16
17 20 36
17 21 50
17 22 35
17 26 15
17 28 44
17 31 20
17 32 39
17 33 22
17 34 45
17 35 48
17 36 34
17 37 11
17 39 27
17 41 1
17 42 30
17 43 26
17 44 40
17 45 55
17 46 9
17 49 42
17 50 58
17 53 5
17 56 3
17 57 41
17 58 51
18 0 42
18 1 16
18 2 17
18 4 46
18 6 28
18 7 30
18 10 26
18 12 10
18 13 6
18 14 39
18 15 37
18 18 1
18 19 24
18 20 57
18 21 18
18 22 51
18 25 45
18 26 56
18 28 8
18 30 31
18 32 53
18 33 9
18 34 35
18 35 32
18 36 12
18 37 23
18 38 3
18 39 44
18 40 11
18 41 20
18 42 43
18 43 27
18 45 21
18 46 5
18 47 33
18 49 14
18 50 50
18 53 7
18 56 25
18 57 54
18 58 48
19 1 53
19 2 57
19 3 36
19 6 32
19 7 50
19 8 38
19 10 22
19 11 27
19 12 6
19 13 10
19 16 58
19 19 54
19 20 7
19 21 34
19 23 45
19 24 49
19 25 31
19 26 37
19 27 3
19 28 19
19 29 44
19 30 17
19 31 47
19 33 16
19 34 11
19 35 46
19 36 39
19 38 1
19 39 8
19 40 41
19 42 28
19 43 0
19 44 24
19 45 59
19 46 52
19 47 51
19 49 33
19 50 48
19 51 42
19 52 18
19 53 21
19 54 56
19 56 29
19 57 20
19 58 25
19 59 15
20 1 59
20 4 32
20 5 0
20 6 5
20 8 10
20 12 16
20 13 37
20 14 47
20 15 55
20 16 46
20 17 48
20 18 20
20 19 56
20 20 30
20 21 26
20 22 27
20 23 12
20 24 34
20 25 11
20 26 58
20 27 4
20 28 31
20 29 21
20 30 53
20 32 7
20 34 33
20 36 29
20 38 41
20 39 18
20 41 43
20 42 35
20 43 25
20 44 8
20 48 39
20 49 1
20 50 45
20 51 54
20 52 15
20 54 36
20 55 50
20 56 19
20 57 38
20 58 44
21 1 13
21 2 19
21 3 17
21 6 24
21 9 53
21 10 55
21 14 58
21 18 5
21 20 0
21 21 4
21 24 52
21 28 28
21 29 12
21 30 41
21 31 3
21 32 40
21 33 27
21 35 33
21 36 47
21 39 11
21 40 34
21 43 9
21 44 50
21 45 56
21 47 35
21 48 32
21 49 51
21 50 54
21 52 45
21 53 16
21 54 30
21 56 44
21 57 48
22 1 52
22 2 24
22 4 17
22 5 18
22 6 25
22 9 8
22 11 35
22 12 20
22 13 34
22 17 5
22 18 27
22 19 15
22 21 33
22 23 7
22 24 28
22 25 21
22 26 57
22 27 16
22 28 40
22 29 1
22 30 32
22 31 19
22 32 42
22 33 58
22 34 53
22 35 44
22 36 31
22 37 9
22 38 49
22 39 4
22 40 13
22 41 45
22 42 47
22 44 29
22 45 37
22 46 30
22 48 54
22 49 10
22 50 6
22 51 0
22 53 22
22 55 36
22 56 55
22 57 43
22 59 11
23 0 38
23 1 23
23 2 14
23 4 48
23 5 47
23 7 21
23 8 59
23 9 44
23 12 3
23 13 13
23 14 24
23 16 27
23 17 26
23 18 39
23 21 16
23 22 15
23 24 9
23 25 42
23 28 54
23 29 19
23 30 40
23 31 5
23 32 49
23 33 55
23 34 32
23 37 18
23 38 20
23 40 0
23 41 52
23 43 56
23 44 6
23 46 33
23 47 25
23 48 11
23 50 53
23 51 22
23 52 57
23 53 28
23 54 29
23 55 43
23 56 36
23 58 10
23 59 7
24 0 15
24 2 45
24 3 34
24 5 54
24 8 53
24 9 19
24 10 39
24 11 0
24 13 55
24 16 8
24 17 44
24 19 52
24 20 35
24 22 7
24 23 48
24 24 21
24 25 26
24 26 17
24 27 12
24 28 1
24 29 57
24 30 58
24 32 16
24 33 32
24 34 25
24 36 14
24 37 41
24 38 56
24 39 59
24 40 40
24 43 22
24 46 27
24 47 28
24 48 31
24 50 36
24 51 20
24 52 49
24 53 33
24 58 37
24 59 13
25 1 32
25 5 36
25 6 51
25 7 15
25 8 6
25 10 25
25 11 10
25 12 48
25 13 46
25 16 42
25 18 17
25 19 58
25 20 9
25 21 56
25 23 40
25 24 0
25 25 24
25 28 35
25 29 41
25 30 7
25 33 39
25 34 8
25 35 23
25 38 59
25 39 13
25 40 43
25 41 3
25 42 49
25 43 2
25 44 28
25 45 12
25 47 37
25 48 29
25 49 50
25 54 18
25 55 55
25 56 31
25 57 21
25 58 45
25 59 34
26 0 33
26 1 4
26 2 56
26 3 1
26 4 11
26 5 50
26 6 34
26 7 22
26 9 38
26 10 12
26 11 47
26 15 25
26 16 13
26 17 59
26 19 49
26 20 14
26 22 37
26 23 53
26 24 3
26 25 2
26 27 32
26 29 46
26 30 5
26 32 41
26 35 54
26 36 16
26 37 48
26 38 31
26 39 52
26 42 39
26 45 45
26 46 21
26 48 30
26 50 9
26 51 58
26 53 10
26 54 57
26 55 40
26 56 17
26 57 51
26 59 36
27 0 29
27 2 20
27 3 44
27 4 14
27 6 27
27 11 17
27 12 4
27 13 49
27 14 32
27 17 21
27 18 36
27 19 42
27 25 37
27 26 35
27 28 56
27 29 8
27 30 16
27 31 6
27 32 19
27 33 45
27 35 28
27 36 54
27 37 7
27 38 55
27 39 26
27 40 15
27 41 50
27 42 3
27 43 11
27 44 47
27 45 0
27 46 13
27 48 57
27 50 59
27 52 43
27 53 39
27 54 46
27 55 53
27 56 23
27 57 12
27 58 40
28 0 58
28 1 19
28 2 1
28 5 27
28 8 17
28 9 13
28 10 18
28 11 40
28 13 16
28 14 11
28 17 41
28 18 14
28 19 45
28 21 7
28 22 36
28 23 55
28 25 32
28 27 43
28 28 51
28 29 5
28 30 2
28 32 24
28 33 4
28 34 59
28 35 29
28 36 26
28 37 50
28 38 30
28 39 15
28 40 48
28 41 28
28 42 46
28 43 10
28 45 57
28 46 39
28 49 22
28 50 47
28 51 23
28 52 8
28 53 0
28 54 21
28 57 3
29 0 44
29 1 50
29 2 33
29 3 13
29 7 2
29 8 12
29 10 38
29 12 0
29 13 35
29 14 59
29 15 28
29 16 29
29 18 49
29 20 1
29 21 21
29 22 55
29 24 42
29 25 57
29 26 51
29 27 9
29 28 14
29 29 20
29 31 53
29 32 46
29 33 19
29 39 56
29 40 54
29 41 11
29 43 37
29 50 24
29 51 3
29 52 36
29 53 6
29 54 25
29 55 18
29 56 5
29 57 22
29 59 16
30 0 37
30 1 54
30 2 11
30 4 18
30 6 38
30 7 19
30 11 4
30 14 36
30 15 21
30 16 35
30 17 28
30 21 5
30 22 0
30 23 6
30 25 22
30 26 39
30 27 57
30 28 27
30 30 55
30 31 41
30 32 59
30 34 31
30 35 8
30 36 42
30 37 13
30 39 48
30 40 12
30 41 29
30 42 32
30 43 45
30 44 25
30 45 20
30 46 50
30 47 9
30 48 10
30 50 34
30 51 43
30 52 47
30 54 40
30 55 15
30 56 33
30 57 17
30 58 24
31 0 55
31 2 27
31 3 28
31 5 37
31 6 8
31 7 59
31 8 56
31 9 6
31 10 2
31 11 5
31 13 22
31 15 47
31 16 1
31 17 14
31 18 42
31 20 39
31 21 32
31 23 41
31 25 51
31 26 44
31 28 10
31 31 30
31 32 52
31 34 4
31 36 36
31 37 17
31 38 19
31 39 57
31 40 45
31 41 53
31 42 48
31 43 12
31 44 23
31 46 7
31 47 24
31 48 34
31 49 35
31 50 3
31 51 46
31 52 58
31 53 50
31 54 11
31 55 20
31 56 38
31 57 31
31 59 21
32 0 57
32 1 51
32 5 8
32 6 54
32 8 44
32 10 28
32 11 11
32 12 1
32 13 21
32 14 49
32 15 0
32 16 23
32 17 29
32 18 25
32 22 52
32 25 27
32 26 59
32 27 39
32 28 20
32 30 4
32 31 58
32 32 34
32 33 12
32 35 45
32 37 55
32 38 2
32 39 30
32 40 3
32 42 13
32 43 48
32 44 9
32 45 15
32 46 17
32 48 16
32 49 36
32 51 37
32 52 33
32 53 53
32 59 43
33 0 36
33 1 12
33 2 32
33 4 21
33 5 6
33 6 4
33 10 33
33 11 22
33 12 52
33 16 0
33 17 51
33 18 3
33 19 34
33 20 42
33 22 31
33 24 50
33 25 7
33 26 29
33 27 46
33 28 58
33 29 38
33 31 40
33 32 57
33 34 54
33 36 13
33 37 45
33 38 25
33 39 5
33 40 53
33 41 39
33 42 14
33 43 16
33 44 15
33 45 43
33 46 28
33 47 49
33 48 23
33 49 44
33 50 35
33 51 2
33 52 37
33 53 59
33 56 26
33 57 18
33 59 17
34 2 9
34 3 25
34 4 59
34 7 34
34 8 19
34 9 20
34 10 49
34 11 42
34 12 5
34 14 29
34 16 16
34 17 36
34 19 10
34 22 18
34 24 51
34 25 43
34 26 31
34 27 48
34 28 17
34 29 55
34 30 23
34 31 26
34 32 8
34 33 37
34 34 41
34 35 56
34 36 52
34 38 24
34 39 58
34 40 32
34 43 44
34 45 1
34 50 11
34 51 6
34 52 50
34 53 57
34 54 28
34 55 54
34 56 35
34 57 0
34 58 22
35 1 20
35 3 3
35 4 1
35 5 35
35 9 28
35 10 11
35 11 52
35 12 2
35 14 37
35 15 12
35 16 56
35 17 50
35 20 6
35 21 19
35 22 9
35 23 14
35 24 26
35 26 4
35 28 36
35 29 34
35 31 51
35 32 58
35 33 10
35 34 5
35 38 22
35 40 30
35 42 27
35 43 7
35 44 46
35 47 57
35 48 43
35 49 13
35 51 55
35 52 48
35 54 31
35 56 59
35 59 23
36 0 24
36 2 28
36 3 32
36 5 25
36 6 58
36 7 45
36 9 51
36 11 38
36 12 50
36 13 31
36 14 56
36 15 13
36 16 44
36 17 2
36 18 11
36 19 40
36 20 5
36 21 55
36 23 20
36 24 14
36 25 48
36 26 46
36 27 30
36 28 12
36 29 42
36 30 47
36 31 16
36 32 15
36 33 34
36 34 36
36 35 22
36 36 17
36 37 57
36 38 54
36 39 33
36 41 59
36 42 21
36 43 52
36 44 1
36 45 49
36 47 19
36 48 3
36 49 6
36 50 10
36 51 9
36 52 53
36 54 27
36 55 23
36 57 26
36 59 4
37 0 47
37 1 24
37 2 40
37 3 39
37 5 21
37 6 45
37 8 26
37 9 14
37 10 19
37 12 49
37 13 17
37 14 0
37 15 15
37 16 10
37 18 29
37 19 22
37 21 11
37 22 46
37 23 25
37 24 6
37 26 52
37 28 53
37 29 36
37 30 35
37 33 20
37 34 50
37 35 30
37 37 1
37 38 43
37 39 31
37 40 51
37 41 9
37 42 2
37 45 13
37 47 18
37 50 16
37 51 38
37 52 4
37 53 56
37 54 12
37 55 7
37 56 42
37 57 34
37 58 8
38 0 17
38 2 51
38 3 19
38 5 2
38 6 47
38 7 20
38 8 18
38 10 24
38 11 43
38 12 42
38 13 54
38 15 1
38 16 59
38 17 46
38 19 27
38 20 21
38 21 58
38 23 5
38 24 37
38 25 36
38 26 49
38 27 8
38 28 15
38 35 6
38 37 44
38 38 12
38 39 25
38 40 9
38 41 48
38 42 11
38 44 52
38 45 50
38 47 16
38 48 13
38 49 32
38 50 22
38 51 14
38 53 35
38 54 7
38 56 10
38 57 57
38 59 29
39 0 35
39 1 48
39 3 59
39 5 40
39 6 21
39 8 28
39 9 55
39 10 14
39 12 41
39 13 12
39 14 31
39 15 20
39 18 37
39 19 2
39 20 43
39 21 15
39 24 11
39 25 34
39 26 18
39 27 26
39 29 0
39 30 57
39 31 39
39 32 3
39 33 33
39 34 30
39 35 1
39 36 10
39 37 22
39 39 19
39 40 56
39 41 7
39 42 44
39 44 54
39 45 52
39 46 36
39 47 32
39 48 46
39 49 29
39 50 27
39 51 16
39 52 51
39 54 8
39 55 5
40 0 48
40 2 25
40 3 47
40 4 6
40 5 4
40 6 3
40 7 44
40 8 45
40 9 16
40 11 2
40 12 29
40 13 52
40 14 1
40 15 19
40 16 49
40 18 56
40 19 30
40 20 12
40 21 0
40 25 15
40 27 11
40 28 43
40 29 18
40 30 42
40 34 34
40 37 39
40 38 28
40 39 50
40 42 9
40 43 31
40 44 5
40 45 7
40 46 57
40 47 53
40 48 37
40 50 32
40 53 13
40 55 58
40 57 46
40 58 54
41 0 49
41 2 47
41 4 38
41 5 57
41 6 33
41 8 30
41 9 42
41 10 10
41 11 13
41 12 21
41 13 20
41 14 34
41 15 59
41 16 4
41 19 50
41 20 32
41 21 24
41 23 3
41 24 16
41 25 14
41 26 22
41 27 18
41 28 2
41 29 48
41 34 58
41 36 25
41 37 19
41 38 23
41 39 55
41 40 7
41 41 36
41 42 26
41 45 51
41 46 29
41 47 54
41 48 5
41 49 17
41 50 8
41 51 39
41 52 11
41 53 27
41 55 9
41 58 53
41 59 37
42 0 31
42 2 59
42 4 12
42 5 14
42 6 23
42 7 28
42 9 58
42 12 17
42 13 1
42 14 48
42 16 39
42 17 20
42 21 46
42 22 30
42 23 49
42 24 24
42 25 56
42 27 44
42 29 53
42 30 0
42 31 9
42 32 10
42 36 43
42 37 8
42 38 42
42 40 27
42 41 33
42 42 41
42 45 25
42 46 35
42 47 34
42 49 19
42 51 15
42 53 36
42 55 13
42 56 51
42 57 16
42 59 50
43 0 10
43 1 6
43 2 13
43 3 54
43 5 11
43 6 18
43 7 12
43 8 24
43 9 9
43 13 2
43 14 26
43 16 47
43 19 43
43 20 46
43 21 52
43 22 29
43 24 55
43 27 50
43 28 21
43 29 16
43 31 34
43 33 48
43 35 37
43 36 7
43 37 28
43 41 40
43 42 5
43 44 27
43 45 33
43 46 32
43 48 45
43 49 8
43 50 41
43 54 53
43 55 42
43 56 39
43 57 25
43 58 59
43 59 56
44 0 6
44 1 49
44 2 35
44 4 13
44 7 42
44 9 15
44 10 4
44 11 29
44 12 57
44 14 14
44 15 56
44 16 40
44 17 10
44 18 22
44 19 9
44 20 45
44 21 54
44 22 12
44 23 33
44 24 19
44 25 44
44 26 25
44 28 16
44 30 37
44 31 48
44 34 39
44 36 51
44 37 46
44 38 32
44 39 21
44 40 36
44 42 50
44 43 3
44 45 27
44 46 20
44 48 1
44 49 18
44 50 23
44 54 0
44 59 5
45 1 45
45 2 5
45 3 11
45 4 33
45 6 26
45 10 8
45 11 18
45 12 28
45 14 22
45 15 27
45 16 19
45 17 6
45 18 38
45 19 36
45 20 40
45 21 59
45 22 21
45 23 37
45 24 20
45 25 13
45 26 48
45 28 41
45 29 29
45 31 43
45 35 14
45 36 44
45 37 32
45 38 0
45 40 55
45 41 42
45 42 17
45 43 30
45 45 4
45 47 15
45 48 50
45 50 12
45 51 7
45 54 34
45 55 51
45 56 57
45 58 16
46 0 40
46 2 58
46 4 51
46 5 20
46 9 56
46 11 30
46 12 15
46 13 36
46 14 42
46 16 45
46 17 3
46 18 24
46 20 33
46 21 17
46 22 32
46 23 34
46 26 2
46 28 26
46 29 31
46 31 14
46 32 25
46 33 43
46 34 44
46 35 41
46 37 35
46 38 5
46 39 7
46 40 10
46 41 55
46 42 37
46 45 53
46 46 12
46 48 47
46 50 28
46 52 29
46 53 11
46 54 23
46 56 27
46 57 49
46 58 21
46 59 6
47 2 7
47 4 16
47 6 50
47 7 57
47 8 0
47 9 23
47 11 12
47 12 19
47 14 54
47 15 14
47 16 53
47 17 9
47 18 33
47 19 11
47 21 42
47 23 32
47 24 4
47 25 59
47 26 13
47 27 56
47 28 52
47 29 25
47 30 29
47 31 28
47 33 8
47 34 27
47 35 17
47 36 2
47 37 30
47 38 21
47 39 6
47 40 49
47 42 51
47 43 41
47 44 37
47 46 48
47 47 45
47 48 26
47 49 20
47 50 31
47 51 36
47 52 39
47 53 18
47 54 55
47 55 3
47 56 1
47 58 35
48 1 7
48 2 3
48 3 12
48 4 29
48 5 32
48 6 40
48 7 49
48 8 42
48 9 54
48 11 14
48 13 58
48 14 25
48 15 6
48 16 2
48 17 39
48 20 17
48 21 48
48 23 47
48 24 15
48 26 16
48 29 43
48 30 20
48 31 11
48 33 21
48 34 1
48 35 51
48 36 35
48 37 31
48 39 37
48 40 59
48 42 56
48 44 0
48 45 23
48 46 46
48 47 5
48 48 53
48 49 24
48 50 57
48 51 28
48 54 9
48 55 45
48 56 22
48 57 8
48 58 52
48 59 30
49 1 55
49 2 30
49 3 50
49 4 39
49 5 10
49 6 29
49 8 11
49 10 46
49 11 16
49 12 47
49 14 28
49 15 32
49 16 31
49 18 53
49 19 7
49 21 3
49 23 26
49 24 43
49 26 1
49 30 27
49 31 2
49 34 9
49 35 34
49 36 59
49 37 54
49 39 24
49 40 33
49 42 58
49 43 20
49 44 17
49 46 56
49 47 22
49 48 8
49 49 48
49 50 37
49 51 12
49 52 25
49 53 40
49 56 41
49 57 52
49 59 42
50 0 30
50 1 27
50 2 42
50 8 36
50 9 10
50 10 5
50 12 45
50 13 11
50 14 20
50 15 2
50 16 28
50 17 7
50 19 29
50 20 49
50 21 13
50 23 39
50 27 1
50 28 25
50 30 33
50 31 31
50 32 51
50 33 56
50 34 17
50 35 43
50 36 50
50 37 0
50 38 9
50 39 22
50 40 6
50 41 46
50 42 57
50 43 38
50 45 24
50 46 53
50 47 3
50 48 41
50 49 40
50 50 15
50 51 35
50 52 59
50 53 37
50 56 4
50 58 34
50 59 18
51 0 11
51 1 30
51 2 10
51 3 58
51 4 8
51 5 13
51 6 56
51 7 38
51 9 41
51 10 34
51 11 9
51 12 7
51 15 26
51 16 51
51 17 12
51 18 47
51 19 18
51 20 22
51 22 14
51 23 16
51 24 2
51 25 20
51 27 40
51 28 4
51 29 27
51 30 45
51 31 52
51 35 3
51 36 28
51 40 17
51 41 37
51 43 35
51 45 31
51 47 21
51 48 19
51 49 49
51 51 5
51 52 46
51 54 59
51 55 39
51 56 54
51 57 15
51 58 43
51 59 57
52 0 59
52 2 53
52 3 22
52 4 52
52 5 26
52 6 48
52 7 39
52 8 4
52 9 30
52 11 50
52 13 24
52 14 18
52 15 43
52 16 17
52 17 32
52 19 3
52 21 9
52 22 13
52 23 44
52 24 36
52 25 8
52 26 34
52 27 7
52 29 14
52 30 38
52 32 5
52 33 42
52 34 16
52 37 2
52 38 37
52 39 54
52 43 46
52 44 57
52 45 28
52 46 45
52 48 40
52 49 15
52 51 29
52 54 51
52 55 49
52 56 20
52 57 27
52 58 58
52 59 35
53 0 12
53 1 5
53 2 4
53 6 39
53 7 33
53 8 13
53 9 57
53 10 44
53 11 51
53 12 22
53 13 56
53 14 38
53 15 41
53 17 24
53 18 19
53 19 35
53 20 8
53 21 29
53 22 42
53 24 10
53 30 11
53 32 54
53 33 0
53 35 15
53 36 9
53 37 37
53 38 27
53 40 52
53 41 6
53 43 21
53 45 40
53 46 31
53 48 28
53 49 45
53 50 14
53 52 55
53 53 46
53 54 2
53 56 48
53 57 47
53 58 18
53 59 32
54 0 5
54 1 3
54 3 8
54 5 39
54 7 4
54 8 37
54 9 59
54 10 47
54 11 36
54 13 28
54 14 7
54 15 11
54 16 18
54 18 2
54 19 23
54 22 54
54 23 17
54 24 45
54 25 30
54 26 14
54 30 25
54 31 24
54 32 9
54 34 19
54 35 58
54 36 32
54 37 10
54 39 34
54 40 31
54 41 56
54 44 55
54 45 22
54 46 15
54 47 48
54 49 41
54 51 1
54 52 27
54 55 21
54 56 6
54 57 44
55 0 54
55 1 58
55 2 21
55 4 3
55 7 35
55 8 49
55 11 57
55 12 18
55 13 50
55 14 9
55 18 32
55 20 16
55 21 30
55 23 2
55 24 17
55 26 42
55 27 53
55 28 37
55 29 45
55 30 56
55 33 59
55 34 46
55 36 0
55 37 29
55 38 14
55 39 43
55 41 31
55 42 7
55 46 23
55 47 39
55 49 5
55 50 51
55 51 33
55 52 52
55 53 20
55 55 47
55 57 55
55 58 12
55 59 25
56 0 50
56 1 11
56 3 56
56 4 43
56 5 51
56 6 22
56 8 7
56 9 37
56 11 54
56 12 12
56 13 42
56 15 30
56 16 21
56 17 18
56 18 13
56 20 55
56 21 23
56 23 29
56 24 31
56 25 0
56 26 38
56 29 24
56 31 49
56 34 14
56 35 47
56 36 1
56 37 53
56 38 26
56 39 36
56 40 39
56 43 8
56 44 41
56 45 5
56 46 40
56 47 20
56 50 44
56 52 6
56 53 52
56 55 4
56 58 33
56 59 28
57 1 18
57 3 48
57 5 15
57 7 8
57 9 50
57 11 39
57 12 24
57 13 43
57 14 3
57 15 54
57 16 41
57 17 45
57 19 20
57 20 26
57 22 53
57 23 58
57 24 32
57 25 17
57 26 30
57 27 31
57 28 13
57 29 37
57 30 51
57 32 47
57 33 11
57 34 12
57 35 35
57 36 33
57 38 29
57 39 10
57 40 5
57 41 23
57 42 0
57 43 19
57 46 42
57 47 59
57 48 4
57 49 55
57 50 38
57 51 52
57 52 44
57 54 49
57 55 46
57 56 16
57 57 40
57 58 28
57 59 22
58 0 51
58 1 40
58 2 8
58 3 7
58 4 23
58 7 6
58 8 27
58 9 22
58 11 26
58 12 56
58 13 45
58 15 31
58 16 55
58 18 50
58 19 17
58 20 37
58 21 44
58 22 5
58 24 35
58 26 41
58 27 42
58 29 9
58 30 36
58 32 12
58 34 20
58 36 48
58 37 25
58 38 16
58 39 39
58 41 34
58 43 18
58 44 32
58 45 10
58 47 4
58 48 14
58 49 58
58 50 0
58 52 30
58 54 47
58 55 2
58 56 13
58 58 49
59 0 22
59 1 1
59 2 15
59 3 37
59 4 0
59 5 24
59 6 9
59 8 41
59 9 18
59 11 44
59 12 35
59 13 33
59 14 52
59 15 7
59 17 49
59 20 29
59 21 47
59 23 46
59 24 8
59 30 26
59 31 38
59 32 50
59 33 2
59 36 40
59 38 45
59 39 28
59 41 51
59 42 34
59 43 43
59 44 58
59 45 36
59 48 48
59 49 54
59 51 56
59 52 20
59 53 25
59 54 42
59 55 32
59 57 13
59 59 10
