70
0 2 45
0 3 17
0 4 54
0 9 16
0 12 22
0 16 12
0 17 10
0 18 26
0 19 49
0 22 69
0 29 63
0 31 6
0 38 60
0 42 66
0 44 24
0 46 58
0 53 34
0 56 61
0 58 2
0 61 19
0 68 9
1 4 55
1 6 37
1 7 8
1 21 13
1 25 17
1 26 65
1 30 12
1 32 51
1 33 63
1 34 28
1 35 10
1 42 56
1 45 0
1 48 49
1 49 61
1 54 31
1 61 64
1 62 5
1 63 54
1 66 39
2 0 53
2 13 62
2 14 42
2 15 34
2 18 31
2 21 22
2 22 41
2 27 5
2 31 11
2 32 0
2 36 26
2 37 47
2 39 59
2 42 8
2 44 16
2 45 10
2 50 13
2 54 40
2 55 36
2 58 4
2 60 67
2 61 6
2 62 45
3 0 4
3 3 54
3 13 52
3 14 3
3 19 0
3 22 49
3 24 26
3 25 27
3 27 41
3 28 6
3 35 44
3 42 29
3 43 17
3 46 46
3 47 57
3 48 28
3 55 53
3 58 12
3 60 37
3 61 14
3 68 48
4 1 9
4 6 44
4 13 66
4 17 22
4 18 15
4 20 49
4 21 19
4 22 11
4 24 2
4 28 29
4 30 58
4 36 62
4 37 60
4 39 54
4 40 63
4 42 14
4 43 16
4 46 28
4 47 50
4 51 10
4 58 68
4 62 52
4 65 20
4 67 31
4 69 48
5 2 63
5 6 49
5 10 43
5 14 45
5 16 56
5 21 10
5 22 8
5 24 15
5 25 34
5 30 17
5 37 29
5 41 3
5 47 18
5 52 31
5 56 53
5 57 6
5 58 32
5 63 12
5 66 42
5 68 61
6 2 51
6 9 40
6 11 63
6 12 9
6 20 33
6 21 38
6 24 53
6 26 48
6 27 64
6 30 62
6 34 24
6 37 21
6 40 35
6 41 54
6 42 0
6 43 34
6 46 11
6 47 26
6 51 14
6 57 4
6 63 65
6 64 44
6 68 30
6 69 60
7 2 14
7 4 26
7 7 64
7 15 56
7 21 29
7 25 54
7 27 19
7 34 44
7 37 4
7 43 5
7 50 11
7 54 35
7 62 13
7 63 7
7 64 0
7 65 6
7 66 51
7 69 58
8 1 10
8 4 45
8 9 64
8 13 44
8 14 52
8 18 43
8 19 67
8 22 62
8 26 50
8 28 51
8 31 37
8 36 47
8 42 36
8 45 7
8 46 5
8 48 34
8 52 0
8 60 58
8 63 41
8 65 30
8 68 69
9 1 19
9 6 0
9 12 59
9 14 64
9 20 23
9 25 52
9 27 28
9 33 15
9 38 11
9 39 32
9 40 2
9 41 30
9 49 38
9 52 18
9 56 6
9 57 33
9 64 13
9 65 42
9 66 17
10 1 45
10 2 15
10 3 14
10 6 58
10 10 6
10 13 11
10 14 34
10 15 16
10 18 59
10 19 21
10 21 26
10 22 39
10 25 43
10 28 41
10 30 67
10 33 54
10 35 40
10 36 51
10 37 44
10 43 23
10 49 42
10 52 62
10 53 2
10 60 56
10 62 22
10 65 1
10 67 29
11 0 34
11 2 37
11 3 2
11 9 31
11 12 56
11 13 46
11 19 1
11 24 41
11 27 32
11 38 50
11 43 26
11 44 62
11 51 44
11 53 10
11 58 7
11 62 29
12 8 24
12 9 61
12 10 60
12 13 27
12 14 10
12 16 67
12 18 53
12 20 19
12 24 68
12 27 23
12 28 34
12 33 2
12 34 14
12 37 18
12 43 59
12 45 56
12 46 4
12 49 30
12 50 28
12 52 21
12 54 16
12 60 20
13 0 9
13 2 21
13 5 66
13 7 36
13 8 41
13 11 61
13 12 57
13 14 14
13 16 50
13 17 19
13 22 31
13 26 67
13 27 51
13 31 12
13 32 6
13 37 28
13 39 10
13 41 62
13 47 15
13 48 65
13 56 42
13 58 58
13 62 64
13 63 2
13 68 34
14 2 48
14 9 22
14 11 27
14 12 46
14 13 30
14 17 33
14 21 16
14 26 54
14 28 1
14 31 64
14 33 37
14 36 52
14 46 56
14 47 0
14 51 23
14 55 58
14 63 35
14 66 57
15 2 32
15 4 12
15 7 34
15 10 11
15 11 67
15 14 43
15 16 39
15 17 28
15 21 54
15 22 24
15 23 17
15 25 69
15 27 6
15 32 8
15 39 18
15 42 64
15 46 2
15 47 55
15 48 21
15 53 15
15 54 0
15 56 1
15 61 29
15 63 61
15 64 65
15 66 38
16 2 26
16 4 18
16 9 21
16 20 6
16 22 47
16 25 37
16 26 41
16 30 50
16 31 58
16 34 62
16 36 38
16 38 20
16 39 65
16 43 24
16 47 39
16 49 23
16 51 22
16 53 64
16 56 9
16 63 16
16 66 40
17 4 62
17 11 16
17 13 47
17 16 1
17 17 60
17 19 22
17 22 46
17 29 54
17 31 29
17 34 13
17 36 23
17 40 34
17 41 35
17 42 67
17 49 8
17 50 69
17 53 66
17 55 59
17 62 9
17 64 10
18 2 66
18 5 21
18 7 42
18 8 54
18 11 26
18 12 69
18 16 14
18 18 0
18 20 7
18 24 62
18 25 47
18 28 18
18 33 50
18 35 15
18 39 39
18 45 30
18 46 8
18 50 25
18 51 63
18 52 59
18 59 31
18 60 46
18 64 43
18 66 4
18 67 35
18 68 38
19 1 67
19 2 29
19 4 35
19 7 48
19 8 5
19 10 13
19 13 22
19 16 38
19 17 66
19 18 8
19 22 9
19 24 11
19 36 12
19 37 6
19 41 37
19 42 16
19 48 44
19 51 20
19 52 33
19 54 39
19 56 68
19 60 47
19 62 57
19 64 18
20 2 41
20 3 42
20 7 24
20 8 58
20 9 50
20 10 21
20 13 13
20 14 38
20 16 32
20 17 57
20 27 27
20 28 63
20 34 17
20 36 39
20 50 66
20 54 61
20 62 1
20 65 69
20 67 67
20 68 55
21 2 6
21 4 49
21 18 56
21 20 61
21 22 50
21 24 69
21 27 21
21 31 0
21 33 9
21 38 30
21 42 59
21 44 15
21 45 16
21 46 62
21 57 22
21 58 63
21 60 26
21 63 55
21 69 19
22 2 5
22 4 16
22 6 24
22 7 3
22 9 26
22 10 29
22 11 33
22 16 60
22 19 36
22 20 63
22 21 67
22 22 44
22 24 39
22 26 64
22 29 35
22 41 69
22 42 23
22 44 37
22 51 57
22 54 58
22 58 27
22 60 14
22 62 49
22 69 30
23 2 50
23 11 51
23 16 28
23 20 0
23 23 19
23 32 29
23 36 20
23 37 40
23 38 66
23 46 18
23 47 38
23 49 60
23 50 41
23 53 14
23 55 43
23 57 53
23 58 22
23 60 13
23 63 49
23 65 17
23 66 30
23 68 57
23 69 67
24 0 38
24 13 57
24 14 67
24 16 52
24 17 23
24 25 24
24 26 14
24 27 65
24 32 36
24 35 62
24 38 37
24 39 2
24 41 6
24 42 12
24 43 56
24 49 20
24 56 48
24 60 44
24 62 63
24 64 49
24 67 16
25 0 33
25 3 7
25 5 52
25 18 18
25 20 24
25 30 15
25 32 21
25 34 48
25 35 27
25 37 41
25 45 11
25 56 69
25 58 50
25 59 55
25 60 60
25 64 2
25 65 57
25 66 14
25 67 5
25 69 47
26 3 28
26 13 45
26 17 69
26 19 25
26 31 38
26 33 35
26 34 56
26 39 19
26 46 55
26 50 22
26 51 42
26 53 67
26 54 8
26 57 17
26 61 30
26 64 11
26 65 50
26 66 7
27 8 3
27 13 63
27 15 27
27 18 39
27 21 32
27 27 59
27 34 1
27 35 16
27 36 45
27 38 10
27 39 17
27 41 2
27 47 31
27 51 11
27 54 30
27 66 60
28 6 21
28 9 30
28 11 66
28 12 63
28 13 19
28 16 48
28 17 35
28 22 22
28 23 54
28 26 3
28 27 18
28 28 32
28 29 8
28 30 23
28 34 37
28 35 59
28 37 16
28 46 47
28 50 29
28 52 45
28 53 61
28 57 49
28 62 15
28 63 10
28 67 27
28 68 4
29 2 35
29 4 53
29 12 17
29 15 28
29 16 64
29 17 40
29 20 25
29 22 27
29 26 62
29 30 10
29 32 22
29 36 4
29 39 47
29 40 26
29 41 43
29 43 65
29 52 5
29 54 29
29 57 7
29 58 19
29 59 9
29 66 8
29 67 38
30 1 63
30 2 43
30 5 9
30 6 47
30 8 69
30 10 39
30 19 55
30 23 23
30 27 49
30 28 14
30 32 60
30 33 16
30 36 56
30 37 7
30 38 46
30 50 62
30 53 58
30 54 28
30 55 68
30 63 52
30 66 35
31 1 53
31 2 64
31 8 34
31 12 23
31 13 48
31 25 8
31 28 31
31 31 30
31 33 60
31 35 69
31 37 27
31 47 61
31 48 52
31 52 51
31 54 66
31 56 62
31 58 59
31 59 63
31 62 38
31 68 35
32 1 38
32 2 10
32 5 1
32 8 46
32 9 27
32 14 32
32 15 54
32 23 28
32 24 40
32 27 69
32 28 60
32 30 26
32 32 34
32 38 29
32 39 31
32 41 20
32 43 33
32 44 5
32 47 43
32 51 18
32 53 35
32 57 12
32 60 65
32 61 55
32 63 21
32 64 7
33 1 44
33 6 39
33 9 35
33 10 27
33 11 9
33 13 29
33 15 8
33 16 57
33 23 22
33 25 26
33 31 28
33 32 67
33 36 0
33 42 15
33 43 13
33 52 55
33 57 18
33 59 50
33 63 60
33 65 12
33 66 19
34 0 1
34 5 12
34 11 20
34 14 27
34 15 15
34 21 66
34 26 47
34 34 7
34 37 62
34 40 21
34 44 63
34 48 5
34 53 16
34 54 45
35 2 24
35 13 0
35 15 57
35 19 10
35 20 32
35 23 34
35 25 49
35 26 26
35 29 50
35 32 69
35 36 29
35 37 63
35 40 5
35 42 4
35 44 1
35 46 15
35 52 41
35 61 17
35 63 13
35 66 21
35 67 64
36 0 37
36 5 63
36 7 29
36 13 17
36 14 33
36 17 51
36 19 68
36 21 64
36 28 48
36 30 3
36 41 32
36 46 50
36 62 25
36 63 18
36 66 36
36 69 15
37 0 39
37 2 58
37 3 24
37 5 43
37 11 10
37 14 13
37 15 49
37 18 37
37 20 48
37 23 69
37 25 42
37 26 66
37 39 64
37 41 8
37 42 33
37 45 27
37 48 7
37 49 31
37 52 34
37 53 29
37 54 46
37 58 61
37 61 0
37 64 35
37 69 57
38 9 62
38 11 30
38 14 69
38 19 59
38 24 21
38 27 2
38 32 33
38 33 23
38 34 66
38 35 48
38 39 57
38 43 20
38 45 52
38 59 40
38 63 26
38 65 18
38 67 11
39 1 14
39 2 61
39 5 56
39 11 40
39 14 60
39 16 13
39 18 16
39 20 21
39 21 8
39 26 63
39 27 24
39 30 30
39 31 22
39 34 65
39 35 4
39 39 37
39 43 62
39 44 18
39 48 58
39 56 66
39 62 54
39 64 23
39 66 50
40 2 22
40 13 40
40 16 42
40 17 14
40 20 53
40 22 17
40 24 9
40 27 60
40 34 21
40 37 33
40 39 67
40 40 64
40 47 8
40 53 20
40 54 24
40 58 30
40 60 69
40 65 10
40 66 16
40 67 26
41 25 15
41 30 64
41 33 67
41 35 14
41 41 36
41 42 20
41 45 44
41 47 41
41 48 38
41 53 63
41 55 48
41 58 18
41 67 52
41 69 24
42 19 11
42 20 67
42 21 44
42 22 2
42 23 32
42 24 16
42 25 23
42 30 0
42 33 36
42 36 8
42 39 6
42 41 53
42 46 37
42 47 56
42 51 31
42 58 49
42 62 39
42 66 13
42 67 61
43 3 67
43 4 58
43 6 60
43 8 9
43 13 41
43 15 35
43 16 24
43 29 26
43 33 48
43 36 16
43 39 43
43 43 49
43 44 7
43 46 6
43 52 69
43 53 59
43 59 15
43 60 10
43 61 22
43 64 47
43 65 3
43 69 27
44 0 16
44 2 28
44 3 26
44 11 58
44 13 6
44 15 31
44 17 50
44 20 55
44 21 20
44 30 52
44 32 62
44 34 29
44 41 12
44 43 30
44 45 60
44 47 14
44 53 27
44 55 7
44 62 42
44 64 37
44 68 64
45 2 67
45 3 69
45 7 5
45 8 15
45 14 63
45 16 3
45 18 62
45 19 37
45 20 8
45 25 44
45 26 60
45 27 48
45 30 46
45 35 22
45 42 45
45 46 26
45 52 11
45 54 6
45 55 54
45 59 28
45 67 23
46 6 45
46 7 19
46 10 10
46 13 54
46 15 18
46 16 55
46 18 38
46 23 67
46 25 3
46 27 50
46 31 21
46 34 57
46 43 36
46 44 42
46 47 52
46 50 48
46 53 23
46 57 1
46 58 8
46 59 7
46 62 34
47 1 56
47 3 65
47 9 25
47 12 36
47 14 19
47 17 1
47 19 32
47 20 42
47 21 45
47 23 14
47 24 43
47 25 13
47 27 7
47 28 49
47 31 35
47 32 63
47 39 30
47 40 51
47 45 8
47 51 3
47 52 12
47 59 44
47 63 46
47 66 41
48 4 31
48 9 38
48 12 5
48 17 27
48 19 33
48 20 39
48 21 23
48 23 50
48 24 46
48 27 52
48 35 42
48 42 3
48 45 1
48 47 63
48 57 8
48 60 6
48 62 11
48 63 51
48 64 15
48 68 56
48 69 9
49 2 30
49 3 64
49 4 23
49 15 62
49 16 51
49 32 31
49 33 8
49 34 52
49 37 36
49 39 16
49 49 12
49 55 61
49 64 60
49 67 59
49 69 3
50 1 58
50 2 65
50 4 33
50 5 39
50 7 11
50 8 0
50 10 15
50 11 1
50 12 50
50 13 3
50 21 27
50 24 54
50 25 45
50 29 22
50 30 13
50 32 66
50 37 26
50 38 53
50 40 6
50 43 9
50 46 59
50 49 40
50 50 31
50 53 52
50 54 49
50 55 16
50 59 64
50 65 21
50 68 60
51 6 9
51 10 19
51 14 0
51 15 63
51 16 2
51 23 11
51 35 36
51 38 5
51 39 45
51 42 37
51 44 69
51 47 20
51 50 24
51 51 68
51 57 55
51 58 54
51 59 1
51 60 43
51 64 58
52 0 25
52 1 66
52 7 45
52 10 67
52 19 29
52 20 14
52 21 17
52 28 9
52 29 59
52 33 22
52 35 53
52 36 5
52 43 37
52 44 31
52 46 60
52 47 40
52 48 20
52 51 15
52 56 64
52 57 21
52 58 0
52 60 61
52 61 7
52 67 68
52 69 11
53 0 67
53 1 15
53 3 63
53 7 44
53 9 18
53 13 35
53 17 37
53 18 28
53 19 27
53 21 34
53 22 68
53 28 19
53 29 20
53 30 65
53 35 11
53 40 54
53 41 0
53 42 31
53 48 48
53 50 60
53 52 8
53 54 33
53 58 1
53 59 61
53 62 30
53 64 17
54 4 22
54 6 20
54 11 59
54 13 56
54 17 21
54 19 13
54 23 10
54 25 5
54 26 36
54 30 28
54 35 55
54 36 7
54 39 58
54 42 47
54 48 41
54 51 66
54 53 40
54 56 32
54 60 17
54 67 45
55 2 3
55 4 39
55 7 69
55 12 7
55 22 56
55 23 42
55 25 68
55 26 11
55 27 63
55 28 22
55 32 58
55 33 57
55 35 6
55 41 21
55 43 47
55 46 67
55 47 27
55 49 25
55 57 32
55 58 16
55 61 28
55 62 0
55 64 64
55 65 53
56 0 66
56 3 46
56 7 62
56 11 38
56 14 51
56 15 58
56 16 27
56 19 35
56 22 61
56 23 5
56 26 16
56 31 69
56 33 18
56 34 53
56 39 15
56 41 44
56 42 49
56 43 19
56 46 33
56 48 55
56 59 29
56 66 37
56 68 68
56 69 7
57 2 52
57 6 56
57 7 6
57 8 53
57 9 68
57 12 42
57 17 46
57 18 44
57 23 12
57 27 3
57 28 5
57 29 28
57 31 63
57 35 57
57 36 64
57 38 34
57 39 50
57 40 24
57 48 61
57 51 51
57 52 26
57 59 59
57 66 32
57 67 30
58 8 42
58 20 60
58 24 47
58 30 24
58 35 32
58 36 3
58 39 69
58 42 61
58 43 25
58 46 31
58 48 30
58 56 35
58 57 34
58 61 63
58 64 66
58 65 19
58 67 50
58 69 38
59 1 18
59 8 62
59 15 41
59 16 19
59 17 44
59 19 15
59 23 45
59 29 65
59 32 68
59 34 47
59 35 25
59 42 7
59 44 66
59 45 61
59 50 17
59 51 40
59 53 9
59 56 22
59 59 39
59 61 4
59 68 20
60 2 1
60 5 60
60 7 12
60 25 16
60 33 47
60 34 55
60 37 23
60 45 67
60 48 53
60 57 41
60 58 57
60 59 42
60 61 40
60 66 24
60 69 13
61 2 42
61 5 20
61 18 50
61 21 69
61 23 43
61 34 67
61 40 53
61 41 9
61 42 32
61 43 11
61 47 46
61 48 18
61 56 59
61 59 23
61 62 41
61 64 51
61 67 19
62 0 31
62 5 69
62 17 8
62 18 48
62 20 50
62 21 63
62 22 4
62 24 25
62 26 28
62 27 67
62 29 33
62 36 54
62 39 68
62 52 30
62 55 21
62 56 44
62 58 15
62 63 62
62 67 49
62 68 27
63 1 42
63 2 19
63 10 20
63 12 65
63 26 39
63 30 56
63 35 50
63 36 28
63 40 9
63 42 27
63 53 55
63 57 10
63 58 37
63 60 63
63 64 14
63 65 47
63 69 53
64 1 7
64 10 33
64 13 69
64 14 15
64 17 59
64 18 41
64 24 56
64 26 53
64 30 38
64 32 39
64 34 6
64 35 63
64 42 44
64 43 46
64 44 67
64 46 35
64 49 49
64 50 37
64 52 64
64 54 19
64 56 4
64 60 9
64 65 8
64 66 28
64 67 65
64 69 66
65 3 22
65 5 0
65 6 5
65 8 2
65 13 28
65 16 17
65 17 64
65 23 46
65 27 15
65 32 59
65 34 42
65 42 63
65 46 65
65 48 1
65 51 34
65 58 67
65 59 3
65 64 36
66 0 62
66 1 50
66 2 55
66 17 36
66 28 24
66 31 27
66 34 30
66 41 17
66 48 26
66 50 0
66 55 66
66 57 47
66 63 33
66 67 15
67 1 36
67 2 18
67 4 59
67 14 54
67 17 52
67 19 69
67 23 53
67 40 31
67 41 55
67 43 60
67 45 42
67 48 17
67 53 22
67 59 11
67 60 32
67 61 25
67 62 6
67 65 9
67 68 47
67 69 63
68 7 56
68 11 31
68 13 65
68 14 49
68 16 59
68 18 63
68 20 62
68 25 67
68 28 53
68 29 47
68 30 9
68 31 60
68 36 15
68 39 3
68 44 40
68 46 51
68 47 7
68 52 6
68 56 37
68 58 13
68 61 38
68 62 28
68 65 11
68 69 0
69 0 69
69 1 27
69 7 9
69 12 68
69 16 34
69 17 62
69 19 61
69 32 3
69 36 42
69 38 52
69 39 41
69 40 0
69 42 1
69 46 7
69 51 39
69 54 23
69 62 67
69 64 24
69 66 66
69 69 20
