70
0 1 32
0 2 64
0 3 40
0 4 3
0 5 4
0 7 68
0 10 0
0 11 7
0 12 47
0 13 22
0 14 39
0 15 6
0 16 12
0 17 57
0 18 63
0 19 49
0 22 58
0 23 65
0 24 27
0 26 55
0 27 66
0 28 35
0 29 69
0 31 38
0 33 5
0 34 17
0 35 43
0 36 37
0 37 31
0 38 10
0 39 33
0 40 21
0 41 50
0 43 8
0 44 15
0 45 25
0 46 30
0 47 34
0 48 28
0 49 1
0 50 51
0 53 59
0 54 62
0 57 36
0 58 61
0 59 16
0 61 13
0 62 2
0 63 54
0 65 67
0 66 42
0 67 53
0 68 56
0 69 26
1 0 29
1 3 57
1 4 63
1 5 32
1 6 46
1 8 27
1 9 34
1 11 16
1 12 9
1 13 52
1 14 24
1 15 53
1 16 30
1 17 61
1 19 35
1 20 54
1 21 64
1 22 26
1 23 43
1 25 11
1 27 44
1 28 33
1 29 38
1 31 5
1 32 39
1 34 12
1 35 14
1 36 67
1 37 48
1 38 18
1 39 68
1 40 62
1 41 47
1 44 22
1 45 31
1 46 59
1 47 41
1 48 17
1 50 10
1 51 15
1 54 56
1 55 21
1 56 7
1 57 50
1 58 66
1 59 25
1 60 51
1 61 65
1 62 6
1 64 36
1 65 58
1 66 45
1 67 19
1 68 0
1 69 13
2 0 67
2 1 47
2 2 18
2 3 30
2 4 62
2 5 14
2 6 35
2 8 6
2 9 25
2 10 38
2 12 37
2 14 68
2 15 34
2 16 1
2 17 45
2 18 32
2 19 31
2 20 7
2 21 43
2 22 12
2 23 36
2 24 11
2 25 51
2 27 20
2 30 21
2 31 2
2 32 49
2 33 66
2 35 8
2 36 9
2 38 56
2 39 42
2 40 53
2 41 24
2 42 15
2 43 52
2 45 55
2 46 13
2 47 57
2 49 54
2 50 41
2 52 22
2 53 65
2 55 4
2 57 26
2 58 69
2 59 48
2 60 58
2 61 46
2 62 60
2 63 40
2 64 28
2 66 39
2 67 59
2 68 50
3 0 24
3 1 63
3 2 2
3 3 61
3 5 5
3 6 16
3 7 19
3 8 57
3 9 68
3 11 39
3 12 64
3 15 35
3 16 49
3 17 14
3 18 44
3 19 41
3 20 36
3 22 28
3 23 56
3 24 6
3 25 21
3 26 22
3 27 37
3 28 58
3 29 60
3 30 26
3 31 53
3 32 38
3 33 65
3 34 4
3 35 13
3 36 10
3 37 52
3 38 30
3 40 27
3 41 1
3 42 32
3 43 29
3 44 43
3 46 47
3 47 59
3 48 23
3 49 55
3 50 40
3 51 66
3 52 31
3 53 15
3 54 9
3 55 42
3 56 54
3 57 25
3 58 3
3 59 69
3 60 48
3 61 67
3 62 33
3 63 46
3 64 34
3 67 18
3 68 8
3 69 50
4 1 62
4 2 54
4 4 26
4 7 45
4 8 39
4 9 22
4 10 15
4 11 8
4 12 10
4 14 33
4 15 28
4 16 64
4 17 53
4 18 35
4 19 55
4 20 46
4 21 9
4 22 0
4 23 61
4 25 18
4 26 6
4 27 21
4 28 25
4 29 5
4 30 49
4 31 63
4 32 66
4 33 29
4 34 68
4 35 59
4 36 65
4 38 57
4 39 37
4 40 1
4 41 67
4 42 13
4 43 31
4 44 11
4 45 3
4 47 12
4 48 32
4 49 41
4 50 17
4 51 20
4 52 4
4 53 40
4 54 47
4 55 56
4 56 69
4 57 58
4 58 42
4 59 14
4 60 19
4 61 48
4 62 16
4 63 24
4 64 23
4 67 43
4 68 7
4 69 34
5 0 66
5 1 39
5 2 48
5 3 55
5 4 36
5 5 47
5 6 8
5 7 51
5 8 10
5 9 65
5 10 28
5 11 59
5 12 4
5 13 12
5 14 67
5 15 11
5 16 15
5 17 64
5 18 9
5 20 35
5 21 17
5 23 50
5 25 56
5 26 5
5 27 49
5 29 32
5 30 16
5 32 14
5 33 44
5 34 21
5 35 69
5 36 25
5 38 31
5 39 58
5 40 42
5 41 6
5 42 61
5 44 57
5 46 37
5 47 29
5 48 46
5 49 0
5 50 13
5 51 23
5 52 38
5 53 19
5 54 45
5 55 27
5 58 20
5 59 41
5 60 60
5 61 34
5 62 53
5 63 68
5 65 26
5 66 2
5 67 63
5 68 52
6 0 68
6 1 5
6 2 23
6 3 22
6 4 20
6 5 3
6 6 18
6 7 62
6 8 17
6 9 15
6 11 12
6 12 61
6 13 32
6 15 57
6 16 40
6 18 25
6 19 48
6 20 64
6 21 67
6 22 6
6 23 19
6 25 58
6 26 37
6 28 31
6 29 66
6 30 9
6 31 56
6 32 34
6 33 41
6 34 8
6 35 47
6 36 63
6 37 30
6 38 35
6 39 0
6 40 13
6 41 39
6 42 60
6 44 51
6 45 28
6 46 33
6 47 53
6 48 26
6 49 38
6 50 54
6 51 46
6 52 55
6 53 69
6 54 43
6 55 1
6 56 21
6 57 65
6 58 27
6 59 45
6 61 52
6 62 44
6 63 2
6 64 49
6 66 7
6 67 36
6 68 11
6 69 4
7 0 10
7 1 16
7 2 22
7 3 54
7 4 6
7 5 60
7 6 17
7 7 4
7 8 48
7 9 42
7 10 8
7 13 51
7 14 58
7 15 64
7 16 25
7 17 38
7 18 34
7 19 43
7 20 3
7 21 32
7 22 53
7 23 21
7 24 50
7 25 29
7 27 14
7 28 12
7 29 27
7 30 13
7 32 69
7 34 33
7 35 56
7 36 41
7 37 65
7 39 52
7 42 35
7 43 44
7 44 59
7 46 9
7 47 67
7 48 5
7 49 30
7 50 11
7 51 63
7 52 49
7 53 62
7 55 15
7 56 2
7 57 19
7 58 68
7 59 24
7 60 39
7 61 7
7 63 61
7 65 18
7 66 20
7 67 45
7 68 46
7 69 1
8 1 21
8 2 38
8 5 28
8 6 47
8 9 20
8 10 61
8 11 66
8 12 55
8 13 54
8 15 31
8 16 4
8 17 26
8 18 27
8 19 40
8 20 51
8 21 8
8 22 42
8 23 60
8 24 18
8 25 3
8 26 52
8 27 53
8 28 62
8 29 44
8 30 56
8 31 29
8 33 2
8 34 15
8 35 49
8 36 13
8 37 43
8 38 36
8 39 67
8 40 41
8 41 11
8 42 30
8 43 16
8 44 0
8 46 63
8 48 65
8 49 57
8 51 33
8 52 7
8 53 68
8 54 12
8 55 58
8 56 50
8 57 23
8 58 6
8 59 32
8 60 24
8 61 17
8 62 46
8 65 19
8 66 5
8 68 25
8 69 22
9 0 57
9 2 47
9 5 31
9 6 65
9 8 16
9 9 39
9 11 60
9 13 30
9 14 61
9 15 13
9 16 2
9 17 40
9 18 17
9 19 6
9 20 63
9 21 29
9 22 52
9 25 41
9 27 19
9 30 38
9 31 20
9 32 42
9 33 53
9 34 43
9 35 62
9 37 1
9 38 5
9 39 24
9 40 26
9 41 59
9 42 44
9 43 66
9 44 69
9 45 35
9 46 22
9 47 46
9 48 67
9 49 37
9 50 45
9 53 49
9 54 68
9 55 50
9 56 4
9 58 34
9 59 8
9 60 11
9 61 12
9 62 18
9 64 55
9 65 14
9 68 32
10 0 12
10 1 54
10 2 25
10 4 11
10 5 57
10 7 52
10 8 44
10 9 27
10 10 16
10 13 45
10 14 63
10 15 2
10 16 31
10 17 34
10 18 41
10 19 29
10 20 1
10 21 42
10 22 46
10 23 47
10 24 23
10 26 56
10 28 0
10 29 68
10 31 14
10 33 3
10 34 18
10 35 20
10 36 8
10 37 6
10 38 67
10 39 36
10 40 15
10 41 13
10 42 48
10 43 21
10 45 53
10 47 43
10 48 19
10 49 5
10 50 35
10 51 37
10 53 7
10 54 38
10 55 65
10 56 17
10 57 22
10 58 64
10 59 62
10 60 30
10 61 26
10 62 10
10 63 58
10 64 9
10 65 33
10 67 66
10 68 4
10 69 69
11 0 54
11 3 23
11 4 2
11 5 65
11 6 45
11 7 9
11 8 28
11 9 33
11 10 66
11 11 15
11 12 3
11 13 8
11 14 51
11 15 59
11 16 5
11 17 50
11 20 26
11 21 44
11 22 61
11 23 63
11 24 40
11 25 13
11 27 55
11 28 38
11 29 57
11 30 52
11 31 7
11 32 1
11 34 48
11 36 43
11 37 49
11 38 64
11 39 11
11 40 4
11 41 27
11 42 47
11 43 22
11 44 17
11 45 56
11 46 29
11 47 35
11 48 62
11 49 14
11 50 68
11 51 12
11 53 30
11 54 46
11 55 25
11 56 20
11 57 21
11 59 10
11 60 0
11 61 6
11 62 36
11 63 41
11 64 32
11 65 42
11 66 69
11 67 34
11 68 16
11 69 19
12 0 14
12 1 44
12 3 64
12 4 37
12 5 55
12 6 43
12 7 69
12 10 6
12 11 48
12 12 24
12 13 62
12 14 16
12 15 29
12 16 7
12 18 66
12 19 56
12 20 25
12 21 30
12 22 19
12 24 17
12 25 65
12 26 13
12 27 41
12 28 68
12 30 51
12 31 46
12 32 57
12 33 12
12 35 33
12 36 23
12 37 5
12 39 60
12 40 63
12 41 32
12 42 9
12 43 61
12 44 27
12 45 0
12 46 26
12 47 49
12 48 42
12 50 4
12 51 1
12 52 35
12 53 53
12 54 22
12 57 67
12 58 58
12 59 34
12 60 18
12 62 59
12 63 45
12 64 3
12 65 38
12 66 8
12 67 50
13 0 13
13 1 15
13 2 35
13 3 33
13 4 48
13 5 0
13 6 10
13 7 60
13 9 38
13 10 55
13 11 56
13 12 46
13 13 24
13 14 64
13 15 7
13 16 65
13 17 54
13 19 1
13 20 32
13 21 3
13 22 57
13 23 28
13 25 39
13 26 51
13 27 34
13 29 37
13 30 11
13 31 36
13 32 18
13 33 45
13 36 27
13 37 58
13 38 19
13 39 61
13 41 16
13 42 42
13 43 20
13 44 4
13 45 62
13 46 68
13 47 9
13 49 59
13 50 50
13 53 43
13 54 67
13 55 66
13 56 23
13 57 5
13 59 17
13 60 26
13 61 14
13 62 25
13 63 63
13 64 8
13 66 6
13 68 30
13 69 47
14 0 30
14 1 29
14 2 67
14 3 39
14 4 44
14 5 61
14 7 35
14 9 69
14 10 25
14 11 24
14 12 5
14 13 43
14 14 66
14 16 41
14 17 60
14 19 26
14 20 68
14 21 62
14 23 57
14 25 9
14 26 28
14 27 4
14 28 55
14 29 63
14 30 20
14 33 27
14 34 52
14 35 65
14 36 54
14 37 7
14 38 58
14 39 50
14 40 64
14 41 21
14 42 45
14 44 31
14 45 48
14 46 42
14 47 11
14 49 6
14 50 19
14 51 56
14 52 33
14 53 10
14 54 16
14 55 2
14 56 14
14 57 53
14 60 34
14 61 49
14 62 40
14 63 23
14 64 17
14 65 13
14 66 51
14 67 47
15 0 69
15 1 14
15 2 39
15 3 36
15 4 46
15 5 54
15 7 57
15 9 43
15 10 26
15 11 68
15 12 34
15 13 65
15 14 3
15 15 45
15 16 59
15 17 41
15 18 51
15 19 52
15 20 23
15 21 6
15 22 40
15 23 42
15 24 1
15 25 19
15 26 16
15 28 37
15 29 29
15 31 35
15 32 11
15 33 62
15 34 0
15 35 67
15 36 32
15 37 21
15 38 12
15 40 5
15 41 64
15 42 7
15 43 15
15 44 61
15 46 44
15 47 47
15 48 58
15 49 8
15 50 25
15 51 53
15 52 10
15 54 18
15 55 13
15 57 24
15 58 56
15 59 2
15 60 49
15 62 4
15 63 38
15 64 50
15 65 9
15 66 60
15 69 63
16 0 51
16 1 69
16 2 10
16 4 64
16 5 13
16 6 34
16 7 50
16 8 4
16 9 2
16 11 47
16 12 25
16 13 56
16 14 35
16 15 38
16 16 46
16 17 23
16 18 30
16 20 40
16 21 58
16 22 37
16 23 24
16 24 48
16 25 5
16 27 63
16 29 12
16 30 61
16 32 45
16 33 7
16 34 9
16 35 19
16 38 33
16 39 55
16 40 16
16 41 8
16 42 66
16 43 57
16 45 67
16 46 62
16 47 52
16 49 15
16 50 20
16 51 29
16 52 53
16 53 27
16 54 39
16 55 11
16 56 60
16 59 18
16 60 3
16 61 54
16 62 22
16 63 32
16 64 14
16 65 0
16 66 26
16 68 68
16 69 21
17 0 58
17 2 44
17 3 45
17 4 4
17 5 6
17 6 67
17 7 17
17 8 8
17 9 7
17 15 14
17 17 27
17 18 21
17 19 59
17 20 37
17 21 24
17 22 66
17 23 5
17 24 39
17 25 38
17 26 12
17 27 52
17 28 61
17 29 54
17 30 1
17 31 23
17 33 42
17 35 64
17 36 15
17 37 13
17 38 9
17 39 62
17 41 55
17 42 53
17 43 36
17 45 10
17 47 2
17 48 48
17 49 50
17 50 16
17 54 49
17 55 63
17 57 18
17 58 43
17 59 47
17 61 68
17 62 69
17 63 57
17 64 60
17 65 22
17 66 3
18 1 59
18 2 42
18 5 50
18 6 26
18 7 31
18 8 13
18 9 61
18 10 3
18 11 52
18 14 40
18 15 0
18 16 53
18 17 19
18 18 57
18 19 9
18 20 66
18 21 41
18 22 56
18 23 49
18 24 47
18 25 43
18 26 32
18 27 60
18 28 4
18 29 34
18 30 35
18 31 6
18 33 33
18 34 29
18 36 14
18 37 20
18 38 2
18 41 62
18 42 68
18 43 48
18 44 30
18 45 37
18 46 46
18 47 58
18 49 23
18 50 67
18 51 17
18 52 18
18 54 21
18 55 51
18 56 36
18 58 44
18 60 22
18 61 15
18 62 8
18 63 25
18 65 28
18 66 38
18 67 69
18 68 64
18 69 10
19 0 19
19 1 66
19 2 45
19 3 51
19 4 65
19 5 38
19 6 48
19 7 32
19 8 69
19 9 12
19 12 50
19 13 37
19 14 57
19 15 52
19 16 6
19 17 43
19 18 0
19 21 55
19 22 22
19 23 1
19 24 64
19 26 33
19 27 47
19 29 24
19 30 7
19 31 41
19 32 8
19 33 11
19 34 56
19 35 30
19 37 14
19 39 26
19 40 17
19 41 46
19 42 62
19 44 25
19 45 60
19 46 31
19 47 4
19 48 40
19 49 35
19 50 2
19 52 9
19 53 13
19 54 5
19 55 34
19 56 61
19 61 18
19 62 23
19 63 21
19 64 42
19 65 49
19 66 44
19 67 58
19 68 20
19 69 39
20 0 60
20 1 3
20 2 36
20 3 26
20 5 17
20 7 33
20 8 43
20 9 32
20 10 12
20 11 30
20 12 53
20 13 61
20 15 16
20 16 23
20 17 65
20 18 45
20 19 64
20 20 59
20 21 49
20 22 44
20 24 0
20 26 8
20 27 56
20 28 6
20 29 58
20 30 50
20 31 25
20 33 55
20 35 34
20 36 47
20 38 22
20 39 20
20 40 19
20 42 39
20 43 37
20 47 24
20 48 66
20 49 13
20 50 29
20 51 10
20 52 41
20 54 35
20 55 67
20 56 62
20 57 31
20 58 11
20 59 5
20 60 42
20 64 27
20 65 7
20 66 40
20 68 48
20 69 28
21 0 61
21 1 31
21 2 3
21 3 62
21 4 30
21 5 15
21 6 12
21 7 26
21 9 41
21 10 29
21 13 55
21 14 36
21 15 33
21 16 19
21 17 28
21 18 42
21 19 45
21 20 67
21 21 63
21 22 13
21 23 51
21 24 56
21 25 25
21 26 10
21 27 7
21 28 47
21 29 1
21 30 4
21 31 11
21 32 53
21 34 50
21 36 2
21 37 17
21 38 34
21 39 14
21 40 58
21 41 23
21 42 64
21 43 69
21 49 66
21 50 24
21 51 9
21 52 46
21 53 22
21 54 6
21 57 44
21 58 5
21 59 59
21 60 65
21 62 27
21 63 0
21 64 39
21 65 21
21 67 40
21 68 43
21 69 32
22 0 65
22 1 17
22 2 19
22 4 66
22 5 56
22 6 4
22 7 3
22 8 61
22 10 50
22 11 22
22 13 63
22 14 29
22 15 55
22 16 18
22 17 67
22 18 46
22 20 0
22 21 52
22 22 35
22 23 6
22 24 54
22 25 23
22 27 40
22 28 8
22 29 36
22 32 13
22 33 64
22 35 42
22 36 45
22 37 2
22 38 69
22 39 25
22 40 47
22 41 51
22 42 41
22 43 28
22 45 20
22 46 21
22 49 44
22 51 34
22 53 39
22 55 38
22 56 24
22 58 60
22 59 11
22 60 5
22 61 53
22 62 32
22 63 48
22 64 15
22 65 10
22 67 16
22 69 57
23 0 17
23 2 5
23 5 24
23 6 61
23 7 39
23 8 20
23 9 64
23 10 9
23 11 58
23 12 36
23 13 48
23 14 10
23 15 12
23 17 3
23 18 53
23 19 47
23 20 13
23 21 68
23 22 11
23 23 4
23 24 66
23 25 1
23 26 54
23 27 2
23 28 30
23 29 18
23 31 19
23 32 67
23 34 62
23 35 55
23 36 42
23 37 15
23 38 38
23 39 8
23 41 45
23 42 56
23 43 7
23 44 63
23 45 51
23 47 0
23 48 59
23 49 46
23 50 37
23 51 25
23 53 26
23 54 31
23 55 52
23 56 40
23 57 60
23 58 28
23 59 27
23 60 44
23 61 22
23 62 29
23 63 6
23 64 35
23 66 41
23 67 21
23 68 65
23 69 49
24 0 18
24 1 19
24 2 50
24 3 69
24 4 51
24 6 28
24 7 0
24 8 2
24 9 36
24 12 42
24 13 3
24 14 22
24 15 20
24 17 33
24 19 65
24 21 46
24 23 29
24 24 15
24 25 63
24 26 66
24 27 62
24 28 32
24 29 14
24 31 64
24 32 31
24 33 10
24 34 5
24 35 24
24 38 45
24 40 44
24 42 6
24 43 67
24 44 21
24 45 61
24 46 54
24 47 16
24 49 7
24 50 59
24 51 60
24 53 41
24 55 35
24 56 12
24 57 40
24 58 47
24 59 37
24 60 43
24 61 58
24 62 38
24 64 13
24 66 56
24 67 57
24 68 39
24 69 8
25 0 25
25 1 45
25 2 33
25 3 29
25 4 0
25 5 16
25 6 39
25 7 58
25 8 65
25 9 3
25 10 32
25 11 43
25 12 15
25 13 49
25 14 20
25 15 5
25 16 54
25 17 22
25 18 47
25 19 24
25 20 21
25 21 36
25 23 37
25 25 68
25 26 62
25 28 53
25 29 10
25 30 12
25 32 7
25 33 40
25 35 48
25 36 4
25 37 8
25 38 52
25 39 69
25 40 30
25 41 9
25 43 46
25 45 42
25 46 61
25 47 18
25 48 11
25 49 56
25 50 26
25 51 55
25 53 1
25 55 19
25 57 38
25 58 35
25 59 23
25 60 14
25 61 27
25 62 51
25 63 17
25 64 6
25 67 64
25 68 67
25 69 41
26 0 5
26 2 6
26 3 10
26 4 9
26 6 57
26 8 0
26 9 21
26 11 20
26 12 12
26 13 16
26 14 38
26 15 61
26 16 62
26 17 68
26 18 4
26 19 58
26 20 19
26 21 2
26 22 39
26 23 40
26 24 35
26 26 41
26 28 64
26 29 3
26 31 17
26 33 50
26 34 53
26 35 26
26 38 66
26 40 67
26 41 48
26 43 25
26 44 55
26 45 44
26 46 27
26 47 22
26 48 13
26 49 43
26 50 18
26 51 8
26 52 28
26 54 32
26 55 47
26 57 46
26 59 63
26 60 36
26 61 30
26 62 52
26 63 51
26 64 65
26 65 60
26 66 34
26 67 54
27 0 20
27 2 4
27 3 5
27 4 69
27 5 53
27 6 51
27 7 25
27 8 46
27 10 60
27 11 21
27 12 56
27 13 41
27 14 8
27 15 50
27 16 17
27 19 16
27 20 18
27 21 27
27 23 32
27 24 7
27 25 47
27 26 31
27 27 59
27 29 9
27 31 42
27 32 55
27 33 61
27 34 14
27 35 12
27 36 35
27 37 45
27 39 54
27 40 28
27 42 33
27 43 13
27 44 58
27 46 10
27 47 44
27 48 63
27 49 68
27 50 15
27 51 52
27 52 29
27 53 36
27 54 57
27 57 66
27 58 30
27 59 49
27 60 23
27 61 43
27 62 67
27 63 22
27 64 64
27 65 2
27 66 62
27 67 37
27 68 24
27 69 0
28 1 6
28 2 12
28 3 14
28 4 40
28 6 9
28 8 24
28 9 4
28 11 34
28 12 23
28 13 19
28 14 52
28 15 25
28 16 43
28 17 56
28 18 61
28 19 7
28 21 18
28 22 51
28 24 26
28 26 68
28 27 0
28 28 10
28 30 37
28 32 47
28 33 60
28 34 30
28 35 32
28 36 20
28 37 54
28 38 8
28 39 28
28 41 17
28 42 27
28 43 42
28 44 62
28 45 21
28 46 2
28 47 1
28 48 39
28 50 66
28 51 38
28 52 13
28 53 50
28 54 59
28 55 57
28 56 58
28 57 11
28 59 64
28 60 35
28 62 63
28 63 44
28 64 16
28 65 41
28 66 29
28 67 15
28 68 5
28 69 48
29 0 50
29 1 35
29 2 15
29 3 48
29 4 19
29 5 8
29 6 64
29 7 28
29 8 42
29 9 6
29 11 69
29 12 39
29 13 18
29 14 49
29 15 1
29 16 3
29 17 66
29 19 44
29 20 41
29 21 26
29 22 43
29 23 34
29 25 59
29 26 58
29 27 25
29 30 67
29 31 27
29 32 21
29 33 68
29 34 46
29 35 22
29 36 38
29 37 36
29 38 4
29 39 23
29 40 20
29 41 12
29 42 54
29 43 47
29 44 33
29 45 11
29 46 60
29 47 65
29 48 0
29 49 17
29 50 32
29 51 31
29 52 61
29 53 5
29 54 14
29 56 16
29 58 2
29 59 57
29 61 10
29 62 55
29 64 51
29 65 52
29 68 62
29 69 24
30 0 64
30 1 42
30 2 63
30 3 12
30 4 43
30 5 29
30 6 27
30 8 41
30 9 60
30 10 58
30 13 5
30 14 56
30 15 54
30 16 67
30 17 44
30 18 65
30 19 8
30 20 14
30 22 20
30 23 26
30 24 4
30 26 24
30 28 22
30 29 59
30 30 48
30 31 9
30 32 52
30 33 16
30 34 69
30 35 46
30 36 55
30 38 7
30 39 32
30 40 40
30 41 2
30 42 11
30 43 53
30 46 17
30 48 50
30 49 49
30 50 34
30 51 45
30 52 3
30 53 21
30 54 13
30 55 31
30 57 51
30 58 62
30 59 66
30 60 38
30 61 25
30 62 1
30 63 39
30 64 37
30 65 23
30 66 28
30 67 33
30 69 36
31 0 38
31 1 9
31 3 43
31 5 51
31 7 12
31 8 18
31 9 49
31 11 44
31 12 32
31 13 58
31 14 27
31 15 24
31 17 11
31 18 2
31 19 63
31 22 17
31 23 64
31 24 16
31 25 62
31 27 33
31 28 69
31 29 4
31 31 45
31 32 20
31 33 21
31 34 37
31 35 35
31 36 40
31 37 23
31 38 65
31 40 7
31 43 30
31 44 6
31 46 1
31 47 55
31 48 41
31 49 26
31 50 0
31 53 54
31 54 3
31 55 8
31 57 29
31 58 15
31 59 50
31 60 57
31 63 52
31 64 61
31 65 48
31 66 22
31 67 31
31 69 46
32 0 39
32 1 27
32 2 60
32 3 7
32 4 17
32 5 26
32 7 55
32 8 67
32 9 19
32 11 32
32 12 68
32 13 69
32 15 49
32 16 44
32 17 0
32 18 13
32 19 37
32 21 47
32 23 3
32 24 46
32 25 4
32 26 40
32 27 58
32 29 11
32 30 24
32 31 16
32 32 6
32 33 28
32 36 52
32 38 29
32 39 10
32 40 45
32 41 30
32 42 51
32 43 33
32 44 12
32 45 22
32 46 66
32 47 8
32 48 1
32 49 64
32 50 63
32 51 35
32 52 65
32 53 56
32 54 23
32 57 20
32 58 31
32 59 42
32 60 21
32 63 50
32 64 53
32 65 57
32 67 5
32 68 41
32 69 15
33 0 63
33 2 53
33 3 49
33 4 12
33 5 23
33 6 41
33 9 52
33 10 42
33 11 62
33 13 17
33 14 4
33 15 18
33 17 29
33 18 1
33 20 57
33 23 16
33 24 19
33 27 22
33 28 11
33 30 10
33 31 50
33 32 15
33 33 67
33 35 0
33 36 56
33 37 32
33 40 39
33 41 68
33 42 8
33 43 38
33 44 44
33 45 43
33 48 47
33 50 3
33 53 9
33 54 55
33 55 69
33 56 28
33 57 48
33 59 21
33 61 37
33 62 64
33 63 65
33 64 30
33 66 27
33 67 7
33 68 31
34 0 47
34 1 26
34 2 0
34 3 53
34 4 31
34 7 11
34 8 50
34 10 24
34 11 9
34 12 58
34 13 23
34 14 13
34 15 44
34 16 66
34 18 22
34 19 3
34 20 15
34 21 35
34 23 33
34 26 57
34 27 54
34 28 46
34 30 69
34 31 4
34 32 56
34 33 36
34 34 7
34 35 27
34 36 61
34 37 59
34 38 14
34 39 45
34 40 6
34 41 41
34 43 39
34 44 65
34 45 63
34 46 16
34 47 40
34 48 51
34 49 62
34 50 30
34 52 60
34 54 29
34 55 5
34 57 43
34 58 37
34 59 67
34 61 2
34 63 28
34 66 52
34 68 18
34 69 55
35 1 13
35 3 38
35 4 14
35 5 44
35 6 50
35 7 42
35 8 49
35 9 18
35 10 2
35 11 3
35 13 34
35 14 55
35 15 68
35 16 9
35 17 36
35 18 26
35 19 66
35 20 8
35 21 53
35 22 69
35 23 25
35 24 12
35 26 65
35 27 27
35 29 67
35 30 59
35 31 58
35 32 23
35 33 56
35 34 39
35 35 11
35 36 24
35 37 0
35 38 46
35 39 22
35 41 4
35 42 28
35 43 1
35 44 41
35 45 47
35 46 40
35 47 31
35 49 19
35 51 30
35 52 32
35 53 16
35 54 54
35 55 60
35 58 21
35 59 51
35 60 10
35 61 57
35 62 62
35 63 43
35 64 20
35 66 35
35 67 17
36 0 0
36 1 53
36 3 35
36 4 54
36 5 25
36 6 62
36 8 32
36 9 48
36 10 49
36 11 42
36 12 69
36 14 12
36 15 10
36 16 68
36 17 24
36 18 37
36 19 27
36 20 20
36 21 7
36 22 41
36 23 67
36 24 44
36 26 43
36 27 46
36 28 13
36 30 2
36 32 58
36 33 17
36 34 16
36 35 36
36 36 57
36 37 61
36 38 63
36 39 34
36 40 31
36 41 26
36 42 40
36 43 60
36 44 45
36 45 59
36 46 18
36 47 51
36 48 52
36 49 29
36 50 33
36 51 4
36 52 8
36 53 6
36 57 39
36 58 9
36 59 15
36 60 55
36 61 64
36 62 65
36 63 11
36 64 22
36 65 3
36 66 14
36 68 21
36 69 5
37 0 43
37 1 41
37 3 34
37 4 5
37 5 64
37 6 68
37 7 40
37 9 0
37 10 47
37 11 28
37 12 35
37 13 4
37 14 37
37 15 46
37 16 39
37 17 31
37 18 20
37 19 21
37 21 61
37 22 36
37 23 59
37 24 63
37 25 45
37 26 69
37 27 8
37 28 48
37 29 2
37 30 53
37 31 18
37 32 26
37 34 42
37 36 30
37 37 67
37 38 51
37 39 7
37 40 23
37 41 19
37 42 22
37 44 38
37 46 32
37 47 66
37 48 14
37 49 27
37 50 49
37 51 54
37 53 44
37 54 10
37 56 57
37 59 13
37 60 50
37 61 1
37 63 55
37 64 25
37 65 6
37 66 65
37 67 60
37 68 12
37 69 62
38 0 59
38 2 37
38 3 60
38 4 33
38 5 10
38 6 36
38 7 7
38 8 56
38 9 29
38 10 62
38 11 0
38 12 8
38 13 57
38 15 4
38 17 5
38 18 28
38 19 13
38 20 38
38 21 21
38 23 27
38 24 65
38 25 52
38 26 61
38 27 24
38 28 14
38 29 22
38 30 46
38 31 54
38 32 43
38 33 63
38 34 51
38 35 31
38 36 26
38 37 40
38 38 49
38 40 9
38 41 25
38 42 50
38 43 23
38 45 39
38 46 15
38 47 68
38 48 12
38 49 34
38 50 44
38 51 69
38 53 67
38 54 20
38 55 41
38 56 32
38 58 19
38 59 53
38 60 64
38 61 11
38 63 66
38 64 58
38 65 55
38 66 18
38 67 42
38 68 3
38 69 2
39 0 33
39 1 24
39 2 52
39 4 1
39 5 67
39 6 6
39 7 14
39 8 51
39 10 41
39 11 2
39 12 27
39 13 15
39 15 66
39 16 21
39 17 62
39 18 38
39 19 23
39 21 12
39 22 29
39 24 25
39 25 32
39 26 59
39 27 11
39 29 26
39 31 34
39 32 68
39 35 16
39 36 46
39 39 57
39 40 69
39 41 63
39 44 39
39 45 65
39 46 3
39 47 45
39 48 53
39 49 48
39 51 36
39 52 50
39 54 30
39 55 22
39 56 35
39 58 40
39 59 61
39 60 37
39 61 28
39 62 5
39 64 54
39 65 4
39 66 31
39 67 0
39 68 42
40 1 58
40 2 51
40 3 28
40 4 55
40 6 53
40 7 30
40 8 60
40 9 50
40 10 1
40 11 27
40 12 16
40 13 64
40 14 54
40 15 65
40 17 59
40 19 38
40 20 69
40 21 33
40 22 7
40 23 52
40 26 9
40 27 48
40 28 67
40 29 41
40 30 22
40 31 12
40 33 32
40 36 6
40 37 47
40 39 18
40 40 49
40 41 44
40 42 31
40 43 19
40 46 8
40 47 56
40 48 35
40 49 25
40 50 43
40 51 68
40 53 24
40 54 66
40 55 46
40 56 39
40 57 62
40 58 0
40 59 26
40 60 2
40 61 3
40 63 4
40 64 29
40 65 20
40 67 23
40 68 14
41 0 62
41 1 61
41 3 56
41 4 58
41 5 21
41 7 34
41 9 66
41 10 19
41 11 45
41 12 29
41 13 60
41 14 5
41 15 41
41 16 28
41 19 50
41 20 65
41 21 14
41 22 64
41 24 67
41 25 36
41 26 53
41 27 39
41 28 1
41 29 33
41 30 32
41 31 68
41 32 37
41 35 6
41 36 0
41 38 20
41 39 35
41 40 8
41 41 52
41 43 10
41 45 49
41 46 11
41 47 23
41 48 15
41 49 9
41 50 46
41 51 13
41 52 47
41 53 48
41 55 12
41 57 55
41 58 22
41 59 4
41 60 69
41 61 40
41 63 31
41 66 30
41 67 3
41 68 2
41 69 16
42 0 22
42 1 23
42 2 14
42 3 65
42 4 41
42 5 35
42 6 63
42 7 24
42 8 45
42 9 16
42 10 59
42 12 44
42 13 39
42 14 26
42 15 60
42 16 51
42 18 49
42 19 19
42 20 17
42 21 11
42 22 34
42 23 48
42 24 62
42 25 10
42 26 27
42 27 61
42 28 2
42 29 0
42 30 28
42 31 13
42 32 33
42 33 25
42 34 3
42 35 50
42 36 7
42 37 46
42 39 15
42 41 66
42 42 20
42 43 6
42 44 64
42 45 52
42 46 67
42 47 30
42 48 38
42 49 32
42 50 47
42 51 5
42 52 69
42 54 53
42 55 55
42 56 43
42 57 68
42 58 1
42 59 9
42 60 8
42 61 42
42 62 57
42 63 18
42 64 21
42 65 54
42 67 4
42 68 29
42 69 31
43 2 43
43 3 19
43 4 15
43 5 12
43 6 66
43 8 33
43 9 46
43 10 69
43 11 6
43 12 22
43 13 44
43 14 60
43 16 24
43 17 9
43 18 10
43 19 18
43 20 42
43 22 67
43 23 39
43 24 14
43 25 57
43 26 17
43 27 3
43 28 51
43 30 68
43 31 21
43 32 65
43 33 4
43 34 13
43 37 55
43 39 16
43 40 11
43 41 54
43 42 63
43 44 20
43 45 58
43 46 50
43 47 28
43 48 27
43 49 52
43 52 56
43 53 45
43 55 7
43 56 59
43 57 0
43 58 32
43 60 62
43 61 61
43 62 30
43 63 29
43 64 48
43 65 35
43 67 49
43 68 23
43 69 37
44 0 26
44 1 28
44 2 55
44 3 0
44 4 8
44 7 49
44 8 21
44 9 53
44 10 11
44 11 65
44 12 17
44 13 66
44 14 45
44 15 30
44 16 58
44 17 42
44 18 67
44 19 20
44 20 39
44 21 15
44 22 54
44 23 68
44 24 51
44 26 46
44 27 35
44 28 44
44 29 64
44 30 29
44 31 31
44 33 69
44 34 22
44 35 2
44 36 5
44 37 50
44 38 62
44 39 9
44 41 3
44 42 23
44 43 41
44 44 36
44 45 24
44 46 7
44 47 10
44 48 56
44 49 61
44 50 48
44 51 18
44 52 57
44 53 47
44 54 40
44 56 19
44 57 63
44 58 13
44 59 38
44 60 25
44 61 32
44 62 12
44 63 27
44 64 52
44 65 43
44 66 33
44 68 34
44 69 60
45 1 1
45 2 9
45 3 13
45 5 37
45 6 19
45 7 67
45 8 5
45 9 55
45 10 68
45 11 17
45 12 54
45 13 21
45 14 48
45 15 69
45 16 11
45 17 39
45 18 64
45 19 0
45 20 30
45 23 45
45 24 43
45 25 66
45 26 2
45 27 10
45 28 52
45 30 14
45 31 49
45 32 44
45 33 18
45 34 47
45 36 59
45 37 26
45 38 50
45 39 12
45 40 29
45 42 34
45 43 24
45 45 33
45 48 57
45 51 62
45 52 15
45 53 63
45 54 41
45 56 27
45 57 61
45 58 51
45 59 58
45 61 36
45 62 28
45 63 35
45 64 7
45 65 65
45 66 23
45 67 25
45 68 60
45 69 38
46 0 56
46 1 37
46 2 66
46 3 8
46 4 45
46 5 41
46 6 52
46 7 44
46 9 9
46 10 23
46 11 51
46 12 30
46 13 27
46 14 65
46 15 36
46 16 55
46 17 69
46 18 50
46 19 68
46 20 58
46 21 57
46 22 15
46 23 0
46 24 61
46 25 49
46 26 7
46 27 32
46 28 24
46 29 21
46 30 47
46 31 10
46 32 22
46 33 35
46 34 20
46 36 60
46 37 33
46 38 3
46 40 38
46 44 14
46 45 46
46 47 42
46 48 29
46 49 16
46 50 31
46 51 67
46 52 48
46 54 11
46 55 54
46 56 6
46 57 12
46 58 63
46 59 43
46 60 1
46 61 62
46 63 5
46 64 19
46 65 59
46 66 64
46 67 39
46 68 28
47 0 27
47 1 68
47 2 40
47 3 18
47 4 28
47 6 13
47 7 59
47 8 22
47 9 44
47 10 34
47 11 63
47 13 35
47 16 50
47 19 15
47 20 31
47 22 48
47 24 45
47 25 53
47 26 29
47 28 65
47 29 62
47 31 51
47 34 10
47 35 1
47 37 60
47 39 4
47 40 61
47 41 7
47 42 52
47 43 12
47 44 54
47 45 16
47 46 57
47 47 37
47 49 2
47 50 58
47 51 32
47 52 42
47 53 64
47 55 20
47 57 6
47 58 55
47 59 3
47 60 66
47 61 5
47 62 11
47 63 36
47 66 49
47 67 14
48 0 8
48 1 2
48 2 20
48 3 46
48 4 60
48 5 68
48 6 31
48 7 54
48 8 25
48 12 45
48 13 9
48 14 41
48 15 27
48 16 47
48 17 63
48 18 56
48 19 51
48 20 12
48 21 50
48 22 59
48 23 11
48 24 58
48 25 33
48 26 30
48 27 64
48 29 19
48 30 44
48 31 26
48 32 0
48 33 48
48 35 38
48 36 66
48 37 69
48 39 49
48 40 57
48 41 65
48 42 16
48 43 5
48 44 35
48 46 28
48 47 7
48 48 3
48 49 39
48 50 1
48 51 14
48 53 29
48 54 4
48 55 18
48 56 10
48 57 52
48 59 6
48 60 13
48 61 24
48 62 37
48 64 43
48 65 36
48 66 61
48 67 55
48 68 15
48 69 42
49 0 31
49 1 57
49 4 52
49 5 18
49 8 38
49 9 5
49 10 10
49 11 54
49 12 19
49 13 67
49 14 15
49 15 23
49 16 8
49 17 1
49 18 39
49 19 4
49 20 2
49 21 56
49 22 21
49 23 69
49 25 50
49 26 34
49 27 17
49 28 20
49 29 53
49 30 66
49 32 60
49 33 51
49 34 49
49 36 58
49 37 44
49 38 28
49 39 13
49 40 46
49 43 9
49 44 29
49 45 6
49 46 55
49 48 7
49 50 22
49 51 16
49 52 24
49 53 14
49 54 64
49 57 32
49 58 45
49 59 30
49 60 61
49 61 47
49 62 35
49 63 62
49 64 26
49 65 12
49 66 63
49 67 11
49 68 27
49 69 68
50 0 2
50 1 10
50 2 13
50 4 39
50 5 20
50 7 66
50 8 62
50 10 37
50 11 55
50 12 49
50 13 42
50 14 43
50 15 67
50 16 26
50 21 31
50 22 33
50 23 15
50 24 69
50 25 17
50 27 51
50 28 34
50 29 7
50 30 36
50 32 12
50 33 0
50 34 27
50 35 52
50 36 18
50 37 63
50 38 60
50 39 3
50 40 48
50 41 5
50 42 46
50 43 45
50 44 28
50 45 54
50 47 19
50 48 22
50 49 53
50 51 41
50 52 68
50 53 32
50 54 44
50 55 59
50 56 30
50 57 9
50 58 57
50 59 29
50 60 47
50 61 50
50 62 21
50 63 56
50 65 8
50 66 24
50 67 1
50 68 35
51 1 50
51 2 59
51 3 1
51 4 56
51 5 40
51 6 3
51 7 46
51 8 14
51 9 17
51 10 67
51 11 13
51 12 33
51 13 29
51 14 23
51 16 38
51 18 19
51 19 5
51 20 6
51 21 28
51 23 58
51 25 2
51 27 69
51 28 57
51 29 45
51 30 63
51 31 48
51 32 51
51 33 22
51 34 61
51 38 0
51 41 49
51 42 24
51 43 65
51 44 53
51 47 25
51 48 20
51 49 10
51 50 42
51 51 7
51 52 43
51 53 11
51 54 15
51 55 64
51 56 31
51 57 37
51 60 12
51 61 8
51 62 41
51 63 16
51 64 44
51 65 34
51 66 68
51 67 32
51 69 30
52 0 46
52 1 18
52 2 69
52 3 24
52 4 67
52 5 43
52 6 7
52 7 22
52 8 55
52 9 56
52 10 21
52 11 49
52 12 26
52 13 28
52 14 59
52 15 63
52 16 45
52 17 20
52 18 12
52 20 34
52 21 65
52 22 14
52 23 9
52 24 53
52 25 31
52 26 23
52 27 38
52 28 5
52 29 61
52 30 6
52 31 57
52 32 35
52 34 66
52 35 15
52 36 33
52 37 68
52 39 64
52 40 32
52 41 0
52 42 25
52 43 27
52 45 1
52 46 51
52 47 13
52 48 30
52 49 40
52 51 48
52 52 44
52 53 3
52 56 47
52 57 2
52 58 8
52 59 39
52 60 16
52 61 41
52 62 50
52 63 19
52 64 4
52 66 37
52 67 52
52 68 36
52 69 17
53 0 37
53 1 7
53 2 28
53 3 11
53 5 45
53 6 38
53 7 63
53 8 36
53 10 4
53 11 26
53 12 6
53 14 50
53 15 40
53 17 35
53 18 14
53 19 34
53 20 60
53 21 59
53 23 18
53 24 52
53 26 25
53 27 43
53 30 58
53 31 15
53 33 57
53 34 65
53 35 23
53 37 64
53 39 51
53 40 12
53 41 33
53 42 55
53 43 0
53 44 49
53 45 5
53 47 54
53 48 2
53 50 8
53 51 47
53 53 61
53 54 17
53 55 44
53 56 67
53 57 41
53 58 48
53 59 56
53 60 68
53 61 69
53 62 39
53 64 62
53 65 30
53 66 21
53 67 46
53 68 22
53 69 3
54 1 55
54 3 47
54 4 21
54 6 20
54 7 29
54 8 1
54 9 45
54 13 40
54 14 25
54 15 19
54 16 37
54 17 2
54 18 36
54 19 69
54 20 16
54 22 9
54 23 66
54 24 68
54 25 64
54 27 65
54 28 56
54 29 52
54 30 42
54 31 43
54 33 6
54 34 31
54 35 10
54 36 62
54 38 48
54 39 44
54 40 33
54 41 61
54 42 26
54 43 58
54 44 50
54 45 13
54 46 12
54 48 4
54 49 67
54 52 5
54 53 8
54 56 15
54 57 59
54 58 23
54 60 32
54 61 51
54 62 7
54 63 53
54 64 38
54 65 39
54 66 17
54 67 41
54 68 57
54 69 18
55 0 4
55 1 12
55 4 24
55 8 29
55 9 63
55 10 5
55 11 19
55 12 41
55 13 7
55 14 69
55 16 27
55 17 13
55 18 54
55 20 47
55 22 8
55 23 62
55 24 49
55 25 67
55 26 21
55 28 36
55 29 39
55 30 64
55 32 50
55 33 14
55 34 44
55 35 45
55 36 51
55 37 11
55 38 16
55 39 38
55 40 34
55 41 57
55 42 58
55 44 32
55 45 68
55 46 23
55 47 3
55 48 55
55 49 18
55 52 40
55 53 25
55 54 37
55 55 28
55 56 56
55 57 17
55 59 46
55 60 52
55 62 31
55 63 59
55 65 15
55 66 1
55 67 35
55 69 61
56 0 48
56 1 11
56 2 7
56 4 22
56 5 58
56 7 38
56 8 68
56 9 28
56 10 46
56 11 31
56 12 40
56 13 50
56 14 6
56 15 26
56 16 34
56 18 23
56 19 39
56 20 43
56 21 16
56 23 53
56 25 12
56 26 14
56 27 15
56 28 59
56 30 65
56 31 47
56 32 10
56 33 9
56 34 1
56 35 29
56 36 49
56 40 55
56 42 21
56 43 3
56 44 66
56 45 32
56 46 69
56 48 54
56 49 4
56 51 27
56 52 45
56 55 61
56 57 57
56 58 25
56 59 0
56 60 56
56 61 60
56 62 24
56 63 20
56 64 2
56 65 64
56 66 19
56 68 17
56 69 52
57 0 42
57 2 58
57 3 59
57 4 38
57 5 62
57 6 40
57 8 31
57 9 24
57 10 7
57 12 63
57 13 6
57 14 2
57 15 47
57 16 61
57 17 12
57 18 11
57 19 30
57 20 49
57 22 32
57 23 41
57 25 0
57 26 36
57 27 1
57 28 17
57 29 55
57 30 3
57 31 37
57 32 48
57 33 54
57 34 23
57 35 18
57 37 28
57 38 27
57 39 39
57 41 22
57 42 4
57 43 68
57 47 5
57 48 25
57 50 14
57 51 19
57 52 26
57 54 50
57 55 43
57 56 34
57 57 8
57 58 65
57 60 15
57 61 44
57 62 66
57 63 13
57 66 46
57 67 10
57 68 51
57 69 9
58 1 49
58 2 27
58 3 2
58 4 61
58 5 22
58 6 42
58 7 47
58 10 64
58 11 50
58 12 60
58 17 17
58 18 29
58 19 36
58 20 56
58 23 31
58 24 55
58 26 4
58 27 12
58 28 63
58 30 40
58 31 1
58 32 62
58 33 30
58 34 67
58 35 57
58 36 34
58 37 16
58 38 53
58 40 65
58 41 20
58 42 37
58 43 51
58 44 7
58 45 45
58 46 39
58 48 43
58 50 23
58 52 11
58 53 18
58 55 32
58 56 26
58 57 69
58 58 59
58 60 33
58 61 19
58 62 15
58 63 3
58 64 41
58 65 46
58 66 66
58 68 44
58 69 6
59 0 53
59 1 43
59 2 11
59 4 50
59 5 52
59 6 29
59 7 20
59 8 58
59 10 39
59 11 10
59 13 14
59 14 7
59 16 63
59 17 32
59 18 6
59 19 46
59 20 28
59 21 48
59 22 4
59 23 23
59 24 9
59 27 42
59 29 49
59 30 5
59 31 3
59 32 30
59 33 13
59 34 57
59 36 12
59 37 22
59 38 61
59 39 56
59 40 25
59 41 31
59 42 0
59 43 34
59 44 16
59 48 18
59 49 21
59 51 2
59 53 38
59 54 27
59 55 37
59 57 1
59 58 17
59 59 55
59 60 41
59 61 35
59 63 60
59 65 68
59 66 15
59 68 40
60 1 52
60 2 61
60 3 4
60 5 9
60 6 21
60 7 8
60 8 7
60 9 47
60 10 57
60 12 11
60 14 18
60 15 37
60 17 49
60 19 32
60 22 63
60 23 12
60 24 2
60 25 44
60 26 1
60 29 16
60 30 31
60 31 66
60 32 25
60 33 34
60 34 26
60 36 28
60 37 39
60 39 43
60 42 17
60 43 35
60 44 5
60 47 15
60 48 60
60 49 36
60 50 62
60 51 65
60 52 59
60 53 33
60 54 0
60 55 3
60 56 64
60 57 10
60 58 54
60 60 67
60 61 55
60 65 29
60 66 13
60 67 24
60 68 53
60 69 58
61 0 36
61 1 4
61 2 16
61 3 66
61 5 2
61 6 11
61 7 48
61 8 12
61 9 30
61 10 17
61 11 33
61 13 59
61 15 51
61 16 42
61 17 25
61 19 10
61 20 45
61 21 39
61 23 46
61 24 32
61 25 7
61 26 0
61 27 26
61 30 43
61 31 65
61 33 8
61 34 64
61 35 5
61 36 44
61 38 41
61 39 53
61 40 60
61 42 69
61 43 56
61 44 40
61 45 38
61 47 6
61 48 68
61 49 20
61 50 57
61 51 50
61 52 23
61 53 28
61 54 58
61 55 24
61 56 55
61 58 14
61 60 29
61 61 63
61 62 61
61 63 34
61 64 31
61 65 37
61 66 9
61 67 62
61 68 47
61 69 67
62 0 6
62 1 20
62 2 65
62 3 17
62 5 7
62 6 49
62 7 64
62 8 23
62 9 26
62 10 30
62 12 43
62 13 68
62 15 42
62 17 15
62 19 57
62 21 40
62 22 55
62 23 13
62 25 46
62 26 67
62 27 45
62 28 27
62 29 48
62 30 54
62 32 3
62 33 59
62 34 25
62 36 50
62 41 58
62 42 2
62 43 32
62 44 37
62 46 24
62 47 38
62 48 9
62 49 47
62 50 61
62 52 16
62 53 35
62 54 34
62 56 51
62 57 28
62 58 41
62 59 60
62 60 31
62 61 39
62 62 14
62 63 12
62 64 5
62 65 53
62 66 4
62 67 8
62 68 33
62 69 66
63 0 7
63 1 48
63 2 30
63 3 68
63 4 25
63 5 1
63 7 13
63 8 47
63 9 51
63 12 62
63 13 33
63 14 53
63 15 43
63 16 10
63 18 15
63 19 54
63 20 27
63 21 22
63 23 17
63 24 8
63 25 14
63 27 16
63 28 60
63 29 65
63 30 41
63 31 44
63 32 9
63 34 2
63 36 36
63 37 56
63 39 66
63 40 35
63 41 28
63 42 67
63 43 4
63 44 23
63 46 0
63 47 39
63 48 31
63 49 12
63 50 21
63 51 49
63 52 34
63 53 46
63 54 69
63 56 11
63 57 3
63 58 18
63 59 40
63 60 20
63 61 29
63 62 42
63 64 24
63 65 32
63 66 58
63 67 61
63 69 59
64 0 23
64 1 22
64 6 14
64 7 41
64 8 9
64 9 37
64 10 65
64 11 5
64 14 34
64 16 35
64 17 18
64 19 25
64 22 10
64 23 7
64 24 57
64 26 63
64 27 67
64 28 26
64 29 43
64 30 45
64 31 40
64 33 39
64 34 55
64 36 3
64 37 66
64 38 21
64 39 31
64 40 24
64 42 1
64 44 46
64 45 2
64 47 60
64 48 16
64 49 11
64 50 52
64 51 42
64 52 30
64 53 0
64 55 68
64 56 49
64 57 64
64 59 20
64 60 53
64 61 4
64 63 15
64 65 62
64 66 12
65 2 56
65 3 3
65 5 39
65 6 24
65 8 26
65 9 31
65 10 40
65 12 51
65 13 0
65 17 46
65 18 58
65 19 33
65 20 48
65 21 54
65 22 65
65 23 30
65 25 42
65 27 18
65 28 41
65 30 15
65 32 2
65 33 20
65 34 6
65 36 17
65 37 57
65 38 11
65 41 10
65 42 29
65 43 55
65 44 52
65 46 5
65 47 27
65 48 45
65 49 69
65 50 38
65 52 62
65 53 66
65 54 8
65 57 14
65 58 4
65 59 68
65 60 7
65 61 23
65 62 49
65 63 47
65 64 12
65 65 1
65 66 16
65 67 28
65 68 63
66 0 16
66 1 0
66 2 34
66 3 63
66 4 53
66 5 48
66 6 25
66 7 6
66 8 30
66 9 67
66 10 56
66 13 31
66 15 15
66 16 29
66 18 62
66 19 11
66 20 33
66 21 37
66 22 24
66 23 38
66 25 55
66 26 20
66 28 19
66 29 23
66 30 27
66 31 8
66 32 61
66 33 46
66 34 40
66 35 17
66 36 22
66 37 12
66 39 21
66 40 66
66 41 14
66 43 18
66 44 26
66 46 43
66 48 10
66 49 51
66 50 7
66 51 59
66 52 36
66 53 60
66 54 65
66 56 3
66 57 47
66 58 39
66 59 54
66 63 42
66 64 1
66 65 50
66 66 32
66 67 44
66 68 49
66 69 35
67 0 32
67 1 65
67 2 62
67 3 15
67 4 34
67 6 58
67 7 18
67 8 52
67 9 54
67 10 31
67 11 46
67 12 21
67 13 1
67 16 13
67 18 69
67 19 67
67 20 61
67 21 5
67 22 68
67 23 20
67 24 41
67 25 28
67 26 48
67 27 36
67 28 39
67 29 6
67 31 24
67 32 16
67 33 43
67 34 35
67 36 53
67 37 19
67 39 40
67 40 50
67 41 29
67 43 14
67 44 2
67 45 64
67 46 45
67 47 17
67 48 8
67 49 33
67 50 55
67 51 57
67 52 25
67 53 51
67 54 26
67 55 30
67 56 63
67 57 4
67 58 12
67 59 44
67 60 9
67 61 59
67 62 3
67 63 49
67 64 66
67 65 47
67 66 0
67 67 22
67 68 10
67 69 27
68 0 11
68 1 46
68 3 41
68 4 29
68 5 36
68 6 55
68 7 23
68 8 64
68 9 57
68 13 13
68 14 30
68 16 48
68 18 7
68 19 61
68 21 69
68 22 25
68 23 35
68 24 3
68 25 22
68 26 42
68 27 5
68 28 50
68 29 47
68 31 39
68 32 27
68 33 49
68 34 19
68 35 60
68 36 16
68 37 37
68 38 15
68 39 6
68 40 68
68 41 40
68 42 12
68 43 62
68 44 18
68 45 66
68 46 58
68 48 44
68 49 45
68 50 28
68 51 43
68 52 0
68 53 2
68 54 52
68 55 14
68 56 9
68 57 34
68 58 38
68 59 65
68 60 63
68 62 54
68 63 33
68 64 67
68 65 31
68 67 26
69 0 28
69 1 40
69 2 57
69 3 42
69 4 47
69 5 33
69 7 21
69 8 34
69 9 35
69 10 44
69 11 1
69 12 48
69 13 38
69 14 31
69 17 51
69 18 59
69 21 10
69 22 62
69 23 55
69 24 30
69 25 26
69 26 11
69 27 23
69 28 54
69 29 56
69 31 52
69 32 46
69 34 32
69 35 66
69 36 69
69 37 53
69 38 37
69 40 22
69 41 43
69 42 36
69 43 64
69 44 19
69 45 41
69 46 65
69 47 50
69 49 63
69 50 12
69 51 39
69 52 2
69 53 58
69 54 24
69 55 17
69 56 18
69 57 49
69 59 7
69 60 27
69 61 0
69 62 9
69 63 8
69 64 68
69 65 61
69 66 67
69 67 20
69 68 13
69 69 45
