60
0 1 17
0 7 53
0 14 19
0 20 23
0 23 6
0 26 30
0 27 38
0 28 29
0 29 13
0 32 9
0 34 33
0 39 32
0 41 0
0 45 44
0 47 11
0 48 57
0 51 4
0 53 16
0 57 42
0 58 14
0 59 15
1 11 42
1 18 11
1 22 51
1 23 50
1 26 21
1 27 1
1 30 41
1 31 53
1 34 59
1 36 10
1 39 47
1 46 15
1 50 44
1 51 18
1 52 12
1 53 5
1 55 34
1 56 43
1 57 52
2 1 28
2 3 17
2 9 51
2 11 21
2 12 20
2 16 27
2 22 13
2 23 31
2 28 49
2 33 30
2 37 25
2 39 45
2 40 26
2 41 34
2 42 46
2 44 53
2 46 11
2 48 7
2 56 41
2 57 10
2 58 5
3 1 31
3 3 40
3 4 27
3 5 4
3 6 43
3 7 52
3 9 41
3 11 35
3 12 28
3 13 18
3 14 34
3 17 30
3 21 36
3 27 44
3 28 46
3 37 20
3 38 25
3 41 16
3 47 5
4 3 8
4 8 3
4 14 43
4 16 22
4 18 30
4 19 45
4 24 27
4 26 6
4 27 25
4 36 38
4 39 5
4 41 59
4 45 24
4 49 44
4 53 40
4 56 7
5 1 57
5 2 32
5 9 21
5 13 37
5 15 50
5 16 3
5 22 18
5 29 22
5 30 46
5 31 8
5 34 48
5 35 5
5 36 12
5 42 17
5 46 51
5 50 11
5 51 10
5 53 35
5 55 49
5 56 29
5 58 43
6 1 21
6 2 37
6 4 45
6 7 26
6 8 57
6 10 9
6 11 56
6 14 48
6 20 1
6 30 22
6 31 13
6 33 36
6 37 16
6 40 27
6 42 25
6 44 49
6 49 52
6 51 29
6 55 46
6 56 35
6 58 54
7 0 20
7 5 1
7 6 12
7 8 22
7 15 28
7 16 26
7 23 38
7 24 14
7 26 2
7 27 37
7 28 5
7 30 53
7 31 55
7 34 0
7 36 6
7 38 19
7 40 3
7 45 16
7 53 36
7 55 59
8 0 48
8 6 39
8 10 0
8 11 45
8 14 14
8 24 11
8 29 10
8 30 16
8 31 52
8 37 17
8 49 50
8 59 1
9 10 58
9 11 31
9 15 3
9 16 46
9 19 10
9 21 11
9 24 57
9 25 28
9 27 8
9 28 12
9 32 20
9 36 53
9 38 15
9 43 43
9 44 19
9 49 30
9 55 54
9 57 7
10 0 32
10 1 26
10 12 51
10 13 40
10 16 59
10 18 53
10 24 54
10 27 2
10 31 42
10 33 15
10 34 38
10 37 49
10 39 17
10 44 29
10 47 55
10 49 28
10 51 56
10 52 27
10 53 4
10 54 18
10 55 5
11 7 44
11 8 24
11 13 41
11 16 31
11 17 38
11 22 40
11 28 48
11 33 59
11 41 3
11 42 0
11 46 7
11 49 2
12 9 13
12 12 54
12 14 36
12 15 32
12 19 20
12 21 38
12 24 58
12 25 34
12 32 39
12 37 6
12 38 5
12 41 19
12 42 23
12 48 18
12 49 43
12 51 33
12 54 21
12 59 24
13 3 48
13 11 55
13 16 53
13 17 32
13 19 36
13 28 54
13 30 57
13 33 17
13 38 1
13 41 49
13 43 52
13 46 39
13 49 59
13 59 22
14 1 5
14 2 33
14 5 55
14 7 42
14 13 11
14 18 39
14 20 57
14 25 13
14 32 15
14 35 17
14 39 52
14 44 9
14 48 16
14 50 45
14 51 14
14 52 38
14 56 36
14 57 51
15 5 59
15 10 1
15 14 45
15 15 36
15 19 8
15 22 0
15 27 9
15 32 6
15 37 37
15 38 41
15 40 32
15 41 48
15 43 26
15 46 2
15 47 24
15 50 17
15 53 21
15 55 31
15 59 27
16 1 46
16 3 1
16 6 50
16 10 29
16 15 9
16 20 7
16 23 57
16 24 0
16 26 59
16 30 11
16 32 31
16 35 39
16 44 30
16 49 37
16 53 25
16 54 51
16 57 40
17 3 59
17 4 10
17 5 0
17 8 51
17 12 36
17 13 34
17 20 40
17 21 32
17 22 47
17 31 49
17 33 8
17 43 31
17 47 52
17 49 19
17 52 25
17 56 58
18 0 52
18 2 55
18 3 19
18 7 14
18 10 36
18 12 10
18 18 6
18 19 32
18 20 50
18 23 40
18 26 42
18 34 54
18 35 24
18 38 53
18 39 25
18 45 51
18 46 44
18 50 1
18 52 20
18 54 5
18 55 0
18 58 13
19 1 18
19 3 39
19 5 24
19 7 54
19 8 10
19 12 40
19 13 32
19 15 11
19 25 14
19 27 47
19 30 0
19 33 22
19 38 26
19 39 6
19 41 27
19 42 41
19 43 55
19 46 52
19 48 28
19 49 12
19 53 20
19 55 4
19 57 36
20 1 3
20 3 0
20 6 41
20 9 38
20 19 2
20 25 57
20 27 50
20 28 1
20 32 21
20 38 13
20 43 36
20 45 7
20 49 6
20 50 28
20 52 15
20 53 39
21 4 37
21 8 20
21 13 29
21 19 19
21 21 7
21 22 58
21 24 59
21 27 48
21 29 43
21 30 44
21 31 50
21 32 36
21 33 55
21 39 18
21 40 53
21 42 39
21 44 1
21 48 49
21 49 46
21 58 57
22 3 42
22 10 32
22 15 25
22 16 19
22 21 33
22 22 23
22 23 49
22 25 51
22 27 24
22 28 52
22 29 59
22 32 3
22 37 11
22 45 40
22 46 29
22 48 30
22 51 5
22 53 41
22 54 46
22 56 48
23 3 41
23 9 34
23 10 35
23 13 47
23 16 8
23 18 4
23 19 46
23 25 22
23 26 52
23 32 37
23 34 20
23 40 43
23 44 42
23 51 53
23 55 44
23 57 59
24 0 12
24 8 39
24 11 6
24 14 53
24 15 27
24 20 36
24 22 38
24 26 34
24 30 45
24 33 28
24 35 15
24 41 43
24 42 1
24 47 3
24 49 32
24 58 9
24 59 40
25 0 5
25 1 16
25 5 39
25 15 54
25 20 14
25 21 48
25 23 17
25 25 41
25 31 58
25 36 7
25 37 32
25 38 33
25 40 2
25 42 26
25 46 3
25 47 19
25 53 44
25 58 34
26 1 24
26 4 57
26 9 46
26 14 23
26 15 38
26 16 33
26 25 43
26 29 1
26 30 55
26 40 17
26 41 6
26 47 44
26 51 3
26 55 29
26 57 16
27 2 52
27 5 43
27 8 0
27 10 39
27 11 2
27 14 7
27 16 6
27 17 9
27 23 35
27 26 41
27 27 45
27 29 31
27 32 38
27 33 20
27 42 51
27 50 46
27 51 19
27 58 25
28 3 28
28 9 54
28 10 31
28 12 37
28 13 3
28 15 8
28 25 12
28 29 34
28 31 24
28 32 14
28 33 9
28 34 11
28 37 51
28 40 20
28 44 6
28 45 56
28 48 2
28 51 21
29 3 16
29 4 42
29 6 35
29 10 37
29 12 53
29 17 40
29 18 0
29 19 1
29 28 6
29 31 41
29 36 48
29 38 49
29 42 29
29 44 5
29 46 30
29 48 8
29 49 38
29 51 39
29 52 9
29 55 11
29 57 19
29 58 44
30 1 38
30 3 37
30 9 58
30 16 0
30 17 52
30 26 57
30 32 40
30 33 49
30 36 13
30 40 55
30 43 24
30 45 22
30 47 1
30 49 20
30 53 19
30 56 50
30 58 18
31 10 53
31 14 47
31 16 25
31 23 23
31 27 20
31 28 18
31 30 3
31 34 17
31 35 33
31 39 57
31 45 11
31 53 2
32 4 53
32 5 34
32 7 48
32 9 31
32 15 1
32 20 22
32 21 46
32 22 6
32 24 16
32 28 9
32 29 26
32 30 52
32 41 36
32 43 32
32 44 25
32 52 47
32 53 56
32 54 24
32 56 2
32 58 12
33 4 35
33 7 23
33 13 38
33 15 5
33 19 40
33 20 19
33 27 15
33 29 56
33 32 48
33 35 51
33 41 55
33 43 20
33 56 18
33 59 41
34 0 54
34 4 4
34 8 23
34 10 8
34 11 53
34 14 1
34 17 0
34 20 26
34 23 18
34 24 41
34 26 40
34 29 32
34 35 6
34 38 57
34 39 15
34 43 50
34 48 51
34 56 44
34 57 58
35 0 25
35 2 1
35 4 8
35 7 32
35 8 41
35 9 16
35 10 52
35 12 17
35 19 11
35 20 21
35 21 12
35 24 48
35 26 20
35 27 42
35 29 47
35 31 10
35 39 50
35 40 57
35 42 4
35 43 27
35 44 37
35 48 23
35 49 55
35 54 38
35 57 3
35 58 26
36 3 58
36 4 6
36 6 37
36 7 10
36 8 26
36 9 17
36 12 22
36 22 19
36 30 31
36 31 0
36 34 45
36 36 16
36 37 39
36 38 18
36 44 28
36 49 47
36 54 25
37 5 11
37 7 38
37 9 50
37 16 30
37 23 12
37 25 40
37 26 9
37 30 8
37 31 19
37 40 58
37 43 5
37 45 49
37 46 59
37 48 37
37 52 57
37 56 16
37 59 35
38 3 7
38 13 15
38 16 52
38 17 39
38 18 47
38 29 38
38 30 17
38 32 12
38 37 33
38 45 2
38 48 31
38 56 14
38 59 53
39 0 31
39 3 29
39 5 52
39 6 38
39 7 59
39 12 25
39 14 0
39 22 10
39 27 33
39 28 20
39 39 3
39 47 58
39 48 55
39 54 13
39 57 30
39 58 40
39 59 8
40 0 44
40 1 11
40 2 24
40 18 14
40 22 4
40 26 51
40 28 59
40 32 5
40 35 54
40 37 13
40 38 30
40 39 29
40 40 38
40 44 46
40 45 23
40 46 40
40 59 31
41 0 17
41 3 35
41 4 5
41 8 14
41 16 1
41 18 46
41 22 57
41 26 55
41 28 25
41 34 26
41 35 30
41 36 21
41 38 4
41 41 37
41 44 22
41 45 52
41 47 53
41 55 56
42 7 25
42 8 13
42 12 18
42 14 52
42 20 58
42 23 51
42 27 53
42 31 36
42 33 42
42 38 20
43 0 46
43 2 58
43 3 51
43 5 31
43 7 56
43 8 5
43 9 52
43 11 47
43 12 33
43 15 16
43 16 35
43 22 15
43 30 27
43 31 25
43 32 7
43 33 26
43 40 49
43 41 30
43 51 55
44 0 1
44 1 19
44 7 17
44 11 25
44 16 50
44 20 48
44 23 34
44 24 36
44 26 14
44 28 21
44 29 9
44 30 26
44 50 20
44 51 28
44 52 29
44 53 55
44 58 11
45 4 14
45 5 3
45 7 27
45 8 7
45 19 6
45 21 20
45 23 30
45 28 24
45 29 5
45 36 2
45 38 17
45 40 40
45 41 22
45 42 11
45 43 29
45 44 38
45 54 57
46 4 7
46 10 16
46 11 49
46 13 33
46 16 23
46 19 47
46 23 43
46 25 2
46 29 28
46 30 51
46 31 18
46 35 3
46 36 24
46 37 0
46 39 21
46 41 9
46 47 59
46 53 1
46 54 42
46 56 52
47 0 7
47 2 25
47 4 49
47 5 8
47 10 34
47 11 11
47 17 6
47 19 14
47 27 13
47 28 35
47 31 57
47 32 44
47 34 9
47 40 15
47 42 19
47 45 55
47 48 29
47 49 10
47 53 59
47 55 50
48 1 14
48 3 34
48 4 23
48 10 15
48 12 56
48 18 35
48 20 9
48 22 43
48 26 46
48 27 32
48 29 55
48 32 33
48 37 18
48 43 6
48 44 21
48 45 8
48 50 57
48 57 49
49 1 36
49 2 34
49 4 31
49 7 20
49 17 48
49 23 39
49 29 23
49 39 0
49 40 30
49 43 19
49 51 54
49 53 26
49 57 5
49 59 10
50 2 31
50 3 57
50 9 49
50 11 20
50 16 40
50 23 11
50 28 58
50 31 35
50 34 56
50 36 27
50 43 14
50 45 25
50 53 8
50 55 38
50 56 26
50 57 43
51 4 52
51 5 10
51 7 11
51 12 15
51 20 6
51 24 32
51 27 56
51 30 35
51 33 2
51 34 8
51 35 40
51 36 58
51 39 49
51 40 46
51 41 5
51 43 17
51 46 42
51 50 55
51 51 50
51 52 26
51 53 18
51 54 1
51 55 37
52 1 1
52 2 43
52 9 45
52 11 24
52 16 17
52 21 28
52 22 20
52 24 34
52 25 3
52 32 27
52 33 4
52 37 46
52 38 44
52 41 50
52 42 55
52 44 52
52 45 26
52 48 48
52 50 59
52 52 35
52 56 11
52 57 38
52 58 16
53 0 26
53 2 19
53 5 36
53 10 10
53 13 8
53 16 57
53 17 37
53 19 28
53 21 14
53 26 29
53 28 34
53 32 24
53 33 11
53 34 23
53 39 22
53 44 43
53 46 41
53 49 45
53 53 3
53 57 48
53 58 27
54 0 8
54 1 12
54 2 46
54 5 20
54 11 33
54 13 10
54 15 15
54 21 22
54 23 55
54 27 21
54 30 18
54 33 31
54 34 24
54 43 41
54 45 35
54 46 19
54 47 7
54 51 27
54 54 2
54 55 52
54 59 36
55 3 32
55 14 13
55 18 36
55 22 52
55 23 33
55 25 50
55 31 9
55 36 31
55 37 59
55 38 39
55 39 16
55 47 56
55 54 8
55 56 47
55 57 24
56 1 15
56 7 16
56 9 10
56 10 21
56 16 32
56 17 59
56 20 28
56 27 19
56 28 0
56 32 11
56 35 13
56 41 39
56 42 24
56 47 42
56 48 46
56 49 9
56 51 2
56 57 8
57 0 59
57 4 28
57 11 36
57 13 25
57 16 14
57 17 46
57 18 38
57 20 29
57 21 43
57 27 26
57 28 55
57 34 16
57 42 2
57 47 41
57 48 58
57 50 37
57 56 13
57 58 48
57 59 32
58 4 33
58 6 36
58 8 46
58 14 11
58 18 48
58 22 53
58 32 41
58 34 4
58 35 49
58 36 45
58 38 59
58 40 8
58 45 18
58 49 0
58 51 37
58 52 56
58 53 24
59 1 52
59 4 2
59 12 38
59 21 24
59 27 29
59 28 28
59 30 50
59 33 54
59 35 8
59 36 19
59 39 42
59 41 13
59 50 5
59 51 48
59 54 17
59 57 35
59 58 56
