60
0 1 21
0 3 29
0 4 35
0 5 49
0 6 24
0 8 10
0 9 22
0 10 32
0 11 43
0 13 55
0 16 45
0 17 48
0 18 19
0 19 47
0 20 44
0 21 7
0 22 50
0 23 2
0 24 13
0 25 58
0 26 52
0 27 12
0 31 17
0 32 4
0 33 54
0 34 5
0 35 14
0 36 40
0 37 41
0 38 59
0 40 30
0 41 20
0 42 6
0 44 18
0 45 28
0 46 36
0 47 37
0 48 25
0 49 0
0 50 9
0 52 1
0 53 33
0 54 57
0 55 39
0 56 26
0 57 16
0 58 46
0 59 31
1 0 58
1 1 8
1 2 51
1 3 27
1 4 42
1 6 56
1 7 34
1 8 26
1 9 5
1 10 20
1 12 10
1 13 43
1 16 39
1 18 54
1 19 17
1 20 18
1 22 36
1 23 0
1 24 14
1 25 15
1 27 50
1 28 32
1 29 11
1 30 13
1 31 53
1 32 37
1 33 48
1 34 41
1 35 23
1 36 24
1 37 19
1 40 52
1 41 3
1 42 4
1 43 59
1 44 47
1 45 9
1 46 25
1 49 2
1 50 55
1 51 1
1 52 35
1 53 6
1 54 30
1 55 22
1 56 7
1 57 12
1 59 49
2 2 48
2 3 35
2 4 43
2 5 53
2 6 2
2 8 38
2 9 4
2 10 44
2 11 25
2 12 50
2 13 37
2 14 42
2 15 11
2 16 51
2 17 27
2 18 20
2 21 58
2 22 31
2 23 5
2 24 49
2 25 45
2 26 33
2 27 22
2 29 19
2 30 54
2 31 41
2 33 40
2 34 12
2 35 57
2 37 28
2 38 39
2 40 32
2 41 9
2 42 1
2 43 29
2 44 16
2 47 10
2 48 13
2 50 52
2 51 23
2 52 26
2 53 14
2 54 3
2 56 15
2 57 30
2 58 17
2 59 21
3 0 9
3 1 49
3 2 14
3 3 32
3 4 58
3 6 0
3 7 57
3 9 21
3 10 17
3 11 41
3 13 30
3 15 6
3 16 40
3 17 13
3 18 23
3 19 33
3 20 26
3 21 52
3 22 7
3 23 3
3 24 34
3 25 48
3 26 37
3 27 55
3 28 19
3 29 46
3 30 18
3 32 36
3 33 12
3 34 45
3 35 25
3 36 59
3 37 2
3 38 56
3 39 50
3 40 31
3 41 29
3 43 51
3 44 1
3 45 10
3 46 15
3 47 28
3 49 43
3 54 42
3 55 44
3 56 5
3 57 53
3 58 39
3 59 47
4 0 53
4 1 1
4 2 18
4 3 10
4 5 29
4 6 42
4 8 16
4 9 43
4 10 14
4 11 27
4 12 36
4 13 59
4 14 38
4 15 28
4 16 11
4 18 4
4 19 3
4 20 0
4 21 33
4 22 17
4 23 46
4 24 8
4 25 44
4 27 9
4 28 22
4 29 45
4 30 20
4 31 21
4 32 56
4 37 32
4 38 15
4 41 37
4 43 50
4 44 12
4 45 47
4 46 6
4 48 40
4 50 41
4 51 49
4 52 30
4 54 7
4 55 23
4 57 25
4 58 54
4 59 26
5 0 11
5 1 3
5 2 58
5 3 16
5 4 19
5 5 44
5 6 59
5 7 18
5 8 49
5 9 8
5 10 38
5 11 21
5 12 29
5 13 46
5 15 10
5 16 52
5 17 45
5 18 24
5 21 32
5 22 54
5 24 53
5 25 0
5 26 27
5 27 4
5 28 25
5 29 2
5 30 7
5 31 55
5 32 5
5 33 36
5 34 1
5 35 48
5 38 34
5 39 23
5 40 20
5 41 51
5 42 43
5 43 26
5 44 22
5 46 9
5 47 39
5 48 31
5 50 47
5 51 37
5 52 50
5 53 42
5 55 28
5 56 14
5 57 57
5 58 12
6 0 29
6 1 57
6 3 36
6 4 24
6 6 15
6 7 10
6 8 5
6 9 17
6 10 7
6 11 3
6 12 40
6 13 4
6 14 18
6 15 38
6 16 19
6 17 1
6 18 27
6 19 2
6 20 35
6 21 59
6 22 53
6 24 42
6 25 32
6 29 23
6 31 49
6 33 51
6 34 9
6 35 13
6 36 58
6 37 39
6 38 30
6 39 52
6 40 44
6 41 47
6 42 26
6 43 54
6 44 50
6 45 46
6 46 56
6 47 6
6 48 16
6 49 34
6 50 45
6 51 12
6 52 11
6 54 33
6 55 55
6 56 22
6 57 48
6 58 41
6 59 37
7 0 0
7 1 43
7 4 25
7 5 59
7 6 48
7 7 12
7 8 36
7 9 45
7 10 39
7 12 32
7 14 51
7 15 29
7 16 18
7 18 57
7 19 40
7 20 15
7 21 3
7 22 30
7 23 22
7 24 9
7 25 47
7 26 10
7 27 21
7 28 11
7 29 41
7 31 34
7 32 53
7 33 49
7 34 31
7 35 46
7 36 55
7 37 20
7 39 35
7 40 1
7 41 19
7 43 42
7 44 58
7 45 24
7 46 27
7 47 33
7 48 44
7 50 2
7 52 17
7 54 14
7 55 54
7 56 37
7 57 23
7 58 6
7 59 7
8 0 5
8 1 45
8 2 44
8 3 38
8 6 10
8 8 27
8 10 46
8 12 48
8 13 41
8 14 15
8 15 24
8 16 31
8 17 21
8 18 3
8 20 50
8 21 47
8 22 51
8 23 34
8 25 22
8 26 25
8 28 14
8 29 30
8 30 55
8 33 35
8 34 37
8 35 33
8 36 39
8 37 11
8 39 59
8 41 0
8 42 29
8 43 1
8 44 52
8 45 56
8 46 17
8 47 9
8 50 57
8 51 8
8 52 42
8 55 53
8 56 28
8 58 19
8 59 58
9 0 49
9 1 25
9 3 14
9 5 20
9 7 41
9 8 35
9 9 27
9 10 26
9 11 23
9 12 47
9 13 16
9 15 22
9 16 8
9 18 42
9 19 15
9 20 37
9 23 56
9 24 32
9 25 11
9 26 9
9 27 46
9 28 50
9 30 10
9 32 31
9 33 21
9 34 17
9 35 59
9 36 2
9 37 13
9 38 44
9 39 28
9 40 24
9 41 7
9 43 19
9 44 54
9 45 43
9 46 57
9 47 45
9 49 4
9 50 48
9 52 53
9 53 18
9 54 6
9 55 29
9 56 52
9 57 1
9 58 51
9 59 38
10 0 25
10 1 0
10 2 49
10 3 15
10 4 37
10 5 4
10 6 5
10 7 48
10 8 51
10 9 41
10 10 33
10 11 34
10 13 6
10 15 17
10 16 46
10 17 55
10 18 32
10 20 52
10 21 40
10 22 9
10 23 20
10 24 18
10 25 30
10 26 1
10 27 7
10 28 13
10 30 57
10 32 50
10 33 22
10 34 2
10 35 16
10 36 21
10 38 36
10 39 44
10 40 27
10 41 35
10 42 56
10 43 39
10 44 10
10 45 42
10 47 58
10 49 19
10 51 38
10 52 59
10 57 45
10 58 47
10 59 53
11 1 7
11 2 40
11 3 28
11 4 30
11 5 47
11 6 35
11 7 32
11 8 9
11 9 19
11 10 48
11 12 27
11 13 58
11 14 54
11 15 42
11 16 2
11 18 29
11 20 46
11 22 15
11 24 57
11 26 55
11 29 59
11 30 14
11 32 26
11 33 0
11 34 56
11 35 20
11 36 25
11 37 31
11 38 41
11 39 24
11 40 4
11 41 44
11 42 49
11 43 52
11 44 38
11 45 12
11 47 43
11 48 50
11 49 6
11 50 33
11 51 21
11 52 22
11 54 36
11 55 8
11 56 18
11 57 5
11 58 34
11 59 1
12 1 53
12 2 3
12 3 56
12 4 15
12 5 51
12 6 34
12 7 5
12 8 2
12 9 12
12 10 18
12 11 26
12 13 20
12 14 9
12 16 55
12 17 37
12 18 41
12 19 38
12 20 42
12 21 22
12 22 14
12 24 4
12 28 44
12 29 52
12 30 43
12 31 25
12 32 1
12 33 16
12 36 27
12 37 40
12 38 46
12 39 47
12 40 28
12 41 13
12 43 0
12 45 57
12 46 31
12 47 23
12 48 21
12 49 35
12 50 24
12 51 19
12 52 39
12 53 54
12 54 8
12 55 32
12 56 10
12 57 59
12 58 7
13 0 35
13 2 50
13 3 26
13 4 5
13 5 46
13 6 6
13 7 24
13 8 45
13 9 10
13 10 58
13 12 1
13 13 9
13 14 20
13 15 18
13 16 3
13 17 40
13 18 33
13 19 0
13 20 59
13 22 34
13 23 53
13 24 47
13 25 49
13 26 23
13 27 37
13 28 48
13 30 22
13 31 38
13 33 43
13 34 16
13 35 27
13 36 42
13 37 4
13 39 14
13 40 57
13 41 55
13 43 32
13 44 21
13 45 13
13 46 30
13 47 8
13 48 54
13 49 12
13 51 25
13 52 56
13 53 17
13 54 39
13 55 41
13 56 29
13 58 52
14 0 27
14 1 14
14 2 54
14 3 1
14 4 0
14 5 28
14 6 17
14 7 9
14 8 22
14 10 35
14 12 4
14 13 31
14 14 24
14 15 16
14 18 37
14 19 43
14 20 38
14 21 20
14 24 10
14 25 51
14 27 19
14 28 36
14 31 7
14 32 34
14 33 23
14 34 44
14 35 2
14 37 8
14 38 42
14 40 56
14 41 40
14 42 39
14 43 18
14 44 26
14 45 3
14 50 11
14 51 46
14 52 21
14 53 58
14 54 45
14 56 50
14 57 33
14 58 53
14 59 57
15 0 32
15 1 22
15 2 52
15 3 9
15 4 50
15 6 30
15 7 19
15 8 13
15 9 6
15 11 2
15 12 16
15 13 35
15 14 48
15 15 26
15 16 17
15 17 46
15 18 25
15 19 14
15 20 41
15 23 47
15 24 56
15 26 49
15 27 34
15 28 29
15 29 40
15 30 12
15 31 1
15 32 45
15 33 42
15 34 43
15 35 53
15 36 44
15 37 7
15 38 24
15 39 57
15 40 3
15 41 39
15 42 37
15 43 10
15 44 59
15 45 15
15 46 21
15 48 33
15 49 38
15 51 0
15 52 31
15 53 5
15 54 58
15 55 4
15 56 20
15 57 8
15 58 55
15 59 23
16 0 28
16 2 12
16 5 30
16 7 53
16 8 14
16 9 1
16 10 50
16 12 39
16 13 49
16 14 17
16 15 34
16 16 36
16 17 25
16 18 7
16 19 54
16 20 22
16 21 55
16 22 24
16 23 21
16 26 13
16 27 32
16 28 6
16 29 38
16 32 2
16 33 8
16 34 52
16 35 18
16 36 3
16 37 42
16 39 33
16 40 59
16 41 4
16 42 45
16 43 16
16 45 20
16 47 0
16 49 10
16 50 5
16 51 9
16 52 51
16 53 19
16 54 44
16 55 48
16 57 41
16 58 23
17 1 17
17 2 53
17 3 6
17 4 45
17 5 34
17 7 31
17 9 38
17 10 3
17 11 20
17 13 47
17 14 1
17 15 2
17 16 43
17 17 4
17 18 46
17 20 23
17 21 8
17 22 39
17 23 11
17 24 40
17 25 10
17 26 51
17 27 41
17 29 0
17 30 29
17 31 57
17 32 28
17 33 55
17 34 13
17 35 5
17 36 37
17 37 35
17 39 12
17 40 7
17 42 32
17 43 56
17 45 19
17 46 50
17 47 42
17 48 49
17 49 18
17 50 25
17 51 36
17 52 44
17 53 30
17 54 9
17 56 16
17 57 14
18 0 13
18 1 33
18 2 46
18 3 39
18 4 29
18 5 16
18 6 20
18 7 25
18 9 58
18 12 59
18 13 27
18 14 52
18 15 53
18 16 15
18 17 28
18 18 21
18 19 34
18 20 56
18 23 24
18 25 2
18 26 40
18 29 14
18 30 32
18 31 23
18 32 44
18 33 11
18 34 30
18 35 50
18 36 48
18 37 51
18 38 3
18 39 38
18 40 12
18 41 41
18 42 54
18 43 35
18 44 5
18 45 31
18 46 4
18 47 26
18 48 6
18 49 37
18 50 10
18 51 22
18 52 9
18 54 0
18 55 57
18 57 47
18 58 1
18 59 18
19 0 51
19 2 15
19 3 0
19 5 38
19 6 45
19 7 1
19 8 34
19 9 13
19 10 9
19 14 55
19 15 49
19 16 37
19 17 22
19 18 28
19 19 35
19 20 14
19 22 42
19 23 32
19 24 44
19 26 50
19 27 40
19 28 43
19 31 18
19 32 33
19 33 6
19 34 8
19 35 31
19 36 52
19 37 21
19 38 25
19 39 5
19 40 36
19 41 53
19 42 47
19 43 7
19 44 30
19 45 26
19 46 11
19 47 48
19 48 17
19 49 24
19 50 3
19 51 20
19 53 41
19 54 4
19 55 19
19 57 2
19 58 29
19 59 54
20 0 56
20 2 16
20 3 31
20 5 1
20 6 4
20 7 14
20 10 11
20 11 50
20 12 28
20 14 8
20 15 3
20 16 47
20 17 42
20 18 39
20 19 30
20 20 17
20 21 15
20 22 10
20 24 35
20 26 24
20 28 7
20 30 5
20 31 26
20 32 49
20 34 6
20 35 0
20 36 53
20 38 55
20 41 48
20 43 43
20 45 44
20 46 54
20 47 2
20 48 22
20 49 23
20 50 59
20 51 29
20 52 27
20 54 40
20 56 33
20 57 20
20 58 13
20 59 41
21 2 37
21 5 39
21 6 18
21 7 28
21 8 1
21 9 20
21 10 4
21 11 36
21 12 55
21 13 5
21 14 59
21 15 21
21 16 22
21 17 23
21 18 13
21 19 32
21 20 54
21 21 16
21 22 12
21 23 40
21 26 31
21 27 47
21 28 46
21 29 44
21 30 58
21 31 3
21 32 52
21 33 30
21 34 7
21 37 27
21 38 9
21 39 45
21 40 14
21 41 10
21 42 41
21 43 24
21 45 48
21 47 25
21 48 15
21 49 51
21 50 43
21 51 35
21 52 57
21 53 26
21 55 42
21 56 49
21 57 0
21 58 38
21 59 29
22 0 34
22 1 30
22 3 20
22 4 40
22 5 2
22 6 22
22 7 16
22 9 24
22 10 27
22 11 53
22 12 7
22 14 0
22 16 50
22 17 43
22 18 12
22 19 21
22 20 39
22 21 23
22 22 49
22 24 28
22 26 57
22 27 14
22 28 1
22 29 26
22 31 52
22 32 35
22 33 46
22 34 48
22 37 25
22 39 10
22 40 41
22 42 17
22 43 13
22 44 3
22 45 45
22 46 29
22 47 18
22 48 37
22 49 11
22 51 47
22 52 38
22 53 9
22 54 59
22 55 15
22 56 32
22 59 8
23 0 17
23 1 41
23 2 59
23 3 11
23 4 9
23 5 14
23 6 26
23 7 45
23 8 39
23 9 0
23 10 43
23 12 31
23 13 52
23 14 37
23 15 54
23 16 5
23 17 7
23 18 55
23 19 50
23 21 2
23 22 21
23 23 16
23 24 1
23 25 24
23 26 18
23 28 34
23 30 33
23 31 44
23 33 19
23 34 51
23 35 40
23 36 49
23 38 28
23 39 46
23 40 23
23 41 12
23 42 58
23 43 57
23 46 42
23 48 29
23 49 53
23 52 32
23 54 56
23 57 27
23 58 48
23 59 4
24 0 40
24 1 46
24 2 13
24 3 47
24 4 1
24 5 3
24 6 39
24 7 23
24 8 41
24 9 11
24 11 48
24 12 52
24 13 17
24 14 53
24 15 50
24 16 12
24 17 31
24 18 26
24 19 44
24 20 16
24 21 29
24 22 43
24 23 57
24 24 27
24 25 33
24 26 7
24 29 6
24 30 38
24 31 28
24 32 20
24 33 58
24 34 4
24 36 22
24 38 19
24 39 30
24 40 37
24 41 36
24 42 18
24 43 8
24 44 42
24 45 34
24 46 35
24 47 51
24 48 45
24 49 5
24 50 15
24 51 24
24 52 0
24 53 55
24 54 2
24 55 14
24 57 32
24 59 25
25 0 15
25 1 47
25 2 24
25 3 4
25 4 59
25 6 31
25 8 46
25 9 34
25 10 6
25 11 18
25 12 33
25 13 0
25 15 13
25 17 53
25 18 38
25 19 28
25 20 2
25 21 36
25 22 48
25 23 37
25 24 7
25 25 43
25 28 42
25 29 58
25 30 1
25 31 30
25 33 50
25 34 23
25 35 45
25 36 19
25 37 49
25 38 26
25 39 22
25 40 29
25 41 57
25 42 35
25 44 39
25 45 11
25 46 12
25 47 17
25 48 9
25 49 14
25 50 16
25 51 51
25 52 41
25 53 44
25 54 52
25 55 40
25 57 56
26 0 43
26 1 10
26 2 32
26 3 34
26 4 11
26 5 55
26 6 49
26 7 59
26 8 3
26 9 44
26 10 45
26 12 30
26 13 22
26 14 57
26 15 19
26 17 29
26 19 1
26 20 51
26 21 0
26 23 58
26 24 6
26 26 47
26 27 20
26 28 54
26 29 37
26 31 31
26 32 48
26 33 28
26 34 40
26 35 26
26 36 14
26 37 5
26 39 25
26 40 15
26 41 27
26 42 23
26 43 36
26 44 53
26 45 38
26 46 2
26 47 21
26 49 8
26 50 4
26 51 42
26 52 33
26 53 46
26 55 17
26 57 50
26 58 9
26 59 24
27 0 47
27 1 2
27 2 57
27 3 7
27 5 37
27 6 21
27 7 46
27 8 42
27 10 22
27 12 43
27 13 28
27 14 58
27 15 35
27 16 56
27 18 52
27 19 59
27 20 5
27 21 38
27 23 25
27 24 55
27 25 36
27 26 54
27 27 29
27 28 18
27 29 53
27 30 34
27 32 11
27 33 10
27 35 41
27 36 30
27 37 45
27 38 12
27 39 39
27 40 17
27 41 50
27 43 48
27 45 40
27 46 19
27 47 31
27 48 51
27 50 13
27 52 4
27 53 24
27 54 32
27 55 49
27 56 8
27 57 26
27 58 15
27 59 16
28 0 50
28 1 54
28 3 37
28 4 21
28 6 40
28 7 7
28 8 23
28 9 39
28 10 53
28 13 44
28 14 16
28 15 55
28 16 48
28 19 42
28 20 24
28 21 57
28 22 6
28 23 27
28 24 33
28 25 9
28 26 36
28 27 0
28 28 47
28 29 5
28 30 51
28 31 59
28 33 34
28 37 26
28 39 49
28 40 11
28 41 45
28 42 52
28 43 41
28 44 20
28 45 22
28 46 46
28 47 29
28 48 10
28 49 30
28 50 14
28 51 43
28 52 25
28 53 35
28 54 13
28 55 12
28 56 38
28 57 31
28 58 32
28 59 15
29 0 41
29 2 8
29 3 46
29 4 26
29 5 12
29 6 11
29 7 27
29 8 43
29 9 57
29 10 2
29 11 55
29 12 34
29 13 25
29 14 10
29 15 5
29 16 28
29 17 17
29 19 22
29 20 48
29 21 9
29 23 15
29 24 30
29 25 39
29 26 29
29 27 53
29 28 38
29 30 45
29 32 51
29 33 14
29 34 33
29 35 19
29 38 50
29 39 56
29 40 0
29 41 54
29 42 13
29 43 20
29 44 44
29 45 52
29 46 7
29 47 59
29 49 42
29 51 6
29 52 23
29 53 1
29 54 47
29 55 37
29 56 21
29 57 40
29 58 24
29 59 35
30 0 7
30 1 35
30 2 33
30 3 25
30 5 15
30 6 23
30 7 21
30 8 20
30 9 40
30 10 41
30 11 9
30 12 12
30 14 36
30 15 46
30 16 53
30 17 16
30 18 14
30 20 11
30 21 49
30 22 2
30 23 17
30 24 58
30 25 26
30 26 19
30 27 13
30 29 27
30 30 24
30 31 8
30 32 42
30 34 47
30 37 22
30 38 43
30 39 55
30 40 48
30 41 52
30 42 38
30 45 29
30 46 39
30 47 5
30 48 0
30 49 45
30 50 50
30 51 30
30 53 28
30 54 51
30 55 3
30 56 1
30 57 10
31 1 29
31 2 26
31 3 50
31 4 3
31 5 25
31 6 58
31 7 43
31 8 0
31 9 9
31 10 12
31 11 31
31 12 54
31 14 47
31 15 45
31 16 32
31 17 6
31 18 30
31 20 21
31 25 35
31 26 46
31 28 17
31 29 8
31 30 4
31 32 39
31 34 14
31 37 37
31 38 40
31 39 51
31 41 28
31 42 16
31 43 2
31 44 24
31 45 59
31 46 10
31 47 56
31 49 52
31 50 23
31 55 20
31 57 42
31 58 49
31 59 22
32 0 33
32 1 5
32 2 31
32 3 21
32 4 47
32 6 14
32 7 58
32 10 29
32 12 17
32 13 54
32 14 46
32 15 43
32 16 59
32 17 32
32 18 22
32 19 37
32 20 19
32 21 53
32 23 6
32 24 51
32 25 40
32 27 26
32 28 30
32 29 4
32 30 36
32 31 45
32 33 7
32 34 15
32 36 35
32 40 42
32 41 38
32 43 27
32 44 25
32 45 39
32 47 50
32 49 20
32 50 8
32 51 57
32 52 13
32 53 12
32 54 24
32 55 1
32 57 3
32 58 28
32 59 9
33 0 39
33 1 32
33 2 21
33 3 40
33 4 14
33 5 45
33 6 43
33 7 22
33 8 7
33 10 31
33 12 3
33 13 53
33 15 20
33 16 24
33 17 38
33 18 58
33 19 16
33 20 47
33 21 54
33 22 13
33 23 33
33 24 48
33 25 59
33 26 6
33 27 51
33 29 50
33 30 28
33 32 17
33 34 25
33 35 30
33 36 26
33 37 57
33 38 11
33 39 36
33 40 10
33 41 5
33 42 19
33 44 15
33 46 0
33 48 18
33 49 41
33 50 37
33 51 56
33 52 8
33 54 1
33 55 34
33 57 49
33 58 2
33 59 44
34 0 24
34 1 19
34 2 9
34 3 30
34 4 33
34 5 26
34 6 46
34 7 51
34 8 56
34 10 0
34 11 40
34 12 44
34 13 3
34 14 22
34 15 15
34 16 42
34 17 41
34 18 43
34 19 7
34 20 57
34 21 18
34 22 20
34 23 59
34 24 21
34 25 28
34 26 8
34 27 38
34 29 17
34 30 2
34 31 5
34 32 29
34 33 32
34 34 36
34 35 39
34 36 54
34 37 6
34 40 16
34 41 49
34 42 31
34 43 23
34 44 27
34 45 4
34 49 47
34 50 58
34 51 52
34 52 45
34 54 25
34 56 55
34 57 13
34 58 50
34 59 12
35 1 16
35 2 5
35 3 18
35 4 54
35 5 40
35 7 35
35 8 25
35 9 28
35 10 57
35 12 38
35 13 34
35 16 33
35 17 44
35 18 9
35 19 26
35 20 31
35 21 10
35 22 56
35 23 49
35 24 3
35 26 53
35 27 48
35 28 51
35 30 23
35 31 27
35 32 22
35 33 2
35 35 24
35 36 15
35 37 55
35 38 58
35 39 21
35 40 6
35 42 12
35 43 37
35 44 41
35 45 7
35 46 14
35 47 20
35 48 43
35 49 50
35 51 32
35 52 47
35 53 36
35 54 19
35 55 0
35 56 30
35 57 4
35 58 8
36 0 20
36 1 13
36 2 42
36 3 51
36 4 16
36 5 43
36 6 25
36 7 26
36 9 52
36 10 59
36 12 11
36 13 12
36 14 4
36 15 30
36 16 35
36 17 15
36 19 27
36 20 10
36 21 56
36 22 33
36 23 36
36 25 14
36 26 17
36 27 5
36 28 41
36 29 32
36 32 58
36 33 39
36 34 38
36 35 21
36 38 6
36 39 8
36 41 34
36 42 44
36 43 9
36 45 53
36 46 18
36 47 24
36 49 29
36 50 46
36 51 45
36 52 3
36 53 22
36 54 49
36 56 47
36 59 28
37 1 12
37 2 47
37 3 53
37 5 9
37 7 11
37 8 6
37 9 42
37 11 15
37 12 18
37 14 45
37 15 48
37 16 1
37 17 34
37 18 56
37 19 25
37 21 35
37 22 19
37 24 16
37 25 7
37 26 3
37 27 27
37 28 37
37 30 52
37 32 21
37 33 5
37 34 22
37 35 54
37 36 29
37 37 0
37 38 4
37 39 58
37 40 50
37 41 33
37 43 17
37 44 40
37 45 41
37 47 46
37 48 59
37 49 57
37 50 20
37 51 2
37 52 36
37 53 49
37 54 10
37 55 13
37 56 23
37 57 38
38 1 23
38 3 55
38 5 52
38 6 8
38 7 3
38 8 4
38 9 30
38 10 10
38 11 11
38 12 51
38 13 36
38 14 40
38 15 37
38 16 14
38 18 53
38 19 46
38 20 29
38 21 12
38 22 18
38 23 13
38 24 26
38 25 38
38 26 59
38 28 57
38 29 35
38 30 27
38 32 9
38 33 56
38 34 24
38 35 7
38 36 41
38 37 50
38 38 45
38 39 32
38 42 20
38 45 5
38 46 22
38 47 1
38 49 48
38 50 54
38 51 39
38 52 28
38 53 21
38 54 31
38 55 16
38 56 25
38 58 0
38 59 19
39 0 52
39 1 40
39 2 7
39 4 10
39 5 48
39 6 3
39 7 4
39 8 21
39 11 39
39 12 9
39 13 24
39 14 26
39 15 36
39 16 25
39 17 57
39 19 19
39 20 45
39 21 6
39 22 23
39 23 50
39 24 11
39 25 27
39 26 42
39 27 15
39 28 0
39 29 56
39 30 16
39 31 14
39 35 28
39 36 5
39 37 38
39 38 20
39 39 41
39 42 46
39 44 34
39 45 54
39 46 58
39 47 32
39 49 31
39 50 30
39 52 49
39 53 13
39 54 53
39 55 51
39 56 2
39 57 22
39 58 37
40 0 57
40 1 20
40 2 45
40 3 33
40 4 7
40 5 32
40 6 52
40 7 37
40 8 11
40 9 50
40 10 51
40 11 29
40 13 1
40 14 2
40 16 10
40 17 36
40 18 48
40 19 18
40 20 8
40 22 16
40 24 31
40 25 12
40 26 22
40 27 6
40 28 23
40 29 9
40 30 40
40 31 47
40 32 25
40 34 34
40 35 56
40 36 28
40 38 49
40 39 54
40 40 39
40 43 21
40 44 13
40 46 41
40 47 15
40 48 4
40 50 53
40 51 14
40 52 43
40 53 27
40 55 35
40 56 0
40 57 19
40 59 5
41 0 31
41 1 38
41 3 22
41 6 41
41 7 39
41 8 33
41 9 7
41 10 15
41 12 53
41 13 48
41 14 50
41 15 27
41 16 26
41 17 5
41 18 44
41 19 56
41 21 14
41 22 57
41 23 35
41 24 54
41 25 23
41 27 17
41 28 58
41 29 47
41 30 37
41 31 51
41 32 13
41 33 45
41 34 10
41 35 8
41 37 3
41 38 16
41 40 55
41 41 42
41 42 24
41 43 30
41 44 43
41 45 49
41 46 52
41 48 1
41 49 28
41 50 34
41 51 59
41 52 6
41 53 32
41 55 21
41 56 19
41 57 46
41 58 18
41 59 0
42 0 3
42 1 39
42 3 57
42 4 41
42 5 33
42 6 29
42 8 31
42 9 54
42 11 13
42 12 49
42 13 15
42 14 27
42 15 23
42 16 6
42 17 24
42 18 45
42 19 51
42 20 4
42 21 17
42 22 0
42 24 5
42 25 37
42 27 52
42 28 8
42 29 10
42 30 59
42 31 12
42 32 43
42 34 35
42 35 38
42 36 18
42 37 30
42 38 22
42 39 53
42 40 19
42 41 26
42 42 28
42 43 58
42 44 55
42 45 2
42 46 32
42 47 11
42 48 36
42 49 9
42 50 42
42 51 50
42 52 14
42 53 56
42 54 46
42 55 25
42 56 44
42 58 40
42 59 48
43 0 10
43 1 9
43 2 41
43 3 49
43 4 22
43 6 12
43 7 8
43 8 54
43 10 28
43 11 24
43 12 35
43 13 11
43 14 14
43 15 33
43 16 44
43 17 26
43 18 6
43 19 45
43 20 27
43 21 50
43 22 32
43 23 38
43 24 20
43 25 42
43 26 16
43 27 18
43 28 5
43 29 57
43 30 25
43 31 2
43 35 37
43 36 46
43 37 52
43 38 7
43 39 29
43 40 51
43 41 30
43 43 15
43 44 4
43 46 43
43 47 53
43 48 19
43 50 1
43 51 13
43 52 55
43 53 34
43 54 48
43 55 31
43 56 40
43 57 39
43 58 3
43 59 56
44 0 18
44 2 1
44 4 28
44 5 17
44 6 32
44 7 6
44 8 59
44 9 3
44 10 5
44 11 44
44 12 0
44 13 23
44 14 39
44 16 58
44 17 8
44 18 50
44 21 24
44 22 26
44 23 4
44 24 52
44 25 19
44 26 30
44 28 2
44 29 33
44 30 15
44 31 54
44 32 47
44 33 31
44 34 57
44 35 36
44 36 10
44 37 46
44 38 35
44 39 37
44 40 22
44 41 14
44 42 25
44 43 34
44 44 29
44 45 27
44 46 38
44 47 16
44 48 7
44 49 13
44 51 55
44 55 43
44 57 9
44 58 20
44 59 45
45 2 6
45 3 45
45 4 18
45 5 7
45 6 19
45 8 30
45 9 59
45 12 8
45 13 42
45 15 41
45 16 38
45 17 0
45 18 47
45 19 5
45 21 28
45 22 40
45 23 31
45 24 23
45 26 14
45 27 16
45 28 4
45 30 44
45 31 35
45 32 24
45 33 15
45 35 12
45 36 50
45 37 10
45 38 2
45 39 26
45 40 46
45 42 57
45 43 22
45 44 9
45 45 17
45 46 13
45 47 3
45 48 48
45 50 39
45 51 33
45 52 29
45 53 25
45 55 36
45 56 51
45 57 52
45 58 11
45 59 27
46 0 2
46 1 50
46 2 39
46 3 48
46 5 56
46 6 27
46 7 42
46 8 32
46 9 33
46 11 14
46 12 5
46 13 18
46 15 31
46 16 23
46 17 11
46 19 12
46 20 40
46 21 26
46 23 43
46 25 16
46 26 4
46 27 59
46 28 9
46 29 25
46 30 6
46 31 15
46 32 19
46 33 37
46 34 28
46 36 13
46 37 54
46 38 10
46 39 1
46 41 22
46 42 21
46 43 45
46 45 51
46 46 3
46 47 41
46 48 20
46 49 36
46 50 0
46 51 44
46 52 7
46 53 57
46 54 34
46 55 24
46 56 53
46 57 55
46 58 58
46 59 30
47 1 28
47 2 38
47 3 5
47 4 56
47 5 23
47 6 51
47 7 30
47 9 49
47 10 21
47 11 6
47 12 26
47 14 34
47 15 1
47 16 9
47 17 20
47 18 59
47 19 57
47 22 47
47 23 48
47 25 31
47 26 15
47 27 35
47 28 53
47 29 22
47 32 40
47 36 33
47 37 18
47 38 8
47 39 3
47 40 45
47 42 10
47 44 2
47 45 16
47 46 37
47 49 44
47 51 7
47 52 52
47 53 39
47 54 12
47 55 58
47 56 24
47 57 29
47 58 14
47 59 13
48 0 19
48 1 44
48 5 42
48 6 7
48 7 29
48 8 18
48 9 25
48 10 1
48 11 52
48 12 58
48 14 6
48 15 39
48 16 0
48 17 56
48 19 9
48 21 31
48 22 59
48 23 30
48 24 37
48 25 54
48 28 21
48 29 12
48 31 36
48 32 10
48 33 13
48 35 22
48 36 47
48 37 33
48 38 57
48 39 43
48 40 35
48 42 51
48 43 38
48 44 17
48 45 23
48 47 34
48 48 14
48 49 49
48 50 40
48 51 41
48 53 11
48 54 28
48 55 46
48 56 4
48 57 24
48 59 3
49 1 18
49 2 10
49 4 4
49 6 47
49 7 36
49 8 28
49 11 17
49 12 2
49 13 45
49 14 33
49 15 12
49 16 54
49 17 50
49 18 51
49 19 53
49 20 9
49 21 46
49 22 38
49 23 42
49 24 24
49 25 6
49 26 44
49 27 30
49 31 20
49 33 3
49 34 21
49 35 43
49 36 1
49 41 23
49 42 48
49 43 49
49 44 35
49 45 58
49 46 5
49 47 7
49 48 57
49 49 25
49 50 27
49 52 37
49 53 15
49 54 11
49 55 52
49 57 34
49 58 22
49 59 14
50 1 55
50 3 41
50 4 48
50 5 10
50 7 13
50 8 47
50 10 54
50 11 42
50 12 37
50 13 26
50 15 4
50 17 12
50 18 34
50 20 6
50 21 27
50 22 35
50 23 8
50 26 5
50 27 56
50 29 29
50 32 32
50 33 20
50 36 0
50 37 17
50 38 21
50 39 2
50 40 25
50 41 43
50 42 36
50 43 14
50 45 18
50 46 40
50 48 23
50 49 46
50 50 31
50 51 58
50 52 15
50 53 52
50 54 16
50 55 30
50 56 45
50 57 11
50 59 51
51 0 21
51 1 4
51 3 58
51 4 27
51 5 5
51 7 15
51 8 40
51 9 18
51 10 23
51 12 13
51 13 33
51 14 41
51 15 32
51 16 34
51 18 10
51 19 52
51 21 48
51 22 22
51 23 1
51 24 29
51 25 57
51 27 31
51 28 12
51 29 49
51 31 24
51 32 3
51 33 44
51 34 46
51 35 51
51 36 43
51 37 53
51 38 38
51 40 26
51 42 11
51 45 25
51 48 8
51 51 16
51 52 19
51 53 50
51 54 55
51 55 2
51 56 42
51 57 7
51 59 20
52 0 12
52 1 31
52 2 55
52 3 24
52 4 46
52 5 6
52 6 1
52 7 50
52 9 48
52 10 8
52 11 22
52 12 25
52 13 2
52 14 13
52 16 7
52 17 47
52 18 17
52 19 4
52 20 3
52 21 30
52 23 26
52 24 39
52 25 20
52 26 41
52 27 36
52 28 16
52 29 34
52 30 0
52 31 19
52 32 57
52 33 38
52 34 11
52 35 49
52 36 9
52 37 14
52 40 54
52 41 21
52 42 15
52 43 40
52 44 45
52 46 51
52 48 28
52 49 27
52 50 29
52 52 18
52 55 10
52 56 59
52 57 37
52 58 33
52 59 52
53 0 42
53 1 48
53 3 44
53 4 34
53 5 50
53 6 53
53 7 40
53 9 47
53 10 37
53 11 46
53 12 24
53 13 14
53 14 49
53 16 13
53 18 16
53 19 41
53 20 7
53 22 52
53 25 55
53 26 26
53 27 57
53 28 28
53 29 3
53 30 21
53 31 56
53 32 0
53 33 33
53 35 15
53 36 23
53 37 9
53 38 17
53 39 20
53 40 5
53 41 11
53 44 51
53 45 8
53 46 45
53 47 54
53 49 39
53 50 32
53 51 4
53 52 2
53 53 59
53 54 22
53 55 38
53 56 6
53 57 43
53 58 36
54 0 23
54 1 24
54 2 22
54 3 42
54 5 27
54 6 38
54 7 52
54 8 57
54 9 32
54 10 19
54 11 33
54 12 15
54 13 7
54 15 44
54 16 30
54 17 9
54 18 49
54 19 39
54 23 29
54 25 21
54 26 58
54 27 3
54 30 35
54 31 37
54 32 16
54 33 17
54 34 54
54 35 4
54 36 45
54 37 48
54 38 47
54 39 18
54 40 53
54 41 6
54 42 14
54 44 28
54 45 0
54 46 20
54 47 36
54 48 26
54 50 12
54 51 34
54 54 50
54 55 56
54 56 46
54 57 51
54 58 43
54 59 2
55 0 48
55 1 42
55 2 29
55 3 52
55 4 55
55 5 13
55 6 44
55 7 54
55 8 53
55 10 40
55 11 38
55 12 57
55 13 39
55 15 7
55 16 20
55 17 2
55 20 12
55 21 5
55 22 1
55 23 51
55 24 59
55 26 28
55 27 24
55 28 45
55 29 15
55 31 10
55 32 30
55 33 9
55 34 19
55 35 3
55 37 23
55 39 0
55 40 21
55 41 25
55 42 33
55 43 6
55 44 49
55 46 16
55 47 4
55 49 22
55 51 18
55 52 46
55 53 47
55 54 43
55 55 27
55 56 41
55 57 17
55 58 35
55 59 50
56 0 30
56 3 54
56 4 20
56 5 57
56 6 9
56 7 17
56 8 55
56 9 31
56 10 34
56 12 22
56 13 29
56 14 56
56 15 0
56 16 4
56 17 35
56 18 36
56 19 8
56 20 1
56 21 13
56 22 37
56 23 44
56 25 41
56 26 21
56 27 45
56 28 59
56 29 7
56 30 3
56 31 40
56 32 38
56 36 16
56 38 51
56 39 11
56 40 47
56 41 15
56 42 53
56 43 12
56 44 14
56 45 33
56 46 28
56 47 49
56 48 24
56 49 26
56 50 18
56 51 48
56 52 10
56 53 2
56 55 50
56 56 39
56 57 58
56 58 25
57 0 1
57 1 52
57 2 11
57 3 23
57 4 51
57 5 22
57 6 28
57 7 44
57 8 24
57 10 25
57 11 32
57 12 41
57 13 40
57 14 21
57 15 14
57 16 27
57 18 8
57 19 6
57 20 49
57 23 12
57 24 0
57 26 20
57 27 39
57 28 31
57 29 43
57 30 47
57 31 16
57 32 55
57 33 53
57 34 42
57 35 17
57 36 38
57 37 34
57 38 54
57 39 13
57 40 9
57 41 18
57 42 7
57 43 33
57 44 36
57 46 48
57 47 19
57 48 56
57 49 15
57 50 26
57 51 5
57 53 29
57 55 59
57 56 57
57 57 35
57 58 30
57 59 46
58 1 37
58 2 2
58 3 3
58 4 38
58 5 18
58 7 33
58 8 50
58 9 15
58 10 24
58 13 21
58 14 7
58 15 47
58 16 57
58 18 5
58 20 20
58 21 42
58 22 29
58 25 25
58 26 0
58 27 23
58 28 26
58 29 36
58 31 39
58 32 46
58 33 41
58 34 55
58 37 58
58 38 13
58 39 6
58 40 49
58 41 59
58 43 53
58 44 32
58 46 44
58 47 12
58 48 52
58 49 1
58 51 31
58 52 34
58 53 8
58 54 27
58 55 9
58 57 28
58 58 56
58 59 43
59 0 14
59 1 26
59 2 23
59 4 2
59 5 35
59 6 50
59 7 38
59 9 51
59 10 52
59 11 57
59 12 19
59 13 56
59 15 9
59 16 41
59 17 54
59 18 40
59 19 29
59 20 55
59 21 43
59 22 46
59 23 39
59 24 45
59 26 11
59 27 28
59 28 33
59 29 20
59 30 49
59 32 6
59 33 59
59 34 32
59 35 47
59 36 12
59 38 0
59 40 13
59 41 58
59 42 42
59 44 31
59 46 34
59 47 30
59 48 53
59 49 3
59 50 7
59 51 10
59 52 24
59 53 16
59 54 21
59 55 5
59 56 48
59 58 27
59 59 36
