70
0 2 55
0 7 44
0 10 46
0 11 16
0 14 41
0 16 12
0 17 28
0 20 10
0 25 0
0 31 23
0 33 15
0 34 2
0 36 8
0 37 34
0 42 47
0 43 40
0 49 35
0 52 25
0 56 50
0 61 66
0 67 32
0 69 17
1 3 0
1 6 1
1 9 67
1 11 25
1 12 5
1 16 11
1 17 46
1 23 3
1 25 62
1 31 8
1 34 24
1 41 16
1 46 14
1 47 52
1 58 23
1 59 34
1 60 37
1 61 22
1 67 48
1 69 20
2 19 0
2 22 26
2 26 15
2 33 35
2 34 34
2 36 56
2 37 32
2 38 36
2 42 43
2 45 31
2 46 25
2 47 54
2 48 67
2 51 52
2 57 50
2 67 23
2 69 14
3 1 18
3 4 34
3 9 41
3 15 12
3 17 44
3 21 48
3 25 35
3 33 42
3 35 27
3 40 32
3 41 19
3 42 61
3 43 15
3 45 30
3 49 39
3 51 7
3 56 69
3 57 58
3 67 36
4 3 23
4 4 12
4 10 42
4 11 1
4 12 26
4 15 57
4 16 13
4 23 34
4 24 43
4 26 46
4 29 28
4 32 9
4 36 45
4 37 11
4 41 60
4 42 65
4 43 37
4 44 7
4 49 58
4 50 40
4 53 64
4 54 5
4 60 38
4 65 14
4 67 21
4 68 22
5 2 22
5 5 66
5 9 52
5 13 30
5 14 9
5 18 2
5 21 50
5 22 27
5 24 67
5 31 32
5 33 31
5 36 63
5 37 20
5 40 10
5 47 41
5 52 26
5 54 40
5 55 29
5 56 34
5 60 18
5 61 42
5 63 69
5 67 6
6 1 3
6 5 17
6 13 44
6 18 18
6 20 11
6 24 54
6 28 47
6 29 38
6 34 0
6 36 49
6 40 39
6 45 63
6 47 51
6 48 10
6 49 48
6 51 13
6 53 42
6 54 41
6 56 27
6 59 31
6 60 28
6 61 21
6 63 67
6 64 15
6 65 50
6 66 6
6 67 68
6 69 1
7 1 25
7 3 32
7 6 12
7 13 7
7 16 27
7 18 66
7 22 45
7 24 46
7 26 47
7 28 15
7 29 35
7 33 38
7 35 42
7 38 56
7 39 52
7 40 33
7 42 39
7 46 2
7 49 53
7 52 67
7 54 68
7 58 58
7 59 19
7 62 29
7 64 40
7 65 41
7 66 0
8 2 54
8 3 34
8 4 69
8 8 11
8 10 61
8 12 45
8 14 18
8 15 52
8 16 38
8 26 50
8 28 26
8 33 0
8 36 68
8 37 42
8 38 40
8 41 9
8 45 25
8 48 31
8 52 39
8 53 37
8 55 56
8 56 20
8 58 63
8 61 47
8 63 1
8 66 62
9 1 22
9 7 13
9 13 28
9 14 20
9 18 17
9 22 60
9 23 6
9 24 50
9 29 2
9 34 51
9 40 62
9 41 54
9 43 63
9 44 47
9 45 11
9 49 16
9 50 12
9 52 27
9 60 66
9 62 1
9 63 43
9 69 29
10 3 63
10 4 37
10 7 32
10 8 16
10 11 13
10 14 62
10 15 51
10 18 20
10 22 21
10 23 1
10 33 56
10 38 15
10 39 41
10 42 10
10 43 42
10 45 49
10 48 25
10 56 44
10 63 40
10 67 17
11 7 59
11 15 4
11 16 43
11 18 67
11 23 44
11 25 46
11 30 35
11 31 38
11 33 18
11 34 55
11 37 63
11 38 37
11 42 29
11 49 61
11 60 26
11 63 22
11 64 47
11 66 17
11 67 30
12 0 65
12 3 54
12 4 64
12 5 7
12 10 57
12 13 66
12 17 14
12 18 25
12 19 34
12 21 3
12 31 0
12 35 61
12 36 16
12 38 12
12 43 5
12 49 32
12 50 28
12 51 20
12 54 44
12 55 49
12 56 19
12 60 50
12 61 24
12 67 43
12 68 36
13 0 40
13 2 64
13 9 42
13 10 39
13 11 20
13 14 59
13 18 48
13 19 16
13 22 34
13 33 12
13 34 17
13 35 63
13 37 23
13 40 46
13 45 1
13 46 53
13 51 9
13 52 69
13 56 14
13 59 49
13 60 47
13 64 24
13 69 43
14 0 15
14 1 68
14 3 61
14 5 58
14 6 66
14 12 32
14 15 65
14 17 31
14 19 69
14 22 41
14 24 33
14 25 20
14 28 46
14 31 22
14 33 11
14 34 42
14 36 53
14 40 0
14 44 34
14 47 21
14 48 63
14 50 2
14 52 37
14 55 52
14 60 25
14 64 30
15 1 62
15 3 7
15 4 9
15 13 10
15 21 28
15 24 29
15 27 24
15 37 27
15 38 20
15 47 19
15 49 69
15 51 47
15 55 64
15 58 38
15 59 46
15 65 12
15 67 65
16 1 14
16 4 4
16 8 10
16 12 51
16 13 32
16 20 59
16 22 31
16 24 8
16 26 37
16 30 27
16 40 65
16 42 21
16 43 25
16 46 7
16 48 60
16 52 53
16 57 69
16 58 1
16 59 57
16 60 55
16 63 56
16 65 49
16 66 20
16 68 12
16 69 67
17 4 32
17 6 45
17 11 4
17 16 8
17 23 69
17 25 33
17 32 27
17 33 55
17 34 48
17 40 14
17 44 19
17 45 34
17 47 59
17 48 50
17 56 7
17 58 31
17 60 5
17 61 3
17 63 24
17 64 54
17 66 22
18 5 12
18 9 9
18 11 29
18 13 24
18 14 65
18 20 47
18 22 1
18 24 57
18 27 3
18 33 53
18 34 39
18 38 63
18 40 42
18 43 43
18 44 66
18 45 54
18 48 40
18 49 10
18 50 25
18 51 27
18 52 64
18 56 51
18 60 44
18 62 45
18 64 11
18 67 0
18 69 58
19 0 46
19 5 52
19 6 62
19 7 12
19 13 39
19 25 5
19 30 60
19 33 4
19 42 20
19 44 25
19 50 37
19 51 64
19 56 59
19 57 53
19 64 67
19 66 33
19 69 28
20 0 10
20 1 51
20 5 34
20 7 33
20 9 60
20 11 6
20 13 35
20 15 43
20 17 9
20 18 23
20 19 26
20 26 48
20 27 21
20 28 30
20 31 28
20 32 18
20 34 5
20 35 47
20 43 50
20 45 69
20 48 65
20 52 22
20 54 7
20 56 17
20 58 67
20 59 0
20 68 68
21 5 3
21 8 30
21 9 27
21 18 32
21 24 15
21 29 12
21 30 40
21 32 31
21 36 52
21 41 34
21 42 46
21 45 62
21 49 24
21 60 53
21 61 59
21 62 33
21 64 41
21 66 23
21 68 29
22 20 50
22 24 21
22 28 27
22 29 4
22 31 12
22 33 64
22 35 11
22 38 67
22 39 45
22 41 62
22 42 7
22 46 37
22 47 14
22 49 46
22 50 16
22 54 23
22 55 17
22 57 3
22 59 47
22 64 60
22 67 35
22 68 20
23 1 31
23 4 49
23 7 53
23 10 22
23 13 64
23 14 56
23 16 67
23 17 18
23 18 34
23 21 4
23 26 33
23 32 63
23 33 29
23 37 43
23 38 69
23 42 42
23 44 46
23 53 58
23 54 12
23 59 44
23 62 62
23 63 66
23 64 25
24 0 26
24 4 0
24 7 7
24 16 1
24 19 27
24 22 43
24 25 31
24 30 38
24 33 63
24 36 66
24 42 67
24 45 15
24 48 44
24 56 30
24 59 23
24 62 56
25 2 68
25 7 34
25 10 29
25 18 30
25 22 3
25 24 55
25 28 5
25 34 7
25 35 58
25 38 28
25 44 32
25 50 8
25 53 54
25 54 37
25 56 15
25 59 2
25 60 11
25 68 4
25 69 38
26 3 15
26 7 39
26 10 18
26 15 64
26 17 19
26 18 3
26 22 51
26 25 63
26 27 25
26 28 29
26 32 47
26 35 5
26 36 31
26 39 49
26 41 50
26 44 16
26 45 66
26 47 35
26 50 38
26 52 0
26 54 45
26 55 32
26 58 7
26 59 11
26 68 44
26 69 9
27 1 64
27 2 65
27 4 27
27 9 6
27 11 31
27 14 32
27 17 49
27 18 53
27 19 33
27 21 13
27 22 36
27 27 44
27 30 39
27 33 16
27 38 24
27 42 63
27 45 28
27 46 0
27 49 18
27 58 69
27 61 10
27 67 38
27 68 54
28 0 33
28 4 47
28 5 42
28 16 59
28 17 55
28 18 63
28 28 52
28 29 48
28 30 51
28 32 0
28 33 1
28 45 60
28 47 66
28 53 26
28 55 57
28 58 9
28 59 50
28 60 20
28 66 64
29 5 14
29 6 7
29 7 21
29 16 58
29 17 4
29 18 9
29 22 49
29 23 50
29 27 43
29 50 23
29 52 30
29 53 19
29 54 28
29 55 62
29 66 12
29 69 40
30 1 59
30 3 40
30 5 51
30 8 47
30 10 7
30 11 36
30 12 18
30 14 46
30 15 15
30 16 52
30 18 11
30 30 31
30 37 14
30 41 41
30 44 43
30 46 8
30 55 65
30 62 21
30 63 48
30 68 62
31 1 54
31 2 33
31 3 9
31 9 16
31 10 53
31 14 5
31 15 14
31 26 20
31 27 17
31 31 6
31 36 30
31 38 47
31 44 21
31 46 55
31 47 7
31 49 52
31 50 63
31 51 57
31 54 60
31 56 12
31 63 31
31 65 0
32 0 62
32 1 26
32 3 65
32 6 13
32 7 24
32 13 46
32 29 66
32 32 38
32 35 60
32 37 58
32 41 31
32 42 25
32 47 43
32 49 40
32 52 19
32 59 8
32 62 39
32 63 63
32 67 52
32 68 55
32 69 57
33 3 11
33 8 49
33 10 56
33 12 50
33 13 57
33 14 63
33 21 47
33 23 55
33 29 18
33 33 20
33 41 39
33 42 36
33 46 28
33 49 19
33 53 22
33 54 10
33 55 43
33 59 61
33 63 32
34 4 51
34 6 27
34 9 18
34 10 64
34 12 33
34 13 31
34 19 68
34 20 55
34 23 12
34 26 63
34 27 69
34 34 16
34 43 7
34 47 23
34 51 14
34 56 25
34 61 20
34 62 19
34 65 22
34 66 10
35 0 60
35 2 11
35 14 15
35 15 68
35 18 14
35 19 13
35 20 0
35 27 30
35 34 32
35 40 27
35 42 54
35 43 44
35 46 4
35 50 20
35 51 2
35 52 49
35 54 31
35 58 37
35 59 53
35 68 61
35 69 45
36 0 4
36 11 2
36 12 21
36 13 68
36 16 55
36 17 45
36 31 9
36 36 67
36 37 65
36 38 18
36 47 15
36 49 49
36 52 51
36 55 35
36 58 24
36 64 13
37 1 40
37 2 47
37 3 43
37 4 14
37 13 3
37 14 54
37 15 27
37 17 24
37 18 55
37 20 31
37 25 17
37 31 1
37 34 65
37 37 37
37 40 7
37 42 26
37 43 58
37 44 12
37 45 68
37 51 42
37 54 56
37 55 48
37 62 50
37 64 46
37 69 15
38 2 52
38 3 36
38 5 10
38 6 15
38 8 28
38 11 64
38 12 56
38 19 20
38 21 39
38 22 37
38 25 55
38 27 2
38 29 58
38 39 16
38 42 0
38 47 25
38 49 17
38 53 6
38 55 27
38 56 53
38 57 67
38 58 13
38 59 1
38 68 5
38 69 26
39 3 38
39 5 22
39 11 3
39 12 46
39 24 62
39 26 31
39 29 13
39 31 65
39 32 26
39 35 16
39 38 42
39 46 43
39 51 61
39 52 57
39 61 14
39 68 25
39 69 2
40 0 59
40 3 60
40 4 38
40 6 18
40 15 66
40 17 16
40 21 32
40 26 26
40 31 64
40 32 42
40 33 45
40 36 39
40 43 14
40 44 37
40 53 67
40 58 36
40 63 58
40 64 3
40 65 56
41 0 55
41 5 63
41 10 20
41 14 39
41 17 32
41 19 36
41 20 45
41 21 7
41 25 50
41 36 43
41 41 11
41 42 41
41 43 8
41 48 5
41 50 67
41 56 54
41 58 49
41 59 38
41 63 10
41 65 33
42 1 65
42 4 28
42 8 36
42 10 19
42 11 33
42 13 61
42 15 38
42 16 53
42 24 40
42 28 51
42 38 49
42 40 17
42 46 13
42 51 31
42 54 14
42 57 20
42 60 69
42 66 63
43 12 11
43 15 56
43 23 47
43 24 7
43 27 58
43 31 54
43 34 22
43 35 44
43 44 18
43 47 30
43 55 40
43 62 48
43 65 34
43 66 46
43 69 21
44 2 9
44 4 61
44 5 54
44 6 58
44 7 66
44 8 17
44 9 30
44 12 6
44 24 49
44 25 27
44 32 64
44 41 43
44 43 21
44 45 56
44 47 4
44 48 16
44 53 3
44 57 42
44 62 20
44 63 38
44 64 34
44 65 29
44 69 5
45 18 68
45 24 12
45 32 3
45 33 22
45 34 58
45 38 54
45 41 8
45 43 49
45 44 6
45 45 27
45 46 59
45 53 44
45 54 30
45 61 56
46 2 32
46 5 40
46 7 16
46 13 60
46 19 31
46 22 50
46 25 24
46 31 41
46 36 57
46 39 20
46 42 14
46 44 27
46 45 19
46 46 22
46 55 6
46 60 43
46 63 11
47 7 15
47 8 26
47 10 5
47 11 32
47 12 52
47 14 42
47 16 61
47 19 65
47 21 22
47 23 31
47 27 14
47 33 30
47 34 53
47 35 33
47 37 13
47 42 1
47 46 50
47 47 34
47 49 56
47 50 29
47 54 59
47 61 45
47 63 20
47 68 47
48 1 52
48 2 29
48 3 24
48 7 27
48 8 45
48 19 64
48 21 35
48 31 55
48 41 7
48 42 57
48 45 0
48 53 39
48 60 4
48 67 22
48 68 40
49 0 67
49 13 29
49 14 16
49 20 44
49 22 15
49 32 68
49 35 50
49 38 52
49 39 63
49 45 26
49 46 58
49 47 37
49 52 56
49 56 3
49 60 27
49 68 1
49 69 11
50 9 29
50 10 21
50 11 17
50 15 9
50 19 35
50 22 61
50 25 57
50 27 50
50 33 32
50 35 39
50 47 28
50 48 48
50 53 63
50 56 66
50 58 22
50 59 18
50 60 45
50 64 31
50 65 53
50 67 3
50 68 42
50 69 30
51 2 27
51 5 69
51 8 22
51 10 30
51 12 4
51 13 40
51 14 29
51 17 64
51 27 56
51 28 67
51 29 16
51 31 42
51 33 6
51 34 14
51 40 37
51 45 44
51 49 45
51 50 5
51 54 62
51 62 63
51 66 39
52 3 62
52 4 67
52 8 13
52 11 5
52 12 43
52 14 1
52 15 19
52 16 16
52 23 65
52 24 0
52 25 60
52 26 66
52 33 54
52 34 29
52 38 31
52 44 63
52 45 55
52 46 9
52 47 11
52 53 2
52 59 14
52 66 48
52 67 12
53 0 29
53 3 18
53 8 64
53 11 38
53 12 37
53 16 34
53 17 26
53 25 59
53 26 67
53 30 47
53 34 12
53 36 58
53 41 25
53 49 43
53 53 7
53 58 44
53 63 49
53 64 61
53 69 36
54 2 21
54 7 10
54 11 59
54 22 7
54 24 36
54 25 39
54 28 61
54 30 32
54 31 60
54 37 68
54 41 51
54 44 49
54 45 29
54 46 44
54 49 41
54 53 35
54 60 64
54 61 28
54 62 53
54 66 5
54 67 42
55 4 52
55 5 61
55 7 47
55 22 39
55 23 64
55 28 57
55 36 10
55 40 63
55 45 45
55 46 33
55 49 59
55 51 67
55 59 25
55 62 49
55 63 7
55 65 24
55 67 16
56 3 69
56 9 38
56 13 50
56 21 20
56 27 4
56 28 18
56 31 59
56 33 13
56 34 56
56 35 62
56 39 44
56 45 23
56 46 63
56 51 41
56 53 29
56 54 24
56 56 65
56 57 37
56 58 45
56 64 28
56 66 49
56 67 5
57 1 24
57 3 8
57 5 46
57 6 43
57 14 12
57 15 62
57 18 35
57 19 63
57 21 19
57 23 20
57 24 22
57 32 28
57 35 41
57 39 18
57 40 6
57 43 16
57 47 50
57 48 42
57 52 21
57 57 30
57 60 40
57 61 65
57 63 61
57 64 17
57 68 56
58 1 43
58 3 56
58 4 25
58 5 1
58 6 48
58 9 66
58 13 21
58 26 44
58 27 36
58 29 50
58 30 17
58 32 24
58 33 23
58 40 59
58 44 40
58 45 51
58 47 45
58 49 55
58 50 15
58 52 28
58 59 16
58 60 41
58 61 5
58 63 30
59 3 50
59 6 67
59 10 8
59 22 68
59 31 63
59 33 52
59 34 6
59 36 17
59 39 28
59 42 60
59 44 59
59 46 39
59 48 22
59 54 51
59 55 47
59 57 19
59 58 0
59 61 55
59 62 4
59 67 33
59 69 56
60 8 32
60 15 67
60 17 52
60 19 41
60 21 15
60 22 56
60 24 66
60 25 19
60 31 24
60 36 22
60 38 11
60 41 17
60 44 9
60 50 58
60 51 36
60 57 65
60 59 13
60 60 46
60 66 31
60 67 1
60 69 7
61 4 35
61 7 18
61 9 14
61 14 53
61 19 4
61 21 12
61 24 13
61 27 51
61 28 25
61 29 27
61 31 52
61 35 56
61 36 50
61 39 58
61 40 28
61 41 47
61 45 6
61 49 29
61 50 21
61 54 15
61 61 46
61 64 10
62 3 12
62 7 43
62 8 27
62 10 26
62 12 14
62 13 23
62 15 59
62 16 15
62 19 61
62 31 49
62 32 58
62 33 25
62 36 32
62 37 18
62 41 56
62 43 66
62 51 24
62 58 64
62 59 3
62 60 31
62 61 39
62 65 30
62 66 34
62 68 52
63 1 28
63 3 59
63 4 21
63 5 27
63 11 54
63 13 37
63 19 1
63 20 62
63 33 58
63 38 61
63 39 57
63 40 29
63 50 49
63 53 13
63 54 26
63 59 52
63 61 17
63 67 55
63 68 46
64 1 23
64 2 25
64 7 2
64 8 62
64 10 43
64 12 22
64 13 12
64 17 20
64 19 66
64 23 39
64 24 37
64 29 46
64 30 50
64 32 65
64 41 35
64 42 31
64 44 64
64 48 52
64 49 28
64 50 42
64 59 56
64 62 30
64 64 59
64 67 7
64 69 69
65 0 63
65 2 48
65 5 45
65 9 62
65 11 60
65 15 8
65 16 69
65 17 67
65 20 27
65 26 4
65 33 68
65 34 46
65 35 65
65 37 29
65 39 26
65 40 20
65 44 23
65 45 22
65 57 31
65 58 61
65 61 11
65 64 12
66 2 50
66 3 67
66 4 36
66 5 60
66 17 2
66 24 45
66 26 11
66 28 14
66 30 24
66 34 18
66 35 13
66 38 22
66 44 41
66 45 20
66 49 57
66 50 32
66 57 10
66 58 66
66 67 44
67 3 17
67 7 65
67 12 16
67 13 67
67 15 25
67 19 50
67 20 56
67 22 48
67 23 45
67 31 10
67 32 53
67 34 21
67 37 54
67 38 19
67 42 33
67 45 39
67 46 31
67 64 5
67 65 66
67 67 63
67 68 49
68 0 47
68 7 68
68 9 55
68 11 49
68 16 50
68 21 9
68 26 17
68 28 56
68 33 41
68 34 40
68 35 23
68 36 29
68 45 36
68 46 15
68 50 62
68 62 12
68 63 64
68 64 43
68 68 19
69 2 49
69 3 22
69 7 29
69 24 1
69 27 34
69 29 6
69 31 39
69 46 12
69 50 7
69 51 51
69 54 35
69 58 55
69 60 65
69 66 18
69 69 32
