70
0 0 51
0 1 18
0 5 53
0 7 2
0 9 59
0 10 39
0 11 30
0 12 57
0 13 0
0 15 25
0 16 34
0 17 35
0 18 43
0 20 50
0 21 4
0 22 16
0 23 5
0 27 27
0 31 32
0 34 40
0 36 23
0 37 29
0 39 46
0 41 3
0 42 67
0 43 60
0 44 41
0 45 61
0 46 55
0 48 65
0 49 20
0 53 9
0 54 33
0 55 8
0 58 31
0 59 45
0 60 10
0 65 13
0 67 44
1 1 56
1 3 36
1 6 2
1 8 16
1 9 62
1 11 69
1 15 66
1 16 6
1 18 49
1 24 1
1 27 23
1 28 53
1 32 35
1 34 61
1 35 42
1 36 27
1 37 45
1 38 48
1 39 15
1 40 17
1 41 34
1 42 64
1 44 52
1 45 46
1 46 50
1 47 39
1 48 14
1 49 11
1 50 37
1 52 55
1 53 12
1 54 0
1 58 38
1 60 59
1 63 68
1 64 3
1 65 44
1 66 8
1 68 47
1 69 28
2 0 12
2 4 30
2 5 23
2 7 20
2 11 68
2 13 54
2 14 57
2 16 10
2 17 55
2 18 50
2 19 0
2 20 2
2 21 42
2 22 26
2 24 9
2 25 49
2 26 17
2 27 59
2 31 58
2 32 60
2 33 53
2 35 18
2 44 31
2 48 48
2 53 67
2 56 56
2 58 62
2 59 15
2 62 25
2 65 5
2 66 41
2 67 28
2 68 32
3 0 26
3 1 25
3 2 66
3 3 24
3 6 53
3 8 5
3 10 57
3 11 59
3 14 43
3 15 6
3 16 4
3 20 34
3 24 28
3 25 40
3 27 47
3 28 22
3 31 61
3 32 67
3 33 20
3 34 21
3 35 2
3 36 36
3 37 12
3 38 18
3 41 68
3 42 19
3 43 3
3 45 13
3 47 48
3 48 7
3 49 8
3 52 1
3 53 29
3 54 35
3 56 45
3 58 55
3 62 11
3 63 52
3 64 39
3 65 60
3 66 46
3 69 16
4 1 29
4 3 19
4 4 26
4 5 45
4 7 11
4 8 34
4 9 57
4 10 3
4 11 0
4 16 41
4 20 56
4 21 2
4 22 22
4 23 13
4 24 8
4 25 25
4 27 15
4 30 36
4 31 55
4 33 6
4 35 44
4 36 54
4 37 24
4 38 42
4 39 43
4 40 47
4 42 66
4 45 37
4 46 64
4 47 69
4 49 50
4 51 48
4 52 60
4 54 65
4 56 67
4 58 23
4 59 35
4 60 5
4 61 61
4 63 38
4 67 31
4 69 62
5 0 30
5 4 42
5 5 43
5 8 9
5 9 15
5 10 52
5 11 51
5 12 41
5 13 1
5 17 27
5 18 44
5 19 25
5 20 59
5 21 7
5 22 57
5 23 16
5 24 19
5 27 32
5 29 14
5 35 22
5 36 4
5 38 21
5 42 65
5 49 0
5 50 55
5 52 49
5 53 56
5 54 38
5 62 58
5 64 11
5 65 45
5 66 50
5 67 3
5 68 28
5 69 33
6 0 47
6 1 0
6 2 50
6 5 29
6 6 25
6 7 16
6 8 15
6 9 5
6 10 32
6 11 66
6 12 44
6 13 3
6 15 30
6 18 4
6 19 38
6 22 8
6 23 19
6 26 45
6 27 53
6 29 60
6 31 35
6 32 21
6 33 61
6 34 31
6 35 13
6 36 28
6 38 62
6 40 2
6 41 48
6 44 7
6 45 52
6 48 54
6 51 1
6 52 37
6 59 14
6 61 10
6 64 46
6 67 24
7 1 16
7 2 22
7 8 19
7 9 45
7 11 52
7 13 59
7 14 54
7 15 60
7 16 25
7 19 68
7 20 36
7 22 27
7 23 66
7 24 64
7 27 20
7 28 6
7 29 35
7 30 67
7 31 3
7 33 43
7 34 49
7 35 8
7 39 14
7 42 7
7 44 12
7 46 9
7 47 55
7 48 58
7 49 26
7 50 5
7 51 31
7 52 61
7 53 32
7 54 56
7 55 30
7 56 51
7 57 62
7 60 28
7 64 69
7 68 0
7 69 18
8 0 52
8 3 63
8 4 49
8 5 24
8 6 26
8 8 48
8 10 68
8 13 64
8 15 55
8 18 60
8 19 11
8 20 31
8 22 0
8 23 51
8 24 46
8 25 35
8 26 47
8 27 66
8 28 13
8 29 50
8 34 54
8 35 62
8 37 19
8 38 9
8 40 22
8 42 69
8 43 7
8 44 16
8 45 30
8 46 36
8 48 41
8 49 18
8 50 20
8 51 67
8 55 45
8 58 6
8 60 56
8 62 5
8 63 15
8 64 12
8 67 37
8 68 44
9 1 48
9 2 68
9 3 29
9 4 15
9 6 63
9 7 46
9 8 42
9 10 36
9 11 34
9 12 55
9 13 13
9 15 43
9 17 17
9 18 45
9 19 40
9 20 49
9 21 60
9 24 10
9 26 4
9 28 23
9 30 16
9 31 5
9 34 52
9 35 32
9 38 0
9 39 56
9 40 8
9 44 44
9 49 39
9 51 9
9 52 59
9 53 47
9 55 58
9 56 6
9 57 12
9 58 26
9 59 28
9 60 35
9 62 53
9 64 27
9 65 22
9 66 61
9 68 19
10 6 50
10 7 3
10 8 11
10 9 67
10 11 6
10 12 22
10 14 47
10 15 38
10 19 1
10 21 31
10 22 61
10 23 12
10 25 33
10 26 57
10 27 36
10 28 59
10 30 19
10 31 30
10 32 13
10 33 60
10 34 45
10 35 4
10 37 55
10 38 41
10 39 10
10 41 14
10 43 24
10 44 8
10 45 35
10 46 39
10 50 32
10 51 68
10 52 58
10 54 9
10 55 25
10 57 27
10 59 20
10 60 44
10 64 49
10 65 0
11 0 44
11 1 23
11 4 10
11 6 9
11 7 30
11 8 33
11 10 67
11 11 21
11 13 32
11 15 65
11 16 11
11 17 50
11 19 55
11 20 15
11 21 48
11 22 62
11 23 56
11 24 58
11 26 16
11 27 18
11 28 34
11 29 68
11 31 52
11 32 8
11 34 57
11 36 59
11 37 1
11 38 24
11 39 28
11 41 19
11 42 2
11 44 53
11 46 5
11 48 66
11 49 14
11 50 46
11 52 25
11 53 31
11 54 6
11 59 49
11 60 4
11 64 22
11 65 40
11 66 45
11 67 27
11 69 26
12 0 53
12 2 10
12 3 21
12 5 31
12 6 44
12 7 7
12 8 41
12 9 69
12 11 54
12 13 43
12 14 13
12 15 36
12 16 60
12 19 67
12 20 62
12 24 33
12 26 24
12 27 46
12 31 59
12 33 18
12 35 35
12 40 56
12 42 38
12 43 47
12 44 57
12 48 34
12 49 16
12 50 8
12 51 50
12 52 64
12 54 55
12 55 28
12 58 4
12 59 2
12 60 17
12 62 37
12 63 58
12 64 66
12 67 6
12 68 1
13 0 40
13 4 31
13 5 63
13 6 14
13 8 6
13 9 21
13 11 15
13 12 29
13 13 20
13 14 64
13 15 67
13 19 17
13 20 32
13 22 39
13 23 2
13 24 13
13 25 4
13 26 26
13 28 48
13 29 69
13 31 16
13 32 66
13 33 45
13 34 24
13 36 34
13 38 65
13 39 44
13 40 68
13 41 22
13 45 10
13 46 41
13 48 49
13 49 3
13 51 61
13 52 62
13 53 7
13 55 36
13 56 11
13 57 51
13 58 42
13 59 43
13 60 57
13 61 50
13 62 47
13 64 52
13 65 35
13 67 23
13 69 8
14 1 68
14 3 55
14 4 3
14 5 13
14 6 21
14 7 29
14 8 57
14 10 23
14 11 38
14 12 46
14 13 66
14 15 59
14 16 37
14 18 19
14 19 65
14 23 52
14 24 44
14 25 12
14 26 27
14 29 33
14 30 50
14 32 64
14 33 31
14 36 26
14 37 16
14 38 10
14 40 18
14 41 24
14 42 40
14 43 49
14 44 25
14 46 48
14 52 39
14 55 47
14 56 63
14 59 60
14 60 15
14 61 20
14 65 2
14 66 32
14 67 8
14 68 67
15 0 55
15 3 49
15 4 66
15 5 54
15 6 27
15 7 32
15 8 63
15 14 56
15 15 33
15 16 42
15 17 31
15 18 6
15 19 44
15 21 22
15 22 28
15 23 62
15 24 24
15 25 45
15 26 43
15 27 19
15 28 15
15 30 11
15 32 37
15 35 16
15 36 2
15 37 17
15 38 20
15 39 3
15 40 57
15 41 61
15 43 52
15 44 13
15 45 7
15 46 23
15 47 8
15 50 67
15 51 29
15 53 14
15 55 12
15 56 30
15 57 40
15 60 58
15 61 47
15 63 41
15 65 4
15 66 59
15 68 53
16 1 47
16 3 37
16 6 23
16 7 49
16 9 3
16 10 16
16 11 41
16 12 11
16 14 61
16 16 45
16 19 57
16 21 43
16 22 35
16 23 22
16 24 48
16 27 51
16 29 42
16 32 18
16 34 4
16 35 52
16 36 1
16 37 38
16 38 56
16 40 13
16 41 67
16 42 25
16 43 33
16 44 69
16 47 28
16 50 36
16 53 62
16 54 30
16 55 55
16 58 12
16 60 24
16 61 17
16 63 65
16 64 0
16 65 20
16 66 54
16 67 59
16 68 40
16 69 5
17 0 16
17 1 9
17 5 36
17 6 0
17 8 12
17 9 19
17 13 4
17 17 37
17 18 29
17 21 28
17 25 69
17 26 51
17 28 27
17 29 24
17 30 46
17 31 6
17 32 30
17 35 50
17 36 56
17 37 18
17 41 31
17 42 61
17 43 66
17 44 43
17 45 53
17 46 38
17 48 44
17 50 22
17 51 17
17 54 23
17 56 21
17 57 14
17 62 13
17 63 48
17 64 1
17 66 40
17 67 7
17 69 45
18 0 3
18 2 55
18 4 64
18 6 65
18 7 25
18 8 27
18 11 8
18 12 4
18 13 31
18 16 33
18 17 1
18 18 42
18 20 48
18 21 30
18 23 21
18 24 37
18 25 13
18 27 7
18 30 17
18 31 24
18 33 26
18 34 36
18 35 11
18 36 50
18 40 41
18 42 49
18 44 22
18 45 15
18 46 46
18 47 57
18 50 43
18 51 23
18 52 6
18 54 16
18 55 29
18 58 54
18 59 66
18 60 47
18 61 45
18 65 19
18 66 2
18 67 60
18 68 52
18 69 59
19 0 8
19 1 32
19 5 66
19 7 37
19 9 63
19 10 45
19 11 61
19 12 5
19 16 69
19 17 57
19 18 34
19 19 46
19 20 44
19 21 27
19 23 59
19 25 42
19 27 10
19 28 49
19 29 65
19 30 33
19 31 43
19 33 4
19 34 38
19 36 35
19 37 28
19 38 19
19 40 11
19 44 62
19 45 39
19 46 29
19 47 1
19 48 18
19 49 47
19 51 30
19 56 16
19 57 22
19 58 60
19 61 58
19 62 56
19 65 41
19 67 12
19 68 36
19 69 53
20 3 12
20 4 67
20 7 50
20 8 23
20 9 11
20 10 61
20 11 25
20 14 36
20 20 1
20 21 15
20 25 7
20 26 62
20 27 37
20 28 44
20 29 0
20 31 68
20 33 9
20 35 30
20 37 66
20 38 53
20 39 55
20 40 27
20 42 34
20 43 58
20 44 65
20 45 33
20 46 22
20 49 48
20 50 45
20 51 69
20 52 16
20 54 17
20 55 24
20 56 29
20 58 56
20 59 26
20 60 19
20 65 38
20 66 14
20 68 51
21 0 24
21 2 47
21 3 40
21 4 33
21 5 44
21 6 57
21 12 67
21 13 52
21 15 53
21 17 65
21 19 62
21 20 30
21 22 11
21 24 50
21 25 51
21 26 13
21 27 60
21 28 25
21 29 49
21 31 56
21 32 31
21 34 17
21 35 36
21 36 5
21 37 34
21 40 16
21 41 37
21 44 46
21 46 15
21 47 27
21 48 43
21 51 6
21 52 3
21 55 10
21 56 42
21 57 38
21 59 68
21 60 64
21 62 2
21 63 54
21 64 35
21 65 18
21 66 55
21 69 9
22 1 42
22 3 41
22 4 47
22 7 55
22 9 16
22 11 31
22 12 69
22 13 28
22 14 60
22 15 68
22 16 53
22 17 5
22 18 54
22 21 67
22 22 10
22 26 48
22 31 9
22 34 56
22 35 45
22 37 4
22 38 1
22 39 11
22 41 58
22 43 15
22 44 61
22 45 2
22 46 40
22 48 23
22 49 51
22 52 50
22 53 3
22 54 64
22 56 17
22 59 19
22 62 29
22 63 57
22 64 36
22 65 65
22 66 7
22 67 30
22 68 18
22 69 49
23 0 41
23 1 3
23 2 27
23 3 17
23 5 35
23 6 55
23 8 62
23 11 18
23 12 33
23 15 40
23 17 42
23 18 15
23 19 16
23 20 25
23 21 63
23 22 46
23 23 31
23 24 45
23 25 24
23 26 69
23 27 28
23 28 29
23 32 51
23 37 54
23 38 68
23 39 22
23 41 2
23 42 11
23 44 30
23 45 6
23 47 14
23 52 65
23 55 43
23 57 57
23 58 34
23 60 60
23 64 26
23 66 36
23 67 9
23 68 56
23 69 32
24 0 14
24 1 58
24 2 0
24 4 4
24 5 6
24 6 1
24 8 46
24 9 8
24 10 53
24 11 64
24 12 45
24 14 40
24 17 60
24 18 61
24 19 69
24 20 43
24 21 16
24 23 47
24 24 29
24 25 26
24 27 12
24 28 50
24 29 31
24 31 25
24 32 34
24 33 2
24 35 33
24 37 3
24 39 5
24 40 55
24 42 56
24 44 48
24 46 32
24 48 52
24 50 42
24 51 24
24 52 22
24 53 10
24 55 51
24 56 62
24 57 37
24 59 27
24 60 65
24 61 18
24 63 67
24 64 9
25 4 46
25 5 33
25 7 64
25 8 60
25 9 47
25 10 11
25 11 23
25 13 68
25 14 42
25 15 5
25 17 61
25 19 36
25 20 52
25 21 21
25 23 50
25 24 20
25 25 19
25 26 39
25 28 8
25 29 55
25 30 58
25 31 0
25 32 16
25 33 59
25 34 41
25 37 57
25 39 13
25 40 51
25 41 54
25 42 53
25 43 12
25 44 63
25 45 32
25 47 66
25 49 9
25 50 31
25 51 27
25 56 15
25 57 35
25 59 44
25 60 2
25 63 37
25 64 62
25 66 29
25 67 43
25 68 45
26 0 20
26 2 64
26 3 16
26 4 1
26 5 22
26 6 41
26 8 39
26 11 47
26 13 42
26 15 45
26 16 30
26 19 66
26 20 0
26 21 54
26 22 6
26 23 26
26 24 27
26 25 62
26 30 23
26 31 17
26 34 10
26 36 37
26 40 69
26 41 8
26 42 5
26 43 48
26 44 36
26 47 34
26 48 32
26 49 60
26 50 11
26 51 7
26 53 65
26 54 29
26 55 46
26 57 61
26 58 14
26 59 12
26 63 4
26 66 18
26 68 9
26 69 40
27 1 46
27 2 24
27 3 66
27 4 27
27 6 3
27 7 31
27 9 29
27 11 19
27 14 17
27 15 28
27 16 1
27 18 62
27 19 48
27 22 21
27 23 54
27 24 6
27 26 12
27 28 67
27 30 30
27 31 40
27 32 45
27 33 37
27 35 65
27 37 2
27 38 16
27 40 23
27 42 63
27 43 59
27 45 18
27 46 35
27 47 20
27 48 50
27 54 39
27 55 13
27 58 44
27 61 68
27 62 51
27 63 43
27 67 11
27 69 64
28 0 11
28 1 55
28 2 67
28 4 58
28 5 42
28 7 24
28 8 38
28 10 0
28 11 65
28 12 21
28 14 30
28 15 3
28 16 27
28 17 4
28 21 18
28 24 61
28 25 50
28 27 31
28 28 43
28 29 12
28 31 53
28 34 22
28 35 14
28 36 66
28 37 64
28 38 29
28 39 60
28 40 28
28 45 54
28 46 33
28 48 20
28 49 56
28 51 49
28 52 2
28 53 1
28 58 41
28 59 25
28 61 19
28 62 39
28 63 10
28 64 23
28 67 13
28 69 57
29 0 29
29 1 38
29 4 34
29 6 37
29 7 14
29 8 40
29 12 6
29 16 64
29 17 58
29 18 9
29 19 56
29 20 45
29 21 61
29 23 17
29 25 2
29 26 52
29 27 49
29 28 68
29 29 7
29 32 20
29 33 0
29 34 15
29 36 16
29 39 69
29 41 66
29 43 65
29 46 67
29 49 32
29 50 47
29 52 36
29 53 44
29 54 26
29 55 41
29 56 27
29 57 25
29 59 59
29 60 13
29 61 1
29 62 19
29 63 35
29 64 42
29 66 23
29 67 54
29 69 39
30 2 61
30 6 20
30 8 66
30 11 58
30 12 12
30 14 22
30 16 9
30 17 51
30 21 37
30 24 62
30 25 32
30 26 14
30 28 52
30 29 17
30 30 15
30 32 59
30 33 57
30 34 3
30 38 27
30 41 39
30 42 6
30 44 21
30 47 0
30 48 38
30 49 25
30 50 56
30 52 23
30 53 13
30 54 68
30 55 44
30 56 18
30 57 48
30 58 30
30 59 4
30 60 33
30 64 65
30 66 24
30 67 29
30 68 2
30 69 46
31 1 14
31 3 22
31 4 0
31 7 56
31 8 65
31 10 24
31 13 40
31 14 44
31 15 51
31 17 6
31 19 33
31 20 16
31 21 36
31 23 41
31 24 39
31 26 64
31 29 26
31 31 49
31 33 12
31 34 27
31 35 68
31 36 69
31 38 63
31 40 58
31 41 53
31 44 55
31 49 54
31 52 18
31 53 46
31 54 47
31 55 21
31 56 31
31 59 13
31 62 3
31 63 8
31 64 34
31 65 11
31 66 10
31 67 50
32 1 66
32 3 57
32 4 32
32 5 38
32 8 31
32 9 13
32 10 41
32 15 23
32 16 46
32 17 67
32 19 29
32 20 14
32 22 45
32 24 43
32 28 56
32 30 24
32 31 22
32 32 63
32 36 62
32 38 33
32 40 19
32 41 4
32 42 15
32 44 49
32 46 17
32 47 65
32 48 1
32 50 52
32 51 51
32 56 68
32 57 0
32 59 37
32 60 54
32 62 59
32 64 20
32 65 30
32 66 69
32 67 10
32 68 48
33 0 28
33 5 0
33 6 12
33 8 21
33 9 17
33 10 56
33 11 35
33 12 16
33 15 61
33 16 14
33 17 3
33 18 47
33 19 9
33 22 43
33 23 45
33 24 26
33 25 68
33 28 64
33 29 54
33 30 62
33 32 25
33 33 23
33 35 39
33 37 6
33 40 46
33 43 8
33 45 44
33 47 53
33 48 69
33 50 2
33 51 40
33 52 66
33 54 63
33 55 15
33 56 19
33 58 57
33 61 29
33 65 1
33 66 22
33 67 49
33 69 65
34 2 7
34 3 8
34 4 20
34 5 32
34 7 12
34 8 28
34 9 10
34 10 55
34 12 64
34 14 31
34 15 48
34 17 9
34 18 33
34 20 51
34 22 58
34 23 69
34 24 42
34 27 38
34 29 37
34 31 60
34 32 49
34 34 65
34 35 53
34 37 62
34 40 63
34 41 5
34 44 17
34 45 36
34 51 43
34 52 45
34 54 3
34 55 27
34 57 50
34 58 35
34 59 47
34 60 16
34 61 30
34 62 24
34 64 18
34 65 61
34 66 34
34 67 40
34 68 46
34 69 11
35 1 19
35 2 59
35 3 32
35 4 9
35 5 57
35 6 15
35 7 10
35 9 40
35 13 24
35 14 2
35 16 36
35 17 54
35 19 37
35 20 67
35 22 25
35 23 61
35 24 23
35 25 65
35 27 5
35 28 55
35 30 41
35 33 50
35 35 69
35 39 17
35 40 42
35 42 43
35 45 14
35 46 3
35 50 0
35 52 48
35 53 33
35 55 34
35 58 46
35 59 51
35 60 68
35 61 12
35 62 16
35 65 52
35 66 44
35 67 64
35 68 66
36 0 69
36 2 1
36 3 30
36 4 44
36 5 2
36 6 17
36 10 26
36 13 37
36 14 4
36 15 27
36 17 64
36 18 24
36 19 42
36 20 46
36 21 41
36 22 53
36 23 65
36 26 61
36 27 25
36 29 66
36 30 35
36 32 62
36 33 51
36 39 38
36 40 45
36 41 56
36 43 14
36 47 3
36 48 11
36 49 58
36 56 57
36 58 19
36 59 40
36 61 67
36 62 33
36 65 10
36 68 39
36 69 43
37 0 62
37 1 65
37 2 56
37 3 23
37 4 41
37 6 31
37 7 63
37 8 44
37 9 14
37 10 60
37 11 7
37 12 68
37 13 19
37 15 47
37 16 50
37 17 38
37 18 30
37 19 26
37 20 28
37 21 8
37 22 5
37 24 52
37 25 36
37 27 2
37 29 4
37 30 25
37 31 12
37 33 42
37 39 0
37 40 35
37 42 57
37 44 24
37 45 58
37 47 49
37 48 15
37 49 66
37 50 54
37 51 32
37 52 27
37 54 45
37 57 13
37 58 21
37 59 48
37 60 22
37 61 53
37 62 9
37 66 17
37 68 64
38 0 7
38 2 28
38 7 60
38 12 50
38 13 69
38 14 59
38 15 52
38 16 12
38 17 45
38 18 53
38 20 65
38 24 30
38 27 8
38 28 41
38 30 56
38 35 20
38 36 19
38 37 47
38 39 26
38 40 15
38 41 44
38 42 58
38 45 22
38 46 49
38 47 46
38 48 37
38 49 36
38 52 35
38 53 18
38 54 24
38 55 57
38 56 14
38 57 55
38 61 23
38 62 6
38 67 62
38 69 17
39 0 22
39 4 21
39 5 64
39 9 18
39 10 14
39 12 61
39 15 42
39 16 58
39 23 48
39 24 12
39 25 16
39 27 65
39 29 57
39 30 37
39 36 31
39 38 69
39 40 3
39 41 25
39 42 47
39 44 5
39 49 30
39 50 6
39 52 19
39 53 35
39 54 67
39 55 17
39 56 36
39 58 27
39 60 46
39 61 8
39 62 15
39 63 50
39 65 33
39 66 63
39 67 68
39 68 62
39 69 54
40 0 34
40 3 68
40 4 28
40 5 60
40 6 19
40 8 54
40 9 49
40 11 12
40 12 47
40 13 25
40 14 29
40 15 17
40 17 40
40 19 23
40 20 6
40 21 45
40 23 32
40 24 35
40 25 27
40 26 63
40 27 43
40 28 14
40 30 39
40 31 62
40 32 61
40 34 7
40 35 58
40 37 22
40 38 13
40 39 2
40 41 41
40 42 37
40 48 55
40 49 31
40 50 26
40 54 36
40 55 0
40 56 44
40 63 11
40 65 42
40 68 8
40 69 3
41 0 10
41 1 43
41 2 30
41 5 18
41 6 51
41 9 64
41 11 32
41 12 19
41 14 3
41 15 57
41 17 52
41 18 39
41 19 45
41 22 48
41 24 68
41 25 37
41 26 28
41 27 67
41 29 61
41 30 29
41 31 46
41 32 54
41 33 56
41 35 12
41 36 65
41 38 55
41 40 25
41 44 14
41 45 0
41 47 2
41 49 5
41 50 69
41 51 34
41 54 15
41 55 6
41 56 7
41 57 44
41 58 66
41 61 36
41 62 1
41 63 47
41 64 4
41 65 31
41 69 20
42 0 37
42 1 6
42 2 11
42 3 13
42 4 7
42 6 39
42 10 49
42 11 20
42 12 31
42 13 27
42 14 18
42 15 22
42 16 19
42 19 24
42 20 58
42 21 35
42 22 9
42 23 60
42 24 38
42 25 46
42 27 57
42 30 48
42 33 40
42 34 44
42 35 63
42 36 42
42 37 5
42 38 67
42 40 53
42 41 26
42 42 59
42 43 10
42 44 66
42 45 55
42 47 32
42 48 33
42 49 4
42 50 41
42 55 3
42 56 8
42 57 30
42 59 21
42 61 25
42 62 62
42 65 54
42 67 61
42 68 43
42 69 34
43 1 5
43 2 44
43 4 25
43 8 49
43 9 24
43 10 9
43 11 33
43 13 65
43 18 66
43 19 22
43 20 17
43 22 40
43 27 1
43 28 20
43 29 51
43 31 39
43 32 52
43 33 64
43 34 42
43 35 54
43 37 61
43 38 59
43 39 35
43 40 62
43 41 69
43 42 3
43 43 18
43 44 56
43 45 16
43 46 21
43 47 11
43 48 67
43 49 12
43 51 13
43 52 10
43 53 34
43 54 4
43 55 50
43 56 28
43 58 7
43 59 32
43 60 14
43 63 60
43 64 53
43 65 23
43 66 26
43 67 48
44 0 60
44 8 14
44 9 58
44 15 26
44 16 39
44 17 43
44 19 31
44 20 33
44 21 66
44 24 69
44 25 44
44 26 55
44 27 30
44 28 0
44 29 22
44 30 27
44 31 63
44 32 17
44 35 47
44 38 15
44 39 24
44 40 21
44 42 62
44 43 50
44 44 38
44 45 56
44 46 42
44 48 64
44 50 18
44 51 57
44 53 16
44 54 32
44 55 54
44 56 12
44 57 46
44 59 3
44 60 7
44 61 40
44 66 11
44 67 20
44 69 36
45 0 56
45 1 59
45 5 4
45 7 8
45 8 43
45 9 33
45 11 62
45 12 66
45 13 67
45 14 48
45 16 23
45 18 37
45 21 32
45 23 53
45 24 36
45 25 54
45 26 68
45 29 9
45 33 30
45 34 58
45 41 63
45 43 57
45 44 42
45 49 49
45 52 12
45 55 7
45 57 6
45 59 69
45 61 52
45 62 18
45 64 19
45 65 46
45 67 51
45 69 47
46 0 1
46 3 0
46 5 30
46 6 4
46 8 64
46 12 13
46 13 22
46 15 10
46 16 5
46 17 69
46 22 18
46 23 24
46 24 41
46 25 28
46 26 49
46 28 63
46 32 15
46 34 51
46 35 40
46 36 68
46 38 35
46 39 8
46 40 61
46 41 11
46 43 25
46 44 23
46 46 66
46 47 21
46 48 36
46 49 52
46 50 59
46 51 56
46 53 60
46 57 9
46 59 34
46 60 37
46 62 31
46 63 42
46 64 47
46 67 2
46 68 6
46 69 29
47 2 45
47 3 69
47 4 23
47 5 19
47 6 60
47 7 26
47 8 58
47 9 28
47 10 54
47 12 20
47 18 32
47 19 13
47 21 53
47 23 57
47 24 63
47 25 14
47 26 1
47 28 9
47 29 25
47 31 33
47 32 48
47 33 10
47 38 52
47 40 5
47 41 16
47 42 46
47 43 64
47 44 39
47 45 17
47 47 12
47 48 61
47 49 62
47 52 0
47 53 66
47 55 37
47 56 49
47 57 18
47 60 21
47 62 44
47 63 36
47 64 6
47 66 15
47 67 56
47 68 34
48 1 8
48 2 36
48 6 34
48 7 58
48 11 46
48 12 63
48 13 57
48 14 62
48 15 39
48 16 43
48 17 47
48 18 67
48 19 64
48 23 15
48 24 18
48 25 60
48 26 23
48 28 7
48 29 30
48 30 9
48 33 65
48 34 55
48 37 52
48 38 31
48 39 1
48 42 13
48 43 32
48 45 51
48 47 24
48 48 27
48 49 21
48 51 45
48 53 2
48 56 4
48 57 3
48 58 20
48 59 38
48 61 11
48 62 68
48 63 61
48 66 48
48 68 5
49 0 25
49 1 64
49 2 60
49 5 52
49 6 47
49 9 65
49 10 22
49 11 53
49 13 6
49 15 13
49 16 63
49 17 48
49 18 68
49 21 24
49 22 23
49 23 4
49 24 40
49 25 61
49 27 42
49 29 46
49 30 1
49 31 57
49 35 59
49 36 12
49 38 44
49 40 20
49 41 55
49 45 62
49 47 17
49 48 16
49 49 10
49 50 49
49 51 0
49 56 54
49 57 69
49 58 39
49 60 3
49 61 66
49 62 26
49 63 14
49 64 33
49 65 15
49 66 43
49 67 36
49 68 31
49 69 50
50 0 21
50 1 35
50 5 26
50 6 64
50 7 54
50 8 24
50 9 38
50 10 30
50 11 3
50 13 18
50 14 10
50 16 68
50 18 17
50 19 51
50 20 8
50 22 59
50 23 55
50 25 52
50 26 66
50 27 58
50 29 15
50 30 28
50 31 11
50 34 46
50 36 44
50 37 49
50 38 12
50 40 31
50 42 42
50 45 23
50 46 34
50 47 50
50 49 43
50 50 40
50 51 37
50 52 5
50 57 67
50 58 2
50 60 61
50 62 69
50 64 41
50 65 39
50 66 33
50 68 27
50 69 63
51 4 38
51 5 34
51 6 42
51 7 59
51 8 50
51 10 40
51 11 44
51 13 12
51 14 45
51 15 56
51 16 48
51 19 18
51 20 4
51 25 64
51 30 6
51 31 37
51 32 24
51 34 53
51 35 57
51 37 14
51 38 17
51 40 26
51 41 65
51 42 10
51 43 63
51 44 9
51 45 31
51 46 62
51 47 61
51 49 55
51 51 46
51 52 43
51 53 54
51 54 28
51 55 68
51 56 52
51 57 11
51 58 32
51 59 30
51 60 1
51 64 2
51 66 47
52 0 17
52 1 12
52 4 54
52 6 52
52 7 9
52 8 47
52 9 60
52 10 4
52 11 40
52 13 44
52 16 26
52 17 39
52 18 69
52 19 6
52 21 34
52 26 18
52 27 48
52 28 33
52 29 36
52 31 51
52 32 53
52 33 58
52 34 23
52 36 61
52 40 10
52 41 28
52 42 31
52 43 35
52 49 27
52 54 13
52 58 37
52 59 63
52 66 0
52 67 42
52 68 30
53 1 54
53 4 37
53 8 18
53 9 55
53 10 6
53 11 5
53 13 46
53 14 35
53 15 24
53 17 0
53 18 52
53 19 10
53 20 42
53 21 12
53 22 49
53 23 1
53 24 4
53 25 56
53 26 9
53 27 39
53 28 51
53 30 22
53 31 15
53 33 27
53 35 21
53 36 64
53 38 30
53 40 38
53 42 44
53 44 2
53 45 69
53 46 26
53 47 40
53 48 3
53 50 25
53 52 31
53 56 66
53 57 16
53 58 33
53 59 8
53 60 48
53 62 63
53 63 7
53 64 61
53 65 17
53 66 58
53 67 65
53 68 20
53 69 19
54 3 35
54 6 56
54 7 43
54 8 32
54 9 6
54 10 37
54 12 3
54 14 68
54 18 12
54 19 47
54 20 60
54 22 66
54 23 49
54 25 53
54 26 34
54 27 61
54 30 59
54 32 11
54 33 62
54 34 39
54 37 65
54 40 44
54 41 46
54 44 20
54 45 4
54 46 27
54 47 10
54 48 40
54 49 24
54 50 50
54 51 2
54 52 63
54 53 5
54 54 8
54 55 38
54 58 9
54 60 36
54 61 55
54 63 1
54 65 28
54 66 31
55 0 31
55 3 58
55 4 8
55 5 10
55 6 62
55 7 69
55 8 30
55 12 54
55 13 29
55 15 50
55 17 28
55 19 60
55 23 11
55 24 5
55 25 41
55 27 9
55 30 26
55 32 68
55 36 48
55 37 56
55 39 53
55 40 65
55 42 39
55 44 3
55 47 52
55 48 12
55 49 57
55 50 4
55 51 42
55 53 21
55 54 7
55 55 23
55 56 55
55 58 59
55 60 63
55 61 51
55 62 27
55 63 22
55 64 45
55 65 24
55 69 0
56 1 20
56 2 13
56 4 24
56 6 68
56 7 62
56 8 59
56 9 52
56 10 12
56 11 63
56 12 1
56 14 15
56 15 9
56 16 49
56 17 32
56 19 19
56 21 39
56 22 56
56 23 3
56 25 6
56 27 64
56 29 43
56 30 53
56 32 65
56 33 38
56 35 66
56 36 17
56 37 8
56 38 5
56 39 54
56 40 50
56 41 27
56 42 28
56 43 40
56 44 11
56 46 10
56 47 67
56 48 2
56 49 7
56 51 4
56 52 46
56 54 44
56 55 35
56 57 21
56 58 47
56 64 16
56 65 34
56 67 58
56 69 31
57 0 39
57 1 4
57 2 5
57 4 18
57 5 15
57 6 16
57 7 1
57 8 68
57 9 12
57 15 0
57 16 66
57 17 22
57 18 36
57 19 52
57 21 10
57 22 29
57 25 21
57 26 30
57 27 3
57 31 14
57 35 34
57 37 50
57 38 58
57 40 6
57 41 13
57 43 9
57 44 59
57 45 47
57 46 2
57 47 37
57 48 28
57 49 46
57 51 60
57 53 8
57 54 54
57 55 42
57 58 43
57 60 62
57 62 65
57 64 55
57 66 20
57 67 17
58 0 43
58 1 24
58 8 1
58 9 41
58 11 28
58 12 32
58 13 14
58 14 12
58 15 44
58 16 3
58 17 25
58 19 8
58 21 26
58 25 59
58 28 57
58 29 18
58 32 55
58 33 15
58 34 16
58 35 29
58 37 36
58 41 51
58 42 45
58 43 53
58 45 38
58 49 64
58 50 62
58 51 33
58 52 67
58 54 60
58 56 2
58 58 17
58 60 27
58 61 46
58 63 19
58 65 66
58 66 37
58 67 34
58 68 23
58 69 68
59 0 19
59 1 39
59 5 12
59 7 42
59 9 27
59 10 17
59 11 49
59 13 23
59 15 29
59 16 20
59 19 15
59 20 54
59 22 50
59 23 37
59 25 66
59 31 36
59 32 41
59 33 11
59 36 6
59 38 45
59 40 64
59 41 30
59 42 22
59 43 68
59 44 35
59 45 28
59 46 59
59 47 7
59 49 33
59 50 14
59 51 25
59 52 8
59 53 0
59 54 46
59 56 5
59 59 62
59 60 51
59 61 31
59 62 32
59 68 3
59 69 60
60 2 16
60 3 27
60 6 10
60 11 56
60 12 8
60 14 66
60 15 11
60 18 55
60 21 57
60 22 24
60 23 30
60 24 47
60 26 25
60 28 3
60 29 48
60 30 14
60 32 50
60 33 17
60 34 67
60 35 41
60 36 15
60 38 23
60 39 19
60 42 36
60 43 69
60 46 6
60 47 64
60 48 68
60 49 45
60 50 44
60 51 20
60 52 21
60 54 59
60 55 2
60 56 43
60 57 54
60 58 61
60 60 40
60 61 7
60 62 38
60 65 32
60 68 58
60 69 35
61 0 65
61 4 56
61 5 41
61 7 52
61 8 2
61 9 36
61 11 60
61 12 58
61 15 14
61 17 11
61 24 67
61 25 5
61 27 22
61 28 30
61 29 27
61 30 34
61 31 29
61 32 39
61 33 33
61 35 3
61 37 42
61 38 57
61 40 54
61 43 1
61 44 19
61 45 24
61 46 68
61 47 47
61 48 59
61 52 4
61 53 48
61 55 49
61 57 15
61 58 10
61 59 7
61 60 25
61 61 6
61 64 44
61 66 66
61 68 16
61 69 55
62 0 5
62 1 61
62 2 69
62 5 8
62 6 48
62 7 22
62 9 51
62 10 7
62 11 1
62 12 52
62 13 50
62 14 9
62 16 2
62 18 20
62 19 53
62 20 18
62 21 56
62 22 47
62 24 16
62 25 17
62 26 36
62 27 55
62 29 39
62 30 0
62 32 46
62 34 62
62 35 15
62 40 4
62 41 12
62 42 60
62 43 28
62 44 64
62 50 19
62 51 10
62 52 54
62 53 27
62 54 42
62 56 26
62 57 59
62 58 29
62 59 24
62 60 38
62 61 34
62 62 14
62 64 32
62 65 58
62 67 25
63 1 27
63 2 46
63 3 10
63 4 36
63 5 61
63 6 59
63 8 56
63 9 2
63 10 15
63 11 57
63 12 18
63 15 19
63 16 54
63 17 62
63 21 64
63 22 20
63 25 38
63 27 14
63 28 60
63 30 51
63 32 12
63 33 52
63 34 30
63 35 9
63 36 22
63 38 39
63 39 33
63 40 49
63 44 40
63 46 45
63 48 42
63 49 68
63 50 29
63 51 66
63 54 48
63 57 1
63 58 58
63 59 55
63 60 26
63 63 3
63 65 69
63 66 5
63 68 24
64 0 35
64 3 50
64 4 51
64 6 33
64 7 15
64 8 25
64 11 10
64 12 26
64 13 7
64 14 27
64 16 65
64 17 8
64 18 21
64 20 53
64 21 23
64 22 42
64 23 64
64 24 3
64 25 18
64 27 4
64 29 34
64 32 6
64 33 36
64 36 39
64 37 59
64 38 32
64 39 29
64 43 20
64 44 0
64 47 31
64 49 13
64 50 1
64 52 24
64 53 28
64 55 14
64 56 47
64 60 67
64 61 2
64 62 48
64 67 38
65 0 48
65 4 59
65 6 30
65 7 6
65 9 1
65 13 41
65 14 52
65 17 36
65 18 25
65 21 46
65 22 7
65 23 34
65 25 39
65 26 8
65 27 54
65 28 10
65 30 47
65 32 9
65 33 5
65 35 31
65 36 45
65 37 23
65 38 61
65 40 32
65 43 27
65 48 56
65 49 2
65 50 63
65 52 20
65 58 28
65 59 65
65 60 53
65 61 42
65 63 13
65 66 12
65 67 35
65 69 14
66 0 27
66 1 60
66 4 39
66 6 28
66 7 38
66 9 32
66 13 62
66 15 16
66 16 24
66 17 18
66 20 61
66 24 66
66 25 30
66 27 69
66 28 1
66 29 21
66 32 5
66 33 14
66 34 64
66 35 7
66 36 33
66 38 2
66 40 52
66 41 29
66 42 51
66 44 67
66 46 19
66 47 58
66 48 46
66 49 6
66 53 37
66 54 31
66 57 26
66 61 57
66 64 68
66 65 59
66 69 48
67 1 34
67 2 42
67 4 29
67 6 32
67 7 28
67 8 22
67 9 48
67 10 64
67 11 13
67 12 25
67 13 2
67 14 16
67 15 62
67 16 57
67 17 66
67 18 58
67 19 61
67 21 49
67 23 14
67 25 23
67 26 50
67 29 8
67 30 40
67 31 27
67 33 46
67 34 20
67 35 17
67 37 37
67 39 41
67 40 12
67 42 33
67 43 4
67 44 6
67 45 63
67 46 65
67 47 51
67 48 24
67 49 38
67 50 30
67 51 5
67 52 15
67 53 45
67 55 53
67 56 10
67 57 56
67 58 36
67 60 39
67 61 26
67 62 21
67 63 31
67 64 54
67 67 52
67 68 68
67 69 69
68 2 52
68 3 46
68 4 35
68 5 37
68 6 13
68 7 18
68 8 69
68 9 54
68 10 62
68 11 14
68 13 60
68 15 49
68 16 44
68 17 24
68 19 27
68 20 68
68 23 38
68 26 3
68 29 58
68 34 50
68 37 48
68 38 47
68 40 1
68 41 23
68 42 16
68 43 0
68 45 25
68 46 28
68 48 17
68 50 57
68 52 56
68 53 36
68 54 66
68 55 20
68 57 34
68 58 51
68 59 53
68 60 31
68 62 22
68 63 39
68 64 21
68 65 8
68 66 64
68 67 45
68 68 61
69 1 2
69 3 45
69 6 58
69 8 36
69 11 17
69 14 50
69 16 52
69 18 51
69 20 7
69 21 6
69 23 43
69 24 53
69 27 62
69 29 3
69 30 60
69 31 44
69 32 47
69 34 9
69 35 67
69 36 55
69 39 27
69 41 15
69 43 34
69 44 32
69 46 8
69 47 41
69 49 37
69 53 19
69 54 18
69 55 64
69 57 28
69 58 63
69 59 54
69 60 23
69 61 56
69 62 40
69 63 24
69 64 25
69 66 13
69 68 42
69 69 21
