60
0 0 22
0 1 41
0 2 39
0 3 47
0 4 46
0 5 21
0 6 38
0 7 15
0 8 36
0 9 17
0 10 27
0 12 6
0 13 19
0 14 28
0 15 43
0 19 52
0 20 4
0 21 16
0 22 44
0 23 10
0 24 53
0 25 48
0 26 45
0 28 58
0 30 7
0 31 54
0 32 34
0 33 9
0 34 1
0 36 2
0 37 23
0 39 5
0 41 57
0 42 24
0 44 37
0 45 20
0 46 55
0 47 14
0 48 25
0 49 49
0 50 30
0 51 3
0 52 56
0 53 42
0 54 13
0 55 50
0 56 26
1 0 32
1 1 30
1 2 5
1 3 25
1 4 26
1 5 19
1 6 23
1 7 9
1 8 45
1 9 57
1 10 58
1 11 0
1 12 55
1 13 39
1 14 59
1 15 10
1 16 46
1 18 42
1 20 21
1 21 38
1 23 2
1 24 56
1 25 44
1 26 4
1 27 40
1 28 14
1 29 33
1 30 36
1 31 1
1 32 28
1 33 7
1 35 24
1 37 48
1 39 6
1 40 41
1 41 11
1 42 12
1 43 35
1 44 17
1 45 37
1 46 18
1 49 13
1 50 15
1 52 54
1 53 20
1 54 31
1 55 8
1 57 49
1 58 27
1 59 47
2 0 51
2 2 11
2 3 38
2 5 2
2 6 20
2 7 32
2 8 17
2 9 1
2 10 54
2 11 19
2 12 26
2 13 10
2 15 29
2 16 5
2 17 7
2 19 24
2 20 36
2 21 46
2 22 34
2 23 31
2 24 12
2 25 58
2 26 55
2 27 47
2 28 4
2 29 9
2 30 30
2 31 59
2 32 44
2 33 52
2 36 39
2 37 16
2 38 22
2 39 13
2 40 3
2 41 37
2 43 0
2 44 50
2 45 49
2 46 35
2 47 57
2 48 6
2 49 21
2 50 14
2 52 33
2 53 18
2 54 43
2 55 48
2 56 15
2 57 56
2 58 28
3 0 4
3 1 35
3 2 28
3 3 54
3 4 55
3 5 23
3 7 8
3 8 11
3 9 59
3 10 2
3 11 14
3 12 45
3 14 50
3 15 18
3 16 0
3 17 15
3 18 29
3 20 6
3 21 58
3 22 39
3 23 25
3 24 41
3 25 13
3 27 53
3 28 42
3 30 44
3 31 43
3 32 9
3 33 57
3 34 47
3 36 38
3 37 12
3 38 26
3 40 22
3 43 24
3 44 21
3 45 34
3 46 31
3 47 56
3 48 52
3 49 20
3 50 16
3 51 1
3 52 19
3 53 36
3 54 10
3 56 27
3 57 32
3 58 33
3 59 17
4 0 46
4 1 22
4 2 51
4 3 19
4 4 52
4 6 59
4 7 6
4 8 0
4 9 47
4 10 23
4 11 56
4 12 5
4 13 18
4 15 15
4 16 54
4 17 14
4 18 45
4 19 9
4 20 12
4 22 38
4 23 39
4 25 30
4 26 31
4 28 11
4 30 29
4 33 50
4 34 28
4 35 7
4 36 55
4 37 33
4 39 26
4 40 49
4 41 27
4 42 43
4 43 41
4 44 53
4 45 24
4 46 37
4 47 17
4 48 42
4 49 2
4 50 3
4 52 32
4 54 16
4 55 44
4 56 36
4 58 10
5 0 36
5 2 58
5 4 45
5 5 12
5 6 13
5 7 0
5 9 42
5 11 18
5 12 21
5 13 46
5 14 27
5 16 6
5 17 33
5 18 51
5 19 47
5 20 24
5 21 14
5 22 3
5 23 17
5 24 43
5 26 38
5 27 44
5 29 55
5 30 48
5 31 53
5 32 2
5 33 26
5 34 9
5 35 41
5 36 52
5 37 15
5 38 7
5 39 29
5 40 54
5 41 20
5 42 4
5 43 23
5 44 34
5 45 8
5 46 40
5 47 10
5 48 5
5 49 25
5 50 50
5 51 28
5 52 11
5 53 57
5 54 30
5 55 31
5 56 16
5 58 19
5 59 22
6 0 0
6 2 49
6 3 39
6 5 4
6 6 7
6 7 17
6 8 51
6 9 40
6 11 46
6 12 42
6 13 16
6 14 57
6 15 23
6 16 33
6 17 52
6 20 11
6 21 34
6 23 1
6 24 59
6 25 50
6 27 58
6 29 21
6 31 44
6 32 38
6 33 36
6 34 12
6 35 55
6 36 45
6 38 24
6 40 20
6 42 54
6 46 29
6 47 37
6 49 6
6 51 18
6 52 5
6 53 9
6 54 27
6 55 22
6 56 41
6 57 19
6 59 25
7 1 1
7 2 53
7 4 35
7 5 28
7 6 31
7 8 23
7 9 26
7 10 13
7 11 57
7 12 32
7 13 30
7 14 43
7 15 27
7 17 18
7 18 38
7 20 45
7 21 37
7 22 14
7 23 56
7 24 52
7 25 59
7 26 47
7 27 50
7 28 44
7 30 11
7 34 25
7 35 21
7 36 10
7 38 5
7 41 15
7 42 16
7 43 55
7 46 20
7 48 7
7 51 4
7 52 2
7 53 22
7 54 34
7 55 54
7 56 19
7 57 6
7 58 9
7 59 0
8 3 24
8 5 54
8 6 40
8 7 22
8 8 15
8 9 5
8 10 41
8 12 57
8 13 56
8 14 1
8 15 3
8 16 12
8 18 10
8 19 59
8 20 9
8 21 13
8 22 45
8 23 26
8 25 49
8 26 11
8 27 14
8 28 52
8 29 30
8 30 2
8 31 35
8 32 37
8 33 29
8 34 8
8 35 51
8 37 36
8 38 46
8 39 44
8 41 6
8 42 27
8 44 39
8 45 43
8 47 18
8 49 38
8 50 28
8 51 21
8 52 34
8 53 4
8 55 53
8 57 25
8 58 48
9 0 33
9 1 28
9 3 30
9 5 6
9 7 5
9 8 52
9 9 45
9 10 47
9 12 36
9 13 41
9 14 18
9 15 51
9 16 4
9 18 22
9 20 56
9 21 49
9 22 29
9 24 39
9 25 7
9 26 20
9 27 48
9 28 17
9 29 23
9 31 8
9 32 32
9 33 10
9 34 2
9 35 40
9 36 46
9 37 0
9 38 34
9 40 1
9 41 59
9 42 53
9 43 21
9 44 13
9 45 57
9 46 9
9 48 31
9 49 58
9 50 55
9 51 25
9 52 37
9 53 35
9 54 24
9 55 11
9 57 38
9 59 16
10 1 51
10 2 21
10 4 23
10 7 27
10 8 37
10 10 33
10 11 38
10 12 1
10 13 3
10 14 17
10 15 11
10 16 7
10 17 24
10 18 43
10 20 54
10 21 48
10 22 42
10 23 5
10 25 6
10 26 2
10 27 30
10 28 55
10 29 0
10 30 4
10 31 15
10 32 50
10 34 46
10 36 49
10 37 20
10 39 16
10 41 26
10 42 28
10 43 39
10 44 12
10 45 44
10 46 14
10 47 40
10 49 10
10 50 34
10 51 45
10 52 57
10 53 47
10 54 25
10 56 32
10 58 41
10 59 29
11 0 5
11 1 8
11 2 56
11 3 6
11 5 15
11 6 57
11 9 49
11 10 59
11 11 50
11 12 11
11 13 36
11 14 30
11 15 9
11 16 2
11 18 46
11 19 27
11 20 58
11 21 21
11 22 53
11 23 13
11 24 40
11 25 25
11 26 34
11 27 7
11 29 28
11 30 54
11 31 52
11 32 41
11 33 19
11 34 0
11 35 37
11 37 3
11 38 23
11 39 39
11 40 29
11 41 42
11 42 55
11 43 17
11 44 24
11 45 4
11 46 44
11 47 45
11 48 22
11 49 31
11 52 48
11 53 1
11 55 33
11 56 47
11 57 43
11 58 38
11 59 10
12 0 37
12 1 23
12 4 44
12 5 33
12 6 16
12 7 20
12 8 7
12 9 2
12 10 48
12 11 17
12 12 52
12 14 9
12 17 43
12 19 34
12 20 42
12 21 27
12 22 6
12 23 32
12 24 29
12 26 21
12 27 5
12 30 0
12 33 12
12 34 59
12 36 35
12 37 1
12 38 30
12 39 58
12 40 55
12 41 53
12 42 22
12 43 46
12 45 31
12 47 50
12 48 18
12 49 19
12 50 41
12 51 26
12 52 36
12 53 49
12 54 4
12 55 10
12 57 39
12 58 56
12 59 54
13 0 58
13 1 16
13 2 1
13 3 49
13 4 56
13 5 53
13 6 33
13 7 31
13 9 38
13 12 39
13 13 48
13 15 30
13 16 32
13 17 13
13 18 40
13 19 25
13 20 19
13 22 18
13 23 57
13 24 50
13 25 34
13 26 7
13 27 28
13 29 26
13 30 24
13 32 20
13 33 27
13 34 10
13 35 47
13 36 22
13 37 41
13 38 35
13 41 46
13 42 6
13 43 4
13 45 9
13 47 2
13 49 5
13 50 44
13 51 17
13 52 52
13 53 8
13 54 23
13 55 42
13 56 37
13 57 15
13 58 11
13 59 12
14 0 29
14 1 58
14 2 59
14 3 55
14 4 4
14 5 32
14 6 34
14 7 24
14 9 25
14 10 21
14 11 26
14 13 14
14 14 49
14 16 17
14 17 28
14 18 30
14 20 50
14 21 20
14 22 54
14 23 52
14 24 27
14 25 39
14 26 35
14 27 15
14 28 22
14 29 12
14 30 18
14 31 40
14 33 3
14 34 5
14 35 11
14 36 36
14 37 31
14 39 1
14 40 57
14 41 8
14 43 33
14 44 44
14 45 56
14 48 2
14 50 42
14 51 6
14 52 10
14 53 0
14 54 38
14 55 46
14 56 9
14 58 47
14 59 43
15 0 19
15 1 54
15 2 50
15 3 8
15 4 12
15 5 9
15 6 43
15 7 40
15 8 31
15 9 15
15 10 3
15 11 28
15 12 38
15 14 58
15 15 48
15 16 55
15 17 16
15 18 20
15 19 29
15 20 7
15 22 36
15 23 49
15 24 14
15 25 5
15 27 26
15 29 10
15 31 22
15 32 45
15 33 34
15 34 57
15 36 56
15 37 21
15 38 11
15 40 33
15 41 24
15 42 23
15 43 44
15 44 4
15 46 52
15 47 25
15 50 18
15 51 13
15 52 0
15 53 59
15 55 51
15 56 6
15 57 41
15 59 1
16 1 37
16 2 15
16 3 4
16 4 59
16 5 36
16 6 8
16 7 53
16 8 24
16 9 28
16 11 1
16 12 3
16 13 42
16 14 51
16 15 13
16 16 18
16 18 11
16 21 52
16 23 0
16 24 45
16 26 46
16 27 39
16 28 33
16 30 40
16 31 16
16 32 26
16 33 58
16 34 48
16 35 17
16 36 31
16 37 56
16 38 44
16 39 38
16 40 21
16 41 9
16 42 5
16 43 27
16 44 19
16 45 14
16 46 43
16 48 54
16 50 12
16 51 30
16 52 29
16 53 50
16 54 41
16 55 57
16 56 2
16 59 34
17 2 36
17 3 46
17 4 8
17 5 57
17 7 29
17 8 14
17 9 30
17 10 34
17 11 45
17 12 50
17 13 5
17 14 26
17 16 16
17 17 47
17 18 25
17 20 38
17 21 40
17 22 19
17 25 43
17 26 44
17 27 56
17 28 12
17 30 1
17 31 27
17 33 55
17 34 22
17 36 37
17 37 24
17 38 28
17 39 7
17 40 13
17 41 58
17 42 49
17 43 54
17 46 17
17 47 48
17 48 59
17 49 42
17 50 21
17 51 2
17 52 23
17 53 11
17 54 32
17 55 9
17 56 51
17 57 35
17 58 39
18 0 57
18 1 33
18 4 10
18 5 51
18 6 41
18 7 14
18 8 30
18 9 7
18 10 53
18 11 8
18 12 34
18 13 35
18 14 12
18 15 39
18 17 42
18 18 47
18 19 50
18 20 37
18 21 29
18 22 31
18 23 27
18 24 24
18 26 22
18 27 38
18 28 49
18 29 46
18 31 20
18 32 54
18 33 5
18 34 36
18 35 56
18 36 6
18 37 11
18 38 55
18 39 18
18 43 58
18 44 23
18 46 32
18 47 26
18 48 16
18 49 28
18 50 45
18 51 19
18 52 25
18 53 17
18 55 2
18 56 4
18 57 0
18 58 13
18 59 59
19 0 8
19 1 52
19 2 2
19 3 41
19 4 17
19 5 20
19 7 35
19 8 47
19 9 31
19 10 11
19 11 25
19 12 54
19 14 55
19 15 28
19 17 4
19 18 16
19 20 34
19 21 22
19 22 10
19 23 6
19 24 1
19 27 32
19 28 24
19 29 29
19 32 42
19 33 43
19 34 3
19 35 49
19 37 53
19 38 57
19 39 33
19 40 26
19 41 21
19 42 14
19 43 12
19 44 0
19 45 36
19 46 46
19 47 51
19 48 58
19 49 59
19 51 44
19 52 40
19 53 56
19 54 39
19 55 18
19 56 48
19 57 5
19 58 50
19 59 9
20 1 38
20 3 15
20 4 32
20 5 55
20 6 2
20 7 41
20 10 42
20 11 35
20 12 43
20 13 21
20 15 47
20 16 11
20 17 44
20 18 19
20 19 4
20 22 22
20 24 25
20 25 36
20 26 48
20 27 20
20 28 7
20 29 16
20 30 46
20 31 0
20 32 33
20 34 52
20 35 30
20 36 26
20 37 14
20 40 5
20 41 34
20 42 8
20 43 56
20 46 59
20 47 53
20 48 17
20 49 50
20 50 39
20 51 9
20 54 28
20 56 45
20 57 10
20 58 29
20 59 51
21 0 13
21 1 46
21 3 18
21 4 40
21 5 1
21 6 12
21 7 2
21 8 20
21 10 8
21 11 16
21 12 24
21 14 47
21 15 33
21 16 43
21 17 36
21 18 3
21 19 11
21 20 48
21 21 59
21 22 50
21 23 15
21 25 29
21 27 19
21 28 39
21 29 27
21 30 9
21 31 42
21 32 56
21 33 31
21 34 45
21 35 0
21 37 35
21 39 55
21 40 10
21 41 54
21 42 32
21 43 6
21 44 22
21 45 58
21 46 30
21 47 41
21 49 37
21 50 5
21 51 57
21 52 17
21 53 14
21 54 21
21 55 7
21 56 52
21 57 28
21 58 26
22 0 50
22 1 40
22 2 30
22 4 33
22 7 36
22 8 16
22 9 56
22 10 14
22 11 48
22 12 9
22 13 54
22 14 37
22 15 12
22 16 24
22 18 28
22 19 51
22 20 26
22 21 7
22 22 57
22 23 55
22 28 10
22 29 19
22 30 22
22 31 47
22 32 18
22 34 15
22 35 38
22 36 11
22 37 39
22 38 21
22 41 1
22 43 13
22 44 35
22 45 23
22 47 46
22 48 41
22 51 52
22 52 31
22 53 58
22 54 2
22 56 53
22 58 5
23 0 41
23 1 13
23 2 27
23 3 56
23 5 30
23 6 25
23 7 21
23 10 50
23 11 42
23 13 12
23 14 45
23 15 32
23 16 23
23 17 5
23 18 26
23 19 8
23 20 14
23 21 17
23 23 33
23 24 20
23 25 22
23 26 43
23 27 54
23 28 40
23 30 58
23 32 53
23 33 39
23 34 7
23 35 6
23 37 10
23 39 3
23 40 52
23 42 29
23 43 2
23 44 49
23 45 59
23 46 34
23 47 1
23 49 36
23 50 0
23 52 46
23 53 24
23 54 47
23 55 55
23 56 35
23 58 18
23 59 44
24 1 21
24 3 26
24 4 42
24 6 15
24 8 27
24 9 29
24 10 9
24 11 37
24 12 12
24 13 6
24 14 56
24 15 35
24 16 3
24 17 57
24 18 52
24 19 43
24 20 44
24 21 5
24 22 20
24 23 14
24 24 55
24 25 4
24 26 0
24 27 34
24 28 38
24 29 1
24 30 17
24 31 19
24 32 10
24 33 45
24 34 23
24 35 32
24 36 53
24 37 22
24 38 25
24 39 46
24 41 13
24 42 18
24 43 16
24 45 33
24 47 59
24 49 8
24 51 31
24 52 49
24 54 58
24 55 40
24 56 24
24 57 7
24 58 36
24 59 41
25 1 32
25 2 29
25 3 23
25 4 57
25 6 44
25 8 46
25 9 58
25 10 55
25 11 15
25 12 0
25 13 40
25 14 6
25 15 14
25 17 54
25 18 56
25 19 13
25 20 52
25 22 2
25 24 8
25 28 5
25 29 25
25 30 53
25 31 21
25 32 35
25 33 41
25 35 26
25 36 16
25 37 28
25 38 37
25 39 51
25 41 50
25 42 45
25 43 48
25 44 33
25 46 38
25 47 4
25 48 27
25 51 10
25 52 47
25 54 20
25 55 34
25 56 39
25 58 31
25 59 36
26 0 18
26 1 4
26 2 26
26 3 37
26 5 52
26 7 7
26 8 21
26 9 27
26 10 0
26 11 31
26 12 8
26 13 57
26 14 20
26 15 42
26 16 51
26 17 39
26 18 9
26 19 6
26 20 22
26 21 15
26 22 1
26 23 35
26 24 47
26 25 2
26 26 19
26 27 45
26 28 16
26 29 5
26 30 56
26 31 11
26 32 12
26 33 49
26 34 32
26 35 13
26 37 55
26 39 25
26 40 58
26 41 36
26 42 34
26 43 14
26 44 48
26 46 41
26 47 30
26 48 28
26 50 23
26 51 33
26 52 53
26 54 44
26 55 17
26 56 40
26 57 46
26 58 59
26 59 38
27 0 16
27 1 39
27 2 31
27 3 57
27 4 21
27 5 44
27 6 35
27 7 10
27 9 0
27 10 22
27 11 40
27 12 46
27 13 27
27 14 5
27 15 53
27 17 38
27 18 18
27 19 54
27 20 25
27 21 11
27 22 13
27 23 59
27 24 51
27 25 8
27 26 17
27 28 9
27 30 47
27 33 23
27 34 30
27 35 43
27 36 32
27 37 52
27 38 4
27 40 48
27 42 37
27 43 3
27 44 14
27 45 28
27 46 15
27 47 24
27 48 29
27 49 33
27 50 7
27 51 42
27 53 26
27 54 36
27 55 58
27 56 1
27 58 2
27 59 19
28 0 34
28 1 27
28 2 42
28 3 45
28 5 14
28 6 32
28 7 28
28 8 44
28 9 51
28 11 22
28 12 31
28 13 43
28 14 2
28 15 46
28 16 49
28 17 23
28 18 50
28 19 5
28 20 0
28 21 9
28 22 41
28 24 3
28 26 15
28 27 25
28 29 39
28 31 12
28 33 16
28 35 10
28 36 13
28 37 54
28 38 56
28 39 30
28 40 4
28 41 19
28 42 57
28 43 59
28 44 52
28 45 6
28 47 20
28 48 11
28 49 17
28 50 24
28 51 8
28 52 18
28 53 33
28 55 1
28 56 55
28 57 36
28 58 21
29 0 15
29 1 43
29 2 41
29 3 34
29 4 7
29 5 48
29 7 49
29 9 37
29 10 51
29 11 52
29 12 27
29 13 58
29 14 53
29 15 31
29 16 42
29 17 56
29 18 54
29 19 35
29 21 26
29 22 17
29 25 33
29 26 50
29 27 22
29 29 24
29 30 5
29 31 36
29 34 39
29 35 29
29 37 44
29 38 9
29 39 57
29 40 14
29 41 4
29 42 38
29 43 25
29 44 10
29 45 2
29 47 12
29 49 3
29 50 59
29 51 16
29 53 40
29 54 0
29 55 20
29 56 11
29 57 45
29 58 32
29 59 55
30 0 11
30 3 10
30 5 26
30 7 13
30 8 22
30 9 39
30 11 5
30 12 29
30 13 24
30 14 36
30 15 58
30 18 1
30 19 15
30 20 47
30 21 55
30 22 8
30 23 42
30 24 32
30 25 51
30 27 16
30 29 50
30 30 14
30 31 48
30 32 59
30 36 0
30 37 30
30 38 17
30 39 45
30 40 46
30 42 44
30 43 9
30 44 40
30 45 52
30 46 28
30 47 49
30 48 34
30 49 12
30 50 57
30 51 41
30 52 35
30 53 38
30 54 54
30 55 21
30 57 3
30 58 23
30 59 37
31 0 28
31 1 29
31 2 54
31 3 14
31 5 10
31 6 5
31 7 56
31 8 57
31 9 6
31 10 12
31 11 36
31 12 53
31 13 9
31 14 7
31 15 44
31 16 15
31 18 59
31 19 30
31 21 50
31 22 35
31 23 16
31 24 23
31 25 17
31 27 31
31 28 46
31 29 37
31 30 27
31 31 26
31 32 48
31 33 25
31 35 39
31 37 13
31 38 1
31 39 42
31 41 51
31 42 52
31 43 40
31 45 47
31 46 0
31 47 22
31 48 20
31 49 11
31 50 4
31 51 49
31 52 41
31 53 2
31 55 24
31 57 34
31 58 55
31 59 58
32 0 56
32 1 20
32 2 17
32 3 0
32 4 3
32 5 40
32 6 21
32 9 13
32 10 1
32 11 41
32 12 22
32 13 45
32 14 48
32 15 7
32 16 27
32 17 51
32 18 5
32 20 49
32 22 52
32 23 46
32 25 24
32 26 10
32 27 8
32 28 19
32 29 11
32 30 16
32 32 15
32 35 58
32 36 12
32 37 25
32 38 38
32 39 28
32 41 29
32 42 39
32 43 36
32 44 59
32 45 32
32 46 23
32 47 31
32 48 37
32 51 50
32 52 43
32 53 54
32 54 33
32 56 57
32 57 30
32 58 53
32 59 26
33 0 23
33 1 36
33 2 55
33 3 3
33 6 52
33 7 44
33 8 43
33 10 35
33 11 20
33 13 17
33 14 16
33 18 24
33 19 56
33 21 8
33 22 51
33 23 41
33 25 1
33 26 28
33 28 15
33 30 10
33 31 46
33 32 0
33 33 18
33 34 42
33 35 9
33 36 30
33 37 32
33 38 2
33 39 47
33 40 11
33 41 14
33 42 40
33 43 38
33 44 57
33 45 12
33 46 7
33 47 19
33 48 26
33 49 54
33 50 33
33 51 39
33 52 58
33 53 34
33 54 50
33 55 13
33 56 59
33 57 27
33 58 4
33 59 21
34 1 42
34 2 18
34 4 25
34 5 41
34 6 39
34 7 23
34 8 29
34 9 11
34 10 31
34 11 21
34 12 33
34 13 22
34 15 45
34 16 26
34 18 58
34 19 55
34 21 32
34 22 59
34 23 7
34 24 19
34 25 53
34 26 56
34 27 10
34 28 37
34 29 17
34 31 4
34 32 51
34 33 28
34 34 44
34 35 14
34 36 54
34 37 46
34 38 3
34 39 15
34 40 35
34 41 0
34 42 2
34 43 5
34 44 20
34 45 48
34 46 24
34 47 13
34 50 27
34 51 36
34 54 49
34 55 16
34 56 43
34 57 50
34 58 52
34 59 6
35 1 34
35 3 17
35 4 48
35 5 7
35 6 54
35 7 51
35 8 2
35 9 10
35 10 37
35 11 58
35 12 35
35 14 41
35 15 19
35 16 59
35 17 50
35 18 21
35 20 16
35 21 43
35 22 40
35 23 12
35 24 28
35 25 26
35 26 8
35 27 11
35 29 44
35 31 39
35 32 52
35 33 0
35 34 18
35 35 42
35 37 5
35 38 27
35 40 32
35 42 15
35 44 46
35 47 9
35 48 24
35 49 4
35 50 56
35 51 38
35 52 1
35 53 30
35 54 29
35 55 49
35 57 31
35 58 6
35 59 23
36 0 14
36 1 56
36 2 32
36 3 16
36 4 34
36 5 17
36 6 46
36 7 30
36 8 25
36 9 55
36 10 20
36 11 27
36 12 7
36 13 11
36 14 3
36 16 52
36 17 40
36 18 23
36 19 37
36 20 51
36 21 44
36 23 48
36 25 15
36 26 6
36 28 21
36 30 50
36 31 41
36 32 49
36 33 22
36 34 26
36 35 12
36 36 47
36 38 39
36 39 2
36 40 36
36 41 5
36 43 19
36 44 43
36 45 45
36 47 28
36 49 35
36 50 29
36 53 10
36 54 42
36 55 4
36 56 8
36 57 33
36 58 24
37 0 54
37 1 45
37 2 22
37 3 2
37 4 5
37 6 49
37 7 38
37 8 28
37 9 35
37 10 25
37 12 30
37 13 55
37 14 29
37 15 16
37 16 19
37 17 10
37 18 17
37 19 36
37 21 6
37 22 15
37 23 23
37 24 46
37 25 31
37 26 52
37 27 42
37 28 50
37 29 59
37 30 33
37 33 14
37 34 20
37 35 34
37 37 51
37 38 0
37 39 37
37 40 44
37 41 32
37 43 43
37 45 39
37 46 48
37 47 47
37 48 57
37 49 41
37 50 9
37 51 12
37 52 13
37 53 53
37 54 56
37 55 27
37 56 58
37 57 8
37 59 3
38 0 2
38 1 10
38 2 13
38 3 11
38 4 1
38 5 24
38 7 43
38 8 33
38 10 16
38 11 29
38 14 4
38 16 58
38 17 32
38 18 37
38 19 19
38 20 18
38 21 30
38 22 9
38 23 20
38 25 12
38 26 51
38 27 0
38 28 31
38 29 53
38 34 54
38 38 45
38 39 56
38 40 34
38 41 35
38 42 36
38 44 42
38 46 26
38 47 23
38 48 55
38 49 22
38 50 6
38 51 47
38 52 39
38 53 41
38 54 40
38 55 38
38 57 21
39 0 49
39 1 0
39 2 4
39 5 38
39 6 26
39 7 52
39 8 3
39 9 19
39 10 28
39 11 2
39 12 59
39 13 50
39 14 24
39 15 34
39 16 57
39 17 48
39 19 44
39 20 17
39 22 56
39 23 58
39 25 45
39 27 1
39 28 20
39 29 42
39 30 55
39 32 43
39 34 35
39 35 54
39 37 40
39 38 10
39 39 8
39 41 25
39 42 33
39 43 7
39 44 36
39 46 51
39 47 11
39 49 14
39 50 31
39 51 53
39 52 22
39 53 15
39 54 18
39 55 41
39 56 13
39 57 23
39 58 37
39 59 27
40 0 25
40 1 50
40 2 0
40 3 42
40 5 3
40 6 55
40 7 1
40 9 33
40 10 56
40 11 39
40 13 38
40 15 59
40 17 45
40 18 53
40 19 32
40 20 35
40 21 24
40 22 49
40 23 9
40 24 10
40 25 54
40 27 43
40 29 6
40 30 41
40 31 14
40 32 8
40 33 30
40 34 16
40 35 46
40 37 57
40 39 12
40 40 7
40 41 47
40 42 58
40 43 11
40 44 29
40 45 18
40 46 27
40 48 19
40 49 48
40 50 40
40 51 37
40 53 51
40 54 52
40 55 23
40 56 28
40 57 4
40 58 22
40 59 2
41 0 21
41 2 10
41 3 33
41 6 58
41 8 8
41 9 23
41 11 7
41 12 17
41 15 55
41 17 6
41 18 4
41 19 28
41 20 32
41 21 1
41 22 24
41 23 43
41 24 13
41 25 38
41 26 41
41 27 52
41 28 27
41 30 49
41 31 50
41 32 39
41 33 37
41 34 40
41 35 45
41 37 29
41 38 19
41 39 53
41 40 51
41 42 30
41 43 26
41 44 15
41 45 16
41 46 2
41 47 0
41 48 56
41 49 34
41 50 20
41 54 46
41 55 12
41 56 3
41 57 9
41 59 5
42 1 6
42 2 24
42 3 58
42 4 50
42 5 16
42 6 22
42 7 55
42 8 10
42 11 9
42 12 51
42 13 29
42 14 13
42 15 56
42 17 2
42 18 39
42 19 33
42 20 31
42 22 32
42 23 34
42 25 0
42 26 14
42 27 27
42 28 3
42 29 18
42 30 52
42 32 4
42 36 5
42 38 43
42 39 23
42 40 37
42 41 44
42 43 42
42 44 45
42 45 25
42 48 36
42 49 57
42 50 47
42 51 35
42 52 28
42 54 53
42 55 15
42 57 26
42 58 8
43 0 38
43 1 2
43 2 9
43 3 27
43 4 24
43 5 0
43 6 17
43 7 59
43 8 39
43 9 52
43 10 46
43 11 11
43 13 51
43 14 22
43 15 49
43 16 50
43 19 10
43 21 36
43 22 47
43 23 44
43 25 3
43 26 1
43 27 13
43 28 23
43 29 35
43 30 32
43 31 6
43 32 5
43 33 4
43 35 57
43 36 8
43 37 58
43 38 42
43 39 31
43 40 15
43 41 12
43 42 56
43 43 18
43 45 30
43 46 33
43 47 29
43 48 43
43 49 40
43 50 25
43 52 7
43 53 45
43 54 37
43 55 19
43 57 54
43 58 16
44 0 59
44 2 46
44 3 20
44 4 13
44 5 45
44 6 24
44 8 4
44 9 21
44 10 52
44 11 30
44 12 37
44 13 28
44 14 38
44 17 8
44 18 2
44 19 39
44 20 27
44 21 0
44 22 5
44 24 18
44 27 41
44 28 25
44 29 43
44 30 51
44 32 11
44 33 15
44 35 22
44 36 14
44 37 26
44 38 54
44 39 17
44 40 16
44 41 10
44 42 48
44 44 31
44 45 1
44 47 35
44 48 49
44 49 47
44 50 36
44 51 55
44 52 42
44 54 12
44 55 56
44 56 23
44 57 29
44 58 34
45 0 9
45 1 19
45 2 16
45 3 22
45 6 37
45 7 46
45 8 40
45 9 18
45 13 49
45 15 41
45 16 14
45 17 25
45 18 33
45 19 21
45 20 55
45 21 10
45 22 23
45 23 45
45 24 57
45 25 52
45 27 51
45 28 35
45 29 20
45 30 38
45 32 36
45 33 53
45 34 4
45 35 28
45 36 7
45 37 34
45 38 50
45 39 43
45 40 27
45 41 31
45 43 15
45 46 42
45 47 8
45 49 26
45 50 1
45 51 58
45 52 44
45 54 59
45 55 32
45 56 12
45 57 13
45 58 0
45 59 11
46 0 26
46 2 43
46 3 28
46 4 41
46 5 58
46 6 6
46 8 50
46 9 48
46 11 34
46 12 2
46 13 59
46 15 20
46 16 21
46 17 37
46 19 57
46 20 46
46 21 53
46 22 27
46 23 30
46 24 0
46 25 10
46 26 42
46 27 3
46 28 54
46 29 13
46 30 39
46 31 32
46 32 14
46 33 8
46 34 33
46 35 1
46 36 40
46 37 19
46 38 12
46 39 52
46 41 16
46 42 25
46 43 31
46 44 55
46 45 29
46 46 47
46 47 38
46 48 35
46 49 7
46 50 51
46 52 4
46 54 9
46 55 36
46 57 22
46 58 44
46 59 18
47 0 39
47 1 26
47 2 35
47 3 53
47 4 11
47 5 22
47 6 48
47 7 57
47 9 12
47 10 24
47 11 10
47 12 19
47 13 31
47 14 8
47 15 4
47 16 56
47 17 46
47 18 13
47 20 15
47 22 33
47 23 50
47 24 2
47 25 16
47 26 54
47 27 36
47 28 51
47 30 6
47 31 58
47 33 21
47 34 29
47 35 23
47 36 42
47 39 32
47 40 18
47 41 30
47 42 9
47 43 20
47 44 1
47 45 38
47 46 3
47 47 34
47 48 44
47 49 27
47 50 52
47 51 43
47 52 45
47 53 55
47 54 7
47 55 5
47 56 25
47 58 40
47 59 49
48 0 44
48 1 12
48 2 48
48 4 9
48 5 46
48 6 47
48 7 39
48 8 58
48 9 41
48 10 5
48 14 52
48 15 17
48 16 38
48 17 59
48 19 2
48 20 53
48 21 57
48 23 22
48 25 14
48 27 4
48 29 3
48 31 23
48 32 29
48 35 16
48 36 1
48 37 7
48 38 20
48 39 19
48 40 40
48 41 18
48 43 30
48 44 32
48 45 21
48 46 54
48 48 0
48 49 56
48 50 35
48 51 15
48 52 26
48 53 25
48 54 8
48 55 37
48 57 42
48 58 45
48 59 13
49 0 3
49 1 11
49 2 19
49 4 28
49 8 42
49 9 8
49 10 36
49 11 33
49 12 44
49 13 53
49 14 10
49 15 40
49 17 9
49 18 41
49 20 20
49 23 47
49 25 18
49 26 49
49 28 57
49 29 54
49 30 23
49 31 34
49 32 13
49 33 38
49 34 37
49 35 27
49 36 50
49 37 2
49 39 59
49 43 22
49 44 26
49 45 51
49 46 21
49 47 32
49 48 14
49 50 17
49 51 7
49 52 24
49 54 1
49 55 25
49 56 0
49 58 12
49 59 39
50 0 45
50 1 47
50 3 31
50 4 51
50 5 29
50 7 34
50 8 5
50 9 32
50 10 38
50 11 13
50 12 28
50 13 25
50 14 0
50 15 22
50 16 39
50 17 1
50 18 36
50 19 12
50 20 59
50 21 33
50 22 46
50 25 21
50 26 23
50 27 55
50 28 18
50 29 56
50 31 49
50 32 7
50 33 2
50 34 58
50 35 52
50 36 19
50 37 4
50 39 54
50 40 8
50 41 41
50 42 20
50 43 37
50 44 27
50 45 17
50 46 50
50 47 15
50 48 10
50 49 24
50 50 48
50 51 40
50 52 16
50 53 43
50 54 26
50 55 35
50 57 53
50 58 57
50 59 42
51 0 6
51 1 44
51 2 37
51 3 40
51 4 0
51 5 13
51 6 50
51 7 19
51 8 9
51 9 14
51 10 29
51 11 49
51 12 23
51 13 26
51 15 54
51 16 22
51 17 12
51 18 31
51 19 7
51 20 5
51 21 25
51 22 4
51 23 21
51 27 24
51 28 28
51 29 34
51 30 20
51 31 10
51 32 47
51 34 17
51 36 58
51 37 45
51 38 8
51 42 35
51 43 1
51 44 16
51 45 41
51 46 56
51 47 42
51 48 33
51 49 52
51 52 51
51 53 32
51 56 18
51 57 55
51 58 43
51 59 30
52 0 55
52 1 57
52 2 45
52 3 36
52 5 8
52 6 1
52 7 11
52 8 48
52 9 24
52 11 12
52 12 40
52 14 54
52 15 5
52 16 47
52 18 15
52 19 53
52 20 39
52 21 19
52 22 0
52 23 38
52 24 7
52 25 35
52 26 3
52 27 59
52 28 41
52 29 58
52 30 13
52 31 28
52 32 46
52 34 31
52 36 51
52 37 6
52 38 32
52 39 9
52 40 42
52 41 17
52 42 10
52 43 49
52 44 25
52 45 22
52 46 4
52 48 21
52 49 23
52 50 37
52 51 29
52 52 20
52 53 52
52 54 14
52 55 26
52 56 34
52 57 2
52 58 30
52 59 56
53 0 1
53 1 48
53 2 52
53 3 13
53 4 20
53 5 59
53 6 3
53 7 18
53 8 12
53 9 44
53 10 40
53 12 58
53 13 15
53 14 21
53 15 24
53 17 53
53 18 55
53 19 38
53 20 2
53 21 47
53 22 7
53 23 37
53 24 6
53 26 16
53 27 23
53 28 43
53 29 51
53 31 57
53 32 22
53 34 14
53 36 34
53 37 27
53 38 36
53 39 0
53 40 50
53 42 41
53 44 9
53 45 54
53 46 25
53 47 39
53 48 8
53 49 45
53 50 26
53 51 5
53 52 30
53 53 19
53 54 35
53 55 29
53 56 46
53 57 17
53 58 42
54 0 43
54 1 15
54 3 5
54 4 2
54 5 27
54 6 42
54 7 25
54 8 38
54 9 50
54 10 10
54 11 44
54 12 4
54 13 23
54 14 32
54 15 26
54 16 41
54 17 35
54 19 48
54 20 30
54 21 18
54 22 12
54 23 28
54 24 34
54 25 57
54 26 29
54 28 36
54 29 22
54 30 37
54 31 17
54 32 16
54 33 59
54 35 31
54 36 21
54 37 9
54 38 33
54 39 20
54 40 24
54 41 40
54 42 0
54 43 45
54 44 3
54 45 19
54 46 11
54 47 58
54 48 13
54 49 53
54 51 51
54 52 55
54 53 39
54 54 6
54 55 47
54 56 54
54 57 1
54 58 7
55 0 20
55 1 31
55 2 38
55 3 9
55 4 18
55 5 39
55 7 37
55 9 4
55 10 32
55 11 53
55 12 49
55 14 44
55 15 2
55 16 28
55 18 12
55 19 1
55 22 25
55 23 36
55 24 54
55 25 42
55 26 26
55 27 21
55 28 8
55 29 40
55 30 59
55 31 7
55 32 58
55 33 35
55 34 34
55 35 3
55 36 48
55 39 22
55 40 47
55 41 23
55 42 11
55 46 5
55 47 43
55 48 15
55 50 13
55 51 0
55 52 27
55 55 45
55 56 30
55 58 17
55 59 24
56 0 24
56 2 12
56 3 7
56 4 49
56 5 35
56 6 29
56 9 53
56 11 23
56 12 56
56 14 46
56 15 36
56 16 8
56 17 41
56 18 34
56 20 43
56 21 3
56 22 30
56 23 40
56 24 22
56 25 37
56 26 39
56 28 48
56 29 52
56 31 38
56 32 27
56 33 51
56 34 55
56 35 44
56 38 16
56 39 4
56 40 45
56 41 28
56 42 47
56 43 10
56 44 5
56 45 26
56 46 19
56 47 21
56 49 18
56 50 54
56 51 32
56 52 9
56 53 13
56 54 11
56 55 0
56 56 17
56 58 20
56 59 31
57 0 48
57 1 24
57 2 34
57 3 44
57 5 25
57 6 11
57 7 42
57 8 53
57 9 16
57 10 26
57 11 32
57 13 1
57 15 38
57 16 30
57 17 21
57 18 7
57 19 31
57 20 3
57 21 54
57 22 37
57 23 29
57 26 18
57 27 46
57 28 47
57 29 2
57 30 57
57 31 33
57 32 6
57 33 40
57 34 13
57 35 36
57 36 9
57 38 52
57 40 28
57 41 39
57 42 59
57 43 51
57 46 22
57 47 55
57 48 45
57 49 0
57 50 10
57 51 27
57 52 50
57 53 23
57 54 5
57 55 43
57 56 20
57 57 12
57 58 58
57 59 4
58 1 9
58 2 40
58 4 39
58 5 42
58 6 0
58 7 26
58 8 54
58 9 43
58 10 44
58 11 3
58 13 32
58 14 33
58 15 8
58 16 36
58 17 58
58 18 6
58 20 13
58 21 23
58 22 21
58 24 37
58 26 12
58 27 2
58 28 30
58 29 4
58 31 31
58 32 25
58 33 1
58 34 24
58 35 20
58 37 18
58 38 59
58 39 11
58 42 7
58 43 57
58 44 38
58 45 53
58 46 10
58 50 19
58 51 46
58 52 15
58 53 27
58 54 22
58 55 52
58 56 14
58 57 48
58 58 35
59 0 52
59 2 7
59 3 32
59 4 22
59 5 37
59 6 36
59 9 54
59 10 45
59 11 6
59 12 18
59 13 0
59 14 25
59 16 13
59 17 29
59 19 17
59 20 23
59 21 39
59 22 26
59 24 15
59 25 40
59 26 58
59 28 53
59 29 38
59 30 35
59 31 2
59 32 19
59 36 59
59 37 47
59 38 41
59 40 31
59 42 50
59 43 34
59 45 42
59 46 49
59 47 27
59 48 12
59 49 55
59 50 43
59 51 56
59 52 3
59 53 48
59 55 28
59 56 10
59 57 11
59 58 14
59 59 46
