60
0 1 15
0 2 47
0 3 0
0 4 58
0 5 30
0 6 38
0 8 45
0 9 6
0 10 13
0 11 41
0 12 22
0 13 17
0 14 51
0 15 10
0 16 1
0 17 50
0 18 54
0 19 2
0 20 56
0 21 21
0 22 39
0 23 12
0 24 4
0 26 23
0 27 44
0 28 31
0 29 9
0 30 27
0 31 26
0 32 49
0 33 48
0 35 35
0 36 32
0 38 34
0 40 3
0 41 19
0 43 36
0 44 16
0 45 20
0 46 40
0 48 57
0 49 37
0 51 7
0 52 25
0 53 52
0 54 43
0 55 5
0 56 46
0 57 8
1 0 44
1 1 53
1 2 34
1 4 9
1 5 42
1 6 15
1 8 6
1 9 52
1 11 14
1 12 5
1 13 0
1 14 25
1 17 43
1 18 45
1 19 57
1 21 24
1 22 38
1 23 30
1 25 11
1 26 55
1 27 36
1 28 35
1 30 28
1 32 8
1 33 23
1 35 37
1 36 13
1 37 21
1 40 50
1 41 27
1 42 32
1 44 2
1 45 58
1 46 49
1 48 51
1 50 46
1 51 54
1 52 7
1 53 18
1 56 31
1 57 33
1 58 12
1 59 16
2 0 0
2 1 52
2 2 28
2 3 1
2 4 43
2 5 59
2 6 42
2 7 2
2 8 38
2 9 19
2 10 48
2 11 25
2 12 56
2 13 36
2 14 31
2 15 41
2 16 18
2 17 24
2 18 40
2 19 32
2 20 45
2 21 34
2 22 6
2 24 50
2 25 51
2 26 8
2 27 55
2 29 58
2 31 53
2 32 7
2 33 44
2 34 29
2 35 5
2 37 54
2 38 16
2 39 37
2 41 30
2 43 4
2 44 49
2 45 39
2 46 26
2 47 15
2 48 46
2 49 23
2 50 9
2 52 35
2 53 21
2 54 17
2 55 3
2 56 13
2 58 10
2 59 27
3 1 57
3 2 42
3 4 53
3 5 36
3 7 37
3 8 10
3 9 21
3 10 12
3 12 41
3 14 6
3 15 56
3 17 7
3 19 14
3 22 47
3 23 4
3 24 34
3 26 49
3 27 50
3 28 16
3 29 11
3 30 15
3 31 1
3 32 30
3 33 51
3 34 44
3 36 46
3 37 20
3 38 24
3 39 13
3 40 45
3 41 0
3 42 40
3 43 8
3 44 31
3 46 19
3 47 5
3 48 43
3 50 2
3 51 33
3 52 23
3 53 29
3 54 54
3 57 28
3 58 55
3 59 26
4 0 40
4 1 44
4 2 36
4 3 14
4 4 10
4 5 22
4 6 16
4 7 58
4 8 31
4 10 0
4 12 38
4 13 1
4 14 28
4 15 8
4 16 12
4 17 57
4 18 43
4 19 20
4 20 35
4 21 5
4 22 53
4 25 15
4 26 54
4 27 39
4 28 34
4 30 33
4 31 37
4 32 11
4 33 32
4 35 13
4 36 9
4 37 17
4 38 46
4 41 59
4 42 56
4 44 4
4 46 7
4 47 19
4 48 25
4 50 29
4 53 47
4 54 45
4 55 24
4 57 3
4 58 23
4 59 49
5 1 51
5 2 56
5 4 41
5 5 14
5 6 34
5 7 21
5 8 37
5 9 57
5 10 15
5 11 35
5 16 48
5 17 19
5 18 55
5 20 2
5 21 44
5 22 13
5 23 8
5 24 30
5 25 59
5 26 50
5 28 28
5 30 5
5 32 38
5 33 7
5 34 10
5 37 40
5 39 43
5 40 22
5 41 47
5 42 16
5 43 12
5 44 17
5 45 6
5 46 9
5 48 18
5 49 36
5 50 58
5 51 42
5 52 46
5 53 39
5 54 52
5 55 1
5 58 45
5 59 31
6 0 25
6 1 47
6 2 22
6 3 33
6 6 19
6 7 12
6 8 14
6 9 40
6 10 1
6 14 17
6 15 57
6 16 16
6 18 21
6 19 48
6 20 23
6 21 52
6 22 43
6 23 36
6 24 9
6 26 5
6 28 3
6 30 4
6 31 27
6 32 37
6 33 55
6 34 49
6 35 59
6 36 39
6 37 30
6 39 35
6 40 32
6 41 34
6 42 51
6 43 7
6 44 28
6 45 31
6 46 50
6 47 26
6 48 10
6 50 54
6 51 18
6 52 56
6 53 24
6 55 13
6 56 38
6 57 44
6 58 58
6 59 2
7 0 1
7 1 45
7 2 46
7 3 41
7 4 28
7 5 12
7 6 39
7 7 42
7 8 50
7 9 11
7 10 18
7 11 53
7 12 20
7 13 47
7 14 2
7 15 24
7 16 36
7 18 59
7 19 21
7 21 49
7 22 22
7 23 32
7 24 27
7 25 16
7 27 48
7 28 56
7 29 44
7 30 52
7 31 38
7 32 57
7 33 13
7 34 25
7 35 31
7 36 19
7 40 29
7 41 14
7 42 58
7 43 37
7 44 51
7 45 7
7 46 0
7 48 34
7 49 17
7 50 43
7 51 15
7 52 10
7 54 3
7 55 8
7 56 54
7 58 35
7 59 9
8 1 6
8 2 41
8 3 19
8 4 32
8 5 46
8 7 59
8 8 30
8 9 9
8 10 44
8 11 18
8 12 43
8 13 48
8 14 1
8 15 47
8 16 4
8 17 39
8 18 7
8 19 34
8 20 12
8 21 53
8 22 10
8 23 13
8 24 28
8 25 8
8 26 29
8 27 25
8 28 27
8 29 50
8 30 56
8 31 42
8 32 23
8 33 11
8 34 22
8 35 49
8 37 15
8 38 38
8 39 31
8 40 14
8 41 45
8 42 52
8 43 51
8 44 0
8 46 3
8 47 37
8 48 2
8 49 21
8 50 33
8 51 58
8 52 26
8 53 57
8 54 5
8 55 36
8 56 35
8 57 24
8 58 16
8 59 20
9 0 16
9 1 41
9 2 49
9 4 1
9 5 2
9 6 9
9 7 17
9 8 46
9 10 37
9 11 6
9 12 50
9 13 35
9 14 52
9 15 33
9 17 42
9 18 23
9 19 24
9 20 3
9 21 15
9 22 32
9 24 12
9 25 22
9 27 40
9 28 53
9 29 28
9 31 18
9 32 5
9 33 47
9 34 45
9 35 26
9 36 38
9 37 51
9 39 11
9 40 4
9 41 44
9 42 25
9 43 30
9 45 29
9 46 27
9 47 39
9 48 20
9 49 7
9 50 55
9 51 8
9 52 21
9 53 48
9 54 56
9 55 19
9 56 14
9 58 0
9 59 36
10 0 19
10 1 58
10 3 36
10 4 6
10 6 7
10 7 38
10 9 27
10 10 52
10 12 28
10 13 14
10 14 30
10 15 32
10 16 37
10 17 25
10 18 46
10 19 16
10 21 33
10 22 23
10 23 50
10 24 55
10 25 45
10 26 31
10 27 0
10 28 57
10 29 48
10 30 9
10 31 34
10 32 1
10 33 4
10 34 56
10 35 3
10 37 2
10 38 59
10 39 41
10 40 5
10 41 42
10 42 18
10 43 10
10 45 17
10 48 21
10 49 47
10 50 51
10 51 26
10 52 20
10 53 40
10 54 12
10 56 53
10 57 15
10 58 29
11 0 34
11 1 2
11 3 42
11 4 23
11 5 27
11 6 52
11 7 35
11 8 57
11 10 41
11 11 0
11 13 15
11 14 8
11 16 6
11 18 11
11 19 26
11 20 16
11 21 29
11 22 40
11 23 24
11 24 59
11 25 1
11 26 3
11 27 51
11 28 25
11 29 36
11 31 58
11 32 39
11 33 17
11 34 48
11 35 38
11 36 10
11 37 4
11 38 56
11 39 20
11 41 13
11 42 37
11 45 55
11 46 21
11 49 44
11 50 28
11 53 43
11 54 18
11 55 22
11 56 49
11 57 47
12 1 12
12 2 54
12 3 15
12 4 46
12 6 41
12 7 20
12 8 51
12 9 31
12 10 11
12 11 33
12 12 52
12 13 32
12 14 27
12 15 38
12 16 56
12 17 30
12 18 14
12 20 50
12 21 39
12 22 45
12 25 53
12 27 43
12 29 23
12 30 26
12 32 48
12 33 29
12 35 4
12 38 6
12 39 7
12 44 3
12 45 59
12 46 47
12 47 49
12 48 24
12 49 22
12 50 1
12 51 35
12 52 57
12 53 25
12 55 10
12 56 34
12 57 17
12 58 8
12 59 0
13 0 39
13 1 38
13 2 53
13 3 29
13 4 11
13 5 37
13 6 48
13 9 0
13 10 51
13 11 26
13 12 23
13 13 22
13 14 18
13 15 49
13 16 55
13 18 34
13 19 54
13 21 9
13 22 36
13 24 44
13 25 4
13 26 58
13 28 15
13 29 21
13 31 25
13 32 10
13 33 14
13 34 17
13 36 27
13 37 24
13 38 52
13 39 40
13 40 20
13 42 30
13 43 31
13 44 6
13 45 35
13 46 12
13 47 47
13 49 28
13 50 42
13 52 43
13 53 32
13 54 7
13 55 46
13 56 33
13 57 57
13 59 45
14 0 18
14 1 30
14 3 28
14 4 15
14 5 53
14 6 31
14 7 50
14 10 33
14 11 32
14 14 44
14 16 46
14 17 26
14 18 51
14 19 10
14 21 59
14 22 58
14 24 41
14 25 37
14 26 11
14 27 12
14 28 36
14 29 38
14 30 57
14 31 17
14 32 40
14 33 24
14 34 27
14 35 2
14 36 48
14 37 0
14 39 4
14 40 7
14 42 42
14 43 6
14 44 55
14 46 1
14 47 52
14 48 8
14 50 14
14 51 25
14 53 49
14 54 34
14 55 29
14 56 5
14 57 16
14 58 47
14 59 21
15 0 10
15 1 1
15 3 35
15 4 31
15 5 54
15 6 33
15 7 56
15 8 3
15 10 19
15 11 13
15 12 40
15 13 45
15 15 12
15 16 50
15 17 53
15 18 32
15 19 59
15 20 11
15 21 36
15 22 16
15 23 2
15 24 43
15 25 57
15 26 51
15 27 15
15 28 47
15 29 24
15 31 20
15 32 28
15 34 23
15 37 5
15 38 8
15 39 58
15 40 9
15 41 26
15 42 21
15 43 38
15 45 4
15 46 37
15 48 41
15 49 42
15 50 52
15 51 55
15 52 49
15 53 22
15 54 46
15 55 6
15 56 27
15 58 30
15 59 7
16 0 4
16 2 38
16 3 13
16 4 59
16 6 23
16 7 14
16 8 35
16 9 3
16 10 2
16 11 27
16 13 43
16 14 22
16 15 19
16 17 1
16 18 31
16 19 41
16 22 44
16 23 52
16 25 0
16 26 57
16 27 17
16 28 45
16 29 33
16 30 58
16 31 47
16 32 18
16 33 30
16 34 9
16 35 15
16 36 28
16 37 53
16 38 5
16 39 49
16 40 10
16 43 34
16 44 42
16 45 36
16 46 46
16 47 25
16 48 29
16 49 39
16 50 20
16 51 21
16 52 11
16 53 16
16 54 32
16 55 50
16 56 7
16 57 56
16 58 6
16 59 55
17 0 51
17 1 59
17 2 12
17 3 17
17 4 56
17 5 4
17 6 44
17 7 9
17 8 48
17 9 7
17 10 36
17 11 16
17 12 2
17 13 28
17 14 20
17 16 40
17 17 10
17 18 15
17 19 22
17 20 49
17 21 38
17 22 29
17 23 45
17 24 26
17 25 19
17 27 23
17 28 58
17 29 57
17 30 54
17 31 24
17 33 46
17 34 6
17 35 32
17 36 1
17 37 43
17 38 50
17 40 21
17 41 41
17 43 27
17 44 53
17 45 33
17 46 52
17 48 5
17 50 0
17 51 30
17 52 39
17 54 47
17 55 31
17 56 18
17 57 34
18 0 50
18 1 33
18 2 18
18 3 48
18 4 35
18 5 21
18 6 4
18 7 36
18 9 16
18 10 34
18 11 11
18 13 38
18 14 10
18 15 27
18 16 42
18 18 49
18 19 30
18 20 54
18 21 31
18 23 51
18 24 29
18 25 56
18 26 17
18 28 40
18 29 12
18 30 2
18 31 7
18 32 22
18 33 52
18 34 39
18 35 25
18 36 8
18 37 37
18 39 57
18 40 41
18 41 15
18 42 47
18 44 44
18 45 32
18 46 53
18 47 58
18 48 19
18 49 6
18 51 43
18 52 0
18 53 59
18 54 24
18 55 14
18 56 20
18 57 46
18 58 13
19 0 57
19 1 26
19 2 52
19 3 16
19 4 30
19 5 49
19 6 5
19 8 20
19 9 2
19 10 47
19 12 18
19 13 23
19 15 15
19 16 58
19 17 12
19 18 10
19 19 3
19 20 44
19 21 7
19 23 43
19 24 24
19 25 42
19 29 14
19 30 25
19 31 55
19 32 19
19 34 50
19 36 31
19 37 46
19 38 17
19 39 33
19 41 22
19 43 13
19 44 45
19 45 27
19 46 48
19 47 35
19 48 38
19 50 4
19 52 1
19 54 29
19 56 21
19 58 53
20 0 15
20 1 48
20 3 25
20 4 55
20 5 10
20 6 51
20 8 39
20 9 32
20 10 16
20 13 2
20 14 47
20 15 34
20 17 22
20 19 28
20 21 18
20 24 54
20 25 52
20 26 0
20 27 41
20 28 7
20 29 4
20 30 8
20 32 50
20 33 3
20 34 21
20 35 57
20 36 42
20 37 49
20 38 27
20 39 44
20 42 24
20 43 11
20 44 12
20 45 14
20 48 59
20 49 5
20 50 31
20 51 17
20 52 9
20 54 26
20 55 53
20 56 58
20 57 37
20 58 40
21 0 33
21 1 31
21 3 10
21 4 27
21 5 11
21 6 59
21 7 34
21 8 17
21 9 22
21 10 54
21 12 4
21 13 18
21 14 21
21 15 40
21 16 51
21 17 46
21 18 12
21 20 32
21 21 19
21 24 53
21 25 36
21 27 16
21 28 48
21 29 25
21 31 45
21 32 47
21 33 42
21 35 24
21 36 2
21 37 35
21 38 37
21 39 50
21 40 58
21 41 49
21 42 39
21 43 15
21 44 9
21 45 57
21 46 29
21 47 6
21 48 55
21 50 5
21 51 23
21 53 0
21 54 30
21 55 41
21 56 52
21 57 7
21 58 1
22 0 47
22 1 25
22 2 8
22 3 31
22 4 49
22 6 13
22 7 3
22 10 59
22 11 1
22 12 24
22 13 29
22 15 54
22 16 43
22 17 4
22 18 26
22 19 38
22 20 21
22 21 6
22 22 20
22 23 53
22 25 50
22 26 35
22 27 2
22 29 39
22 32 34
22 33 12
22 34 55
22 35 14
22 37 42
22 38 32
22 39 9
22 40 18
22 42 15
22 43 57
22 44 23
22 45 28
22 47 48
22 48 7
22 49 11
22 50 40
22 51 0
22 52 33
22 53 58
22 55 56
22 56 41
22 57 36
22 59 17
23 0 21
23 1 29
23 2 58
23 3 40
23 5 24
23 6 43
23 7 31
23 8 33
23 11 39
23 12 7
23 13 4
23 14 59
23 16 17
23 17 27
23 18 44
23 20 0
23 21 26
23 23 10
23 24 13
23 25 41
23 26 30
23 27 37
23 28 6
23 29 3
23 31 48
23 32 32
23 33 19
23 34 42
23 35 11
23 36 20
23 37 23
23 38 18
23 41 9
23 42 14
23 43 35
23 45 52
23 46 34
23 48 54
23 49 51
23 50 12
23 51 1
23 52 2
23 53 36
23 55 45
23 56 16
23 57 5
23 58 49
23 59 8
24 0 35
24 1 22
24 2 45
24 5 58
24 6 32
24 7 33
24 8 12
24 10 38
24 13 49
24 14 42
24 15 21
24 16 54
24 17 15
24 18 18
24 19 55
24 20 5
24 21 43
24 22 56
24 23 6
24 24 23
24 25 17
24 26 48
24 28 9
24 30 3
24 31 51
24 32 44
24 33 2
24 35 20
24 36 37
24 37 16
24 38 14
24 39 27
24 41 29
24 42 41
24 43 24
24 44 52
24 45 34
24 46 4
24 47 59
24 48 40
24 50 26
24 51 13
24 52 47
24 53 28
24 54 53
24 55 7
24 56 1
24 57 50
24 58 46
24 59 39
25 0 13
25 1 14
25 3 59
25 4 57
25 5 56
25 6 55
25 7 28
25 8 49
25 9 26
25 10 31
25 12 45
25 13 24
25 14 37
25 16 41
25 17 32
25 18 3
25 19 53
25 20 15
25 21 12
25 24 7
25 25 9
25 26 34
25 27 10
25 28 18
25 29 0
25 31 33
25 32 42
25 33 58
25 34 30
25 35 36
25 37 1
25 38 11
25 39 51
25 40 44
25 42 4
25 43 22
25 44 35
25 45 21
25 46 17
25 47 43
25 48 39
25 49 46
25 50 27
25 51 20
25 52 54
25 53 19
25 54 40
25 55 48
25 58 2
25 59 29
26 1 7
26 3 23
26 4 39
26 5 0
26 6 58
26 7 10
26 8 21
26 10 6
26 11 12
26 12 33
26 14 41
26 15 5
26 16 52
26 18 36
26 19 8
26 21 50
26 22 35
26 25 54
26 26 53
26 27 20
26 28 24
26 29 55
26 30 13
26 31 15
26 33 28
26 34 57
26 35 16
26 37 3
26 40 30
26 42 1
26 43 19
26 45 48
26 46 2
26 47 32
26 49 49
26 50 25
26 51 11
26 54 9
26 55 17
26 56 44
26 57 40
26 59 59
27 0 52
27 1 17
27 2 40
27 3 22
27 4 44
27 5 47
27 6 57
27 7 7
27 8 53
27 10 20
27 11 49
27 12 15
27 13 10
27 14 12
27 15 51
27 16 0
27 17 16
27 18 19
27 19 18
27 22 4
27 23 33
27 24 8
27 25 58
27 26 14
27 27 24
27 28 21
27 30 36
27 31 2
27 32 9
27 33 39
27 34 11
27 35 43
27 36 56
27 37 25
27 38 26
27 39 23
27 40 31
27 42 38
27 44 29
27 46 32
27 47 34
27 48 27
27 49 35
27 50 50
27 51 3
27 52 37
27 53 41
27 54 48
27 56 45
28 0 7
28 1 21
28 7 19
28 9 20
28 10 5
28 11 40
28 12 59
28 13 6
28 14 24
28 15 28
28 16 8
28 17 0
28 18 35
28 19 4
28 20 13
28 21 1
28 22 15
28 23 42
28 25 2
28 26 43
28 28 39
28 29 30
28 30 18
28 32 17
28 33 26
28 34 31
28 36 25
28 37 38
28 38 48
28 40 49
28 41 11
28 42 27
28 43 54
28 44 22
28 45 45
28 46 44
28 47 51
28 48 56
28 49 12
28 51 16
28 52 52
28 53 55
28 54 33
28 55 57
28 56 37
28 59 23
29 0 53
29 1 42
29 3 6
29 4 24
29 5 44
29 10 39
29 11 22
29 12 12
29 13 41
29 15 37
29 17 59
29 18 20
29 19 46
29 20 25
29 21 14
29 22 1
29 23 28
29 24 31
29 25 10
29 26 40
29 27 8
29 28 51
29 29 35
29 30 17
29 31 52
29 34 47
29 35 29
29 36 7
29 38 49
29 39 5
29 40 36
29 41 56
29 42 34
29 43 55
29 44 54
29 46 15
29 47 16
29 48 9
29 49 45
29 50 23
29 52 58
29 54 57
29 55 11
29 56 43
29 57 48
29 58 32
29 59 13
30 0 46
30 2 48
30 3 49
30 4 18
30 6 53
30 7 8
30 8 19
30 9 36
30 10 24
30 11 10
30 12 42
30 14 32
30 15 14
30 16 25
30 17 13
30 18 1
30 19 12
30 20 55
30 22 30
30 23 7
30 24 56
30 25 33
30 26 22
30 27 31
30 28 41
30 29 45
30 30 43
30 31 23
30 32 16
30 33 6
30 34 4
30 35 27
30 36 59
30 37 47
30 38 28
30 40 11
30 41 38
30 42 50
30 43 21
30 44 58
30 45 9
30 46 54
30 48 17
30 49 57
30 50 39
30 52 51
30 53 20
30 54 15
30 55 37
30 56 2
30 59 34
31 0 45
31 1 50
31 2 9
31 3 11
31 4 21
31 5 35
31 6 36
31 7 16
31 9 24
31 10 29
31 11 54
31 12 13
31 13 52
31 14 26
31 16 47
31 17 31
31 18 56
31 19 5
31 20 7
31 22 12
31 23 3
31 24 38
31 25 18
31 27 58
31 28 30
31 29 17
31 30 20
31 31 39
31 32 25
31 33 33
31 35 41
31 38 53
31 39 32
31 40 19
31 41 23
31 42 28
31 43 0
31 44 48
31 45 51
31 49 40
31 50 49
31 51 46
31 52 42
31 53 15
31 54 4
31 55 55
31 56 8
31 58 34
31 59 1
32 0 23
32 1 35
32 2 7
32 3 2
32 4 37
32 5 17
32 6 54
32 7 0
32 8 59
32 9 30
32 10 40
32 12 9
32 13 20
32 14 50
32 15 39
32 16 38
32 18 47
32 19 19
32 21 16
32 22 31
32 23 22
32 24 57
32 25 26
32 26 25
32 27 6
32 28 49
32 29 32
32 30 45
32 31 44
32 32 58
32 33 36
32 34 12
32 35 46
32 36 5
32 37 41
32 38 4
32 39 53
32 42 3
32 44 56
32 45 15
32 46 51
32 47 33
32 48 13
32 52 29
32 53 8
32 54 14
32 55 34
32 56 28
32 58 11
32 59 52
33 0 5
33 2 59
33 4 40
33 5 3
33 6 20
33 7 43
33 8 22
33 11 57
33 13 30
33 14 49
33 15 26
33 16 7
33 17 18
33 18 39
33 19 6
33 20 38
33 22 2
33 23 27
33 24 36
33 25 25
33 26 9
33 27 45
33 28 32
33 29 47
33 30 50
33 31 14
33 33 8
33 34 1
33 35 51
33 36 16
33 37 29
33 38 41
33 39 0
33 40 15
33 41 48
33 42 46
33 43 52
33 44 19
33 45 12
33 46 56
33 48 11
33 49 58
33 50 37
33 51 24
33 52 31
33 53 53
33 54 13
33 55 23
33 57 21
33 58 17
33 59 4
34 0 32
34 1 43
34 2 33
34 3 20
34 4 16
34 5 13
34 10 17
34 11 58
34 12 29
34 14 38
34 15 36
34 16 28
34 17 49
34 18 37
34 21 46
34 22 7
34 23 47
34 24 14
34 25 48
34 26 10
34 27 35
34 28 54
34 29 34
34 30 51
34 31 0
34 32 59
34 33 22
34 35 30
34 36 18
34 37 50
34 38 44
34 39 8
34 40 23
34 41 53
34 42 2
34 43 39
34 45 5
34 46 6
34 47 45
34 48 3
34 49 9
34 50 11
34 51 12
34 52 24
34 53 56
34 54 27
34 55 52
34 56 19
34 57 1
34 58 57
35 1 36
35 3 46
35 4 47
35 5 9
35 8 11
35 9 34
35 10 45
35 11 50
35 12 16
35 13 8
35 14 15
35 15 17
35 16 5
35 17 33
35 18 22
35 19 23
35 20 30
35 21 20
35 22 14
35 23 39
35 24 3
35 25 13
35 27 27
35 28 42
35 29 6
35 30 19
35 31 49
35 32 24
35 33 37
35 36 53
35 37 7
35 38 54
35 39 18
35 40 51
35 41 31
35 42 10
35 44 59
35 45 26
35 46 25
35 47 4
35 48 48
35 49 41
35 50 57
35 52 28
35 53 2
35 54 58
35 55 21
35 56 29
35 58 56
36 0 31
36 1 20
36 3 56
36 4 52
36 6 11
36 7 25
36 8 29
36 10 9
36 11 23
36 13 40
36 14 5
36 15 35
36 16 14
36 17 54
36 19 7
36 20 41
36 21 32
36 22 51
36 23 57
36 24 17
36 26 21
36 27 33
36 28 4
36 29 13
36 30 55
36 31 50
36 32 0
36 33 53
36 34 3
36 35 19
36 36 34
36 38 2
36 39 16
36 41 36
36 42 8
36 43 46
36 44 18
36 45 10
36 46 38
36 48 58
36 49 26
36 50 6
36 51 45
36 52 59
36 55 27
36 57 39
36 58 43
37 0 20
37 1 3
37 2 2
37 3 44
37 4 12
37 5 25
37 7 27
37 8 18
37 9 58
37 10 57
37 11 21
37 12 53
37 13 42
37 16 19
37 17 48
37 18 52
37 19 35
37 20 14
37 22 37
37 24 15
37 27 59
37 28 26
37 29 7
37 30 41
37 31 11
37 34 8
37 36 29
37 37 34
37 39 55
37 40 24
37 41 50
37 42 23
37 43 45
37 44 5
37 45 49
37 47 13
37 51 10
37 52 38
37 53 17
37 54 16
37 56 36
37 57 32
37 59 46
38 0 28
38 1 23
38 2 37
38 3 12
38 4 54
38 5 39
38 6 35
38 7 4
38 8 44
38 9 18
38 10 58
38 11 43
38 12 17
38 13 9
38 14 45
38 15 30
38 16 59
38 18 41
38 19 51
38 22 24
38 23 11
38 24 2
38 25 14
38 28 10
38 29 26
38 30 47
38 31 40
38 32 31
38 33 0
38 34 34
38 35 21
38 36 57
38 37 13
38 39 56
38 40 52
38 41 25
38 42 36
38 43 53
38 44 1
38 45 50
38 46 5
38 47 46
38 48 15
38 49 16
38 50 8
38 51 49
38 53 33
38 55 42
38 56 48
38 57 29
38 58 20
38 59 32
39 1 28
39 2 19
39 3 57
39 4 14
39 6 24
39 7 55
39 8 4
39 9 29
39 10 30
39 12 32
39 13 53
39 14 46
39 16 49
39 17 52
39 18 9
39 20 43
39 21 48
39 22 54
39 23 0
39 25 39
39 28 22
39 29 15
39 30 10
39 32 45
39 33 34
39 34 16
39 35 23
39 37 27
39 38 51
39 39 1
39 40 17
39 41 8
39 42 31
39 44 26
39 45 37
39 46 58
39 47 20
39 48 6
39 49 25
39 50 13
39 51 47
39 52 40
39 54 41
39 55 44
39 56 56
39 57 42
39 58 38
39 59 50
40 0 41
40 1 39
40 2 44
40 3 55
40 5 52
40 6 50
40 7 26
40 8 5
40 11 3
40 12 10
40 13 33
40 14 43
40 15 1
40 16 45
40 17 29
40 18 28
40 20 51
40 23 16
40 24 46
40 25 21
40 26 59
40 28 14
40 29 40
40 30 31
40 31 13
40 32 2
40 33 9
40 34 20
40 36 12
40 37 18
40 39 48
40 40 27
40 41 17
40 42 22
40 43 56
40 45 47
40 46 24
40 48 53
40 50 36
40 51 37
40 53 23
40 54 11
40 55 0
40 56 30
40 57 38
41 0 11
41 1 19
41 2 21
41 3 45
41 4 50
41 5 8
41 6 30
41 8 42
41 9 56
41 10 10
41 11 4
41 12 1
41 14 48
41 15 31
41 18 13
41 19 39
41 20 52
41 21 23
41 22 41
41 23 17
41 24 40
41 25 28
41 26 20
41 27 46
41 28 43
41 29 29
41 30 35
41 33 54
41 34 5
41 35 44
41 36 14
41 37 33
41 38 22
41 42 59
41 43 25
41 45 18
41 46 55
41 47 9
41 49 53
41 50 34
41 52 32
41 53 7
41 54 2
41 56 15
41 57 51
41 58 3
42 0 9
42 1 34
42 4 42
42 6 46
42 7 29
42 9 23
42 10 49
42 11 47
42 12 14
42 13 54
42 14 7
42 15 20
42 16 10
42 17 2
42 18 4
42 19 0
42 20 6
42 21 13
42 23 55
42 25 5
42 27 38
42 28 19
42 29 37
42 30 21
42 31 57
42 32 27
42 33 31
42 34 41
42 35 22
42 36 40
42 37 58
42 38 36
42 39 15
42 40 1
42 41 43
42 42 26
42 43 3
42 44 33
42 47 12
42 50 30
42 51 39
42 52 44
42 53 11
42 54 35
42 57 53
42 58 28
42 59 48
43 0 14
43 2 31
43 3 4
43 4 17
43 5 34
43 7 52
43 8 8
43 9 59
43 10 46
43 11 36
43 12 25
43 14 55
43 16 23
43 17 9
43 18 33
43 19 29
43 20 37
43 23 49
43 25 35
43 26 32
43 28 11
43 29 56
43 31 3
43 32 53
43 33 43
43 34 58
43 36 6
43 37 10
43 38 15
43 39 22
43 41 1
43 42 0
43 43 20
43 44 13
43 45 54
43 46 41
43 47 38
43 48 26
43 49 2
43 52 27
43 53 30
43 54 21
43 55 16
43 56 50
43 57 45
43 58 18
43 59 28
44 1 13
44 2 23
44 3 51
44 6 45
44 7 24
44 9 15
44 10 22
44 11 17
44 12 36
44 13 27
44 14 4
44 15 0
44 16 29
44 17 40
44 18 42
44 19 25
44 20 26
44 21 41
44 23 46
44 24 20
44 25 32
44 26 38
44 27 11
44 28 59
44 29 1
44 30 49
44 31 8
44 32 56
44 33 57
44 34 43
44 35 34
44 38 55
44 39 10
44 41 39
44 42 48
44 43 50
44 44 47
44 47 30
44 48 44
44 49 18
44 50 7
44 51 52
44 52 5
44 53 35
44 54 19
44 55 2
44 56 3
44 58 54
44 59 53
45 0 48
45 1 37
45 4 45
45 5 57
45 6 28
45 7 15
45 9 54
45 10 7
45 11 34
45 12 51
45 13 50
45 14 33
45 15 13
45 17 56
45 18 58
45 20 53
45 21 17
45 22 11
45 23 40
45 24 25
45 25 30
45 27 4
45 28 23
45 29 19
45 30 32
45 31 10
45 32 41
45 33 35
45 34 46
45 35 9
45 36 0
45 37 8
45 38 31
45 39 42
45 40 59
45 42 49
45 43 14
45 45 38
45 46 36
45 48 47
45 49 1
45 50 21
45 52 16
45 53 5
45 54 20
45 55 12
45 56 55
45 57 2
45 58 26
45 59 44
46 0 26
46 2 20
46 5 38
46 6 29
46 7 57
46 9 42
46 10 35
46 11 30
46 12 8
46 13 13
46 15 46
46 16 11
46 17 14
46 18 2
46 19 47
46 20 28
46 21 4
46 23 37
46 24 19
46 25 44
46 26 15
46 28 55
46 29 10
46 30 1
46 31 31
46 33 50
46 34 7
46 37 48
46 38 39
46 40 16
46 41 5
46 42 33
46 43 58
46 44 24
46 45 3
46 46 22
46 47 40
46 48 52
46 50 17
46 51 51
46 52 53
46 53 12
46 54 36
46 55 59
46 56 6
46 57 27
46 58 25
47 0 27
47 1 0
47 5 40
47 6 6
47 7 46
47 8 54
47 9 35
47 11 42
47 12 58
47 13 19
47 14 11
47 15 48
47 16 31
47 17 47
47 18 16
47 19 17
47 20 9
47 21 3
47 22 50
47 23 15
47 24 5
47 25 43
47 26 37
47 27 22
47 28 44
47 29 18
47 30 23
47 31 28
47 32 14
47 33 41
47 35 55
47 37 39
47 38 7
47 39 12
47 41 52
47 42 45
47 43 29
47 45 24
47 46 20
47 48 1
47 49 34
47 51 53
47 52 36
47 54 8
47 56 4
47 57 59
47 58 33
47 59 56
48 0 8
48 1 4
48 2 10
48 3 52
48 4 2
48 6 27
48 7 45
48 8 47
48 9 39
48 10 50
48 11 37
48 12 57
48 13 26
48 14 34
48 15 9
48 16 15
48 17 11
48 18 30
48 19 42
48 20 1
48 21 25
48 23 56
48 24 49
48 25 40
48 26 46
48 27 14
48 29 22
48 31 16
48 32 3
48 33 18
48 34 53
48 36 51
48 37 44
48 38 43
48 39 6
48 40 13
48 41 58
48 43 17
48 44 36
48 47 21
48 48 28
48 49 55
48 50 59
48 51 5
48 52 41
48 53 31
48 54 38
48 56 24
48 58 48
49 0 30
49 1 5
49 3 43
49 4 3
49 5 6
49 6 2
49 7 51
49 9 28
49 10 4
49 11 31
49 12 34
49 13 12
49 16 33
49 20 22
49 24 1
49 25 47
49 26 45
49 27 49
49 28 38
49 29 52
49 30 11
49 31 21
49 32 46
49 33 16
49 37 14
49 38 0
49 40 39
49 41 32
49 42 13
49 44 8
49 45 53
49 47 10
49 48 23
49 49 24
49 50 15
49 51 40
49 52 48
49 53 26
49 54 42
49 56 57
49 58 27
50 0 17
50 1 55
50 2 27
50 5 48
50 6 37
50 7 5
50 8 2
50 9 44
50 10 21
50 11 20
50 12 54
50 13 31
50 16 24
50 18 57
50 19 40
50 20 47
50 21 30
50 23 41
50 24 52
50 25 7
50 26 16
50 27 34
50 28 29
50 29 51
50 30 39
50 31 56
50 32 6
50 35 42
50 36 36
50 37 11
50 38 58
50 39 26
50 40 35
50 41 46
50 43 59
50 44 32
50 46 33
50 48 0
50 50 10
50 51 4
50 52 22
50 53 14
50 54 23
50 55 15
50 56 12
50 57 49
50 58 9
50 59 3
51 0 6
51 1 46
51 2 5
51 3 53
51 4 19
51 5 55
51 6 22
51 7 54
51 9 1
51 12 48
51 13 59
51 14 23
51 15 29
51 16 13
51 17 37
51 18 50
51 20 57
51 21 10
51 24 35
51 25 27
51 26 56
51 28 33
51 29 49
51 30 40
51 31 30
51 34 0
51 36 3
51 37 45
51 38 21
51 40 2
51 41 7
51 42 12
51 43 28
51 44 25
51 45 11
51 46 43
51 47 41
51 48 16
51 49 31
51 50 47
51 52 8
51 54 39
51 56 9
51 57 26
51 58 14
52 0 38
52 3 37
52 4 48
52 5 31
52 7 49
52 8 41
52 10 42
52 12 19
52 13 25
52 14 58
52 15 6
52 16 57
52 17 35
52 18 0
52 20 29
52 21 51
52 23 26
52 24 10
52 25 23
52 27 7
52 29 43
52 30 24
52 32 52
52 33 40
52 34 14
52 35 47
52 36 15
52 39 54
52 41 21
52 42 53
52 43 16
52 44 27
52 45 13
52 46 39
52 47 44
52 50 3
52 51 28
52 52 30
52 53 34
52 54 1
52 55 9
52 56 59
52 57 22
52 58 5
53 0 12
53 1 27
53 2 26
53 3 58
53 4 4
53 5 45
53 6 0
53 7 39
53 8 32
53 9 47
53 11 7
53 12 49
53 14 19
53 15 53
53 16 30
53 17 51
53 18 17
53 19 13
53 20 46
53 21 8
53 22 34
53 23 1
53 24 16
53 25 24
53 26 33
53 27 28
53 28 5
53 29 2
53 30 29
53 31 36
53 32 15
53 33 59
53 34 52
53 37 31
53 38 10
53 39 25
53 40 38
53 41 3
53 43 42
53 44 40
53 45 44
53 46 18
53 47 57
53 48 35
53 49 43
53 50 48
53 51 6
53 52 14
53 53 54
53 54 37
53 55 20
53 56 11
53 57 9
53 58 50
54 0 24
54 1 56
54 2 3
54 3 32
54 4 7
54 5 19
54 6 14
54 8 40
54 9 50
54 10 53
54 12 26
54 13 44
54 14 35
54 16 9
54 17 23
54 19 11
54 20 31
54 21 2
54 22 55
54 23 38
54 24 21
54 25 34
54 26 18
54 27 47
54 28 8
54 29 41
54 30 30
54 32 29
54 33 5
54 34 37
54 35 12
54 37 52
54 38 25
54 39 39
54 41 28
54 42 17
54 43 49
54 45 42
54 46 10
54 47 36
54 49 33
54 50 16
54 51 27
54 52 4
54 54 51
54 55 58
54 56 0
54 58 15
54 59 57
55 0 43
55 1 9
55 2 13
55 3 38
55 4 29
55 5 23
55 6 49
55 7 32
55 8 16
55 9 41
55 11 46
55 12 27
55 14 14
55 15 58
55 16 44
55 18 53
55 19 36
55 20 17
55 21 11
55 22 19
55 23 18
55 24 0
55 26 2
55 27 30
55 28 1
55 29 8
55 30 34
55 31 5
55 32 20
55 33 21
55 34 15
55 35 40
55 36 26
55 37 22
55 38 47
55 39 45
55 40 54
55 43 48
55 44 7
55 45 56
55 46 57
55 47 42
55 48 33
55 50 35
55 51 31
55 52 55
55 53 50
55 55 51
55 56 39
55 58 24
55 59 12
56 0 2
56 1 11
56 4 38
56 5 33
56 6 10
56 7 6
56 8 55
56 9 14
56 10 27
56 11 48
56 12 47
56 13 39
56 14 29
56 15 16
56 17 20
56 18 8
56 19 44
56 21 45
56 22 52
56 23 59
56 24 58
56 26 1
56 30 7
56 31 32
56 32 21
56 34 40
56 35 50
56 36 17
56 37 57
56 38 23
56 39 46
56 41 51
56 42 19
56 43 26
56 44 15
56 45 0
56 47 53
56 48 42
56 49 13
56 51 22
56 52 34
56 53 9
56 55 30
56 56 25
56 57 35
56 58 36
56 59 24
57 0 3
57 1 16
57 3 47
57 4 20
57 5 18
57 6 26
57 7 30
57 8 0
57 9 8
57 11 38
57 12 39
57 13 34
57 14 57
57 15 25
57 16 21
57 17 17
57 18 24
57 19 52
57 20 58
57 21 28
57 22 27
57 24 45
57 25 29
57 26 41
57 27 13
57 28 2
57 29 5
57 30 6
57 31 22
57 32 4
57 35 1
57 36 11
57 37 9
57 38 19
57 39 36
57 40 53
57 41 37
57 42 7
57 43 33
57 44 50
57 45 46
57 46 42
57 47 55
57 49 48
57 50 56
57 51 59
57 52 12
57 53 44
57 54 49
57 55 43
57 56 40
57 57 23
57 59 10
58 0 22
58 2 16
58 4 5
58 5 15
58 6 56
58 7 40
58 8 25
58 9 51
58 10 43
58 12 21
58 13 57
58 15 42
58 16 35
58 20 8
58 21 58
58 22 49
58 23 34
58 24 37
58 25 46
58 26 47
58 27 29
58 28 17
58 29 20
58 31 12
58 32 54
58 34 24
58 35 53
58 36 52
58 38 30
58 39 59
58 40 28
58 41 33
58 42 44
58 43 9
58 44 14
58 45 41
58 46 23
58 48 36
58 50 38
58 51 2
58 52 18
58 53 1
58 54 6
58 55 39
58 56 26
58 58 31
58 59 11
59 2 25
59 3 27
59 5 20
59 6 40
59 7 22
59 9 49
59 10 28
59 11 59
59 13 7
59 14 9
59 15 3
59 16 53
59 17 44
59 18 5
59 19 1
59 20 34
59 21 37
59 23 29
59 24 33
59 25 6
59 26 39
59 27 52
59 28 46
59 29 16
59 30 0
59 31 35
59 34 18
59 35 45
59 36 24
59 37 56
59 38 42
59 39 2
59 40 12
59 41 54
59 42 57
59 43 43
59 44 41
59 45 8
59 48 30
59 49 38
59 50 19
59 52 17
59 53 51
59 54 50
59 55 47
59 56 23
59 57 4
59 59 15
