60
0 2 12
0 6 57
0 11 51
0 12 35
0 14 53
0 18 13
0 19 29
0 25 34
0 27 59
0 36 37
0 40 54
0 42 48
0 43 42
0 44 39
0 45 6
0 46 38
0 48 52
0 51 43
0 52 18
0 53 24
0 55 3
0 57 8
0 58 28
1 10 6
1 13 29
1 14 32
1 16 15
1 18 28
1 21 58
1 25 39
1 29 52
1 30 37
1 31 22
1 32 11
1 33 44
1 35 30
1 37 40
1 39 51
1 44 21
1 45 56
1 46 55
1 48 3
1 54 33
1 57 38
1 59 42
2 5 54
2 7 20
2 10 0
2 12 4
2 13 57
2 14 26
2 15 53
2 16 42
2 19 47
2 20 46
2 22 7
2 24 45
2 29 56
2 30 34
2 35 39
2 36 11
2 37 35
2 40 58
2 41 3
2 42 43
2 46 6
2 47 27
2 51 18
2 53 50
2 58 48
2 59 24
3 2 21
3 3 59
3 4 19
3 9 14
3 10 33
3 12 16
3 13 2
3 16 41
3 21 7
3 22 1
3 23 24
3 24 43
3 25 30
3 28 32
3 29 3
3 30 0
3 33 18
3 34 58
3 37 50
3 41 8
3 44 46
3 46 23
3 47 5
3 49 54
3 52 36
3 53 12
3 55 57
3 57 9
3 59 52
4 0 43
4 2 57
4 5 16
4 6 3
4 13 15
4 18 14
4 22 41
4 29 24
4 30 5
4 31 26
4 32 31
4 34 52
4 36 39
4 41 6
4 42 51
4 47 34
4 50 36
4 52 29
4 53 42
4 54 18
4 55 33
4 59 49
5 1 8
5 2 19
5 4 18
5 8 10
5 15 34
5 17 48
5 18 47
5 20 41
5 21 13
5 24 30
5 25 36
5 26 58
5 27 22
5 28 54
5 29 17
5 31 57
5 33 37
5 34 29
5 35 9
5 40 24
5 41 38
5 44 3
5 47 35
5 48 39
5 49 7
5 53 21
5 55 32
5 59 5
6 7 8
6 8 16
6 11 27
6 12 23
6 14 29
6 16 14
6 17 57
6 26 42
6 29 48
6 30 41
6 32 28
6 36 51
6 38 52
6 40 22
6 45 20
6 49 19
6 50 50
6 53 17
6 57 12
6 58 7
6 59 47
7 2 34
7 3 42
7 4 53
7 9 29
7 17 17
7 18 59
7 22 12
7 29 4
7 30 43
7 32 41
7 33 13
7 41 15
7 42 52
7 43 0
7 45 3
7 46 32
7 47 48
7 49 46
7 54 27
7 55 56
7 57 23
7 58 22
7 59 51
8 3 24
8 4 6
8 5 36
8 8 43
8 10 13
8 11 14
8 12 5
8 14 51
8 15 50
8 22 0
8 24 59
8 26 41
8 27 11
8 29 42
8 31 9
8 33 58
8 34 45
8 36 48
8 40 28
8 43 4
8 47 20
8 52 10
8 54 39
8 57 46
8 58 56
8 59 8
9 0 42
9 1 27
9 4 25
9 8 21
9 11 39
9 13 46
9 16 32
9 17 28
9 22 23
9 23 37
9 24 9
9 25 19
9 27 0
9 28 45
9 36 59
9 38 2
9 40 52
9 42 11
9 44 10
9 45 57
9 48 50
9 50 58
9 52 8
9 53 43
9 56 3
9 57 34
10 0 48
10 7 18
10 12 39
10 17 26
10 18 58
10 20 35
10 25 42
10 26 25
10 27 57
10 32 29
10 34 53
10 35 14
10 38 32
10 40 8
10 44 23
10 52 4
11 0 57
11 1 58
11 2 33
11 6 10
11 7 13
11 9 31
11 10 25
11 16 43
11 18 23
11 21 26
11 22 17
11 23 20
11 29 46
11 31 56
11 35 38
11 37 6
11 39 8
11 40 4
11 44 52
11 48 22
11 49 39
11 50 1
11 51 59
11 52 44
11 54 15
11 56 28
11 58 36
12 2 0
12 5 39
12 8 23
12 10 34
12 16 30
12 17 32
12 18 56
12 19 53
12 20 43
12 23 22
12 25 47
12 26 7
12 34 49
12 35 51
12 38 9
12 39 50
12 41 4
12 44 25
12 45 13
12 46 33
12 49 24
12 50 57
12 53 8
12 58 2
13 2 10
13 6 4
13 8 51
13 10 42
13 12 2
13 14 58
13 15 26
13 16 34
13 18 33
13 19 31
13 22 8
13 23 43
13 24 36
13 26 14
13 29 55
13 33 49
13 35 17
13 36 25
13 37 11
13 38 59
13 39 9
13 45 53
13 49 5
13 50 20
13 51 7
13 54 30
14 0 32
14 2 9
14 3 53
14 5 33
14 9 59
14 10 57
14 11 45
14 12 8
14 13 5
14 14 43
14 15 29
14 16 17
14 17 51
14 21 3
14 22 56
14 24 47
14 25 20
14 28 34
14 31 35
14 32 2
14 34 54
14 37 4
14 42 22
14 43 48
14 45 11
14 46 27
14 48 46
14 50 30
14 52 1
14 53 6
14 54 10
14 55 36
15 0 8
15 2 47
15 4 50
15 9 15
15 12 56
15 14 4
15 15 58
15 16 16
15 17 9
15 19 38
15 21 21
15 22 19
15 23 44
15 26 23
15 28 1
15 30 13
15 32 20
15 34 5
15 43 29
15 44 34
15 47 49
15 51 39
15 52 48
15 53 3
15 55 10
15 59 41
16 3 17
16 4 13
16 5 4
16 8 44
16 10 52
16 11 11
16 19 19
16 20 29
16 28 55
16 30 16
16 31 48
16 34 14
16 35 22
16 37 0
16 42 34
16 43 56
16 44 59
16 49 2
16 55 27
16 56 25
17 0 29
17 3 3
17 8 46
17 11 2
17 13 59
17 16 31
17 19 26
17 21 45
17 29 13
17 31 12
17 34 57
17 41 37
17 46 43
17 47 56
17 49 32
17 52 33
17 53 58
17 57 18
17 58 19
18 1 18
18 2 42
18 7 49
18 8 0
18 11 59
18 12 43
18 17 38
18 18 51
18 20 28
18 24 40
18 27 56
18 30 55
18 32 16
18 34 11
18 35 24
18 39 45
18 43 10
18 47 46
18 49 17
18 53 37
18 54 41
18 57 48
19 0 7
19 2 49
19 3 34
19 4 4
19 6 24
19 14 55
19 15 45
19 16 37
19 18 40
19 22 42
19 23 2
19 24 44
19 25 16
19 26 35
19 27 38
19 29 11
19 32 47
19 34 31
19 37 27
19 38 22
19 40 51
19 42 23
19 44 28
19 45 5
19 47 54
19 50 9
19 51 21
19 55 12
19 56 0
20 0 45
20 3 23
20 5 21
20 6 20
20 10 39
20 11 33
20 12 7
20 13 11
20 16 47
20 17 1
20 18 34
20 19 42
20 21 36
20 22 48
20 25 13
20 26 9
20 29 26
20 31 44
20 32 4
20 33 35
20 34 16
20 36 54
20 37 19
20 42 50
20 44 38
20 45 2
20 46 56
20 49 59
20 52 31
20 54 57
20 56 8
20 58 17
21 0 2
21 1 40
21 2 36
21 3 29
21 11 42
21 12 46
21 13 39
21 16 33
21 18 32
21 25 41
21 31 37
21 36 9
21 38 15
21 39 5
21 50 47
21 56 26
22 1 24
22 4 28
22 7 59
22 11 23
22 13 49
22 17 19
22 18 17
22 19 56
22 20 53
22 21 47
22 24 10
22 27 43
22 28 42
22 31 3
22 32 21
22 37 12
22 38 34
22 39 52
22 40 5
22 41 1
22 43 33
22 44 11
22 45 31
22 50 6
22 55 7
22 57 54
22 58 39
22 59 2
23 0 49
23 1 23
23 2 27
23 3 22
23 7 40
23 10 18
23 12 42
23 14 20
23 16 50
23 17 4
23 18 38
23 19 41
23 22 9
23 24 7
23 28 29
23 31 39
23 32 0
23 35 56
23 39 53
23 41 2
23 42 8
23 43 17
23 47 58
23 49 28
23 51 12
23 52 51
23 53 32
23 54 31
23 56 47
23 57 55
23 59 25
24 1 56
24 2 8
24 13 19
24 15 16
24 17 20
24 20 6
24 24 5
24 30 40
24 31 32
24 32 18
24 35 53
24 41 26
24 42 31
24 45 34
24 48 10
24 49 38
24 55 25
24 56 27
24 57 1
24 58 50
25 2 16
25 4 38
25 7 43
25 11 21
25 13 28
25 14 11
25 19 59
25 20 7
25 23 6
25 24 2
25 29 36
25 31 34
25 33 0
25 36 17
25 42 13
25 44 24
25 47 44
25 49 35
25 51 48
25 55 1
25 56 12
26 0 51
26 2 30
26 3 18
26 4 49
26 8 38
26 11 10
26 12 45
26 14 5
26 19 44
26 20 54
26 22 37
26 23 56
26 24 34
26 28 14
26 30 42
26 34 43
26 35 27
26 36 26
26 40 13
26 42 20
26 44 0
26 45 48
26 46 2
26 51 55
26 53 4
26 55 24
27 2 37
27 6 33
27 10 53
27 11 52
27 15 39
27 16 20
27 19 3
27 22 38
27 24 29
27 25 55
27 29 44
27 30 56
27 33 59
27 37 41
27 42 26
27 43 23
27 44 2
27 46 34
27 48 12
27 49 57
27 55 54
27 56 58
27 57 45
28 3 9
28 6 35
28 11 41
28 14 2
28 15 57
28 18 4
28 19 34
28 22 53
28 28 17
28 29 27
28 30 18
28 32 54
28 35 6
28 36 16
28 37 25
28 39 44
28 43 43
28 44 12
28 46 36
28 50 49
28 51 51
28 52 52
28 55 40
28 56 37
28 58 32
28 59 45
29 0 38
29 5 2
29 6 5
29 7 51
29 8 20
29 12 57
29 13 44
29 17 3
29 18 12
29 21 8
29 23 36
29 26 46
29 27 32
29 32 42
29 34 17
29 40 19
29 43 34
29 48 14
29 52 55
29 53 13
29 57 33
29 59 56
30 3 51
30 4 24
30 5 37
30 7 58
30 8 2
30 10 44
30 14 36
30 17 6
30 18 35
30 19 28
30 20 9
30 21 40
30 22 13
30 23 34
30 24 55
30 25 56
30 34 42
30 39 26
30 51 5
30 52 50
30 54 49
30 57 22
30 59 29
31 0 21
31 3 30
31 6 11
31 7 57
31 8 29
31 11 3
31 12 10
31 13 53
31 14 28
31 16 26
31 18 55
31 21 52
31 23 58
31 24 23
31 29 5
31 30 24
31 31 4
31 32 12
31 35 43
31 37 2
31 38 50
31 41 46
31 42 39
31 44 37
31 46 14
31 51 56
31 54 7
32 1 37
32 2 25
32 4 11
32 7 42
32 8 1
32 9 27
32 12 18
32 15 9
32 21 49
32 29 32
32 30 47
32 35 4
32 36 23
32 38 21
32 41 35
32 43 22
32 44 31
32 47 45
32 52 46
32 54 13
32 55 20
32 56 5
33 2 14
33 5 47
33 6 2
33 7 29
33 9 40
33 11 44
33 13 13
33 14 19
33 19 25
33 25 18
33 26 10
33 30 22
33 31 23
33 32 1
33 33 43
33 34 7
33 35 50
33 36 34
33 38 0
33 46 49
33 48 42
33 54 51
33 56 53
33 57 30
33 58 11
34 0 46
34 7 7
34 8 34
34 9 38
34 13 23
34 15 31
34 20 36
34 21 30
34 23 11
34 28 3
34 31 24
34 35 12
34 37 52
34 38 33
34 41 48
34 42 59
34 46 28
34 47 13
34 48 49
34 52 5
34 54 0
34 57 4
34 58 26
34 59 40
35 2 39
35 8 33
35 9 13
35 11 16
35 14 56
35 15 28
35 16 5
35 18 29
35 19 32
35 21 9
35 22 24
35 24 22
35 27 4
35 31 41
35 32 6
35 37 15
35 38 46
35 39 19
35 46 35
35 50 37
35 52 7
35 53 45
35 54 48
35 56 38
35 59 59
36 1 21
36 2 28
36 4 7
36 15 22
36 16 40
36 17 2
36 19 23
36 24 56
36 25 10
36 27 30
36 38 26
36 41 18
36 51 42
36 52 59
36 55 39
36 56 57
36 58 20
37 0 26
37 3 58
37 8 40
37 9 9
37 12 32
37 14 37
37 16 6
37 17 18
37 19 21
37 20 30
37 21 38
37 23 48
37 24 13
37 25 28
37 26 31
37 27 20
37 28 4
37 32 3
37 34 55
37 40 36
37 41 10
37 43 50
37 44 5
37 49 22
37 50 39
37 51 57
37 52 35
37 53 23
37 59 17
38 0 14
38 5 30
38 6 39
38 7 36
38 12 44
38 14 41
38 15 0
38 16 3
38 22 34
38 24 35
38 25 46
38 26 53
38 27 54
38 31 27
38 34 28
38 38 20
38 39 23
38 43 52
38 45 22
38 47 47
38 49 50
38 50 31
38 51 32
38 55 15
38 57 17
38 58 49
38 59 55
39 2 50
39 3 40
39 4 34
39 8 24
39 11 48
39 14 54
39 16 51
39 19 4
39 21 28
39 26 43
39 30 21
39 35 42
39 37 49
39 38 1
39 41 19
39 42 30
39 45 45
39 48 56
39 50 44
39 52 26
39 53 33
39 56 46
39 58 8
40 0 18
40 4 3
40 5 24
40 7 25
40 8 19
40 9 56
40 10 31
40 11 58
40 12 47
40 13 9
40 15 42
40 16 27
40 17 12
40 22 26
40 24 8
40 26 22
40 27 17
40 38 40
40 41 32
40 46 37
40 47 14
40 49 29
40 56 52
40 58 55
41 0 23
41 1 0
41 5 9
41 10 5
41 11 46
41 13 14
41 19 50
41 20 51
41 26 45
41 27 19
41 31 17
41 34 39
41 36 10
41 40 33
41 42 18
41 45 52
41 47 29
41 49 34
41 52 27
41 57 35
41 59 38
42 1 36
42 3 37
42 8 52
42 11 57
42 12 33
42 18 11
42 19 17
42 20 19
42 21 0
42 23 39
42 26 4
42 30 50
42 33 6
42 35 32
42 37 58
42 39 3
42 43 12
42 48 35
42 49 8
42 50 28
42 54 43
42 58 46
43 0 25
43 2 48
43 4 58
43 8 5
43 11 19
43 12 3
43 14 15
43 18 9
43 19 43
43 20 11
43 22 22
43 23 26
43 24 6
43 27 14
43 34 1
43 36 35
43 39 40
43 42 27
43 44 49
43 49 51
43 50 42
43 51 36
43 52 45
43 54 12
43 56 33
43 57 29
43 59 23
44 1 51
44 4 45
44 6 16
44 8 22
44 10 12
44 14 31
44 15 35
44 24 19
44 27 27
44 30 59
44 31 30
44 32 14
44 33 52
44 37 5
44 41 39
44 42 46
44 48 36
44 50 29
44 58 43
44 59 10
45 0 17
45 1 45
45 3 7
45 9 24
45 11 12
45 13 35
45 16 44
45 19 20
45 20 38
45 22 10
45 29 8
45 30 31
45 31 28
45 35 49
45 40 2
45 42 55
45 46 58
45 48 11
45 49 36
45 50 26
45 53 56
45 54 29
45 57 42
45 58 25
45 59 33
46 0 34
46 2 59
46 3 49
46 5 23
46 6 32
46 8 47
46 21 42
46 27 46
46 31 29
46 32 45
46 34 56
46 36 33
46 37 17
46 39 6
46 40 55
46 42 4
46 44 43
46 45 25
46 48 16
46 50 2
46 52 54
46 54 9
46 58 35
47 2 2
47 4 21
47 7 19
47 8 59
47 18 36
47 23 12
47 24 26
47 26 28
47 28 24
47 30 45
47 31 51
47 32 50
47 33 20
47 34 35
47 36 18
47 39 43
47 40 39
47 44 9
47 47 8
47 50 17
47 51 47
47 54 46
47 55 58
47 57 57
47 59 37
48 2 40
48 10 20
48 13 41
48 14 42
48 17 30
48 18 54
48 19 51
48 22 28
48 23 33
48 28 10
48 33 15
48 34 47
48 38 44
48 40 32
48 42 25
48 43 24
48 46 26
48 47 23
48 52 49
48 53 59
49 1 4
49 5 6
49 9 49
49 11 32
49 16 54
49 17 29
49 25 52
49 29 51
49 31 53
49 36 7
49 37 42
49 39 25
49 41 22
49 43 19
49 44 35
49 45 59
49 46 24
49 47 15
49 51 46
49 52 41
49 55 16
49 56 14
49 57 13
49 58 57
49 59 9
50 1 53
50 6 36
50 7 56
50 9 50
50 13 1
50 15 49
50 16 9
50 18 44
50 19 18
50 22 35
50 24 31
50 25 54
50 30 27
50 31 7
50 34 3
50 36 20
50 38 38
50 39 13
50 40 10
50 41 21
50 45 43
50 48 4
50 52 32
50 53 52
50 55 29
50 57 25
50 58 34
50 59 39
51 0 50
51 2 58
51 3 44
51 6 26
51 9 28
51 12 40
51 13 34
51 15 15
51 16 48
51 18 37
51 20 17
51 24 49
51 27 36
51 28 35
51 31 55
51 32 33
51 35 0
51 42 45
51 43 53
51 46 54
51 48 23
51 56 19
51 59 7
52 2 52
52 3 41
52 5 42
52 8 26
52 9 11
52 12 29
52 13 56
52 16 25
52 18 5
52 19 6
52 29 59
52 31 45
52 33 54
52 34 33
52 44 55
52 47 4
52 48 15
52 49 31
52 54 24
52 56 22
52 57 53
52 59 1
53 4 22
53 6 30
53 10 15
53 18 18
53 19 46
53 22 20
53 25 57
53 27 28
53 29 49
53 30 23
53 31 42
53 32 24
53 36 8
53 37 13
53 41 14
53 44 41
53 46 39
53 49 9
53 50 56
53 52 17
53 53 19
53 54 50
53 56 29
53 58 58
54 0 55
54 1 22
54 3 45
54 6 43
54 8 31
54 15 7
54 17 42
54 19 9
54 20 2
54 22 44
54 27 39
54 30 33
54 32 48
54 36 32
54 43 36
54 46 5
54 53 38
54 56 6
54 58 41
54 59 0
55 0 5
55 2 44
55 4 40
55 5 11
55 9 19
55 10 23
55 11 53
55 12 27
55 23 28
55 25 1
55 27 8
55 31 52
55 34 13
55 36 42
55 39 17
55 40 59
55 44 20
55 45 15
55 49 4
55 52 43
55 53 39
55 55 22
55 57 2
55 58 3
56 0 11
56 2 35
56 5 50
56 6 46
56 14 24
56 15 2
56 17 8
56 19 45
56 20 4
56 21 17
56 23 55
56 24 53
56 26 40
56 27 12
56 29 10
56 32 32
56 39 59
56 43 18
56 49 23
56 51 49
57 1 49
57 4 41
57 9 1
57 10 55
57 15 52
57 22 32
57 26 50
57 29 25
57 31 31
57 33 47
57 34 10
57 35 13
57 36 30
57 39 0
57 51 15
57 53 16
57 54 44
58 0 59
58 3 38
58 5 19
58 6 52
58 8 53
58 10 4
58 13 32
58 15 8
58 18 30
58 21 6
58 22 49
58 23 29
58 25 22
58 28 2
58 30 17
58 32 46
58 40 37
58 41 5
58 42 9
58 44 18
58 45 27
58 46 3
58 48 54
58 49 20
58 52 23
58 55 28
58 56 56
58 57 44
59 1 59
59 7 4
59 8 50
59 9 58
59 10 1
59 11 8
59 12 21
59 15 41
59 19 7
59 21 20
59 26 39
59 30 6
59 33 32
59 34 18
59 35 57
59 37 10
59 41 29
59 43 28
59 44 14
59 45 23
59 46 12
59 47 36
59 48 5
59 49 47
59 50 55
59 54 42
59 57 40
59 59 48
