60
0 2 42
0 4 11
0 8 22
0 10 12
0 11 15
0 12 3
0 13 2
0 18 41
0 19 43
0 20 46
0 21 39
0 24 54
0 27 28
0 29 59
0 33 49
0 34 25
0 36 36
0 39 19
0 40 33
0 41 45
0 43 7
0 44 44
0 46 6
0 50 52
0 51 55
0 54 10
0 56 37
0 57 53
0 58 18
0 59 34
1 1 26
1 3 10
1 11 51
1 15 38
1 16 36
1 17 33
1 18 17
1 19 46
1 20 55
1 21 14
1 22 48
1 24 45
1 36 58
1 37 18
1 38 9
1 40 28
1 41 57
1 42 4
1 45 20
1 48 49
1 50 59
1 54 52
1 55 24
1 56 39
2 0 57
2 1 55
2 3 18
2 6 11
2 8 42
2 10 13
2 12 12
2 13 52
2 16 16
2 19 48
2 23 39
2 25 44
2 26 10
2 27 23
2 29 22
2 30 28
2 31 51
2 33 46
2 35 49
2 36 5
2 39 34
2 40 32
2 44 26
2 45 40
2 47 53
2 48 35
2 53 20
2 57 1
3 1 6
3 2 44
3 4 22
3 5 34
3 6 30
3 9 29
3 13 20
3 15 52
3 17 3
3 20 41
3 21 0
3 22 59
3 26 54
3 27 1
3 31 32
3 33 14
3 36 19
3 41 40
3 42 43
3 44 37
3 45 2
3 46 48
3 50 9
3 51 51
3 52 17
3 53 13
3 54 28
3 55 53
3 59 57
4 1 31
4 2 29
4 4 56
4 5 0
4 6 47
4 10 8
4 11 54
4 13 30
4 14 58
4 15 2
4 16 37
4 17 49
4 19 4
4 20 52
4 21 3
4 22 7
4 23 21
4 24 26
4 25 59
4 27 39
4 28 36
4 29 42
4 30 6
4 31 13
4 33 1
4 35 57
4 36 43
4 38 25
4 39 48
4 40 41
4 43 9
4 44 16
4 45 19
4 47 23
4 48 50
4 52 10
4 53 27
4 54 17
4 56 22
4 58 15
5 0 32
5 1 21
5 4 7
5 5 51
5 6 25
5 10 54
5 12 6
5 13 34
5 15 16
5 19 19
5 20 33
5 22 35
5 24 17
5 29 37
5 30 5
5 31 27
5 33 29
5 34 22
5 36 26
5 37 3
5 38 53
5 40 55
5 41 39
5 42 42
5 43 46
5 46 28
5 47 30
5 48 36
5 49 2
5 52 12
5 53 38
5 55 11
5 56 57
5 58 43
5 59 45
6 0 17
6 2 43
6 3 57
6 5 26
6 7 19
6 11 3
6 12 11
6 13 33
6 14 46
6 16 39
6 18 55
6 19 15
6 21 52
6 22 54
6 23 0
6 25 16
6 27 58
6 28 29
6 34 12
6 37 13
6 41 14
6 42 45
6 48 38
6 51 44
6 55 49
7 0 10
7 1 25
7 2 41
7 4 15
7 5 46
7 6 36
7 7 38
7 9 58
7 13 24
7 15 17
7 16 1
7 18 11
7 22 29
7 24 48
7 26 40
7 30 20
7 31 52
7 32 19
7 33 21
7 34 34
7 36 3
7 39 57
7 44 8
7 47 44
7 49 47
7 52 39
7 54 43
7 57 30
8 0 16
8 2 28
8 3 54
8 4 6
8 5 40
8 7 34
8 12 37
8 18 23
8 20 53
8 21 27
8 27 0
8 28 46
8 30 32
8 34 50
8 36 11
8 37 26
8 38 20
8 40 5
8 43 31
8 44 18
8 45 10
8 54 36
8 57 35
8 58 30
8 59 4
9 1 33
9 2 13
9 5 7
9 7 46
9 9 59
9 10 45
9 13 38
9 14 43
9 19 58
9 21 56
9 25 53
9 29 48
9 30 15
9 31 25
9 32 41
9 35 24
9 37 34
9 38 47
9 41 0
9 42 44
9 43 32
9 46 50
9 49 6
9 50 26
9 51 37
9 52 1
9 53 5
9 54 49
9 57 42
9 59 12
10 4 34
10 8 14
10 11 46
10 12 19
10 14 33
10 15 50
10 16 24
10 17 45
10 18 21
10 22 53
10 25 42
10 29 5
10 30 44
10 31 7
10 34 10
10 40 4
10 42 52
10 48 17
10 51 30
10 53 8
10 54 47
10 56 26
10 57 56
10 58 49
11 5 59
11 7 47
11 9 14
11 10 57
11 14 39
11 15 36
11 16 26
11 17 11
11 18 31
11 19 7
11 21 21
11 24 5
11 25 19
11 29 8
11 32 3
11 34 29
11 36 1
11 37 45
11 39 52
11 41 16
11 44 51
11 45 9
11 46 15
11 47 42
11 50 27
11 52 49
11 53 17
11 57 43
12 1 49
12 2 10
12 3 25
12 4 14
12 5 56
12 6 33
12 8 26
12 9 40
12 11 44
12 15 8
12 18 4
12 22 21
12 23 12
12 24 34
12 26 50
12 27 59
12 28 54
12 32 55
12 35 51
12 38 6
12 39 27
12 40 2
12 45 32
12 46 29
12 48 43
12 49 9
12 56 5
12 58 19
12 59 41
13 0 28
13 1 40
13 3 55
13 4 19
13 7 26
13 12 25
13 14 24
13 16 43
13 17 21
13 19 8
13 21 37
13 24 36
13 25 34
13 28 4
13 34 54
13 35 58
13 38 1
13 39 38
13 40 15
13 42 59
13 43 22
13 44 42
13 48 33
13 51 2
13 52 29
13 56 48
13 59 7
14 1 8
14 2 35
14 3 1
14 5 36
14 6 27
14 10 38
14 12 41
14 14 57
14 15 55
14 17 6
14 20 13
14 22 39
14 23 52
14 24 16
14 25 47
14 28 58
14 30 0
14 32 40
14 36 12
14 37 42
14 38 11
14 43 33
14 44 29
14 46 30
14 47 49
14 48 26
14 55 18
14 57 19
14 58 7
15 1 5
15 2 16
15 5 41
15 7 7
15 8 35
15 9 21
15 11 17
15 13 10
15 16 34
15 17 36
15 18 2
15 20 40
15 23 11
15 24 4
15 25 55
15 29 46
15 32 33
15 35 19
15 40 18
15 41 1
15 42 47
15 43 49
15 45 42
15 46 25
15 47 12
15 51 13
15 52 38
15 53 30
15 58 20
16 1 46
16 2 0
16 3 36
16 8 27
16 11 6
16 13 17
16 14 48
16 15 53
16 16 8
16 17 58
16 18 30
16 20 57
16 22 49
16 23 45
16 24 2
16 29 47
16 30 16
16 32 50
16 34 18
16 35 20
16 37 54
16 38 22
16 39 7
16 40 35
16 41 5
16 45 56
16 47 15
16 48 12
16 49 11
16 50 38
16 52 32
16 54 3
16 58 26
17 0 22
17 1 58
17 2 5
17 3 35
17 4 3
17 5 9
17 7 15
17 8 31
17 9 7
17 10 11
17 11 23
17 12 30
17 13 45
17 15 37
17 16 48
17 19 21
17 20 50
17 22 13
17 23 55
17 26 17
17 27 57
17 29 34
17 30 2
17 32 52
17 33 4
17 34 16
17 35 56
17 36 10
17 41 25
17 42 40
17 44 24
17 45 46
17 46 20
17 51 49
17 52 27
17 53 54
17 54 53
17 55 1
17 56 51
18 0 53
18 3 0
18 9 22
18 14 14
18 24 9
18 25 10
18 26 3
18 28 2
18 29 7
18 30 47
18 33 16
18 36 24
18 38 38
18 40 36
18 42 11
18 43 58
18 45 6
18 46 49
18 47 17
18 49 55
18 52 51
18 53 56
18 54 34
18 55 32
18 58 5
18 59 13
19 1 19
19 5 22
19 8 50
19 13 7
19 18 42
19 20 5
19 25 3
19 27 51
19 29 35
19 30 38
19 33 57
19 35 29
19 36 31
19 39 6
19 40 52
19 47 36
19 48 34
19 49 26
19 50 13
19 51 47
19 52 46
19 55 17
19 58 2
19 59 10
20 1 20
20 3 13
20 4 17
20 5 48
20 6 53
20 7 22
20 8 25
20 10 29
20 11 55
20 12 43
20 16 21
20 18 39
20 19 10
20 20 34
20 22 1
20 23 4
20 24 59
20 29 58
20 35 14
20 36 16
20 37 31
20 42 23
20 43 54
20 46 19
20 47 24
20 50 49
20 51 50
20 52 47
20 54 26
20 58 57
20 59 8
21 0 30
21 2 38
21 6 24
21 8 37
21 9 3
21 11 8
21 12 0
21 13 44
21 16 57
21 17 5
21 21 53
21 22 58
21 24 15
21 25 12
21 27 46
21 29 6
21 30 50
21 32 14
21 34 19
21 35 35
21 42 54
21 43 17
21 46 11
21 49 48
21 50 7
21 51 9
21 53 45
21 56 56
22 1 13
22 2 52
22 3 27
22 4 45
22 7 20
22 10 26
22 12 44
22 13 11
22 15 6
22 17 50
22 19 35
22 21 2
22 24 42
22 26 21
22 27 30
22 28 57
22 30 29
22 32 18
22 35 33
22 36 9
22 37 24
22 38 12
22 40 1
22 41 17
22 42 53
22 44 23
22 47 19
22 48 25
22 59 32
23 0 26
23 2 1
23 3 8
23 6 15
23 8 55
23 9 51
23 10 19
23 11 14
23 12 7
23 13 29
23 16 35
23 17 13
23 19 57
23 20 20
23 22 23
23 25 52
23 30 11
23 32 5
23 34 36
23 39 4
23 40 30
23 43 25
23 46 16
23 47 50
23 50 2
23 52 18
23 54 0
23 57 32
24 0 41
24 1 1
24 4 28
24 6 26
24 7 8
24 11 25
24 12 14
24 20 16
24 21 58
24 23 49
24 24 7
24 26 19
24 27 3
24 28 45
24 33 34
24 35 38
24 36 27
24 38 42
24 40 9
24 41 29
24 43 56
24 44 43
24 45 11
24 51 12
24 52 40
24 53 52
24 56 35
24 58 51
25 4 21
25 5 54
25 7 16
25 9 20
25 10 49
25 11 28
25 12 4
25 13 27
25 15 40
25 16 7
25 19 30
25 22 50
25 27 32
25 28 13
25 33 45
25 34 33
25 35 23
25 38 5
25 39 15
25 40 17
25 41 6
25 43 0
25 45 58
25 47 56
25 48 39
25 49 31
25 51 18
25 53 36
25 55 14
25 56 8
25 57 22
25 58 10
25 59 55
26 0 8
26 4 27
26 6 4
26 8 47
26 9 9
26 10 21
26 11 24
26 14 30
26 16 46
26 17 26
26 18 44
26 19 49
26 20 42
26 22 14
26 23 29
26 25 45
26 27 37
26 28 56
26 30 54
26 34 20
26 35 28
26 36 6
26 38 58
26 39 5
26 41 31
26 42 18
26 43 34
26 46 33
26 47 25
26 52 3
26 53 11
26 56 19
26 58 16
26 59 59
27 0 44
27 1 15
27 2 22
27 3 7
27 4 4
27 5 20
27 6 34
27 7 40
27 10 9
27 11 52
27 13 49
27 14 1
27 16 38
27 19 45
27 23 42
27 25 31
27 28 27
27 29 23
27 30 58
27 34 28
27 35 41
27 37 8
27 38 32
27 42 10
27 43 57
27 44 48
27 45 17
27 47 6
27 50 43
27 51 19
27 52 56
27 55 55
27 57 46
28 0 7
28 1 17
28 2 32
28 3 38
28 4 48
28 5 29
28 6 12
28 10 46
28 14 40
28 15 39
28 17 53
28 18 58
28 19 51
28 20 47
28 21 34
28 25 15
28 26 43
28 28 26
28 31 6
28 35 54
28 36 50
28 39 16
28 40 49
28 41 33
28 43 3
28 44 4
28 46 57
28 51 23
28 52 24
28 54 9
28 57 11
29 0 36
29 3 4
29 4 39
29 5 44
29 7 37
29 9 26
29 10 17
29 12 1
29 13 48
29 15 31
29 17 23
29 20 30
29 23 10
29 26 59
29 28 33
29 31 21
29 32 53
29 33 27
29 34 6
29 35 43
29 37 56
29 40 38
29 41 8
29 42 28
29 45 0
29 46 40
29 47 5
29 49 14
29 50 54
29 52 22
29 57 25
29 59 19
30 0 27
30 1 9
30 5 37
30 11 22
30 15 28
30 16 31
30 17 40
30 18 33
30 19 20
30 22 4
30 23 51
30 30 8
30 31 55
30 32 15
30 34 13
30 35 50
30 38 7
30 40 12
30 41 43
30 43 19
30 44 38
30 46 34
30 48 42
30 52 16
30 53 18
30 54 57
30 55 26
30 57 5
30 59 14
31 0 39
31 5 31
31 6 58
31 7 18
31 8 45
31 9 13
31 14 34
31 15 19
31 16 28
31 17 17
31 18 0
31 20 4
31 21 42
31 22 3
31 24 11
31 25 25
31 26 55
31 27 50
31 28 43
31 29 38
31 33 5
31 35 40
31 39 1
31 40 57
31 45 26
31 49 7
31 51 29
31 52 41
31 53 21
31 54 27
31 57 47
32 0 0
32 10 15
32 11 33
32 12 27
32 13 16
32 14 31
32 20 26
32 21 47
32 22 38
32 24 55
32 25 50
32 29 45
32 30 46
32 32 32
32 39 23
32 40 11
32 41 30
32 42 5
32 43 52
32 44 14
32 45 18
32 46 59
32 47 43
32 48 8
32 52 58
32 54 35
32 56 17
32 57 49
32 59 36
33 2 11
33 6 51
33 12 31
33 14 17
33 16 2
33 18 16
33 19 41
33 23 58
33 24 18
33 25 26
33 26 32
33 29 52
33 32 59
33 33 6
33 35 53
33 38 35
33 40 42
33 41 22
33 42 33
33 44 9
33 45 38
33 46 23
33 48 54
33 49 44
33 52 7
33 53 12
33 54 30
33 55 4
33 56 20
33 57 27
33 59 24
34 0 59
34 1 4
34 2 49
34 4 2
34 5 6
34 6 57
34 7 14
34 9 25
34 11 40
34 13 18
34 15 58
34 16 19
34 18 20
34 20 15
34 23 9
34 24 23
34 32 7
34 33 3
34 35 42
34 38 39
34 40 48
34 46 27
34 51 35
34 52 30
34 53 16
34 54 54
34 55 13
34 57 8
35 0 14
35 1 38
35 2 6
35 4 18
35 9 31
35 10 0
35 11 13
35 12 29
35 13 25
35 15 10
35 17 8
35 19 5
35 21 33
35 22 30
35 26 27
35 29 15
35 31 19
35 32 58
35 33 52
35 34 53
35 35 39
35 37 1
35 38 28
35 42 36
35 44 57
35 45 12
35 48 24
35 49 43
35 51 32
35 53 3
35 54 20
35 55 37
35 56 54
36 6 48
36 8 9
36 9 54
36 11 5
36 12 59
36 15 18
36 21 32
36 27 49
36 28 1
36 29 51
36 30 39
36 31 58
36 32 43
36 35 13
36 38 8
36 39 26
36 42 14
36 46 12
36 47 29
36 49 56
36 50 50
36 51 17
36 55 31
37 2 53
37 5 25
37 6 17
37 9 27
37 10 14
37 11 11
37 12 34
37 16 3
37 17 1
37 22 19
37 24 24
37 28 22
37 32 38
37 35 7
37 36 23
37 37 6
37 38 26
37 39 40
37 40 29
37 41 58
37 45 4
37 46 37
37 47 54
37 49 20
37 50 8
37 52 52
37 54 33
37 59 44
38 0 12
38 1 42
38 2 54
38 5 58
38 7 11
38 10 4
38 11 0
38 13 9
38 16 13
38 17 27
38 18 15
38 21 35
38 24 38
38 25 2
38 26 20
38 28 50
38 32 57
38 33 17
38 37 14
38 41 34
38 43 28
38 44 10
38 53 53
38 55 44
39 0 2
39 2 25
39 3 17
39 4 8
39 5 18
39 6 55
39 7 43
39 8 36
39 11 39
39 19 37
39 23 38
39 25 41
39 28 40
39 31 49
39 32 24
39 37 4
39 38 34
39 39 29
39 41 26
39 42 27
39 43 16
39 44 13
39 45 5
39 46 35
39 49 3
39 50 42
39 51 31
39 52 59
39 53 50
39 54 46
39 55 48
39 56 32
39 57 12
39 59 54
40 2 37
40 4 46
40 6 49
40 13 36
40 16 32
40 17 59
40 18 43
40 19 29
40 21 8
40 23 26
40 25 20
40 28 3
40 31 16
40 33 23
40 34 41
40 37 0
40 38 30
40 39 42
40 41 24
40 43 10
40 44 17
40 47 28
40 48 51
40 49 5
40 51 58
40 53 39
40 54 25
40 59 38
41 1 35
41 2 15
41 3 42
41 4 31
41 5 45
41 7 57
41 8 52
41 9 39
41 10 30
41 12 58
41 14 53
41 16 20
41 19 22
41 22 6
41 29 0
41 32 17
41 34 9
41 35 4
41 38 54
41 39 24
41 40 16
41 42 37
41 43 21
41 44 36
41 47 2
41 49 28
41 50 32
41 51 41
41 52 55
41 53 51
41 55 38
41 56 25
41 57 3
41 58 27
42 0 51
42 3 56
42 5 3
42 6 35
42 7 44
42 8 30
42 9 38
42 11 10
42 12 47
42 13 53
42 14 20
42 15 13
42 16 6
42 20 36
42 21 1
42 22 2
42 24 57
42 28 32
42 29 19
42 30 52
42 34 40
42 36 41
42 40 37
42 43 26
42 44 5
42 45 54
42 47 34
42 48 15
42 49 58
42 51 28
42 54 31
42 55 16
42 56 29
42 57 50
42 59 9
43 2 23
43 3 39
43 4 33
43 5 11
43 6 37
43 7 52
43 8 10
43 9 24
43 12 49
43 13 50
43 15 35
43 16 51
43 17 30
43 18 25
43 20 3
43 21 5
43 23 54
43 26 15
43 28 44
43 32 42
43 33 47
43 35 32
43 36 17
43 39 43
43 40 46
43 44 40
43 46 7
43 49 27
43 50 36
43 54 12
43 58 13
44 0 18
44 2 59
44 3 49
44 6 22
44 8 41
44 10 33
44 12 17
44 14 19
44 15 5
44 18 10
44 19 28
44 21 25
44 22 47
44 27 55
44 29 2
44 34 23
44 35 31
44 37 39
44 38 3
44 39 53
44 45 52
44 47 7
44 48 46
44 49 4
44 50 11
44 54 14
44 56 15
44 58 40
44 59 27
45 0 9
45 1 44
45 4 52
45 6 38
45 9 49
45 10 27
45 11 41
45 12 45
45 13 22
45 14 25
45 15 0
45 16 15
45 18 36
45 20 54
45 21 57
45 23 19
45 28 23
45 31 5
45 33 8
45 34 31
45 37 47
45 38 50
45 40 59
45 42 51
45 43 39
45 44 7
45 46 26
45 47 32
45 49 12
45 50 33
45 52 4
45 54 58
45 55 10
45 58 11
46 0 31
46 2 9
46 4 44
46 5 53
46 9 32
46 11 35
46 21 6
46 22 41
46 23 5
46 25 56
46 26 29
46 29 1
46 30 42
46 35 10
46 36 13
46 38 23
46 39 0
46 41 20
46 42 7
46 43 48
46 44 33
46 45 34
46 46 4
46 47 40
46 48 22
46 50 25
46 53 43
46 55 30
46 56 18
46 57 15
46 58 36
47 3 23
47 5 42
47 6 14
47 7 10
47 8 40
47 9 53
47 11 9
47 12 2
47 13 32
47 14 54
47 16 55
47 17 25
47 19 44
47 21 20
47 25 46
47 26 26
47 28 18
47 36 30
47 37 12
47 39 8
47 44 0
47 46 45
47 47 38
47 48 31
47 49 37
47 51 4
47 52 15
47 53 41
47 54 7
47 55 19
47 56 33
47 57 39
47 58 52
47 59 28
48 1 7
48 2 34
48 4 0
48 5 38
48 6 44
48 7 6
48 8 3
48 11 19
48 13 31
48 15 15
48 16 41
48 18 5
48 22 36
48 24 33
48 25 29
48 26 57
48 27 22
48 30 40
48 34 56
48 37 30
48 38 52
48 41 48
48 42 2
48 44 28
48 46 53
48 47 35
48 49 23
48 50 51
48 52 9
48 57 37
48 58 8
49 0 58
49 2 12
49 3 46
49 4 29
49 5 35
49 7 4
49 8 17
49 11 53
49 12 21
49 13 42
49 16 0
49 21 10
49 22 52
49 23 24
49 24 20
49 25 54
49 26 13
49 27 19
49 30 33
49 31 2
49 35 47
49 36 51
49 38 45
49 39 39
49 40 3
49 41 27
49 43 40
49 44 56
49 45 43
49 47 37
49 50 6
49 52 57
49 53 59
49 54 5
49 55 41
49 58 28
49 59 15
50 0 13
50 2 55
50 3 16
50 6 50
50 7 45
50 10 23
50 12 38
50 13 41
50 14 52
50 16 14
50 17 18
50 20 1
50 21 26
50 22 10
50 23 56
50 25 33
50 26 44
50 31 39
50 32 2
50 35 12
50 36 7
50 44 11
50 46 36
50 48 58
50 51 22
50 54 19
50 55 35
50 58 21
51 2 7
51 3 5
51 4 16
51 5 8
51 6 20
51 8 34
51 10 10
51 13 23
51 14 2
51 16 42
51 18 59
51 20 18
51 26 39
51 27 53
51 33 55
51 37 22
51 38 37
51 39 21
51 40 13
51 42 19
51 43 43
51 44 58
51 46 31
51 47 27
51 48 29
51 57 57
52 0 35
52 1 36
52 5 5
52 8 13
52 9 45
52 12 54
52 16 10
52 17 28
52 20 19
52 21 59
52 22 8
52 24 0
52 25 17
52 26 6
52 27 25
52 30 9
52 32 27
52 35 46
52 36 2
52 37 15
52 38 16
52 41 21
52 42 24
52 43 20
52 47 47
52 54 48
52 55 51
52 59 49
53 0 42
53 3 33
53 4 54
53 5 14
53 8 38
53 9 46
53 10 22
53 11 4
53 13 39
53 14 10
53 16 12
53 19 32
53 22 51
53 25 27
53 27 24
53 28 41
53 29 11
53 30 59
53 31 34
53 32 28
53 33 35
53 37 55
53 38 56
53 40 40
53 41 15
53 42 6
53 43 18
53 44 49
53 45 16
53 49 25
53 50 48
53 52 36
53 54 1
53 55 57
53 56 43
53 58 47
53 59 21
54 0 49
54 1 27
54 2 36
54 3 50
54 4 47
54 7 59
54 13 0
54 14 55
54 16 5
54 17 32
54 18 13
54 20 58
54 21 46
54 25 8
54 29 10
54 33 12
54 34 51
54 35 44
54 36 25
54 37 33
54 40 24
54 41 52
54 44 54
54 48 23
54 49 21
54 52 20
54 53 34
54 54 38
54 55 22
54 56 7
54 58 9
55 0 5
55 1 50
55 5 28
55 6 9
55 7 13
55 8 4
55 12 22
55 22 31
55 27 33
55 28 52
55 30 37
55 31 12
55 33 59
55 35 1
55 36 54
55 39 46
55 40 27
55 42 21
55 43 11
55 46 42
55 47 10
55 48 6
55 52 25
55 53 35
55 54 2
55 55 7
55 56 41
55 57 51
56 1 48
56 3 58
56 6 52
56 8 12
56 9 30
56 10 32
56 11 59
56 15 57
56 16 22
56 17 34
56 20 0
56 21 31
56 22 11
56 23 25
56 25 6
56 26 47
56 28 42
56 29 13
56 32 20
56 33 7
56 34 5
56 35 3
56 38 2
56 39 18
56 40 50
56 41 23
56 42 46
56 43 24
56 45 39
56 48 28
56 50 55
56 51 10
56 53 19
56 54 45
56 57 44
57 0 45
57 2 20
57 3 3
57 6 59
57 12 55
57 13 1
57 15 26
57 18 29
57 19 40
57 22 34
57 23 32
57 24 28
57 26 51
57 33 39
57 35 25
57 36 0
57 40 58
57 41 37
57 46 47
57 47 57
57 48 10
57 51 33
57 52 21
57 55 46
57 56 38
57 57 54
57 58 31
57 59 30
58 2 30
58 7 33
58 11 27
58 12 35
58 15 49
58 17 52
58 23 48
58 24 21
58 25 18
58 29 3
58 30 19
58 33 38
58 34 14
58 35 15
58 36 20
58 40 22
58 41 7
58 42 25
58 43 42
58 45 28
58 49 10
58 51 6
58 53 1
58 55 40
58 56 11
58 57 59
58 58 24
59 2 14
59 4 25
59 7 30
59 10 50
59 12 16
59 13 6
59 17 48
59 19 53
59 20 10
59 21 4
59 22 5
59 23 20
59 24 27
59 26 31
59 27 56
59 28 12
59 33 24
59 36 45
59 38 19
59 39 54
59 42 32
59 44 21
59 46 17
59 50 40
59 52 13
59 54 55
59 55 36
59 56 34
59 59 22
