70
0 1 30
0 2 63
0 3 66
0 4 8
0 5 44
0 6 5
0 7 59
0 8 4
0 10 1
0 11 12
0 12 13
0 13 50
0 14 28
0 15 27
0 16 65
0 22 24
0 24 7
0 25 34
0 26 42
0 27 40
0 28 23
0 29 64
0 30 21
0 31 39
0 34 55
0 35 2
0 36 51
0 38 60
0 39 6
0 40 17
0 41 62
0 42 69
0 45 38
0 48 20
0 50 46
0 51 3
0 52 57
0 53 26
0 54 14
0 55 45
0 56 0
0 61 9
0 62 54
0 63 67
0 64 43
0 69 18
1 4 47
1 6 67
1 8 31
1 9 4
1 11 52
1 15 35
1 19 62
1 21 69
1 22 66
1 23 15
1 24 32
1 26 21
1 27 51
1 30 58
1 31 34
1 33 37
1 42 28
1 43 53
1 44 0
1 45 1
1 47 38
1 48 36
1 51 48
1 53 19
1 54 39
1 55 49
1 56 30
1 57 68
1 58 12
1 60 65
1 61 54
1 62 9
1 63 16
1 64 57
1 66 7
1 68 13
1 69 6
2 0 17
2 2 54
2 4 29
2 6 9
2 7 40
2 8 15
2 9 63
2 10 68
2 12 56
2 14 0
2 15 4
2 16 1
2 17 62
2 18 44
2 19 28
2 20 48
2 21 52
2 22 21
2 23 51
2 24 59
2 25 32
2 26 38
2 27 39
2 28 34
2 29 43
2 34 12
2 35 22
2 37 69
2 39 49
2 43 5
2 44 47
2 45 65
2 49 8
2 50 27
2 52 55
2 54 7
2 55 42
2 56 50
2 57 41
2 58 37
2 59 11
2 61 25
2 63 64
2 64 46
2 66 33
2 68 26
3 1 29
3 3 20
3 5 28
3 6 31
3 7 15
3 8 23
3 13 46
3 15 19
3 17 57
3 18 61
3 20 55
3 21 33
3 22 42
3 25 10
3 26 44
3 27 12
3 29 63
3 30 51
3 32 43
3 33 7
3 34 60
3 39 4
3 40 3
3 41 5
3 43 54
3 44 22
3 47 18
3 49 25
3 50 1
3 51 56
3 52 32
3 53 13
3 54 21
3 56 39
3 57 45
3 60 64
3 62 68
3 64 35
3 67 48
4 0 31
4 1 7
4 2 22
4 6 49
4 7 36
4 8 44
4 9 5
4 11 53
4 13 47
4 14 18
4 15 11
4 16 50
4 17 27
4 18 45
4 19 34
4 20 37
4 21 46
4 22 40
4 23 30
4 24 10
4 26 56
4 27 17
4 29 19
4 30 28
4 31 61
4 32 2
4 34 1
4 35 58
4 36 66
4 40 20
4 42 48
4 44 55
4 46 38
4 47 42
4 49 63
4 50 16
4 51 26
4 53 52
4 54 69
4 57 12
4 59 68
4 62 13
4 63 39
4 65 29
4 67 0
4 68 67
5 0 13
5 1 48
5 5 68
5 6 43
5 7 10
5 8 32
5 9 52
5 12 28
5 13 65
5 17 5
5 18 46
5 19 4
5 21 60
5 22 63
5 23 18
5 27 53
5 29 41
5 30 17
5 31 3
5 35 37
5 36 67
5 38 61
5 39 29
5 42 0
5 45 14
5 46 2
5 48 22
5 49 45
5 50 54
5 51 69
5 52 23
5 53 25
5 56 57
5 57 31
5 59 15
5 60 8
5 63 49
5 64 11
5 66 55
5 67 50
5 68 35
5 69 27
6 0 55
6 1 63
6 2 10
6 6 36
6 7 34
6 8 22
6 11 45
6 13 25
6 14 65
6 16 15
6 17 38
6 18 23
6 22 30
6 23 49
6 24 3
6 25 40
6 26 18
6 28 54
6 31 42
6 36 58
6 37 56
6 40 2
6 41 28
6 42 14
6 45 67
6 47 39
6 48 60
6 50 59
6 52 13
6 53 17
6 54 35
6 55 31
6 56 44
6 59 29
6 62 48
6 64 37
6 65 53
6 66 26
6 67 33
6 68 57
7 0 36
7 4 18
7 6 39
7 8 50
7 9 24
7 13 26
7 14 2
7 16 6
7 17 21
7 19 63
7 21 56
7 23 42
7 24 64
7 26 47
7 31 22
7 32 52
7 33 57
7 35 51
7 36 29
7 37 19
7 38 40
7 40 38
7 41 59
7 42 10
7 43 14
7 44 7
7 45 41
7 46 54
7 48 1
7 50 32
7 51 12
7 53 30
7 56 48
7 60 35
7 61 15
7 62 31
7 63 60
7 67 20
8 1 39
8 2 67
8 6 56
8 7 11
8 8 13
8 9 1
8 10 5
8 12 42
8 13 68
8 14 62
8 15 37
8 16 32
8 20 19
8 21 54
8 22 45
8 23 2
8 27 61
8 29 28
8 31 58
8 32 16
8 33 43
8 34 15
8 35 26
8 39 34
8 41 63
8 42 31
8 44 66
8 46 3
8 47 65
8 48 14
8 51 23
8 53 0
8 55 38
8 59 10
8 60 50
8 61 33
8 65 8
8 66 52
8 67 41
9 0 24
9 1 41
9 2 26
9 3 68
9 5 35
9 9 11
9 11 64
9 13 27
9 16 20
9 20 30
9 22 23
9 23 34
9 25 47
9 26 57
9 28 1
9 29 69
9 30 38
9 31 36
9 33 46
9 34 45
9 36 53
9 37 28
9 38 48
9 39 16
9 40 39
9 41 18
9 42 29
9 43 55
9 45 25
9 47 66
9 48 5
9 49 50
9 51 62
9 52 8
9 53 7
9 54 63
9 55 37
9 58 0
9 59 12
9 60 31
9 64 21
9 66 9
9 67 42
9 68 15
10 0 62
10 1 61
10 4 58
10 5 42
10 6 38
10 7 41
10 9 22
10 12 3
10 13 1
10 15 8
10 16 44
10 18 36
10 19 45
10 20 65
10 21 64
10 22 46
10 23 25
10 26 16
10 27 55
10 28 56
10 29 66
10 30 4
10 31 27
10 32 34
10 33 53
10 34 9
10 37 51
10 39 67
10 40 57
10 41 13
10 44 69
10 45 28
10 46 23
10 49 14
10 50 20
10 52 2
10 53 37
10 55 0
10 57 5
10 59 40
10 60 24
10 62 63
10 63 17
10 68 30
11 0 52
11 1 56
11 2 61
11 5 8
11 6 28
11 7 45
11 8 14
11 9 6
11 10 67
11 11 4
11 13 53
11 17 30
11 18 62
11 20 59
11 21 0
11 22 19
11 24 69
11 28 39
11 30 26
11 32 58
11 34 35
11 35 12
11 36 32
11 37 64
11 42 27
11 44 1
11 45 23
11 46 18
11 49 22
11 50 29
11 53 68
11 54 57
11 56 43
11 57 11
11 58 66
11 60 3
11 61 60
11 62 51
11 63 31
11 66 24
12 0 33
12 1 69
12 3 18
12 4 53
12 8 64
12 9 44
12 10 48
12 11 51
12 12 37
12 13 31
12 15 9
12 16 67
12 17 52
12 18 56
12 19 10
12 20 16
12 21 45
12 23 28
12 25 43
12 27 2
12 28 20
12 29 14
12 30 23
12 33 60
12 34 8
12 39 58
12 40 50
12 42 13
12 43 4
12 44 54
12 45 3
12 46 68
12 47 0
12 48 47
12 49 61
12 50 19
12 53 21
12 54 12
12 55 59
12 56 32
12 58 29
12 59 34
12 61 36
12 62 41
12 64 49
12 65 38
12 66 35
12 68 5
12 69 42
13 1 58
13 4 12
13 6 15
13 8 62
13 10 41
13 13 28
13 16 19
13 17 43
13 20 35
13 21 2
13 22 18
13 23 68
13 25 23
13 26 69
13 27 63
13 28 51
13 30 36
13 31 53
13 33 5
13 34 3
13 35 6
13 36 61
13 37 4
13 38 11
13 39 46
13 41 60
13 43 48
13 47 45
13 48 16
13 49 39
13 50 31
13 51 37
13 52 24
13 57 29
13 59 13
13 61 67
13 63 8
13 64 44
13 65 52
13 67 26
13 68 64
14 3 50
14 4 38
14 5 34
14 6 7
14 7 65
14 8 37
14 9 56
14 10 32
14 11 9
14 14 53
14 16 45
14 18 66
14 20 46
14 21 23
14 22 31
14 24 47
14 26 40
14 27 15
14 28 57
14 31 16
14 32 26
14 33 19
14 34 11
14 35 60
14 36 17
14 38 18
14 41 61
14 43 36
14 44 25
14 46 39
14 47 51
14 48 63
14 51 35
14 52 33
14 53 27
14 55 5
14 61 8
14 62 62
14 64 29
14 65 58
14 66 12
14 67 10
14 68 0
14 69 49
15 1 50
15 3 69
15 5 57
15 6 46
15 8 33
15 9 60
15 11 0
15 12 47
15 18 52
15 20 34
15 21 48
15 22 37
15 23 38
15 24 13
15 25 31
15 28 18
15 29 21
15 30 29
15 34 64
15 35 35
15 36 3
15 38 54
15 39 11
15 40 40
15 41 53
15 42 55
15 43 6
15 44 9
15 45 39
15 46 24
15 47 67
15 51 19
15 53 66
15 54 41
15 56 5
15 57 17
15 58 14
15 59 63
15 62 2
15 63 27
15 65 68
15 67 56
15 68 51
16 1 14
16 2 33
16 3 38
16 5 13
16 6 30
16 7 8
16 9 46
16 11 67
16 13 66
16 14 24
16 17 17
16 18 28
16 20 36
16 22 51
16 24 68
16 26 37
16 28 69
16 30 64
16 31 9
16 33 2
16 34 39
16 35 41
16 37 25
16 40 43
16 43 7
16 44 23
16 45 29
16 53 45
16 56 31
16 60 20
16 61 4
16 62 10
16 64 62
16 67 5
16 68 11
16 69 22
17 2 62
17 4 63
17 6 27
17 8 24
17 9 49
17 10 15
17 12 64
17 14 37
17 15 30
17 16 48
17 21 10
17 22 3
17 24 26
17 26 4
17 30 46
17 31 29
17 32 60
17 33 69
17 34 18
17 36 36
17 37 34
17 42 39
17 44 61
17 45 17
17 46 55
17 47 50
17 50 65
17 52 53
17 54 23
17 55 25
17 56 56
17 58 16
17 60 42
17 61 7
17 62 52
17 63 51
17 67 32
17 69 43
18 1 20
18 3 65
18 7 51
18 10 14
18 12 21
18 13 10
18 14 36
18 20 31
18 22 60
18 28 40
18 29 25
18 30 5
18 31 66
18 32 56
18 33 67
18 34 54
18 38 28
18 39 52
18 40 61
18 41 45
18 42 30
18 43 24
18 44 26
18 46 27
18 47 1
18 50 35
18 52 15
18 55 47
18 57 48
18 58 22
18 59 33
18 60 39
18 62 12
18 64 9
18 66 23
18 67 2
19 3 40
19 4 44
19 8 34
19 11 21
19 12 27
19 15 32
19 16 43
19 18 24
19 20 0
19 21 68
19 22 25
19 24 57
19 25 42
19 28 10
19 29 4
19 30 16
19 31 54
19 32 33
19 33 8
19 34 23
19 36 14
19 39 3
19 41 19
19 43 13
19 46 52
19 47 53
19 48 51
19 49 2
19 52 62
19 56 67
19 57 55
19 58 15
19 59 17
19 60 37
19 61 49
19 62 58
19 64 50
19 65 9
19 69 64
20 0 15
20 4 55
20 5 27
20 6 40
20 7 30
20 10 17
20 11 10
20 15 42
20 19 46
20 22 53
20 23 60
20 24 36
20 25 57
20 27 33
20 29 37
20 30 39
20 33 34
20 36 21
20 38 35
20 39 13
20 40 41
20 41 26
20 42 59
20 43 29
20 44 28
20 46 6
20 47 4
20 51 14
20 54 24
20 55 18
20 57 62
20 58 45
20 59 0
20 61 56
20 62 22
20 63 47
20 64 52
20 65 54
20 67 8
20 69 68
21 2 68
21 3 51
21 4 33
21 5 9
21 6 8
21 8 17
21 9 42
21 10 3
21 11 58
21 13 13
21 17 35
21 19 53
21 20 44
21 21 36
21 22 61
21 23 67
21 24 39
21 25 5
21 31 18
21 32 27
21 37 29
21 38 59
21 40 34
21 43 63
21 45 12
21 47 46
21 48 10
21 50 23
21 51 52
21 52 50
21 53 32
21 54 20
21 56 65
21 61 40
21 62 0
21 64 31
21 65 19
21 66 28
21 69 69
22 3 28
22 5 29
22 6 64
22 7 53
22 8 7
22 9 45
22 10 43
22 11 46
22 15 33
22 17 49
22 18 34
22 19 1
22 20 63
22 21 37
22 22 0
22 23 39
22 25 52
22 26 67
22 27 5
22 28 25
22 29 47
22 31 60
22 32 31
22 33 50
22 36 68
22 37 21
22 38 12
22 40 11
22 41 57
22 42 58
22 43 41
22 44 56
22 45 22
22 46 4
22 47 20
22 49 48
22 50 40
22 53 24
22 55 66
22 59 59
22 60 55
22 61 42
22 62 17
22 64 23
22 66 19
22 67 13
23 0 46
23 1 42
23 2 38
23 3 26
23 4 65
23 6 13
23 8 43
23 9 10
23 10 57
23 12 6
23 17 24
23 19 12
23 20 2
23 21 7
23 24 53
23 25 69
23 29 45
23 30 1
23 34 29
23 35 18
23 36 15
23 37 55
23 43 40
23 45 8
23 47 32
23 49 33
23 51 49
23 53 50
23 54 5
23 55 60
23 57 9
23 58 35
23 60 68
23 61 47
23 62 37
23 63 4
23 64 48
23 65 21
23 66 41
23 67 59
23 68 39
24 0 67
24 3 53
24 5 30
24 6 33
24 8 27
24 9 34
24 10 65
24 11 48
24 12 22
24 13 39
24 14 46
24 15 38
24 16 66
24 18 47
24 19 0
24 20 15
24 23 20
24 24 50
24 28 12
24 29 16
24 32 35
24 33 3
24 34 58
24 35 40
24 38 69
24 40 7
24 42 8
24 43 49
24 44 24
24 45 31
24 46 19
24 47 56
24 48 32
24 49 57
24 51 2
24 53 1
24 54 17
24 56 63
24 57 21
24 58 54
24 59 36
24 61 44
24 63 37
24 65 28
24 69 41
25 1 40
25 3 29
25 5 10
25 6 42
25 8 47
25 10 7
25 17 2
25 19 3
25 20 61
25 22 13
25 24 15
25 25 16
25 27 26
25 28 52
25 29 5
25 30 50
25 34 22
25 35 45
25 39 33
25 40 36
25 42 43
25 43 37
25 46 44
25 47 25
25 49 12
25 51 54
25 52 41
25 53 31
25 54 34
25 55 28
25 56 19
25 57 8
25 58 68
25 61 21
25 62 57
25 67 1
26 1 65
26 3 16
26 4 54
26 5 67
26 10 2
26 11 57
26 12 62
26 15 14
26 17 42
26 18 68
26 22 58
26 23 44
26 24 56
26 26 9
26 29 31
26 32 36
26 33 35
26 35 20
26 37 7
26 38 8
26 39 51
26 40 25
26 41 52
26 42 19
26 43 69
26 46 64
26 47 17
26 48 38
26 49 24
26 50 61
26 52 21
26 53 28
26 55 11
26 57 1
26 58 41
26 59 50
26 60 63
26 63 13
26 64 59
26 65 26
26 67 49
27 2 12
27 3 33
27 4 23
27 5 15
27 6 48
27 7 39
27 9 65
27 11 25
27 12 44
27 14 30
27 16 35
27 17 45
27 18 67
27 20 28
27 21 22
27 23 31
27 24 55
27 25 8
27 27 9
27 30 19
27 32 0
27 33 51
27 34 27
27 35 53
27 39 47
27 40 13
27 41 7
27 42 6
27 45 10
27 47 69
27 48 68
27 49 29
27 51 20
27 53 38
27 58 59
27 59 61
27 61 24
27 62 36
27 64 34
27 66 43
27 67 21
28 0 40
28 2 32
28 3 45
28 4 36
28 5 41
28 6 0
28 8 63
28 13 6
28 15 47
28 17 19
28 18 4
28 19 23
28 20 17
28 22 44
28 23 50
28 25 49
28 26 54
28 28 2
28 29 7
28 33 28
28 34 52
28 35 65
28 36 20
28 37 37
28 40 26
28 41 64
28 43 62
28 44 34
28 46 13
28 47 15
28 48 11
28 49 35
28 50 22
28 51 33
28 52 12
28 56 25
28 57 10
28 61 69
28 64 3
28 65 57
28 67 66
28 68 55
29 1 34
29 3 64
29 4 51
29 5 6
29 6 41
29 7 12
29 11 62
29 14 8
29 16 63
29 19 19
29 21 5
29 22 48
29 27 58
29 28 21
29 29 20
29 30 49
29 32 1
29 33 54
29 34 24
29 35 13
29 37 0
29 41 29
29 42 11
29 43 32
29 46 28
29 47 68
29 48 3
29 49 53
29 50 45
29 53 36
29 54 27
29 55 69
29 56 16
29 57 30
29 58 2
29 59 23
29 63 22
29 64 39
29 65 35
29 66 57
29 67 7
29 69 33
30 0 43
30 1 22
30 2 23
30 3 27
30 4 46
30 6 4
30 8 53
30 10 24
30 11 54
30 12 30
30 13 35
30 17 31
30 18 19
30 19 67
30 20 45
30 22 20
30 28 68
30 29 39
30 30 34
30 31 57
30 33 13
30 37 2
30 42 17
30 43 8
30 44 5
30 46 21
30 48 56
30 53 18
30 55 7
30 56 55
30 59 41
30 65 64
30 66 51
30 67 6
30 68 48
30 69 14
31 0 60
31 1 11
31 2 4
31 3 25
31 4 69
31 6 54
31 10 10
31 11 23
31 12 61
31 15 52
31 17 56
31 18 9
31 19 68
31 20 42
31 23 8
31 24 34
31 25 26
31 27 48
31 28 13
31 29 17
31 30 0
31 32 3
31 33 64
31 34 2
31 36 1
31 37 20
31 38 5
31 41 65
31 44 62
31 47 37
31 48 40
31 51 27
31 52 6
31 53 59
31 54 32
31 57 46
31 60 19
31 62 14
31 63 24
31 64 47
31 66 53
32 0 21
32 1 17
32 3 9
32 5 37
32 6 59
32 8 3
32 9 2
32 10 36
32 11 13
32 18 16
32 19 29
32 20 68
32 21 24
32 22 57
32 23 54
32 24 44
32 25 53
32 29 1
32 30 7
32 32 14
32 33 48
32 35 19
32 36 43
32 40 27
32 41 51
32 42 20
32 43 46
32 45 62
32 46 25
32 49 10
32 50 34
32 54 66
32 55 58
32 56 11
32 57 32
32 63 41
32 66 49
32 67 38
32 68 47
33 3 61
33 4 60
33 5 24
33 6 51
33 8 41
33 9 27
33 10 40
33 11 50
33 12 1
33 13 49
33 14 59
33 15 21
33 17 11
33 19 26
33 20 58
33 21 35
33 22 67
33 23 45
33 24 37
33 25 6
33 27 57
33 29 33
33 31 7
33 33 55
33 35 14
33 36 52
33 38 0
33 39 63
33 43 66
33 44 15
33 45 34
33 46 65
33 49 9
33 50 69
33 51 64
33 52 20
33 53 2
33 54 43
33 56 8
33 58 62
33 59 22
33 61 17
33 63 3
33 64 16
33 69 54
34 0 59
34 1 45
34 2 20
34 3 39
34 4 61
34 5 36
34 6 23
34 7 21
34 8 40
34 11 42
34 13 43
34 14 44
34 15 69
34 16 46
34 19 37
34 22 49
34 24 28
34 25 51
34 26 17
34 28 64
34 30 12
34 31 24
34 32 22
34 34 50
34 35 25
34 37 15
34 38 10
34 40 8
34 41 66
34 44 18
34 46 11
34 47 13
34 49 65
34 50 4
34 52 68
34 54 54
34 55 63
34 57 6
34 58 31
34 59 60
34 61 26
34 62 33
34 66 14
34 67 55
34 68 7
34 69 5
35 0 50
35 2 18
35 3 22
35 4 16
35 5 61
35 7 57
35 8 30
35 11 6
35 14 40
35 15 41
35 16 55
35 18 27
35 19 64
35 21 28
35 23 56
35 24 58
35 27 1
35 29 53
35 30 63
35 32 38
35 34 47
35 38 25
35 40 33
35 41 23
35 43 34
35 44 68
35 45 11
35 46 48
35 47 9
35 49 62
35 50 49
35 52 46
35 54 31
35 56 3
35 60 5
35 61 12
35 62 35
35 63 43
35 64 24
35 66 37
35 67 15
35 68 14
35 69 19
36 0 65
36 3 24
36 4 25
36 5 66
36 7 58
36 8 1
36 10 0
36 14 67
36 15 45
36 16 51
36 19 43
36 20 3
36 21 18
36 23 69
36 24 54
36 28 62
36 30 15
36 33 17
36 34 5
36 35 42
36 37 63
36 38 26
36 39 37
36 41 27
36 42 56
36 43 10
36 44 4
36 46 53
36 47 21
36 49 55
36 53 48
36 54 22
36 55 40
36 59 8
36 61 46
36 63 57
36 64 7
36 66 13
36 68 68
36 69 2
37 2 13
37 3 67
37 4 56
37 5 33
37 6 24
37 7 0
37 8 52
37 9 18
37 10 44
37 11 32
37 12 57
37 13 12
37 14 58
37 16 21
37 18 15
37 19 7
37 20 23
37 22 8
37 26 26
37 27 29
37 29 6
37 30 41
37 31 30
37 33 47
37 34 68
37 35 11
37 37 46
37 38 17
37 39 35
37 40 9
37 41 10
37 42 61
37 46 20
37 48 64
37 49 1
37 50 3
37 51 25
37 52 45
37 53 5
37 55 48
37 59 62
37 61 63
37 62 49
37 63 40
37 67 36
38 1 37
38 2 56
38 3 8
38 5 58
38 6 62
38 7 26
38 8 54
38 9 23
38 12 17
38 15 68
38 16 47
38 17 39
38 18 6
38 21 9
38 22 36
38 23 1
38 24 49
38 27 0
38 28 5
38 30 30
38 35 48
38 38 50
38 39 28
38 40 14
38 42 33
38 43 12
38 44 52
38 45 2
38 46 46
38 47 60
38 49 40
38 50 43
38 51 66
38 57 64
38 58 21
38 60 29
38 61 41
38 62 32
38 66 20
38 68 19
39 0 7
39 2 21
39 3 14
39 4 22
39 8 25
39 10 8
39 11 44
39 12 33
39 13 64
39 17 26
39 18 53
39 19 9
39 20 32
39 21 20
39 22 27
39 25 62
39 26 23
39 27 37
39 28 35
39 30 24
39 32 39
39 33 16
39 40 68
39 41 36
39 42 60
39 44 38
39 45 54
39 46 49
39 50 15
39 51 63
39 52 17
39 53 56
39 54 51
39 57 3
39 58 5
39 60 13
39 62 45
39 63 18
39 65 6
39 67 29
40 0 44
40 1 10
40 2 37
40 3 47
40 5 20
40 6 17
40 7 33
40 8 28
40 11 68
40 14 52
40 16 49
40 18 65
40 19 51
40 21 4
40 22 54
40 23 24
40 24 18
40 25 36
40 28 31
40 29 23
40 30 9
40 33 66
40 34 46
40 41 58
40 42 25
40 43 67
40 44 14
40 45 64
40 46 69
40 47 7
40 49 30
40 50 0
40 52 34
40 54 3
40 55 35
40 56 12
40 57 38
40 62 16
40 63 50
40 64 5
40 65 63
40 66 59
40 67 62
40 68 41
41 1 47
41 2 48
41 3 43
41 6 55
41 7 18
41 9 12
41 11 33
41 15 50
41 16 27
41 17 15
41 18 54
41 20 62
41 21 25
41 22 39
41 25 63
41 27 38
41 32 5
41 33 32
41 36 10
41 38 14
41 39 2
41 40 19
41 42 66
41 43 60
41 44 3
41 46 59
41 49 34
41 52 65
41 54 1
41 55 30
41 56 42
41 57 37
41 58 26
41 59 44
41 60 23
41 61 20
41 62 21
41 63 58
41 65 49
41 68 36
42 0 54
42 1 23
42 2 43
42 3 6
42 4 13
42 5 46
42 6 14
42 7 60
42 10 35
42 11 41
42 13 7
42 14 50
42 16 25
42 18 57
42 19 55
42 21 66
42 23 5
42 24 1
42 25 18
42 26 32
42 28 16
42 29 67
42 34 61
42 35 39
42 36 11
42 39 19
42 40 69
42 41 37
42 44 64
42 45 63
42 46 33
42 47 10
42 48 44
42 49 31
42 51 17
42 52 52
42 53 49
42 54 62
42 55 22
42 56 28
42 59 48
42 60 9
42 62 26
42 63 56
42 65 3
42 66 38
42 68 27
43 1 43
43 2 31
43 3 57
43 4 62
43 5 5
43 6 45
43 7 49
43 8 55
43 9 3
43 10 26
43 11 65
43 13 29
43 16 14
43 18 35
43 19 48
43 20 69
43 22 34
43 23 53
43 24 30
43 25 46
43 29 22
43 30 33
43 32 41
43 34 4
43 36 54
43 39 68
43 41 21
43 43 23
43 44 27
43 46 7
43 47 44
43 48 24
43 50 52
43 51 38
43 52 25
43 54 50
43 55 9
43 56 13
43 57 18
43 58 11
43 59 2
43 60 58
43 64 66
43 65 16
43 68 8
43 69 17
44 0 68
44 6 66
44 7 62
44 9 0
44 10 23
44 11 16
44 12 34
44 13 54
44 15 43
44 16 30
44 17 36
44 18 38
44 19 15
44 21 14
44 26 1
44 27 11
44 28 49
44 29 32
44 32 63
44 37 5
44 38 37
44 39 40
44 41 2
44 43 3
44 45 58
44 46 41
44 48 33
44 49 13
44 51 18
44 52 10
44 53 8
44 54 64
44 59 26
44 60 44
44 61 19
44 63 53
44 64 20
44 67 28
44 68 52
44 69 67
45 0 22
45 2 41
45 5 40
45 9 19
45 15 51
45 16 23
45 17 8
45 19 56
45 20 54
45 23 33
45 24 5
45 25 64
45 28 14
45 29 15
45 30 18
45 31 44
45 32 24
45 34 53
45 35 9
45 36 13
45 38 1
45 39 12
45 42 26
45 44 17
45 45 49
45 47 62
45 49 11
45 52 61
45 58 36
45 60 4
45 61 6
45 62 43
45 63 32
45 65 47
45 66 48
45 67 34
45 68 2
45 69 3
46 1 49
46 3 54
46 6 10
46 8 48
46 9 64
46 11 5
46 12 32
46 13 44
46 14 6
46 16 29
46 17 63
46 19 30
46 20 40
46 21 31
46 23 35
46 24 42
46 25 2
46 27 50
46 29 18
46 31 62
46 32 15
46 33 26
46 35 47
46 36 24
46 37 8
46 41 67
46 42 4
46 43 59
46 45 56
46 47 19
46 48 12
46 49 51
46 50 57
46 53 60
46 54 61
46 57 28
46 58 69
46 60 17
46 61 37
46 62 1
46 63 46
46 64 33
46 65 41
46 67 23
46 68 9
47 1 54
47 2 24
47 4 1
47 5 52
47 7 28
47 9 14
47 10 60
47 11 55
47 13 58
47 14 48
47 20 49
47 25 4
47 26 22
47 27 20
47 30 62
47 32 46
47 34 69
47 35 36
47 38 19
47 39 66
47 41 50
47 42 9
47 47 5
47 49 41
47 50 10
47 51 45
47 52 64
47 53 43
47 58 63
47 60 18
47 61 53
47 62 59
47 65 32
47 66 31
47 68 29
48 0 57
48 1 64
48 2 50
48 3 23
48 4 37
48 5 7
48 8 2
48 9 15
48 11 66
48 14 11
48 15 49
48 16 58
48 18 40
48 20 5
48 21 16
48 22 6
48 23 22
48 31 67
48 33 1
48 34 28
48 35 52
48 36 30
48 37 59
48 38 27
48 40 10
48 42 63
48 43 21
48 44 13
48 45 18
48 46 29
48 48 41
48 49 32
48 51 53
48 52 48
48 53 51
48 58 33
48 60 26
48 61 14
48 62 38
48 64 61
48 65 34
48 68 56
48 69 46
49 0 23
49 1 67
49 2 9
49 3 44
49 6 47
49 8 57
49 9 38
49 11 60
49 13 59
49 14 22
49 17 28
49 18 39
49 19 17
49 20 12
49 21 34
49 24 14
49 25 35
49 28 32
49 30 66
49 32 45
49 33 31
49 34 19
49 35 4
49 37 10
49 38 6
49 42 53
49 44 51
49 45 21
49 46 8
49 47 2
49 49 37
49 50 24
49 51 58
49 53 55
49 56 68
49 58 50
49 59 3
49 62 5
49 64 18
49 67 40
49 68 54
50 0 32
50 4 48
50 8 56
50 9 21
50 10 33
50 11 30
50 14 10
50 15 3
50 16 22
50 17 16
50 20 50
50 23 65
50 25 67
50 26 36
50 28 28
50 29 57
50 30 25
50 31 26
50 34 51
50 35 0
50 36 42
50 37 60
50 39 38
50 40 58
50 41 12
50 43 9
50 46 17
50 47 54
50 48 27
50 49 18
50 50 11
50 52 4
50 53 44
50 55 15
50 57 53
50 60 62
50 61 68
50 63 19
50 66 6
50 68 31
51 1 59
51 2 34
51 3 36
51 5 62
51 6 32
51 9 51
51 10 12
51 12 25
51 14 56
51 15 54
51 16 57
51 17 53
51 18 64
51 20 11
51 22 50
51 23 41
51 24 6
51 25 19
51 27 3
51 28 43
51 30 69
51 31 45
51 32 21
51 34 37
51 35 8
51 36 39
51 37 16
51 38 33
51 41 35
51 42 15
51 43 17
51 44 65
51 45 13
51 46 63
51 47 30
51 48 48
51 49 44
51 51 55
51 53 67
51 54 18
51 55 2
51 56 46
51 57 27
51 58 28
51 59 31
51 61 29
51 62 23
51 63 5
51 64 68
51 65 20
51 67 14
51 68 58
52 1 31
52 2 66
52 3 49
52 4 14
52 5 45
52 9 54
52 12 18
52 13 34
52 14 23
52 21 32
52 23 48
52 25 0
52 26 58
52 28 37
52 31 41
52 34 10
52 37 36
52 38 16
52 39 17
52 41 40
52 43 25
52 46 5
52 48 65
52 49 43
52 50 67
52 54 8
52 56 27
52 60 21
52 62 20
52 64 6
52 65 30
52 66 44
52 67 46
53 1 52
53 2 1
53 3 41
53 4 50
53 6 2
53 7 48
53 12 8
53 13 33
53 16 37
53 18 14
53 22 43
53 23 23
53 25 9
53 26 30
53 27 25
53 29 34
53 31 13
53 35 69
53 36 26
53 37 44
53 38 63
53 39 24
53 41 54
53 43 20
53 45 60
53 46 61
53 48 46
53 49 7
53 52 18
53 54 53
53 55 51
53 56 47
53 57 49
53 59 5
53 63 42
53 64 19
53 66 66
53 67 17
53 68 6
53 69 15
54 0 37
54 2 29
54 4 24
54 6 1
54 7 4
54 9 68
54 10 21
54 12 23
54 15 12
54 16 13
54 19 66
54 22 26
54 23 19
54 24 33
54 25 59
54 26 50
54 27 67
54 30 61
54 31 38
54 34 7
54 35 56
54 36 16
54 38 64
54 39 22
54 40 35
54 41 39
54 42 46
54 43 15
54 44 53
54 45 45
54 46 42
54 48 17
54 49 5
54 52 44
54 53 10
54 54 2
54 55 6
54 56 40
54 58 49
54 59 32
54 60 11
54 61 62
54 62 25
54 63 20
54 66 3
54 67 60
54 68 28
54 69 57
55 0 20
55 2 52
55 3 21
55 4 28
55 6 3
55 7 2
55 10 34
55 12 26
55 15 23
55 17 10
55 18 5
55 19 6
55 20 51
55 21 8
55 23 29
55 25 13
55 26 19
55 27 18
55 31 63
55 32 4
55 33 41
55 34 38
55 36 47
55 38 58
55 39 14
55 41 44
55 43 11
55 45 61
55 47 16
55 50 42
55 52 1
55 53 35
55 54 9
55 55 62
55 57 60
55 58 48
55 59 7
55 61 27
55 62 56
55 63 66
55 65 24
55 69 53
56 0 12
56 1 26
56 2 69
56 3 19
56 4 41
56 6 35
56 7 7
56 9 20
56 11 18
56 12 48
56 13 9
56 14 39
56 15 6
56 17 44
56 18 29
56 19 13
56 21 50
56 22 55
56 24 62
56 28 66
56 29 51
56 31 59
56 33 68
56 34 49
56 37 40
56 38 4
56 39 53
56 40 24
56 41 47
56 42 52
56 43 22
56 44 32
56 45 15
56 48 31
56 51 36
56 52 11
56 54 46
56 57 43
56 60 33
56 62 3
56 65 37
56 66 58
56 68 21
56 69 63
57 0 49
57 1 32
57 6 37
57 7 16
57 8 35
57 9 30
57 11 15
57 12 53
57 13 21
57 14 54
57 17 40
57 18 50
57 19 27
57 20 56
57 22 47
57 25 28
57 26 2
57 27 41
57 29 46
57 30 31
57 31 14
57 32 8
57 34 66
57 35 57
57 36 23
57 37 18
57 38 68
57 39 7
57 40 51
57 42 36
57 43 61
57 44 11
57 47 24
57 48 67
57 49 64
57 51 43
57 53 62
57 54 0
57 55 29
57 56 10
57 57 22
57 58 13
57 59 65
57 60 6
57 61 45
57 62 55
57 66 1
57 67 44
57 68 20
57 69 26
58 0 0
58 1 66
58 3 11
58 5 38
58 7 55
58 8 21
58 9 43
58 10 30
58 11 19
58 13 2
58 16 53
58 18 60
58 19 24
58 20 52
58 22 14
58 25 56
58 26 61
58 27 35
58 29 26
58 30 44
58 31 17
58 32 10
58 34 6
58 35 62
58 38 36
58 40 28
58 42 5
58 43 45
58 44 46
58 45 37
58 49 58
58 51 47
58 52 27
58 56 54
58 57 40
58 59 42
58 60 7
58 61 3
58 63 23
58 65 1
58 66 4
58 69 48
59 1 1
59 3 4
59 4 64
59 6 53
59 8 29
59 9 50
59 10 56
59 13 52
59 14 13
59 16 17
59 18 43
59 19 16
59 20 60
59 21 51
59 24 0
59 26 6
59 27 24
59 28 33
59 31 19
59 33 14
59 34 40
59 35 59
59 41 22
59 42 32
59 45 26
59 46 15
59 47 35
59 48 62
59 51 41
59 53 54
59 54 68
59 55 10
59 56 69
59 58 7
59 60 36
59 63 28
59 64 27
59 65 46
59 66 30
59 67 57
59 69 39
60 0 69
60 3 56
60 5 39
60 8 26
60 9 29
60 10 59
60 11 1
60 15 66
60 16 33
60 17 60
60 20 53
60 21 42
60 22 2
60 23 57
60 24 19
60 26 13
60 27 8
60 29 3
60 30 22
60 31 46
60 32 12
60 33 44
60 34 63
60 35 23
60 36 27
60 38 49
60 39 5
60 41 43
60 42 16
60 44 58
60 45 36
60 46 37
60 48 54
60 49 17
60 51 50
60 54 52
60 57 35
60 58 20
60 59 4
60 62 47
60 63 68
60 66 18
60 67 9
60 68 10
60 69 21
61 1 33
61 3 32
61 4 67
61 5 56
61 6 68
61 7 5
61 9 47
61 11 14
61 12 31
61 13 63
61 14 20
61 16 34
61 17 55
61 18 18
61 19 58
61 20 21
61 22 38
61 23 11
61 24 2
61 26 15
61 27 13
61 30 59
61 31 28
61 32 62
61 33 40
61 34 17
61 35 54
61 36 9
61 39 64
61 40 29
61 41 25
61 43 35
61 44 41
61 45 48
61 46 22
61 47 6
61 48 39
61 52 30
61 53 23
61 56 4
61 57 57
61 59 43
61 60 52
61 61 51
61 62 65
61 64 12
61 65 50
61 69 7
62 1 46
62 4 27
62 5 23
62 6 21
62 8 9
62 9 35
62 10 49
62 11 61
62 13 55
62 14 69
62 15 24
62 19 50
62 20 26
62 24 11
62 25 29
62 28 42
62 31 33
62 33 6
62 34 59
62 35 30
62 37 53
62 38 13
62 40 5
62 41 8
62 43 56
62 44 48
62 45 47
62 46 31
62 47 22
62 48 28
62 51 16
62 52 54
62 53 20
62 54 45
62 57 51
62 58 52
62 59 57
62 61 39
62 67 64
62 69 0
63 2 45
63 3 37
63 6 12
63 11 28
63 12 38
63 13 3
63 14 5
63 16 42
63 18 59
63 20 8
63 21 15
63 23 58
63 26 33
63 28 9
63 31 21
63 32 49
63 33 30
63 34 26
63 38 29
63 39 54
63 40 0
63 41 46
63 42 62
63 43 27
63 45 40
63 46 66
63 47 41
63 48 69
63 49 60
63 50 47
63 52 51
63 53 53
63 54 11
63 55 13
63 56 61
63 57 23
63 60 57
63 61 34
63 62 18
63 66 64
63 68 25
63 69 50
64 0 41
64 1 25
64 2 14
64 3 1
64 4 43
64 5 50
64 9 17
64 10 54
64 12 35
64 13 48
64 17 0
64 18 12
64 19 60
64 20 9
64 21 59
64 22 11
64 23 64
64 24 8
64 25 24
64 26 29
64 27 27
64 30 6
64 34 33
64 35 32
64 37 62
64 38 53
64 41 56
64 43 42
64 45 57
64 47 40
64 48 52
64 49 21
64 50 68
64 52 5
64 53 47
64 54 16
64 56 38
64 57 19
64 61 31
64 63 45
64 65 15
64 66 10
64 68 63
65 0 3
65 3 35
65 4 30
65 5 43
65 6 16
65 8 69
65 9 7
65 10 39
65 11 56
65 12 24
65 14 29
65 15 17
65 17 48
65 18 22
65 21 44
65 22 32
65 23 46
65 24 23
65 26 41
65 29 54
65 30 10
65 31 52
65 32 40
65 33 12
65 34 67
65 36 59
65 38 51
65 40 21
65 41 20
65 42 2
65 43 18
65 45 42
65 46 60
65 49 47
65 50 9
65 51 28
65 52 49
65 57 0
65 58 64
65 61 1
65 62 6
65 64 15
65 67 53
65 69 37
66 0 1
66 1 6
66 2 57
66 3 7
66 4 66
66 6 58
66 7 29
66 8 12
66 10 61
66 12 51
66 15 40
66 16 56
66 18 69
66 19 32
66 20 14
66 22 16
66 24 31
66 26 39
66 28 19
66 29 68
66 30 8
66 33 23
66 35 55
66 37 13
66 38 67
66 39 9
66 40 54
66 41 30
66 42 49
66 44 60
66 46 62
66 48 53
66 50 2
66 51 5
66 55 46
66 56 21
66 58 10
66 59 47
66 60 28
66 61 43
66 63 34
66 64 41
66 65 11
66 66 63
66 67 18
66 68 4
66 69 20
67 0 56
67 3 10
67 4 15
67 5 22
67 7 68
67 11 39
67 13 45
67 14 3
67 15 58
67 16 8
67 17 33
67 18 2
67 19 14
67 20 1
67 29 62
67 31 50
67 32 66
67 34 41
67 35 16
67 36 64
67 37 31
67 38 32
67 39 27
67 40 18
67 41 49
67 43 30
67 45 24
67 47 63
67 49 52
67 51 60
67 52 26
67 53 11
67 54 40
67 55 54
67 56 23
67 57 44
67 59 46
67 60 69
67 61 65
67 62 7
67 64 4
67 66 21
67 67 67
67 69 25
68 0 42
68 1 27
68 2 58
68 5 14
68 6 11
68 7 9
68 8 61
68 9 62
68 10 51
68 12 60
68 13 22
68 17 32
68 18 1
68 19 59
68 20 6
68 21 40
68 23 66
68 24 41
68 25 54
68 26 0
68 28 50
68 31 65
68 32 64
68 33 33
68 34 48
68 35 49
68 36 25
68 37 35
68 38 39
68 44 63
68 48 34
68 49 36
68 54 56
68 59 37
68 61 23
68 62 30
68 64 45
68 66 68
68 68 16
69 1 9
69 2 15
69 4 3
69 5 49
69 6 25
69 7 22
69 8 60
69 9 13
69 12 16
69 15 48
69 16 68
69 18 26
69 20 64
69 21 41
69 22 33
69 23 6
69 24 63
69 25 45
69 26 46
69 27 21
69 28 17
69 31 47
69 33 52
69 35 31
69 38 55
69 41 11
69 42 40
69 43 51
69 45 0
69 48 43
69 49 27
69 51 8
69 52 19
69 54 65
69 56 29
69 57 56
69 59 18
69 60 59
69 61 66
69 63 7
69 64 1
69 67 58
