60
0 0 44
0 1 21
0 2 14
0 3 4
0 6 16
0 7 33
0 8 0
0 10 15
0 11 1
0 12 35
0 13 25
0 14 43
0 16 58
0 17 55
0 18 31
0 19 51
0 20 37
0 24 12
0 25 7
0 29 3
0 31 52
0 32 34
0 33 30
0 34 6
0 35 28
0 37 45
0 38 10
0 39 26
0 42 36
0 43 23
0 44 24
0 47 22
0 49 46
0 51 8
0 54 2
0 55 38
0 56 59
0 57 48
0 59 29
1 1 7
1 2 16
1 3 41
1 4 36
1 5 43
1 8 54
1 10 2
1 12 53
1 13 38
1 23 22
1 25 59
1 28 12
1 29 17
1 30 52
1 32 1
1 35 4
1 36 39
1 37 42
1 38 57
1 40 19
1 42 56
1 43 31
1 46 13
1 48 37
1 49 51
1 50 24
1 51 50
1 53 40
1 55 35
1 56 5
1 57 28
1 58 18
1 59 26
2 0 11
2 1 41
2 4 13
2 5 29
2 6 38
2 7 34
2 8 36
2 12 52
2 13 51
2 16 20
2 17 21
2 18 33
2 19 58
2 23 53
2 27 27
2 28 57
2 30 24
2 31 8
2 33 17
2 35 0
2 36 40
2 37 44
2 41 25
2 43 30
2 45 16
2 48 35
2 49 5
2 50 12
2 51 14
2 54 1
2 57 7
2 58 26
2 59 10
3 0 26
3 1 16
3 2 30
3 3 37
3 4 49
3 6 47
3 7 44
3 8 53
3 10 36
3 11 29
3 12 3
3 13 0
3 14 57
3 16 31
3 19 55
3 21 51
3 22 46
3 23 42
3 26 10
3 27 25
3 28 43
3 29 35
3 31 23
3 32 4
3 33 45
3 34 32
3 35 6
3 36 58
3 38 34
3 39 41
3 41 14
3 42 2
3 43 8
3 45 24
3 46 39
3 49 48
3 50 33
3 52 56
3 53 59
3 56 13
3 57 5
4 0 43
4 2 19
4 4 7
4 5 36
4 6 15
4 8 25
4 9 47
4 10 38
4 11 13
4 12 16
4 13 52
4 15 58
4 16 12
4 17 10
4 19 4
4 20 55
4 21 53
4 22 32
4 24 0
4 27 31
4 29 34
4 31 51
4 32 59
4 33 5
4 35 27
4 36 30
4 37 6
4 38 14
4 40 40
4 41 11
4 42 44
4 44 3
4 46 22
4 47 18
4 48 42
4 50 41
4 51 35
4 52 57
4 54 9
4 56 46
4 57 39
4 59 21
5 0 8
5 3 29
5 4 44
5 5 1
5 6 13
5 7 27
5 9 34
5 10 5
5 11 24
5 13 12
5 15 39
5 16 22
5 17 23
5 19 19
5 21 18
5 23 50
5 24 26
5 26 9
5 27 51
5 28 33
5 30 7
5 31 17
5 32 46
5 33 20
5 34 42
5 35 16
5 36 11
5 37 36
5 38 54
5 39 25
5 41 55
5 43 59
5 44 49
5 45 56
5 47 30
5 48 15
5 49 31
5 50 58
5 53 10
5 54 45
5 57 47
5 58 40
5 59 2
6 0 38
6 1 46
6 2 34
6 3 31
6 4 28
6 8 10
6 9 44
6 10 14
6 12 51
6 13 29
6 15 47
6 17 36
6 19 39
6 21 15
6 26 52
6 27 32
6 28 22
6 31 5
6 32 18
6 33 1
6 35 11
6 36 48
6 37 4
6 43 21
6 45 27
6 46 12
6 47 6
6 48 20
6 49 25
6 54 24
6 57 8
7 2 10
7 4 45
7 8 46
7 9 2
7 12 0
7 13 24
7 14 13
7 15 17
7 16 21
7 20 43
7 22 9
7 23 8
7 24 25
7 25 1
7 26 34
7 27 16
7 28 40
7 29 38
7 30 4
7 31 55
7 32 31
7 33 44
7 34 23
7 36 7
7 37 19
7 38 32
7 41 41
7 42 5
7 44 28
7 45 58
7 46 52
7 47 35
7 48 27
7 49 42
7 50 51
7 51 15
7 54 36
7 57 12
7 59 50
8 0 52
8 1 47
8 3 36
8 5 14
8 7 39
8 9 26
8 10 28
8 13 46
8 14 41
8 15 31
8 16 1
8 17 0
8 18 34
8 19 11
8 20 48
8 22 37
8 23 45
8 24 22
8 25 50
8 31 13
8 32 53
8 33 19
8 35 3
8 36 32
8 38 6
8 39 17
8 40 35
8 41 24
8 42 9
8 44 20
8 45 55
8 47 4
8 48 30
8 51 5
8 52 54
8 57 57
8 58 2
9 2 41
9 3 21
9 4 8
9 6 3
9 7 1
9 8 50
9 13 26
9 14 31
9 16 33
9 18 6
9 19 34
9 23 57
9 24 43
9 27 5
9 32 10
9 34 7
9 36 42
9 38 18
9 40 15
9 41 16
9 43 58
9 44 53
9 45 51
9 48 13
9 49 56
9 50 37
9 51 2
9 54 12
9 55 11
9 56 49
9 57 32
9 58 19
9 59 38
10 1 10
10 2 50
10 4 37
10 5 27
10 7 14
10 9 3
10 10 59
10 12 31
10 14 28
10 17 24
10 18 47
10 20 8
10 21 34
10 22 44
10 23 0
10 24 52
10 25 58
10 27 15
10 30 29
10 32 22
10 33 57
10 34 13
10 36 26
10 37 21
10 38 1
10 40 18
10 42 32
10 44 23
10 45 42
10 46 46
10 47 33
10 49 35
10 51 30
10 54 41
10 57 38
10 58 45
11 1 44
11 2 31
11 3 40
11 5 18
11 6 21
11 7 10
11 9 19
11 11 55
11 12 33
11 14 25
11 15 24
11 16 14
11 17 39
11 18 7
11 20 13
11 21 4
11 22 17
11 23 58
11 25 57
11 27 22
11 28 36
11 29 27
11 30 20
11 31 32
11 32 41
11 33 15
11 34 2
11 36 5
11 37 8
11 38 26
11 42 35
11 43 53
11 45 6
11 46 1
11 47 45
11 48 54
11 49 0
11 52 47
11 53 56
11 55 48
11 57 23
11 58 12
11 59 34
12 2 39
12 3 17
12 5 48
12 6 34
12 8 1
12 11 32
12 12 5
12 13 23
12 17 3
12 19 13
12 20 18
12 22 24
12 24 29
12 25 45
12 26 26
12 29 43
12 33 16
12 35 7
12 36 19
12 38 41
12 39 37
12 41 4
12 42 57
12 46 21
12 47 54
12 48 12
12 50 35
12 51 42
12 52 10
12 54 55
12 55 46
12 57 9
12 58 53
12 59 28
13 0 2
13 2 49
13 6 19
13 7 3
13 8 35
13 10 47
13 11 4
13 12 39
13 13 21
13 14 58
13 15 56
13 16 57
13 18 48
13 20 33
13 21 50
13 22 26
13 24 34
13 25 28
13 27 1
13 30 31
13 32 12
13 33 37
13 35 55
13 37 53
13 38 17
13 39 43
13 40 7
13 41 36
13 42 11
13 43 27
13 44 18
13 45 0
13 47 9
13 48 8
13 50 30
13 51 46
13 52 38
13 53 24
13 54 16
13 56 32
13 57 10
14 0 54
14 1 51
14 3 6
14 4 22
14 5 10
14 6 57
14 7 4
14 9 1
14 11 27
14 12 29
14 13 40
14 14 35
14 15 32
14 16 36
14 17 34
14 18 11
14 20 3
14 22 58
14 25 14
14 26 59
14 31 53
14 33 24
14 35 2
14 36 56
14 38 50
14 39 12
14 41 13
14 42 17
14 43 19
14 44 45
14 45 21
14 46 18
14 47 49
14 48 5
14 50 0
14 51 26
14 53 46
14 54 20
14 56 15
14 57 44
15 1 25
15 2 26
15 3 55
15 6 17
15 7 24
15 10 12
15 11 10
15 12 32
15 13 19
15 16 50
15 17 37
15 18 29
15 26 11
15 28 31
15 31 14
15 37 56
15 38 16
15 40 36
15 42 20
15 43 49
15 44 35
15 47 44
15 48 28
15 49 57
15 50 27
15 54 51
15 55 53
15 56 47
15 58 6
15 59 46
16 0 27
16 2 51
16 4 20
16 6 24
16 7 36
16 8 43
16 9 48
16 11 31
16 13 42
16 14 14
16 15 57
16 16 46
16 17 13
16 18 17
16 20 40
16 21 2
16 23 29
16 25 53
16 28 59
16 29 56
16 30 19
16 33 12
16 34 44
16 36 23
16 37 25
16 38 37
16 39 54
16 41 18
16 44 34
16 45 41
16 46 10
16 47 58
16 48 26
16 50 5
16 51 7
16 52 30
16 53 38
16 55 45
16 56 1
16 57 22
16 58 28
16 59 52
17 1 5
17 8 57
17 9 0
17 10 1
17 12 6
17 14 12
17 21 22
17 22 47
17 24 27
17 25 51
17 26 41
17 28 39
17 29 53
17 30 46
17 31 25
17 32 52
17 33 48
17 35 13
17 39 36
17 40 16
17 41 49
17 42 23
17 44 58
17 45 4
17 46 56
17 47 37
17 49 11
17 50 40
17 51 17
17 52 31
17 53 32
17 55 44
17 57 2
17 59 19
18 0 46
18 1 54
18 2 28
18 3 48
18 4 9
18 7 30
18 9 57
18 10 58
18 11 20
18 13 13
18 14 52
18 15 5
18 18 4
18 19 32
18 21 40
18 23 56
18 25 27
18 28 45
18 31 36
18 32 50
18 35 29
18 36 44
18 37 43
18 38 53
18 39 1
18 40 59
18 41 31
18 42 16
18 43 39
18 44 47
18 45 38
18 47 12
18 48 7
18 51 10
18 53 14
18 54 21
18 55 33
18 56 6
18 58 3
18 59 18
19 0 29
19 2 47
19 3 49
19 4 23
19 5 16
19 8 33
19 9 58
19 11 18
19 12 38
19 15 10
19 16 40
19 17 48
19 19 1
19 20 11
19 22 51
19 23 30
19 24 13
19 25 15
19 26 37
19 27 0
19 28 54
19 30 53
19 31 56
19 35 24
19 36 8
19 37 26
19 38 21
19 39 4
19 40 28
19 41 2
19 42 27
19 43 46
19 44 59
19 45 25
19 46 19
19 47 14
19 48 6
19 49 17
19 52 22
19 53 50
19 54 32
19 55 20
19 57 31
20 0 42
20 1 57
20 2 2
20 3 27
20 4 17
20 6 28
20 9 20
20 10 26
20 11 53
20 14 6
20 16 29
20 18 46
20 19 10
20 21 1
20 23 11
20 24 5
20 25 4
20 27 23
20 28 35
20 32 54
20 33 41
20 35 44
20 39 49
20 40 56
20 41 9
20 42 8
20 44 22
20 46 36
20 47 43
20 48 59
20 49 19
20 50 13
20 51 24
20 53 52
20 54 58
20 55 37
20 58 16
20 59 30
21 0 12
21 1 33
21 2 58
21 3 22
21 5 57
21 8 49
21 9 51
21 11 7
21 12 13
21 13 1
21 15 41
21 17 17
21 18 56
21 20 59
21 23 15
21 24 35
21 25 40
21 26 32
21 27 24
21 28 10
21 30 36
21 31 30
21 33 23
21 35 48
21 38 27
21 39 46
21 41 6
21 42 38
21 43 0
21 44 55
21 45 20
21 46 25
21 47 5
21 48 4
21 49 39
21 50 14
21 53 44
21 55 26
21 57 21
21 58 29
21 59 11
22 1 39
22 2 43
22 4 19
22 5 49
22 9 9
22 10 3
22 11 8
22 12 4
22 13 37
22 15 50
22 16 42
22 17 29
22 18 5
22 19 31
22 21 56
22 24 54
22 26 36
22 27 40
22 29 48
22 30 28
22 32 17
22 33 25
22 35 57
22 37 52
22 39 27
22 40 26
22 41 21
22 42 12
22 43 35
22 44 14
22 47 10
22 48 24
22 49 6
22 50 59
22 54 46
22 55 13
22 56 44
22 57 18
22 58 58
22 59 32
23 0 15
23 1 19
23 3 56
23 4 32
23 7 31
23 10 27
23 11 0
23 12 24
23 13 43
23 14 54
23 15 8
23 17 28
23 19 29
23 20 53
23 23 5
23 24 7
23 25 22
23 26 39
23 27 48
23 28 17
23 29 41
23 30 45
23 31 12
23 32 58
23 33 59
23 34 36
23 35 50
23 36 6
23 38 38
23 39 55
23 40 49
23 41 26
23 44 16
23 45 34
23 46 30
23 47 51
23 52 33
23 53 18
23 54 57
23 55 2
23 56 25
24 0 5
24 3 23
24 4 35
24 5 9
24 8 55
24 9 59
24 10 4
24 12 42
24 13 36
24 15 45
24 17 20
24 19 44
24 21 32
24 22 2
24 23 24
24 26 47
24 28 26
24 30 13
24 31 27
24 38 30
24 39 7
24 41 8
24 43 43
24 44 57
24 45 48
24 46 40
24 47 3
24 51 51
24 52 6
24 54 56
24 56 53
24 57 29
24 58 41
24 59 14
25 0 17
25 2 32
25 3 19
25 5 51
25 6 56
25 8 58
25 9 36
25 10 10
25 11 45
25 12 37
25 17 27
25 18 54
25 19 12
25 20 5
25 22 6
25 23 40
25 24 4
25 26 44
25 30 14
25 31 26
25 33 18
25 34 3
25 42 53
25 43 22
25 44 43
25 45 28
25 47 8
25 48 9
25 49 38
25 51 49
25 54 42
25 55 34
25 56 11
25 57 1
26 4 31
26 6 7
26 10 44
26 11 3
26 15 43
26 16 54
26 17 50
26 18 30
26 20 27
26 23 6
26 24 40
26 26 29
26 27 4
26 29 51
26 32 13
26 33 2
26 34 34
26 36 28
26 37 11
26 38 24
26 40 45
26 41 20
26 43 15
26 48 19
26 52 46
26 53 12
26 54 38
26 55 14
26 56 58
27 0 13
27 2 25
27 4 3
27 5 28
27 6 32
27 7 58
27 11 14
27 13 44
27 14 18
27 15 35
27 17 46
27 19 8
27 20 49
27 21 33
27 23 43
27 25 6
27 27 56
27 33 39
27 35 52
27 36 53
27 38 40
27 39 19
27 41 17
27 45 23
27 47 42
27 48 50
27 49 20
27 50 4
27 51 41
27 54 22
27 55 16
27 56 10
27 57 45
28 0 40
28 2 17
28 3 13
28 4 16
28 5 46
28 6 35
28 12 30
28 13 41
28 14 49
28 16 9
28 18 55
28 22 12
28 23 48
28 26 23
28 30 8
28 31 31
28 32 39
28 33 53
28 34 52
28 36 24
28 38 36
28 39 32
28 40 22
28 43 11
28 44 0
28 46 14
28 47 28
28 48 45
28 51 4
28 53 54
28 54 50
28 55 21
28 56 56
28 58 27
28 59 15
29 0 10
29 1 8
29 2 23
29 5 22
29 6 52
29 7 17
29 9 54
29 12 57
29 13 49
29 14 50
29 15 30
29 17 26
29 19 35
29 20 20
29 21 45
29 22 25
29 23 3
29 24 44
29 25 43
29 28 27
29 29 47
29 30 51
29 32 15
29 35 5
29 36 12
29 37 28
29 42 24
29 43 18
29 44 38
29 46 29
29 48 46
29 49 53
29 51 56
29 53 31
29 54 4
29 57 6
29 58 14
30 1 55
30 3 54
30 6 14
30 8 27
30 9 38
30 10 23
30 11 16
30 13 32
30 14 36
30 15 2
30 16 53
30 17 25
30 19 40
30 20 47
30 21 29
30 22 59
30 24 6
30 25 5
30 27 37
30 28 46
30 30 26
30 31 35
30 32 51
30 33 58
30 34 30
30 36 15
30 37 48
30 39 3
30 40 12
30 41 44
30 43 45
30 44 19
30 45 13
30 46 20
30 47 57
30 48 33
30 49 7
30 51 1
30 54 17
30 55 0
30 56 9
30 57 56
31 1 40
31 2 36
31 5 52
31 8 32
31 11 17
31 12 1
31 17 56
31 18 28
31 20 54
31 21 16
31 22 50
31 23 20
31 24 45
31 28 44
31 29 33
31 32 8
31 33 14
31 35 37
31 37 55
31 39 5
31 40 41
31 43 12
31 44 31
31 45 2
31 47 48
31 48 11
31 49 58
31 50 23
31 52 26
31 55 39
31 57 49
31 58 10
31 59 42
32 0 0
32 1 45
32 2 55
32 4 52
32 6 49
32 7 50
32 8 21
32 10 51
32 11 41
32 13 22
32 14 30
32 16 35
32 17 9
32 20 57
32 25 2
32 26 3
32 28 34
32 29 46
32 31 19
32 32 5
32 33 8
32 38 56
32 39 11
32 43 44
32 44 15
32 45 14
32 47 1
32 49 33
32 51 13
32 52 20
32 53 25
32 56 24
32 57 17
32 58 38
33 1 4
33 3 38
33 4 29
33 7 22
33 9 42
33 11 57
33 14 20
33 16 45
33 17 15
33 19 49
33 22 8
33 23 26
33 24 16
33 26 35
33 30 39
33 33 3
33 34 46
33 37 47
33 39 21
33 40 11
33 41 28
33 43 41
33 45 19
33 47 59
33 48 0
33 49 36
33 51 58
33 52 7
33 53 5
33 54 13
33 57 50
33 58 25
34 1 22
34 3 8
34 6 12
34 7 41
34 8 56
34 9 40
34 10 55
34 11 34
34 13 31
34 15 0
34 16 3
34 17 45
34 25 18
34 26 30
34 28 28
34 31 1
34 33 33
34 34 50
34 36 57
34 37 49
34 39 9
34 40 13
34 41 58
34 42 15
34 44 7
34 46 42
34 47 11
34 48 16
34 49 29
34 50 46
34 52 48
34 56 39
34 57 36
34 59 43
35 2 42
35 4 11
35 6 31
35 7 28
35 8 7
35 10 18
35 11 36
35 13 20
35 14 27
35 15 16
35 17 1
35 19 17
35 20 14
35 22 0
35 23 55
35 24 30
35 25 56
35 27 39
35 28 13
35 29 21
35 30 40
35 32 9
35 33 52
35 35 26
35 36 50
35 37 32
35 38 3
35 39 51
35 40 8
35 42 59
35 43 10
35 44 41
35 46 47
35 47 46
35 48 2
35 49 22
35 50 6
35 52 37
35 53 35
35 54 25
35 55 29
35 56 12
35 57 19
35 58 43
35 59 5
36 0 23
36 1 27
36 4 59
36 5 30
36 8 26
36 9 12
36 10 22
36 11 15
36 14 0
36 15 25
36 16 51
36 17 41
36 18 18
36 20 32
36 23 34
36 25 52
36 26 5
36 31 11
36 33 10
36 34 53
36 36 4
36 39 35
36 40 20
36 44 33
36 47 38
36 49 14
36 51 31
36 52 42
36 55 55
36 56 54
36 57 16
37 0 20
37 2 21
37 4 58
37 7 43
37 10 32
37 13 11
37 14 47
37 15 19
37 17 4
37 18 40
37 19 6
37 22 55
37 24 28
37 25 10
37 27 8
37 28 51
37 29 29
37 30 49
37 33 34
37 34 16
37 36 9
37 37 57
37 38 12
37 40 31
37 43 25
37 44 39
37 47 26
37 48 44
37 49 30
37 50 22
37 53 36
37 54 53
37 55 56
37 56 45
37 57 41
37 59 37
38 2 37
38 3 10
38 8 47
38 9 50
38 10 17
38 11 22
38 12 40
38 13 6
38 15 27
38 17 51
38 18 9
38 20 58
38 21 20
38 24 21
38 25 33
38 27 18
38 28 8
38 29 14
38 35 46
38 37 16
38 38 25
38 39 30
38 40 44
38 42 41
38 43 3
38 44 36
38 46 28
38 48 56
38 50 53
38 52 1
38 54 15
38 55 4
38 58 35
39 11 43
39 12 26
39 13 54
39 15 53
39 16 41
39 18 13
39 19 45
39 20 10
39 22 15
39 25 9
39 27 20
39 28 11
39 31 24
39 32 42
39 35 34
39 36 51
39 37 3
39 38 49
39 39 29
39 41 1
39 46 50
39 47 36
39 48 14
39 49 47
39 50 19
39 54 28
39 55 57
39 56 30
39 57 37
40 0 47
40 2 6
40 4 57
40 6 2
40 7 59
40 8 52
40 9 15
40 10 13
40 11 33
40 13 14
40 15 9
40 16 44
40 18 21
40 19 46
40 23 37
40 24 53
40 26 22
40 27 29
40 28 55
40 30 56
40 32 30
40 34 11
40 36 49
40 38 8
40 39 40
40 40 58
40 45 50
40 50 16
40 51 25
40 52 34
40 53 43
40 54 27
40 55 12
40 57 20
40 58 31
41 0 19
41 1 31
41 3 30
41 4 51
41 5 25
41 7 46
41 9 24
41 12 56
41 14 5
41 15 18
41 16 13
41 19 37
41 20 39
41 21 26
41 22 1
41 24 38
41 25 21
41 26 17
41 27 28
41 32 23
41 33 35
41 35 15
41 36 14
41 37 10
41 38 11
41 41 34
41 42 54
41 43 40
41 45 12
41 46 58
41 49 32
41 51 45
41 52 0
41 53 48
41 54 33
41 55 9
41 57 27
41 58 49
42 1 48
42 3 35
42 5 53
42 7 40
42 8 31
42 9 46
42 11 5
42 12 22
42 14 9
42 15 44
42 16 24
42 20 45
42 21 25
42 25 16
42 27 2
42 28 38
42 29 58
42 30 15
42 31 10
42 32 3
42 35 43
42 37 17
42 38 59
42 44 11
42 46 26
42 47 52
42 48 23
42 49 34
42 51 12
42 53 37
42 54 14
42 55 54
42 56 28
42 59 56
43 1 43
43 2 27
43 3 1
43 4 54
43 6 26
43 7 48
43 8 28
43 9 10
43 11 40
43 14 59
43 16 23
43 17 8
43 18 58
43 20 16
43 22 22
43 24 17
43 26 13
43 28 0
43 29 52
43 30 18
43 31 6
43 33 11
43 35 12
43 36 38
43 37 5
43 40 50
43 41 57
43 44 2
43 47 7
43 49 21
43 50 34
43 52 14
43 54 29
43 55 25
43 56 31
43 58 32
43 59 44
44 0 58
44 1 56
44 2 53
44 4 21
44 8 45
44 10 25
44 11 2
44 13 5
44 14 40
44 16 48
44 17 38
44 18 26
44 23 1
44 25 47
44 26 51
44 27 57
44 30 22
44 35 36
44 36 20
44 43 55
44 45 43
44 46 15
44 47 19
44 49 8
44 50 31
44 54 18
44 55 27
44 57 59
44 58 13
45 0 41
45 1 18
45 4 5
45 7 52
45 8 34
45 9 16
45 11 28
45 14 26
45 15 13
45 18 12
45 19 36
45 21 10
45 24 15
45 25 25
45 26 8
45 28 56
45 30 32
45 31 54
45 32 0
45 35 59
45 36 2
45 38 43
45 39 42
45 40 47
45 41 22
45 43 1
45 45 9
45 46 6
45 49 24
45 51 37
45 52 17
45 55 3
45 56 21
45 57 35
45 58 57
45 59 55
46 2 45
46 3 53
46 5 44
46 6 59
46 7 12
46 8 48
46 13 55
46 14 29
46 16 52
46 18 8
46 22 4
46 26 14
46 29 26
46 32 36
46 33 28
46 35 22
46 36 16
46 38 47
46 42 19
46 43 38
46 44 10
46 46 23
46 48 41
46 50 1
46 51 20
46 52 11
46 53 7
46 57 51
46 58 56
46 59 57
47 3 11
47 5 41
47 8 22
47 10 24
47 11 47
47 12 49
47 13 34
47 14 7
47 17 6
47 18 2
47 21 5
47 22 28
47 23 19
47 24 46
47 30 57
47 31 16
47 32 25
47 33 50
47 34 59
47 35 18
47 37 37
47 38 9
47 47 53
47 50 43
47 51 39
47 52 4
47 53 26
47 54 48
47 55 42
47 57 13
47 58 44
48 0 56
48 1 28
48 4 1
48 5 58
48 6 8
48 8 38
48 9 6
48 12 34
48 13 7
48 14 55
48 17 12
48 19 18
48 24 36
48 25 41
48 27 44
48 28 48
48 30 37
48 31 15
48 32 16
48 33 54
48 34 57
48 35 21
48 36 25
48 37 46
48 39 13
48 40 23
48 41 47
48 42 26
48 43 50
48 44 17
48 45 53
48 47 31
48 48 10
48 50 29
48 51 3
48 52 51
48 53 27
48 54 43
48 55 5
48 56 4
48 57 40
48 58 22
49 1 20
49 2 57
49 3 52
49 8 9
49 9 11
49 11 42
49 13 47
49 15 26
49 16 32
49 19 23
49 21 59
49 26 16
49 27 30
49 30 2
49 32 7
49 33 43
49 34 56
49 38 13
49 39 24
49 40 54
49 44 1
49 48 22
49 51 33
49 53 28
49 55 50
49 56 38
49 57 15
50 1 35
50 3 2
50 4 40
50 5 32
50 6 33
50 11 23
50 14 11
50 15 14
50 16 6
50 22 43
50 23 25
50 25 34
50 26 54
50 27 46
50 28 9
50 30 16
50 32 38
50 33 31
50 34 19
50 35 56
50 36 10
50 37 20
50 39 58
50 40 48
50 41 0
50 45 7
50 47 17
50 50 39
50 51 29
50 52 15
50 54 8
50 56 26
50 58 37
51 2 40
51 3 50
51 6 5
51 7 23
51 8 11
51 9 55
51 10 41
51 11 38
51 13 48
51 14 10
51 19 22
51 21 37
51 22 19
51 23 28
51 24 56
51 25 32
51 26 6
51 27 35
51 30 1
51 31 21
51 32 33
51 34 25
51 36 29
51 37 59
51 38 46
51 40 14
51 41 43
51 42 42
51 44 26
51 47 24
51 48 31
51 49 27
51 52 45
51 54 7
51 55 30
51 56 52
51 57 58
51 58 51
51 59 8
52 0 31
52 1 1
52 3 34
52 4 47
52 5 7
52 7 37
52 8 17
52 10 29
52 11 49
52 15 12
52 16 11
52 17 57
52 18 25
52 22 54
52 25 3
52 27 36
52 28 42
52 31 28
52 32 26
52 34 41
52 36 46
52 42 45
52 43 2
52 44 13
52 45 52
52 47 20
52 49 43
52 51 22
52 52 19
52 55 40
52 56 16
52 57 33
52 58 15
53 0 57
53 2 20
53 3 26
53 4 10
53 6 42
53 7 53
53 8 40
53 9 23
53 10 30
53 11 46
53 12 47
53 14 51
53 15 28
53 16 16
53 17 2
53 18 19
53 21 54
53 22 11
53 24 18
53 25 8
53 27 43
53 28 5
53 29 1
53 30 12
53 31 49
53 32 37
53 34 58
53 35 41
53 36 21
53 37 38
53 38 22
53 39 44
53 40 9
53 41 15
53 42 29
53 43 34
53 44 6
53 45 31
53 46 33
53 47 56
53 50 48
53 51 32
53 54 0
53 56 35
53 57 14
53 58 36
54 0 6
54 1 59
54 2 0
54 7 32
54 8 4
54 10 53
54 11 51
54 12 54
54 13 16
54 16 56
54 17 47
54 21 31
54 22 38
54 24 24
54 25 20
54 26 55
54 27 19
54 29 22
54 30 44
54 32 35
54 34 15
54 42 33
54 43 13
54 45 36
54 46 11
54 47 27
54 48 57
54 49 10
54 55 7
54 56 8
54 57 46
54 59 17
55 3 25
55 4 39
55 5 19
55 10 45
55 12 41
55 14 8
55 15 22
55 16 47
55 17 16
55 19 38
55 20 52
55 22 36
55 24 55
55 25 11
55 26 2
55 27 13
55 28 18
55 32 27
55 34 5
55 35 40
55 36 33
55 37 54
55 38 7
55 39 14
55 41 23
55 43 37
55 46 31
55 47 15
55 48 53
55 49 49
55 50 26
55 51 21
55 52 50
55 53 9
55 55 28
55 58 20
56 2 54
56 3 45
56 5 12
56 6 10
56 7 16
56 9 8
56 10 33
56 15 7
56 16 43
56 18 32
56 20 30
56 21 0
56 22 23
56 30 11
56 34 14
56 36 17
56 41 35
56 43 26
56 44 27
56 45 44
56 46 4
56 47 47
56 48 3
56 52 5
56 53 6
56 54 49
56 56 41
56 59 13
57 0 16
57 1 23
57 2 22
57 3 39
57 6 20
57 7 9
57 8 15
57 11 56
57 12 46
57 13 53
57 15 48
57 17 43
57 18 45
57 20 31
57 22 7
57 23 10
57 24 57
57 25 49
57 28 19
57 29 8
57 30 58
57 31 37
57 32 2
57 34 35
57 35 1
57 36 27
57 37 51
57 38 5
57 39 47
57 41 33
57 42 28
57 43 17
57 44 25
57 46 34
57 49 12
57 50 11
57 52 13
57 55 32
57 56 29
57 57 30
57 58 24
58 0 18
58 1 11
58 4 26
58 5 6
58 6 48
58 11 9
58 12 43
58 14 1
58 17 42
58 18 10
58 19 7
58 20 50
58 21 19
58 23 33
58 25 13
58 27 49
58 28 30
58 31 2
58 34 45
58 36 22
58 37 39
58 41 12
58 43 36
58 44 37
58 46 41
58 47 34
58 50 8
58 51 27
58 53 16
58 54 52
58 55 31
58 56 57
58 57 54
58 59 3
59 1 6
59 3 43
59 4 27
59 5 20
59 6 58
59 9 41
59 11 21
59 14 53
59 15 51
59 17 30
59 18 0
59 20 12
59 21 52
59 23 23
59 24 14
59 25 54
59 26 40
59 27 26
59 29 9
59 31 44
59 36 1
59 37 24
59 39 45
59 40 10
59 42 4
59 43 33
59 44 5
59 46 35
59 47 16
59 48 38
59 49 18
59 50 57
59 55 17
59 56 37
