70
0 1 53
0 2 26
0 3 36
0 6 5
0 8 14
0 9 62
0 11 8
0 12 37
0 13 56
0 14 46
0 15 40
0 17 63
0 19 19
0 20 41
0 21 49
0 22 47
0 23 17
0 24 11
0 25 24
0 26 35
0 27 2
0 29 39
0 30 22
0 35 64
0 37 12
0 38 44
0 39 34
0 40 7
0 42 20
0 45 0
0 48 43
0 50 21
0 51 69
0 54 58
0 56 48
0 57 51
0 59 27
0 60 10
0 61 57
0 63 30
0 64 23
0 65 29
0 66 52
0 67 67
0 68 61
0 69 38
1 1 3
1 2 12
1 4 27
1 5 18
1 6 52
1 7 69
1 8 62
1 10 64
1 11 56
1 12 60
1 14 9
1 15 8
1 16 66
1 17 19
1 18 22
1 20 67
1 21 43
1 24 23
1 25 14
1 26 16
1 27 36
1 28 44
1 30 30
1 31 10
1 32 49
1 33 33
1 34 58
1 35 15
1 37 11
1 39 53
1 40 39
1 41 29
1 42 40
1 43 1
1 44 32
1 46 35
1 47 21
1 49 51
1 50 26
1 51 17
1 52 41
1 53 61
1 54 57
1 55 59
1 56 42
1 57 6
1 58 54
1 59 48
1 60 45
1 63 7
1 64 13
1 65 31
1 66 38
1 67 65
1 68 4
2 0 53
2 1 65
2 2 8
2 4 38
2 5 58
2 6 18
2 7 57
2 8 25
2 10 62
2 11 66
2 13 14
2 14 35
2 17 20
2 18 29
2 19 10
2 22 27
2 24 26
2 25 5
2 26 67
2 29 34
2 30 61
2 31 37
2 32 22
2 33 49
2 34 21
2 35 23
2 37 48
2 38 36
2 39 12
2 40 19
2 45 3
2 46 50
2 47 56
2 50 44
2 51 59
2 52 28
2 53 13
2 54 7
2 55 42
2 56 32
2 57 40
2 58 51
2 60 15
2 62 4
2 63 24
2 66 64
2 67 39
2 68 6
2 69 68
3 0 49
3 2 44
3 5 55
3 7 62
3 8 2
3 10 29
3 11 59
3 12 32
3 14 12
3 15 34
3 16 50
3 18 25
3 19 6
3 20 61
3 21 5
3 22 67
3 23 3
3 24 39
3 25 15
3 26 11
3 27 38
3 28 68
3 29 41
3 30 20
3 32 63
3 33 1
3 34 31
3 35 53
3 36 56
3 37 57
3 43 21
3 45 65
3 46 24
3 47 8
3 48 36
3 49 16
3 50 27
3 51 52
3 53 51
3 54 54
3 55 23
3 58 60
3 59 46
3 60 69
3 63 13
3 64 14
3 65 58
3 68 43
3 69 7
4 0 60
4 1 66
4 4 29
4 6 53
4 8 20
4 9 43
4 10 63
4 11 65
4 13 42
4 14 1
4 15 69
4 16 51
4 25 33
4 26 23
4 28 47
4 29 32
4 30 45
4 31 26
4 32 13
4 33 27
4 38 57
4 39 25
4 40 62
4 42 52
4 44 3
4 46 34
4 47 50
4 49 49
4 52 35
4 53 22
4 54 17
4 55 16
4 56 18
4 57 21
4 59 67
4 61 0
4 62 37
4 63 39
4 64 8
4 66 10
4 67 61
4 68 11
4 69 28
5 1 45
5 2 39
5 3 13
5 5 66
5 6 26
5 7 54
5 8 58
5 9 42
5 12 2
5 13 30
5 14 56
5 15 19
5 19 48
5 20 43
5 22 51
5 23 18
5 24 0
5 25 52
5 26 4
5 27 20
5 28 32
5 32 3
5 34 7
5 35 10
5 36 50
5 38 63
5 40 35
5 41 34
5 43 49
5 44 64
5 45 67
5 46 11
5 48 38
5 49 31
5 50 1
5 53 68
5 54 62
5 56 29
5 57 5
5 58 9
5 60 23
5 61 16
5 62 28
5 63 65
5 65 36
5 66 6
5 68 27
5 69 12
6 0 5
6 1 16
6 2 38
6 3 31
6 4 1
6 6 17
6 7 0
6 9 28
6 10 56
6 12 33
6 16 14
6 18 68
6 20 23
6 22 65
6 26 48
6 27 50
6 29 35
6 30 47
6 32 64
6 33 15
6 36 4
6 37 63
6 38 39
6 39 66
6 40 26
6 41 20
6 44 9
6 45 51
6 46 6
6 47 36
6 50 69
6 51 25
6 53 41
6 54 13
6 55 2
6 56 24
6 57 10
6 58 43
6 59 62
6 60 53
6 62 21
6 64 7
6 66 27
6 67 54
6 69 29
7 0 29
7 2 62
7 3 33
7 4 61
7 5 25
7 6 43
7 8 47
7 10 28
7 11 69
7 12 34
7 13 68
7 14 51
7 15 10
7 17 54
7 18 38
7 19 20
7 21 48
7 22 53
7 23 60
7 25 3
7 26 58
7 27 32
7 28 40
7 30 56
7 31 13
7 32 8
7 33 63
7 34 27
7 35 0
7 36 42
7 38 6
7 40 49
7 42 15
7 45 11
7 46 23
7 48 55
7 49 35
7 50 31
7 51 2
7 52 19
7 53 16
7 54 50
7 57 46
7 58 52
7 59 45
7 60 21
7 62 9
7 64 39
7 67 12
7 69 44
8 0 16
8 5 36
8 8 15
8 9 18
8 10 61
8 11 48
8 12 42
8 13 8
8 14 20
8 15 30
8 19 27
8 20 62
8 21 0
8 24 47
8 25 28
8 27 45
8 29 25
8 30 13
8 31 4
8 33 46
8 34 41
8 36 14
8 39 69
8 44 51
8 45 29
8 46 57
8 47 12
8 51 33
8 52 37
8 53 6
8 54 67
8 55 35
8 59 7
8 60 22
8 61 44
8 62 24
8 63 21
8 64 53
8 67 56
8 68 50
9 0 10
9 1 46
9 2 20
9 3 30
9 4 0
9 5 51
9 6 44
9 7 61
9 8 11
9 9 8
9 11 49
9 12 7
9 13 64
9 16 65
9 18 62
9 19 33
9 20 69
9 21 1
9 22 17
9 23 16
9 24 19
9 26 50
9 28 28
9 29 47
9 30 2
9 31 3
9 32 55
9 34 12
9 35 43
9 36 34
9 39 13
9 40 27
9 41 18
9 42 56
9 43 24
9 44 26
9 45 48
9 46 63
9 49 68
9 50 5
9 53 29
9 54 45
9 58 42
9 59 41
9 60 9
9 61 53
9 65 35
9 66 67
9 67 36
9 68 32
10 2 19
10 3 5
10 4 14
10 6 48
10 7 51
10 8 52
10 9 60
10 10 17
10 11 50
10 13 33
10 14 62
10 15 24
10 17 13
10 19 26
10 20 4
10 22 54
10 25 39
10 26 45
10 27 34
10 28 37
10 30 28
10 31 63
10 32 46
10 33 11
10 34 36
10 35 66
10 36 9
10 37 69
10 38 30
10 40 15
10 41 44
10 42 61
10 43 10
10 44 65
10 45 64
10 46 53
10 47 42
10 48 1
10 49 20
10 50 16
10 52 3
10 53 56
10 54 31
10 55 47
10 57 32
10 59 18
10 60 8
10 62 43
10 63 29
10 64 58
10 65 12
10 66 7
10 69 49
11 1 7
11 2 6
11 4 22
11 5 44
11 6 29
11 8 24
11 9 0
11 10 10
11 11 17
11 12 58
11 13 9
11 15 54
11 16 49
11 17 23
11 18 1
11 19 34
11 21 53
11 22 55
11 23 20
11 24 12
11 26 60
11 27 26
11 28 57
11 29 3
11 30 35
11 31 8
11 33 56
11 34 45
11 36 38
11 37 52
11 39 65
11 40 63
11 41 39
11 42 21
11 44 25
11 46 16
11 47 68
11 48 41
11 49 15
11 51 19
11 52 67
11 53 48
11 55 5
11 56 62
11 57 59
11 59 42
11 61 2
11 62 50
11 64 28
11 66 36
11 67 11
11 68 18
11 69 30
12 0 66
12 1 24
12 2 33
12 4 60
12 5 40
12 6 20
12 7 46
12 8 21
12 10 6
12 11 1
12 12 61
12 13 3
12 14 52
12 16 0
12 17 65
12 18 42
12 19 39
12 20 22
12 22 28
12 23 13
12 24 31
12 27 7
12 28 67
12 30 50
12 32 30
12 33 35
12 34 59
12 36 53
12 37 51
12 38 45
12 39 16
12 40 11
12 41 64
12 42 38
12 43 5
12 44 23
12 46 69
12 47 43
12 49 19
12 50 36
12 51 68
12 52 18
12 53 49
12 54 15
12 55 63
12 56 25
12 57 37
12 59 29
12 61 17
12 62 54
12 63 14
12 64 57
12 65 56
12 66 34
12 67 62
13 0 48
13 1 64
13 2 41
13 4 10
13 5 2
13 6 39
13 7 45
13 11 23
13 12 49
13 15 32
13 16 12
13 17 1
13 18 66
13 19 3
13 20 27
13 21 44
13 22 30
13 23 46
13 24 33
13 26 15
13 27 56
13 28 7
13 29 11
13 30 40
13 31 50
13 33 37
13 34 62
13 36 25
13 40 67
13 42 57
13 43 35
13 45 21
13 46 9
13 47 34
13 48 31
13 51 18
13 52 22
13 53 26
13 54 42
13 55 0
13 56 52
13 57 58
13 58 59
13 59 4
13 61 47
13 62 65
13 63 20
13 66 51
13 68 69
13 69 63
14 0 58
14 3 62
14 4 30
14 6 12
14 7 8
14 8 32
14 10 44
14 11 11
14 12 53
14 13 55
14 14 34
14 15 35
14 17 6
14 18 46
14 19 68
14 20 56
14 22 40
14 23 50
14 24 57
14 25 64
14 26 9
14 29 19
14 30 60
14 32 24
14 33 26
14 34 52
14 35 27
14 36 49
14 37 5
14 38 0
14 39 23
14 40 37
14 41 7
14 43 48
14 44 39
14 45 66
14 47 2
14 48 15
14 51 51
14 52 43
14 53 45
14 54 10
14 55 61
14 56 65
14 57 3
14 58 36
14 59 1
14 60 28
14 62 31
14 63 33
14 64 17
14 67 42
14 68 47
15 1 44
15 2 65
15 3 53
15 4 36
15 5 6
15 6 32
15 7 10
15 8 66
15 9 67
15 10 34
15 11 20
15 12 16
15 13 19
15 16 63
15 17 49
15 18 31
15 19 24
15 20 55
15 21 3
15 24 69
15 25 21
15 26 18
15 27 11
15 28 42
15 29 8
15 31 40
15 32 26
15 34 48
15 35 13
15 36 30
15 37 62
15 38 41
15 39 2
15 43 29
15 44 4
15 45 14
15 47 22
15 48 0
15 49 56
15 50 45
15 51 28
15 52 23
15 55 52
15 56 50
15 58 39
15 59 57
15 61 9
15 62 58
15 63 68
15 65 37
15 66 54
15 69 35
16 1 33
16 3 63
16 4 62
16 6 57
16 8 53
16 9 22
16 10 1
16 13 49
16 14 45
16 15 28
16 16 60
16 19 18
16 20 8
16 21 21
16 22 59
16 23 43
16 25 0
16 26 26
16 27 15
16 28 29
16 30 36
16 31 2
16 32 54
16 36 6
16 37 19
16 38 16
16 40 40
16 41 24
16 42 34
16 43 7
16 44 58
16 45 41
16 48 4
16 49 27
16 52 5
16 53 44
16 55 30
16 56 39
16 57 68
16 58 66
16 59 3
16 60 17
16 61 23
16 63 25
16 64 9
16 65 42
16 66 65
16 67 47
16 68 67
16 69 46
17 0 61
17 2 50
17 3 48
17 4 34
17 6 68
17 7 18
17 10 13
17 11 54
17 12 30
17 13 12
17 14 29
17 15 7
17 16 33
17 17 17
17 18 16
17 19 8
17 21 62
17 23 22
17 24 58
17 25 20
17 26 37
17 27 21
17 30 52
17 31 35
17 34 0
17 35 46
17 37 40
17 38 9
17 40 65
17 41 31
17 43 43
17 44 67
17 45 45
17 46 56
17 47 27
17 48 42
17 50 39
17 51 3
17 52 55
17 53 1
17 54 14
17 55 4
17 56 38
17 57 23
17 58 28
17 61 60
17 62 59
17 63 5
17 65 63
17 66 41
17 69 57
18 0 25
18 1 47
18 2 11
18 5 39
18 7 20
18 8 45
18 10 26
18 11 55
18 16 36
18 17 46
18 18 35
18 19 5
18 22 37
18 25 44
18 26 53
18 27 68
18 28 10
18 33 41
18 34 4
18 36 3
18 37 29
18 39 52
18 40 14
18 41 67
18 42 42
18 43 60
18 45 69
18 46 59
18 48 50
18 49 48
18 50 30
18 54 64
18 55 43
18 56 33
18 57 8
18 59 6
18 60 13
18 61 7
18 62 56
18 63 49
18 67 15
18 68 21
18 69 58
19 2 69
19 3 2
19 5 20
19 6 14
19 7 7
19 9 45
19 10 39
19 12 36
19 13 37
19 15 22
19 16 8
19 17 62
19 18 3
19 19 31
19 20 25
19 22 48
19 23 5
19 24 50
19 25 42
19 26 30
19 27 16
19 28 26
19 29 17
19 30 15
19 31 24
19 32 29
19 34 49
19 36 10
19 37 38
19 38 54
19 40 52
19 41 6
19 43 64
19 44 28
19 45 23
19 46 68
19 48 66
19 51 67
19 52 46
19 53 27
19 54 18
19 55 1
19 59 63
19 60 59
19 61 56
19 62 41
19 65 21
19 67 53
19 69 19
20 0 40
20 1 34
20 3 27
20 5 32
20 6 22
20 7 42
20 8 1
20 11 43
20 12 8
20 16 35
20 17 11
20 18 12
20 19 37
20 20 51
20 21 39
20 23 64
20 25 54
20 26 61
20 27 13
20 28 14
20 30 41
20 31 17
20 32 15
20 33 38
20 34 30
20 37 20
20 38 4
20 39 58
20 40 2
20 41 52
20 42 18
20 44 5
20 45 25
20 46 49
20 48 45
20 49 3
20 50 7
20 51 56
20 52 26
20 53 33
20 55 36
20 56 31
20 57 57
20 59 24
20 60 44
20 61 68
20 63 50
20 65 69
20 66 62
20 67 28
20 68 10
20 69 47
21 0 3
21 2 59
21 3 17
21 4 45
21 7 63
21 9 54
21 11 5
21 12 64
21 13 50
21 15 67
21 16 4
21 17 24
21 18 19
21 19 13
21 20 21
21 21 33
21 23 1
21 24 34
21 26 43
21 29 30
21 30 29
21 31 57
21 32 51
21 33 8
21 35 39
21 38 27
21 39 41
21 40 10
21 44 53
21 45 7
21 46 37
21 48 2
21 49 66
21 50 68
21 52 9
21 54 25
21 56 0
21 57 20
21 58 61
21 59 65
21 61 15
21 62 14
21 64 6
21 66 49
21 67 23
21 68 12
21 69 31
22 2 32
22 3 38
22 5 11
22 7 43
22 8 46
22 9 20
22 10 9
22 12 27
22 14 59
22 15 4
22 16 22
22 19 49
22 20 2
22 21 16
22 24 18
22 26 66
22 27 67
22 28 56
22 29 31
22 31 15
22 32 42
22 33 21
22 34 65
22 35 6
22 36 29
22 38 60
22 39 62
22 40 55
22 41 30
22 42 35
22 43 44
22 44 7
22 46 28
22 47 57
22 48 23
22 49 45
22 51 10
22 53 25
22 54 52
22 55 54
22 57 12
22 58 40
22 59 17
22 60 37
22 61 36
22 62 69
22 63 34
22 64 26
22 65 39
22 66 0
22 68 5
22 69 51
23 1 58
23 2 40
23 4 42
23 5 65
23 6 37
23 8 68
23 9 17
23 10 69
23 11 45
23 12 0
23 13 31
23 15 56
23 16 64
23 17 18
23 18 53
23 19 25
23 20 48
23 22 10
23 23 47
23 25 30
23 26 41
23 27 29
23 29 59
23 31 46
23 32 27
23 37 7
23 38 2
23 40 60
23 41 21
23 43 15
23 45 16
23 47 24
23 48 3
23 51 8
23 52 63
23 54 11
23 55 39
23 56 26
23 57 28
23 58 55
23 63 36
23 64 61
23 66 43
23 67 44
23 68 22
23 69 62
24 1 21
24 2 2
24 3 55
24 4 67
24 6 11
24 7 47
24 8 13
24 10 68
24 11 6
24 12 23
24 13 36
24 14 25
24 16 19
24 17 3
24 18 41
24 19 65
24 20 0
24 21 64
24 23 29
24 24 30
24 25 69
24 26 56
24 27 10
24 28 24
24 29 22
24 31 58
24 32 4
24 33 43
24 37 14
24 38 1
24 39 63
24 40 44
24 41 61
24 44 20
24 45 50
24 46 52
24 48 62
24 50 28
24 51 31
24 52 15
24 53 34
24 55 48
24 57 39
24 58 8
24 62 17
24 63 51
24 64 37
24 66 60
24 67 66
24 68 57
25 2 35
25 3 49
25 4 19
25 5 31
25 8 54
25 10 27
25 13 13
25 14 38
25 16 29
25 18 0
25 19 4
25 22 6
25 24 42
25 26 64
25 28 43
25 29 21
25 30 12
25 31 1
25 33 58
25 34 39
25 35 60
25 37 55
25 39 67
25 40 9
25 41 37
25 42 16
25 43 51
25 44 47
25 46 22
25 47 18
25 48 17
25 49 30
25 50 11
25 51 44
25 56 2
25 57 7
25 58 68
25 59 66
25 60 32
25 62 61
25 63 28
25 65 65
25 66 53
25 68 33
25 69 25
26 1 31
26 2 1
26 3 66
26 4 9
26 5 21
26 6 0
26 7 65
26 9 13
26 10 52
26 11 46
26 13 18
26 14 64
26 15 51
26 16 45
26 17 29
26 18 17
26 19 54
26 20 24
26 21 55
26 22 63
26 23 39
26 24 25
26 26 28
26 27 33
26 34 61
26 36 43
26 38 58
26 39 32
26 41 11
26 43 26
26 45 42
26 47 40
26 48 19
26 50 57
26 51 27
26 52 34
26 53 8
26 54 60
26 55 20
26 59 50
26 61 3
26 62 7
26 63 35
26 64 44
26 66 68
26 67 69
26 68 16
26 69 2
27 1 62
27 2 14
27 3 22
27 4 40
27 5 42
27 6 38
27 7 2
27 8 3
27 10 55
27 11 39
27 13 35
27 15 29
27 17 41
27 20 31
27 22 9
27 23 67
27 24 44
27 26 8
27 28 50
27 30 10
27 31 54
27 33 68
27 35 1
27 39 56
27 40 5
27 42 11
27 44 69
27 45 57
27 46 60
27 49 21
27 50 32
27 51 45
27 53 59
27 57 30
27 58 53
27 59 15
27 60 43
27 64 0
27 65 20
27 66 19
27 67 4
27 69 23
28 2 42
28 3 19
28 4 65
28 5 34
28 6 28
28 7 1
28 8 30
28 9 63
28 10 4
28 11 51
28 12 35
28 14 23
28 16 61
28 17 5
28 18 21
28 19 64
28 20 9
28 21 17
28 22 15
28 25 18
28 26 54
28 27 25
28 29 50
28 30 62
28 31 67
28 33 45
28 34 44
28 36 39
28 37 46
28 39 68
28 40 57
28 41 22
28 42 24
28 43 8
28 46 38
28 47 20
28 51 0
28 52 33
28 53 37
28 54 36
28 55 66
28 56 12
28 58 58
28 59 16
28 60 7
28 61 14
28 63 47
28 64 52
28 65 27
28 66 69
28 68 31
28 69 59
29 0 41
29 2 47
29 3 54
29 4 69
29 6 1
29 7 14
29 8 0
29 9 56
29 10 45
29 12 17
29 15 64
29 16 39
29 17 4
29 19 60
29 20 12
29 23 19
29 24 9
29 26 2
29 29 28
29 30 55
29 32 21
29 33 59
29 35 30
29 36 8
29 37 6
29 39 10
29 40 38
29 43 42
29 46 15
29 47 48
29 48 67
29 49 44
29 50 46
29 51 57
29 52 25
29 54 66
29 55 49
29 56 36
29 57 24
29 58 62
29 59 20
29 60 50
29 61 40
29 63 16
29 64 3
29 66 33
29 69 13
30 3 58
30 4 57
30 5 22
30 6 9
30 7 30
30 8 12
30 10 0
30 11 41
30 12 10
30 13 45
30 14 8
30 15 48
30 16 59
30 18 2
30 19 53
30 20 46
30 22 66
30 23 68
30 25 50
30 26 36
30 27 64
30 29 6
30 30 1
30 33 7
30 35 42
30 36 5
30 37 37
30 38 15
30 39 35
30 41 33
30 42 4
30 43 14
30 44 27
30 45 61
30 46 39
30 47 49
30 50 23
30 53 38
30 54 63
30 55 31
30 56 69
30 57 19
30 60 18
30 61 54
30 64 25
30 67 32
30 68 62
31 0 44
31 1 49
31 2 15
31 3 41
31 4 13
31 5 38
31 6 69
31 7 32
31 8 7
31 9 50
31 11 28
31 12 63
31 13 11
31 14 21
31 16 24
31 18 9
31 20 10
31 21 8
31 23 31
31 25 29
31 26 3
31 28 59
31 29 40
31 30 66
31 31 20
31 33 42
31 34 56
31 36 67
31 37 23
31 39 14
31 41 51
31 43 2
31 44 46
31 45 17
31 47 52
31 48 5
31 49 62
31 51 54
31 53 64
31 54 37
31 56 53
31 57 43
31 58 12
31 59 60
31 61 27
31 64 55
31 65 34
31 66 57
31 68 30
32 1 18
32 2 46
32 4 26
32 5 59
32 6 6
32 7 49
32 9 66
32 10 60
32 12 54
32 14 44
32 15 1
32 16 7
32 17 34
32 18 14
32 19 29
32 21 47
32 22 62
32 24 61
32 25 10
32 26 13
32 28 69
32 29 24
32 31 21
32 32 19
32 34 63
32 35 52
32 36 58
32 37 67
32 38 50
32 42 23
32 44 31
32 45 4
32 47 38
32 48 20
32 49 37
32 51 39
32 53 55
32 54 68
32 56 30
32 59 8
32 60 16
32 61 28
32 62 27
32 65 0
32 66 32
32 67 9
32 68 40
33 3 46
33 5 53
33 6 8
33 7 29
33 8 6
33 9 38
33 10 32
33 11 15
33 12 14
33 13 23
33 14 0
33 15 27
33 16 42
33 17 48
33 18 26
33 19 55
33 20 35
33 21 59
33 23 65
33 24 51
33 25 12
33 27 47
33 28 64
33 29 52
33 31 33
33 32 44
33 33 60
33 34 50
33 35 22
33 36 13
33 38 67
33 39 9
33 40 56
33 41 28
33 45 62
33 46 4
33 48 21
33 49 11
33 52 58
33 53 69
33 57 36
33 58 63
33 60 2
33 61 66
33 62 18
33 63 31
33 64 43
33 65 30
33 66 5
33 68 20
33 69 40
34 0 64
34 1 28
34 2 51
34 3 42
34 4 24
34 5 62
34 7 44
34 9 15
34 11 31
34 12 46
34 15 17
34 16 52
34 17 67
34 18 65
34 19 1
34 20 59
34 21 35
34 22 49
34 23 6
34 26 7
34 27 60
34 29 9
34 30 11
34 31 18
34 32 45
34 33 55
34 34 5
34 35 12
34 38 19
34 39 38
34 40 66
34 41 0
34 42 41
34 43 32
34 45 2
34 47 47
34 48 56
34 49 54
34 52 53
34 53 36
34 56 3
34 57 27
34 59 10
34 61 33
34 62 40
34 64 50
34 65 57
34 67 58
34 68 39
34 69 37
35 0 54
35 1 15
35 2 49
35 3 61
35 4 46
35 6 30
35 7 66
35 8 63
35 10 8
35 14 17
35 15 39
35 17 21
35 18 11
35 19 14
35 20 58
35 21 52
35 23 26
35 25 37
35 27 5
35 28 62
35 29 43
35 31 48
35 32 50
35 33 44
35 34 10
35 36 27
35 37 34
35 38 28
35 39 1
35 40 6
35 43 53
35 44 42
35 45 13
35 46 7
35 48 16
35 49 47
35 50 60
35 51 36
35 52 0
35 54 20
35 56 41
35 57 55
35 59 22
35 60 35
35 61 31
35 62 25
35 63 69
35 64 45
35 65 9
35 66 4
35 68 56
36 1 9
36 2 0
36 5 5
36 6 27
36 7 34
36 8 44
36 10 18
36 11 67
36 14 24
36 15 57
36 16 13
36 17 31
36 19 16
36 20 50
36 22 2
36 23 30
36 25 66
36 27 3
36 29 42
36 30 69
36 31 55
36 32 23
36 33 39
36 34 60
36 35 17
36 36 61
36 37 4
36 38 29
36 41 68
36 42 48
36 43 41
36 44 11
36 45 15
36 46 20
36 47 35
36 50 52
36 52 62
36 53 10
36 54 32
36 56 8
36 57 14
36 58 37
36 59 40
36 62 45
36 63 38
36 66 47
36 67 33
36 68 7
37 1 29
37 2 22
37 3 34
37 4 6
37 6 56
37 8 43
37 9 39
37 10 23
37 12 25
37 14 3
37 17 9
37 19 0
37 20 47
37 22 20
37 23 42
37 24 60
37 27 14
37 28 13
37 29 68
37 30 58
37 31 69
37 32 10
37 35 16
37 36 37
37 37 50
37 38 53
37 39 48
37 40 64
37 41 62
37 42 12
37 43 27
37 47 44
37 49 63
37 50 4
37 52 61
37 53 19
37 54 30
37 55 21
37 57 54
37 60 36
37 61 1
37 62 67
37 64 31
37 65 33
37 67 51
38 0 15
38 2 63
38 3 65
38 4 17
38 5 52
38 7 50
38 8 49
38 9 58
38 10 43
38 11 38
38 12 13
38 13 67
38 14 69
38 15 12
38 16 54
38 18 64
38 19 56
38 20 44
38 21 19
38 22 35
38 24 21
38 25 9
38 26 47
38 27 53
38 28 5
38 29 62
38 30 16
38 31 31
38 33 51
38 34 42
38 35 28
38 36 36
38 37 68
38 38 32
38 40 0
38 42 45
38 43 37
38 44 48
38 45 24
38 46 61
38 47 23
38 48 34
38 49 39
38 51 7
38 54 22
38 55 57
38 56 27
38 57 18
38 58 6
38 59 55
38 60 29
38 61 20
38 62 46
38 63 1
38 65 10
38 66 30
38 67 2
38 68 14
38 69 26
39 1 27
39 2 52
39 4 2
39 7 64
39 8 35
39 9 5
39 10 21
39 11 4
39 12 24
39 13 39
39 17 58
39 19 28
39 20 3
39 21 68
39 22 25
39 23 66
39 27 69
39 29 23
39 30 26
39 31 29
39 32 0
39 33 34
39 34 17
39 35 7
39 36 46
39 38 48
39 40 47
39 41 42
39 42 51
39 43 45
39 44 38
39 45 9
39 46 30
39 47 37
39 48 22
39 49 33
39 51 12
39 53 20
39 54 6
39 55 62
39 56 13
39 57 56
39 58 32
39 60 19
39 61 10
39 62 8
39 63 54
39 65 53
39 66 44
39 67 16
39 69 14
40 1 1
40 3 3
40 4 59
40 5 46
40 6 25
40 7 53
40 8 61
40 9 35
40 10 65
40 11 12
40 12 47
40 13 63
40 14 22
40 15 11
40 16 27
40 17 42
40 18 51
40 22 29
40 24 48
40 28 8
40 29 37
40 30 4
40 31 16
40 32 5
40 33 67
40 36 15
40 37 41
40 39 50
40 40 20
40 42 49
40 44 2
40 45 33
40 46 31
40 52 7
40 55 55
40 56 10
40 57 60
40 60 57
40 61 45
40 62 39
40 64 66
40 65 68
40 66 40
40 67 17
40 68 52
40 69 56
41 0 17
41 1 69
41 2 21
41 3 11
41 4 53
41 5 27
41 6 4
41 8 18
41 9 33
41 10 15
41 11 42
41 13 22
41 14 28
41 15 44
41 16 9
41 17 35
41 18 57
41 19 43
41 20 39
41 21 30
41 22 16
41 24 41
41 25 1
41 26 25
41 27 37
41 28 60
41 29 65
41 30 3
41 31 23
41 32 68
41 33 54
41 35 20
41 36 26
41 39 24
41 40 48
41 41 8
41 42 2
41 43 61
41 44 59
41 47 0
41 48 29
41 49 7
41 50 67
41 51 32
41 53 47
41 54 19
41 55 50
41 56 66
41 57 63
41 59 52
41 60 5
41 61 6
41 62 55
41 64 36
41 65 45
41 66 12
41 67 14
41 68 58
41 69 10
42 1 23
42 2 5
42 3 39
42 6 64
42 11 60
42 12 28
42 13 24
42 14 19
42 15 20
42 16 17
42 17 40
42 19 52
42 20 7
42 21 57
42 23 48
42 24 66
42 25 51
42 27 6
42 28 9
42 29 36
42 31 12
42 32 38
42 34 46
42 35 2
42 37 25
42 38 31
42 39 26
42 40 59
42 42 55
42 45 54
42 46 43
42 47 15
42 48 53
42 49 29
42 50 62
42 52 45
42 53 4
42 54 0
42 55 67
42 56 61
42 58 30
42 60 11
42 61 8
42 62 35
42 63 56
42 64 49
42 65 14
42 66 3
42 67 10
42 68 1
42 69 32
43 0 59
43 1 17
43 2 31
43 3 45
43 4 28
43 6 46
43 7 39
43 9 41
43 11 26
43 13 5
43 14 40
43 15 60
43 16 69
43 17 64
43 18 23
43 19 51
43 20 29
43 23 32
43 24 54
43 25 43
43 26 62
43 27 1
43 28 27
43 29 33
43 30 53
43 32 12
43 33 65
43 34 66
43 36 7
43 38 68
43 40 13
43 42 37
43 43 55
43 44 34
43 45 18
43 46 8
43 47 9
43 48 10
43 49 25
43 51 49
43 53 24
43 54 4
43 55 6
43 56 44
43 57 16
43 60 0
43 61 58
43 63 63
43 64 19
43 65 48
43 66 56
43 67 21
43 68 15
43 69 22
44 0 34
44 1 59
44 2 64
44 3 56
44 4 39
44 6 21
44 8 48
44 11 25
44 13 58
44 14 53
44 15 9
44 18 24
44 19 2
44 21 51
44 22 26
44 23 69
44 24 5
44 26 63
44 27 18
44 28 4
44 29 7
44 30 33
44 32 35
44 33 22
44 34 3
44 35 45
44 36 17
44 37 36
44 38 23
44 41 10
44 42 27
44 43 40
44 44 57
44 46 1
44 47 66
44 48 28
44 49 43
44 50 61
44 51 11
44 52 44
44 53 42
44 54 41
44 55 8
44 57 65
44 58 38
44 60 55
44 61 29
44 62 20
44 63 52
44 64 60
44 65 62
44 66 15
44 67 31
44 68 13
44 69 67
45 0 11
45 3 60
45 4 7
45 5 23
45 6 51
45 8 27
45 10 12
45 11 29
45 12 67
45 13 65
45 14 39
45 15 42
45 17 16
45 18 8
45 21 61
45 22 5
45 24 32
45 25 34
45 26 31
45 30 54
45 31 45
45 32 25
45 33 2
45 34 40
45 36 35
45 38 43
45 40 22
45 42 59
45 43 52
45 44 44
45 45 49
45 48 47
45 49 36
45 50 53
45 52 30
45 53 9
45 55 17
45 56 19
45 58 10
45 61 50
45 63 18
45 65 1
45 66 26
45 67 68
45 68 64
46 0 2
46 1 37
46 2 58
46 3 67
46 4 64
46 5 15
46 6 34
46 7 56
46 9 11
46 10 40
46 12 41
46 13 48
46 15 62
46 16 57
46 19 36
46 21 65
46 22 24
46 23 21
46 24 29
46 25 59
46 27 43
46 28 66
46 29 49
46 30 17
46 32 60
46 33 23
46 34 8
46 38 52
46 40 69
46 41 53
46 42 50
46 43 0
46 45 10
46 46 45
46 47 7
46 49 28
46 50 9
46 51 38
46 52 14
46 55 46
46 56 20
46 57 35
46 59 47
46 65 22
46 66 1
46 67 26
46 69 4
47 1 10
47 2 66
47 3 29
47 4 43
47 7 3
47 8 67
47 9 7
47 10 24
47 12 1
47 16 62
47 19 17
47 20 57
47 22 11
47 23 38
47 24 49
47 26 0
47 27 44
47 29 48
47 30 39
47 32 52
47 33 30
47 34 47
47 38 69
47 41 50
47 42 63
47 43 28
47 44 68
47 45 12
47 46 65
47 47 58
47 48 54
47 49 32
47 50 55
47 51 23
47 52 64
47 53 31
47 55 19
47 56 5
47 57 2
47 59 37
47 60 42
47 61 46
47 62 34
47 63 53
47 64 20
47 65 60
47 66 61
47 67 6
47 69 15
48 3 57
48 4 35
48 5 37
48 6 23
48 9 32
48 10 36
48 11 53
48 13 52
48 14 61
48 16 31
48 17 38
48 18 20
48 19 46
48 20 65
48 23 62
48 25 56
48 26 59
48 27 58
48 28 22
48 29 26
48 30 44
48 31 5
48 32 17
48 35 8
48 36 64
48 39 49
48 40 28
48 41 4
48 42 47
48 44 45
48 46 3
48 47 29
48 48 51
48 52 68
48 54 2
48 57 67
48 58 34
48 60 63
48 64 10
48 65 66
48 66 39
48 67 41
49 0 51
49 3 40
49 5 69
49 7 37
49 9 53
49 10 22
49 13 46
49 14 66
49 15 36
49 16 44
49 17 15
49 18 5
49 19 41
49 20 26
49 22 38
49 24 17
49 25 60
49 26 52
49 27 19
49 28 21
49 30 8
49 31 0
49 32 14
49 34 18
49 35 25
49 36 57
49 37 30
49 38 7
49 40 50
49 41 59
49 42 13
49 43 39
49 45 20
49 46 64
49 48 65
49 49 67
49 50 6
49 53 54
49 56 58
49 58 47
49 59 49
49 60 62
49 61 55
49 62 68
49 63 10
49 66 2
49 68 23
49 69 61
50 0 42
50 1 0
50 2 60
50 6 16
50 7 55
50 8 34
50 10 66
50 12 26
50 15 25
50 16 1
50 18 36
50 19 9
50 21 31
50 22 14
50 25 8
50 26 38
50 27 63
50 28 41
50 30 48
50 33 28
50 36 23
50 37 47
50 39 33
50 42 44
50 43 68
50 46 32
50 47 39
50 48 40
50 49 59
50 50 43
50 52 20
50 53 2
50 55 29
50 57 52
50 60 65
50 61 69
50 62 62
50 63 17
50 64 51
50 65 15
50 66 24
50 67 5
50 69 27
51 0 62
51 1 61
51 2 27
51 3 12
51 4 50
51 5 9
51 7 28
51 8 17
51 9 64
51 10 19
51 11 2
51 12 21
51 13 15
51 15 3
51 16 68
51 17 7
51 18 30
51 19 66
51 20 54
51 21 29
51 23 37
51 24 4
51 25 41
51 26 57
51 28 6
51 29 44
51 31 36
51 32 20
51 34 55
51 35 33
51 36 0
51 37 56
51 38 42
51 40 46
51 41 26
51 42 39
51 44 52
51 45 8
51 46 51
51 47 53
51 48 11
51 49 13
51 50 35
51 51 24
51 52 31
51 53 14
51 55 38
51 56 60
51 58 45
51 59 25
51 62 16
51 63 58
51 64 18
51 65 67
51 66 48
51 67 22
51 68 63
51 69 69
52 1 19
52 3 16
52 5 64
52 6 60
52 7 36
52 8 10
52 9 55
52 10 41
52 12 5
52 14 2
52 15 21
52 18 32
52 19 30
52 20 63
52 21 4
52 25 53
52 26 34
52 27 52
52 29 56
52 31 62
52 34 68
52 35 57
52 36 20
52 37 65
52 38 59
52 39 37
52 40 42
52 42 14
52 46 58
52 47 11
52 50 18
52 51 26
52 52 24
52 55 27
52 57 29
52 59 23
52 60 38
52 63 9
52 64 47
52 65 7
52 66 22
52 68 48
52 69 39
53 1 8
53 2 16
53 3 24
53 4 44
53 5 63
53 6 19
53 7 35
53 9 40
53 11 21
53 12 22
53 13 29
53 15 15
53 18 10
53 19 67
53 22 12
53 23 11
53 24 53
53 26 68
53 27 51
53 28 39
53 30 34
53 32 41
53 33 36
53 34 9
53 36 47
53 37 43
53 38 14
53 39 28
53 43 57
53 46 17
53 47 62
53 51 13
53 52 42
53 54 65
53 55 60
53 57 33
53 59 31
53 61 5
53 62 23
53 63 37
53 64 64
53 65 4
53 67 25
53 68 2
53 69 6
54 1 63
54 2 13
54 3 7
54 4 25
54 5 19
54 6 66
54 7 23
54 9 37
54 10 2
54 11 10
54 12 38
54 14 48
54 16 16
54 17 12
54 20 52
54 23 15
54 26 39
54 27 8
54 30 14
54 31 41
54 32 31
54 36 28
54 37 0
54 38 56
54 41 43
54 43 47
54 44 18
54 45 32
54 46 33
54 47 30
54 48 26
54 49 9
54 52 65
54 55 22
54 57 11
54 58 64
54 60 1
54 61 51
54 62 36
54 63 27
54 64 68
54 65 49
54 66 42
54 68 59
54 69 20
55 3 8
55 4 23
55 5 56
55 6 55
55 7 24
55 9 61
55 10 11
55 11 47
55 12 12
55 13 69
55 14 65
55 15 53
55 16 6
55 17 66
55 18 43
55 19 22
55 20 1
55 24 35
55 25 63
55 26 42
55 27 4
55 28 36
55 29 54
55 30 31
55 31 39
55 34 67
55 35 9
55 36 62
55 37 32
55 38 17
55 43 3
55 44 33
55 45 44
55 46 5
55 48 37
55 49 52
55 50 51
55 52 27
55 53 58
55 55 41
55 56 7
55 57 64
55 59 26
55 60 49
55 61 30
55 62 57
55 63 15
55 68 46
56 1 52
56 2 7
56 4 58
56 5 29
56 6 2
56 8 26
56 9 69
56 10 38
56 11 37
56 12 66
56 15 18
56 16 47
56 17 33
56 19 11
56 20 36
56 21 67
56 22 32
56 23 61
56 25 19
56 26 51
56 27 12
56 29 15
56 31 65
56 32 48
56 34 22
56 35 4
56 36 55
56 37 31
56 38 49
56 39 42
56 40 30
56 41 16
56 42 10
56 43 9
56 44 56
56 50 40
56 51 5
56 52 17
56 53 46
56 54 8
56 56 21
56 57 1
56 58 20
56 63 6
56 64 62
56 66 14
56 68 3
56 69 24
57 0 67
57 1 20
57 2 37
57 3 50
57 4 11
57 6 7
57 8 41
57 9 27
57 10 46
57 12 18
57 13 32
57 14 10
57 15 5
57 20 49
57 22 39
57 24 13
57 25 31
57 28 38
57 32 16
57 33 19
57 34 29
57 35 36
57 36 44
57 37 8
57 38 47
57 39 64
57 40 24
57 42 65
57 43 22
57 44 62
57 47 28
57 49 0
57 50 3
57 51 63
57 52 52
57 55 68
57 57 4
57 58 2
57 59 53
57 62 1
57 64 12
57 65 54
57 66 17
57 68 51
57 69 42
58 1 68
58 3 44
58 4 20
58 5 8
58 6 50
58 7 15
58 8 39
58 9 36
58 10 48
58 12 29
58 14 6
58 15 26
58 17 55
58 19 35
58 20 33
58 21 42
58 22 23
58 23 45
58 24 52
58 25 46
58 26 1
58 27 61
58 28 49
58 29 14
58 30 64
58 31 11
58 32 56
58 33 31
58 35 63
58 37 9
58 40 51
58 41 12
58 42 60
58 43 4
58 45 27
58 47 65
58 48 32
58 49 2
58 50 25
58 51 22
58 52 59
58 53 57
58 54 47
58 55 7
58 56 67
58 58 5
58 59 30
58 60 40
58 61 43
58 63 0
58 65 24
58 67 3
58 68 28
58 69 54
59 0 0
59 1 51
59 3 69
59 4 4
59 6 47
59 7 22
59 8 29
59 11 68
59 12 48
59 14 58
59 17 52
59 18 7
59 19 63
59 21 46
59 22 41
59 23 49
59 24 14
59 25 40
59 27 66
59 28 55
59 29 61
59 30 32
59 31 64
59 32 39
59 33 3
59 34 23
59 35 11
59 36 18
59 37 21
59 38 35
59 39 36
59 42 9
59 43 19
59 44 6
59 45 59
59 46 27
59 47 16
59 48 13
59 49 8
59 50 2
59 51 1
59 55 33
59 56 56
59 57 50
59 59 38
59 60 20
59 61 62
59 63 60
59 64 67
59 65 28
59 66 45
59 68 65
59 69 5
60 0 32
60 1 22
60 3 6
60 4 31
60 5 30
60 7 58
60 8 23
60 10 57
60 11 64
60 12 39
60 13 0
60 15 63
60 16 56
60 20 60
60 21 36
60 22 13
60 23 8
60 27 49
60 28 51
60 29 66
60 31 68
60 32 59
60 33 61
60 34 24
60 36 45
60 40 17
60 41 19
60 42 5
60 43 34
60 45 53
60 47 10
60 48 7
60 50 54
60 51 4
60 55 11
60 56 43
60 57 38
60 60 47
60 61 67
60 63 55
60 65 26
60 66 37
60 67 52
60 68 41
60 69 1
61 1 32
61 3 21
61 4 68
61 5 60
61 8 5
61 10 54
61 11 63
61 12 9
61 13 27
61 14 57
61 15 52
61 16 23
61 17 37
61 19 61
61 20 17
61 21 40
61 22 3
61 23 35
61 25 47
61 26 46
61 27 41
61 30 7
61 31 53
61 34 2
61 35 65
61 36 31
61 37 22
61 40 8
61 41 1
61 42 43
61 43 25
61 44 49
61 45 38
61 46 13
61 47 51
61 48 44
61 49 64
61 50 48
61 51 34
61 52 4
61 53 18
61 58 0
61 59 36
61 61 39
61 62 26
61 63 19
61 64 56
61 66 11
61 67 29
61 68 42
61 69 50
62 0 12
62 2 17
62 3 15
62 4 54
62 5 4
62 7 31
62 9 10
62 11 34
62 12 65
62 13 57
62 15 46
62 17 27
62 19 23
62 20 38
62 22 44
62 23 7
62 24 45
62 25 6
62 26 20
62 28 2
62 29 29
62 30 19
62 33 32
62 34 14
62 35 48
62 36 69
62 37 42
62 38 64
62 39 21
62 40 1
62 41 56
62 43 13
62 44 60
62 45 26
62 46 0
62 47 33
62 48 63
62 49 18
62 50 50
62 51 47
62 54 28
62 55 9
62 57 61
62 58 67
62 59 39
62 60 41
62 61 59
62 63 43
62 64 30
62 65 8
62 66 16
62 67 24
62 68 68
63 0 36
63 1 26
63 2 53
63 3 59
63 4 66
63 6 58
63 7 5
63 8 37
63 9 21
63 10 7
63 12 62
63 13 1
63 14 4
63 16 30
63 17 68
63 18 18
63 20 40
63 21 54
63 22 50
63 25 35
63 27 39
63 29 10
63 31 52
63 33 20
63 34 64
63 35 61
63 36 19
63 37 44
63 39 0
63 40 32
63 41 47
63 42 31
63 45 28
63 46 67
63 47 69
63 48 49
63 49 34
63 50 8
63 51 60
63 53 43
63 57 45
63 59 2
63 60 51
63 62 15
63 64 16
63 65 25
63 66 55
63 67 63
63 68 17
63 69 48
64 0 23
64 1 14
64 2 68
64 5 28
64 6 67
64 8 31
64 9 51
64 11 32
64 12 43
64 15 33
64 16 38
64 17 2
64 18 39
64 19 40
64 21 27
64 23 0
64 24 3
64 25 7
64 26 17
64 28 16
64 29 69
64 30 42
64 31 66
64 32 36
64 33 29
64 34 1
64 35 50
64 36 59
64 37 26
64 38 11
64 39 61
64 40 12
64 41 49
64 42 58
64 43 20
64 44 24
64 45 22
64 46 18
64 48 48
64 49 46
64 50 37
64 51 35
64 52 57
64 54 53
64 55 13
64 56 6
64 57 44
64 59 21
64 61 65
64 62 60
64 63 8
64 64 41
64 65 47
64 66 25
64 67 30
64 69 34
65 0 18
65 2 23
65 4 12
65 5 13
65 6 45
65 7 48
65 10 31
65 11 30
65 12 3
65 13 16
65 14 42
65 15 65
65 19 38
65 20 53
65 21 2
65 22 56
65 23 28
65 24 68
65 25 36
65 26 69
65 27 55
65 28 46
65 29 5
65 30 59
65 31 32
65 33 52
65 34 19
65 35 44
65 36 51
65 38 25
65 39 60
65 40 61
65 41 57
65 42 26
65 45 6
65 47 63
65 48 33
65 49 40
65 50 22
65 51 41
65 52 39
65 54 34
65 58 1
65 59 58
65 60 14
65 61 24
65 62 0
65 64 21
65 65 11
65 67 27
65 69 43
66 0 63
66 2 29
66 3 20
66 4 52
66 5 0
66 8 50
66 9 65
66 10 59
66 11 9
66 12 44
66 14 7
66 15 41
66 16 58
66 18 60
66 20 13
66 21 12
66 23 24
66 26 19
66 27 23
66 30 21
66 31 30
66 32 62
66 33 57
66 34 25
66 37 15
66 38 5
66 40 4
66 41 36
66 43 11
66 44 55
66 45 34
66 46 42
66 47 26
66 48 61
66 49 10
66 50 33
66 51 66
66 52 2
66 53 67
66 54 51
66 55 69
66 56 16
66 59 64
66 60 48
66 61 22
66 63 45
66 64 54
66 65 38
66 68 35
67 0 47
67 1 43
67 3 1
67 7 33
67 10 3
67 11 19
67 13 66
67 14 55
67 15 31
67 16 41
67 18 13
67 20 5
67 21 22
67 22 60
67 23 52
67 25 57
67 26 44
67 28 65
67 30 0
67 31 6
67 33 48
67 35 68
67 38 40
67 40 21
67 41 58
67 42 62
67 46 26
67 49 38
67 50 29
67 51 14
67 52 16
67 53 28
67 55 37
67 56 63
67 58 50
67 59 51
67 60 61
67 61 18
67 62 42
67 63 23
67 64 2
67 69 53
68 0 39
68 4 5
68 6 49
68 7 40
68 8 57
68 9 44
68 12 50
68 13 10
68 14 67
68 16 11
68 17 36
68 20 64
68 21 63
68 25 26
68 26 14
68 27 30
68 28 58
68 29 46
68 31 9
68 34 35
68 37 18
68 38 13
68 39 8
68 40 23
68 43 16
68 45 19
68 46 47
68 47 55
68 48 24
68 49 22
68 50 15
68 51 62
68 52 12
68 54 48
68 59 32
68 60 68
68 61 4
68 62 2
68 65 17
68 67 20
68 68 38
68 69 45
69 0 46
69 1 40
69 2 61
69 4 63
69 6 31
69 7 17
69 8 4
69 10 47
69 11 62
69 12 57
69 13 6
69 15 38
69 16 21
69 18 28
69 23 23
69 24 37
69 25 16
69 26 22
69 27 42
69 29 0
69 30 68
69 31 49
69 33 24
69 34 33
69 35 56
69 36 52
69 38 10
69 39 39
69 40 25
69 41 32
69 44 8
69 45 36
69 46 54
69 49 14
69 50 19
69 51 20
69 52 51
69 53 53
69 55 64
69 56 55
69 57 34
69 58 11
69 59 5
69 60 67
69 61 48
69 62 29
69 64 65
69 65 13
69 66 58
69 68 9
