70
0 0 53
0 9 27
0 10 33
0 11 11
0 16 56
0 19 65
0 20 68
0 23 47
0 27 39
0 36 57
0 39 64
0 41 40
0 43 5
0 48 15
0 49 42
0 50 19
0 51 29
0 55 32
0 56 16
0 57 55
0 59 1
0 60 58
0 65 59
0 67 69
1 4 51
1 7 6
1 11 27
1 12 2
1 15 45
1 17 3
1 20 0
1 21 34
1 22 35
1 24 9
1 28 59
1 34 21
1 38 22
1 43 50
1 44 60
1 48 7
1 53 12
1 61 20
1 62 57
1 69 18
2 2 14
2 4 37
2 5 24
2 6 7
2 8 48
2 9 30
2 12 47
2 13 67
2 16 60
2 21 10
2 24 20
2 25 26
2 29 62
2 32 61
2 37 68
2 41 38
2 45 8
2 47 21
2 49 41
2 52 27
2 56 36
2 57 31
2 58 2
2 59 42
2 63 64
2 64 23
2 67 1
2 69 13
3 10 24
3 11 7
3 12 17
3 14 64
3 15 60
3 17 18
3 18 66
3 25 23
3 32 57
3 35 61
3 39 67
3 42 0
3 44 34
3 47 48
3 49 45
3 57 14
3 61 47
3 62 29
3 63 55
3 65 4
3 66 53
4 2 56
4 5 16
4 20 51
4 27 63
4 29 40
4 30 9
4 31 5
4 32 69
4 34 33
4 35 15
4 44 8
4 47 2
4 51 44
4 52 50
4 53 68
4 55 57
4 61 30
4 62 31
4 63 28
4 65 61
5 0 26
5 1 32
5 7 57
5 11 44
5 15 21
5 19 1
5 20 40
5 23 20
5 24 6
5 27 60
5 30 37
5 32 33
5 34 65
5 37 39
5 39 27
5 40 24
5 41 28
5 45 23
5 47 19
5 54 22
5 57 17
5 60 11
5 64 50
5 66 12
6 3 54
6 4 28
6 8 52
6 10 7
6 12 19
6 13 60
6 15 27
6 23 16
6 29 68
6 32 41
6 35 57
6 36 45
6 37 12
6 44 46
6 50 2
6 52 1
6 57 6
6 63 39
6 67 26
7 3 44
7 7 49
7 11 50
7 14 57
7 23 3
7 26 48
7 27 43
7 29 54
7 32 55
7 38 28
7 39 65
7 40 20
7 44 15
7 49 6
7 50 27
7 51 35
7 55 24
7 56 17
7 57 66
7 58 33
7 66 64
8 16 52
8 21 35
8 24 41
8 31 15
8 32 40
8 33 21
8 35 7
8 36 6
8 47 38
8 48 43
8 50 13
8 52 28
8 54 31
8 55 62
8 64 19
8 65 25
9 5 63
9 8 0
9 9 40
9 14 61
9 16 20
9 18 4
9 21 49
9 23 11
9 25 62
9 29 7
9 31 25
9 32 1
9 33 65
9 34 68
9 39 36
9 40 3
9 42 54
9 49 59
9 50 45
9 57 9
9 61 51
9 62 26
9 69 55
10 3 53
10 4 33
10 7 21
10 18 43
10 22 48
10 23 31
10 26 32
10 29 35
10 32 4
10 33 56
10 37 11
10 43 67
10 44 27
10 46 9
10 48 54
10 55 23
10 58 26
10 59 61
10 60 10
10 61 55
10 65 13
10 69 8
11 5 27
11 6 28
11 7 20
11 13 37
11 17 15
11 19 48
11 21 44
11 23 64
11 25 18
11 27 16
11 32 31
11 37 55
11 39 63
11 40 19
11 44 30
11 49 47
11 53 38
11 58 12
11 59 62
11 67 36
12 4 11
12 5 66
12 6 59
12 10 16
12 14 20
12 19 44
12 25 54
12 26 47
12 34 31
12 37 29
12 39 7
12 42 34
12 44 25
12 47 68
12 49 15
12 52 21
12 55 22
12 56 60
12 59 24
12 61 58
12 62 1
12 64 56
12 65 33
13 0 68
13 7 12
13 8 27
13 12 31
13 15 59
13 18 65
13 24 24
13 26 66
13 28 28
13 32 21
13 34 18
13 35 54
13 38 52
13 39 60
13 44 35
13 52 0
13 57 33
13 61 15
13 63 43
13 65 11
13 67 42
13 68 20
14 0 31
14 4 25
14 5 9
14 6 38
14 9 41
14 10 4
14 14 16
14 16 62
14 18 48
14 19 10
14 21 40
14 24 36
14 27 59
14 30 11
14 35 51
14 37 57
14 49 14
14 63 45
14 66 1
14 68 55
15 4 8
15 10 66
15 11 54
15 20 45
15 25 41
15 27 47
15 28 57
15 32 68
15 37 58
15 38 1
15 39 35
15 42 32
15 44 69
15 47 29
15 50 42
15 51 46
15 57 44
15 58 56
15 61 49
15 65 26
16 1 59
16 3 27
16 7 18
16 11 32
16 20 54
16 24 30
16 25 61
16 33 68
16 35 43
16 46 58
16 47 57
16 56 50
16 57 47
16 60 20
16 62 55
16 64 16
16 68 66
16 69 23
17 3 24
17 5 29
17 8 69
17 10 38
17 16 11
17 18 56
17 20 4
17 28 8
17 32 58
17 39 0
17 44 68
17 47 39
17 48 25
17 52 19
17 62 60
17 64 5
18 1 67
18 2 43
18 4 1
18 6 48
18 16 22
18 22 42
18 29 18
18 34 29
18 37 51
18 39 45
18 54 23
18 57 30
18 58 50
18 62 38
18 64 25
18 65 10
19 1 8
19 9 54
19 10 42
19 18 20
19 23 67
19 27 34
19 29 52
19 40 31
19 51 7
19 53 55
19 55 53
19 56 26
19 60 64
19 65 21
19 66 49
19 67 63
19 69 66
20 3 61
20 9 23
20 15 26
20 21 56
20 31 18
20 32 45
20 33 44
20 35 46
20 36 31
20 50 8
20 53 34
20 55 1
20 56 47
20 59 32
20 60 63
20 61 66
20 66 38
21 1 2
21 5 62
21 8 36
21 22 55
21 24 52
21 25 58
21 26 3
21 33 57
21 35 4
21 40 7
21 44 20
21 49 64
21 50 22
21 56 54
21 58 41
21 66 13
22 5 46
22 8 42
22 10 15
22 14 5
22 15 65
22 16 48
22 20 23
22 23 38
22 24 51
22 27 29
22 28 30
22 32 34
22 34 19
22 35 50
22 39 40
22 40 32
22 47 14
22 60 3
22 64 63
22 65 64
22 66 57
22 67 55
22 68 21
23 4 9
23 8 57
23 10 2
23 11 8
23 12 5
23 16 41
23 17 60
23 24 44
23 25 16
23 28 51
23 30 56
23 36 36
23 39 12
23 41 39
23 43 17
23 45 27
23 46 4
23 52 66
23 53 14
23 55 10
23 60 69
23 62 65
23 63 32
23 65 55
23 66 15
23 67 50
24 1 51
24 5 53
24 8 23
24 12 40
24 14 38
24 17 26
24 19 33
24 24 12
24 25 47
24 29 65
24 30 59
24 36 63
24 40 21
24 42 42
24 50 0
24 52 24
24 56 52
24 59 6
24 63 48
24 64 29
24 68 67
24 69 32
25 14 17
25 15 68
25 20 24
25 21 13
25 24 19
25 26 60
25 27 56
25 29 2
25 30 27
25 37 34
25 38 55
25 39 30
25 40 51
25 44 64
25 46 32
25 49 38
25 50 58
25 56 4
25 60 48
25 61 29
25 64 12
25 68 49
25 69 1
26 1 34
26 2 66
26 3 37
26 5 5
26 7 4
26 11 49
26 15 64
26 16 26
26 18 30
26 19 58
26 21 27
26 22 18
26 33 7
26 35 39
26 37 19
26 39 10
26 49 29
26 50 48
26 51 51
26 53 40
26 57 23
26 58 44
26 62 50
26 65 2
26 66 60
26 67 61
27 2 65
27 3 11
27 5 26
27 16 58
27 17 57
27 18 13
27 28 32
27 32 42
27 40 27
27 43 49
27 52 8
27 53 36
27 54 59
27 55 7
27 56 28
27 58 3
27 60 37
27 67 53
27 68 41
28 0 56
28 2 41
28 11 21
28 14 66
28 17 50
28 19 57
28 20 8
28 31 17
28 33 35
28 34 25
28 38 36
28 40 64
28 45 51
28 47 23
28 50 31
28 53 62
28 61 60
28 63 65
29 0 27
29 2 57
29 6 37
29 14 68
29 21 9
29 23 12
29 25 15
29 26 11
29 28 19
29 32 25
29 35 60
29 37 3
29 43 16
29 45 67
29 46 23
29 48 0
29 49 66
29 51 13
29 56 53
29 69 48
30 2 37
30 4 69
30 5 21
30 8 19
30 10 12
30 11 46
30 12 33
30 13 54
30 17 36
30 20 50
30 28 68
30 29 17
30 32 62
30 33 67
30 36 42
30 44 1
30 54 16
30 57 11
30 60 56
30 62 64
30 65 65
30 67 0
31 1 55
31 2 51
31 4 44
31 5 10
31 12 7
31 13 53
31 15 33
31 17 0
31 18 8
31 19 2
31 22 23
31 27 17
31 31 64
31 36 68
31 41 60
31 42 29
31 44 52
31 45 14
31 46 57
31 48 63
31 50 15
31 52 30
31 54 67
31 55 35
31 61 11
31 63 25
32 5 58
32 8 65
32 9 55
32 13 11
32 20 12
32 21 3
32 37 27
32 38 48
32 45 40
32 46 14
32 48 31
32 51 22
32 53 51
32 54 35
32 56 68
32 59 60
32 60 57
32 64 43
32 69 16
33 0 4
33 1 42
33 7 43
33 11 35
33 16 55
33 20 62
33 23 68
33 29 30
33 30 61
33 33 53
33 36 22
33 41 34
33 46 46
33 48 1
33 50 21
33 59 37
33 64 20
33 65 47
33 66 63
34 1 17
34 2 27
34 6 21
34 9 39
34 11 67
34 21 50
34 22 34
34 24 63
34 26 52
34 28 26
34 39 46
34 41 15
34 42 28
34 47 59
34 48 22
34 51 54
34 55 9
34 58 35
34 61 16
34 65 23
34 66 56
35 0 35
35 1 7
35 9 11
35 10 17
35 15 66
35 18 15
35 19 0
35 21 59
35 22 3
35 24 18
35 27 28
35 37 2
35 40 36
35 48 62
35 54 42
35 55 55
35 57 38
35 61 44
35 65 69
35 66 50
35 69 10
36 9 21
36 15 67
36 21 64
36 29 9
36 31 49
36 35 69
36 41 33
36 49 24
36 57 0
36 62 34
37 3 34
37 4 64
37 5 52
37 10 61
37 12 69
37 17 67
37 22 51
37 23 46
37 29 6
37 31 22
37 32 30
37 34 1
37 36 29
37 37 32
37 40 53
37 41 41
37 49 5
37 50 28
37 51 42
37 52 56
37 53 21
37 55 20
37 59 65
37 60 19
37 63 23
37 68 37
37 69 43
38 4 14
38 5 41
38 11 59
38 16 43
38 18 25
38 20 38
38 25 27
38 26 17
38 30 49
38 31 24
38 32 52
38 35 67
38 36 54
38 57 22
38 59 8
38 61 42
38 63 50
38 69 9
39 1 18
39 4 40
39 5 33
39 6 1
39 8 24
39 15 57
39 20 59
39 23 13
39 30 22
39 32 60
39 34 26
39 36 21
39 41 35
39 44 58
39 46 8
39 48 45
39 57 12
39 68 34
39 69 51
40 1 40
40 12 35
40 20 25
40 21 30
40 22 49
40 23 24
40 31 16
40 32 38
40 34 27
40 38 53
40 39 51
40 44 5
40 46 10
40 54 8
40 64 15
40 68 58
41 3 41
41 5 37
41 14 35
41 15 6
41 16 25
41 17 40
41 20 15
41 24 31
41 25 22
41 26 50
41 29 47
41 37 53
41 39 43
41 41 57
41 43 0
41 45 49
41 46 68
41 47 55
41 48 44
41 49 16
41 62 39
41 67 9
42 1 68
42 3 33
42 4 20
42 6 23
42 7 8
42 8 56
42 16 19
42 17 29
42 21 63
42 24 25
42 26 55
42 27 58
42 31 65
42 36 5
42 37 37
42 38 12
42 40 60
42 42 13
42 47 32
42 51 9
42 52 34
42 53 50
42 63 61
42 65 36
42 66 0
43 4 67
43 13 35
43 14 55
43 15 2
43 20 18
43 22 64
43 25 21
43 28 22
43 30 43
43 31 39
43 32 12
43 38 34
43 41 54
43 44 4
43 45 60
43 46 0
43 52 59
43 53 33
43 55 14
43 57 29
43 64 26
43 65 37
43 67 65
43 68 10
44 3 5
44 4 19
44 11 24
44 15 38
44 16 13
44 26 25
44 29 12
44 32 16
44 34 44
44 36 32
44 38 33
44 40 6
44 41 67
44 43 1
44 44 36
44 45 30
44 48 26
44 51 20
44 52 11
44 54 18
44 58 28
44 63 41
44 66 40
45 3 25
45 6 62
45 9 22
45 11 56
45 19 13
45 21 4
45 24 67
45 26 30
45 31 28
45 34 24
45 35 1
45 39 50
45 60 36
45 61 8
45 64 58
45 69 45
46 1 69
46 3 67
46 12 9
46 13 66
46 15 48
46 16 68
46 20 58
46 21 41
46 24 49
46 28 6
46 29 42
46 33 25
46 38 5
46 42 59
46 44 14
46 46 56
46 50 1
46 51 30
46 52 33
46 53 4
46 55 12
46 56 35
46 57 43
46 61 37
46 67 34
46 69 64
47 2 49
47 3 51
47 4 30
47 5 7
47 7 1
47 9 28
47 11 61
47 12 46
47 13 6
47 14 45
47 15 0
47 18 3
47 26 35
47 29 58
47 30 60
47 32 24
47 33 9
47 36 12
47 37 33
47 40 11
47 49 56
47 50 43
47 54 20
47 57 62
47 60 47
47 64 55
47 66 22
47 67 16
47 69 67
48 2 59
48 3 16
48 6 51
48 8 26
48 10 55
48 12 53
48 14 69
48 16 6
48 20 13
48 21 43
48 22 60
48 23 29
48 24 50
48 28 62
48 33 0
48 36 41
48 37 4
48 42 63
48 43 14
48 45 5
48 46 25
48 53 18
48 61 68
48 63 7
48 64 54
48 67 28
48 69 44
49 3 59
49 10 43
49 11 65
49 13 20
49 18 44
49 21 15
49 22 45
49 27 54
49 29 8
49 30 17
49 32 49
49 37 52
49 38 4
49 45 3
49 46 69
49 47 37
49 48 19
49 49 1
49 53 41
49 54 25
49 58 39
49 61 0
49 67 21
50 3 21
50 5 34
50 9 48
50 10 25
50 11 33
50 13 17
50 15 23
50 17 58
50 23 37
50 31 44
50 39 61
50 40 2
50 50 3
50 55 42
50 56 65
50 62 51
50 67 10
50 68 30
50 69 26
51 0 50
51 1 15
51 7 32
51 10 64
51 11 23
51 12 39
51 13 45
51 18 52
51 19 67
51 20 20
51 26 33
51 29 16
51 31 40
51 34 42
51 36 37
51 38 65
51 41 19
51 44 47
51 45 68
51 48 12
51 59 56
51 69 49
52 1 27
52 5 48
52 8 2
52 10 11
52 17 43
52 19 37
52 20 35
52 27 23
52 33 45
52 44 29
52 47 30
52 53 31
52 54 55
52 61 12
52 63 38
52 69 6
53 3 40
53 7 56
53 8 6
53 9 46
53 13 63
53 16 34
53 18 51
53 21 5
53 22 59
53 23 35
53 29 50
53 40 49
53 41 58
53 42 14
53 44 61
53 47 60
53 51 47
53 52 53
53 56 21
53 59 10
54 3 12
54 7 39
54 8 61
54 9 9
54 13 4
54 19 28
54 22 32
54 26 31
54 28 13
54 35 59
54 37 45
54 42 68
54 45 69
54 46 64
54 48 49
54 51 66
54 54 14
54 60 6
54 62 53
54 64 10
55 0 36
55 5 44
55 11 48
55 16 2
55 18 64
55 31 42
55 35 52
55 36 30
55 43 39
55 44 67
55 45 32
55 50 46
55 54 4
55 55 56
55 57 35
55 59 34
56 2 50
56 8 4
56 14 1
56 19 8
56 28 16
56 32 54
56 49 2
56 50 57
56 53 61
56 55 43
56 58 18
56 59 20
56 60 42
56 62 10
56 64 14
56 65 53
56 66 5
56 67 44
57 6 5
57 9 12
57 10 0
57 11 58
57 12 1
57 13 55
57 17 37
57 23 53
57 25 25
57 28 61
57 35 47
57 39 20
57 46 51
57 48 21
57 49 60
57 55 50
57 56 34
57 63 31
57 65 45
58 2 38
58 13 65
58 14 6
58 17 62
58 23 39
58 24 35
58 27 64
58 29 55
58 31 23
58 32 32
58 33 26
58 34 22
58 35 3
58 46 11
58 47 50
58 48 57
58 53 0
58 54 46
58 56 43
58 60 14
58 65 48
58 67 58
59 1 24
59 2 15
59 6 12
59 27 30
59 28 4
59 30 28
59 32 7
59 37 63
59 38 14
59 42 40
59 43 66
59 45 42
59 46 44
59 49 62
59 54 13
59 57 57
59 61 46
59 66 61
59 68 65
59 69 21
60 1 4
60 3 15
60 4 50
60 7 31
60 8 32
60 11 36
60 18 14
60 22 17
60 23 62
60 24 54
60 28 40
60 29 34
60 30 33
60 31 56
60 32 5
60 33 61
60 34 53
60 41 43
60 42 66
60 47 11
60 51 2
60 57 51
60 60 60
60 65 28
60 66 65
61 0 47
61 1 49
61 4 5
61 5 60
61 15 51
61 16 42
61 17 52
61 18 12
61 19 26
61 23 57
61 24 37
61 26 40
61 27 55
61 28 24
61 29 11
61 32 46
61 34 7
61 35 53
61 36 34
61 39 6
61 40 56
61 42 64
61 43 43
61 44 54
61 46 13
61 47 44
61 54 50
61 55 4
61 57 63
61 60 35
61 65 20
62 0 44
62 2 58
62 3 39
62 6 25
62 10 8
62 17 42
62 24 16
62 26 6
62 33 14
62 37 43
62 38 46
62 40 5
62 54 54
62 55 2
62 60 23
62 67 38
63 3 32
63 7 42
63 9 18
63 15 62
63 16 36
63 20 56
63 26 13
63 29 44
63 33 66
63 38 63
63 40 59
63 41 51
63 44 40
63 47 8
63 48 46
63 56 12
63 64 61
63 65 49
64 0 23
64 4 41
64 9 68
64 10 60
64 12 36
64 15 39
64 18 42
64 26 64
64 30 24
64 33 12
64 37 65
64 38 57
64 50 7
64 51 17
64 52 32
64 56 61
64 62 56
64 68 16
65 8 39
65 17 38
65 22 43
65 25 44
65 26 41
65 27 4
65 29 66
65 38 27
65 39 17
65 42 31
65 43 42
65 46 59
65 50 61
65 52 5
65 58 16
65 62 14
65 69 35
66 0 45
66 1 46
66 5 1
66 6 3
66 10 44
66 14 15
66 15 13
66 17 39
66 20 42
66 26 2
66 28 36
66 29 33
66 32 35
66 40 38
66 41 0
66 51 6
66 52 52
66 53 24
66 55 41
66 58 61
66 60 25
66 61 69
66 63 5
66 65 19
66 67 32
67 1 53
67 5 12
67 7 33
67 9 36
67 10 18
67 13 14
67 18 23
67 20 39
67 31 13
67 32 63
67 35 62
67 38 25
67 39 54
67 40 35
67 43 10
67 44 51
67 46 2
67 47 0
67 50 56
67 51 24
67 53 44
67 54 69
67 56 41
67 63 47
67 67 11
68 0 20
68 1 38
68 5 50
68 9 51
68 15 36
68 16 61
68 19 6
68 20 9
68 21 18
68 24 66
68 26 67
68 34 10
68 35 65
68 38 54
68 40 57
68 41 14
68 43 52
68 44 53
68 46 1
68 50 49
68 64 8
69 4 31
69 6 11
69 7 13
69 8 54
69 12 22
69 13 16
69 17 48
69 20 30
69 21 61
69 22 41
69 24 27
69 25 57
69 26 5
69 27 25
69 28 10
69 32 44
69 37 69
69 38 59
69 40 65
69 42 9
69 49 35
69 52 18
69 54 26
69 55 46
69 56 40
69 60 2
69 62 66
69 63 33
69 64 52
