60
0 0 42
0 2 7
0 3 15
0 4 11
0 5 40
0 6 26
0 7 14
0 8 28
0 9 46
0 10 50
0 11 23
0 13 27
0 14 37
0 16 9
0 17 8
0 18 4
0 20 21
0 23 24
0 24 3
0 27 57
0 28 5
0 29 29
0 35 45
0 37 16
0 38 25
0 39 6
0 41 59
0 44 41
0 46 56
0 48 19
0 49 13
0 50 22
0 52 17
0 54 49
0 55 51
0 56 18
0 57 36
0 58 38
1 3 43
1 6 52
1 8 21
1 9 4
1 11 49
1 12 29
1 13 24
1 14 53
1 15 26
1 16 45
1 17 33
1 19 35
1 20 28
1 21 50
1 24 32
1 25 48
1 27 27
1 29 55
1 30 40
1 32 25
1 34 22
1 37 11
1 38 54
1 41 13
1 42 51
1 43 3
1 46 17
1 47 7
1 49 38
1 50 56
1 53 37
1 54 41
1 55 36
1 57 31
1 59 1
2 0 22
2 1 19
2 3 54
2 4 39
2 6 4
2 7 5
2 8 26
2 10 35
2 12 12
2 15 49
2 16 40
2 17 52
2 18 57
2 19 17
2 20 25
2 21 36
2 23 46
2 24 1
2 27 58
2 29 59
2 30 14
2 32 42
2 37 47
2 38 18
2 39 45
2 40 37
2 43 2
2 44 33
2 45 3
2 46 21
2 47 55
2 48 10
2 49 24
2 50 11
2 51 15
2 52 38
2 53 13
2 54 29
2 55 41
3 0 12
3 1 47
3 2 23
3 4 4
3 8 32
3 9 18
3 11 42
3 13 46
3 14 31
3 15 33
3 17 55
3 21 41
3 22 16
3 24 26
3 25 43
3 26 38
3 27 1
3 29 56
3 30 21
3 31 7
3 32 57
3 33 8
3 34 37
3 36 50
3 38 49
3 39 48
3 40 24
3 41 52
3 43 20
3 44 44
3 46 35
3 47 29
3 48 45
3 49 59
3 50 2
3 52 58
3 56 34
3 59 40
4 0 45
4 2 13
4 3 19
4 5 34
4 6 51
4 7 0
4 9 8
4 12 20
4 13 41
4 15 31
4 16 30
4 17 4
4 18 48
4 19 55
4 20 43
4 21 22
4 22 9
4 23 57
4 24 58
4 25 24
4 29 44
4 31 36
4 34 7
4 35 40
4 36 16
4 37 1
4 38 47
4 40 15
4 41 35
4 43 14
4 45 42
4 46 54
4 47 2
4 48 33
4 51 52
4 52 3
4 56 29
5 1 36
5 2 19
5 3 24
5 7 45
5 8 37
5 9 42
5 13 7
5 14 22
5 15 55
5 17 57
5 19 44
5 20 18
5 23 5
5 24 34
5 26 21
5 27 0
5 31 28
5 32 41
5 33 31
5 36 40
5 38 59
5 40 25
5 41 46
5 44 35
5 45 50
5 46 16
5 47 11
5 49 9
5 51 39
5 52 49
5 54 2
5 58 53
6 0 6
6 3 58
6 4 40
6 5 39
6 7 41
6 9 38
6 10 59
6 12 13
6 14 29
6 16 49
6 17 28
6 18 18
6 21 51
6 24 5
6 26 26
6 30 15
6 32 55
6 33 57
6 34 8
6 38 42
6 39 24
6 40 47
6 41 11
6 42 25
6 49 0
6 50 32
6 51 48
6 52 43
6 54 19
6 55 54
6 56 22
6 59 21
7 0 19
7 1 56
7 2 46
7 3 8
7 5 41
7 6 21
7 8 48
7 9 6
7 10 1
7 11 43
7 12 33
7 14 3
7 18 30
7 19 15
7 20 31
7 23 23
7 24 52
7 26 28
7 30 26
7 31 51
7 34 55
7 36 45
7 37 29
7 38 39
7 40 0
7 43 44
7 44 11
7 45 16
7 46 18
7 47 54
7 48 53
7 50 9
7 52 5
7 53 17
7 54 58
7 56 14
7 57 10
7 58 20
7 59 32
8 1 7
8 2 0
8 3 37
8 6 11
8 7 3
8 9 56
8 10 51
8 11 18
8 12 40
8 15 45
8 17 5
8 18 14
8 21 4
8 22 24
8 25 28
8 26 49
8 27 29
8 29 31
8 32 34
8 33 21
8 38 23
8 39 30
8 40 39
8 41 1
8 42 8
8 43 58
8 46 6
8 47 26
8 48 22
8 49 57
8 51 19
8 52 33
8 54 52
8 56 36
8 57 12
8 58 32
9 0 24
9 1 29
9 2 39
9 3 11
9 5 44
9 6 56
9 8 46
9 9 28
9 10 32
9 13 34
9 14 55
9 15 16
9 16 10
9 17 53
9 18 26
9 19 2
9 20 5
9 21 40
9 22 35
9 23 8
9 24 41
9 25 31
9 26 47
9 28 1
9 29 43
9 30 37
9 31 38
9 32 48
9 33 42
9 34 45
9 35 58
9 39 59
9 40 17
9 42 15
9 45 30
9 46 36
9 47 4
9 48 0
9 49 50
9 50 57
9 54 23
9 55 7
9 56 3
9 57 33
9 59 18
10 0 48
10 1 45
10 2 55
10 3 2
10 4 21
10 6 54
10 7 13
10 9 49
10 10 20
10 13 1
10 14 24
10 18 40
10 22 50
10 23 27
10 24 39
10 25 59
10 26 44
10 30 58
10 31 23
10 33 29
10 34 10
10 36 19
10 38 31
10 40 11
10 42 32
10 43 22
10 44 16
10 45 17
10 46 43
10 47 41
10 48 28
10 50 18
10 51 7
10 52 46
10 53 9
10 54 34
10 55 35
10 56 5
10 57 53
10 58 56
11 2 35
11 5 48
11 6 24
11 7 42
11 8 50
11 9 25
11 10 9
11 16 7
11 17 15
11 18 56
11 19 41
11 20 1
11 21 16
11 22 19
11 23 20
11 24 54
11 25 39
11 27 38
11 28 33
11 29 32
11 35 31
11 40 14
11 41 55
11 43 45
11 44 49
11 45 21
11 46 22
11 47 59
11 48 13
11 49 27
11 52 51
11 53 34
11 54 40
11 55 10
11 56 26
11 57 29
11 58 6
12 0 10
12 5 31
12 7 46
12 8 33
12 11 48
12 12 59
12 13 56
12 14 28
12 15 30
12 18 47
12 20 20
12 21 2
12 24 50
12 25 13
12 27 54
12 30 0
12 34 58
12 35 17
12 36 49
12 37 23
12 42 26
12 45 38
12 47 8
12 48 25
12 49 42
12 50 5
12 53 29
12 54 24
12 55 32
13 2 32
13 4 45
13 5 4
13 6 22
13 7 23
13 8 38
13 9 57
13 10 5
13 12 34
13 13 48
13 15 36
13 17 42
13 19 0
13 21 53
13 22 25
13 23 35
13 24 47
13 26 8
13 27 52
13 28 44
13 32 40
13 33 6
13 35 39
13 36 15
13 37 28
13 38 27
13 39 49
13 40 21
13 41 2
13 43 17
13 46 58
13 47 33
13 48 54
13 49 30
13 50 16
13 52 7
13 55 3
13 56 37
13 57 59
13 58 26
13 59 24
14 1 39
14 2 29
14 3 22
14 5 24
14 9 48
14 11 5
14 12 57
14 13 55
14 15 58
14 16 28
14 17 6
14 18 0
14 19 18
14 20 37
14 21 13
14 22 20
14 23 11
14 26 7
14 28 30
14 29 53
14 31 54
14 35 46
14 36 12
14 37 49
14 38 4
14 39 15
14 40 52
14 41 10
14 42 33
14 45 25
14 49 23
14 51 35
14 52 32
14 54 45
14 55 44
14 56 17
14 58 21
15 0 59
15 1 0
15 2 38
15 3 49
15 4 55
15 5 3
15 6 12
15 8 52
15 9 51
15 10 46
15 11 35
15 12 7
15 14 2
15 16 1
15 21 45
15 22 8
15 23 56
15 24 53
15 29 58
15 30 33
15 31 40
15 32 14
15 33 17
15 34 27
15 35 9
15 36 10
15 37 5
15 38 21
15 40 50
15 41 6
15 46 28
15 48 34
15 50 42
15 51 20
15 52 41
15 53 47
15 54 32
15 55 39
15 56 16
15 57 30
15 58 4
16 0 37
16 2 2
16 3 32
16 5 17
16 6 34
16 7 20
16 12 38
16 14 49
16 16 18
16 19 8
16 21 26
16 22 5
16 24 6
16 26 54
16 27 43
16 30 51
16 32 39
16 33 48
16 34 30
16 35 15
16 36 13
16 39 23
16 41 24
16 42 47
16 43 9
16 45 58
16 46 29
16 47 57
16 48 1
16 49 19
16 52 55
16 53 28
16 54 35
16 56 21
16 57 50
16 58 22
16 59 53
17 1 5
17 2 56
17 3 52
17 5 47
17 7 17
17 8 8
17 11 16
17 12 2
17 15 40
17 17 11
17 18 19
17 19 59
17 20 34
17 21 21
17 22 7
17 24 18
17 26 0
17 28 25
17 29 33
17 30 42
17 33 10
17 34 36
17 36 4
17 37 54
17 38 15
17 39 29
17 41 20
17 42 55
17 43 38
17 44 48
17 45 51
17 46 30
17 50 35
17 51 44
17 55 50
17 56 53
17 58 46
18 3 56
18 4 28
18 5 20
18 6 2
18 10 15
18 16 34
18 17 26
18 18 41
18 19 40
18 22 3
18 24 55
18 27 18
18 28 47
18 29 48
18 30 25
18 31 31
18 33 45
18 34 23
18 35 44
18 36 9
18 37 32
18 38 29
18 40 22
18 41 58
18 43 8
18 44 17
18 45 49
18 46 51
18 48 30
18 50 50
18 52 12
18 53 5
18 54 10
18 55 13
18 56 46
18 57 21
18 59 4
19 1 13
19 3 0
19 5 36
19 6 41
19 8 4
19 9 53
19 11 24
19 13 26
19 14 32
19 16 57
19 17 16
19 18 55
19 19 31
19 22 28
19 23 40
19 24 33
19 30 54
19 31 30
19 34 15
19 35 22
19 36 51
19 37 19
19 40 38
19 42 10
19 43 1
19 47 39
19 48 21
19 49 45
19 50 59
19 51 37
19 52 18
19 53 50
19 55 47
19 56 27
19 59 25
20 0 5
20 7 1
20 8 7
20 9 30
20 10 21
20 11 27
20 12 4
20 13 2
20 14 8
20 17 25
20 18 35
20 19 9
20 20 46
20 21 14
20 30 17
20 32 12
20 34 16
20 37 43
20 38 10
20 39 57
20 40 56
20 41 50
20 42 44
20 43 37
20 45 34
20 46 55
20 47 51
20 49 58
20 51 54
20 55 24
20 56 45
20 57 18
20 58 3
20 59 22
21 3 20
21 4 3
21 5 16
21 10 23
21 12 18
21 15 56
21 16 8
21 17 10
21 19 53
21 21 33
21 22 4
21 23 31
21 25 58
21 26 32
21 28 41
21 31 49
21 32 29
21 34 42
21 39 7
21 43 0
21 44 25
21 46 46
21 48 36
21 49 40
21 50 43
21 51 14
21 52 59
21 53 57
21 55 12
21 57 51
21 58 48
21 59 44
22 3 55
22 6 32
22 8 13
22 9 29
22 10 3
22 13 0
22 19 28
22 22 18
22 23 26
22 24 16
22 25 22
22 26 59
22 27 23
22 29 5
22 31 41
22 34 49
22 36 39
22 37 35
22 39 37
22 41 17
22 48 11
22 49 2
22 50 20
22 53 58
22 54 21
22 57 47
22 58 15
22 59 54
23 0 30
23 1 2
23 4 25
23 7 4
23 9 17
23 10 28
23 12 46
23 14 59
23 15 48
23 16 0
23 17 29
23 19 20
23 21 18
23 22 10
23 27 44
23 28 35
23 29 42
23 30 22
23 31 32
23 34 38
23 35 50
23 36 7
23 41 45
23 42 41
23 45 56
23 46 34
23 51 58
23 52 54
23 55 15
23 56 43
23 57 27
24 1 41
24 2 48
24 4 20
24 6 15
24 11 0
24 12 35
24 17 23
24 19 14
24 20 53
24 22 17
24 23 25
24 24 44
24 26 45
24 27 24
24 28 39
24 29 30
24 30 1
24 31 18
24 32 43
24 33 28
24 34 5
24 35 19
24 36 22
24 37 58
24 38 32
24 39 36
24 40 51
24 42 50
24 44 37
24 45 4
24 46 31
24 49 6
24 50 3
24 51 47
24 52 21
24 53 7
24 54 46
24 55 59
24 57 40
24 59 8
25 0 23
25 1 31
25 2 54
25 4 58
25 5 10
25 6 50
25 7 49
25 9 15
25 10 11
25 14 33
25 15 20
25 16 19
25 17 59
25 18 5
25 19 48
25 20 16
25 22 0
25 24 46
25 27 41
25 28 13
25 29 28
25 30 57
25 32 2
25 33 44
25 36 25
25 38 40
25 39 55
25 40 7
25 42 35
25 43 4
25 44 8
25 45 12
25 47 32
25 49 51
25 50 39
25 51 30
25 52 1
25 54 56
25 55 21
25 56 9
25 59 17
26 1 38
26 2 27
26 3 39
26 4 48
26 5 54
26 6 17
26 9 2
26 11 46
26 13 30
26 14 5
26 16 50
26 17 13
26 24 21
26 26 4
26 27 32
26 32 59
26 34 20
26 41 18
26 43 53
26 44 58
26 45 1
26 46 25
26 47 24
26 48 26
26 50 40
26 51 16
26 53 33
26 54 12
26 55 31
26 56 41
26 58 23
26 59 43
27 0 25
27 1 17
27 2 45
27 3 33
27 4 15
27 6 39
27 7 11
27 8 56
27 9 20
27 10 24
27 11 51
27 12 8
27 13 36
27 14 16
27 16 44
27 18 37
27 19 49
27 23 29
27 26 10
27 27 19
27 28 32
27 29 7
27 30 31
27 31 35
27 32 38
27 33 23
27 34 53
27 35 28
27 37 30
27 39 12
27 40 9
27 43 59
27 44 34
27 45 13
27 46 47
27 48 27
27 49 43
27 50 48
27 52 6
27 53 3
27 54 55
27 55 52
27 56 0
27 57 4
27 58 14
28 0 56
28 1 59
28 2 40
28 4 17
28 5 14
28 6 7
28 12 45
28 14 39
28 15 25
28 16 15
28 17 31
28 19 27
28 21 19
28 24 10
28 25 37
28 26 55
28 33 11
28 34 48
28 37 53
28 38 9
28 40 46
28 41 26
28 42 36
28 43 47
28 45 2
28 46 38
28 47 6
28 50 28
28 51 49
28 53 43
28 57 23
28 59 52
29 0 52
29 1 20
29 2 8
29 4 24
29 5 49
29 6 40
29 7 10
29 9 32
29 10 55
29 11 15
29 12 56
29 15 13
29 16 6
29 17 50
29 18 3
29 19 45
29 20 54
29 21 11
29 24 2
29 25 29
29 27 39
29 28 4
29 29 17
29 30 27
29 31 44
29 33 14
29 34 28
29 35 16
29 36 59
29 37 18
29 38 38
29 39 41
29 40 23
29 42 1
29 43 21
29 44 22
29 49 35
29 50 25
29 53 51
29 55 26
29 56 31
29 58 0
30 0 18
30 1 37
30 3 45
30 4 1
30 5 42
30 6 31
30 7 29
30 8 17
30 9 35
30 10 53
30 12 44
30 16 2
30 18 21
30 21 28
30 22 39
30 23 47
30 24 48
30 25 34
30 27 16
30 29 27
30 30 36
30 31 25
30 32 15
30 34 6
30 35 51
30 36 23
30 38 46
30 40 43
30 41 30
30 45 10
30 46 0
30 47 50
30 48 49
30 50 7
30 51 38
30 52 19
30 53 8
30 54 4
30 55 14
30 56 20
31 3 42
31 5 21
31 7 44
31 8 22
31 9 9
31 10 39
31 11 54
31 12 25
31 14 34
31 17 40
31 19 16
31 20 14
31 21 8
31 22 48
31 23 7
31 24 45
31 25 10
31 27 46
31 28 29
31 29 35
31 30 49
31 31 24
31 32 53
31 34 12
31 35 11
31 38 57
31 40 18
31 41 31
31 43 28
31 44 52
31 45 26
31 47 58
31 48 15
31 51 50
31 52 0
31 53 19
31 54 27
31 56 59
31 57 17
31 58 1
31 59 6
32 0 58
32 1 3
32 2 21
32 3 14
32 5 6
32 6 13
32 7 39
32 8 34
32 9 12
32 10 27
32 14 51
32 15 54
32 16 37
32 17 44
32 20 26
32 22 49
32 26 50
32 28 2
32 30 52
32 31 0
32 33 30
32 34 25
32 35 53
32 36 36
32 37 59
32 40 55
32 42 18
32 45 28
32 46 23
32 48 57
32 50 1
32 51 24
32 52 47
32 54 22
32 55 45
32 58 31
32 59 48
33 1 43
33 4 59
33 5 19
33 6 14
33 8 3
33 9 33
33 11 32
33 12 48
33 13 23
33 14 10
33 16 42
33 17 17
33 18 58
33 19 22
33 20 47
33 24 28
33 25 51
33 26 37
33 27 15
33 28 57
33 30 30
33 33 49
33 35 4
33 36 53
33 37 12
33 40 27
33 42 52
33 43 7
33 45 11
33 50 45
33 51 41
33 52 26
33 54 8
33 56 24
33 58 16
33 59 5
34 0 28
34 1 46
34 2 33
34 3 31
34 4 37
34 5 18
34 7 51
34 8 2
34 9 40
34 10 45
34 11 34
34 12 49
34 16 12
34 19 13
34 20 4
34 21 23
34 24 30
34 25 54
34 27 55
34 28 17
34 29 26
34 30 24
34 31 20
34 32 5
34 33 3
34 34 59
34 35 48
34 37 56
34 38 41
34 39 14
34 41 0
34 42 19
34 44 36
34 50 52
34 53 10
34 56 57
34 57 16
34 58 7
34 59 29
35 0 55
35 1 40
35 3 16
35 5 5
35 6 47
35 8 57
35 9 10
35 13 54
35 14 58
35 16 35
35 18 13
35 19 12
35 20 24
35 21 27
35 22 53
35 26 23
35 29 18
35 30 7
35 31 3
35 32 44
35 33 9
35 34 51
35 35 8
35 37 42
35 38 11
35 40 33
35 41 15
35 43 31
35 44 32
35 45 20
35 46 45
35 47 21
35 48 50
35 49 49
35 52 39
35 55 19
35 57 48
35 58 17
36 0 43
36 1 1
36 3 25
36 5 30
36 6 27
36 10 10
36 11 9
36 12 3
36 13 31
36 15 14
36 17 39
36 19 33
36 20 56
36 21 35
36 23 51
36 24 36
36 25 55
36 27 34
36 28 58
36 32 0
36 34 54
36 35 38
36 36 46
36 37 41
36 39 8
36 40 16
36 42 6
36 44 24
36 45 32
36 46 53
36 47 18
36 48 7
36 49 48
36 50 23
36 53 22
36 56 28
36 57 13
36 58 45
37 2 25
37 4 50
37 6 53
37 10 34
37 14 41
37 17 12
37 18 23
37 22 56
37 24 11
37 25 14
37 26 27
37 28 42
37 31 17
37 32 19
37 33 0
37 36 20
37 37 55
37 38 58
37 39 18
37 40 29
37 43 35
37 44 6
37 46 49
37 47 45
37 51 8
37 52 44
37 56 13
37 57 9
38 0 29
38 1 50
38 2 41
38 5 59
38 6 8
38 7 2
38 9 58
38 10 12
38 12 16
38 13 19
38 14 42
38 15 7
38 16 43
38 17 24
38 18 22
38 23 17
38 24 9
38 25 27
38 28 0
38 29 20
38 30 6
38 31 33
38 32 45
38 33 35
38 34 18
38 37 25
38 38 53
38 40 31
38 41 39
38 43 13
38 46 3
38 49 36
38 54 57
38 56 10
38 57 5
38 58 28
38 59 14
39 1 44
39 3 46
39 5 56
39 7 43
39 8 1
39 9 31
39 11 6
39 14 25
39 15 34
39 16 39
39 19 5
39 20 49
39 21 32
39 22 47
39 25 8
39 26 36
39 31 50
39 33 22
39 37 7
39 38 48
39 41 23
39 42 29
39 43 12
39 44 40
39 45 15
39 46 59
39 49 11
39 50 19
39 51 3
39 55 16
39 56 55
39 57 24
39 58 2
39 59 20
40 1 48
40 2 16
40 3 5
40 4 27
40 6 20
40 7 37
40 8 43
40 9 13
40 10 2
40 12 24
40 14 30
40 15 39
40 16 52
40 17 32
40 18 6
40 20 41
40 21 12
40 23 18
40 24 49
40 25 7
40 27 50
40 33 56
40 36 29
40 37 17
40 42 57
40 43 15
40 44 54
40 47 0
40 53 59
40 56 23
40 57 44
40 58 55
41 1 25
41 3 1
41 6 3
41 7 53
41 8 14
41 9 24
41 11 41
41 12 54
41 14 7
41 16 48
41 17 38
41 18 33
41 19 39
41 20 35
41 21 42
41 22 29
41 23 0
41 25 23
41 26 2
41 35 5
41 36 57
41 37 6
41 40 26
41 42 11
41 44 45
41 46 52
41 50 49
41 51 21
41 53 15
41 54 37
41 55 4
41 56 47
41 58 43
41 59 59
42 0 35
42 3 7
42 5 27
42 6 19
42 11 52
42 12 55
42 13 25
42 15 51
42 16 41
42 19 21
42 22 59
42 24 17
42 26 34
42 27 14
42 30 12
42 31 47
42 32 13
42 34 33
42 37 0
42 38 37
42 40 57
42 41 40
42 43 24
42 48 39
42 55 43
42 57 1
42 58 10
43 0 16
43 1 35
43 6 46
43 8 0
43 13 18
43 14 47
43 16 58
43 17 51
43 19 38
43 20 59
43 22 11
43 23 28
43 25 32
43 26 53
43 27 4
43 28 20
43 29 52
43 32 37
43 33 54
43 35 7
43 37 2
43 38 19
43 41 21
43 42 17
43 43 5
43 44 10
43 46 48
43 47 31
43 48 42
43 50 29
43 51 34
43 53 44
43 55 27
43 56 15
43 57 22
43 58 25
44 1 51
44 2 12
44 3 57
44 8 16
44 9 0
44 10 56
44 11 10
44 13 38
44 17 21
44 19 29
44 21 5
44 22 34
44 25 40
44 27 45
44 31 22
44 32 35
44 33 20
44 35 3
44 36 1
44 40 36
44 41 47
44 43 11
44 46 33
44 47 28
44 48 32
44 50 54
44 51 59
44 53 48
44 55 18
44 58 58
45 1 22
45 2 26
45 4 8
45 5 1
45 6 29
45 7 36
45 8 44
45 9 5
45 13 10
45 15 21
45 18 45
45 19 51
45 20 2
45 21 6
45 23 41
45 24 4
45 25 35
45 26 17
45 27 11
45 28 14
45 31 53
45 33 25
45 35 18
45 39 40
45 40 59
45 41 54
45 43 52
45 44 27
45 45 24
45 47 34
45 48 38
45 52 56
45 53 46
45 55 58
45 57 57
46 0 11
46 1 32
46 4 30
46 8 59
46 9 3
46 10 33
46 11 26
46 12 1
46 13 17
46 15 50
46 16 51
46 17 14
46 18 34
46 20 6
46 21 20
46 26 13
46 28 21
46 30 5
46 31 57
46 32 46
46 33 39
46 34 9
46 35 27
46 38 44
46 39 43
46 40 49
46 42 16
46 43 54
46 45 52
46 46 2
46 47 22
46 48 12
46 49 15
46 50 4
46 52 23
46 54 48
46 56 40
46 57 41
46 58 42
47 0 34
47 3 59
47 4 10
47 5 51
47 6 16
47 7 48
47 9 45
47 10 0
47 12 47
47 14 19
47 15 37
47 16 11
47 19 56
47 21 9
47 22 58
47 23 6
47 27 12
47 31 15
47 32 28
47 33 33
47 34 17
47 35 21
47 38 2
47 40 44
47 41 3
47 43 43
47 44 5
47 45 39
47 49 26
47 52 29
47 53 30
47 56 54
47 58 24
47 59 55
48 0 0
48 1 8
48 3 53
48 5 22
48 6 33
48 8 20
48 9 26
48 10 47
48 12 23
48 14 6
48 15 59
48 16 31
48 17 43
48 18 16
48 19 24
48 22 14
48 23 52
48 24 56
48 25 25
48 26 46
48 29 19
48 30 4
48 31 48
48 32 32
48 33 58
48 35 29
48 37 57
48 38 34
48 39 54
48 40 10
48 41 28
48 42 13
48 46 11
48 47 17
48 49 39
48 50 27
48 53 36
48 59 9
49 1 54
49 2 17
49 5 46
49 6 30
49 7 40
49 8 39
49 10 38
49 11 31
49 17 27
49 20 50
49 21 24
49 22 12
49 23 1
49 24 20
49 25 18
49 28 43
49 29 16
49 30 11
49 31 52
49 33 7
49 34 47
49 37 48
49 38 28
49 39 58
49 41 36
49 43 25
49 45 35
49 48 5
49 49 29
49 51 23
49 52 13
49 55 9
49 56 49
49 57 0
49 58 8
49 59 2
50 1 4
50 2 6
50 4 57
50 5 11
50 9 22
50 13 49
50 14 27
50 15 43
50 16 14
50 17 19
50 18 2
50 19 36
50 21 30
50 24 24
50 26 41
50 27 8
50 29 40
50 30 29
50 31 13
50 32 18
50 34 35
50 35 32
50 36 44
50 38 12
50 39 38
50 41 48
50 44 28
50 46 5
50 48 23
50 49 17
50 50 55
50 52 53
50 53 21
50 54 47
50 55 0
50 56 25
50 57 45
50 58 54
50 59 16
51 0 9
51 2 50
51 4 14
51 7 54
51 8 11
51 10 7
51 12 32
51 14 4
51 15 3
51 17 58
51 19 52
51 20 0
51 22 45
51 23 53
51 25 2
51 30 46
51 31 56
51 32 27
51 33 24
51 35 59
51 38 20
51 41 16
51 42 48
51 46 42
51 47 44
51 48 55
51 49 1
51 51 29
51 53 35
51 57 49
51 58 18
51 59 31
52 1 53
52 2 11
52 4 41
52 6 35
52 7 47
52 8 19
52 9 16
52 11 55
52 13 21
52 15 23
52 17 37
52 20 51
52 21 38
52 23 48
52 24 59
52 25 6
52 27 33
52 28 26
52 29 24
52 33 2
52 35 0
52 36 5
52 37 45
52 39 20
52 40 40
52 42 28
52 44 9
52 45 44
52 46 57
52 51 36
52 53 31
52 54 50
52 55 34
52 56 58
52 58 29
52 59 3
53 0 14
53 3 12
53 4 22
53 6 10
53 7 58
53 8 45
53 9 37
53 11 53
53 12 52
53 13 28
53 14 44
53 19 46
53 20 17
53 23 55
53 26 51
53 27 59
53 33 4
53 34 0
53 35 56
53 36 31
53 37 21
53 39 16
53 40 48
53 41 42
53 46 32
53 48 43
53 49 3
53 50 34
53 51 5
53 53 41
53 57 15
53 58 40
54 1 28
54 2 52
54 4 5
54 5 29
54 7 38
54 8 49
54 11 8
54 12 58
54 13 16
54 15 19
54 17 34
54 19 23
54 20 42
54 24 14
54 25 21
54 26 43
54 27 22
54 28 51
54 31 45
54 33 15
54 35 10
54 37 37
54 40 20
54 41 4
54 42 53
54 44 3
54 45 59
54 46 13
54 47 9
54 48 35
54 50 24
54 51 17
54 52 31
54 53 32
54 54 7
54 58 12
55 1 15
55 2 4
55 3 18
55 4 43
55 5 28
55 6 58
55 7 56
55 9 50
55 12 14
55 17 0
55 21 55
55 22 6
55 24 12
55 26 39
55 28 31
55 30 20
55 33 26
55 34 52
55 36 38
55 37 33
55 38 30
55 39 3
55 40 13
55 41 27
55 42 46
55 44 47
55 46 19
55 47 23
55 48 41
55 49 5
55 50 53
55 51 40
55 53 25
55 54 16
55 55 48
55 56 11
55 57 42
56 1 52
56 2 20
56 3 35
56 6 25
56 7 6
56 9 36
56 13 47
56 14 0
56 16 21
56 17 48
56 18 59
56 19 11
56 20 30
56 21 31
56 24 27
56 26 14
56 27 53
56 29 1
56 30 8
56 32 23
56 36 3
56 37 22
56 38 51
56 40 54
56 41 44
56 45 18
56 46 37
56 48 16
56 50 17
56 55 49
56 56 4
56 57 43
56 59 28
57 2 30
57 4 7
57 6 44
57 7 25
57 8 18
57 11 21
57 12 28
57 14 35
57 19 54
57 22 23
57 23 59
57 24 51
57 25 36
57 26 22
57 27 40
57 29 11
57 30 10
57 31 27
57 32 16
57 36 24
57 40 5
57 41 43
57 42 20
57 48 29
57 50 8
57 51 13
57 53 6
57 54 0
57 57 55
57 58 49
58 2 5
58 3 10
58 8 30
58 10 41
58 11 59
58 12 39
58 13 44
58 14 54
58 18 12
58 23 58
58 24 8
58 25 56
58 26 40
58 27 48
58 28 53
58 29 15
58 33 34
58 34 4
58 35 47
58 36 17
58 37 38
58 38 45
58 41 29
58 42 22
58 44 0
58 45 7
58 46 14
58 47 36
58 49 46
58 50 21
58 51 28
58 53 16
58 54 31
58 55 11
58 56 2
58 57 19
59 0 21
59 1 6
59 2 37
59 3 40
59 4 31
59 5 52
59 7 28
59 8 23
59 9 19
59 10 26
59 12 50
59 13 42
59 16 16
59 17 49
59 19 7
59 20 36
59 21 34
59 22 54
59 23 2
59 24 43
59 27 5
59 29 45
59 31 58
59 34 44
59 35 55
59 36 30
59 38 3
59 40 8
59 41 32
59 42 12
59 43 27
59 44 1
59 47 38
59 49 14
59 50 33
59 52 25
59 53 53
59 54 11
59 55 29
59 57 20
59 59 56
