60
0 0 14
0 2 15
0 3 50
0 6 55
0 9 46
0 11 24
0 15 18
0 16 57
0 17 33
0 19 28
0 23 48
0 32 0
0 35 53
0 39 3
0 40 5
0 45 1
0 50 22
0 52 27
0 53 59
0 56 20
0 57 32
1 8 20
1 10 0
1 11 50
1 16 29
1 21 47
1 22 23
1 25 54
1 26 6
1 28 27
1 34 45
1 42 14
1 44 13
1 53 49
2 0 59
2 1 17
2 2 33
2 4 49
2 6 53
2 7 14
2 12 30
2 14 41
2 17 48
2 19 19
2 21 3
2 22 37
2 26 34
2 27 26
2 35 52
2 40 40
2 41 35
2 51 21
2 56 12
3 0 54
3 6 47
3 7 19
3 11 44
3 17 29
3 20 7
3 24 33
3 28 14
3 30 6
3 32 59
3 34 49
3 35 1
3 37 23
3 38 28
3 41 55
3 45 36
3 47 53
3 48 0
3 51 32
3 52 43
3 53 37
4 0 37
4 4 56
4 5 46
4 6 57
4 8 43
4 9 52
4 10 12
4 14 16
4 18 45
4 22 39
4 26 49
4 28 24
4 31 28
4 33 9
4 34 23
4 38 44
4 43 4
4 46 59
4 48 29
4 53 2
4 54 3
4 55 1
4 57 30
4 59 40
5 1 56
5 8 47
5 10 52
5 13 53
5 21 50
5 24 32
5 27 10
5 36 1
5 39 16
5 43 43
5 45 58
5 48 13
5 54 5
5 56 22
6 0 26
6 1 30
6 5 53
6 6 37
6 13 58
6 14 54
6 15 12
6 17 45
6 21 21
6 29 2
6 36 17
6 38 35
6 40 43
6 43 23
6 44 55
6 46 52
6 50 6
6 54 51
6 57 14
7 0 21
7 1 13
7 8 45
7 10 56
7 11 15
7 12 31
7 19 30
7 22 26
7 23 18
7 33 0
7 34 32
7 41 54
7 42 34
7 43 59
7 47 42
7 48 3
7 53 25
7 58 41
8 1 21
8 9 30
8 10 7
8 12 29
8 13 20
8 21 6
8 23 47
8 26 14
8 28 15
8 32 19
8 34 2
8 37 1
8 38 4
8 39 36
8 41 25
8 42 57
8 46 18
8 47 24
8 54 52
8 57 55
9 0 11
9 1 25
9 3 45
9 4 59
9 7 5
9 9 22
9 13 41
9 26 52
9 28 20
9 32 57
9 37 46
9 49 51
9 52 18
9 53 16
9 56 36
10 0 46
10 9 36
10 12 51
10 19 43
10 20 12
10 21 45
10 31 58
10 32 33
10 48 14
10 51 15
10 52 17
10 53 28
10 55 23
10 57 38
11 13 43
11 15 34
11 25 58
11 29 40
11 46 50
11 47 23
11 58 5
12 0 38
12 1 37
12 12 7
12 18 58
12 20 59
12 23 52
12 24 51
12 27 9
12 33 17
12 35 48
12 36 10
12 38 56
12 42 30
12 43 46
12 44 23
12 45 6
12 48 32
12 49 26
13 5 16
13 6 21
13 7 27
13 11 12
13 18 41
13 20 15
13 21 33
13 23 11
13 24 30
13 25 40
13 26 18
13 27 28
13 30 53
13 31 51
13 32 38
13 33 57
13 41 45
13 42 49
13 49 54
13 51 14
13 52 8
13 55 46
14 0 48
14 5 9
14 7 30
14 16 22
14 19 44
14 21 34
14 23 57
14 26 1
14 32 43
14 34 29
14 40 10
14 41 53
14 55 55
15 3 33
15 4 55
15 7 32
15 13 42
15 15 15
15 16 36
15 18 11
15 21 19
15 22 45
15 28 44
15 30 8
15 31 13
15 34 6
15 37 18
15 41 49
15 49 27
15 50 26
15 56 43
15 59 48
16 0 18
16 7 8
16 14 35
16 16 23
16 17 26
16 20 22
16 21 54
16 23 31
16 32 40
16 33 20
16 36 48
16 38 10
16 39 58
16 44 51
16 45 30
16 47 27
16 53 12
16 54 13
17 3 29
17 4 10
17 5 59
17 6 1
17 9 41
17 11 31
17 21 7
17 22 14
17 40 26
17 48 42
17 50 21
17 53 55
17 54 8
18 1 15
18 4 18
18 7 35
18 11 16
18 15 29
18 16 12
18 17 25
18 18 44
18 23 17
18 29 28
18 31 52
18 32 34
18 33 14
18 34 10
18 35 4
18 37 58
18 38 59
18 39 24
18 44 36
18 45 48
18 48 51
18 50 8
18 52 23
18 56 50
18 58 55
19 4 42
19 6 49
19 7 24
19 9 11
19 10 41
19 11 39
19 18 19
19 20 30
19 25 22
19 28 29
19 30 43
19 33 27
19 36 54
19 39 51
19 41 33
19 44 8
19 45 40
19 46 5
19 50 55
19 51 25
19 52 50
19 53 56
19 54 38
19 55 45
19 57 44
19 58 36
20 2 59
20 4 45
20 5 30
20 7 10
20 8 21
20 11 14
20 13 6
20 15 7
20 18 29
20 19 20
20 20 38
20 21 32
20 22 50
20 23 4
20 26 19
20 29 35
20 36 15
20 39 22
20 42 51
20 44 18
20 45 23
20 51 13
21 1 40
21 5 3
21 7 16
21 11 56
21 12 25
21 15 31
21 16 35
21 19 36
21 21 43
21 25 30
21 36 9
21 43 50
21 47 19
21 52 39
21 56 54
21 57 26
22 0 13
22 2 1
22 5 48
22 9 21
22 14 51
22 16 27
22 18 14
22 22 55
22 23 46
22 25 32
22 29 18
22 31 25
22 35 38
22 36 28
22 39 4
22 48 49
22 52 41
22 53 47
22 57 24
23 6 12
23 7 55
23 8 50
23 11 38
23 14 34
23 15 22
23 18 53
23 20 43
23 23 14
23 32 44
23 36 51
23 39 33
23 47 58
23 58 25
24 0 56
24 2 58
24 4 31
24 5 17
24 7 28
24 11 46
24 12 9
24 13 34
24 14 23
24 16 45
24 21 29
24 26 12
24 30 14
24 31 5
24 34 20
24 35 13
24 43 48
24 49 2
24 50 16
24 53 42
24 54 41
24 57 0
24 58 57
24 59 50
25 1 53
25 3 12
25 8 27
25 11 17
25 15 40
25 25 55
25 26 38
25 28 2
25 31 39
25 36 11
25 37 37
25 38 1
25 43 14
25 47 26
25 49 43
25 54 16
25 58 6
26 2 16
26 4 30
26 7 51
26 8 49
26 9 25
26 10 43
26 11 33
26 15 3
26 16 47
26 18 55
26 25 19
26 28 12
26 30 35
26 31 7
26 37 20
26 39 45
26 42 21
26 45 9
26 52 53
26 56 32
26 58 59
27 5 57
27 6 40
27 7 53
27 8 54
27 17 17
27 19 16
27 21 18
27 27 23
27 28 21
27 29 13
27 32 37
27 33 22
27 34 44
27 45 28
27 48 11
27 49 47
27 55 19
27 56 39
27 58 14
28 0 17
28 1 35
28 3 0
28 4 37
28 5 36
28 8 8
28 10 47
28 11 7
28 14 44
28 17 43
28 24 31
28 27 59
28 29 27
28 36 13
28 42 19
28 44 38
28 45 39
28 46 48
28 47 45
28 48 53
28 56 49
28 59 21
29 1 22
29 2 0
29 3 43
29 7 44
29 17 7
29 19 49
29 37 16
29 38 50
29 42 27
29 45 13
29 47 47
29 49 46
29 52 55
29 55 11
29 57 12
30 6 18
30 12 10
30 14 46
30 16 44
30 18 4
30 19 29
30 22 57
30 23 30
30 25 12
30 28 28
30 29 32
30 31 38
30 32 31
30 42 40
30 43 37
30 46 55
30 47 54
30 48 24
30 56 51
31 0 36
31 1 43
31 12 26
31 18 17
31 21 53
31 33 48
31 35 56
31 36 8
31 37 34
31 51 24
31 56 57
31 59 28
32 1 14
32 2 42
32 9 50
32 17 18
32 19 46
32 21 44
32 32 48
32 33 35
32 42 12
32 48 28
32 52 54
32 53 53
32 56 31
32 57 33
32 59 13
33 2 46
33 3 59
33 5 2
33 15 32
33 17 28
33 21 14
33 23 40
33 24 0
33 26 20
33 28 31
33 29 15
33 39 11
33 40 44
33 41 43
33 42 22
33 43 58
33 46 30
33 57 41
33 59 55
34 0 33
34 5 58
34 8 31
34 17 13
34 20 52
34 21 27
34 27 29
34 30 28
34 32 15
34 35 44
34 44 50
34 45 45
34 48 38
34 49 23
34 55 57
35 3 5
35 11 45
35 13 22
35 14 14
35 17 34
35 18 10
35 23 8
35 25 57
35 29 48
35 31 46
35 33 53
35 34 0
35 40 4
35 44 27
35 46 37
35 48 43
35 58 18
35 59 3
36 6 14
36 12 53
36 22 40
36 27 44
36 29 26
36 30 27
36 32 20
36 34 4
36 39 7
36 40 42
36 41 51
36 42 43
36 45 57
36 46 8
36 51 31
36 52 56
36 54 54
36 59 49
37 2 41
37 5 4
37 10 20
37 11 58
37 13 16
37 19 35
37 23 54
37 24 52
37 26 42
37 27 55
37 31 36
37 33 59
37 36 24
37 39 47
37 42 26
37 44 17
37 45 29
37 47 21
37 52 45
37 54 23
37 59 43
38 1 50
38 3 22
38 4 20
38 5 56
38 7 57
38 9 58
38 12 13
38 17 30
38 19 48
38 21 37
38 22 47
38 23 29
38 29 54
38 40 24
38 43 44
38 49 32
38 50 23
38 51 51
38 57 1
38 58 49
39 1 57
39 3 8
39 11 23
39 14 25
39 16 20
39 17 21
39 23 27
39 24 48
39 33 4
39 37 13
39 42 38
39 43 35
39 47 51
39 54 42
39 55 30
39 56 3
39 58 44
39 59 2
40 2 37
40 3 28
40 5 45
40 10 40
40 11 19
40 15 26
40 20 17
40 25 35
40 26 46
40 27 21
40 29 5
40 31 12
40 39 6
40 43 29
40 54 11
40 55 3
40 57 16
40 58 56
40 59 18
41 1 24
41 6 56
41 10 58
41 13 2
41 16 49
41 20 51
41 23 50
41 26 7
41 28 39
41 29 45
41 33 6
41 37 22
41 40 35
41 42 54
41 43 16
41 45 21
41 53 40
41 57 46
42 2 53
42 5 26
42 7 41
42 9 37
42 16 17
42 17 23
42 19 52
42 28 38
42 29 0
42 32 1
42 34 3
42 35 49
42 38 45
42 39 2
42 41 57
42 42 48
42 44 59
42 49 6
42 52 15
42 53 4
42 55 43
42 57 8
42 59 16
43 7 3
43 15 25
43 17 8
43 18 54
43 21 22
43 31 37
43 35 19
43 36 53
43 41 59
43 45 12
43 48 26
43 50 0
43 57 6
43 59 9
44 1 33
44 7 38
44 10 5
44 13 3
44 14 53
44 17 0
44 22 34
44 27 56
44 33 13
44 40 48
44 46 17
44 50 44
44 51 49
44 56 26
44 57 2
44 59 32
45 1 26
45 3 49
45 4 38
45 5 51
45 8 24
45 9 40
45 18 13
45 20 6
45 21 36
45 23 33
45 24 19
45 25 7
45 26 39
45 28 16
45 34 1
45 39 29
45 41 34
45 42 15
45 43 9
45 45 18
45 48 8
45 50 54
45 54 28
45 56 41
46 0 42
46 3 39
46 8 38
46 10 13
46 18 5
46 25 26
46 27 19
46 30 11
46 33 3
46 34 50
46 35 46
46 38 14
46 39 31
46 44 15
46 50 10
46 54 58
46 57 52
47 0 7
47 4 35
47 7 47
47 17 56
47 18 40
47 20 48
47 21 5
47 23 51
47 26 32
47 28 37
47 34 33
47 35 25
47 45 53
47 52 10
47 53 23
47 54 19
47 56 4
47 58 22
47 59 52
48 7 52
48 9 28
48 14 59
48 17 6
48 20 58
48 25 2
48 30 0
48 38 19
48 40 27
48 43 17
48 45 54
48 49 8
48 53 33
48 54 40
48 58 39
49 6 16
49 10 4
49 11 55
49 15 36
49 20 29
49 27 14
49 29 1
49 38 7
49 39 5
49 42 24
49 44 34
49 47 31
49 49 44
49 52 13
50 2 55
50 4 21
50 12 57
50 18 15
50 20 44
50 22 32
50 23 12
50 29 46
50 31 9
50 36 52
50 41 26
50 42 4
50 49 35
50 50 47
50 57 45
51 1 34
51 4 16
51 10 54
51 14 27
51 15 24
51 17 55
51 20 39
51 24 11
51 29 7
51 30 3
51 37 4
51 41 31
51 45 22
51 50 43
51 53 46
51 55 9
51 57 17
51 59 58
52 0 40
52 3 41
52 9 55
52 12 22
52 22 42
52 26 45
52 30 47
52 32 13
52 38 15
52 41 39
52 44 57
52 45 59
52 48 2
52 50 58
52 51 46
52 52 6
52 54 50
52 55 4
52 57 19
52 58 27
52 59 23
53 6 52
53 10 31
53 16 28
53 17 59
53 25 29
53 26 37
53 30 10
53 31 48
53 34 16
53 37 26
53 39 17
53 42 58
53 46 14
53 47 41
53 51 38
53 55 18
53 57 21
53 59 51
54 1 5
54 3 47
54 14 38
54 19 14
54 20 23
54 25 53
54 33 43
54 34 28
54 35 15
54 37 40
54 38 21
54 43 34
54 46 13
54 47 56
54 48 37
54 53 24
54 57 31
55 2 23
55 3 6
55 4 53
55 7 4
55 12 58
55 14 55
55 19 45
55 23 38
55 24 17
55 25 31
55 31 57
55 39 14
55 41 41
55 53 0
55 55 24
55 56 52
55 59 59
56 2 21
56 4 4
56 8 25
56 10 29
56 14 30
56 17 19
56 18 38
56 20 28
56 25 15
56 29 56
56 36 6
56 38 16
56 39 53
56 42 8
56 46 57
56 47 49
56 52 2
56 53 58
56 54 14
56 56 27
57 0 10
57 4 54
57 10 14
57 12 37
57 13 7
57 23 35
57 25 20
57 26 17
57 30 13
57 32 56
57 37 25
57 38 18
57 46 27
57 55 12
57 56 0
57 57 47
57 59 15
58 0 5
58 1 6
58 3 21
58 4 23
58 5 50
58 12 1
58 13 54
58 14 32
58 16 56
58 18 39
58 20 45
58 22 24
58 27 15
58 31 43
58 34 14
58 35 2
58 38 8
58 40 46
58 41 20
58 54 4
58 57 7
59 0 12
59 10 55
59 20 18
59 21 38
59 28 34
59 30 59
59 31 30
59 33 52
59 39 19
59 41 24
59 43 36
59 45 26
59 47 6
59 49 37
