70
0 0 14
0 4 4
0 7 2
0 8 22
0 9 12
0 10 52
0 12 29
0 13 64
0 17 43
0 18 13
0 20 41
0 21 66
0 23 24
0 24 46
0 31 49
0 32 7
0 35 39
0 40 42
0 41 3
0 44 50
0 46 18
0 54 37
0 58 60
0 62 11
0 65 54
0 66 56
0 68 8
1 1 38
1 2 44
1 5 30
1 7 36
1 8 20
1 9 62
1 10 24
1 11 12
1 12 60
1 13 46
1 14 53
1 19 26
1 20 3
1 23 54
1 24 4
1 26 66
1 27 47
1 30 28
1 31 58
1 32 50
1 33 17
1 34 6
1 35 18
1 37 32
1 40 8
1 45 65
1 49 40
1 50 11
1 53 41
1 54 57
1 56 7
1 59 56
1 61 5
1 62 52
1 65 67
1 66 23
1 67 9
2 0 38
2 1 43
2 2 32
2 8 23
2 9 44
2 10 22
2 11 36
2 14 5
2 17 14
2 20 18
2 21 10
2 22 40
2 24 34
2 26 15
2 31 62
2 33 66
2 34 37
2 35 0
2 37 59
2 42 35
2 44 45
2 45 41
2 47 27
2 48 25
2 49 63
2 51 50
2 53 57
2 54 8
2 55 69
2 57 3
2 58 58
2 59 11
2 61 33
2 62 28
2 64 68
2 65 30
2 69 9
3 4 61
3 6 5
3 7 28
3 9 37
3 10 31
3 11 10
3 12 12
3 13 14
3 15 51
3 16 47
3 17 17
3 23 7
3 26 63
3 27 11
3 30 18
3 35 6
3 37 49
3 41 0
3 44 19
3 47 2
3 49 13
3 55 59
3 56 16
3 57 50
3 59 68
3 61 56
3 62 32
3 64 38
3 65 55
3 66 39
3 68 62
4 2 40
4 4 38
4 8 41
4 10 51
4 11 5
4 13 7
4 16 16
4 22 18
4 23 19
4 24 15
4 25 55
4 26 39
4 32 21
4 33 56
4 35 60
4 36 44
4 38 30
4 41 34
4 43 58
4 47 62
4 50 31
4 51 11
4 55 33
4 57 66
4 59 24
4 60 52
4 64 42
4 68 13
5 4 25
5 5 48
5 6 22
5 7 46
5 12 37
5 14 31
5 15 60
5 17 59
5 19 62
5 20 1
5 21 27
5 22 44
5 25 11
5 26 47
5 28 58
5 32 65
5 35 2
5 38 23
5 46 55
5 47 6
5 49 9
5 51 66
5 54 30
5 59 14
5 60 21
5 67 61
6 0 29
6 2 1
6 3 51
6 6 59
6 8 35
6 14 18
6 16 66
6 17 11
6 18 53
6 22 2
6 23 10
6 24 61
6 28 28
6 35 22
6 36 47
6 37 52
6 41 44
6 46 50
6 47 49
6 54 5
6 57 62
6 59 67
6 65 58
7 2 49
7 3 25
7 4 24
7 5 39
7 6 1
7 7 16
7 9 41
7 10 18
7 12 7
7 13 69
7 16 60
7 17 20
7 22 9
7 24 55
7 25 67
7 30 48
7 32 11
7 35 27
7 36 34
7 37 17
7 38 22
7 41 58
7 43 14
7 44 32
7 46 42
7 49 31
7 51 3
7 52 50
7 54 28
7 55 68
7 57 5
7 58 29
7 62 43
7 64 64
7 65 59
7 67 56
7 69 19
8 8 2
8 9 7
8 10 46
8 13 51
8 14 22
8 18 41
8 19 12
8 20 25
8 28 53
8 33 27
8 36 50
8 37 16
8 38 56
8 44 65
8 45 21
8 47 47
8 51 20
8 56 62
8 57 64
8 58 67
8 64 10
8 65 0
9 3 1
9 4 49
9 5 4
9 7 60
9 9 28
9 11 53
9 13 37
9 14 36
9 15 6
9 16 10
9 18 22
9 20 46
9 23 32
9 27 20
9 29 45
9 31 17
9 34 58
9 39 23
9 40 68
9 41 16
9 43 69
9 46 66
9 47 18
9 50 19
9 51 63
9 53 51
9 56 25
9 58 55
9 61 34
9 62 27
9 63 31
9 65 61
9 68 29
10 0 2
10 1 33
10 5 58
10 11 55
10 14 26
10 19 66
10 22 8
10 24 14
10 29 56
10 34 62
10 37 7
10 38 60
10 39 24
10 40 40
10 42 32
10 43 3
10 45 36
10 46 47
10 47 69
10 49 15
10 50 10
10 61 54
10 63 19
10 64 31
10 67 20
10 69 4
11 0 63
11 3 47
11 5 2
11 6 65
11 9 34
11 11 29
11 13 33
11 16 30
11 19 64
11 24 41
11 27 66
11 28 54
11 29 5
11 31 15
11 43 1
11 50 0
11 54 19
11 55 7
11 56 52
11 58 18
11 61 51
11 62 40
11 63 44
11 67 36
11 69 50
12 1 7
12 2 24
12 3 52
12 4 66
12 6 12
12 8 39
12 11 4
12 13 57
12 14 10
12 18 49
12 22 17
12 23 11
12 24 37
12 26 6
12 28 60
12 32 27
12 34 13
12 37 5
12 38 62
12 40 64
12 45 63
12 46 53
12 49 8
12 54 44
12 56 67
12 57 36
12 62 47
12 64 20
12 67 19
12 68 46
13 5 18
13 6 3
13 8 31
13 10 14
13 14 65
13 15 38
13 18 27
13 26 33
13 32 68
13 33 64
13 34 43
13 41 41
13 43 15
13 45 2
13 46 23
13 47 44
13 49 59
13 50 24
13 52 7
13 54 1
13 58 57
13 59 30
13 61 9
13 63 40
13 67 4
14 3 29
14 5 33
14 13 47
14 14 28
14 17 54
14 20 58
14 23 30
14 27 24
14 35 9
14 38 36
14 41 15
14 42 34
14 54 22
14 55 64
14 57 11
14 59 60
14 66 19
14 67 2
15 3 19
15 5 24
15 9 11
15 11 15
15 12 46
15 22 58
15 23 53
15 27 32
15 31 60
15 45 18
15 46 54
15 48 47
15 49 55
15 50 27
15 53 59
15 54 67
15 58 10
15 59 16
15 62 2
15 63 22
15 64 44
15 68 42
16 3 69
16 5 20
16 6 58
16 10 28
16 11 62
16 21 51
16 24 39
16 25 5
16 26 49
16 29 18
16 31 21
16 34 3
16 35 25
16 37 2
16 38 46
16 44 64
16 45 23
16 46 29
16 49 16
16 53 65
16 54 61
16 55 19
16 56 4
16 57 22
16 60 57
16 62 67
16 63 0
16 65 63
16 68 15
17 1 64
17 6 40
17 10 53
17 12 14
17 16 57
17 18 56
17 19 46
17 20 29
17 21 55
17 22 51
17 23 48
17 24 28
17 25 45
17 26 62
17 29 33
17 31 18
17 32 22
17 34 69
17 38 12
17 41 50
17 42 5
17 43 37
17 44 44
17 46 68
17 48 36
17 50 8
17 51 32
17 57 24
17 60 20
17 62 13
17 63 43
17 64 23
17 66 59
17 68 0
18 0 6
18 1 16
18 4 36
18 5 65
18 8 63
18 10 5
18 16 9
18 17 26
18 19 68
18 20 21
18 29 22
18 30 13
18 31 0
18 34 39
18 37 31
18 41 55
18 43 57
18 46 52
18 48 54
18 49 60
18 57 20
18 58 56
18 59 66
18 62 29
18 63 10
18 68 51
18 69 46
19 0 33
19 1 8
19 5 37
19 6 13
19 7 52
19 18 26
19 19 69
19 20 20
19 21 48
19 24 5
19 25 30
19 26 65
19 29 15
19 32 62
19 33 68
19 36 43
19 42 10
19 43 40
19 49 51
19 50 47
19 51 2
19 52 17
19 54 36
19 55 4
19 59 58
19 62 45
19 69 59
20 2 15
20 4 33
20 7 10
20 10 47
20 14 34
20 15 58
20 16 20
20 20 27
20 30 45
20 37 9
20 42 0
20 43 30
20 51 16
20 54 18
20 58 65
20 59 22
20 62 66
20 63 28
20 66 31
20 67 54
20 68 3
21 2 11
21 8 27
21 9 33
21 12 61
21 14 50
21 24 44
21 28 16
21 30 47
21 31 19
21 35 55
21 37 8
21 42 60
21 43 65
21 45 29
21 48 41
21 52 64
21 55 52
21 60 30
21 65 36
21 67 18
22 0 35
22 4 34
22 7 0
22 8 44
22 16 33
22 23 15
22 28 22
22 29 28
22 37 24
22 38 63
22 39 41
22 41 6
22 43 23
22 44 11
22 47 25
22 48 51
22 50 32
22 51 65
22 53 47
22 54 12
22 56 27
22 58 54
22 59 45
22 60 58
22 64 3
22 68 26
22 69 5
23 1 5
23 3 27
23 4 3
23 8 6
23 9 23
23 10 9
23 13 26
23 30 60
23 32 56
23 36 15
23 40 33
23 46 20
23 48 39
23 51 48
23 55 65
23 56 59
23 61 69
23 64 47
23 65 46
23 69 64
24 1 59
24 5 46
24 6 66
24 11 63
24 12 42
24 14 52
24 15 21
24 18 16
24 20 47
24 29 27
24 30 32
24 32 33
24 34 25
24 35 29
24 36 41
24 38 7
24 39 17
24 42 23
24 44 58
24 45 8
24 51 49
24 52 53
24 53 6
24 55 24
24 58 0
24 59 19
24 63 14
24 64 34
24 68 50
25 1 53
25 2 66
25 3 56
25 6 8
25 7 47
25 8 57
25 12 18
25 14 32
25 16 50
25 17 27
25 18 35
25 22 55
25 23 17
25 24 38
25 26 11
25 28 61
25 30 51
25 32 46
25 36 31
25 37 36
25 40 10
25 41 65
25 46 1
25 50 29
25 54 42
25 55 23
25 59 13
25 60 24
25 62 5
25 66 33
26 0 52
26 1 54
26 14 56
26 17 48
26 18 42
26 24 64
26 27 55
26 28 39
26 29 40
26 31 65
26 33 11
26 35 35
26 36 60
26 37 58
26 38 8
26 39 32
26 40 24
26 44 18
26 46 2
26 49 43
26 51 67
26 53 49
26 54 34
26 55 28
26 58 5
26 60 33
26 63 37
26 64 50
26 67 25
26 68 1
26 69 45
27 0 39
27 1 18
27 4 57
27 5 62
27 10 60
27 12 9
27 14 44
27 16 17
27 19 0
27 23 1
27 26 5
27 28 3
27 29 69
27 37 14
27 42 2
27 52 51
27 59 31
27 62 21
27 65 43
27 69 41
28 2 39
28 3 45
28 4 48
28 10 33
28 12 57
28 14 38
28 17 9
28 21 24
28 22 43
28 24 52
28 27 61
28 28 21
28 29 11
28 32 40
28 34 8
28 39 42
28 40 66
28 41 56
28 42 46
28 43 12
28 45 20
28 52 67
28 57 15
28 58 2
28 63 54
28 64 51
29 4 16
29 5 55
29 10 0
29 11 47
29 13 43
29 14 2
29 15 19
29 17 63
29 19 42
29 21 64
29 24 69
29 25 27
29 28 23
29 29 59
29 31 40
29 32 60
29 34 24
29 36 9
29 37 30
29 40 62
29 42 49
29 43 31
29 48 17
29 53 25
29 54 29
29 56 58
29 57 6
29 60 13
29 65 65
29 68 18
29 69 22
30 2 34
30 8 0
30 9 26
30 10 10
30 13 22
30 15 44
30 17 41
30 18 57
30 26 27
30 27 4
30 29 31
30 30 61
30 31 23
30 33 5
30 36 7
30 37 46
30 46 38
30 47 21
30 48 33
30 51 62
30 52 24
30 54 16
30 55 50
30 59 43
30 61 28
30 62 19
30 63 32
30 67 45
30 68 30
31 4 54
31 7 19
31 8 13
31 10 50
31 11 9
31 12 38
31 17 35
31 18 40
31 24 58
31 28 30
31 29 34
31 32 43
31 33 39
31 34 12
31 35 24
31 36 14
31 37 53
31 38 4
31 43 29
31 47 26
31 50 41
31 51 47
31 52 10
31 53 27
31 59 5
31 60 16
31 61 25
32 6 47
32 8 53
32 10 37
32 11 18
32 13 68
32 16 8
32 17 28
32 18 39
32 21 5
32 23 38
32 26 0
32 27 13
32 33 44
32 34 49
32 35 69
32 41 48
32 44 40
32 45 12
32 49 29
32 50 45
32 51 7
32 53 33
32 60 32
32 61 27
32 62 54
32 64 58
32 67 24
33 2 68
33 3 64
33 5 6
33 7 67
33 8 33
33 11 50
33 14 25
33 16 0
33 17 60
33 18 69
33 19 65
33 20 34
33 23 20
33 27 58
33 31 66
33 35 42
33 37 18
33 39 55
33 42 59
33 46 5
33 50 28
33 52 32
33 53 54
33 54 47
33 57 23
33 58 46
33 60 12
33 61 2
33 65 56
33 67 16
33 68 48
33 69 43
34 0 19
34 6 68
34 8 14
34 10 25
34 14 30
34 16 58
34 17 42
34 18 24
34 24 62
34 33 38
34 37 34
34 39 61
34 41 1
34 43 45
34 47 56
34 51 55
34 58 15
34 59 49
34 61 29
34 62 3
34 66 41
34 68 31
35 5 7
35 9 38
35 11 34
35 13 36
35 14 11
35 15 46
35 18 2
35 23 13
35 27 14
35 28 45
35 29 42
35 30 22
35 31 30
35 36 61
35 39 52
35 43 28
35 46 57
35 47 64
35 52 55
35 55 37
35 56 29
35 62 65
35 63 66
35 64 24
35 65 6
35 66 4
35 67 17
35 68 19
35 69 56
36 2 45
36 5 31
36 6 60
36 8 9
36 10 61
36 11 25
36 13 18
36 18 11
36 20 42
36 21 0
36 22 22
36 24 47
36 27 26
36 31 43
36 33 67
36 34 23
36 36 33
36 41 20
36 42 56
36 43 7
36 45 50
36 46 4
36 47 24
36 49 57
36 50 52
36 51 21
36 53 12
36 54 2
36 58 32
36 61 58
36 62 34
36 64 63
36 69 35
37 0 56
37 1 15
37 3 20
37 5 22
37 11 60
37 12 44
37 13 4
37 14 55
37 16 23
37 19 67
37 21 45
37 24 35
37 28 17
37 30 1
37 31 37
37 34 41
37 37 11
37 39 7
37 41 27
37 44 43
37 45 69
37 46 19
37 47 34
37 48 48
37 53 0
37 57 18
37 58 61
37 59 6
37 60 5
37 62 68
37 64 62
37 68 59
37 69 26
38 4 56
38 5 59
38 9 51
38 10 54
38 13 67
38 16 61
38 17 10
38 18 55
38 21 58
38 24 3
38 26 44
38 27 1
38 30 63
38 31 31
38 32 32
38 33 12
38 34 14
38 40 22
38 41 68
38 42 38
38 43 27
38 44 47
38 48 16
38 50 64
38 52 9
38 54 7
38 56 33
38 57 45
38 61 53
38 62 35
38 66 8
39 0 59
39 1 34
39 2 54
39 5 0
39 7 53
39 8 18
39 11 33
39 12 13
39 13 42
39 14 29
39 15 56
39 16 2
39 18 50
39 20 68
39 21 23
39 23 4
39 24 20
39 25 37
39 26 40
39 32 45
39 36 51
39 41 28
39 47 5
39 50 66
39 60 31
39 61 65
39 62 30
40 2 51
40 3 61
40 6 44
40 8 62
40 9 35
40 16 38
40 17 50
40 18 67
40 23 40
40 24 21
40 25 18
40 27 39
40 28 33
40 29 14
40 33 19
40 37 12
40 44 66
40 45 49
40 46 0
40 47 52
40 48 46
40 51 37
40 53 16
40 54 13
40 57 57
40 64 2
40 69 54
41 1 6
41 4 43
41 6 23
41 12 33
41 15 53
41 17 51
41 19 11
41 22 25
41 23 5
41 26 68
41 32 2
41 33 35
41 38 67
41 39 9
41 45 7
41 47 28
41 53 29
41 56 19
41 58 39
41 59 64
41 61 14
41 66 45
41 67 57
41 69 13
42 0 37
42 7 34
42 11 28
42 13 54
42 14 49
42 15 61
42 17 15
42 18 51
42 19 47
42 23 14
42 26 38
42 27 5
42 28 66
42 29 7
42 30 56
42 39 33
42 43 0
42 44 6
42 47 8
42 48 29
42 49 23
42 50 55
42 54 48
42 55 39
42 58 20
42 59 65
42 60 17
42 63 50
42 64 18
43 0 40
43 5 32
43 6 62
43 8 48
43 9 60
43 11 35
43 12 64
43 15 34
43 21 57
43 23 22
43 25 12
43 26 56
43 27 41
43 28 18
43 29 58
43 32 0
43 33 3
43 35 1
43 36 27
43 37 43
43 38 51
43 41 23
43 42 50
43 44 49
43 49 68
43 50 2
43 53 36
43 55 25
43 57 52
43 58 59
43 62 8
43 64 17
44 5 12
44 6 27
44 7 30
44 10 17
44 11 45
44 14 42
44 18 1
44 21 41
44 25 19
44 27 15
44 31 56
44 33 47
44 34 9
44 36 48
44 39 51
44 43 63
44 46 14
44 47 57
44 49 11
44 53 31
44 55 61
44 56 44
44 59 50
44 61 46
44 62 62
44 63 33
44 68 35
44 69 38
45 2 12
45 5 36
45 6 69
45 8 42
45 11 32
45 15 64
45 18 8
45 20 52
45 21 7
45 23 49
45 24 29
45 25 4
45 26 9
45 29 54
45 42 57
45 50 33
45 51 23
45 52 56
45 54 10
45 55 40
45 59 0
45 61 17
45 63 61
45 66 5
45 68 16
46 4 9
46 5 5
46 6 11
46 11 1
46 12 45
46 14 68
46 16 27
46 17 69
46 18 12
46 20 63
46 21 30
46 22 61
46 23 33
46 25 59
46 30 52
46 32 39
46 36 54
46 39 46
46 40 21
46 41 47
46 42 43
46 43 13
46 45 17
46 47 14
46 48 28
46 51 19
46 52 15
46 56 50
46 57 31
46 59 2
46 60 44
46 64 36
46 65 38
46 69 67
47 2 53
47 5 1
47 11 22
47 12 4
47 15 67
47 23 63
47 25 50
47 30 24
47 43 56
47 44 30
47 49 44
47 50 68
47 53 19
47 54 21
47 56 40
47 57 59
47 59 7
47 63 55
47 64 5
47 66 11
47 68 60
48 1 19
48 3 62
48 4 60
48 6 4
48 8 37
48 10 1
48 14 12
48 15 11
48 16 5
48 20 9
48 27 52
48 36 56
48 38 29
48 39 15
48 46 36
48 49 22
48 51 69
48 60 10
48 61 24
48 62 14
48 65 13
48 66 17
49 0 17
49 1 67
49 13 20
49 14 16
49 16 3
49 19 13
49 20 5
49 22 47
49 24 27
49 25 25
49 26 45
49 32 57
49 35 44
49 36 11
49 38 24
49 41 32
49 45 68
49 50 53
49 52 38
49 55 18
49 63 34
49 66 10
50 0 36
50 5 56
50 7 22
50 11 24
50 16 67
50 18 31
50 19 2
50 20 6
50 22 21
50 23 39
50 28 7
50 29 19
50 30 11
50 32 15
50 35 49
50 37 45
50 38 14
50 39 13
50 40 58
50 43 20
50 44 26
50 46 60
50 49 41
50 51 18
50 54 32
50 60 1
50 64 25
50 65 9
50 68 61
51 0 69
51 1 31
51 3 11
51 4 21
51 5 13
51 6 28
51 7 42
51 10 6
51 13 61
51 15 52
51 16 14
51 20 54
51 23 64
51 24 60
51 26 36
51 28 35
51 29 66
51 31 24
51 32 3
51 34 51
51 38 44
51 43 38
51 45 5
51 46 30
51 48 59
51 50 67
51 51 39
51 52 37
51 55 53
51 61 43
51 62 23
51 63 46
51 68 57
51 69 18
52 0 28
52 1 45
52 2 36
52 6 15
52 8 17
52 10 59
52 12 39
52 13 48
52 14 47
52 20 51
52 22 66
52 24 12
52 29 26
52 30 42
52 31 2
52 32 23
52 34 65
52 35 54
52 36 64
52 37 63
52 39 49
52 40 19
52 42 37
52 44 67
52 49 21
52 50 22
52 52 14
52 56 61
52 58 24
52 62 10
52 63 13
52 65 44
52 69 7
53 3 22
53 5 67
53 8 47
53 12 11
53 13 16
53 15 66
53 18 14
53 19 3
53 21 2
53 22 65
53 23 31
53 24 43
53 27 51
53 28 19
53 32 12
53 33 25
53 35 10
53 38 52
53 40 30
53 41 29
53 44 69
53 45 9
53 46 61
53 47 15
53 48 45
53 56 0
53 57 53
53 59 4
53 60 23
53 61 21
53 63 27
54 3 34
54 4 41
54 11 21
54 13 11
54 14 57
54 16 56
54 21 62
54 23 26
54 24 17
54 26 31
54 29 52
54 30 23
54 33 55
54 34 54
54 36 1
54 38 58
54 40 13
54 43 32
54 46 24
54 47 33
54 50 18
54 51 59
54 53 22
54 54 50
54 56 42
54 58 45
54 60 25
54 62 36
54 63 16
54 65 8
55 1 0
55 7 63
55 9 20
55 11 31
55 14 6
55 17 67
55 20 33
55 21 15
55 26 46
55 27 9
55 29 65
55 34 16
55 36 55
55 38 10
55 41 62
55 45 45
55 47 42
55 49 61
55 54 66
55 57 2
55 61 11
55 64 54
55 66 37
55 67 27
55 68 17
56 1 3
56 4 50
56 5 43
56 8 29
56 9 2
56 13 38
56 14 58
56 17 36
56 24 1
56 26 51
56 27 22
56 35 17
56 38 65
56 39 68
56 40 27
56 41 59
56 42 44
56 46 31
56 47 13
56 49 66
56 50 14
56 51 57
56 54 52
56 58 11
56 59 20
56 62 9
56 63 23
56 65 47
56 69 55
57 5 53
57 11 7
57 14 17
57 15 36
57 17 37
57 18 18
57 19 51
57 20 24
57 21 19
57 25 10
57 28 13
57 30 69
57 31 32
57 35 33
57 38 68
57 43 4
57 44 29
57 46 11
57 47 39
57 51 40
57 53 55
57 54 43
57 55 15
57 58 41
57 59 34
57 61 63
57 64 16
57 66 26
57 67 52
57 68 14
57 69 47
58 0 7
58 1 47
58 4 0
58 5 49
58 9 32
58 15 31
58 16 19
58 17 18
58 19 8
58 20 12
58 22 59
58 23 66
58 25 54
58 26 34
58 29 55
58 30 35
58 31 44
58 33 4
58 34 36
58 37 42
58 39 30
58 41 33
58 42 39
58 50 21
58 52 22
58 54 65
58 57 61
58 58 64
58 60 68
58 61 20
58 64 11
58 66 46
58 67 51
59 2 13
59 5 27
59 6 20
59 7 49
59 8 26
59 9 5
59 12 15
59 14 61
59 15 62
59 17 33
59 18 0
59 20 48
59 22 50
59 24 54
59 25 63
59 27 17
59 29 29
59 33 24
59 36 22
59 39 10
59 42 47
59 44 16
59 46 7
59 48 35
59 49 36
59 50 9
59 52 52
59 53 8
59 56 56
59 57 39
59 60 19
59 62 46
59 63 68
59 66 58
59 67 42
59 68 6
59 69 14
60 0 57
60 3 37
60 4 31
60 5 34
60 13 27
60 15 28
60 16 7
60 18 44
60 19 25
60 20 50
60 23 60
60 24 68
60 26 61
60 28 14
60 29 6
60 31 69
60 33 63
60 35 5
60 37 38
60 38 2
60 46 41
60 47 55
60 50 16
60 52 4
60 53 66
60 54 24
60 64 65
60 65 33
60 66 53
60 67 13
61 0 42
61 4 46
61 5 52
61 7 26
61 16 31
61 17 66
61 19 28
61 20 61
61 21 40
61 22 33
61 23 12
61 26 10
61 33 50
61 35 64
61 36 25
61 40 39
61 41 11
61 43 34
61 46 49
61 52 2
61 56 68
61 60 37
61 62 1
61 68 45
62 0 67
62 3 15
62 5 11
62 7 37
62 8 43
62 9 49
62 13 0
62 16 55
62 17 57
62 18 54
62 19 29
62 23 58
62 26 42
62 32 9
62 36 66
62 38 31
62 40 17
62 41 69
62 43 21
62 44 46
62 49 5
62 56 14
62 60 28
62 61 23
62 68 47
62 69 68
63 4 14
63 10 4
63 14 66
63 17 39
63 18 38
63 19 59
63 22 45
63 23 43
63 27 65
63 30 53
63 35 40
63 37 33
63 39 27
63 42 3
63 43 22
63 44 23
63 49 19
63 51 10
63 52 41
63 54 26
63 55 62
63 58 17
63 61 6
63 63 69
63 64 46
63 65 48
63 68 28
64 6 31
64 7 18
64 11 48
64 13 60
64 14 21
64 17 24
64 22 46
64 23 9
64 28 57
64 31 3
64 33 0
64 34 35
64 37 66
64 39 36
64 40 63
64 44 2
64 47 7
64 50 6
64 51 58
64 56 20
64 58 27
64 59 8
64 60 47
64 61 61
64 62 15
64 65 45
64 69 65
65 1 23
65 6 45
65 9 27
65 13 12
65 18 59
65 19 40
65 20 31
65 21 18
65 25 2
65 26 3
65 27 64
65 30 57
65 36 39
65 37 35
65 39 62
65 40 0
65 41 22
65 42 1
65 43 5
65 46 65
65 47 61
65 50 38
65 52 48
65 53 14
65 58 25
65 60 29
65 63 56
65 66 52
65 69 33
66 2 35
66 8 67
66 11 16
66 12 63
66 20 38
66 21 25
66 23 46
66 24 30
66 25 31
66 28 59
66 29 53
66 30 37
66 39 47
66 43 39
66 45 15
66 46 28
66 51 33
66 54 11
66 58 34
66 60 69
66 62 55
66 64 0
66 65 26
67 2 6
67 3 5
67 5 29
67 6 25
67 8 56
67 9 55
67 10 26
67 12 10
67 14 33
67 16 41
67 17 38
67 18 64
67 19 52
67 21 47
67 26 13
67 28 12
67 29 36
67 31 45
67 32 19
67 35 20
67 36 16
67 39 54
67 42 66
67 43 59
67 44 8
67 49 46
67 50 39
67 53 50
67 61 7
67 67 28
67 69 44
68 3 44
68 13 55
68 15 24
68 16 12
68 17 56
68 18 6
68 20 22
68 21 68
68 22 67
68 25 57
68 27 45
68 33 1
68 34 53
68 36 0
68 37 10
68 40 18
68 44 61
68 45 54
68 47 20
68 50 25
68 51 4
68 52 47
68 57 51
68 59 63
68 60 14
68 65 16
68 68 34
69 0 23
69 2 9
69 4 28
69 5 38
69 8 68
69 9 14
69 10 15
69 12 65
69 14 67
69 15 5
69 16 44
69 25 56
69 27 3
69 28 26
69 30 2
69 40 25
69 44 57
69 45 52
69 46 45
69 49 35
69 51 17
69 52 40
69 57 4
69 58 33
69 59 53
69 60 11
69 61 37
69 64 60
69 66 30
69 68 12
69 69 10
