70
0 5 38
0 6 16
0 7 57
0 8 18
0 11 46
0 12 33
0 14 20
0 15 23
0 16 44
0 24 61
0 25 25
0 26 26
0 28 34
0 29 64
0 34 27
0 35 56
0 36 52
0 38 22
0 40 35
0 43 6
0 44 14
0 48 5
0 49 1
0 53 9
0 59 54
0 65 68
0 68 41
1 1 48
1 3 17
1 5 22
1 13 68
1 14 26
1 17 8
1 18 47
1 20 51
1 21 52
1 27 42
1 32 64
1 33 32
1 35 7
1 40 33
1 45 44
1 46 19
1 51 20
1 57 2
1 59 9
1 60 18
1 63 0
2 0 57
2 3 69
2 5 13
2 10 43
2 21 46
2 22 16
2 29 51
2 31 53
2 35 12
2 40 34
2 46 33
2 47 62
2 48 67
2 49 50
2 53 42
2 61 10
2 62 28
3 2 10
3 11 0
3 17 67
3 18 12
3 23 18
3 25 69
3 30 8
3 35 27
3 37 33
3 38 4
3 41 55
3 42 54
3 44 11
3 46 2
3 52 34
3 55 25
3 57 59
3 62 19
3 63 20
3 65 5
3 67 28
4 0 41
4 2 38
4 5 39
4 8 50
4 10 57
4 11 32
4 12 2
4 15 15
4 16 61
4 17 24
4 26 10
4 27 48
4 29 58
4 34 46
4 37 69
4 43 40
4 47 67
4 48 52
4 49 19
4 54 29
4 56 4
4 58 56
4 60 36
4 62 23
5 4 55
5 5 53
5 8 32
5 11 48
5 14 6
5 17 20
5 20 33
5 26 38
5 28 52
5 29 62
5 30 16
5 32 35
5 35 67
5 41 58
5 42 59
5 44 44
5 46 24
5 47 61
5 48 3
5 51 18
5 52 13
5 53 29
5 59 26
5 61 68
5 63 31
5 67 42
6 3 47
6 5 59
6 12 53
6 13 1
6 18 13
6 24 26
6 28 37
6 39 32
6 54 46
6 55 40
6 60 48
7 3 0
7 7 4
7 8 11
7 13 54
7 23 52
7 32 50
7 38 61
7 39 55
7 41 69
7 44 56
7 50 1
7 51 68
7 52 45
7 55 53
7 59 48
7 64 65
7 69 13
8 1 59
8 5 0
8 8 48
8 9 56
8 16 23
8 17 37
8 19 17
8 21 6
8 27 68
8 40 51
8 43 54
8 44 61
8 46 28
8 49 27
8 51 15
8 64 16
8 67 39
8 69 60
9 1 22
9 11 2
9 13 67
9 16 19
9 17 23
9 18 56
9 22 38
9 27 41
9 29 37
9 31 8
9 33 33
9 37 66
9 45 15
9 46 47
9 47 53
9 48 29
9 53 65
9 54 30
9 59 64
9 60 62
9 62 1
9 63 54
9 65 61
9 66 11
9 68 5
10 0 30
10 4 31
10 13 62
10 16 20
10 22 64
10 23 3
10 26 9
10 27 46
10 30 58
10 36 47
10 39 24
10 40 36
10 42 26
10 44 34
10 45 21
10 47 10
10 49 63
10 51 57
10 58 17
10 59 55
10 64 40
10 66 8
10 69 22
11 11 57
11 12 42
11 21 62
11 24 54
11 25 12
11 27 31
11 28 68
11 32 55
11 33 39
11 34 64
11 39 3
11 41 41
11 49 48
11 52 37
11 55 51
11 57 23
11 59 18
11 60 65
11 62 35
12 0 35
12 5 64
12 9 25
12 18 15
12 20 57
12 28 65
12 32 17
12 33 8
12 37 13
12 38 12
12 47 19
12 50 53
12 51 14
12 52 26
12 53 51
12 55 1
12 57 21
12 58 46
12 62 2
13 11 55
13 14 59
13 22 46
13 26 49
13 27 63
13 34 0
13 42 15
13 45 54
13 52 58
13 56 65
13 59 23
13 62 43
13 63 27
13 64 69
13 66 45
14 1 43
14 2 40
14 6 50
14 16 36
14 17 68
14 20 42
14 21 35
14 22 51
14 23 26
14 25 29
14 27 18
14 33 19
14 42 56
14 47 44
14 48 41
14 51 45
14 61 31
14 62 10
14 68 54
15 0 44
15 2 1
15 11 39
15 13 0
15 25 4
15 26 22
15 34 11
15 35 50
15 36 36
15 37 6
15 44 12
15 46 64
15 57 14
15 59 52
16 1 36
16 2 55
16 5 29
16 9 19
16 10 52
16 13 3
16 17 1
16 18 28
16 20 10
16 22 48
16 24 16
16 25 14
16 29 32
16 30 42
16 32 66
16 34 56
16 43 44
16 46 46
16 49 58
16 50 26
16 51 51
16 52 60
16 53 13
16 54 27
16 56 8
16 63 49
17 0 40
17 7 19
17 12 15
17 13 69
17 15 33
17 17 51
17 18 31
17 22 20
17 31 18
17 40 4
17 41 59
17 42 2
17 43 39
17 49 5
17 50 6
17 55 28
17 57 16
17 58 23
17 59 57
17 62 67
17 63 37
17 69 53
18 0 12
18 1 38
18 8 15
18 15 9
18 16 3
18 17 64
18 18 60
18 19 49
18 24 0
18 27 20
18 30 24
18 34 7
18 52 29
18 53 10
18 58 59
18 59 5
18 62 22
18 64 50
19 4 58
19 5 40
19 12 4
19 14 42
19 16 34
19 21 44
19 23 67
19 25 47
19 30 50
19 35 49
19 37 46
19 39 43
19 44 39
19 48 30
19 50 36
19 52 35
19 53 59
19 54 28
19 55 18
19 59 61
19 61 60
19 63 14
19 64 6
20 3 67
20 5 28
20 6 44
20 9 53
20 15 37
20 24 55
20 27 30
20 29 31
20 30 23
20 38 13
20 46 56
20 50 64
20 51 59
20 52 42
20 56 18
20 58 69
20 66 14
20 68 21
20 69 11
21 5 23
21 9 52
21 11 18
21 12 32
21 16 24
21 17 11
21 23 65
21 24 48
21 26 20
21 27 50
21 28 44
21 35 40
21 36 67
21 46 26
21 47 63
21 49 39
21 51 49
21 60 30
21 62 60
21 63 61
21 66 10
22 10 40
22 20 68
22 21 15
22 24 62
22 34 33
22 35 14
22 39 67
22 46 7
22 48 60
22 52 10
22 53 23
22 58 38
22 59 17
22 61 39
22 66 46
22 67 31
23 0 37
23 1 41
23 4 65
23 5 56
23 11 47
23 17 6
23 19 43
23 20 28
23 21 23
23 22 30
23 27 40
23 29 55
23 32 31
23 37 24
23 38 49
23 43 64
23 44 59
23 47 25
23 48 36
23 49 53
23 51 7
23 54 67
23 61 42
23 63 32
23 65 19
23 68 38
24 6 27
24 7 48
24 8 25
24 12 24
24 13 44
24 19 46
24 22 35
24 27 43
24 31 4
24 32 9
24 34 23
24 35 20
24 36 15
24 40 8
24 41 51
24 50 18
24 54 55
24 64 54
25 5 42
25 6 59
25 9 47
25 13 19
25 17 46
25 18 34
25 21 50
25 22 12
25 25 7
25 28 4
25 33 6
25 35 65
25 38 41
25 39 49
25 43 9
25 46 15
25 47 14
25 50 16
25 54 38
25 55 29
25 67 10
26 5 10
26 6 47
26 7 2
26 11 64
26 12 46
26 19 33
26 20 35
26 22 17
26 29 53
26 30 21
26 32 40
26 34 14
26 36 31
26 37 9
26 41 30
26 44 66
26 48 68
26 51 37
26 53 67
26 54 56
26 56 34
26 57 41
26 61 11
26 63 25
26 65 32
26 67 60
26 69 6
27 0 16
27 2 32
27 4 34
27 9 45
27 11 9
27 17 28
27 18 43
27 20 61
27 21 20
27 23 4
27 25 44
27 26 3
27 27 29
27 29 15
27 31 6
27 32 62
27 35 39
27 36 64
27 46 38
27 53 14
27 56 19
27 60 59
27 63 8
27 64 68
27 65 56
27 66 50
27 69 23
28 1 9
28 2 17
28 5 61
28 8 21
28 10 45
28 17 36
28 18 48
28 20 69
28 22 22
28 31 32
28 32 65
28 41 33
28 45 50
28 46 0
28 51 29
28 55 24
28 60 60
28 62 12
28 69 15
29 0 61
29 1 53
29 2 35
29 7 66
29 8 10
29 13 12
29 14 44
29 17 31
29 24 18
29 25 54
29 32 69
29 39 63
29 53 21
29 56 37
29 58 51
29 60 28
29 61 47
29 65 57
29 69 1
30 4 13
30 6 10
30 19 59
30 24 51
30 28 12
30 29 11
30 32 18
30 33 15
30 38 47
30 40 43
30 48 2
30 53 1
30 57 30
30 58 53
30 66 29
30 69 63
31 3 14
31 5 68
31 10 41
31 12 31
31 18 7
31 19 12
31 21 42
31 22 44
31 26 43
31 30 6
31 31 40
31 34 51
31 38 20
31 40 17
31 41 23
31 47 35
31 48 39
31 49 46
31 51 21
31 52 59
31 54 3
31 56 0
31 61 36
31 62 8
31 65 66
31 67 62
32 2 7
32 9 13
32 10 18
32 14 37
32 20 48
32 21 57
32 28 41
32 30 32
32 31 31
32 33 20
32 34 68
32 38 35
32 39 66
32 43 14
32 44 42
32 46 53
32 53 54
32 69 51
33 2 5
33 5 50
33 6 30
33 13 61
33 23 46
33 24 37
33 32 24
33 38 60
33 40 62
33 42 8
33 45 31
33 46 21
33 47 48
33 48 51
33 50 49
33 52 25
33 53 41
33 57 65
33 63 13
33 65 29
33 69 55
34 7 9
34 9 5
34 10 30
34 14 13
34 21 18
34 25 67
34 32 54
34 42 4
34 45 35
34 48 48
34 56 51
34 60 57
34 69 52
35 1 31
35 8 3
35 14 1
35 19 53
35 20 49
35 24 52
35 29 22
35 30 69
35 31 23
35 32 61
35 35 13
35 44 35
35 46 63
35 54 14
35 65 6
35 69 32
36 0 8
36 1 12
36 4 32
36 8 37
36 10 50
36 15 34
36 17 57
36 21 55
36 24 53
36 25 38
36 33 25
36 35 9
36 36 5
36 41 17
36 42 22
36 44 0
36 47 18
36 48 33
36 49 44
36 50 35
36 52 65
36 56 31
36 59 7
36 61 3
36 64 19
36 66 27
36 68 28
36 69 49
37 3 50
37 5 36
37 6 35
37 10 53
37 11 51
37 13 46
37 14 23
37 16 26
37 17 16
37 19 25
37 23 56
37 26 40
37 27 7
37 28 67
37 29 20
37 33 14
37 37 5
37 41 1
37 47 12
37 48 61
37 49 28
37 51 42
37 52 44
37 53 62
37 54 0
37 55 8
37 56 49
37 57 11
37 59 45
38 7 25
38 8 7
38 10 39
38 12 62
38 13 23
38 14 15
38 20 46
38 22 5
38 26 11
38 27 17
38 31 41
38 33 52
38 48 55
38 49 47
38 51 66
38 52 54
38 55 13
38 58 67
39 5 2
39 10 63
39 18 40
39 22 57
39 23 31
39 25 62
39 26 7
39 27 69
39 32 6
39 36 59
39 38 50
39 44 23
39 47 16
39 50 34
39 51 36
39 54 41
39 55 43
39 57 55
39 62 58
39 65 9
39 69 4
40 4 50
40 5 19
40 6 54
40 10 20
40 11 37
40 23 44
40 28 16
40 33 47
40 34 57
40 42 11
40 43 51
40 49 12
40 53 0
40 54 5
40 61 45
40 64 28
40 65 14
41 0 23
41 1 15
41 3 8
41 8 43
41 10 19
41 11 60
41 13 20
41 16 28
41 20 12
41 22 24
41 36 62
41 37 10
41 40 41
41 46 17
41 48 59
41 51 0
41 56 13
41 58 14
41 61 18
41 62 38
41 66 63
41 67 37
42 8 31
42 14 9
42 19 20
42 21 54
42 22 68
42 24 69
42 25 57
42 27 35
42 31 52
42 39 41
42 44 5
42 49 34
42 54 49
42 55 48
42 56 28
42 58 30
42 67 43
42 68 26
43 10 3
43 22 65
43 23 6
43 31 35
43 35 15
43 39 25
43 41 48
43 42 12
43 44 10
43 45 32
43 49 17
43 53 56
43 55 20
43 57 39
43 58 18
43 60 31
43 62 37
43 63 36
44 0 2
44 1 35
44 3 48
44 6 42
44 8 64
44 10 61
44 16 0
44 23 24
44 29 33
44 32 16
44 33 27
44 38 56
44 41 66
44 43 53
44 44 46
44 45 57
44 48 38
44 50 7
44 54 50
44 55 6
44 60 32
45 2 58
45 3 66
45 5 8
45 6 18
45 15 42
45 17 44
45 22 50
45 30 52
45 32 23
45 33 65
45 36 1
45 40 40
45 43 2
45 45 10
45 48 56
45 50 22
45 55 62
45 59 4
45 60 5
45 64 31
45 65 25
45 66 68
45 68 19
46 0 13
46 1 26
46 5 32
46 7 24
46 9 3
46 10 1
46 11 10
46 16 25
46 17 12
46 19 45
46 24 47
46 29 46
46 31 22
46 32 14
46 36 60
46 38 44
46 39 48
46 40 49
46 41 36
46 43 30
46 44 68
46 49 56
46 50 5
46 52 28
46 57 61
46 59 0
46 67 33
46 69 17
47 2 51
47 3 40
47 4 68
47 5 4
47 6 21
47 7 47
47 11 13
47 12 52
47 22 55
47 24 56
47 26 2
47 28 31
47 33 66
47 39 59
47 40 57
47 41 39
47 42 10
47 46 23
47 49 54
47 54 43
47 59 20
47 60 41
47 64 32
47 65 28
47 66 33
48 0 42
48 10 10
48 11 24
48 13 65
48 18 55
48 21 28
48 29 48
48 30 37
48 37 68
48 41 9
48 42 32
48 46 59
48 54 21
48 65 69
48 66 26
48 69 5
49 0 20
49 1 3
49 2 49
49 5 16
49 6 52
49 10 47
49 11 23
49 16 21
49 17 26
49 20 45
49 21 13
49 24 59
49 28 54
49 35 55
49 36 39
49 38 2
49 45 29
49 52 12
49 53 32
49 54 58
49 55 65
49 61 66
49 62 30
49 64 9
50 2 20
50 4 56
50 5 48
50 7 23
50 9 46
50 14 40
50 15 17
50 18 38
50 20 50
50 22 47
50 25 34
50 26 68
50 29 28
50 34 66
50 36 42
50 37 61
50 40 67
50 42 45
50 46 44
50 50 12
50 52 39
50 55 52
50 57 22
50 58 54
50 59 15
50 62 25
50 66 65
50 67 7
50 69 9
51 4 61
51 8 56
51 10 13
51 11 66
51 12 8
51 19 24
51 21 30
51 25 27
51 29 43
51 30 10
51 33 21
51 38 16
51 45 40
51 50 23
51 52 3
51 55 69
51 56 63
51 57 62
51 59 32
51 62 20
51 67 51
52 2 52
52 3 61
52 4 16
52 10 55
52 11 58
52 12 30
52 21 2
52 22 0
52 25 10
52 34 36
52 37 23
52 39 65
52 43 42
52 45 18
52 46 50
52 56 1
52 57 69
52 58 40
52 61 32
52 62 21
52 64 51
53 0 32
53 4 29
53 8 67
53 12 40
53 14 46
53 18 59
53 20 2
53 25 43
53 27 39
53 40 13
53 41 22
53 44 50
53 47 37
53 49 8
53 52 55
53 55 60
53 57 68
53 62 64
53 63 52
53 65 53
53 66 9
54 1 42
54 9 2
54 12 64
54 17 0
54 23 15
54 24 24
54 27 5
54 31 39
54 32 47
54 35 57
54 39 21
54 40 50
54 41 35
54 42 61
54 43 11
54 46 16
54 56 25
54 59 53
54 67 19
55 2 13
55 6 34
55 7 59
55 9 51
55 12 10
55 13 66
55 15 14
55 19 15
55 24 42
55 25 28
55 31 55
55 35 24
55 37 39
55 39 57
55 50 60
55 54 16
55 63 29
55 65 40
55 66 35
56 3 30
56 13 42
56 23 37
56 26 35
56 29 12
56 34 53
56 35 44
56 37 25
56 40 56
56 41 20
56 42 68
56 44 16
56 50 48
56 51 60
56 53 38
56 55 61
56 56 40
56 58 34
56 59 43
56 60 54
57 5 17
57 7 20
57 19 8
57 23 55
57 24 10
57 28 50
57 30 53
57 31 64
57 32 59
57 34 47
57 46 6
57 47 32
57 50 3
57 52 11
57 56 39
57 57 1
57 60 0
57 64 35
58 0 1
58 6 6
58 11 26
58 12 50
58 14 27
58 16 33
58 18 32
58 26 4
58 28 61
58 29 39
58 32 44
58 34 45
58 37 7
58 38 23
58 40 68
58 43 13
58 46 30
58 48 11
58 50 19
58 51 41
58 56 55
58 61 9
58 63 51
58 64 20
58 65 42
58 66 21
59 1 33
59 6 43
59 12 26
59 17 19
59 18 54
59 20 5
59 21 45
59 23 60
59 29 24
59 35 59
59 36 50
59 41 62
59 42 6
59 49 49
59 50 51
59 53 2
59 55 44
59 57 25
59 63 15
59 66 4
60 1 66
60 4 39
60 6 25
60 14 32
60 15 43
60 19 64
60 21 8
60 24 57
60 27 3
60 34 37
60 36 10
60 37 31
60 41 40
60 44 62
60 45 19
60 49 65
60 53 24
60 58 49
60 59 63
60 60 53
60 62 36
60 64 12
61 1 30
61 17 32
61 20 23
61 23 17
61 24 14
61 26 19
61 29 36
61 34 18
61 35 51
61 41 21
61 44 3
61 50 40
61 54 63
61 56 46
61 62 13
61 64 59
61 65 16
61 69 8
62 1 52
62 2 68
62 3 58
62 7 40
62 16 11
62 18 61
62 22 43
62 26 5
62 28 62
62 29 54
62 30 45
62 32 21
62 34 22
62 39 6
62 42 57
62 45 47
62 46 66
62 48 53
62 51 9
62 53 60
62 56 26
62 57 42
62 58 2
62 61 20
62 62 7
62 66 41
62 67 23
63 3 13
63 4 8
63 7 44
63 8 14
63 15 25
63 17 40
63 28 11
63 29 65
63 31 15
63 33 38
63 34 24
63 43 17
63 46 12
63 52 57
63 53 19
63 54 52
63 55 39
63 57 34
63 58 61
63 63 42
63 69 64
64 1 23
64 2 64
64 3 2
64 10 14
64 12 68
64 14 22
64 15 24
64 19 54
64 22 19
64 29 26
64 31 58
64 34 63
64 37 44
64 41 10
64 46 51
64 47 34
64 51 47
64 55 38
64 57 15
64 62 11
64 65 45
64 67 52
64 68 50
65 2 27
65 4 12
65 7 21
65 9 66
65 16 60
65 24 64
65 25 22
65 27 1
65 31 56
65 33 24
65 34 9
65 40 26
65 43 4
65 48 69
65 50 61
65 52 68
65 55 5
65 57 45
65 60 49
65 62 50
65 64 2
65 65 41
65 69 62
66 0 47
66 4 11
66 5 27
66 7 35
66 12 55
66 20 32
66 29 42
66 34 2
66 36 68
66 39 51
66 43 56
66 52 1
66 56 38
66 58 25
66 61 22
66 63 66
67 0 43
67 1 19
67 2 33
67 3 25
67 4 24
67 5 9
67 9 28
67 11 36
67 12 14
67 13 6
67 15 2
67 18 22
67 23 53
67 33 42
67 34 61
67 40 45
67 45 52
67 57 32
67 61 21
67 67 35
67 68 37
68 6 57
68 12 65
68 15 0
68 19 23
68 25 56
68 28 25
68 29 7
68 33 36
68 34 34
68 36 58
68 37 30
68 40 1
68 43 66
68 46 4
68 48 63
68 49 68
68 50 59
68 51 46
68 53 22
68 61 8
68 62 40
68 68 62
68 69 61
69 1 61
69 6 11
69 7 46
69 8 23
69 10 5
69 11 68
69 16 12
69 19 9
69 20 40
69 24 15
69 25 59
69 26 0
69 32 56
69 41 65
69 43 20
69 46 39
69 48 22
69 50 33
69 51 25
69 53 26
69 56 53
69 59 24
69 62 55
69 63 60
69 66 57
69 68 49
