60
0 1 59
0 2 17
0 3 14
0 4 27
0 5 15
0 7 9
0 8 30
0 9 50
0 10 37
0 11 13
0 13 25
0 14 21
0 15 18
0 16 39
0 18 41
0 19 2
0 22 52
0 24 53
0 27 47
0 28 16
0 29 54
0 30 28
0 31 8
0 33 10
0 36 57
0 37 40
0 38 49
0 39 0
0 40 22
0 42 7
0 43 44
0 44 43
0 45 48
0 46 1
0 48 33
0 49 19
0 50 12
0 51 6
0 52 5
0 53 45
0 54 42
0 55 29
0 57 58
0 59 38
1 1 0
1 3 18
1 4 3
1 5 25
1 6 32
1 7 55
1 8 47
1 9 59
1 11 45
1 12 43
1 13 53
1 14 39
1 15 21
1 16 49
1 17 17
1 18 6
1 20 4
1 21 5
1 23 31
1 24 24
1 25 41
1 26 13
1 27 38
1 28 2
1 29 26
1 30 44
1 31 37
1 34 11
1 35 28
1 36 58
1 37 22
1 38 34
1 39 8
1 40 27
1 43 10
1 44 29
1 45 9
1 46 42
1 47 16
1 48 20
1 49 36
1 50 14
1 51 40
1 52 7
1 53 54
1 54 48
1 55 12
1 56 23
1 57 15
1 59 19
2 0 52
2 1 53
2 2 50
2 3 26
2 4 34
2 6 30
2 7 16
2 8 19
2 9 41
2 10 57
2 12 38
2 14 31
2 16 36
2 18 3
2 19 8
2 20 7
2 23 33
2 24 23
2 25 4
2 26 35
2 27 44
2 29 1
2 30 55
2 31 5
2 34 12
2 35 40
2 36 32
2 37 39
2 40 15
2 41 0
2 43 58
2 45 37
2 46 13
2 47 47
2 50 10
2 51 49
2 52 51
2 53 11
2 54 2
2 56 20
2 57 6
2 58 25
3 1 55
3 2 43
3 3 51
3 4 49
3 5 23
3 6 28
3 7 1
3 10 41
3 11 47
3 12 0
3 13 54
3 14 29
3 16 5
3 17 53
3 19 14
3 20 25
3 22 11
3 23 12
3 24 48
3 25 44
3 26 20
3 27 10
3 28 24
3 29 9
3 30 7
3 33 50
3 34 19
3 35 56
3 37 58
3 38 16
3 39 6
3 40 18
3 42 13
3 43 8
3 44 4
3 45 31
3 47 33
3 48 21
3 49 52
3 50 46
3 52 42
3 53 32
3 54 39
3 55 30
3 56 26
3 57 34
3 58 22
3 59 40
4 0 2
4 1 27
4 2 30
4 4 48
4 5 18
4 6 40
4 7 45
4 10 54
4 12 21
4 13 10
4 14 28
4 15 56
4 16 17
4 18 32
4 20 49
4 21 57
4 23 19
4 24 41
4 25 50
4 26 11
4 27 22
4 28 31
4 29 58
4 31 9
4 32 3
4 33 14
4 34 53
4 35 0
4 37 5
4 39 13
4 42 8
4 44 26
4 45 4
4 46 59
4 47 1
4 48 35
4 50 7
4 51 51
4 52 47
4 53 25
4 54 29
4 55 52
4 57 38
4 59 6
5 0 26
5 2 45
5 4 6
5 5 8
5 6 2
5 7 33
5 8 0
5 9 16
5 10 9
5 11 4
5 12 25
5 13 11
5 14 40
5 16 47
5 17 52
5 18 7
5 19 43
5 20 18
5 22 22
5 23 48
5 24 34
5 25 57
5 26 31
5 29 56
5 30 5
5 31 54
5 32 36
5 33 58
5 34 3
5 36 53
5 37 14
5 38 59
5 39 24
5 41 37
5 42 30
5 44 19
5 45 13
5 46 38
5 48 39
5 49 41
5 51 23
5 52 49
5 53 55
5 55 15
5 56 12
5 57 29
5 58 21
6 0 57
6 1 11
6 2 9
6 3 59
6 4 24
6 5 0
6 6 7
6 7 44
6 8 4
6 9 1
6 10 13
6 12 39
6 13 5
6 14 26
6 15 30
6 17 46
6 18 2
6 20 45
6 21 48
6 22 40
6 23 14
6 24 28
6 25 12
6 27 6
6 28 58
6 29 52
6 30 51
6 32 21
6 33 27
6 34 20
6 35 34
6 36 8
6 37 25
6 38 55
6 39 15
6 40 29
6 41 42
6 42 32
6 43 56
6 44 47
6 47 49
6 48 38
6 49 31
6 50 43
6 51 17
6 52 50
6 53 19
6 54 36
6 55 53
6 56 18
6 57 41
6 58 37
7 0 5
7 1 14
7 2 31
7 3 8
7 4 52
7 6 38
7 7 20
7 8 37
7 9 35
7 10 26
7 11 15
7 12 42
7 13 17
7 14 44
7 15 25
7 16 53
7 17 7
7 18 19
7 19 22
7 20 57
7 21 12
7 23 0
7 24 18
7 25 24
7 26 28
7 27 9
7 28 34
7 29 40
7 30 33
7 31 30
7 32 11
7 34 23
7 35 41
7 36 49
7 37 13
7 38 4
7 39 10
7 40 36
7 41 56
7 42 21
7 43 1
7 44 54
7 45 45
7 46 39
7 47 2
7 48 3
7 50 50
7 51 48
7 53 46
7 54 47
7 55 59
7 56 58
7 57 51
7 58 16
7 59 29
8 0 17
8 1 49
8 3 5
8 4 19
8 7 46
8 8 59
8 9 15
8 11 20
8 12 14
8 13 34
8 14 30
8 15 36
8 16 45
8 18 12
8 19 13
8 20 40
8 22 41
8 23 54
8 24 25
8 25 55
8 28 38
8 29 39
8 32 8
8 33 7
8 34 29
8 35 57
8 36 42
8 37 4
8 38 10
8 39 28
8 40 2
8 41 52
8 44 50
8 45 51
8 47 37
8 48 9
8 49 16
8 50 22
8 51 47
8 52 35
8 53 27
8 54 23
8 55 33
8 57 43
8 58 26
9 0 19
9 1 8
9 2 25
9 3 43
9 4 10
9 5 11
9 6 22
9 7 38
9 8 36
9 9 31
9 10 58
9 11 32
9 13 7
9 14 46
9 16 14
9 17 50
9 19 0
9 20 16
9 21 52
9 22 18
9 23 3
9 24 55
9 25 15
9 26 41
9 27 54
9 29 34
9 30 9
9 32 27
9 33 57
9 34 30
9 35 51
9 36 39
9 37 37
9 38 40
9 39 29
9 40 42
9 41 23
9 42 53
9 43 49
9 44 21
9 45 17
9 46 56
9 47 24
9 48 4
9 52 1
9 53 13
9 55 2
9 56 5
9 57 12
9 58 33
9 59 20
10 1 42
10 2 12
10 3 47
10 4 46
10 5 54
10 6 52
10 7 26
10 8 3
10 9 29
10 10 39
10 11 48
10 12 19
10 14 55
10 18 58
10 20 9
10 21 43
10 22 13
10 23 30
10 24 50
10 26 44
10 28 20
10 29 4
10 30 0
10 31 7
10 32 25
10 33 33
10 34 59
10 35 32
10 36 37
10 37 35
10 39 21
10 40 53
10 41 14
10 43 11
10 44 17
10 45 1
10 49 8
10 50 27
10 52 36
10 53 40
10 55 41
10 56 28
10 58 38
11 1 19
11 3 3
11 4 36
11 5 32
11 6 33
11 7 24
11 8 31
11 9 20
11 10 52
11 14 18
11 17 38
11 18 29
11 20 15
11 21 46
11 23 50
11 24 10
11 25 51
11 26 53
11 27 35
11 28 55
11 29 0
11 30 47
11 32 40
11 35 22
11 36 54
11 37 59
11 38 26
11 39 7
11 41 27
11 42 6
11 43 9
11 44 13
11 45 23
11 46 43
11 47 25
11 48 58
11 49 37
11 51 56
11 52 57
11 54 44
11 55 8
11 56 14
11 57 16
11 59 5
12 1 1
12 5 7
12 6 37
12 7 54
12 8 17
12 10 19
12 11 8
12 12 24
12 13 50
12 14 33
12 16 34
12 17 35
12 18 42
12 19 15
12 20 44
12 21 6
12 22 38
12 23 5
12 24 0
12 25 20
12 26 23
12 27 55
12 28 49
12 29 53
12 31 39
12 32 57
12 34 32
12 35 52
12 36 40
12 37 12
12 38 2
12 39 3
12 41 41
12 42 56
12 44 14
12 45 27
12 46 9
12 47 59
12 48 16
12 49 47
12 50 51
12 51 26
12 52 30
12 54 58
12 55 22
12 56 36
12 57 13
12 58 45
13 0 45
13 2 18
13 3 6
13 4 41
13 5 4
13 6 31
13 7 25
13 10 46
13 11 27
13 12 2
13 13 59
13 14 52
13 15 35
13 16 8
13 18 49
13 19 44
13 20 53
13 22 24
13 24 42
13 25 16
13 26 21
13 27 34
13 28 47
13 30 13
13 31 32
13 34 17
13 35 11
13 36 5
13 39 55
13 40 40
13 41 28
13 42 1
13 43 48
13 44 22
13 45 58
13 46 54
13 47 9
13 50 26
13 51 10
13 52 12
13 53 51
13 54 0
13 56 30
13 57 33
13 59 23
14 0 51
14 1 12
14 2 27
14 4 58
14 5 46
14 6 17
14 8 42
14 9 36
14 10 56
14 11 37
14 12 49
14 13 40
14 14 8
14 16 11
14 17 16
14 18 4
14 19 6
14 20 39
14 21 50
14 22 7
14 23 9
14 24 54
14 25 28
14 26 38
14 27 3
14 28 43
14 29 45
14 30 14
14 33 22
14 35 26
14 36 13
14 37 0
14 38 23
14 40 33
14 41 20
14 42 10
14 43 19
14 44 1
14 45 15
14 47 55
14 48 32
14 49 5
14 51 41
14 52 25
14 53 44
14 54 57
14 55 47
14 56 2
14 57 21
14 58 53
15 1 45
15 2 49
15 3 12
15 4 55
15 5 36
15 6 3
15 7 30
15 8 56
15 9 54
15 10 29
15 11 53
15 12 26
15 14 32
15 17 8
15 18 51
15 19 21
15 20 6
15 21 24
15 23 1
15 25 0
15 26 58
15 27 13
15 28 40
15 29 57
15 30 46
15 31 14
15 32 31
15 33 47
15 34 28
15 35 59
15 36 48
15 40 20
15 42 22
15 43 4
15 44 37
15 45 52
15 46 15
15 50 25
15 51 11
15 52 18
15 53 2
15 54 34
15 55 5
15 56 7
15 57 9
15 59 10
16 0 38
16 1 37
16 2 32
16 3 0
16 4 2
16 5 28
16 7 17
16 8 15
16 9 21
16 10 6
16 11 11
16 12 23
16 13 56
16 14 49
16 15 20
16 16 59
16 17 3
16 18 36
16 19 50
16 20 22
16 21 1
16 22 39
16 23 53
16 25 27
16 26 18
16 27 14
16 28 52
16 29 13
16 30 25
16 31 45
16 32 43
16 36 29
16 38 5
16 39 42
16 40 4
16 42 48
16 43 26
16 45 12
16 46 16
16 47 41
16 48 10
16 49 7
16 50 58
16 51 33
16 52 40
16 54 31
16 55 55
16 56 54
16 57 8
16 58 57
16 59 51
17 0 53
17 1 17
17 2 7
17 3 9
17 4 59
17 5 56
17 6 25
17 7 43
17 9 32
17 10 0
17 11 6
17 12 36
17 13 52
17 14 20
17 15 15
17 16 51
17 17 37
17 18 28
17 19 40
17 20 5
17 21 49
17 22 21
17 23 13
17 25 3
17 26 55
17 27 4
17 28 27
17 30 19
17 31 48
17 32 10
17 33 54
17 34 41
17 35 2
17 36 31
17 37 50
17 38 30
17 40 46
17 41 35
17 42 18
17 43 47
17 44 16
17 45 38
17 46 29
17 49 22
17 50 42
17 51 57
17 52 44
17 54 12
17 55 58
17 56 33
17 57 11
17 58 23
17 59 39
18 0 46
18 1 2
18 2 33
18 4 17
18 5 22
18 6 53
18 7 51
18 8 25
18 9 34
18 10 43
18 11 10
18 12 35
18 13 47
18 14 50
18 16 0
18 17 55
18 18 9
18 19 59
18 20 21
18 23 23
18 24 14
18 25 32
18 26 48
18 27 12
18 28 29
18 30 27
18 31 4
18 32 58
18 33 16
18 34 15
18 35 7
18 36 19
18 37 52
18 38 56
18 39 38
18 40 6
18 41 18
18 42 40
18 44 57
18 45 39
18 48 54
18 49 24
18 50 8
18 51 31
18 53 3
18 54 37
18 56 41
18 57 20
18 58 13
18 59 36
19 0 8
19 1 28
19 2 6
19 4 29
19 5 39
19 6 14
19 7 57
19 8 20
19 10 48
19 13 23
19 14 25
19 15 12
19 17 45
19 18 16
19 19 10
19 20 2
19 21 7
19 22 4
19 23 49
19 24 36
19 25 46
19 26 17
19 27 37
19 28 30
19 29 3
19 32 1
19 35 54
19 36 27
19 37 21
19 38 18
19 39 51
19 40 47
19 41 43
19 42 42
19 43 38
19 44 11
19 46 41
19 47 5
19 49 40
19 50 19
19 52 56
19 54 32
19 56 24
19 57 53
19 58 31
20 0 14
20 1 34
20 2 48
20 3 58
20 4 8
20 5 42
20 6 1
20 7 53
20 8 44
20 10 47
20 11 39
20 12 30
20 13 49
20 14 22
20 15 19
20 16 46
20 17 26
20 18 21
20 19 31
20 20 11
20 22 15
20 23 16
20 24 5
20 27 41
20 29 33
20 30 57
20 31 50
20 33 24
20 34 35
20 35 36
20 38 29
20 39 37
20 40 59
20 41 4
20 42 52
20 43 55
20 45 3
20 47 18
20 48 43
20 50 0
20 52 10
20 53 9
20 54 6
20 55 25
20 56 32
20 57 54
20 58 27
20 59 45
21 0 7
21 1 9
21 2 24
21 3 19
21 4 1
21 5 16
21 6 15
21 7 27
21 8 12
21 9 3
21 10 11
21 11 43
21 12 48
21 13 32
21 14 51
21 15 5
21 17 47
21 19 46
21 20 35
21 21 41
21 22 28
21 23 58
21 24 13
21 25 38
21 26 30
21 27 59
21 28 53
21 29 6
21 30 31
21 31 40
21 32 0
21 33 8
21 34 34
21 36 44
21 38 54
21 39 17
21 40 23
21 43 29
21 44 49
21 45 20
21 47 4
21 48 56
21 49 42
21 50 33
21 51 21
21 52 22
21 53 52
21 54 50
21 55 36
21 58 14
22 0 44
22 1 25
22 2 2
22 3 45
22 5 38
22 6 54
22 7 14
22 10 5
22 11 46
22 12 33
22 13 36
22 14 3
22 15 57
22 16 58
22 17 34
22 18 0
22 20 27
22 21 9
22 23 22
22 24 21
22 25 13
22 26 59
22 27 15
22 28 6
22 29 41
22 31 49
22 32 30
22 34 26
22 35 20
22 36 16
22 37 31
22 38 42
22 39 52
22 40 39
22 41 55
22 43 32
22 44 40
22 45 47
22 46 12
22 47 28
22 48 24
22 49 56
22 50 53
22 51 35
22 53 10
22 54 8
22 55 18
22 56 43
22 58 17
23 0 30
23 1 21
23 3 50
23 4 54
23 7 48
23 8 40
23 9 24
23 10 27
23 11 49
23 12 41
23 13 6
23 14 2
23 15 16
23 16 7
23 18 13
23 21 10
23 23 57
23 24 20
23 27 11
23 29 55
23 30 15
23 31 33
23 32 47
23 33 23
23 34 51
23 35 19
23 37 53
23 39 58
23 40 17
23 41 29
23 42 45
23 43 5
23 44 52
23 45 25
23 46 26
23 47 22
23 48 37
23 50 56
23 51 39
23 52 9
23 53 4
23 54 3
23 58 44
24 0 33
24 1 50
24 2 23
24 3 39
24 4 30
24 5 29
24 6 48
24 7 8
24 8 14
24 9 2
24 10 49
24 11 36
24 12 52
24 13 31
24 15 51
24 17 58
24 18 56
24 19 20
24 20 55
24 21 27
24 22 44
24 23 10
24 24 59
24 25 35
24 26 57
24 27 5
24 29 37
24 30 26
24 31 28
24 32 18
24 33 11
24 36 24
24 38 17
24 39 1
24 41 9
24 44 32
24 46 53
24 47 7
24 48 42
24 51 22
24 52 0
24 53 12
24 54 40
24 55 16
24 56 25
24 58 4
24 59 54
25 1 26
25 2 35
25 3 15
25 4 28
25 5 49
25 6 59
25 7 2
25 8 48
25 11 18
25 12 57
25 13 44
25 14 38
25 15 37
25 16 1
25 17 39
25 18 43
25 20 46
25 21 16
25 22 53
25 23 32
25 24 45
25 25 30
25 26 5
25 27 25
25 28 9
25 29 10
25 30 21
25 31 58
25 32 52
25 33 41
25 34 22
25 35 4
25 36 47
25 37 36
25 38 8
25 39 33
25 40 31
25 42 17
25 43 50
25 44 20
25 45 42
25 46 51
25 47 23
25 49 12
25 50 6
25 51 19
25 53 24
25 54 14
25 55 54
25 57 7
25 58 34
25 59 56
26 0 23
26 1 31
26 2 4
26 3 29
26 5 41
26 6 10
26 7 37
26 8 49
26 9 47
26 10 36
26 12 53
26 13 39
26 14 13
26 16 40
26 17 44
26 20 14
26 22 58
26 23 17
26 24 27
26 25 9
26 26 50
26 27 46
26 28 25
26 29 35
26 30 56
26 31 21
26 32 45
26 33 12
26 36 15
26 37 24
26 38 51
26 39 11
26 40 16
26 42 55
26 43 20
26 45 54
26 46 52
26 48 22
26 49 48
26 50 38
26 53 6
26 54 59
26 57 19
26 58 2
26 59 26
27 0 29
27 1 43
27 2 20
27 4 42
27 5 17
27 6 16
27 7 15
27 8 58
27 9 55
27 10 4
27 12 1
27 13 38
27 14 45
27 16 57
27 17 51
27 18 50
27 21 21
27 22 2
27 23 40
27 24 33
27 25 59
27 26 56
27 27 26
27 28 19
27 29 27
27 30 30
27 31 36
27 32 12
27 33 6
27 34 13
27 35 8
27 36 10
27 37 49
27 38 52
27 39 14
27 40 11
27 44 7
27 45 28
27 47 54
27 48 41
27 49 32
27 50 44
27 53 5
27 54 18
27 56 31
27 57 48
27 58 39
27 59 25
28 0 42
28 1 5
28 2 13
28 3 35
28 6 36
28 8 43
28 10 1
28 12 54
28 13 21
28 14 48
28 15 14
28 17 22
28 18 25
28 19 57
28 20 56
28 22 47
28 23 39
28 24 30
28 25 18
28 26 46
28 27 27
28 28 23
28 29 12
28 30 32
28 31 34
28 32 33
28 33 31
28 35 16
28 36 45
28 38 24
28 39 41
28 40 44
28 41 17
28 42 15
28 43 59
28 44 8
28 45 26
28 46 55
28 47 6
28 48 50
28 50 40
28 51 38
28 52 2
28 53 53
28 54 9
28 55 19
28 57 52
28 58 7
29 0 6
29 1 47
29 3 23
29 6 4
29 7 31
29 8 55
29 9 14
29 10 17
29 12 59
29 13 43
29 15 40
29 16 18
29 18 44
29 19 27
29 20 29
29 21 34
29 23 36
29 24 39
29 28 0
29 29 20
29 30 37
29 34 50
29 35 42
29 36 7
29 38 46
29 39 30
29 41 8
29 42 57
29 43 12
29 44 9
29 46 21
29 48 15
29 49 38
29 50 45
29 52 32
29 56 16
29 57 25
29 58 11
29 59 24
30 0 56
30 1 38
30 2 21
30 3 7
30 7 18
30 9 58
30 10 10
30 11 23
30 12 20
30 13 33
30 14 37
30 16 32
30 17 19
30 19 1
30 20 34
30 21 54
30 22 31
30 24 11
30 25 14
30 26 24
30 27 0
30 28 42
30 31 13
30 32 15
30 33 52
30 34 46
30 35 49
30 36 4
30 37 26
30 38 36
30 39 47
30 40 25
30 41 45
30 42 51
30 43 17
30 44 39
30 46 3
30 47 40
30 48 12
30 49 35
30 50 16
30 51 44
30 52 29
30 53 28
30 54 41
30 55 48
30 56 9
30 57 55
30 58 43
30 59 50
31 0 48
31 1 52
31 4 7
31 7 4
31 8 10
31 9 8
31 10 3
31 11 40
31 13 51
31 14 14
31 16 33
31 17 11
31 18 31
31 19 53
31 22 1
31 23 37
31 24 16
31 26 54
31 27 58
31 28 15
31 30 45
31 32 32
31 34 38
31 36 43
31 37 9
31 38 57
31 39 49
31 40 5
31 41 25
31 42 39
31 43 22
31 44 41
31 45 19
31 46 46
31 47 12
31 48 0
31 49 17
31 50 34
31 51 29
31 52 21
31 53 59
31 55 20
31 56 13
31 59 30
32 0 22
32 1 6
32 2 36
32 3 10
32 5 52
32 6 58
32 7 56
32 8 26
32 9 5
32 11 14
32 12 44
32 13 55
32 14 27
32 16 16
32 17 42
32 18 20
32 20 51
32 22 9
32 23 25
32 24 15
32 25 53
32 26 45
32 27 7
32 28 13
32 29 43
32 30 29
32 31 17
32 32 48
32 34 54
32 35 35
32 36 18
32 37 38
32 38 11
32 39 4
32 40 12
32 41 21
32 42 28
32 43 33
32 44 2
32 45 24
32 46 49
32 47 30
32 48 19
32 49 57
32 51 46
32 52 3
32 53 23
32 54 1
32 56 50
32 57 31
32 58 40
33 0 9
33 1 24
33 2 40
33 3 22
33 4 35
33 5 2
33 6 20
33 7 3
33 9 48
33 10 25
33 11 7
33 12 5
33 13 30
33 14 47
33 15 34
33 16 42
33 17 59
33 18 33
33 19 26
33 20 54
33 21 13
33 23 43
33 24 19
33 25 52
33 27 57
33 28 56
33 29 17
33 30 10
33 31 15
33 34 31
33 35 27
33 36 1
33 37 8
33 38 58
33 40 41
33 41 49
33 42 23
33 43 14
33 44 28
33 45 36
33 46 45
33 47 21
33 48 51
33 49 39
33 51 16
33 52 4
33 55 37
33 56 44
33 57 46
33 58 6
33 59 55
34 0 16
34 2 38
34 3 40
34 4 53
34 5 9
34 6 23
34 7 29
34 8 52
34 11 34
34 12 51
34 13 48
34 14 15
34 15 31
34 16 41
34 17 49
34 18 8
34 19 17
34 20 20
34 21 55
34 22 10
34 23 18
34 24 56
34 25 45
34 28 1
34 29 30
34 30 39
34 31 47
34 33 44
34 34 24
34 35 6
34 36 35
34 37 3
34 38 27
34 39 46
34 40 7
34 41 58
34 43 2
34 44 5
34 46 14
34 47 0
34 48 11
34 49 25
34 50 4
34 51 37
34 52 59
34 54 33
34 55 28
34 56 22
35 0 13
35 1 56
35 2 3
35 3 36
35 4 31
35 5 35
35 6 51
35 7 49
35 8 22
35 10 42
35 11 25
35 12 55
35 13 2
35 14 11
35 15 33
35 16 29
35 17 5
35 18 53
35 19 39
35 20 28
35 22 46
35 23 52
35 24 6
35 25 23
35 26 43
35 27 30
35 28 48
35 29 8
35 30 40
35 31 41
35 32 54
35 33 15
35 34 21
35 35 9
35 36 38
35 37 45
35 38 44
35 40 26
35 42 24
35 43 18
35 44 10
35 45 34
35 47 19
35 48 27
35 49 58
35 50 57
35 52 16
35 53 50
35 54 7
35 55 14
35 57 32
35 58 47
35 59 59
36 3 21
36 5 33
36 6 0
36 7 6
36 8 32
36 9 42
36 10 14
36 11 41
36 12 28
36 13 18
36 15 11
36 17 20
36 18 47
36 20 13
36 21 44
36 22 43
36 23 45
36 24 58
36 28 8
36 29 31
36 30 17
36 31 51
36 32 9
36 33 59
36 35 5
36 36 34
36 37 23
36 39 27
36 40 57
36 42 36
36 43 40
36 44 30
36 45 50
36 46 4
36 47 39
36 48 25
36 49 46
36 50 54
36 53 1
36 54 53
36 55 3
36 56 29
36 57 56
36 58 19
37 0 58
37 1 40
37 2 8
37 3 49
37 4 23
37 5 10
37 6 5
37 7 35
37 8 11
37 9 39
37 10 45
37 11 55
37 12 12
37 14 9
37 15 17
37 19 38
37 20 1
37 21 37
37 22 51
37 23 24
37 24 26
37 25 25
37 26 29
37 27 28
37 28 57
37 29 59
37 30 42
37 31 46
37 33 13
37 34 56
37 36 52
37 37 32
37 38 47
37 39 20
37 40 0
37 41 33
37 42 16
37 43 43
37 44 27
37 45 22
37 46 7
37 47 50
37 48 2
37 51 54
37 53 34
37 54 30
37 56 48
37 57 36
37 59 4
38 0 28
38 1 7
38 2 29
38 3 55
38 4 14
38 5 21
38 7 36
38 8 1
38 9 49
38 10 53
38 11 33
38 13 22
38 14 58
38 15 47
38 16 23
38 17 25
38 18 40
38 20 38
38 23 41
38 24 43
38 25 39
38 26 10
38 27 17
38 29 48
38 30 16
38 31 31
38 32 6
38 34 9
38 35 15
38 36 46
38 37 18
38 39 50
38 40 37
38 41 57
38 43 3
38 44 24
38 45 56
38 46 44
38 47 52
38 48 8
38 49 59
38 50 30
38 51 34
38 52 19
38 53 20
38 55 51
38 56 27
38 57 2
38 58 0
38 59 32
39 0 18
39 1 57
39 2 22
39 3 13
39 5 1
39 6 26
39 7 50
39 8 39
39 9 52
39 10 28
39 11 5
39 12 46
39 13 15
39 15 7
39 16 24
39 17 29
39 18 23
39 20 10
39 21 11
39 22 17
39 23 55
39 24 2
39 25 6
39 26 34
39 27 45
39 28 41
39 29 19
39 30 54
39 32 42
39 33 51
39 34 27
39 35 30
39 36 21
39 37 56
39 38 35
39 39 59
39 40 58
39 41 47
39 42 33
39 43 36
39 44 12
39 45 44
39 46 8
39 47 3
39 48 48
39 49 9
39 51 32
39 52 14
39 53 16
39 54 25
39 55 4
39 56 0
39 57 40
39 58 49
39 59 53
40 0 47
40 1 36
40 3 53
40 5 12
40 6 21
40 7 22
40 8 24
40 9 51
40 10 32
40 11 56
40 12 29
40 13 26
40 14 17
40 15 38
40 16 52
40 17 4
40 19 28
40 20 50
40 21 59
40 22 14
40 23 2
40 24 37
40 26 16
40 27 8
40 28 46
40 29 44
40 30 49
40 31 11
40 33 3
40 34 6
40 36 30
40 38 43
40 39 54
40 40 48
40 41 39
40 43 42
40 44 15
40 45 41
40 46 25
40 47 35
40 48 40
40 49 18
40 50 23
40 51 1
40 52 55
40 53 31
40 54 20
40 55 27
40 56 45
40 57 57
40 58 9
40 59 58
41 0 24
41 1 13
41 2 15
41 3 48
41 4 43
41 5 26
41 6 50
41 7 47
41 8 28
41 10 23
41 11 21
41 12 34
41 15 39
41 16 37
41 17 12
41 18 27
41 19 18
41 20 52
41 21 38
41 22 25
41 23 4
41 24 44
41 25 58
41 26 6
41 27 33
41 28 17
41 29 49
41 30 3
41 31 10
41 32 51
41 33 45
41 34 0
41 35 53
41 36 9
41 37 2
41 38 14
41 39 19
41 40 54
41 41 30
41 42 31
41 43 41
41 45 59
41 46 32
41 47 11
41 48 5
41 49 20
41 51 36
41 52 8
41 53 7
41 55 57
41 56 35
41 57 42
41 58 1
41 59 22
42 0 54
42 1 46
42 2 14
42 4 18
42 5 40
42 6 12
42 7 0
42 8 35
42 9 53
42 10 16
42 12 15
42 14 57
42 16 13
42 17 24
42 18 34
42 19 55
42 20 37
42 22 3
42 23 28
42 24 4
42 25 43
42 26 39
42 27 52
42 28 36
42 30 11
42 31 2
42 32 29
42 33 42
42 36 20
42 37 51
42 42 59
42 44 25
42 46 27
42 48 7
42 49 10
42 50 32
42 51 8
42 52 41
42 53 21
42 54 26
42 55 49
42 56 6
42 57 30
42 58 50
42 59 17
43 0 59
43 2 11
43 3 57
43 4 15
43 5 37
43 6 42
43 9 13
43 10 8
43 11 52
43 12 50
43 13 4
43 18 38
43 19 32
43 21 19
43 22 23
43 24 22
43 25 21
43 26 26
43 27 39
43 28 33
43 30 12
43 31 27
43 32 5
43 33 1
43 36 25
43 37 47
43 38 41
43 39 56
43 40 51
43 41 48
43 42 9
43 44 31
43 45 14
43 46 24
43 48 34
43 49 2
43 50 36
43 51 30
43 52 45
43 54 10
43 57 28
43 58 18
43 59 0
44 0 36
44 2 10
44 3 4
44 4 47
44 5 48
44 6 57
44 7 23
44 8 18
44 9 43
44 10 51
44 11 0
44 12 40
44 13 29
44 14 1
44 15 42
44 17 28
44 18 24
44 20 41
44 21 30
44 23 8
44 24 49
44 25 56
44 27 2
44 28 26
44 29 32
44 30 22
44 31 52
44 32 55
44 33 21
44 34 45
44 35 12
44 37 7
44 39 53
44 40 13
44 41 15
44 43 34
44 44 58
44 45 11
44 46 5
44 47 38
44 48 59
44 49 33
44 50 39
44 51 20
44 52 17
44 53 37
44 54 46
44 55 9
44 56 19
44 57 14
44 58 3
44 59 44
45 2 52
45 3 16
45 4 11
45 5 34
45 6 9
45 7 32
45 9 37
45 10 33
45 11 54
45 12 10
45 14 23
45 15 55
45 16 38
45 17 27
45 18 22
45 21 51
45 22 12
45 24 17
45 25 29
45 26 19
45 28 4
45 30 2
45 32 44
45 33 40
45 35 39
45 38 1
45 40 50
45 41 5
45 45 18
45 46 6
45 48 13
45 49 28
45 50 24
45 53 58
45 54 15
45 57 3
45 58 59
45 59 47
46 1 35
46 2 41
46 4 37
46 5 13
46 6 19
46 7 12
46 8 50
46 9 33
46 10 40
46 11 38
46 12 27
46 13 58
46 14 36
46 15 6
46 16 30
46 17 31
46 19 34
46 20 47
46 21 3
46 22 5
46 23 44
46 24 52
46 25 49
46 26 8
46 28 7
46 29 42
46 30 18
46 31 16
46 32 28
46 33 48
46 34 57
46 36 22
46 37 10
46 38 32
46 40 56
46 41 2
46 42 54
46 43 45
46 44 51
46 45 53
46 46 0
46 47 15
46 48 14
46 49 26
46 50 21
46 52 20
46 53 39
46 55 23
46 56 59
46 57 1
46 58 24
46 59 11
47 1 54
47 2 19
47 3 2
47 4 22
47 5 44
47 6 43
47 7 28
47 8 29
47 14 5
47 15 27
47 16 6
47 17 40
47 18 45
47 19 35
47 20 58
47 21 18
47 22 34
47 23 51
47 24 57
47 25 42
47 26 36
47 27 53
47 28 32
47 29 25
47 30 23
47 31 59
47 34 39
47 35 48
47 36 41
47 38 38
47 39 16
47 40 9
47 41 24
47 42 47
47 43 37
47 44 0
47 46 50
47 47 13
47 48 55
47 49 11
47 50 1
47 51 52
47 52 15
47 53 8
47 54 49
47 55 46
47 56 10
47 57 17
47 58 20
47 59 12
48 0 41
48 1 15
48 2 59
48 4 56
48 5 20
48 6 45
48 7 21
48 8 51
48 9 38
48 10 18
48 11 19
48 12 16
48 13 37
48 15 13
48 16 25
48 17 43
48 18 10
48 19 58
48 20 33
48 21 22
48 22 30
48 23 46
48 24 3
48 25 40
48 26 2
48 27 36
48 28 12
48 29 11
48 30 35
48 31 24
48 32 17
48 33 4
48 34 8
48 35 14
48 36 26
48 38 53
48 41 6
48 43 0
48 44 44
48 45 55
48 48 28
48 49 49
48 51 50
48 52 54
48 53 47
48 54 52
48 55 32
48 58 48
48 59 9
49 1 4
49 3 20
49 4 9
49 5 14
49 6 55
49 7 42
49 9 46
49 12 45
49 13 13
49 14 16
49 15 0
49 16 12
49 17 57
49 18 39
49 19 56
49 20 30
49 21 29
49 22 50
49 23 34
49 25 7
49 26 15
49 27 24
49 29 47
49 30 53
49 31 43
49 33 2
49 35 10
49 36 36
49 37 44
49 38 25
49 40 8
49 41 31
49 42 58
49 43 27
49 44 3
49 47 17
49 48 52
49 50 41
49 51 18
49 52 48
49 53 38
49 54 19
49 55 26
49 57 59
49 58 28
49 59 33
50 0 34
50 1 39
50 2 28
50 3 37
50 4 50
50 5 59
50 7 19
50 8 23
50 9 7
50 10 38
50 11 58
50 12 56
50 13 27
50 14 10
50 15 1
50 16 22
50 17 48
50 18 52
50 19 36
50 20 8
50 22 55
50 23 35
50 24 9
50 25 31
50 27 43
50 28 3
50 29 29
50 30 41
50 32 24
50 33 5
50 34 18
50 35 46
50 36 2
50 37 15
50 38 13
50 39 25
50 40 14
50 41 32
50 42 12
50 43 54
50 45 16
50 46 11
50 47 20
50 48 49
50 49 0
50 50 47
50 51 45
50 52 53
50 53 26
50 56 21
50 57 4
50 58 30
51 0 43
51 1 18
51 2 5
51 3 44
51 6 41
51 7 7
51 8 13
51 9 12
51 10 24
51 11 50
51 12 58
51 14 6
51 15 52
51 16 9
51 17 10
51 18 11
51 19 51
51 20 26
51 21 2
51 22 57
51 23 42
51 25 33
51 26 3
51 27 48
51 28 54
51 29 38
51 30 4
51 31 53
51 32 14
51 33 36
51 34 40
51 35 37
51 36 28
51 39 31
51 40 49
51 41 59
51 42 29
51 43 15
51 44 23
51 45 32
51 46 20
51 48 17
51 49 30
51 50 35
51 51 25
51 52 46
51 53 22
51 54 16
51 55 56
51 56 34
51 57 0
51 58 8
51 59 21
52 1 41
52 2 16
52 3 52
52 5 57
52 7 5
52 8 2
52 9 4
52 10 22
52 11 42
52 13 3
52 14 59
52 15 9
52 16 43
52 17 23
52 18 54
52 19 48
52 20 32
52 21 58
52 22 45
52 23 11
52 24 51
52 25 26
52 26 1
52 28 14
52 29 15
52 30 20
52 31 55
52 32 53
52 33 29
52 34 36
52 35 31
52 36 56
52 37 28
52 38 0
52 39 35
52 40 10
52 41 50
52 42 44
52 44 33
52 45 40
52 47 8
52 48 6
52 49 27
52 52 38
52 54 13
52 55 24
52 57 49
53 0 50
53 1 33
53 3 32
53 6 34
53 9 30
53 10 7
53 12 8
53 13 20
53 15 28
53 16 15
53 18 26
53 19 11
53 20 23
53 21 25
53 22 16
53 23 56
53 24 46
53 25 54
53 26 14
53 27 40
53 28 59
53 30 6
53 31 12
53 32 13
53 33 37
53 34 42
53 35 21
53 36 3
53 37 43
53 40 55
53 41 53
53 43 57
53 44 48
53 45 29
53 46 19
53 48 47
53 49 4
53 50 49
53 51 5
53 53 0
53 54 38
53 55 31
53 56 52
53 59 18
54 0 32
54 2 54
54 3 38
54 4 16
54 5 53
54 6 29
54 7 10
54 8 9
54 9 25
54 10 35
54 11 31
54 12 7
54 15 23
54 16 26
54 17 41
54 20 48
54 21 0
54 22 59
54 23 47
54 24 12
54 27 51
54 28 37
54 29 18
54 30 50
54 31 19
54 32 39
54 33 20
54 34 14
54 36 11
54 37 1
54 38 3
54 40 45
54 41 40
54 42 49
54 43 52
54 44 56
54 45 30
54 46 17
54 48 36
54 49 21
54 50 55
54 51 13
54 52 28
54 53 33
54 54 4
54 56 57
54 57 44
54 59 2
55 0 15
55 1 22
55 2 34
55 5 5
55 6 13
55 7 41
55 8 27
55 9 10
55 10 20
55 12 11
55 15 49
55 16 4
55 17 32
55 18 35
55 19 19
55 21 26
55 22 42
55 23 38
55 24 29
55 25 8
55 26 9
55 27 18
55 28 50
55 30 59
55 31 3
55 32 46
55 34 16
55 35 47
55 36 12
55 38 7
55 40 52
55 41 54
55 42 37
55 43 23
55 44 36
55 45 6
55 47 44
55 48 30
55 49 1
55 50 48
55 51 43
55 52 33
55 53 57
55 54 56
55 55 45
55 56 17
55 58 51
56 0 37
56 2 56
56 3 17
56 4 25
56 5 19
56 7 34
56 8 16
56 9 6
56 10 50
56 12 22
56 13 0
56 14 35
56 15 58
56 16 3
56 17 33
56 18 46
56 19 41
56 20 12
56 22 29
56 23 15
56 25 1
56 26 4
56 28 10
56 29 2
56 30 52
56 31 57
56 32 26
56 35 38
56 36 51
56 37 54
56 38 21
56 39 36
56 41 11
56 42 20
56 44 45
56 45 8
56 46 18
56 47 14
56 48 31
56 50 59
56 51 27
56 53 48
56 54 5
56 55 39
56 56 53
56 57 47
56 58 32
56 59 42
57 0 20
57 1 51
57 3 28
57 4 40
57 5 45
57 6 24
57 7 52
57 8 21
57 9 9
57 11 30
57 12 4
57 13 12
57 14 34
57 15 54
57 16 55
57 17 6
57 18 1
57 19 25
57 20 19
57 21 53
57 23 59
57 24 31
57 26 47
57 27 32
57 28 5
57 29 16
57 30 36
57 32 49
57 33 18
57 34 37
57 35 17
57 36 0
57 38 50
57 39 44
57 42 11
57 43 7
57 44 35
57 45 57
57 46 33
57 47 56
57 48 46
57 49 15
57 50 13
57 51 14
57 52 39
57 54 22
57 55 38
57 56 42
57 57 23
57 58 29
57 59 43
58 0 25
58 1 23
58 2 44
58 5 47
58 6 6
58 7 13
58 9 26
58 10 15
58 11 51
58 14 4
58 15 32
58 16 2
58 17 30
58 18 57
58 19 9
58 20 59
58 23 20
58 24 40
58 26 37
58 29 50
58 30 24
58 31 38
58 32 22
58 33 17
58 34 7
58 35 29
58 36 33
58 37 16
58 38 48
58 39 43
58 40 35
58 41 34
58 43 21
58 44 55
58 45 0
58 49 3
58 50 11
58 51 58
58 52 27
58 53 49
58 55 42
58 56 1
58 57 5
58 58 52
58 59 28
59 2 47
59 3 41
59 4 13
59 5 51
59 6 8
59 7 11
59 11 44
59 12 32
59 13 42
59 15 10
59 16 20
59 17 2
59 18 55
59 19 49
59 20 0
59 21 14
59 22 56
59 23 27
59 24 1
59 25 5
59 26 22
59 27 31
59 28 18
59 29 36
59 30 38
59 31 25
59 32 16
59 33 35
59 34 52
59 35 50
59 36 6
59 37 48
59 39 39
59 40 30
59 42 26
59 43 46
59 44 59
59 46 57
59 48 45
59 49 54
59 50 9
59 51 28
59 52 24
59 54 21
59 56 3
59 57 37
59 59 7
