70
0 0 7
0 2 8
0 9 13
0 10 1
0 11 10
0 12 67
0 13 25
0 15 63
0 16 33
0 17 3
0 18 32
0 21 4
0 22 64
0 29 69
0 32 56
0 33 34
0 34 52
0 35 61
0 38 20
0 39 46
0 45 19
0 46 42
0 48 62
0 51 38
0 52 6
0 53 59
0 55 16
0 56 40
0 58 27
0 64 23
0 65 57
0 68 41
1 0 69
1 2 34
1 3 0
1 6 32
1 11 37
1 12 58
1 16 28
1 18 5
1 23 49
1 24 46
1 25 11
1 26 18
1 27 15
1 28 26
1 30 51
1 31 29
1 33 62
1 38 63
1 39 54
1 51 22
1 53 31
1 54 57
1 55 4
1 57 56
1 60 66
1 63 39
1 64 59
1 66 38
1 69 3
2 0 21
2 1 23
2 3 5
2 5 68
2 7 25
2 12 41
2 14 66
2 16 3
2 18 46
2 20 59
2 26 2
2 28 20
2 29 9
2 35 11
2 37 18
2 39 44
2 40 22
2 48 17
2 49 16
2 51 34
2 63 0
2 66 26
3 5 17
3 9 30
3 10 62
3 15 16
3 19 47
3 20 5
3 22 3
3 23 13
3 24 25
3 27 40
3 29 38
3 37 68
3 40 67
3 41 61
3 42 9
3 43 59
3 45 29
3 48 69
3 53 65
3 54 64
3 57 31
3 58 39
3 60 52
3 62 58
3 63 27
3 66 48
3 69 37
4 0 20
4 1 44
4 5 56
4 7 8
4 11 62
4 14 23
4 15 57
4 17 25
4 21 21
4 22 55
4 23 11
4 24 18
4 25 29
4 26 10
4 29 48
4 31 49
4 38 0
4 42 47
4 43 64
4 45 35
4 47 46
4 50 15
4 51 17
4 55 32
4 56 33
4 57 3
4 59 39
4 60 42
4 62 24
4 63 34
4 68 6
4 69 41
5 0 54
5 1 35
5 2 41
5 6 31
5 9 10
5 10 2
5 11 26
5 15 22
5 17 6
5 18 66
5 20 29
5 22 43
5 24 38
5 25 55
5 26 7
5 32 16
5 35 67
5 39 9
5 41 8
5 44 33
5 46 58
5 51 40
5 56 34
5 64 64
5 66 68
5 67 13
5 69 52
6 3 64
6 5 46
6 9 25
6 11 33
6 13 29
6 14 54
6 15 8
6 25 4
6 26 68
6 35 18
6 36 0
6 37 15
6 39 22
6 41 24
6 46 63
6 48 12
6 50 65
6 51 36
6 55 3
6 61 19
6 63 23
6 66 32
6 67 66
7 0 27
7 2 67
7 3 46
7 4 17
7 6 62
7 7 49
7 8 48
7 9 57
7 11 43
7 13 19
7 14 33
7 15 15
7 20 7
7 21 58
7 23 0
7 25 38
7 26 41
7 31 31
7 32 20
7 42 26
7 44 39
7 50 24
7 53 8
7 54 66
7 55 44
7 61 10
7 62 5
7 66 29
7 67 60
7 69 25
8 0 49
8 2 45
8 3 16
8 6 9
8 9 17
8 11 52
8 12 38
8 14 8
8 15 25
8 16 68
8 18 2
8 19 50
8 20 0
8 21 6
8 22 69
8 24 31
8 27 53
8 28 11
8 31 39
8 35 42
8 36 33
8 37 32
8 39 67
8 40 61
8 44 66
8 48 44
8 51 37
8 55 28
8 57 22
8 64 29
8 66 57
9 2 64
9 3 22
9 5 54
9 14 25
9 18 68
9 20 49
9 21 66
9 22 31
9 24 61
9 25 62
9 30 35
9 32 53
9 33 47
9 35 5
9 37 23
9 38 16
9 41 52
9 45 9
9 47 6
9 48 27
9 49 0
9 50 46
9 52 41
9 53 50
9 57 51
9 62 14
9 63 13
9 66 45
9 67 36
9 69 40
10 1 45
10 6 23
10 7 7
10 8 55
10 9 2
10 10 6
10 11 31
10 12 42
10 15 37
10 18 21
10 19 63
10 20 18
10 21 22
10 25 13
10 26 20
10 29 16
10 32 48
10 33 56
10 35 46
10 37 50
10 41 11
10 46 12
10 54 61
10 55 36
10 57 66
10 60 69
10 63 8
10 65 32
10 66 10
10 68 57
10 69 44
11 1 25
11 2 27
11 4 69
11 6 19
11 7 3
11 9 1
11 10 28
11 11 41
11 16 57
11 17 62
11 19 23
11 22 58
11 27 38
11 35 63
11 39 61
11 41 49
11 43 34
11 44 4
11 45 16
11 47 53
11 48 32
11 49 20
11 50 55
11 51 52
11 53 60
11 54 39
11 55 31
11 60 67
11 63 43
11 66 35
11 67 6
11 69 65
12 2 55
12 3 25
12 4 7
12 5 66
12 6 68
12 8 16
12 9 54
12 12 59
12 13 58
12 14 30
12 20 33
12 21 69
12 35 14
12 37 10
12 39 28
12 40 21
12 44 1
12 46 13
12 50 18
12 52 17
12 53 56
12 54 42
12 55 15
12 57 45
12 58 65
12 61 27
12 64 39
12 65 67
12 67 64
13 0 66
13 3 14
13 8 23
13 9 49
13 23 21
13 27 25
13 30 19
13 34 28
13 35 27
13 36 9
13 39 39
13 42 45
13 44 7
13 46 32
13 49 29
13 54 40
13 56 53
13 57 54
13 59 2
13 61 33
13 63 16
13 66 3
14 1 67
14 2 17
14 3 58
14 4 44
14 5 1
14 6 12
14 9 14
14 12 5
14 15 11
14 16 46
14 21 56
14 24 3
14 26 49
14 28 62
14 29 19
14 33 61
14 38 60
14 41 57
14 46 0
14 48 31
14 49 41
14 52 53
14 53 23
14 54 22
14 56 7
14 58 37
14 59 50
14 63 55
14 65 40
14 69 39
15 0 30
15 1 69
15 2 52
15 5 42
15 6 41
15 11 18
15 12 6
15 16 14
15 18 63
15 22 9
15 26 38
15 28 3
15 31 11
15 38 45
15 39 56
15 41 46
15 44 17
15 45 5
15 46 1
15 47 0
15 49 65
15 52 22
15 54 15
15 56 4
15 61 35
15 63 67
15 67 26
16 7 33
16 13 30
16 16 36
16 17 32
16 18 15
16 19 41
16 21 38
16 27 58
16 28 25
16 32 3
16 33 18
16 37 14
16 45 68
16 46 31
16 49 26
16 53 48
16 58 9
16 65 2
16 66 28
16 68 65
17 1 30
17 2 29
17 3 12
17 4 62
17 5 63
17 8 24
17 9 53
17 10 59
17 12 48
17 16 69
17 20 36
17 21 35
17 22 1
17 23 25
17 24 16
17 25 3
17 26 15
17 28 23
17 29 32
17 34 10
17 42 66
17 44 2
17 47 42
17 49 28
17 50 17
17 51 57
17 52 52
17 54 0
17 56 60
17 57 61
17 61 37
17 62 34
17 64 40
17 68 21
17 69 20
18 2 49
18 3 30
18 4 27
18 5 55
18 7 44
18 8 6
18 9 21
18 13 18
18 15 46
18 16 59
18 18 7
18 20 14
18 23 67
18 25 28
18 27 48
18 30 58
18 31 1
18 36 24
18 38 51
18 41 31
18 43 15
18 46 5
18 47 54
18 48 63
18 49 33
18 50 37
18 52 50
18 56 66
18 58 0
18 59 29
18 60 45
18 62 60
18 64 20
18 66 8
19 2 58
19 3 31
19 4 10
19 7 12
19 10 33
19 12 16
19 16 15
19 18 57
19 20 2
19 22 62
19 28 59
19 29 22
19 31 9
19 40 42
19 47 43
19 51 3
19 52 68
19 53 54
19 59 32
19 60 65
19 66 63
19 68 25
20 0 63
20 2 12
20 4 15
20 5 16
20 8 9
20 9 19
20 11 60
20 12 3
20 13 31
20 17 54
20 24 35
20 25 14
20 29 67
20 30 41
20 32 49
20 34 58
20 36 62
20 38 69
20 42 52
20 43 22
20 46 59
20 52 56
20 54 21
20 57 36
20 59 46
20 60 34
20 62 7
20 64 25
20 65 23
20 68 55
20 69 13
21 3 63
21 5 41
21 8 19
21 9 68
21 11 11
21 12 49
21 14 13
21 16 25
21 18 64
21 20 21
21 25 40
21 30 38
21 32 36
21 41 39
21 43 26
21 45 34
21 46 55
21 48 30
21 50 48
21 51 2
21 52 58
21 53 67
21 58 5
21 59 45
21 60 32
21 62 54
21 67 53
21 68 22
22 3 44
22 8 64
22 15 69
22 17 35
22 19 12
22 23 24
22 32 47
22 34 32
22 36 38
22 38 11
22 40 0
22 41 9
22 43 20
22 44 29
22 45 49
22 46 67
22 49 19
22 55 39
22 56 50
22 58 13
22 59 57
22 60 60
22 66 56
23 1 34
23 10 4
23 14 49
23 15 56
23 17 8
23 19 59
23 21 28
23 22 22
23 26 3
23 28 7
23 30 60
23 32 65
23 33 26
23 34 19
23 35 43
23 36 50
23 37 37
23 38 44
23 50 68
23 51 29
23 53 14
23 54 41
23 58 21
23 59 27
23 65 6
24 5 57
24 8 10
24 9 59
24 16 6
24 17 44
24 19 5
24 20 11
24 22 16
24 23 7
24 30 12
24 31 3
24 32 2
24 35 54
24 37 42
24 39 19
24 41 21
24 42 48
24 43 63
24 44 25
24 46 35
24 47 33
24 48 43
24 49 55
24 50 29
24 52 28
24 54 24
24 59 26
24 60 17
24 61 49
24 64 4
24 65 60
24 67 20
24 68 67
25 4 18
25 5 5
25 7 23
25 9 0
25 14 51
25 15 41
25 17 24
25 23 50
25 27 20
25 30 7
25 32 1
25 37 61
25 38 53
25 39 8
25 42 4
25 44 12
25 45 26
25 47 34
25 50 40
25 55 6
25 57 49
25 58 63
25 64 17
25 65 33
25 67 22
26 0 67
26 1 33
26 3 9
26 6 49
26 10 53
26 11 14
26 15 55
26 16 52
26 19 42
26 21 2
26 29 64
26 32 7
26 33 31
26 36 35
26 37 36
26 41 44
26 44 13
26 48 39
26 49 63
26 54 68
26 58 29
26 59 12
26 63 41
26 64 69
26 65 59
26 66 65
27 0 6
27 12 43
27 16 26
27 19 57
27 20 27
27 22 68
27 25 22
27 26 4
27 27 17
27 30 2
27 31 56
27 33 49
27 35 39
27 38 23
27 41 7
27 43 32
27 44 60
27 50 8
27 53 51
27 58 44
27 59 34
27 60 13
27 62 41
27 63 69
27 67 29
27 68 37
28 0 58
28 2 21
28 7 69
28 8 41
28 9 39
28 11 32
28 12 60
28 13 13
28 18 20
28 19 61
28 22 50
28 23 56
28 26 51
28 27 55
28 28 0
28 29 43
28 37 63
28 44 54
28 45 40
28 50 19
28 52 16
28 53 28
28 54 59
28 56 65
28 57 53
28 58 7
28 59 35
28 61 67
28 63 3
28 66 2
28 67 11
29 0 17
29 3 35
29 6 6
29 8 0
29 14 31
29 18 24
29 22 37
29 24 34
29 28 66
29 29 42
29 32 33
29 35 25
29 37 46
29 51 63
29 53 41
29 56 22
29 57 1
29 58 2
29 62 13
29 65 3
29 66 59
29 67 30
29 69 19
30 1 37
30 5 36
30 6 65
30 9 16
30 11 45
30 12 56
30 17 15
30 19 25
30 23 10
30 25 30
30 28 1
30 31 13
30 33 69
30 34 27
30 35 8
30 36 43
30 39 29
30 40 19
30 45 2
30 47 44
30 50 61
30 53 5
30 57 42
30 58 41
30 60 64
30 61 52
30 62 12
30 64 28
30 65 17
30 68 31
30 69 49
31 0 36
31 1 7
31 4 66
31 9 6
31 12 8
31 13 47
31 14 35
31 16 17
31 17 53
31 19 38
31 25 1
31 26 21
31 27 45
31 29 59
31 31 67
31 32 30
31 33 29
31 35 41
31 37 13
31 39 18
31 44 49
31 45 54
31 47 51
31 52 40
31 56 37
31 57 20
31 59 16
31 60 28
31 64 0
31 68 62
32 0 28
32 2 9
32 6 47
32 8 63
32 10 7
32 12 1
32 14 64
32 15 58
32 18 43
32 19 19
32 21 39
32 22 25
32 23 34
32 26 16
32 29 21
32 31 55
32 34 22
32 39 51
32 40 3
32 47 57
32 51 12
32 52 59
32 55 23
32 57 46
32 59 24
32 63 29
32 64 33
32 65 35
32 68 5
33 1 6
33 3 3
33 5 31
33 8 52
33 10 46
33 11 42
33 12 22
33 14 50
33 15 13
33 20 8
33 21 62
33 25 45
33 27 43
33 28 30
33 30 66
33 33 4
33 35 51
33 36 49
33 37 39
33 38 24
33 39 10
33 41 47
33 45 60
33 48 26
33 50 20
33 57 69
33 58 53
33 59 41
33 60 37
33 61 34
33 62 44
33 65 55
33 69 21
34 1 26
34 2 62
34 6 35
34 8 18
34 9 65
34 11 5
34 14 69
34 16 1
34 19 48
34 20 40
34 25 47
34 29 46
34 30 20
34 33 21
34 36 31
34 39 59
34 45 32
34 47 19
34 49 3
34 51 6
34 55 52
34 56 36
34 59 66
34 65 7
35 0 46
35 3 41
35 8 39
35 9 12
35 11 3
35 16 60
35 17 40
35 18 6
35 19 29
35 26 31
35 28 10
35 29 11
35 33 38
35 37 65
35 38 67
35 42 68
35 44 18
35 45 66
35 48 55
35 49 13
35 50 28
35 52 45
35 53 69
35 56 58
35 59 0
35 60 14
35 61 30
35 62 63
35 63 49
35 64 24
35 67 21
35 68 17
36 0 4
36 2 20
36 4 65
36 5 61
36 7 54
36 9 60
36 19 10
36 20 58
36 22 53
36 25 7
36 26 8
36 31 32
36 32 12
36 34 2
36 37 51
36 40 66
36 45 39
36 46 14
36 48 59
36 57 68
36 58 64
36 59 37
36 60 0
36 61 25
36 62 50
36 63 52
36 65 24
36 66 30
36 69 55
37 2 33
37 3 11
37 4 1
37 6 53
37 15 50
37 16 22
37 17 12
37 19 26
37 20 47
37 22 15
37 28 61
37 31 28
37 37 60
37 40 10
37 45 55
37 46 43
37 48 36
37 50 38
37 51 54
37 53 32
37 55 8
37 56 14
37 58 6
37 64 46
37 65 64
37 68 0
37 69 2
38 2 19
38 3 1
38 5 53
38 7 45
38 9 5
38 11 68
38 12 24
38 15 48
38 16 49
38 17 21
38 18 47
38 19 18
38 21 30
38 22 67
38 27 64
38 28 16
38 30 25
38 32 28
38 33 43
38 36 20
38 38 56
38 42 44
38 44 10
38 47 37
38 49 7
38 51 66
38 53 6
38 54 52
38 58 62
38 59 54
38 62 9
38 64 31
38 66 14
38 68 34
39 0 15
39 3 60
39 4 49
39 9 51
39 10 67
39 11 59
39 21 64
39 23 4
39 26 44
39 29 50
39 31 25
39 32 31
39 36 68
39 39 26
39 40 48
39 43 23
39 44 57
39 45 3
39 46 41
39 49 18
39 54 11
39 56 55
39 58 69
39 60 24
39 62 16
39 66 43
39 68 52
40 3 21
40 5 0
40 9 52
40 11 4
40 13 40
40 14 58
40 18 41
40 22 51
40 26 69
40 27 5
40 29 24
40 30 55
40 33 33
40 34 42
40 37 1
40 43 47
40 45 36
40 47 62
40 48 54
40 51 13
40 56 57
40 58 59
40 65 43
40 66 61
40 67 17
40 69 11
41 0 56
41 4 16
41 7 28
41 8 12
41 9 15
41 10 65
41 15 64
41 19 24
41 21 48
41 26 22
41 30 1
41 36 8
41 39 0
41 41 40
41 44 9
41 48 50
41 49 68
41 52 29
41 53 44
41 54 27
41 55 43
41 57 60
41 59 14
41 60 63
41 61 57
41 64 67
42 0 29
42 1 54
42 3 19
42 5 62
42 17 26
42 19 8
42 20 15
42 22 46
42 23 68
42 26 53
42 27 6
42 28 22
42 29 4
42 30 61
42 31 35
42 32 41
42 33 66
42 37 43
42 43 13
42 44 42
42 45 0
42 56 18
42 61 63
42 63 32
42 64 45
42 67 25
42 68 38
42 69 24
43 1 68
43 5 37
43 6 57
43 9 47
43 10 17
43 12 33
43 13 46
43 14 42
43 15 66
43 17 16
43 18 25
43 20 28
43 23 2
43 24 21
43 25 64
43 28 36
43 32 54
43 41 22
43 43 11
43 44 41
43 46 69
43 50 34
43 51 65
43 53 35
43 54 3
43 57 43
43 61 15
43 62 20
44 4 21
44 7 19
44 11 54
44 12 45
44 17 64
44 20 25
44 23 58
44 27 69
44 29 55
44 31 51
44 32 5
44 34 13
44 36 28
44 44 6
44 46 29
44 47 59
44 49 9
44 51 11
44 56 23
44 57 24
44 60 31
44 64 52
44 65 61
44 68 7
45 1 32
45 4 23
45 11 58
45 16 62
45 21 20
45 25 50
45 26 30
45 34 41
45 40 38
45 45 8
45 48 46
45 49 11
45 55 1
45 56 17
45 57 57
45 59 18
45 63 37
45 64 13
45 65 44
45 68 19
46 0 39
46 1 65
46 3 36
46 4 6
46 12 30
46 14 59
46 17 63
46 20 42
46 21 37
46 22 41
46 25 24
46 27 13
46 28 69
46 31 20
46 32 26
46 33 25
46 34 60
46 39 14
46 41 48
46 44 5
46 46 52
46 47 18
46 50 10
46 55 58
46 59 67
46 61 17
46 62 64
46 63 2
46 64 57
46 67 50
46 69 54
47 2 68
47 3 24
47 7 52
47 9 63
47 11 15
47 21 33
47 22 21
47 23 44
47 28 46
47 29 56
47 32 45
47 34 0
47 35 57
47 36 3
47 37 49
47 38 42
47 40 60
47 41 58
47 43 31
47 45 65
47 46 53
47 48 20
47 49 69
47 53 22
47 54 32
47 55 12
47 58 30
47 63 18
47 64 14
47 65 27
47 69 66
48 2 6
48 6 37
48 7 11
48 9 56
48 11 27
48 13 63
48 14 21
48 19 60
48 20 48
48 24 22
48 25 0
48 29 20
48 32 61
48 38 19
48 40 9
48 42 50
48 44 58
48 45 62
48 53 15
48 54 25
48 55 46
48 58 8
48 59 4
48 62 38
48 63 47
48 65 28
48 66 17
48 69 33
49 6 51
49 7 29
49 8 66
49 9 8
49 11 7
49 13 5
49 15 53
49 16 38
49 18 37
49 21 44
49 22 49
49 27 10
49 29 1
49 33 22
49 34 4
49 35 23
49 37 58
49 39 12
49 41 62
49 43 48
49 47 69
49 50 0
49 51 31
49 54 18
49 55 54
49 57 34
49 58 19
49 61 46
49 63 59
49 68 2
49 69 27
50 2 1
50 4 37
50 6 63
50 7 66
50 9 67
50 11 35
50 12 69
50 14 47
50 18 28
50 23 51
50 24 14
50 26 42
50 29 39
50 30 40
50 33 3
50 35 15
50 43 19
50 45 41
50 46 34
50 51 56
50 52 36
50 55 24
50 56 11
50 60 55
50 61 26
50 69 60
51 0 33
51 3 18
51 5 40
51 7 17
51 9 62
51 11 39
51 12 51
51 13 3
51 14 10
51 15 35
51 16 23
51 19 6
51 20 63
51 21 57
51 22 48
51 26 34
51 27 46
51 28 8
51 29 31
51 38 36
51 43 24
51 57 59
51 60 16
51 62 52
51 65 54
51 67 15
51 68 60
52 0 18
52 6 66
52 7 32
52 12 65
52 19 15
52 21 10
52 22 59
52 26 29
52 28 19
52 32 57
52 33 23
52 34 53
52 36 64
52 42 69
52 45 33
52 48 5
52 51 30
52 53 26
52 54 1
52 63 31
52 67 54
53 1 10
53 4 2
53 5 59
53 8 49
53 11 67
53 15 6
53 19 37
53 20 39
53 21 17
53 22 36
53 25 35
53 28 33
53 32 46
53 34 20
53 37 62
53 43 53
53 45 48
53 46 60
53 47 31
53 48 9
53 49 64
53 50 57
53 51 55
53 52 43
53 60 54
53 62 69
53 65 0
53 67 3
54 2 24
54 3 61
54 6 25
54 8 45
54 10 54
54 12 26
54 14 55
54 15 42
54 17 20
54 18 40
54 20 22
54 23 16
54 24 52
54 25 63
54 26 17
54 30 18
54 31 21
54 33 11
54 35 62
54 36 39
54 38 10
54 40 35
54 42 59
54 46 15
54 47 66
54 49 23
54 50 27
54 51 69
54 57 67
54 60 50
54 64 56
54 68 4
55 3 27
55 6 39
55 8 53
55 9 32
55 14 37
55 24 1
55 26 23
55 35 26
55 38 43
55 39 55
55 41 36
55 44 68
55 45 11
55 48 29
55 49 54
55 50 44
55 51 16
55 52 12
55 53 62
55 54 19
55 57 58
55 60 59
55 62 49
55 64 41
55 66 0
55 68 33
55 69 4
56 1 38
56 2 50
56 3 20
56 4 41
56 5 67
56 8 65
56 10 35
56 13 21
56 17 19
56 20 4
56 21 12
56 22 26
56 27 56
56 28 2
56 34 31
56 35 59
56 36 42
56 39 24
56 40 23
56 42 22
56 46 40
56 49 60
56 50 54
56 56 30
56 59 55
56 60 47
56 62 10
56 64 6
56 65 1
56 66 37
56 69 61
57 0 34
57 4 52
57 5 26
57 8 37
57 10 63
57 12 44
57 13 39
57 17 7
57 20 43
57 21 61
57 26 19
57 28 35
57 30 22
57 31 27
57 32 24
57 35 48
57 36 1
57 40 15
57 43 25
57 47 32
57 49 42
57 52 21
57 53 64
57 57 17
57 58 33
57 60 29
57 63 60
57 65 8
57 69 10
58 2 14
58 5 3
58 6 15
58 8 56
58 17 42
58 20 46
58 23 9
58 25 21
58 26 26
58 36 66
58 39 33
58 45 37
58 47 41
58 51 5
58 53 57
58 54 35
58 55 55
58 57 29
58 59 53
58 62 39
58 63 58
58 67 43
58 68 11
58 69 62
59 1 51
59 3 32
59 4 14
59 8 36
59 9 27
59 10 18
59 11 64
59 14 17
59 17 9
59 18 35
59 20 1
59 22 28
59 24 45
59 26 48
59 29 41
59 32 67
59 36 55
59 42 61
59 44 56
59 45 15
59 46 4
59 47 23
59 48 42
59 49 53
59 54 33
59 56 43
59 59 30
59 60 12
59 61 24
59 62 0
59 64 10
59 65 13
59 67 65
59 68 54
60 0 26
60 1 50
60 2 31
60 6 3
60 9 64
60 12 39
60 16 67
60 17 30
60 18 58
60 19 33
60 20 52
60 21 47
60 25 69
60 26 11
60 27 59
60 30 56
60 37 28
60 38 6
60 44 27
60 46 66
60 51 8
60 52 4
60 59 60
60 62 45
60 64 34
60 66 18
61 1 17
61 2 54
61 4 11
61 7 6
61 12 14
61 13 1
61 22 38
61 26 67
61 31 33
61 32 9
61 37 2
61 40 63
61 41 50
61 45 30
61 46 68
61 48 57
61 50 56
61 52 48
61 55 47
61 56 52
61 59 40
61 60 58
61 62 65
61 64 60
61 65 22
61 66 25
62 0 53
62 5 51
62 10 13
62 14 39
62 22 30
62 23 46
62 27 7
62 31 40
62 36 15
62 38 58
62 39 37
62 49 10
62 52 65
62 53 24
62 54 55
62 55 68
62 56 32
62 57 38
62 59 1
62 62 62
62 67 8
62 69 12
63 0 65
63 4 63
63 5 6
63 6 29
63 10 58
63 15 54
63 17 33
63 18 39
63 20 23
63 21 36
63 25 42
63 26 46
63 27 22
63 29 68
63 30 44
63 33 67
63 34 8
63 35 13
63 36 40
63 37 4
63 38 9
63 42 28
63 43 66
63 45 7
63 49 47
63 56 41
63 57 12
63 58 52
63 59 61
63 62 35
63 63 21
63 69 0
64 0 31
64 1 48
64 2 43
64 4 58
64 6 16
64 7 24
64 8 25
64 10 64
64 14 56
64 15 3
64 16 12
64 17 14
64 22 44
64 25 17
64 28 29
64 29 66
64 30 9
64 31 62
64 37 67
64 38 55
64 41 6
64 42 15
64 48 19
64 53 37
64 54 54
64 55 0
64 58 68
64 59 20
64 60 26
64 62 2
64 69 22
65 2 13
65 3 10
65 5 20
65 6 21
65 9 24
65 11 34
65 12 15
65 15 43
65 16 64
65 17 31
65 18 55
65 20 32
65 24 39
65 32 58
65 33 14
65 34 44
65 35 33
65 47 16
65 48 4
65 50 30
65 51 51
65 55 27
65 56 46
65 63 28
65 64 19
65 68 61
65 69 1
66 0 13
66 4 47
66 5 19
66 7 62
66 8 26
66 9 55
66 11 24
66 12 10
66 18 11
66 22 0
66 25 49
66 26 66
66 27 44
66 28 12
66 31 6
66 33 50
66 35 29
66 43 58
66 45 31
66 51 61
66 54 16
66 55 40
66 56 5
66 57 39
66 60 53
66 61 22
66 67 38
66 68 46
67 2 11
67 6 54
67 10 49
67 11 28
67 16 0
67 17 45
67 22 35
67 24 29
67 31 65
67 32 15
67 33 41
67 36 6
67 39 36
67 40 56
67 44 46
67 47 3
67 48 37
67 50 9
67 52 39
67 56 59
67 57 55
67 61 2
67 64 42
67 65 20
67 66 62
67 67 1
68 1 8
68 6 42
68 13 27
68 14 65
68 18 61
68 22 12
68 25 60
68 26 52
68 31 41
68 34 15
68 35 2
68 36 57
68 37 47
68 38 22
68 41 54
68 48 58
68 49 66
68 50 26
68 53 7
68 57 30
68 58 35
68 59 44
68 61 9
68 62 28
68 63 48
68 65 56
68 67 0
68 69 32
69 4 29
69 6 2
69 8 35
69 10 36
69 11 19
69 18 0
69 25 32
69 26 25
69 27 9
69 33 45
69 35 66
69 36 63
69 39 69
69 41 26
69 44 48
69 45 53
69 46 56
69 47 39
69 49 51
69 54 12
69 56 31
69 57 21
69 59 3
69 60 6
69 61 54
69 65 47
69 66 58
69 67 23
69 68 10
69 69 28
