60
0 0 7
0 1 6
0 3 22
0 4 18
0 5 3
0 12 20
0 15 1
0 18 31
0 20 48
0 25 33
0 26 58
0 28 21
0 30 15
0 32 25
0 38 39
0 46 55
0 52 5
0 54 54
0 56 40
0 59 17
1 3 35
1 9 30
1 12 25
1 14 4
1 15 39
1 20 50
1 23 36
1 30 3
1 31 12
1 33 37
1 38 44
1 40 56
1 42 15
1 43 10
1 44 26
1 52 54
1 53 16
1 54 19
1 57 6
1 59 2
2 0 42
2 9 2
2 11 54
2 12 26
2 15 34
2 19 24
2 21 23
2 22 45
2 23 10
2 35 3
2 36 29
2 37 20
2 44 32
2 50 0
2 51 28
2 52 15
2 56 1
2 58 57
2 59 44
3 0 17
3 2 16
3 6 1
3 7 8
3 9 51
3 19 21
3 21 49
3 22 56
3 23 11
3 28 54
3 32 9
3 37 13
3 42 33
3 47 20
3 48 6
3 49 29
3 53 55
4 4 50
4 7 51
4 9 19
4 13 44
4 16 13
4 20 32
4 21 26
4 22 1
4 23 21
4 24 10
4 28 25
4 29 37
4 30 48
4 32 4
4 34 29
4 41 57
4 44 36
4 46 28
4 49 33
4 52 58
4 54 56
4 59 42
5 1 19
5 2 58
5 3 40
5 16 7
5 18 18
5 21 4
5 24 52
5 29 48
5 31 47
5 34 24
5 42 55
5 43 25
5 50 2
5 54 34
5 56 31
6 2 39
6 8 17
6 9 43
6 16 23
6 22 21
6 24 24
6 33 41
6 35 59
6 43 48
6 44 14
6 46 4
6 49 6
6 50 28
6 51 55
6 54 37
6 57 40
6 58 53
7 3 28
7 12 32
7 13 59
7 15 2
7 16 21
7 20 25
7 23 1
7 25 3
7 28 42
7 36 20
7 37 6
7 44 35
7 46 39
7 47 10
7 48 9
7 50 18
7 52 40
7 53 56
7 56 41
8 2 6
8 4 38
8 10 19
8 17 35
8 20 11
8 23 50
8 26 42
8 27 17
8 28 28
8 29 5
8 33 58
8 34 20
8 36 55
8 42 18
8 49 48
8 54 21
8 57 16
9 3 46
9 15 3
9 16 26
9 17 21
9 23 30
9 25 34
9 31 31
9 32 13
9 33 42
9 34 6
9 43 36
9 45 52
9 48 32
9 49 22
9 50 29
9 54 47
9 55 49
9 56 56
9 57 4
10 0 50
10 3 57
10 4 16
10 5 13
10 7 2
10 12 24
10 14 40
10 23 0
10 35 35
10 37 39
10 39 51
10 45 54
10 46 15
10 51 53
10 54 59
11 2 9
11 11 27
11 13 3
11 14 1
11 15 43
11 16 6
11 19 45
11 26 13
11 28 17
11 29 22
11 30 33
11 31 29
11 32 36
11 38 35
11 41 20
11 49 51
11 51 59
11 57 55
12 3 1
12 5 53
12 7 47
12 9 0
12 15 14
12 16 19
12 18 55
12 24 17
12 26 43
12 28 26
12 33 57
12 39 6
12 53 2
12 57 22
13 1 31
13 4 33
13 5 55
13 16 20
13 23 22
13 24 21
13 27 23
13 28 57
13 29 39
13 31 3
13 32 5
13 33 29
13 34 41
13 37 7
13 38 52
13 40 11
13 41 16
13 47 19
13 49 4
13 50 46
13 54 28
13 55 35
13 56 24
14 3 13
14 4 30
14 5 23
14 8 46
14 10 36
14 12 7
14 19 5
14 20 53
14 26 41
14 30 4
14 33 19
14 35 50
14 37 10
14 38 12
14 40 55
14 46 33
14 48 57
14 51 11
14 52 24
14 53 0
15 2 52
15 5 32
15 6 30
15 11 57
15 12 35
15 17 4
15 19 3
15 20 21
15 26 2
15 37 40
15 38 45
15 40 34
15 44 50
15 50 36
15 54 9
15 59 49
16 1 44
16 2 3
16 3 25
16 4 43
16 8 8
16 9 36
16 14 46
16 15 29
16 16 10
16 22 14
16 29 24
16 33 1
16 36 7
16 37 57
16 40 19
16 45 42
16 49 35
16 50 5
16 51 6
16 59 58
17 1 26
17 6 32
17 12 15
17 13 39
17 14 21
17 15 6
17 18 2
17 19 51
17 20 38
17 21 10
17 22 40
17 23 29
17 29 54
17 32 31
17 33 50
17 38 46
17 46 47
18 2 22
18 3 12
18 7 31
18 24 42
18 25 9
18 26 21
18 32 47
18 34 2
18 35 49
18 37 35
18 39 23
18 45 16
18 48 26
18 49 18
18 50 38
18 52 33
19 1 42
19 11 31
19 20 45
19 24 19
19 31 54
19 33 43
19 41 15
19 46 7
19 55 25
19 59 6
20 1 23
20 3 19
20 7 7
20 8 47
20 9 20
20 11 36
20 15 15
20 17 51
20 19 39
20 22 2
20 28 35
20 39 11
20 41 9
20 46 37
20 48 0
20 55 33
21 0 35
21 8 59
21 21 39
21 26 23
21 30 7
21 44 6
21 48 4
21 52 48
21 54 58
21 55 31
22 7 48
22 8 22
22 9 24
22 22 18
22 23 26
22 26 35
22 28 14
22 31 52
22 33 7
22 37 2
22 39 21
22 41 49
22 43 53
22 45 23
22 46 13
22 49 36
22 50 45
22 53 10
22 57 43
22 58 50
23 4 25
23 6 42
23 12 3
23 15 27
23 17 1
23 19 28
23 27 7
23 29 32
23 30 53
23 32 58
23 36 11
23 38 55
23 44 43
23 49 8
24 0 23
24 1 39
24 7 30
24 8 34
24 9 31
24 13 49
24 18 12
24 22 36
24 28 44
24 34 53
24 36 8
24 37 48
24 38 41
24 39 17
24 44 51
24 49 15
24 51 25
24 53 9
24 54 5
24 57 0
25 2 32
25 7 40
25 8 39
25 10 2
25 12 52
25 14 10
25 18 37
25 26 7
25 29 44
25 30 9
25 36 14
25 37 43
25 39 8
25 45 11
25 49 13
25 51 1
25 52 55
25 56 51
25 58 23
26 1 52
26 4 59
26 8 45
26 12 6
26 14 2
26 18 24
26 22 11
26 25 44
26 28 33
26 29 43
26 31 14
26 40 48
26 41 55
26 49 23
26 51 54
26 52 8
26 53 57
26 54 4
26 56 34
26 57 35
26 59 36
27 0 22
27 2 30
27 4 19
27 7 52
27 8 15
27 14 58
27 21 24
27 22 55
27 24 34
27 31 11
27 32 6
27 34 4
27 36 39
27 37 21
27 39 26
27 42 50
27 44 56
27 45 53
27 46 2
27 47 29
27 49 42
27 52 28
27 55 23
27 56 0
28 2 11
28 8 23
28 10 58
28 16 57
28 18 52
28 22 53
28 23 19
28 25 31
28 33 56
28 35 33
28 42 48
28 44 45
28 54 2
28 56 17
28 58 18
29 1 28
29 2 5
29 3 6
29 4 58
29 5 7
29 14 31
29 16 12
29 18 9
29 19 19
29 20 34
29 21 27
29 28 37
29 29 47
29 31 42
29 32 52
29 33 49
29 34 11
29 40 53
29 45 59
29 50 8
29 57 51
30 12 38
30 13 22
30 14 18
30 18 0
30 27 36
30 35 53
30 40 31
30 43 8
30 44 42
30 45 25
30 46 29
30 53 3
30 56 59
30 58 19
31 0 25
31 4 48
31 7 36
31 8 19
31 13 12
31 17 31
31 25 30
31 27 8
31 33 59
31 37 49
31 38 26
31 47 13
31 56 18
31 58 35
31 59 29
32 5 31
32 6 8
32 17 53
32 20 18
32 25 23
32 26 17
32 33 55
32 41 24
32 49 32
32 50 37
32 57 44
33 0 39
33 1 54
33 3 32
33 4 10
33 8 4
33 9 41
33 12 23
33 16 56
33 26 5
33 29 14
33 35 6
33 36 35
33 39 43
33 40 28
33 44 31
33 47 53
33 48 3
33 49 2
33 50 30
33 55 40
34 0 1
34 4 9
34 5 6
34 8 41
34 12 53
34 14 28
34 15 19
34 16 48
34 17 43
34 18 30
34 19 57
34 21 32
34 22 16
34 23 7
34 25 45
34 26 0
34 27 15
34 28 52
34 30 59
34 31 22
34 34 39
34 36 58
34 37 36
34 40 40
34 51 37
34 53 20
34 55 10
34 56 46
34 58 34
34 59 27
35 0 58
35 2 56
35 5 43
35 6 41
35 8 37
35 15 46
35 16 54
35 17 52
35 19 10
35 22 35
35 25 36
35 27 2
35 33 12
35 36 31
35 37 34
35 41 19
35 45 32
35 46 5
35 48 51
35 54 17
35 55 45
36 1 1
36 2 21
36 5 50
36 8 28
36 15 55
36 16 36
36 20 0
36 22 57
36 23 54
36 25 46
36 29 16
36 32 41
36 35 2
36 39 48
36 45 8
36 46 14
36 47 12
36 50 51
36 55 47
36 57 19
36 58 25
37 3 52
37 7 44
37 11 32
37 12 11
37 15 16
37 16 58
37 19 12
37 21 3
37 22 49
37 24 55
37 32 57
37 33 45
37 37 15
37 46 23
37 50 17
37 54 22
37 58 24
37 59 14
38 4 49
38 10 8
38 11 17
38 16 15
38 17 12
38 18 16
38 20 19
38 22 37
38 25 51
38 26 14
38 28 53
38 39 30
38 43 1
38 45 56
38 52 42
38 53 38
38 57 28
38 58 26
38 59 54
39 0 43
39 1 25
39 3 14
39 4 4
39 6 59
39 16 5
39 20 49
39 29 50
39 32 10
39 33 0
39 34 34
39 35 42
39 37 31
39 38 17
39 39 58
39 41 48
39 43 47
39 47 36
39 49 21
39 52 6
40 3 24
40 8 42
40 11 30
40 15 44
40 19 20
40 21 51
40 22 32
40 29 17
40 32 18
40 34 10
40 41 26
40 42 31
40 43 38
40 44 52
40 46 36
40 52 3
40 54 27
40 56 43
40 57 45
40 58 55
41 0 41
41 2 10
41 7 21
41 15 42
41 16 3
41 17 8
41 20 22
41 21 2
41 27 20
41 32 50
41 36 36
41 37 59
41 41 7
41 42 29
41 54 45
41 55 53
42 8 40
42 9 42
42 12 36
42 14 45
42 15 56
42 17 33
42 20 58
42 21 16
42 22 25
42 26 4
42 29 59
42 33 2
42 34 28
42 39 44
42 42 37
42 51 14
42 52 7
42 55 13
43 10 56
43 13 6
43 17 41
43 18 54
43 33 20
43 40 27
43 43 11
43 54 23
43 55 36
43 58 17
44 3 59
44 4 5
44 8 11
44 9 3
44 13 36
44 15 47
44 26 51
44 31 43
44 32 30
44 34 42
44 35 38
44 37 32
44 40 1
44 41 10
44 44 2
44 53 6
44 57 33
44 59 37
45 1 49
45 4 13
45 7 1
45 14 20
45 15 31
45 17 22
45 18 23
45 22 34
45 27 51
45 32 32
45 39 12
45 44 27
45 45 21
45 49 44
45 50 10
45 52 26
45 54 7
45 56 11
45 57 46
46 4 17
46 6 11
46 9 35
46 10 13
46 13 24
46 14 23
46 16 47
46 19 52
46 22 9
46 24 45
46 25 59
46 29 30
46 35 20
46 39 41
46 49 10
46 53 8
46 54 25
46 56 42
47 1 11
47 3 50
47 12 42
47 13 38
47 14 48
47 18 35
47 20 46
47 26 55
47 29 1
47 30 32
47 35 7
47 36 43
47 37 44
47 42 56
47 45 47
47 46 17
47 48 19
47 49 12
47 53 58
47 55 3
47 56 37
48 3 58
48 4 36
48 7 14
48 8 10
48 12 27
48 15 53
48 18 39
48 23 28
48 31 17
48 38 33
48 44 11
48 55 9
49 11 9
49 14 59
49 18 38
49 21 47
49 23 8
49 29 15
49 30 20
49 36 2
49 37 42
49 40 16
49 42 11
49 43 49
49 48 24
49 52 56
49 54 14
49 55 0
49 56 22
50 4 6
50 9 59
50 10 25
50 18 11
50 19 4
50 20 3
50 23 37
50 25 57
50 26 20
50 28 51
50 29 27
50 31 7
50 34 56
50 35 52
50 40 54
50 41 39
50 43 33
50 44 46
50 46 43
50 50 55
50 57 5
50 58 29
51 1 55
51 2 13
51 8 7
51 9 10
51 11 6
51 12 48
51 19 53
51 20 52
51 22 3
51 28 59
51 30 31
51 34 44
51 36 33
51 37 26
51 39 29
51 41 12
51 43 58
51 47 4
51 48 2
51 58 47
52 1 15
52 9 55
52 13 54
52 15 24
52 16 30
52 24 48
52 28 9
52 30 46
52 32 23
52 34 17
52 37 1
52 44 19
52 53 45
52 54 6
52 56 53
53 1 48
53 3 39
53 4 37
53 6 43
53 7 9
53 11 47
53 12 45
53 13 27
53 14 32
53 15 22
53 18 15
53 22 19
53 23 40
53 24 50
53 25 10
53 26 3
53 31 46
53 37 11
53 45 38
53 47 28
53 49 5
53 51 33
53 58 51
53 59 18
54 5 24
54 7 29
54 8 21
54 10 22
54 11 51
54 17 42
54 18 53
54 20 5
54 23 44
54 26 52
54 32 40
54 34 55
54 35 15
54 37 3
54 40 45
54 41 11
54 50 27
54 55 56
54 56 32
54 58 30
54 59 28
55 5 45
55 8 20
55 10 52
55 13 5
55 19 7
55 22 31
55 24 9
55 31 1
55 36 32
55 42 42
55 49 57
55 53 17
55 54 48
55 59 56
56 4 23
56 7 20
56 9 49
56 14 11
56 19 2
56 28 19
56 34 27
56 36 6
56 42 34
56 44 17
56 45 43
56 46 25
56 47 0
56 48 54
56 49 45
56 51 5
56 57 47
56 59 15
57 0 8
57 1 30
57 5 33
57 6 29
57 8 0
57 10 32
57 12 14
57 13 52
57 18 57
57 20 47
57 22 58
57 24 12
57 31 15
57 32 35
57 37 17
57 41 53
57 45 26
57 47 16
57 51 48
57 54 18
57 56 36
57 58 37
58 2 36
58 3 38
58 16 40
58 18 4
58 22 17
58 34 50
58 45 0
58 51 31
58 52 45
59 1 17
59 2 25
59 6 4
59 8 12
59 10 6
59 11 19
59 14 24
59 18 46
59 19 11
59 20 36
59 23 23
59 26 56
59 33 22
59 35 44
59 36 21
59 38 14
59 45 7
59 48 30
59 49 52
59 51 10
59 54 51
59 58 27
59 59 53
