70
0 1 64
0 2 1
0 4 39
0 6 16
0 12 47
0 14 40
0 16 15
0 28 0
0 30 19
0 35 45
0 36 51
0 41 9
0 43 56
0 48 26
0 51 13
0 52 52
0 53 32
0 54 50
0 59 62
0 61 55
0 62 10
0 65 60
0 67 29
0 68 8
1 1 43
1 2 10
1 3 37
1 9 44
1 13 56
1 18 52
1 22 32
1 24 49
1 26 67
1 28 24
1 35 40
1 41 14
1 43 19
1 44 16
1 45 4
1 48 35
1 51 38
1 55 2
1 56 66
1 61 34
1 63 20
1 67 1
1 69 0
2 1 40
2 3 17
2 5 21
2 12 9
2 15 2
2 19 64
2 20 16
2 23 10
2 24 67
2 28 28
2 31 7
2 34 5
2 35 6
2 38 53
2 42 48
2 44 54
2 48 43
2 49 39
2 52 8
2 60 38
2 62 34
2 65 27
2 69 55
3 2 13
3 14 58
3 15 45
3 18 34
3 19 30
3 22 33
3 33 22
3 37 15
3 43 3
3 46 40
3 50 2
3 61 62
3 63 7
3 66 10
4 1 4
4 4 11
4 7 40
4 9 27
4 11 62
4 12 51
4 14 69
4 19 53
4 27 58
4 36 13
4 40 22
4 47 65
4 59 29
4 63 46
5 1 49
5 4 34
5 5 16
5 8 57
5 9 15
5 11 1
5 15 62
5 16 52
5 17 58
5 20 20
5 23 2
5 24 22
5 27 56
5 34 21
5 49 8
5 50 9
5 53 39
5 58 46
5 59 14
5 61 63
5 62 41
5 64 3
5 68 38
6 5 29
6 9 52
6 16 23
6 17 54
6 19 7
6 21 47
6 39 39
6 42 55
6 43 18
6 48 8
6 51 9
6 52 38
6 58 61
6 61 21
6 64 6
6 65 65
6 66 19
6 68 25
6 69 48
7 22 17
7 25 48
7 26 18
7 27 20
7 34 29
7 44 66
7 46 43
7 48 37
7 52 11
7 68 44
8 2 5
8 4 44
8 5 69
8 8 28
8 15 55
8 16 20
8 18 63
8 20 4
8 21 57
8 27 23
8 28 33
8 29 3
8 34 65
8 40 12
8 41 32
8 42 7
8 44 40
8 50 51
8 53 62
8 55 24
8 57 60
8 60 67
8 61 8
8 62 11
8 65 22
8 67 45
9 0 28
9 2 53
9 3 35
9 9 58
9 12 62
9 13 60
9 14 54
9 24 29
9 32 5
9 35 20
9 36 47
9 40 68
9 41 24
9 43 45
9 45 6
9 47 50
9 49 30
9 54 27
9 55 33
9 56 23
9 62 69
9 64 38
10 1 32
10 7 10
10 8 69
10 20 7
10 21 44
10 22 25
10 23 65
10 24 12
10 28 53
10 30 62
10 33 6
10 38 28
10 43 30
10 44 45
10 45 43
10 59 38
10 60 16
10 64 47
10 66 54
10 68 4
10 69 58
11 6 17
11 10 58
11 13 25
11 15 3
11 16 39
11 19 44
11 23 38
11 24 24
11 35 46
11 43 5
11 49 66
11 51 65
11 54 28
11 55 41
11 58 7
11 62 40
11 64 16
11 67 50
12 4 9
12 9 49
12 16 64
12 28 54
12 35 5
12 40 30
12 41 20
12 42 59
12 43 33
12 44 13
12 45 25
12 46 66
12 51 47
12 52 16
12 56 58
12 58 50
12 59 40
12 62 61
12 63 24
12 67 52
12 68 17
13 3 36
13 5 3
13 6 2
13 7 33
13 11 51
13 12 40
13 13 29
13 16 7
13 18 39
13 19 23
13 30 22
13 32 28
13 38 67
13 54 63
13 55 56
13 67 27
13 69 61
14 3 51
14 9 32
14 12 33
14 15 26
14 16 10
14 18 19
14 22 14
14 25 45
14 29 2
14 33 9
14 34 7
14 41 69
14 46 39
14 49 29
14 50 43
14 51 34
14 55 63
14 56 48
14 60 1
14 61 38
14 62 42
14 66 5
14 69 60
15 0 17
15 8 52
15 9 66
15 10 10
15 13 23
15 14 39
15 15 41
15 18 38
15 19 27
15 21 26
15 27 43
15 29 5
15 30 29
15 32 15
15 38 20
15 40 7
15 42 24
15 53 49
15 54 57
15 56 2
15 58 56
15 67 68
15 69 32
16 0 45
16 5 59
16 8 51
16 9 42
16 12 13
16 13 6
16 15 36
16 17 62
16 21 63
16 30 61
16 31 67
16 36 66
16 38 35
16 39 30
16 43 49
16 45 40
16 46 1
16 47 41
16 48 18
16 57 27
16 59 24
16 65 26
16 66 46
16 68 50
17 7 62
17 8 59
17 10 24
17 11 37
17 14 10
17 16 49
17 19 35
17 22 22
17 23 30
17 26 5
17 29 32
17 35 16
17 37 29
17 39 42
17 46 9
17 49 60
17 53 17
17 54 66
17 56 61
17 58 63
17 59 67
17 65 38
17 67 18
17 69 21
18 2 59
18 3 57
18 11 35
18 12 12
18 21 40
18 26 16
18 28 14
18 30 9
18 31 42
18 35 41
18 38 61
18 41 45
18 44 5
18 49 49
18 51 19
18 56 44
18 57 34
18 60 28
18 64 2
18 65 54
18 66 53
19 6 65
19 7 45
19 10 61
19 11 42
19 18 60
19 21 22
19 28 63
19 29 49
19 32 47
19 38 6
19 43 32
19 53 18
19 56 28
19 58 5
19 61 64
19 65 31
19 69 13
20 1 17
20 3 15
20 8 23
20 9 56
20 10 43
20 13 1
20 18 50
20 21 55
20 26 13
20 34 64
20 38 25
20 39 40
20 43 51
20 50 57
20 51 39
20 53 31
20 55 46
20 61 42
21 1 35
21 6 18
21 7 61
21 8 50
21 12 41
21 15 21
21 16 16
21 17 20
21 19 14
21 29 38
21 32 51
21 33 36
21 35 52
21 38 1
21 44 2
21 49 64
21 50 68
21 51 12
21 52 59
21 56 56
21 62 32
21 66 3
21 69 15
22 7 5
22 17 66
22 22 48
22 24 53
22 32 59
22 37 43
22 39 18
22 44 4
22 45 30
22 48 38
22 49 42
22 50 14
22 51 50
22 52 61
22 54 46
22 56 0
22 57 31
22 60 22
22 63 65
22 65 49
23 0 32
23 1 26
23 2 34
23 3 52
23 9 31
23 12 22
23 16 21
23 18 28
23 24 23
23 26 6
23 28 9
23 31 43
23 34 67
23 41 46
23 42 14
23 48 11
23 49 24
23 51 69
23 54 13
23 60 10
23 63 17
23 69 57
24 9 29
24 10 68
24 11 64
24 12 35
24 15 18
24 16 45
24 18 7
24 23 28
24 25 33
24 28 49
24 29 47
24 30 16
24 37 2
24 39 21
24 41 61
24 47 59
24 50 20
24 51 15
24 54 55
24 56 3
24 59 1
24 60 56
24 61 30
24 63 67
24 65 44
24 67 5
24 68 43
25 2 36
25 3 61
25 4 60
25 6 25
25 9 1
25 10 19
25 16 63
25 24 48
25 26 22
25 28 4
25 31 11
25 47 56
25 48 54
25 50 10
25 51 3
25 54 33
25 55 26
25 61 0
25 65 8
25 68 5
26 3 49
26 5 33
26 8 63
26 10 16
26 11 50
26 16 22
26 17 40
26 18 6
26 23 53
26 28 69
26 33 28
26 36 61
26 41 17
26 44 19
26 49 56
26 52 67
26 58 35
27 5 53
27 7 48
27 8 22
27 13 40
27 14 52
27 18 26
27 23 67
27 24 44
27 27 2
27 35 68
27 50 47
27 58 17
27 60 51
27 64 43
28 2 7
28 10 37
28 12 3
28 19 56
28 21 1
28 22 47
28 23 25
28 25 21
28 29 34
28 31 12
28 39 14
28 43 55
28 47 67
28 50 53
28 52 18
28 53 68
28 55 39
28 57 54
28 62 19
28 68 30
29 0 67
29 2 25
29 3 46
29 4 20
29 6 47
29 7 41
29 11 33
29 12 0
29 14 21
29 15 51
29 20 32
29 24 43
29 29 65
29 31 27
29 32 23
29 35 54
29 37 55
29 40 53
29 44 11
29 47 35
29 55 58
29 57 45
29 68 60
29 69 5
30 1 29
30 3 3
30 8 47
30 9 53
30 11 4
30 15 44
30 16 58
30 18 33
30 19 5
30 25 25
30 28 62
30 29 46
30 35 17
30 36 59
30 37 54
30 38 43
30 39 19
30 43 15
30 44 1
30 45 61
30 46 45
30 47 66
30 54 21
30 56 67
30 57 40
30 59 51
30 60 36
30 66 35
31 4 67
31 6 35
31 7 3
31 9 23
31 11 31
31 14 17
31 18 48
31 19 47
31 23 26
31 27 44
31 31 6
31 32 58
31 33 34
31 36 60
31 39 32
31 41 16
31 43 22
31 44 29
31 46 68
31 49 14
31 58 64
31 61 54
31 62 53
31 66 61
31 67 8
31 68 21
32 3 16
32 13 2
32 14 50
32 17 35
32 18 56
32 20 33
32 25 29
32 32 14
32 34 17
32 45 58
32 46 59
32 49 36
32 54 60
32 56 26
32 57 57
32 59 37
32 60 13
32 65 66
32 67 51
32 69 12
33 0 44
33 1 45
33 2 18
33 6 13
33 8 39
33 12 28
33 14 3
33 17 55
33 18 57
33 24 52
33 26 7
33 30 21
33 39 22
33 40 41
33 41 26
33 43 54
33 47 32
33 52 19
33 57 16
33 61 69
33 62 30
34 3 59
34 8 29
34 9 19
34 10 33
34 11 24
34 20 44
34 26 30
34 37 10
34 43 41
34 49 63
34 54 54
34 55 52
34 57 32
34 58 1
34 60 14
34 61 15
34 62 16
34 64 4
34 65 43
34 66 27
35 0 53
35 4 51
35 5 14
35 6 36
35 8 33
35 9 65
35 10 67
35 15 15
35 17 9
35 22 23
35 23 42
35 24 37
35 28 64
35 35 1
35 38 47
35 42 5
35 43 50
35 44 32
35 48 7
35 51 35
35 53 43
35 59 57
35 60 4
35 66 16
36 2 43
36 3 58
36 6 53
36 15 47
36 20 54
36 26 41
36 29 21
36 36 24
36 45 20
36 46 51
36 48 68
36 52 39
36 54 12
36 60 9
36 64 28
36 65 17
36 66 57
36 67 66
36 68 59
36 69 36
37 0 46
37 3 20
37 8 41
37 10 34
37 16 2
37 17 5
37 21 3
37 22 15
37 35 48
37 36 64
37 37 4
37 40 59
37 41 51
37 42 53
37 47 36
37 51 63
37 52 45
37 58 33
37 59 43
37 63 18
37 67 69
37 69 1
38 5 10
38 7 53
38 8 0
38 11 47
38 14 6
38 18 31
38 19 32
38 23 57
38 27 33
38 32 37
38 35 22
38 37 23
38 41 42
38 49 62
38 53 21
38 56 43
38 58 26
38 63 66
38 67 16
38 68 15
38 69 9
39 1 57
39 5 13
39 7 64
39 13 4
39 15 6
39 16 67
39 17 53
39 25 26
39 31 18
39 34 46
39 36 48
39 44 61
39 45 65
39 46 54
39 47 21
39 50 45
39 59 63
39 64 7
39 65 3
39 66 11
39 68 32
39 69 23
40 0 52
40 1 42
40 3 43
40 11 20
40 20 19
40 22 45
40 23 69
40 24 21
40 38 44
40 40 63
40 45 28
40 47 6
40 50 65
40 51 64
40 53 59
40 55 54
40 56 33
40 60 31
40 62 38
40 63 27
40 69 11
41 0 21
41 2 23
41 5 19
41 6 9
41 9 35
41 14 47
41 19 43
41 23 3
41 25 6
41 26 52
41 28 68
41 30 50
41 32 30
41 37 31
41 48 2
41 51 33
41 53 58
41 57 25
41 61 22
41 62 51
41 66 0
41 67 59
42 5 6
42 9 69
42 12 30
42 13 64
42 14 68
42 16 33
42 23 0
42 24 55
42 29 35
42 30 48
42 34 24
42 41 53
42 51 41
42 52 37
42 56 54
42 57 19
42 69 27
43 1 27
43 4 25
43 7 16
43 14 15
43 15 43
43 16 42
43 19 59
43 22 53
43 36 36
43 37 8
43 38 22
43 39 56
43 42 0
43 59 4
43 60 11
43 62 17
43 64 35
43 67 58
43 69 63
44 3 41
44 6 56
44 8 21
44 10 27
44 12 50
44 15 60
44 16 17
44 20 11
44 21 34
44 25 10
44 27 54
44 30 15
44 31 49
44 36 52
44 37 53
44 39 7
44 40 2
44 41 4
44 43 28
44 44 57
44 47 3
44 48 25
44 49 55
44 54 9
44 55 67
44 58 31
44 60 48
44 61 36
44 63 16
44 65 30
44 66 43
44 67 32
45 7 66
45 8 67
45 9 38
45 10 25
45 13 31
45 15 33
45 20 58
45 30 34
45 32 8
45 40 62
45 43 23
45 45 9
45 50 55
45 51 0
45 53 64
45 54 45
45 61 4
45 63 50
45 68 37
46 5 47
46 6 57
46 14 38
46 17 64
46 19 54
46 26 45
46 33 53
46 34 68
46 35 58
46 38 16
46 40 14
46 43 1
46 52 3
46 58 21
46 60 20
46 62 31
47 2 0
47 9 39
47 12 21
47 20 31
47 24 50
47 25 57
47 26 10
47 30 24
47 32 38
47 35 64
47 40 9
47 41 48
47 45 13
47 48 56
47 49 69
47 52 35
47 56 8
47 57 14
47 59 7
47 61 23
47 68 61
48 1 10
48 7 69
48 10 46
48 20 63
48 22 39
48 24 9
48 29 29
48 30 67
48 35 37
48 37 7
48 41 47
48 42 66
48 45 5
48 46 17
48 52 60
48 54 68
48 56 32
48 61 20
48 62 36
48 64 59
48 67 42
48 68 28
49 6 24
49 7 18
49 15 35
49 20 38
49 26 66
49 27 5
49 29 57
49 31 28
49 33 3
49 39 13
49 40 33
49 42 17
49 46 29
49 49 53
49 50 32
49 57 42
49 61 6
49 62 48
49 65 36
50 0 0
50 4 42
50 7 31
50 8 61
50 13 59
50 14 19
50 15 4
50 19 25
50 21 58
50 22 8
50 25 67
50 29 69
50 30 54
50 33 29
50 36 33
50 40 60
50 48 34
50 50 41
50 52 46
50 62 64
50 64 30
50 67 20
50 69 7
51 0 18
51 1 46
51 5 41
51 6 49
51 7 29
51 11 65
51 14 37
51 24 69
51 26 63
51 27 47
51 31 20
51 33 17
51 36 43
51 39 6
51 44 10
51 45 48
51 52 9
51 54 44
51 57 7
51 58 13
51 59 56
51 66 59
52 2 11
52 5 60
52 6 48
52 8 9
52 10 28
52 12 7
52 14 49
52 18 43
52 23 14
52 25 12
52 27 21
52 32 22
52 34 2
52 38 31
52 42 35
52 47 30
52 50 61
52 51 57
52 53 37
52 56 16
52 58 67
52 59 23
52 64 18
52 67 34
52 68 51
53 0 43
53 5 57
53 11 56
53 12 39
53 20 50
53 22 65
53 25 3
53 26 51
53 28 29
53 30 14
53 31 34
53 38 42
53 39 62
53 44 28
53 45 27
53 48 63
53 49 23
53 51 53
53 52 44
53 54 38
53 55 66
53 62 13
53 67 36
54 0 49
54 2 65
54 8 15
54 19 63
54 21 18
54 23 9
54 24 35
54 25 19
54 30 25
54 34 22
54 36 23
54 38 40
54 40 0
54 46 16
54 47 47
54 50 60
54 51 68
54 52 58
54 53 61
54 55 37
54 58 20
54 61 45
54 62 26
55 1 61
55 4 3
55 6 1
55 9 54
55 10 41
55 13 22
55 15 9
55 17 56
55 22 44
55 27 31
55 29 50
55 30 39
55 33 37
55 37 57
55 38 60
55 41 28
55 49 26
55 50 25
55 51 16
55 59 27
55 66 64
55 67 62
56 1 13
56 4 31
56 5 5
56 9 0
56 13 37
56 15 69
56 16 4
56 18 23
56 21 65
56 24 39
56 25 59
56 29 48
56 31 47
56 35 24
56 47 45
56 49 27
56 51 26
56 52 21
56 57 20
56 60 64
56 61 43
56 65 34
57 0 24
57 1 34
57 2 17
57 6 66
57 10 62
57 11 45
57 14 5
57 17 3
57 20 52
57 21 0
57 26 19
57 32 63
57 33 35
57 34 51
57 51 56
57 61 39
57 65 1
57 66 37
57 67 67
57 69 38
58 0 11
58 1 16
58 5 26
58 7 38
58 9 20
58 14 22
58 15 32
58 18 5
58 20 42
58 25 64
58 27 60
58 29 9
58 34 0
58 40 8
58 45 67
58 46 21
58 47 57
58 49 45
58 52 66
58 56 55
58 57 43
58 63 61
58 64 15
58 68 69
59 11 19
59 12 10
59 13 14
59 17 42
59 22 12
59 25 31
59 27 57
59 30 38
59 32 1
59 34 52
59 41 50
59 43 47
59 53 34
59 57 55
59 58 41
59 68 24
60 2 37
60 5 17
60 8 46
60 12 60
60 16 36
60 19 31
60 20 23
60 24 10
60 28 44
60 30 35
60 32 34
60 34 15
60 35 55
60 37 20
60 39 64
60 40 29
60 42 41
60 54 16
60 55 3
60 57 24
60 62 62
60 66 18
61 1 6
61 7 60
61 8 37
61 9 40
61 11 39
61 16 44
61 17 29
61 21 61
61 22 24
61 26 20
61 27 12
61 28 57
61 30 53
61 38 10
61 48 19
61 50 31
61 52 41
61 53 23
61 55 30
61 59 66
61 68 56
62 1 30
62 2 15
62 4 54
62 5 46
62 9 22
62 13 44
62 15 16
62 16 9
62 24 31
62 28 56
62 31 25
62 32 53
62 36 50
62 37 65
62 38 62
62 40 20
62 44 41
62 47 38
62 51 51
62 58 28
62 60 66
62 66 1
63 3 60
63 6 29
63 9 11
63 12 67
63 14 43
63 29 63
63 32 66
63 34 40
63 35 34
63 36 16
63 38 18
63 39 12
63 41 27
63 43 36
63 50 15
63 54 2
63 61 46
63 64 25
63 65 0
64 0 37
64 3 18
64 5 2
64 6 63
64 10 13
64 11 48
64 14 14
64 20 12
64 21 21
64 27 8
64 30 47
64 31 10
64 32 31
64 41 56
64 44 68
64 45 54
64 48 64
64 49 61
64 50 0
64 51 45
64 53 22
64 56 46
64 57 23
64 60 30
65 4 26
65 5 7
65 9 13
65 10 47
65 15 39
65 17 14
65 23 17
65 27 18
65 30 51
65 36 12
65 37 3
65 39 37
65 40 38
65 47 33
65 48 53
65 49 32
65 56 25
65 61 56
65 63 21
65 64 34
65 65 48
66 5 63
66 8 27
66 9 25
66 10 35
66 18 3
66 23 54
66 24 59
66 25 40
66 36 38
66 48 24
66 51 14
66 53 20
66 54 5
66 57 6
66 59 52
66 63 42
66 65 68
66 67 64
67 2 6
67 5 43
67 7 36
67 9 45
67 16 8
67 22 46
67 23 56
67 26 49
67 28 3
67 30 4
67 44 60
67 47 37
67 50 62
67 54 47
67 55 35
67 62 58
67 63 10
67 64 63
68 6 21
68 9 16
68 11 52
68 16 19
68 17 0
68 20 65
68 21 8
68 22 62
68 25 41
68 27 45
68 28 35
68 32 12
68 34 26
68 35 53
68 37 56
68 40 42
68 54 24
68 55 44
68 60 29
68 64 39
68 65 32
68 66 13
68 68 68
69 4 48
69 5 45
69 6 22
69 8 65
69 9 59
69 29 27
69 30 60
69 37 63
69 40 51
69 41 10
69 42 50
69 53 19
69 54 26
69 62 55
69 63 13
69 65 62
69 66 25
69 69 37
