70
0 0 62
0 2 42
0 4 3
0 5 29
0 8 11
0 9 31
0 10 47
0 11 22
0 15 16
0 16 43
0 17 50
0 19 35
0 20 59
0 21 67
0 22 21
0 23 19
0 26 36
0 28 68
0 30 55
0 32 17
0 34 44
0 35 41
0 37 5
0 38 49
0 39 8
0 40 25
0 42 52
0 44 6
0 46 13
0 47 0
0 48 63
0 50 12
0 54 60
0 55 65
0 58 14
0 59 28
0 60 26
0 62 15
0 64 2
0 65 48
0 66 39
0 67 9
0 68 4
1 0 31
1 2 39
1 4 40
1 6 5
1 7 61
1 8 14
1 10 30
1 14 56
1 15 47
1 16 28
1 17 53
1 18 24
1 19 26
1 20 38
1 21 29
1 22 4
1 23 22
1 24 63
1 25 12
1 26 2
1 27 19
1 29 52
1 30 49
1 31 17
1 33 11
1 34 67
1 35 48
1 36 27
1 37 41
1 38 51
1 39 36
1 40 3
1 41 1
1 42 43
1 43 55
1 45 16
1 46 35
1 47 45
1 48 54
1 49 66
1 50 25
1 52 34
1 53 21
1 54 69
1 55 32
1 57 50
1 59 15
1 61 62
1 62 10
1 64 18
1 66 60
1 67 8
1 69 44
2 0 61
2 2 8
2 3 31
2 6 20
2 7 17
2 8 2
2 9 67
2 10 44
2 11 27
2 12 0
2 13 5
2 14 45
2 17 39
2 19 18
2 21 16
2 22 23
2 23 49
2 25 1
2 28 63
2 29 33
2 30 48
2 32 35
2 33 38
2 35 11
2 36 64
2 37 47
2 39 28
2 40 59
2 41 58
2 42 7
2 43 13
2 44 54
2 45 55
2 47 15
2 48 10
2 49 42
2 50 51
2 51 12
2 52 32
2 53 30
2 54 22
2 55 56
2 56 50
2 57 21
2 60 62
2 61 19
2 62 6
2 64 52
2 65 40
2 66 34
2 67 37
2 68 66
2 69 43
3 4 6
3 5 67
3 6 47
3 9 18
3 12 62
3 15 24
3 16 17
3 17 8
3 19 66
3 20 1
3 21 55
3 25 3
3 26 25
3 27 9
3 29 48
3 31 11
3 33 20
3 35 50
3 36 32
3 37 65
3 40 21
3 41 19
3 42 14
3 43 23
3 44 4
3 45 61
3 46 42
3 48 39
3 51 35
3 53 15
3 54 37
3 55 63
3 56 56
3 57 22
3 58 28
3 59 44
3 60 7
3 61 59
3 62 60
3 63 54
3 64 0
3 65 31
3 67 30
4 1 19
4 3 9
4 4 0
4 6 4
4 7 44
4 8 50
4 10 28
4 12 30
4 14 20
4 15 18
4 16 58
4 17 61
4 18 40
4 19 41
4 21 34
4 22 51
4 23 43
4 27 38
4 28 59
4 29 7
4 31 48
4 32 2
4 34 36
4 35 49
4 38 15
4 40 31
4 41 46
4 42 39
4 44 27
4 46 65
4 47 13
4 49 63
4 50 33
4 51 14
4 53 42
4 55 62
4 56 29
4 58 69
4 59 55
4 60 1
4 61 66
4 63 22
4 64 21
4 65 64
4 66 54
4 67 3
4 68 45
5 1 37
5 2 13
5 3 15
5 4 65
5 5 3
5 6 49
5 9 34
5 10 29
5 12 61
5 16 52
5 17 10
5 18 12
5 20 11
5 21 32
5 22 1
5 23 69
5 24 48
5 27 60
5 28 2
5 30 66
5 31 38
5 33 35
5 34 8
5 35 22
5 38 19
5 40 20
5 41 16
5 44 64
5 45 44
5 46 45
5 47 24
5 48 42
5 49 55
5 50 30
5 51 54
5 55 25
5 57 23
5 58 4
5 59 31
5 61 56
5 62 33
5 64 27
5 66 63
5 67 26
5 68 50
5 69 51
6 0 5
6 1 36
6 2 59
6 4 50
6 5 10
6 6 57
6 10 61
6 12 66
6 13 27
6 15 58
6 18 34
6 19 55
6 20 69
6 21 46
6 22 16
6 23 63
6 25 40
6 27 47
6 28 0
6 29 30
6 30 11
6 31 26
6 32 18
6 34 53
6 35 32
6 36 62
6 37 20
6 38 8
6 41 33
6 45 3
6 46 49
6 47 44
6 48 24
6 51 22
6 52 35
6 53 19
6 54 67
6 55 9
6 57 14
6 58 31
6 59 54
6 62 42
6 63 2
6 64 13
6 68 38
6 69 28
7 0 42
7 1 68
7 2 52
7 3 46
7 7 59
7 8 18
7 9 41
7 10 31
7 11 65
7 12 49
7 13 38
7 15 66
7 18 9
7 21 48
7 22 64
7 23 20
7 24 11
7 26 34
7 27 69
7 28 62
7 29 4
7 33 1
7 34 47
7 35 37
7 36 30
7 37 15
7 38 16
7 40 8
7 41 67
7 42 45
7 44 26
7 45 27
7 46 50
7 47 61
7 48 13
7 49 3
7 50 2
7 51 63
7 54 32
7 55 57
7 57 53
7 58 19
7 59 12
7 61 14
7 62 56
7 63 17
7 64 24
7 65 10
7 66 22
7 68 0
7 69 58
8 1 35
8 4 24
8 5 40
8 6 23
8 7 55
8 9 15
8 10 68
8 11 32
8 12 11
8 13 22
8 14 6
8 15 50
8 16 41
8 17 63
8 18 13
8 19 49
8 20 16
8 22 44
8 23 57
8 24 38
8 25 14
8 26 43
8 27 2
8 29 34
8 31 54
8 32 69
8 34 7
8 35 4
8 36 18
8 37 64
8 39 51
8 40 10
8 41 65
8 42 0
8 46 29
8 47 27
8 48 30
8 49 21
8 50 61
8 51 20
8 52 60
8 53 46
8 54 26
8 55 33
8 56 47
8 57 28
8 58 3
8 59 45
8 64 9
8 65 66
8 66 19
8 67 59
8 69 53
9 1 21
9 2 29
9 3 40
9 4 58
9 7 28
9 8 10
9 9 20
9 10 35
9 11 42
9 13 66
9 15 6
9 16 69
9 17 25
9 18 59
9 19 30
9 20 19
9 21 7
9 22 68
9 23 1
9 24 64
9 25 52
9 27 13
9 28 50
9 29 44
9 30 60
9 31 12
9 32 3
9 33 26
9 34 54
9 36 55
9 37 56
9 38 67
9 40 24
9 41 5
9 42 49
9 44 48
9 45 33
9 46 11
9 47 47
9 48 43
9 49 23
9 51 9
9 53 31
9 54 63
9 55 37
9 56 18
9 58 45
9 59 39
9 60 46
9 61 57
9 62 14
9 63 61
9 64 36
9 65 17
9 66 65
9 68 34
9 69 8
10 1 38
10 2 62
10 3 11
10 5 4
10 6 31
10 8 8
10 9 59
10 10 39
10 11 55
10 12 37
10 14 9
10 15 64
10 17 23
10 19 69
10 20 49
10 21 24
10 22 66
10 23 5
10 27 16
10 29 2
10 31 32
10 34 46
10 39 10
10 40 19
10 41 29
10 44 33
10 46 61
10 48 0
10 50 3
10 51 1
10 52 67
10 53 60
10 58 48
10 59 56
10 60 27
10 61 58
10 62 47
10 63 53
10 64 22
10 65 30
10 66 40
10 67 50
10 68 18
11 1 3
11 2 46
11 5 17
11 6 16
11 8 51
11 9 11
11 10 53
11 11 49
11 12 31
11 13 48
11 14 19
11 15 37
11 16 63
11 17 0
11 21 5
11 26 58
11 27 32
11 28 6
11 29 38
11 30 20
11 31 65
11 32 29
11 34 69
11 36 47
11 37 43
11 39 30
11 40 44
11 41 13
11 43 57
11 44 22
11 47 39
11 48 18
11 49 7
11 52 12
11 54 27
11 55 42
11 56 52
11 60 66
11 61 24
11 62 68
11 64 45
11 65 26
11 66 14
11 68 36
11 69 54
12 0 7
12 1 27
12 3 65
12 4 61
12 9 25
12 10 21
12 11 57
12 13 54
12 15 38
12 16 59
12 17 30
12 18 8
12 19 28
12 20 55
12 21 31
12 22 12
12 23 58
12 24 20
12 25 51
12 26 46
12 27 49
12 29 19
12 30 18
12 32 60
12 34 22
12 37 33
12 38 62
12 40 13
12 41 0
12 42 35
12 45 69
12 46 17
12 47 10
12 48 2
12 49 11
12 50 26
12 51 24
12 55 67
12 57 66
12 58 37
12 60 16
12 61 68
12 63 64
12 64 48
12 65 45
12 66 6
12 67 1
12 68 39
13 0 22
13 2 36
13 3 50
13 5 27
13 6 33
13 7 25
13 8 20
13 9 56
13 10 60
13 11 0
13 12 23
13 13 11
13 14 24
13 15 31
13 17 12
13 18 39
13 19 5
13 20 6
13 22 65
13 23 38
13 26 54
13 27 61
13 28 1
13 29 69
13 30 2
13 32 13
13 33 47
13 34 40
13 35 26
13 36 43
13 39 18
13 41 62
13 42 28
13 43 7
13 44 15
13 45 19
13 46 53
13 47 9
13 49 46
13 50 21
13 51 8
13 52 41
13 53 44
13 55 45
13 56 32
13 57 48
13 58 58
13 59 51
13 60 57
13 61 67
13 63 35
13 64 37
13 65 49
13 69 29
14 1 0
14 2 37
14 3 8
14 4 2
14 5 62
14 6 22
14 7 51
14 9 61
14 10 46
14 12 28
14 15 29
14 16 18
14 17 45
14 22 14
14 23 55
14 24 1
14 25 41
14 27 5
14 28 12
14 29 58
14 32 11
14 34 49
14 35 13
14 37 4
14 38 48
14 40 40
14 41 44
14 42 54
14 43 19
14 44 52
14 45 36
14 46 30
14 47 53
14 49 17
14 50 64
14 51 7
14 52 65
14 53 3
14 54 9
14 55 39
14 57 32
14 58 20
14 59 24
14 60 50
14 61 21
14 63 15
14 64 10
14 65 43
14 66 68
14 67 25
14 68 59
15 1 65
15 2 16
15 4 1
15 6 17
15 7 69
15 10 48
15 14 21
15 15 28
15 16 32
15 17 34
15 18 54
15 19 62
15 20 31
15 21 15
15 22 36
15 23 26
15 24 66
15 25 7
15 26 12
15 27 20
15 28 13
15 31 0
15 32 38
15 34 23
15 35 27
15 39 35
15 41 43
15 42 40
15 43 18
15 44 14
15 46 64
15 48 3
15 50 55
15 52 37
15 53 63
15 57 39
15 58 24
15 59 8
15 60 29
15 61 33
15 63 45
15 65 61
15 66 25
15 68 67
15 69 10
16 0 45
16 2 54
16 3 55
16 5 60
16 6 67
16 7 39
16 8 68
16 9 0
16 11 62
16 12 4
16 13 2
16 15 43
16 16 11
16 17 51
16 18 66
16 19 25
16 21 53
16 22 33
16 23 16
16 24 17
16 25 31
16 27 34
16 28 5
16 29 37
16 31 22
16 32 64
16 34 52
16 35 63
16 36 58
16 37 6
16 39 12
16 41 14
16 43 56
16 44 19
16 46 23
16 47 46
16 48 15
16 49 59
16 53 24
16 54 40
16 56 21
16 57 13
16 59 48
16 60 44
16 65 32
16 67 57
16 69 69
17 2 26
17 3 17
17 4 56
17 5 49
17 8 38
17 9 65
17 11 52
17 12 10
17 13 16
17 14 55
17 18 27
17 19 39
17 20 35
17 21 25
17 22 60
17 23 33
17 24 54
17 25 11
17 26 29
17 27 43
17 28 4
17 29 62
17 30 12
17 31 19
17 32 41
17 33 45
17 35 42
17 36 48
17 39 44
17 40 6
17 42 1
17 43 30
17 44 9
17 46 20
17 47 7
17 48 68
17 49 2
17 50 66
17 51 57
17 52 63
17 54 50
17 55 59
17 56 51
17 59 22
17 61 18
17 62 64
17 63 8
17 64 46
17 66 21
17 68 47
18 1 1
18 2 35
18 3 10
18 4 12
18 5 7
18 7 24
18 8 28
18 9 64
18 10 51
18 11 34
18 14 33
18 15 53
18 19 32
18 20 27
18 22 43
18 23 50
18 24 0
18 27 36
18 29 66
18 30 14
18 31 49
18 33 60
18 34 48
18 36 57
18 37 38
18 40 22
18 42 26
18 43 61
18 44 62
18 46 5
18 47 67
18 49 16
18 50 18
18 54 47
18 55 8
18 59 21
18 60 30
18 61 6
18 62 31
18 63 44
18 64 17
18 65 37
18 66 4
18 67 68
18 69 25
19 0 59
19 2 6
19 3 49
19 4 51
19 5 38
19 6 50
19 7 20
19 9 23
19 10 57
19 12 45
19 13 1
19 14 31
19 15 14
19 16 29
19 17 4
19 20 41
19 21 40
19 22 37
19 23 30
19 24 35
19 25 67
19 26 15
19 28 26
19 31 64
19 32 21
19 33 10
19 34 43
19 35 69
19 36 33
19 37 7
19 38 0
19 40 9
19 41 68
19 42 58
19 45 28
19 46 18
19 48 65
19 49 5
19 51 42
19 52 48
19 55 46
19 57 63
19 58 34
19 59 62
19 60 32
19 61 39
19 62 36
19 63 55
19 66 44
19 67 11
19 69 22
20 0 23
20 1 60
20 2 45
20 3 29
20 4 55
20 5 53
20 6 51
20 8 44
20 9 50
20 13 67
20 14 40
20 15 30
20 16 10
20 17 37
20 20 18
20 21 20
20 22 54
20 23 12
20 25 24
20 26 7
20 29 56
20 30 25
20 31 57
20 32 22
20 34 35
20 35 64
20 36 61
20 37 36
20 38 5
20 40 4
20 44 59
20 46 68
20 47 6
20 48 19
20 49 9
20 50 46
20 51 47
20 52 58
20 53 34
20 54 62
20 55 14
20 56 8
20 57 11
20 60 21
20 61 63
20 63 32
20 64 66
20 65 3
20 66 28
20 67 48
20 68 16
21 1 12
21 4 60
21 5 25
21 7 37
21 8 26
21 9 13
21 11 67
21 12 59
21 13 36
21 14 10
21 15 11
21 18 16
21 19 51
21 20 23
21 21 45
21 23 31
21 24 47
21 26 33
21 28 22
21 30 34
21 31 14
21 32 46
21 33 29
21 36 42
21 37 53
21 38 35
21 40 55
21 41 40
21 44 50
21 45 15
21 47 21
21 48 69
21 50 4
21 51 66
21 52 9
21 54 7
21 55 49
21 56 27
21 58 57
21 59 20
21 61 17
21 62 65
21 64 64
21 66 62
21 67 44
22 2 17
22 3 33
22 4 37
22 5 51
22 8 59
22 10 66
22 11 3
22 15 42
22 16 1
22 17 48
22 19 12
22 21 14
22 25 57
22 26 63
22 27 4
22 29 18
22 30 43
22 33 68
22 35 62
22 36 26
22 37 27
22 38 13
22 39 6
22 40 45
22 41 64
22 42 19
22 43 24
22 44 60
22 45 9
22 46 15
22 48 20
22 49 8
22 50 50
22 52 56
22 53 49
22 54 23
22 55 0
22 56 7
22 57 69
22 58 22
22 61 16
22 63 5
22 64 38
22 65 67
22 66 53
23 0 43
23 1 67
23 2 23
23 3 52
23 4 48
23 5 30
23 7 6
23 9 12
23 10 26
23 11 15
23 12 41
23 13 51
23 15 0
23 16 20
23 17 69
23 18 33
23 19 59
23 20 37
23 22 3
23 23 45
23 24 4
23 25 47
23 28 36
23 29 13
23 30 17
23 33 18
23 35 44
23 36 28
23 37 57
23 38 42
23 39 22
23 40 65
23 42 38
23 43 31
23 44 61
23 45 29
23 46 40
23 47 11
23 48 16
23 50 58
23 51 60
23 52 24
23 53 54
23 54 5
23 55 2
23 57 7
23 58 27
23 59 19
23 60 10
23 61 46
23 62 1
23 63 63
23 64 55
23 66 50
23 67 53
23 68 35
23 69 49
24 0 29
24 1 57
24 2 34
24 3 43
24 4 63
24 5 68
24 6 69
24 7 7
24 9 16
24 12 22
24 14 49
24 16 31
24 18 50
24 21 54
24 22 32
24 23 27
24 24 33
24 25 62
24 27 3
24 28 41
24 29 45
24 30 24
24 33 51
24 34 37
24 35 66
24 36 19
24 38 55
24 39 61
24 40 5
24 42 56
24 46 8
24 47 17
24 49 0
24 50 20
24 51 18
24 52 26
24 53 4
24 54 64
24 56 14
24 57 38
24 58 21
24 59 13
24 60 67
24 61 40
24 62 28
24 63 65
24 64 59
24 65 46
24 66 35
24 67 23
24 68 52
24 69 11
25 0 8
25 2 15
25 3 48
25 4 42
25 5 56
25 6 55
25 7 5
25 8 54
25 10 67
25 11 37
25 12 40
25 13 63
25 14 23
25 17 24
25 19 60
25 20 28
25 22 6
25 24 18
25 25 13
25 26 39
25 27 57
25 28 49
25 29 53
25 30 21
25 32 33
25 33 27
25 36 0
25 37 29
25 39 68
25 41 11
25 42 32
25 43 20
25 44 12
25 45 50
25 46 1
25 49 58
25 50 69
25 51 4
25 52 66
25 56 45
25 58 2
25 59 9
25 61 35
25 62 22
25 63 10
25 65 16
25 66 38
25 67 36
25 68 25
25 69 65
26 0 57
26 2 69
26 3 25
26 4 26
26 5 55
26 10 3
26 11 38
26 12 24
26 14 64
26 15 27
26 16 67
26 17 62
26 18 7
26 19 11
26 21 68
26 22 35
26 23 4
26 25 8
26 26 61
26 29 40
26 30 65
26 32 49
26 33 58
26 34 1
26 35 34
26 36 20
26 37 37
26 38 6
26 39 47
26 42 63
26 43 42
26 44 53
26 45 56
26 47 29
26 48 9
26 50 36
26 52 50
26 53 28
26 55 22
26 56 19
26 58 41
26 59 59
26 60 5
26 61 54
26 63 46
26 64 14
26 65 2
26 67 39
26 68 44
27 0 64
27 1 62
27 2 61
27 3 42
27 7 16
27 12 33
27 13 46
27 15 49
27 17 47
27 18 11
27 20 10
27 22 7
27 23 3
27 24 52
27 25 39
27 26 50
27 27 6
27 28 8
27 29 23
27 30 58
27 31 34
27 33 40
27 34 24
27 40 60
27 42 66
27 43 45
27 46 67
27 47 56
27 48 41
27 50 48
27 51 36
27 53 18
27 56 12
27 57 0
27 58 44
27 59 68
27 61 20
27 63 25
27 66 17
27 69 57
28 1 44
28 2 19
28 4 21
28 5 61
28 6 42
28 7 31
28 8 24
28 11 40
28 12 8
28 13 68
28 14 53
28 15 45
28 17 60
28 18 55
28 19 34
28 20 7
28 22 13
28 23 25
28 24 6
28 25 38
28 27 41
28 28 15
28 34 14
28 36 2
28 38 26
28 39 29
28 41 54
28 42 9
28 45 65
28 46 4
28 47 12
28 50 56
28 51 32
28 52 0
28 53 20
28 54 1
28 57 67
28 58 64
28 59 52
28 60 22
28 62 58
28 63 3
28 64 16
28 66 48
28 67 33
28 68 11
29 1 25
29 2 3
29 3 21
29 4 57
29 5 35
29 6 13
29 8 19
29 9 44
29 10 15
29 11 51
29 12 1
29 13 32
29 14 42
29 17 2
29 18 29
29 20 43
29 21 17
29 22 69
29 24 40
29 25 58
29 26 55
29 29 20
29 30 64
29 31 36
29 34 0
29 35 5
29 37 23
29 38 45
29 39 50
29 40 18
29 42 10
29 43 26
29 44 38
29 46 34
29 47 33
29 48 37
29 49 47
29 50 27
29 51 67
29 52 7
29 53 12
29 54 16
29 57 8
29 59 11
29 60 31
29 61 4
29 62 61
29 63 24
29 66 66
29 69 48
30 0 28
30 1 45
30 2 1
30 3 61
30 4 8
30 6 29
30 7 53
30 9 22
30 10 59
30 11 9
30 12 68
30 13 15
30 15 21
30 16 5
30 18 69
30 19 4
30 20 66
30 21 23
30 23 6
30 24 56
30 25 65
30 26 57
30 27 54
30 28 46
30 29 64
30 30 47
30 32 26
30 33 42
30 34 25
30 35 36
30 36 44
30 37 39
30 38 60
30 39 52
30 40 14
30 41 12
30 42 37
30 44 13
30 45 0
30 48 17
30 49 27
30 50 7
30 52 33
30 55 19
30 56 62
30 57 34
30 58 63
30 60 48
30 61 11
30 62 24
30 63 50
30 64 32
30 65 18
30 66 67
30 67 58
30 69 16
31 0 27
31 2 43
31 3 51
31 4 49
31 5 41
31 7 65
31 8 5
31 9 48
31 10 62
31 12 3
31 13 55
31 15 26
31 18 37
31 19 19
31 20 14
31 23 52
31 24 57
31 26 8
31 27 67
31 29 31
31 31 53
31 33 32
31 34 29
31 36 66
31 38 50
31 40 68
31 41 7
31 43 64
31 44 1
31 45 23
31 46 6
31 47 22
31 48 35
31 49 30
31 52 13
31 53 69
31 54 34
31 55 24
31 56 4
31 58 54
31 59 47
31 60 9
31 61 28
31 63 12
31 64 58
31 65 63
31 66 20
31 67 2
31 68 33
32 0 0
32 2 27
32 4 66
32 5 19
32 6 26
32 7 32
32 11 24
32 13 33
32 14 15
32 16 65
32 17 22
32 19 17
32 20 20
32 23 9
32 24 29
32 25 36
32 26 68
32 27 64
32 28 38
32 29 39
32 32 5
32 33 49
32 34 21
32 35 47
32 37 51
32 38 43
32 39 55
32 40 67
32 41 10
32 42 3
32 44 30
32 45 1
32 46 63
32 50 6
32 51 37
32 53 14
32 54 4
32 55 40
32 56 42
32 57 54
32 58 11
32 59 53
32 60 35
32 61 13
32 62 34
32 63 52
32 65 7
32 67 16
32 69 12
33 0 51
33 1 20
33 4 16
33 5 43
33 7 48
33 9 2
33 11 59
33 14 47
33 15 65
33 17 40
33 18 42
33 19 33
33 20 50
33 22 17
33 23 39
33 25 30
33 26 3
33 27 62
33 30 29
33 31 35
33 32 27
33 33 25
33 34 38
33 35 0
33 36 31
33 37 45
33 38 66
33 39 37
33 40 23
33 43 41
33 46 60
33 49 18
33 50 49
33 51 64
33 52 53
33 54 55
33 55 52
33 56 9
33 57 10
33 58 67
33 60 68
33 61 7
33 62 46
33 63 13
33 64 15
33 66 32
33 67 28
33 68 26
33 69 56
34 0 46
34 1 18
34 2 30
34 4 59
34 7 64
34 8 1
34 11 58
34 14 35
34 15 23
34 16 7
34 17 27
34 18 61
34 19 57
34 20 48
34 22 34
34 24 25
34 25 53
34 26 13
34 27 17
34 28 24
34 29 15
34 33 31
34 34 68
34 35 20
34 36 37
34 37 16
34 38 22
34 41 38
34 42 67
34 43 21
34 44 51
34 45 12
34 46 28
34 48 32
34 50 44
34 51 43
34 52 19
34 53 33
34 54 11
34 55 69
34 56 5
34 58 8
34 59 49
34 60 6
34 62 9
34 63 26
34 64 50
34 65 56
34 66 52
34 67 54
34 68 62
34 69 55
35 0 19
35 1 26
35 2 28
35 3 18
35 4 45
35 5 65
35 7 1
35 8 49
35 11 64
35 15 22
35 18 57
35 19 53
35 20 29
35 21 61
35 22 62
35 23 10
35 25 15
35 27 42
35 28 56
35 29 25
35 30 38
35 31 60
35 33 12
35 37 40
35 38 32
35 39 11
35 40 46
35 42 48
35 44 34
35 45 63
35 47 31
35 48 33
35 50 5
35 54 21
35 56 6
35 57 52
35 58 9
35 59 23
35 60 47
35 61 55
35 62 59
35 63 68
35 66 43
35 67 27
35 68 24
35 69 20
36 0 21
36 1 17
36 3 28
36 4 32
36 5 11
36 6 10
36 7 18
36 8 41
36 9 5
36 10 69
36 11 2
36 12 55
36 14 66
36 15 33
36 16 22
36 17 52
36 18 67
36 19 68
36 22 9
36 23 14
36 25 0
36 26 31
36 28 25
36 29 60
36 31 6
36 33 37
36 34 62
36 35 51
36 37 34
36 38 61
36 39 45
36 41 35
36 42 44
36 43 49
36 44 40
36 46 24
36 49 43
36 51 58
36 52 46
36 53 47
36 54 13
36 55 20
36 56 3
36 57 19
36 59 1
36 60 54
36 61 30
36 65 39
36 66 57
36 67 12
36 69 36
37 0 10
37 2 7
37 3 26
37 5 22
37 8 53
37 9 9
37 10 25
37 13 12
37 14 51
37 16 48
37 17 6
37 18 52
37 19 15
37 20 33
37 21 18
37 23 54
37 25 49
37 26 67
37 27 1
37 28 14
37 30 50
37 31 13
37 33 57
37 34 20
37 37 62
37 38 68
37 39 56
37 40 0
37 41 39
37 42 24
37 43 44
37 46 21
37 48 8
37 49 37
37 50 28
37 51 31
37 53 45
37 54 3
37 56 16
37 60 23
37 62 32
37 63 11
37 64 34
37 67 66
37 69 61
38 1 11
38 2 25
38 3 54
38 4 43
38 5 39
38 6 9
38 8 22
38 10 34
38 11 6
38 12 46
38 17 7
38 18 51
38 19 63
38 20 12
38 22 50
38 23 8
38 24 19
38 25 29
38 26 21
38 28 45
38 29 49
38 32 16
38 34 33
38 35 52
38 38 4
38 39 67
38 42 23
38 44 44
38 46 62
38 47 69
38 51 28
38 52 68
38 54 48
38 55 35
38 57 30
38 59 26
38 60 65
38 62 18
38 64 57
38 69 14
39 0 63
39 1 39
39 2 11
39 3 36
39 4 25
39 5 15
39 6 27
39 8 3
39 9 68
39 12 53
39 13 47
39 14 69
39 15 2
39 16 23
39 17 54
39 18 35
39 19 48
39 20 4
39 21 10
39 22 18
39 23 29
39 24 21
39 25 37
39 28 55
39 29 0
39 30 52
39 31 31
39 32 1
39 33 13
39 34 5
39 35 17
39 36 34
39 37 61
39 38 59
39 39 41
39 41 24
39 43 67
39 46 56
39 47 30
39 52 64
39 55 6
39 56 43
39 58 65
39 59 57
39 61 8
39 62 45
39 63 60
39 64 44
39 66 49
39 67 51
40 0 54
40 1 13
40 3 14
40 4 23
40 5 50
40 6 25
40 9 66
40 10 64
40 11 60
40 12 48
40 13 40
40 14 16
40 15 32
40 17 11
40 18 20
40 19 52
40 23 44
40 24 43
40 26 69
40 27 35
40 28 19
40 29 41
40 31 62
40 32 42
40 34 31
40 35 39
40 37 0
40 38 18
40 40 37
40 41 26
40 42 46
40 43 6
40 44 57
40 45 38
40 46 36
40 47 59
40 48 58
40 50 29
40 51 68
40 52 45
40 53 10
40 54 61
40 55 28
40 56 1
40 57 24
40 59 34
40 60 53
40 64 33
40 65 8
40 66 27
40 68 56
41 0 4
41 1 53
41 2 50
41 3 7
41 5 64
41 6 44
41 9 54
41 10 5
41 14 38
41 15 15
41 16 6
41 17 3
41 18 36
41 20 51
41 22 41
41 23 61
41 24 12
41 27 8
41 28 60
41 29 17
41 30 22
41 31 20
41 32 34
41 33 46
41 34 45
41 36 14
41 40 30
41 41 63
41 42 13
41 44 69
41 46 66
41 47 68
41 48 40
41 50 52
41 51 2
41 52 18
41 54 24
41 56 55
41 57 9
41 61 65
41 62 23
41 64 26
41 65 62
41 66 59
41 68 37
42 2 60
42 3 41
42 4 18
42 5 33
42 8 55
42 11 25
42 12 56
42 13 23
42 14 2
42 15 10
42 20 40
42 21 9
42 22 39
42 23 0
42 24 68
42 25 20
42 26 28
42 27 15
42 31 3
42 32 30
42 33 61
42 34 13
42 35 45
42 36 35
42 38 57
42 40 51
42 41 47
42 44 21
42 45 58
42 47 1
42 48 67
42 50 31
42 51 17
42 52 36
42 53 22
42 54 8
42 55 29
42 56 48
42 57 65
42 58 16
42 60 63
42 61 49
42 62 19
42 63 34
42 64 7
42 65 11
42 67 32
42 68 54
42 69 24
43 0 48
43 1 56
43 2 66
43 3 12
43 5 18
43 6 14
43 7 52
43 8 42
43 10 38
43 11 28
43 12 7
43 13 65
43 14 25
43 15 17
43 19 2
43 21 13
43 24 34
43 26 47
43 27 51
43 29 55
43 32 37
43 33 59
43 35 40
43 37 58
43 40 50
43 41 31
43 42 62
43 43 69
43 44 35
43 45 45
43 46 44
43 47 60
43 48 49
43 49 61
43 51 15
43 53 64
43 55 43
43 56 24
43 57 26
43 59 41
43 60 36
43 63 9
43 64 3
43 65 54
43 67 21
43 69 19
44 0 25
44 1 5
44 3 47
44 4 15
44 5 32
44 6 21
44 8 45
44 9 4
44 10 33
44 11 39
44 12 44
44 14 8
44 15 20
44 17 26
44 18 0
44 19 61
44 20 30
44 21 27
44 22 63
44 23 65
44 25 46
44 28 17
44 29 57
44 30 62
44 31 29
44 32 12
44 34 50
44 35 56
44 36 68
44 37 59
44 38 37
44 39 2
44 40 11
44 41 69
44 43 34
44 44 16
44 45 24
44 46 22
44 47 66
44 49 40
44 51 49
44 52 14
44 53 6
44 54 51
44 55 55
44 57 58
44 58 13
44 59 64
44 62 3
44 63 18
44 64 42
44 65 1
44 66 10
44 67 38
44 68 19
44 69 7
45 0 30
45 1 40
45 2 12
45 4 34
45 7 35
45 8 9
45 9 10
45 10 16
45 11 63
45 12 2
45 14 29
45 15 4
45 16 64
45 18 6
45 20 60
45 22 42
45 23 15
45 24 55
45 26 19
45 27 28
45 30 61
45 32 44
45 33 5
45 34 39
45 35 24
45 36 25
45 39 48
45 41 17
45 42 11
45 43 59
45 44 47
45 46 57
45 47 43
45 48 22
45 49 49
45 50 0
45 51 56
45 53 65
45 55 38
45 56 20
45 59 32
45 62 54
45 65 36
45 66 7
45 68 68
45 69 46
46 0 16
46 1 59
46 3 3
46 5 34
46 6 48
46 7 23
46 8 67
46 9 57
46 10 13
46 11 20
46 12 35
46 13 9
46 15 7
46 16 38
46 17 28
46 18 60
46 19 56
46 20 64
46 21 26
46 22 27
46 26 42
46 27 44
46 28 10
46 30 41
46 31 61
46 34 30
46 37 69
46 38 53
46 42 15
46 43 65
46 44 29
46 46 47
46 48 50
46 51 52
46 52 6
46 53 39
46 55 31
46 56 11
46 57 33
46 59 46
46 61 37
46 62 49
46 63 51
46 64 62
46 65 4
46 66 8
46 68 1
46 69 21
47 0 11
47 2 32
47 3 2
47 4 41
47 5 1
47 6 59
47 7 47
47 8 31
47 9 30
47 11 68
47 12 25
47 13 60
47 14 34
47 16 12
47 18 43
47 19 46
47 20 45
47 21 4
47 22 56
47 23 17
47 25 16
47 26 48
47 27 50
47 30 51
47 31 15
47 32 7
47 33 52
47 36 49
47 37 28
47 38 24
47 39 3
47 40 69
47 41 55
47 42 27
47 43 53
47 45 67
47 46 33
47 48 6
47 49 57
47 51 61
47 52 54
47 54 58
47 55 44
47 56 65
47 58 39
47 59 29
47 60 19
47 61 5
47 63 36
47 64 63
47 65 13
47 66 23
47 67 64
47 68 21
48 0 39
48 1 49
48 2 18
48 3 58
48 5 13
48 7 22
48 10 4
48 11 29
48 12 47
48 14 61
48 16 53
48 18 28
48 19 23
48 20 57
48 22 24
48 24 10
48 25 60
48 26 38
48 27 26
48 28 66
48 30 56
48 31 1
48 32 59
48 33 33
48 35 3
48 37 63
48 38 12
48 39 9
48 40 54
48 41 50
48 42 34
48 43 68
48 45 8
48 46 48
48 48 21
48 49 32
48 51 27
48 52 42
48 54 52
48 55 16
48 56 36
48 57 43
48 58 30
48 61 64
48 62 0
48 63 37
48 65 44
48 66 5
48 67 19
48 68 55
48 69 35
49 2 40
49 5 2
49 6 8
49 7 29
49 9 39
49 11 19
49 13 61
49 14 48
49 16 0
49 17 41
49 19 64
49 20 17
49 23 59
49 25 22
49 27 25
49 28 52
49 29 67
49 30 54
49 31 42
49 32 4
49 33 69
49 34 55
49 35 7
49 36 24
49 37 3
49 38 63
49 40 38
49 41 21
49 47 20
49 48 27
49 50 10
49 51 50
49 52 28
49 53 51
49 54 53
49 55 18
49 57 68
49 58 33
49 59 6
49 60 37
49 62 30
49 64 1
49 65 35
49 68 65
50 0 50
50 1 14
50 3 24
50 4 46
50 5 9
50 6 28
50 9 45
50 10 32
50 11 16
50 12 19
50 13 0
50 14 59
50 16 47
50 18 17
50 19 3
50 22 53
50 23 48
50 24 42
50 25 27
50 26 51
50 27 37
50 29 54
50 30 6
50 31 10
50 34 56
50 36 65
50 37 66
50 39 64
50 40 34
50 41 36
50 43 22
50 44 49
50 45 2
50 50 62
50 51 38
50 52 11
50 53 52
50 54 15
50 55 60
50 57 44
50 58 12
50 59 69
50 60 25
50 61 23
50 62 7
50 65 20
50 67 18
50 68 31
51 0 68
51 1 51
51 2 20
51 4 27
51 5 21
51 6 65
51 10 8
51 11 69
51 13 49
51 14 0
51 15 56
51 16 14
51 17 9
51 18 62
51 19 43
51 20 24
51 21 37
51 23 66
51 24 2
51 25 54
51 26 59
51 28 28
51 29 61
51 31 45
51 32 63
51 33 16
51 34 42
51 36 12
51 37 52
51 39 15
51 40 7
51 41 53
51 42 55
51 45 41
51 46 46
51 47 50
51 49 64
51 51 11
51 52 40
51 53 1
51 54 44
51 55 48
51 56 58
51 57 60
51 58 25
51 59 18
51 60 3
51 62 35
51 63 19
51 64 6
51 65 22
51 67 31
51 68 29
51 69 30
52 0 15
52 1 9
52 2 14
52 3 19
52 4 13
52 5 66
52 8 63
52 9 55
52 10 52
52 11 35
52 12 54
52 14 28
52 15 44
52 16 39
52 17 21
52 18 22
52 20 34
52 21 57
52 22 46
52 23 62
52 26 0
52 27 29
52 28 20
52 29 16
52 30 3
52 32 53
52 36 40
52 37 30
52 39 27
52 40 36
52 41 6
52 42 68
52 43 33
52 44 25
52 45 49
52 47 37
52 50 45
52 51 69
52 52 31
52 53 11
52 54 18
52 57 5
52 58 26
52 60 24
52 61 47
52 63 7
52 65 23
52 66 51
52 67 42
52 68 32
52 69 17
53 0 24
53 1 66
53 2 49
53 3 38
53 4 31
53 5 36
53 6 41
53 7 15
53 8 64
53 9 42
53 10 20
53 12 21
53 14 18
53 16 33
53 18 45
53 19 50
53 20 32
53 22 61
53 25 35
53 27 58
53 28 65
53 30 23
53 32 10
53 35 43
53 36 39
53 37 2
53 38 34
53 40 26
53 41 37
53 42 60
53 43 63
53 44 56
53 47 62
53 48 52
53 49 67
53 52 29
53 53 5
53 54 57
53 55 7
53 56 0
53 57 6
53 58 68
53 60 11
53 61 22
53 62 25
53 63 69
53 64 54
53 67 4
53 68 8
53 69 47
54 0 67
54 2 38
54 3 69
54 4 19
54 7 8
54 8 47
54 9 17
54 11 33
54 12 52
54 14 37
54 15 36
54 16 40
54 17 18
54 19 10
54 20 58
54 21 21
54 23 13
54 24 53
54 25 55
54 26 16
54 27 12
54 28 44
54 30 68
54 31 30
54 32 50
54 33 22
54 35 9
54 38 1
54 40 27
54 42 4
54 43 66
54 44 0
54 45 57
54 49 20
54 50 35
54 52 2
54 53 23
54 54 41
54 56 34
54 57 29
54 59 61
54 61 60
54 65 15
54 66 56
54 68 43
54 69 64
55 0 26
55 3 66
55 4 67
55 5 47
55 6 0
55 9 19
55 11 61
55 12 6
55 13 35
55 14 11
55 17 56
55 18 18
55 19 20
55 21 51
55 22 31
55 23 37
55 24 50
55 25 4
55 26 49
55 28 32
55 30 1
55 31 16
55 32 8
55 33 53
55 35 60
55 40 43
55 41 57
55 42 12
55 43 38
55 44 63
55 46 25
55 48 46
55 50 17
55 51 44
55 52 52
55 53 55
55 54 42
55 55 5
55 56 69
55 57 3
55 58 7
55 59 30
55 60 40
55 61 29
55 62 21
55 63 23
55 65 58
55 66 45
55 68 64
55 69 15
56 0 20
56 2 9
56 3 53
56 5 45
56 6 36
56 7 38
56 8 13
56 9 69
56 10 37
56 11 47
56 13 56
56 14 46
56 16 2
56 17 68
56 18 10
56 19 29
56 20 62
56 21 22
56 22 26
56 24 30
56 25 63
56 26 4
56 27 0
56 28 34
56 29 24
56 30 27
56 31 23
56 32 28
56 34 57
56 35 6
56 36 5
56 37 8
56 38 14
56 39 1
56 41 60
56 42 65
56 43 40
56 45 21
56 47 51
56 50 11
56 52 3
56 53 41
56 54 49
56 56 59
56 57 61
56 58 50
56 59 17
56 60 55
56 62 44
56 63 58
56 64 12
56 65 19
56 66 18
56 67 35
56 68 7
56 69 31
57 0 2
57 1 48
57 3 27
57 4 29
57 5 37
57 6 45
57 7 4
57 10 55
57 11 36
57 12 34
57 13 8
57 15 41
57 16 16
57 17 1
57 18 65
57 20 21
57 24 22
57 25 19
57 26 26
57 27 63
57 28 18
57 29 10
57 30 57
57 31 44
57 36 52
57 37 24
57 38 58
57 40 12
57 41 51
57 43 46
57 44 3
57 47 54
57 48 28
57 52 23
57 53 9
57 54 31
57 55 17
57 57 25
57 58 61
57 59 7
57 60 56
57 64 60
57 65 42
57 66 33
57 67 20
57 69 13
58 1 64
58 2 22
58 3 23
58 5 16
58 6 34
58 7 56
58 8 58
58 9 24
58 10 0
58 11 43
58 12 5
58 13 21
58 14 7
58 16 26
58 17 32
58 19 65
58 22 11
58 24 31
58 25 18
58 27 55
58 29 35
58 30 15
58 31 59
58 32 47
58 35 33
58 39 17
58 42 2
58 43 62
58 44 28
58 46 9
58 47 48
58 48 53
58 49 54
58 50 68
58 51 6
58 52 27
58 53 61
58 59 37
58 61 1
58 62 20
58 64 49
58 65 38
58 66 69
58 68 13
58 69 40
59 0 55
59 2 21
59 3 64
59 4 28
59 5 12
59 6 18
59 7 42
59 8 6
59 9 58
59 10 65
59 11 48
59 12 9
59 13 17
59 14 14
59 16 57
59 17 44
59 21 0
59 23 68
59 25 43
59 26 40
59 27 31
59 30 37
59 32 23
59 33 54
59 34 2
59 35 35
59 37 60
59 41 61
59 43 27
59 44 32
59 45 53
59 46 59
59 48 29
59 50 8
59 51 62
59 53 56
59 54 39
59 55 47
59 57 49
59 59 16
59 60 34
59 61 50
59 62 13
59 64 20
59 65 69
59 67 46
59 68 22
60 0 49
60 1 31
60 2 4
60 4 52
60 5 26
60 6 63
60 7 30
60 9 6
60 10 41
60 14 1
60 15 55
60 16 9
60 18 38
60 19 16
60 20 61
60 21 58
60 22 22
60 23 11
60 24 27
60 25 33
60 26 64
60 28 69
60 29 12
60 30 44
60 31 43
60 33 23
60 34 66
60 35 65
60 36 53
60 37 18
60 38 46
60 41 48
60 42 20
60 43 29
60 45 17
60 46 7
60 47 32
60 48 36
60 49 15
60 50 67
60 51 51
60 52 8
60 53 2
60 56 35
60 57 62
60 58 10
60 59 50
60 60 39
60 62 5
60 63 57
60 66 0
60 67 34
60 69 37
61 0 56
61 1 34
61 2 44
61 3 68
61 4 10
61 5 14
61 6 12
61 7 50
61 8 7
61 9 29
61 10 24
61 11 66
61 12 27
61 14 26
61 16 21
61 18 47
61 19 58
61 21 11
61 22 45
61 23 40
61 25 2
61 27 22
61 28 42
61 30 9
61 31 67
61 33 0
61 34 15
61 36 8
61 37 49
61 39 16
61 40 32
61 41 59
61 43 54
61 44 18
61 45 48
61 46 38
61 47 64
61 48 4
61 50 57
61 52 39
61 55 23
61 56 37
61 57 51
61 58 53
61 59 63
61 60 43
61 61 52
61 62 55
61 65 25
61 67 60
61 68 6
62 0 9
62 1 50
62 3 16
62 5 52
62 6 19
62 7 49
62 8 30
62 9 60
62 10 12
62 11 5
62 12 17
62 13 20
62 14 63
62 15 13
62 16 37
62 17 59
62 18 14
62 19 22
62 20 3
62 21 43
62 22 2
62 23 67
62 24 61
62 25 26
62 29 32
62 30 0
62 31 28
62 32 31
62 34 34
62 36 54
62 37 48
62 39 7
62 40 66
62 41 25
62 42 64
62 43 10
62 44 23
62 45 51
62 46 55
62 47 35
62 48 38
62 49 33
62 50 1
62 52 69
62 53 62
62 54 36
62 55 53
62 56 46
62 57 45
62 58 56
62 59 65
62 60 42
62 63 6
62 65 68
62 66 58
62 68 15
63 1 47
63 3 1
63 4 53
63 5 24
63 9 62
63 10 50
63 11 21
63 12 18
63 14 67
63 17 57
63 18 58
63 19 36
63 20 22
63 21 69
63 22 55
63 25 5
63 26 44
63 27 11
63 28 3
63 29 14
63 30 30
63 31 7
63 32 15
63 33 6
63 34 61
63 35 68
63 36 45
63 37 9
63 38 33
63 39 0
63 40 28
63 42 29
63 43 25
63 44 39
63 45 10
63 48 60
63 49 35
63 51 19
63 52 59
63 53 48
63 54 56
63 55 41
63 56 2
63 57 20
63 58 32
63 59 43
63 61 34
63 62 40
63 63 16
63 64 8
63 65 12
63 66 26
63 67 13
63 68 42
64 0 33
64 1 8
64 3 32
64 4 22
64 7 10
64 8 39
64 9 3
64 10 14
64 12 26
64 14 13
64 15 48
64 16 34
64 18 64
64 19 31
64 20 47
64 21 12
64 22 30
64 23 7
64 26 17
64 27 59
64 28 29
64 29 21
64 30 40
64 31 50
64 32 54
64 33 19
64 35 58
64 36 4
64 38 65
64 42 6
64 43 37
64 44 2
64 47 57
64 48 1
64 49 36
64 51 41
64 52 62
64 53 67
64 54 43
64 55 61
64 56 63
64 58 51
64 59 60
64 60 28
64 61 45
64 63 38
64 64 69
64 65 9
64 66 24
64 67 5
64 68 49
65 0 37
65 3 67
65 4 11
65 7 0
65 8 61
65 9 35
65 10 43
65 12 14
65 13 64
65 14 5
65 15 9
65 16 66
65 17 36
65 19 40
65 20 52
65 22 57
65 23 18
65 24 41
65 26 32
65 27 23
65 28 58
65 29 29
65 31 68
65 32 24
65 34 63
65 37 21
65 38 25
65 39 20
65 41 45
65 44 55
65 46 3
65 47 16
65 48 31
65 50 34
65 51 46
65 54 12
65 55 50
65 56 54
65 57 27
65 59 42
65 61 48
65 62 4
65 64 51
65 65 65
65 66 2
65 68 17
65 69 62
66 0 12
66 1 55
66 6 60
66 8 16
66 9 38
66 10 17
66 11 14
66 12 51
66 14 68
66 15 35
66 17 33
66 20 8
66 22 40
66 23 23
66 27 65
66 28 67
66 29 50
66 30 31
66 31 5
66 32 32
66 33 28
66 35 21
66 36 69
66 38 7
66 40 61
66 43 52
66 45 47
66 46 37
66 48 26
66 49 41
66 50 13
66 52 20
66 54 29
66 55 36
66 56 22
66 57 15
66 58 49
66 59 25
66 61 53
66 63 66
66 66 11
66 68 58
66 69 3
67 1 42
67 2 64
67 3 60
67 4 33
67 6 68
67 7 58
67 8 43
67 9 36
67 11 11
67 12 20
67 13 10
67 14 4
67 15 3
67 16 61
67 17 55
67 18 41
67 19 45
67 20 44
67 22 38
67 23 32
67 25 56
67 26 24
67 27 39
67 29 59
67 30 53
67 33 48
67 34 19
67 35 25
67 36 29
67 37 46
67 38 17
67 44 65
67 45 7
67 47 18
67 49 26
67 50 9
67 51 34
67 52 57
67 53 37
67 54 66
67 56 30
67 57 16
67 58 15
67 59 5
67 61 2
67 62 62
67 63 31
67 64 35
67 67 52
67 68 63
67 69 0
68 1 15
68 3 22
68 5 48
68 6 64
68 8 0
68 9 40
68 11 53
68 12 16
68 14 54
68 15 61
68 16 50
68 19 24
68 20 65
68 21 39
68 22 19
68 24 13
68 25 59
68 26 37
68 28 30
68 30 32
68 32 62
68 34 4
68 35 23
68 36 56
68 37 12
68 38 28
68 40 17
68 41 8
68 42 31
68 43 43
68 44 11
68 47 34
68 48 55
68 49 69
68 50 63
68 53 25
68 54 33
68 55 3
68 58 60
68 59 38
68 60 18
68 61 27
68 64 47
68 65 51
68 66 46
68 67 67
68 68 9
69 0 53
69 1 29
69 2 33
69 4 17
69 5 46
69 6 11
69 7 54
69 8 66
69 9 27
69 10 56
69 11 41
69 12 15
69 13 45
69 16 24
69 17 42
69 19 1
69 20 26
69 21 49
69 25 28
69 27 68
69 28 35
69 29 6
69 30 16
69 31 9
69 32 39
69 33 62
69 34 65
69 35 55
69 38 69
69 39 14
69 40 2
69 41 18
69 42 30
69 44 31
69 45 4
69 48 44
69 49 52
69 50 23
69 51 59
69 53 8
69 54 19
69 56 10
69 57 57
69 58 36
69 60 20
69 61 38
69 63 21
69 65 34
69 67 47
69 68 61
69 69 63
