60
0 3 46
0 4 3
0 5 27
0 7 30
0 9 45
0 10 41
0 11 36
0 12 19
0 13 25
0 14 6
0 16 9
0 19 37
0 22 5
0 23 2
0 26 28
0 27 34
0 29 26
0 32 53
0 33 1
0 34 55
0 36 15
0 37 14
0 38 52
0 39 12
0 40 20
0 41 11
0 42 42
0 45 17
0 47 31
0 48 24
0 50 16
0 52 23
0 53 50
0 54 57
0 56 38
0 58 4
0 59 47
1 0 27
1 2 44
1 4 4
1 6 30
1 7 26
1 8 19
1 12 2
1 14 58
1 15 38
1 16 22
1 18 28
1 20 37
1 21 3
1 22 54
1 26 10
1 27 56
1 28 32
1 29 16
1 31 17
1 32 43
1 33 55
1 38 11
1 39 52
1 45 51
1 48 46
1 50 48
1 51 18
1 53 47
1 54 45
1 55 25
1 57 15
1 58 20
1 59 9
2 0 41
2 2 20
2 3 22
2 4 11
2 5 7
2 6 14
2 9 43
2 10 8
2 11 6
2 12 13
2 15 44
2 16 40
2 17 24
2 20 50
2 22 1
2 23 3
2 26 4
2 27 51
2 29 57
2 32 9
2 33 25
2 34 2
2 35 23
2 38 31
2 41 48
2 42 10
2 44 33
2 46 34
2 49 36
2 50 0
2 51 17
2 52 58
2 53 32
2 54 42
2 55 12
2 57 45
2 58 30
2 59 39
3 0 36
3 1 28
3 3 56
3 7 9
3 12 12
3 13 51
3 17 4
3 18 8
3 19 41
3 21 48
3 22 23
3 23 35
3 24 43
3 25 19
3 26 34
3 27 15
3 28 20
3 29 39
3 31 52
3 32 26
3 33 42
3 34 50
3 36 3
3 37 37
3 41 21
3 43 30
3 44 59
3 45 6
3 47 45
3 49 47
3 51 14
3 52 27
3 53 38
3 54 7
3 56 32
3 57 18
3 58 0
4 0 26
4 1 48
4 2 41
4 3 0
4 8 37
4 9 55
4 10 51
4 11 27
4 12 23
4 14 35
4 15 10
4 16 16
4 18 57
4 19 13
4 22 21
4 23 29
4 24 54
4 25 43
4 26 15
4 28 50
4 30 33
4 34 34
4 36 6
4 38 28
4 39 20
4 40 4
4 41 30
4 42 14
4 43 24
4 44 17
4 45 36
4 46 58
4 49 8
4 50 11
4 53 53
4 54 52
4 55 39
4 56 9
4 57 1
4 58 25
4 59 45
5 0 48
5 1 22
5 2 8
5 4 55
5 5 24
5 7 18
5 8 25
5 9 37
5 11 32
5 12 39
5 13 40
5 14 30
5 16 7
5 17 31
5 18 36
5 21 2
5 22 33
5 30 17
5 31 28
5 32 41
5 33 49
5 35 59
5 37 54
5 39 0
5 41 5
5 42 20
5 43 10
5 44 43
5 45 19
5 46 6
5 49 58
5 50 56
5 52 45
5 53 42
5 54 35
5 55 27
5 57 51
5 58 52
5 59 1
6 1 0
6 4 53
6 6 56
6 7 37
6 8 5
6 9 10
6 11 34
6 13 43
6 14 32
6 15 22
6 17 29
6 18 14
6 20 28
6 24 36
6 26 49
6 27 1
6 28 23
6 29 58
6 30 21
6 31 4
6 34 52
6 41 27
6 43 12
6 45 7
6 46 33
6 47 51
6 48 20
6 51 6
6 53 59
6 56 40
6 59 57
7 0 53
7 5 14
7 6 33
7 8 21
7 9 39
7 10 56
7 11 52
7 12 34
7 14 18
7 16 58
7 17 19
7 19 40
7 20 10
7 22 45
7 24 50
7 25 1
7 26 47
7 27 2
7 29 27
7 31 16
7 36 49
7 37 59
7 38 22
7 39 8
7 42 57
7 43 43
7 44 28
7 47 4
7 48 12
7 50 30
7 51 42
7 53 31
7 54 3
7 55 54
7 56 37
7 59 5
8 0 45
8 2 37
8 3 59
8 5 51
8 6 23
8 7 8
8 9 5
8 13 34
8 15 35
8 16 57
8 17 41
8 18 6
8 21 4
8 22 7
8 23 20
8 24 1
8 26 22
8 27 0
8 28 24
8 32 27
8 34 11
8 36 36
8 38 50
8 39 30
8 42 38
8 43 39
8 49 56
8 50 12
8 53 17
8 55 47
8 57 14
8 58 3
8 59 19
9 3 3
9 4 31
9 5 26
9 6 2
9 8 59
9 9 48
9 10 25
9 13 35
9 15 0
9 16 53
9 19 4
9 20 39
9 21 37
9 22 36
9 24 20
9 29 23
9 32 5
9 33 21
9 35 32
9 36 24
9 37 6
9 39 14
9 40 10
9 41 44
9 42 8
9 44 29
9 45 9
9 49 22
9 50 45
9 51 19
9 52 12
9 53 49
9 54 17
9 55 58
9 57 43
9 59 42
10 0 6
10 2 59
10 3 54
10 4 2
10 7 21
10 8 1
10 9 12
10 10 13
10 11 10
10 13 41
10 18 20
10 19 45
10 21 23
10 22 57
10 23 8
10 24 52
10 27 49
10 30 29
10 31 26
10 32 31
10 33 38
10 35 14
10 36 37
10 37 11
10 41 58
10 42 28
10 45 40
10 46 16
10 47 3
10 49 19
10 51 36
10 52 5
10 53 34
10 57 55
11 1 30
11 2 40
11 3 21
11 4 41
11 5 29
11 7 24
11 8 51
11 10 2
11 11 7
11 15 14
11 16 36
11 18 23
11 20 22
11 22 48
11 23 28
11 24 56
11 25 42
11 26 16
11 29 32
11 30 9
11 31 43
11 32 18
11 34 58
11 36 13
11 40 15
11 41 47
11 42 6
11 45 3
11 46 46
11 47 12
11 49 52
11 50 53
11 52 33
11 53 27
11 54 26
11 56 17
11 57 25
12 0 25
12 1 53
12 2 29
12 3 6
12 4 58
12 6 5
12 7 12
12 9 3
12 10 19
12 12 47
12 13 9
12 15 11
12 16 35
12 17 27
12 18 52
12 20 40
12 21 41
12 24 51
12 25 57
12 26 38
12 28 15
12 29 31
12 30 26
12 31 21
12 33 43
12 35 33
12 36 32
12 38 55
12 40 50
12 41 13
12 42 44
12 43 59
12 44 2
12 45 14
12 48 10
12 49 16
12 50 28
12 51 23
12 52 39
12 53 30
12 54 56
13 3 55
13 5 36
13 6 43
13 8 8
13 14 26
13 16 47
13 20 9
13 21 20
13 23 41
13 24 40
13 25 28
13 26 6
13 27 21
13 28 27
13 29 29
13 30 45
13 31 15
13 33 37
13 34 38
13 36 25
13 40 2
13 41 57
13 42 5
13 43 58
13 44 10
13 46 12
13 47 53
13 53 56
13 54 49
13 55 33
13 56 3
13 59 4
14 0 13
14 3 8
14 5 32
14 6 17
14 7 59
14 8 10
14 10 58
14 14 56
14 15 52
14 17 54
14 18 33
14 21 39
14 22 18
14 23 26
14 25 3
14 26 46
14 27 53
14 28 29
14 29 14
14 30 42
14 32 38
14 33 9
14 35 12
14 39 55
14 41 37
14 43 35
14 46 51
14 48 57
14 50 44
14 52 34
14 55 6
14 57 23
14 58 40
15 0 33
15 1 15
15 2 48
15 3 37
15 5 44
15 6 11
15 7 58
15 8 17
15 10 18
15 11 26
15 12 25
15 15 6
15 16 4
15 19 1
15 21 14
15 22 12
15 23 36
15 25 47
15 27 23
15 29 22
15 31 3
15 32 19
15 34 28
15 35 42
15 37 41
15 39 38
15 43 20
15 45 53
15 46 59
15 49 57
15 51 43
15 52 10
15 53 45
15 54 21
15 55 8
15 56 0
15 57 7
15 58 56
16 0 52
16 3 30
16 4 50
16 6 37
16 8 27
16 11 2
16 13 17
16 15 56
16 16 32
16 17 42
16 19 54
16 23 58
16 25 34
16 27 48
16 29 19
16 30 53
16 32 59
16 35 16
16 37 31
16 39 57
16 40 6
16 41 45
16 45 5
16 46 55
16 47 33
16 48 23
16 49 28
16 50 15
16 51 29
16 52 25
16 53 39
16 56 36
16 59 41
17 1 21
17 2 30
17 3 11
17 4 15
17 6 52
17 9 23
17 10 48
17 12 10
17 13 36
17 18 19
17 19 58
17 21 13
17 25 6
17 27 44
17 29 20
17 30 34
17 31 47
17 34 26
17 37 5
17 38 53
17 40 49
17 41 42
17 43 56
17 44 54
17 45 39
17 46 3
17 47 55
17 48 18
17 49 9
17 50 33
17 52 32
17 53 12
17 56 46
17 57 57
17 59 14
18 0 32
18 4 35
18 6 1
18 7 54
18 9 9
18 10 40
18 11 49
18 12 46
18 15 16
18 18 29
18 19 6
18 22 27
18 23 18
18 25 55
18 26 5
18 27 7
18 28 30
18 29 53
18 30 41
18 31 11
18 32 20
18 33 26
18 34 19
18 36 57
18 39 50
18 42 56
18 45 23
18 48 0
18 50 39
18 51 58
18 52 28
18 54 33
18 55 51
18 58 17
18 59 22
19 0 18
19 1 46
19 2 24
19 3 52
19 4 29
19 5 17
19 7 56
19 8 57
19 9 34
19 11 28
19 14 49
19 15 2
19 16 54
19 18 27
19 19 33
19 20 0
19 21 32
19 23 50
19 24 25
19 25 13
19 28 7
19 29 51
19 32 36
19 33 22
19 36 12
19 37 48
19 38 58
19 39 3
19 40 21
19 41 19
19 44 6
19 45 37
19 47 15
19 49 59
19 50 10
19 51 30
19 52 16
19 55 31
19 57 39
19 58 42
19 59 26
20 0 15
20 1 58
20 2 4
20 3 51
20 4 21
20 5 41
20 6 39
20 7 34
20 10 38
20 11 18
20 13 28
20 14 13
20 15 26
20 16 59
20 17 1
20 18 22
20 19 14
20 20 44
20 21 47
20 22 42
20 24 3
20 25 56
20 26 57
20 28 0
20 29 12
20 32 17
20 34 25
20 35 36
20 38 10
20 43 49
20 44 50
20 48 40
20 49 45
20 51 53
20 52 11
20 53 35
20 54 54
20 56 2
20 57 19
20 58 33
21 0 51
21 3 58
21 4 42
21 5 47
21 6 15
21 7 44
21 8 20
21 10 9
21 16 13
21 19 11
21 22 22
21 24 28
21 26 50
21 27 27
21 29 40
21 30 24
21 31 5
21 32 34
21 33 18
21 37 10
21 38 25
21 39 7
21 41 49
21 45 12
21 47 41
21 48 26
21 49 35
21 51 46
21 53 2
21 55 43
21 56 54
21 57 17
21 58 37
22 1 23
22 3 43
22 4 10
22 5 55
22 6 31
22 7 25
22 8 6
22 12 45
22 13 15
22 14 17
22 15 28
22 17 12
22 19 0
22 26 33
22 27 13
22 28 18
22 30 3
22 31 51
22 32 46
22 34 29
22 37 47
22 38 20
22 41 4
22 43 52
22 45 22
22 46 2
22 47 19
22 48 49
22 49 53
22 50 57
22 52 42
22 53 37
22 55 30
22 56 56
22 58 21
22 59 38
23 0 16
23 2 35
23 4 49
23 5 5
23 6 22
23 7 46
23 8 15
23 9 41
23 11 23
23 13 8
23 14 34
23 17 53
23 18 45
23 22 13
23 23 54
23 24 11
23 25 38
23 29 17
23 32 25
23 33 56
23 35 26
23 38 6
23 41 29
23 42 3
23 43 28
23 46 19
23 47 52
23 48 2
23 49 0
23 53 7
23 55 32
23 56 1
23 57 48
24 0 22
24 2 34
24 3 49
24 7 36
24 8 44
24 11 4
24 13 55
24 16 30
24 18 32
24 19 23
24 22 58
24 23 21
24 24 2
24 25 26
24 27 24
24 29 52
24 30 10
24 31 57
24 33 3
24 35 41
24 36 47
24 38 45
24 42 31
24 44 9
24 45 59
24 48 27
24 50 46
24 52 40
24 54 8
24 55 38
24 57 56
24 58 11
24 59 50
25 1 38
25 3 20
25 4 47
25 5 3
25 7 10
25 8 30
25 11 59
25 12 53
25 13 5
25 14 0
25 15 31
25 16 41
25 17 56
25 18 48
25 19 19
25 23 45
25 25 7
25 26 36
25 27 39
25 28 11
25 29 2
25 30 28
25 31 14
25 32 35
25 33 54
25 34 9
25 36 50
25 37 29
25 39 58
25 43 46
25 45 33
25 46 18
25 49 6
25 50 27
25 53 52
25 54 12
26 1 43
26 2 3
26 3 1
26 4 39
26 5 15
26 6 58
26 8 13
26 10 57
26 11 25
26 13 48
26 14 41
26 16 6
26 17 35
26 19 52
26 23 30
26 25 24
26 26 51
26 27 33
26 29 56
26 30 47
26 31 0
26 32 23
26 33 8
26 34 53
26 35 27
26 39 40
26 41 12
26 42 18
26 44 46
26 47 32
26 48 55
26 49 7
26 51 44
26 54 14
26 55 2
26 56 26
26 57 29
26 58 45
26 59 28
27 0 24
27 1 50
27 3 35
27 4 8
27 7 55
27 8 36
27 9 11
27 10 49
27 12 42
27 13 30
27 15 48
27 19 56
27 21 26
27 22 10
27 23 1
27 24 17
27 25 32
27 26 37
27 27 16
27 29 7
27 30 57
27 31 58
27 32 45
27 37 38
27 39 22
27 41 2
27 42 54
27 43 19
27 44 40
27 48 33
27 50 3
27 53 15
27 54 4
27 55 44
27 57 31
27 58 47
28 3 5
28 4 45
28 5 35
28 6 34
28 7 43
28 9 17
28 10 3
28 12 55
28 14 46
28 15 29
28 16 19
28 17 20
28 19 24
28 22 4
28 23 44
28 24 49
28 26 12
28 28 39
28 31 7
28 32 15
28 34 40
28 36 51
28 37 57
28 39 10
28 40 28
28 41 52
28 43 33
28 44 25
28 46 27
28 48 1
28 49 18
28 52 56
28 53 16
28 55 22
28 57 9
29 0 35
29 1 27
29 4 48
29 5 18
29 7 14
29 8 7
29 9 8
29 10 20
29 11 21
29 12 29
29 14 53
29 15 30
29 16 3
29 17 43
29 18 15
29 19 51
29 20 17
29 22 26
29 23 39
29 25 11
29 26 2
29 28 49
29 29 42
29 30 50
29 31 55
29 32 4
29 33 31
29 34 23
29 36 56
29 37 1
29 40 9
29 41 32
29 43 54
29 44 47
29 46 40
29 48 58
29 49 5
29 51 38
29 53 22
29 55 0
29 56 57
29 57 59
29 59 37
30 0 12
30 1 29
30 2 17
30 6 18
30 9 44
30 10 7
30 13 54
30 18 59
30 19 8
30 21 38
30 23 22
30 24 34
30 26 25
30 27 52
30 28 40
30 29 35
30 32 39
30 35 20
30 36 55
30 38 49
30 39 19
30 40 31
30 41 43
30 42 21
30 43 4
30 47 13
30 48 56
30 49 24
30 51 51
30 53 57
30 55 5
30 57 32
30 58 15
30 59 27
31 4 32
31 6 41
31 7 2
31 10 42
31 11 3
31 12 37
31 14 28
31 15 55
31 16 1
31 17 23
31 18 0
31 20 6
31 21 36
31 23 43
31 24 9
31 25 45
31 26 48
31 28 56
31 29 59
31 30 22
31 31 31
31 36 21
31 37 24
31 39 53
31 40 8
31 41 35
31 42 12
31 43 34
31 44 44
31 45 57
31 46 38
31 47 58
31 56 10
31 57 49
31 58 19
31 59 25
32 1 26
32 3 14
32 4 27
32 5 42
32 6 28
32 8 4
32 9 29
32 10 21
32 11 44
32 12 57
32 13 46
32 15 12
32 16 34
32 17 40
32 18 16
32 19 2
32 20 58
32 21 31
32 29 55
32 30 48
32 31 41
32 32 10
32 33 36
32 34 0
32 35 35
32 37 30
32 38 1
32 44 19
32 48 13
32 51 5
32 52 15
32 53 33
32 54 6
32 55 23
32 58 32
33 2 56
33 3 16
33 5 20
33 7 4
33 8 35
33 10 15
33 13 22
33 14 10
33 15 51
33 17 45
33 18 2
33 19 48
33 20 43
33 27 18
33 28 25
33 29 33
33 33 40
33 36 54
33 37 39
33 38 38
33 39 32
33 40 59
33 41 17
33 43 53
33 44 14
33 45 8
33 49 46
33 50 49
33 51 26
33 53 19
33 54 28
33 56 42
33 57 12
34 0 20
34 1 51
34 2 55
34 3 13
34 4 46
34 7 3
34 8 22
34 9 6
34 10 44
34 11 38
34 17 21
34 18 40
34 20 53
34 21 12
34 22 59
34 23 56
34 25 41
34 27 17
34 28 28
34 29 8
34 32 29
34 33 34
34 34 24
34 35 9
34 36 19
34 37 36
34 39 49
34 42 39
34 43 32
34 44 57
34 45 25
34 46 42
34 47 23
34 48 45
34 49 31
34 51 15
34 52 47
34 53 54
34 54 18
34 55 11
34 58 2
35 0 3
35 1 32
35 2 14
35 3 2
35 6 45
35 7 49
35 8 33
35 9 22
35 10 16
35 11 8
35 12 51
35 18 24
35 20 5
35 23 13
35 24 58
35 25 52
35 26 21
35 27 11
35 29 36
35 30 46
35 32 12
35 33 44
35 34 10
35 36 20
35 39 23
35 40 47
35 42 34
35 45 41
35 46 1
35 47 37
35 48 28
35 52 0
35 53 9
35 54 50
35 56 15
35 58 35
35 59 43
36 6 13
36 7 40
36 9 53
36 10 46
36 13 37
36 14 45
36 17 3
36 19 27
36 20 20
36 21 58
36 23 16
36 24 5
36 25 10
36 26 18
36 27 25
36 31 56
36 32 11
36 33 47
36 34 48
36 40 38
36 41 7
36 43 15
36 44 0
36 46 28
36 48 6
36 49 26
36 50 17
36 52 57
36 53 1
36 54 34
36 55 19
36 57 41
36 58 8
36 59 35
37 0 28
37 1 52
37 3 34
37 4 5
37 7 32
37 8 49
37 10 24
37 11 41
37 12 17
37 13 23
37 14 3
37 16 21
37 18 12
37 22 31
37 23 7
37 26 40
37 27 22
37 28 38
37 30 20
37 31 13
37 32 57
37 33 58
37 34 15
37 36 2
37 37 53
37 38 0
37 39 48
37 41 26
37 42 33
37 43 18
37 44 45
37 46 30
37 47 16
37 48 42
37 50 54
37 51 37
37 52 44
37 53 6
37 54 59
37 55 50
37 56 55
37 57 10
37 58 39
38 1 2
38 3 29
38 4 34
38 7 53
38 8 55
38 9 40
38 12 7
38 14 25
38 15 49
38 17 38
38 18 30
38 19 26
38 20 56
38 22 14
38 23 47
38 24 23
38 26 52
38 27 58
38 30 39
38 31 27
38 32 50
38 34 8
38 35 0
38 38 19
38 40 43
38 41 9
38 45 10
38 46 44
38 48 15
38 51 54
38 52 20
38 53 18
38 57 3
39 0 31
39 1 5
39 2 23
39 4 37
39 5 53
39 11 16
39 12 3
39 13 7
39 15 43
39 16 20
39 17 13
39 19 18
39 22 47
39 23 34
39 24 46
39 25 51
39 26 0
39 27 10
39 28 4
39 30 6
39 31 35
39 33 59
39 34 57
39 36 45
39 37 44
39 38 24
39 39 41
39 40 1
39 43 17
39 44 12
39 45 38
39 46 14
39 47 28
39 48 19
39 49 48
39 51 33
39 53 8
39 55 49
39 57 54
39 58 29
39 59 11
40 0 23
40 1 25
40 2 58
40 6 54
40 8 40
40 10 33
40 11 56
40 14 38
40 15 46
40 16 42
40 18 41
40 19 39
40 21 7
40 25 14
40 28 22
40 30 12
40 31 34
40 32 0
40 34 51
40 36 5
40 37 43
40 38 35
40 40 24
40 41 3
40 43 21
40 47 27
40 48 8
40 49 2
40 51 28
40 54 13
40 55 4
40 56 19
40 58 1
40 59 10
41 1 20
41 3 33
41 4 16
41 5 19
41 6 12
41 8 47
41 9 42
41 11 30
41 15 40
41 17 7
41 18 5
41 20 57
41 21 27
41 22 51
41 25 15
41 26 32
41 29 49
41 31 2
41 32 58
41 33 17
41 34 39
41 35 10
41 36 8
41 39 44
41 46 35
41 47 48
41 49 41
41 50 4
41 51 56
41 53 21
41 55 45
41 57 28
41 58 34
41 59 46
42 0 9
42 1 36
42 4 33
42 5 11
42 6 49
42 10 29
42 11 40
42 12 6
42 14 44
42 15 3
42 18 7
42 19 42
42 21 25
42 22 32
42 23 5
42 24 8
42 26 41
42 28 46
42 30 4
42 32 14
42 35 21
42 36 53
42 38 59
42 39 2
42 40 16
42 43 47
42 46 15
42 48 39
42 49 17
42 50 43
42 54 51
42 59 56
43 0 44
43 1 59
43 2 6
43 4 51
43 5 28
43 7 57
43 11 20
43 14 39
43 16 49
43 17 11
43 19 16
43 20 24
43 22 25
43 24 53
43 25 12
43 26 26
43 28 41
43 31 30
43 32 32
43 34 33
43 35 1
43 36 17
43 37 4
43 38 5
43 39 46
43 40 19
43 45 55
43 46 23
43 50 31
43 51 45
43 54 37
43 56 47
43 57 2
44 1 10
44 3 18
44 4 12
44 9 38
44 10 14
44 12 1
44 15 37
44 16 45
44 17 51
44 20 31
44 22 15
44 23 59
44 24 6
44 26 8
44 28 17
44 30 2
44 31 25
44 32 42
44 34 5
44 35 43
44 38 56
44 41 46
44 42 30
44 44 39
44 46 52
44 47 9
44 48 41
44 49 34
44 51 3
44 52 48
44 53 24
44 54 27
44 55 26
44 57 0
45 0 43
45 2 54
45 4 28
45 7 45
45 9 46
45 10 17
45 12 15
45 13 33
45 15 59
45 17 49
45 18 13
45 19 29
45 20 7
45 21 51
45 25 23
45 27 57
45 28 8
45 29 3
45 30 37
45 31 1
45 32 44
45 33 11
45 34 4
45 35 6
45 36 9
45 37 32
45 38 41
45 39 34
45 40 12
45 41 14
45 42 50
45 44 5
45 45 56
45 46 36
45 47 39
45 48 16
45 50 58
45 52 26
45 54 10
45 56 21
45 57 52
45 58 38
45 59 40
46 1 34
46 4 56
46 5 2
46 6 35
46 8 23
46 9 59
46 12 0
46 14 42
46 16 46
46 17 28
46 18 1
46 19 7
46 21 19
46 24 39
46 25 53
46 26 11
46 27 50
46 28 36
46 29 37
46 30 15
46 31 33
46 33 24
46 36 26
46 37 8
46 38 32
46 39 27
46 40 54
46 41 10
46 44 21
46 48 3
46 49 30
46 50 38
46 51 41
46 52 14
46 53 44
46 54 9
46 58 31
47 1 12
47 2 53
47 3 57
47 4 19
47 5 50
47 7 33
47 9 49
47 15 1
47 16 26
47 21 15
47 23 17
47 24 31
47 25 29
47 28 5
47 29 46
47 30 58
47 31 45
47 32 16
47 33 52
47 39 25
47 40 23
47 41 18
47 42 13
47 43 6
47 44 3
47 46 8
47 47 56
47 50 22
47 52 41
47 53 55
47 54 30
47 56 27
47 57 47
47 58 10
48 0 21
48 1 44
48 2 22
48 3 23
48 4 38
48 5 40
48 6 46
48 7 13
48 9 14
48 11 45
48 13 4
48 14 31
48 15 9
48 16 39
48 21 43
48 22 41
48 23 11
48 24 10
48 28 2
48 30 56
48 31 19
48 32 8
48 33 27
48 34 3
48 35 53
48 37 7
48 38 36
48 39 5
48 40 51
48 41 15
48 42 17
48 43 26
48 44 16
48 45 42
48 47 50
48 48 32
48 49 33
48 52 59
48 53 25
48 54 1
48 58 6
48 59 0
49 0 2
49 2 5
49 3 25
49 4 36
49 5 56
49 6 47
49 7 28
49 9 33
49 12 43
49 14 20
49 15 19
49 16 37
49 18 35
49 19 9
49 22 8
49 24 22
49 27 3
49 31 6
49 32 49
49 34 18
49 35 48
49 36 7
49 37 0
49 38 34
49 39 21
49 40 27
49 41 38
49 42 59
49 43 45
49 44 32
49 45 4
49 46 26
49 48 44
49 49 12
49 50 51
49 51 16
49 53 10
49 54 11
49 55 15
49 57 58
49 58 53
50 0 10
50 1 8
50 2 18
50 5 52
50 10 23
50 11 43
50 12 20
50 14 48
50 15 58
50 17 55
50 19 17
50 20 15
50 21 34
50 23 12
50 24 59
50 25 31
50 26 39
50 27 9
50 29 24
50 30 32
50 33 4
50 35 45
50 36 30
50 38 47
50 39 35
50 41 33
50 43 0
50 44 53
50 45 28
50 48 7
50 50 26
50 51 21
50 52 19
50 54 44
50 57 27
50 58 49
50 59 16
51 0 8
51 1 1
51 4 44
51 5 43
51 7 20
51 9 52
51 12 14
51 13 19
51 16 0
51 18 34
51 19 49
51 22 55
51 23 6
51 24 16
51 25 4
51 26 7
51 27 35
51 29 10
51 30 18
51 31 24
51 32 13
51 33 5
51 35 50
51 36 28
51 37 40
51 38 9
51 39 15
51 41 59
51 42 26
51 44 38
51 45 11
51 56 30
51 58 46
51 59 32
52 2 46
52 3 10
52 5 45
52 11 22
52 13 49
52 14 1
52 16 28
52 17 26
52 18 38
52 21 5
52 22 2
52 23 15
52 25 58
52 26 19
52 28 59
52 29 43
52 33 51
52 35 55
52 39 37
52 40 11
52 41 16
52 46 29
52 47 14
52 48 52
52 49 4
52 52 7
52 53 0
52 54 53
53 1 6
53 3 41
53 9 16
53 10 31
53 11 15
53 13 47
53 15 8
53 17 50
53 18 18
53 19 59
53 20 3
53 21 56
53 22 11
53 23 10
53 25 0
53 27 43
53 30 14
53 31 32
53 33 53
53 34 17
53 36 58
53 37 25
53 38 57
53 39 45
53 40 36
53 49 49
53 50 24
53 51 12
53 54 48
53 56 4
53 58 7
53 59 54
54 0 46
54 1 17
54 2 42
54 3 48
54 4 6
54 5 59
54 6 51
54 7 27
54 9 15
54 10 10
54 12 40
54 13 12
54 16 38
54 20 47
54 22 20
54 23 33
54 25 37
54 28 34
54 30 16
54 31 44
54 32 2
54 34 22
54 37 26
54 38 4
54 41 41
54 42 35
54 43 55
54 46 45
54 50 8
54 51 32
54 52 3
54 55 21
54 56 28
54 59 49
55 1 56
55 4 9
55 5 58
55 6 26
55 7 41
55 8 53
55 9 28
55 10 36
55 11 24
55 13 21
55 14 14
55 15 34
55 18 17
55 19 15
55 21 18
55 25 54
55 26 43
55 28 48
55 29 11
55 30 30
55 31 39
55 32 7
55 35 2
55 37 52
55 40 0
55 42 49
55 43 23
55 44 51
55 45 13
55 48 22
55 49 10
55 50 25
55 52 37
55 53 3
55 54 32
55 55 35
55 57 5
55 59 31
56 0 56
56 1 31
56 3 42
56 4 24
56 9 58
56 11 55
56 14 12
56 19 5
56 25 44
56 27 46
56 28 33
56 29 41
56 31 59
56 33 32
56 34 13
56 37 35
56 38 15
56 39 28
56 43 2
56 45 1
56 46 22
56 47 29
56 48 4
56 49 39
56 52 17
56 53 23
56 54 20
56 58 36
57 0 58
57 1 16
57 2 10
57 4 18
57 6 6
57 7 1
57 8 11
57 13 38
57 16 52
57 19 36
57 22 56
57 23 23
57 24 45
57 27 37
57 28 47
57 30 59
57 31 40
57 32 48
57 34 20
57 36 42
57 37 2
57 40 39
57 42 4
57 43 8
57 44 15
57 45 32
57 46 31
57 47 49
57 48 34
57 49 51
57 50 7
57 52 43
57 54 25
57 55 41
57 56 29
57 57 44
57 58 26
57 59 13
58 0 29
58 2 36
58 3 15
58 4 7
58 7 52
58 10 54
58 11 11
58 12 5
58 14 19
58 15 24
58 17 37
58 18 25
58 20 8
58 22 53
58 24 44
58 25 39
58 26 17
58 27 32
58 28 3
58 29 13
58 30 31
58 31 9
58 32 33
58 38 16
58 39 18
58 40 30
58 42 45
58 43 50
58 44 4
58 45 0
58 46 10
58 47 40
58 50 20
58 51 2
58 53 58
58 54 46
58 55 14
58 56 41
58 58 43
58 59 12
59 2 16
59 6 3
59 7 5
59 8 39
59 9 4
59 10 6
59 14 52
59 20 33
59 21 49
59 22 19
59 23 51
59 25 17
59 26 20
59 27 29
59 28 26
59 30 27
59 31 12
59 33 48
59 34 32
59 37 56
59 38 7
59 39 36
59 40 35
59 41 0
59 43 38
59 45 58
59 46 11
59 48 9
59 49 55
59 50 14
59 53 46
59 54 43
59 55 1
59 57 53
59 58 57
59 59 18
