60
0 1 51
0 2 17
0 3 26
0 5 56
0 7 36
0 8 23
0 9 9
0 10 59
0 11 11
0 12 27
0 13 18
0 14 32
0 15 13
0 16 33
0 17 44
0 18 47
0 19 0
0 20 50
0 21 19
0 23 39
0 24 4
0 26 25
0 27 2
0 32 31
0 33 29
0 34 46
0 35 58
0 36 7
0 37 15
0 38 53
0 39 57
0 40 43
0 41 10
0 42 49
0 43 1
0 45 16
0 46 34
0 47 52
0 48 30
0 50 24
0 51 14
0 53 3
0 54 35
0 55 55
0 56 42
0 57 5
0 58 21
0 59 22
1 0 41
1 1 43
1 2 55
1 3 15
1 4 30
1 5 28
1 7 2
1 8 38
1 9 21
1 11 16
1 12 4
1 13 57
1 14 44
1 15 56
1 16 3
1 17 19
1 18 5
1 19 35
1 20 39
1 21 11
1 22 27
1 23 13
1 25 7
1 26 52
1 27 40
1 28 58
1 29 49
1 33 36
1 34 23
1 35 54
1 36 48
1 37 47
1 39 51
1 40 26
1 41 12
1 42 25
1 43 8
1 44 45
1 45 53
1 46 33
1 47 42
1 48 32
1 50 50
1 51 10
1 52 59
1 55 22
1 57 37
1 58 17
2 0 29
2 1 34
2 2 59
2 3 22
2 5 5
2 6 47
2 7 11
2 10 17
2 11 51
2 13 15
2 14 30
2 16 24
2 17 35
2 18 16
2 20 41
2 21 38
2 22 37
2 24 28
2 26 0
2 27 45
2 28 3
2 29 4
2 30 7
2 31 54
2 32 21
2 34 50
2 35 18
2 36 6
2 37 2
2 38 13
2 39 48
2 40 53
2 41 42
2 42 57
2 43 39
2 44 8
2 45 1
2 46 44
2 48 36
2 49 14
2 50 10
2 51 31
2 52 20
2 53 19
2 54 12
2 55 43
2 56 33
2 57 40
2 58 49
2 59 52
3 1 15
3 2 22
3 3 25
3 4 40
3 5 26
3 6 33
3 7 16
3 8 30
3 9 23
3 12 24
3 13 36
3 14 7
3 15 35
3 16 27
3 17 28
3 18 49
3 19 1
3 20 51
3 22 56
3 23 0
3 25 53
3 26 6
3 27 32
3 28 4
3 29 47
3 30 45
3 31 48
3 32 44
3 33 2
3 34 43
3 35 59
3 36 5
3 37 54
3 38 9
3 39 20
3 40 17
3 41 52
3 42 42
3 43 19
3 44 46
3 45 21
3 46 11
3 47 13
3 49 38
3 50 29
3 51 18
3 52 41
3 53 58
3 55 8
3 56 12
3 58 57
4 0 33
4 1 20
4 2 11
4 4 3
4 6 52
4 7 51
4 8 17
4 9 4
4 10 13
4 11 2
4 12 29
4 13 19
4 14 54
4 15 7
4 16 34
4 17 24
4 18 26
4 21 56
4 23 38
4 24 30
4 26 15
4 27 6
4 28 27
4 29 41
4 30 49
4 31 14
4 32 25
4 34 55
4 35 16
4 36 40
4 37 43
4 38 23
4 39 22
4 40 39
4 41 21
4 42 47
4 43 48
4 44 35
4 45 12
4 46 10
4 47 37
4 48 50
4 49 58
4 50 36
4 51 28
4 52 18
4 53 5
4 54 31
4 55 9
4 56 8
4 57 0
4 59 46
5 0 17
5 1 0
5 2 2
5 4 8
5 5 47
5 6 9
5 7 41
5 8 37
5 9 11
5 10 51
5 11 10
5 12 44
5 13 38
5 14 16
5 15 20
5 16 29
5 17 12
5 18 22
5 20 28
5 21 15
5 22 21
5 23 52
5 24 46
5 26 49
5 27 43
5 28 54
5 29 18
5 31 19
5 34 40
5 35 6
5 37 57
5 38 25
5 39 7
5 40 45
5 43 58
5 44 13
5 45 4
5 46 30
5 48 39
5 49 48
5 52 56
5 53 14
5 54 53
5 56 55
5 58 36
5 59 27
6 0 57
6 1 40
6 2 52
6 3 0
6 4 51
6 5 9
6 6 15
6 8 54
6 9 24
6 10 34
6 11 19
6 12 25
6 13 53
6 15 29
6 16 18
6 17 5
6 18 43
6 19 38
6 20 46
6 22 16
6 23 49
6 24 56
6 26 45
6 27 48
6 28 20
6 29 2
6 30 14
6 31 17
6 32 28
6 33 11
6 34 41
6 35 31
6 36 55
6 37 12
6 39 10
6 41 13
6 43 22
6 44 21
6 45 58
6 46 32
6 47 27
6 48 4
6 49 42
6 50 30
6 52 36
6 53 37
6 54 33
6 55 7
6 56 47
6 57 1
6 59 59
7 0 58
7 1 24
7 2 13
7 3 6
7 4 48
7 5 27
7 6 1
7 7 42
7 8 59
7 9 40
7 10 21
7 11 57
7 12 38
7 13 41
7 14 45
7 15 25
7 16 32
7 17 29
7 18 12
7 20 30
7 21 23
7 22 51
7 23 4
7 24 8
7 25 54
7 26 10
7 27 46
7 28 0
7 29 55
7 30 11
7 32 50
7 34 9
7 35 7
7 36 53
7 37 56
7 38 47
7 39 14
7 40 33
7 41 3
7 42 44
7 43 5
7 46 28
7 47 31
7 48 34
7 49 18
7 50 52
7 51 2
7 53 43
7 54 37
7 56 19
7 57 16
7 58 35
7 59 26
8 0 6
8 2 15
8 3 33
8 4 22
8 5 51
8 7 21
8 8 1
8 9 37
8 11 30
8 13 25
8 14 29
8 15 54
8 16 9
8 17 18
8 18 19
8 19 12
8 20 57
8 21 47
8 22 13
8 23 23
8 24 35
8 26 16
8 27 11
8 29 38
8 30 56
8 31 34
8 33 8
8 34 59
8 35 40
8 38 31
8 39 52
8 40 5
8 41 36
8 42 41
8 43 17
8 44 26
8 46 24
8 48 43
8 49 28
8 53 27
8 54 32
8 58 10
9 1 7
9 3 23
9 4 18
9 5 55
9 6 43
9 7 34
9 8 16
9 10 10
9 11 50
9 12 6
9 13 0
9 14 22
9 15 33
9 16 38
9 18 37
9 19 47
9 20 4
9 21 48
9 27 15
9 28 24
9 29 56
9 30 54
9 31 1
9 32 3
9 33 30
9 35 36
9 37 53
9 38 44
9 39 27
9 40 21
9 41 8
9 43 12
9 44 9
9 45 57
9 46 46
9 54 59
9 55 52
9 56 14
9 57 19
9 58 2
9 59 13
10 0 3
10 1 39
10 2 30
10 3 4
10 4 44
10 5 54
10 6 32
10 7 48
10 8 14
10 9 1
10 10 41
10 11 28
10 12 17
10 13 11
10 14 9
10 15 16
10 17 59
10 19 22
10 20 20
10 21 45
10 22 33
10 23 29
10 24 34
10 25 0
10 26 58
10 27 57
10 28 55
10 29 26
10 31 50
10 32 35
10 33 19
10 34 24
10 35 15
10 37 13
10 38 36
10 39 40
10 40 6
10 41 38
10 42 31
10 44 10
10 45 37
10 46 23
10 47 56
10 48 49
10 49 43
10 50 5
10 51 8
10 52 12
10 54 25
10 55 18
10 56 27
10 57 46
10 58 7
11 4 10
11 5 15
11 8 41
11 9 57
11 10 39
11 11 43
11 12 28
11 13 52
11 14 17
11 16 42
11 18 24
11 19 46
11 20 1
11 21 50
11 22 31
11 23 34
11 24 47
11 26 55
11 28 5
11 29 30
11 30 18
11 31 45
11 32 49
11 33 32
11 34 36
11 35 4
11 37 35
11 40 48
11 41 29
11 42 9
11 43 53
11 44 59
11 45 54
11 46 37
11 48 27
11 49 23
11 50 22
11 51 19
11 52 0
11 53 20
11 54 21
11 56 11
11 57 56
11 58 6
11 59 16
12 0 1
12 1 35
12 2 36
12 6 22
12 7 47
12 8 39
12 9 53
12 10 20
12 12 12
12 15 19
12 16 37
12 17 43
12 18 38
12 19 56
12 21 34
12 22 44
12 25 51
12 26 31
12 27 13
12 29 42
12 30 55
12 31 2
12 32 15
12 33 59
12 34 6
12 35 26
12 36 24
12 37 41
12 38 28
12 39 49
12 41 11
12 42 50
12 43 16
12 44 58
12 45 25
12 46 48
12 47 14
12 48 40
12 50 18
12 51 5
12 52 10
12 53 29
12 54 17
12 56 21
12 57 45
12 58 9
12 59 32
13 0 8
13 1 27
13 2 56
13 3 12
13 4 15
13 5 14
13 6 30
13 8 42
13 9 29
13 10 5
13 11 32
13 12 58
13 13 3
13 14 4
13 15 44
13 16 43
13 17 55
13 18 11
13 19 48
13 20 26
13 21 36
13 23 6
13 24 40
13 25 45
13 26 23
13 27 47
13 28 41
13 30 13
13 31 33
13 32 57
13 33 38
13 35 49
13 36 10
13 37 1
13 38 22
13 39 17
13 40 46
13 41 16
13 42 53
13 45 59
13 46 31
13 47 21
13 48 19
13 49 54
13 50 25
13 51 7
13 52 39
13 53 28
13 54 52
13 56 2
13 57 35
13 58 51
13 59 20
14 0 47
14 1 11
14 2 38
14 3 19
14 4 13
14 5 18
14 6 56
14 7 59
14 8 12
14 11 44
14 12 22
14 13 7
14 14 28
14 15 53
14 16 48
14 17 37
14 18 40
14 19 34
14 20 6
14 21 20
14 26 26
14 27 29
14 28 36
14 29 14
14 30 15
14 33 1
14 35 43
14 36 9
14 37 55
14 39 21
14 40 42
14 41 54
14 42 35
14 43 33
14 44 50
14 45 2
14 47 16
14 51 4
14 52 8
14 53 39
14 54 0
14 55 49
14 56 46
14 57 52
14 58 5
14 59 58
15 0 13
15 2 34
15 3 2
15 6 28
15 7 7
15 9 12
15 11 0
15 12 48
15 14 49
15 15 9
15 18 51
15 20 16
15 21 6
15 23 21
15 24 29
15 25 43
15 26 38
15 27 1
15 29 40
15 30 19
15 33 23
15 35 14
15 36 30
15 37 45
15 38 15
15 39 32
15 40 8
15 41 41
15 43 36
15 44 55
15 45 18
15 47 24
15 48 47
15 51 25
15 53 10
15 54 58
15 57 33
15 59 56
16 0 36
16 1 54
16 2 53
16 3 32
16 4 20
16 5 58
16 6 45
16 7 8
16 8 28
16 9 43
16 11 21
16 12 56
16 13 46
16 14 5
16 15 4
16 16 13
16 17 10
16 18 18
16 20 15
16 21 2
16 22 47
16 23 14
16 24 48
16 25 1
16 26 12
16 27 55
16 28 23
16 30 57
16 32 30
16 33 42
16 34 31
16 36 27
16 37 22
16 38 11
16 39 37
16 40 19
16 41 7
16 43 35
16 45 52
16 46 50
16 47 51
16 48 26
16 49 17
16 50 41
16 51 24
16 52 34
16 53 59
16 54 6
16 55 0
16 56 44
16 57 9
16 58 40
16 59 38
17 0 35
17 2 14
17 4 39
17 5 38
17 6 37
17 7 58
17 9 19
17 11 25
17 12 7
17 13 21
17 14 27
17 15 42
17 17 56
17 18 17
17 19 53
17 20 40
17 23 1
17 24 55
17 25 15
17 26 8
17 28 31
17 29 16
17 30 32
17 31 0
17 32 6
17 33 45
17 34 22
17 36 43
17 37 3
17 38 5
17 39 24
17 40 23
17 41 2
17 42 20
17 43 34
17 46 12
17 47 48
17 48 10
17 49 33
17 50 13
17 51 46
17 52 28
17 53 41
17 55 29
17 56 50
17 57 54
17 58 11
17 59 51
18 0 30
18 1 3
18 2 41
18 4 33
18 5 19
18 6 46
18 9 25
18 11 23
18 13 56
18 14 47
18 15 6
18 17 51
18 18 0
18 19 27
18 20 14
18 21 13
18 24 32
18 25 37
18 26 43
18 27 24
18 29 53
18 31 21
18 32 2
18 33 10
18 35 34
18 36 11
18 37 5
18 39 58
18 40 16
18 41 59
18 42 45
18 43 31
18 46 54
18 47 26
18 49 50
18 51 44
18 52 55
18 54 29
18 55 39
18 56 48
18 57 49
18 58 18
18 59 4
19 0 32
19 1 45
19 2 29
19 4 36
19 7 57
19 8 53
19 9 38
19 11 24
19 12 26
19 13 6
19 14 56
19 15 31
19 16 14
19 17 1
19 18 7
19 19 8
19 21 16
19 22 42
19 23 40
19 24 3
19 25 17
19 26 35
19 27 51
19 28 10
19 29 5
19 30 30
19 32 59
19 33 15
19 34 25
19 35 19
19 37 58
19 38 37
19 39 34
19 40 50
19 41 47
19 42 54
19 43 46
19 44 27
19 45 44
19 46 39
19 47 43
19 48 55
19 49 9
19 53 33
19 54 22
19 56 49
19 57 11
19 58 52
19 59 41
20 1 23
20 2 3
20 3 54
20 4 29
20 5 8
20 6 2
20 8 36
20 9 59
20 10 18
20 11 39
20 12 15
20 13 40
20 14 21
20 15 45
20 16 25
20 17 22
20 18 57
20 19 5
20 21 12
20 23 28
20 25 48
20 26 37
20 28 38
20 29 46
20 30 33
20 31 53
20 32 56
20 33 35
20 35 9
20 36 4
20 37 32
20 39 50
20 41 17
20 42 7
20 43 49
20 44 30
20 45 14
20 46 51
20 47 0
20 49 11
20 50 16
20 51 47
20 52 19
20 54 10
20 55 44
20 58 42
21 0 37
21 1 32
21 2 0
21 3 36
21 4 50
21 5 52
21 6 49
21 7 19
21 8 48
21 10 9
21 11 59
21 12 33
21 13 54
21 14 15
21 17 25
21 18 35
21 19 39
21 20 3
21 22 6
21 23 43
21 24 18
21 25 12
21 26 57
21 27 16
21 29 58
21 31 47
21 32 13
21 33 21
21 34 53
21 38 26
21 39 31
21 40 40
21 41 56
21 43 11
21 44 20
21 45 23
21 47 1
21 49 24
21 51 38
21 55 17
21 56 45
21 57 7
21 59 8
22 0 22
22 1 19
22 3 58
22 4 37
22 5 48
22 6 38
22 7 23
22 8 32
22 9 7
22 10 0
22 11 42
22 12 8
22 14 46
22 16 52
22 17 53
22 20 34
22 21 24
22 22 11
22 24 5
22 25 49
22 26 17
22 27 33
22 28 59
22 29 15
22 30 26
22 31 12
22 32 55
22 33 6
22 34 1
22 36 44
22 41 4
22 43 13
22 44 41
22 46 35
22 48 25
22 49 31
22 50 54
22 51 21
22 52 14
22 53 45
22 54 30
22 55 27
22 56 3
22 57 10
22 58 47
23 0 7
23 1 55
23 2 8
23 3 47
23 4 12
23 5 3
23 6 16
23 7 28
23 8 18
23 10 44
23 12 52
23 13 30
23 14 0
23 15 50
23 17 6
23 18 58
23 19 41
23 20 27
23 21 32
23 22 53
23 23 25
23 24 14
23 25 2
23 26 34
23 27 20
23 28 1
23 29 29
23 30 48
23 31 9
23 33 5
23 34 38
23 35 13
23 38 40
23 39 11
23 40 37
23 41 43
23 42 26
23 43 10
23 45 39
23 46 21
23 47 19
23 48 56
23 49 46
23 50 33
23 51 45
23 53 57
23 54 24
23 56 22
23 57 36
23 58 59
23 59 17
24 0 50
24 1 13
24 2 27
24 3 43
24 4 14
24 5 10
24 6 42
24 8 56
24 9 48
24 10 57
24 11 1
24 12 41
24 13 31
24 14 34
24 15 59
24 16 5
24 18 44
24 21 51
24 22 49
24 23 32
24 24 20
24 25 22
24 26 29
24 27 37
24 28 19
24 29 35
24 30 53
24 31 58
24 32 47
24 35 2
24 36 17
24 37 6
24 38 4
24 39 30
24 40 55
24 41 18
24 42 12
24 43 23
24 44 15
24 45 36
24 46 8
24 47 28
24 48 52
24 49 21
24 50 11
24 51 33
24 52 25
24 53 46
24 54 38
24 55 26
24 57 39
24 58 45
24 59 3
25 0 28
25 1 16
25 2 25
25 5 42
25 6 3
25 7 33
25 10 53
25 11 54
25 12 23
25 15 30
25 17 31
25 18 14
25 19 52
25 21 43
25 22 38
25 23 59
25 24 11
25 26 51
25 27 9
25 29 19
25 30 5
25 31 6
25 32 18
25 33 40
25 34 29
25 35 12
25 36 8
25 38 49
25 40 0
25 41 35
25 42 22
25 43 47
25 45 41
25 46 20
25 47 7
25 48 1
25 49 57
25 50 27
25 51 37
25 53 17
25 55 45
25 56 34
25 57 15
25 58 58
25 59 10
26 0 43
26 1 36
26 2 50
26 4 6
26 5 24
26 6 25
26 7 32
26 8 46
26 9 30
26 10 54
26 11 22
26 12 10
26 13 4
26 14 35
26 15 23
26 16 31
26 17 17
26 18 1
26 20 0
26 22 3
26 23 12
26 24 15
26 25 38
26 26 13
26 27 27
26 29 9
26 31 52
26 32 34
26 34 51
26 35 53
26 37 28
26 38 21
26 39 55
26 40 49
26 41 26
26 43 2
26 44 57
26 45 11
26 46 5
26 47 33
26 49 37
26 50 47
26 51 29
26 53 42
26 54 20
26 55 48
26 56 39
26 57 59
26 59 44
27 0 59
27 1 37
27 2 19
27 3 40
27 8 27
27 9 16
27 10 55
27 11 29
27 12 53
27 13 8
27 14 20
27 15 1
27 16 7
27 17 15
27 18 46
27 20 48
27 21 41
27 22 54
27 23 45
27 24 43
27 26 50
27 27 10
27 28 39
27 29 21
27 30 47
27 31 22
27 32 11
27 35 52
27 36 34
27 38 38
27 39 3
27 40 12
27 41 24
27 42 18
27 43 4
27 44 36
27 45 42
27 46 58
27 47 6
27 48 0
27 51 57
27 52 13
27 54 5
27 55 56
27 56 25
27 57 23
27 58 14
28 0 26
28 1 1
28 2 28
28 4 11
28 5 59
28 6 20
28 7 24
28 8 34
28 9 35
28 10 50
28 13 39
28 14 8
28 15 41
28 16 54
28 17 42
28 18 21
28 19 44
28 20 9
28 22 4
28 23 18
28 24 13
28 25 33
28 26 36
28 27 23
28 28 47
28 29 10
28 30 16
28 31 51
28 32 53
28 34 17
28 36 29
28 38 48
28 39 46
28 40 15
28 41 27
28 42 0
28 43 52
28 44 43
28 45 3
28 46 2
28 47 22
28 48 12
28 50 6
28 51 58
28 52 5
28 53 49
28 54 19
28 55 14
28 56 56
28 57 57
28 58 37
28 59 40
29 0 51
29 3 37
29 5 57
29 6 6
29 7 0
29 10 3
29 12 43
29 13 49
29 15 12
29 16 2
29 17 58
29 18 50
29 19 30
29 23 31
29 24 22
29 25 29
29 26 48
29 27 17
29 28 15
29 29 52
29 30 25
29 31 41
29 32 36
29 33 53
29 34 10
29 35 8
29 36 39
29 37 46
29 38 45
29 40 59
29 41 14
29 42 11
29 43 56
29 44 24
29 45 47
29 46 40
29 47 32
29 48 23
29 49 13
29 52 33
29 53 35
29 54 34
29 56 26
29 57 44
29 58 16
29 59 1
30 0 16
30 1 18
30 2 6
30 3 11
30 4 0
30 5 20
30 6 24
30 8 15
30 9 55
30 10 23
30 11 17
30 12 46
30 13 50
30 14 53
30 15 48
30 16 45
30 18 10
30 19 49
30 20 43
30 22 8
30 23 33
30 25 25
30 26 19
30 31 56
30 32 54
30 34 57
30 35 29
30 36 21
30 38 41
30 39 5
30 40 2
30 41 51
30 42 14
30 44 34
30 45 35
30 46 42
30 47 4
30 48 7
30 50 38
30 52 40
30 53 9
30 54 26
30 55 36
30 56 37
30 57 31
30 58 30
30 59 28
31 0 0
31 2 51
31 3 56
31 5 16
31 8 29
31 9 20
31 11 47
31 13 23
31 15 8
31 16 17
31 17 9
31 18 36
31 19 18
31 20 42
31 21 46
31 22 19
31 23 26
31 25 10
31 26 41
31 28 44
31 29 12
31 32 5
31 33 22
31 34 48
31 35 3
31 36 54
31 39 33
31 42 43
31 43 40
31 46 49
31 49 34
31 50 39
31 51 11
31 52 7
31 53 6
31 54 2
31 55 35
31 58 53
31 59 30
32 1 42
32 3 29
32 4 53
32 5 13
32 7 14
32 8 35
32 9 45
32 10 2
32 11 26
32 12 19
32 14 51
32 15 49
32 16 20
32 18 8
32 21 52
32 22 7
32 23 58
32 24 17
32 25 9
32 26 47
32 27 5
32 28 11
32 29 27
32 30 31
32 31 3
32 32 37
32 33 44
32 35 46
32 36 1
32 39 41
32 40 30
32 41 40
32 42 38
32 44 33
32 45 24
32 46 56
32 47 59
32 49 25
32 50 48
32 51 0
32 52 6
32 53 50
32 55 16
32 56 4
32 57 28
32 58 22
33 0 54
33 1 30
33 2 43
33 4 34
33 6 59
33 7 22
33 8 10
33 9 14
33 10 52
33 11 48
33 12 40
33 13 17
33 14 19
33 16 56
33 17 7
33 18 3
33 19 36
33 20 45
33 21 53
33 22 18
33 23 37
33 24 6
33 25 13
33 26 2
33 27 21
33 28 33
33 29 44
33 30 38
33 31 57
33 32 26
33 33 4
33 35 5
33 36 46
33 37 9
33 38 24
33 39 0
33 40 58
33 42 8
33 43 27
33 44 51
33 45 20
33 46 25
33 49 12
33 50 55
33 51 49
33 52 16
33 53 1
33 54 23
33 55 28
33 56 32
33 57 47
33 58 29
34 0 11
34 1 12
34 2 47
34 3 16
34 4 45
34 5 36
34 6 41
34 7 10
34 9 33
34 10 22
34 12 14
34 13 58
34 14 50
34 15 24
34 16 57
34 18 28
34 19 37
34 20 49
34 23 19
34 24 26
34 25 59
34 26 3
34 27 25
34 28 8
34 29 54
34 30 43
34 32 40
34 33 48
34 34 21
34 35 1
34 36 23
34 37 38
34 38 42
34 40 35
34 41 9
34 42 29
34 43 6
34 44 44
34 45 30
34 47 34
34 48 18
34 50 51
34 51 27
34 52 53
34 53 32
34 54 56
34 55 2
34 56 7
34 57 4
34 58 20
34 59 31
35 0 40
35 1 2
35 2 7
35 3 48
35 4 27
35 5 4
35 6 58
35 7 52
35 8 50
35 11 49
35 12 30
35 13 55
35 14 14
35 15 39
35 16 51
35 17 20
35 18 53
35 19 28
35 20 29
35 21 57
35 22 10
35 24 23
35 25 19
35 26 5
35 27 42
35 28 32
35 29 11
35 31 38
35 33 43
35 34 3
35 35 47
35 37 16
35 38 59
35 39 25
35 40 34
35 43 26
35 44 31
35 45 6
35 46 13
35 47 8
35 52 37
35 53 18
35 54 45
35 56 1
35 57 21
35 58 24
35 59 54
36 0 14
36 1 38
36 2 1
36 3 34
36 4 47
36 6 36
36 7 43
36 8 55
36 9 51
36 10 40
36 11 5
36 12 59
36 13 37
36 14 58
36 15 52
36 16 0
36 17 2
36 19 13
36 20 17
36 21 22
36 22 23
36 24 54
36 25 39
36 26 27
36 27 18
36 28 29
36 29 3
36 30 50
36 31 8
36 32 20
36 33 31
36 34 4
36 36 33
36 37 19
36 38 32
36 39 26
36 40 41
36 42 21
36 43 57
36 45 28
36 46 15
36 47 35
36 48 46
36 49 45
36 50 56
36 51 53
36 52 11
36 53 7
36 55 10
36 56 9
36 58 44
36 59 42
37 0 46
37 1 50
37 2 33
37 3 9
37 4 23
37 5 29
37 6 57
37 7 25
37 8 5
37 10 4
37 11 37
37 13 26
37 14 55
37 16 53
37 17 27
37 20 13
37 21 21
37 24 41
37 26 22
37 28 30
37 29 31
37 30 44
37 31 10
37 32 1
37 33 52
37 34 34
37 35 35
37 36 36
37 37 42
37 38 8
37 39 59
37 40 51
37 41 20
37 42 15
37 43 32
37 45 48
37 46 45
37 47 49
37 48 3
37 50 43
37 51 6
37 52 47
37 53 12
37 54 40
37 55 11
37 56 28
37 57 18
37 58 0
37 59 14
38 0 44
38 2 48
38 3 24
38 4 21
38 5 31
38 6 13
38 7 5
38 8 58
38 9 42
38 10 8
38 12 36
38 13 35
38 14 52
38 15 3
38 17 45
38 18 23
38 19 54
38 20 53
38 21 18
38 24 7
38 25 4
38 26 59
38 27 49
38 28 46
38 30 27
38 31 28
38 32 41
38 33 34
38 35 56
38 36 47
38 37 29
38 39 19
38 40 25
38 41 55
38 42 32
38 43 30
38 44 17
38 46 14
38 48 6
38 49 2
38 50 57
38 51 43
38 53 40
38 54 16
38 55 20
38 56 15
38 57 38
38 58 12
38 59 11
39 0 52
39 1 41
39 2 16
39 3 14
39 4 42
39 5 33
39 6 11
39 7 1
39 8 20
39 9 34
39 11 36
39 13 59
39 14 2
39 15 43
39 16 19
39 17 26
39 18 30
39 19 45
39 20 22
39 21 40
39 22 12
39 23 48
39 24 57
39 26 56
39 27 50
39 28 51
39 29 25
39 30 6
39 31 31
39 32 46
39 33 49
39 34 18
39 35 10
39 36 28
39 37 8
39 38 29
39 40 38
39 42 17
39 43 9
39 44 23
39 45 55
39 47 53
39 48 21
39 49 32
39 50 4
39 51 13
39 52 35
39 53 24
39 54 47
39 55 58
39 56 54
39 57 3
39 58 15
39 59 37
40 0 24
40 1 14
40 2 35
40 4 58
40 5 37
40 6 19
40 7 26
40 8 40
40 10 48
40 11 53
40 12 55
40 13 10
40 14 41
40 15 57
40 16 8
40 19 25
40 20 36
40 21 54
40 22 15
40 24 44
40 25 3
40 26 21
40 27 34
40 28 49
40 29 50
40 30 29
40 31 11
40 32 32
40 33 46
40 34 20
40 35 38
40 36 52
40 40 9
40 42 23
40 43 51
40 44 42
40 45 31
40 47 39
40 48 33
40 49 5
40 51 30
40 52 43
40 53 56
40 56 59
40 57 22
40 58 28
40 59 47
41 0 4
41 1 8
41 2 24
41 3 3
41 4 57
41 5 44
41 6 51
41 7 38
41 8 52
41 9 31
41 11 58
41 12 11
41 13 48
41 14 37
41 15 27
41 16 50
41 17 23
41 18 42
41 19 10
41 21 0
41 23 15
41 24 16
41 25 41
41 27 35
41 28 43
41 29 45
41 30 28
41 31 55
41 32 22
41 33 14
41 34 30
41 35 21
41 37 49
41 38 20
41 39 53
41 40 18
41 41 34
41 42 40
41 43 7
41 44 25
41 45 29
41 46 47
41 47 36
41 48 13
41 49 26
41 50 17
41 51 56
41 52 32
41 53 54
41 54 1
41 55 6
41 56 5
41 58 46
41 59 19
42 0 2
42 1 48
42 3 51
42 4 7
42 5 43
42 6 35
42 7 46
42 8 11
42 9 52
42 10 56
42 11 15
42 12 9
42 13 29
42 14 24
42 15 14
42 16 49
42 17 38
42 18 20
42 19 33
42 20 10
42 21 55
42 23 36
42 24 21
42 25 50
42 26 30
42 28 16
42 29 17
42 30 0
42 32 4
42 34 27
42 35 23
42 36 12
42 37 37
42 39 39
42 40 32
42 41 6
42 42 34
42 44 47
42 46 1
42 47 3
42 48 44
42 49 59
42 50 40
42 51 54
42 52 57
42 54 42
42 56 53
42 57 25
42 58 19
43 0 55
43 1 58
43 2 31
43 3 49
43 5 11
43 6 48
43 7 4
43 8 22
43 10 32
43 13 28
43 14 1
43 15 37
43 16 26
43 17 39
43 18 15
43 19 14
43 20 12
43 21 42
43 22 30
43 23 20
43 24 59
43 25 18
43 28 45
43 30 3
43 31 29
43 33 50
43 35 27
43 36 19
43 37 33
43 38 54
43 39 6
43 40 24
43 41 5
43 42 10
43 43 38
43 44 2
43 46 16
43 47 57
43 48 53
43 50 21
43 51 35
43 52 46
43 53 51
43 54 9
43 56 0
43 57 13
43 58 41
43 59 23
44 0 9
44 1 33
44 3 5
44 5 22
44 6 23
44 7 56
44 8 0
44 10 38
44 11 7
44 12 50
44 13 16
44 14 3
44 15 28
44 16 40
44 17 14
44 18 59
44 19 24
44 20 47
44 21 37
44 22 32
44 23 35
44 24 49
44 25 58
44 26 53
44 27 54
44 28 13
44 30 39
44 31 43
44 32 12
44 34 42
44 35 20
44 37 21
44 38 51
44 39 4
44 40 52
44 41 48
44 42 27
44 43 45
44 44 19
44 46 18
44 47 11
44 48 8
44 49 29
44 50 46
44 51 41
44 54 44
44 55 1
44 56 30
44 57 6
44 58 26
44 59 57
45 0 25
45 2 37
45 3 44
45 4 31
45 7 13
45 8 6
45 9 2
45 10 46
45 11 40
45 14 18
45 15 0
45 16 21
45 17 33
45 19 26
45 20 59
45 21 28
45 22 43
45 23 56
45 24 50
45 25 23
45 27 3
45 28 9
45 30 52
45 31 16
45 32 24
45 33 7
45 35 45
45 36 14
45 37 11
45 39 8
45 40 54
45 41 22
45 42 30
45 43 55
45 44 5
45 45 19
45 48 57
45 49 36
45 51 20
45 52 27
45 53 38
45 55 32
45 56 10
45 57 48
45 58 4
46 0 23
46 1 26
46 3 57
46 5 32
46 6 34
46 7 18
46 9 27
46 10 24
46 11 52
46 13 22
46 14 43
46 15 2
46 16 41
46 17 30
46 20 25
46 22 45
46 23 5
46 24 12
46 26 20
46 27 4
46 28 6
46 29 8
46 30 40
46 31 15
46 32 9
46 33 54
46 34 28
46 35 33
46 36 50
46 37 31
46 38 19
46 39 16
46 40 11
46 41 37
46 42 58
46 43 3
46 44 0
46 46 59
46 47 44
46 48 51
46 50 1
46 51 17
46 52 48
46 53 21
46 54 14
46 55 42
46 56 38
46 57 29
46 58 55
46 59 53
47 1 56
47 5 53
47 8 3
47 9 54
47 10 25
47 11 31
47 15 58
47 16 16
47 17 49
47 18 32
47 19 40
47 21 33
47 23 46
47 26 1
47 28 18
47 29 37
47 30 23
47 31 26
47 32 43
47 33 47
47 35 0
47 36 45
47 37 59
47 38 30
47 39 42
47 40 10
47 41 19
47 42 52
47 43 50
47 44 4
47 46 57
47 47 12
47 48 29
47 49 22
47 50 8
47 51 34
47 52 17
47 53 44
47 54 7
47 55 5
47 56 36
47 57 41
47 58 13
48 0 48
48 1 5
48 2 54
48 4 46
48 6 26
48 7 45
48 8 8
48 10 11
48 11 3
48 12 13
48 13 34
48 14 33
48 15 40
48 16 10
48 17 50
48 18 56
48 19 31
48 22 0
48 23 9
48 25 24
48 27 53
48 28 35
48 29 23
48 30 4
48 31 44
48 33 27
48 36 2
48 37 39
48 38 55
48 39 12
48 40 1
48 41 15
48 42 36
48 43 59
48 44 14
48 45 32
48 46 43
48 47 47
48 48 28
48 50 20
48 51 16
48 52 38
48 53 22
48 54 51
48 55 57
48 56 17
48 57 42
48 58 25
49 0 5
49 1 46
49 3 17
49 4 49
49 13 32
49 14 42
49 15 18
49 17 16
49 18 4
49 20 7
49 21 9
49 22 29
49 24 10
49 25 21
49 26 28
49 27 58
49 28 34
49 29 33
49 32 38
49 33 39
49 34 14
49 35 22
49 36 26
49 37 24
49 38 2
49 39 36
49 41 50
49 42 1
49 43 0
49 45 56
49 46 55
49 47 30
49 48 37
49 50 45
49 51 52
49 52 51
49 53 48
49 54 27
49 55 47
49 56 41
49 57 8
49 58 23
49 59 12
50 1 10
50 2 32
50 4 17
50 5 6
50 6 14
50 7 37
50 8 2
50 9 47
50 10 58
50 11 56
50 13 13
50 14 57
50 16 4
50 18 55
50 20 35
50 21 31
50 22 46
50 23 30
50 25 40
50 26 54
50 27 7
50 28 52
50 31 23
50 32 8
50 33 28
50 34 44
50 36 18
50 37 48
50 38 12
50 41 1
50 42 24
50 43 25
50 45 5
50 46 9
50 47 29
50 49 15
50 50 49
50 51 50
50 52 45
50 53 26
50 54 3
50 55 19
50 56 16
50 57 43
50 58 39
50 59 33
51 0 53
51 1 47
51 2 23
51 3 42
51 4 41
51 6 5
51 7 49
51 8 51
51 9 10
51 10 19
51 11 27
51 12 0
51 14 11
51 15 15
51 17 34
51 18 45
51 19 4
51 20 32
51 21 14
51 22 35
51 23 17
51 24 2
51 26 39
51 28 28
51 29 59
51 30 36
51 31 18
51 32 48
51 33 13
51 35 50
51 37 26
51 38 46
51 39 56
51 40 31
51 41 25
51 42 55
51 43 24
51 45 33
51 46 52
51 48 16
51 49 3
51 50 44
51 51 40
51 52 21
51 53 30
51 54 8
51 55 54
51 56 29
51 57 20
51 58 43
51 59 7
52 0 27
52 1 22
52 2 12
52 4 43
52 5 40
52 6 53
52 7 6
52 8 33
52 9 32
52 10 49
52 11 41
52 12 21
52 13 2
52 14 10
52 15 5
52 16 44
52 17 57
52 18 31
52 19 19
52 20 54
52 21 1
52 22 55
52 23 42
52 24 52
52 25 20
52 26 4
52 28 26
52 30 37
52 31 25
52 33 58
52 35 39
52 36 0
52 37 36
52 38 35
52 39 47
52 40 14
52 41 30
52 44 3
52 45 50
52 46 38
52 47 18
52 49 8
52 51 59
52 52 9
52 53 11
52 54 15
52 55 23
52 56 13
52 57 24
52 59 45
53 1 28
53 4 2
53 5 7
53 6 18
53 7 44
53 8 21
53 9 50
53 10 43
53 11 35
53 12 37
53 13 14
53 15 55
53 17 47
53 18 34
53 19 57
53 20 11
53 21 8
53 22 22
53 23 53
53 25 26
53 28 17
53 29 48
53 30 58
53 31 42
53 32 23
53 33 0
53 34 19
53 35 41
53 36 16
53 37 27
53 38 56
53 40 20
53 41 46
53 42 13
53 43 15
53 44 1
53 45 45
53 46 6
53 47 10
53 48 9
53 49 4
53 50 3
53 51 36
53 52 24
53 53 52
53 54 54
53 55 38
53 56 51
53 57 12
53 59 25
54 0 34
54 1 57
54 2 42
54 3 50
54 4 59
54 5 39
54 7 30
54 8 24
54 9 3
54 10 1
54 12 5
54 13 45
54 14 12
54 15 38
54 16 36
54 19 6
54 20 8
54 21 29
54 22 52
54 23 55
54 24 58
54 26 33
54 27 14
54 28 56
54 29 7
54 30 2
54 31 46
54 32 19
54 34 32
54 35 51
54 36 25
54 37 44
54 38 0
54 39 28
54 41 31
54 42 4
54 43 41
54 44 18
54 45 10
54 46 22
54 47 23
54 48 11
54 49 40
54 50 37
54 51 26
54 52 15
54 53 16
54 55 53
54 56 35
54 57 27
54 58 54
54 59 49
55 3 59
55 4 16
55 5 21
55 6 8
55 7 53
55 8 9
55 9 44
55 10 29
55 12 3
55 13 5
55 14 31
55 16 58
55 18 41
55 19 42
55 20 37
55 21 35
55 22 48
55 23 11
55 24 1
55 25 27
55 26 14
55 28 25
55 29 43
55 30 12
55 31 24
55 32 10
55 33 51
55 34 33
55 35 30
55 36 13
55 37 7
55 38 39
55 40 28
55 43 20
55 44 56
55 46 19
55 47 54
55 49 49
55 50 32
55 52 26
55 54 4
55 55 34
55 56 23
55 57 17
55 58 38
55 59 50
56 2 4
56 3 28
56 5 34
56 8 43
56 10 35
56 11 38
56 12 45
56 13 33
56 14 59
56 17 21
56 18 48
56 19 2
56 20 56
56 21 25
56 24 36
56 26 11
56 27 41
56 29 20
56 30 22
56 31 40
56 32 52
56 35 42
56 36 32
56 37 18
56 38 27
56 40 29
56 41 53
56 42 3
56 43 37
56 44 7
56 46 26
56 47 46
56 48 5
56 49 16
56 50 0
56 51 15
56 52 49
56 54 57
56 55 30
56 56 6
56 57 58
56 58 1
56 59 55
57 1 53
57 2 21
57 3 35
57 4 5
57 5 41
57 6 29
57 7 40
57 9 39
57 10 7
57 11 13
57 12 18
57 13 1
57 14 25
57 15 46
57 17 8
57 20 58
57 21 44
57 22 36
57 23 10
57 24 9
57 26 24
57 27 12
57 28 2
57 29 57
57 30 42
57 31 30
57 33 26
57 34 47
57 35 48
57 36 38
57 37 4
57 38 6
57 39 23
57 40 3
57 44 16
57 46 17
57 47 45
57 48 20
57 49 27
57 50 19
57 51 22
57 52 50
57 53 55
57 54 11
57 55 59
57 56 31
57 57 14
57 58 34
58 1 29
58 2 20
58 5 49
58 6 27
58 8 26
58 9 6
58 10 33
58 11 12
58 12 16
58 13 43
58 14 36
58 15 47
58 16 23
58 18 13
58 19 55
58 21 59
58 22 2
58 23 24
58 25 11
58 26 18
58 27 38
58 29 1
58 30 34
58 31 7
58 32 45
58 33 9
58 34 54
58 36 56
58 37 10
58 38 50
58 41 58
58 42 28
58 43 14
58 45 8
58 46 41
58 47 40
58 48 48
58 49 44
58 50 15
58 51 51
58 53 0
58 54 39
58 55 25
58 56 57
58 57 32
58 58 31
58 59 21
59 1 6
59 2 58
59 3 10
59 6 50
59 8 45
59 10 14
59 11 9
59 12 20
59 13 42
59 14 26
59 15 32
59 16 11
59 17 54
59 18 27
59 19 21
59 20 38
59 21 39
59 22 59
59 24 25
59 25 30
59 26 46
59 27 19
59 28 7
59 29 13
59 31 5
59 32 16
59 33 37
59 34 2
59 35 55
59 36 57
59 37 40
59 38 33
59 39 18
59 40 47
59 42 48
59 43 43
59 45 34
59 46 36
59 47 17
59 48 22
59 49 35
59 50 53
59 51 1
59 52 52
59 53 31
59 54 49
59 56 24
59 57 51
59 59 0
