70
0 4 32
0 6 59
0 7 3
0 11 45
0 12 19
0 16 33
0 17 65
0 18 26
0 20 9
0 21 16
0 22 35
0 26 0
0 30 12
0 32 17
0 36 61
0 41 23
0 42 40
0 47 55
0 52 39
0 53 50
0 54 67
0 55 6
0 57 5
0 58 37
1 2 5
1 3 33
1 4 14
1 6 36
1 8 26
1 16 35
1 21 63
1 22 3
1 27 23
1 31 10
1 35 34
1 39 61
1 44 69
1 46 7
1 48 6
1 49 1
1 52 65
1 54 68
1 63 45
1 64 67
1 65 53
1 68 64
2 7 48
2 13 7
2 15 5
2 18 35
2 20 64
2 22 13
2 23 65
2 29 50
2 39 30
2 42 22
2 43 66
2 45 62
2 49 29
2 52 2
2 53 26
2 54 59
2 60 23
2 62 44
2 69 12
3 5 6
3 7 7
3 14 60
3 23 23
3 25 56
3 29 10
3 30 39
3 42 15
3 43 8
3 45 48
3 48 4
3 51 29
3 53 44
3 58 2
3 62 45
3 64 32
3 66 30
3 68 1
4 0 67
4 3 53
4 4 40
4 5 54
4 9 39
4 11 23
4 15 51
4 16 17
4 17 29
4 19 21
4 24 36
4 30 46
4 33 12
4 36 27
4 39 37
4 40 35
4 42 44
4 44 66
4 45 56
4 46 4
4 63 0
4 68 49
4 69 6
5 0 46
5 1 59
5 2 49
5 5 43
5 12 24
5 16 26
5 18 31
5 23 11
5 26 15
5 28 64
5 32 60
5 36 55
5 43 0
5 44 36
5 47 28
5 49 10
5 52 40
5 53 1
5 55 56
5 58 54
5 61 52
5 62 63
6 0 10
6 7 57
6 8 39
6 11 47
6 23 68
6 31 9
6 32 32
6 34 44
6 35 50
6 38 65
6 42 56
6 47 38
6 48 64
6 51 40
6 52 53
6 55 63
6 63 12
6 64 36
6 66 61
6 68 35
6 69 27
7 6 49
7 7 41
7 11 59
7 22 12
7 23 19
7 26 38
7 34 43
7 36 57
7 39 14
7 41 35
7 44 21
7 50 40
7 53 67
7 55 22
7 56 53
7 59 63
7 67 24
7 68 30
8 0 18
8 1 44
8 3 59
8 5 20
8 6 1
8 10 12
8 11 13
8 13 0
8 14 50
8 15 7
8 16 14
8 22 31
8 23 26
8 24 42
8 31 55
8 41 6
8 45 27
8 48 34
8 51 16
8 52 19
8 53 11
8 62 41
8 63 65
8 64 57
8 65 62
8 66 28
8 67 35
9 0 69
9 1 47
9 9 56
9 11 32
9 12 33
9 13 60
9 14 11
9 20 24
9 26 18
9 28 49
9 31 65
9 33 31
9 36 54
9 37 28
9 38 22
9 41 68
9 42 62
9 44 7
9 50 67
9 51 27
9 57 38
9 58 43
9 62 16
10 7 60
10 16 20
10 17 15
10 21 53
10 27 5
10 31 67
10 32 62
10 35 65
10 39 42
10 40 7
10 41 59
10 45 58
10 48 51
10 49 8
10 50 52
10 55 21
10 64 26
10 68 41
11 0 52
11 2 68
11 5 25
11 10 65
11 11 67
11 13 26
11 14 3
11 18 66
11 21 29
11 22 50
11 24 31
11 25 57
11 29 43
11 30 36
11 33 17
11 34 42
11 42 1
11 43 9
11 44 49
11 46 2
11 54 39
11 55 32
11 65 51
11 66 11
11 69 28
12 3 21
12 4 43
12 5 57
12 20 58
12 29 17
12 30 59
12 33 33
12 38 56
12 42 34
12 44 24
12 45 53
12 51 4
12 52 20
12 53 7
12 55 10
12 57 62
12 65 31
12 66 37
13 1 49
13 6 26
13 8 2
13 10 52
13 14 35
13 16 1
13 17 68
13 21 51
13 29 15
13 32 58
13 33 60
13 45 43
13 46 59
13 47 12
13 49 45
13 50 64
13 58 7
13 61 14
13 63 29
13 67 9
14 15 29
14 16 34
14 17 28
14 26 31
14 27 12
14 28 1
14 31 53
14 33 30
14 34 59
14 36 62
14 37 63
14 40 65
14 43 51
14 44 50
14 45 39
14 47 7
14 50 18
14 51 9
14 56 2
14 58 40
15 0 2
15 4 67
15 10 21
15 13 22
15 18 39
15 21 1
15 27 66
15 31 4
15 32 13
15 43 15
15 44 35
15 47 60
15 56 41
15 58 29
15 60 47
15 61 58
15 62 61
15 63 33
15 65 69
15 68 62
15 69 31
16 3 69
16 13 44
16 15 3
16 16 11
16 22 54
16 25 22
16 29 8
16 34 5
16 36 16
16 38 31
16 43 1
16 46 25
16 50 0
16 52 29
16 56 30
16 58 34
16 64 64
16 69 23
17 6 0
17 10 34
17 18 18
17 22 42
17 24 39
17 27 65
17 31 32
17 32 57
17 38 20
17 39 7
17 41 37
17 42 51
17 48 5
17 57 52
17 62 11
17 64 3
17 65 2
18 0 28
18 2 54
18 5 12
18 7 52
18 11 39
18 16 69
18 23 30
18 28 43
18 36 17
18 43 22
18 44 62
18 46 42
18 47 3
18 48 46
18 54 36
18 55 8
18 62 53
18 66 27
19 3 30
19 10 25
19 11 62
19 13 59
19 14 7
19 28 22
19 29 1
19 30 9
19 35 15
19 43 69
19 51 26
19 52 66
19 58 44
19 59 4
19 60 35
19 64 16
19 65 39
19 69 54
20 1 35
20 4 44
20 8 13
20 10 18
20 12 32
20 14 27
20 17 3
20 18 15
20 19 34
20 22 17
20 25 5
20 34 57
20 40 19
20 43 56
20 44 1
20 46 48
20 47 63
20 48 21
20 52 23
20 55 16
20 57 9
20 58 11
20 60 12
20 61 59
20 63 37
20 65 46
20 68 68
20 69 25
21 1 55
21 6 58
21 9 48
21 18 51
21 25 2
21 26 25
21 28 38
21 30 68
21 31 36
21 33 50
21 42 60
21 43 11
21 49 54
21 52 27
21 58 52
22 0 6
22 9 23
22 10 68
22 15 40
22 18 63
22 19 42
22 21 67
22 22 51
22 23 5
22 24 24
22 25 0
22 28 56
22 35 27
22 37 15
22 40 8
22 42 25
22 43 29
22 51 20
22 52 4
22 53 53
22 54 65
22 60 18
22 61 33
22 67 30
22 68 32
22 69 59
23 4 59
23 5 44
23 7 15
23 8 24
23 17 51
23 19 28
23 26 35
23 27 62
23 32 11
23 34 55
23 39 31
23 40 22
23 43 54
23 44 67
23 53 42
23 60 38
23 61 53
23 64 14
23 66 39
23 68 16
24 1 29
24 3 25
24 5 59
24 7 30
24 8 19
24 13 49
24 14 9
24 20 22
24 24 58
24 25 14
24 28 3
24 33 4
24 36 31
24 40 6
24 41 43
24 45 36
24 49 20
24 56 56
24 57 34
24 63 60
24 69 37
25 2 23
25 10 1
25 16 62
25 17 16
25 21 22
25 24 69
25 30 6
25 31 41
25 35 3
25 38 64
25 39 67
25 56 21
25 60 54
25 61 2
25 63 68
26 4 24
26 12 28
26 16 4
26 19 30
26 21 46
26 26 57
26 27 37
26 29 44
26 34 52
26 36 53
26 38 33
26 39 15
26 41 61
26 53 56
26 57 23
26 61 19
26 62 47
26 64 55
26 65 10
26 67 13
26 69 35
27 8 69
27 9 64
27 11 57
27 13 27
27 15 58
27 18 32
27 19 26
27 25 24
27 27 56
27 28 67
27 35 25
27 39 39
27 40 41
27 42 14
27 45 60
27 46 8
27 47 13
27 53 6
27 55 47
27 56 35
27 57 3
27 69 45
28 8 15
28 10 16
28 11 58
28 12 47
28 18 28
28 21 27
28 23 43
28 27 25
28 30 30
28 40 44
28 44 59
28 47 14
28 52 64
28 53 29
28 61 11
28 62 22
28 65 33
29 2 67
29 4 35
29 14 29
29 17 17
29 19 57
29 20 43
29 21 20
29 26 12
29 32 19
29 33 62
29 35 31
29 40 58
29 42 5
29 43 2
29 48 25
29 53 28
29 56 10
29 60 63
29 64 11
29 65 55
29 66 47
30 4 37
30 14 34
30 20 35
30 24 63
30 26 21
30 28 29
30 29 14
30 31 40
30 33 45
30 34 1
30 37 64
30 39 56
30 40 20
30 44 52
30 48 60
30 49 13
30 51 48
30 52 31
30 67 10
31 0 57
31 4 39
31 13 63
31 14 68
31 16 38
31 18 42
31 20 34
31 21 61
31 22 11
31 24 25
31 26 14
31 28 31
31 29 52
31 31 5
31 32 43
31 34 48
31 35 41
31 37 10
31 38 35
31 41 64
31 47 62
31 48 54
31 50 33
31 54 47
31 55 13
31 57 19
31 60 40
31 61 32
31 66 55
31 69 2
32 0 45
32 12 23
32 18 7
32 19 18
32 21 50
32 22 1
32 23 20
32 26 67
32 30 27
32 31 25
32 35 43
32 37 29
32 39 9
32 44 33
32 47 47
32 48 44
32 50 63
32 58 0
32 59 51
32 60 4
32 69 60
33 3 16
33 4 47
33 8 18
33 19 69
33 23 67
33 25 3
33 27 10
33 28 8
33 34 63
33 35 12
33 41 48
33 55 9
33 59 30
33 65 43
33 66 45
33 68 29
34 0 22
34 2 37
34 4 26
34 11 21
34 15 35
34 16 19
34 22 40
34 25 58
34 32 29
34 36 5
34 40 51
34 41 8
34 46 55
34 50 6
34 55 11
34 61 56
34 63 31
34 67 69
34 69 64
35 4 57
35 6 37
35 10 2
35 11 41
35 16 56
35 26 1
35 30 3
35 33 16
35 36 44
35 46 66
35 51 47
35 54 52
35 56 27
35 62 51
35 69 29
36 0 32
36 3 46
36 4 65
36 9 18
36 11 28
36 14 40
36 18 19
36 21 56
36 23 39
36 24 50
36 29 20
36 31 12
36 34 3
36 37 66
36 38 30
36 47 52
36 55 49
36 57 13
36 59 44
37 0 23
37 5 27
37 11 48
37 14 54
37 17 4
37 21 26
37 26 68
37 29 12
37 32 25
37 36 46
37 39 40
37 43 39
37 44 64
37 46 53
37 49 44
37 50 30
37 52 52
37 53 43
37 54 3
37 56 34
37 64 59
37 65 22
37 66 67
37 67 17
37 68 15
38 1 67
38 2 16
38 5 13
38 6 19
38 12 25
38 18 44
38 20 63
38 21 24
38 26 61
38 28 60
38 30 50
38 38 55
38 44 10
38 45 18
38 48 33
38 55 62
38 56 36
38 57 59
38 61 64
38 65 32
39 7 10
39 9 3
39 21 55
39 23 29
39 25 34
39 30 33
39 38 67
39 41 38
39 44 9
39 46 50
39 51 66
39 53 27
39 55 65
39 58 20
39 63 15
39 67 44
39 68 25
40 0 41
40 2 56
40 4 22
40 9 53
40 12 35
40 15 59
40 18 49
40 20 50
40 23 62
40 29 3
40 37 30
40 38 19
40 41 66
40 43 20
40 44 2
40 50 27
40 55 64
40 57 69
40 58 24
40 59 18
40 61 8
40 64 10
40 66 57
40 67 15
41 4 54
41 6 43
41 9 17
41 12 16
41 16 64
41 20 29
41 22 56
41 24 52
41 27 24
41 28 57
41 32 69
41 37 51
41 41 40
41 42 9
41 43 31
41 59 2
41 63 55
41 64 1
41 66 60
41 68 67
41 69 41
42 1 38
42 2 21
42 4 23
42 5 50
42 6 29
42 7 55
42 9 65
42 11 40
42 20 19
42 21 60
42 23 41
42 24 53
42 25 45
42 27 17
42 29 62
42 35 37
42 36 9
42 37 1
42 40 5
42 41 63
42 43 14
42 44 3
42 46 22
42 49 68
42 65 20
42 66 31
43 7 39
43 8 55
43 13 69
43 15 52
43 18 59
43 23 22
43 29 63
43 31 15
43 32 38
43 34 62
43 35 57
43 37 44
43 40 28
43 42 12
43 45 65
43 46 33
43 50 7
43 52 58
43 54 48
43 63 53
44 7 67
44 8 17
44 9 5
44 12 0
44 18 62
44 19 41
44 22 10
44 23 66
44 28 20
44 29 38
44 30 37
44 32 36
44 34 4
44 37 43
44 39 16
44 40 61
44 47 2
44 55 28
44 56 45
45 0 42
45 4 56
45 8 23
45 9 34
45 14 43
45 24 44
45 26 66
45 27 13
45 29 29
45 31 19
45 32 16
45 33 53
45 47 57
45 48 12
45 51 18
45 54 10
45 55 1
45 59 58
45 62 38
45 63 20
45 66 5
45 69 39
46 0 62
46 2 8
46 5 69
46 6 39
46 8 67
46 16 3
46 18 61
46 20 21
46 21 33
46 22 0
46 28 68
46 32 1
46 37 24
46 44 46
46 46 16
46 48 43
46 49 5
46 51 58
46 53 12
46 55 15
46 60 45
46 61 31
46 67 38
46 69 10
47 0 43
47 3 58
47 4 4
47 10 69
47 13 1
47 14 42
47 21 39
47 23 9
47 30 62
47 33 15
47 34 2
47 36 20
47 38 47
47 43 3
47 44 54
47 48 24
47 53 14
47 65 56
47 69 68
48 0 61
48 1 52
48 5 7
48 14 67
48 16 40
48 18 57
48 19 0
48 27 2
48 28 35
48 30 66
48 32 68
48 33 22
48 34 23
48 35 14
48 41 9
48 50 62
48 56 1
48 60 31
48 61 48
48 67 56
48 68 27
49 0 13
49 2 17
49 3 19
49 7 16
49 9 36
49 12 53
49 17 5
49 20 4
49 27 54
49 32 49
49 36 64
49 37 32
49 38 29
49 39 41
49 46 61
49 47 37
49 49 69
49 53 62
49 55 58
49 58 59
49 61 47
49 62 25
49 63 2
49 66 9
50 0 7
50 6 60
50 9 38
50 13 66
50 20 36
50 29 59
50 31 51
50 32 39
50 33 47
50 34 34
50 36 14
50 40 18
50 41 52
50 42 45
50 44 55
50 45 57
50 49 61
50 50 68
50 51 33
51 0 65
51 4 1
51 5 36
51 7 45
51 12 62
51 13 28
51 14 19
51 15 57
51 20 49
51 30 20
51 31 0
51 33 25
51 34 13
51 36 51
51 38 23
51 41 18
51 43 64
51 45 42
51 46 41
51 50 31
51 51 17
51 52 26
51 55 55
51 56 6
51 59 14
51 60 37
51 67 58
51 68 63
52 1 4
52 2 39
52 7 59
52 8 6
52 10 37
52 13 56
52 16 50
52 17 41
52 18 45
52 20 17
52 25 15
52 28 16
52 31 23
52 32 14
52 37 3
52 39 1
52 41 34
52 48 69
52 49 32
52 51 43
52 52 33
52 57 0
52 61 38
52 62 27
52 63 13
52 67 22
53 1 24
53 10 53
53 11 26
53 16 22
53 17 32
53 18 37
53 22 33
53 23 6
53 24 10
53 26 42
53 29 67
53 30 23
53 31 2
53 32 8
53 37 5
53 43 28
53 45 55
53 48 9
53 53 49
53 55 20
53 64 61
53 67 4
54 4 52
54 6 13
54 7 61
54 8 7
54 12 20
54 13 24
54 14 36
54 18 54
54 24 14
54 25 66
54 27 6
54 28 5
54 34 9
54 35 4
54 41 19
54 52 45
54 54 2
54 62 21
54 66 17
54 67 39
55 2 29
55 5 34
55 10 11
55 11 50
55 12 44
55 13 25
55 17 52
55 18 17
55 21 40
55 24 5
55 27 48
55 30 55
55 36 63
55 41 47
55 43 33
55 44 53
55 47 54
55 48 0
55 49 67
55 50 9
55 55 2
55 56 32
55 61 1
55 66 65
55 67 49
56 8 32
56 9 47
56 11 20
56 13 11
56 17 35
56 21 49
56 23 14
56 32 67
56 33 3
56 36 39
56 38 4
56 42 6
56 44 15
56 47 19
56 52 55
56 59 22
56 60 56
56 63 8
56 65 17
56 69 21
57 1 28
57 4 60
57 5 19
57 7 40
57 16 44
57 17 8
57 18 47
57 19 17
57 20 39
57 22 26
57 23 52
57 24 21
57 26 30
57 30 7
57 34 56
57 39 43
57 41 25
57 43 65
57 44 38
57 52 3
57 53 45
57 58 50
57 61 12
57 64 5
58 0 63
58 1 66
58 2 31
58 8 58
58 9 61
58 15 67
58 18 64
58 19 45
58 22 60
58 25 39
58 28 28
58 29 24
58 30 29
58 36 37
58 37 68
58 41 46
58 48 65
58 51 36
58 53 57
58 55 27
58 56 69
58 63 47
58 64 48
58 68 42
59 2 13
59 6 56
59 8 9
59 10 62
59 13 10
59 17 33
59 19 52
59 22 64
59 26 50
59 33 38
59 34 58
59 37 19
59 46 45
59 50 22
59 51 21
59 52 7
59 58 57
59 61 23
59 63 66
59 65 40
59 66 3
59 67 68
60 0 9
60 4 7
60 9 54
60 10 32
60 11 53
60 21 45
60 22 30
60 25 11
60 27 3
60 28 19
60 35 63
60 36 41
60 42 59
60 51 22
60 53 2
60 56 23
60 62 64
60 69 49
61 1 20
61 2 11
61 3 1
61 4 9
61 5 32
61 7 4
61 10 13
61 15 66
61 18 38
61 19 64
61 24 35
61 30 42
61 32 15
61 33 2
61 34 26
61 37 7
61 40 43
61 44 18
61 49 41
61 51 55
61 52 57
61 54 14
61 55 53
61 59 39
61 64 58
61 68 36
62 2 30
62 6 8
62 13 53
62 20 15
62 24 40
62 25 49
62 28 34
62 32 27
62 36 28
62 37 54
62 46 6
62 62 52
62 65 37
62 69 20
63 1 9
63 8 20
63 11 25
63 18 56
63 21 35
63 23 3
63 27 61
63 28 2
63 32 54
63 35 23
63 36 52
63 38 40
63 39 53
63 40 50
63 43 27
63 46 37
63 51 15
63 52 30
63 55 26
63 56 46
63 57 60
63 69 13
64 17 57
64 25 12
64 26 27
64 28 23
64 29 36
64 30 64
64 31 37
64 32 44
64 37 16
64 40 49
64 42 3
64 46 31
64 48 7
64 49 46
64 50 59
64 56 54
64 66 26
64 67 66
64 68 22
65 1 22
65 3 65
65 9 46
65 14 28
65 17 37
65 18 1
65 19 20
65 21 19
65 22 5
65 23 53
65 28 40
65 30 2
65 35 39
65 36 58
65 37 36
65 39 18
65 40 12
65 41 24
65 43 13
65 48 50
65 51 8
65 54 34
65 64 17
65 65 59
65 67 51
65 69 3
66 2 40
66 4 31
66 5 26
66 9 60
66 15 32
66 24 17
66 26 59
66 28 36
66 29 16
66 31 30
66 36 68
66 39 35
66 40 25
66 41 67
66 46 57
66 48 28
66 53 39
66 56 5
66 62 3
66 66 15
67 6 69
67 8 61
67 9 66
67 12 52
67 14 16
67 17 0
67 19 47
67 25 41
67 26 3
67 27 7
67 31 13
67 32 35
67 33 6
67 47 29
67 52 9
67 54 42
67 58 25
67 60 39
67 63 26
67 64 54
68 10 36
68 18 25
68 19 33
68 20 11
68 29 56
68 31 24
68 32 45
68 37 60
68 41 13
68 42 55
68 43 5
68 46 32
68 53 31
68 69 57
69 0 3
69 1 31
69 6 66
69 9 45
69 10 20
69 14 46
69 15 34
69 16 49
69 17 18
69 19 39
69 20 57
69 25 17
69 26 58
69 31 47
69 33 13
69 39 2
69 51 12
69 53 25
69 55 44
69 56 33
69 57 14
69 61 65
69 65 9
69 67 32
