70
0 0 15
0 3 48
0 5 56
0 6 5
0 7 51
0 9 23
0 12 30
0 14 41
0 16 37
0 19 0
0 20 33
0 22 61
0 23 58
0 26 21
0 29 18
0 30 2
0 32 50
0 35 57
0 38 16
0 40 36
0 41 40
0 42 69
0 43 52
0 44 46
0 45 35
0 48 7
0 49 10
0 50 49
0 52 1
0 53 67
0 54 47
0 56 39
0 57 22
0 58 26
0 59 29
0 60 13
0 61 28
0 62 3
0 63 43
0 64 63
0 65 19
0 66 17
0 67 20
0 68 53
1 0 8
1 1 69
1 3 13
1 5 53
1 6 19
1 7 40
1 9 48
1 10 45
1 11 51
1 12 18
1 14 62
1 16 64
1 17 54
1 18 3
1 20 32
1 22 15
1 25 46
1 27 10
1 30 11
1 31 6
1 33 67
1 34 7
1 35 63
1 36 55
1 37 30
1 38 21
1 39 14
1 40 26
1 41 37
1 43 12
1 45 25
1 49 52
1 52 39
1 53 68
1 56 43
1 57 59
1 58 49
1 61 9
1 62 56
1 64 47
1 65 58
1 66 35
1 67 38
1 69 23
2 1 45
2 2 56
2 3 51
2 4 62
2 5 59
2 7 7
2 8 9
2 9 1
2 11 64
2 12 52
2 15 24
2 19 58
2 20 39
2 21 20
2 23 18
2 25 15
2 26 34
2 28 22
2 29 8
2 30 69
2 31 13
2 35 26
2 36 21
2 39 65
2 42 68
2 44 27
2 45 3
2 47 50
2 48 44
2 49 5
2 50 6
2 52 49
2 54 17
2 56 36
2 57 53
2 58 57
2 59 41
2 61 31
2 63 38
2 64 66
2 66 33
2 67 55
2 68 46
2 69 37
3 0 56
3 1 30
3 2 22
3 5 5
3 6 43
3 12 2
3 13 3
3 15 10
3 16 15
3 17 59
3 23 57
3 25 38
3 29 7
3 30 68
3 31 47
3 33 45
3 34 52
3 35 8
3 37 6
3 40 63
3 41 50
3 46 40
3 47 42
3 48 9
3 49 25
3 50 0
3 51 34
3 52 36
3 54 67
3 55 44
3 56 12
3 58 21
3 59 54
3 60 14
3 61 16
3 62 33
3 63 48
3 64 35
3 68 65
3 69 69
4 0 50
4 3 8
4 4 11
4 6 30
4 9 46
4 11 16
4 12 37
4 14 47
4 15 61
4 18 40
4 19 68
4 20 58
4 21 21
4 24 59
4 25 0
4 26 64
4 28 67
4 29 69
4 31 48
4 32 9
4 36 14
4 37 3
4 38 28
4 39 53
4 42 32
4 44 23
4 45 60
4 47 26
4 49 4
4 50 12
4 51 17
4 52 54
4 54 10
4 58 56
4 60 2
4 61 57
4 62 29
4 63 33
4 64 51
4 65 38
4 66 18
4 67 19
5 1 68
5 2 67
5 3 60
5 4 28
5 5 26
5 6 20
5 7 14
5 8 50
5 9 17
5 10 52
5 12 32
5 16 41
5 17 66
5 19 46
5 20 63
5 23 40
5 24 31
5 25 19
5 26 47
5 28 24
5 29 21
5 31 39
5 35 38
5 36 7
5 37 33
5 38 43
5 39 23
5 40 18
5 41 10
5 44 62
5 46 69
5 47 15
5 50 55
5 51 37
5 53 9
5 54 42
5 57 57
5 59 53
5 63 1
5 64 64
5 65 48
5 66 49
5 69 0
6 1 13
6 2 26
6 3 49
6 4 30
6 7 56
6 8 23
6 9 62
6 12 14
6 14 39
6 18 50
6 19 63
6 21 12
6 22 65
6 23 48
6 25 28
6 26 54
6 27 37
6 28 45
6 31 35
6 33 21
6 35 68
6 37 7
6 38 51
6 39 44
6 40 3
6 41 55
6 43 5
6 46 19
6 47 2
6 48 46
6 50 33
6 52 41
6 53 17
6 56 47
6 57 4
6 58 34
6 60 9
6 61 67
6 62 16
6 63 31
6 66 43
6 67 27
6 69 64
7 0 12
7 1 50
7 2 15
7 5 23
7 6 11
7 7 41
7 9 37
7 14 30
7 16 53
7 18 27
7 20 10
7 21 62
7 22 51
7 25 32
7 26 59
7 28 65
7 29 43
7 32 18
7 34 21
7 37 39
7 38 38
7 39 9
7 40 20
7 41 5
7 43 14
7 45 68
7 46 2
7 47 56
7 49 58
7 51 16
7 53 33
7 56 22
7 57 61
7 59 36
7 60 3
7 61 69
7 62 60
7 65 29
7 69 66
8 2 68
8 3 45
8 6 15
8 7 18
8 9 63
8 10 21
8 14 69
8 15 65
8 16 24
8 17 32
8 20 0
8 21 46
8 22 25
8 23 51
8 24 55
8 27 17
8 28 3
8 29 59
8 34 37
8 35 11
8 36 8
8 38 5
8 40 42
8 42 54
8 47 60
8 50 39
8 52 67
8 54 34
8 55 31
8 56 58
8 57 1
8 58 52
8 60 7
8 62 23
8 65 43
8 66 48
8 68 22
9 1 59
9 2 50
9 3 23
9 4 46
9 5 16
9 6 57
9 9 49
9 10 4
9 12 69
9 13 66
9 15 9
9 16 63
9 17 33
9 18 6
9 19 28
9 20 3
9 22 22
9 23 0
9 26 30
9 27 54
9 30 44
9 31 42
9 36 20
9 37 40
9 38 68
9 39 61
9 40 2
9 41 36
9 42 8
9 45 13
9 47 18
9 48 48
9 50 45
9 52 32
9 55 21
9 56 25
9 57 14
9 60 43
9 61 53
9 62 19
9 63 55
9 64 24
9 66 47
9 67 39
9 68 62
10 3 31
10 5 60
10 6 35
10 7 15
10 9 40
10 13 8
10 15 26
10 17 17
10 18 19
10 19 42
10 20 65
10 23 11
10 24 10
10 25 44
10 29 51
10 31 53
10 32 47
10 33 68
10 35 1
10 36 69
10 38 50
10 40 24
10 43 38
10 45 22
10 46 18
10 47 16
10 48 30
10 51 54
10 53 0
10 54 5
10 55 62
10 59 12
10 60 45
10 61 59
10 62 39
10 64 27
10 65 28
10 66 3
10 68 55
10 69 29
11 0 40
11 2 45
11 3 42
11 4 59
11 5 67
11 10 26
11 11 63
11 12 50
11 13 33
11 14 19
11 16 39
11 19 4
11 20 46
11 22 52
11 23 61
11 24 23
11 25 37
11 27 14
11 28 30
11 29 17
11 33 9
11 34 22
11 36 16
11 37 10
11 40 60
11 41 24
11 43 69
11 44 44
11 45 8
11 47 55
11 48 29
11 49 3
11 50 27
11 51 56
11 52 11
11 53 34
11 54 12
11 55 7
11 58 2
11 59 68
11 60 25
11 62 35
11 63 64
11 64 57
11 65 31
11 66 53
11 67 62
12 0 7
12 1 19
12 3 69
12 4 51
12 5 3
12 7 68
12 8 48
12 9 5
12 11 15
12 13 29
12 14 6
12 16 57
12 17 50
12 18 66
12 21 35
12 24 61
12 26 0
12 27 12
12 30 54
12 33 24
12 34 32
12 35 30
12 37 1
12 38 8
12 39 46
12 41 34
12 42 43
12 43 11
12 44 25
12 45 36
12 46 58
12 47 44
12 48 10
12 49 23
12 50 65
12 52 13
12 53 22
12 54 56
12 56 9
12 57 55
12 59 45
12 60 42
12 63 63
12 66 21
12 67 60
12 69 4
13 1 41
13 3 63
13 4 7
13 8 56
13 9 52
13 10 68
13 12 15
13 13 61
13 14 0
13 15 55
13 17 53
13 18 69
13 19 1
13 20 50
13 23 9
13 24 66
13 25 4
13 28 23
13 30 49
13 31 30
13 32 2
13 33 54
13 34 31
13 36 22
13 38 25
13 39 37
13 42 39
13 43 17
13 45 59
13 46 13
13 47 21
13 48 32
13 49 20
13 50 5
13 51 60
13 54 11
13 55 26
13 57 40
13 59 43
13 60 51
13 64 28
13 66 27
13 69 8
14 0 25
14 2 62
14 4 47
14 5 28
14 10 20
14 11 5
14 13 67
14 14 36
14 16 54
14 17 16
14 19 37
14 21 13
14 23 6
14 24 56
14 25 39
14 26 46
14 28 64
14 29 41
14 30 10
14 32 1
14 33 49
14 34 55
14 35 48
14 39 60
14 40 31
14 41 52
14 42 9
14 44 21
14 46 65
14 47 17
14 49 7
14 51 11
14 53 66
14 54 22
14 57 33
14 58 0
14 59 57
14 62 63
14 65 61
14 69 32
15 0 43
15 2 58
15 4 6
15 6 60
15 7 57
15 8 19
15 9 18
15 12 8
15 14 32
15 21 39
15 22 10
15 23 2
15 24 48
15 25 49
15 29 5
15 30 4
15 31 37
15 33 16
15 37 20
15 39 22
15 40 56
15 44 40
15 46 33
15 50 28
15 51 59
15 54 35
15 55 9
15 59 25
15 65 7
15 67 66
15 69 24
16 0 6
16 1 31
16 2 53
16 3 56
16 4 49
16 5 68
16 6 27
16 7 34
16 10 14
16 12 61
16 13 36
16 14 17
16 16 51
16 17 21
16 20 20
16 22 7
16 26 23
16 31 43
16 32 32
16 33 30
16 35 5
16 37 22
16 41 38
16 42 33
16 43 9
16 46 46
16 47 0
16 48 63
16 49 2
16 51 57
16 52 35
16 53 54
16 54 1
16 55 29
16 56 45
16 57 47
16 59 4
16 60 40
16 61 13
16 62 48
16 63 42
16 64 15
16 65 16
16 66 10
16 67 8
16 68 69
16 69 19
17 2 28
17 3 59
17 4 29
17 5 31
17 7 35
17 10 2
17 11 1
17 12 41
17 14 21
17 16 58
17 17 20
17 20 30
17 21 7
17 23 34
17 27 16
17 29 45
17 30 8
17 32 56
17 33 48
17 34 24
17 36 65
17 37 50
17 41 49
17 42 52
17 43 39
17 44 10
17 45 53
17 46 4
17 50 25
17 51 6
17 52 46
17 56 40
17 59 33
17 62 68
17 63 62
17 64 44
17 65 69
17 66 42
17 67 17
17 68 32
17 69 22
18 1 54
18 2 1
18 3 29
18 4 23
18 5 42
18 6 64
18 8 38
18 10 5
18 12 3
18 13 44
18 15 17
18 16 11
18 17 52
18 18 15
18 20 47
18 21 53
18 22 21
18 23 69
18 24 6
18 25 27
18 28 68
18 29 55
18 30 31
18 31 45
18 32 37
18 34 10
18 37 49
18 38 34
18 40 50
18 41 46
18 42 7
18 43 41
18 44 56
18 45 62
18 47 61
18 49 8
18 50 13
18 51 66
18 53 32
18 54 9
18 55 18
18 57 25
18 59 48
18 60 24
18 63 12
18 65 39
18 66 51
18 69 30
19 0 69
19 1 16
19 2 35
19 3 37
19 4 10
19 7 52
19 9 11
19 10 41
19 11 53
19 17 42
19 18 51
19 19 23
19 20 1
19 22 13
19 23 14
19 27 5
19 28 19
19 29 33
19 31 50
19 32 58
19 34 8
19 35 9
19 37 27
19 39 43
19 42 18
19 43 54
19 45 48
19 48 39
19 51 46
19 52 57
19 53 63
19 54 40
19 55 6
19 57 49
19 60 38
19 64 4
19 68 21
20 1 21
20 2 24
20 3 5
20 5 61
20 6 42
20 8 28
20 9 20
20 12 23
20 13 50
20 14 46
20 15 43
20 16 36
20 18 44
20 19 8
20 20 69
20 23 13
20 24 45
20 25 59
20 26 51
20 28 18
20 29 62
20 30 32
20 32 0
20 33 29
20 34 39
20 37 11
20 38 35
20 39 40
20 43 63
20 44 68
20 45 27
20 46 25
20 48 12
20 52 30
20 53 55
20 54 2
20 57 19
20 60 56
20 62 4
20 63 58
20 64 48
20 67 6
20 69 60
21 1 51
21 4 52
21 5 2
21 6 46
21 8 47
21 10 67
21 11 20
21 12 53
21 13 55
21 14 48
21 15 28
21 16 22
21 18 4
21 19 35
21 20 62
21 21 37
21 25 30
21 28 17
21 29 10
21 30 24
21 32 39
21 33 60
21 34 64
21 35 43
21 36 36
21 37 69
21 39 50
21 41 13
21 42 23
21 43 32
21 44 59
21 45 57
21 46 26
21 47 1
21 48 25
21 49 19
21 50 18
21 51 7
21 55 3
21 57 66
21 58 58
21 60 15
21 62 38
21 63 54
21 66 45
21 68 12
21 69 61
22 1 49
22 2 34
22 4 8
22 5 33
22 6 2
22 7 10
22 8 12
22 9 53
22 10 54
22 11 43
22 13 26
22 14 56
22 15 36
22 17 55
22 18 46
22 19 29
22 20 48
22 21 40
22 22 37
22 23 38
22 24 32
22 25 31
22 27 6
22 29 20
22 30 60
22 31 69
22 32 59
22 33 23
22 34 25
22 35 41
22 36 35
22 37 14
22 38 65
22 41 15
22 43 47
22 44 52
22 47 19
22 48 66
22 50 64
22 51 3
22 52 42
22 53 30
22 54 57
22 55 51
22 56 24
22 58 45
22 59 28
22 60 18
22 62 5
22 64 1
22 66 44
22 68 27
22 69 50
23 1 8
23 2 23
23 3 34
23 6 62
23 7 5
23 8 67
23 10 36
23 11 14
23 12 51
23 13 46
23 16 27
23 18 1
23 19 32
23 20 25
23 22 19
23 23 15
23 24 42
23 25 55
23 26 12
23 27 45
23 28 28
23 29 4
23 31 24
23 33 3
23 34 50
23 37 63
23 38 26
23 39 35
23 40 61
23 42 65
23 44 41
23 47 40
23 50 38
23 51 39
23 52 20
23 53 21
23 54 53
23 61 6
23 62 9
23 63 60
23 65 68
23 67 33
23 69 48
24 1 20
24 2 47
24 3 44
24 6 7
24 7 0
24 8 27
24 9 39
24 11 34
24 12 17
24 13 68
24 14 15
24 15 33
24 16 9
24 17 5
24 18 45
24 19 69
24 22 54
24 23 49
24 25 36
24 26 40
24 27 28
24 34 56
24 35 24
24 36 53
24 37 26
24 38 22
24 41 67
24 42 51
24 44 13
24 45 61
24 46 6
24 49 59
24 50 23
24 52 29
24 54 64
24 55 43
24 56 57
24 58 50
24 59 19
24 60 31
24 62 1
24 63 65
24 64 3
24 66 41
24 67 10
24 69 2
25 0 0
25 1 9
25 2 57
25 5 19
25 6 39
25 7 27
25 8 59
25 10 29
25 11 48
25 12 68
25 14 22
25 16 60
25 17 10
25 19 44
25 22 26
25 23 67
25 25 21
25 26 28
25 27 64
25 28 49
25 30 5
25 31 52
25 32 34
25 33 53
25 38 20
25 39 41
25 41 63
25 43 66
25 45 11
25 50 1
25 51 65
25 53 37
25 57 32
25 58 55
25 60 8
25 61 3
25 63 30
25 64 31
25 65 35
25 67 45
25 68 61
26 0 14
26 2 65
26 7 19
26 8 8
26 11 12
26 14 28
26 15 20
26 16 21
26 17 43
26 18 34
26 20 5
26 22 49
26 23 45
26 24 39
26 26 52
26 27 46
26 28 1
26 29 2
26 30 53
26 31 68
26 32 41
26 34 13
26 35 17
26 38 7
26 39 42
26 40 66
26 43 25
26 44 60
26 45 51
26 46 29
26 47 11
26 51 15
26 52 63
26 53 57
26 56 31
26 58 64
26 59 3
26 62 24
26 64 55
26 67 48
26 68 56
26 69 36
27 1 12
27 2 4
27 3 24
27 7 13
27 8 33
27 9 66
27 11 30
27 16 49
27 18 43
27 19 39
27 21 68
27 25 47
27 26 53
27 28 62
27 29 29
27 31 25
27 32 63
27 33 59
27 38 54
27 39 17
27 43 37
27 44 19
27 45 41
27 47 34
27 50 22
27 51 31
27 53 60
27 54 65
27 55 57
27 56 69
27 57 28
27 62 50
27 63 32
27 65 3
27 67 61
28 0 41
28 1 67
28 2 44
28 3 40
28 4 21
28 5 55
28 6 10
28 7 65
28 8 20
28 12 29
28 15 19
28 17 62
28 18 17
28 19 7
28 21 8
28 22 56
28 23 23
28 24 5
28 25 35
28 26 61
28 29 47
28 30 34
28 36 60
28 38 12
28 40 0
28 41 32
28 43 49
28 45 1
28 49 14
28 51 38
28 52 48
28 53 18
28 56 27
28 57 63
28 60 36
28 63 50
28 64 37
28 65 9
28 66 11
28 67 22
28 69 54
29 1 32
29 2 18
29 3 57
29 5 14
29 6 28
29 7 23
29 8 44
29 9 10
29 10 43
29 11 46
29 12 35
29 16 29
29 17 26
29 18 49
29 19 38
29 20 8
29 21 56
29 23 47
29 24 12
29 25 48
29 27 68
29 31 31
29 32 21
29 33 20
29 34 11
29 37 34
29 38 53
29 39 69
29 44 39
29 45 15
29 46 42
29 47 65
29 48 64
29 52 66
29 53 50
29 54 24
29 56 13
29 57 36
29 59 16
29 60 60
29 61 45
29 62 40
29 63 52
29 66 2
29 67 5
29 68 33
29 69 27
30 0 39
30 1 6
30 3 36
30 5 11
30 6 25
30 8 69
30 11 50
30 12 49
30 14 29
30 15 1
30 16 14
30 17 12
30 21 19
30 23 3
30 25 24
30 29 60
30 30 40
30 31 54
30 33 7
30 34 65
30 35 64
30 36 27
30 38 33
30 39 34
30 40 22
30 41 56
30 42 31
30 45 0
30 46 63
30 49 38
30 50 43
30 51 44
30 52 18
30 53 61
30 54 58
30 57 37
30 58 68
30 60 28
30 61 42
30 62 45
30 63 5
30 64 21
30 67 67
30 68 26
30 69 46
31 0 2
31 1 14
31 3 19
31 4 0
31 5 1
31 8 61
31 11 54
31 12 25
31 14 13
31 17 4
31 18 35
31 20 9
31 22 29
31 23 31
31 24 24
31 25 60
31 26 6
31 27 49
31 28 42
31 29 40
31 32 10
31 35 69
31 38 57
31 39 11
31 41 30
31 42 47
31 44 51
31 46 68
31 47 64
31 48 28
31 56 67
31 57 8
31 58 27
31 62 17
31 65 46
31 67 3
31 68 48
32 0 23
32 1 25
32 3 55
32 4 14
32 6 58
32 7 46
32 10 8
32 11 40
32 12 36
32 14 3
32 16 65
32 17 67
32 18 33
32 19 49
32 20 52
32 22 69
32 23 63
32 24 20
32 25 6
32 28 35
32 29 68
32 33 26
32 34 41
32 39 2
32 42 28
32 43 56
32 44 50
32 45 42
32 48 53
32 49 18
32 51 45
32 52 62
32 54 16
32 56 64
32 61 37
32 65 5
32 66 38
32 67 57
33 0 48
33 1 66
33 3 50
33 4 43
33 7 8
33 8 35
33 12 63
33 14 16
33 16 7
33 17 29
33 18 42
33 19 20
33 20 6
33 21 47
33 22 31
33 23 54
33 24 1
33 26 38
33 27 30
33 29 11
33 30 0
33 32 13
33 33 32
33 39 52
33 41 19
33 43 3
33 44 37
33 46 53
33 48 51
33 49 26
33 51 21
33 54 18
33 56 2
33 57 65
33 61 12
33 63 36
33 64 61
33 66 59
33 68 45
34 0 44
34 1 36
34 2 19
34 5 30
34 7 3
34 8 49
34 9 22
34 12 28
34 13 9
34 14 68
34 15 2
34 16 56
34 17 46
34 18 55
34 19 64
34 20 23
34 21 16
34 22 4
34 23 24
34 26 11
34 29 48
34 30 39
34 32 69
34 33 40
34 37 58
34 38 45
34 39 18
34 41 0
34 42 37
34 46 14
34 51 43
34 52 47
34 53 65
34 56 52
34 57 35
34 58 12
34 61 20
34 63 25
34 65 17
34 68 63
34 69 5
35 2 11
35 4 17
35 6 24
35 7 44
35 8 41
35 9 28
35 10 53
35 11 52
35 13 6
35 19 34
35 20 56
35 21 63
35 22 64
35 24 35
35 25 43
35 26 8
35 28 27
35 32 65
35 33 18
35 34 16
35 35 58
35 36 67
35 37 2
35 38 4
35 41 21
35 42 50
35 43 26
35 44 12
35 45 23
35 46 31
35 47 22
35 48 15
35 50 48
35 51 55
35 52 33
35 56 49
35 58 61
35 59 37
35 60 46
35 63 14
35 64 69
35 65 42
35 66 7
35 68 1
36 1 2
36 2 13
36 4 69
36 5 29
36 6 37
36 8 11
36 9 19
36 10 65
36 11 42
36 12 47
36 13 17
36 15 60
36 16 1
36 17 34
36 18 53
36 20 38
36 21 14
36 22 66
36 24 25
36 27 0
36 28 52
36 30 6
36 34 33
36 38 48
36 39 12
36 41 68
36 42 61
36 43 40
36 44 49
36 47 35
36 48 62
36 49 27
36 51 64
36 52 59
36 53 56
36 54 55
36 57 5
36 58 23
36 61 36
36 62 7
36 63 41
36 64 54
36 65 30
36 66 31
36 68 43
36 69 28
37 3 3
37 5 41
37 6 29
37 9 68
37 13 16
37 17 27
37 18 56
37 19 52
37 20 66
37 23 21
37 26 7
37 27 23
37 29 6
37 30 14
37 33 50
37 36 11
37 37 35
37 41 4
37 43 18
37 46 43
37 47 32
37 50 37
37 52 69
37 53 15
37 54 31
37 55 13
37 57 38
37 58 47
37 59 30
37 60 1
37 61 0
37 63 34
37 66 67
37 68 57
38 0 18
38 1 60
38 2 5
38 3 2
38 5 48
38 6 8
38 8 21
38 9 29
38 10 6
38 11 17
38 12 40
38 14 49
38 15 32
38 16 19
38 17 36
38 18 31
38 23 28
38 26 4
38 27 15
38 28 56
38 30 63
38 31 12
38 32 38
38 36 43
38 39 27
38 40 41
38 41 53
38 42 22
38 43 65
38 46 52
38 47 45
38 48 23
38 51 13
38 52 51
38 53 26
38 54 50
38 55 59
38 56 66
38 58 42
38 59 58
38 62 0
38 65 25
38 66 46
38 68 3
38 69 20
39 0 46
39 4 2
39 6 56
39 8 45
39 9 36
39 11 7
39 13 64
39 15 21
39 16 23
39 19 33
39 21 57
39 22 58
39 23 68
39 24 60
39 25 13
39 26 31
39 27 27
39 28 61
39 30 1
39 31 40
39 32 5
39 34 4
39 35 25
39 38 47
39 39 20
39 40 28
39 41 51
39 42 12
39 43 10
39 44 48
39 45 26
39 46 62
39 48 50
39 49 17
39 51 8
39 52 53
39 53 49
39 54 19
39 55 67
39 59 39
39 61 35
39 62 11
39 66 9
39 67 52
39 68 29
40 1 46
40 4 13
40 8 43
40 10 27
40 11 21
40 17 48
40 18 61
40 20 68
40 22 18
40 27 59
40 28 7
40 29 34
40 30 62
40 31 58
40 32 25
40 33 10
40 34 42
40 39 29
40 40 14
40 44 17
40 47 36
40 49 49
40 51 28
40 52 44
40 53 52
40 54 66
40 57 30
40 58 40
40 59 20
40 61 23
40 62 41
40 63 4
40 64 53
40 65 15
40 66 12
40 67 24
40 68 51
40 69 3
41 0 52
41 1 28
41 3 65
41 4 16
41 5 27
41 6 9
41 7 1
41 8 14
41 10 66
41 11 47
41 12 24
41 14 67
41 15 53
41 18 8
41 20 41
41 22 42
41 24 62
41 28 13
41 30 33
41 31 20
41 34 26
41 36 68
41 40 57
41 42 25
41 43 30
41 44 54
41 45 45
41 46 48
41 47 46
41 48 38
41 49 44
41 50 63
41 53 69
41 54 32
41 58 17
41 60 37
41 61 50
41 62 36
41 64 23
41 67 18
41 68 0
41 69 12
42 0 60
42 1 27
42 2 63
42 3 62
42 4 20
42 5 66
42 6 54
42 7 9
42 10 3
42 12 57
42 16 30
42 17 22
42 18 7
42 20 12
42 21 23
42 22 35
42 23 46
42 24 11
42 26 32
42 28 2
42 29 28
42 33 25
42 34 51
42 36 48
42 38 56
42 40 43
42 41 41
42 43 21
42 45 44
42 50 15
42 51 52
42 52 40
42 53 14
42 55 19
42 56 10
42 57 64
42 58 53
42 59 38
42 61 4
42 63 0
42 64 13
42 65 45
42 66 36
42 67 37
42 68 39
43 0 10
43 1 39
43 3 53
43 5 4
43 6 69
43 7 64
43 9 27
43 11 3
43 12 31
43 13 12
43 14 66
43 16 46
43 17 37
43 19 48
43 27 55
43 28 54
43 29 24
43 30 65
43 31 26
43 32 11
43 34 30
43 35 14
43 37 52
43 38 23
43 40 35
43 42 59
43 44 32
43 46 9
43 47 38
43 49 43
43 51 5
43 52 61
43 55 56
43 56 50
43 58 67
43 60 33
43 61 18
43 62 25
43 63 47
43 65 57
43 66 58
44 0 19
44 2 7
44 4 66
44 8 51
44 12 1
44 13 27
44 14 58
44 15 4
44 16 32
44 17 30
44 18 18
44 19 25
44 20 43
44 24 47
44 25 56
44 26 29
44 27 61
44 28 63
44 29 44
44 30 15
44 31 28
44 33 2
44 34 57
44 36 34
44 38 37
44 39 38
44 41 59
44 43 22
44 44 36
44 46 64
44 47 14
44 48 45
44 50 67
44 51 50
44 52 12
44 54 6
44 57 24
44 59 9
44 60 17
44 61 68
44 62 46
44 64 41
44 67 69
44 68 42
44 69 21
45 1 57
45 3 54
45 5 12
45 6 22
45 9 3
45 10 25
45 11 19
45 13 37
45 16 18
45 18 26
45 19 40
45 21 64
45 22 14
45 23 55
45 25 2
45 27 69
45 28 33
45 33 34
45 34 53
45 35 6
45 38 29
45 40 4
45 42 66
45 44 20
45 46 21
45 47 5
45 48 31
45 49 47
45 50 35
45 51 67
45 52 10
45 53 24
45 54 59
45 55 41
45 56 56
45 58 44
45 59 17
45 60 49
45 61 48
45 62 52
45 66 61
45 67 13
45 68 11
46 1 40
46 3 66
46 5 9
46 7 24
46 8 30
46 11 2
46 12 10
46 14 31
46 18 67
46 19 12
46 21 1
46 22 60
46 23 33
46 25 45
46 26 44
46 27 50
46 29 37
46 30 19
46 37 8
46 42 16
46 43 42
46 47 59
46 48 20
46 49 6
46 50 57
46 52 27
46 53 25
46 54 43
46 56 21
46 59 5
46 60 23
46 63 56
46 64 38
46 66 55
46 68 13
46 69 17
47 0 45
47 1 17
47 2 16
47 4 40
47 5 50
47 6 51
47 7 48
47 12 27
47 13 5
47 15 68
47 19 54
47 20 19
47 21 18
47 23 59
47 25 29
47 28 66
47 29 31
47 31 7
47 32 52
47 33 22
47 34 35
47 38 2
47 39 64
47 41 69
47 42 3
47 43 62
47 44 61
47 45 30
47 47 33
47 48 26
47 50 4
47 52 23
47 53 43
47 54 60
47 55 42
47 60 67
47 61 25
47 62 14
47 63 11
47 65 21
47 66 56
47 67 58
47 68 36
48 0 35
48 1 44
48 2 54
48 4 3
48 6 52
48 7 16
48 8 66
48 9 30
48 10 59
48 12 0
48 14 57
48 15 42
48 16 8
48 18 37
48 20 29
48 21 32
48 22 36
48 23 56
48 25 12
48 27 4
48 28 34
48 29 15
48 31 33
48 32 19
48 35 60
48 37 48
48 38 24
48 39 13
48 41 14
48 47 58
48 48 17
48 49 40
48 50 51
48 51 47
48 52 9
48 54 28
48 55 5
48 56 26
48 57 67
48 58 38
48 59 23
48 60 27
48 61 62
48 62 43
48 63 45
48 64 11
48 66 39
49 0 27
49 1 48
49 3 11
49 4 55
49 5 7
49 7 58
49 8 25
49 11 8
49 12 4
49 14 24
49 15 39
49 20 21
49 21 28
49 22 34
49 24 9
49 26 3
49 30 41
49 31 60
49 32 22
49 33 62
49 35 59
49 37 5
49 39 45
49 42 63
49 43 44
49 45 2
49 47 12
49 48 54
49 50 50
49 52 43
49 54 26
49 55 1
49 56 23
49 57 18
49 58 32
49 59 52
49 60 20
49 61 66
49 62 37
49 64 6
49 65 33
49 67 56
49 69 67
50 1 15
50 2 33
50 4 35
50 7 28
50 9 34
50 10 64
50 11 24
50 13 13
50 16 31
50 17 19
50 20 54
50 24 30
50 25 16
50 26 42
50 27 25
50 28 57
50 30 50
50 31 32
50 33 69
50 35 52
50 37 17
50 38 39
50 39 4
50 41 20
50 43 61
50 44 8
50 45 47
50 46 67
50 47 10
50 49 45
50 54 7
50 56 53
50 57 27
50 58 6
50 60 26
50 61 63
50 62 21
50 63 49
50 64 46
50 67 2
50 68 23
51 4 42
51 6 45
51 8 46
51 9 16
51 11 49
51 12 54
51 13 2
51 14 14
51 16 3
51 18 48
51 19 10
51 20 34
51 21 43
51 27 38
51 32 28
51 34 20
51 36 66
51 37 18
51 39 15
51 41 60
51 42 6
51 45 65
51 46 41
51 49 0
51 51 25
51 54 27
51 55 35
51 56 11
51 58 9
51 61 64
51 62 22
51 63 69
51 64 40
51 66 23
51 67 63
51 68 37
51 69 33
52 0 53
52 1 37
52 2 41
52 3 10
52 5 13
52 6 47
52 8 34
52 9 38
52 10 18
52 11 22
52 13 58
52 14 25
52 17 9
52 18 39
52 19 60
52 20 57
52 21 59
52 24 19
52 25 3
52 26 49
52 28 31
52 29 54
52 30 45
52 33 65
52 34 61
52 35 28
52 36 2
52 38 6
52 39 36
52 41 1
52 43 35
52 44 63
52 46 27
52 47 66
52 48 43
52 49 30
52 50 40
52 51 68
52 53 16
52 55 50
52 57 21
52 58 20
52 59 62
52 60 48
52 63 46
52 67 51
52 68 7
53 1 35
53 2 59
53 3 16
53 4 45
53 5 8
53 8 53
53 9 64
53 10 69
53 12 55
53 17 18
53 18 10
53 19 14
53 22 43
53 23 42
53 24 22
53 26 36
53 27 48
53 30 28
53 32 44
53 34 23
53 36 25
53 37 21
53 38 46
53 39 49
53 40 17
53 41 27
53 43 31
53 44 65
53 46 15
53 47 68
53 48 1
53 50 56
53 52 24
53 53 62
53 55 33
53 57 2
53 58 19
53 61 11
53 63 39
53 65 51
53 66 20
54 2 37
54 4 34
54 6 50
54 9 9
54 13 20
54 14 10
54 15 66
54 16 69
54 17 28
54 18 22
54 19 47
54 20 24
54 23 43
54 27 8
54 28 15
54 33 57
54 34 36
54 36 13
54 37 68
54 39 5
54 43 6
54 45 55
54 46 11
54 51 2
54 52 60
54 53 39
54 54 0
54 59 65
54 63 3
54 64 32
54 69 56
55 0 5
55 1 29
55 2 8
55 3 30
55 5 32
55 6 23
55 7 69
55 8 10
55 13 38
55 15 25
55 17 11
55 19 66
55 20 28
55 21 0
55 24 2
55 26 35
55 27 39
55 29 13
55 30 48
55 31 16
55 32 26
55 33 61
55 36 42
55 37 37
55 38 27
55 40 21
55 43 59
55 45 33
55 48 19
55 49 65
55 50 24
55 52 64
55 53 46
55 54 62
55 56 17
55 57 54
55 58 14
55 59 40
55 60 22
55 65 60
55 66 6
55 69 49
56 0 47
56 1 10
56 2 29
56 3 14
56 7 55
56 9 31
56 10 22
56 12 60
56 14 20
56 15 5
56 16 17
56 18 23
56 19 11
56 23 53
56 24 68
56 26 50
56 27 7
56 29 16
56 30 21
56 31 8
56 32 57
56 34 3
56 35 62
56 39 58
56 45 66
56 46 45
56 47 6
56 52 37
56 55 28
56 56 48
56 57 52
56 58 18
56 59 0
56 61 40
56 62 26
56 63 67
56 65 34
56 68 64
57 0 68
57 1 0
57 2 69
57 4 24
57 5 49
57 7 26
57 9 6
57 12 44
57 13 35
57 14 61
57 16 62
57 17 14
57 18 25
57 19 3
57 20 42
57 24 7
57 25 20
57 27 32
57 28 12
57 30 56
57 31 34
57 33 47
57 34 38
57 35 27
57 37 16
57 39 39
57 40 8
57 42 13
57 43 60
57 45 63
57 46 22
57 47 41
57 48 4
57 51 58
57 52 17
57 53 45
57 54 52
57 55 64
57 56 18
57 58 28
57 59 21
57 62 54
57 63 15
57 65 36
57 67 46
57 68 2
57 69 59
58 2 46
58 3 25
58 5 34
58 6 63
58 7 50
58 9 58
58 10 57
58 11 55
58 15 69
58 16 10
58 18 14
58 20 60
58 21 52
58 24 44
58 26 62
58 28 53
58 29 22
58 32 3
58 33 28
58 35 33
58 36 61
58 37 56
58 38 36
58 40 37
58 43 48
58 44 35
58 46 49
58 48 0
58 49 11
58 50 42
58 53 6
58 54 45
58 55 54
58 56 59
58 58 13
58 61 2
58 62 12
58 63 9
58 64 20
58 66 16
58 68 18
59 1 23
59 3 12
59 7 61
59 13 22
59 14 65
59 16 48
59 18 47
59 19 41
59 20 14
59 21 24
59 22 63
59 23 52
59 25 57
59 26 58
59 27 34
59 28 0
59 29 30
59 31 5
59 32 54
59 33 51
59 35 19
59 38 40
59 39 1
59 42 67
59 46 36
59 47 28
59 48 42
59 49 56
59 50 3
59 51 18
59 54 25
59 55 45
59 56 68
59 57 17
59 58 69
59 60 35
59 61 39
59 62 10
59 63 66
59 64 59
59 65 8
59 66 15
59 67 16
59 69 11
60 2 61
60 3 18
60 4 27
60 5 52
60 6 13
60 9 15
60 10 47
60 11 62
60 14 2
60 16 25
60 18 9
60 21 38
60 22 45
60 24 26
60 25 33
60 31 67
60 32 23
60 34 40
60 35 54
60 37 19
60 39 57
60 40 69
60 43 43
60 45 64
60 46 7
60 47 4
60 48 41
60 49 50
60 51 48
60 52 0
60 53 11
60 54 30
60 55 49
60 57 20
60 58 66
60 60 55
60 61 22
60 62 31
60 64 60
60 65 10
60 66 28
60 68 8
60 69 65
61 0 54
61 1 53
61 3 35
61 5 18
61 8 65
61 9 7
61 11 33
61 12 34
61 14 23
61 15 48
61 16 2
61 18 13
61 19 51
61 21 5
61 25 11
61 26 56
61 27 24
61 29 19
61 30 47
61 31 55
61 32 31
61 33 1
61 36 49
61 37 38
61 38 60
61 40 25
61 46 37
61 47 20
61 48 3
61 52 68
61 53 64
61 55 12
61 56 44
61 57 46
61 60 63
61 64 26
61 65 50
61 66 52
61 67 36
61 68 15
61 69 6
62 2 38
62 5 69
62 7 12
62 8 54
62 9 45
62 11 0
62 12 19
62 14 43
62 18 36
62 19 2
62 20 7
62 21 50
62 22 48
62 23 62
62 24 67
62 25 64
62 28 47
62 29 46
62 30 23
62 31 9
62 32 4
62 36 30
62 37 51
62 40 10
62 41 3
62 43 29
62 44 16
62 46 44
62 48 61
62 49 39
62 50 26
62 51 41
62 52 21
62 55 60
62 58 35
62 61 65
62 63 18
62 64 17
62 66 57
62 67 68
62 68 58
62 69 25
63 0 37
63 1 7
63 2 0
63 3 28
63 4 64
63 5 6
63 6 17
63 8 3
63 9 47
63 11 35
63 13 60
63 15 22
63 16 55
63 18 21
63 19 65
63 21 9
63 22 46
63 24 27
63 25 50
63 26 14
63 29 63
63 30 59
63 32 15
63 33 43
63 34 34
63 35 44
63 36 33
63 38 49
63 40 5
63 41 16
63 44 1
63 46 57
63 47 39
63 51 36
63 52 45
63 53 10
63 54 23
63 55 40
63 56 42
63 57 56
63 61 54
64 0 31
64 1 62
64 3 39
64 4 33
64 5 43
64 6 3
64 7 37
64 10 1
64 12 56
64 13 23
64 14 27
64 15 14
64 16 28
64 19 13
64 23 12
64 24 65
64 25 7
64 28 60
64 29 42
64 33 11
64 34 67
64 35 49
64 36 52
64 37 59
64 40 46
64 41 45
64 43 36
64 45 5
64 47 69
64 49 61
64 50 20
64 53 58
64 54 48
64 57 15
64 58 29
64 59 6
64 60 54
64 61 34
64 63 17
64 64 50
64 65 32
64 67 40
64 68 66
65 0 24
65 2 48
65 5 20
65 7 4
65 8 57
65 9 12
65 10 31
65 13 28
65 14 59
65 19 26
65 21 22
65 23 50
65 24 64
65 25 63
65 27 40
65 28 5
65 29 61
65 32 60
65 33 36
65 34 19
65 37 29
65 39 10
65 40 47
65 42 1
65 43 67
65 44 15
65 45 9
65 46 30
65 47 8
65 49 42
65 50 16
65 51 33
65 54 38
65 55 14
65 57 41
65 60 53
65 64 25
65 65 49
65 66 66
65 67 43
65 69 52
66 0 34
66 1 65
66 2 60
66 3 61
66 4 25
66 6 48
66 8 36
66 9 14
66 12 21
66 15 44
66 16 47
66 19 9
66 21 51
66 24 52
66 25 66
66 26 33
66 27 67
66 28 20
66 29 53
66 32 45
66 33 6
66 36 41
66 37 57
66 39 56
66 45 29
66 46 39
66 48 49
66 49 12
66 50 17
66 54 46
66 55 23
66 63 10
66 64 22
66 65 55
66 66 8
66 69 63
67 0 36
67 2 3
67 3 6
67 4 26
67 5 65
67 9 41
67 11 59
67 14 37
67 17 63
67 19 15
67 20 31
67 23 64
67 24 46
67 26 69
67 28 16
67 29 57
67 30 61
67 31 10
67 32 67
67 34 18
67 39 48
67 42 34
67 43 8
67 44 22
67 48 33
67 49 68
67 50 11
67 51 40
67 52 38
67 53 1
67 57 45
67 58 43
67 59 49
67 63 24
67 68 50
67 69 53
68 0 62
68 1 55
68 2 43
68 3 64
68 5 46
68 6 38
68 7 53
68 9 67
68 10 30
68 13 42
68 15 49
68 16 66
68 18 16
68 19 24
68 20 13
68 22 17
68 23 65
68 24 51
68 25 61
68 26 5
68 27 20
68 28 59
68 31 57
68 32 40
68 33 19
68 35 3
68 36 31
68 37 44
68 38 15
68 39 0
68 40 68
68 42 14
68 45 21
68 48 37
68 50 54
68 51 69
68 53 27
68 55 10
68 56 6
68 58 8
68 59 63
68 60 41
68 61 29
68 62 47
68 63 28
68 66 1
68 67 25
68 69 35
69 0 3
69 1 22
69 3 47
69 4 67
69 5 36
69 7 2
69 9 26
69 12 48
69 13 15
69 14 12
69 15 51
69 16 20
69 19 19
69 21 69
69 24 43
69 26 66
69 27 57
69 29 23
69 30 58
69 32 68
69 33 64
69 34 6
69 35 55
69 37 54
69 38 41
69 41 7
69 42 24
69 43 50
69 44 38
69 45 18
69 46 0
69 49 63
69 50 46
69 52 31
69 54 39
69 55 53
69 56 34
69 58 60
69 59 35
69 60 61
69 62 32
69 63 16
69 66 65
69 67 21
