60
0 0 31
0 1 5
0 2 6
0 7 32
0 13 14
0 15 7
0 20 55
0 24 58
0 27 11
0 28 16
0 31 3
0 34 38
0 35 52
0 39 48
0 41 9
0 42 0
0 44 19
0 47 2
0 50 35
0 52 42
0 56 56
0 58 4
1 3 41
1 6 55
1 7 48
1 8 35
1 13 45
1 20 16
1 21 17
1 24 29
1 25 0
1 29 11
1 36 39
1 37 37
1 39 7
1 42 40
1 45 14
1 47 32
1 49 1
1 55 50
1 59 27
2 2 42
2 5 38
2 6 15
2 7 2
2 10 19
2 15 30
2 16 57
2 17 47
2 21 37
2 24 23
2 26 52
2 27 21
2 30 39
2 31 4
2 33 48
2 36 9
2 38 34
2 39 1
2 45 32
2 46 24
2 47 20
2 51 22
2 54 14
2 56 50
2 57 46
3 3 11
3 5 28
3 7 58
3 8 7
3 10 55
3 11 46
3 14 29
3 15 33
3 16 39
3 17 2
3 22 54
3 32 9
3 35 36
3 41 21
3 43 57
3 45 45
3 46 26
3 47 15
3 48 42
3 49 12
3 52 5
3 53 31
4 3 28
4 11 20
4 13 55
4 17 18
4 18 1
4 22 15
4 23 23
4 26 32
4 31 25
4 33 27
4 37 52
4 38 35
4 39 31
4 40 10
4 41 49
4 47 36
4 48 33
4 49 56
4 52 26
4 53 48
4 56 58
4 58 40
4 59 30
5 1 29
5 3 38
5 6 48
5 7 14
5 13 59
5 14 5
5 19 10
5 20 9
5 21 46
5 23 52
5 24 17
5 29 27
5 31 20
5 32 44
5 34 12
5 38 58
5 39 41
5 41 23
5 43 24
5 45 49
5 49 26
5 54 57
5 56 33
5 57 39
5 58 25
6 0 39
6 1 6
6 3 19
6 4 42
6 5 34
6 6 57
6 7 20
6 9 28
6 12 58
6 15 13
6 16 2
6 18 43
6 21 14
6 24 30
6 25 25
6 26 27
6 27 47
6 29 29
6 31 16
6 38 1
6 39 36
6 41 4
6 42 18
6 43 53
6 45 35
6 47 45
6 50 54
6 54 7
6 58 24
7 2 20
7 4 32
7 5 17
7 14 40
7 16 31
7 21 45
7 22 0
7 25 42
7 26 29
7 27 18
7 31 53
7 32 14
7 36 15
7 38 24
7 39 9
7 41 41
7 44 48
7 47 55
7 48 22
7 49 19
7 50 23
7 51 21
7 53 27
7 54 54
8 1 12
8 4 56
8 5 58
8 6 36
8 7 13
8 11 29
8 12 23
8 13 24
8 16 47
8 18 15
8 19 11
8 29 38
8 30 1
8 35 51
8 37 46
8 40 20
8 43 16
8 48 41
8 51 49
9 0 28
9 1 2
9 5 4
9 6 14
9 7 51
9 8 57
9 9 9
9 10 13
9 12 32
9 13 22
9 14 59
9 15 11
9 16 38
9 17 42
9 18 40
9 20 44
9 22 3
9 24 25
9 31 18
9 34 20
9 35 1
9 38 16
9 40 50
9 41 43
9 43 10
9 45 8
9 47 29
9 51 53
9 53 24
9 55 58
9 57 36
10 3 22
10 4 11
10 9 17
10 17 40
10 19 32
10 22 37
10 24 44
10 27 9
10 32 27
10 33 58
10 35 16
10 36 59
10 37 39
10 40 7
10 41 18
10 42 31
10 43 6
10 44 1
10 47 33
10 50 46
10 51 26
10 54 20
10 57 14
11 4 5
11 6 18
11 9 47
11 10 22
11 12 29
11 13 44
11 15 10
11 16 40
11 21 54
11 25 4
11 26 23
11 29 9
11 30 49
11 32 25
11 35 15
11 41 34
11 42 50
11 43 0
11 47 41
11 48 26
11 51 33
11 52 55
11 56 3
11 58 27
11 59 6
12 9 52
12 15 17
12 19 7
12 20 41
12 21 3
12 22 28
12 29 10
12 38 43
12 39 8
12 41 51
12 42 59
12 43 25
12 46 57
12 47 38
12 49 58
12 53 0
12 56 42
12 58 39
13 0 33
13 1 7
13 6 24
13 8 48
13 9 23
13 10 5
13 14 32
13 20 18
13 22 43
13 24 39
13 27 54
13 29 49
13 30 9
13 36 50
13 37 17
13 39 44
13 40 28
13 42 34
13 48 57
13 49 38
13 54 59
13 56 47
13 58 10
13 59 58
14 0 41
14 1 3
14 2 25
14 3 33
14 5 31
14 6 53
14 7 46
14 9 38
14 23 49
14 28 52
14 31 5
14 33 4
14 35 18
14 36 51
14 39 35
14 40 0
14 41 59
14 42 15
14 43 7
14 44 8
14 47 56
14 48 32
14 49 37
14 54 1
15 3 13
15 4 51
15 5 25
15 10 36
15 13 3
15 14 12
15 15 6
15 18 30
15 19 27
15 20 35
15 21 29
15 22 26
15 24 10
15 26 45
15 27 32
15 28 33
15 33 15
15 35 20
15 37 57
15 40 5
15 41 44
15 43 48
15 45 4
15 46 1
15 47 14
15 48 55
15 49 47
15 52 41
15 53 49
16 3 10
16 8 59
16 10 34
16 12 56
16 16 58
16 18 49
16 19 50
16 20 29
16 23 38
16 25 5
16 26 7
16 29 51
16 32 20
16 33 52
16 34 21
16 40 23
16 44 0
16 45 12
16 46 47
16 47 54
16 52 28
16 54 48
16 55 32
16 57 6
17 0 14
17 2 51
17 5 24
17 6 52
17 7 39
17 8 58
17 9 7
17 15 36
17 16 30
17 18 35
17 21 5
17 24 15
17 26 43
17 27 25
17 34 48
17 40 38
17 43 42
17 44 3
17 45 17
17 46 10
17 51 57
17 52 21
17 53 18
17 54 49
17 55 46
17 56 1
18 1 16
18 3 1
18 7 22
18 9 29
18 15 48
18 16 53
18 17 5
18 20 27
18 21 2
18 22 44
18 24 8
18 25 55
18 28 51
18 31 59
18 33 7
18 36 12
18 37 15
18 38 38
18 42 49
18 43 41
18 44 57
18 45 52
18 49 13
18 51 19
18 53 23
19 0 3
19 4 40
19 7 44
19 11 0
19 12 38
19 15 52
19 16 25
19 17 55
19 20 22
19 22 42
19 23 24
19 25 16
19 26 31
19 28 14
19 29 45
19 30 32
19 36 34
19 39 11
19 42 9
19 43 15
19 45 58
19 47 50
19 50 27
19 51 13
19 55 41
19 57 59
19 58 21
19 59 53
20 4 58
20 5 52
20 8 17
20 10 14
20 13 30
20 14 1
20 21 4
20 24 20
20 35 47
20 40 36
20 42 3
20 45 50
20 51 29
20 52 2
20 53 39
20 56 28
20 58 31
20 59 37
21 0 58
21 1 0
21 6 33
21 7 3
21 8 15
21 11 32
21 15 34
21 16 19
21 17 43
21 18 23
21 22 22
21 23 27
21 26 17
21 27 49
21 28 55
21 29 47
21 30 13
21 32 26
21 33 6
21 34 8
21 35 29
21 36 52
21 38 57
21 50 40
21 51 46
21 53 38
21 58 37
21 59 41
22 2 46
22 4 1
22 5 37
22 6 34
22 7 15
22 9 56
22 10 49
22 11 4
22 14 33
22 15 29
22 20 23
22 22 10
22 23 54
22 24 51
22 25 18
22 26 57
22 29 2
22 31 26
22 32 50
22 36 30
22 38 22
22 40 59
22 41 32
22 44 11
22 48 8
22 51 44
22 52 0
22 55 35
22 56 40
22 57 45
22 58 3
23 1 55
23 5 36
23 6 45
23 10 20
23 11 25
23 17 7
23 19 46
23 20 33
23 21 41
23 22 47
23 23 1
23 24 14
23 26 59
23 27 10
23 31 13
23 33 0
23 34 34
23 35 50
23 36 23
23 38 3
23 39 37
23 43 4
23 46 54
23 47 16
23 51 40
23 53 26
23 55 51
23 57 56
23 59 15
24 0 34
24 3 2
24 7 56
24 9 10
24 13 47
24 14 24
24 15 25
24 17 35
24 18 36
24 23 16
24 24 12
24 25 9
24 30 43
24 31 32
24 32 18
24 36 45
24 37 49
24 38 27
24 40 17
24 41 33
24 42 52
24 46 14
24 47 19
24 48 50
24 50 22
24 51 11
24 55 48
24 59 54
25 0 20
25 7 8
25 9 6
25 11 33
25 15 4
25 16 45
25 18 55
25 19 25
25 20 2
25 24 36
25 25 46
25 29 48
25 30 54
25 36 35
25 39 51
25 41 56
25 44 47
25 45 22
25 46 59
25 50 42
25 51 7
25 54 5
26 2 50
26 10 57
26 11 42
26 13 12
26 14 13
26 16 0
26 17 26
26 21 35
26 24 4
26 28 3
26 30 17
26 31 19
26 35 10
26 36 48
26 40 43
26 41 45
26 42 25
26 44 21
26 45 9
26 46 55
26 47 47
26 50 6
26 59 49
27 0 57
27 1 45
27 4 44
27 5 29
27 7 43
27 9 3
27 14 10
27 15 38
27 17 23
27 19 8
27 20 14
27 21 50
27 26 49
27 32 56
27 33 47
27 35 2
27 36 5
27 37 32
27 40 42
27 42 54
27 44 25
27 45 48
27 46 40
27 47 27
27 50 12
27 52 39
27 53 22
27 54 58
27 56 24
27 58 1
27 59 0
28 0 22
28 4 34
28 7 45
28 12 19
28 13 28
28 14 4
28 15 39
28 19 30
28 20 36
28 21 52
28 24 18
28 26 25
28 27 48
28 30 35
28 31 57
28 36 43
28 43 2
28 48 47
28 50 1
28 55 54
29 0 30
29 3 40
29 4 12
29 11 49
29 12 57
29 15 47
29 19 26
29 20 58
29 21 0
29 23 22
29 25 34
29 30 15
29 34 9
29 37 45
29 38 53
29 39 33
29 40 6
29 41 52
29 42 4
29 43 56
29 44 38
29 45 42
29 51 43
29 53 29
30 0 54
30 1 25
30 6 51
30 9 53
30 12 47
30 13 4
30 16 7
30 21 55
30 24 50
30 27 23
30 29 13
30 30 40
30 32 36
30 34 27
30 38 39
30 43 49
30 45 3
30 48 24
30 51 28
30 55 52
30 56 19
31 0 11
31 1 28
31 2 38
31 3 56
31 4 54
31 5 35
31 6 6
31 12 17
31 13 52
31 15 8
31 17 21
31 19 23
31 20 47
31 21 48
31 24 26
31 26 9
31 27 59
31 28 45
31 29 50
31 31 10
31 33 46
31 35 4
31 37 53
31 38 33
31 40 49
31 49 29
31 51 58
31 52 34
31 54 2
31 55 18
31 58 36
32 0 0
32 1 15
32 9 36
32 11 51
32 16 10
32 21 26
32 24 7
32 25 47
32 31 37
32 34 41
32 36 58
32 38 28
32 43 20
32 48 29
32 49 22
32 50 2
32 55 8
32 56 27
33 0 24
33 3 25
33 4 13
33 5 56
33 7 10
33 11 22
33 12 4
33 13 5
33 15 1
33 16 8
33 17 46
33 18 39
33 21 28
33 26 40
33 27 58
33 29 44
33 30 3
33 31 15
33 34 59
33 35 32
33 39 34
33 41 29
33 44 43
33 46 35
33 53 54
33 54 31
34 1 1
34 2 4
34 4 50
34 5 48
34 10 39
34 11 21
34 16 49
34 18 57
34 21 8
34 24 5
34 29 19
34 32 22
34 34 29
34 35 3
34 36 42
34 38 0
34 39 43
34 41 13
34 42 14
34 43 59
34 46 30
34 47 44
34 55 15
34 56 20
35 1 14
35 3 17
35 4 41
35 5 26
35 9 58
35 12 33
35 13 10
35 14 30
35 16 20
35 23 57
35 30 46
35 33 11
35 36 47
35 38 2
35 39 22
35 44 16
35 45 34
35 46 56
35 47 25
35 48 19
35 52 43
35 56 12
35 59 7
36 1 22
36 2 9
36 6 29
36 7 37
36 9 34
36 10 8
36 11 39
36 13 21
36 21 57
36 24 43
36 26 41
36 28 6
36 35 40
36 36 3
36 37 50
36 40 11
36 42 26
36 55 49
36 56 31
36 58 18
36 59 33
37 2 31
37 7 33
37 8 16
37 12 35
37 14 7
37 15 18
37 17 15
37 18 4
37 20 56
37 21 44
37 23 42
37 28 8
37 29 26
37 31 48
37 39 25
37 40 37
37 47 58
37 49 21
37 50 53
37 52 36
37 55 9
37 56 23
37 58 47
37 59 38
38 0 37
38 1 27
38 2 33
38 12 40
38 17 29
38 19 17
38 20 8
38 21 22
38 23 11
38 24 45
38 29 31
38 35 21
38 41 12
38 43 46
38 47 48
38 48 30
38 53 4
38 54 6
38 56 39
39 1 8
39 2 36
39 6 54
39 7 23
39 8 5
39 9 16
39 11 53
39 12 45
39 14 49
39 15 41
39 18 9
39 22 27
39 24 24
39 26 55
39 27 15
39 30 47
39 31 39
39 34 58
39 37 21
39 38 6
39 39 50
39 40 12
39 41 3
39 43 51
39 45 31
39 51 30
39 53 59
39 54 17
39 55 29
39 56 37
39 58 0
40 0 8
40 3 24
40 6 37
40 7 47
40 9 57
40 10 42
40 12 14
40 13 19
40 18 52
40 20 13
40 21 25
40 25 28
40 26 26
40 27 30
40 29 46
40 31 1
40 34 33
40 40 32
40 41 10
40 46 48
40 52 58
40 53 17
40 54 18
40 57 43
40 58 44
41 0 29
41 1 32
41 3 57
41 5 42
41 10 11
41 12 48
41 13 49
41 14 28
41 17 25
41 19 36
41 21 10
41 23 58
41 33 40
41 37 13
41 42 37
41 43 43
41 48 59
41 49 9
41 50 19
41 52 46
41 54 56
41 55 23
41 57 55
41 59 24
42 1 20
42 2 57
42 3 43
42 6 39
42 8 51
42 9 33
42 14 46
42 18 59
42 20 1
42 32 45
42 36 17
42 37 7
42 38 41
42 40 26
42 44 54
42 46 32
42 51 16
42 53 13
42 54 24
42 55 28
42 56 14
42 58 55
43 1 18
43 2 19
43 5 47
43 9 39
43 20 26
43 21 1
43 22 55
43 24 0
43 31 14
43 32 57
43 33 29
43 34 13
43 36 31
43 37 12
43 38 21
43 39 2
43 41 42
43 43 5
43 44 6
43 45 44
43 46 27
43 48 51
43 53 56
43 56 16
43 58 22
44 0 49
44 1 31
44 2 3
44 3 34
44 7 9
44 9 35
44 12 8
44 14 44
44 15 0
44 17 52
44 18 42
44 19 18
44 22 50
44 23 32
44 26 2
44 28 58
44 29 43
44 30 20
44 32 6
44 35 38
44 36 19
44 40 40
44 41 57
44 49 24
44 50 13
44 51 56
44 56 10
44 58 29
44 59 14
45 1 47
45 3 20
45 6 1
45 7 19
45 11 5
45 12 59
45 14 6
45 16 22
45 19 0
45 20 7
45 21 58
45 25 17
45 30 48
45 35 25
45 40 14
45 42 35
45 43 54
45 44 13
45 47 4
45 48 28
45 55 36
45 58 46
45 59 57
46 4 38
46 5 1
46 11 36
46 15 12
46 17 39
46 22 32
46 25 24
46 31 23
46 39 40
46 40 47
46 41 26
46 43 17
46 44 58
46 45 11
46 46 8
46 49 4
46 51 14
46 54 35
46 56 21
46 57 54
46 58 19
47 1 13
47 4 25
47 6 16
47 11 18
47 13 56
47 14 47
47 16 35
47 17 24
47 22 57
47 23 7
47 24 46
47 26 37
47 34 52
47 35 0
47 37 41
47 39 55
47 44 32
47 48 10
47 49 53
47 50 9
47 51 3
47 53 14
47 56 29
48 0 9
48 2 7
48 12 1
48 13 13
48 14 48
48 18 51
48 25 37
48 27 6
48 28 5
48 34 45
48 36 38
48 37 58
48 39 24
48 43 32
48 47 53
48 48 44
48 49 15
48 50 21
48 53 42
48 54 52
48 57 23
48 58 16
49 0 13
49 1 10
49 4 14
49 6 58
49 9 25
49 12 41
49 20 39
49 21 23
49 23 35
49 25 48
49 28 28
49 33 55
49 35 7
49 40 57
49 46 17
49 49 11
49 51 47
49 59 51
50 2 13
50 11 58
50 12 6
50 19 43
50 20 4
50 23 39
50 27 28
50 28 24
50 29 21
50 32 17
50 34 23
50 35 56
50 37 51
50 39 49
50 41 19
50 44 44
50 46 15
50 48 11
50 51 1
50 56 59
50 58 14
50 59 2
51 0 32
51 1 56
51 3 29
51 5 43
51 6 17
51 7 21
51 8 1
51 9 45
51 13 2
51 14 54
51 15 14
51 16 59
51 19 58
51 20 50
51 23 46
51 24 33
51 25 39
51 27 20
51 28 22
51 29 35
51 32 53
51 34 18
51 35 9
51 37 11
51 38 4
51 40 3
51 42 10
51 44 41
51 47 8
51 49 25
51 51 51
51 52 40
51 54 42
51 59 48
52 1 26
52 2 39
52 4 8
52 8 14
52 9 37
52 14 57
52 17 33
52 21 16
52 24 35
52 26 58
52 30 42
52 33 25
52 40 4
52 42 56
52 44 10
52 47 30
52 49 23
52 50 44
52 53 7
52 56 53
52 59 36
53 0 36
53 3 54
53 4 33
53 7 59
53 12 43
53 14 41
53 15 42
53 20 28
53 22 51
53 25 44
53 30 57
53 32 37
53 34 16
53 38 18
53 44 53
53 46 38
53 49 3
53 52 35
53 58 7
53 59 47
54 0 59
54 1 11
54 3 42
54 5 39
54 6 35
54 7 50
54 8 28
54 10 33
54 11 27
54 16 9
54 23 43
54 30 45
54 31 36
54 43 40
54 44 49
54 54 21
54 55 47
54 59 26
55 0 53
55 1 54
55 3 9
55 5 21
55 7 1
55 9 59
55 12 28
55 13 46
55 15 56
55 20 42
55 26 10
55 29 12
55 31 29
55 38 49
55 43 30
55 45 33
55 46 50
55 50 20
55 53 5
55 55 14
56 0 25
56 4 27
56 10 12
56 11 11
56 12 15
56 15 53
56 19 49
56 21 36
56 29 32
56 34 54
56 38 52
56 40 41
56 41 48
56 42 33
56 45 57
56 47 10
56 51 17
56 52 23
56 53 20
56 58 45
57 1 30
57 2 48
57 4 17
57 7 18
57 10 46
57 11 19
57 13 50
57 15 54
57 16 4
57 17 16
57 18 31
57 21 59
57 26 53
57 27 40
57 28 0
57 32 52
57 34 15
57 35 23
57 37 43
57 39 12
57 40 27
57 43 37
57 48 35
57 51 24
57 55 6
57 56 38
57 58 57
57 59 45
58 2 2
58 7 36
58 8 32
58 13 7
58 15 28
58 16 56
58 17 30
58 19 5
58 20 49
58 21 18
58 22 29
58 23 26
58 25 10
58 28 35
58 30 25
58 36 11
58 42 47
58 46 53
58 47 17
58 48 54
58 51 12
58 56 6
58 57 31
58 58 42
59 2 40
59 9 31
59 18 11
59 22 17
59 23 47
59 31 21
59 32 58
59 33 54
59 34 10
59 36 14
59 37 36
59 41 1
59 42 53
59 43 50
59 44 59
59 47 46
59 48 48
59 50 18
59 51 6
59 52 33
59 53 35
59 54 27
59 55 34
59 58 23
