70
0 3 53
0 4 65
0 5 49
0 9 8
0 11 9
0 13 26
0 19 25
0 20 27
0 24 28
0 26 4
0 27 30
0 29 35
0 32 61
0 33 34
0 34 33
0 41 66
0 42 5
0 46 20
0 47 60
0 50 39
0 51 1
0 55 0
0 58 41
0 64 23
1 1 61
1 2 52
1 3 17
1 4 10
1 15 3
1 16 51
1 18 59
1 27 6
1 38 20
1 41 1
1 45 15
1 46 19
1 51 12
1 56 35
1 58 0
1 59 46
1 62 24
1 63 13
1 69 36
2 3 1
2 7 43
2 17 61
2 19 39
2 27 42
2 33 57
2 37 46
2 39 35
2 40 10
2 45 6
2 47 33
2 52 9
2 53 58
2 59 31
2 60 52
2 61 7
2 64 66
2 65 15
2 68 3
3 1 44
3 4 61
3 7 40
3 10 4
3 11 20
3 12 67
3 14 47
3 16 69
3 19 55
3 28 36
3 35 18
3 39 50
3 45 9
3 47 23
3 49 1
3 51 41
3 58 22
3 60 68
3 62 39
3 65 3
3 66 34
3 67 54
4 0 24
4 2 14
4 3 42
4 7 18
4 12 40
4 13 11
4 17 10
4 18 27
4 20 26
4 26 2
4 27 69
4 29 49
4 34 32
4 39 20
4 46 59
4 51 4
4 52 41
4 58 68
4 69 33
5 6 47
5 7 41
5 10 25
5 11 55
5 17 36
5 19 27
5 23 40
5 24 29
5 28 20
5 29 24
5 30 59
5 31 44
5 33 1
5 39 15
5 40 9
5 43 50
5 61 68
5 68 10
5 69 0
6 0 34
6 6 59
6 15 52
6 18 69
6 22 18
6 24 53
6 25 43
6 29 15
6 30 0
6 32 51
6 35 10
6 47 20
6 49 68
6 51 13
6 53 28
6 58 40
6 63 26
6 69 48
7 2 31
7 9 66
7 15 22
7 19 19
7 21 18
7 22 46
7 25 51
7 29 43
7 40 14
7 41 47
7 46 28
7 49 8
7 58 36
7 59 54
7 63 23
7 65 68
7 66 7
7 67 21
8 3 50
8 13 41
8 17 33
8 22 28
8 26 66
8 29 21
8 32 29
8 35 54
8 38 68
8 46 39
8 48 0
8 49 24
8 50 45
8 53 43
8 56 15
8 57 58
8 63 30
8 65 20
8 66 52
8 69 14
9 4 20
9 6 1
9 7 5
9 10 66
9 12 60
9 13 36
9 15 33
9 17 47
9 18 52
9 19 56
9 26 23
9 29 38
9 30 32
9 32 49
9 34 37
9 42 4
9 50 11
9 54 24
9 55 44
9 59 2
9 60 57
10 0 4
10 2 69
10 3 3
10 7 21
10 9 15
10 11 23
10 13 58
10 23 59
10 24 45
10 25 64
10 28 49
10 30 1
10 31 9
10 32 7
10 34 61
10 47 43
10 50 46
10 53 32
10 54 67
10 55 18
10 64 54
10 66 40
10 67 24
11 5 15
11 10 58
11 12 46
11 13 43
11 15 50
11 20 49
11 23 18
11 27 39
11 32 10
11 33 62
11 35 61
11 36 23
11 40 48
11 42 45
11 44 4
11 46 36
11 48 8
11 49 54
11 54 60
11 59 55
11 61 37
11 63 38
11 67 9
11 68 51
11 69 29
12 0 13
12 10 0
12 15 60
12 20 2
12 22 17
12 32 18
12 34 31
12 37 23
12 38 30
12 40 68
12 41 50
12 44 55
12 49 19
12 50 44
12 57 27
12 61 3
12 66 53
13 2 11
13 5 47
13 6 52
13 7 48
13 10 46
13 15 27
13 25 9
13 26 0
13 27 20
13 31 28
13 34 13
13 41 3
13 42 8
13 57 59
13 58 57
13 60 42
13 62 5
13 63 67
13 64 35
13 67 64
13 68 41
14 0 18
14 1 41
14 8 48
14 10 67
14 20 16
14 23 25
14 24 32
14 26 38
14 28 47
14 31 42
14 32 63
14 36 22
14 41 20
14 43 49
14 46 53
14 48 56
14 50 12
14 51 8
14 54 58
14 63 27
14 65 9
14 67 5
15 3 26
15 5 11
15 11 57
15 12 39
15 16 58
15 23 17
15 26 28
15 31 21
15 35 22
15 37 8
15 41 12
15 52 27
15 54 20
15 56 50
15 57 34
15 64 59
15 69 68
16 2 7
16 8 52
16 10 49
16 15 35
16 19 63
16 22 15
16 24 17
16 25 18
16 31 62
16 36 56
16 38 40
16 41 29
16 43 53
16 45 44
16 46 64
16 50 30
16 51 6
16 55 21
16 59 42
16 61 2
16 62 36
16 63 34
16 67 45
17 2 46
17 5 1
17 10 9
17 21 45
17 23 31
17 24 34
17 28 52
17 30 10
17 33 69
17 35 50
17 36 61
17 37 38
17 38 59
17 40 43
17 45 21
17 46 8
17 47 36
17 51 37
17 54 0
17 56 28
17 62 55
18 3 60
18 4 9
18 5 36
18 13 66
18 20 28
18 25 57
18 27 64
18 28 54
18 29 12
18 32 15
18 35 19
18 37 22
18 41 42
18 46 43
18 56 44
18 59 37
18 60 21
18 61 32
18 65 4
18 69 63
19 16 16
19 20 25
19 24 40
19 25 58
19 26 1
19 29 7
19 32 56
19 33 35
19 34 6
19 35 30
19 39 32
19 53 63
19 56 9
19 58 5
19 60 39
19 61 26
19 68 27
19 69 45
20 4 38
20 5 20
20 7 22
20 11 34
20 12 10
20 18 56
20 20 48
20 21 39
20 25 37
20 26 35
20 36 68
20 37 61
20 38 6
20 39 28
20 46 25
20 48 55
20 49 2
20 50 52
20 54 7
20 63 17
20 65 59
20 67 62
20 68 14
20 69 18
21 16 57
21 20 24
21 21 58
21 22 52
21 23 6
21 26 33
21 28 25
21 40 59
21 42 18
21 44 46
21 48 47
21 58 67
21 60 0
21 63 22
21 65 21
22 0 59
22 8 23
22 9 28
22 13 65
22 19 35
22 26 12
22 28 38
22 31 10
22 35 27
22 43 33
22 46 15
22 51 61
22 53 52
22 54 25
22 57 18
22 61 20
23 7 46
23 10 40
23 16 3
23 18 53
23 22 45
23 27 57
23 29 20
23 38 33
23 39 60
23 46 10
23 48 7
23 56 39
23 62 1
24 3 67
24 5 65
24 9 51
24 20 44
24 21 41
24 22 35
24 30 58
24 37 69
24 41 37
24 46 18
24 50 21
24 53 33
24 55 5
24 57 38
24 59 8
24 65 32
24 68 13
25 2 2
25 5 6
25 8 37
25 9 57
25 10 62
25 12 14
25 15 61
25 17 23
25 18 54
25 21 50
25 26 43
25 32 53
25 33 60
25 35 16
25 37 58
25 39 41
25 41 44
25 45 5
25 46 47
25 48 10
25 53 13
25 55 52
25 60 36
25 62 31
25 64 7
25 65 65
25 67 15
26 2 0
26 4 42
26 9 68
26 12 69
26 13 46
26 16 54
26 17 24
26 19 21
26 21 16
26 22 20
26 27 40
26 29 19
26 30 55
26 31 14
26 33 67
26 34 26
26 38 60
26 45 4
26 46 65
26 49 31
26 52 48
26 58 6
26 59 62
26 61 47
26 62 51
26 65 44
26 67 1
26 68 25
27 5 10
27 6 48
27 9 56
27 10 57
27 12 35
27 13 1
27 15 69
27 16 2
27 21 24
27 26 61
27 28 0
27 39 68
27 41 64
27 43 55
27 48 12
27 58 11
27 59 20
27 63 6
28 3 10
28 6 36
28 9 40
28 16 8
28 20 23
28 28 13
28 29 67
28 33 19
28 34 49
28 43 20
28 44 61
28 45 17
28 54 69
28 59 41
28 64 15
28 65 43
28 68 0
28 69 39
29 1 35
29 2 49
29 7 36
29 8 34
29 9 33
29 20 13
29 24 25
29 25 24
29 29 14
29 32 5
29 38 56
29 46 7
29 51 19
29 53 20
29 56 3
29 59 27
29 60 9
29 61 51
29 63 11
29 65 55
29 66 26
30 4 6
30 5 37
30 9 49
30 10 44
30 14 28
30 19 60
30 24 69
30 27 11
30 28 34
30 30 13
30 36 57
30 39 22
30 41 67
30 48 59
30 51 68
30 52 61
30 54 41
30 56 30
30 60 47
30 63 45
30 65 63
30 68 40
31 0 35
31 1 26
31 2 48
31 5 56
31 6 65
31 8 19
31 14 14
31 17 15
31 22 2
31 25 1
31 31 31
31 35 11
31 37 54
31 38 12
31 41 61
31 42 67
31 45 58
31 47 37
31 49 33
31 53 41
31 55 36
31 64 24
31 66 13
31 69 3
32 5 44
32 10 38
32 22 9
32 23 35
32 24 8
32 25 28
32 31 11
32 32 54
32 33 30
32 35 45
32 38 64
32 39 63
32 41 53
32 44 60
32 49 32
32 60 37
32 62 0
32 63 66
32 65 58
32 66 14
33 1 15
33 3 18
33 4 7
33 8 47
33 10 6
33 11 42
33 12 27
33 16 60
33 23 50
33 24 68
33 25 3
33 26 21
33 30 52
33 35 32
33 40 45
33 42 69
33 48 20
33 49 4
33 51 16
33 53 53
33 55 34
33 56 49
33 60 67
33 63 12
33 64 1
33 69 43
34 9 63
34 15 32
34 19 52
34 22 51
34 25 23
34 26 18
34 27 68
34 28 58
34 31 15
34 32 37
34 36 12
34 40 11
34 41 31
34 43 13
34 44 50
34 49 29
34 50 27
34 51 40
34 52 34
34 53 17
34 59 44
34 64 14
34 65 41
35 5 21
35 6 15
35 10 2
35 12 3
35 15 39
35 16 38
35 21 7
35 22 61
35 23 28
35 35 31
35 36 49
35 37 42
35 38 4
35 44 18
35 45 63
35 49 60
35 50 37
35 52 13
35 61 6
35 63 43
35 64 10
35 65 11
35 66 33
35 68 17
36 8 0
36 11 44
36 13 56
36 24 61
36 39 29
36 50 69
36 55 2
36 57 8
36 58 53
36 61 38
36 64 5
36 65 26
36 69 52
37 0 20
37 1 10
37 5 9
37 6 32
37 15 62
37 19 17
37 20 34
37 22 3
37 25 36
37 26 40
37 27 15
37 29 68
37 31 4
37 34 21
37 35 57
37 37 33
37 42 48
37 44 41
37 45 12
37 46 60
37 47 47
37 48 50
37 49 46
37 50 61
37 54 55
37 56 59
38 0 48
38 10 37
38 11 52
38 12 4
38 16 9
38 17 19
38 19 51
38 28 68
38 32 16
38 33 33
38 34 15
38 38 63
38 40 60
38 41 24
38 42 3
38 51 47
38 52 39
38 53 34
38 58 46
38 59 11
38 60 29
38 61 44
38 62 2
38 64 49
38 68 36
39 2 56
39 4 29
39 6 64
39 10 21
39 16 55
39 17 63
39 18 2
39 20 20
39 21 6
39 25 7
39 28 24
39 33 26
39 41 46
39 43 59
39 44 8
39 50 23
39 51 5
39 52 38
39 53 65
39 65 34
40 1 46
40 2 43
40 8 17
40 16 13
40 26 37
40 33 8
40 35 34
40 36 6
40 37 36
40 41 2
40 45 57
40 46 30
40 47 24
40 51 20
40 52 42
40 55 15
40 59 21
40 61 52
40 62 9
40 66 12
41 1 36
41 2 21
41 10 22
41 12 31
41 17 55
41 21 54
41 23 58
41 24 65
41 25 63
41 31 37
41 33 24
41 38 0
41 40 8
41 41 26
41 42 44
41 43 5
41 45 42
41 46 32
41 50 47
41 53 9
41 60 7
41 66 39
42 0 52
42 2 62
42 4 63
42 6 7
42 7 28
42 11 67
42 18 38
42 19 2
42 21 21
42 23 65
42 32 1
42 35 58
42 38 53
42 39 49
42 41 27
42 42 36
42 46 37
42 47 66
42 48 18
42 52 0
42 55 22
42 58 42
42 62 25
42 64 39
42 65 50
42 67 33
42 69 15
43 4 14
43 11 46
43 16 62
43 19 4
43 23 66
43 28 60
43 29 55
43 31 8
43 32 59
43 33 27
43 38 15
43 44 37
43 51 64
43 54 49
43 56 36
43 57 40
43 63 18
44 1 37
44 2 39
44 5 0
44 7 59
44 12 58
44 19 42
44 21 64
44 22 29
44 26 14
44 27 26
44 33 47
44 36 35
44 39 5
44 41 34
44 42 12
44 53 8
44 56 27
44 58 66
44 59 16
44 60 63
44 65 45
44 68 56
45 20 45
45 23 64
45 31 38
45 35 4
45 36 66
45 37 39
45 38 55
45 39 31
45 42 58
45 45 47
45 46 51
45 47 28
45 52 26
45 55 68
45 56 69
45 61 65
45 62 40
45 65 17
45 67 20
45 69 60
46 0 43
46 1 25
46 6 18
46 8 51
46 18 47
46 20 6
46 28 19
46 31 3
46 36 11
46 40 50
46 45 31
46 54 53
46 56 54
46 58 24
46 60 46
46 61 28
46 64 13
46 66 41
47 0 63
47 4 59
47 6 56
47 8 55
47 10 16
47 11 18
47 16 11
47 24 47
47 31 33
47 32 0
47 33 36
47 38 39
47 41 45
47 44 43
47 45 48
47 52 25
47 55 35
47 60 23
47 61 31
47 66 46
47 68 22
48 0 65
48 1 68
48 2 66
48 4 32
48 6 50
48 8 30
48 10 36
48 12 13
48 17 48
48 19 12
48 21 49
48 22 69
48 24 21
48 27 34
48 30 60
48 32 20
48 36 16
48 37 56
48 39 53
48 42 2
48 45 35
48 46 61
48 50 26
48 51 15
48 56 64
48 58 1
48 59 19
48 64 52
48 65 28
48 66 31
49 5 23
49 7 6
49 9 1
49 14 8
49 17 29
49 19 43
49 21 12
49 35 56
49 36 55
49 39 26
49 41 54
49 42 27
49 47 15
49 56 66
49 60 16
49 62 10
49 65 22
49 69 50
50 2 29
50 4 27
50 5 32
50 6 6
50 15 42
50 16 43
50 19 10
50 22 67
50 29 39
50 32 35
50 33 16
50 40 53
50 46 68
50 48 52
50 49 63
50 50 5
50 54 8
50 58 38
50 63 0
50 64 60
50 66 47
51 0 58
51 2 63
51 3 55
51 6 44
51 8 6
51 12 5
51 16 32
51 20 36
51 21 52
51 25 33
51 43 28
51 44 35
51 48 16
51 49 42
51 58 45
51 64 27
52 1 32
52 6 20
52 12 12
52 20 3
52 24 7
52 33 21
52 35 6
52 37 10
52 38 23
52 41 40
52 45 36
52 51 18
52 53 27
52 55 41
52 57 13
52 58 28
52 59 30
52 62 26
52 64 42
52 66 25
52 69 5
53 0 40
53 3 13
53 4 23
53 9 21
53 10 41
53 13 19
53 14 38
53 17 64
53 19 65
53 22 43
53 24 63
53 28 42
53 32 62
53 33 59
53 34 0
53 35 3
53 37 27
53 38 5
53 39 56
53 43 47
53 44 20
53 54 35
53 56 25
53 58 7
53 61 50
53 64 33
53 68 18
54 1 64
54 4 33
54 5 53
54 10 35
54 13 31
54 18 65
54 20 38
54 21 62
54 23 60
54 25 6
54 28 61
54 31 69
54 35 40
54 36 36
54 39 42
54 40 29
54 43 68
54 44 19
54 48 63
54 51 30
54 52 67
54 53 7
54 55 51
54 56 22
54 57 28
54 63 39
54 64 48
54 66 27
55 4 17
55 5 35
55 13 62
55 14 21
55 17 43
55 18 0
55 21 68
55 23 36
55 25 55
55 28 32
55 30 22
55 34 7
55 35 23
55 43 16
55 46 26
55 52 37
55 58 58
55 59 5
55 60 56
55 62 11
55 63 63
55 66 2
56 0 45
56 3 5
56 4 4
56 5 50
56 9 30
56 15 41
56 19 48
56 24 13
56 28 64
56 37 32
56 39 11
56 40 20
56 45 29
56 48 37
56 49 47
56 50 31
56 55 69
56 66 15
56 68 59
57 3 69
57 9 20
57 11 26
57 25 5
57 26 9
57 27 31
57 28 4
57 36 7
57 37 13
57 43 21
57 46 42
57 53 48
57 56 8
57 57 36
57 67 19
57 68 35
58 2 41
58 4 66
58 5 7
58 13 44
58 14 54
58 15 1
58 22 36
58 24 39
58 38 29
58 42 68
58 46 57
58 51 67
58 52 30
58 53 19
58 54 26
58 55 10
58 56 62
58 58 63
58 60 33
58 61 12
58 65 46
59 1 34
59 3 52
59 8 27
59 13 61
59 16 1
59 22 40
59 23 33
59 25 67
59 34 45
59 40 6
59 44 31
59 45 7
59 46 54
59 49 28
59 52 58
59 55 62
59 56 0
59 62 43
60 0 7
60 3 19
60 9 32
60 10 51
60 12 30
60 13 23
60 21 55
60 28 63
60 29 57
60 36 31
60 41 13
60 43 54
60 46 48
60 47 10
60 48 68
60 52 46
60 55 24
60 56 1
60 59 35
60 61 56
60 63 65
60 64 18
61 0 44
61 1 66
61 2 33
61 5 67
61 12 16
61 19 23
61 24 3
61 28 37
61 32 2
61 33 14
61 35 55
61 37 47
61 41 10
61 44 56
61 46 17
61 49 12
61 52 63
61 53 40
61 54 15
61 55 57
61 61 62
61 62 7
61 64 36
62 1 38
62 2 45
62 3 66
62 13 37
62 15 57
62 16 34
62 21 2
62 22 39
62 24 30
62 27 33
62 28 1
62 29 56
62 33 65
62 38 13
62 56 67
62 62 21
62 63 19
62 65 61
62 66 50
63 0 68
63 2 35
63 5 19
63 6 53
63 9 4
63 12 11
63 13 3
63 17 41
63 18 62
63 21 28
63 29 25
63 31 5
63 32 64
63 35 65
63 37 20
63 39 55
63 40 23
63 41 33
63 43 56
63 46 16
63 49 0
63 54 9
63 55 47
63 63 7
63 66 61
64 2 15
64 7 8
64 8 57
64 9 13
64 12 45
64 18 7
64 21 51
64 22 68
64 25 56
64 27 22
64 33 25
64 42 55
64 43 32
64 44 23
64 45 54
64 46 21
64 47 1
64 49 37
64 51 11
64 53 35
64 55 59
64 58 2
64 60 40
65 0 53
65 2 8
65 3 6
65 4 28
65 13 4
65 16 33
65 17 45
65 21 60
65 22 5
65 23 46
65 26 67
65 29 63
65 30 27
65 32 36
65 33 37
65 36 19
65 55 61
65 56 55
65 57 62
65 60 48
65 64 26
65 65 52
65 68 66
66 1 47
66 10 1
66 15 38
66 19 0
66 25 66
66 28 33
66 30 44
66 39 25
66 48 19
66 52 69
66 59 7
66 63 68
66 65 14
66 66 59
66 69 10
67 0 22
67 2 26
67 6 33
67 9 62
67 13 20
67 15 11
67 23 29
67 27 35
67 30 43
67 32 48
67 36 40
67 39 23
67 41 0
67 44 66
67 46 31
67 47 56
67 50 9
67 52 15
67 53 24
67 56 38
67 63 36
67 64 47
67 65 2
68 0 5
68 3 59
68 6 17
68 9 22
68 10 24
68 11 14
68 13 42
68 15 43
68 16 18
68 17 67
68 23 10
68 29 40
68 35 15
68 37 6
68 39 30
68 41 35
68 47 65
68 50 13
68 52 49
68 58 8
68 61 48
68 63 3
68 65 29
69 1 7
69 8 12
69 9 34
69 16 59
69 18 49
69 21 56
69 23 14
69 24 50
69 26 36
69 32 23
69 33 68
69 35 20
69 39 45
69 41 22
69 44 40
69 45 26
69 47 13
69 48 46
69 51 63
69 55 65
69 56 24
69 66 6
69 67 0
69 69 37
