70
0 0 65
0 3 62
0 4 58
0 8 43
0 9 63
0 10 11
0 11 25
0 12 21
0 13 0
0 15 3
0 16 47
0 17 18
0 18 40
0 19 44
0 20 6
0 21 9
0 22 41
0 23 22
0 27 53
0 28 55
0 29 14
0 30 48
0 31 10
0 32 35
0 33 59
0 34 30
0 35 27
0 36 42
0 37 49
0 38 68
0 40 34
0 43 36
0 46 2
0 47 24
0 49 57
0 50 31
0 51 1
0 53 23
0 54 61
0 55 51
0 56 32
0 57 15
0 61 39
0 64 45
0 65 16
0 67 13
1 0 12
1 1 22
1 3 9
1 4 1
1 8 21
1 9 10
1 10 46
1 12 17
1 14 68
1 17 2
1 19 31
1 20 59
1 23 30
1 24 66
1 25 64
1 26 28
1 27 37
1 28 48
1 29 26
1 30 27
1 33 50
1 34 61
1 35 14
1 38 49
1 39 44
1 40 63
1 41 24
1 42 41
1 45 29
1 50 13
1 51 57
1 52 65
1 53 5
1 54 6
1 56 34
1 57 32
1 58 18
1 59 55
1 60 15
1 61 67
1 62 52
1 63 42
1 65 43
1 66 39
2 1 32
2 4 68
2 6 49
2 9 2
2 10 1
2 11 51
2 12 45
2 16 21
2 17 34
2 18 16
2 19 48
2 20 57
2 22 56
2 23 12
2 25 26
2 26 64
2 28 63
2 29 9
2 31 5
2 32 20
2 33 39
2 35 6
2 36 55
2 37 8
2 38 29
2 40 7
2 43 41
2 44 13
2 46 35
2 48 22
2 49 18
2 51 43
2 52 50
2 53 27
2 54 36
2 55 54
2 56 58
2 57 62
2 63 67
2 65 66
2 66 60
2 67 15
2 69 42
3 0 56
3 4 26
3 6 35
3 11 39
3 13 45
3 15 16
3 17 1
3 18 14
3 19 28
3 20 33
3 21 55
3 22 13
3 23 42
3 24 32
3 25 25
3 27 43
3 30 40
3 32 12
3 34 6
3 35 22
3 37 47
3 38 27
3 40 5
3 45 50
3 46 68
3 47 62
3 48 9
3 49 21
3 51 60
3 54 69
3 55 2
3 57 4
3 58 19
3 61 38
3 64 64
3 65 67
3 67 10
3 69 48
4 0 7
4 2 18
4 3 41
4 5 61
4 9 65
4 10 36
4 11 29
4 12 40
4 13 19
4 15 23
4 16 48
4 17 60
4 19 22
4 21 30
4 22 24
4 23 32
4 24 16
4 26 12
4 27 25
4 30 62
4 31 50
4 32 11
4 35 38
4 36 49
4 39 3
4 40 55
4 41 66
4 45 6
4 46 20
4 47 46
4 48 28
4 49 37
4 50 42
4 51 21
4 52 5
4 53 52
4 55 8
4 56 27
4 57 45
4 58 9
4 61 33
4 62 0
4 65 13
4 66 64
4 67 44
4 69 67
5 0 51
5 2 67
5 3 17
5 4 8
5 7 66
5 8 47
5 9 34
5 11 19
5 12 14
5 13 24
5 14 39
5 15 53
5 16 6
5 19 3
5 21 62
5 22 25
5 24 29
5 25 37
5 26 44
5 31 61
5 32 42
5 34 65
5 35 23
5 36 68
5 38 69
5 39 45
5 40 36
5 41 57
5 42 12
5 43 15
5 44 48
5 47 64
5 48 7
5 49 46
5 51 54
5 52 31
5 55 60
5 58 16
5 59 5
5 61 56
5 63 9
5 65 30
5 66 50
5 67 0
5 68 41
5 69 35
6 2 55
6 3 4
6 4 37
6 5 39
6 8 31
6 11 60
6 12 15
6 13 35
6 14 0
6 15 24
6 16 5
6 17 27
6 22 17
6 25 34
6 28 13
6 30 44
6 32 18
6 33 12
6 34 57
6 35 53
6 37 2
6 40 43
6 41 69
6 42 67
6 43 40
6 44 56
6 45 7
6 46 47
6 47 42
6 50 46
6 51 45
6 57 64
6 58 21
6 59 65
6 61 58
6 64 51
6 67 41
6 68 62
7 0 4
7 1 46
7 3 51
7 5 53
7 7 22
7 8 65
7 9 41
7 10 44
7 11 15
7 14 57
7 15 27
7 18 64
7 19 17
7 20 26
7 21 7
7 22 45
7 23 55
7 24 10
7 26 38
7 28 59
7 34 63
7 36 67
7 37 52
7 38 60
7 40 16
7 43 23
7 45 1
7 46 43
7 48 66
7 50 20
7 51 3
7 52 58
7 54 2
7 55 13
7 58 40
7 59 61
7 60 42
7 62 25
7 63 21
7 67 30
7 68 50
8 1 59
8 2 19
8 3 48
8 4 17
8 5 33
8 6 9
8 9 8
8 10 53
8 11 13
8 12 69
8 14 16
8 16 10
8 19 54
8 21 31
8 22 68
8 24 45
8 27 14
8 28 25
8 29 38
8 30 5
8 34 23
8 37 11
8 38 15
8 39 63
8 41 2
8 42 35
8 43 67
8 44 64
8 46 42
8 49 41
8 50 3
8 51 55
8 54 66
8 55 34
8 56 29
8 58 24
8 60 1
8 61 60
8 62 27
8 64 44
8 66 49
8 67 21
8 69 43
9 0 26
9 2 0
9 3 13
9 5 50
9 6 27
9 8 23
9 9 35
9 11 20
9 12 3
9 13 33
9 16 57
9 18 19
9 19 11
9 20 36
9 21 61
9 27 1
9 28 47
9 29 17
9 30 54
9 33 21
9 34 18
9 36 32
9 37 59
9 38 30
9 39 28
9 40 12
9 42 65
9 46 22
9 49 64
9 50 8
9 51 2
9 52 44
9 53 4
9 54 10
9 56 55
9 58 45
9 61 37
9 63 41
9 66 42
9 67 48
9 69 58
10 0 48
10 1 35
10 2 32
10 3 58
10 5 10
10 6 62
10 8 0
10 9 22
10 10 65
10 15 13
10 16 56
10 17 11
10 18 55
10 23 8
10 26 59
10 28 14
10 37 40
10 38 51
10 39 29
10 40 17
10 41 4
10 42 26
10 43 5
10 45 2
10 46 67
10 47 7
10 48 25
10 52 42
10 53 16
10 54 28
10 55 19
10 58 44
10 59 52
10 60 9
10 61 69
10 63 30
10 65 53
10 69 3
11 2 23
11 4 31
11 5 64
11 6 6
11 7 45
11 8 17
11 9 43
11 12 7
11 15 2
11 16 54
11 17 40
11 18 18
11 19 9
11 21 53
11 24 1
11 28 10
11 29 49
11 31 25
11 32 33
11 34 4
11 37 50
11 40 13
11 42 56
11 43 11
11 44 27
11 45 57
11 46 15
11 47 5
11 49 26
11 50 59
11 51 44
11 52 20
11 54 32
11 55 12
11 57 21
11 59 29
11 60 34
11 61 19
11 63 61
11 65 58
11 66 67
11 68 51
12 0 16
12 2 29
12 3 69
12 5 15
12 10 22
12 14 36
12 15 68
12 19 14
12 21 63
12 23 37
12 24 30
12 25 43
12 26 10
12 27 56
12 28 51
12 29 25
12 30 6
12 31 64
12 33 19
12 34 39
12 36 18
12 37 58
12 39 62
12 40 24
12 42 3
12 43 61
12 48 5
12 49 34
12 51 23
12 54 20
12 55 48
12 57 11
12 60 57
12 61 54
12 62 31
12 64 49
12 66 40
12 67 33
12 68 8
13 0 9
13 1 23
13 2 17
13 4 22
13 5 48
13 7 6
13 8 45
13 9 4
13 10 51
13 11 24
13 14 33
13 15 59
13 16 44
13 17 39
13 18 54
13 19 15
13 22 52
13 24 0
13 25 32
13 26 49
13 27 41
13 28 57
13 31 26
13 34 21
13 36 35
13 38 50
13 39 38
13 41 13
13 42 61
13 43 7
13 45 43
13 47 2
13 48 53
13 51 30
13 53 12
13 54 62
13 57 67
13 58 20
13 60 25
13 61 47
13 64 8
13 67 65
13 69 37
14 0 45
14 1 29
14 5 56
14 6 47
14 8 66
14 9 18
14 11 55
14 12 46
14 13 12
14 14 54
14 15 63
14 17 17
14 18 41
14 19 23
14 20 32
14 22 4
14 23 14
14 24 57
14 25 42
14 26 24
14 30 2
14 31 62
14 32 16
14 33 67
14 38 20
14 39 48
14 40 1
14 42 53
14 43 19
14 44 39
14 45 13
14 47 68
14 48 49
14 49 0
14 50 21
14 52 34
14 53 59
14 55 5
14 56 33
14 57 60
14 58 36
14 61 31
14 63 37
14 65 50
14 66 69
14 67 7
14 68 65
15 1 36
15 2 22
15 6 18
15 7 41
15 8 9
15 9 13
15 11 69
15 13 2
15 14 27
15 15 45
15 16 58
15 18 29
15 22 8
15 24 52
15 26 20
15 28 17
15 30 25
15 31 48
15 32 47
15 33 53
15 38 21
15 41 0
15 43 65
15 46 14
15 47 43
15 52 55
15 53 60
15 54 5
15 56 23
15 57 61
15 62 49
15 63 4
15 64 37
15 65 33
15 66 57
16 2 61
16 3 32
16 4 50
16 5 43
16 7 9
16 9 69
16 11 47
16 12 56
16 13 20
16 15 51
16 16 38
16 17 22
16 18 25
16 19 40
16 21 29
16 22 6
16 23 39
16 24 12
16 27 65
16 28 42
16 29 8
16 32 4
16 33 52
16 35 28
16 36 16
16 40 0
16 42 55
16 44 10
16 47 15
16 48 34
16 49 14
16 50 49
16 51 31
16 54 60
16 56 21
16 57 30
16 58 58
16 59 19
16 60 24
16 62 64
16 67 2
16 68 5
17 0 55
17 2 1
17 4 27
17 6 26
17 8 7
17 9 9
17 10 59
17 11 14
17 13 41
17 19 45
17 20 63
17 21 32
17 23 33
17 25 49
17 26 31
17 27 62
17 28 16
17 30 50
17 32 5
17 34 2
17 36 23
17 37 39
17 38 13
17 39 25
17 40 37
17 41 21
17 43 46
17 45 11
17 46 6
17 47 40
17 48 47
17 50 43
17 51 61
17 52 56
17 54 19
17 55 53
17 58 35
17 59 51
17 60 12
17 61 42
17 62 8
17 63 54
17 64 29
17 66 0
17 68 48
17 69 10
18 0 66
18 1 47
18 2 52
18 3 38
18 4 42
18 5 6
18 6 17
18 7 19
18 8 13
18 9 11
18 10 54
18 11 7
18 13 14
18 14 69
18 15 12
18 16 46
18 17 67
18 18 35
18 20 34
18 21 65
18 22 51
18 23 29
18 24 60
18 27 31
18 28 53
18 29 59
18 31 28
18 33 68
18 34 3
18 35 57
18 36 15
18 40 44
18 42 58
18 43 21
18 44 1
18 46 64
18 47 26
18 49 22
18 50 55
18 51 16
18 52 37
18 53 20
18 56 43
18 57 9
18 59 48
18 61 45
18 62 61
18 63 24
18 64 40
18 65 8
18 67 56
18 68 18
19 1 64
19 2 56
19 4 44
19 5 67
19 6 55
19 7 62
19 8 8
19 10 61
19 12 31
19 14 11
19 16 29
19 18 2
19 19 43
19 20 40
19 22 22
19 23 19
19 24 53
19 25 63
19 29 21
19 30 30
19 31 59
19 32 23
19 33 57
19 34 14
19 35 25
19 36 36
19 40 18
19 42 1
19 43 35
19 45 58
19 47 39
19 49 68
19 50 51
19 51 15
19 55 38
19 61 52
19 62 7
19 63 3
19 66 4
19 67 24
20 1 58
20 2 45
20 3 28
20 4 29
20 6 67
20 10 64
20 11 36
20 13 59
20 14 40
20 17 32
20 21 15
20 22 38
20 23 54
20 25 2
20 26 23
20 28 56
20 32 26
20 33 22
20 34 9
20 35 19
20 36 3
20 37 18
20 38 48
20 39 69
20 40 46
20 42 60
20 44 37
20 45 62
20 46 44
20 47 4
20 48 20
20 49 5
20 50 68
20 51 51
20 52 61
20 53 53
20 57 34
20 60 35
20 63 55
20 64 6
20 65 65
20 67 17
20 68 11
20 69 21
21 1 24
21 2 34
21 5 3
21 7 15
21 8 69
21 11 43
21 12 50
21 15 58
21 20 29
21 22 37
21 24 67
21 25 18
21 26 19
21 27 66
21 28 9
21 29 40
21 30 63
21 31 46
21 32 10
21 33 2
21 35 59
21 36 6
21 37 60
21 39 13
21 41 33
21 43 16
21 44 36
21 45 12
21 46 21
21 47 35
21 49 4
21 50 0
21 51 49
21 53 22
21 54 52
21 55 17
21 56 44
21 59 41
21 60 62
21 61 48
21 62 20
21 64 5
21 65 32
21 67 39
21 69 65
22 0 34
22 1 20
22 2 44
22 4 19
22 6 58
22 8 35
22 10 0
22 11 48
22 12 61
22 13 36
22 14 9
22 15 50
22 23 24
22 24 49
22 25 67
22 27 4
22 29 43
22 31 65
22 33 31
22 35 11
22 36 28
22 37 56
22 40 54
22 41 39
22 42 29
22 43 18
22 44 14
22 45 23
22 50 53
22 54 12
22 55 45
22 57 13
22 58 2
22 60 10
22 61 64
22 62 41
22 63 63
22 65 42
22 66 37
22 68 17
23 0 32
23 1 34
23 4 62
23 7 13
23 10 68
23 11 10
23 13 8
23 17 47
23 20 0
23 23 21
23 24 23
23 25 16
23 26 4
23 27 12
23 28 50
23 29 3
23 30 22
23 34 15
23 35 33
23 38 53
23 39 66
23 40 67
23 41 11
23 49 25
23 50 29
23 51 17
23 52 7
23 53 64
23 54 59
23 55 31
23 56 2
23 58 28
23 59 14
23 61 1
23 62 69
23 63 19
23 64 55
23 65 24
23 67 54
23 68 43
23 69 18
24 0 27
24 1 48
24 3 67
24 5 14
24 6 41
24 7 59
24 9 39
24 10 45
24 11 31
24 12 68
24 13 30
24 14 35
24 15 6
24 16 69
24 17 37
24 18 11
24 20 13
24 21 49
24 22 47
24 23 34
24 25 40
24 26 0
24 27 22
24 29 28
24 32 29
24 36 56
24 37 53
24 38 3
24 40 60
24 42 10
24 44 65
24 45 63
24 46 25
24 52 17
24 53 61
24 54 15
24 55 36
24 56 57
24 57 18
24 59 38
24 60 51
24 61 44
24 62 42
24 64 66
24 67 58
24 68 1
25 0 41
25 2 51
25 3 40
25 4 35
25 5 47
25 6 13
25 7 56
25 8 38
25 11 21
25 12 5
25 13 29
25 16 28
25 18 45
25 20 8
25 21 17
25 22 61
25 26 62
25 28 66
25 29 22
25 31 36
25 33 20
25 34 11
25 35 46
25 36 39
25 38 7
25 39 53
25 41 14
25 43 57
25 45 54
25 46 32
25 48 68
25 50 50
25 51 33
25 52 16
25 54 49
25 57 26
25 58 59
25 60 64
25 62 19
25 63 44
25 69 23
26 0 54
26 2 42
26 5 41
26 6 65
26 7 25
26 8 19
26 9 58
26 10 47
26 11 61
26 12 37
26 13 66
26 16 14
26 17 63
26 18 33
26 20 23
26 24 8
26 25 9
26 28 28
26 29 44
26 30 39
26 32 0
26 35 43
26 37 34
26 39 67
26 41 7
26 44 5
26 45 16
26 49 32
26 51 27
26 52 64
26 53 50
26 54 18
26 57 56
26 58 15
26 59 53
26 60 31
26 63 60
26 65 29
26 66 20
26 67 51
26 68 3
27 0 43
27 1 45
27 3 22
27 4 6
27 5 42
27 8 32
27 11 65
27 18 31
27 19 33
27 20 66
27 24 58
27 28 21
27 30 41
27 31 11
27 32 60
27 34 13
27 36 50
27 38 55
27 39 27
27 40 20
27 41 15
27 42 16
27 44 54
27 45 49
27 46 34
27 48 18
27 50 7
27 51 39
27 52 0
27 53 51
27 54 44
27 56 17
27 61 25
27 65 26
27 66 61
28 0 20
28 2 40
28 3 23
28 5 44
28 9 0
28 10 2
28 11 27
28 14 37
28 16 31
28 17 68
28 20 22
28 21 12
28 22 49
28 23 69
28 25 29
28 26 42
28 29 45
28 31 39
28 32 15
28 33 18
28 34 16
28 37 63
28 41 1
28 42 13
28 43 30
28 44 21
28 45 38
28 46 41
28 48 64
28 50 47
28 51 8
28 52 57
28 53 19
28 54 53
28 56 59
28 59 62
28 60 67
28 61 7
28 62 55
28 63 14
28 64 24
28 69 26
29 3 45
29 4 43
29 8 33
29 9 25
29 11 12
29 13 64
29 14 14
29 15 34
29 16 3
29 17 36
29 18 60
29 20 44
29 21 28
29 22 1
29 23 50
29 24 5
29 26 52
29 28 29
29 29 65
29 31 42
29 34 10
29 35 40
29 36 17
29 40 49
29 41 53
29 44 47
29 45 19
29 46 57
29 49 48
29 50 26
29 51 0
29 52 21
29 53 24
29 55 55
29 56 51
29 61 20
29 62 56
29 63 15
29 64 13
29 65 9
29 67 35
29 68 63
29 69 59
30 0 6
30 2 60
30 3 34
30 6 5
30 7 0
30 8 3
30 9 52
30 10 18
30 11 68
30 12 43
30 15 40
30 18 46
30 21 59
30 24 13
30 26 45
30 28 12
30 29 51
30 30 42
30 32 69
30 33 44
30 34 17
30 35 21
30 39 39
30 41 38
30 43 10
30 44 20
30 45 56
30 46 30
30 49 67
30 50 19
30 53 48
30 54 7
30 55 32
30 56 64
30 58 29
30 59 50
30 60 47
30 62 58
30 63 31
31 0 33
31 1 13
31 4 16
31 7 4
31 8 46
31 11 30
31 12 39
31 13 69
31 14 55
31 15 0
31 17 3
31 18 28
31 19 57
31 21 24
31 22 34
31 23 64
31 25 44
31 26 65
31 29 61
31 31 15
31 32 32
31 33 62
31 34 37
31 36 59
31 37 9
31 38 6
31 39 21
31 41 58
31 42 66
31 44 17
31 45 5
31 47 63
31 48 41
31 50 18
31 51 42
31 52 60
31 53 2
31 55 11
31 56 52
31 57 31
31 58 25
31 59 10
31 64 12
31 68 23
31 69 20
32 2 6
32 3 39
32 4 10
32 5 16
32 6 31
32 9 21
32 17 15
32 18 30
32 19 0
32 26 41
32 27 49
32 32 13
32 35 64
32 37 24
32 38 18
32 41 40
32 42 52
32 43 58
32 44 11
32 45 26
32 46 63
32 47 17
32 48 62
32 50 37
32 52 35
32 53 57
32 55 25
32 57 69
32 59 22
32 60 43
32 62 9
32 63 38
32 64 7
32 65 23
32 68 45
32 69 55
33 1 30
33 3 29
33 10 58
33 11 33
33 12 34
33 13 51
33 14 23
33 15 57
33 21 5
33 27 36
33 28 67
33 29 66
33 31 18
33 34 31
33 35 45
33 37 68
33 38 17
33 41 28
33 44 15
33 47 59
33 48 1
33 50 24
33 51 37
33 53 56
33 58 32
33 62 4
33 63 27
33 65 41
33 66 19
33 69 49
34 0 35
34 1 52
34 4 65
34 6 22
34 7 46
34 8 30
34 10 56
34 11 18
34 12 11
34 16 53
34 17 58
34 19 37
34 22 31
34 26 55
34 27 19
34 28 6
34 29 34
34 31 2
34 32 41
34 36 24
34 37 45
34 39 5
34 41 61
34 42 8
34 44 29
34 47 16
34 48 21
34 51 64
34 53 68
34 54 38
34 57 36
34 58 4
34 59 3
34 61 32
34 62 50
34 64 60
34 67 20
34 69 40
35 0 39
35 2 64
35 4 32
35 6 44
35 8 14
35 9 28
35 10 19
35 11 59
35 12 41
35 13 6
35 14 4
35 15 36
35 19 20
35 20 24
35 21 67
35 25 65
35 27 18
35 28 31
35 31 68
35 32 57
35 33 26
35 34 7
35 35 58
35 36 13
35 39 42
35 41 54
35 42 34
35 43 22
35 44 51
35 46 5
35 47 33
35 48 60
35 49 38
35 52 53
35 53 30
35 54 40
35 55 46
35 57 52
35 58 1
35 60 21
35 61 15
35 62 29
35 67 11
35 69 66
36 0 19
36 2 2
36 3 7
36 5 54
36 6 36
36 7 37
36 8 57
36 9 27
36 10 38
36 12 29
36 13 34
36 14 15
36 15 1
36 16 59
36 18 44
36 19 55
36 20 10
36 21 47
36 23 3
36 24 40
36 26 9
36 27 52
36 28 58
36 29 13
36 30 16
36 31 0
36 32 39
36 33 45
36 35 67
36 36 46
36 37 51
36 38 5
36 39 50
36 41 60
36 45 31
36 47 25
36 48 65
36 49 53
36 50 4
36 52 49
36 54 21
36 57 24
36 59 66
36 65 63
36 66 18
36 67 6
37 0 13
37 3 54
37 6 10
37 7 21
37 8 34
37 9 20
37 10 12
37 12 2
37 13 68
37 14 30
37 15 25
37 16 22
37 17 50
37 19 51
37 21 1
37 23 52
37 24 64
37 25 39
37 26 53
37 27 15
37 29 24
37 30 57
37 35 35
37 36 45
37 37 3
37 39 6
37 40 42
37 42 14
37 44 60
37 45 0
37 46 61
37 49 7
37 53 47
37 54 41
37 55 4
37 56 16
37 57 27
37 59 26
37 60 19
37 61 46
37 62 65
37 65 17
37 66 59
37 67 69
38 0 44
38 2 31
38 3 21
38 4 33
38 5 28
38 9 37
38 10 39
38 11 16
38 12 55
38 14 19
38 15 26
38 17 45
38 22 9
38 23 59
38 24 41
38 25 56
38 28 22
38 29 68
38 32 46
38 33 48
38 35 0
38 36 7
38 37 36
38 38 12
38 39 58
38 40 29
38 41 5
38 42 42
38 47 3
38 49 40
38 51 34
38 52 47
38 53 38
38 55 50
38 56 15
38 58 60
38 59 43
38 61 10
38 62 67
38 64 65
38 65 2
38 66 66
38 68 6
38 69 13
39 0 18
39 1 5
39 3 31
39 5 35
39 6 29
39 7 8
39 10 24
39 11 41
39 12 30
39 15 21
39 16 12
39 18 6
39 19 25
39 21 26
39 22 66
39 23 47
39 24 46
39 26 60
39 27 3
39 28 36
39 29 15
39 31 40
39 32 64
39 33 54
39 35 7
39 37 38
39 38 45
39 40 11
39 41 62
39 43 49
39 45 22
39 46 65
39 48 32
39 49 2
39 50 67
39 51 53
39 53 13
39 54 55
39 55 56
39 56 50
39 58 23
39 59 37
39 61 0
39 63 20
39 64 19
39 65 39
39 66 68
39 68 44
39 69 14
40 0 67
40 1 40
40 2 69
40 3 66
40 5 23
40 8 39
40 9 12
40 10 43
40 11 58
40 12 60
40 13 52
40 14 44
40 17 9
40 19 29
40 20 41
40 21 19
40 23 56
40 25 6
40 30 0
40 32 21
40 35 49
40 39 47
40 40 35
40 42 51
40 44 55
40 45 8
40 47 31
40 48 37
40 51 38
40 53 1
40 54 42
40 56 26
40 59 59
40 61 11
40 63 36
40 64 50
40 67 27
40 69 34
41 1 3
41 2 30
41 3 36
41 4 63
41 5 37
41 6 15
41 9 60
41 13 43
41 15 67
41 19 19
41 20 16
41 22 18
41 23 45
41 24 31
41 29 12
41 31 7
41 32 59
41 35 68
41 38 28
41 39 33
41 41 32
41 42 22
41 43 42
41 44 40
41 45 55
41 48 38
41 49 49
41 50 39
41 52 9
41 53 10
41 54 27
41 55 61
41 56 4
41 58 0
41 59 56
41 61 2
41 64 62
41 65 52
41 66 53
41 67 8
41 69 29
42 0 21
42 1 66
42 3 19
42 5 49
42 6 12
42 7 63
42 9 7
42 10 17
42 12 36
42 14 20
42 16 67
42 19 27
42 22 65
42 23 26
42 27 5
42 29 64
42 30 60
42 32 53
42 33 40
42 34 35
42 35 8
42 37 48
42 40 62
42 41 10
42 42 32
42 44 41
42 45 47
42 46 16
42 50 28
42 52 11
42 54 4
42 58 68
42 59 13
42 60 2
42 61 55
42 62 33
42 63 45
42 64 61
42 65 34
42 68 29
42 69 50
43 0 59
43 1 43
43 2 47
43 4 13
43 5 63
43 7 26
43 9 66
43 12 27
43 13 61
43 14 45
43 15 69
43 16 9
43 17 51
43 19 42
43 20 5
43 22 36
43 23 17
43 24 39
43 25 58
43 27 10
43 29 62
43 31 54
43 33 3
43 35 20
43 37 31
43 39 35
43 40 50
43 41 19
43 43 37
43 44 18
43 46 49
43 47 67
43 48 15
43 49 12
43 50 16
43 52 23
43 53 7
43 54 64
43 55 40
43 56 41
43 59 24
43 63 46
43 64 25
43 65 38
43 66 56
43 68 0
43 69 22
44 0 42
44 2 4
44 3 68
44 4 7
44 5 58
44 6 50
44 8 2
44 9 23
44 11 5
44 12 20
44 13 48
44 16 17
44 17 55
44 18 66
44 20 21
44 23 13
44 24 22
44 25 12
44 26 32
44 28 45
44 30 33
44 31 35
44 32 65
44 33 11
44 34 64
44 35 16
44 36 29
44 38 61
44 41 9
44 43 28
44 44 6
44 45 25
44 46 60
44 48 51
44 49 3
44 50 52
44 51 67
44 52 15
44 53 31
44 54 30
44 55 0
44 58 34
44 59 54
44 60 27
44 61 40
44 63 1
44 66 8
44 69 38
45 1 53
45 2 39
45 3 42
45 10 3
45 11 35
45 13 50
45 14 41
45 17 31
45 18 59
45 20 19
45 21 34
45 22 15
45 24 38
45 25 60
45 29 11
45 30 29
45 32 6
45 33 13
45 34 20
45 36 63
45 37 0
45 38 2
45 39 52
45 41 25
45 43 69
45 45 64
45 46 66
45 47 32
45 49 58
45 51 9
45 53 33
45 54 46
45 55 27
45 56 7
45 59 68
45 61 12
45 62 37
45 63 26
45 64 67
45 65 61
45 69 44
46 0 46
46 1 44
46 3 12
46 6 2
46 8 49
46 11 32
46 12 33
46 14 43
46 15 55
46 16 19
46 17 21
46 18 4
46 19 56
46 20 31
46 21 66
46 22 10
46 23 11
46 24 59
46 26 25
46 31 63
46 32 38
46 33 51
46 35 9
46 37 35
46 39 65
46 40 57
46 41 36
46 42 39
46 43 50
46 44 23
46 46 29
46 48 3
46 49 30
46 51 40
46 52 13
46 53 17
46 54 47
46 55 28
46 56 61
46 58 53
46 59 45
46 60 7
46 61 18
46 62 15
46 63 62
46 64 22
46 65 68
46 66 27
46 67 16
46 68 26
47 1 26
47 2 62
47 3 55
47 6 52
47 10 37
47 12 57
47 14 2
47 15 41
47 16 51
47 17 20
47 18 39
47 19 60
47 20 45
47 25 50
47 26 46
47 27 59
47 29 19
47 30 12
47 31 23
47 32 58
47 33 30
47 35 69
47 38 67
47 40 25
47 41 35
47 42 49
47 45 9
47 47 36
47 48 48
47 50 14
47 52 3
47 54 8
47 55 43
47 56 24
47 57 29
47 59 7
47 60 11
47 61 22
47 63 33
47 64 0
47 65 54
47 66 10
47 67 53
47 68 42
48 0 47
48 1 25
48 2 57
48 6 34
48 8 12
48 9 55
48 10 33
48 11 3
48 12 23
48 16 50
48 17 59
48 18 1
48 21 38
48 22 58
48 24 6
48 26 16
48 27 13
48 28 41
48 29 0
48 30 15
48 31 53
48 32 17
48 33 32
48 34 68
48 35 5
48 36 51
48 37 27
48 42 43
48 45 65
48 48 36
48 50 30
48 51 62
48 52 24
48 53 35
48 55 20
48 56 11
48 57 7
48 58 52
48 59 49
48 60 37
48 61 29
48 62 21
48 65 56
48 66 22
49 1 69
49 2 28
49 4 25
49 5 40
49 8 54
49 10 9
49 12 12
49 14 21
49 15 10
49 16 41
49 17 35
49 18 51
49 21 23
49 22 20
49 23 15
49 24 43
49 25 24
49 29 4
49 30 19
49 33 7
49 34 58
49 36 31
49 38 39
49 41 49
49 42 59
49 48 46
49 49 29
49 50 60
49 51 26
49 52 2
49 54 50
49 55 3
49 59 18
49 60 56
49 61 57
49 62 13
49 63 11
49 64 68
49 65 64
49 66 63
49 67 34
49 68 66
49 69 32
50 1 2
50 2 35
50 3 25
50 4 18
50 6 61
50 7 52
50 8 22
50 10 23
50 11 54
50 12 0
50 15 33
50 18 43
50 19 68
50 20 60
50 22 26
50 23 48
50 24 28
50 27 21
50 28 37
50 29 30
50 30 59
50 31 34
50 32 7
50 36 62
50 37 64
50 39 20
50 42 38
50 44 53
50 45 32
50 46 19
50 47 56
50 48 40
50 49 11
50 51 69
50 53 15
50 56 49
50 57 5
50 58 10
50 59 42
50 61 13
50 62 12
50 63 51
50 64 31
50 66 24
50 67 63
50 68 9
51 0 1
51 2 66
51 3 65
51 4 60
51 5 30
51 8 42
51 12 64
51 14 17
51 15 29
51 17 24
51 18 9
51 19 35
51 20 62
51 23 23
51 25 46
51 27 55
51 32 50
51 33 6
51 35 13
51 36 22
51 38 40
51 40 41
51 43 53
51 44 2
51 45 45
51 46 12
51 49 56
51 50 15
51 51 47
51 58 8
51 59 33
51 60 69
51 61 21
51 63 7
51 64 3
52 1 55
52 2 46
52 3 47
52 4 59
52 6 39
52 7 54
52 9 49
52 11 66
52 12 35
52 13 21
52 14 7
52 16 42
52 19 30
52 22 2
52 23 0
52 24 3
52 25 13
52 27 8
52 28 19
52 31 29
52 33 34
52 34 56
52 36 5
52 37 67
52 38 9
52 41 27
52 42 69
52 43 45
52 47 12
52 49 52
52 50 65
52 51 25
52 52 28
52 56 63
52 64 43
52 65 44
52 66 62
53 1 54
53 3 2
53 4 36
53 5 9
53 6 60
53 7 14
53 8 26
53 9 50
53 11 56
53 16 0
53 17 29
53 20 20
53 21 43
53 22 57
53 24 11
53 25 61
53 30 17
53 32 44
53 33 65
53 34 55
53 35 18
53 37 33
53 38 10
53 39 23
53 41 37
53 43 47
53 47 66
53 48 6
53 49 45
53 51 63
53 53 21
53 54 39
53 55 30
53 56 69
53 57 40
53 59 64
53 60 41
53 62 5
53 64 38
53 65 12
53 67 32
53 68 31
53 69 53
54 1 6
54 4 21
54 8 29
54 9 36
54 12 25
54 17 56
54 21 42
54 22 12
54 23 40
54 24 69
54 26 11
54 28 32
54 29 55
54 30 4
54 32 19
54 35 51
54 37 17
54 38 24
54 39 49
54 40 39
54 41 52
54 42 0
54 43 38
54 46 37
54 48 45
54 50 57
54 54 48
54 55 9
54 56 3
54 57 46
54 59 31
54 61 28
54 62 14
54 63 68
54 66 41
54 67 18
54 68 2
54 69 33
55 0 60
55 4 3
55 5 31
55 6 8
55 9 68
55 10 21
55 11 0
55 12 58
55 13 47
55 14 62
55 15 46
55 16 18
55 17 5
55 18 37
55 19 41
55 20 64
55 22 50
55 25 19
55 27 6
55 28 30
55 29 53
55 31 56
55 34 49
55 35 42
55 36 2
55 39 11
55 41 67
55 43 4
55 44 24
55 49 17
55 53 14
55 54 9
55 57 23
55 60 32
55 61 34
55 62 54
55 63 39
55 64 28
55 66 26
55 67 1
55 69 25
56 3 59
56 4 67
56 5 22
56 6 14
56 8 1
56 10 29
56 12 28
56 13 4
56 14 60
56 15 5
56 18 10
56 19 34
56 20 43
56 21 64
56 22 27
56 23 68
56 24 35
56 25 57
56 26 40
56 27 48
56 28 26
56 29 7
56 32 61
56 36 53
56 37 30
56 38 36
56 39 51
56 44 12
56 47 8
56 48 2
56 49 20
56 50 63
56 52 39
56 55 37
56 56 54
56 59 15
56 61 50
56 62 66
56 63 13
56 64 23
56 66 38
56 68 56
56 69 6
57 2 43
57 4 39
57 6 21
57 8 55
57 9 53
57 10 30
57 11 44
57 12 19
57 13 62
57 14 22
57 17 49
57 19 69
57 21 35
57 23 4
57 26 47
57 27 2
57 28 23
57 29 50
57 30 28
57 31 31
57 35 41
57 36 58
57 37 61
57 38 64
57 40 65
57 41 34
57 42 15
57 45 51
57 47 6
57 49 13
57 50 36
57 51 52
57 52 68
57 55 26
57 57 54
57 58 11
57 60 33
57 62 10
57 63 25
57 65 40
57 67 66
57 68 60
57 69 16
58 2 36
58 4 2
58 5 20
58 6 0
58 7 40
58 8 63
58 9 45
58 11 17
58 12 52
58 13 16
58 15 9
58 17 25
58 21 4
58 22 64
58 23 18
58 26 29
58 30 43
58 32 54
58 34 53
58 35 34
58 37 5
58 38 41
58 40 56
58 41 6
58 42 24
58 43 55
58 44 68
58 45 59
58 46 48
58 47 44
58 48 39
58 50 33
58 51 7
58 52 12
58 53 62
58 55 65
58 57 47
58 59 21
58 60 28
58 61 23
58 62 46
58 63 8
58 64 57
58 66 32
58 67 60
59 0 68
59 1 19
59 5 5
59 6 57
59 7 2
59 8 41
59 11 52
59 12 24
59 14 28
59 17 26
59 19 58
59 20 35
59 22 54
59 23 62
59 26 56
59 27 67
59 29 47
59 34 46
59 35 4
59 39 7
59 41 44
59 42 18
59 43 32
59 44 42
59 48 10
59 49 43
59 51 50
59 52 59
59 54 1
59 55 14
59 56 39
59 57 8
59 59 69
59 62 6
59 63 65
59 64 27
59 68 55
59 69 9
60 0 57
60 1 39
60 5 25
60 6 45
60 7 50
60 8 37
60 10 55
60 11 53
60 12 16
60 13 7
60 14 49
60 15 11
60 20 4
60 22 5
60 24 63
60 26 18
60 30 35
60 31 21
60 33 23
60 36 33
60 37 19
60 39 46
60 41 64
60 44 38
60 45 10
60 47 58
60 48 17
60 50 1
60 53 44
60 55 29
60 57 0
60 58 43
60 59 6
60 61 61
60 64 41
60 68 67
61 0 15
61 1 68
61 2 63
61 3 0
61 5 69
61 7 35
61 9 6
61 10 50
61 11 67
61 13 40
61 14 1
61 17 41
61 19 21
61 20 42
61 21 18
61 24 51
61 25 14
61 26 8
61 27 28
61 30 11
61 34 36
61 35 32
61 40 3
61 41 45
61 42 20
61 43 26
61 44 25
61 47 38
61 48 54
61 50 66
61 53 58
61 60 13
61 62 30
61 63 59
61 64 34
61 66 65
61 69 5
62 1 41
62 3 16
62 6 59
62 7 27
62 9 14
62 10 32
62 13 31
62 14 6
62 15 61
62 16 40
62 19 38
62 22 62
62 24 15
62 25 3
62 29 42
62 30 68
62 31 45
62 32 55
62 35 29
62 36 64
62 38 66
62 39 9
62 40 47
62 44 35
62 45 52
62 47 13
62 48 0
62 49 36
62 51 20
62 53 34
62 55 21
62 56 8
62 57 10
62 58 30
62 61 63
62 62 44
62 63 18
62 64 53
62 65 11
62 66 2
62 67 12
62 69 19
63 0 62
63 2 9
63 3 52
63 8 25
63 10 13
63 11 42
63 12 10
63 16 55
63 17 14
63 19 16
63 21 45
63 22 3
63 24 34
63 26 7
63 27 58
63 28 43
63 29 31
63 31 19
63 32 67
63 33 56
63 34 51
63 35 44
63 37 15
63 39 22
63 40 33
63 41 50
63 43 20
63 47 60
63 48 26
63 49 63
63 53 40
63 54 29
63 55 69
63 56 68
63 57 28
63 60 66
63 61 53
63 65 21
63 66 30
63 68 61
63 69 47
64 0 2
64 2 41
64 5 68
64 6 66
64 7 29
64 9 40
64 11 4
64 12 13
64 18 49
64 19 24
64 20 1
64 21 37
64 22 16
64 23 6
64 25 21
64 26 3
64 29 48
64 30 8
64 31 20
64 33 60
64 34 59
64 35 30
64 38 58
64 39 55
64 40 19
64 42 23
64 43 64
64 44 45
64 46 52
64 47 11
64 48 56
64 49 61
64 51 12
64 53 67
64 54 25
64 56 53
64 58 39
64 59 32
64 60 0
64 61 5
64 65 36
64 66 43
64 67 26
65 1 67
65 4 15
65 5 1
65 6 53
65 8 68
65 10 69
65 11 57
65 13 63
65 14 42
65 15 43
65 17 19
65 21 2
65 22 28
65 23 25
65 24 55
65 25 48
65 28 4
65 31 12
65 32 37
65 34 22
65 35 10
65 37 21
65 38 44
65 39 59
65 45 61
65 46 18
65 49 50
65 50 62
65 51 29
65 53 49
65 54 24
65 55 16
65 56 20
65 57 38
65 59 36
65 60 14
65 62 45
65 63 34
65 64 33
65 66 46
66 0 37
66 1 9
66 2 10
66 5 60
66 6 64
66 7 1
66 9 32
66 10 49
66 11 26
66 12 62
66 13 5
66 17 53
66 18 34
66 20 69
66 22 14
66 23 2
66 26 50
66 27 38
66 29 46
66 34 0
66 35 54
66 36 40
66 37 44
66 39 17
66 40 48
66 41 59
66 42 4
66 44 43
66 45 27
66 47 41
66 49 39
66 51 36
66 52 51
66 53 29
66 54 45
66 55 15
66 61 8
66 62 23
66 66 13
66 68 20
66 69 63
67 0 0
67 1 65
67 4 46
67 6 32
67 8 64
67 10 60
67 13 27
67 15 38
67 17 23
67 19 6
67 21 8
67 22 35
67 25 7
67 26 67
67 28 39
67 29 10
67 30 3
67 31 41
67 33 49
67 35 55
67 37 28
67 38 14
67 39 15
67 40 30
67 43 2
67 44 63
67 49 19
67 50 34
67 53 43
67 57 53
67 58 57
67 60 58
67 61 9
67 62 17
67 63 5
67 65 25
67 66 21
67 67 62
67 68 33
68 0 3
68 1 18
68 2 13
68 3 43
68 4 40
68 5 55
68 6 54
68 8 28
68 9 38
68 12 9
68 16 60
68 17 44
68 18 23
68 19 1
68 21 48
68 23 27
68 24 7
68 25 52
68 27 64
68 28 2
68 29 41
68 31 47
68 33 33
68 34 50
68 35 24
68 38 34
68 39 57
68 40 15
68 41 29
68 42 45
68 43 63
68 44 4
68 45 53
68 46 8
68 48 31
68 50 22
68 53 0
68 54 26
68 55 68
68 56 6
68 59 46
68 60 39
68 61 36
68 63 58
68 64 30
68 65 37
69 1 37
69 2 49
69 4 11
69 6 51
69 8 53
69 9 26
69 10 57
69 11 6
69 12 66
69 13 28
69 14 38
69 16 68
69 17 64
69 19 61
69 20 25
69 21 40
69 22 43
69 23 35
69 27 46
69 28 24
69 30 45
69 31 69
69 32 34
69 33 9
69 34 48
69 36 14
69 39 60
69 41 41
69 43 17
69 44 19
69 45 3
69 47 47
69 48 63
69 49 31
69 52 52
69 53 54
69 54 58
69 58 13
69 60 4
69 62 16
69 63 23
69 64 1
69 65 20
69 67 50
69 68 15
69 69 56
