70
0 0 66
0 2 3
0 3 16
0 4 55
0 5 30
0 10 50
0 11 53
0 12 67
0 13 57
0 16 7
0 18 41
0 19 52
0 25 1
0 28 15
0 34 45
0 35 38
0 36 24
0 37 4
0 38 13
0 41 25
0 42 19
0 45 10
0 46 43
0 47 61
0 50 6
0 51 68
0 54 51
0 55 40
0 57 8
0 58 58
0 60 54
0 62 26
0 63 60
0 65 69
0 66 11
0 69 22
1 0 41
1 1 40
1 3 11
1 6 24
1 7 39
1 8 18
1 9 35
1 11 62
1 13 31
1 14 28
1 15 13
1 16 6
1 17 25
1 19 22
1 22 15
1 23 23
1 25 16
1 26 49
1 30 2
1 32 26
1 35 60
1 36 64
1 38 10
1 39 9
1 40 50
1 41 36
1 42 0
1 43 55
1 46 4
1 51 30
1 52 38
1 53 58
1 54 21
1 55 57
1 56 45
1 57 48
1 58 8
1 59 61
1 60 69
1 66 17
1 69 42
2 1 63
2 3 22
2 4 28
2 5 16
2 6 46
2 7 20
2 9 52
2 11 27
2 12 39
2 13 67
2 14 61
2 20 43
2 22 36
2 23 25
2 25 0
2 26 54
2 30 45
2 32 7
2 33 32
2 35 17
2 36 10
2 37 6
2 40 19
2 41 14
2 43 49
2 45 8
2 48 34
2 49 12
2 52 31
2 58 53
2 59 11
2 62 24
2 67 50
2 68 9
3 0 36
3 1 13
3 3 51
3 4 62
3 5 58
3 6 9
3 9 15
3 12 49
3 14 21
3 15 47
3 16 50
3 18 18
3 20 7
3 21 27
3 22 43
3 23 45
3 26 10
3 28 29
3 30 28
3 32 31
3 34 48
3 38 56
3 40 38
3 41 66
3 42 23
3 44 64
3 45 0
3 46 57
3 48 40
3 50 24
3 54 69
3 60 61
3 61 4
3 63 12
3 64 20
3 65 37
3 66 32
3 68 52
4 2 5
4 7 33
4 9 6
4 10 48
4 13 54
4 16 68
4 17 57
4 20 61
4 24 16
4 25 30
4 26 38
4 35 34
4 36 2
4 38 7
4 39 21
4 48 22
4 49 59
4 51 66
4 53 0
4 57 64
4 59 60
4 60 46
4 62 62
4 63 41
4 66 14
5 3 39
5 4 7
5 7 43
5 9 9
5 10 10
5 12 26
5 13 2
5 14 37
5 15 4
5 17 1
5 19 18
5 20 41
5 23 63
5 24 30
5 25 67
5 27 50
5 29 5
5 32 62
5 34 20
5 35 69
5 36 47
5 37 16
5 45 23
5 46 60
5 49 57
5 51 32
5 52 19
5 54 22
5 57 21
5 58 3
5 59 8
5 60 52
5 64 42
5 66 46
5 68 36
5 69 25
6 0 14
6 1 61
6 3 49
6 7 30
6 8 36
6 10 24
6 11 42
6 12 16
6 13 62
6 14 50
6 15 6
6 16 8
6 17 38
6 19 5
6 20 11
6 22 58
6 24 60
6 27 64
6 28 56
6 29 9
6 31 69
6 32 17
6 33 0
6 34 7
6 36 57
6 39 51
6 40 15
6 41 63
6 45 27
6 46 37
6 47 25
6 49 44
6 52 3
6 53 20
6 56 18
6 57 55
6 58 67
6 59 39
6 60 22
6 61 40
6 63 47
6 64 2
6 67 13
7 0 40
7 2 42
7 4 37
7 7 53
7 8 55
7 10 51
7 11 21
7 12 24
7 14 43
7 17 27
7 18 34
7 19 66
7 20 9
7 25 44
7 26 62
7 27 10
7 29 31
7 30 18
7 32 68
7 37 32
7 38 3
7 40 12
7 41 4
7 44 14
7 45 46
7 49 38
7 50 41
7 53 30
7 54 65
7 55 54
7 57 28
7 59 5
7 61 63
7 62 60
7 63 61
7 65 58
7 69 2
8 0 16
8 3 41
8 4 50
8 6 1
8 9 14
8 10 30
8 12 61
8 13 20
8 15 37
8 16 57
8 18 5
8 20 3
8 22 65
8 23 68
8 24 62
8 25 22
8 26 11
8 29 40
8 30 8
8 33 44
8 35 28
8 40 26
8 43 66
8 45 25
8 46 9
8 47 17
8 48 39
8 49 35
8 50 46
8 51 55
8 52 48
8 55 15
8 57 52
8 59 36
8 62 4
8 65 33
8 66 43
8 68 69
8 69 6
9 0 31
9 1 45
9 4 61
9 5 26
9 6 5
9 7 46
9 8 67
9 11 38
9 12 9
9 13 22
9 15 0
9 17 11
9 18 35
9 19 62
9 21 60
9 22 68
9 23 59
9 26 29
9 28 32
9 31 1
9 33 10
9 35 55
9 39 12
9 41 40
9 44 47
9 45 43
9 46 44
9 47 24
9 49 41
9 51 8
9 53 64
9 55 50
9 56 17
9 57 4
9 60 48
9 61 52
9 63 49
9 64 25
9 69 28
10 2 29
10 4 32
10 5 57
10 8 37
10 9 5
10 12 40
10 13 0
10 14 25
10 15 11
10 16 45
10 17 15
10 21 7
10 22 22
10 23 46
10 27 9
10 29 36
10 30 53
10 31 54
10 32 35
10 34 49
10 37 20
10 38 67
10 40 66
10 43 64
10 48 16
10 50 65
10 54 47
10 55 3
10 57 44
10 59 42
10 65 38
10 69 30
11 0 44
11 2 31
11 6 57
11 8 53
11 11 47
11 12 15
11 13 17
11 15 9
11 20 14
11 21 26
11 23 27
11 26 41
11 27 39
11 28 46
11 29 42
11 30 50
11 31 67
11 33 11
11 34 3
11 36 38
11 37 2
11 38 1
11 39 4
11 43 24
11 44 18
11 45 68
11 46 54
11 47 22
11 50 28
11 51 52
11 52 16
11 53 63
11 54 13
11 55 37
11 57 32
11 58 43
11 60 45
11 61 8
11 65 66
11 66 0
12 2 51
12 4 21
12 5 6
12 8 14
12 9 31
12 11 60
12 12 43
12 13 38
12 14 55
12 15 39
12 16 32
12 17 44
12 19 2
12 20 1
12 21 11
12 22 47
12 26 15
12 27 58
12 30 52
12 31 62
12 32 65
12 34 66
12 35 30
12 37 17
12 39 67
12 40 41
12 42 63
12 43 4
12 45 19
12 47 26
12 49 69
12 50 40
12 51 25
12 53 27
12 54 50
12 57 3
12 59 24
12 62 22
12 64 23
12 65 5
12 67 34
12 68 61
13 0 25
13 1 8
13 3 31
13 4 67
13 6 62
13 7 66
13 9 11
13 10 29
13 11 28
13 13 35
13 15 2
13 17 61
13 18 26
13 21 68
13 22 33
13 24 47
13 25 59
13 29 50
13 32 9
13 33 14
13 34 63
13 37 30
13 40 58
13 41 34
13 42 55
13 44 23
13 48 21
13 52 24
13 53 12
13 56 51
13 58 64
13 60 3
13 63 53
13 64 22
13 65 46
13 66 10
13 69 16
14 1 42
14 3 27
14 5 13
14 7 21
14 8 66
14 9 26
14 14 44
14 15 52
14 19 64
14 21 15
14 22 1
14 23 12
14 24 51
14 26 6
14 28 7
14 31 38
14 32 23
14 34 59
14 36 46
14 41 16
14 43 5
14 44 50
14 45 4
14 46 49
14 50 45
14 52 68
14 53 33
14 57 11
14 59 69
14 61 17
14 62 8
14 63 34
14 64 40
14 65 24
14 66 19
14 67 10
14 68 54
15 1 6
15 2 57
15 3 37
15 4 38
15 7 31
15 10 68
15 12 35
15 13 13
15 17 49
15 19 17
15 20 62
15 21 63
15 26 24
15 27 18
15 28 69
15 29 11
15 30 22
15 32 3
15 35 15
15 36 21
15 37 40
15 43 7
15 44 25
15 45 34
15 47 53
15 48 61
15 49 66
15 51 54
15 52 10
15 58 59
15 59 12
15 60 67
15 63 26
15 64 60
15 65 65
15 66 27
15 67 30
15 69 1
16 0 64
16 1 52
16 3 40
16 4 34
16 7 15
16 8 61
16 9 20
16 11 13
16 12 21
16 16 3
16 19 60
16 23 44
16 24 18
16 26 51
16 28 62
16 29 33
16 31 27
16 32 0
16 34 50
16 35 54
16 36 29
16 37 39
16 40 48
16 41 26
16 43 37
16 44 22
16 45 17
16 46 8
16 47 41
16 48 49
16 49 55
16 50 58
16 54 12
16 57 36
16 61 35
16 62 42
16 63 2
16 64 30
16 66 23
16 68 67
16 69 65
17 0 19
17 3 28
17 5 42
17 6 34
17 8 32
17 10 65
17 12 11
17 13 59
17 14 9
17 16 33
17 17 43
17 18 23
17 24 52
17 27 48
17 30 63
17 31 44
17 36 40
17 37 35
17 39 7
17 43 69
17 44 56
17 45 30
17 46 12
17 47 38
17 48 0
17 50 21
17 52 14
17 55 55
17 57 31
17 64 29
17 65 60
17 66 45
17 69 68
18 2 27
18 3 57
18 5 43
18 7 52
18 11 3
18 13 4
18 14 2
18 15 36
18 16 51
18 18 32
18 19 42
18 21 61
18 23 39
18 25 49
18 26 58
18 27 11
18 28 30
18 29 17
18 30 54
18 31 18
18 33 40
18 36 6
18 39 23
18 41 31
18 43 8
18 46 66
18 49 7
18 50 50
18 52 56
18 55 47
18 59 59
18 61 26
18 63 5
18 64 12
18 67 21
18 69 9
19 0 48
19 2 62
19 3 0
19 4 6
19 5 36
19 6 17
19 7 41
19 8 10
19 12 68
19 13 7
19 19 32
19 23 34
19 27 42
19 30 5
19 35 4
19 38 54
19 40 46
19 42 33
19 44 12
19 47 29
19 49 1
19 50 11
19 51 60
19 54 18
19 56 26
19 58 57
19 59 19
19 62 66
19 64 51
20 0 62
20 1 22
20 2 50
20 6 56
20 7 24
20 8 45
20 11 0
20 18 61
20 20 63
20 21 6
20 24 66
20 25 17
20 28 16
20 29 2
20 33 41
20 37 5
20 39 38
20 40 35
20 42 4
20 44 52
20 46 27
20 48 69
20 49 43
20 54 34
20 55 59
20 57 47
20 58 65
20 60 39
20 61 30
20 64 48
20 69 15
21 2 35
21 3 10
21 4 3
21 5 28
21 6 25
21 7 14
21 9 62
21 10 46
21 12 66
21 14 41
21 17 13
21 20 42
21 21 54
21 24 57
21 25 38
21 27 19
21 28 52
21 29 16
21 30 47
21 32 61
21 35 44
21 36 5
21 37 0
21 38 6
21 39 37
21 40 17
21 46 45
21 48 20
21 49 56
21 55 69
21 56 67
21 57 26
21 60 34
21 63 43
21 65 50
21 68 68
22 1 38
22 3 30
22 4 43
22 5 63
22 6 66
22 8 5
22 9 61
22 10 0
22 11 2
22 14 26
22 17 20
22 18 59
22 19 11
22 20 45
22 23 7
22 26 36
22 27 52
22 32 29
22 35 62
22 39 16
22 40 44
22 43 40
22 45 22
22 46 10
22 47 46
22 52 51
22 53 47
22 56 65
22 59 35
22 63 28
22 64 49
22 67 17
22 68 32
22 69 41
23 0 59
23 2 18
23 3 24
23 4 47
23 6 60
23 7 12
23 9 0
23 10 15
23 11 6
23 14 27
23 16 61
23 17 16
23 20 66
23 21 19
23 25 32
23 26 8
23 28 48
23 29 4
23 34 29
23 35 52
23 37 43
23 38 58
23 39 31
23 41 5
23 43 38
23 46 30
23 47 51
23 48 41
23 50 2
23 51 28
23 54 14
23 57 63
23 60 53
23 62 1
23 63 13
23 65 22
23 67 56
23 68 57
23 69 23
24 1 55
24 2 22
24 4 1
24 5 15
24 6 51
24 7 9
24 8 31
24 9 49
24 10 8
24 11 56
24 12 4
24 13 19
24 14 48
24 21 28
24 22 3
24 23 64
24 24 11
24 26 20
24 27 23
24 30 42
24 33 2
24 34 69
24 35 12
24 36 17
24 38 59
24 41 27
24 42 53
24 43 58
24 47 44
24 49 10
24 52 54
24 53 16
24 54 36
24 56 25
24 58 68
24 59 6
24 60 29
24 61 62
24 62 57
24 63 32
24 66 13
24 67 40
24 68 14
24 69 39
25 0 46
25 1 15
25 3 58
25 12 20
25 13 39
25 14 24
25 15 60
25 17 41
25 25 7
25 26 3
25 30 0
25 32 55
25 33 43
25 34 37
25 35 42
25 36 33
25 37 59
25 39 11
25 41 57
25 43 13
25 46 14
25 48 30
25 49 34
25 50 22
25 53 35
25 54 10
25 56 62
25 59 1
25 63 17
25 65 9
25 66 61
25 68 8
26 2 30
26 4 42
26 5 1
26 6 18
26 7 57
26 8 6
26 11 33
26 12 22
26 15 50
26 16 36
26 18 28
26 19 59
26 20 31
26 21 48
26 22 34
26 24 17
26 27 41
26 30 38
26 31 56
26 32 16
26 35 23
26 36 25
26 37 61
26 38 15
26 39 26
26 40 27
26 41 12
26 42 37
26 46 29
26 47 21
26 49 51
26 55 32
26 58 13
26 62 2
26 64 5
26 66 8
26 67 69
26 69 4
27 1 26
27 3 9
27 4 2
27 7 40
27 8 64
27 10 34
27 13 45
27 15 41
27 16 16
27 18 17
27 20 60
27 24 32
27 26 21
27 27 14
27 31 22
27 32 15
27 33 3
27 36 1
27 38 25
27 41 43
27 42 65
27 43 52
27 45 11
27 47 62
27 50 29
27 52 42
27 56 8
27 57 18
27 58 66
27 59 54
27 60 38
27 67 37
27 68 44
28 1 16
28 2 10
28 3 33
28 7 27
28 9 55
28 10 41
28 11 30
28 15 62
28 16 52
28 17 32
28 18 56
28 19 25
28 23 2
28 26 0
28 29 12
28 30 40
28 32 51
28 35 1
28 40 54
28 43 65
28 46 23
28 48 63
28 53 17
28 57 69
28 58 6
28 59 26
28 66 9
28 67 28
29 0 60
29 2 64
29 4 16
29 5 33
29 6 41
29 9 40
29 13 1
29 14 46
29 15 53
29 16 10
29 19 65
29 20 39
29 22 20
29 27 8
29 28 45
29 30 59
29 31 52
29 32 19
29 35 26
29 38 0
29 39 25
29 40 23
29 42 30
29 43 28
29 47 49
29 48 37
29 49 24
29 51 57
29 57 13
29 58 15
29 59 63
29 64 35
29 66 58
29 68 11
30 2 48
30 6 13
30 7 38
30 11 64
30 14 52
30 16 59
30 18 45
30 20 15
30 21 18
30 23 30
30 24 19
30 26 23
30 29 3
30 33 51
30 34 54
30 35 53
30 37 68
30 39 2
30 40 34
30 42 21
30 43 16
30 48 7
30 51 27
30 52 55
30 54 62
30 60 65
30 61 49
30 63 33
30 64 31
31 0 50
31 3 38
31 10 57
31 12 14
31 13 16
31 14 63
31 15 44
31 16 12
31 17 34
31 19 51
31 21 43
31 23 9
31 25 31
31 28 37
31 29 61
31 30 27
31 31 65
31 33 59
31 35 3
31 38 29
31 41 10
31 43 35
31 44 5
31 45 66
31 47 18
31 49 60
31 51 47
31 52 4
31 53 15
31 54 42
31 55 28
31 59 22
31 60 33
31 61 6
31 63 58
31 64 0
31 65 13
31 67 11
31 69 24
32 3 17
32 4 57
32 7 19
32 11 69
32 13 55
32 15 38
32 19 3
32 21 66
32 26 67
32 29 32
32 30 44
32 33 15
32 36 53
32 38 30
32 40 9
32 43 29
32 45 62
32 47 48
32 48 33
32 51 20
32 52 8
32 54 56
32 57 37
32 60 36
32 61 5
32 63 23
32 65 16
32 66 40
32 69 11
33 0 45
33 3 62
33 5 18
33 6 11
33 7 44
33 8 68
33 9 69
33 11 46
33 13 49
33 14 35
33 16 14
33 20 0
33 22 17
33 25 61
33 27 24
33 28 65
33 37 36
33 38 5
33 40 33
33 41 56
33 42 57
33 43 63
33 45 9
33 47 42
33 49 22
33 50 25
33 57 40
33 59 34
33 60 30
33 64 4
33 65 32
33 66 55
33 69 67
34 3 54
34 6 14
34 7 50
34 8 26
34 11 66
34 15 19
34 18 60
34 19 9
34 20 30
34 22 24
34 23 47
34 25 52
34 26 45
34 28 3
34 31 33
34 32 53
34 33 1
34 35 32
34 36 31
34 37 48
34 39 42
34 40 68
34 46 38
34 49 4
34 51 16
34 52 29
34 53 43
34 54 46
34 55 13
34 63 36
34 67 62
35 1 4
35 3 8
35 4 12
35 8 27
35 18 44
35 25 2
35 33 61
35 36 37
35 38 34
35 39 18
35 41 62
35 44 0
35 45 50
35 47 67
35 48 5
35 49 63
35 51 49
35 54 45
35 55 66
35 56 41
35 58 9
35 64 33
35 66 16
35 67 43
35 68 19
35 69 52
36 4 30
36 6 38
36 7 32
36 8 3
36 15 14
36 16 54
36 18 47
36 19 26
36 20 17
36 22 8
36 24 28
36 25 9
36 26 53
36 27 44
36 28 64
36 32 37
36 33 31
36 34 35
36 36 50
36 38 69
36 39 27
36 41 20
36 42 15
36 43 48
36 47 33
36 48 66
36 54 58
36 57 16
36 58 21
36 61 42
36 63 65
36 64 41
36 66 60
37 0 57
37 2 12
37 3 68
37 7 47
37 8 19
37 10 33
37 14 10
37 17 5
37 18 37
37 20 51
37 21 20
37 22 31
37 24 14
37 25 35
37 27 67
37 28 1
37 34 16
37 35 22
37 37 11
37 38 36
37 43 61
37 45 64
37 47 13
37 48 17
37 49 8
37 51 39
37 52 27
37 53 66
37 55 63
37 57 65
37 58 40
37 60 62
37 61 2
37 62 9
37 63 42
37 65 21
37 69 58
38 0 3
38 1 67
38 2 41
38 3 21
38 4 46
38 6 42
38 7 61
38 10 17
38 11 51
38 16 38
38 18 10
38 20 35
38 22 63
38 24 25
38 28 47
38 32 39
38 33 49
38 37 33
38 38 52
38 40 31
38 41 8
38 43 20
38 44 27
38 46 16
38 47 30
38 49 45
38 50 34
38 51 9
38 54 28
38 55 26
38 58 4
38 61 29
38 63 15
38 66 53
38 67 6
39 3 14
39 4 0
39 6 27
39 7 68
39 8 30
39 9 44
39 10 32
39 11 41
39 15 61
39 16 56
39 17 26
39 18 57
39 21 29
39 22 59
39 24 37
39 25 10
39 29 53
39 30 3
39 31 21
39 34 5
39 37 63
39 40 42
39 41 13
39 43 33
39 46 1
39 48 23
39 50 39
39 52 2
39 55 24
39 56 4
39 57 7
39 59 46
39 65 40
39 66 31
39 68 6
39 69 35
40 4 36
40 7 16
40 10 5
40 13 41
40 14 51
40 16 66
40 19 43
40 22 21
40 23 15
40 24 54
40 26 1
40 29 24
40 30 4
40 33 52
40 34 60
40 35 19
40 37 45
40 39 0
40 40 25
40 42 9
40 44 20
40 48 13
40 49 27
40 53 28
40 58 10
40 63 64
40 64 26
40 65 2
40 67 68
40 68 31
40 69 50
41 0 38
41 5 40
41 7 60
41 8 57
41 9 1
41 10 11
41 11 65
41 12 17
41 14 19
41 15 3
41 16 64
41 17 0
41 21 23
41 23 52
41 26 26
41 27 30
41 28 41
41 29 49
41 34 4
41 36 22
41 37 14
41 38 48
41 39 50
41 40 39
41 41 37
41 43 42
41 44 13
41 48 68
41 50 5
41 51 63
41 53 62
41 54 6
41 55 45
41 59 7
41 60 12
41 61 34
41 62 56
41 67 2
41 68 18
42 1 65
42 3 42
42 5 27
42 9 29
42 12 32
42 16 60
42 17 14
42 19 40
42 20 2
42 21 44
42 27 4
42 28 21
42 29 51
42 32 33
42 33 22
42 34 9
42 36 35
42 39 43
42 41 0
42 44 3
42 46 34
42 50 49
42 51 17
42 52 46
42 53 69
42 56 53
42 59 23
42 61 58
42 66 24
42 67 5
42 68 41
42 69 10
43 1 35
43 5 49
43 6 69
43 7 36
43 8 24
43 10 39
43 16 42
43 18 21
43 20 25
43 21 22
43 22 64
43 23 40
43 24 23
43 26 50
43 28 17
43 30 61
43 34 30
43 35 18
43 36 43
43 37 9
43 38 26
43 39 47
43 45 29
43 46 20
43 47 60
43 52 13
43 53 10
43 54 41
43 56 37
43 61 54
43 63 31
43 64 27
43 66 63
43 69 56
44 0 24
44 1 58
44 3 3
44 5 55
44 8 33
44 12 51
44 13 66
44 15 5
44 16 34
44 17 67
44 18 14
44 20 50
44 21 4
44 22 54
44 23 43
44 24 40
44 27 46
44 28 60
44 30 7
44 32 30
44 33 68
44 35 45
44 36 13
44 37 12
44 41 35
44 45 42
44 49 36
44 59 27
44 60 49
44 61 21
44 64 57
44 67 19
45 3 60
45 9 59
45 10 55
45 12 27
45 13 25
45 14 54
45 15 30
45 18 40
45 19 44
45 20 57
45 23 37
45 25 29
45 26 14
45 27 0
45 28 42
45 29 56
45 31 17
45 38 8
45 39 5
45 41 45
45 42 66
45 43 39
45 44 9
45 45 1
45 48 10
45 50 64
45 52 32
45 54 48
45 56 52
45 57 20
45 58 36
45 59 38
45 61 47
45 63 16
45 64 34
45 65 41
45 66 4
45 67 49
46 1 60
46 3 4
46 5 59
46 7 17
46 9 2
46 13 30
46 15 16
46 18 11
46 19 34
46 21 0
46 24 50
46 26 65
46 29 38
46 32 41
46 34 31
46 35 51
46 36 44
46 37 55
46 40 61
46 41 53
46 42 29
46 50 67
46 51 62
46 52 43
46 54 20
46 55 7
46 56 49
46 58 35
46 59 40
46 65 57
46 68 33
46 69 47
47 0 37
47 6 23
47 10 21
47 12 8
47 13 40
47 14 64
47 17 30
47 19 69
47 24 22
47 28 12
47 30 62
47 33 26
47 38 33
47 39 57
47 40 63
47 43 27
47 48 25
47 49 19
47 50 13
47 52 53
47 53 61
47 54 17
47 55 60
47 56 56
47 57 43
47 59 3
47 63 18
47 64 59
47 66 41
48 0 69
48 2 13
48 3 26
48 5 11
48 6 43
48 7 4
48 8 42
48 13 29
48 15 34
48 19 23
48 21 46
48 22 45
48 29 59
48 31 32
48 34 53
48 35 31
48 37 19
48 38 37
48 41 24
48 42 12
48 43 2
48 46 65
48 47 16
48 50 10
48 51 50
48 52 28
48 53 41
48 56 6
48 57 51
48 58 55
48 62 14
48 63 66
48 65 30
48 66 39
48 68 35
48 69 63
49 1 20
49 2 60
49 3 23
49 4 66
49 7 56
49 9 37
49 12 29
49 16 49
49 17 58
49 18 0
49 19 7
49 21 59
49 23 55
49 28 50
49 30 48
49 31 43
49 32 69
49 35 9
49 37 47
49 38 2
49 39 53
49 40 32
49 43 19
49 44 46
49 48 8
49 50 31
49 51 24
49 52 44
49 53 21
49 54 54
49 55 36
49 56 13
49 58 27
49 59 25
49 60 42
49 63 1
49 65 3
49 67 22
50 0 43
50 1 5
50 6 44
50 8 40
50 11 4
50 12 28
50 13 12
50 14 65
50 15 31
50 18 69
50 20 29
50 22 26
50 28 14
50 29 0
50 30 36
50 32 22
50 34 42
50 35 56
50 38 64
50 41 47
50 43 51
50 44 55
50 45 13
50 46 15
50 48 58
50 49 30
50 51 33
50 52 66
50 53 7
50 54 9
50 57 2
50 58 48
50 59 49
50 61 67
50 63 11
50 65 25
50 66 18
50 68 50
51 0 53
51 2 1
51 5 35
51 8 47
51 9 22
51 10 6
51 13 46
51 15 69
51 17 23
51 18 25
51 20 64
51 22 11
51 26 55
51 27 37
51 28 61
51 31 8
51 32 24
51 37 7
51 39 34
51 40 2
51 41 21
51 43 3
51 46 63
51 49 31
51 50 4
51 51 67
51 53 26
51 54 38
51 55 49
51 56 54
51 57 50
51 58 41
51 59 65
51 60 10
51 61 57
51 62 48
51 63 0
51 64 9
51 65 52
51 66 36
51 67 33
52 2 63
52 3 18
52 9 33
52 10 19
52 11 37
52 12 34
52 13 32
52 15 56
52 20 52
52 22 46
52 23 17
52 26 48
52 29 41
52 31 4
52 38 28
52 40 11
52 42 10
52 43 22
52 47 59
52 48 38
52 50 54
52 53 39
52 54 23
52 57 9
52 60 47
52 61 64
52 63 35
52 65 68
52 67 57
52 69 31
53 0 7
53 2 54
53 3 12
53 5 32
53 10 45
53 17 29
53 18 2
53 23 8
53 25 37
53 26 31
53 27 47
53 32 34
53 34 61
53 35 43
53 36 15
53 39 44
53 40 65
53 42 50
53 44 41
53 48 4
53 61 27
53 63 30
53 64 66
53 65 26
53 67 53
53 68 13
53 69 38
54 4 27
54 7 42
54 8 21
54 9 68
54 11 22
54 13 51
54 15 58
54 21 41
54 23 0
54 25 53
54 28 54
54 31 20
54 34 28
54 42 49
54 44 45
54 45 36
54 46 3
54 47 7
54 48 26
54 49 6
54 53 24
54 54 32
54 55 35
54 57 61
54 58 19
54 60 17
54 61 65
54 63 9
54 64 69
54 67 16
54 68 47
55 1 36
55 2 43
55 4 18
55 5 2
55 6 29
55 8 1
55 9 25
55 12 45
55 13 11
55 15 26
55 16 41
55 17 12
55 23 65
55 24 55
55 28 63
55 29 13
55 33 62
55 34 67
55 36 69
55 37 49
55 40 10
55 42 3
55 43 54
55 44 8
55 45 53
55 46 24
55 47 27
55 48 42
55 51 51
55 52 64
55 53 52
55 57 6
55 58 5
55 60 60
55 64 28
55 65 39
55 66 38
55 68 0
55 69 59
56 0 26
56 3 13
56 6 6
56 8 29
56 9 66
56 12 44
56 14 38
56 17 53
56 19 63
56 21 50
56 22 5
56 28 4
56 29 64
56 30 51
56 31 10
56 35 7
56 36 58
56 38 22
56 42 31
56 43 0
56 45 32
56 46 11
56 48 12
56 49 54
56 51 3
56 53 8
56 56 35
56 57 46
56 62 34
56 63 67
56 65 15
56 67 65
57 0 56
57 2 52
57 3 63
57 8 20
57 10 23
57 11 9
57 19 67
57 21 30
57 22 50
57 23 32
57 24 35
57 26 57
57 27 17
57 29 62
57 31 11
57 33 69
57 35 29
57 37 24
57 39 1
57 43 60
57 44 40
57 50 59
57 51 46
57 54 16
57 56 19
57 61 18
57 62 65
57 63 7
57 67 36
58 6 4
58 7 29
58 13 15
58 15 20
58 16 55
58 17 66
58 18 54
58 19 33
58 20 19
58 23 13
58 27 26
58 29 8
58 30 14
58 33 23
58 34 38
58 35 64
58 36 27
58 37 10
58 38 35
58 39 28
58 41 60
58 42 47
58 44 57
58 47 6
58 49 3
58 51 37
58 53 5
58 54 40
58 57 45
58 58 18
58 59 52
58 60 2
58 61 32
58 63 21
58 64 67
58 66 22
58 68 25
59 0 18
59 3 48
59 5 17
59 6 65
59 10 31
59 11 67
59 13 43
59 14 7
59 15 15
59 18 51
59 21 12
59 22 35
59 24 10
59 25 54
59 27 33
59 28 24
59 30 46
59 33 58
59 35 47
59 36 23
59 37 28
59 38 21
59 39 13
59 41 69
59 42 40
59 43 59
59 45 41
59 46 5
59 50 53
59 53 3
59 55 1
59 58 20
59 59 16
59 62 55
59 63 39
59 64 32
59 65 4
59 66 68
59 68 56
60 0 15
60 3 5
60 7 22
60 9 21
60 10 3
60 12 36
60 14 49
60 15 12
60 18 24
60 19 50
60 23 16
60 24 29
60 25 47
60 26 59
60 27 7
60 28 2
60 29 57
60 30 69
60 34 27
60 36 52
60 37 46
60 41 51
60 42 25
60 45 54
60 47 35
60 49 42
60 53 53
60 54 55
60 57 66
60 58 38
60 59 64
60 60 1
60 65 14
60 66 20
60 67 26
61 5 64
61 6 40
61 8 17
61 9 19
61 12 65
61 13 18
61 15 43
61 18 66
61 25 33
61 27 60
61 29 29
61 30 16
61 33 38
61 34 23
61 37 22
61 38 51
61 39 62
61 43 6
61 44 63
61 46 53
61 48 57
61 49 14
61 51 2
61 52 15
61 53 9
61 54 4
61 55 41
61 56 7
61 57 59
61 59 50
61 60 5
61 62 3
61 63 8
61 64 1
61 65 61
61 68 27
62 1 39
62 2 20
62 3 64
62 4 17
62 7 25
62 8 7
62 9 67
62 10 42
62 12 23
62 15 63
62 16 2
62 18 22
62 20 13
62 23 5
62 24 3
62 25 27
62 27 53
62 28 35
62 29 58
62 32 54
62 33 9
62 36 68
62 38 16
62 41 19
62 43 30
62 45 47
62 47 56
62 48 18
62 50 69
62 52 6
62 58 1
62 60 41
62 61 59
62 63 45
62 64 24
62 69 8
63 0 10
63 1 33
63 3 53
63 4 26
63 6 32
63 7 58
63 10 36
63 11 31
63 12 42
63 13 50
63 14 22
63 15 21
63 16 15
63 17 51
63 18 4
63 19 14
63 22 62
63 23 56
63 25 8
63 28 23
63 29 48
63 33 27
63 34 47
63 35 2
63 36 66
63 37 37
63 39 55
63 40 43
63 41 61
63 42 7
63 43 18
63 45 60
63 46 25
63 49 40
63 51 65
63 52 0
63 53 1
63 54 19
63 55 9
63 56 16
63 58 29
63 60 59
63 62 52
63 63 68
63 65 64
63 66 30
63 68 63
64 1 69
64 11 26
64 13 37
64 15 7
64 16 53
64 18 36
64 19 10
64 20 58
64 22 41
64 23 50
64 25 24
64 26 22
64 28 6
64 29 65
64 31 61
64 32 27
64 33 4
64 36 3
64 37 54
64 38 49
64 39 14
64 40 57
64 41 18
64 42 52
64 44 68
64 49 16
64 51 29
64 52 12
64 53 42
64 56 33
64 57 35
64 60 32
64 66 2
65 1 18
65 2 6
65 3 35
65 7 34
65 9 17
65 12 12
65 13 58
65 14 16
65 18 8
65 20 27
65 21 64
65 23 3
65 24 1
65 26 52
65 29 21
65 31 41
65 33 25
65 36 28
65 37 13
65 43 57
65 44 69
65 45 55
65 46 42
65 47 43
65 50 61
65 52 67
65 59 45
65 60 37
65 61 11
65 65 59
65 69 40
66 0 42
66 1 32
66 4 35
66 9 23
66 10 52
66 12 50
66 13 5
66 16 17
66 19 4
66 20 16
66 22 29
66 25 21
66 26 33
66 27 38
66 32 56
66 33 45
66 38 40
66 40 14
66 41 28
66 42 59
66 43 41
66 44 61
66 45 15
66 46 6
66 48 51
66 50 12
66 51 64
66 52 34
66 54 43
66 55 44
66 56 22
66 59 30
66 61 0
66 62 11
66 66 1
66 69 20
67 0 9
67 4 45
67 6 47
67 7 49
67 9 54
67 10 4
67 12 7
67 16 27
67 17 17
67 19 55
67 22 40
67 23 33
67 25 13
67 26 37
67 28 53
67 29 15
67 32 14
67 35 5
67 39 30
67 42 20
67 43 12
67 45 6
67 48 2
67 52 18
67 54 26
67 55 0
67 58 23
67 62 59
67 63 22
67 66 57
67 67 48
67 69 19
68 0 20
68 3 65
68 4 60
68 8 2
68 11 40
68 14 59
68 17 52
68 19 45
68 20 10
68 22 30
68 24 39
68 25 23
68 26 69
68 27 35
68 28 27
68 30 12
68 32 46
68 34 36
68 35 57
68 37 62
68 38 24
68 39 61
68 40 13
68 42 41
68 46 64
68 47 50
68 49 18
68 50 15
68 53 14
68 56 3
68 60 8
68 63 54
68 66 33
68 67 44
68 69 26
69 1 28
69 2 17
69 5 38
69 6 7
69 8 23
69 12 37
69 14 29
69 16 69
69 18 64
69 20 53
69 21 2
69 25 4
69 28 25
69 29 46
69 31 16
69 33 30
69 36 34
69 40 60
69 41 22
69 44 11
69 45 40
69 46 35
69 47 32
69 49 9
69 50 42
69 52 45
69 54 67
69 55 20
69 57 33
69 58 44
69 59 15
69 64 14
69 65 12
69 68 3
69 69 27
