60
0 0 49
0 1 56
0 3 45
0 6 0
0 14 25
0 18 12
0 22 47
0 25 19
0 27 55
0 32 3
0 36 5
0 40 54
0 41 11
0 43 26
0 44 28
0 46 36
0 52 58
0 56 51
1 3 2
1 8 22
1 12 39
1 16 52
1 17 32
1 19 54
1 20 34
1 31 44
1 34 3
1 42 27
1 49 51
1 52 20
1 54 17
1 58 58
2 2 14
2 4 51
2 5 26
2 10 31
2 12 56
2 13 36
2 16 17
2 21 33
2 26 2
2 28 39
2 30 15
2 31 42
2 32 53
2 37 46
2 38 58
2 42 49
2 45 54
2 52 41
2 54 52
2 57 59
2 59 20
3 2 21
3 7 1
3 8 17
3 12 5
3 13 7
3 14 18
3 16 10
3 19 26
3 21 47
3 22 52
3 24 46
3 25 33
3 30 48
3 31 39
3 32 35
3 33 20
3 35 51
3 37 43
3 41 42
3 42 2
3 46 49
3 47 38
3 50 8
4 5 12
4 7 5
4 13 9
4 14 36
4 15 26
4 23 46
4 26 29
4 31 48
4 33 19
4 41 55
4 45 28
4 47 41
4 48 0
4 55 44
4 59 13
5 1 51
5 2 39
5 3 23
5 8 53
5 10 42
5 13 31
5 15 9
5 18 6
5 23 1
5 27 36
5 29 49
5 30 46
5 31 3
5 38 44
5 43 11
5 44 13
5 45 55
5 47 18
5 49 27
5 52 2
5 58 48
6 1 12
6 5 56
6 9 9
6 10 5
6 13 26
6 19 58
6 21 18
6 24 4
6 27 37
6 38 10
6 39 57
6 42 25
6 57 28
6 58 51
7 0 0
7 5 31
7 8 9
7 9 54
7 12 58
7 13 27
7 14 22
7 17 17
7 22 20
7 23 34
7 34 4
7 39 59
7 41 7
7 46 18
7 47 43
7 56 53
7 57 3
7 58 39
8 0 5
8 1 9
8 2 41
8 3 21
8 4 12
8 7 29
8 15 49
8 18 16
8 20 46
8 22 15
8 23 26
8 24 0
8 25 37
8 27 53
8 33 50
8 34 27
8 39 6
8 43 44
8 48 20
8 49 25
8 55 33
9 0 11
9 1 34
9 3 59
9 4 58
9 9 22
9 10 17
9 14 20
9 15 1
9 22 44
9 25 9
9 30 47
9 31 50
9 33 3
9 34 52
9 35 38
9 42 31
9 43 23
9 45 5
9 46 32
9 51 57
9 56 54
9 57 41
9 58 8
9 59 42
10 2 37
10 3 46
10 6 41
10 11 19
10 14 47
10 15 45
10 20 44
10 27 50
10 34 17
10 35 48
10 36 24
10 42 11
10 50 34
11 1 24
11 2 46
11 14 38
11 18 26
11 22 11
11 24 42
11 25 20
11 27 45
11 31 33
11 38 16
11 43 43
11 46 57
11 51 21
11 52 28
11 55 22
11 56 10
11 57 35
11 58 30
12 0 45
12 6 11
12 7 31
12 10 16
12 15 50
12 23 51
12 28 36
12 30 14
12 31 13
12 36 27
12 39 12
12 43 21
12 45 41
12 49 55
13 2 11
13 3 35
13 5 51
13 6 49
13 7 17
13 9 20
13 12 42
13 14 43
13 15 13
13 16 30
13 19 38
13 30 9
13 34 57
13 36 21
13 37 28
13 49 44
13 50 27
13 51 53
13 54 24
13 57 29
13 58 3
14 2 28
14 3 57
14 5 40
14 7 24
14 8 32
14 9 49
14 12 59
14 16 41
14 19 7
14 21 26
14 22 54
14 23 13
14 24 30
14 28 3
14 34 38
14 37 4
14 41 9
14 46 21
14 50 44
14 53 37
14 54 29
14 56 47
14 58 53
15 0 14
15 3 52
15 4 20
15 5 36
15 10 6
15 15 41
15 16 53
15 18 27
15 23 43
15 24 24
15 28 18
15 30 35
15 33 34
15 34 16
15 36 11
15 37 15
15 41 50
15 42 44
15 45 9
15 49 1
15 50 29
16 1 37
16 4 39
16 6 7
16 9 12
16 10 21
16 11 25
16 12 41
16 16 35
16 17 59
16 22 3
16 23 28
16 30 26
16 31 5
16 34 58
16 36 56
16 42 42
16 44 40
16 52 16
16 58 6
17 1 23
17 5 27
17 7 52
17 9 25
17 19 11
17 21 48
17 30 17
17 33 35
17 35 8
17 36 33
17 38 40
17 41 13
17 42 28
17 52 38
17 53 58
17 54 22
17 57 42
17 58 44
18 1 2
18 13 50
18 15 35
18 17 3
18 18 9
18 20 25
18 23 20
18 25 56
18 30 36
18 38 59
18 39 42
18 40 23
18 41 48
18 44 41
18 47 26
18 51 11
19 5 58
19 9 55
19 14 37
19 16 57
19 18 43
19 22 40
19 26 45
19 32 21
19 34 10
19 36 49
19 41 6
19 42 36
19 44 27
19 46 7
19 48 9
19 49 0
19 54 56
19 56 33
19 57 54
19 58 14
20 0 36
20 2 44
20 4 22
20 11 12
20 15 32
20 21 41
20 23 40
20 29 9
20 33 45
20 50 53
20 53 20
20 54 11
20 58 4
21 0 58
21 4 7
21 21 24
21 28 15
21 31 9
21 32 16
21 39 47
21 42 23
21 52 25
22 3 42
22 7 50
22 15 10
22 16 4
22 19 35
22 35 49
22 36 9
22 39 36
22 42 0
22 44 3
22 51 58
22 52 44
22 53 26
22 56 8
22 57 55
23 4 28
23 10 52
23 15 17
23 16 42
23 18 33
23 21 22
23 22 36
23 25 39
23 27 56
23 34 20
23 35 15
23 38 34
23 40 45
23 41 49
23 42 32
23 43 29
23 44 9
23 45 14
23 51 43
23 54 55
23 57 46
24 4 11
24 5 18
24 6 37
24 7 35
24 9 38
24 18 0
24 22 29
24 30 49
24 32 17
24 36 51
24 38 54
24 41 20
24 43 31
24 45 47
24 57 8
24 58 55
25 1 4
25 2 30
25 6 57
25 14 15
25 15 53
25 19 5
25 26 58
25 39 21
25 48 44
25 49 8
25 55 32
25 57 23
25 58 42
26 0 16
26 4 4
26 6 44
26 7 32
26 9 35
26 16 46
26 19 42
26 32 27
26 34 31
26 35 34
26 37 20
26 38 12
26 45 59
26 46 38
26 51 47
26 52 50
26 54 6
26 55 26
27 2 18
27 5 11
27 9 13
27 10 20
27 11 3
27 15 16
27 16 40
27 17 14
27 18 38
27 20 58
27 25 27
27 26 42
27 27 21
27 31 57
27 33 5
27 37 31
27 38 45
27 44 17
27 46 48
27 47 32
27 48 22
28 3 10
28 5 53
28 7 28
28 9 43
28 10 46
28 13 14
28 21 59
28 28 12
28 35 18
28 39 3
28 41 45
28 45 33
28 52 27
28 54 49
28 56 20
28 58 32
29 1 49
29 4 33
29 10 35
29 11 32
29 14 59
29 17 47
29 18 29
29 20 41
29 22 21
29 25 38
29 26 16
29 27 6
29 28 50
29 31 24
29 33 42
29 34 22
29 36 15
29 42 18
29 43 58
29 44 11
29 47 17
29 49 37
29 50 12
29 52 57
29 53 53
29 57 5
30 1 52
30 2 51
30 8 33
30 12 3
30 14 45
30 15 57
30 17 37
30 18 8
30 19 34
30 22 16
30 27 1
30 29 20
30 33 56
30 35 58
30 39 28
30 44 48
30 48 15
30 52 46
30 55 6
30 57 24
31 2 3
31 5 42
31 7 33
31 11 24
31 15 43
31 21 39
31 24 29
31 27 10
31 32 8
31 35 36
31 40 12
31 48 38
31 57 14
32 0 56
32 7 55
32 10 24
32 11 29
32 14 6
32 16 21
32 17 8
32 20 30
32 26 7
32 27 23
32 29 58
32 35 42
32 37 41
32 46 54
32 47 4
32 50 43
32 52 37
32 57 1
32 58 46
33 4 2
33 5 6
33 9 44
33 13 47
33 14 16
33 15 31
33 16 33
33 19 17
33 22 1
33 23 59
33 25 30
33 26 40
33 28 21
33 36 46
33 39 52
33 40 4
33 41 36
33 48 13
33 49 28
33 52 10
33 57 43
34 2 15
34 4 29
34 11 2
34 17 25
34 18 54
34 21 55
34 23 58
34 24 53
34 32 18
34 41 17
34 44 46
34 47 51
34 52 12
34 57 4
35 0 38
35 14 2
35 17 16
35 18 36
35 22 43
35 23 45
35 24 1
35 25 21
35 26 11
35 34 7
35 35 39
35 36 0
35 37 18
35 39 48
35 42 24
35 43 59
35 45 37
35 48 42
35 51 5
35 59 17
36 9 51
36 10 55
36 13 38
36 14 53
36 18 59
36 19 44
36 29 54
36 32 56
36 39 2
36 50 33
36 56 25
36 59 18
37 1 8
37 3 32
37 6 35
37 7 34
37 8 13
37 9 42
37 12 36
37 14 10
37 16 45
37 25 6
37 26 57
37 33 25
37 34 15
37 41 2
37 49 43
37 53 29
37 54 39
37 58 0
38 0 19
38 1 41
38 4 18
38 9 29
38 13 55
38 19 52
38 24 2
38 26 13
38 27 43
38 29 53
38 31 49
38 37 24
38 38 22
38 44 25
38 46 59
38 50 0
38 53 45
38 54 35
38 56 6
38 57 48
38 59 37
39 1 22
39 2 53
39 5 38
39 14 49
39 15 21
39 16 54
39 17 11
39 19 55
39 21 10
39 25 0
39 27 19
39 29 46
39 34 33
39 42 1
39 46 58
39 48 12
39 50 32
39 51 44
39 52 17
39 53 15
39 57 34
39 59 5
40 3 5
40 5 54
40 6 47
40 7 45
40 11 51
40 14 44
40 30 20
40 31 31
40 32 2
40 33 46
40 35 26
40 44 30
40 50 4
40 54 58
40 57 37
41 7 41
41 18 18
41 21 49
41 24 32
41 25 8
41 28 4
41 30 3
41 32 52
41 34 23
41 35 0
41 36 58
41 38 15
41 39 46
41 40 2
41 45 13
41 46 29
41 50 20
41 51 12
41 56 55
41 57 51
41 59 10
42 0 12
42 3 17
42 5 19
42 7 39
42 12 6
42 19 27
42 24 34
42 32 50
42 37 59
42 42 4
42 44 42
42 46 45
42 47 30
42 51 36
42 53 18
42 59 21
43 3 41
43 6 21
43 9 0
43 12 33
43 14 42
43 16 31
43 17 10
43 18 34
43 19 22
43 20 16
43 21 15
43 23 14
43 24 13
43 26 4
43 29 39
43 30 53
43 38 50
43 39 51
43 40 8
43 41 59
43 43 17
43 44 55
43 46 5
43 49 57
43 50 1
43 54 46
43 57 36
43 58 23
44 12 35
44 14 41
44 16 14
44 17 48
44 34 12
44 36 59
44 39 26
44 41 15
44 44 38
44 45 11
44 46 25
44 48 6
44 56 21
44 58 52
45 2 34
45 10 37
45 16 27
45 18 3
45 28 43
45 29 25
45 37 16
45 38 48
45 50 11
45 56 14
46 0 7
46 2 20
46 3 56
46 8 50
46 11 53
46 12 22
46 15 23
46 17 54
46 18 28
46 20 29
46 22 59
46 30 45
46 34 36
46 37 37
46 38 33
46 40 31
46 44 35
46 45 18
46 49 38
46 52 15
46 58 10
47 0 54
47 4 24
47 8 21
47 10 18
47 13 28
47 20 48
47 23 12
47 25 7
47 28 46
47 30 58
47 31 35
47 34 55
47 35 9
47 37 42
47 40 3
47 41 40
47 43 15
47 46 52
47 49 29
47 52 5
47 56 1
47 57 49
47 58 19
47 59 45
48 2 52
48 4 10
48 6 51
48 7 13
48 15 34
48 16 9
48 20 26
48 21 57
48 22 12
48 24 15
48 31 2
48 32 32
48 33 4
48 34 5
48 35 19
48 36 42
48 42 59
48 45 46
48 47 48
48 51 37
48 52 11
48 55 50
49 0 53
49 7 38
49 8 1
49 11 13
49 14 11
49 18 15
49 19 51
49 22 55
49 26 9
49 29 41
49 31 17
49 32 36
49 33 10
49 36 3
49 41 35
49 44 7
49 47 46
49 48 56
49 50 42
49 57 45
50 1 28
50 11 15
50 19 59
50 25 18
50 31 1
50 32 6
50 37 53
50 42 30
50 44 33
50 45 51
50 52 19
50 55 9
50 58 21
51 0 3
51 11 56
51 12 20
51 14 1
51 23 10
51 24 28
51 30 52
51 31 14
51 34 32
51 36 31
51 43 4
51 45 44
51 47 59
51 48 26
51 51 22
51 54 50
51 55 43
51 56 34
51 57 53
51 58 41
52 1 30
52 3 55
52 4 52
52 5 3
52 11 41
52 15 51
52 22 57
52 26 53
52 30 1
52 32 20
52 34 14
52 37 6
52 39 17
52 41 21
52 43 39
52 44 44
52 45 31
52 52 45
52 55 12
52 56 40
53 0 39
53 6 40
53 7 58
53 9 33
53 11 20
53 17 49
53 19 57
53 21 35
53 23 27
53 25 3
53 27 8
53 28 42
53 31 52
53 34 41
53 35 5
53 37 23
53 39 34
53 42 21
53 45 24
53 46 9
53 49 17
53 59 53
54 1 15
54 6 12
54 8 16
54 11 49
54 13 18
54 20 52
54 21 8
54 30 44
54 41 27
54 43 45
54 44 50
54 45 39
54 51 29
55 4 48
55 13 5
55 14 57
55 15 46
55 17 41
55 21 58
55 25 11
55 26 33
55 31 56
55 32 10
55 36 53
55 46 1
55 50 6
55 52 9
55 56 42
56 3 54
56 7 47
56 8 46
56 16 38
56 19 43
56 21 9
56 23 52
56 25 32
56 30 12
56 34 0
56 38 42
56 46 37
56 49 13
56 51 3
56 54 26
56 58 33
56 59 6
57 2 55
57 3 30
57 6 1
57 7 21
57 10 8
57 14 48
57 19 33
57 22 0
57 27 35
57 29 44
57 30 4
57 32 47
57 37 40
57 39 16
57 42 26
57 45 27
57 52 31
58 1 3
58 14 32
58 16 6
58 20 40
58 21 14
58 28 17
58 35 11
58 39 30
58 43 51
58 44 47
58 52 18
58 55 21
58 56 38
58 59 4
59 0 52
59 2 33
59 7 14
59 9 11
59 11 58
59 13 15
59 16 39
59 29 37
59 31 59
59 42 10
59 46 42
59 47 13
59 48 18
59 49 30
59 51 27
59 52 49
59 55 38
59 58 7
