70
0 0 53
0 1 69
0 2 25
0 3 68
0 4 55
0 5 1
0 6 27
0 7 44
0 8 65
0 9 30
0 10 48
0 13 54
0 14 35
0 15 38
0 16 63
0 17 16
0 18 64
0 19 5
0 20 17
0 21 36
0 22 2
0 23 46
0 24 21
0 25 56
0 26 26
0 27 57
0 29 50
0 30 10
0 31 33
0 32 0
0 33 49
0 34 62
0 35 45
0 36 28
0 38 19
0 39 51
0 40 42
0 41 40
0 42 67
0 46 61
0 47 6
0 48 14
0 49 31
0 50 22
0 51 8
0 52 29
0 53 59
0 55 4
0 56 24
0 57 12
0 58 13
0 59 7
0 60 9
0 61 18
0 62 34
0 64 60
0 65 41
0 66 11
0 67 23
0 68 37
0 69 66
1 0 37
1 1 47
1 2 57
1 3 30
1 4 59
1 5 18
1 6 28
1 7 3
1 8 23
1 10 50
1 12 39
1 13 29
1 15 52
1 16 20
1 17 62
1 18 8
1 20 26
1 21 12
1 22 17
1 23 27
1 24 24
1 25 21
1 27 2
1 28 31
1 29 43
1 30 11
1 31 64
1 32 44
1 33 51
1 36 53
1 37 6
1 38 40
1 41 49
1 42 48
1 45 65
1 46 1
1 47 61
1 49 38
1 50 55
1 51 54
1 52 9
1 53 14
1 54 63
1 55 69
1 56 5
1 57 34
1 58 4
1 59 13
1 60 45
1 61 19
1 62 68
1 63 15
1 64 22
1 65 7
1 66 35
1 67 42
1 68 32
1 69 58
2 0 33
2 1 10
2 2 59
2 3 26
2 5 39
2 6 45
2 8 42
2 9 17
2 10 4
2 13 15
2 14 41
2 15 64
2 16 5
2 17 46
2 18 28
2 19 19
2 20 62
2 22 69
2 23 12
2 24 43
2 25 63
2 26 35
2 27 55
2 28 25
2 29 32
2 30 14
2 31 24
2 32 48
2 33 38
2 34 9
2 36 44
2 37 2
2 38 65
2 39 13
2 41 22
2 42 50
2 43 36
2 46 16
2 47 66
2 48 1
2 51 56
2 52 27
2 53 7
2 54 29
2 55 8
2 56 20
2 57 37
2 58 61
2 59 54
2 60 58
2 61 11
2 62 53
2 63 40
2 64 68
2 65 23
2 66 47
2 67 60
2 69 57
3 0 39
3 1 17
3 2 23
3 3 46
3 4 28
3 5 49
3 6 5
3 7 62
3 8 16
3 9 58
3 10 41
3 11 15
3 12 42
3 13 8
3 14 61
3 15 1
3 16 44
3 17 27
3 18 43
3 19 30
3 22 18
3 23 55
3 24 51
3 25 48
3 26 24
3 27 12
3 28 52
3 30 13
3 31 66
3 32 36
3 33 65
3 34 45
3 35 38
3 38 59
3 39 68
3 41 9
3 42 21
3 43 64
3 44 35
3 45 33
3 46 31
3 47 63
3 48 20
3 49 47
3 50 6
3 51 3
3 52 53
3 53 69
3 54 0
3 55 60
3 56 11
3 59 4
3 60 2
3 61 14
3 62 37
3 65 32
3 66 10
3 67 19
3 68 22
3 69 34
4 0 54
4 1 46
4 2 53
4 3 17
4 4 24
4 5 66
4 6 47
4 7 22
4 9 38
4 10 35
4 11 43
4 12 1
4 14 26
4 15 65
4 16 48
4 18 45
4 19 2
4 20 63
4 22 8
4 23 57
4 24 18
4 25 64
4 26 49
4 27 36
4 28 20
4 29 39
4 30 4
4 31 50
4 32 40
4 33 21
4 35 69
4 36 62
4 37 51
4 38 10
4 39 28
4 40 32
4 41 29
4 42 12
4 43 31
4 45 11
4 46 5
4 47 19
4 48 7
4 49 61
4 50 13
4 52 23
4 53 33
4 54 14
4 55 16
4 56 25
4 57 6
4 59 59
4 61 67
4 62 27
4 63 52
4 66 58
4 67 37
4 68 41
4 69 15
5 0 25
5 1 48
5 2 69
5 3 36
5 4 68
5 5 50
5 7 29
5 8 28
5 10 7
5 11 35
5 13 27
5 15 24
5 16 32
5 17 21
5 18 56
5 19 43
5 20 39
5 21 23
5 22 37
5 23 47
5 24 67
5 26 42
5 27 26
5 28 38
5 29 51
5 30 19
5 31 58
5 32 60
5 33 54
5 34 44
5 35 12
5 36 66
5 37 11
5 39 31
5 40 17
5 41 61
5 43 41
5 44 0
5 45 53
5 46 2
5 47 34
5 50 33
5 51 59
5 52 52
5 54 57
5 55 5
5 56 49
5 57 64
5 58 65
5 59 10
5 60 30
5 61 1
5 63 46
5 65 40
5 66 9
5 67 15
5 68 13
5 69 20
6 0 56
6 1 18
6 3 53
6 4 61
6 5 40
6 6 33
6 8 8
6 9 3
6 10 13
6 12 29
6 13 49
6 14 22
6 15 14
6 16 51
6 17 15
6 19 23
6 21 21
6 22 5
6 23 20
6 24 62
6 25 17
6 26 65
6 28 6
6 29 19
6 30 32
6 31 34
6 32 4
6 34 28
6 35 30
6 36 64
6 37 12
6 39 48
6 40 52
6 42 37
6 43 50
6 45 67
6 46 38
6 47 35
6 48 9
6 49 7
6 51 27
6 53 63
6 54 54
6 55 24
6 56 58
6 57 60
6 58 16
6 59 39
6 60 10
6 64 45
6 68 2
7 0 1
7 1 66
7 3 27
7 4 25
7 5 45
7 6 64
7 7 12
7 8 47
7 9 8
7 10 10
7 12 21
7 13 30
7 14 31
7 15 41
7 16 18
7 17 53
7 18 2
7 19 33
7 20 48
7 21 32
7 22 7
7 24 65
7 25 60
7 27 39
7 28 54
7 29 56
7 30 68
7 31 6
7 32 57
7 33 52
7 34 20
7 36 11
7 37 63
7 38 15
7 39 59
7 41 16
7 42 29
7 43 3
7 44 67
7 45 38
7 46 40
7 47 69
7 48 34
7 49 43
7 50 26
7 51 37
7 52 50
7 53 23
7 54 5
7 55 58
7 56 51
7 57 55
7 58 44
7 59 35
7 60 28
7 61 24
7 62 49
7 63 42
7 64 13
7 65 9
7 66 4
7 67 36
7 68 14
7 69 17
8 0 20
8 1 43
8 3 2
8 4 66
8 5 55
8 6 52
8 7 48
8 9 28
8 10 27
8 11 64
8 12 31
8 13 5
8 14 40
8 16 1
8 17 11
8 18 46
8 19 53
8 20 9
8 21 0
8 22 3
8 23 35
8 24 42
8 25 14
8 26 13
8 27 61
8 28 16
8 29 54
8 30 17
8 31 4
8 32 68
8 33 26
8 35 10
8 36 60
8 38 7
8 39 50
8 40 58
8 41 57
8 42 30
8 43 6
8 45 36
8 47 23
8 48 63
8 50 47
8 51 44
8 52 41
8 53 15
8 54 62
8 56 29
8 57 19
8 58 69
8 59 38
8 60 25
8 62 8
8 63 39
8 64 67
8 65 37
8 67 56
8 68 21
8 69 12
9 0 55
9 2 22
9 4 40
9 6 30
9 7 11
9 8 27
9 10 26
9 11 41
9 12 25
9 13 31
9 14 58
9 15 51
9 16 9
9 17 45
9 18 66
9 19 69
9 20 61
9 22 14
9 23 39
9 24 68
9 26 18
9 27 23
9 28 0
9 29 1
9 30 63
9 31 56
9 32 38
9 33 46
9 34 60
9 35 44
9 36 4
9 37 43
9 38 52
9 42 42
9 44 28
9 45 5
9 46 7
9 47 33
9 50 24
9 51 57
9 52 47
9 53 2
9 54 64
9 55 21
9 56 48
9 57 10
9 59 37
9 60 35
9 61 8
9 62 15
9 63 29
9 64 16
9 66 49
9 67 34
9 68 50
9 69 6
10 0 26
10 1 38
10 2 43
10 4 33
10 5 7
10 6 57
10 7 58
10 8 64
10 9 65
10 10 45
10 12 10
10 13 62
10 14 24
10 16 17
10 17 34
10 18 42
10 23 1
10 25 55
10 26 2
10 28 51
10 29 0
10 30 9
10 31 37
10 32 28
10 33 5
10 34 18
10 36 50
10 37 44
10 38 47
10 39 21
10 40 30
10 41 63
10 42 66
10 45 68
10 46 60
10 47 25
10 48 54
10 49 36
10 51 23
10 52 8
10 53 19
10 54 69
10 57 59
10 59 31
10 60 48
10 61 56
10 62 41
10 63 20
10 64 53
10 65 39
10 68 11
10 69 22
11 0 42
11 1 36
11 2 16
11 3 18
11 4 15
11 6 40
11 7 33
11 8 22
11 9 13
11 10 60
11 11 32
11 12 50
11 14 29
11 15 48
11 17 24
11 18 31
11 19 10
11 20 34
11 21 51
11 24 47
11 25 9
11 26 8
11 28 2
11 29 69
11 30 66
11 31 49
11 35 20
11 36 27
11 37 67
11 38 23
11 39 17
11 40 63
11 41 68
11 43 57
11 44 6
11 46 62
11 47 12
11 48 37
11 50 41
11 51 11
11 53 61
11 54 35
11 55 19
11 56 54
11 57 30
11 58 0
11 59 43
11 60 55
11 61 64
11 62 45
11 63 65
11 64 56
11 65 28
11 66 59
11 69 3
12 0 51
12 1 50
12 2 46
12 3 41
12 4 45
12 5 60
12 6 9
12 8 26
12 9 34
12 10 64
12 11 56
12 12 2
12 13 1
12 15 37
12 16 12
12 17 36
12 18 54
12 19 48
12 20 53
12 21 62
12 22 32
12 24 30
12 25 25
12 26 3
12 27 19
12 28 27
12 29 17
12 31 65
12 32 47
12 33 8
12 36 35
12 37 58
12 38 22
12 39 69
12 41 67
12 42 59
12 44 49
12 46 42
12 48 40
12 49 21
12 50 14
12 51 61
12 52 39
12 53 11
12 54 4
12 55 15
12 56 33
12 58 6
12 59 24
12 60 44
12 61 63
12 64 18
12 66 55
12 69 29
13 0 19
13 1 59
13 3 61
13 4 12
13 5 41
13 6 67
13 7 23
13 8 31
13 9 48
13 10 20
13 11 36
13 12 64
13 13 21
13 15 30
13 16 8
13 17 26
13 18 18
13 19 25
13 20 65
13 21 24
13 22 27
13 23 54
13 24 6
13 26 15
13 27 62
13 29 11
13 30 0
13 31 44
13 32 32
13 33 16
13 34 40
13 35 22
13 37 1
13 39 42
13 40 51
13 41 13
13 42 7
13 43 34
13 44 9
13 45 35
13 46 37
13 47 39
13 48 66
13 49 5
13 50 43
13 51 4
13 52 38
13 53 47
13 54 3
13 55 50
13 56 56
13 57 63
13 58 55
13 59 49
13 61 2
13 63 28
13 64 69
13 65 46
13 66 14
13 68 60
13 69 53
14 0 60
14 2 56
14 3 14
14 5 64
14 7 7
14 8 33
14 10 15
14 11 34
14 12 35
14 13 36
14 16 30
14 17 38
14 18 51
14 19 45
14 20 13
14 21 6
14 23 25
14 24 1
14 25 28
14 27 11
14 28 29
14 30 16
14 31 41
14 33 32
14 34 43
14 35 62
14 36 20
14 37 42
14 38 4
14 39 8
14 40 68
14 41 59
14 43 40
14 45 48
14 46 47
14 47 24
14 51 0
14 52 69
14 53 3
14 55 22
14 56 2
14 57 66
14 58 19
14 59 12
14 60 5
14 61 46
14 62 10
14 63 37
14 65 55
14 66 21
14 67 17
14 68 54
14 69 49
15 0 58
15 3 13
15 4 31
15 5 24
15 6 17
15 7 61
15 8 0
15 11 37
15 12 62
15 14 21
15 15 32
15 16 55
15 19 29
15 20 41
15 23 66
15 24 8
15 25 69
15 26 40
15 27 18
15 28 43
15 29 35
15 30 27
15 31 47
15 32 33
15 33 53
15 35 16
15 36 65
15 37 57
15 38 26
15 40 67
15 42 46
15 43 42
15 45 10
15 47 48
15 48 11
15 49 15
15 51 64
15 52 22
15 53 6
15 54 34
15 55 2
15 56 3
15 57 45
15 58 20
15 61 60
15 62 38
15 63 19
15 64 9
15 65 12
15 66 63
15 68 1
16 0 28
16 1 31
16 2 32
16 3 57
16 4 39
16 5 37
16 7 20
16 8 67
16 9 23
16 10 19
16 11 61
16 12 24
16 13 44
16 15 33
16 16 35
16 17 42
16 18 58
16 19 56
16 20 64
16 21 4
16 22 60
16 23 29
16 24 3
16 25 65
16 26 6
16 27 66
16 28 69
16 29 21
16 30 51
16 32 14
16 33 11
16 34 50
16 37 45
16 38 13
16 39 27
16 40 16
16 41 0
16 42 68
16 44 10
16 45 22
16 46 34
16 48 36
16 49 54
16 50 15
16 51 49
16 55 63
16 56 9
16 58 53
16 59 62
16 61 12
16 63 55
16 64 30
16 65 2
16 66 46
16 67 26
16 68 52
16 69 48
17 0 5
17 1 6
17 2 63
17 3 62
17 5 59
17 8 39
17 10 30
17 11 14
17 12 41
17 13 28
17 14 46
17 15 35
17 16 10
17 17 66
17 18 55
17 20 21
17 21 40
17 25 11
17 27 53
17 28 18
17 30 20
17 31 23
17 32 17
17 33 12
17 34 19
17 35 33
17 36 26
17 37 0
17 38 49
17 39 60
17 40 27
17 41 34
17 42 45
17 43 52
17 45 24
17 46 51
17 47 16
17 49 32
17 50 3
17 51 68
17 54 37
17 55 43
17 56 61
17 59 58
17 60 36
17 61 13
17 62 47
17 63 2
17 64 38
17 65 22
17 66 56
17 67 44
17 68 57
17 69 4
18 0 16
18 2 68
18 3 51
18 4 5
18 5 30
18 6 6
18 7 9
18 8 66
18 9 47
18 10 18
18 12 40
18 13 56
18 14 37
18 15 15
18 16 23
18 18 3
18 20 31
18 21 64
18 22 1
18 23 59
18 24 55
18 25 19
18 26 39
18 27 65
18 28 13
18 29 38
18 30 49
18 31 63
18 32 46
18 33 22
18 34 36
18 36 61
18 37 50
18 39 57
18 40 7
18 41 8
18 42 24
18 44 17
18 45 25
18 46 48
18 48 27
18 49 29
18 51 20
18 52 62
18 53 0
18 55 14
18 56 26
18 57 67
18 59 53
18 60 54
18 61 58
18 64 10
18 65 34
18 66 33
18 67 52
18 68 28
19 0 9
19 1 25
19 2 39
19 3 47
19 4 23
19 7 17
19 9 5
19 12 38
19 13 33
19 14 51
19 16 62
19 18 59
19 20 49
19 21 67
19 24 16
19 25 44
19 26 28
19 27 3
19 28 14
19 30 15
19 31 18
19 32 52
19 33 57
19 34 31
19 35 50
19 36 41
19 37 68
19 38 11
19 39 56
19 40 26
19 41 48
19 42 40
19 43 61
19 44 30
19 46 20
19 47 29
19 48 53
19 49 13
19 51 7
19 52 4
19 53 43
19 54 58
19 55 27
19 57 22
19 59 6
19 60 60
19 61 69
19 62 42
19 65 21
19 66 65
19 67 45
19 68 8
19 69 54
20 0 22
20 1 4
20 2 44
20 3 1
20 4 18
20 5 56
20 6 66
20 7 53
20 8 12
20 9 27
20 10 59
20 11 63
20 13 35
20 14 5
20 15 49
20 17 7
20 18 38
20 19 15
20 20 37
20 21 48
20 22 25
20 24 54
20 25 50
20 26 62
20 28 34
20 29 30
20 30 28
20 31 45
20 32 61
20 34 47
20 36 69
20 37 19
20 38 31
20 39 0
20 40 46
20 41 43
20 42 11
20 45 41
20 46 57
20 48 42
20 49 10
20 51 55
20 52 60
20 53 24
20 54 51
20 55 13
20 58 40
20 59 29
20 60 64
20 61 36
20 62 33
20 63 32
20 64 3
20 65 8
20 66 67
20 68 65
20 69 26
21 0 44
21 1 1
21 3 49
21 4 65
21 5 36
21 6 35
21 7 19
21 8 30
21 9 50
21 11 51
21 13 7
21 14 9
21 15 53
21 16 28
21 17 25
21 18 10
21 21 43
21 23 5
21 24 63
21 26 45
21 27 32
21 28 26
21 30 39
21 31 46
21 35 61
21 36 48
21 37 33
21 39 18
21 40 4
21 41 41
21 42 58
21 44 66
21 45 62
21 46 23
21 50 12
21 51 24
21 52 40
21 53 67
21 54 38
21 55 52
21 56 21
21 57 42
21 58 64
21 59 17
21 61 54
21 62 3
21 63 69
21 64 20
21 65 27
21 66 29
21 67 11
21 68 47
21 69 13
22 0 43
22 1 67
22 2 33
22 3 21
22 4 35
22 6 7
22 8 1
22 9 60
22 10 65
22 11 22
22 13 10
22 14 36
22 15 16
22 16 58
22 17 61
22 19 9
22 20 24
22 21 39
22 22 52
22 25 29
22 26 23
22 27 47
22 28 3
22 30 37
22 32 19
22 33 18
22 34 11
22 35 57
22 36 63
22 37 48
22 38 42
22 40 25
22 42 8
22 43 45
22 46 26
22 47 31
22 48 44
22 50 51
22 51 15
22 52 64
22 53 68
22 54 17
22 55 53
22 56 66
22 57 41
22 58 59
22 59 69
22 60 40
22 61 27
22 62 0
22 63 14
22 64 6
22 65 50
22 66 54
22 67 49
22 68 4
23 1 57
23 2 0
23 3 5
23 5 25
23 7 16
23 8 2
23 9 9
23 12 15
23 13 60
23 16 37
23 17 32
23 18 47
23 19 17
23 22 10
23 23 50
23 24 59
23 26 41
23 27 43
23 28 40
23 31 12
23 32 34
23 33 7
23 36 21
23 37 38
23 40 8
23 41 55
23 42 39
23 43 14
23 44 27
23 45 51
23 46 49
23 47 53
23 48 61
23 49 58
23 50 54
23 51 18
23 52 36
23 53 31
23 55 45
23 56 13
23 57 26
23 59 3
23 60 69
23 61 6
23 62 22
23 63 23
23 64 33
23 66 66
23 67 1
23 68 48
23 69 46
24 0 48
24 1 53
24 4 21
24 5 58
24 6 46
24 8 4
24 9 52
24 10 17
24 12 18
24 13 57
24 14 20
24 15 10
24 17 33
24 18 14
24 19 22
24 20 68
24 21 30
24 22 62
24 23 32
24 24 49
24 27 63
24 29 9
24 30 35
24 31 19
24 32 59
24 35 54
24 36 36
24 39 39
24 40 41
24 41 44
24 42 64
24 43 1
24 44 60
24 46 15
24 51 51
24 52 12
24 53 66
24 55 29
24 56 69
24 57 13
24 58 47
24 59 8
24 60 26
24 61 50
24 62 7
24 63 67
24 64 2
24 65 61
24 67 5
24 68 16
24 69 40
25 0 10
25 1 33
25 2 24
25 3 39
25 4 4
25 6 56
25 7 28
25 8 36
25 11 25
25 12 22
25 13 32
25 14 27
25 15 2
25 16 57
25 17 64
25 18 65
25 19 42
25 20 55
25 21 34
25 24 7
25 25 30
25 26 14
25 27 20
25 28 60
25 31 54
25 32 11
25 33 15
25 34 8
25 35 18
25 36 46
25 37 61
25 39 40
25 40 21
25 41 52
25 42 19
25 43 17
25 44 38
25 45 69
25 46 58
25 49 23
25 50 45
25 52 48
25 54 16
25 55 66
25 57 0
25 59 63
25 60 29
25 61 3
25 62 9
25 63 43
25 64 1
25 65 53
25 67 12
25 69 44
26 0 21
26 1 35
26 2 29
26 3 24
26 4 44
26 5 53
26 6 31
26 7 66
26 8 58
26 9 25
26 10 12
26 12 67
26 13 42
26 15 47
26 16 16
26 18 50
26 19 41
26 20 20
26 21 33
26 23 65
26 24 0
26 25 57
26 26 61
26 28 45
26 29 62
26 30 1
26 31 8
26 32 13
26 33 10
26 36 55
26 38 30
26 39 38
26 40 69
26 41 51
26 42 52
26 44 59
26 45 40
26 47 36
26 48 6
26 49 22
26 50 11
26 51 17
26 52 19
26 53 28
26 55 32
26 56 23
26 57 39
26 58 2
26 60 63
26 61 43
26 62 48
26 63 4
26 64 15
26 65 56
26 66 27
26 68 34
26 69 9
27 1 49
27 2 47
27 3 29
27 4 36
27 5 13
27 6 60
27 9 61
27 10 69
27 11 26
27 12 23
27 13 22
27 14 7
27 15 19
27 16 52
27 17 48
27 19 32
27 20 58
27 21 11
27 23 8
27 24 35
27 26 55
27 27 27
27 28 4
27 29 6
27 32 64
27 33 20
27 34 34
27 35 37
27 36 3
27 38 28
27 39 63
27 40 66
27 41 42
27 43 44
27 44 43
27 45 14
27 46 56
27 47 68
27 48 17
27 49 62
27 50 5
27 51 31
27 52 51
27 53 18
27 54 53
27 56 59
27 57 25
27 58 1
27 59 21
27 61 45
27 62 12
27 63 24
27 64 50
27 65 15
27 66 40
27 67 41
27 68 30
28 1 65
28 3 63
28 4 47
28 6 37
28 7 24
28 8 11
28 9 57
28 10 58
28 11 52
28 12 19
28 13 40
28 14 44
28 15 69
28 18 22
28 19 31
28 21 60
28 22 66
28 23 21
28 25 42
28 26 46
28 27 17
28 28 41
28 29 34
28 30 55
28 31 30
28 32 3
28 33 62
28 34 10
28 35 67
28 36 1
28 37 25
28 38 54
28 39 7
28 40 53
28 41 35
28 42 4
28 43 18
28 44 13
28 45 2
28 48 48
28 49 68
28 51 26
28 52 61
28 53 16
28 54 9
28 55 56
28 58 32
28 59 33
28 60 43
28 61 38
28 63 8
28 64 0
28 65 5
28 67 59
28 69 51
29 2 12
29 3 58
29 4 19
29 6 68
29 8 21
29 9 2
29 10 14
29 12 60
29 13 41
29 14 47
29 15 44
29 16 54
29 17 5
29 18 23
29 19 3
29 20 43
29 21 18
29 22 34
29 23 52
29 25 40
29 26 20
29 27 24
29 29 33
29 30 36
29 32 9
29 34 6
29 35 63
29 37 69
29 38 0
29 39 22
29 40 49
29 41 46
29 42 27
29 43 65
29 44 39
29 45 66
29 46 13
29 47 59
29 49 26
29 50 7
29 51 45
29 52 37
29 54 1
29 55 30
29 56 55
29 57 35
29 59 51
29 60 67
29 61 53
29 63 56
29 64 62
29 65 29
29 67 10
29 68 38
29 69 31
30 0 69
30 1 62
30 2 10
30 3 23
30 4 22
30 5 19
30 6 34
30 8 9
30 9 45
30 10 25
30 11 5
30 12 11
30 13 13
30 15 66
30 16 36
30 18 21
30 19 26
30 20 12
30 23 6
30 24 56
30 25 15
30 26 52
30 27 37
30 28 46
30 29 48
30 30 7
30 32 67
30 33 60
30 34 65
30 35 40
30 36 42
30 37 28
30 38 32
30 39 2
30 40 24
30 43 38
30 44 53
30 45 47
30 46 0
30 47 64
30 49 41
30 50 29
30 51 1
30 53 30
30 54 20
30 55 59
30 56 18
30 57 4
30 58 31
30 59 16
30 60 50
30 61 57
30 62 61
30 63 27
30 64 44
30 65 58
30 66 43
30 67 55
30 68 39
30 69 33
31 0 64
31 1 19
31 2 41
31 3 31
31 5 29
31 6 22
31 7 25
31 9 56
31 11 49
31 12 68
31 13 9
31 14 3
31 15 54
31 16 11
31 17 18
31 18 57
31 19 59
31 20 66
31 21 7
31 23 17
31 24 53
31 26 43
31 27 10
31 29 37
31 30 8
31 31 32
31 32 5
31 34 1
31 35 48
31 36 14
31 37 35
31 38 24
31 39 12
31 40 28
31 41 4
31 42 38
31 43 60
31 44 45
31 45 0
31 46 30
31 47 27
31 49 20
31 50 50
31 51 46
31 53 55
31 54 67
31 55 51
31 56 42
31 57 58
31 58 63
31 59 40
31 60 21
31 62 39
31 63 47
31 64 65
31 65 13
31 66 26
31 67 61
31 68 36
31 69 69
32 0 50
32 2 4
32 3 9
32 4 48
32 6 39
32 7 34
32 8 24
32 10 31
32 12 63
32 13 68
32 14 57
32 15 21
32 16 41
32 17 40
32 18 26
32 20 3
32 21 22
32 22 29
32 24 20
32 25 38
32 27 67
32 28 49
32 29 53
32 30 60
32 32 42
32 33 19
32 34 0
32 35 17
32 36 5
32 38 69
32 40 18
32 42 61
32 43 54
32 44 55
32 46 8
32 48 35
32 49 1
32 50 62
32 51 28
32 52 65
32 53 37
32 55 6
32 56 44
32 57 52
32 58 14
32 59 27
32 61 15
32 62 23
32 63 10
32 64 58
32 65 16
32 66 45
32 67 33
32 68 12
32 69 47
33 2 17
33 3 43
33 4 41
33 5 51
33 6 50
33 7 10
33 8 49
33 9 37
33 10 54
33 11 48
33 12 36
33 13 34
33 14 63
33 15 4
33 16 25
33 17 12
33 18 9
33 19 65
33 20 7
33 22 22
33 24 28
33 25 2
33 26 5
33 27 31
33 28 57
33 29 27
33 30 45
33 31 1
33 33 67
33 34 32
33 36 56
33 37 59
33 38 53
33 39 66
33 40 60
33 41 24
33 42 69
33 43 0
33 45 55
33 46 6
33 47 21
33 48 16
33 49 18
33 50 23
33 51 40
33 52 15
33 53 52
33 54 30
33 55 47
33 56 64
33 57 38
33 58 33
33 59 61
33 60 68
33 61 62
33 62 13
33 63 58
33 64 39
33 65 20
33 66 19
33 67 8
33 68 46
33 69 11
34 0 2
34 1 51
34 2 64
34 3 12
34 4 3
34 5 22
34 6 42
34 7 49
34 8 35
34 9 54
34 10 29
34 11 18
34 12 7
34 13 59
34 14 39
34 15 0
34 16 46
34 17 14
34 18 4
34 20 52
34 21 15
34 24 17
34 25 37
34 26 19
34 27 69
34 28 33
34 29 61
34 31 40
34 32 55
34 33 27
34 34 48
34 35 43
34 36 58
34 37 60
34 38 6
34 39 45
34 40 56
34 41 47
34 42 23
34 43 20
34 44 57
34 45 32
34 46 65
34 48 38
34 49 53
34 50 9
34 51 30
34 53 10
34 54 24
34 56 34
34 57 11
34 58 25
34 59 26
34 61 31
34 63 21
34 64 5
34 65 1
34 66 68
34 67 62
34 68 63
35 1 13
35 2 58
35 3 66
35 4 8
35 5 26
35 6 59
35 8 44
35 9 41
35 11 10
35 12 46
35 13 61
35 14 14
35 16 60
35 17 39
35 19 34
35 20 42
35 21 28
35 22 51
35 23 68
35 25 54
35 26 1
35 27 49
35 28 55
35 30 52
35 31 43
35 32 25
35 33 9
35 35 6
35 36 16
35 37 20
35 38 48
35 39 23
35 40 5
35 41 62
35 42 56
35 43 30
35 44 7
35 45 19
35 46 27
35 48 24
35 50 37
35 51 50
35 52 63
35 53 65
35 54 18
35 55 57
35 56 53
35 57 33
35 58 17
35 60 47
35 61 22
35 62 36
35 64 21
35 65 31
35 67 4
35 68 45
35 69 0
36 0 36
36 1 15
36 2 7
36 3 3
36 4 64
36 5 28
36 6 14
36 7 54
36 8 46
36 10 39
36 11 24
36 12 69
36 14 32
36 15 31
36 16 29
36 18 1
36 20 25
36 21 49
36 23 10
36 24 4
36 26 56
36 27 59
36 29 40
36 30 22
36 31 2
36 32 23
36 34 13
36 35 35
36 36 34
36 37 30
36 38 9
36 39 53
36 40 6
36 41 12
36 42 17
36 43 11
36 45 44
36 47 42
36 48 33
36 49 45
36 50 57
36 51 43
36 53 41
36 54 55
36 55 20
36 56 0
36 57 62
36 58 60
36 60 8
36 61 48
36 63 18
36 64 27
36 66 61
36 68 67
37 0 24
37 1 29
37 4 7
37 6 2
37 8 69
37 9 31
37 11 28
37 12 26
37 13 66
37 16 22
37 19 55
37 20 40
37 21 37
37 22 61
37 26 34
37 27 15
37 30 12
37 31 0
37 32 41
37 33 50
37 34 54
37 35 23
37 36 25
37 37 39
37 41 10
37 42 33
37 43 49
37 44 18
37 45 8
37 47 47
37 48 68
37 49 42
37 50 30
37 51 58
37 52 3
37 53 21
37 54 13
37 55 38
37 56 16
37 57 17
37 58 27
37 59 45
37 60 6
37 61 4
37 62 52
37 63 11
37 64 14
37 66 32
37 67 64
37 68 5
37 69 59
38 3 54
38 5 33
38 7 27
38 8 52
38 9 69
38 10 61
38 12 47
38 13 17
38 14 55
38 16 4
38 17 3
38 18 5
38 19 24
38 20 30
38 21 31
38 22 11
38 23 53
38 25 59
38 26 12
38 27 48
38 28 62
38 29 14
38 32 18
38 33 37
38 34 41
38 35 26
38 36 43
38 38 63
38 39 36
38 40 34
38 41 38
38 42 15
38 44 46
38 45 7
38 46 66
38 47 51
38 48 50
38 50 58
38 53 56
38 54 44
38 55 42
38 58 39
38 59 2
38 60 13
38 61 68
38 62 6
38 63 9
38 64 49
38 68 23
39 0 68
39 1 56
39 2 38
39 3 60
39 4 10
39 5 23
39 7 59
39 8 50
39 9 29
39 10 32
39 11 7
39 13 51
39 14 34
39 15 17
39 17 1
39 18 6
39 19 18
39 20 45
39 21 9
39 22 36
39 23 11
39 24 44
39 25 43
39 26 16
39 27 35
39 28 22
39 29 8
39 30 61
39 32 27
39 33 69
39 36 0
39 37 15
39 38 66
39 39 55
39 40 33
39 41 3
39 42 57
39 43 21
39 44 40
39 45 49
39 46 39
39 47 54
39 48 46
39 49 4
39 51 13
39 52 28
39 53 42
39 54 26
39 56 52
39 57 48
39 58 30
39 59 67
39 61 41
39 62 63
39 63 64
39 65 25
39 66 12
39 67 53
39 69 62
40 0 11
40 1 27
40 2 36
40 3 69
40 4 37
40 5 61
40 7 52
40 8 13
40 9 40
40 10 21
40 11 6
40 12 54
40 13 19
40 14 2
40 16 64
40 17 58
40 18 7
40 19 67
40 20 51
40 21 57
40 23 4
40 24 22
40 25 16
40 26 48
40 27 8
40 29 66
40 30 41
40 31 68
40 32 62
40 33 43
40 34 33
40 35 53
40 36 9
40 37 14
40 38 46
40 39 47
40 40 38
40 41 15
40 42 49
40 45 31
40 46 28
40 47 60
40 48 12
40 50 20
40 51 39
40 52 10
40 54 23
40 55 18
40 56 65
40 57 56
40 58 45
40 59 1
40 60 34
40 61 59
40 62 35
40 63 5
40 64 42
40 65 30
40 66 44
40 67 24
41 0 63
41 2 49
41 3 25
41 4 56
41 5 27
41 8 37
41 9 12
41 10 43
41 11 1
41 12 20
41 14 11
41 15 8
41 16 33
41 17 52
41 18 0
41 20 54
41 21 35
41 22 24
41 23 16
41 24 31
41 25 36
41 26 64
41 27 29
41 30 34
41 31 48
41 32 30
41 34 61
41 35 59
41 36 6
41 37 47
41 38 41
41 41 14
41 42 13
41 43 69
41 44 62
41 46 53
41 48 22
41 50 38
41 51 2
41 53 40
41 54 7
41 55 67
41 60 51
41 62 26
41 63 50
41 66 60
41 67 46
41 69 18
42 0 67
42 1 22
42 2 5
42 3 40
42 4 43
42 5 32
42 6 54
42 8 10
42 9 68
42 10 6
42 11 2
42 12 13
42 13 65
42 14 19
42 15 58
42 16 59
42 18 25
42 19 38
42 20 11
42 21 50
42 22 35
42 23 41
42 24 39
42 25 20
42 29 57
42 30 3
42 31 7
42 32 12
42 33 29
42 34 30
42 35 36
42 37 49
42 38 1
42 39 52
42 40 47
42 41 23
42 42 26
42 43 48
42 45 16
42 46 69
42 47 62
42 48 60
42 50 34
42 51 63
42 52 56
42 54 31
42 55 61
42 58 66
42 60 46
42 61 17
42 63 53
42 64 28
42 65 64
42 67 21
42 68 33
43 0 35
43 1 28
43 2 50
43 3 32
43 5 20
43 6 8
43 7 43
43 9 44
43 12 58
43 13 18
43 14 53
43 15 56
43 16 49
43 17 54
43 19 6
43 20 27
43 21 38
43 22 46
43 23 60
43 24 41
43 25 13
43 26 29
43 28 1
43 29 10
43 31 52
43 32 51
43 33 40
43 34 66
43 35 3
43 36 22
43 38 2
43 39 26
43 40 45
43 41 5
43 43 63
43 45 59
43 46 9
43 47 4
43 48 39
43 49 17
43 50 61
43 51 65
43 52 14
43 53 64
43 54 68
43 55 48
43 56 47
43 57 31
43 58 23
43 62 21
43 63 7
43 64 19
43 65 62
43 66 24
43 68 69
43 69 67
44 1 23
44 2 37
44 3 64
44 4 16
44 5 43
44 6 38
44 7 35
44 8 3
44 10 40
44 11 59
44 12 44
44 13 52
44 14 12
44 15 28
44 16 47
44 17 8
44 18 20
44 19 36
44 23 22
44 24 61
44 25 58
44 26 50
44 28 66
44 29 31
44 30 29
44 31 39
44 32 7
44 33 41
44 34 27
44 35 24
44 36 15
44 37 9
44 38 68
44 41 69
44 42 55
44 43 33
44 44 51
44 45 4
44 46 25
44 47 30
44 48 21
44 49 57
44 50 0
44 51 19
44 52 49
44 54 65
44 55 46
44 56 63
44 58 5
44 59 60
44 60 11
44 61 34
44 62 67
44 63 6
44 64 54
44 65 14
44 67 48
44 68 17
44 69 2
45 0 14
45 1 30
45 2 54
45 3 16
45 4 58
45 5 46
45 6 36
45 7 15
45 8 40
45 9 66
45 13 48
45 14 59
45 15 5
45 17 69
45 18 27
45 20 0
45 21 63
45 22 43
45 25 41
45 26 47
45 27 60
45 28 21
45 29 20
45 30 33
45 31 11
45 32 2
45 34 55
45 35 56
45 36 52
45 39 1
45 40 44
45 41 26
45 42 65
45 44 22
45 46 3
45 47 32
45 48 29
45 50 67
45 51 34
45 52 6
45 53 50
45 54 25
45 55 35
45 56 4
45 57 28
45 58 68
45 59 42
45 60 31
45 62 64
45 63 17
45 65 49
45 67 18
45 68 10
45 69 45
46 0 23
46 2 18
46 3 42
46 4 54
46 5 48
46 6 41
46 7 1
46 8 6
46 9 4
46 10 0
46 11 44
46 13 58
46 14 69
46 15 29
46 16 31
46 17 59
46 18 60
46 19 28
46 20 10
46 22 55
46 23 40
46 25 24
46 26 37
46 27 14
46 28 50
46 29 45
46 30 65
46 31 21
46 32 22
46 33 33
46 34 12
46 35 5
46 36 47
46 37 17
46 38 62
46 39 64
46 40 2
46 42 25
46 43 51
46 44 63
46 45 3
46 46 11
46 47 26
46 48 56
46 50 16
46 51 9
46 52 30
46 53 39
46 54 8
46 55 49
46 56 19
46 57 15
46 58 34
46 59 57
46 60 27
46 61 20
46 62 46
46 63 13
46 64 43
46 66 52
46 67 38
46 68 53
46 69 35
47 0 46
47 1 68
47 2 27
47 3 33
47 4 38
47 5 10
47 6 61
47 7 60
47 9 1
47 10 42
47 11 50
47 12 4
47 14 0
47 15 59
47 16 13
47 17 22
47 18 44
47 19 11
47 20 28
47 23 48
47 25 49
47 27 45
47 28 65
47 30 43
47 31 53
47 32 8
47 33 35
47 35 39
47 36 51
47 37 66
47 38 21
47 39 29
47 40 3
47 42 20
47 43 25
47 44 24
47 45 37
47 46 14
47 47 15
47 48 47
47 49 63
47 50 64
47 52 54
47 53 12
47 54 56
47 57 23
47 58 52
47 59 34
47 60 17
47 61 40
47 62 69
47 63 30
47 65 6
47 66 41
47 67 2
47 68 19
47 69 5
48 1 45
48 2 67
48 3 50
48 4 14
48 5 69
48 6 20
48 7 5
48 8 48
48 9 24
48 10 51
48 12 9
48 13 43
48 15 61
48 16 53
48 17 37
48 18 40
48 20 59
48 21 29
48 22 16
48 23 33
48 24 13
48 25 8
48 26 7
48 27 30
48 28 64
48 29 49
48 30 46
48 31 38
48 32 63
48 34 56
48 35 65
48 36 2
48 38 34
48 39 11
48 41 27
48 42 28
48 43 4
48 44 12
48 45 52
48 46 32
48 48 0
48 50 68
48 52 1
48 54 10
48 55 44
48 57 21
48 58 57
48 59 22
48 60 62
48 61 66
48 62 55
48 63 26
48 64 35
48 65 36
48 66 25
48 67 3
48 69 19
49 4 20
49 5 44
49 6 15
49 8 41
49 9 55
49 10 23
49 12 27
49 14 52
49 16 69
49 17 6
49 18 34
49 19 63
49 20 36
49 21 25
49 22 59
49 23 28
49 24 2
49 25 5
49 26 32
49 28 17
49 30 47
49 32 58
49 33 30
49 36 31
49 37 62
49 38 45
49 39 65
49 41 18
49 42 60
49 43 67
49 44 19
49 45 21
49 46 29
49 47 50
49 48 64
49 49 14
49 50 42
49 51 16
49 53 13
49 54 12
49 55 39
49 56 38
49 57 43
49 58 7
49 59 11
49 61 33
49 62 56
49 63 54
49 64 8
49 65 10
49 66 57
49 67 35
49 68 0
50 0 47
50 1 2
50 2 42
50 3 11
50 4 0
50 6 49
50 7 37
50 10 22
50 11 19
50 12 6
50 14 13
50 16 65
50 17 17
50 18 62
50 19 54
50 20 23
50 21 20
50 22 30
50 23 64
50 24 57
50 30 44
50 31 27
50 32 39
50 33 48
50 34 69
50 35 31
50 36 10
50 37 53
50 38 16
50 39 15
50 40 43
50 45 61
50 46 4
50 47 52
50 48 26
50 50 59
50 51 60
50 52 32
50 53 46
50 54 66
50 55 40
50 56 50
50 59 68
50 60 38
50 61 55
50 64 29
50 65 24
50 66 36
50 67 9
50 68 3
50 69 7
51 1 41
51 2 31
51 3 22
51 4 46
51 7 55
51 8 20
51 9 14
51 10 66
51 11 38
51 13 24
51 14 62
51 15 36
51 16 40
51 17 9
51 18 53
51 20 6
51 22 12
51 24 27
51 25 68
51 26 59
51 27 7
51 28 37
51 29 13
51 30 69
51 31 42
51 32 54
51 34 39
51 35 51
51 36 32
51 41 2
51 42 35
51 43 16
51 44 11
51 45 58
51 46 19
51 47 57
51 48 49
51 49 28
51 51 25
51 52 33
51 53 5
51 55 26
51 56 45
51 57 50
51 58 56
51 59 30
51 60 23
51 61 61
51 62 1
51 63 60
51 65 65
51 66 34
51 67 47
51 69 21
52 0 6
52 2 2
52 3 44
52 4 53
52 6 69
52 7 39
52 10 36
52 11 30
52 13 20
52 15 46
52 16 19
52 17 47
52 20 32
52 21 58
52 22 56
52 23 49
52 24 15
52 25 0
52 26 57
52 28 61
52 29 16
52 30 23
52 31 13
52 32 29
52 33 28
52 34 5
52 35 64
52 36 45
52 37 22
52 38 67
52 39 43
52 40 48
52 41 21
52 42 10
52 43 27
52 46 50
52 47 65
52 48 25
52 49 12
52 51 35
52 52 17
52 53 54
52 55 34
52 56 68
52 58 3
52 59 41
52 60 4
52 61 7
52 62 62
52 63 38
52 65 33
52 66 37
52 67 51
52 69 60
53 0 34
53 1 40
53 2 48
53 3 20
53 5 63
53 7 64
53 8 19
53 9 32
53 10 28
53 11 31
53 12 37
53 13 25
53 15 3
53 16 38
53 17 57
53 18 52
53 20 46
53 21 69
53 22 23
53 23 56
53 24 60
53 26 33
53 28 30
53 29 5
53 30 18
53 31 22
53 32 43
53 33 1
53 34 15
53 35 49
53 36 12
53 37 8
53 38 17
53 39 35
53 40 9
53 41 45
53 42 41
53 43 53
53 44 47
53 45 29
53 46 55
53 47 14
53 48 10
53 49 0
53 50 2
53 53 51
53 54 6
53 56 27
53 57 7
53 58 21
53 59 44
53 60 39
53 61 65
53 62 54
53 64 36
53 65 68
53 66 50
53 69 61
54 0 59
54 1 60
54 3 19
54 4 32
54 5 42
54 7 6
54 9 16
54 10 38
54 11 8
54 13 47
54 14 56
54 15 13
54 16 7
54 17 43
54 18 17
54 19 35
54 20 33
54 23 58
54 24 26
54 25 31
54 26 44
54 27 9
54 28 39
54 29 46
54 30 64
54 32 49
54 34 68
54 35 34
54 36 30
54 37 41
54 38 27
54 39 5
54 40 29
54 42 22
54 43 10
54 44 37
54 45 18
54 46 63
54 48 69
54 49 2
54 50 65
54 51 21
54 52 55
54 55 54
54 56 67
54 57 20
54 58 12
54 59 50
54 60 66
54 61 25
54 63 48
54 65 45
54 66 51
54 67 14
54 68 15
54 69 23
55 0 15
55 1 26
55 2 35
55 3 67
55 4 27
55 5 17
55 6 63
55 7 65
55 8 51
55 9 53
55 10 9
55 12 33
55 13 38
55 14 4
55 15 25
55 17 28
55 18 19
55 19 46
55 20 8
55 21 47
55 22 64
55 23 3
55 24 14
55 25 52
55 26 11
55 27 68
55 28 56
55 29 12
55 30 6
55 31 29
55 32 50
55 33 61
55 34 42
55 37 21
55 38 5
55 41 60
55 42 43
55 44 16
55 45 34
55 46 54
55 47 40
55 48 45
55 49 39
55 50 69
55 51 32
55 52 66
55 53 22
55 54 2
55 56 31
55 57 49
55 58 58
55 59 48
55 60 59
55 61 44
55 62 30
55 63 36
55 65 18
55 66 62
55 67 0
55 68 20
55 69 10
56 0 41
56 1 44
56 2 34
56 3 52
56 4 42
56 6 11
56 7 36
56 8 43
56 9 46
56 10 55
56 11 33
56 12 49
56 13 12
56 14 25
56 15 40
56 16 3
56 17 68
56 18 37
56 19 21
56 20 60
56 22 13
56 23 69
56 26 63
56 27 50
56 29 24
56 30 38
56 31 17
56 35 29
56 36 67
56 37 4
56 39 61
56 40 22
56 42 14
56 43 47
56 44 48
56 45 1
56 46 10
56 47 56
56 48 28
56 49 16
56 50 66
56 51 5
56 53 20
56 55 9
56 56 35
56 58 26
56 59 18
56 60 65
56 61 30
56 62 32
56 63 0
56 64 51
56 65 59
56 66 7
56 67 31
56 68 64
57 2 6
57 3 8
57 4 60
57 5 52
57 8 34
57 9 49
57 10 2
57 11 21
57 13 11
57 14 28
57 15 7
57 16 66
57 17 20
57 19 62
57 21 45
57 22 48
57 24 29
57 25 61
57 26 58
57 27 33
57 28 53
57 29 26
57 30 42
57 31 10
57 32 1
57 34 63
57 35 27
57 36 54
57 37 24
57 38 39
57 39 37
57 40 57
57 42 0
57 43 13
57 45 50
57 46 68
57 47 3
57 48 18
57 49 35
57 50 4
57 51 47
57 52 43
57 55 23
57 56 36
57 57 46
57 59 56
57 60 22
57 61 5
57 62 44
57 63 41
57 64 59
57 67 40
57 68 9
57 69 32
58 0 7
58 1 16
58 2 9
58 3 35
58 4 17
58 5 68
58 6 1
58 7 21
58 8 5
58 11 54
58 12 57
58 13 50
58 15 23
58 18 61
58 19 44
58 20 38
58 21 27
58 22 31
58 24 52
58 25 53
58 26 60
58 27 46
58 28 8
58 29 47
58 30 48
58 31 26
58 32 37
58 33 63
58 35 4
58 36 40
58 37 56
58 39 14
58 40 36
58 41 39
58 42 18
58 45 42
58 47 13
58 48 67
58 49 66
58 50 28
58 51 69
58 52 11
58 54 33
58 55 64
58 56 30
58 57 29
58 58 62
58 60 3
58 61 32
58 62 51
58 63 12
58 64 41
58 65 0
58 66 20
58 69 24
59 0 66
59 1 3
59 3 34
59 4 62
59 5 47
59 6 51
59 8 54
59 9 63
59 10 24
59 11 40
59 12 28
59 13 4
59 14 50
59 15 42
59 17 44
59 18 49
59 19 60
59 21 2
59 22 9
59 23 61
59 24 33
59 25 1
59 27 41
59 28 68
59 30 56
59 32 16
59 33 45
59 34 46
59 36 13
59 38 29
59 39 6
59 40 10
59 41 36
59 42 5
59 43 37
59 44 32
59 45 27
59 46 22
59 47 20
59 48 19
59 49 48
59 50 8
59 51 12
59 52 18
59 53 53
59 54 39
59 55 17
59 56 57
59 57 69
59 58 11
59 59 0
59 60 14
59 61 35
59 62 65
59 63 59
59 65 52
59 66 23
59 67 30
59 68 55
59 69 43
60 0 31
60 1 37
60 3 0
60 4 51
60 5 14
60 6 18
60 7 56
60 8 25
60 9 21
60 12 30
60 13 16
60 14 38
60 16 45
60 17 60
60 18 29
60 19 40
60 20 50
60 21 41
60 22 49
60 23 42
60 24 58
60 25 10
60 26 68
60 27 6
60 28 15
60 29 64
60 30 5
60 31 20
60 32 24
60 33 59
60 34 23
60 35 1
60 37 13
60 38 36
60 40 55
60 41 54
60 42 32
60 45 9
60 46 52
60 47 67
60 48 2
60 49 33
60 50 17
60 51 53
60 52 57
60 53 34
60 54 48
60 55 7
60 56 43
60 57 27
60 60 12
60 61 28
60 62 4
60 63 61
60 65 35
60 66 69
60 67 39
60 68 44
61 0 29
61 2 30
61 3 55
61 6 10
61 7 63
61 10 16
61 11 42
61 13 2
61 14 15
61 16 0
61 17 13
61 18 35
61 19 27
61 20 47
61 21 46
61 22 4
61 24 48
61 25 66
61 26 54
61 27 28
61 29 52
61 30 26
61 31 57
61 32 45
61 33 56
61 34 64
61 35 68
61 36 49
61 37 5
61 38 38
61 39 25
61 41 1
61 43 32
61 44 31
61 45 60
61 46 41
61 47 37
61 51 33
61 52 59
61 53 44
61 54 21
61 56 39
61 57 24
61 58 43
61 59 23
61 60 18
61 63 22
61 66 17
61 67 50
61 69 8
62 1 63
62 2 40
62 3 4
62 4 11
62 5 34
62 6 19
62 7 31
62 8 45
62 9 20
62 11 65
62 12 17
62 14 30
62 16 42
62 18 12
62 19 7
62 20 5
62 21 14
62 22 15
62 23 43
62 24 37
62 25 35
62 26 69
62 27 51
62 28 47
62 29 23
62 32 26
62 33 25
62 36 29
62 37 46
62 38 3
62 39 9
62 42 62
62 43 55
62 44 2
62 45 56
62 46 67
62 47 44
62 48 8
62 49 59
62 50 18
62 51 38
62 52 13
62 53 57
62 54 61
62 55 10
62 56 22
62 57 16
62 58 24
62 59 64
62 60 1
62 61 39
62 62 60
62 63 33
62 64 32
62 65 48
62 66 0
62 69 41
63 0 27
63 2 45
63 3 28
63 6 0
63 7 26
63 8 17
63 9 43
63 10 63
63 11 53
63 12 8
63 13 39
63 14 66
63 15 9
63 17 67
63 18 33
63 20 19
63 21 10
63 22 65
63 24 69
63 26 30
63 27 64
63 28 59
63 29 22
63 30 21
63 31 55
63 32 6
63 33 13
63 34 35
63 35 41
63 36 18
63 37 31
63 39 34
63 40 40
63 41 37
63 42 3
63 43 58
63 45 15
63 47 5
63 49 11
63 50 48
63 51 14
63 52 16
63 53 4
63 54 36
63 55 25
63 56 46
63 57 68
63 61 42
63 62 57
63 64 52
63 65 60
63 67 29
63 69 56
64 0 49
64 1 52
64 2 3
64 4 69
64 5 57
64 6 55
64 7 41
64 8 68
64 9 0
64 12 51
64 13 64
64 14 18
64 15 20
64 16 6
64 18 63
64 20 16
64 21 5
64 22 28
64 23 23
64 24 10
64 25 33
64 26 25
64 27 58
64 28 11
64 29 36
64 30 50
64 33 34
64 34 67
64 35 7
64 36 39
64 37 26
64 38 56
64 39 24
64 40 35
64 41 32
64 43 59
64 44 4
64 46 43
64 47 22
64 50 1
64 51 29
64 53 62
64 54 46
64 55 37
64 56 14
64 57 9
64 58 48
64 59 19
64 60 53
64 61 21
64 62 40
64 63 45
64 64 17
64 65 47
64 66 15
64 67 27
64 68 61
64 69 65
65 0 38
65 1 34
65 3 59
65 4 63
65 7 50
65 8 56
65 9 62
65 10 44
65 11 39
65 12 48
65 14 60
65 15 67
65 16 27
65 17 41
65 18 16
65 19 49
65 20 4
65 21 26
65 22 20
65 24 5
65 25 12
65 26 17
65 30 58
65 31 28
65 32 15
65 33 24
65 34 52
65 35 55
65 36 68
65 39 54
65 40 11
65 41 64
65 42 53
65 44 33
65 46 46
65 47 1
65 49 69
65 50 40
65 51 66
65 52 21
65 54 22
65 55 0
65 56 6
65 57 32
65 58 10
65 59 14
65 61 47
65 62 2
65 64 61
65 65 43
65 66 30
65 67 25
65 68 35
65 69 37
66 0 57
66 1 39
66 2 13
66 3 7
66 4 9
66 6 16
66 7 30
66 8 29
66 9 35
66 10 1
66 11 62
66 12 59
66 14 23
66 15 18
66 16 21
66 17 56
66 18 67
66 19 61
66 20 2
66 22 47
66 24 19
66 26 10
66 27 40
66 28 48
66 29 41
66 31 3
66 32 69
66 33 0
66 34 49
66 36 24
66 37 64
66 38 44
66 39 33
66 41 25
66 43 43
66 45 6
66 47 38
66 48 51
66 49 50
66 50 46
66 51 22
66 53 27
66 56 12
66 58 37
66 59 55
66 60 42
66 61 52
66 62 58
66 63 34
66 65 63
66 66 5
66 67 32
66 68 68
66 69 14
67 0 13
67 1 42
67 2 8
67 3 37
67 5 21
67 6 3
67 7 40
67 8 53
67 12 12
67 13 69
67 16 67
67 18 30
67 19 47
67 20 22
67 21 1
67 22 54
67 23 34
67 25 18
67 26 51
67 27 38
67 28 35
67 30 2
67 31 9
67 32 10
67 33 58
67 34 17
67 35 15
67 36 59
67 37 27
67 38 25
67 39 16
67 40 14
67 41 33
67 42 31
67 43 66
67 44 26
67 46 45
67 47 11
67 49 24
67 50 36
67 51 52
67 52 5
67 53 32
67 55 62
67 56 7
67 57 44
67 58 49
67 59 20
67 62 28
67 64 46
67 65 4
67 66 48
67 67 65
67 68 56
68 0 8
68 1 61
68 2 28
68 3 10
68 5 16
68 6 13
68 7 51
68 8 63
68 9 26
68 10 46
68 11 29
68 12 5
68 13 53
68 14 45
68 15 55
68 16 68
68 17 19
68 18 48
68 19 20
68 21 65
68 22 21
68 23 37
68 24 66
68 25 39
68 26 27
68 27 34
68 28 9
68 29 4
68 30 40
68 31 69
68 32 56
68 33 64
68 34 38
68 38 33
68 39 44
68 40 59
68 41 6
68 43 15
68 44 23
68 45 57
68 46 12
68 47 7
68 48 52
68 49 49
68 51 41
68 52 67
68 53 60
68 54 42
68 55 36
68 56 1
68 57 14
68 58 22
68 59 32
68 60 24
68 62 11
68 64 25
68 65 54
68 66 31
68 67 43
68 68 58
68 69 50
69 0 65
69 1 0
69 2 66
69 3 6
69 6 24
69 7 47
69 8 7
69 9 64
69 10 67
69 11 17
69 12 32
69 14 43
69 15 60
69 17 29
69 18 69
69 20 44
69 22 41
69 23 31
69 24 11
69 25 27
69 26 21
69 27 54
69 29 18
69 30 62
69 31 16
69 32 20
69 33 55
69 34 22
69 38 35
69 39 58
69 40 23
69 41 53
69 43 28
69 44 1
69 45 46
69 46 33
69 48 59
69 49 30
69 50 39
69 52 45
69 53 36
69 54 49
69 55 68
69 56 8
69 57 61
69 58 42
69 59 52
69 60 15
69 61 10
69 62 5
69 63 57
69 64 40
69 65 3
69 66 2
69 67 63
69 69 38
