70
0 0 69
0 6 38
0 11 11
0 19 21
0 20 16
0 30 7
0 31 53
0 33 61
0 35 68
0 39 62
0 43 17
0 54 8
0 56 43
0 58 40
0 60 18
1 3 55
1 4 47
1 8 37
1 9 12
1 10 44
1 12 60
1 13 15
1 14 17
1 16 38
1 25 58
1 26 61
1 30 13
1 31 32
1 35 25
1 36 63
1 37 31
1 39 52
1 43 9
1 48 7
1 50 10
1 52 8
1 53 42
1 56 6
1 59 14
1 63 54
1 66 35
1 67 48
1 69 2
2 4 58
2 8 66
2 9 30
2 10 53
2 11 3
2 17 60
2 18 4
2 21 57
2 25 8
2 27 17
2 30 32
2 33 35
2 39 49
2 40 20
2 42 44
2 46 56
2 52 25
2 53 23
2 56 19
2 59 64
2 63 46
2 66 9
2 68 13
3 0 3
3 5 34
3 6 15
3 7 22
3 8 38
3 13 6
3 14 37
3 15 23
3 19 10
3 20 17
3 21 24
3 32 57
3 33 5
3 34 36
3 40 28
3 49 19
3 53 33
3 54 44
3 55 2
3 60 59
3 61 7
3 63 14
3 64 68
3 66 21
4 1 24
4 4 27
4 6 43
4 13 63
4 14 34
4 18 45
4 26 66
4 32 9
4 35 29
4 37 61
4 44 14
4 45 39
4 48 16
4 50 18
4 59 67
4 61 33
4 68 60
4 69 47
5 0 34
5 7 18
5 11 63
5 15 2
5 21 14
5 22 31
5 23 10
5 25 0
5 28 47
5 30 65
5 44 45
5 51 26
5 56 59
5 60 29
5 61 24
5 62 30
5 63 35
5 64 53
5 69 40
6 3 23
6 6 13
6 10 12
6 14 47
6 18 15
6 24 60
6 26 28
6 28 38
6 34 33
6 36 56
6 41 14
6 42 67
6 43 30
6 46 59
6 47 65
6 50 21
6 51 3
6 52 68
6 57 51
6 62 24
6 67 11
7 0 19
7 3 6
7 12 44
7 14 41
7 18 11
7 19 22
7 34 31
7 35 48
7 36 17
7 37 29
7 40 24
7 41 58
7 43 65
7 49 66
7 52 20
7 57 12
7 59 33
7 62 50
7 65 10
7 66 69
7 69 1
8 4 45
8 7 55
8 18 22
8 19 58
8 27 37
8 28 41
8 30 34
8 33 12
8 37 33
8 42 6
8 46 29
8 48 8
8 57 13
8 58 30
8 63 64
8 65 62
8 67 51
9 1 41
9 3 68
9 6 7
9 7 28
9 9 34
9 11 42
9 12 62
9 17 65
9 18 55
9 26 67
9 31 26
9 33 45
9 34 2
9 35 63
9 38 10
9 40 57
9 43 23
9 54 37
9 56 30
9 57 18
10 0 36
10 2 22
10 7 46
10 10 33
10 11 39
10 13 18
10 14 55
10 15 6
10 16 61
10 17 66
10 20 57
10 21 53
10 22 52
10 23 69
10 25 47
10 31 1
10 33 32
10 35 38
10 42 51
10 49 29
10 59 54
10 63 0
10 64 48
10 65 3
10 66 10
10 69 9
11 1 35
11 3 19
11 4 67
11 8 40
11 14 44
11 17 5
11 18 66
11 30 62
11 33 42
11 35 46
11 36 54
11 37 55
11 38 43
11 48 3
11 49 6
11 52 37
11 53 7
11 57 32
11 58 27
11 59 38
11 60 20
11 61 48
11 62 1
11 64 28
11 65 47
11 66 36
12 5 60
12 14 16
12 18 14
12 23 39
12 31 5
12 32 47
12 35 26
12 38 28
12 40 4
12 42 50
12 50 37
12 52 11
12 53 56
12 54 15
12 56 13
12 57 63
12 60 51
12 63 52
12 67 7
13 5 28
13 13 23
13 22 64
13 25 50
13 33 19
13 42 24
13 52 1
13 53 32
13 54 57
13 61 4
13 63 43
13 67 54
13 68 55
13 69 41
14 0 13
14 2 4
14 4 23
14 8 11
14 20 36
14 21 39
14 22 65
14 23 62
14 24 38
14 26 32
14 29 34
14 33 69
14 34 40
14 37 45
14 39 30
14 42 64
14 43 22
14 46 35
14 47 46
14 48 68
14 49 28
14 51 54
14 56 15
14 57 50
14 58 0
14 62 59
14 63 27
14 69 7
15 9 9
15 10 38
15 18 19
15 19 55
15 25 33
15 26 50
15 32 3
15 33 54
15 34 63
15 35 61
15 36 31
15 37 18
15 38 64
15 39 24
15 42 65
15 43 62
15 44 13
15 47 69
15 53 14
15 54 2
15 55 49
15 60 44
15 61 34
16 2 10
16 3 34
16 12 14
16 14 9
16 17 40
16 24 6
16 27 67
16 32 20
16 39 11
16 40 8
16 43 5
16 48 56
16 50 41
16 51 44
16 56 27
16 62 48
16 63 32
16 64 12
16 67 57
16 68 39
17 1 1
17 3 59
17 6 55
17 14 12
17 22 45
17 23 0
17 30 31
17 33 50
17 36 65
17 37 52
17 38 5
17 44 28
17 46 43
17 47 34
17 51 20
17 55 66
17 56 8
17 57 64
17 60 67
17 62 53
17 68 37
17 69 35
18 6 20
18 9 15
18 10 43
18 12 18
18 15 32
18 18 56
18 21 22
18 28 4
18 30 29
18 32 55
18 33 7
18 36 47
18 44 53
18 56 69
18 67 19
19 0 65
19 1 33
19 4 48
19 7 16
19 10 39
19 12 12
19 14 36
19 17 4
19 22 0
19 24 2
19 26 26
19 31 24
19 33 14
19 36 37
19 38 45
19 45 28
19 46 3
19 49 7
19 50 9
19 51 5
19 52 38
19 54 67
19 57 60
19 62 43
19 64 69
19 65 46
20 3 39
20 4 1
20 6 66
20 27 18
20 30 28
20 33 58
20 34 41
20 41 52
20 42 27
20 43 24
20 44 46
20 46 53
20 52 61
20 60 56
20 61 43
21 7 48
21 9 40
21 12 35
21 21 33
21 22 34
21 30 14
21 31 64
21 32 23
21 35 10
21 39 27
21 42 37
21 46 44
21 51 13
21 52 60
21 56 51
21 59 4
21 63 68
21 64 29
21 65 22
22 1 66
22 3 35
22 4 8
22 5 36
22 6 5
22 8 64
22 9 19
22 10 23
22 11 7
22 15 68
22 18 61
22 20 28
22 27 63
22 29 31
22 32 48
22 36 24
22 37 32
22 40 13
22 45 55
22 49 54
22 51 42
22 56 37
22 59 41
22 66 65
22 67 38
22 68 30
22 69 49
23 4 33
23 7 26
23 10 32
23 12 67
23 20 58
23 21 29
23 24 15
23 27 9
23 32 2
23 34 4
23 41 22
23 43 44
23 48 1
23 50 13
23 56 63
23 58 51
23 60 55
23 61 35
23 67 52
23 69 65
24 2 37
24 3 46
24 8 50
24 12 48
24 15 69
24 17 13
24 18 51
24 20 32
24 21 36
24 22 35
24 28 1
24 32 56
24 34 60
24 37 8
24 38 14
24 47 6
24 50 54
24 54 24
24 57 59
24 59 19
24 61 67
24 62 16
25 1 12
25 4 2
25 6 46
25 7 38
25 10 41
25 13 45
25 14 52
25 18 65
25 23 30
25 31 14
25 32 5
25 34 39
25 38 59
25 39 7
25 40 50
25 41 49
25 49 58
25 50 8
25 53 37
25 58 66
25 64 10
26 3 50
26 4 14
26 5 62
26 6 49
26 8 2
26 9 47
26 12 68
26 20 41
26 25 38
26 32 10
26 38 55
26 41 25
26 47 39
26 51 12
26 53 5
26 56 1
26 58 63
26 66 8
26 68 22
27 2 63
27 7 9
27 13 21
27 19 57
27 20 39
27 24 8
27 29 66
27 36 16
27 39 65
27 46 6
27 48 0
27 50 51
27 54 19
27 55 7
27 61 42
27 63 37
27 66 67
28 2 2
28 5 16
28 9 60
28 12 32
28 14 63
28 15 38
28 18 39
28 30 49
28 31 42
28 34 53
28 41 30
28 42 61
28 51 47
28 52 22
28 53 57
28 54 46
28 56 9
28 58 3
28 63 8
28 64 24
28 65 59
28 69 28
29 0 38
29 2 27
29 3 61
29 4 36
29 13 14
29 17 55
29 21 11
29 22 37
29 23 24
29 30 63
29 35 59
29 46 21
29 54 25
29 55 32
29 61 10
29 67 39
29 69 22
30 3 57
30 4 20
30 9 58
30 11 8
30 13 31
30 17 32
30 20 44
30 24 29
30 25 35
30 27 14
30 34 47
30 36 22
30 37 27
30 39 51
30 43 18
30 44 43
30 45 2
30 51 19
30 55 55
30 60 48
30 61 15
30 62 10
30 66 13
30 67 34
31 3 11
31 4 34
31 5 1
31 10 7
31 13 2
31 16 22
31 18 67
31 21 32
31 27 33
31 28 46
31 31 60
31 38 4
31 42 5
31 43 69
31 45 52
31 46 41
31 47 58
31 48 9
31 50 35
31 55 42
31 57 65
31 58 19
31 60 6
31 61 55
32 0 55
32 1 58
32 6 57
32 14 7
32 20 37
32 22 29
32 23 4
32 24 41
32 26 64
32 27 66
32 30 5
32 37 56
32 38 61
32 40 9
32 41 19
32 49 30
32 52 13
32 53 48
32 59 60
32 66 34
32 69 11
33 1 22
33 2 49
33 3 18
33 12 43
33 16 13
33 19 59
33 22 55
33 28 65
33 36 45
33 37 30
33 39 15
33 44 19
33 55 8
33 57 47
33 65 11
33 67 5
34 1 40
34 3 43
34 6 19
34 8 65
34 12 4
34 16 68
34 20 5
34 26 8
34 32 64
34 33 2
34 36 67
34 40 54
34 43 20
34 45 17
34 50 53
34 51 7
34 52 46
34 54 26
34 56 47
34 61 16
34 63 6
34 64 52
34 66 30
34 67 28
34 68 11
34 69 55
35 2 34
35 3 28
35 8 51
35 9 13
35 10 15
35 11 46
35 15 16
35 18 24
35 20 53
35 21 56
35 23 1
35 30 58
35 32 59
35 38 60
35 41 27
35 42 26
35 47 41
35 50 64
35 54 22
35 56 48
35 58 57
35 61 66
35 62 23
35 65 43
36 3 22
36 4 63
36 13 16
36 18 32
36 23 28
36 24 55
36 28 5
36 29 58
36 31 57
36 38 51
36 44 65
36 46 61
36 50 19
36 51 9
36 52 66
36 55 6
36 56 31
36 60 12
36 66 37
36 67 60
37 5 29
37 6 53
37 7 65
37 8 21
37 10 45
37 11 55
37 12 66
37 13 38
37 18 13
37 23 8
37 29 50
37 35 28
37 36 58
37 37 9
37 41 18
37 43 1
37 45 27
37 46 5
37 51 48
37 52 19
37 56 36
37 60 7
38 0 35
38 1 27
38 3 53
38 4 10
38 8 8
38 14 23
38 18 12
38 19 15
38 20 24
38 22 61
38 31 22
38 33 49
38 37 41
38 41 26
38 43 14
38 46 45
38 48 50
38 49 13
38 51 17
38 57 16
38 59 51
38 61 44
38 62 55
38 63 25
38 64 30
38 66 47
38 68 28
38 69 42
39 3 7
39 4 43
39 5 32
39 7 52
39 12 6
39 16 65
39 19 39
39 22 28
39 24 24
39 34 13
39 38 20
39 40 64
39 44 10
39 46 0
39 49 2
39 58 58
39 63 40
39 64 60
39 65 33
39 67 4
40 4 11
40 5 41
40 8 25
40 11 43
40 14 31
40 18 40
40 24 45
40 30 50
40 31 19
40 32 39
40 33 68
40 37 38
40 41 69
40 47 52
40 51 28
40 52 47
40 54 6
40 61 2
40 62 34
40 65 29
40 67 12
40 68 5
40 69 33
41 3 44
41 8 56
41 10 60
41 11 34
41 12 55
41 13 49
41 16 16
41 22 48
41 29 18
41 32 19
41 34 10
41 37 24
41 38 31
41 39 69
41 42 8
41 47 32
41 51 37
41 52 2
41 53 61
41 56 54
41 66 51
42 2 68
42 7 32
42 10 49
42 18 31
42 19 9
42 22 8
42 25 59
42 27 6
42 28 12
42 29 23
42 30 41
42 31 27
42 33 13
42 34 67
42 37 15
42 42 56
42 43 35
42 49 11
42 51 65
42 54 34
42 58 1
42 59 55
42 60 37
42 63 20
42 66 54
42 69 19
43 0 15
43 10 28
43 20 35
43 22 53
43 23 23
43 36 66
43 38 42
43 39 31
43 40 49
43 44 69
43 48 57
43 60 22
43 63 50
43 66 26
43 68 14
43 69 8
44 2 33
44 10 24
44 15 34
44 21 17
44 22 54
44 24 59
44 25 30
44 27 53
44 31 13
44 32 21
44 34 6
44 36 46
44 37 69
44 45 23
44 50 38
44 55 35
44 56 18
44 60 61
44 62 29
44 63 41
44 65 31
44 68 15
44 69 48
45 4 5
45 10 37
45 17 28
45 19 65
45 20 31
45 22 24
45 27 41
45 29 16
45 32 18
45 36 64
45 39 40
45 40 60
45 42 23
45 43 67
45 44 12
45 45 6
45 49 1
45 51 29
45 53 34
45 54 42
45 58 4
45 63 69
45 66 53
46 2 8
46 6 61
46 7 10
46 11 23
46 12 20
46 16 45
46 17 41
46 22 63
46 23 26
46 31 6
46 35 39
46 38 47
46 42 13
46 43 28
46 46 18
46 50 12
46 56 65
46 57 30
46 68 34
47 0 63
47 1 54
47 6 22
47 7 25
47 10 18
47 11 28
47 12 50
47 19 30
47 20 61
47 24 32
47 25 43
47 32 38
47 34 56
47 43 0
47 48 29
47 49 46
47 53 21
47 54 62
47 56 67
47 57 41
47 58 65
47 60 68
47 61 53
47 65 7
48 0 10
48 5 43
48 14 50
48 15 66
48 19 41
48 23 13
48 30 33
48 31 17
48 44 5
48 47 23
48 48 27
48 50 57
48 58 2
48 63 45
48 68 63
48 69 32
49 5 14
49 6 65
49 8 69
49 10 31
49 11 45
49 13 17
49 14 0
49 17 9
49 22 43
49 25 11
49 29 7
49 30 54
49 32 60
49 33 25
49 35 53
49 43 4
49 47 30
49 50 61
49 51 15
49 52 39
49 61 20
49 62 8
49 65 67
49 67 56
49 68 41
50 0 6
50 7 1
50 10 14
50 13 56
50 16 17
50 17 11
50 23 27
50 24 51
50 29 61
50 31 12
50 33 29
50 40 37
50 44 62
50 49 44
50 51 18
50 55 65
50 56 41
50 57 57
50 58 49
50 62 31
50 63 60
50 64 22
51 2 54
51 3 0
51 9 55
51 11 1
51 13 59
51 14 3
51 16 15
51 17 62
51 22 51
51 26 13
51 27 8
51 29 9
51 30 46
51 34 19
51 41 4
51 42 10
51 44 64
51 49 68
51 50 24
51 54 38
51 58 16
51 62 12
51 66 48
51 69 34
52 0 7
52 2 55
52 5 44
52 9 53
52 15 3
52 17 68
52 24 49
52 26 5
52 27 34
52 29 57
52 31 43
52 33 9
52 36 32
52 38 37
52 45 51
52 49 61
52 52 29
52 54 10
52 55 54
52 58 31
52 64 50
53 5 37
53 8 63
53 10 30
53 15 39
53 26 33
53 29 52
53 38 50
53 39 8
53 42 18
53 43 3
53 46 51
53 47 38
53 50 46
53 59 0
53 61 12
53 63 7
53 67 58
54 0 0
54 3 69
54 8 23
54 9 66
54 20 64
54 24 46
54 31 56
54 32 30
54 37 34
54 39 3
54 43 68
54 45 8
54 46 48
54 49 67
54 50 14
54 52 5
54 56 45
54 60 65
54 64 57
55 9 46
55 13 60
55 18 18
55 22 3
55 23 61
55 27 0
55 28 22
55 30 1
55 31 68
55 33 27
55 35 32
55 38 65
55 43 41
55 48 28
55 51 2
55 53 45
55 55 47
55 56 52
55 60 57
55 62 37
55 66 19
56 1 31
56 4 55
56 5 19
56 19 61
56 28 14
56 31 58
56 34 7
56 36 28
56 37 0
56 43 25
56 45 47
56 46 50
56 47 66
56 48 26
56 50 5
56 51 41
56 65 64
56 66 17
56 67 67
57 9 49
57 10 9
57 11 44
57 16 37
57 27 20
57 32 31
57 34 34
57 35 2
57 36 40
57 37 10
57 41 11
57 46 60
57 49 57
57 53 24
57 54 63
57 55 43
57 58 41
57 59 5
57 61 14
57 65 32
57 69 17
58 5 27
58 6 60
58 7 61
58 9 59
58 24 13
58 28 28
58 29 26
58 30 23
58 33 20
58 34 37
58 35 67
58 37 68
58 46 14
58 48 4
58 49 0
58 52 3
58 54 64
58 57 34
58 63 10
58 64 47
58 65 8
58 66 42
59 2 38
59 18 59
59 28 39
59 30 22
59 45 31
59 49 9
59 51 60
59 52 49
59 55 5
59 57 19
59 58 53
59 64 4
59 68 32
60 0 20
60 5 35
60 12 7
60 13 32
60 20 1
60 29 47
60 32 41
60 36 5
60 38 66
60 45 64
60 46 63
60 47 15
60 49 39
60 50 44
60 58 10
60 64 9
61 0 43
61 2 65
61 6 27
61 7 54
61 8 12
61 13 5
61 15 57
61 17 24
61 18 25
61 21 49
61 23 17
61 27 42
61 28 37
61 31 15
61 34 20
61 37 16
61 38 46
61 47 45
61 50 62
61 51 39
61 53 63
61 54 66
61 56 58
61 62 60
61 68 40
62 0 25
62 1 65
62 4 22
62 18 20
62 19 66
62 22 33
62 23 46
62 26 49
62 28 18
62 33 59
62 36 0
62 38 16
62 40 19
62 42 31
62 43 32
62 53 44
62 54 21
62 57 55
62 59 13
62 62 6
62 68 56
63 0 21
63 1 6
63 4 35
63 17 53
63 20 10
63 34 25
63 35 18
63 37 19
63 38 41
63 39 43
63 43 26
63 44 39
63 51 56
63 54 55
63 56 38
63 58 12
63 60 66
63 62 49
64 6 67
64 20 9
64 22 5
64 23 19
64 25 44
64 26 36
64 27 47
64 35 56
64 45 50
64 46 10
64 50 42
64 54 68
64 56 62
64 60 63
65 1 17
65 2 42
65 5 48
65 6 69
65 10 36
65 11 67
65 12 54
65 13 1
65 17 23
65 20 19
65 23 40
65 32 34
65 34 51
65 35 64
65 36 21
65 39 22
65 43 37
65 48 43
65 50 55
65 52 41
65 55 45
65 57 11
65 64 8
66 1 21
66 2 23
66 6 10
66 7 40
66 9 61
66 11 9
66 17 7
66 19 43
66 27 69
66 28 31
66 39 12
66 41 38
66 43 54
66 46 22
66 50 63
66 52 33
66 53 55
66 54 45
66 58 59
66 60 24
66 61 50
66 64 19
66 68 48
67 0 44
67 13 62
67 22 38
67 27 2
67 31 23
67 35 5
67 37 13
67 49 12
67 50 1
67 51 33
67 56 11
67 60 17
67 66 63
67 68 43
68 0 61
68 3 54
68 6 44
68 9 63
68 10 19
68 24 53
68 25 42
68 26 43
68 30 45
68 33 0
68 34 26
68 37 12
68 38 69
68 39 23
68 40 32
68 46 9
68 47 56
68 49 37
68 50 30
68 51 11
68 56 46
68 57 39
68 58 8
68 61 47
68 64 16
69 0 42
69 2 60
69 6 8
69 7 47
69 13 43
69 14 66
69 15 12
69 16 24
69 17 3
69 18 33
69 19 32
69 23 34
69 25 48
69 29 28
69 33 11
69 36 2
69 37 59
69 38 53
69 40 68
69 49 27
69 52 63
69 53 18
69 55 13
69 57 38
69 58 62
69 63 57
69 67 10
