60
0 1 37
0 3 4
0 9 16
0 12 28
0 14 51
0 18 24
0 21 33
0 22 14
0 24 57
0 28 31
0 29 55
0 30 8
0 31 59
0 33 17
0 34 11
0 37 30
0 42 52
0 43 45
0 44 26
0 46 25
0 49 7
0 50 27
0 54 53
0 55 10
0 57 41
1 0 24
1 2 17
1 3 15
1 6 50
1 8 7
1 9 44
1 10 8
1 12 39
1 13 43
1 14 33
1 15 51
1 16 52
1 18 9
1 19 47
1 21 38
1 24 23
1 29 12
1 30 36
1 31 31
1 32 58
1 35 21
1 36 49
1 37 46
1 38 56
1 41 59
1 42 27
1 43 2
1 45 14
1 46 4
1 47 48
1 49 32
1 51 19
1 52 29
1 53 22
1 54 5
1 55 57
1 56 54
1 57 42
1 58 0
2 2 12
2 4 53
2 5 51
2 6 33
2 8 46
2 10 28
2 12 48
2 14 58
2 17 37
2 19 39
2 22 23
2 24 6
2 28 54
2 29 27
2 30 9
2 32 13
2 33 30
2 35 50
2 37 24
2 38 10
2 42 32
2 44 15
2 45 29
2 48 11
2 50 26
2 51 2
2 52 41
2 53 1
2 55 18
2 57 43
3 1 55
3 3 2
3 4 52
3 6 6
3 7 38
3 8 21
3 11 24
3 13 35
3 14 43
3 15 15
3 18 23
3 19 14
3 22 57
3 23 32
3 24 20
3 28 50
3 29 30
3 30 18
3 34 3
3 39 29
3 40 11
3 42 7
3 43 47
3 44 5
3 49 13
3 51 4
3 53 28
3 54 36
3 55 1
3 57 59
3 59 19
4 2 54
4 8 47
4 12 5
4 15 11
4 16 51
4 19 23
4 20 6
4 22 49
4 24 52
4 26 40
4 28 14
4 30 38
4 32 22
4 34 34
4 38 58
4 39 10
4 40 37
4 44 53
4 45 13
4 46 33
4 51 28
4 53 21
4 55 26
4 56 50
4 57 17
4 59 24
5 1 44
5 3 49
5 4 12
5 5 6
5 6 41
5 9 45
5 13 18
5 14 14
5 16 17
5 17 26
5 18 34
5 20 7
5 24 47
5 25 28
5 27 8
5 32 9
5 34 51
5 35 3
5 37 42
5 38 50
5 39 30
5 40 2
5 42 15
5 44 58
5 46 29
5 47 16
5 48 20
5 49 23
5 50 10
5 52 22
5 53 35
5 54 54
5 55 5
5 56 48
5 59 0
6 1 21
6 3 52
6 6 47
6 7 0
6 8 25
6 10 50
6 11 7
6 14 11
6 15 53
6 16 49
6 20 5
6 24 19
6 25 48
6 26 1
6 28 36
6 29 10
6 31 57
6 32 2
6 34 13
6 35 56
6 39 42
6 41 34
6 42 40
6 45 41
6 48 37
6 49 29
6 52 23
6 53 27
6 57 22
7 0 52
7 1 5
7 3 23
7 4 56
7 5 59
7 9 54
7 10 30
7 12 14
7 14 13
7 15 29
7 17 38
7 18 7
7 19 10
7 20 42
7 21 0
7 22 17
7 27 21
7 28 1
7 29 26
7 33 41
7 34 16
7 36 18
7 37 12
7 39 58
7 40 15
7 42 47
7 46 19
7 48 50
7 49 9
7 53 25
7 54 27
7 55 34
7 56 6
7 57 32
7 59 36
8 2 3
8 4 59
8 5 42
8 7 32
8 8 45
8 9 22
8 10 53
8 12 17
8 13 6
8 14 19
8 16 2
8 19 27
8 20 43
8 21 26
8 22 36
8 23 40
8 24 12
8 25 50
8 27 25
8 33 29
8 35 8
8 36 38
8 37 11
8 38 46
8 40 44
8 41 35
8 44 52
8 45 24
8 46 41
8 47 1
8 48 14
8 50 56
8 51 58
8 53 37
8 54 23
8 55 15
8 56 49
8 57 51
9 8 24
9 9 34
9 10 47
9 11 5
9 12 57
9 13 51
9 22 25
9 23 3
9 24 26
9 25 58
9 29 2
9 30 48
9 31 6
9 32 12
9 33 35
9 34 30
9 35 20
9 37 38
9 39 59
9 42 9
9 43 32
9 46 52
9 48 45
9 49 16
9 50 29
9 52 0
9 53 18
9 57 56
10 0 42
10 7 3
10 9 28
10 11 57
10 13 27
10 14 44
10 15 35
10 16 47
10 17 19
10 18 52
10 19 8
10 21 15
10 24 1
10 25 39
10 26 0
10 28 43
10 32 24
10 34 45
10 35 5
10 36 59
10 38 32
10 41 12
10 42 21
10 44 22
10 45 46
10 46 23
10 47 58
10 48 25
10 49 18
10 51 41
10 53 53
10 54 14
10 55 30
10 58 10
11 2 43
11 4 30
11 10 49
11 11 45
11 12 52
11 13 59
11 17 23
11 21 44
11 24 28
11 25 14
11 26 16
11 28 32
11 29 50
11 31 51
11 33 24
11 35 35
11 42 42
11 44 13
11 45 2
11 47 34
11 48 21
11 49 17
11 52 4
11 53 36
11 54 19
11 56 27
11 57 31
11 58 56
12 0 29
12 1 4
12 3 41
12 8 8
12 10 43
12 11 2
12 12 9
12 14 25
12 15 36
12 17 28
12 19 51
12 21 14
12 22 3
12 26 54
12 30 44
12 37 16
12 42 18
12 43 21
12 44 24
12 45 49
12 46 11
12 48 39
12 49 40
12 50 31
12 51 10
12 53 20
12 54 42
12 55 13
12 56 57
12 58 17
12 59 12
13 0 47
13 1 45
13 2 0
13 3 27
13 5 22
13 7 16
13 9 11
13 11 31
13 14 35
13 15 52
13 17 30
13 19 28
13 21 59
13 22 9
13 27 5
13 29 34
13 30 20
13 33 18
13 34 42
13 37 4
13 39 15
13 40 50
13 42 41
13 45 32
13 46 44
13 49 57
13 50 13
13 52 12
13 56 58
13 59 40
14 0 30
14 4 18
14 7 17
14 9 35
14 10 48
14 12 36
14 15 3
14 16 21
14 17 12
14 18 4
14 20 10
14 24 37
14 26 38
14 27 24
14 28 16
14 29 25
14 31 43
14 34 44
14 36 56
14 40 47
14 41 28
14 42 0
14 43 27
14 44 50
14 46 32
14 47 51
14 48 41
14 53 26
14 56 29
14 59 55
15 1 7
15 2 49
15 3 8
15 5 28
15 6 13
15 8 31
15 9 12
15 12 34
15 13 14
15 14 41
15 16 44
15 21 9
15 22 52
15 24 22
15 30 45
15 31 39
15 34 26
15 35 18
15 36 23
15 38 11
15 41 56
15 44 46
15 45 15
15 46 1
15 47 17
15 51 32
15 53 24
15 55 51
15 59 43
16 2 40
16 5 53
16 6 43
16 8 59
16 10 24
16 13 17
16 17 22
16 19 25
16 20 47
16 21 23
16 25 34
16 26 13
16 27 51
16 29 45
16 31 12
16 33 16
16 34 56
16 35 42
16 37 36
16 39 48
16 40 27
16 43 57
16 45 1
16 46 39
16 47 44
16 48 3
16 51 52
16 52 8
16 53 4
16 57 14
16 58 26
16 59 9
17 1 36
17 2 52
17 4 28
17 5 54
17 6 5
17 8 35
17 9 1
17 10 18
17 14 31
17 22 37
17 23 19
17 27 30
17 29 56
17 34 57
17 35 41
17 37 58
17 38 9
17 40 33
17 45 51
17 46 3
17 49 15
17 51 39
17 52 27
17 54 34
17 55 53
17 59 50
18 2 36
18 6 31
18 8 10
18 10 38
18 11 6
18 14 28
18 15 21
18 16 23
18 17 51
18 18 32
18 19 19
18 22 8
18 27 13
18 28 33
18 31 11
18 32 16
18 34 12
18 35 55
18 37 50
18 40 59
18 42 39
18 44 43
18 45 56
18 49 58
18 50 15
18 52 25
18 54 0
18 58 53
19 0 51
19 2 53
19 4 37
19 5 40
19 7 45
19 8 23
19 12 16
19 14 36
19 15 1
19 23 6
19 24 43
19 28 59
19 29 44
19 30 33
19 31 32
19 33 58
19 35 47
19 40 14
19 43 22
19 46 10
19 50 21
19 52 11
19 55 38
19 56 0
19 57 5
19 58 3
19 59 28
20 0 2
20 2 41
20 5 50
20 7 55
20 8 26
20 11 28
20 13 30
20 14 48
20 15 17
20 16 1
20 17 10
20 19 58
20 20 45
20 21 49
20 22 16
20 23 35
20 25 18
20 27 46
20 28 8
20 30 42
20 31 29
20 34 4
20 35 9
20 36 22
20 37 27
20 38 38
20 39 53
20 46 21
20 54 44
20 55 52
20 57 39
20 59 5
21 0 54
21 1 58
21 4 21
21 5 46
21 6 1
21 8 11
21 10 44
21 11 43
21 12 25
21 13 2
21 15 59
21 16 20
21 17 8
21 19 15
21 20 34
21 21 5
21 22 24
21 27 14
21 28 56
21 30 50
21 31 23
21 32 32
21 33 40
21 37 52
21 43 38
21 45 4
21 48 55
21 49 39
21 51 30
21 52 31
21 53 6
21 54 9
21 55 29
21 56 51
21 59 37
22 1 41
22 10 22
22 14 50
22 15 14
22 16 4
22 17 59
22 18 30
22 21 3
22 23 37
22 24 38
22 25 0
22 26 43
22 27 44
22 28 48
22 29 28
22 34 54
22 35 58
22 36 29
22 38 27
22 40 9
22 44 35
22 49 10
22 50 16
22 54 7
22 56 15
23 0 19
23 1 15
23 4 43
23 7 44
23 8 37
23 9 27
23 10 57
23 13 5
23 17 13
23 20 16
23 21 41
23 22 26
23 24 49
23 26 6
23 33 39
23 37 29
23 42 34
23 44 8
23 45 47
23 49 51
23 50 4
23 52 45
23 53 40
23 57 58
23 59 32
24 1 0
24 2 2
24 3 32
24 4 11
24 7 51
24 9 9
24 11 4
24 13 19
24 15 12
24 16 31
24 17 29
24 18 27
24 21 1
24 24 55
24 26 58
24 28 6
24 29 40
24 31 36
24 37 18
24 40 57
24 42 10
24 45 20
24 47 52
24 49 59
24 52 35
24 53 16
24 54 13
24 56 24
24 57 15
25 1 59
25 2 14
25 4 24
25 5 12
25 8 1
25 9 32
25 12 0
25 14 8
25 15 58
25 16 57
25 17 33
25 19 52
25 25 27
25 26 2
25 27 42
25 29 20
25 30 7
25 32 56
25 33 48
25 38 6
25 40 5
25 42 51
25 43 36
25 45 39
25 46 50
25 48 17
25 49 43
25 52 19
25 53 55
25 55 45
26 0 32
26 1 12
26 3 57
26 4 2
26 5 18
26 6 23
26 7 5
26 8 9
26 9 40
26 11 44
26 12 38
26 14 37
26 15 10
26 16 34
26 18 42
26 21 31
26 22 59
26 27 45
26 28 39
26 30 22
26 33 53
26 34 28
26 36 33
26 37 47
26 40 21
26 41 15
26 42 24
26 43 0
26 45 3
26 46 17
26 48 52
26 49 25
26 50 43
26 52 30
26 53 54
26 56 55
27 3 26
27 5 39
27 7 14
27 8 0
27 11 34
27 13 23
27 15 54
27 16 19
27 18 11
27 24 50
27 25 8
27 27 4
27 28 17
27 29 24
27 31 37
27 34 31
27 35 22
27 36 6
27 37 13
27 39 51
27 40 28
27 42 25
27 43 16
27 44 47
27 45 45
27 47 10
27 54 41
27 56 30
27 58 15
27 59 38
28 1 47
28 5 34
28 6 49
28 9 7
28 10 23
28 11 9
28 20 14
28 22 10
28 23 26
28 25 46
28 30 35
28 32 39
28 37 21
28 41 33
28 42 54
28 44 57
28 45 37
28 46 31
28 47 22
28 48 53
28 50 20
28 53 50
28 55 25
28 56 41
28 59 52
29 0 36
29 2 23
29 3 1
29 4 51
29 7 56
29 8 30
29 11 26
29 12 18
29 13 7
29 14 2
29 15 50
29 16 41
29 18 13
29 19 31
29 20 25
29 22 35
29 24 39
29 26 20
29 29 54
29 30 59
29 32 3
29 35 33
29 36 58
29 39 49
29 40 46
29 41 0
29 42 29
29 43 14
29 44 40
29 46 34
29 48 22
29 49 37
29 53 12
29 54 6
29 56 4
29 59 10
30 0 14
30 4 23
30 6 28
30 7 52
30 11 18
30 12 32
30 18 3
30 20 24
30 26 57
30 27 15
30 28 11
30 30 56
30 31 44
30 35 38
30 36 26
30 37 37
30 40 39
30 41 10
30 44 1
30 46 22
30 47 29
30 50 55
30 54 33
30 55 7
30 57 25
31 6 39
31 7 15
31 14 21
31 15 37
31 16 10
31 17 4
31 19 18
31 20 13
31 21 7
31 25 44
31 26 36
31 27 28
31 29 5
31 31 53
31 33 14
31 35 19
31 36 51
31 38 16
31 39 26
31 41 52
31 43 40
31 45 38
31 46 12
31 48 34
31 52 56
31 53 32
31 55 17
31 58 54
32 2 25
32 4 4
32 5 17
32 7 21
32 9 30
32 11 37
32 12 20
32 15 18
32 16 13
32 17 56
32 18 59
32 19 7
32 21 16
32 22 31
32 23 58
32 28 26
32 30 19
32 32 46
32 35 43
32 36 11
32 37 40
32 39 2
32 41 51
32 42 35
32 44 6
32 45 5
32 46 42
32 47 50
32 48 49
32 49 1
32 52 53
32 53 14
32 55 36
32 56 39
32 57 0
32 58 32
33 4 35
33 6 58
33 7 9
33 8 51
33 12 11
33 13 31
33 16 14
33 17 25
33 18 20
33 20 17
33 22 47
33 23 57
33 24 42
33 25 56
33 27 40
33 29 19
33 31 52
33 36 34
33 37 48
33 39 50
33 40 1
33 42 37
33 47 26
33 48 29
33 53 45
33 54 39
33 56 2
33 58 44
33 59 18
34 0 6
34 1 17
34 2 20
34 3 14
34 5 0
34 8 57
34 9 18
34 10 10
34 12 37
34 14 32
34 17 45
34 25 31
34 30 51
34 31 33
34 32 11
34 35 46
34 36 54
34 37 39
34 38 12
34 39 44
34 41 2
34 42 50
34 46 7
34 47 55
34 49 35
34 51 38
34 52 21
34 53 34
34 54 49
34 57 27
34 59 48
35 10 20
35 11 35
35 12 42
35 14 27
35 15 43
35 18 6
35 19 33
35 20 31
35 22 22
35 23 12
35 25 52
35 29 57
35 31 17
35 32 51
35 35 37
35 38 23
35 40 58
35 41 5
35 42 4
35 43 48
35 44 32
35 45 19
35 47 21
35 49 8
35 52 2
35 54 1
35 55 3
35 56 34
35 57 16
35 58 55
36 3 25
36 6 55
36 9 10
36 10 40
36 12 8
36 13 36
36 14 5
36 17 16
36 19 6
36 22 54
36 23 21
36 24 9
36 25 2
36 26 30
36 27 34
36 28 0
36 33 12
36 34 19
36 37 33
36 38 39
36 39 35
36 40 52
36 42 57
36 43 42
36 45 44
36 46 15
36 47 45
36 50 51
36 51 20
36 52 38
36 53 46
36 54 43
36 55 14
36 58 37
36 59 31
37 0 34
37 4 6
37 8 19
37 11 46
37 14 49
37 15 22
37 19 44
37 21 50
37 22 0
37 25 9
37 26 37
37 29 39
37 31 35
37 32 28
37 33 57
37 36 27
37 38 30
37 40 17
37 41 48
37 42 33
37 43 56
37 46 40
37 48 31
37 51 12
37 52 13
37 53 41
37 54 21
37 55 32
37 56 42
37 59 20
38 2 59
38 3 50
38 6 12
38 7 36
38 9 51
38 11 39
38 12 27
38 14 23
38 15 28
38 19 55
38 20 58
38 24 34
38 29 38
38 32 19
38 33 5
38 34 6
38 38 3
38 39 37
38 45 30
38 49 47
38 51 29
38 55 54
38 56 31
38 58 18
39 0 21
39 1 30
39 2 47
39 3 33
39 4 42
39 5 7
39 6 25
39 7 11
39 9 24
39 10 29
39 11 22
39 13 50
39 16 37
39 18 28
39 20 46
39 21 56
39 26 32
39 28 52
39 31 41
39 33 31
39 36 48
39 37 1
39 38 45
39 39 34
39 40 20
39 42 55
39 45 8
39 46 35
39 47 3
39 49 36
39 50 39
39 52 5
39 53 19
39 54 40
39 56 17
39 58 6
39 59 44
40 0 4
40 1 26
40 3 39
40 4 27
40 12 30
40 14 46
40 16 42
40 18 8
40 21 11
40 24 32
40 25 51
40 27 43
40 29 18
40 36 47
40 37 55
40 38 19
40 41 41
40 42 49
40 45 53
40 50 45
40 52 37
40 54 58
40 56 35
40 57 57
40 58 38
40 59 13
41 2 50
41 5 57
41 6 4
41 8 2
41 9 13
41 11 48
41 13 54
41 14 45
41 16 25
41 17 34
41 19 16
41 20 33
41 25 32
41 26 10
41 28 28
41 30 52
41 31 47
41 32 40
41 33 49
41 34 27
41 36 15
41 37 5
41 38 21
41 39 6
41 43 18
41 47 38
41 48 7
41 52 14
41 54 51
41 57 24
41 58 8
41 59 29
42 0 31
42 4 32
42 5 36
42 6 46
42 8 29
42 10 58
42 11 15
42 13 16
42 14 59
42 16 50
42 17 1
42 19 53
42 20 27
42 23 18
42 24 44
42 26 22
42 27 2
42 28 30
42 32 55
42 33 47
42 34 21
42 36 0
42 40 42
42 43 19
42 44 41
42 45 40
42 47 14
42 49 33
42 51 7
42 56 23
42 57 45
42 58 13
43 0 53
43 1 52
43 2 33
43 4 40
43 5 5
43 7 28
43 8 3
43 9 36
43 10 16
43 13 13
43 17 14
43 18 26
43 19 45
43 21 12
43 22 18
43 23 30
43 25 21
43 27 35
43 30 0
43 31 22
43 34 49
43 36 46
43 37 41
43 38 54
43 40 48
43 41 25
43 44 2
43 47 56
43 48 47
43 49 27
43 50 7
43 51 23
43 53 39
43 54 17
43 58 4
43 59 57
44 1 33
44 4 47
44 7 26
44 9 29
44 10 5
44 14 42
44 16 30
44 22 38
44 23 48
44 25 53
44 27 39
44 28 55
44 29 4
44 30 28
44 32 25
44 33 1
44 34 37
44 37 0
44 38 35
44 39 22
44 40 49
44 41 13
44 42 45
44 50 41
44 52 59
44 53 51
44 56 8
44 57 54
45 3 34
45 4 49
45 5 27
45 6 53
45 9 8
45 11 55
45 13 20
45 20 32
45 21 54
45 22 46
45 23 39
45 24 58
45 27 57
45 28 10
45 31 48
45 32 14
45 34 29
45 39 18
45 41 3
45 42 17
45 43 50
45 44 23
45 47 36
45 48 28
45 57 37
45 59 4
46 1 50
46 3 22
46 6 37
46 8 54
46 9 33
46 10 32
46 11 40
46 16 3
46 18 57
46 24 27
46 25 45
46 31 26
46 35 14
46 36 2
46 37 28
46 40 56
46 47 8
46 48 10
46 49 49
46 52 51
46 53 30
46 54 24
46 55 58
46 57 13
47 0 43
47 5 14
47 8 6
47 10 17
47 13 42
47 14 57
47 15 45
47 17 35
47 18 21
47 20 53
47 25 22
47 31 30
47 33 55
47 34 2
47 36 19
47 37 20
47 38 18
47 39 0
47 40 12
47 41 29
47 42 23
47 43 11
47 44 37
47 50 58
47 55 56
47 56 46
47 57 7
47 58 52
48 3 55
48 4 44
48 5 37
48 6 36
48 9 41
48 15 26
48 16 0
48 17 47
48 19 48
48 24 7
48 25 16
48 26 49
48 32 15
48 33 2
48 34 23
48 35 54
48 39 43
48 41 53
48 42 22
48 43 13
48 44 51
48 50 34
48 51 8
48 52 24
48 53 59
48 55 27
48 56 52
48 58 50
48 59 56
49 0 22
49 5 41
49 6 17
49 7 43
49 9 47
49 11 51
49 13 1
49 15 38
49 16 29
49 17 57
49 19 35
49 23 24
49 25 40
49 32 50
49 33 34
49 34 8
49 39 32
49 41 4
49 43 52
49 44 36
49 45 10
49 47 6
49 52 15
49 53 33
49 54 30
49 55 9
49 58 20
49 59 59
50 1 23
50 3 3
50 8 14
50 9 2
50 10 37
50 11 54
50 13 12
50 14 17
50 15 30
50 17 40
50 21 55
50 22 39
50 24 21
50 25 38
50 28 42
50 29 48
50 30 4
50 31 45
50 34 22
50 35 24
50 37 51
50 39 56
50 43 46
50 44 28
50 45 7
50 47 35
50 49 6
50 51 25
50 52 1
50 54 31
50 57 52
50 58 9
51 1 2
51 3 29
51 4 7
51 5 55
51 6 24
51 7 33
51 10 11
51 11 36
51 13 15
51 14 18
51 17 50
51 22 43
51 26 52
51 28 27
51 30 39
51 33 13
51 34 40
51 35 31
51 37 59
51 38 0
51 41 38
51 42 16
51 43 49
51 44 20
51 47 12
51 48 32
51 49 53
51 51 37
51 52 34
51 54 3
51 56 9
51 58 5
52 1 32
52 2 21
52 6 11
52 8 50
52 10 55
52 11 19
52 15 41
52 17 6
52 18 5
52 20 52
52 22 4
52 23 38
52 24 48
52 25 7
52 30 37
52 38 31
52 41 14
52 44 56
52 48 57
52 49 28
52 50 2
52 51 13
52 52 18
52 53 0
52 54 22
52 55 49
52 57 12
52 59 45
53 0 37
53 1 27
53 2 6
53 3 56
53 5 31
53 6 30
53 10 14
53 11 25
53 15 8
53 18 40
53 22 44
53 23 47
53 27 38
53 34 53
53 35 45
53 36 10
53 37 15
53 38 22
53 39 9
53 40 41
53 43 29
53 44 18
53 45 36
53 48 51
53 51 1
53 52 16
53 53 42
53 59 35
54 4 20
54 9 15
54 11 14
54 12 45
54 15 40
54 16 16
54 17 31
54 20 22
54 23 51
54 24 46
54 28 21
54 31 34
54 32 26
54 34 47
54 35 30
54 36 5
54 38 25
54 42 19
54 43 55
54 45 27
54 47 28
54 49 24
54 51 17
54 53 52
54 54 35
54 55 59
55 1 43
55 5 1
55 7 40
55 10 2
55 14 20
55 16 12
55 17 54
55 20 57
55 21 37
55 23 33
55 24 8
55 28 49
55 29 0
55 30 34
55 33 11
55 34 14
55 36 9
55 38 48
55 40 19
55 41 7
55 42 44
55 43 17
55 48 16
55 50 23
55 51 45
55 52 10
55 56 25
55 59 42
56 1 53
56 3 58
56 4 50
56 7 20
56 8 49
56 11 1
56 13 32
56 17 17
56 20 9
56 23 22
56 24 5
56 25 42
56 27 12
56 28 15
56 31 21
56 32 0
56 33 25
56 34 33
56 35 52
56 36 39
56 41 57
56 42 48
56 49 54
56 52 7
56 53 13
56 55 31
56 59 16
57 0 0
57 2 39
57 4 46
57 5 10
57 7 41
57 9 31
57 11 59
57 17 9
57 20 28
57 21 58
57 23 23
57 25 35
57 30 57
57 32 36
57 33 56
57 35 6
57 38 1
57 40 18
57 41 37
57 43 30
57 46 8
57 47 49
57 49 38
57 50 32
57 53 15
57 57 21
57 59 25
58 0 40
58 1 3
58 3 44
58 4 9
58 5 58
58 8 34
58 9 14
58 12 23
58 16 8
58 17 52
58 19 26
58 20 51
58 22 32
58 23 0
58 25 36
58 28 57
58 31 2
58 32 30
58 33 4
58 34 41
58 42 38
58 43 54
58 44 16
58 46 49
58 48 19
58 49 50
58 53 7
58 55 55
58 56 37
58 57 48
58 58 35
59 1 6
59 2 27
59 3 28
59 4 54
59 8 15
59 10 4
59 13 25
59 14 0
59 16 55
59 19 32
59 20 26
59 22 2
59 23 31
59 24 14
59 27 20
59 29 29
59 30 46
59 33 10
59 34 43
59 35 7
59 36 53
59 37 45
59 39 38
59 46 36
59 47 39
59 48 56
59 49 5
59 50 35
59 51 48
59 53 17
59 56 40
59 57 3
59 59 22
