60
0 1 34
0 10 2
0 12 37
0 13 25
0 22 33
0 23 39
0 28 42
0 33 29
0 34 13
0 42 26
0 43 23
0 44 6
0 45 44
0 46 51
0 52 46
0 53 4
0 54 27
0 55 40
0 56 36
1 0 30
1 2 50
1 6 17
1 7 35
1 8 5
1 11 24
1 14 15
1 15 38
1 19 42
1 21 37
1 22 52
1 25 1
1 27 12
1 28 45
1 29 6
1 32 55
1 34 9
1 35 39
1 38 21
1 39 47
1 40 13
1 41 26
1 42 27
1 54 43
1 55 19
1 57 14
1 59 2
2 1 52
2 7 39
2 8 27
2 11 6
2 12 31
2 18 51
2 20 25
2 21 56
2 30 16
2 31 38
2 32 23
2 36 50
2 39 36
2 42 30
2 45 14
2 48 7
3 2 5
3 5 29
3 7 15
3 10 18
3 11 37
3 13 34
3 14 50
3 18 56
3 21 55
3 27 19
3 31 13
3 41 45
3 43 46
3 44 1
3 50 38
3 56 47
3 57 49
4 2 27
4 3 19
4 4 32
4 9 11
4 10 4
4 16 17
4 17 50
4 18 9
4 19 58
4 21 52
4 24 16
4 26 3
4 27 55
4 35 1
4 36 51
4 40 54
4 43 39
4 53 45
4 54 13
4 55 10
4 56 28
4 57 57
4 59 23
5 3 4
5 4 14
5 5 3
5 7 27
5 9 25
5 23 53
5 24 15
5 25 38
5 26 51
5 27 24
5 33 47
5 36 12
5 39 1
5 40 5
5 44 41
5 45 31
5 48 59
5 49 6
5 53 17
5 54 0
5 55 18
6 1 31
6 2 18
6 5 19
6 11 16
6 13 47
6 14 11
6 15 33
6 16 27
6 18 45
6 19 36
6 25 0
6 26 23
6 28 37
6 29 35
6 30 59
6 32 52
6 42 25
6 50 34
6 53 3
6 54 32
6 58 51
7 9 37
7 10 19
7 13 16
7 17 23
7 24 5
7 25 2
7 30 39
7 35 21
7 38 48
7 42 33
7 43 20
7 46 10
7 47 40
7 48 14
7 49 47
7 51 41
7 55 35
7 56 51
7 59 58
8 3 23
8 11 25
8 16 19
8 17 59
8 19 18
8 20 55
8 26 36
8 31 26
8 33 42
8 36 6
8 40 8
8 42 28
8 44 2
8 45 33
8 47 12
8 48 58
8 53 34
8 55 54
9 2 59
9 3 33
9 4 58
9 6 37
9 10 42
9 11 56
9 12 51
9 16 9
9 17 3
9 26 15
9 27 4
9 28 14
9 29 31
9 30 20
9 31 44
9 38 1
9 40 34
9 41 10
9 44 39
9 51 24
9 56 40
9 58 48
10 1 25
10 4 12
10 7 37
10 12 28
10 14 56
10 15 31
10 16 40
10 17 26
10 21 13
10 25 54
10 26 18
10 31 14
10 33 17
10 40 55
10 44 43
10 47 7
10 50 46
10 51 11
10 53 42
10 54 5
11 0 40
11 4 22
11 10 47
11 12 33
11 15 36
11 17 11
11 23 32
11 26 55
11 27 59
11 28 19
11 32 29
11 41 9
11 42 35
11 44 15
11 46 30
11 48 42
11 53 43
11 58 52
12 6 5
12 12 50
12 16 7
12 17 1
12 18 25
12 21 30
12 25 40
12 27 33
12 28 0
12 33 52
12 39 48
12 46 59
12 51 34
12 53 13
12 54 23
12 56 15
12 59 46
13 20 19
13 21 5
13 25 10
13 31 27
13 32 44
13 36 39
13 39 21
13 41 20
13 43 35
13 45 54
13 47 8
13 51 46
13 52 34
13 53 38
13 55 7
14 2 54
14 4 28
14 6 34
14 9 1
14 14 49
14 19 59
14 22 2
14 24 51
14 27 23
14 30 31
14 33 53
14 39 15
14 44 44
14 46 46
14 52 56
14 54 29
14 57 27
15 0 18
15 8 9
15 12 3
15 19 39
15 27 57
15 28 25
15 31 15
15 32 48
15 33 11
15 39 14
15 40 0
15 42 34
15 44 33
15 46 8
15 54 59
15 56 44
15 59 6
16 1 57
16 2 29
16 5 9
16 7 46
16 11 53
16 15 40
16 16 52
16 19 54
16 20 14
16 23 37
16 25 20
16 31 5
16 42 55
16 50 59
16 51 26
16 55 12
17 0 38
17 1 46
17 3 51
17 8 19
17 9 58
17 11 3
17 16 55
17 17 36
17 18 29
17 23 42
17 24 12
17 28 9
17 35 24
17 37 22
17 44 4
17 45 39
17 47 23
17 48 57
17 50 21
18 5 30
18 6 56
18 7 7
18 8 31
18 16 3
18 36 25
18 38 53
18 47 52
18 49 23
18 56 12
19 2 52
19 5 46
19 6 44
19 7 11
19 8 47
19 11 49
19 15 59
19 16 53
19 17 5
19 18 26
19 20 30
19 22 41
19 27 15
19 33 48
19 34 6
19 38 32
19 46 31
19 49 8
19 51 45
19 52 23
19 54 37
19 55 50
20 6 39
20 8 2
20 14 19
20 17 29
20 20 12
20 22 32
20 23 15
20 32 36
20 36 3
20 37 43
20 39 22
20 40 16
20 42 50
20 44 7
20 46 35
20 51 49
20 52 11
21 1 33
21 3 16
21 4 20
21 9 55
21 19 28
21 21 40
21 27 45
21 28 35
21 31 57
21 34 3
21 35 51
21 38 29
21 40 50
21 41 54
21 43 24
21 45 49
22 1 6
22 2 28
22 3 41
22 8 46
22 10 31
22 11 9
22 12 42
22 19 3
22 23 40
22 26 49
22 28 4
22 31 34
22 34 7
22 40 12
22 41 2
22 44 36
22 48 35
22 49 56
22 51 22
22 52 48
22 54 24
22 56 21
22 57 19
22 59 20
23 8 54
23 15 48
23 19 29
23 20 51
23 21 17
23 23 25
23 24 35
23 38 8
23 42 5
23 44 42
23 46 12
23 47 45
23 49 44
23 50 2
23 55 38
23 57 33
24 2 10
24 4 18
24 5 13
24 6 12
24 20 27
24 32 30
24 34 46
24 35 36
24 36 32
24 37 49
24 41 7
24 46 29
24 50 56
24 52 55
24 53 28
24 57 40
24 59 52
25 1 1
25 2 40
25 9 4
25 14 30
25 18 13
25 21 19
25 22 42
25 24 2
25 25 50
25 31 25
25 39 16
25 40 9
25 44 59
26 4 44
26 10 1
26 14 41
26 17 30
26 22 56
26 27 3
26 28 26
26 30 22
26 32 57
26 34 27
26 36 4
26 54 34
26 55 31
27 5 25
27 8 15
27 13 8
27 17 45
27 24 11
27 32 34
27 34 41
27 38 20
27 40 47
27 41 39
27 47 28
27 49 50
27 52 1
27 54 49
27 55 59
28 1 59
28 3 22
28 5 21
28 23 26
28 27 14
28 31 47
28 32 31
28 33 2
28 35 10
28 36 55
28 39 57
28 42 41
28 46 18
28 47 48
28 49 20
28 51 16
28 52 7
28 57 32
28 58 42
29 3 50
29 7 55
29 9 26
29 10 36
29 14 28
29 16 22
29 18 11
29 20 47
29 22 9
29 23 46
29 25 15
29 26 37
29 28 54
29 30 38
29 32 42
29 33 40
29 38 10
29 40 14
29 45 52
29 46 41
29 47 35
29 54 2
29 55 44
29 56 56
29 57 0
30 1 53
30 5 54
30 6 51
30 8 14
30 13 5
30 28 43
30 29 52
30 31 12
30 42 18
30 47 39
30 50 33
30 51 29
30 53 15
30 55 55
30 57 48
30 58 47
30 59 42
31 3 32
31 5 49
31 7 47
31 8 50
31 10 28
31 11 17
31 13 20
31 17 51
31 24 42
31 25 9
31 26 29
31 27 44
31 31 2
31 32 33
31 36 46
31 38 7
31 40 18
31 41 24
31 42 15
31 50 40
31 55 48
31 58 6
32 0 21
32 2 1
32 8 32
32 11 12
32 20 24
32 35 11
32 39 6
32 44 29
32 45 47
32 48 19
32 49 31
32 50 3
32 55 49
32 57 4
33 2 26
33 3 55
33 13 14
33 14 24
33 18 23
33 21 49
33 25 47
33 26 10
33 30 40
33 31 7
33 34 50
33 36 2
33 39 28
33 40 44
33 41 5
33 43 42
33 45 1
33 46 20
33 48 11
33 50 8
33 51 17
33 55 36
33 56 3
33 57 13
33 59 4
34 0 50
34 1 42
34 9 47
34 11 38
34 13 33
34 18 21
34 19 16
34 26 46
34 27 20
34 28 31
34 29 26
34 32 27
34 34 23
34 47 41
34 48 12
34 50 45
34 53 51
34 54 39
34 55 0
34 56 8
34 58 44
35 0 12
35 5 36
35 7 42
35 12 24
35 13 39
35 14 59
35 23 21
35 26 34
35 27 26
35 29 18
35 31 0
35 32 50
35 34 40
35 36 16
35 41 56
35 43 33
35 49 35
35 50 6
35 55 11
35 59 13
36 0 2
36 3 30
36 4 47
36 8 44
36 10 38
36 11 14
36 20 37
36 21 3
36 27 9
36 28 46
36 30 21
36 33 56
36 38 13
36 43 41
36 44 0
36 53 48
36 57 50
37 6 29
37 7 40
37 9 31
37 12 18
37 13 57
37 14 8
37 15 7
37 18 19
37 19 41
37 20 10
37 28 38
37 34 59
37 36 58
37 38 15
37 39 53
37 42 39
37 43 34
37 45 25
37 46 37
37 47 27
37 50 42
37 51 1
37 53 54
38 9 32
38 10 49
38 11 10
38 12 11
38 16 13
38 17 22
38 18 44
38 24 9
38 25 33
38 29 41
38 34 24
38 35 28
38 38 58
38 41 43
38 44 21
38 49 45
38 50 20
38 51 2
38 52 3
38 59 35
39 0 26
39 1 18
39 2 36
39 11 45
39 15 39
39 21 7
39 31 46
39 32 40
39 40 35
39 41 32
39 46 57
39 48 5
39 49 15
39 50 28
39 55 21
39 58 9
40 1 50
40 6 42
40 7 48
40 8 52
40 10 15
40 11 2
40 16 54
40 17 21
40 20 8
40 21 32
40 26 6
40 27 39
40 31 55
40 33 20
40 36 47
40 39 31
40 41 13
40 55 14
40 57 38
41 5 57
41 14 44
41 15 37
41 16 33
41 18 38
41 19 7
41 20 2
41 22 40
41 24 39
41 30 36
41 31 8
41 35 59
41 37 25
41 39 50
41 42 29
41 43 52
41 44 12
41 50 41
41 56 45
41 58 19
42 0 9
42 4 57
42 7 45
42 9 44
42 12 47
42 18 10
42 19 30
42 22 15
42 24 59
42 34 49
42 35 8
42 36 43
42 38 52
42 41 16
42 42 11
42 46 2
42 51 18
42 54 14
42 58 28
43 0 37
43 1 41
43 3 38
43 7 21
43 14 47
43 26 16
43 29 9
43 34 25
43 37 30
43 42 10
43 43 49
43 46 3
43 48 36
43 49 4
43 50 0
43 51 12
43 53 31
44 7 2
44 8 40
44 10 9
44 12 44
44 19 4
44 20 28
44 22 43
44 23 58
44 33 23
44 40 7
44 44 57
44 45 5
44 48 0
44 54 19
44 55 26
44 57 6
45 10 30
45 15 54
45 20 42
45 24 52
45 26 8
45 29 1
45 30 29
45 41 25
45 45 23
45 47 38
46 6 32
46 7 49
46 8 23
46 23 22
46 29 10
46 34 44
46 35 57
46 36 30
46 40 46
46 44 47
46 54 55
47 1 8
47 2 38
47 3 7
47 7 24
47 12 6
47 15 49
47 26 56
47 27 37
47 34 18
47 35 33
47 38 22
47 40 25
47 42 59
47 45 9
47 46 0
47 49 3
47 51 31
47 52 40
47 53 35
47 56 17
47 57 46
47 59 29
48 2 47
48 3 57
48 5 5
48 8 3
48 9 49
48 14 4
48 24 45
48 33 1
48 38 28
48 50 50
48 51 40
48 54 12
48 57 37
48 59 43
49 0 52
49 4 53
49 5 32
49 6 46
49 7 56
49 10 40
49 16 28
49 19 11
49 21 47
49 22 58
49 32 6
49 33 14
49 35 0
49 38 38
49 42 20
49 44 35
49 46 39
49 48 33
49 54 4
49 55 37
49 56 10
49 58 18
50 8 18
50 19 57
50 20 29
50 26 13
50 29 49
50 31 30
50 34 53
50 36 42
50 37 11
50 38 45
50 41 23
50 48 46
50 50 5
50 57 58
51 2 39
51 9 42
51 11 46
51 12 21
51 16 8
51 21 31
51 22 57
51 23 29
51 25 30
51 28 7
51 30 6
51 40 23
51 53 59
51 54 3
52 1 51
52 6 30
52 12 53
52 14 55
52 15 13
52 20 58
52 23 43
52 33 8
52 35 34
52 37 38
52 40 40
52 45 48
52 46 11
52 49 28
52 59 41
53 0 36
53 1 40
53 11 13
53 20 50
53 22 5
53 26 0
53 33 3
53 35 49
53 37 37
53 44 58
53 45 17
53 50 55
53 54 45
53 57 25
54 2 12
54 3 47
54 4 11
54 6 40
54 13 2
54 14 54
54 15 28
54 16 4
54 18 3
54 20 56
54 21 39
54 24 20
54 26 32
54 28 48
54 34 30
54 35 9
54 41 38
54 44 24
54 45 6
54 48 25
54 51 23
54 52 0
54 54 17
54 55 45
54 57 34
54 58 21
55 1 24
55 6 26
55 9 54
55 13 12
55 14 57
55 15 9
55 16 59
55 21 29
55 23 5
55 28 2
55 29 20
55 33 51
55 35 42
55 39 44
55 40 3
55 43 1
55 54 25
56 4 27
56 5 31
56 6 11
56 19 25
56 25 28
56 29 8
56 32 13
56 34 57
56 36 52
56 39 51
56 48 44
56 58 41
57 3 44
57 4 36
57 6 21
57 7 26
57 8 49
57 11 28
57 14 39
57 16 45
57 18 20
57 19 34
57 30 43
57 33 57
57 34 37
57 37 2
57 44 9
57 53 1
57 59 18
58 2 2
58 4 29
58 9 28
58 11 33
58 12 48
58 14 20
58 15 27
58 20 23
58 22 39
58 23 57
58 24 26
58 33 21
58 35 55
58 44 51
58 46 7
58 48 17
58 49 30
58 59 47
59 0 45
59 1 56
59 7 58
59 8 13
59 9 52
59 13 22
59 15 32
59 23 20
59 24 34
59 25 25
59 28 28
59 37 55
59 38 14
59 42 7
59 43 8
59 44 54
59 45 37
59 48 31
59 50 47
