60
0 0 5
0 1 9
0 2 12
0 3 18
0 6 21
0 7 39
0 8 26
0 9 15
0 10 29
0 11 7
0 12 42
0 13 20
0 14 58
0 15 49
0 17 56
0 18 16
0 19 43
0 21 46
0 22 6
0 23 17
0 25 10
0 26 19
0 27 50
0 29 36
0 30 40
0 32 13
0 33 1
0 36 2
0 38 22
0 39 30
0 40 37
0 41 0
0 42 24
0 44 57
0 45 28
0 46 51
0 47 34
0 48 32
0 49 47
0 50 55
0 51 48
0 52 38
0 53 59
0 54 23
0 56 41
0 57 35
0 59 31
1 0 28
1 1 42
1 2 44
1 3 48
1 4 53
1 5 39
1 7 47
1 8 54
1 10 11
1 12 6
1 13 21
1 14 15
1 15 35
1 16 51
1 17 37
1 18 1
1 22 22
1 23 16
1 26 52
1 29 56
1 32 31
1 33 46
1 34 45
1 37 30
1 45 26
1 46 0
1 48 38
1 49 50
1 52 20
1 54 9
1 56 33
1 58 13
1 59 8
2 0 14
2 2 17
2 4 2
2 5 27
2 6 23
2 8 59
2 9 29
2 10 9
2 12 40
2 13 45
2 14 3
2 16 1
2 17 6
2 18 20
2 19 4
2 20 5
2 22 8
2 24 24
2 25 33
2 26 21
2 27 42
2 28 53
2 29 30
2 30 51
2 32 25
2 34 0
2 35 28
2 38 56
2 39 19
2 40 57
2 41 16
2 42 18
2 43 41
2 44 34
2 45 31
2 46 7
2 49 54
2 50 10
2 51 38
2 52 55
2 53 13
2 54 26
2 55 44
2 58 15
3 0 43
3 3 11
3 4 3
3 5 5
3 6 54
3 7 14
3 8 21
3 9 17
3 11 52
3 13 22
3 15 50
3 16 45
3 18 58
3 19 27
3 20 53
3 22 57
3 24 20
3 26 34
3 28 38
3 29 16
3 30 13
3 31 25
3 32 12
3 33 59
3 34 48
3 36 24
3 37 37
3 38 33
3 42 26
3 43 30
3 47 41
3 48 35
3 50 23
3 51 28
3 52 42
3 54 56
3 55 29
3 56 32
3 58 0
4 3 23
4 4 19
4 6 59
4 7 26
4 8 20
4 11 27
4 12 45
4 13 51
4 15 57
4 16 6
4 17 49
4 22 31
4 23 14
4 24 7
4 25 21
4 27 41
4 28 55
4 29 34
4 30 39
4 31 54
4 32 2
4 34 36
4 35 38
4 36 50
4 37 25
4 38 58
4 39 47
4 41 53
4 42 13
4 43 12
4 45 32
4 46 29
4 48 5
4 49 46
4 50 43
4 51 1
4 52 8
4 53 28
4 54 22
4 56 4
4 59 10
5 0 1
5 2 52
5 3 7
5 4 40
5 6 35
5 8 15
5 9 25
5 11 22
5 13 53
5 14 45
5 15 12
5 17 31
5 19 56
5 21 24
5 22 51
5 23 8
5 24 3
5 26 26
5 27 23
5 29 33
5 31 48
5 33 21
5 34 49
5 35 54
5 36 14
5 37 11
5 38 44
5 39 41
5 40 58
5 41 37
5 43 28
5 44 0
5 45 27
5 46 38
5 47 10
5 48 30
5 49 17
5 50 50
5 52 13
5 54 19
5 55 39
5 56 16
5 57 46
5 58 4
5 59 36
6 1 47
6 2 42
6 7 31
6 8 55
6 9 24
6 10 33
6 12 2
6 16 27
6 19 49
6 20 0
6 21 11
6 22 17
6 24 34
6 25 30
6 26 38
6 27 5
6 28 3
6 29 45
6 30 56
6 34 57
6 35 32
6 38 20
6 39 39
6 40 40
6 41 29
6 42 12
6 43 25
6 46 6
6 47 48
6 49 44
6 51 19
6 52 37
6 54 28
6 55 54
6 56 53
6 58 35
7 0 8
7 1 31
7 2 14
7 3 1
7 4 49
7 5 10
7 6 17
7 7 48
7 8 3
7 9 58
7 10 40
7 13 44
7 14 21
7 15 37
7 16 11
7 17 55
7 18 4
7 19 2
7 20 46
7 24 26
7 25 23
7 26 41
7 27 47
7 28 29
7 29 57
7 30 27
7 32 45
7 35 36
7 36 20
7 39 9
7 40 56
7 41 7
7 43 32
7 44 12
7 45 52
7 46 35
7 48 34
7 49 43
7 50 38
7 53 15
7 54 18
7 55 59
7 56 19
7 57 28
7 59 30
8 1 55
8 2 6
8 3 30
8 4 39
8 5 50
8 6 40
8 7 5
8 8 17
8 9 35
8 10 8
8 11 9
8 13 14
8 14 12
8 15 47
8 16 58
8 21 1
8 24 10
8 25 45
8 26 32
8 28 27
8 29 31
8 30 0
8 31 37
8 32 22
8 33 54
8 36 13
8 37 29
8 39 15
8 40 49
8 42 20
8 43 36
8 44 46
8 45 56
8 46 44
8 47 7
8 48 43
8 49 57
8 50 52
8 52 51
8 57 38
8 58 25
9 0 50
9 2 4
9 3 19
9 4 42
9 6 33
9 11 11
9 17 12
9 18 9
9 19 17
9 20 57
9 21 14
9 22 41
9 25 47
9 27 39
9 29 37
9 30 53
9 31 15
9 32 8
9 38 7
9 41 31
9 42 25
9 43 1
9 44 21
9 46 24
9 47 43
9 48 20
9 50 3
9 51 2
9 53 51
9 54 32
9 55 5
9 56 35
9 58 38
10 0 46
10 2 21
10 5 57
10 6 52
10 7 42
10 8 48
10 9 31
10 10 43
10 12 59
10 13 32
10 14 20
10 15 25
10 19 13
10 20 9
10 23 0
10 24 53
10 26 18
10 27 12
10 28 49
10 29 23
10 30 1
10 31 35
10 32 24
10 33 15
10 34 29
10 35 11
10 36 44
10 37 19
10 38 6
10 39 50
10 41 45
10 42 56
10 43 47
10 44 37
10 47 5
10 48 28
10 49 30
10 51 10
10 52 3
10 54 4
10 56 58
10 58 51
11 2 13
11 3 52
11 4 23
11 7 43
11 8 10
11 11 44
11 13 2
11 14 17
11 17 7
11 18 11
11 19 28
11 20 12
11 21 26
11 22 56
11 24 4
11 25 31
11 27 29
11 29 51
11 30 15
11 32 57
11 36 42
11 38 53
11 40 14
11 41 55
11 42 34
11 45 16
11 49 24
11 50 20
11 51 25
11 52 32
11 53 30
11 54 50
11 55 1
11 56 37
11 57 49
11 59 5
12 2 58
12 4 55
12 5 49
12 8 19
12 9 57
12 12 36
12 13 35
12 15 9
12 16 40
12 17 15
12 18 34
12 20 41
12 21 16
12 23 32
12 24 13
12 25 3
12 26 28
12 27 4
12 28 1
12 29 44
12 30 30
12 31 29
12 33 14
12 34 37
12 36 45
12 37 20
12 38 23
12 39 56
12 41 54
12 42 47
12 43 21
12 44 51
12 45 0
12 46 18
12 47 26
12 48 24
12 49 53
12 50 31
12 51 33
12 52 10
12 55 50
12 56 25
12 58 42
13 0 27
13 1 49
13 4 36
13 5 17
13 6 14
13 7 0
13 8 28
13 9 45
13 10 56
13 11 34
13 12 25
13 13 57
13 14 29
13 16 22
13 17 41
13 19 55
13 22 54
13 23 26
13 25 16
13 26 5
13 29 38
13 31 3
13 33 19
13 34 53
13 35 10
13 36 43
13 37 39
13 38 42
13 39 32
13 41 48
13 42 7
13 43 13
13 45 8
13 46 50
13 48 2
13 49 31
13 51 20
13 52 12
13 53 4
13 54 40
13 56 59
13 57 21
13 58 47
14 1 6
14 2 41
14 3 54
14 4 45
14 5 19
14 6 18
14 7 16
14 8 9
14 9 4
14 10 38
14 11 26
14 14 2
14 15 43
14 18 46
14 20 30
14 21 32
14 22 34
14 23 10
14 25 42
14 26 37
14 28 21
14 31 13
14 32 35
14 33 39
14 34 22
14 35 23
14 36 3
14 37 53
14 39 40
14 40 28
14 42 5
14 43 0
14 44 33
14 45 48
14 46 59
14 47 25
14 49 49
14 52 36
14 55 14
14 58 17
14 59 58
15 0 33
15 1 51
15 2 45
15 3 53
15 4 28
15 5 31
15 6 25
15 8 24
15 10 21
15 11 32
15 12 29
15 14 54
15 15 11
15 17 5
15 19 30
15 20 52
15 21 56
15 23 42
15 25 36
15 26 46
15 27 22
15 28 12
15 30 44
15 32 26
15 33 7
15 36 9
15 37 15
15 38 50
15 40 47
15 41 39
15 42 37
15 43 57
15 45 23
15 47 13
15 48 19
15 49 34
15 51 40
15 52 6
15 53 1
15 54 10
15 56 38
15 58 18
15 59 0
16 1 48
16 3 34
16 4 13
16 5 0
16 6 53
16 9 23
16 10 12
16 11 16
16 12 41
16 13 56
16 14 47
16 15 4
16 17 35
16 18 42
16 19 20
16 20 24
16 21 37
16 23 49
16 24 27
16 25 25
16 27 14
16 28 50
16 29 1
16 30 54
16 31 28
16 32 18
16 33 31
16 34 46
16 35 7
16 38 32
16 39 36
16 40 44
16 42 22
16 43 58
16 44 15
16 46 19
16 48 26
16 50 29
16 52 17
16 53 3
16 54 55
16 55 38
16 56 6
16 57 8
16 58 43
17 0 51
17 1 22
17 2 56
17 3 35
17 4 7
17 5 40
17 7 53
17 8 2
17 9 36
17 12 38
17 13 59
17 14 25
17 15 52
17 16 8
17 17 26
17 18 21
17 20 18
17 22 28
17 25 57
17 26 47
17 27 6
17 28 19
17 29 13
17 30 10
17 31 49
17 34 9
17 35 16
17 36 39
17 37 58
17 38 37
17 39 55
17 40 20
17 41 33
17 43 34
17 45 4
17 46 17
17 47 15
17 48 42
17 49 41
17 51 50
17 52 30
17 54 24
17 55 45
17 56 44
17 58 48
17 59 23
18 0 32
18 1 3
18 2 27
18 3 4
18 7 21
18 8 1
18 9 19
18 10 53
18 11 0
18 12 58
18 13 47
18 14 13
18 17 42
18 18 15
18 20 31
18 21 33
18 23 57
18 24 8
18 25 51
18 30 16
18 31 45
18 33 12
18 34 28
18 35 39
18 36 23
18 37 46
18 41 20
18 42 54
18 46 10
18 47 55
18 48 25
18 49 22
18 50 41
18 51 35
18 52 24
18 54 36
18 55 9
18 57 34
18 58 6
18 59 2
19 1 56
19 2 34
19 3 16
19 6 0
19 7 3
19 8 12
19 10 35
19 11 17
19 13 1
19 14 55
19 18 13
19 20 47
19 21 15
19 22 43
19 23 51
19 24 19
19 27 20
19 28 6
19 29 8
19 31 44
19 33 27
19 34 11
19 36 10
19 37 9
19 39 29
19 40 22
19 41 36
19 42 40
19 43 46
19 46 4
19 47 39
19 48 53
19 49 32
19 51 54
19 52 7
19 53 33
19 54 25
19 56 50
19 57 42
19 58 49
19 59 37
20 0 38
20 3 2
20 4 0
20 5 37
20 8 49
20 9 22
20 10 54
20 12 39
20 13 9
20 14 56
20 15 36
20 16 52
20 18 48
20 20 42
20 22 11
20 24 12
20 25 13
20 26 58
20 27 35
20 28 18
20 29 53
20 31 34
20 32 59
20 36 8
20 37 32
20 38 25
20 41 44
20 42 17
20 43 31
20 44 6
20 48 27
20 49 7
20 51 47
20 52 50
20 53 23
20 55 21
20 57 26
20 59 28
21 0 3
21 1 1
21 2 55
21 3 27
21 4 4
21 5 43
21 8 35
21 9 37
21 11 33
21 13 10
21 14 41
21 15 14
21 16 54
21 19 31
21 20 36
21 21 9
21 22 29
21 23 15
21 24 51
21 25 49
21 26 16
21 27 44
21 28 34
21 29 42
21 30 38
21 32 56
21 33 32
21 34 20
21 37 59
21 39 6
21 40 17
21 41 40
21 42 50
21 43 11
21 44 28
21 45 47
21 47 58
21 48 21
21 50 8
21 51 0
21 52 18
21 53 25
21 55 48
21 59 22
22 0 0
22 2 40
22 4 26
22 6 58
22 9 33
22 11 53
22 13 34
22 15 30
22 17 51
22 18 54
22 21 20
22 23 21
22 24 50
22 26 57
22 27 3
22 29 55
22 30 29
22 31 19
22 33 5
22 34 7
22 35 2
22 37 56
22 38 45
22 40 39
22 41 9
22 45 35
22 46 43
22 48 4
22 49 27
22 51 12
22 54 31
22 56 17
22 57 10
22 59 6
23 2 3
23 3 46
23 4 34
23 7 29
23 8 27
23 9 39
23 10 32
23 11 49
23 12 51
23 14 37
23 15 45
23 16 14
23 18 33
23 20 22
23 21 47
23 23 2
23 25 54
23 26 36
23 29 26
23 30 18
23 31 16
23 32 30
23 33 23
23 34 19
23 36 59
23 38 48
23 39 57
23 40 15
23 41 6
23 43 43
23 44 42
23 48 9
23 49 56
23 50 24
23 51 17
23 52 41
23 53 44
23 55 55
23 56 40
23 58 10
24 0 54
24 1 29
24 2 59
24 3 26
24 4 27
24 5 20
24 7 12
24 8 56
24 9 8
24 11 37
24 14 34
24 15 18
24 16 53
24 17 17
24 19 9
24 21 3
24 22 50
24 23 31
24 24 6
24 25 14
24 27 45
24 28 41
24 29 52
24 30 24
24 31 36
24 32 10
24 34 42
24 36 11
24 39 28
24 40 48
24 41 21
24 43 5
24 44 7
24 45 22
24 46 23
24 47 0
24 48 58
24 49 15
24 52 57
24 53 35
24 54 2
24 55 25
24 56 1
24 57 13
24 58 40
24 59 49
25 0 31
25 2 28
25 3 33
25 4 5
25 5 25
25 8 40
25 11 50
25 12 56
25 13 18
25 14 43
25 15 24
25 16 20
25 17 59
25 19 12
25 20 48
25 22 3
25 23 55
25 25 6
25 26 0
25 27 1
25 28 51
25 34 38
25 35 35
25 36 7
25 37 49
25 38 16
25 40 53
25 41 13
25 42 2
25 43 26
25 44 32
25 45 44
25 46 15
25 47 11
25 49 19
25 50 30
25 51 22
25 53 58
25 55 17
25 56 10
25 57 57
25 58 37
25 59 34
26 4 50
26 5 36
26 6 9
26 7 56
26 9 30
26 10 31
26 11 12
26 12 18
26 14 27
26 15 55
26 16 21
26 17 0
26 18 10
26 19 8
26 20 6
26 21 54
26 22 32
26 24 2
26 25 5
26 26 20
26 27 59
26 28 47
26 29 40
26 30 19
26 31 26
26 32 41
26 33 52
26 35 33
26 36 29
26 37 43
26 38 34
26 39 25
26 40 42
26 41 23
26 43 24
26 45 14
26 47 45
26 48 16
26 50 28
26 51 4
26 52 39
26 54 44
26 56 22
26 58 46
26 59 35
27 2 16
27 6 13
27 7 10
27 8 57
27 9 56
27 10 39
27 12 5
27 13 29
27 15 48
27 16 34
27 17 25
27 19 44
27 20 28
27 21 31
27 22 35
27 23 46
27 24 38
27 26 22
27 27 49
27 29 4
27 31 51
27 32 43
27 33 20
27 34 50
27 38 47
27 40 9
27 41 24
27 42 58
27 44 26
27 45 53
27 47 21
27 48 7
27 49 3
27 50 37
27 51 6
27 52 11
27 53 41
27 54 14
27 55 32
27 56 8
27 57 15
27 58 59
27 59 55
28 0 4
28 1 24
28 2 38
28 3 44
28 4 54
28 5 2
28 6 5
28 7 49
28 9 1
28 10 10
28 11 51
28 13 58
28 14 11
28 17 22
28 18 6
28 19 32
28 20 29
28 23 43
28 24 9
28 25 20
28 26 40
28 27 31
28 29 17
28 30 8
28 31 12
28 32 47
28 33 26
28 34 59
28 35 53
28 38 35
28 39 45
28 43 37
28 44 19
28 45 46
28 46 28
28 47 3
28 49 52
28 51 23
28 53 21
28 54 0
28 58 27
28 59 15
29 1 35
29 2 54
29 3 55
29 4 21
29 7 19
29 8 47
29 9 26
29 10 13
29 11 59
29 12 11
29 13 27
29 14 44
29 16 12
29 17 50
29 18 28
29 19 6
29 21 34
29 23 4
29 25 53
29 26 25
29 27 36
29 29 58
29 30 43
29 31 14
29 32 17
29 33 33
29 35 57
29 36 40
29 38 2
29 40 30
29 41 18
29 42 48
29 43 49
29 44 10
29 46 41
29 47 20
29 49 1
29 50 39
29 51 15
29 52 29
29 53 9
29 54 38
29 56 46
29 57 56
29 58 52
29 59 16
30 1 44
30 3 28
30 6 6
30 7 33
30 8 14
30 9 20
30 10 55
30 12 27
30 13 26
30 15 31
30 17 40
30 19 7
30 20 58
30 21 38
30 22 21
30 26 24
30 27 37
30 29 12
30 30 9
30 31 4
30 32 32
30 34 25
30 35 41
30 36 36
30 37 1
30 40 43
30 41 11
30 44 18
30 45 34
30 46 16
30 47 29
30 48 17
30 49 10
30 50 42
30 51 51
30 53 52
30 55 46
30 57 45
30 58 23
30 59 56
31 0 47
31 3 17
31 5 29
31 7 13
31 8 23
31 9 28
31 10 34
31 11 42
31 13 55
31 14 19
31 15 41
31 19 50
31 20 54
31 21 27
31 24 37
31 25 58
31 26 6
31 27 53
31 28 56
31 31 20
31 32 44
31 33 35
31 34 1
31 35 51
31 36 46
31 37 22
31 38 31
31 42 57
31 43 40
31 44 16
31 45 2
31 46 36
31 47 4
31 48 11
31 49 39
31 51 26
31 52 21
31 53 5
31 54 33
31 55 8
31 56 12
31 58 14
31 59 25
32 1 28
32 3 36
32 4 51
32 5 44
32 6 32
32 7 55
32 10 7
32 12 12
32 13 43
32 14 31
32 15 20
32 16 10
32 18 35
32 19 40
32 20 37
32 22 15
32 23 45
32 24 30
32 25 2
32 26 8
32 27 25
32 28 24
32 30 59
32 31 50
32 33 58
32 34 4
32 35 9
32 37 17
32 38 0
32 39 42
32 41 47
32 43 38
32 45 29
32 46 52
32 48 14
32 50 34
32 51 56
32 54 39
32 55 57
32 56 54
32 57 33
32 59 11
33 0 39
33 1 34
33 2 9
33 3 31
33 4 17
33 5 55
33 7 52
33 8 53
33 9 54
33 11 41
33 13 16
33 15 58
33 16 47
33 19 37
33 22 20
33 23 29
33 24 56
33 26 48
33 27 19
33 28 59
33 29 50
33 31 23
33 32 0
33 33 28
33 34 35
33 35 40
33 36 27
33 38 10
33 41 14
33 43 22
33 45 30
33 46 5
33 47 49
33 49 6
33 50 33
33 51 3
33 53 32
33 54 21
33 56 36
33 57 24
33 59 7
34 0 25
34 2 1
34 3 9
34 4 20
34 7 17
34 8 11
34 10 16
34 11 45
34 12 0
34 13 5
34 14 23
34 15 39
34 16 57
34 17 34
34 18 41
34 19 10
34 20 4
34 21 50
34 23 19
34 24 21
34 25 24
34 27 30
34 28 14
34 29 35
34 30 7
34 31 32
34 32 40
34 33 49
34 34 43
34 35 22
34 37 27
34 39 44
34 40 13
34 41 52
34 43 18
34 44 31
34 46 58
34 50 47
34 51 46
34 52 2
34 54 3
34 55 37
34 57 51
34 58 28
34 59 59
35 0 55
35 3 6
35 5 34
35 6 49
35 7 54
35 9 9
35 10 0
35 11 3
35 13 31
35 14 35
35 15 32
35 16 23
35 17 46
35 18 27
35 19 58
35 22 42
35 23 28
35 24 11
35 25 19
35 28 20
35 30 25
35 31 10
35 33 41
35 35 37
35 36 30
35 37 14
35 38 17
35 40 24
35 42 43
35 45 33
35 46 57
35 47 22
35 48 18
35 50 4
35 51 44
35 53 26
35 54 53
35 55 15
35 57 40
35 59 13
36 0 21
36 3 57
36 4 16
36 5 56
36 6 51
36 7 38
36 8 37
36 9 55
36 10 25
36 11 4
36 12 24
36 13 19
36 14 32
36 15 34
36 16 33
36 17 44
36 18 39
36 19 47
36 20 1
36 21 30
36 22 26
36 23 53
36 24 43
36 26 11
36 27 7
36 28 9
36 29 3
36 31 58
36 32 42
36 33 2
36 34 54
36 36 18
36 37 12
36 38 15
36 39 31
36 41 28
36 42 6
36 43 59
36 45 10
36 46 49
36 47 40
36 49 23
36 51 41
36 52 35
36 53 22
36 54 27
36 55 36
36 56 13
36 57 20
36 58 8
36 59 48
37 0 13
37 1 43
37 2 10
37 3 37
37 4 22
37 7 2
37 8 34
37 9 16
37 10 41
37 12 17
37 13 46
37 14 24
37 16 56
37 17 4
37 20 20
37 21 19
37 22 39
37 23 25
37 24 49
37 25 27
37 27 11
37 28 40
37 29 5
37 31 18
37 33 50
37 34 44
37 35 3
37 40 12
37 41 32
37 43 23
37 44 53
37 45 6
37 46 47
37 47 38
37 50 0
37 52 15
37 53 31
37 55 28
37 57 54
37 58 30
37 59 1
38 0 30
38 1 10
38 2 25
38 3 29
38 5 48
38 6 20
38 7 24
38 8 16
38 9 50
38 10 44
38 11 18
38 12 57
38 13 11
38 14 40
38 15 54
38 17 43
38 18 22
38 20 2
38 21 39
38 22 1
38 23 12
38 24 0
38 26 7
38 27 15
38 28 33
38 29 28
38 30 47
38 31 38
38 33 55
38 35 49
38 37 8
38 39 23
38 40 21
38 41 41
38 43 52
38 44 45
38 45 37
38 46 14
38 47 53
38 48 6
38 49 35
38 50 27
38 51 58
38 52 59
38 53 46
38 54 13
38 55 3
38 57 19
38 58 31
38 59 42
39 0 56
39 2 31
39 5 3
39 7 8
39 8 41
39 9 52
39 12 10
39 13 54
39 14 26
39 15 17
39 16 32
39 18 55
39 20 25
39 21 59
39 22 48
39 23 23
39 26 4
39 27 43
39 28 42
39 29 19
39 31 0
39 32 16
39 34 12
39 35 21
39 37 35
39 40 2
39 41 34
39 42 30
39 43 27
39 44 13
39 45 11
39 46 39
39 47 50
39 48 46
39 49 45
39 50 22
39 53 20
39 54 49
39 55 40
39 56 7
39 57 9
39 58 24
39 59 18
40 0 40
40 2 33
40 5 7
40 6 30
40 7 32
40 10 51
40 12 19
40 13 12
40 14 28
40 16 38
40 17 23
40 19 16
40 20 17
40 21 57
40 22 25
40 23 54
40 25 26
40 26 55
40 27 27
40 28 36
40 29 22
40 32 58
40 34 3
40 36 37
40 37 31
40 38 29
40 39 0
40 40 45
40 41 35
40 42 42
40 43 50
40 44 48
40 46 8
40 47 59
40 48 49
40 50 9
40 52 44
40 54 41
40 55 20
40 56 34
40 57 1
40 58 39
40 59 52
41 0 35
41 1 11
41 2 15
41 4 58
41 8 8
41 9 10
41 10 22
41 12 54
41 13 42
41 15 1
41 18 25
41 19 33
41 20 34
41 22 40
41 24 36
41 25 56
41 27 21
41 28 52
41 29 59
41 30 31
41 32 53
41 33 48
41 34 2
41 36 0
41 38 19
41 39 51
41 41 30
41 45 49
41 46 20
41 47 47
41 48 37
41 49 29
41 50 17
41 53 50
41 54 7
41 55 43
41 56 9
41 59 12
42 1 50
42 2 0
42 3 39
42 4 48
42 6 27
42 7 46
42 14 10
42 16 9
42 17 19
42 19 22
42 20 45
42 21 18
42 23 58
42 24 15
42 25 44
42 26 49
42 27 56
42 29 25
42 30 35
42 31 40
42 32 38
42 33 8
42 34 30
42 35 17
42 36 16
42 37 57
42 38 54
42 39 43
42 40 4
42 41 1
42 42 32
42 43 33
42 45 42
42 46 21
42 48 13
42 49 36
42 50 26
42 51 37
42 53 14
42 54 52
42 57 3
42 58 12
42 59 47
43 0 7
43 1 4
43 2 49
43 5 51
43 6 28
43 7 35
43 8 32
43 10 50
43 11 21
43 12 9
43 17 11
43 18 37
43 19 18
43 20 38
43 22 46
43 24 40
43 25 8
43 28 15
43 29 43
43 30 2
43 31 31
43 32 20
43 34 39
43 35 48
43 36 58
43 37 0
43 39 24
43 40 36
43 42 33
43 44 44
43 45 3
43 46 30
43 48 1
43 49 16
43 50 19
43 53 53
43 55 13
43 56 57
43 57 25
43 58 29
43 59 41
44 1 32
44 2 18
44 3 14
44 4 46
44 5 58
44 6 11
44 7 28
44 8 29
44 9 40
44 10 20
44 14 5
44 15 42
44 17 13
44 18 19
44 19 0
44 20 51
44 21 55
44 22 38
44 23 56
44 25 41
44 26 45
44 27 10
44 28 48
44 29 7
44 30 21
44 31 52
44 33 3
44 34 27
44 35 26
44 36 47
44 39 17
44 41 22
44 42 9
44 44 36
44 45 57
44 49 25
44 50 35
44 51 8
44 56 24
44 58 16
44 59 50
45 1 25
45 2 7
45 3 3
45 4 57
45 5 22
45 6 42
45 7 18
45 8 50
45 9 48
45 10 58
45 11 15
45 14 4
45 15 13
45 16 35
45 17 2
45 18 59
45 19 38
45 20 21
45 22 5
45 23 34
45 25 29
45 26 10
45 27 32
45 31 43
45 33 9
45 34 40
45 35 0
45 36 49
45 37 16
45 38 30
45 40 23
45 41 8
45 42 28
45 43 19
45 45 39
45 46 11
45 48 41
45 49 20
45 50 45
45 51 36
45 53 47
45 58 55
45 59 27
46 0 29
46 2 26
46 3 15
46 4 41
46 5 24
46 6 50
46 8 39
46 10 45
46 11 8
46 12 28
46 13 30
46 14 6
46 15 23
46 16 49
46 18 3
46 20 16
46 23 40
46 25 32
46 26 56
46 27 57
46 28 7
46 29 48
46 31 46
46 32 55
46 33 25
46 34 34
46 35 19
46 36 35
46 37 42
46 38 43
46 40 33
46 41 4
46 42 27
46 45 12
46 46 54
46 49 2
46 50 1
46 51 59
46 52 52
46 53 38
46 54 17
46 55 47
46 57 0
47 0 58
47 3 50
47 5 47
47 6 56
47 7 57
47 8 6
47 9 42
47 11 14
47 12 31
47 13 49
47 14 16
47 16 36
47 19 11
47 20 8
47 21 44
47 22 4
47 23 37
47 24 28
47 25 52
47 26 12
47 27 34
47 28 54
47 31 2
47 32 51
47 33 38
47 34 24
47 36 1
47 37 40
47 38 55
47 40 27
47 41 59
47 42 46
47 43 35
47 44 30
47 45 9
47 46 45
47 47 19
47 48 10
47 49 13
47 51 7
47 54 29
47 55 23
47 56 0
47 58 26
47 59 17
48 1 15
48 4 31
48 5 41
48 6 34
48 7 1
48 8 22
48 9 12
48 10 47
48 11 43
48 12 53
48 13 7
48 17 30
48 18 26
48 20 40
48 21 29
48 23 27
48 25 35
48 26 50
48 27 17
48 28 28
48 29 10
48 30 14
48 31 11
48 33 57
48 34 55
48 36 25
48 37 3
48 39 37
48 40 32
48 41 58
48 42 38
48 43 2
48 44 56
48 45 18
48 46 33
48 47 42
48 48 23
48 49 21
48 50 44
48 51 49
48 52 48
48 53 54
48 54 51
48 56 20
48 57 59
48 59 46
49 0 17
49 1 39
49 2 20
49 3 40
49 5 1
49 7 25
49 8 4
49 9 2
49 10 18
49 11 48
49 13 36
49 14 33
49 16 13
49 19 19
49 20 14
49 22 47
49 23 50
49 24 55
49 25 59
49 26 30
49 27 8
49 30 49
49 31 21
49 34 41
49 35 45
49 37 51
49 38 28
49 40 5
49 42 11
49 45 58
49 46 22
49 47 35
49 48 52
49 49 0
49 50 6
49 53 29
49 54 15
49 57 12
49 58 56
49 59 44
50 0 26
50 2 29
50 4 8
50 5 4
50 6 43
50 7 11
50 8 31
50 10 28
50 12 46
50 13 37
50 14 39
50 15 51
50 16 50
50 17 54
50 19 25
50 20 19
50 21 49
50 22 13
50 23 5
50 26 23
50 27 18
50 29 2
50 30 34
50 31 41
50 32 7
50 33 36
50 35 12
50 36 38
50 37 24
50 38 40
50 39 14
50 40 1
50 42 35
50 43 6
50 44 55
50 45 17
50 46 3
50 47 16
50 48 47
50 49 9
50 51 32
50 52 33
50 53 48
50 54 45
50 55 30
50 59 57
51 0 24
51 1 59
51 4 9
51 5 12
51 6 45
51 8 0
51 10 36
51 11 23
51 13 13
51 14 49
51 16 15
51 17 38
51 18 29
51 20 50
51 21 25
51 22 18
51 23 41
51 24 57
51 25 4
51 27 46
51 29 11
51 30 3
51 31 47
51 33 53
51 35 20
51 38 8
51 39 21
51 40 6
51 42 31
51 44 52
51 45 55
51 46 2
51 47 14
51 49 5
51 51 30
51 52 1
51 54 34
51 56 43
51 57 37
51 58 32
51 59 33
52 2 32
52 3 38
52 4 47
52 5 54
52 6 26
52 7 9
52 8 45
52 9 7
52 10 17
52 14 0
52 17 52
52 18 50
52 19 29
52 22 30
52 23 36
52 24 46
52 26 42
52 28 44
52 29 39
52 30 12
52 31 55
52 32 3
52 33 11
52 37 4
52 41 19
52 43 14
52 45 1
52 46 56
52 48 59
52 50 49
52 53 37
52 54 6
52 55 22
52 56 31
52 57 2
53 0 42
53 1 46
53 2 51
53 3 25
53 4 59
53 5 11
53 7 15
53 8 44
53 9 41
53 10 26
53 11 38
53 13 40
53 14 36
53 15 10
53 16 31
53 17 24
53 18 49
53 19 34
53 20 55
53 22 14
53 23 35
53 24 45
53 25 28
53 26 9
53 27 13
53 28 16
53 29 54
53 31 57
53 32 50
53 33 30
53 34 21
53 35 8
53 37 33
53 38 1
53 39 20
53 43 56
53 46 32
53 47 23
53 48 22
53 49 37
53 50 7
53 51 29
53 52 0
53 53 19
53 54 12
53 56 47
53 57 58
54 0 45
54 1 37
54 3 20
54 4 43
54 6 7
54 7 59
54 9 32
54 10 57
54 11 31
54 12 50
54 13 17
54 15 8
54 17 16
54 18 12
54 19 36
54 20 10
54 21 35
54 22 23
54 24 48
54 25 46
54 26 3
54 28 2
54 30 42
54 31 30
54 32 27
54 33 13
54 35 29
54 36 15
54 37 6
54 38 41
54 39 4
54 41 49
54 43 55
54 45 25
54 46 26
54 48 56
54 49 38
54 50 11
54 51 53
54 53 40
54 54 5
54 55 52
54 56 28
54 57 14
54 58 19
55 1 41
55 2 39
55 3 45
55 7 4
55 8 46
55 9 47
55 11 40
55 12 43
55 13 33
55 14 57
55 15 2
55 16 48
55 20 59
55 21 7
55 22 27
55 24 17
55 25 9
55 27 26
55 28 31
55 30 28
55 32 23
55 34 32
55 35 58
55 37 10
55 38 11
55 39 35
55 40 29
55 41 50
55 43 20
55 44 14
55 46 42
55 47 30
55 48 3
55 49 12
55 50 56
55 51 16
55 52 5
55 54 54
55 55 34
55 56 52
56 0 53
56 1 5
56 2 11
56 3 22
56 4 1
56 5 21
56 6 37
56 7 40
56 9 18
56 10 19
56 11 13
56 13 6
56 19 26
56 22 10
56 24 23
56 27 28
56 28 32
56 29 0
56 33 51
56 34 47
56 35 42
56 38 38
56 39 46
56 40 7
56 41 3
56 42 14
56 44 43
56 45 20
56 46 12
56 48 50
56 50 25
56 51 27
56 52 56
56 53 24
56 55 41
56 58 36
56 59 54
57 0 6
57 1 7
57 3 41
57 4 11
57 6 16
57 7 37
57 8 52
57 11 10
57 12 33
57 14 51
57 15 40
57 16 19
57 17 1
57 18 44
57 19 14
57 20 23
57 21 36
57 22 55
57 26 13
57 27 2
57 29 32
57 31 42
57 32 39
57 33 17
57 34 8
57 35 31
57 36 5
57 37 48
57 40 54
57 42 15
57 43 4
57 44 58
57 48 57
57 52 26
57 53 56
57 55 35
57 56 21
57 58 34
57 59 3
58 0 36
58 1 52
58 3 32
58 4 18
58 5 46
58 6 57
58 7 50
58 8 42
58 9 21
58 10 37
58 11 1
58 12 14
58 14 30
58 15 27
58 16 2
58 17 3
58 18 31
58 19 41
58 22 44
58 23 33
58 24 5
58 25 11
58 26 53
58 27 38
58 28 58
58 29 24
58 30 26
58 33 10
58 35 47
58 36 12
58 39 49
58 40 19
58 41 17
58 42 23
58 43 51
58 44 35
58 45 59
58 46 9
58 48 55
58 49 8
58 51 34
58 52 54
58 58 22
58 59 20
59 0 48
59 2 35
59 3 49
59 4 30
59 5 23
59 7 34
59 8 25
59 9 11
59 10 5
59 11 47
59 13 50
59 14 59
59 15 19
59 17 9
59 18 14
59 19 21
59 21 4
59 22 7
59 27 58
59 28 57
59 29 15
59 30 32
59 32 28
59 33 24
59 35 1
59 37 36
59 38 18
59 39 38
59 40 51
59 41 42
59 42 52
59 44 2
59 45 41
59 46 53
59 47 12
59 48 45
59 49 33
59 52 27
59 53 0
59 55 10
59 56 29
59 59 40
