70
0 0 17
0 3 48
0 8 36
0 10 26
0 18 56
0 22 0
0 23 16
0 24 41
0 25 10
0 26 6
0 27 46
0 28 29
0 35 27
0 38 37
0 40 12
0 41 8
0 42 19
0 46 68
0 48 52
0 49 61
0 53 1
0 55 35
0 58 13
0 59 24
0 63 4
0 65 31
1 1 63
1 3 43
1 4 4
1 5 21
1 8 68
1 10 51
1 11 35
1 16 34
1 20 40
1 21 14
1 23 20
1 27 27
1 29 60
1 34 19
1 35 32
1 37 59
1 40 64
1 46 13
1 59 9
1 67 47
2 6 34
2 9 23
2 12 26
2 15 60
2 18 47
2 21 46
2 23 31
2 27 5
2 31 43
2 33 28
2 36 49
2 39 65
2 40 48
2 43 21
2 45 17
2 54 50
2 55 20
2 58 42
2 68 9
3 1 56
3 3 49
3 5 62
3 8 40
3 9 37
3 13 65
3 15 36
3 16 11
3 22 53
3 27 66
3 29 46
3 31 16
3 36 14
3 38 51
3 39 4
3 49 26
3 54 19
3 57 58
3 65 21
3 66 34
3 67 33
3 68 27
4 4 14
4 7 35
4 9 24
4 12 44
4 13 28
4 18 15
4 20 3
4 21 32
4 26 12
4 27 10
4 28 13
4 32 63
4 33 33
4 45 34
4 49 36
4 50 31
4 65 9
4 66 11
4 68 5
5 2 51
5 4 53
5 9 36
5 10 1
5 11 23
5 13 21
5 23 0
5 28 64
5 30 10
5 31 31
5 32 41
5 44 30
5 51 43
5 53 58
5 54 42
5 56 6
5 57 28
5 58 54
5 59 55
5 62 65
5 65 5
5 66 57
5 68 45
6 3 69
6 4 13
6 11 34
6 12 57
6 17 67
6 19 43
6 24 28
6 28 19
6 33 49
6 38 59
6 45 15
6 48 22
6 50 37
6 51 62
6 59 64
6 61 10
6 62 60
6 68 38
7 5 14
7 11 67
7 16 35
7 17 29
7 18 19
7 19 32
7 21 5
7 23 3
7 29 66
7 31 48
7 32 24
7 37 18
7 42 59
7 49 21
7 52 68
7 54 60
7 58 62
7 65 22
7 68 55
8 3 68
8 5 1
8 16 13
8 25 58
8 28 40
8 36 59
8 37 14
8 38 28
8 40 55
8 42 69
8 49 25
8 50 36
8 51 19
8 53 17
8 56 41
8 61 32
8 62 4
8 68 26
9 9 41
9 16 45
9 20 61
9 21 44
9 22 49
9 23 64
9 24 34
9 25 1
9 28 5
9 31 30
9 32 32
9 42 52
9 45 19
9 47 14
9 48 10
9 60 7
9 66 43
9 69 2
10 0 63
10 6 44
10 10 68
10 12 66
10 15 65
10 21 31
10 22 3
10 24 59
10 32 61
10 37 20
10 40 0
10 41 47
10 42 25
10 43 22
10 45 67
10 46 14
10 47 52
10 49 41
10 50 13
10 51 1
10 52 58
10 54 36
10 55 4
10 62 18
10 66 24
10 69 6
11 1 55
11 6 65
11 8 27
11 16 19
11 20 33
11 23 66
11 24 37
11 26 46
11 30 63
11 32 6
11 33 14
11 35 23
11 42 17
11 46 36
11 47 34
11 51 9
11 52 59
11 53 38
11 54 25
11 61 52
11 64 11
11 65 13
11 68 49
12 9 21
12 10 46
12 15 34
12 19 23
12 22 50
12 23 29
12 24 64
12 27 53
12 30 17
12 38 32
12 43 54
12 46 4
12 52 27
12 55 52
12 58 12
12 62 9
12 65 36
12 67 13
13 1 21
13 5 44
13 8 48
13 11 61
13 13 49
13 18 4
13 21 12
13 23 18
13 27 24
13 33 10
13 34 57
13 37 34
13 46 46
13 49 40
13 52 25
13 54 33
13 61 14
13 62 26
13 68 16
14 0 18
14 3 36
14 4 62
14 13 55
14 15 31
14 17 39
14 18 16
14 22 35
14 25 33
14 29 38
14 32 44
14 35 64
14 39 14
14 44 60
14 46 24
14 48 12
14 49 34
14 50 5
14 56 9
14 63 61
14 64 58
14 67 65
15 6 31
15 9 65
15 10 66
15 13 18
15 15 59
15 16 6
15 18 39
15 21 38
15 24 56
15 25 15
15 28 36
15 36 9
15 37 47
15 38 16
15 39 40
15 41 28
15 44 11
15 45 53
15 47 23
15 48 5
15 54 43
15 56 50
15 58 52
15 62 10
15 67 17
16 5 43
16 7 12
16 9 60
16 12 11
16 17 0
16 19 28
16 20 31
16 21 10
16 22 54
16 25 65
16 26 47
16 27 39
16 28 9
16 29 58
16 32 18
16 34 42
16 36 8
16 37 69
16 38 52
16 44 45
16 45 51
16 46 38
16 49 2
16 54 4
16 58 34
16 60 17
16 61 35
16 64 67
16 68 64
16 69 1
17 3 63
17 4 35
17 5 50
17 9 31
17 11 22
17 16 69
17 19 52
17 23 48
17 25 5
17 27 64
17 28 24
17 30 43
17 32 17
17 33 53
17 40 8
17 41 21
17 44 40
17 45 68
17 48 38
17 51 3
17 63 47
17 65 41
17 69 32
18 2 39
18 4 7
18 5 33
18 8 64
18 15 49
18 18 51
18 32 10
18 33 63
18 47 3
18 50 0
18 51 65
18 57 54
18 59 4
18 62 50
19 0 25
19 4 56
19 5 0
19 6 10
19 20 6
19 23 49
19 28 11
19 34 7
19 35 13
19 42 68
19 44 67
19 46 48
19 49 44
19 50 61
19 55 55
19 56 15
19 57 65
19 61 45
19 63 32
20 3 45
20 4 64
20 6 57
20 10 69
20 11 25
20 13 42
20 22 1
20 27 68
20 30 27
20 35 60
20 36 66
20 41 33
20 43 31
20 50 11
20 55 44
20 56 29
20 59 12
20 61 15
20 62 24
20 63 65
20 66 4
20 69 48
21 8 31
21 9 61
21 13 43
21 16 53
21 18 35
21 19 44
21 20 9
21 25 47
21 26 13
21 27 58
21 29 64
21 31 26
21 32 4
21 33 17
21 36 32
21 39 49
21 40 16
21 42 5
21 47 59
21 48 14
21 50 56
21 53 22
21 54 6
21 56 25
21 57 55
21 58 18
21 59 23
21 61 7
21 64 62
21 65 19
21 67 29
22 0 11
22 1 8
22 2 56
22 9 38
22 10 67
22 16 21
22 17 17
22 18 28
22 26 48
22 31 55
22 32 37
22 34 52
22 37 57
22 44 6
22 50 19
22 51 39
22 52 41
22 53 30
22 55 64
22 56 26
22 59 0
22 62 43
22 63 23
22 69 47
23 3 62
23 7 7
23 8 5
23 9 14
23 14 1
23 19 47
23 23 40
23 30 50
23 31 42
23 36 65
23 37 39
23 41 12
23 43 60
23 44 44
23 45 36
23 48 8
23 52 0
23 58 6
23 59 10
23 62 54
23 66 35
23 69 59
24 5 68
24 8 51
24 15 14
24 17 55
24 18 13
24 19 59
24 20 34
24 23 63
24 27 36
24 28 56
24 29 9
24 33 31
24 36 6
24 37 54
24 39 39
24 40 38
24 41 16
24 46 21
24 48 28
24 50 49
24 54 53
24 65 37
24 68 67
25 2 16
25 4 43
25 5 51
25 9 8
25 15 21
25 16 1
25 18 53
25 20 36
25 23 67
25 27 48
25 29 3
25 30 13
25 31 61
25 32 2
25 34 69
25 39 30
25 41 15
25 42 38
25 43 42
25 45 4
25 50 20
25 53 54
25 56 37
25 59 11
25 61 50
25 62 40
25 64 5
25 65 66
26 4 51
26 7 66
26 14 36
26 15 18
26 16 43
26 17 6
26 20 0
26 23 25
26 26 8
26 27 17
26 28 35
26 34 10
26 40 20
26 41 59
26 44 13
26 45 9
26 46 26
26 49 48
26 50 12
26 52 33
26 59 32
26 60 47
26 61 28
26 65 42
26 66 15
26 68 60
27 4 10
27 5 39
27 7 49
27 8 52
27 10 6
27 12 47
27 14 66
27 16 27
27 18 38
27 23 54
27 24 14
27 32 35
27 37 17
27 43 2
27 44 37
27 51 60
27 53 9
27 56 55
27 60 16
27 62 67
27 67 45
27 69 25
28 0 7
28 1 57
28 2 6
28 3 47
28 5 48
28 11 50
28 12 59
28 14 45
28 15 69
28 18 64
28 22 65
28 27 4
28 31 67
28 34 25
28 35 20
28 36 34
28 41 13
28 44 16
28 49 12
28 54 55
28 58 15
28 59 51
28 60 27
28 61 24
28 62 3
28 63 28
28 69 10
29 1 34
29 8 67
29 9 13
29 10 28
29 12 42
29 14 39
29 17 64
29 18 7
29 27 9
29 29 10
29 33 65
29 40 52
29 42 21
29 47 24
29 50 69
29 52 66
29 56 1
29 57 26
29 59 8
29 62 23
29 67 20
29 68 14
30 3 21
30 7 59
30 13 8
30 20 49
30 28 12
30 33 66
30 34 37
30 40 27
30 41 42
30 48 50
30 50 34
30 51 52
30 53 3
30 54 69
30 62 36
30 66 62
30 69 63
31 0 4
31 2 0
31 7 26
31 8 9
31 9 48
31 10 21
31 11 52
31 12 43
31 14 41
31 19 16
31 20 23
31 21 25
31 22 17
31 27 63
31 28 28
31 30 56
31 32 54
31 33 30
31 36 5
31 44 46
31 48 15
31 65 64
31 66 69
32 7 64
32 17 11
32 29 6
32 31 65
32 36 47
32 45 39
32 48 42
32 55 16
32 57 32
32 59 41
32 66 60
32 68 57
33 5 42
33 7 65
33 9 4
33 13 41
33 15 48
33 21 13
33 23 19
33 33 61
33 34 15
33 35 50
33 36 17
33 39 21
33 41 0
34 1 25
34 2 23
34 5 47
34 6 36
34 11 9
34 12 50
34 13 16
34 17 57
34 25 0
34 33 5
34 42 30
34 43 34
34 45 1
34 46 62
34 49 14
34 52 32
34 54 51
34 55 37
34 60 10
34 61 49
34 68 52
35 0 43
35 2 33
35 7 40
35 13 34
35 15 11
35 25 61
35 31 66
35 34 54
35 40 53
35 44 35
35 48 31
35 49 52
35 52 2
35 53 13
35 63 29
35 66 27
35 68 7
35 69 44
36 0 32
36 2 19
36 7 11
36 8 10
36 9 69
36 13 64
36 20 27
36 23 46
36 24 2
36 33 41
36 34 14
36 38 1
36 41 23
36 44 49
36 52 16
36 54 12
36 55 60
36 58 26
36 61 43
36 64 53
36 66 22
36 69 42
37 0 55
37 1 19
37 11 18
37 13 56
37 15 29
37 16 40
37 19 15
37 21 52
37 23 5
37 25 64
37 27 60
37 30 12
37 36 46
37 42 51
37 54 48
37 58 41
37 68 6
38 1 28
38 2 65
38 4 47
38 5 19
38 10 17
38 13 10
38 14 67
38 16 2
38 24 40
38 29 39
38 30 3
38 32 53
38 33 27
38 34 51
38 35 26
38 36 24
38 37 48
38 38 60
38 40 36
38 42 43
38 43 58
38 44 7
38 46 61
38 47 44
38 48 0
38 51 29
38 53 37
38 56 38
39 1 2
39 2 61
39 3 3
39 5 58
39 12 19
39 14 9
39 15 67
39 18 11
39 21 17
39 22 28
39 23 22
39 24 63
39 28 65
39 29 42
39 30 59
39 31 5
39 33 44
39 37 7
39 39 34
39 41 29
39 42 56
39 45 33
39 46 69
39 57 37
39 58 53
39 61 46
39 64 48
39 68 12
39 69 43
40 0 28
40 2 58
40 4 32
40 8 47
40 11 8
40 15 13
40 18 6
40 19 29
40 20 67
40 21 24
40 23 43
40 25 57
40 26 50
40 27 20
40 32 64
40 33 48
40 40 56
40 41 65
40 42 33
40 43 7
40 48 36
40 51 42
40 56 52
40 57 14
40 58 2
40 61 68
40 63 26
40 64 40
40 66 30
41 4 66
41 5 46
41 7 25
41 9 47
41 11 59
41 12 4
41 13 63
41 16 17
41 17 27
41 19 13
41 20 10
41 26 32
41 28 62
41 31 20
41 34 3
41 37 64
41 43 61
41 45 40
41 47 58
41 51 50
41 53 57
41 54 44
41 57 33
41 60 28
41 62 15
41 63 22
41 65 55
41 69 0
42 3 39
42 9 67
42 10 14
42 13 35
42 18 46
42 19 65
42 20 28
42 29 32
42 30 23
42 37 61
42 40 40
42 41 5
42 44 59
42 45 12
42 46 33
42 49 45
42 51 7
42 54 13
42 61 22
43 0 41
43 5 20
43 7 51
43 10 53
43 16 65
43 17 31
43 22 62
43 23 9
43 25 26
43 27 28
43 28 44
43 29 35
43 30 36
43 35 43
43 39 59
43 46 0
43 48 64
43 56 5
43 57 29
43 61 11
43 63 34
43 64 52
43 65 56
43 68 69
44 11 24
44 17 59
44 19 68
44 20 15
44 21 56
44 28 32
44 37 1
44 39 58
44 43 12
44 48 41
44 52 9
44 55 25
44 60 44
44 65 6
44 66 61
45 0 6
45 7 15
45 18 57
45 26 14
45 27 29
45 31 7
45 35 62
45 39 54
45 43 51
45 44 43
45 45 66
45 47 50
45 48 49
45 49 0
45 61 55
45 65 16
45 68 2
46 0 35
46 2 7
46 10 5
46 13 30
46 20 47
46 22 8
46 33 16
46 34 12
46 42 15
46 45 49
46 50 3
46 52 60
46 54 27
46 58 14
46 63 10
46 64 1
47 4 15
47 5 9
47 7 45
47 8 55
47 9 26
47 10 40
47 15 10
47 16 66
47 19 27
47 23 12
47 24 39
47 28 3
47 30 33
47 41 50
47 47 48
47 48 18
47 49 4
47 52 30
47 57 67
47 59 68
47 66 8
47 67 2
48 3 31
48 7 13
48 8 26
48 11 51
48 15 27
48 16 44
48 18 32
48 27 34
48 30 15
48 34 1
48 35 47
48 40 5
48 41 17
48 43 59
48 49 66
48 50 8
48 53 56
48 55 33
48 58 48
48 63 67
48 64 38
48 65 35
49 0 8
49 10 0
49 11 48
49 16 41
49 22 59
49 25 27
49 29 56
49 34 21
49 38 68
49 42 14
49 48 32
49 49 65
49 52 40
49 58 23
49 61 17
49 66 58
50 1 51
50 3 26
50 5 6
50 6 46
50 16 54
50 18 8
50 23 52
50 38 48
50 39 41
50 40 13
50 42 47
50 45 43
50 46 45
50 51 12
50 58 39
50 59 37
50 60 68
50 61 60
50 62 21
50 63 11
50 67 66
50 68 29
51 2 29
51 3 66
51 7 27
51 12 63
51 18 10
51 19 38
51 24 68
51 26 41
51 30 47
51 31 9
51 36 61
51 43 35
51 46 8
51 49 53
51 52 49
51 53 6
51 56 22
51 61 16
51 68 21
52 0 16
52 2 20
52 13 45
52 16 24
52 19 36
52 20 56
52 21 0
52 23 15
52 24 6
52 25 54
52 27 25
52 29 41
52 32 49
52 34 34
52 36 10
52 37 62
52 38 47
52 42 9
52 43 55
52 51 5
52 53 21
52 60 65
52 61 64
53 0 56
53 5 23
53 7 68
53 11 12
53 12 17
53 22 37
53 28 31
53 34 11
53 39 26
53 42 16
53 46 3
53 47 2
53 48 51
53 57 5
53 63 18
53 64 49
54 0 37
54 4 63
54 6 6
54 7 10
54 10 13
54 12 24
54 14 35
54 21 47
54 26 68
54 27 65
54 29 23
54 30 64
54 35 21
54 36 48
54 37 52
54 45 29
54 50 17
54 53 2
54 57 46
54 62 1
54 67 49
55 1 27
55 8 8
55 10 60
55 18 26
55 23 37
55 28 6
55 31 19
55 33 24
55 42 29
55 43 62
55 44 28
55 47 46
55 50 2
55 53 15
55 60 58
55 63 42
55 66 68
56 12 18
56 13 1
56 14 54
56 15 20
56 16 26
56 17 24
56 20 62
56 21 35
56 23 50
56 25 4
56 26 55
56 29 27
56 30 22
56 32 51
56 38 5
56 39 12
56 41 61
56 44 3
56 46 25
56 48 13
56 55 23
56 56 64
56 60 48
56 61 8
56 62 59
56 68 32
56 69 36
57 0 69
57 1 45
57 2 36
57 3 1
57 4 68
57 5 37
57 6 67
57 13 15
57 14 32
57 15 33
57 16 39
57 18 42
57 19 54
57 20 35
57 21 63
57 22 26
57 27 30
57 28 43
57 31 34
57 38 24
57 42 22
57 46 2
57 54 20
57 60 0
58 10 10
58 18 31
58 31 24
58 33 59
58 34 56
58 35 15
58 40 17
58 42 13
58 43 38
58 46 55
58 54 67
58 56 51
58 57 4
58 60 32
58 63 45
58 67 40
59 1 54
59 4 45
59 5 49
59 9 28
59 11 4
59 16 15
59 18 68
59 23 32
59 26 67
59 35 30
59 42 12
59 48 27
59 51 18
59 56 43
59 60 66
59 66 39
59 67 3
60 4 37
60 16 47
60 18 20
60 22 9
60 31 29
60 32 15
60 33 51
60 37 63
60 40 49
60 41 6
60 43 48
60 45 21
60 46 17
60 50 40
60 52 38
60 54 7
60 55 65
60 61 67
60 62 0
60 66 36
60 67 16
60 69 50
61 0 48
61 1 15
61 2 49
61 3 57
61 5 5
61 7 54
61 11 29
61 19 64
61 21 45
61 22 66
61 23 2
61 31 47
61 38 55
61 41 40
61 42 37
61 43 10
61 48 67
61 51 25
61 57 13
61 59 1
61 68 63
62 2 31
62 4 52
62 5 4
62 7 36
62 18 22
62 32 46
62 36 12
62 42 1
62 43 39
62 46 65
62 47 55
62 50 44
62 52 19
62 53 51
62 55 0
62 59 13
62 60 45
63 3 60
63 5 40
63 6 23
63 10 44
63 14 27
63 20 69
63 21 4
63 28 49
63 30 46
63 34 5
63 35 36
63 42 61
63 46 28
63 52 22
63 54 21
63 58 7
63 60 64
63 67 55
64 5 10
64 8 62
64 13 22
64 17 37
64 18 43
64 19 11
64 27 57
64 28 59
64 29 34
64 31 3
64 38 29
64 45 46
64 49 32
64 55 24
64 56 18
64 58 67
64 59 60
64 60 5
64 68 33
65 1 31
65 2 64
65 3 15
65 5 25
65 6 49
65 10 32
65 12 45
65 14 65
65 29 40
65 33 62
65 34 29
65 35 4
65 37 5
65 38 22
65 42 26
65 44 0
65 45 57
65 46 6
65 53 43
65 62 30
65 64 60
65 66 66
65 68 37
66 0 21
66 21 33
66 22 67
66 35 3
66 36 57
66 38 15
66 52 23
66 53 61
66 54 52
66 58 45
66 59 36
66 68 58
67 0 59
67 6 53
67 9 66
67 14 3
67 18 41
67 21 58
67 23 7
67 24 55
67 28 0
67 34 36
67 35 18
67 38 6
67 40 43
67 41 32
67 44 68
67 47 51
67 51 33
67 58 47
67 59 52
67 62 64
67 64 50
67 66 29
68 2 17
68 3 40
68 4 25
68 16 20
68 23 33
68 25 53
68 26 52
68 30 30
68 37 60
68 39 24
68 40 6
68 42 3
68 44 39
68 54 34
68 56 19
68 59 66
69 0 10
69 8 19
69 9 45
69 14 13
69 16 29
69 20 64
69 21 57
69 24 12
69 25 60
69 28 4
69 29 55
69 30 48
69 31 17
69 38 25
69 42 23
69 45 41
69 46 49
69 48 59
69 51 56
69 53 34
69 64 14
69 65 46
