60
0 1 59
0 7 5
0 8 4
0 11 47
0 13 52
0 14 34
0 16 28
0 18 51
0 26 16
0 30 27
0 34 11
0 39 48
0 43 3
0 44 44
0 46 30
0 49 54
0 57 37
1 0 47
1 2 19
1 7 56
1 9 3
1 12 2
1 14 54
1 19 7
1 25 12
1 27 34
1 31 20
1 32 55
1 33 37
1 35 42
1 36 33
1 37 57
1 42 26
1 43 16
1 46 25
1 53 59
1 54 48
1 56 52
1 57 5
1 58 27
2 3 24
2 5 55
2 6 20
2 7 33
2 11 40
2 25 50
2 27 3
2 31 5
2 34 2
2 38 16
2 41 30
2 43 26
2 44 47
2 47 58
2 53 46
2 55 56
3 3 18
3 4 29
3 5 4
3 7 6
3 10 48
3 11 59
3 17 27
3 21 34
3 25 55
3 30 57
3 31 12
3 37 5
3 40 9
3 41 33
3 46 51
3 55 52
3 57 0
4 3 50
4 9 7
4 11 15
4 12 17
4 15 46
4 17 28
4 20 59
4 21 24
4 27 57
4 28 47
4 29 22
4 32 8
4 33 30
4 43 45
4 44 38
4 52 58
4 54 20
5 1 15
5 7 26
5 10 9
5 18 12
5 19 16
5 23 55
5 25 27
5 26 3
5 30 10
5 31 23
5 34 22
5 39 45
5 45 50
5 46 7
5 47 14
5 48 44
6 2 10
6 5 34
6 7 17
6 9 20
6 10 2
6 13 54
6 15 3
6 19 5
6 29 48
6 31 14
6 33 28
6 36 43
6 37 56
6 38 33
6 40 41
6 42 46
6 45 0
6 49 30
6 50 21
6 51 11
7 0 57
7 3 37
7 6 3
7 18 48
7 21 20
7 24 29
7 28 4
7 30 54
7 31 41
7 35 19
7 38 45
7 39 52
7 41 56
7 49 51
7 54 39
7 59 30
8 0 11
8 2 57
8 3 6
8 7 39
8 12 33
8 15 53
8 18 10
8 20 14
8 26 13
8 28 45
8 36 20
8 42 15
8 43 56
8 47 34
8 51 48
8 54 9
8 59 0
9 1 53
9 3 16
9 6 32
9 8 38
9 9 44
9 10 36
9 12 41
9 15 20
9 16 58
9 22 8
9 23 0
9 26 15
9 27 4
9 30 35
9 33 55
9 36 17
9 37 28
9 38 1
9 41 31
9 44 10
9 48 2
9 50 57
9 57 21
10 6 34
10 11 41
10 13 9
10 18 57
10 19 28
10 20 50
10 21 55
10 23 48
10 24 37
10 26 54
10 27 25
10 32 20
10 43 51
10 51 49
10 53 6
10 54 59
11 6 48
11 7 45
11 9 14
11 10 56
11 12 57
11 14 10
11 15 6
11 23 30
11 24 40
11 29 24
11 35 55
11 39 58
11 40 17
11 43 22
11 47 11
11 57 28
12 0 48
12 5 20
12 6 16
12 15 30
12 18 27
12 21 32
12 23 46
12 28 3
12 30 9
12 32 34
12 37 33
12 43 5
12 46 24
12 48 28
12 49 59
12 55 19
12 59 55
13 2 56
13 6 52
13 8 31
13 23 17
13 25 29
13 26 20
13 29 57
13 30 15
13 34 43
13 35 33
13 37 39
13 38 19
13 39 6
13 49 0
13 50 42
13 56 45
13 58 24
14 0 39
14 5 27
14 9 9
14 10 37
14 13 50
14 16 22
14 21 40
14 27 53
14 30 11
14 31 36
14 35 47
14 39 2
14 45 54
14 51 38
14 52 52
14 54 13
14 59 19
15 0 26
15 4 3
15 5 59
15 9 17
15 10 12
15 15 16
15 22 49
15 24 46
15 28 19
15 31 45
15 33 31
15 35 48
15 40 0
15 46 1
15 49 39
15 50 24
15 57 4
15 59 41
16 0 43
16 2 59
16 8 9
16 11 0
16 18 1
16 20 27
16 22 54
16 23 19
16 24 31
16 26 22
16 28 46
16 32 57
16 34 10
16 42 20
16 44 12
16 45 34
16 46 29
16 47 24
16 48 11
16 58 38
17 1 28
17 3 22
17 5 17
17 8 25
17 13 24
17 16 2
17 22 6
17 29 50
17 32 30
17 34 41
17 36 14
17 37 47
17 39 3
17 40 59
17 41 29
17 43 10
17 50 55
17 51 16
17 58 45
17 59 36
18 0 55
18 8 46
18 12 25
18 13 15
18 15 36
18 16 4
18 27 31
18 29 51
18 30 1
18 31 35
18 33 43
18 36 47
18 45 27
18 48 32
18 55 58
18 58 56
18 59 9
19 4 4
19 7 2
19 12 49
19 19 10
19 20 17
19 24 48
19 31 31
19 34 46
19 36 15
19 37 19
19 41 21
19 43 9
19 45 55
19 47 13
19 55 41
19 57 50
19 58 52
20 0 20
20 1 36
20 2 2
20 6 17
20 7 31
20 10 43
20 16 26
20 25 52
20 28 9
20 29 5
20 30 33
20 31 38
20 32 59
20 33 49
20 34 21
20 35 35
20 42 23
20 43 25
20 46 40
20 47 57
20 52 29
20 53 0
20 54 28
20 56 44
20 58 1
21 0 54
21 2 28
21 7 4
21 9 32
21 17 19
21 18 46
21 22 0
21 33 10
21 35 53
21 37 50
21 40 51
21 43 58
21 53 36
21 56 56
21 57 47
22 0 18
22 4 47
22 5 49
22 6 31
22 7 29
22 11 14
22 12 59
22 22 48
22 26 9
22 28 25
22 34 44
22 35 3
22 40 55
22 41 0
22 43 17
22 47 7
22 52 26
22 55 33
23 6 59
23 8 22
23 18 21
23 26 45
23 28 44
23 29 58
23 30 43
23 32 17
23 36 0
23 41 52
23 43 32
23 47 3
23 52 8
23 54 57
23 57 6
23 58 41
24 3 19
24 8 59
24 10 41
24 22 14
24 24 56
24 25 7
24 27 50
24 30 17
24 33 22
24 34 52
24 36 10
24 43 53
24 45 47
24 51 29
24 52 2
24 56 51
24 58 34
25 1 27
25 8 20
25 11 6
25 16 36
25 20 51
25 21 43
25 26 53
25 31 25
25 41 15
25 43 57
25 47 16
25 49 18
25 52 0
25 58 4
25 59 24
26 0 24
26 1 16
26 7 51
26 8 41
26 12 14
26 16 27
26 18 0
26 19 57
26 23 59
26 24 1
26 31 48
26 34 53
26 37 25
26 40 38
26 42 5
26 45 22
26 47 17
26 48 21
26 49 45
26 55 30
26 56 35
26 59 8
27 2 55
27 6 29
27 8 45
27 11 23
27 13 27
27 18 35
27 20 40
27 29 59
27 34 1
27 38 42
27 40 32
27 43 52
27 51 41
28 1 46
28 3 26
28 4 10
28 5 43
28 11 5
28 17 1
28 19 55
28 22 58
28 23 49
28 26 59
28 39 15
28 44 37
28 45 51
28 48 34
28 49 48
28 52 53
28 56 28
28 57 25
28 58 35
29 0 15
29 7 47
29 8 40
29 9 48
29 10 24
29 11 58
29 13 41
29 14 16
29 27 45
29 32 39
29 35 30
29 38 44
29 41 23
29 43 19
29 53 31
29 57 3
30 3 30
30 5 57
30 8 6
30 14 19
30 15 39
30 17 20
30 19 33
30 26 34
30 27 11
30 30 7
30 33 32
30 37 37
30 38 25
30 40 26
30 51 51
30 54 42
30 57 13
31 0 34
31 1 2
31 2 18
31 3 49
31 4 12
31 5 9
31 7 21
31 10 26
31 12 54
31 15 57
31 16 43
31 17 58
31 18 33
31 22 51
31 25 41
31 27 13
31 28 11
31 37 31
31 42 28
31 43 35
31 44 3
31 46 32
31 47 30
31 48 24
31 50 29
31 54 55
31 56 42
32 2 38
32 3 35
32 17 45
32 20 28
32 21 58
32 22 33
32 30 14
32 31 19
32 37 48
32 48 17
32 51 54
32 52 5
32 59 12
33 1 10
33 2 11
33 11 57
33 14 51
33 18 20
33 21 48
33 25 38
33 31 37
33 32 44
33 33 4
33 34 3
33 39 23
33 41 16
33 43 50
33 45 29
33 50 9
33 58 33
33 59 34
34 0 33
34 3 9
34 16 42
34 17 55
34 18 47
34 20 6
34 24 13
34 32 31
34 36 21
34 40 18
34 41 20
34 44 59
34 48 36
34 56 48
34 57 54
35 0 19
35 7 22
35 8 49
35 9 10
35 14 39
35 15 31
35 17 21
35 18 32
35 19 50
35 22 7
35 24 5
35 29 8
35 36 11
35 42 56
35 48 40
35 50 17
35 52 59
35 55 54
36 3 48
36 8 5
36 10 13
36 12 56
36 14 41
36 21 57
36 27 14
36 30 29
36 31 53
36 32 58
36 33 0
36 35 9
36 36 35
36 43 27
36 49 47
36 50 54
36 51 32
36 56 12
37 5 14
37 8 29
37 10 40
37 11 32
37 14 1
37 26 4
37 28 33
37 30 52
37 32 3
37 34 18
37 35 26
37 38 5
37 39 20
37 42 34
37 44 19
37 46 41
37 49 25
37 52 28
37 54 27
38 1 44
38 2 8
38 4 20
38 8 47
38 9 57
38 13 39
38 15 34
38 20 21
38 27 18
38 28 31
38 30 50
38 32 2
38 33 24
38 34 33
38 35 41
38 37 12
38 40 6
38 43 42
38 44 54
38 49 7
38 51 17
38 53 23
38 55 5
38 57 19
39 1 12
39 3 1
39 8 55
39 19 18
39 21 19
39 28 30
39 31 8
39 33 45
39 37 26
39 42 53
39 43 24
39 45 32
39 51 46
39 59 37
40 5 37
40 6 11
40 12 51
40 14 26
40 17 14
40 18 19
40 19 25
40 22 17
40 23 24
40 25 46
40 26 47
40 27 30
40 31 18
40 32 53
40 44 27
40 47 12
40 48 56
40 51 55
40 52 6
40 54 32
41 8 27
41 11 20
41 12 58
41 13 38
41 14 55
41 16 23
41 18 9
41 20 24
41 25 48
41 27 8
41 33 57
41 34 32
41 35 34
41 42 47
41 48 52
41 53 26
41 56 13
41 58 7
42 3 11
42 5 42
42 8 51
42 9 24
42 12 20
42 17 23
42 20 46
42 21 0
42 23 38
42 33 2
42 34 36
42 36 40
42 38 30
42 40 7
42 46 22
42 47 29
42 52 12
42 54 18
43 1 33
43 4 6
43 7 41
43 8 32
43 11 4
43 14 38
43 25 24
43 30 31
43 32 47
43 34 39
43 38 48
43 42 11
43 43 34
43 46 9
43 47 28
43 48 54
43 51 30
43 54 37
43 58 20
43 59 44
44 5 50
44 21 36
44 28 59
44 29 47
44 38 40
44 40 1
44 42 58
44 43 13
44 45 48
44 50 31
44 54 53
44 55 8
44 58 32
45 5 1
45 8 54
45 10 39
45 12 50
45 13 45
45 16 24
45 17 59
45 21 10
45 22 57
45 23 53
45 26 36
45 35 43
45 36 19
45 37 6
45 39 18
45 44 40
45 46 11
45 48 4
45 49 44
45 50 32
45 52 47
45 53 33
46 1 26
46 5 5
46 6 49
46 17 40
46 20 9
46 30 55
46 36 29
46 37 52
46 38 18
46 48 22
46 53 7
47 3 29
47 5 24
47 8 33
47 11 2
47 13 56
47 16 9
47 19 27
47 21 39
47 22 30
47 24 32
47 29 0
47 32 40
47 33 36
47 34 37
47 35 38
47 37 44
47 41 35
47 45 31
47 46 59
47 48 58
47 51 12
47 53 51
47 56 54
48 0 35
48 2 42
48 4 27
48 6 39
48 7 30
48 12 9
48 13 58
48 15 33
48 21 41
48 23 28
48 26 14
48 27 46
48 35 20
48 37 10
48 38 57
48 39 22
48 47 43
48 48 50
48 52 21
48 53 47
48 54 24
48 59 16
49 1 58
49 2 30
49 5 25
49 7 23
49 10 46
49 20 26
49 21 52
49 24 47
49 30 38
49 31 42
49 32 37
49 33 20
49 37 55
49 39 36
49 40 3
49 41 12
49 47 40
49 48 18
49 54 11
49 57 45
49 59 59
50 3 20
50 5 38
50 8 8
50 9 27
50 12 30
50 17 35
50 19 56
50 20 29
50 22 10
50 25 28
50 31 13
50 37 0
50 40 21
50 48 48
50 52 44
50 55 40
50 57 15
51 14 17
51 21 54
51 23 15
51 27 21
51 32 56
51 35 23
51 36 16
51 40 44
51 53 38
51 56 53
52 1 50
52 2 15
52 3 57
52 4 33
52 8 30
52 9 56
52 11 21
52 18 5
52 24 10
52 26 31
52 28 54
52 32 52
52 37 27
52 38 9
52 39 4
52 41 55
52 46 19
52 47 2
52 49 11
53 0 30
53 4 56
53 6 25
53 7 32
53 16 39
53 19 9
53 33 50
53 34 17
53 38 51
53 39 43
53 42 54
53 44 57
53 45 59
53 46 45
53 54 41
53 56 27
53 58 10
53 59 18
54 8 3
54 12 11
54 16 30
54 19 54
54 23 14
54 26 57
54 32 49
54 34 31
54 35 8
54 36 26
54 40 56
54 43 36
54 44 16
54 53 29
54 58 15
55 4 55
55 5 48
55 8 57
55 12 53
55 15 52
55 16 21
55 18 14
55 23 16
55 26 8
55 27 10
55 32 32
55 35 36
55 42 29
55 43 39
55 50 15
55 58 3
55 59 45
56 2 35
56 6 37
56 11 51
56 14 43
56 16 49
56 17 2
56 23 42
56 24 11
56 25 47
56 26 41
56 27 27
56 29 39
56 30 34
56 35 6
56 36 57
56 37 23
56 41 25
56 44 7
56 48 38
56 51 19
56 55 53
57 0 25
57 5 45
57 8 35
57 18 28
57 19 2
57 20 7
57 23 9
57 29 16
57 33 18
57 34 34
57 35 46
57 36 58
57 39 37
57 40 48
57 45 23
57 46 20
57 47 26
57 49 19
57 55 39
57 57 31
57 59 22
58 3 41
58 6 21
58 8 18
58 12 26
58 17 10
58 20 23
58 25 30
58 28 17
58 31 24
58 34 54
58 39 7
58 42 16
58 44 31
58 54 4
58 55 9
58 58 13
59 2 25
59 3 33
59 5 41
59 6 23
59 10 35
59 20 48
59 22 5
59 24 3
59 27 20
59 28 57
59 32 38
59 33 8
59 35 7
59 36 32
59 37 59
59 38 27
59 46 44
59 48 26
59 52 55
59 53 58
59 54 52
59 57 9
