70
0 2 51
0 7 37
0 8 34
0 14 0
0 17 48
0 22 56
0 24 7
0 25 13
0 28 36
0 30 26
0 31 53
0 32 18
0 34 60
0 35 38
0 40 21
0 41 5
0 44 42
0 48 32
0 57 17
0 59 14
0 60 22
0 65 41
0 66 49
1 0 11
1 4 43
1 10 44
1 14 54
1 15 33
1 16 64
1 17 16
1 20 8
1 22 0
1 25 23
1 29 22
1 31 55
1 40 1
1 44 9
1 45 26
1 46 49
1 50 60
1 51 27
1 58 41
1 60 17
1 66 28
1 68 3
2 1 40
2 9 68
2 12 16
2 21 7
2 22 50
2 27 5
2 29 26
2 46 60
2 48 2
2 49 58
2 52 48
2 58 59
2 61 25
2 66 51
2 68 57
2 69 24
3 6 42
3 9 25
3 10 35
3 12 14
3 17 59
3 20 7
3 21 57
3 24 0
3 25 39
3 27 11
3 33 60
3 35 47
3 37 38
3 38 22
3 43 5
3 50 69
3 51 66
3 52 21
3 57 31
3 58 34
3 59 2
3 60 28
3 66 1
3 67 49
3 69 37
4 3 19
4 5 49
4 7 44
4 12 68
4 18 60
4 20 55
4 24 3
4 30 22
4 31 17
4 37 10
4 41 48
4 45 31
4 48 47
4 50 20
4 57 41
4 59 16
4 62 45
4 65 15
4 66 59
5 2 37
5 3 60
5 7 58
5 8 13
5 15 1
5 16 29
5 20 50
5 26 22
5 27 30
5 35 6
5 39 49
5 48 10
5 51 64
5 53 63
5 57 24
5 58 31
5 62 3
5 63 15
5 65 33
5 69 16
6 3 13
6 4 48
6 9 59
6 21 5
6 25 30
6 26 68
6 28 62
6 29 49
6 32 25
6 33 67
6 36 1
6 37 52
6 42 37
6 46 54
6 48 4
6 49 12
6 55 6
6 56 3
7 0 68
7 2 63
7 3 27
7 4 1
7 6 34
7 7 55
7 8 54
7 15 46
7 18 45
7 19 37
7 21 15
7 25 38
7 27 17
7 30 0
7 33 19
7 38 35
7 47 39
7 49 64
7 50 25
7 53 62
7 55 42
7 57 7
7 60 21
7 67 26
8 2 39
8 9 47
8 12 24
8 18 0
8 20 4
8 29 41
8 30 42
8 34 46
8 35 40
8 48 54
8 50 1
8 51 8
8 60 45
8 66 21
8 68 32
9 1 2
9 6 6
9 9 53
9 10 37
9 13 68
9 20 28
9 23 43
9 25 1
9 26 0
9 27 63
9 32 14
9 44 26
9 47 20
9 52 12
9 53 64
9 55 36
9 62 33
9 65 62
9 69 10
10 0 60
10 3 66
10 6 41
10 15 12
10 21 59
10 23 68
10 27 10
10 28 14
10 32 36
10 36 43
10 52 47
10 53 21
10 56 11
10 64 37
10 66 53
10 68 44
11 2 8
11 3 30
11 4 23
11 5 54
11 6 22
11 8 45
11 10 58
11 15 21
11 16 18
11 21 53
11 23 64
11 25 66
11 31 5
11 33 36
11 36 59
11 47 62
11 51 40
11 55 46
11 57 15
11 59 38
11 62 65
11 64 20
11 69 33
12 3 23
12 5 3
12 16 39
12 17 63
12 18 20
12 19 53
12 22 47
12 23 26
12 24 30
12 29 21
12 32 51
12 33 32
12 35 44
12 36 14
12 40 67
12 41 41
12 47 17
12 52 59
12 54 46
12 55 65
12 65 37
12 69 18
13 1 7
13 5 57
13 9 11
13 14 49
13 15 15
13 23 42
13 24 23
13 28 31
13 29 52
13 30 10
13 37 47
13 39 43
13 46 24
13 48 40
13 54 56
13 56 28
13 58 19
13 59 58
13 60 37
13 63 38
13 64 9
13 66 60
14 2 54
14 10 68
14 11 5
14 16 24
14 18 37
14 19 50
14 22 33
14 27 22
14 37 55
14 40 8
14 41 36
14 44 67
14 49 53
14 51 60
14 56 45
14 60 14
14 61 13
14 63 61
14 67 51
15 0 46
15 1 62
15 3 34
15 6 51
15 11 26
15 12 35
15 14 58
15 16 7
15 19 43
15 22 64
15 26 21
15 27 20
15 28 50
15 32 22
15 33 12
15 34 63
15 37 17
15 38 66
15 42 47
15 43 69
15 45 45
15 50 18
15 56 49
16 1 59
16 4 45
16 5 25
16 6 39
16 7 50
16 10 4
16 15 55
16 16 42
16 19 69
16 22 19
16 23 21
16 25 34
16 29 11
16 35 32
16 36 23
16 40 31
16 43 61
16 44 52
16 46 7
16 47 57
16 48 17
16 50 2
16 52 8
16 53 38
16 54 0
16 56 26
16 61 47
16 64 56
16 65 66
17 0 38
17 1 48
17 6 0
17 8 36
17 9 50
17 10 69
17 15 2
17 21 31
17 23 16
17 26 49
17 32 23
17 36 64
17 37 32
17 44 40
17 46 33
17 48 58
17 52 34
17 57 20
17 59 46
17 61 55
17 63 45
17 65 39
17 68 17
18 0 27
18 1 28
18 6 66
18 7 68
18 10 9
18 16 5
18 18 56
18 20 30
18 23 14
18 27 50
18 29 46
18 32 39
18 33 22
18 37 8
18 42 26
18 45 34
18 47 54
18 48 64
18 68 40
19 2 31
19 9 12
19 13 24
19 15 68
19 18 48
19 21 3
19 24 37
19 26 17
19 31 43
19 37 45
19 38 56
19 47 5
19 56 53
19 58 67
19 63 47
19 65 14
19 68 64
19 69 42
20 5 5
20 7 48
20 8 0
20 9 63
20 10 67
20 12 50
20 16 27
20 20 24
20 21 10
20 23 66
20 30 20
20 31 33
20 40 69
20 41 8
20 44 32
20 55 68
20 58 25
20 66 54
21 1 68
21 4 31
21 5 27
21 6 9
21 11 21
21 17 44
21 18 32
21 22 43
21 26 40
21 27 64
21 28 69
21 31 29
21 34 33
21 48 1
21 56 58
21 59 17
21 62 61
22 1 53
22 4 9
22 5 14
22 7 4
22 13 16
22 19 48
22 22 11
22 24 15
22 43 8
22 52 37
22 55 34
22 58 50
22 60 44
22 63 31
22 67 39
23 3 7
23 9 29
23 10 43
23 15 41
23 17 31
23 25 0
23 26 5
23 27 39
23 31 28
23 32 50
23 34 10
23 38 34
23 39 23
23 46 9
23 47 25
23 48 22
23 53 42
23 55 11
23 56 56
23 59 65
23 61 49
23 65 63
24 1 3
24 4 67
24 7 51
24 9 39
24 10 10
24 12 66
24 14 42
24 17 35
24 23 50
24 24 58
24 28 29
24 29 62
24 33 20
24 36 24
24 38 32
24 40 56
24 45 53
24 47 18
24 49 40
24 55 16
24 56 13
24 60 52
24 61 60
24 63 25
24 67 41
24 68 34
25 0 37
25 2 17
25 12 11
25 13 6
25 16 19
25 21 48
25 22 15
25 23 4
25 25 54
25 30 7
25 32 46
25 35 39
25 36 44
25 37 18
25 38 23
25 41 42
25 48 35
25 49 69
25 50 50
25 56 24
25 60 27
25 67 38
26 0 0
26 3 68
26 13 5
26 14 27
26 15 39
26 18 4
26 19 6
26 20 45
26 21 66
26 22 17
26 24 8
26 29 61
26 39 50
26 43 49
26 45 48
26 55 25
26 58 63
26 59 37
26 60 67
26 65 52
26 67 40
26 68 9
27 6 7
27 10 42
27 11 11
27 16 9
27 18 44
27 19 65
27 26 31
27 27 37
27 28 63
27 29 59
27 33 69
27 37 57
27 38 24
27 39 45
27 45 47
27 50 39
27 51 56
27 55 8
27 57 30
27 59 10
27 61 58
27 62 60
27 65 28
27 69 49
28 1 27
28 6 18
28 16 23
28 21 62
28 26 50
28 31 42
28 32 66
28 33 53
28 36 30
28 37 31
28 38 9
28 41 21
28 46 16
28 47 41
28 50 0
28 52 2
28 53 14
28 60 29
28 64 40
28 65 1
28 69 59
29 0 51
29 2 52
29 3 62
29 8 18
29 10 11
29 11 64
29 12 39
29 13 27
29 14 13
29 16 68
29 19 55
29 21 32
29 22 34
29 24 33
29 31 36
29 32 63
29 33 15
29 34 56
29 39 60
29 43 65
29 44 41
29 46 42
29 47 29
29 53 28
29 54 8
29 61 31
29 64 45
29 65 4
29 66 23
29 67 5
30 6 46
30 8 25
30 9 45
30 11 63
30 12 52
30 21 54
30 23 18
30 26 36
30 28 41
30 30 30
30 35 69
30 43 39
30 45 10
30 46 15
30 50 64
30 52 6
30 57 50
30 59 12
30 60 62
30 63 22
30 66 65
30 67 7
30 69 56
31 9 24
31 12 1
31 16 17
31 19 19
31 27 60
31 28 53
31 29 29
31 31 13
31 33 16
31 37 34
31 45 21
31 52 39
31 54 64
31 59 68
31 62 40
31 66 37
31 67 35
32 5 33
32 7 18
32 8 53
32 13 7
32 14 67
32 19 28
32 23 10
32 26 47
32 27 13
32 29 44
32 45 32
32 52 27
32 54 35
32 55 64
32 59 31
32 60 43
32 63 19
32 66 26
32 67 68
32 68 50
33 6 35
33 9 58
33 11 37
33 14 8
33 18 15
33 28 30
33 30 36
33 32 33
33 35 42
33 43 22
33 44 16
33 45 14
33 47 65
33 50 17
33 53 9
33 56 6
33 63 43
33 64 1
34 0 8
34 4 62
34 7 64
34 9 6
34 11 59
34 12 13
34 13 23
34 17 22
34 24 36
34 26 41
34 27 34
34 28 58
34 29 45
34 30 43
34 37 46
34 39 40
34 42 69
34 43 30
34 44 53
34 46 27
34 48 33
34 50 56
34 56 17
34 57 37
34 60 26
34 65 2
34 67 65
35 3 36
35 12 25
35 13 32
35 16 57
35 22 10
35 24 42
35 26 7
35 29 40
35 31 38
35 38 20
35 41 47
35 42 51
35 43 1
35 44 29
35 45 69
35 46 39
35 48 62
35 49 17
35 52 31
35 54 54
35 58 35
35 59 4
35 64 22
35 65 27
36 7 42
36 12 5
36 14 7
36 15 26
36 17 41
36 25 47
36 33 58
36 35 31
36 37 67
36 38 4
36 41 50
36 46 68
36 48 11
36 58 27
36 59 45
36 60 60
36 61 20
37 0 9
37 3 29
37 5 8
37 18 49
37 27 41
37 28 18
37 32 0
37 36 40
37 38 17
37 46 66
37 54 16
37 56 52
37 58 46
37 62 20
37 63 27
37 68 23
37 69 25
38 1 9
38 2 10
38 3 12
38 5 42
38 6 44
38 10 17
38 13 66
38 14 18
38 16 20
38 17 6
38 19 57
38 20 58
38 26 34
38 32 37
38 36 33
38 40 60
38 51 0
38 54 41
38 56 38
38 58 43
38 60 3
38 61 35
38 69 11
39 2 32
39 7 36
39 9 35
39 11 60
39 12 17
39 14 31
39 23 59
39 30 11
39 32 3
39 33 50
39 34 66
39 41 68
39 57 53
39 59 40
39 61 7
39 63 57
39 64 23
39 68 46
39 69 47
40 2 15
40 3 55
40 4 0
40 5 63
40 9 7
40 11 10
40 14 46
40 15 50
40 18 47
40 23 54
40 24 57
40 27 49
40 29 6
40 34 69
40 44 65
40 45 4
40 48 56
40 50 48
40 51 35
40 52 19
40 53 37
40 55 2
40 57 36
40 59 27
40 66 13
40 69 23
41 3 56
41 6 8
41 9 20
41 10 53
41 11 39
41 12 55
41 19 29
41 20 42
41 22 59
41 24 47
41 34 62
41 37 69
41 41 49
41 47 13
41 52 38
41 54 31
41 57 44
41 58 36
41 61 22
42 1 16
42 2 49
42 3 2
42 4 20
42 11 27
42 24 35
42 25 67
42 26 48
42 32 43
42 34 57
42 35 22
42 37 39
42 38 0
42 41 12
42 42 34
42 45 13
42 51 31
42 57 28
42 58 9
42 59 53
42 65 56
42 66 66
42 67 42
43 1 66
43 2 2
43 6 59
43 8 47
43 14 65
43 17 11
43 23 15
43 25 28
43 26 3
43 33 7
43 42 23
43 45 46
43 47 31
43 48 37
43 51 24
43 57 6
43 59 49
43 61 4
43 62 0
43 63 35
43 65 26
43 66 19
44 7 59
44 12 31
44 16 6
44 23 60
44 25 19
44 31 67
44 32 7
44 36 25
44 40 47
44 41 53
44 42 45
44 43 21
44 47 27
44 49 50
44 57 26
44 68 0
44 69 66
45 3 18
45 4 34
45 5 28
45 10 5
45 12 36
45 15 22
45 20 10
45 21 0
45 22 3
45 25 7
45 26 42
45 34 47
45 35 37
45 36 58
45 39 67
45 41 69
45 42 39
45 44 48
45 46 17
45 48 27
45 53 12
45 57 38
45 59 35
45 65 68
46 0 32
46 7 25
46 10 39
46 12 40
46 15 14
46 16 50
46 23 31
46 26 35
46 28 59
46 33 64
46 34 0
46 37 29
46 38 43
46 40 33
46 41 7
46 46 12
46 48 65
46 49 8
46 51 11
46 52 61
46 53 51
46 61 48
46 64 5
47 1 51
47 7 10
47 15 59
47 19 45
47 22 36
47 28 24
47 32 69
47 35 27
47 40 43
47 42 40
47 45 41
47 47 49
47 49 13
47 50 62
47 53 17
47 54 15
47 57 64
47 58 12
47 65 46
48 7 8
48 13 0
48 18 62
48 23 56
48 24 69
48 28 55
48 30 3
48 39 51
48 42 5
48 43 11
48 46 44
48 47 7
48 49 52
48 50 27
48 52 49
48 57 59
48 59 32
48 62 37
48 65 67
49 2 29
49 5 18
49 6 27
49 9 30
49 16 55
49 21 67
49 25 59
49 26 69
49 28 64
49 30 12
49 33 52
49 35 48
49 41 43
49 43 68
49 44 11
49 45 40
49 52 23
49 56 5
49 64 42
49 68 41
50 4 6
50 11 28
50 15 40
50 17 58
50 21 34
50 22 61
50 32 31
50 34 27
50 40 11
50 42 59
50 43 18
50 44 7
50 48 68
50 51 54
50 67 64
51 7 61
51 8 60
51 10 48
51 12 58
51 15 11
51 18 30
51 19 17
51 20 13
51 24 64
51 32 44
51 37 16
51 39 39
51 40 66
51 42 22
51 45 1
51 47 43
51 49 38
51 50 23
51 51 34
51 53 46
51 57 4
51 61 52
51 63 67
51 64 68
51 66 27
51 69 55
52 0 16
52 2 9
52 6 26
52 7 54
52 12 12
52 14 22
52 17 69
52 23 7
52 24 28
52 25 33
52 30 29
52 31 41
52 33 8
52 34 45
52 36 19
52 49 0
52 51 57
52 52 51
52 54 36
52 60 10
52 65 59
52 66 32
52 69 34
53 4 69
53 7 17
53 12 2
53 22 35
53 25 43
53 30 45
53 34 5
53 36 34
53 37 9
53 42 54
53 45 6
53 47 33
53 48 25
53 49 21
53 50 52
53 51 22
53 53 68
53 57 58
53 60 40
53 62 23
53 66 20
53 67 50
53 69 36
54 0 42
54 5 66
54 9 60
54 21 69
54 27 43
54 29 57
54 34 50
54 38 37
54 39 68
54 42 2
54 44 61
54 49 54
54 53 10
54 56 16
54 57 22
54 59 63
54 62 46
54 63 64
54 66 5
55 0 59
55 5 37
55 14 26
55 20 34
55 22 16
55 26 11
55 27 25
55 34 2
55 36 32
55 40 57
55 41 1
55 44 22
55 46 3
55 47 48
55 49 47
55 52 65
55 53 43
55 56 31
55 58 5
55 59 28
55 62 30
55 68 45
55 69 12
56 0 69
56 1 67
56 2 36
56 5 47
56 6 31
56 7 6
56 17 28
56 23 34
56 25 50
56 27 2
56 28 16
56 30 53
56 31 10
56 32 32
56 37 54
56 49 56
56 55 33
56 62 59
57 0 47
57 2 28
57 6 57
57 9 4
57 14 55
57 16 25
57 24 45
57 30 60
57 33 11
57 42 68
57 49 10
57 53 44
57 65 29
57 66 67
58 3 57
58 4 5
58 5 45
58 9 48
58 10 29
58 13 1
58 14 39
58 18 17
58 25 14
58 26 25
58 28 54
58 29 32
58 30 16
58 37 19
58 41 13
58 52 15
58 53 47
58 63 46
58 66 68
59 8 17
59 18 43
59 19 52
59 20 31
59 25 55
59 26 38
59 29 36
59 31 69
59 32 16
59 36 18
59 40 32
59 45 57
59 48 45
59 50 13
59 59 26
59 61 44
59 62 34
59 64 19
59 67 30
60 0 35
60 1 20
60 2 11
60 6 2
60 12 47
60 17 51
60 18 54
60 19 18
60 25 10
60 27 48
60 28 0
60 29 4
60 37 58
60 40 30
60 42 56
60 46 40
60 55 60
60 59 66
60 65 9
60 66 42
61 0 44
61 4 10
61 5 60
61 9 38
61 11 17
61 14 30
61 18 36
61 21 18
61 23 28
61 25 22
61 26 57
61 28 47
61 29 33
61 32 53
61 35 12
61 36 9
61 37 62
61 40 40
61 46 55
61 47 42
61 50 35
61 53 31
61 55 52
61 60 19
61 62 15
61 64 48
61 65 5
61 66 46
61 68 21
62 0 65
62 1 18
62 4 39
62 5 51
62 9 1
62 11 15
62 17 40
62 19 33
62 23 44
62 25 42
62 28 13
62 33 37
62 42 64
62 43 56
62 48 49
62 51 9
62 54 5
62 58 0
62 63 28
63 15 29
63 21 64
63 28 65
63 30 28
63 32 27
63 33 66
63 35 30
63 36 47
63 39 2
63 40 12
63 42 0
63 56 54
63 57 68
63 61 23
63 63 3
63 67 48
63 69 15
64 2 22
64 5 24
64 7 62
64 8 59
64 9 32
64 11 41
64 18 14
64 35 18
64 38 52
64 39 25
64 40 49
64 42 44
64 47 66
64 54 34
64 56 8
64 61 38
64 62 47
64 63 17
64 65 0
64 67 9
65 1 46
65 3 17
65 4 64
65 8 3
65 9 0
65 19 34
65 22 51
65 27 4
65 28 19
65 29 20
65 33 55
65 37 50
65 40 26
65 43 31
65 47 16
65 49 49
65 51 18
65 53 30
65 55 66
65 62 5
65 67 23
66 1 52
66 2 45
66 5 12
66 13 44
66 19 15
66 23 11
66 25 56
66 27 1
66 28 51
66 30 31
66 32 68
66 37 3
66 38 46
66 42 17
66 51 42
66 53 8
66 54 49
66 61 57
66 62 13
66 65 24
66 67 59
67 3 22
67 4 57
67 7 52
67 9 65
67 10 18
67 11 13
67 13 41
67 18 51
67 20 25
67 23 39
67 24 31
67 27 56
67 29 17
67 31 34
67 33 42
67 37 60
67 39 38
67 40 4
67 41 44
67 43 12
67 44 8
67 45 62
67 51 63
67 52 3
67 55 54
67 56 10
67 57 67
67 58 15
67 61 33
67 62 11
67 63 21
67 66 29
67 69 28
68 1 36
68 8 31
68 11 56
68 13 38
68 16 59
68 17 29
68 19 47
68 20 0
68 22 42
68 27 27
68 28 60
68 29 25
68 36 45
68 37 6
68 42 32
68 43 43
68 44 28
68 45 44
68 54 7
68 57 35
68 60 8
68 61 68
68 63 11
68 66 24
68 69 41
69 2 53
69 7 28
69 11 6
69 14 20
69 16 32
69 19 49
69 28 52
69 30 8
69 38 61
69 39 5
69 40 15
69 51 25
69 52 50
69 53 59
69 55 21
69 63 54
69 67 2
