70
0 0 10
0 8 15
0 14 46
0 20 28
0 22 7
0 23 17
0 24 26
0 28 23
0 29 66
0 31 3
0 38 65
0 42 40
0 44 54
0 45 31
0 47 29
0 48 45
0 55 61
0 57 21
0 60 30
0 61 51
0 63 39
0 64 18
1 0 0
1 2 27
1 4 2
1 5 18
1 7 12
1 9 28
1 10 30
1 11 49
1 13 10
1 17 68
1 19 24
1 24 67
1 25 42
1 32 69
1 34 60
1 36 11
1 41 36
1 43 20
1 45 52
1 50 34
1 52 9
1 55 66
1 63 14
1 65 21
2 0 55
2 1 8
2 3 60
2 5 61
2 8 6
2 9 23
2 12 22
2 15 50
2 16 19
2 19 66
2 24 21
2 27 69
2 28 49
2 30 40
2 31 34
2 34 58
2 35 0
2 39 16
2 40 9
2 41 35
2 44 45
2 46 5
2 52 2
2 54 39
2 56 1
2 67 14
2 69 11
3 1 31
3 13 52
3 16 32
3 26 65
3 30 43
3 35 5
3 38 54
3 39 13
3 41 29
3 43 3
3 44 66
3 46 16
3 48 33
3 52 1
3 53 62
3 55 12
3 56 63
3 57 25
3 58 11
3 61 46
3 64 59
3 65 44
3 66 69
3 68 0
4 0 64
4 1 15
4 4 36
4 5 2
4 12 50
4 15 65
4 19 3
4 20 46
4 23 12
4 26 41
4 31 58
4 32 9
4 41 13
4 50 6
4 55 49
4 59 45
4 68 8
4 69 44
5 0 40
5 2 54
5 3 26
5 9 38
5 10 69
5 11 0
5 12 46
5 13 6
5 16 20
5 22 5
5 26 45
5 29 36
5 31 16
5 38 19
5 43 41
5 48 44
5 52 42
5 56 22
5 57 4
5 60 18
5 61 49
6 0 54
6 11 40
6 12 26
6 15 62
6 16 41
6 20 38
6 22 19
6 23 27
6 28 46
6 35 42
6 36 65
6 37 57
6 41 24
6 48 63
6 50 44
6 53 28
6 55 69
6 65 34
6 68 16
7 2 37
7 3 15
7 6 35
7 14 26
7 22 55
7 33 19
7 35 11
7 36 9
7 42 13
7 44 58
7 45 27
7 46 17
7 50 52
7 53 34
7 57 43
8 0 11
8 1 46
8 5 37
8 7 3
8 8 69
8 9 52
8 14 53
8 16 0
8 18 36
8 19 56
8 20 59
8 21 55
8 24 50
8 31 40
8 47 68
8 50 16
8 52 45
8 55 34
8 60 14
8 62 17
8 63 33
8 64 39
8 65 57
8 66 21
9 0 4
9 5 52
9 11 6
9 12 36
9 14 64
9 17 14
9 20 63
9 33 0
9 35 66
9 37 21
9 38 9
9 42 23
9 45 12
9 48 60
9 49 10
9 52 13
9 53 51
9 56 31
9 65 56
9 67 49
10 1 53
10 4 27
10 5 21
10 8 1
10 9 35
10 20 17
10 23 31
10 37 49
10 38 44
10 39 63
10 40 61
10 41 62
10 47 47
10 49 30
10 54 2
10 55 9
10 56 26
10 59 5
10 60 59
10 62 18
10 63 13
10 67 20
11 3 28
11 4 52
11 5 44
11 6 42
11 12 13
11 16 8
11 17 46
11 20 15
11 21 30
11 23 37
11 24 12
11 25 9
11 38 63
11 40 35
11 41 14
11 42 5
11 43 36
11 49 39
11 52 64
11 59 33
11 60 7
11 64 51
11 67 41
11 69 57
12 5 12
12 6 20
12 8 22
12 13 36
12 15 21
12 19 61
12 23 34
12 29 25
12 30 32
12 36 26
12 37 31
12 38 69
12 49 23
12 54 9
12 60 64
12 65 37
13 1 19
13 2 42
13 6 17
13 8 9
13 16 26
13 17 27
13 18 30
13 20 6
13 22 58
13 23 20
13 28 16
13 30 7
13 31 33
13 37 51
13 38 22
13 39 18
13 46 3
13 50 39
13 52 69
13 55 14
13 58 66
13 60 56
13 64 68
13 66 49
13 67 36
13 68 29
14 3 31
14 7 57
14 14 20
14 18 15
14 19 36
14 22 65
14 28 50
14 38 8
14 39 38
14 40 34
14 44 60
14 45 35
14 46 26
14 47 22
14 48 3
14 50 51
14 51 43
14 57 66
14 60 24
14 62 25
14 64 62
14 65 16
14 69 18
15 0 41
15 8 51
15 9 40
15 13 63
15 14 56
15 15 27
15 19 46
15 26 55
15 39 42
15 46 58
15 47 61
15 51 66
15 62 50
15 64 15
16 4 60
16 6 68
16 11 7
16 14 45
16 18 39
16 19 25
16 21 44
16 22 11
16 25 58
16 26 37
16 28 5
16 33 55
16 34 15
16 36 47
16 41 48
16 46 53
16 48 23
16 49 57
16 53 9
16 55 65
16 62 56
16 66 1
16 67 59
16 69 66
17 1 4
17 2 30
17 4 50
17 7 1
17 14 15
17 17 18
17 19 29
17 22 67
17 28 8
17 38 14
17 42 55
17 43 49
17 46 60
17 53 46
17 54 26
17 59 66
17 61 54
17 69 56
18 0 17
18 9 49
18 18 68
18 19 16
18 20 51
18 21 26
18 24 48
18 27 2
18 32 0
18 35 45
18 37 59
18 41 56
18 45 15
18 47 34
18 66 55
19 0 51
19 4 42
19 8 38
19 11 10
19 12 34
19 16 43
19 20 58
19 22 33
19 23 46
19 25 56
19 27 28
19 36 15
19 38 17
19 42 12
19 44 57
19 50 31
19 51 45
19 60 40
19 66 35
19 68 69
19 69 48
20 0 31
20 3 12
20 6 5
20 7 28
20 16 3
20 20 27
20 24 61
20 28 9
20 30 39
20 32 57
20 33 23
20 36 66
20 38 59
20 43 47
20 45 49
20 46 2
20 47 26
20 49 55
20 50 40
20 51 68
20 64 67
21 3 5
21 7 62
21 13 17
21 23 63
21 26 46
21 28 30
21 39 19
21 44 16
21 45 18
21 47 58
21 52 0
21 54 35
21 57 26
21 61 55
21 64 65
21 66 66
22 6 4
22 10 51
22 12 15
22 13 57
22 15 68
22 17 62
22 18 12
22 25 54
22 29 26
22 34 65
22 37 14
22 38 61
22 41 5
22 46 1
22 49 50
22 51 6
22 53 10
22 54 52
22 60 11
23 0 6
23 1 3
23 8 43
23 10 13
23 11 5
23 13 37
23 14 63
23 15 8
23 16 21
23 19 35
23 20 50
23 23 45
23 24 57
23 27 54
23 30 66
23 31 20
23 32 36
23 33 9
23 38 62
23 42 22
23 43 68
23 44 40
23 50 11
23 51 64
23 52 65
23 53 60
23 60 49
23 62 30
23 65 48
23 68 32
24 2 6
24 6 36
24 13 60
24 14 43
24 15 54
24 20 1
24 21 40
24 30 8
24 33 49
24 34 38
24 36 24
24 43 48
24 49 46
24 61 2
25 5 51
25 7 32
25 10 11
25 13 21
25 15 14
25 18 53
25 21 10
25 24 56
25 27 42
25 34 26
25 35 25
25 37 5
25 40 55
25 42 30
25 49 43
25 61 9
25 62 41
25 64 64
25 65 3
25 66 33
26 3 33
26 7 52
26 9 32
26 10 35
26 11 27
26 20 43
26 21 18
26 23 30
26 24 17
26 25 14
26 30 68
26 31 42
26 35 41
26 39 8
26 44 69
26 50 0
26 51 36
26 54 62
26 55 29
26 60 15
26 61 66
26 62 38
26 64 5
26 65 54
26 66 6
26 69 53
27 1 44
27 6 31
27 7 13
27 8 40
27 24 4
27 25 2
27 32 33
27 34 1
27 47 17
27 58 14
27 64 54
27 65 27
27 68 38
28 4 56
28 6 41
28 9 58
28 15 29
28 16 12
28 17 23
28 18 49
28 21 64
28 28 47
28 31 52
28 33 5
28 35 17
28 42 14
28 45 42
28 47 19
28 50 62
28 51 67
28 52 46
28 57 27
28 61 6
28 64 45
28 66 2
28 68 20
29 1 1
29 3 64
29 5 30
29 6 45
29 9 0
29 12 8
29 13 40
29 17 35
29 18 31
29 22 38
29 25 16
29 26 51
29 34 11
29 37 46
29 39 39
29 53 37
29 54 43
29 55 19
29 56 18
29 58 29
29 61 57
29 62 5
29 64 56
29 65 55
30 6 1
30 11 33
30 12 40
30 13 20
30 14 48
30 18 44
30 20 45
30 29 46
30 30 59
30 33 66
30 34 8
30 35 56
30 36 54
30 38 18
30 40 62
30 41 47
30 43 37
30 44 65
30 47 27
30 50 7
30 58 58
30 68 13
31 0 68
31 1 12
31 3 69
31 8 23
31 10 28
31 12 10
31 13 30
31 15 5
31 20 9
31 23 3
31 25 67
31 28 59
31 29 22
31 32 34
31 37 4
31 38 36
31 45 54
31 46 63
31 48 27
31 50 1
31 53 61
31 66 0
32 0 33
32 4 41
32 15 3
32 18 51
32 20 37
32 21 68
32 26 13
32 27 32
32 33 30
32 41 9
32 44 17
32 45 53
32 48 8
32 49 28
32 50 36
32 52 5
32 54 31
32 55 21
32 56 14
32 64 10
33 3 22
33 4 32
33 6 8
33 7 50
33 8 42
33 16 66
33 17 30
33 22 43
33 27 6
33 28 35
33 36 37
33 37 13
33 38 7
33 39 15
33 43 46
33 48 40
33 52 41
33 54 0
33 55 31
33 56 23
33 59 48
33 64 44
34 5 45
34 6 6
34 9 2
34 11 32
34 15 53
34 16 30
34 18 54
34 20 14
34 21 60
34 23 21
34 24 9
34 25 37
34 26 19
34 31 64
34 32 23
34 33 65
34 35 68
34 39 36
34 41 11
34 46 69
34 49 40
34 51 0
34 53 29
34 55 4
34 57 46
34 59 56
34 63 7
34 64 63
35 0 34
35 3 61
35 6 32
35 7 53
35 11 29
35 16 38
35 17 26
35 21 11
35 32 6
35 35 13
35 37 50
35 43 21
35 47 40
35 56 54
35 59 24
35 66 9
36 0 37
36 3 30
36 10 22
36 11 34
36 14 32
36 17 50
36 19 31
36 21 27
36 24 24
36 27 4
36 31 35
36 41 8
36 45 20
36 51 42
36 53 48
36 57 55
36 59 16
36 65 51
36 66 45
37 1 63
37 6 34
37 9 7
37 12 27
37 14 1
37 15 13
37 19 21
37 21 22
37 22 29
37 27 30
37 42 65
37 43 8
37 44 19
37 46 33
37 51 4
37 65 26
37 66 20
37 68 10
37 69 62
38 2 62
38 7 22
38 9 15
38 12 3
38 14 47
38 15 43
38 16 55
38 18 58
38 19 4
38 24 69
38 28 7
38 29 32
38 30 64
38 39 1
38 40 63
38 41 41
38 44 20
38 47 18
38 48 51
38 49 31
38 50 49
38 52 23
38 54 8
38 65 11
39 1 33
39 2 48
39 4 26
39 7 9
39 10 55
39 14 23
39 18 37
39 24 54
39 25 43
39 26 22
39 33 47
39 34 59
39 38 13
39 40 19
39 41 31
39 45 16
39 49 32
39 51 10
39 54 18
39 56 45
39 57 6
39 61 1
39 62 69
40 6 3
40 8 5
40 17 15
40 25 18
40 26 43
40 35 55
40 39 20
40 43 26
40 45 24
40 48 16
40 49 34
40 50 23
40 57 12
40 62 13
40 63 35
41 4 18
41 5 39
41 12 69
41 19 26
41 31 19
41 33 29
41 38 4
41 42 15
41 45 14
41 47 33
41 50 65
41 57 9
41 61 47
41 63 55
41 66 3
42 2 2
42 11 58
42 12 20
42 13 19
42 14 17
42 16 40
42 17 4
42 20 44
42 23 52
42 24 41
42 26 42
42 31 65
42 32 54
42 35 27
42 36 35
42 37 39
42 38 38
42 40 26
42 42 66
42 43 5
42 49 0
42 52 25
42 59 67
42 61 59
42 63 53
42 65 14
42 69 60
43 2 15
43 4 29
43 5 38
43 8 28
43 10 18
43 11 66
43 13 54
43 14 10
43 16 46
43 19 49
43 21 51
43 23 25
43 25 48
43 26 14
43 28 4
43 29 67
43 30 23
43 31 11
43 32 20
43 38 52
43 43 57
43 49 22
43 51 5
43 57 47
43 58 31
43 59 3
43 61 69
43 62 43
43 64 50
43 68 27
44 0 62
44 3 54
44 4 24
44 5 41
44 7 51
44 18 20
44 25 15
44 26 67
44 27 33
44 29 39
44 30 49
44 33 4
44 36 12
44 37 26
44 41 25
44 43 35
44 46 9
44 50 66
44 51 37
44 52 3
44 57 42
44 59 40
44 60 23
44 61 56
44 62 11
44 64 27
45 1 17
45 5 23
45 8 19
45 9 39
45 11 8
45 12 0
45 14 5
45 20 40
45 25 66
45 26 7
45 33 11
45 37 58
45 39 44
45 40 51
45 48 52
45 49 60
45 52 10
45 55 1
45 56 57
45 59 22
45 64 6
45 65 42
45 69 20
46 0 12
46 1 32
46 2 61
46 6 48
46 8 50
46 14 18
46 15 64
46 17 1
46 19 33
46 20 19
46 22 59
46 29 55
46 31 27
46 32 65
46 35 22
46 36 7
46 38 53
46 41 17
46 44 38
46 46 23
46 50 26
46 51 46
46 54 14
46 56 39
46 59 62
46 62 35
46 66 34
46 67 57
46 69 0
47 0 22
47 6 14
47 11 46
47 16 62
47 22 64
47 26 61
47 30 17
47 33 68
47 34 47
47 37 43
47 43 51
47 55 25
47 58 5
47 59 28
48 9 45
48 11 38
48 13 16
48 16 14
48 19 5
48 26 12
48 31 50
48 34 37
48 38 43
48 40 46
48 43 7
48 44 33
48 47 9
48 48 36
48 50 10
48 56 25
48 59 30
48 63 65
48 66 8
49 0 46
49 4 1
49 5 17
49 8 34
49 12 14
49 18 45
49 21 69
49 22 61
49 23 60
49 26 0
49 29 7
49 32 48
49 35 39
49 36 25
49 40 3
49 43 12
49 44 4
49 47 30
49 49 58
49 54 55
49 59 29
49 68 11
49 69 37
50 0 16
50 2 9
50 15 60
50 16 50
50 19 12
50 22 40
50 25 51
50 27 14
50 31 22
50 38 45
50 39 7
50 40 59
50 41 4
50 42 11
50 47 20
50 48 13
50 50 37
50 51 3
50 54 66
50 59 57
50 66 54
50 68 17
51 1 0
51 5 65
51 6 19
51 7 23
51 12 39
51 17 11
51 21 56
51 25 47
51 27 5
51 31 32
51 33 20
51 34 13
51 36 28
51 38 41
51 40 54
51 41 69
51 42 46
51 43 63
51 46 62
51 50 4
51 52 30
51 55 50
51 62 14
51 67 68
51 69 3
52 1 18
52 9 9
52 14 6
52 19 0
52 20 22
52 28 26
52 29 14
52 37 25
52 39 21
52 40 28
52 41 51
52 54 37
52 57 62
52 61 3
52 65 20
52 67 45
53 9 19
53 10 37
53 12 44
53 14 2
53 15 35
53 17 69
53 18 40
53 33 8
53 42 17
53 43 0
53 49 41
53 56 11
53 58 15
53 59 46
53 62 52
53 64 22
53 65 24
53 68 6
54 0 24
54 10 44
54 14 30
54 17 3
54 21 17
54 24 16
54 25 31
54 26 47
54 27 66
54 28 28
54 30 45
54 31 23
54 35 46
54 38 26
54 46 7
54 48 20
54 49 63
54 54 65
54 55 48
54 58 6
54 59 13
55 4 65
55 12 29
55 16 36
55 21 4
55 22 16
55 25 28
55 29 56
55 33 26
55 35 47
55 36 48
55 37 34
55 38 40
55 39 37
55 45 58
55 47 67
55 50 13
55 53 23
55 54 38
55 55 15
55 60 12
55 62 60
55 63 44
55 69 46
56 2 20
56 12 9
56 15 57
56 22 50
56 26 34
56 27 16
56 28 1
56 29 61
56 33 31
56 35 3
56 37 33
56 39 35
56 41 45
56 46 4
56 55 30
56 61 26
56 66 39
57 2 59
57 6 25
57 18 1
57 32 39
57 38 50
57 46 67
57 49 12
57 50 27
57 51 65
57 52 53
57 62 19
57 67 40
58 4 49
58 9 12
58 10 68
58 12 51
58 17 57
58 19 34
58 24 13
58 25 33
58 30 26
58 32 59
58 36 18
58 39 62
58 41 61
58 44 41
58 45 56
58 47 65
58 50 60
58 52 11
58 56 3
58 57 19
58 58 9
58 60 66
58 63 47
58 66 46
59 3 63
59 4 64
59 5 22
59 6 54
59 7 35
59 9 44
59 10 61
59 12 49
59 13 23
59 17 59
59 18 13
59 29 18
59 39 6
59 40 50
59 56 5
59 58 47
59 60 25
59 61 20
59 62 10
60 1 67
60 2 3
60 5 16
60 8 30
60 13 12
60 14 28
60 17 9
60 19 39
60 23 4
60 25 21
60 27 7
60 28 57
60 30 37
60 32 5
60 35 23
60 42 29
60 44 46
60 50 18
60 51 14
60 56 36
60 66 62
61 0 32
61 7 8
61 20 55
61 38 56
61 41 50
61 49 11
61 50 15
61 53 42
61 58 53
61 60 5
61 66 19
61 68 3
61 69 21
62 0 69
62 2 38
62 7 18
62 14 22
62 16 47
62 20 42
62 21 20
62 29 48
62 34 4
62 40 12
62 41 6
62 42 52
62 43 67
62 49 24
62 50 14
62 52 61
62 53 66
62 54 44
62 59 19
62 64 58
63 0 66
63 1 62
63 2 41
63 4 46
63 5 34
63 6 38
63 12 64
63 15 42
63 16 27
63 22 68
63 23 28
63 27 61
63 31 36
63 34 45
63 35 53
63 37 48
63 42 32
63 45 30
63 51 63
63 58 19
63 60 57
63 65 69
63 66 40
64 10 54
64 15 51
64 18 5
64 19 18
64 25 64
64 27 23
64 29 8
64 30 57
64 31 46
64 37 20
64 38 27
64 40 7
64 44 29
64 46 45
64 47 24
64 48 32
64 50 3
64 56 58
64 57 22
64 58 41
64 64 13
64 65 4
64 67 66
64 68 62
65 2 57
65 10 1
65 12 63
65 14 35
65 18 3
65 23 68
65 24 14
65 26 53
65 32 50
65 35 6
65 38 5
65 39 41
65 40 13
65 43 17
65 44 42
65 46 36
65 56 24
65 59 43
65 66 28
66 2 52
66 4 4
66 6 22
66 15 32
66 16 60
66 19 11
66 20 5
66 21 8
66 22 23
66 24 36
66 26 27
66 28 66
66 29 0
66 30 16
66 32 58
66 35 14
66 39 30
66 40 57
66 41 2
66 42 18
66 43 59
66 45 64
66 47 13
66 53 17
66 58 69
66 63 9
66 65 15
66 67 21
66 68 12
66 69 47
67 0 8
67 8 68
67 10 12
67 12 32
67 14 36
67 15 0
67 20 26
67 22 9
67 23 40
67 24 1
67 32 21
67 34 18
67 38 55
67 47 6
67 50 2
67 52 56
67 54 11
67 57 48
67 61 53
67 65 49
68 1 38
68 3 7
68 7 45
68 9 5
68 12 21
68 19 63
68 24 47
68 25 25
68 26 1
68 33 64
68 36 50
68 47 3
68 51 60
68 52 51
68 55 8
68 59 53
68 60 43
68 68 34
68 69 36
69 0 19
69 2 49
69 4 61
69 5 27
69 13 47
69 15 6
69 16 23
69 19 30
69 21 39
69 23 33
69 29 31
69 30 21
69 38 42
69 40 43
69 41 37
69 42 0
69 47 5
69 50 25
69 51 15
69 53 2
69 54 45
69 56 35
69 61 60
69 68 64
69 69 32
