70
0 0 10
0 1 2
0 4 46
0 5 34
0 6 24
0 7 61
0 8 56
0 9 11
0 11 27
0 12 39
0 13 19
0 14 15
0 15 3
0 17 65
0 18 58
0 20 14
0 22 16
0 23 40
0 26 55
0 30 69
0 31 35
0 32 43
0 33 50
0 36 47
0 37 31
0 38 22
0 40 23
0 41 57
0 42 32
0 43 0
0 44 49
0 47 66
0 49 44
0 50 25
0 51 28
0 52 20
0 53 54
0 54 51
0 55 68
0 58 48
0 59 67
0 60 63
0 61 5
0 62 60
0 63 21
0 64 8
0 66 29
0 67 36
0 68 62
0 69 45
1 1 51
1 4 66
1 5 30
1 6 27
1 7 35
1 8 14
1 9 20
1 10 62
1 12 44
1 13 6
1 14 0
1 15 19
1 16 38
1 18 53
1 19 45
1 20 47
1 21 26
1 23 28
1 24 9
1 26 46
1 27 29
1 28 1
1 29 22
1 31 31
1 32 4
1 34 54
1 35 15
1 36 34
1 37 58
1 38 18
1 39 67
1 41 3
1 42 23
1 43 59
1 44 24
1 45 56
1 46 63
1 47 32
1 49 60
1 50 37
1 52 12
1 53 10
1 54 48
1 55 42
1 56 16
1 57 39
1 58 2
1 59 65
1 60 55
1 61 36
1 62 49
1 63 5
1 65 40
1 66 52
1 67 7
1 69 61
2 0 33
2 1 25
2 2 64
2 3 38
2 5 68
2 7 67
2 8 60
2 9 0
2 10 61
2 12 55
2 13 48
2 14 39
2 15 28
2 16 8
2 19 6
2 21 11
2 22 58
2 23 65
2 24 43
2 25 52
2 26 13
2 27 66
2 29 29
2 30 9
2 31 26
2 33 22
2 34 32
2 35 54
2 37 62
2 38 37
2 40 47
2 41 17
2 43 27
2 45 16
2 46 57
2 47 12
2 48 63
2 49 69
2 50 31
2 51 5
2 52 49
2 53 41
2 54 15
2 55 36
2 56 40
2 57 18
2 59 1
2 62 51
2 63 46
2 64 21
2 65 14
2 66 59
2 67 35
2 68 19
2 69 34
3 0 44
3 1 69
3 2 60
3 3 57
3 4 33
3 5 49
3 6 59
3 8 15
3 9 9
3 10 23
3 11 3
3 12 53
3 13 14
3 14 68
3 15 4
3 16 39
3 17 61
3 18 30
3 19 43
3 20 45
3 24 62
3 25 0
3 26 10
3 27 27
3 28 25
3 29 66
3 30 31
3 31 28
3 32 5
3 33 46
3 34 63
3 35 19
3 36 64
3 37 12
3 39 54
3 40 26
3 41 32
3 42 11
3 43 47
3 44 16
3 45 20
3 46 37
3 47 48
3 49 36
3 50 65
3 51 29
3 52 35
3 54 13
3 56 41
3 57 6
3 59 56
3 60 17
3 61 7
3 62 55
3 64 2
3 66 8
3 68 21
4 0 60
4 1 36
4 2 42
4 3 51
4 4 26
4 5 40
4 6 28
4 7 12
4 9 33
4 10 54
4 11 56
4 12 32
4 13 38
4 15 6
4 16 14
4 17 7
4 18 20
4 19 37
4 20 55
4 21 18
4 22 46
4 23 22
4 24 0
4 25 47
4 26 58
4 27 48
4 28 30
4 29 53
4 31 45
4 33 13
4 34 65
4 35 52
4 37 8
4 38 41
4 39 9
4 40 24
4 42 21
4 43 50
4 44 39
4 45 29
4 46 62
4 47 23
4 49 10
4 51 2
4 52 19
4 53 61
4 54 49
4 55 34
4 56 31
4 57 16
4 58 5
4 60 66
4 61 11
4 62 44
4 63 3
4 64 15
4 65 35
4 66 68
4 67 4
4 68 1
4 69 25
5 0 36
5 1 67
5 2 7
5 3 12
5 4 4
5 5 31
5 6 35
5 7 41
5 8 27
5 9 55
5 11 59
5 13 62
5 16 53
5 17 60
5 18 65
5 20 5
5 21 20
5 22 49
5 23 23
5 24 48
5 25 24
5 26 50
5 27 0
5 28 13
5 29 28
5 31 19
5 33 54
5 34 22
5 35 32
5 37 21
5 38 45
5 39 38
5 40 3
5 41 39
5 42 16
5 43 46
5 44 40
5 45 17
5 46 15
5 47 9
5 48 42
5 49 2
5 50 1
5 51 57
5 52 44
5 53 43
5 55 56
5 56 6
5 57 68
5 58 63
5 60 64
5 61 47
5 63 58
5 65 52
5 66 33
5 67 69
5 68 51
5 69 11
6 0 32
6 1 21
6 3 27
6 4 29
6 5 17
6 6 49
6 7 10
6 8 36
6 9 5
6 10 37
6 11 11
6 12 48
6 14 46
6 15 1
6 16 45
6 17 28
6 18 25
6 20 52
6 21 8
6 22 63
6 23 6
6 25 15
6 27 56
6 29 30
6 30 47
6 31 2
6 32 22
6 36 61
6 37 43
6 38 40
6 39 39
6 40 58
6 41 24
6 42 38
6 43 65
6 44 44
6 45 54
6 46 9
6 47 16
6 49 14
6 50 68
6 51 19
6 52 41
6 53 42
6 54 59
6 55 7
6 56 35
6 57 26
6 58 31
6 59 33
6 60 50
6 61 4
6 62 18
6 63 69
6 65 67
6 66 62
6 67 23
6 68 53
7 0 11
7 1 40
7 2 47
7 4 3
7 5 5
7 6 21
7 7 63
7 8 65
7 9 68
7 10 38
7 12 56
7 13 51
7 14 33
7 15 50
7 16 61
7 17 22
7 18 60
7 20 27
7 21 0
7 22 30
7 23 36
7 24 26
7 25 69
7 26 52
7 27 59
7 30 46
7 32 57
7 33 67
7 35 35
7 36 49
7 37 17
7 38 14
7 39 31
7 40 44
7 42 37
7 43 64
7 45 10
7 46 45
7 47 53
7 48 41
7 50 16
7 51 55
7 56 42
7 57 7
7 59 23
7 60 24
7 62 2
7 63 12
7 64 25
7 65 1
7 66 18
7 68 58
7 69 66
8 0 26
8 1 18
8 2 28
8 3 48
8 4 8
8 5 52
8 6 34
8 7 51
8 8 2
8 9 29
8 10 36
8 11 7
8 12 4
8 13 61
8 15 59
8 16 31
8 17 45
8 18 39
8 19 12
8 21 32
8 22 67
8 23 0
8 24 69
8 25 16
8 27 3
8 29 38
8 31 1
8 32 19
8 33 63
8 34 11
8 35 14
8 37 47
8 38 33
8 41 64
8 42 55
8 43 54
8 44 25
8 45 53
8 46 40
8 47 42
8 51 13
8 52 58
8 53 56
8 54 41
8 55 21
8 59 9
8 60 37
8 62 30
8 63 50
8 64 22
8 66 24
8 67 60
8 68 6
8 69 46
9 0 30
9 1 49
9 2 13
9 3 28
9 4 55
9 5 35
9 6 25
9 7 9
9 8 18
9 9 66
9 12 51
9 15 56
9 16 37
9 17 21
9 18 52
9 20 6
9 21 41
9 22 0
9 23 7
9 24 34
9 25 61
9 26 45
9 27 11
9 28 58
9 29 27
9 30 12
9 31 3
9 32 46
9 33 16
9 35 23
9 37 4
9 38 43
9 39 22
9 41 48
9 42 67
9 43 31
9 44 15
9 45 40
9 47 1
9 48 65
9 49 29
9 50 47
9 51 44
9 52 38
9 53 59
9 55 39
9 58 24
9 60 5
9 61 57
9 62 63
9 64 14
9 65 17
9 66 64
9 68 54
10 0 46
10 3 3
10 4 47
10 5 36
10 6 1
10 7 19
10 9 17
10 10 58
10 11 44
10 12 67
10 15 38
10 16 0
10 17 51
10 18 21
10 19 8
10 20 31
10 21 49
10 23 10
10 24 37
10 25 59
10 26 22
10 27 53
10 28 40
10 31 66
10 32 54
10 33 4
10 35 6
10 36 42
10 37 48
10 38 39
10 39 15
10 40 25
10 41 35
10 42 26
10 44 32
10 45 11
10 46 43
10 48 20
10 50 52
10 51 23
10 53 64
10 54 24
10 55 33
10 56 12
10 59 14
10 61 29
10 62 50
10 63 61
10 64 18
10 66 2
10 67 16
10 69 7
11 0 4
11 1 62
11 2 58
11 3 64
11 4 16
11 5 61
11 6 32
11 8 0
11 9 60
11 10 48
11 11 17
11 12 69
11 13 66
11 14 22
11 15 20
11 16 25
11 17 68
11 18 28
11 20 56
11 21 35
11 22 42
11 23 63
11 24 18
11 29 6
11 30 57
11 31 21
11 32 65
11 33 49
11 35 39
11 36 13
11 37 11
11 40 59
11 41 53
11 42 7
11 43 38
11 45 9
11 46 12
11 48 30
11 49 37
11 52 10
11 53 26
11 54 36
11 55 2
11 57 50
11 60 47
11 61 31
11 62 3
11 63 67
11 64 19
11 66 41
11 67 46
11 68 44
11 69 54
12 0 59
12 1 20
12 2 33
12 3 7
12 4 17
12 5 56
12 6 31
12 7 24
12 9 35
12 10 63
12 12 40
12 15 37
12 16 2
12 17 67
12 18 22
12 19 64
12 20 25
12 21 42
12 23 43
12 24 36
12 25 1
12 27 23
12 28 15
12 31 13
12 32 53
12 33 55
12 34 26
12 35 47
12 36 68
12 37 65
12 40 52
12 41 5
12 42 66
12 43 4
12 44 0
12 46 69
12 47 39
12 49 62
12 50 21
12 51 9
12 52 6
12 53 57
12 54 61
12 55 51
12 56 14
12 57 19
12 58 16
12 59 44
12 61 28
12 62 10
12 63 49
12 64 11
12 65 8
12 66 30
12 69 27
13 0 35
13 1 8
13 2 62
13 3 23
13 4 54
13 8 48
13 9 25
13 10 39
13 11 14
13 12 36
13 14 4
13 15 22
13 16 42
13 17 33
13 18 27
13 20 29
13 21 50
13 22 52
13 23 58
13 24 55
13 26 7
13 27 12
13 28 9
13 29 60
13 30 51
13 32 6
13 33 15
13 35 28
13 36 37
13 37 30
13 38 13
13 39 57
13 40 31
13 41 21
13 42 65
13 43 45
13 45 44
13 46 3
13 47 2
13 48 56
13 49 47
13 50 53
13 51 68
13 52 32
13 53 34
13 54 67
13 55 17
13 56 49
13 57 40
13 58 64
13 59 41
13 61 26
13 62 19
13 63 59
13 64 24
13 66 38
13 67 43
13 68 11
13 69 20
14 1 24
14 4 42
14 6 69
14 7 33
14 8 5
14 9 40
14 10 57
14 13 55
14 15 53
14 16 4
14 17 0
14 18 46
14 19 14
14 20 62
14 21 23
14 23 8
14 24 20
14 25 21
14 26 44
14 28 27
14 29 41
14 30 19
14 31 56
14 33 61
14 34 52
14 35 58
14 36 11
14 37 2
14 38 6
14 39 59
14 40 54
14 41 49
14 42 50
14 45 64
14 46 18
14 47 17
14 49 65
14 50 38
14 51 32
14 52 16
14 54 45
14 55 10
14 56 29
14 58 9
14 59 26
14 60 15
14 62 31
14 63 47
14 64 39
14 65 37
14 67 12
14 68 35
14 69 67
15 0 3
15 2 29
15 3 42
15 4 53
15 5 0
15 6 68
15 8 31
15 9 45
15 10 27
15 11 26
15 12 15
15 13 21
15 14 62
15 16 55
15 17 23
15 19 65
15 21 59
15 22 48
15 23 1
15 24 35
15 25 50
15 27 19
15 28 46
15 30 13
15 31 11
15 32 30
15 33 8
15 34 33
15 36 16
15 39 37
15 41 36
15 42 69
15 43 12
15 44 58
15 45 24
15 46 7
15 47 10
15 48 52
15 51 60
15 52 2
15 53 39
15 56 56
15 58 51
15 63 6
15 64 44
15 65 22
15 66 57
15 67 9
15 68 41
15 69 38
16 0 15
16 2 51
16 3 36
16 4 60
16 5 59
16 7 13
16 8 29
16 9 22
16 10 45
16 12 68
16 13 65
16 14 50
16 15 47
16 16 20
16 18 62
16 19 69
16 20 2
16 21 21
16 24 28
16 25 7
16 26 16
16 27 41
16 28 12
16 29 63
16 31 27
16 32 3
16 33 44
16 34 39
16 36 46
16 37 32
16 38 30
16 39 4
16 42 5
16 43 34
16 44 17
16 46 31
16 47 56
16 48 11
16 49 48
16 51 37
16 52 64
16 54 26
16 55 23
16 56 10
16 57 8
16 58 43
16 60 1
16 62 35
16 65 19
16 66 61
16 68 67
16 69 6
17 1 41
17 2 5
17 3 19
17 4 48
17 6 39
17 8 34
17 9 57
17 11 50
17 12 52
17 14 44
17 15 42
17 17 38
17 19 49
17 20 63
17 23 24
17 24 3
17 25 55
17 26 31
17 27 60
17 28 54
17 30 11
17 31 47
17 32 37
17 33 20
17 34 30
17 35 69
17 36 35
17 37 22
17 38 21
17 39 8
17 40 13
17 42 12
17 43 15
17 44 2
17 47 14
17 48 0
17 54 68
17 56 27
17 57 25
17 58 59
17 60 46
17 61 32
17 64 1
17 66 43
17 67 53
17 68 17
17 69 9
18 0 28
18 1 5
18 2 3
18 3 11
18 4 23
18 5 46
18 6 29
18 8 52
18 9 21
18 10 32
18 11 8
18 12 62
18 13 31
18 14 26
18 15 49
18 16 43
18 17 50
18 18 35
18 19 55
18 20 48
18 21 61
18 22 47
18 23 20
18 24 60
18 25 66
18 26 4
18 27 6
18 28 67
18 29 24
18 30 37
18 33 45
18 35 17
18 36 25
18 37 63
18 38 51
18 39 13
18 40 34
18 41 1
18 42 40
18 45 58
18 46 19
18 47 30
18 48 38
18 49 54
18 50 36
18 51 22
18 52 42
18 53 9
18 55 15
18 56 69
18 57 65
18 58 0
18 59 59
18 60 33
18 61 44
18 63 16
18 64 27
18 65 18
18 66 53
18 67 68
18 68 2
19 0 8
19 2 55
19 5 1
19 6 54
19 7 58
19 8 10
19 9 64
19 10 25
19 12 24
19 13 2
19 14 35
19 15 46
19 16 59
19 18 13
19 19 11
19 22 43
19 23 27
19 25 68
19 26 40
19 28 65
19 29 5
19 31 17
19 32 26
19 33 51
19 36 12
19 38 63
19 39 50
19 40 14
19 41 30
19 42 56
19 43 9
19 45 42
19 47 52
19 48 32
19 49 34
19 50 48
19 51 0
19 53 31
19 55 22
19 56 18
19 57 67
19 58 61
19 59 15
19 61 62
19 64 45
19 65 53
19 67 38
19 68 20
19 69 36
20 1 13
20 2 11
20 3 6
20 4 62
20 5 4
20 6 37
20 7 40
20 8 19
20 10 53
20 11 61
20 12 50
20 13 16
20 14 23
20 15 57
20 16 63
20 18 24
20 19 18
20 20 58
20 21 12
20 22 39
20 24 45
20 25 56
20 26 1
20 27 30
20 28 35
20 29 43
20 30 60
20 31 65
20 32 21
20 33 26
20 34 66
20 36 29
20 37 49
20 38 5
20 39 68
20 40 2
20 42 52
20 43 17
20 44 7
20 45 31
20 46 47
20 47 8
20 48 59
20 50 15
20 52 54
20 53 67
20 54 25
20 55 48
20 56 22
20 57 28
20 59 38
20 60 14
20 61 64
20 63 10
20 64 9
20 66 69
20 67 55
20 69 44
21 0 61
21 1 31
21 2 57
21 3 15
21 4 14
21 5 27
21 7 60
21 8 51
21 9 34
21 10 3
21 11 4
21 13 7
21 14 19
21 15 2
21 17 36
21 18 32
21 20 23
21 21 30
21 24 52
21 25 64
21 26 20
21 27 37
21 28 43
21 29 48
21 30 58
21 31 0
21 32 69
21 33 25
21 34 8
21 35 26
21 37 18
21 38 16
21 39 40
21 40 28
21 41 67
21 42 49
21 43 22
21 44 68
21 45 5
21 46 50
21 47 65
21 48 35
21 49 42
21 50 10
21 51 33
21 52 11
21 53 12
21 54 46
21 56 45
21 57 59
21 58 17
21 59 29
21 60 53
21 61 24
21 62 6
21 63 1
21 64 66
21 65 63
21 69 21
22 0 56
22 1 32
22 3 39
22 4 51
22 5 41
22 6 55
22 7 17
22 8 7
22 9 62
22 10 43
22 11 1
22 13 4
22 14 63
22 15 26
22 17 13
22 18 49
22 19 35
22 21 15
22 22 53
22 23 46
22 24 42
22 26 47
22 27 24
22 28 52
22 31 38
22 33 33
22 35 59
22 37 61
22 38 66
22 39 19
22 40 27
22 41 50
22 42 64
22 43 6
22 44 20
22 47 11
22 49 23
22 50 34
22 51 40
22 52 30
22 53 14
22 54 2
22 55 45
22 56 28
22 58 57
22 59 3
22 60 65
22 61 9
22 62 21
22 63 22
22 64 12
22 65 16
22 67 10
22 68 5
22 69 8
23 0 47
23 1 9
23 2 15
23 3 31
23 5 58
23 6 42
23 7 11
23 8 24
23 10 49
23 11 40
23 12 66
23 13 36
23 14 55
23 16 34
23 17 26
23 18 10
23 20 16
23 21 45
23 22 57
23 24 2
23 26 3
23 27 46
23 28 39
23 30 25
23 31 60
23 32 1
23 33 62
23 34 0
23 35 7
23 36 52
23 37 27
23 39 18
23 40 5
23 41 29
23 42 59
23 44 4
23 46 8
23 47 41
23 48 17
23 49 6
23 50 19
23 52 13
23 53 48
23 54 28
23 55 67
23 57 14
23 59 32
23 60 23
23 61 56
23 63 63
23 64 33
23 65 43
23 66 51
23 67 20
23 68 64
23 69 12
24 1 48
24 2 39
24 3 62
24 4 44
24 6 8
24 7 4
24 8 50
24 9 56
24 10 31
24 12 65
24 13 57
24 14 1
24 17 40
24 18 66
24 19 33
24 20 28
24 22 26
24 24 29
24 25 30
24 27 7
24 28 63
24 30 24
24 31 25
24 32 51
24 33 38
24 34 55
24 35 2
24 37 41
24 38 69
24 40 60
24 43 10
24 44 45
24 47 64
24 48 58
24 49 12
24 50 35
24 52 68
24 53 37
24 56 5
24 57 43
24 58 27
24 59 53
24 60 11
24 63 36
24 64 52
24 65 54
24 66 13
24 67 61
24 68 32
24 69 15
25 0 66
25 1 65
25 2 10
25 5 69
25 6 15
25 7 64
25 8 54
25 9 39
25 10 0
25 11 28
25 13 40
25 14 51
25 15 34
25 16 16
25 18 29
25 19 2
25 20 3
25 22 19
25 23 37
25 24 50
25 25 58
25 26 12
25 27 4
25 29 32
25 30 21
25 31 18
25 32 11
25 33 5
25 34 35
25 35 63
25 36 41
25 37 23
25 38 1
25 40 42
25 42 53
25 43 36
25 44 30
25 48 62
25 49 9
25 50 20
25 52 59
25 54 33
25 55 26
25 56 55
25 58 22
25 59 24
25 60 67
25 64 49
25 65 27
25 66 17
25 68 8
25 69 47
26 0 14
26 1 12
26 2 46
26 3 13
26 4 1
26 5 67
26 6 52
26 7 50
26 8 44
26 9 42
26 10 41
26 11 9
26 12 17
26 13 8
26 14 2
26 15 63
26 16 40
26 17 11
26 18 26
26 20 53
26 21 31
26 22 37
26 24 54
26 25 6
26 26 64
26 27 15
26 31 22
26 32 61
26 33 43
26 34 16
26 35 49
26 36 48
26 37 33
26 38 47
26 40 36
26 42 51
26 44 60
26 46 38
26 47 25
26 48 10
26 49 57
26 50 28
26 51 39
26 52 24
26 53 32
26 54 21
26 56 0
26 57 23
26 58 29
26 59 20
26 61 68
26 62 66
26 64 7
26 65 4
26 68 27
26 69 62
27 0 64
27 1 28
27 2 6
27 3 53
27 4 25
27 5 22
27 7 44
27 8 47
27 9 10
27 11 48
27 12 34
27 13 32
27 14 14
27 15 52
27 17 37
27 18 3
27 19 54
27 20 40
27 21 29
27 22 2
27 23 26
27 24 41
27 25 27
27 26 61
27 27 49
27 28 45
27 30 65
27 31 67
27 32 63
27 33 7
27 35 57
27 36 62
27 37 38
27 38 42
27 39 33
27 40 18
27 41 9
27 42 68
27 43 11
27 44 66
27 46 59
27 47 35
27 48 69
27 49 16
27 50 60
27 51 1
27 52 23
27 53 30
27 54 55
27 55 13
27 57 46
27 58 8
27 59 19
27 60 43
27 61 15
27 62 20
27 63 51
27 64 50
27 65 0
27 66 31
27 67 58
27 68 24
27 69 4
28 0 39
28 1 4
28 2 26
28 4 24
28 6 67
28 7 0
28 8 37
28 9 38
28 11 35
28 12 41
28 13 47
28 14 17
28 15 58
28 16 27
28 18 45
28 19 46
28 20 15
28 21 69
28 22 8
28 23 21
28 24 25
28 25 65
28 26 60
28 27 16
28 28 20
28 29 59
28 30 10
28 31 51
28 32 33
28 33 9
28 35 48
28 36 6
28 38 31
28 39 52
28 40 12
28 41 28
28 44 3
28 45 49
28 46 53
28 47 55
28 48 14
28 49 11
28 50 64
28 51 18
28 52 56
28 53 5
28 54 63
28 55 61
28 56 34
28 57 44
28 58 19
28 59 42
28 60 40
28 61 43
28 62 36
28 63 7
28 64 23
28 65 2
28 66 32
28 68 22
28 69 13
29 0 45
29 1 0
29 2 20
29 3 61
29 4 43
29 5 37
29 6 50
29 10 65
29 13 11
29 14 49
29 15 33
29 16 24
29 17 46
29 18 41
29 19 47
29 20 34
29 21 22
29 22 27
29 23 64
29 24 63
29 25 5
29 26 53
29 27 13
29 28 18
29 29 16
29 30 2
29 31 15
29 32 25
29 33 36
29 34 19
29 37 42
29 38 7
29 39 58
29 40 55
29 42 14
29 43 8
29 45 35
29 46 26
29 47 38
29 48 40
29 49 30
29 50 3
29 51 56
29 53 23
29 54 29
29 56 52
29 57 1
29 58 60
29 60 48
29 61 12
29 62 4
29 63 62
29 64 59
29 65 44
29 67 51
29 68 66
29 69 69
30 0 55
30 2 35
30 4 58
30 5 54
30 7 43
30 8 6
30 9 7
30 10 12
30 12 33
30 13 3
30 14 20
30 15 5
30 16 36
30 17 25
30 18 0
30 19 22
30 20 24
30 21 40
30 22 9
30 24 32
30 25 41
30 28 49
30 29 46
30 30 53
30 31 64
30 32 31
30 34 2
30 35 13
30 36 38
30 38 19
30 39 34
30 40 30
30 41 52
30 42 60
30 43 44
30 44 1
30 45 26
30 46 10
30 47 50
30 48 16
30 49 66
30 50 42
30 51 14
30 52 45
30 53 17
30 54 65
30 55 59
30 56 48
30 57 51
30 58 69
30 59 4
30 60 28
30 62 8
30 64 62
30 65 11
30 66 63
30 67 27
30 68 29
31 1 26
31 2 25
31 3 45
31 4 50
31 5 48
31 6 10
31 7 54
31 8 59
31 9 67
31 10 18
31 11 22
31 12 23
31 13 5
31 14 28
31 15 41
31 16 65
31 17 1
31 20 33
31 22 35
31 24 53
31 25 29
31 26 36
31 27 52
31 28 21
31 29 61
31 30 68
31 31 16
31 32 58
31 33 66
31 35 64
31 36 15
31 37 37
31 39 3
31 40 46
31 41 40
31 42 6
31 43 51
31 44 56
31 45 12
31 46 42
31 47 4
31 48 39
31 49 49
31 50 27
31 51 30
31 53 11
31 54 31
31 55 20
31 56 47
31 57 24
31 58 32
31 59 34
31 61 69
31 62 7
31 63 44
31 64 43
31 65 13
31 67 19
31 68 0
31 69 2
32 0 18
32 1 56
32 2 45
32 4 38
32 7 49
32 8 69
32 9 65
32 10 40
32 11 2
32 12 64
32 14 24
32 15 8
32 17 44
32 18 48
32 19 27
32 20 68
32 21 36
32 22 20
32 23 61
32 24 5
32 25 54
32 26 11
32 27 57
32 28 3
32 29 17
32 30 30
32 31 4
32 32 32
32 33 52
32 34 51
32 35 46
32 36 28
32 37 59
32 38 0
32 39 12
32 40 15
32 43 26
32 44 22
32 45 55
32 46 14
32 47 31
32 48 9
32 49 43
32 53 29
32 54 16
32 55 6
32 57 35
32 58 62
32 59 7
32 60 19
32 61 41
32 63 13
32 64 34
32 66 60
32 67 66
32 69 33
33 3 26
33 5 51
33 6 2
33 7 45
33 8 17
33 9 12
33 10 22
33 11 32
33 12 54
33 13 64
33 14 47
33 17 56
33 18 57
33 19 44
33 20 20
33 21 6
33 22 66
33 23 4
33 25 39
33 26 67
33 28 10
33 29 14
33 30 38
33 31 68
33 33 3
33 35 11
33 39 21
33 40 29
33 41 33
33 42 31
33 43 48
33 44 61
33 45 7
33 46 34
33 47 43
33 48 53
33 50 8
33 51 58
33 54 52
33 55 1
33 56 60
33 57 55
33 58 65
33 60 30
33 61 16
33 62 62
33 63 9
33 65 28
33 69 37
34 0 54
34 1 16
34 2 24
34 3 49
34 4 65
34 5 50
34 6 19
34 7 20
34 9 27
34 10 4
34 11 18
34 12 59
34 13 42
34 14 56
34 15 30
34 16 26
34 17 9
34 18 40
34 19 5
34 20 13
34 22 38
34 23 35
34 24 67
34 25 33
34 26 25
34 27 55
34 28 8
34 29 0
34 30 41
34 31 29
34 32 34
34 34 14
34 35 12
34 36 58
34 37 15
34 38 68
34 41 62
34 42 47
34 43 53
34 44 11
34 45 48
34 46 51
34 47 37
34 48 1
34 49 52
34 50 45
34 52 28
34 53 69
34 54 32
34 55 46
34 56 61
34 57 57
34 58 10
34 59 64
34 60 21
34 61 2
34 62 17
34 65 39
34 66 36
34 67 22
34 68 60
35 0 29
35 2 8
35 3 32
35 4 21
35 5 16
35 6 40
35 7 30
35 8 68
35 9 4
35 10 20
35 11 63
35 12 38
35 13 52
35 14 37
35 16 18
35 17 39
35 18 1
35 19 31
35 20 17
35 21 47
35 22 14
35 23 13
35 24 23
35 25 67
35 27 42
35 29 69
35 30 35
35 33 48
35 34 9
35 35 60
35 37 25
35 38 44
35 39 64
35 40 7
35 42 34
35 43 62
35 44 41
35 45 61
35 46 2
35 47 51
35 48 46
35 51 12
35 52 27
35 54 57
35 56 19
35 58 58
35 59 50
35 60 49
35 61 66
35 62 24
35 63 53
35 64 65
35 65 6
35 66 11
35 67 3
35 69 59
36 1 53
36 2 32
36 3 65
36 4 19
36 5 42
36 6 22
36 7 21
36 8 45
36 9 3
36 11 41
36 12 8
36 13 10
36 14 61
36 16 15
36 17 62
36 19 4
36 22 28
36 23 67
36 24 57
36 25 35
36 26 38
36 27 51
36 29 23
36 31 14
36 32 52
36 33 27
36 34 37
36 35 56
36 36 63
36 37 29
36 38 50
36 39 17
36 40 9
36 41 18
36 42 13
36 43 20
36 44 33
36 45 2
36 46 58
36 47 36
36 48 12
36 49 55
36 50 6
36 51 46
36 52 43
36 53 40
36 54 5
36 55 30
36 56 68
36 57 48
36 58 39
36 60 7
36 61 34
36 62 59
36 63 64
36 64 16
36 66 0
36 67 25
36 68 47
36 69 49
37 0 63
37 1 55
37 2 30
37 3 54
37 4 20
37 6 3
37 7 18
37 8 13
37 9 59
37 11 66
37 12 43
37 14 8
37 16 29
37 17 35
37 18 14
37 19 40
37 20 4
37 21 44
37 23 5
37 24 17
37 25 46
37 26 42
37 27 67
37 28 33
37 29 31
37 30 16
37 32 45
37 34 58
37 35 1
37 36 26
37 38 38
37 39 36
37 40 61
37 41 6
37 42 19
37 43 24
37 44 34
37 45 47
37 47 7
37 48 37
37 49 22
37 50 11
37 51 21
37 53 50
37 54 69
37 56 62
37 57 49
37 58 28
37 59 25
37 61 27
37 62 32
37 63 57
37 64 10
37 65 15
37 66 48
37 67 39
37 68 65
37 69 56
38 0 25
38 1 37
38 2 41
38 3 5
38 4 12
38 5 47
38 6 46
38 7 56
38 8 33
38 9 32
38 10 14
38 11 31
38 12 61
38 13 22
38 14 36
38 15 27
38 16 49
38 18 4
38 19 30
38 20 38
38 21 68
38 22 59
38 23 54
38 24 39
38 25 13
38 26 23
38 27 58
38 28 57
38 29 67
38 30 29
38 31 24
38 32 62
38 33 1
38 35 51
38 36 65
38 38 34
38 39 53
38 40 45
38 41 60
38 42 17
38 43 69
38 44 26
38 45 21
38 46 55
38 47 0
38 48 66
38 49 15
38 50 7
38 52 40
38 53 19
38 54 44
38 55 43
38 56 8
38 57 11
38 58 50
38 61 18
38 62 64
38 63 2
38 64 6
38 65 20
38 66 10
38 67 52
38 69 16
39 0 23
39 2 53
39 3 33
39 5 11
39 7 62
39 8 42
39 9 6
39 10 24
39 11 47
39 12 58
39 13 45
39 14 21
39 15 29
39 16 22
39 17 43
39 18 67
39 19 20
39 20 59
39 21 48
39 22 32
39 24 12
39 25 57
39 26 35
39 28 38
39 29 39
39 30 66
39 32 55
39 33 0
39 34 34
39 35 31
39 37 26
39 38 10
39 39 1
39 40 40
39 41 27
39 42 44
39 43 63
39 44 18
39 45 15
39 46 60
39 47 3
39 48 7
39 50 30
39 51 16
39 52 14
39 53 13
39 54 17
39 55 37
39 57 2
39 58 36
39 59 69
39 60 54
39 61 52
39 62 9
39 63 68
39 65 56
39 66 28
39 67 49
39 69 5
40 1 66
40 3 25
40 4 64
40 5 29
40 6 48
40 7 65
40 9 24
40 10 26
40 11 51
40 12 63
40 13 13
40 14 31
40 15 68
40 16 19
40 17 59
40 19 67
40 20 30
40 21 27
40 23 9
40 24 22
40 26 56
40 27 44
40 28 61
40 29 18
40 31 53
40 32 41
40 33 57
40 35 5
40 36 33
40 37 10
40 38 55
40 39 20
40 40 69
40 42 35
40 43 43
40 44 50
40 45 0
40 46 21
40 47 47
40 48 15
40 49 7
40 50 2
40 51 11
40 52 60
40 53 36
40 54 14
40 55 52
40 56 46
40 57 42
40 58 38
40 59 39
40 60 62
40 62 58
40 65 3
40 66 54
40 67 34
40 68 23
40 69 28
41 0 52
41 1 42
41 2 38
41 3 1
41 4 30
41 5 8
41 6 64
41 7 2
41 8 22
41 10 44
41 11 43
41 12 9
41 13 37
41 14 58
41 15 16
41 16 35
41 17 31
41 18 33
41 19 59
41 20 39
41 21 55
41 22 21
41 23 15
41 24 4
41 25 32
41 26 69
41 27 36
41 30 26
41 32 13
41 33 23
41 35 50
41 36 24
41 37 46
41 38 25
41 39 61
41 41 63
41 42 41
41 43 5
41 44 6
41 45 27
41 47 19
41 48 51
41 50 67
41 51 54
41 52 53
41 53 3
41 54 12
41 57 34
41 59 66
41 60 10
41 64 47
41 65 68
41 66 40
41 68 49
42 0 7
42 1 63
42 3 59
42 4 32
42 5 20
42 6 14
42 7 8
42 8 16
42 9 53
42 10 50
42 11 60
42 12 11
42 13 44
42 14 13
42 15 35
42 17 41
42 20 18
42 21 67
42 22 34
42 23 45
42 24 15
42 25 3
42 26 65
42 27 2
42 28 47
42 29 10
42 30 27
42 31 43
42 32 40
42 33 6
42 34 46
42 35 24
42 36 69
42 40 21
42 41 54
42 42 29
42 43 58
42 44 28
42 45 19
42 46 64
42 47 49
42 48 33
42 49 68
42 50 22
42 51 66
42 52 57
42 53 55
42 54 42
42 55 9
42 56 25
42 57 17
42 58 12
42 59 51
42 60 0
42 61 39
42 62 56
42 64 37
42 65 48
42 66 4
42 67 26
42 68 61
43 0 51
43 1 46
43 2 1
43 3 0
43 5 65
43 6 7
43 7 29
43 9 49
43 11 42
43 12 6
43 14 12
43 16 3
43 17 52
43 20 50
43 21 57
43 22 44
43 23 34
43 24 11
43 25 48
43 29 26
43 30 15
43 31 32
43 32 36
43 33 53
43 34 28
43 35 25
43 37 56
43 38 27
43 40 20
43 41 37
43 43 41
43 44 10
43 45 22
43 46 17
43 47 60
43 48 67
43 49 5
43 50 14
43 51 62
43 52 21
43 53 47
43 54 54
43 55 69
43 56 43
43 57 63
43 58 18
43 59 55
43 60 2
43 61 30
43 64 13
43 65 9
44 0 68
44 1 33
44 2 9
44 3 2
44 5 3
44 7 46
44 8 4
44 9 48
44 10 67
44 11 19
44 15 69
44 16 60
44 17 49
44 18 16
44 19 15
44 20 44
44 21 17
44 22 61
44 23 52
44 24 21
44 25 40
44 27 26
44 28 62
44 31 57
44 32 38
44 33 29
44 34 24
44 35 37
44 37 34
44 38 56
44 39 43
44 42 27
44 43 14
44 44 5
44 45 41
44 46 32
44 47 18
44 48 45
44 52 51
44 53 58
44 54 8
44 55 11
44 57 0
44 58 6
44 60 36
44 61 25
44 62 53
44 63 35
44 64 42
44 65 23
44 66 12
44 67 63
44 68 30
44 69 55
45 0 22
45 1 54
45 2 23
45 3 8
45 4 40
45 7 3
45 8 55
45 9 2
45 11 21
45 12 42
45 13 59
45 15 11
45 16 52
45 17 30
45 18 7
45 20 1
45 21 4
45 22 24
45 23 56
45 24 46
45 25 37
45 26 17
45 27 32
45 28 29
45 29 58
45 30 34
45 31 49
45 32 60
45 33 39
45 35 10
45 36 18
45 37 69
45 38 67
45 39 63
45 41 66
45 42 61
45 44 57
45 45 14
45 46 33
45 47 27
45 48 13
45 49 0
45 50 50
45 52 9
45 53 45
45 55 62
45 56 36
45 57 12
45 58 53
45 59 48
45 60 6
45 64 28
45 65 64
45 66 15
45 68 43
45 69 26
46 0 67
46 2 63
46 3 55
46 5 32
46 8 64
46 10 15
46 11 52
46 12 49
46 13 25
46 14 60
46 15 12
46 16 50
46 17 42
46 19 21
46 20 51
46 22 33
46 23 17
46 24 14
46 25 62
46 26 43
46 27 69
46 28 23
46 29 2
46 30 7
46 31 48
46 32 59
46 36 57
46 37 5
46 38 61
46 39 35
46 40 1
46 42 9
46 44 37
46 45 8
46 47 6
46 48 22
46 50 0
46 51 36
46 52 26
46 53 38
46 54 58
46 55 16
46 56 24
46 57 3
46 58 45
46 60 39
46 61 19
46 62 40
46 63 11
46 64 54
46 65 31
46 66 47
46 67 30
46 68 4
46 69 65
47 0 12
47 1 59
47 2 34
47 3 29
47 4 63
47 5 55
47 6 38
47 9 47
47 10 11
47 11 67
47 12 5
47 13 27
47 16 66
47 18 15
47 19 0
47 20 36
47 22 65
47 23 48
47 24 44
47 25 51
47 26 19
47 27 25
47 28 37
47 29 20
47 30 1
47 31 46
47 33 69
47 34 60
47 35 68
47 36 50
47 37 24
47 38 57
47 39 56
47 41 26
47 43 28
47 44 23
47 46 52
47 48 2
47 49 31
47 50 58
47 51 64
47 52 3
47 55 54
47 56 39
47 58 14
47 59 43
47 60 42
47 61 6
47 62 13
47 63 41
47 64 61
47 65 7
47 66 16
47 67 18
47 68 40
47 69 17
48 0 20
48 1 29
48 2 27
48 3 58
48 4 7
48 5 64
48 6 11
48 8 9
48 9 1
48 11 25
48 12 37
48 13 63
48 14 52
48 15 36
48 16 47
48 17 12
48 18 6
48 19 51
48 21 2
48 22 41
48 23 53
48 24 61
48 25 49
48 26 15
48 27 45
48 28 4
48 29 40
48 30 62
48 32 68
48 33 17
48 35 30
48 36 3
48 37 57
48 38 54
48 39 60
48 40 66
48 41 43
48 42 10
48 43 42
48 44 48
48 45 65
48 46 46
48 47 44
48 50 24
48 52 33
48 53 0
48 55 50
48 57 22
48 58 34
48 59 13
48 60 8
48 61 67
48 62 39
48 67 28
48 68 18
48 69 14
49 0 38
49 1 6
49 2 52
49 3 68
49 4 11
49 5 24
49 6 60
49 8 21
49 9 43
49 10 28
49 11 53
49 14 27
49 15 10
49 17 66
49 18 54
49 20 8
49 21 58
49 23 29
49 25 36
49 26 32
49 28 16
49 29 15
49 31 12
49 32 2
49 33 59
49 34 67
49 36 44
49 37 19
49 38 23
49 39 62
49 40 41
49 41 65
49 42 0
49 44 46
49 45 13
49 46 39
49 47 63
49 48 26
49 49 25
49 50 69
49 52 5
49 54 34
49 55 35
49 56 17
49 58 49
49 59 40
49 60 22
49 61 61
49 63 4
49 64 56
49 65 50
49 66 20
49 67 33
49 68 48
49 69 3
50 0 24
50 2 2
50 3 46
50 4 18
50 5 43
50 6 47
50 7 57
50 8 35
50 9 50
50 11 62
50 13 17
50 14 6
50 15 32
50 16 41
50 17 34
50 18 55
50 19 66
50 21 13
50 22 4
50 23 12
50 24 16
50 25 44
50 26 5
50 30 49
50 31 20
50 33 60
50 34 27
50 35 29
50 36 45
50 38 26
50 39 23
50 40 67
50 43 68
50 44 9
50 45 59
50 46 0
50 47 15
50 48 31
50 49 63
50 50 51
50 51 65
50 52 48
50 53 53
50 54 1
50 55 8
50 56 37
50 57 36
50 58 56
50 59 54
50 60 61
50 61 58
50 62 22
50 63 40
50 64 69
50 65 42
50 67 14
50 69 64
51 0 2
51 1 57
51 4 45
51 5 33
51 7 55
51 9 31
51 10 51
51 11 5
51 13 20
51 14 16
51 16 62
51 17 27
51 21 66
51 22 64
51 24 10
51 25 63
51 27 9
51 28 44
51 29 68
51 30 36
51 31 34
51 32 50
51 33 11
51 35 65
51 36 56
51 37 14
51 38 24
51 39 41
51 40 8
51 41 61
51 42 42
51 43 49
51 45 60
51 47 67
51 48 54
51 50 13
51 51 59
51 52 46
51 53 25
51 54 40
51 55 53
51 56 23
51 57 52
51 59 30
51 60 35
51 61 37
51 62 1
51 63 48
51 64 0
51 65 58
51 66 3
51 67 17
51 68 12
51 69 19
52 0 62
52 1 23
52 2 67
52 3 47
52 4 36
52 5 10
52 6 26
52 7 39
52 10 35
52 11 65
52 12 57
52 13 68
52 14 53
52 15 7
52 16 48
52 17 63
52 18 31
52 19 16
52 21 46
52 23 59
52 24 27
52 25 34
52 26 14
52 27 28
52 28 69
52 30 33
52 31 50
52 32 49
52 33 40
52 35 8
52 37 1
52 38 15
52 39 0
52 40 32
52 41 42
52 42 18
52 43 55
52 44 38
52 45 51
52 46 22
52 47 45
52 48 64
52 49 21
52 51 41
52 52 37
52 53 52
52 54 66
52 55 24
52 56 58
52 58 30
52 59 2
52 60 3
52 61 20
52 62 43
52 63 19
52 64 5
52 65 61
52 66 44
52 67 6
52 68 25
52 69 60
53 0 19
53 1 44
53 2 50
53 4 28
53 5 25
53 6 6
53 7 36
53 9 30
53 10 55
53 11 69
53 12 1
53 15 48
53 16 32
53 17 2
53 18 61
53 19 52
53 20 7
53 21 9
53 24 49
53 25 22
53 26 62
53 27 43
53 28 56
53 30 54
53 31 63
53 32 14
53 33 12
53 34 57
53 35 42
53 37 64
53 38 8
53 39 65
53 40 17
53 41 46
53 44 47
53 45 66
53 46 27
53 48 18
53 49 67
53 50 33
53 51 24
53 53 35
53 55 31
53 56 20
53 57 15
53 58 41
53 59 21
53 60 13
53 61 38
53 64 60
53 66 34
53 68 26
53 69 51
54 0 42
54 1 11
54 2 17
54 4 59
54 5 28
54 6 45
54 7 53
54 9 52
54 10 16
54 12 22
54 13 24
54 14 57
54 16 33
54 17 19
54 18 5
54 21 63
54 22 23
54 23 51
54 24 66
54 25 2
54 26 37
54 28 48
54 31 6
54 32 8
54 33 58
54 34 69
54 35 44
54 36 0
54 38 9
54 40 43
54 42 3
54 43 30
54 44 35
54 45 1
54 46 13
54 47 46
54 48 50
54 50 49
54 52 61
54 53 21
54 54 10
54 55 29
54 56 54
54 59 62
54 61 60
54 62 68
54 63 39
54 65 34
54 66 25
54 67 65
54 68 7
54 69 32
55 1 50
55 2 4
55 3 14
55 4 37
55 5 18
55 7 47
55 9 41
55 10 19
55 12 60
55 13 35
55 14 32
55 15 55
55 16 67
55 17 58
55 18 23
55 19 42
55 20 57
55 21 34
55 23 66
55 24 64
55 25 12
55 27 21
55 28 53
55 29 25
55 30 48
55 31 30
55 33 28
55 35 22
55 36 40
55 37 44
55 38 20
55 39 24
55 41 38
55 42 54
55 43 1
55 44 65
55 45 36
55 47 62
55 48 61
55 49 13
55 51 17
55 52 69
55 53 7
55 54 9
55 55 63
55 56 2
55 57 10
55 58 15
55 60 59
55 61 49
55 62 27
55 63 26
55 64 68
55 65 33
55 67 45
55 68 16
55 69 52
56 0 13
56 1 43
56 2 56
56 3 67
56 5 19
56 7 37
56 8 25
56 9 23
56 10 68
56 11 55
56 12 28
56 13 29
56 14 40
56 15 18
56 18 12
56 19 60
56 20 35
56 21 52
56 23 31
56 24 8
56 26 51
56 27 62
56 28 5
56 29 64
56 30 17
56 31 39
56 32 16
56 33 21
56 34 61
56 36 59
56 37 9
56 38 4
56 41 11
56 44 27
56 45 57
56 46 44
56 47 34
56 48 49
56 50 63
56 51 53
56 53 24
56 54 7
56 55 41
56 56 32
56 57 47
56 58 42
56 59 6
56 60 69
56 61 46
56 62 48
56 63 15
56 64 38
56 65 45
56 66 65
56 69 58
57 1 39
57 2 43
57 3 69
57 4 0
57 5 15
57 6 36
57 7 6
57 8 58
57 9 51
57 10 59
57 11 29
57 12 26
57 13 30
57 14 45
57 15 44
57 16 56
57 17 24
57 18 18
57 19 17
57 20 46
57 21 62
57 23 2
57 24 1
57 25 23
57 26 9
57 27 10
57 28 34
57 29 35
57 30 4
57 32 12
57 33 64
57 34 40
57 36 21
57 37 54
57 38 65
57 39 25
57 40 48
57 41 7
57 42 20
57 43 19
57 44 14
57 45 37
57 46 41
57 47 5
57 48 60
57 49 38
57 51 52
57 53 49
57 55 55
57 57 32
57 58 13
57 59 8
57 60 16
57 63 28
57 64 63
57 65 66
57 66 27
57 67 67
57 68 68
58 0 37
58 1 58
58 2 65
58 4 56
58 10 69
58 11 57
58 12 27
58 15 64
58 16 46
58 17 4
58 18 63
58 19 34
58 20 42
58 21 39
58 22 12
58 23 14
58 26 24
58 27 68
58 28 6
58 29 7
58 30 22
58 31 59
58 32 0
58 35 62
58 36 51
58 37 36
58 38 48
58 39 49
58 41 2
58 42 25
58 43 32
58 44 55
58 45 52
58 46 54
58 47 20
58 48 23
58 51 45
58 52 50
58 53 1
58 54 47
58 55 66
58 56 30
58 57 60
58 58 3
58 61 10
58 62 61
58 63 38
58 64 29
58 65 21
58 66 19
58 67 8
58 68 31
59 0 21
59 2 66
59 3 35
59 4 68
59 5 39
59 6 18
59 7 34
59 8 26
59 9 63
59 10 42
59 11 12
59 12 46
59 15 17
59 16 6
59 17 10
59 18 59
59 19 23
59 20 37
59 21 28
59 22 69
59 24 58
59 25 8
59 27 54
59 28 22
59 29 44
59 30 14
59 31 61
59 32 48
59 33 24
59 34 45
59 35 40
59 36 19
59 37 50
59 38 3
59 40 65
59 41 56
59 42 43
59 43 52
59 44 53
59 45 62
59 46 16
59 47 13
59 48 57
59 49 51
59 51 38
59 52 4
59 53 15
59 54 27
59 55 25
59 56 67
59 57 20
59 58 47
59 59 5
59 60 31
59 61 1
59 63 0
59 64 32
59 65 60
59 66 49
59 67 11
59 68 36
59 69 30
60 0 50
60 1 47
60 2 61
60 4 9
60 5 2
60 6 0
60 7 42
60 9 58
60 10 56
60 12 31
60 13 43
60 14 29
60 15 23
60 16 13
60 17 69
60 18 19
60 19 26
60 21 5
60 22 11
60 23 60
60 24 6
60 25 53
60 26 49
60 27 18
60 28 68
60 29 1
60 30 52
60 31 37
60 32 17
60 33 14
60 34 12
60 35 27
60 37 51
60 38 46
60 39 16
60 40 10
60 41 44
60 43 7
60 44 59
60 45 34
60 46 25
60 47 54
60 49 8
60 50 4
60 51 48
60 53 65
60 55 28
60 56 57
60 57 66
60 58 35
60 59 45
60 60 32
60 61 33
60 62 15
60 63 55
60 64 20
60 65 62
60 66 22
60 67 41
60 69 40
61 1 45
61 4 27
61 5 21
61 6 62
61 7 23
61 8 49
61 9 37
61 10 7
61 11 34
61 14 66
61 15 39
61 16 64
61 18 43
61 19 50
61 21 3
61 22 10
61 23 30
61 24 31
61 25 25
61 26 18
61 27 8
61 28 2
61 29 52
61 30 59
61 31 9
61 32 20
61 33 42
61 34 6
61 35 4
61 36 1
61 38 32
61 40 53
61 41 41
61 42 46
61 43 56
61 44 12
61 45 38
61 46 48
61 47 40
61 48 36
61 49 24
61 50 26
61 51 15
61 52 63
61 54 11
61 55 44
61 56 51
61 57 61
61 58 33
61 59 60
61 60 29
61 62 69
61 64 35
61 65 57
61 67 47
61 68 14
61 69 68
62 0 69
62 1 34
62 2 48
62 3 60
62 4 52
62 5 63
62 6 61
62 7 7
62 8 66
62 9 16
62 10 17
62 11 49
62 12 13
62 13 18
62 14 3
62 15 24
62 16 11
62 17 15
62 18 9
62 19 53
62 20 0
62 21 54
62 22 31
62 23 44
62 24 47
62 25 14
62 26 41
62 27 1
62 29 62
62 31 55
62 32 23
62 34 21
62 36 32
62 37 35
62 38 28
62 39 2
62 40 38
62 41 51
62 42 33
62 43 39
62 44 19
62 45 6
62 46 56
62 49 46
62 50 43
62 51 20
62 52 25
62 53 68
62 54 50
62 55 4
62 57 29
62 58 37
62 59 57
62 61 40
62 62 45
62 63 27
62 64 36
62 65 30
62 66 26
62 67 64
62 68 59
62 69 22
63 0 53
63 1 68
63 3 9
63 4 49
63 5 38
63 6 13
63 7 52
63 8 46
63 9 28
63 10 1
63 13 26
63 14 48
63 15 67
63 16 57
63 17 18
63 18 47
63 19 24
63 20 21
63 21 7
63 22 45
63 23 39
63 24 56
63 25 60
63 26 0
63 27 35
63 29 34
63 30 64
63 31 58
63 32 42
63 33 19
63 35 20
63 37 6
63 38 17
63 40 37
63 41 16
63 42 15
63 43 33
63 44 54
63 47 29
63 49 41
63 50 32
63 51 27
63 52 65
63 54 62
63 55 3
63 56 4
63 57 31
63 58 66
63 59 61
63 60 51
63 62 14
63 63 25
63 64 30
63 65 12
63 67 44
63 68 69
63 69 10
64 0 0
64 1 61
64 2 37
64 3 20
64 4 6
64 5 57
64 6 12
64 7 32
64 8 39
64 10 13
64 12 10
64 13 49
64 14 25
64 16 17
64 17 16
64 18 50
64 19 48
64 20 11
64 21 60
64 22 56
64 24 59
64 25 28
64 27 65
64 29 51
64 30 40
64 32 47
64 33 30
64 34 64
64 35 41
64 36 27
64 37 45
64 38 2
64 39 66
64 40 35
64 41 23
64 42 62
64 43 21
64 44 52
64 45 43
64 46 24
64 48 44
64 50 46
64 51 8
64 52 55
64 53 63
64 54 18
64 55 14
64 56 3
64 57 4
64 60 34
64 61 53
64 62 26
64 63 54
64 64 67
64 65 69
64 66 5
64 67 42
64 68 15
64 69 31
65 0 58
65 1 17
65 2 19
65 3 34
65 5 12
65 6 44
65 8 62
65 10 46
65 11 20
65 12 16
65 13 33
65 14 54
65 15 21
65 16 7
65 18 64
65 19 56
65 21 65
65 22 1
65 23 11
65 24 30
65 27 5
65 28 0
65 29 13
65 30 3
65 31 40
65 32 9
65 34 41
65 36 14
65 37 60
65 39 6
65 40 51
65 41 68
65 44 36
65 45 28
65 46 66
65 47 69
65 48 55
65 49 18
65 51 42
65 54 37
65 56 50
65 57 53
65 59 27
65 60 26
65 61 63
65 62 23
65 63 52
65 64 31
65 65 10
65 66 45
65 67 24
65 68 57
65 69 29
66 0 41
66 1 1
66 2 54
66 3 30
66 4 31
66 5 45
66 6 9
66 7 25
66 8 23
66 9 18
66 10 6
66 13 69
66 14 11
66 16 28
66 17 3
66 18 38
66 19 62
66 21 53
66 23 49
66 24 24
66 25 43
66 26 8
66 27 20
66 29 42
66 30 39
66 31 36
66 32 67
66 33 56
66 34 7
66 35 55
66 36 5
66 37 16
66 39 32
66 40 63
66 43 37
66 44 13
66 45 50
66 46 4
66 47 33
66 49 59
66 50 44
66 51 61
66 52 52
66 53 46
66 54 0
66 55 27
66 56 66
66 57 21
66 59 22
66 60 68
66 62 34
66 63 14
66 64 17
66 66 35
66 67 2
66 68 10
67 0 6
67 1 38
67 2 49
67 3 16
67 4 67
67 6 58
67 7 59
67 8 61
67 9 44
67 10 29
67 11 10
67 12 35
67 13 15
67 14 42
67 15 40
67 17 32
67 19 39
67 20 60
67 21 37
67 23 3
67 25 19
67 26 30
67 27 33
67 29 57
67 30 50
67 31 23
67 33 65
67 35 0
67 36 9
67 37 7
67 38 11
67 39 69
67 40 64
67 41 22
67 42 8
67 43 66
67 44 31
67 45 25
67 47 26
67 48 47
67 49 28
67 50 12
67 51 43
67 52 1
67 53 18
67 54 4
67 55 5
67 56 53
67 58 55
67 59 17
67 60 27
67 61 45
67 62 52
67 63 24
67 64 46
67 65 36
67 66 14
67 68 34
67 69 63
68 0 65
68 1 10
68 2 14
68 3 17
68 4 5
68 5 26
68 9 61
68 10 34
68 11 46
68 12 45
68 13 54
68 14 30
68 17 64
68 18 42
68 19 25
68 21 1
68 22 18
68 23 32
68 24 19
68 26 33
68 27 39
68 29 8
68 30 56
68 31 44
68 32 28
68 35 36
68 36 2
68 37 68
68 38 58
68 39 11
68 40 16
68 41 47
68 42 63
68 43 23
68 44 21
68 45 3
68 46 35
68 48 4
68 49 40
68 50 62
68 51 49
68 52 15
68 53 20
68 54 6
68 55 12
68 56 38
68 58 52
68 59 0
68 60 60
68 61 22
68 62 67
68 65 24
68 66 7
68 67 57
68 68 55
68 69 50
69 0 17
69 1 60
69 4 13
69 5 6
69 6 33
69 7 48
69 9 26
69 12 3
69 13 46
69 14 38
69 15 45
69 16 68
69 18 8
69 19 57
69 20 43
69 21 51
69 22 15
69 23 55
69 24 65
69 26 34
69 27 22
69 29 21
69 30 20
69 31 41
69 32 27
69 33 47
69 35 16
69 36 10
69 37 40
69 40 50
69 41 19
69 43 25
69 44 62
69 45 69
69 46 1
69 47 61
69 48 29
69 49 56
69 50 18
69 51 4
69 54 64
69 56 63
69 57 58
69 59 12
69 60 52
69 61 23
69 63 37
69 68 9
69 69 35
