60
0 1 23
0 2 11
0 4 3
0 6 49
0 7 25
0 9 7
0 10 50
0 11 44
0 12 12
0 13 58
0 16 47
0 18 35
0 22 31
0 23 37
0 24 15
0 30 18
0 31 30
0 37 19
0 38 16
0 39 38
0 43 17
0 45 6
0 47 14
0 50 9
0 52 29
0 54 13
0 58 41
1 8 54
1 11 32
1 12 5
1 13 39
1 14 1
1 16 7
1 18 37
1 21 41
1 23 13
1 27 6
1 29 15
1 30 45
1 33 25
1 36 8
1 37 21
1 38 12
1 40 23
1 41 56
1 42 3
1 43 18
1 50 50
1 51 29
1 52 59
1 54 20
1 55 24
1 56 46
1 57 14
2 0 22
2 2 54
2 3 14
2 6 35
2 9 13
2 11 41
2 14 25
2 15 5
2 16 8
2 17 42
2 18 45
2 20 38
2 25 30
2 26 10
2 31 59
2 34 55
2 38 32
2 39 12
2 40 56
2 41 21
2 47 40
2 48 15
2 49 7
2 52 2
2 59 0
3 0 41
3 2 53
3 3 16
3 4 28
3 6 3
3 8 47
3 9 22
3 10 7
3 11 6
3 13 34
3 14 20
3 17 29
3 18 32
3 19 21
3 20 23
3 22 10
3 26 33
3 28 39
3 30 36
3 31 52
3 33 43
3 34 37
3 36 46
3 37 5
3 38 0
3 39 42
3 40 35
3 41 2
3 42 38
3 43 9
3 44 49
3 45 55
3 46 56
3 51 51
3 56 19
3 57 40
3 59 30
4 3 18
4 4 0
4 5 27
4 7 10
4 8 9
4 9 36
4 14 2
4 16 20
4 18 23
4 21 21
4 23 35
4 26 38
4 27 44
4 28 15
4 30 41
4 33 54
4 34 34
4 36 32
4 37 40
4 38 22
4 39 39
4 41 13
4 44 26
4 46 49
4 47 37
4 49 25
4 51 57
4 55 7
4 57 45
4 58 17
4 59 59
5 3 41
5 5 52
5 6 28
5 7 21
5 8 56
5 9 42
5 14 54
5 17 53
5 18 39
5 19 7
5 20 8
5 22 45
5 23 12
5 25 16
5 27 50
5 28 19
5 29 1
5 31 37
5 35 27
5 36 59
5 37 31
5 42 43
5 47 9
5 50 14
5 53 33
5 56 11
5 59 6
6 0 55
6 3 10
6 4 19
6 5 49
6 9 50
6 11 59
6 13 54
6 18 13
6 20 47
6 22 14
6 24 51
6 25 52
6 27 37
6 28 30
6 29 57
6 34 31
6 35 34
6 36 43
6 37 29
6 38 39
6 39 18
6 40 25
6 41 28
6 42 44
6 46 33
6 47 22
6 51 9
6 53 38
6 55 23
6 56 36
6 58 15
6 59 35
7 0 57
7 3 21
7 4 45
7 8 6
7 9 5
7 12 49
7 13 13
7 14 46
7 18 14
7 20 48
7 21 19
7 22 41
7 25 37
7 27 31
7 28 44
7 29 7
7 33 40
7 34 56
7 37 18
7 39 54
7 40 59
7 41 16
7 43 29
7 44 53
7 46 52
7 47 43
7 48 28
7 49 1
7 50 51
7 53 36
7 54 2
7 56 47
7 58 39
7 59 9
8 0 14
8 1 47
8 2 25
8 3 15
8 4 13
8 6 5
8 7 22
8 8 10
8 9 2
8 14 58
8 15 54
8 16 42
8 20 36
8 21 7
8 22 48
8 23 32
8 24 39
8 28 43
8 30 12
8 31 56
8 33 29
8 34 9
8 36 6
8 38 33
8 39 53
8 45 34
8 46 57
8 47 21
8 48 0
8 52 35
8 53 1
8 56 20
8 57 50
8 58 26
8 59 49
9 1 5
9 2 20
9 5 42
9 6 18
9 9 38
9 10 26
9 11 8
9 14 4
9 15 32
9 19 22
9 20 35
9 21 49
9 24 19
9 26 39
9 28 12
9 31 21
9 34 53
9 36 55
9 37 58
9 41 25
9 42 10
9 43 54
9 44 43
9 46 41
9 49 33
9 51 1
9 52 6
9 53 48
9 54 17
9 55 13
9 56 27
9 57 2
9 58 51
10 0 30
10 2 9
10 4 36
10 6 0
10 7 13
10 9 34
10 11 35
10 12 48
10 15 31
10 16 53
10 18 16
10 19 55
10 24 44
10 25 12
10 26 18
10 27 45
10 29 14
10 31 29
10 33 58
10 34 33
10 35 52
10 36 50
10 37 28
10 38 1
10 39 6
10 43 51
10 44 21
10 47 47
10 49 57
10 55 42
10 56 7
10 58 5
10 59 24
11 0 56
11 7 11
11 10 9
11 15 53
11 16 39
11 17 44
11 19 51
11 20 14
11 21 25
11 22 28
11 24 54
11 25 36
11 26 47
11 27 23
11 30 43
11 33 49
11 34 7
11 35 24
11 36 42
11 44 52
11 45 46
11 47 16
11 50 41
11 51 34
11 55 5
11 57 17
12 0 31
12 2 18
12 4 59
12 5 58
12 6 17
12 7 55
12 9 39
12 12 3
12 13 32
12 15 33
12 16 51
12 18 2
12 19 13
12 21 22
12 23 16
12 26 4
12 30 23
12 34 29
12 36 47
12 42 52
12 43 46
12 44 5
12 47 12
12 48 34
12 49 45
12 50 37
12 51 49
12 55 10
12 56 50
12 58 24
12 59 40
13 2 16
13 3 11
13 4 55
13 7 12
13 10 20
13 11 26
13 14 8
13 16 46
13 17 28
13 18 58
13 24 9
13 25 1
13 27 56
13 28 18
13 30 39
13 31 22
13 32 30
13 33 2
13 35 19
13 37 6
13 38 51
13 40 15
13 43 21
13 48 49
13 49 5
13 51 47
13 53 34
13 54 45
13 57 35
13 58 42
14 1 55
14 3 36
14 4 32
14 6 21
14 9 44
14 13 52
14 15 0
14 17 47
14 18 12
14 20 28
14 28 26
14 29 56
14 31 20
14 34 1
14 35 46
14 42 39
14 50 49
14 55 35
14 56 4
14 58 18
15 0 5
15 2 26
15 3 49
15 4 1
15 5 31
15 6 42
15 7 15
15 8 59
15 9 46
15 10 28
15 11 4
15 14 36
15 16 35
15 18 7
15 19 38
15 23 45
15 26 48
15 29 54
15 32 20
15 33 41
15 34 30
15 35 53
15 37 56
15 41 50
15 42 8
15 43 22
15 45 51
15 46 3
15 48 25
15 49 37
15 53 58
15 55 6
15 58 27
15 59 21
16 0 6
16 2 21
16 3 39
16 5 9
16 8 38
16 9 58
16 10 14
16 12 32
16 13 22
16 15 55
16 17 8
16 21 27
16 27 59
16 28 34
16 29 10
16 30 37
16 31 25
16 35 7
16 39 3
16 40 18
16 41 36
16 46 17
16 47 28
16 48 41
16 50 4
16 51 54
16 52 12
16 54 46
16 55 40
16 56 45
16 58 16
17 2 15
17 5 19
17 7 48
17 9 45
17 10 17
17 12 37
17 13 21
17 14 35
17 15 12
17 17 56
17 19 10
17 20 57
17 21 18
17 25 28
17 26 58
17 27 5
17 33 24
17 34 25
17 36 30
17 37 53
17 40 49
17 42 14
17 44 42
17 45 38
17 48 39
17 51 46
17 52 52
17 54 11
17 55 1
17 57 55
17 58 13
18 1 1
18 2 8
18 3 2
18 4 40
18 5 44
18 6 9
18 8 28
18 9 15
18 10 30
18 13 7
18 15 41
18 16 6
18 18 29
18 19 11
18 21 24
18 28 10
18 30 0
18 32 45
18 33 33
18 34 43
18 35 22
18 37 52
18 38 50
18 40 26
18 41 37
18 43 19
18 44 31
18 46 14
18 49 54
18 50 36
18 52 20
18 56 23
19 0 20
19 1 24
19 2 55
19 3 45
19 5 30
19 6 22
19 9 19
19 10 25
19 11 53
19 12 47
19 14 38
19 18 48
19 19 58
19 20 43
19 21 56
19 22 21
19 23 42
19 24 35
19 25 15
19 28 4
19 31 9
19 32 12
19 33 14
19 35 18
19 36 11
19 37 0
19 38 28
19 39 23
19 45 1
19 49 40
19 54 51
19 56 10
20 1 57
20 7 8
20 10 46
20 12 52
20 13 49
20 19 34
20 20 30
20 21 28
20 22 6
20 24 26
20 28 21
20 31 36
20 32 32
20 33 35
20 34 5
20 35 13
20 36 19
20 39 20
20 42 29
20 44 54
20 48 16
20 50 43
20 51 3
20 55 12
20 57 58
20 58 50
21 4 6
21 8 25
21 9 27
21 12 7
21 13 40
21 15 36
21 16 56
21 22 38
21 23 53
21 24 23
21 26 46
21 31 2
21 32 5
21 34 54
21 37 32
21 42 15
21 46 30
21 47 52
21 50 44
21 51 19
21 53 45
21 55 20
21 56 9
21 58 37
21 59 4
22 0 26
22 2 59
22 12 24
22 13 29
22 15 58
22 17 5
22 18 20
22 24 45
22 25 41
22 27 21
22 28 33
22 29 51
22 30 11
22 32 10
22 33 39
22 34 46
22 35 31
22 36 44
22 37 17
22 40 3
22 42 6
22 44 4
22 45 52
22 46 13
22 47 54
22 48 27
22 50 8
22 52 18
22 53 25
22 56 42
23 1 9
23 3 38
23 5 10
23 8 57
23 10 0
23 13 25
23 18 34
23 19 31
23 21 33
23 23 8
23 25 35
23 27 4
23 28 16
23 31 44
23 32 49
23 33 32
23 35 55
23 38 53
23 39 46
23 40 45
23 41 51
23 44 3
23 51 15
23 55 52
24 0 2
24 1 40
24 4 47
24 5 21
24 8 14
24 10 35
24 12 4
24 14 57
24 15 18
24 16 0
24 18 38
24 20 7
24 21 1
24 22 24
24 25 19
24 26 42
24 27 13
24 30 31
24 32 25
24 33 36
24 34 26
24 37 16
24 38 6
24 39 59
24 40 30
24 41 9
24 43 33
24 45 28
24 54 37
24 58 53
25 1 15
25 2 0
25 9 51
25 12 39
25 13 42
25 14 40
25 15 25
25 17 30
25 19 53
25 21 29
25 22 36
25 23 2
25 27 57
25 29 31
25 31 34
25 32 6
25 35 43
25 36 54
25 37 27
25 38 8
25 41 5
25 45 20
25 46 28
25 47 46
25 49 3
25 50 22
25 51 7
25 53 35
25 54 38
25 57 9
25 58 59
25 59 26
26 1 29
26 3 32
26 6 51
26 13 55
26 18 6
26 19 5
26 20 56
26 21 59
26 22 50
26 24 10
26 25 8
26 26 16
26 27 33
26 28 35
26 29 20
26 31 48
26 33 0
26 35 2
26 36 36
26 38 27
26 42 22
26 43 49
26 45 21
26 46 31
26 52 53
26 53 13
26 56 40
26 59 54
27 2 42
27 5 4
27 10 19
27 11 47
27 14 30
27 15 14
27 18 36
27 20 27
27 22 56
27 24 31
27 26 8
27 27 15
27 29 55
27 30 24
27 32 43
27 33 50
27 35 33
27 37 39
27 38 45
27 39 7
27 40 46
27 41 26
27 43 25
27 46 18
27 49 49
27 50 13
27 52 3
27 54 54
27 55 38
27 56 5
27 57 51
27 58 40
27 59 17
28 5 37
28 8 33
28 9 12
28 11 0
28 15 38
28 16 59
28 18 55
28 25 42
28 28 56
28 33 47
28 35 49
28 36 2
28 38 18
28 39 57
28 40 1
28 42 36
28 43 26
28 46 25
28 51 41
28 52 19
28 55 16
28 56 52
28 59 45
29 5 47
29 12 53
29 13 38
29 14 12
29 17 57
29 18 46
29 19 32
29 21 16
29 22 23
29 25 10
29 28 6
29 31 41
29 33 51
29 34 14
29 35 1
29 36 52
29 38 37
29 39 5
29 40 44
29 41 31
29 49 24
29 54 40
29 55 15
29 56 26
29 57 59
29 59 7
30 1 20
30 2 6
30 3 52
30 5 24
30 8 11
30 9 41
30 11 33
30 14 39
30 18 31
30 19 18
30 21 36
30 22 13
30 23 5
30 24 22
30 25 38
30 36 51
30 37 46
30 38 25
30 41 19
30 44 55
30 46 32
30 47 58
30 48 42
30 49 50
30 51 4
30 53 15
30 54 57
30 56 53
30 57 30
30 58 14
30 59 27
31 0 54
31 1 4
31 2 51
31 3 47
31 4 30
31 5 39
31 6 56
31 7 27
31 8 41
31 9 49
31 10 2
31 12 11
31 17 58
31 21 31
31 22 53
31 23 24
31 24 36
31 26 34
31 28 28
31 31 1
31 32 3
31 36 18
31 37 14
31 38 10
31 39 25
31 40 16
31 44 45
31 47 35
31 48 20
31 49 48
31 52 0
31 54 33
31 57 32
31 59 55
32 0 37
32 1 58
32 4 22
32 6 27
32 14 48
32 17 4
32 18 26
32 21 34
32 23 19
32 25 20
32 26 23
32 27 55
32 28 9
32 30 15
32 35 6
32 37 59
32 38 54
32 39 16
32 40 41
32 41 7
32 43 8
32 44 2
32 46 38
32 47 24
32 49 42
32 50 10
32 51 25
33 5 59
33 11 13
33 14 9
33 18 52
33 19 14
33 20 17
33 23 38
33 24 47
33 25 11
33 26 24
33 31 54
33 33 5
33 35 21
33 36 7
33 37 12
33 38 48
33 39 50
33 41 49
33 42 57
33 43 53
33 44 51
33 45 56
33 47 1
33 50 46
33 52 15
33 53 30
33 55 45
33 57 44
33 59 32
34 0 8
34 1 7
34 3 59
34 4 54
34 5 5
34 6 46
34 7 38
34 8 32
34 9 48
34 10 18
34 11 58
34 12 16
34 13 51
34 16 21
34 18 49
34 19 39
34 24 34
34 25 55
34 27 2
34 28 40
34 29 36
34 33 23
34 35 4
34 36 20
34 37 57
34 39 9
34 40 27
34 41 45
34 47 3
34 50 6
34 53 42
34 58 19
35 0 19
35 4 38
35 7 20
35 9 9
35 11 28
35 12 29
35 13 27
35 14 34
35 15 16
35 16 26
35 18 3
35 19 40
35 20 49
35 23 21
35 24 2
35 26 56
35 27 8
35 30 5
35 33 22
35 37 30
35 39 24
35 40 50
35 41 17
35 43 57
35 44 46
35 45 14
35 46 59
35 48 48
35 53 39
36 2 37
36 3 24
36 4 18
36 5 7
36 6 23
36 8 5
36 10 13
36 14 45
36 15 50
36 16 15
36 17 52
36 22 34
36 27 3
36 28 29
36 31 43
36 33 6
36 35 47
36 36 21
36 37 8
36 40 28
36 41 22
36 42 42
36 43 2
36 44 44
36 45 11
36 53 14
36 56 38
36 58 48
36 59 39
37 0 35
37 1 46
37 6 13
37 8 21
37 10 33
37 13 36
37 15 43
37 17 32
37 18 10
37 21 5
37 23 3
37 24 55
37 26 11
37 27 51
37 28 1
37 31 15
37 35 45
37 38 57
37 40 53
37 41 34
37 44 8
37 45 19
37 47 41
37 48 23
37 50 26
37 51 56
37 53 54
37 57 48
37 58 31
38 2 46
38 6 8
38 8 55
38 9 47
38 10 23
38 11 31
38 13 0
38 14 29
38 15 30
38 16 32
38 18 53
38 19 6
38 20 18
38 21 11
38 23 1
38 24 16
38 25 40
38 26 13
38 29 42
38 30 7
38 31 51
38 33 12
38 34 3
38 35 59
38 36 25
38 38 2
38 42 21
38 43 15
38 44 39
38 45 45
38 46 58
38 48 57
38 49 10
38 51 17
38 52 56
38 55 9
38 57 49
38 58 20
39 1 8
39 2 47
39 3 40
39 4 49
39 6 54
39 9 57
39 12 2
39 14 44
39 15 15
39 16 24
39 18 1
39 19 29
39 22 46
39 24 4
39 25 56
39 27 35
39 29 21
39 32 28
39 33 52
39 35 39
39 36 41
39 37 50
39 41 32
39 43 59
39 44 10
39 48 12
39 49 20
39 51 18
39 52 16
40 2 22
40 3 37
40 4 39
40 6 12
40 9 23
40 12 26
40 14 6
40 15 11
40 16 28
40 17 20
40 18 4
40 19 46
40 21 54
40 22 19
40 23 48
40 25 9
40 26 31
40 28 36
40 33 38
40 35 25
40 36 14
40 37 44
40 38 41
40 41 40
40 42 2
40 43 56
40 44 58
40 45 57
40 46 1
40 47 30
40 48 32
40 50 15
40 52 34
40 54 52
40 56 16
40 59 33
41 1 30
41 2 10
41 5 16
41 6 44
41 7 47
41 8 4
41 10 5
41 11 21
41 12 22
41 14 53
41 16 52
41 21 2
41 22 57
41 25 32
41 26 35
41 27 41
41 28 20
41 31 33
41 33 17
41 34 11
41 35 38
41 38 34
41 40 48
41 42 46
41 43 0
41 45 23
41 46 45
41 50 59
41 55 55
41 57 6
41 58 12
42 0 58
42 1 21
42 3 3
42 4 5
42 5 18
42 7 1
42 10 56
42 13 31
42 15 2
42 16 14
42 17 45
42 21 0
42 22 26
42 29 48
42 32 37
42 33 30
42 36 29
42 37 47
42 39 11
42 40 34
42 41 52
42 42 20
42 45 12
42 46 55
42 51 35
42 53 40
42 56 51
43 8 24
43 9 56
43 10 39
43 11 38
43 12 50
43 13 11
43 14 37
43 15 45
43 16 12
43 17 14
43 18 0
43 21 43
43 28 23
43 29 47
43 30 2
43 31 49
43 33 48
43 34 28
43 35 16
43 37 1
43 40 42
43 42 25
43 46 35
43 47 6
43 49 15
43 50 54
43 55 46
43 56 58
43 59 13
44 0 1
44 1 42
44 5 23
44 7 37
44 9 55
44 10 40
44 11 15
44 13 33
44 15 17
44 20 5
44 23 0
44 24 53
44 25 7
44 26 59
44 29 9
44 30 22
44 36 24
44 37 4
44 39 58
44 48 13
44 52 36
44 57 47
44 58 38
44 59 18
45 2 56
45 9 29
45 11 19
45 12 54
45 18 41
45 22 59
45 26 28
45 27 1
45 28 38
45 30 4
45 32 31
45 33 9
45 35 35
45 36 23
45 37 42
45 38 5
45 39 34
45 40 21
45 41 53
45 42 51
45 44 32
45 46 0
45 48 6
45 50 58
45 51 16
45 53 55
45 54 50
45 55 48
45 56 49
45 57 8
45 58 46
46 0 15
46 1 14
46 2 7
46 3 34
46 6 45
46 7 40
46 10 29
46 13 20
46 14 33
46 15 19
46 17 51
46 18 50
46 19 30
46 20 10
46 22 22
46 23 23
46 25 25
46 27 53
46 29 44
46 30 55
46 32 47
46 33 8
46 36 13
46 38 52
46 39 32
46 40 43
46 42 49
46 43 3
46 44 9
46 45 39
46 47 5
46 48 59
46 52 42
46 53 21
46 54 0
46 57 41
46 58 2
46 59 31
47 0 28
47 2 34
47 5 54
47 7 5
47 8 22
47 9 18
47 12 38
47 13 14
47 16 37
47 20 13
47 21 52
47 22 11
47 23 56
47 26 29
47 30 57
47 31 8
47 32 41
47 37 48
47 38 4
47 40 6
47 45 15
47 52 51
47 53 10
47 54 49
47 55 26
47 57 21
47 58 23
48 1 17
48 2 13
48 3 35
48 4 25
48 5 12
48 6 36
48 7 31
48 8 39
48 9 16
48 12 45
48 13 46
48 14 52
48 16 23
48 21 44
48 22 8
48 23 49
48 25 43
48 26 27
48 27 18
48 29 11
48 33 42
48 36 9
48 39 51
48 40 38
48 41 0
48 42 59
48 44 37
48 45 40
48 48 19
48 49 26
48 50 56
48 52 47
48 55 41
48 59 57
49 1 33
49 3 57
49 4 9
49 6 6
49 8 16
49 9 1
49 10 24
49 18 47
49 19 56
49 21 23
49 25 48
49 26 49
49 27 32
49 28 27
49 30 25
49 31 4
49 33 45
49 38 40
49 40 54
49 41 8
49 48 22
49 49 58
49 55 21
49 57 7
49 58 11
49 59 29
50 0 4
50 3 22
50 7 58
50 12 57
50 13 17
50 15 42
50 17 18
50 20 16
50 21 30
50 23 28
50 24 50
50 26 37
50 27 0
50 28 49
50 29 23
50 30 1
50 32 46
50 33 56
50 34 13
50 35 8
50 36 5
50 39 55
50 42 27
50 46 36
50 47 29
50 50 34
50 54 32
50 58 25
51 0 27
51 1 3
51 2 49
51 4 15
51 6 41
51 7 23
51 9 26
51 10 32
51 11 17
51 13 10
51 17 6
51 19 24
51 20 44
51 21 42
51 23 4
51 27 9
51 29 53
51 30 52
51 31 45
51 32 55
51 34 38
51 36 57
51 38 20
51 39 31
51 40 19
51 42 54
51 43 16
51 45 59
51 48 8
51 50 21
51 52 39
51 54 7
51 55 2
51 56 30
51 57 36
52 0 42
52 1 51
52 2 30
52 3 44
52 4 20
52 5 29
52 8 37
52 9 53
52 12 31
52 13 1
52 15 22
52 16 40
52 21 58
52 22 5
52 23 39
52 24 6
52 28 17
52 34 12
52 35 23
52 38 3
52 40 11
52 43 35
52 48 52
52 49 9
52 50 57
52 51 32
52 58 54
52 59 28
53 0 59
53 2 29
53 5 26
53 7 9
53 12 8
53 18 21
53 19 50
53 20 1
53 24 25
53 25 39
53 27 22
53 28 45
53 29 19
53 31 28
53 32 27
53 33 44
53 34 47
53 35 5
53 38 38
53 39 0
53 41 11
53 42 40
53 43 14
53 46 16
53 52 31
53 55 57
53 59 42
54 0 25
54 4 44
54 7 45
54 11 57
54 12 43
54 13 19
54 14 23
54 15 51
54 17 55
54 18 30
54 22 39
54 23 50
54 24 48
54 25 59
54 28 53
54 29 35
54 30 49
54 32 24
54 33 4
54 35 36
54 36 58
54 37 9
54 38 29
54 40 7
54 45 33
54 46 10
54 48 1
54 51 6
54 52 46
54 53 56
54 55 18
54 56 34
55 3 50
55 6 48
55 7 43
55 10 57
55 12 56
55 13 4
55 14 51
55 17 38
55 18 18
55 20 32
55 21 17
55 23 55
55 24 42
55 26 14
55 29 22
55 31 58
55 32 29
55 34 19
55 36 15
55 37 45
55 38 9
55 39 49
55 42 34
55 43 10
55 44 35
55 46 5
55 49 11
55 51 31
55 57 12
56 0 9
56 1 53
56 3 17
56 5 3
56 6 4
56 7 51
56 8 0
56 10 59
56 11 16
56 13 18
56 17 12
56 18 54
56 19 44
56 23 15
56 24 32
56 25 47
56 26 19
56 29 26
56 30 58
56 32 36
56 33 1
56 35 41
56 37 13
56 38 49
56 39 14
56 43 43
56 44 57
56 45 25
56 46 7
56 47 50
56 48 46
56 49 39
56 55 28
56 57 38
57 1 22
57 2 39
57 6 14
57 8 44
57 9 3
57 10 34
57 11 18
57 14 17
57 15 6
57 16 49
57 19 43
57 20 24
57 23 40
57 24 52
57 25 29
57 29 41
57 30 38
57 31 10
57 35 58
57 36 33
57 38 46
57 39 48
57 41 1
57 42 31
57 48 5
57 50 12
57 51 21
57 52 37
57 56 57
57 58 4
58 2 1
58 3 53
58 6 50
58 7 44
58 8 19
58 9 59
58 11 36
58 14 5
58 16 10
58 17 15
58 18 27
58 26 41
58 30 56
58 31 18
58 33 13
58 34 20
58 35 12
58 37 7
58 40 39
58 42 37
58 43 11
58 44 14
58 45 9
58 46 24
58 48 30
58 49 4
58 50 3
58 53 46
58 54 55
59 0 23
59 3 54
59 5 17
59 7 56
59 8 46
59 10 48
59 11 29
59 13 45
59 14 13
59 16 2
59 18 43
59 19 49
59 20 34
59 21 8
59 22 42
59 24 7
59 27 36
59 35 9
59 36 1
59 40 55
59 41 12
59 43 5
59 44 18
59 45 32
59 46 21
59 48 38
59 49 27
59 50 0
59 52 50
59 55 19
59 56 22
59 57 16
59 58 30
