70
0 0 52
0 1 40
0 2 21
0 4 2
0 5 49
0 7 17
0 8 23
0 9 1
0 10 54
0 11 47
0 12 45
0 13 28
0 14 3
0 15 24
0 16 41
0 17 51
0 18 26
0 20 18
0 21 60
0 22 13
0 23 16
0 24 25
0 25 27
0 27 33
0 28 4
0 29 58
0 30 32
0 31 11
0 32 22
0 33 62
0 34 68
0 35 30
0 36 56
0 37 19
0 38 44
0 39 38
0 40 65
0 42 67
0 45 63
0 46 57
0 47 10
0 49 48
0 50 43
0 51 42
0 52 8
0 53 50
0 54 55
0 55 35
0 56 12
0 58 15
0 59 0
0 61 66
0 62 6
0 64 59
0 65 64
0 67 29
0 68 61
0 69 7
1 0 47
1 1 29
1 2 24
1 4 0
1 5 69
1 6 45
1 9 20
1 11 41
1 13 9
1 15 31
1 16 46
1 18 50
1 21 35
1 22 5
1 24 8
1 25 15
1 28 13
1 29 66
1 30 7
1 31 26
1 32 63
1 33 64
1 34 33
1 35 62
1 37 22
1 38 67
1 39 59
1 40 10
1 41 17
1 42 58
1 43 60
1 44 28
1 45 27
1 48 40
1 49 1
1 50 2
1 51 36
1 52 56
1 53 3
1 54 32
1 55 43
1 56 54
1 57 48
1 58 16
1 59 4
1 60 51
1 61 38
1 62 42
1 63 11
1 64 44
1 65 23
1 66 21
1 68 34
1 69 6
2 0 46
2 1 68
2 3 27
2 4 61
2 5 52
2 9 39
2 10 31
2 11 56
2 13 2
2 14 41
2 15 30
2 17 22
2 18 5
2 19 4
2 20 9
2 21 48
2 22 12
2 23 45
2 24 43
2 25 65
2 26 23
2 27 42
2 28 50
2 29 35
2 30 3
2 32 44
2 34 11
2 35 25
2 36 21
2 37 55
2 38 66
2 39 18
2 40 26
2 42 47
2 44 29
2 45 37
2 50 20
2 51 6
2 52 53
2 53 63
2 54 67
2 55 38
2 59 51
2 60 64
2 61 10
2 63 34
2 64 36
2 65 59
2 67 0
2 68 32
2 69 15
3 0 18
3 1 17
3 3 52
3 4 51
3 5 65
3 7 22
3 8 21
3 9 15
3 10 11
3 11 8
3 13 44
3 14 53
3 15 9
3 16 4
3 18 0
3 19 68
3 20 39
3 21 33
3 22 37
3 25 26
3 26 36
3 28 46
3 30 10
3 32 42
3 33 66
3 34 55
3 35 35
3 36 57
3 37 16
3 39 58
3 40 67
3 41 41
3 42 34
3 45 13
3 47 20
3 48 54
3 49 59
3 50 56
3 51 2
3 52 47
3 53 25
3 54 5
3 56 31
3 58 28
3 59 61
3 60 3
3 63 50
3 64 19
3 65 38
3 66 12
3 67 43
3 68 6
4 0 62
4 1 59
4 2 63
4 3 13
4 4 21
4 5 4
4 6 8
4 7 60
4 8 30
4 10 61
4 11 46
4 13 32
4 15 69
4 16 66
4 17 16
4 18 55
4 19 49
4 20 3
4 22 14
4 23 47
4 24 67
4 25 5
4 26 31
4 27 23
4 28 41
4 29 57
4 30 43
4 31 64
4 32 48
4 34 65
4 36 22
4 37 36
4 39 1
4 40 17
4 42 20
4 43 24
4 44 51
4 45 44
4 46 0
4 47 2
4 48 11
4 51 10
4 52 39
4 53 45
4 54 28
4 55 6
4 56 9
4 57 33
4 58 50
4 59 54
4 60 52
4 64 27
4 65 40
4 66 38
4 67 15
4 68 18
4 69 19
5 0 11
5 1 32
5 2 8
5 4 17
5 5 30
5 8 51
5 9 22
5 10 50
5 11 61
5 13 26
5 14 36
5 15 52
5 16 1
5 19 16
5 21 57
5 22 60
5 23 0
5 24 29
5 25 43
5 26 66
5 27 34
5 28 5
5 29 15
5 30 55
5 32 4
5 33 27
5 34 3
5 35 45
5 36 48
5 38 28
5 39 64
5 40 7
5 41 38
5 42 21
5 44 56
5 45 18
5 47 46
5 48 20
5 49 44
5 50 59
5 51 53
5 52 12
5 53 9
5 54 37
5 55 13
5 57 2
5 58 69
5 59 41
5 60 6
5 61 35
5 62 67
5 64 54
5 65 31
5 66 63
5 67 14
5 68 42
6 0 7
6 2 52
6 3 23
6 4 25
6 5 41
6 8 50
6 9 6
6 10 1
6 11 10
6 12 15
6 13 16
6 14 62
6 15 40
6 16 53
6 17 5
6 18 57
6 19 32
6 21 39
6 22 27
6 23 14
6 25 18
6 26 43
6 27 36
6 28 44
6 30 26
6 31 60
6 32 61
6 34 46
6 35 3
6 37 67
6 39 29
6 40 30
6 42 64
6 46 20
6 47 68
6 48 56
6 49 4
6 50 37
6 51 55
6 52 66
6 53 42
6 54 22
6 55 54
6 56 2
6 57 49
6 59 69
6 60 45
6 61 59
6 62 9
6 63 65
6 64 8
6 66 13
6 67 63
6 68 33
6 69 58
7 0 26
7 1 48
7 2 57
7 3 3
7 4 28
7 5 18
7 6 25
7 7 2
7 8 32
7 9 51
7 11 6
7 12 61
7 14 14
7 15 15
7 16 19
7 17 44
7 18 62
7 20 59
7 21 37
7 22 64
7 23 54
7 24 1
7 30 30
7 31 50
7 32 40
7 33 13
7 35 11
7 36 17
7 37 66
7 39 56
7 40 21
7 41 45
7 42 43
7 43 36
7 45 65
7 47 67
7 48 68
7 49 41
7 50 24
7 51 69
7 52 4
7 54 0
7 55 53
7 56 10
7 57 31
7 58 23
7 59 47
7 61 12
7 62 7
7 67 5
7 68 8
7 69 16
8 0 65
8 1 41
8 2 28
8 3 61
8 5 42
8 6 34
8 7 37
8 8 57
8 9 14
8 12 7
8 13 39
8 14 23
8 15 25
8 16 12
8 17 9
8 19 29
8 20 36
8 21 67
8 22 22
8 23 38
8 24 40
8 25 52
8 26 33
8 27 20
8 28 35
8 29 32
8 30 8
8 31 69
8 32 58
8 33 11
8 34 4
8 35 44
8 36 6
8 37 24
8 38 26
8 39 31
8 40 63
8 41 46
8 42 3
8 43 15
8 44 68
8 45 60
8 46 13
8 47 1
8 48 19
8 49 53
8 52 49
8 53 66
8 54 51
8 56 55
8 57 43
8 59 17
8 60 0
8 61 45
8 63 5
8 64 2
8 65 10
8 66 59
8 67 27
8 68 16
9 0 17
9 1 56
9 2 11
9 3 35
9 4 30
9 5 60
9 6 18
9 8 41
9 9 59
9 10 20
9 11 43
9 12 25
9 13 58
9 14 49
9 15 46
9 16 42
9 17 54
9 19 51
9 20 53
9 21 31
9 23 21
9 24 37
9 26 16
9 28 61
9 29 26
9 31 63
9 32 29
9 33 39
9 35 23
9 36 7
9 37 45
9 38 40
9 40 38
9 41 44
9 42 1
9 43 55
9 44 3
9 45 9
9 46 19
9 48 34
9 49 10
9 50 67
9 51 13
9 52 6
9 53 69
9 54 65
9 55 33
9 57 50
9 58 22
9 59 62
9 60 5
9 63 0
9 65 57
9 66 66
9 67 28
9 68 15
10 0 4
10 1 19
10 3 59
10 6 46
10 7 56
10 8 34
10 10 32
10 11 25
10 12 8
10 13 42
10 14 64
10 15 53
10 16 7
10 17 62
10 21 66
10 23 39
10 25 49
10 26 38
10 27 2
10 28 69
10 29 36
10 30 20
10 32 13
10 34 17
10 35 26
10 36 60
10 37 31
10 39 6
10 40 12
10 41 30
10 42 35
10 43 43
10 44 40
10 45 23
10 46 1
10 47 27
10 48 3
10 49 33
10 50 28
10 51 9
10 52 16
10 54 52
10 55 0
10 56 67
10 57 47
10 58 58
10 59 24
10 60 10
10 62 37
10 65 54
10 66 15
10 67 55
10 68 21
10 69 11
11 1 58
11 2 3
11 3 45
11 4 8
11 5 17
11 6 44
11 7 42
11 10 38
11 11 34
11 12 30
11 15 37
11 17 6
11 18 67
11 20 64
11 21 41
11 22 28
11 23 7
11 24 23
11 25 68
11 26 69
11 27 52
11 28 21
11 29 13
11 30 59
11 31 43
11 33 60
11 34 0
11 35 47
11 36 27
11 37 35
11 38 61
11 39 32
11 40 19
11 42 26
11 43 56
11 44 53
11 45 62
11 47 57
11 48 15
11 49 46
11 50 36
11 51 18
11 52 40
11 53 33
11 54 48
11 56 50
11 57 20
11 58 14
11 59 12
11 60 24
11 61 51
11 62 55
11 63 49
11 64 22
11 66 29
11 67 4
11 68 2
11 69 5
12 2 61
12 3 4
12 4 62
12 5 21
12 6 48
12 7 24
12 8 59
12 9 29
12 10 49
12 12 13
12 15 2
12 16 30
12 17 8
12 18 63
12 19 40
12 20 66
12 21 43
12 22 20
12 23 18
12 24 3
12 25 58
12 28 47
12 29 69
12 30 38
12 31 14
12 32 27
12 34 37
12 35 53
12 37 39
12 38 60
12 39 7
12 41 22
12 42 56
12 43 5
12 44 15
12 46 64
12 47 17
12 48 1
12 49 51
12 50 9
12 52 55
12 53 23
12 54 54
12 55 46
12 57 10
12 58 65
12 59 50
12 60 35
12 61 41
12 62 52
12 63 6
12 64 31
12 65 68
12 66 34
12 67 16
12 68 28
12 69 0
13 0 33
13 2 62
13 3 55
13 5 61
13 6 20
13 8 68
13 9 31
13 11 21
13 12 53
13 13 6
13 14 15
13 16 48
13 17 14
13 18 58
13 19 8
13 20 16
13 21 4
13 22 18
13 28 0
13 29 12
13 30 49
13 31 57
13 32 38
13 33 50
13 34 26
13 35 40
13 36 43
13 37 9
13 38 47
13 39 42
13 40 32
13 41 29
13 42 65
13 43 25
13 46 56
13 47 23
13 48 17
13 49 37
13 50 45
13 51 27
13 52 64
13 53 1
13 54 3
13 55 2
13 56 66
13 58 44
13 59 13
13 60 19
13 62 10
13 63 67
13 64 34
13 65 51
13 66 41
13 67 24
13 68 54
13 69 28
14 0 32
14 1 45
14 2 66
14 3 62
14 4 31
14 5 37
14 6 64
14 7 54
14 8 48
14 9 43
14 10 27
14 11 0
14 12 67
14 13 10
14 14 33
14 15 68
14 16 58
14 17 28
14 18 41
14 19 55
14 20 46
14 21 23
14 23 4
14 25 11
14 27 40
14 28 16
14 29 14
14 30 18
14 31 9
14 32 51
14 34 52
14 36 36
14 37 3
14 38 5
14 39 21
14 40 42
14 42 12
14 43 47
14 45 53
14 47 56
14 48 13
14 49 61
14 51 26
14 52 44
14 53 8
14 54 49
14 55 65
14 56 30
14 57 6
14 59 2
14 60 22
14 61 19
14 62 39
14 63 69
14 64 63
14 65 20
14 66 57
14 67 25
14 68 50
14 69 60
15 2 60
15 3 56
15 4 55
15 5 45
15 6 65
15 8 67
15 10 0
15 11 23
15 12 9
15 13 8
15 14 2
15 15 47
15 16 13
15 17 1
15 18 33
15 19 38
15 20 37
15 21 59
15 24 61
15 25 34
15 26 10
15 28 28
15 29 21
15 31 31
15 32 26
15 33 42
15 34 19
15 35 18
15 36 25
15 37 41
15 38 54
15 39 30
15 40 58
15 43 3
15 44 66
15 46 51
15 47 40
15 49 36
15 50 57
15 51 15
15 52 11
15 53 7
15 54 43
15 56 49
15 57 12
15 58 17
15 59 29
15 60 16
15 61 14
15 62 68
15 63 27
15 64 5
15 65 22
15 66 62
15 67 6
15 68 64
15 69 32
16 1 37
16 2 56
16 3 51
16 4 41
16 5 58
16 8 35
16 9 32
16 10 4
16 11 14
16 12 6
16 13 50
16 14 29
16 15 22
16 16 11
16 17 3
16 18 43
16 19 20
16 20 0
16 21 8
16 23 55
16 25 2
16 26 24
16 28 45
16 29 7
16 30 15
16 31 39
16 32 10
16 33 30
16 34 54
16 35 9
16 36 63
16 37 38
16 38 33
16 39 53
16 40 60
16 41 5
16 42 27
16 43 31
16 45 26
16 46 46
16 47 62
16 48 42
16 50 13
16 51 47
16 52 61
16 53 67
16 54 12
16 55 59
16 56 68
16 57 18
16 58 49
16 59 34
16 60 23
16 61 48
16 63 16
16 64 40
16 65 19
16 66 52
16 67 17
16 68 1
16 69 64
17 4 27
17 5 26
17 6 58
17 7 30
17 8 40
17 9 12
17 10 39
17 11 15
17 12 20
17 14 55
17 15 50
17 16 65
17 17 66
17 18 32
17 19 6
17 20 22
17 22 62
17 23 61
17 24 0
17 25 54
17 26 21
17 27 8
17 28 11
17 29 18
17 31 17
17 32 37
17 33 68
17 34 42
17 37 57
17 38 36
17 39 49
17 40 43
17 41 3
17 43 64
17 45 10
17 46 47
17 47 16
17 49 67
17 50 25
17 51 19
17 52 1
17 53 56
17 54 23
17 55 4
17 56 52
17 58 46
17 59 9
17 60 53
17 62 2
17 63 14
17 64 38
17 65 7
17 66 48
17 69 45
18 0 3
18 1 64
18 2 25
18 3 21
18 4 33
18 5 59
18 6 41
18 7 38
18 10 37
18 11 31
18 12 66
18 13 40
18 15 20
18 17 11
18 18 15
18 19 24
18 20 5
18 21 50
18 22 49
18 23 65
18 24 34
18 25 55
18 26 67
18 27 26
18 28 36
18 29 8
18 31 18
18 32 14
18 33 1
18 34 57
18 35 6
18 37 52
18 38 12
18 39 39
18 41 68
18 42 22
18 44 17
18 45 61
18 46 63
18 47 28
18 49 2
18 50 60
18 51 29
18 54 19
18 56 44
18 57 27
18 58 4
18 60 43
18 61 7
18 62 51
18 64 32
18 65 0
18 66 16
18 67 45
18 68 23
18 69 54
19 0 13
19 1 43
19 2 58
19 4 44
19 5 22
19 6 38
19 8 25
19 10 17
19 11 11
19 12 27
19 16 52
19 17 49
19 18 40
19 19 64
19 21 15
19 22 57
19 23 9
19 24 10
19 25 36
19 26 5
19 27 6
19 28 14
19 29 39
19 30 65
19 31 51
19 32 8
19 33 24
19 34 67
19 35 28
19 36 35
19 37 59
19 38 42
19 39 60
19 40 1
19 41 61
19 42 7
19 43 12
19 44 55
19 45 41
19 46 68
19 47 29
19 48 16
19 50 33
19 51 32
19 52 23
19 53 0
19 54 45
19 55 37
19 57 34
19 58 18
19 59 53
19 60 69
19 63 2
19 64 66
19 65 4
19 66 26
19 67 48
19 68 19
19 69 62
20 1 69
20 2 53
20 3 36
20 4 29
20 5 38
20 6 27
20 7 39
20 8 12
20 9 16
20 10 66
20 11 59
20 12 43
20 13 63
20 14 19
20 15 51
20 16 44
20 17 18
20 18 22
20 19 7
20 20 25
20 21 68
20 22 23
20 23 58
20 24 11
20 25 30
20 26 65
20 27 48
20 28 37
20 30 9
20 31 46
20 33 55
20 34 62
20 35 42
20 36 1
20 38 10
20 39 50
20 40 34
20 41 67
20 42 54
20 43 41
20 44 20
20 45 33
20 47 45
20 48 49
20 49 56
20 50 0
20 52 13
20 53 28
20 54 35
20 55 24
20 56 60
20 58 26
20 59 57
20 61 64
20 63 47
20 64 4
20 65 21
20 66 31
20 67 32
20 68 17
20 69 8
21 0 16
21 3 29
21 5 57
21 6 68
21 7 36
21 8 26
21 9 42
21 10 48
21 11 37
21 12 31
21 13 66
21 15 13
21 17 19
21 18 39
21 19 2
21 20 17
21 21 69
21 22 56
21 23 53
21 24 32
21 25 35
21 28 34
21 29 54
21 30 60
21 31 55
21 32 62
21 33 9
21 35 0
21 36 20
21 37 28
21 38 30
21 40 59
21 41 25
21 43 63
21 44 43
21 46 12
21 47 11
21 49 15
21 50 6
21 51 67
21 53 58
21 54 27
21 55 61
21 56 21
21 57 41
21 59 10
21 62 1
21 63 18
21 64 3
21 65 47
21 67 50
21 68 24
21 69 38
22 0 15
22 1 31
22 2 9
22 3 40
22 4 6
22 6 4
22 7 49
22 8 63
22 9 26
22 10 14
22 11 44
22 12 52
22 14 42
22 15 65
22 17 0
22 19 1
22 20 2
22 21 20
22 23 50
22 25 3
22 26 48
22 27 11
22 28 23
22 29 27
22 30 37
22 31 10
22 32 19
22 33 69
22 34 18
22 35 46
22 37 25
22 39 5
22 40 54
22 41 33
22 42 59
22 43 30
22 44 57
22 46 67
22 47 53
22 48 61
22 49 47
22 50 16
22 51 56
22 53 60
22 54 41
22 55 58
22 56 22
22 58 8
22 59 64
22 60 34
22 61 62
22 62 13
22 63 24
22 64 28
22 65 36
22 66 68
22 67 21
22 68 55
22 69 43
23 0 49
23 1 1
23 3 60
23 4 66
23 5 0
23 6 28
23 7 58
23 8 5
23 9 23
23 10 56
23 11 2
23 12 36
23 13 21
23 14 63
23 15 3
23 16 33
23 17 59
23 18 31
23 20 14
23 21 25
23 22 32
23 23 37
23 24 45
23 25 12
23 26 7
23 27 47
23 29 64
23 30 42
23 31 67
23 35 54
23 38 62
23 40 52
23 41 18
23 43 50
23 44 10
23 46 69
23 47 48
23 48 51
23 49 20
23 50 19
23 51 40
23 52 34
23 53 27
23 54 9
23 55 15
23 56 8
23 57 68
23 58 38
23 59 6
23 60 17
23 61 26
23 62 16
23 63 30
23 64 35
23 65 29
23 66 4
23 67 39
23 68 53
24 0 25
24 1 18
24 2 27
24 3 48
24 4 38
24 6 12
24 7 35
24 9 54
24 11 51
24 12 1
24 13 15
24 15 11
24 17 7
24 19 34
24 20 43
24 21 2
24 22 0
24 23 23
24 24 52
24 26 58
24 27 67
24 28 17
24 29 41
24 30 56
24 31 49
24 32 53
24 33 63
24 34 50
24 35 10
24 36 45
24 37 5
24 38 32
24 40 36
24 42 69
24 44 33
24 45 8
24 46 29
24 47 26
24 48 65
24 50 55
24 51 4
24 52 59
24 53 64
24 54 66
24 55 14
24 57 16
24 58 62
24 59 3
24 60 57
24 62 30
24 63 40
24 65 39
24 66 6
24 69 61
25 1 5
25 2 65
25 3 30
25 5 31
25 6 67
25 7 25
25 8 20
25 9 36
25 10 16
25 11 38
25 12 48
25 13 62
25 14 61
25 15 0
25 16 68
25 18 51
25 20 27
25 21 63
25 22 24
25 23 10
25 24 42
25 25 66
25 27 18
25 28 15
25 30 39
25 32 49
25 33 2
25 34 8
25 35 59
25 37 53
25 38 43
25 39 26
25 40 23
25 41 6
25 42 57
25 44 58
25 45 21
25 46 50
25 47 9
25 48 7
25 49 54
25 50 69
25 51 52
25 52 32
25 53 11
25 54 17
25 55 34
25 56 28
25 57 22
25 58 19
25 60 41
25 61 40
25 62 29
25 63 64
25 64 47
25 66 35
25 67 3
25 69 37
26 0 48
26 1 6
26 4 52
26 5 2
26 6 47
26 7 3
26 9 5
26 10 67
26 11 57
26 13 30
26 14 50
26 15 10
26 16 15
26 17 45
26 18 25
26 19 61
26 20 54
26 21 18
26 22 41
26 23 34
26 24 14
26 25 24
26 26 26
26 27 56
26 28 43
26 29 40
26 30 31
26 31 59
26 33 12
26 37 1
26 38 39
26 39 20
26 40 33
26 42 60
26 46 36
26 47 44
26 48 4
26 49 9
26 50 53
26 51 49
26 52 17
26 53 13
26 54 38
26 55 22
26 56 69
26 57 55
26 59 8
26 60 29
26 61 23
26 62 35
26 63 62
26 64 37
26 66 42
26 67 51
26 68 65
26 69 46
27 0 10
27 2 50
27 3 49
27 4 9
27 5 43
27 6 39
27 7 41
27 9 67
27 10 15
27 11 45
27 14 37
27 15 35
27 16 25
27 17 26
27 18 18
27 19 21
27 20 8
27 21 17
27 23 6
27 24 12
27 25 20
27 27 30
27 28 55
27 29 62
27 30 1
27 31 3
27 32 54
27 33 58
27 34 31
27 35 36
27 36 33
27 37 60
27 38 53
27 40 16
27 45 59
27 49 28
27 51 64
27 52 38
27 53 61
27 54 68
27 55 56
27 56 13
27 58 5
27 59 19
27 60 44
27 61 24
27 62 40
27 63 51
27 64 29
27 65 52
27 66 69
27 68 11
27 69 57
28 0 38
28 1 24
28 3 41
28 4 39
28 5 19
28 6 35
28 7 47
28 8 46
28 9 65
28 10 44
28 11 42
28 12 22
28 14 51
28 15 23
28 16 63
28 17 57
28 18 29
28 19 5
28 20 21
28 22 26
28 24 62
28 25 48
28 26 50
28 28 27
28 29 34
28 31 30
28 33 3
28 34 43
28 35 68
28 36 67
28 37 61
28 39 10
28 40 0
28 42 14
28 43 37
28 44 6
28 45 16
28 46 58
28 47 60
28 48 2
28 50 66
28 52 9
28 54 13
28 55 17
28 57 32
28 58 55
28 60 8
28 61 18
28 62 28
28 63 7
28 65 53
28 66 1
28 68 69
28 69 52
29 0 28
29 1 44
29 2 42
29 3 14
29 4 12
29 8 36
29 9 46
29 10 68
29 11 27
29 12 5
29 13 11
29 14 39
29 15 33
29 16 59
29 17 41
29 18 1
29 19 17
29 20 69
29 21 10
29 22 3
29 24 38
29 25 64
29 26 6
29 27 53
29 28 26
29 29 60
29 30 45
29 31 0
29 33 8
29 37 34
29 38 21
29 39 48
29 40 51
29 41 16
29 42 4
29 43 65
29 45 31
29 46 52
29 47 32
29 48 35
29 50 29
29 51 61
29 52 37
29 53 47
29 54 24
29 55 9
29 56 58
29 57 40
29 58 13
29 59 55
29 61 54
29 62 22
29 64 7
29 66 20
29 69 2
30 0 41
30 1 33
30 2 54
30 3 44
30 4 24
30 6 0
30 8 29
30 9 7
30 11 60
30 12 46
30 15 43
30 16 27
30 20 67
30 21 47
30 22 40
30 23 5
30 24 53
30 25 4
30 26 59
30 27 55
30 28 30
30 29 31
30 31 21
30 33 57
30 34 38
30 36 42
30 37 13
30 38 48
30 39 19
30 41 23
30 43 9
30 44 50
30 45 3
30 47 18
30 48 36
30 49 68
30 50 49
30 51 16
30 52 14
30 53 52
30 54 62
30 55 26
30 56 51
30 57 25
30 58 32
30 59 58
30 60 39
30 61 2
30 63 20
30 64 61
30 66 17
30 68 45
30 69 34
31 1 39
31 2 5
31 3 9
31 4 42
31 5 10
31 6 6
31 7 14
31 8 69
31 9 40
31 10 30
31 11 20
31 12 51
31 14 7
31 15 32
31 16 43
31 17 23
31 18 36
31 19 52
31 20 29
31 21 1
31 22 19
31 23 35
31 25 31
31 26 11
31 27 24
31 28 12
31 29 56
31 30 67
31 31 41
31 32 47
31 34 27
31 35 55
31 36 8
31 37 21
31 38 22
31 40 50
31 42 33
31 43 57
31 44 60
31 45 58
31 46 25
31 47 34
31 48 64
31 49 3
31 50 4
31 51 46
31 53 59
31 54 2
31 55 63
31 57 15
31 58 66
31 59 49
31 61 17
31 62 48
31 65 28
31 66 0
31 67 61
31 68 37
31 69 13
32 0 0
32 1 61
32 2 64
32 3 54
32 4 14
32 6 5
32 7 50
32 8 17
32 9 38
32 10 18
32 11 1
32 12 32
32 13 52
32 16 37
32 17 63
32 18 8
32 19 67
32 20 58
32 21 65
32 22 66
32 23 31
32 24 26
32 25 9
32 26 60
32 28 22
32 29 3
32 31 42
32 32 59
32 33 34
32 34 15
32 35 16
32 36 23
32 37 47
32 38 19
32 39 4
32 40 20
32 43 21
32 45 68
32 46 27
32 47 7
32 50 40
32 51 51
32 54 6
32 55 41
32 56 39
32 58 53
32 59 44
32 60 13
32 62 11
32 65 12
32 66 43
32 67 33
32 68 35
32 69 56
33 0 64
33 1 13
33 2 10
33 3 25
33 4 15
33 5 16
33 6 50
33 7 65
33 9 55
33 11 58
33 12 21
33 13 20
33 14 38
33 15 63
33 18 61
33 19 66
33 20 6
33 21 45
33 22 35
33 23 2
33 24 33
33 25 22
33 26 47
33 27 31
33 28 42
33 29 43
33 30 62
33 31 36
33 32 9
33 33 17
33 34 34
33 35 60
33 36 28
33 37 30
33 38 56
33 40 68
33 41 14
33 42 40
33 43 7
33 44 1
33 45 29
33 48 48
33 51 44
33 52 54
33 53 24
33 54 11
33 55 23
33 56 26
33 57 37
33 59 52
33 60 12
33 61 0
33 62 3
33 63 59
33 64 69
33 66 51
33 67 19
33 69 49
34 0 8
34 1 15
34 2 4
34 5 34
34 6 55
34 7 44
34 8 31
34 9 28
34 11 17
34 12 11
34 13 29
34 14 56
34 15 39
34 16 2
34 18 38
34 21 22
34 22 6
34 23 13
34 24 5
34 27 58
34 28 53
34 29 9
34 31 24
34 33 0
34 34 48
34 37 69
34 38 27
34 39 3
34 42 37
34 43 54
34 44 21
34 45 1
34 46 59
34 47 66
34 49 50
34 50 18
34 52 68
34 53 46
34 54 10
34 55 52
34 57 35
34 58 42
34 60 49
34 61 61
34 62 12
34 63 45
34 64 43
34 66 30
34 67 67
34 68 51
34 69 36
35 1 7
35 2 14
35 3 26
35 4 50
35 5 67
35 7 46
35 8 8
35 9 30
35 11 52
35 12 37
35 13 65
35 14 60
35 15 57
35 16 51
35 18 53
35 19 48
35 20 56
35 21 54
35 22 69
35 23 59
35 25 16
35 26 49
35 27 43
35 28 19
35 29 4
35 30 58
35 31 35
35 33 22
35 34 39
35 35 13
35 36 38
35 37 40
35 39 23
35 40 44
35 41 1
35 42 15
35 43 33
35 44 41
35 45 47
35 46 18
35 48 32
35 49 0
35 51 20
35 52 10
35 53 31
35 55 36
35 56 6
35 57 62
35 58 12
35 59 68
35 61 3
35 62 34
35 63 42
35 64 45
35 67 11
35 68 5
35 69 66
36 1 38
36 2 44
36 3 5
36 4 49
36 5 66
36 6 33
36 8 54
36 9 24
36 10 6
36 12 64
36 13 19
36 14 46
36 15 59
36 16 10
36 17 30
36 18 14
36 19 69
36 20 23
36 22 11
36 23 22
36 24 35
36 25 63
36 27 4
36 28 48
36 29 2
36 30 29
36 31 47
36 32 36
36 33 28
36 34 41
36 35 8
36 36 32
36 37 18
36 41 42
36 42 17
36 43 13
36 44 31
36 45 57
36 46 55
36 47 15
36 48 25
36 49 45
36 50 68
36 51 21
36 52 62
36 53 26
36 54 1
36 55 3
36 56 56
36 57 0
36 58 27
36 59 43
36 60 61
36 62 60
36 63 58
36 64 16
36 65 9
36 66 53
36 67 20
36 68 7
36 69 65
37 0 63
37 2 33
37 3 65
37 4 56
37 5 23
37 6 3
37 7 9
37 8 58
37 9 53
37 10 28
37 11 40
37 12 4
37 13 59
37 14 16
37 15 27
37 16 49
37 18 52
37 20 51
37 21 19
37 22 1
37 24 48
37 25 13
37 26 17
37 28 31
37 29 47
37 30 61
37 31 37
37 32 7
37 33 35
37 34 45
37 35 67
37 36 10
37 37 12
37 38 41
37 39 68
37 40 57
37 41 15
37 42 11
37 44 62
37 45 25
37 46 54
37 47 64
37 48 21
37 49 22
37 50 5
37 51 66
37 53 34
37 54 14
37 55 20
37 56 36
37 57 8
37 58 29
37 59 42
37 60 26
37 61 43
37 64 18
37 66 55
37 67 30
37 68 38
37 69 69
38 0 37
38 1 62
38 3 34
38 4 68
38 5 3
38 6 15
38 7 23
38 8 28
38 9 50
38 10 12
38 12 35
38 13 0
38 14 54
38 15 29
38 16 9
38 18 27
38 19 31
38 20 7
38 21 46
38 22 47
38 23 57
38 24 36
38 25 69
38 28 56
38 30 4
38 31 33
38 33 61
38 34 49
38 35 63
38 36 16
38 39 17
38 41 64
38 42 10
38 43 52
38 44 18
38 46 60
38 47 21
38 48 8
38 49 14
38 51 65
38 52 26
38 53 19
38 54 53
38 55 55
38 57 11
38 58 30
38 59 38
38 62 32
38 64 41
38 65 2
38 66 5
38 67 22
38 68 39
38 69 42
39 0 27
39 2 6
39 3 10
39 4 3
39 5 46
39 6 16
39 7 21
39 8 7
39 9 48
39 10 29
39 11 49
39 13 18
39 14 67
39 16 8
39 17 60
39 19 19
39 20 11
39 22 30
39 23 24
39 24 68
39 25 50
39 26 53
39 27 32
39 29 44
39 30 69
39 31 38
39 32 5
39 34 22
39 35 2
39 36 34
39 37 64
39 38 55
39 39 61
39 40 9
39 41 26
39 42 13
39 43 23
39 44 45
39 45 4
39 46 35
39 47 14
39 48 37
39 49 52
39 50 47
39 51 58
39 52 25
39 53 65
39 54 40
39 56 15
39 57 39
39 58 56
39 59 20
39 60 66
39 61 57
39 62 36
39 63 31
39 64 12
39 65 63
39 66 28
39 67 1
39 69 41
40 0 44
40 1 55
40 2 29
40 3 39
40 4 47
40 5 32
40 6 42
40 7 11
40 8 43
40 9 49
40 10 10
40 13 48
40 14 34
40 15 64
40 16 60
40 17 35
40 18 7
40 20 13
40 21 51
40 22 58
40 23 46
40 25 0
40 26 22
40 27 68
40 28 9
40 29 16
40 30 27
40 31 2
40 32 20
40 34 25
40 35 14
40 36 62
40 37 56
40 38 15
40 39 12
40 40 45
40 41 21
40 42 36
40 43 4
40 45 17
40 46 24
40 47 19
40 48 52
40 49 65
40 50 1
40 51 31
40 52 67
40 53 57
40 54 8
40 55 69
40 56 61
40 57 38
40 59 5
40 60 50
40 61 28
40 62 33
40 63 41
40 64 30
40 65 37
40 68 66
40 69 18
41 0 24
41 1 16
41 2 26
41 3 43
41 4 37
41 5 53
41 6 30
41 8 61
41 9 41
41 10 33
41 12 0
41 17 4
41 18 65
41 20 68
41 21 56
41 23 11
41 24 60
41 25 23
41 26 13
41 27 35
41 28 64
41 29 59
41 31 6
41 32 55
41 33 67
41 34 5
41 35 49
41 36 66
41 38 8
41 39 22
41 41 50
41 42 19
41 43 69
41 44 32
41 45 51
41 46 10
41 47 3
41 48 18
41 49 25
41 50 58
41 51 39
41 52 15
41 53 38
41 54 7
41 55 45
41 56 62
41 58 54
41 59 31
41 60 1
41 62 21
41 63 46
41 64 48
41 65 27
41 66 2
41 67 12
41 69 14
42 2 51
42 3 69
42 4 23
42 5 6
42 6 54
42 7 18
42 8 37
42 9 11
42 10 13
42 11 55
42 12 59
42 13 35
42 14 21
42 16 24
42 17 38
42 18 4
42 20 10
42 21 36
42 23 15
42 25 29
42 26 1
42 27 7
42 28 32
42 29 33
42 30 41
42 31 20
42 33 46
42 35 39
42 36 5
42 37 49
42 38 3
42 40 48
42 42 2
42 43 45
42 45 67
42 48 26
42 49 12
42 50 31
42 51 62
42 52 65
42 53 53
42 55 19
42 56 64
42 57 28
42 58 43
42 59 22
42 60 25
42 62 66
42 64 57
42 65 17
42 67 42
42 68 44
43 0 6
43 1 67
43 2 69
43 3 58
43 4 7
43 5 68
43 6 60
43 7 27
43 8 44
43 9 34
43 10 5
43 11 54
43 13 49
43 14 17
43 16 50
43 17 12
43 18 30
43 19 14
43 20 38
43 21 52
43 22 59
43 23 33
43 24 4
43 25 37
43 26 62
43 27 41
43 28 40
43 29 24
43 30 19
43 31 22
43 32 66
43 33 10
43 34 51
43 35 61
43 36 39
43 37 29
43 38 31
43 40 15
43 41 48
43 42 18
43 43 11
43 44 9
43 45 2
43 46 8
43 47 13
43 48 63
43 49 57
43 50 65
43 52 28
43 53 32
43 54 26
43 55 64
43 56 20
43 57 46
43 58 21
43 59 16
43 61 42
43 62 56
43 63 35
43 64 53
43 65 43
43 66 25
43 68 47
43 69 1
44 0 51
44 1 26
44 2 23
44 3 0
44 5 54
44 6 40
44 7 28
44 8 13
44 9 2
44 10 63
44 11 30
44 13 14
44 14 47
44 15 21
44 16 29
44 17 50
44 18 20
44 20 55
44 22 38
44 23 1
44 24 46
44 25 67
44 26 56
44 28 25
44 29 22
44 31 61
44 32 11
44 33 19
44 34 53
44 35 17
44 36 9
44 37 8
44 38 69
44 39 15
44 40 5
44 42 32
44 43 6
44 44 48
44 45 39
44 46 45
44 47 36
44 48 27
44 49 60
44 52 43
44 53 49
44 54 58
44 55 68
44 57 52
44 58 24
44 59 35
44 62 59
44 63 4
44 64 33
44 65 16
44 67 41
45 0 23
45 1 65
45 2 38
45 5 8
45 6 31
45 7 53
45 8 47
45 9 13
45 10 2
45 11 62
45 12 39
45 13 1
45 14 22
45 15 48
45 16 57
45 17 69
45 18 46
45 20 35
45 21 29
45 22 68
45 23 49
45 25 42
45 26 9
45 27 17
45 28 3
45 29 30
45 30 50
45 31 34
45 32 12
45 33 6
45 34 36
45 35 7
45 36 54
45 37 32
45 38 51
45 39 33
45 40 41
45 41 40
45 42 52
45 43 58
45 48 67
45 49 5
45 50 15
45 51 11
45 53 4
45 54 60
45 55 16
45 56 14
45 57 45
45 58 0
45 59 59
45 62 18
45 63 26
45 64 64
45 65 24
45 66 61
45 68 25
45 69 27
46 0 68
46 1 50
46 2 2
46 4 58
46 5 64
46 6 9
46 7 51
46 8 42
46 9 61
46 10 26
46 11 36
46 12 44
46 13 24
46 14 11
46 15 16
46 16 62
46 18 34
46 19 22
46 20 32
46 21 49
46 22 65
46 23 19
46 25 17
46 26 25
46 27 13
46 28 1
46 29 38
46 30 46
46 31 15
46 32 56
46 33 4
46 34 7
46 36 3
46 37 54
46 38 59
46 39 45
46 42 0
46 44 67
46 45 5
46 47 52
46 48 31
46 49 63
46 50 14
46 51 8
46 54 21
46 55 28
46 56 27
46 57 66
46 58 10
46 59 60
46 60 40
46 61 33
46 62 23
46 64 39
46 65 41
46 66 18
46 67 37
47 0 54
47 1 60
47 2 15
47 3 47
47 4 26
47 5 13
47 6 23
47 8 49
47 9 4
47 10 19
47 11 66
47 13 31
47 15 6
47 16 55
47 17 20
47 18 9
47 19 57
47 20 44
47 22 52
47 23 43
47 24 50
47 25 40
47 26 68
47 28 67
47 29 0
47 30 48
47 31 65
47 32 32
47 33 16
47 34 56
47 35 58
47 36 24
47 37 51
47 38 37
47 39 46
47 40 18
47 42 8
47 43 39
47 44 7
47 45 11
47 46 61
47 47 22
47 48 45
47 49 62
47 50 12
47 51 35
47 52 33
47 54 25
47 55 5
47 56 41
47 57 42
47 58 63
47 59 30
47 60 14
47 61 53
47 62 27
47 64 17
47 65 1
47 66 64
47 67 2
47 68 29
47 69 59
48 0 2
48 2 22
48 3 38
48 4 48
48 5 62
48 6 51
48 7 1
48 8 52
48 9 27
48 10 59
48 11 19
48 12 26
48 13 5
48 14 43
48 15 58
48 16 16
48 17 15
48 18 17
48 19 46
48 22 25
48 23 67
48 24 41
48 25 44
48 29 53
48 30 40
48 31 7
48 32 18
48 33 47
48 34 64
48 36 61
48 37 63
48 38 20
48 39 57
48 40 28
48 41 13
48 42 23
48 43 0
48 44 37
48 45 49
48 46 66
48 47 33
48 48 50
48 49 30
48 50 11
48 51 14
48 53 35
48 54 39
48 55 21
48 56 24
48 57 9
48 58 36
48 59 65
48 63 54
48 64 56
48 65 55
48 66 10
48 67 60
48 68 4
48 69 31
49 1 54
49 2 39
49 3 63
49 4 22
49 6 56
49 8 0
49 9 37
49 10 60
49 11 7
49 12 41
49 13 25
49 14 59
49 16 34
49 17 43
49 18 12
49 19 58
49 20 19
49 22 45
49 24 21
49 25 28
49 27 49
49 28 57
49 29 20
49 32 64
49 33 53
49 34 2
49 35 5
49 36 29
49 38 65
49 39 47
49 40 13
49 42 9
49 43 66
49 44 26
49 47 51
49 48 62
49 49 16
49 50 3
49 51 24
49 52 18
49 54 30
49 55 50
49 56 42
49 58 31
49 59 15
49 60 55
49 61 32
49 63 52
49 64 6
49 65 11
49 66 36
49 68 48
49 69 33
50 0 34
50 2 59
50 3 1
50 4 10
50 5 12
50 7 8
50 9 66
50 10 41
50 11 28
50 13 37
50 14 26
50 15 18
50 16 22
50 18 13
50 19 42
50 20 50
50 22 17
50 24 20
50 25 61
50 26 2
50 27 16
50 28 60
50 29 46
50 30 53
50 31 52
50 32 0
50 34 35
50 35 19
50 36 15
50 37 33
50 38 58
50 39 69
50 41 4
50 42 25
50 43 40
50 44 64
50 45 55
50 46 9
50 48 24
50 49 6
50 50 51
50 53 39
50 54 63
50 57 3
50 59 7
50 60 62
50 61 65
50 63 21
50 64 67
50 66 54
50 67 36
50 68 68
50 69 30
51 0 30
51 1 8
51 2 40
51 3 64
51 4 35
51 6 32
51 8 14
51 10 58
51 11 53
51 12 62
51 13 55
51 15 44
51 17 47
51 18 3
51 19 33
51 20 48
51 21 34
51 22 42
51 23 26
51 24 51
51 26 27
51 27 1
51 28 38
51 29 28
51 30 63
51 31 56
51 33 37
51 34 20
51 36 49
51 37 68
51 38 2
51 39 66
51 40 39
51 41 43
51 42 6
51 43 67
51 44 59
51 45 52
51 46 15
51 47 12
51 48 23
51 50 46
51 51 50
51 52 22
51 53 21
51 54 16
51 57 57
51 59 36
51 63 19
51 64 65
51 65 5
51 66 24
51 67 54
51 68 0
51 69 17
52 0 50
52 1 10
52 2 47
52 4 67
52 5 51
52 6 1
52 7 55
52 8 64
52 9 56
52 10 46
52 11 48
52 12 68
52 13 69
52 14 66
52 15 8
52 16 6
52 17 36
52 18 21
52 21 38
52 22 54
52 23 25
52 24 30
52 25 53
52 27 39
52 28 20
52 29 19
52 30 16
52 31 44
52 32 52
52 33 29
52 34 61
52 35 65
52 37 2
52 39 27
52 40 14
52 41 24
52 42 5
52 43 59
52 44 49
52 45 7
52 46 17
52 47 35
52 48 43
52 50 26
52 51 12
52 52 60
52 54 4
52 55 18
52 56 23
52 58 33
52 61 37
52 63 13
52 64 0
52 65 45
52 67 62
52 68 9
52 69 3
53 2 55
53 3 16
53 4 36
53 5 50
53 6 26
53 7 32
53 9 45
53 10 7
53 11 65
53 12 19
53 13 38
53 14 4
53 15 5
53 16 0
53 17 2
53 18 69
53 19 53
53 21 28
53 22 43
53 24 59
53 25 46
53 27 9
53 28 39
53 29 63
53 30 64
53 32 24
53 33 14
53 35 20
53 36 44
53 37 23
53 38 17
53 41 54
53 43 34
53 44 47
53 45 6
53 47 49
53 48 12
53 49 40
53 50 30
53 51 25
53 52 41
53 53 68
53 54 31
53 55 60
53 56 33
53 57 21
53 60 18
53 61 27
53 63 61
53 64 11
53 65 56
53 67 35
53 68 67
53 69 51
54 0 22
54 1 66
54 2 1
54 4 5
54 5 9
54 6 21
54 7 33
54 8 3
54 9 25
54 10 65
54 11 50
54 13 60
54 14 45
54 15 12
54 16 67
54 17 58
54 20 40
54 21 27
54 22 53
54 24 39
54 27 19
54 29 68
54 30 36
54 31 4
54 32 46
54 33 52
54 34 28
54 35 31
54 36 26
54 37 11
54 39 55
54 40 6
54 43 10
54 44 30
54 45 42
54 46 32
54 47 59
54 48 47
54 50 7
54 51 54
54 52 0
54 53 43
54 54 15
54 56 38
54 57 14
54 58 61
54 59 63
54 60 20
54 61 16
54 62 17
54 63 23
54 64 13
54 65 34
54 66 37
54 67 69
54 68 62
54 69 48
55 0 58
55 2 12
55 4 45
55 5 56
55 6 49
55 8 27
55 9 62
55 10 24
55 11 39
55 12 69
55 13 3
55 14 57
55 15 60
55 16 61
55 17 52
55 20 4
55 21 32
55 22 33
55 23 17
55 27 0
55 28 8
55 29 42
55 30 51
55 31 23
55 32 30
55 35 37
55 36 65
55 38 68
55 39 13
55 41 2
55 43 14
55 44 16
55 46 5
55 47 6
55 48 9
55 49 18
55 50 63
55 51 41
55 52 21
55 53 29
55 54 59
55 55 10
55 57 53
55 58 20
55 60 7
55 61 67
55 62 50
55 63 48
55 64 15
55 65 66
55 66 22
55 68 36
55 69 47
56 1 27
56 3 57
56 4 20
56 5 55
56 6 29
56 7 45
56 8 16
56 9 19
56 10 34
56 11 26
56 13 23
56 15 67
56 16 47
56 17 37
56 20 42
56 21 13
56 22 2
56 23 41
56 24 9
56 25 56
56 26 3
56 28 10
56 29 51
56 30 52
56 31 66
56 32 39
56 33 7
56 34 59
56 36 18
56 37 0
56 38 6
56 40 24
56 42 53
56 43 28
56 44 61
56 45 12
56 46 11
56 47 4
56 48 69
56 50 22
56 52 50
56 53 48
56 54 33
56 55 30
56 56 40
56 57 36
56 58 60
56 59 1
56 60 46
56 62 15
56 63 17
56 64 62
56 65 32
56 66 58
56 67 44
56 68 14
56 69 68
57 0 60
57 1 35
57 2 17
57 3 46
57 4 40
57 5 11
57 6 22
57 7 13
57 8 53
57 9 69
57 10 47
57 12 34
57 13 61
57 14 12
57 17 31
57 18 42
57 19 62
57 20 30
57 21 55
57 23 28
57 24 7
57 25 1
57 26 20
57 27 14
57 28 68
57 31 45
57 32 21
57 33 56
57 34 10
57 35 43
57 36 52
57 38 16
57 39 2
57 41 58
57 43 49
57 48 6
57 50 41
57 51 48
57 52 63
57 55 29
57 56 59
57 57 24
57 58 39
57 60 38
57 62 0
57 63 33
57 64 9
57 65 44
57 66 23
57 67 65
57 68 27
58 1 12
58 2 43
58 3 15
58 4 1
58 5 35
58 6 37
58 7 26
58 8 9
58 9 63
58 10 69
58 11 16
58 12 33
58 15 34
58 17 17
58 19 23
58 20 61
58 21 30
58 22 48
58 25 59
58 27 45
58 28 62
58 30 28
58 31 53
58 32 3
58 33 20
58 34 13
58 36 68
58 37 4
58 38 49
58 39 54
58 41 56
58 45 46
58 47 58
58 48 38
58 50 50
58 51 60
58 52 7
58 54 44
58 55 57
58 56 0
58 58 51
58 59 14
58 60 27
58 61 25
58 62 65
58 64 21
58 66 47
58 67 8
58 68 41
58 69 40
59 0 9
59 1 49
59 2 32
59 3 17
59 4 69
59 6 57
59 9 18
59 11 3
59 12 14
59 14 48
59 15 41
59 17 21
59 18 68
59 19 12
59 20 26
59 21 24
59 23 40
59 24 54
59 25 38
59 26 8
59 27 65
59 29 6
59 30 13
59 31 19
59 32 16
59 33 51
59 34 47
59 35 22
59 36 0
59 37 27
59 38 52
59 39 28
59 41 35
59 42 44
59 43 53
59 44 39
59 45 30
59 46 43
59 48 58
59 49 66
59 50 34
59 51 37
59 52 31
59 53 55
59 54 64
59 55 11
59 56 63
59 57 23
59 58 2
59 59 67
59 60 4
59 61 20
59 62 46
59 64 50
59 65 42
59 67 59
59 68 10
59 69 25
60 0 19
60 1 21
60 2 36
60 4 13
60 7 15
60 8 45
60 9 33
60 10 43
60 11 4
60 12 50
60 13 51
60 14 40
60 15 49
60 16 3
60 18 47
60 19 60
60 20 41
60 21 26
60 22 8
60 23 68
60 26 61
60 27 12
60 29 5
60 30 35
60 31 16
60 34 30
60 37 37
60 39 25
60 40 29
60 41 34
60 42 48
60 43 18
60 44 2
60 46 39
60 47 55
60 48 66
60 49 38
60 50 64
60 51 22
60 52 42
60 53 17
60 54 20
60 55 27
60 58 59
60 59 11
60 62 62
60 63 1
60 64 10
60 65 14
60 66 44
60 67 58
61 0 56
61 1 47
61 2 18
61 4 53
61 5 63
61 6 13
61 8 65
61 9 8
61 10 22
61 11 69
61 12 60
61 13 34
61 15 55
61 16 23
61 17 40
61 18 59
61 20 33
61 21 9
61 22 10
61 23 29
61 26 14
61 27 54
61 30 25
61 31 28
61 33 49
61 34 16
61 35 57
61 36 2
61 37 50
61 39 51
61 41 36
61 42 31
61 43 26
61 44 52
61 46 4
61 47 24
61 49 27
61 50 38
61 53 44
61 54 42
61 56 3
61 57 17
61 58 6
61 61 11
61 62 41
61 63 68
61 64 20
61 65 30
61 66 39
61 67 64
61 69 35
62 1 22
62 3 18
62 4 46
62 5 5
62 7 43
62 9 64
62 10 51
62 11 32
62 12 29
62 13 45
62 15 61
62 16 40
62 17 13
62 18 10
62 19 28
62 20 20
62 21 0
62 22 21
62 23 42
62 24 56
62 25 7
62 26 41
62 27 66
62 29 11
62 30 57
62 32 15
62 33 65
62 35 48
62 36 59
62 37 44
62 39 36
62 40 8
62 41 19
62 42 16
62 43 38
62 44 69
62 45 54
62 46 62
62 47 30
62 48 53
62 49 17
62 50 23
62 51 33
62 52 27
62 54 50
62 55 39
62 56 35
62 57 60
62 59 37
62 60 47
62 61 4
62 62 24
62 63 55
62 64 1
62 65 3
62 66 67
62 67 49
63 0 43
63 1 63
63 2 45
63 3 42
63 5 14
63 6 61
63 9 21
63 10 53
63 12 58
63 13 7
63 14 35
63 15 66
63 16 28
63 19 47
63 21 3
63 22 31
63 23 64
63 24 27
63 25 10
63 26 52
63 27 25
63 28 49
63 29 37
63 30 22
63 32 33
63 33 32
63 34 12
63 35 24
63 37 62
63 38 46
63 40 4
63 41 20
63 42 39
63 44 38
63 45 56
63 46 6
63 48 41
63 49 29
63 50 48
63 51 1
63 52 57
63 53 2
63 54 36
63 55 67
63 57 51
63 58 9
63 59 23
63 60 30
63 61 34
63 62 5
63 63 8
63 64 68
63 65 18
63 66 19
63 67 40
63 68 26
63 69 44
64 0 45
64 1 25
64 3 28
64 4 43
64 5 36
64 6 62
64 7 5
64 9 57
64 11 22
64 12 12
64 13 47
64 14 65
64 15 26
64 17 10
64 18 35
64 19 39
64 20 15
64 25 41
64 27 3
64 29 17
64 30 0
64 31 29
64 32 50
64 33 23
64 34 24
64 35 1
64 36 37
64 37 7
64 38 14
64 39 44
64 40 49
64 42 30
64 43 68
64 44 13
64 46 31
64 47 42
64 49 19
64 51 63
64 53 16
64 54 18
64 55 32
64 56 48
64 57 59
64 59 27
64 60 33
64 62 38
64 63 53
64 64 46
64 66 60
64 67 9
64 68 52
65 0 42
65 1 20
65 3 33
65 5 24
65 6 7
65 7 19
65 9 44
65 11 18
65 12 3
65 13 53
65 14 6
65 15 4
65 16 26
65 17 46
65 18 28
65 19 59
65 20 65
65 21 64
65 22 55
65 24 13
65 25 45
65 26 0
65 28 2
65 29 10
65 30 21
65 31 27
65 32 69
65 33 40
65 34 9
65 35 51
65 36 31
65 38 35
65 39 67
65 40 62
65 41 49
65 42 68
65 43 17
65 44 12
65 45 50
65 46 41
65 47 38
65 48 30
65 49 34
65 50 61
65 51 57
65 52 36
65 54 56
65 57 1
65 58 25
65 59 39
65 60 37
65 61 8
65 62 43
65 64 60
65 65 48
65 66 11
65 67 52
65 69 63
66 0 21
66 1 36
66 3 12
66 4 32
66 6 2
66 7 64
66 8 18
66 9 47
66 10 55
66 11 5
66 12 10
66 13 17
66 14 0
66 15 62
66 18 23
66 19 37
66 20 24
66 21 16
66 22 9
66 23 66
66 25 14
66 26 19
66 27 61
66 28 59
66 29 65
66 30 33
66 32 67
66 33 45
66 34 6
66 35 29
66 37 48
66 38 63
66 40 69
66 41 60
66 42 51
66 44 4
66 46 28
66 48 57
66 50 54
66 51 68
66 53 22
66 54 46
66 55 49
66 56 43
66 57 56
66 58 35
66 59 26
66 60 15
66 61 50
66 62 53
66 63 38
66 64 25
66 65 13
66 66 3
66 67 31
66 69 39
67 0 31
67 1 9
67 4 57
67 5 39
67 7 40
67 8 33
67 9 0
67 11 68
67 12 17
67 13 36
67 14 27
67 15 42
67 17 64
67 18 16
67 19 41
67 20 28
67 21 58
67 23 63
67 24 66
67 25 51
67 26 30
67 27 60
67 28 52
67 29 67
67 30 14
67 32 34
67 33 44
67 35 32
67 36 13
67 40 2
67 41 55
67 42 50
67 43 61
67 44 22
67 45 43
67 48 59
67 50 35
67 51 38
67 52 5
67 54 69
67 55 62
67 56 65
67 57 4
67 59 18
67 60 48
67 61 1
67 63 10
67 65 15
67 66 56
67 68 3
67 69 24
68 1 4
68 3 67
68 4 34
68 6 59
68 7 7
68 8 56
68 10 3
68 12 18
68 13 43
68 14 5
68 15 14
68 16 38
68 17 68
68 18 24
68 19 36
68 20 62
68 21 6
68 22 15
68 23 30
68 24 57
68 25 32
68 26 44
68 27 63
68 28 54
68 29 1
68 30 11
68 31 8
68 32 2
68 33 48
68 34 23
68 35 50
68 37 10
68 38 0
68 39 16
68 40 64
68 44 27
68 45 45
68 46 26
68 47 25
68 48 33
68 49 39
68 50 52
68 51 28
68 52 46
68 53 51
68 54 61
68 55 12
68 56 53
68 58 40
68 61 31
68 63 22
68 64 58
68 65 60
68 66 49
68 67 47
68 68 13
68 69 55
69 0 1
69 1 3
69 2 67
69 3 68
69 4 19
69 5 33
69 6 43
69 7 29
69 8 39
69 9 60
69 11 9
69 12 2
69 13 13
69 14 24
69 15 38
69 16 56
69 17 34
69 19 30
69 21 14
69 22 16
69 23 51
69 24 65
69 25 8
69 28 18
69 29 50
69 30 6
69 31 32
69 34 69
69 35 21
69 36 40
69 37 20
69 38 4
69 39 35
69 40 61
69 41 63
69 42 55
69 43 27
69 44 25
69 47 31
69 48 0
69 50 10
69 51 17
69 53 37
69 54 47
69 55 66
69 56 5
69 57 26
69 58 48
69 59 46
69 60 11
69 62 49
69 63 28
69 64 42
69 65 62
69 67 57
69 68 22
69 69 53
