60
0 0 21
0 2 1
0 3 30
0 4 24
0 6 55
0 7 41
0 10 45
0 11 54
0 12 37
0 14 11
0 19 34
0 20 13
0 21 25
0 23 15
0 26 10
0 30 44
0 33 8
0 36 20
0 37 48
0 39 51
0 40 14
0 47 56
0 50 2
0 54 46
1 1 29
1 9 10
1 12 42
1 14 12
1 15 27
1 23 18
1 27 37
1 28 4
1 29 19
1 31 2
1 32 39
1 35 41
1 37 3
1 38 56
1 39 47
1 42 22
1 44 43
1 46 9
1 50 1
1 52 28
2 1 43
2 4 23
2 8 45
2 10 28
2 15 58
2 16 19
2 17 25
2 19 17
2 20 35
2 21 36
2 25 47
2 26 57
2 31 4
2 36 1
2 44 41
2 46 54
2 47 33
2 56 9
3 3 37
3 7 43
3 8 16
3 9 54
3 12 2
3 13 3
3 22 8
3 25 39
3 28 14
3 33 0
3 35 58
3 38 34
3 41 44
3 43 42
3 44 51
3 46 35
3 48 53
3 56 21
3 57 6
4 2 51
4 3 42
4 5 34
4 12 14
4 16 5
4 24 49
4 25 56
4 27 36
4 36 52
4 40 0
4 45 4
4 47 43
4 50 11
4 56 33
5 8 25
5 9 9
5 11 50
5 15 6
5 19 41
5 26 5
5 32 38
5 45 42
5 48 16
5 49 46
5 50 48
5 53 20
5 55 56
5 56 43
5 58 44
6 2 41
6 3 58
6 8 28
6 15 5
6 19 44
6 20 6
6 34 51
6 35 56
6 36 59
6 37 14
6 38 11
6 44 7
6 48 13
6 59 54
7 1 59
7 5 58
7 8 46
7 10 34
7 11 27
7 19 14
7 20 43
7 23 13
7 25 36
7 26 2
7 27 20
7 29 16
7 32 23
7 35 57
7 38 0
7 42 6
7 44 10
7 49 48
7 50 12
7 54 8
7 57 28
7 59 25
8 3 49
8 4 20
8 12 13
8 13 15
8 14 6
8 15 46
8 23 39
8 24 3
8 26 11
8 28 45
8 37 54
8 39 52
8 41 57
8 43 29
8 44 33
8 45 14
8 46 48
8 48 37
8 59 35
9 3 41
9 13 7
9 15 59
9 16 39
9 26 21
9 38 9
9 40 40
9 42 46
9 45 38
9 46 14
9 49 45
9 50 53
9 53 52
9 55 44
10 0 4
10 13 5
10 14 42
10 16 15
10 21 8
10 24 56
10 25 30
10 26 7
10 28 25
10 32 44
10 38 48
10 39 53
10 41 46
10 42 14
10 50 40
10 51 6
10 53 45
10 56 37
10 59 0
11 1 55
11 5 52
11 9 41
11 11 21
11 15 11
11 16 13
11 22 31
11 23 56
11 25 26
11 26 45
11 30 34
11 31 5
11 37 0
11 38 29
11 44 47
11 48 8
11 50 36
11 54 17
11 56 4
11 57 53
12 0 47
12 4 21
12 7 2
12 10 36
12 11 38
12 12 45
12 17 15
12 20 29
12 26 44
12 36 49
12 37 41
12 41 9
12 44 27
12 48 46
12 53 56
12 57 11
13 3 15
13 5 29
13 8 5
13 10 44
13 11 53
13 12 58
13 15 21
13 21 24
13 24 47
13 27 50
13 28 32
13 33 30
13 38 38
13 39 20
13 41 14
13 43 40
13 52 59
13 54 55
13 56 1
13 59 49
14 5 8
14 10 46
14 12 12
14 14 47
14 15 43
14 17 4
14 25 50
14 31 16
14 36 7
14 39 54
14 43 36
14 44 20
14 48 39
14 49 32
14 52 24
14 56 29
14 57 52
14 58 58
15 0 2
15 5 53
15 10 20
15 11 15
15 13 52
15 14 27
15 15 25
15 18 37
15 20 33
15 23 58
15 28 24
15 31 18
15 38 8
15 40 42
15 43 45
15 49 5
15 50 29
15 52 54
15 55 23
15 56 56
15 57 17
16 7 0
16 9 13
16 13 40
16 15 4
16 22 29
16 25 37
16 28 36
16 34 24
16 37 1
16 38 53
16 43 57
16 46 16
17 3 25
17 4 47
17 9 31
17 12 27
17 13 28
17 22 20
17 24 50
17 35 33
17 36 22
17 38 46
17 40 34
17 43 35
17 44 18
17 51 26
17 53 55
17 54 59
17 55 36
17 56 2
18 2 42
18 4 37
18 9 3
18 13 11
18 15 54
18 16 40
18 18 33
18 19 48
18 20 56
18 27 31
18 31 41
18 38 27
18 39 1
18 46 50
18 53 12
18 59 51
19 6 27
19 8 24
19 13 8
19 18 16
19 19 57
19 22 26
19 23 21
19 28 46
19 31 30
19 35 5
19 37 19
19 42 3
19 46 56
19 49 35
19 55 51
19 58 49
20 1 18
20 5 42
20 7 46
20 9 45
20 10 15
20 16 49
20 20 17
20 22 11
20 28 39
20 29 24
20 31 59
20 32 4
20 38 30
20 40 9
20 43 34
20 44 2
20 46 57
20 49 43
20 52 6
20 54 27
20 55 21
20 59 32
21 2 37
21 10 17
21 15 0
21 23 23
21 30 12
21 36 43
21 44 3
21 46 25
21 48 32
21 52 20
21 53 53
21 55 55
21 58 47
22 1 35
22 2 55
22 5 9
22 6 26
22 7 51
22 13 16
22 30 53
22 36 29
22 37 44
22 43 38
22 46 39
22 52 40
22 55 37
22 56 59
22 59 15
23 2 12
23 3 2
23 8 39
23 9 57
23 11 59
23 12 0
23 18 47
23 22 51
23 23 27
23 25 41
23 26 37
23 32 5
23 33 32
23 36 16
23 39 18
23 46 28
23 47 48
23 55 3
23 58 11
24 0 49
24 1 22
24 6 7
24 10 9
24 13 37
24 14 28
24 23 14
24 35 50
24 36 41
24 44 4
24 49 30
24 51 31
24 59 43
25 2 39
25 3 22
25 5 11
25 9 48
25 10 35
25 11 5
25 12 16
25 14 29
25 15 8
25 16 51
25 20 40
25 21 50
25 22 56
25 26 54
25 33 9
25 36 3
25 40 1
25 46 52
25 49 2
25 58 4
26 6 1
26 8 42
26 9 8
26 11 16
26 14 54
26 15 37
26 17 26
26 24 20
26 25 33
26 26 9
26 29 59
26 31 29
26 36 28
26 38 49
26 39 46
26 40 57
26 44 45
26 49 19
26 51 30
26 55 38
26 57 36
26 58 2
27 0 33
27 1 54
27 12 51
27 16 18
27 19 30
27 25 40
27 30 45
27 31 31
27 37 7
27 40 49
27 47 37
27 49 8
27 50 43
27 53 32
27 57 55
28 5 24
28 6 0
28 11 29
28 17 39
28 18 2
28 19 25
28 21 22
28 24 12
28 25 20
28 26 4
28 27 49
28 29 14
28 35 43
28 39 3
28 47 30
28 52 8
28 55 17
28 57 21
29 3 8
29 4 33
29 6 38
29 9 40
29 11 12
29 12 25
29 13 18
29 16 32
29 17 9
29 18 14
29 21 42
29 31 21
29 35 15
29 42 47
29 44 30
29 53 24
29 55 6
29 57 16
30 9 2
30 12 31
30 21 11
30 22 9
30 28 55
30 31 48
30 35 27
30 39 7
30 41 43
30 42 23
30 43 52
30 45 54
30 46 3
30 50 32
30 51 29
30 53 49
31 5 46
31 11 42
31 12 20
31 13 12
31 15 15
31 17 21
31 21 6
31 25 38
31 31 36
31 33 57
31 39 58
31 43 25
31 49 40
31 55 24
31 59 23
32 0 52
32 5 27
32 8 10
32 19 0
32 22 44
32 23 8
32 25 54
32 26 29
32 27 53
32 28 2
32 30 15
32 32 22
32 34 20
32 35 34
32 38 25
32 39 4
32 41 51
32 45 43
32 50 3
32 57 45
33 1 58
33 6 16
33 8 56
33 18 50
33 23 28
33 25 5
33 33 27
33 34 21
33 35 47
33 36 35
33 46 17
33 48 4
33 49 37
33 52 42
34 1 1
34 6 54
34 11 41
34 15 19
34 16 2
34 23 46
34 24 28
34 26 31
34 32 24
34 33 33
34 35 13
34 38 12
34 40 23
34 47 34
34 51 21
34 52 30
34 54 42
35 0 15
35 1 25
35 4 13
35 8 19
35 11 28
35 14 36
35 17 46
35 19 33
35 22 52
35 23 22
35 24 58
35 26 23
35 32 20
35 33 40
35 34 0
35 35 16
35 36 11
35 38 51
35 42 18
35 44 12
35 50 30
35 57 44
35 58 43
36 10 56
36 11 11
36 17 59
36 26 25
36 34 54
36 35 45
36 40 20
36 44 53
36 46 1
36 48 3
36 49 27
36 53 58
36 54 18
36 55 31
36 57 46
37 2 57
37 3 27
37 17 41
37 21 47
37 25 49
37 26 35
37 27 42
37 32 45
37 36 48
37 37 40
37 41 50
37 42 43
37 51 3
38 1 34
38 2 25
38 3 32
38 4 10
38 10 59
38 17 27
38 18 30
38 24 37
38 26 46
38 27 48
38 41 54
38 48 11
38 51 1
39 1 50
39 4 4
39 5 48
39 9 53
39 12 23
39 15 13
39 19 58
39 20 39
39 21 59
39 22 49
39 27 8
39 33 51
39 35 38
39 37 29
39 38 52
39 45 30
39 46 2
39 48 56
39 55 5
39 56 36
39 57 37
40 0 5
40 1 7
40 4 56
40 7 45
40 10 37
40 12 54
40 14 44
40 22 13
40 24 40
40 27 18
40 28 8
40 29 26
40 30 57
40 32 10
40 33 50
40 37 55
40 38 32
40 40 27
40 41 21
40 42 25
40 44 58
40 45 16
40 46 49
40 50 14
40 51 51
40 56 46
41 0 43
41 1 8
41 3 57
41 4 34
41 8 6
41 12 53
41 13 29
41 14 56
41 16 35
41 18 4
41 19 28
41 21 9
41 23 49
41 25 32
41 28 52
41 32 33
41 36 24
41 37 2
41 39 26
41 41 12
41 43 17
41 46 36
41 49 51
41 51 39
41 55 13
41 56 19
42 0 14
42 2 5
42 5 59
42 7 37
42 8 57
42 15 41
42 17 43
42 18 34
42 27 9
42 28 26
42 29 8
42 34 4
42 35 36
42 37 11
42 42 29
42 44 24
42 47 17
42 48 58
42 50 0
42 55 42
42 57 51
43 12 49
43 15 17
43 18 15
43 22 40
43 23 3
43 27 51
43 29 11
43 33 39
43 34 19
43 38 43
43 39 33
43 40 52
43 44 32
43 45 44
43 46 59
43 48 21
43 49 31
43 54 47
43 56 57
43 57 18
44 12 6
44 15 24
44 16 20
44 25 1
44 26 51
44 28 9
44 34 28
44 37 10
44 39 22
44 40 16
44 41 38
44 42 37
44 46 43
44 48 42
44 49 0
44 50 58
44 52 49
44 55 46
44 58 17
44 59 50
45 0 41
45 2 19
45 6 12
45 7 36
45 9 7
45 14 43
45 19 6
45 25 55
45 30 17
45 33 2
45 34 53
45 38 50
45 39 45
45 42 51
45 44 39
45 45 18
45 48 44
45 53 33
46 2 4
46 4 53
46 5 22
46 7 59
46 10 27
46 13 9
46 17 14
46 22 28
46 28 31
46 31 40
46 38 37
46 41 16
46 42 24
46 44 44
46 47 8
46 51 20
46 54 56
46 56 26
47 1 17
47 10 33
47 17 28
47 19 42
47 21 32
47 26 39
47 36 34
47 39 59
47 51 18
47 52 1
47 58 12
48 1 39
48 2 14
48 5 12
48 7 28
48 9 19
48 11 2
48 13 41
48 17 20
48 25 29
48 26 59
48 27 11
48 30 42
48 31 9
48 36 10
48 37 15
48 38 17
48 43 4
48 48 31
48 50 55
48 53 40
48 58 46
49 2 33
49 8 26
49 10 8
49 14 18
49 17 42
49 18 41
49 20 23
49 21 29
49 23 47
49 24 36
49 25 19
49 26 15
49 29 22
49 31 58
49 33 54
49 37 20
49 39 35
49 40 31
49 42 32
49 43 46
49 48 50
49 54 10
49 59 55
50 3 31
50 28 49
50 30 0
50 31 28
50 34 52
50 38 18
50 40 7
50 42 16
50 47 59
50 51 46
50 53 47
50 57 8
51 3 11
51 5 15
51 7 56
51 9 23
51 11 44
51 12 9
51 15 32
51 21 58
51 22 0
51 24 52
51 31 7
51 38 41
51 39 27
51 42 4
51 48 47
51 49 29
51 51 40
51 53 10
51 55 43
51 57 14
51 59 39
52 0 42
52 3 44
52 8 38
52 9 30
52 19 43
52 21 1
52 30 22
52 34 31
52 35 10
52 36 53
52 46 8
52 47 45
52 48 14
52 51 15
52 52 16
52 54 37
52 55 11
52 57 23
53 0 51
53 5 35
53 6 4
53 8 1
53 10 48
53 13 6
53 18 29
53 21 44
53 22 45
53 27 46
53 28 16
53 30 5
53 41 26
53 42 49
53 44 50
53 45 22
53 47 32
53 48 54
53 52 27
53 59 11
54 4 49
54 6 34
54 12 44
54 15 1
54 18 10
54 21 53
54 26 8
54 30 39
54 31 24
54 35 29
54 37 45
54 42 59
54 47 2
54 49 28
54 51 4
54 53 14
54 59 19
55 1 2
55 3 47
55 8 32
55 11 35
55 13 55
55 14 26
55 19 36
55 20 18
55 26 19
55 30 13
55 32 59
55 35 37
55 37 31
55 38 33
55 41 15
55 42 52
55 43 50
55 44 49
55 46 46
55 47 16
55 48 41
55 53 27
55 56 45
55 58 10
56 0 27
56 1 49
56 2 18
56 4 46
56 12 32
56 17 38
56 18 57
56 21 19
56 32 16
56 35 52
56 36 26
56 40 10
56 46 30
56 49 47
56 50 50
56 52 13
56 53 59
56 54 34
56 55 9
56 58 28
57 0 7
57 1 33
57 2 28
57 10 57
57 11 0
57 14 10
57 17 30
57 23 25
57 24 59
57 25 35
57 34 12
57 37 16
57 40 15
57 42 48
57 43 32
58 1 57
58 4 11
58 7 29
58 9 25
58 14 1
58 15 14
58 19 51
58 26 12
58 34 49
58 35 9
58 36 2
58 45 55
58 50 56
58 51 32
59 2 53
59 4 28
59 5 38
59 11 17
59 12 36
59 14 19
59 27 29
59 30 37
59 31 55
59 39 25
59 42 30
59 43 15
59 44 0
59 46 13
59 47 31
59 50 47
59 51 43
59 55 50
