60
0 0 32
0 1 9
0 3 44
0 6 31
0 7 22
0 10 55
0 13 0
0 19 23
0 23 5
0 25 37
0 26 57
0 27 51
0 28 20
0 29 52
0 30 47
0 31 28
0 37 34
0 39 49
0 40 29
0 41 38
0 45 16
0 48 36
0 53 1
0 54 33
0 58 48
0 59 40
1 0 29
1 1 22
1 2 5
1 3 24
1 6 53
1 7 46
1 10 17
1 12 57
1 14 30
1 18 25
1 21 40
1 22 33
1 24 12
1 25 48
1 32 36
1 33 37
1 34 43
1 35 19
1 38 16
1 40 28
1 41 4
1 43 13
1 44 7
1 46 0
1 48 20
1 53 2
1 55 10
1 56 59
1 57 47
2 0 56
2 5 42
2 6 12
2 7 28
2 12 46
2 13 45
2 14 16
2 19 25
2 20 0
2 22 15
2 23 26
2 24 24
2 26 54
2 28 18
2 29 29
2 30 23
2 34 6
2 35 21
2 36 10
2 39 9
2 41 50
2 42 38
2 43 8
2 44 20
2 47 55
2 48 5
2 50 22
2 51 2
2 52 51
2 53 27
2 56 36
2 58 49
2 59 4
3 2 37
3 4 52
3 6 25
3 8 29
3 9 47
3 11 31
3 12 38
3 15 3
3 16 55
3 17 24
3 22 56
3 25 13
3 26 59
3 29 9
3 32 35
3 34 44
3 37 8
3 38 58
3 40 18
3 43 22
3 47 39
3 50 10
3 52 1
3 53 20
3 54 34
3 55 33
3 56 42
3 57 43
3 59 27
4 0 45
4 3 15
4 4 8
4 7 48
4 8 24
4 9 55
4 10 27
4 12 19
4 13 38
4 14 37
4 16 7
4 17 12
4 18 41
4 20 5
4 22 32
4 23 0
4 28 52
4 29 53
4 31 26
4 33 28
4 36 4
4 38 42
4 41 6
4 42 59
4 48 23
4 49 58
4 53 39
4 54 2
4 55 40
4 56 51
4 58 14
4 59 43
5 0 12
5 1 6
5 3 27
5 4 47
5 5 16
5 6 34
5 7 59
5 8 36
5 12 25
5 15 18
5 16 54
5 19 8
5 21 56
5 22 49
5 33 21
5 34 4
5 37 38
5 38 2
5 42 3
5 44 0
5 46 46
5 47 26
5 50 15
5 51 52
5 52 32
5 53 42
5 56 43
5 59 41
6 0 25
6 1 21
6 2 51
6 3 34
6 4 20
6 6 9
6 7 0
6 10 7
6 11 28
6 13 42
6 15 22
6 16 43
6 18 16
6 19 12
6 22 40
6 26 13
6 27 54
6 29 14
6 32 52
6 33 27
6 35 29
6 37 58
6 38 10
6 41 5
6 42 1
6 44 26
6 46 4
6 49 45
6 50 47
6 51 18
6 52 23
6 53 36
6 54 19
6 55 50
7 0 36
7 3 43
7 5 14
7 6 13
7 8 39
7 9 21
7 10 41
7 13 3
7 15 42
7 17 2
7 20 47
7 21 19
7 22 26
7 25 22
7 26 35
7 28 17
7 29 6
7 30 1
7 31 53
7 33 16
7 35 27
7 38 23
7 39 7
7 40 58
7 48 38
7 53 50
7 56 55
7 57 28
8 5 35
8 6 20
8 7 9
8 9 34
8 10 49
8 11 15
8 12 22
8 14 57
8 15 44
8 19 5
8 20 39
8 22 1
8 25 33
8 26 51
8 27 50
8 28 27
8 30 41
8 33 36
8 35 45
8 36 46
8 37 48
8 39 38
8 40 16
8 41 26
8 42 7
8 43 3
8 46 23
8 53 25
8 54 43
8 59 53
9 0 53
9 1 7
9 2 19
9 3 11
9 4 3
9 7 16
9 8 50
9 10 54
9 11 25
9 12 47
9 15 57
9 17 59
9 18 21
9 20 14
9 21 1
9 22 34
9 23 22
9 25 58
9 27 35
9 29 2
9 32 27
9 35 51
9 36 13
9 37 23
9 38 48
9 39 18
9 40 12
9 41 9
9 45 8
9 46 45
9 49 44
9 50 20
9 53 17
9 57 55
9 58 36
9 59 28
10 0 31
10 5 46
10 6 5
10 7 4
10 13 14
10 15 7
10 16 19
10 19 40
10 21 34
10 24 48
10 25 10
10 29 54
10 32 57
10 34 29
10 36 28
10 37 51
10 38 8
10 39 15
10 41 53
10 42 27
10 44 1
10 45 2
10 48 25
10 49 38
10 50 3
10 51 49
10 52 41
10 53 21
10 54 6
10 56 52
10 57 26
10 58 45
11 3 22
11 9 14
11 10 50
11 11 47
11 15 40
11 16 5
11 17 10
11 19 56
11 23 34
11 26 12
11 28 44
11 30 16
11 32 20
11 35 36
11 37 49
11 38 33
11 42 13
11 43 24
11 44 17
11 50 57
11 53 35
11 55 19
11 58 37
11 59 0
12 0 24
12 2 8
12 4 23
12 5 47
12 9 59
12 10 14
12 11 10
12 12 4
12 14 51
12 15 55
12 18 27
12 19 32
12 22 2
12 26 11
12 29 58
12 30 3
12 31 0
12 33 43
12 34 50
12 37 45
12 40 48
12 45 1
12 46 5
12 47 13
12 50 29
12 55 7
12 56 46
12 58 52
12 59 22
13 1 32
13 2 49
13 5 6
13 6 59
13 8 0
13 11 2
13 12 52
13 18 33
13 20 41
13 21 10
13 23 42
13 24 1
13 25 53
13 27 16
13 30 7
13 32 46
13 35 17
13 36 51
13 37 24
13 38 27
13 39 44
13 40 39
13 42 43
13 43 28
13 45 58
13 49 22
13 50 55
13 52 30
13 53 57
13 54 13
13 55 18
13 59 26
14 0 37
14 1 46
14 3 4
14 4 31
14 5 54
14 6 45
14 7 7
14 13 15
14 15 52
14 18 10
14 20 11
14 22 38
14 23 3
14 29 20
14 30 24
14 34 14
14 35 58
14 37 42
14 41 34
14 44 16
14 48 22
14 49 59
14 52 18
14 56 26
15 0 15
15 1 49
15 4 12
15 5 22
15 6 26
15 7 41
15 11 59
15 12 31
15 14 5
15 16 23
15 17 25
15 19 14
15 21 58
15 22 11
15 23 53
15 24 34
15 26 32
15 27 33
15 29 28
15 30 27
15 33 4
15 34 10
15 38 6
15 41 18
15 43 55
15 44 54
15 46 47
15 48 50
15 50 24
15 51 13
15 52 52
15 53 19
15 57 17
15 59 3
16 1 15
16 6 44
16 7 36
16 8 18
16 9 10
16 10 42
16 11 29
16 13 58
16 14 4
16 18 7
16 22 12
16 23 39
16 24 5
16 25 34
16 26 25
16 28 45
16 30 37
16 31 55
16 33 20
16 34 16
16 35 57
16 36 19
16 38 1
16 40 6
16 41 27
16 42 14
16 43 41
16 49 52
16 50 28
16 52 40
16 56 31
16 57 49
17 0 51
17 1 52
17 3 17
17 4 15
17 6 11
17 7 56
17 12 0
17 13 30
17 15 32
17 16 2
17 20 50
17 21 20
17 22 59
17 23 21
17 26 31
17 27 36
17 28 26
17 31 35
17 32 1
17 33 33
17 34 49
17 38 44
17 39 29
17 41 7
17 44 14
17 46 28
17 47 8
17 48 6
17 50 40
17 51 48
17 52 53
17 53 12
17 56 34
17 58 3
17 59 9
18 0 30
18 2 0
18 3 55
18 5 11
18 6 56
18 7 10
18 8 57
18 10 46
18 11 4
18 14 34
18 15 25
18 16 51
18 17 7
18 19 58
18 20 8
18 22 42
18 24 53
18 25 1
18 26 27
18 29 22
18 31 21
18 33 35
18 36 12
18 37 5
18 38 17
18 40 44
18 41 49
18 42 28
18 43 39
18 45 52
18 46 19
18 48 26
18 49 41
18 50 59
18 52 15
18 54 45
18 57 29
18 58 6
19 0 50
19 2 18
19 3 30
19 5 20
19 7 15
19 8 2
19 14 49
19 16 11
19 17 58
19 18 47
19 19 17
19 21 43
19 22 0
19 25 42
19 28 32
19 31 46
19 32 13
19 34 37
19 35 40
19 36 22
19 37 35
19 38 34
19 42 24
19 45 23
19 54 29
19 56 9
19 57 33
20 2 52
20 4 16
20 7 21
20 11 17
20 12 41
20 22 51
20 26 30
20 29 44
20 30 42
20 35 56
20 37 22
20 40 31
20 43 29
20 45 34
20 46 13
20 50 38
20 53 5
20 54 3
20 55 4
20 58 23
20 59 18
21 0 18
21 3 47
21 4 38
21 7 1
21 8 40
21 9 6
21 10 26
21 11 13
21 14 7
21 15 20
21 16 53
21 19 36
21 20 24
21 24 4
21 25 29
21 27 56
21 29 49
21 30 39
21 33 32
21 37 15
21 38 45
21 40 21
21 43 43
21 44 2
21 49 30
21 52 27
21 54 58
21 55 55
21 56 44
21 58 46
21 59 52
22 5 41
22 6 51
22 7 24
22 10 5
22 11 39
22 12 20
22 13 7
22 15 23
22 17 47
22 19 19
22 20 34
22 22 13
22 23 36
22 24 11
22 26 26
22 27 10
22 30 31
22 31 16
22 32 22
22 34 46
22 36 21
22 37 6
22 38 43
22 40 42
22 44 49
22 52 45
22 53 29
23 5 7
23 6 52
23 7 53
23 10 30
23 11 8
23 15 16
23 16 9
23 17 3
23 19 49
23 20 48
23 22 29
23 23 55
23 25 45
23 26 43
23 29 50
23 32 33
23 34 34
23 37 27
23 38 38
23 39 2
23 41 17
23 44 37
23 45 40
23 48 35
23 49 31
23 52 46
23 53 14
23 54 59
23 55 28
23 56 0
23 57 41
23 58 24
23 59 39
24 2 45
24 5 4
24 9 12
24 11 7
24 17 21
24 18 44
24 22 20
24 24 41
24 25 59
24 26 15
24 34 56
24 35 24
24 38 53
24 39 31
24 40 35
24 41 47
24 42 18
24 44 29
24 45 28
24 47 9
24 48 43
24 49 36
24 51 51
24 52 17
24 57 52
25 0 2
25 1 11
25 3 38
25 5 50
25 6 19
25 11 53
25 12 44
25 13 32
25 15 8
25 18 1
25 20 25
25 23 13
25 25 46
25 27 6
25 28 31
25 29 51
25 33 26
25 34 27
25 36 3
25 40 14
25 41 33
25 43 45
25 45 54
25 46 41
25 47 34
25 50 58
25 51 16
25 52 57
25 53 55
25 54 22
25 57 24
25 58 9
26 0 43
26 1 28
26 2 23
26 3 5
26 4 44
26 6 16
26 7 50
26 11 34
26 12 32
26 16 59
26 18 26
26 22 48
26 24 3
26 27 29
26 28 41
26 32 6
26 33 8
26 35 47
26 37 11
26 40 4
26 41 14
26 46 2
26 47 36
26 51 24
26 55 9
26 56 54
26 57 57
26 59 38
27 0 1
27 1 30
27 3 58
27 6 42
27 8 34
27 9 25
27 10 22
27 11 57
27 12 15
27 16 35
27 23 17
27 24 36
27 25 26
27 27 39
27 28 11
27 30 32
27 32 19
27 33 49
27 34 48
27 35 37
27 36 54
27 40 38
27 42 44
27 44 33
27 45 10
27 49 8
27 52 14
27 53 7
27 57 0
27 59 59
28 0 54
28 6 50
28 7 17
28 8 26
28 9 56
28 10 38
28 11 37
28 13 46
28 16 45
28 18 20
28 21 7
28 29 41
28 30 29
28 31 51
28 34 57
28 35 53
28 39 33
28 42 22
28 43 36
28 48 8
28 49 16
28 52 47
28 53 48
28 54 15
28 55 52
28 58 32
28 59 11
29 3 49
29 5 24
29 7 34
29 9 41
29 11 21
29 12 42
29 13 36
29 14 9
29 15 12
29 16 31
29 18 57
29 22 53
29 23 27
29 27 1
29 28 56
29 29 7
29 31 2
29 34 23
29 35 30
29 37 47
29 38 29
29 40 59
29 42 58
29 43 20
29 44 10
29 46 26
29 47 19
29 50 16
29 51 8
29 52 4
29 53 37
29 54 44
29 59 32
30 0 0
30 1 24
30 4 7
30 8 21
30 10 25
30 12 34
30 14 54
30 19 45
30 20 35
30 21 49
30 23 12
30 24 58
30 27 32
30 29 15
30 35 16
30 36 5
30 38 14
30 40 1
30 41 11
30 44 57
30 46 51
30 48 39
30 51 43
30 52 42
30 53 47
30 56 22
30 59 55
31 2 55
31 4 30
31 6 48
31 7 5
31 8 28
31 12 58
31 13 2
31 15 59
31 18 6
31 21 37
31 26 19
31 27 49
31 28 21
31 29 25
31 30 53
31 31 43
31 34 40
31 36 57
31 37 56
31 38 52
31 40 3
31 42 39
31 44 11
31 45 41
31 46 29
31 47 24
31 48 54
31 49 35
31 50 26
31 53 23
31 54 8
31 55 20
31 56 13
31 57 46
31 58 1
32 4 29
32 6 7
32 8 17
32 12 23
32 13 1
32 16 44
32 17 30
32 19 26
32 20 19
32 21 21
32 22 46
32 23 49
32 26 39
32 27 9
32 29 43
32 30 6
32 31 22
32 33 54
32 39 12
32 41 58
32 42 5
32 44 53
32 45 38
32 46 16
32 48 34
32 50 52
32 51 35
32 54 4
32 55 48
33 0 9
33 3 35
33 5 0
33 10 44
33 14 18
33 18 38
33 19 16
33 20 15
33 21 29
33 22 28
33 25 14
33 26 17
33 27 43
33 30 26
33 31 8
33 32 7
33 33 6
33 36 27
33 37 12
33 38 51
33 40 13
33 41 24
33 42 10
33 43 54
33 44 48
33 46 3
33 48 42
33 49 2
33 53 40
33 54 32
33 58 25
33 59 57
34 0 58
34 1 43
34 2 26
34 3 50
34 4 18
34 5 8
34 10 23
34 13 28
34 14 44
34 17 6
34 18 15
34 19 27
34 21 46
34 22 21
34 24 7
34 25 3
34 26 45
34 27 25
34 28 42
34 29 0
34 30 52
34 32 31
34 34 59
34 36 29
34 40 36
34 41 39
34 42 12
34 44 5
34 45 49
34 46 22
34 47 4
34 50 33
34 51 9
34 56 57
34 57 35
35 1 55
35 2 22
35 4 1
35 6 24
35 7 57
35 9 27
35 11 12
35 15 54
35 18 53
35 19 47
35 20 2
35 21 6
35 22 7
35 24 33
35 25 4
35 27 46
35 29 8
35 31 34
35 33 59
35 34 38
35 35 10
35 36 11
35 38 35
35 41 19
35 46 58
35 47 5
35 48 18
35 49 25
35 51 20
35 52 28
35 53 0
35 54 48
35 55 26
35 56 14
35 58 15
35 59 21
36 1 58
36 6 6
36 7 29
36 9 33
36 10 1
36 11 44
36 12 9
36 14 0
36 19 2
36 20 56
36 25 51
36 27 42
36 29 16
36 30 20
36 31 24
36 34 11
36 37 40
36 38 31
36 40 7
36 42 32
36 43 30
36 47 50
36 48 28
36 50 41
36 51 22
36 52 36
36 53 45
36 54 55
36 56 47
36 57 23
37 1 18
37 3 12
37 4 9
37 5 10
37 6 15
37 8 56
37 10 53
37 12 21
37 14 20
37 15 49
37 17 27
37 19 0
37 23 8
37 27 14
37 28 51
37 29 4
37 31 57
37 32 40
37 33 31
37 35 25
37 37 19
37 38 39
37 39 24
37 40 5
37 42 30
37 44 50
37 50 37
37 53 22
37 54 1
37 55 46
37 56 33
37 57 45
37 59 36
38 0 40
38 1 39
38 2 32
38 4 2
38 5 28
38 9 52
38 11 27
38 16 0
38 17 53
38 21 15
38 23 29
38 24 6
38 25 30
38 27 17
38 28 22
38 29 3
38 31 37
38 32 54
38 33 34
38 36 45
38 40 10
38 41 12
38 42 25
38 45 31
38 48 41
38 49 21
38 51 26
38 53 11
38 54 51
38 56 38
38 57 19
39 1 8
39 3 23
39 4 39
39 5 49
39 6 4
39 8 20
39 9 19
39 10 28
39 11 22
39 12 12
39 14 35
39 15 24
39 16 48
39 18 13
39 19 7
39 20 43
39 21 30
39 23 56
39 25 5
39 28 50
39 30 59
39 32 47
39 38 54
39 41 32
39 43 44
39 44 15
39 45 33
39 46 14
39 51 45
39 53 34
39 54 37
39 56 40
39 59 25
40 2 43
40 3 2
40 4 53
40 9 35
40 10 10
40 12 6
40 13 22
40 14 17
40 15 26
40 16 37
40 20 3
40 21 32
40 22 36
40 25 16
40 27 23
40 28 48
40 38 40
40 39 8
40 41 20
40 42 33
40 46 21
40 47 52
40 49 14
40 53 18
40 54 24
40 55 44
40 58 34
41 0 41
41 2 44
41 6 27
41 7 40
41 8 54
41 9 30
41 10 11
41 12 1
41 13 21
41 15 39
41 16 20
41 17 0
41 20 57
41 21 33
41 24 43
41 25 25
41 29 56
41 32 48
41 38 36
41 39 4
41 40 52
41 45 46
41 50 6
41 52 55
41 54 16
41 56 23
41 58 5
42 0 48
42 4 40
42 5 51
42 6 57
42 8 9
42 9 29
42 10 43
42 13 25
42 14 10
42 15 15
42 17 34
42 20 37
42 25 11
42 31 17
42 33 2
42 34 0
42 36 16
42 38 4
42 39 41
42 41 23
42 43 42
42 48 32
42 49 3
42 50 50
42 54 12
42 58 47
43 0 59
43 5 38
43 6 28
43 7 39
43 11 5
43 15 58
43 18 14
43 27 24
43 31 6
43 32 25
43 36 43
43 40 11
43 41 57
43 46 18
43 47 21
43 50 51
43 51 34
43 52 49
43 54 53
43 55 27
43 56 16
44 0 42
44 3 25
44 5 32
44 7 6
44 8 1
44 9 38
44 12 51
44 13 54
44 16 4
44 18 50
44 19 52
44 20 28
44 21 26
44 22 27
44 23 40
44 24 59
44 28 15
44 29 36
44 34 22
44 37 39
44 42 23
44 43 19
44 45 44
44 48 9
44 54 7
44 55 37
45 1 59
45 2 54
45 3 52
45 6 58
45 7 14
45 8 31
45 10 3
45 13 29
45 15 36
45 16 49
45 17 45
45 18 23
45 19 48
45 20 16
45 21 55
45 22 4
45 23 1
45 25 44
45 27 22
45 31 19
45 32 41
45 33 25
45 34 51
45 39 21
45 41 2
45 46 12
45 47 28
45 48 15
45 50 34
45 51 17
45 53 8
45 54 11
45 55 35
45 57 42
45 58 33
46 0 27
46 9 37
46 10 2
46 11 42
46 13 5
46 14 56
46 17 1
46 22 43
46 24 14
46 25 36
46 26 8
46 28 3
46 29 17
46 30 4
46 31 58
46 32 21
46 33 57
46 38 19
46 40 20
46 41 55
46 45 13
46 47 38
46 48 52
46 52 39
46 53 46
46 54 28
46 55 12
46 56 45
46 57 54
46 58 16
47 0 10
47 4 0
47 6 18
47 9 11
47 10 24
47 14 58
47 15 33
47 17 15
47 18 3
47 22 23
47 23 30
47 24 44
47 26 6
47 27 27
47 28 55
47 29 42
47 41 25
47 45 19
47 46 43
47 47 45
47 48 37
47 49 50
47 50 35
47 51 14
47 52 12
47 54 57
47 56 48
48 3 40
48 6 55
48 7 37
48 10 12
48 11 45
48 12 36
48 13 47
48 15 34
48 17 5
48 18 17
48 19 53
48 23 32
48 24 38
48 26 1
48 27 11
48 29 23
48 30 43
48 32 58
48 35 26
48 36 44
48 41 42
48 42 35
48 43 14
48 45 18
48 48 46
48 49 7
48 50 30
48 51 27
48 54 0
48 55 21
48 56 4
48 57 31
49 2 48
49 4 56
49 7 58
49 8 47
49 9 5
49 10 59
49 12 39
49 13 51
49 14 33
49 18 36
49 19 13
49 20 52
49 21 45
49 23 16
49 24 20
49 25 28
49 28 37
49 29 40
49 33 24
49 35 42
49 39 22
49 42 21
49 44 55
49 45 29
49 46 6
49 47 15
49 49 46
49 50 27
49 52 19
49 56 41
49 58 2
50 0 23
50 1 33
50 3 19
50 4 13
50 5 56
50 10 40
50 11 48
50 12 54
50 14 53
50 18 22
50 20 36
50 24 27
50 28 10
50 30 14
50 32 17
50 33 38
50 34 47
50 37 16
50 38 28
50 40 2
50 42 11
50 43 0
50 45 6
50 46 7
50 48 58
50 53 52
50 59 20
51 1 57
51 8 55
51 11 52
51 13 26
51 14 14
51 16 6
51 18 24
51 19 31
51 21 42
51 25 15
51 26 58
51 27 28
51 29 27
51 30 54
51 31 49
51 36 40
51 37 36
51 38 20
51 40 43
51 41 48
51 42 34
51 45 5
51 48 53
51 49 0
51 50 12
51 51 38
51 52 33
51 54 46
51 55 2
51 56 7
51 59 56
52 1 44
52 2 41
52 4 26
52 8 33
52 13 40
52 15 2
52 16 29
52 17 54
52 20 7
52 23 25
52 28 6
52 29 34
52 31 5
52 32 14
52 33 55
52 36 31
52 37 18
52 38 22
52 39 57
52 40 47
52 44 13
52 47 23
52 48 19
52 50 1
52 51 30
52 52 56
52 54 17
52 58 43
53 0 46
53 3 54
53 6 32
53 7 49
53 8 58
53 11 23
53 12 29
53 13 55
53 14 25
53 15 27
53 16 24
53 20 38
53 21 13
53 23 19
53 26 56
53 28 39
53 30 57
53 31 59
53 32 3
53 33 41
53 35 8
53 36 9
53 37 20
53 38 7
53 39 6
53 41 31
53 42 26
53 46 36
53 47 10
53 51 53
53 52 5
53 54 47
53 55 34
53 57 44
53 59 1
54 0 20
54 1 47
54 2 14
54 3 37
54 8 25
54 9 24
54 17 16
54 18 29
54 20 55
54 24 8
54 28 7
54 29 26
54 31 11
54 34 15
54 35 48
54 36 30
54 37 46
54 41 51
54 43 5
54 45 12
54 46 40
54 47 57
54 49 17
54 53 4
54 57 2
54 58 53
55 0 28
55 2 47
55 3 41
55 6 43
55 10 34
55 12 17
55 15 10
55 17 14
55 18 4
55 19 42
55 21 52
55 23 48
55 25 55
55 26 46
55 29 59
55 31 31
55 36 50
55 37 53
55 44 44
55 45 21
55 48 33
55 57 7
56 0 19
56 1 35
56 2 1
56 3 29
56 4 41
56 5 33
56 6 10
56 7 20
56 12 37
56 15 28
56 16 26
56 17 8
56 18 12
56 19 43
56 20 40
56 22 25
56 24 52
56 25 47
56 28 49
56 29 57
56 31 27
56 33 30
56 36 53
56 39 59
56 40 56
56 45 36
56 46 15
56 47 22
56 51 6
56 52 54
56 54 50
56 56 18
56 57 48
56 58 42
57 1 34
57 2 39
57 6 2
57 7 26
57 9 49
57 10 4
57 12 43
57 13 11
57 15 19
57 16 47
57 17 18
57 18 5
57 19 54
57 21 3
57 22 10
57 24 35
57 25 20
57 26 29
57 29 12
57 30 28
57 32 45
57 36 55
57 38 57
57 39 58
57 42 37
57 43 56
57 45 42
57 46 52
57 47 16
57 48 27
57 49 24
57 50 7
57 53 53
57 55 22
57 56 15
57 58 38
58 1 27
58 2 40
58 3 56
58 4 50
58 5 48
58 6 1
58 8 11
58 9 23
58 13 57
58 14 59
58 15 5
58 17 22
58 18 45
58 22 9
58 24 17
58 26 38
58 27 47
58 29 10
58 30 34
58 34 36
58 39 52
58 40 15
58 43 16
58 47 49
58 48 21
58 49 13
58 57 8
58 59 30
59 0 47
59 7 44
59 8 8
59 9 58
59 10 51
59 11 49
59 13 33
59 15 38
59 16 10
59 17 28
59 18 46
59 20 18
59 21 25
59 22 57
59 24 16
59 25 24
59 27 19
59 28 29
59 30 12
59 31 56
59 37 43
59 39 3
59 42 15
59 44 41
59 46 37
59 49 34
59 50 14
59 52 2
59 54 31
59 57 21
59 59 13
