70
0 0 53
0 1 66
0 2 36
0 3 0
0 4 24
0 5 6
0 6 63
0 8 35
0 9 27
0 10 33
0 11 11
0 16 56
0 17 8
0 19 65
0 20 68
0 22 22
0 23 47
0 27 39
0 28 17
0 29 48
0 31 14
0 34 12
0 36 57
0 37 62
0 38 23
0 39 64
0 41 40
0 43 5
0 44 38
0 45 7
0 46 28
0 47 41
0 48 15
0 49 42
0 50 19
0 51 29
0 55 32
0 56 16
0 57 55
0 58 25
0 59 1
0 60 58
0 65 59
0 66 67
0 67 69
0 69 61
1 4 51
1 6 58
1 7 6
1 8 55
1 11 27
1 12 2
1 15 45
1 17 3
1 18 67
1 20 0
1 21 34
1 22 35
1 23 40
1 24 9
1 26 42
1 27 49
1 28 59
1 30 46
1 31 69
1 32 36
1 34 21
1 35 24
1 37 38
1 38 22
1 40 43
1 43 50
1 44 60
1 46 41
1 47 61
1 48 7
1 49 63
1 50 65
1 51 56
1 52 26
1 53 12
1 55 39
1 56 11
1 57 10
1 60 4
1 61 20
1 62 57
1 63 1
1 69 18
2 0 57
2 2 14
2 4 37
2 5 24
2 6 7
2 8 48
2 9 30
2 12 47
2 13 67
2 16 60
2 17 12
2 20 3
2 21 10
2 22 25
2 24 20
2 25 26
2 26 44
2 27 9
2 28 0
2 29 62
2 31 66
2 32 61
2 33 50
2 36 40
2 37 68
2 38 45
2 39 58
2 41 38
2 42 18
2 43 53
2 44 22
2 45 8
2 46 6
2 47 21
2 49 41
2 52 27
2 55 65
2 56 36
2 57 31
2 58 2
2 59 42
2 61 52
2 62 19
2 63 64
2 64 23
2 66 35
2 67 1
2 69 13
3 0 10
3 3 9
3 5 30
3 7 15
3 8 5
3 10 24
3 11 7
3 12 17
3 14 64
3 15 60
3 16 1
3 17 18
3 18 66
3 19 20
3 22 44
3 23 8
3 24 65
3 25 23
3 26 63
3 28 31
3 32 57
3 33 46
3 35 61
3 36 3
3 39 67
3 42 0
3 43 21
3 44 34
3 45 16
3 46 54
3 47 48
3 49 45
3 50 51
3 55 27
3 56 38
3 57 14
3 59 52
3 61 47
3 62 29
3 63 55
3 64 33
3 65 4
3 66 53
3 68 40
4 1 11
4 2 56
4 3 65
4 4 43
4 5 16
4 7 67
4 9 0
4 14 37
4 16 46
4 18 27
4 20 51
4 21 45
4 25 49
4 26 22
4 27 63
4 28 3
4 29 40
4 30 9
4 31 5
4 32 69
4 34 33
4 35 15
4 36 55
4 39 4
4 40 18
4 41 12
4 42 24
4 43 23
4 44 8
4 46 19
4 47 2
4 48 13
4 50 14
4 51 44
4 52 50
4 53 68
4 54 60
4 55 57
4 56 32
4 60 52
4 61 30
4 62 31
4 63 28
4 65 61
4 68 59
4 69 41
5 0 26
5 1 32
5 2 25
5 7 57
5 10 3
5 11 44
5 15 21
5 16 18
5 18 10
5 19 1
5 20 40
5 21 42
5 23 20
5 24 6
5 25 34
5 27 60
5 28 49
5 30 37
5 32 33
5 34 65
5 36 66
5 37 39
5 39 27
5 40 24
5 41 28
5 42 67
5 43 64
5 45 23
5 47 19
5 49 46
5 50 68
5 53 9
5 54 22
5 55 58
5 56 29
5 57 17
5 59 14
5 60 11
5 61 36
5 62 13
5 64 50
5 65 56
5 66 12
5 68 54
5 69 38
6 2 42
6 3 54
6 4 28
6 5 17
6 7 65
6 8 52
6 9 3
6 10 7
6 11 40
6 12 19
6 13 60
6 14 59
6 15 27
6 17 22
6 18 5
6 22 14
6 23 16
6 26 49
6 27 11
6 28 47
6 29 68
6 31 61
6 32 41
6 33 58
6 34 23
6 35 57
6 36 45
6 37 12
6 38 0
6 39 62
6 40 29
6 42 21
6 44 46
6 47 33
6 50 2
6 51 25
6 52 1
6 53 10
6 57 6
6 59 9
6 61 35
6 63 39
6 66 8
6 67 26
7 0 18
7 1 14
7 3 44
7 4 22
7 5 11
7 6 19
7 7 49
7 9 59
7 11 50
7 14 57
7 16 45
7 20 1
7 23 3
7 24 42
7 26 48
7 27 43
7 29 54
7 32 55
7 34 63
7 36 0
7 37 60
7 38 28
7 39 65
7 40 20
7 43 8
7 44 15
7 47 47
7 49 6
7 50 27
7 51 35
7 52 16
7 55 24
7 56 17
7 57 66
7 58 33
7 62 25
7 63 52
7 65 51
7 66 64
7 67 13
7 69 29
8 2 17
8 4 29
8 7 2
8 8 37
8 9 65
8 12 3
8 13 5
8 14 44
8 16 52
8 18 69
8 19 47
8 20 33
8 21 35
8 22 4
8 23 48
8 24 41
8 27 10
8 28 39
8 29 61
8 31 15
8 32 40
8 33 21
8 34 11
8 35 7
8 36 6
8 39 49
8 41 1
8 44 9
8 45 54
8 46 12
8 47 38
8 48 43
8 50 13
8 52 28
8 54 31
8 55 62
8 57 16
8 59 53
8 61 14
8 64 19
8 65 25
8 68 0
9 1 31
9 5 63
9 7 24
9 8 0
9 9 40
9 10 21
9 12 57
9 14 61
9 16 20
9 18 4
9 21 49
9 23 11
9 24 48
9 25 62
9 26 14
9 27 2
9 28 46
9 29 7
9 30 12
9 31 25
9 32 1
9 33 65
9 34 68
9 36 44
9 37 16
9 39 36
9 40 3
9 42 54
9 43 22
9 45 50
9 47 56
9 49 59
9 50 45
9 52 38
9 53 53
9 56 42
9 57 9
9 61 51
9 62 26
9 68 17
9 69 55
10 1 45
10 2 62
10 3 53
10 4 33
10 5 0
10 6 18
10 7 21
10 8 28
10 12 42
10 14 22
10 15 1
10 17 51
10 18 43
10 19 5
10 20 2
10 21 46
10 22 48
10 23 31
10 24 69
10 25 64
10 26 32
10 27 15
10 29 35
10 30 7
10 32 4
10 33 56
10 37 11
10 38 17
10 41 65
10 42 44
10 43 67
10 44 27
10 46 9
10 47 66
10 48 54
10 49 34
10 53 30
10 54 49
10 55 23
10 56 57
10 57 19
10 58 26
10 59 61
10 60 10
10 61 55
10 64 60
10 65 13
10 67 24
10 68 50
10 69 8
11 2 4
11 5 27
11 6 28
11 7 20
11 13 37
11 14 26
11 15 50
11 16 33
11 17 15
11 19 48
11 20 67
11 21 44
11 22 24
11 23 64
11 25 18
11 27 16
11 29 49
11 32 31
11 35 22
11 36 69
11 37 55
11 38 32
11 39 63
11 40 19
11 43 65
11 44 30
11 49 47
11 50 54
11 51 53
11 53 38
11 58 12
11 59 62
11 60 5
11 65 57
11 66 17
11 67 36
11 69 58
12 0 13
12 4 11
12 5 66
12 6 59
12 8 51
12 10 16
12 11 63
12 13 26
12 14 20
12 15 4
12 17 41
12 19 44
12 22 46
12 23 27
12 25 54
12 26 47
12 30 45
12 34 31
12 35 30
12 36 61
12 37 29
12 38 2
12 39 7
12 40 42
12 41 64
12 42 34
12 44 25
12 47 68
12 49 15
12 52 21
12 54 38
12 55 22
12 56 60
12 57 28
12 58 65
12 59 24
12 60 40
12 61 58
12 62 1
12 64 56
12 65 33
12 67 48
12 68 14
13 0 68
13 2 3
13 7 12
13 8 27
13 10 9
13 12 31
13 13 69
13 15 59
13 16 4
13 17 34
13 18 65
13 20 49
13 22 61
13 23 56
13 24 24
13 25 10
13 26 66
13 27 1
13 28 28
13 31 50
13 32 21
13 34 18
13 35 54
13 36 2
13 37 36
13 38 52
13 39 60
13 41 25
13 44 35
13 45 38
13 47 45
13 50 23
13 51 64
13 52 0
13 53 5
13 54 47
13 55 16
13 57 33
13 61 15
13 62 37
13 63 43
13 65 11
13 67 42
13 68 20
14 0 31
14 1 61
14 3 3
14 4 25
14 5 9
14 6 38
14 8 22
14 9 41
14 10 4
14 11 66
14 12 68
14 13 29
14 14 16
14 16 62
14 18 48
14 19 10
14 21 40
14 23 19
14 24 36
14 25 67
14 26 7
14 27 59
14 29 69
14 30 11
14 31 21
14 35 51
14 37 57
14 39 56
14 40 50
14 41 26
14 44 32
14 45 47
14 46 34
14 49 14
14 50 35
14 51 52
14 52 39
14 56 49
14 57 65
14 58 6
14 59 54
14 60 28
14 63 45
14 64 37
14 66 1
14 67 27
14 68 55
15 1 33
15 4 8
15 6 30
15 7 17
15 9 64
15 10 66
15 11 54
15 16 14
15 18 36
15 19 38
15 20 45
15 23 34
15 25 41
15 26 21
15 27 47
15 28 57
15 31 55
15 32 68
15 33 5
15 36 65
15 37 58
15 38 1
15 39 35
15 42 32
15 44 69
15 45 43
15 46 20
15 47 29
15 48 67
15 49 61
15 50 42
15 51 46
15 53 25
15 57 44
15 58 56
15 61 49
15 62 28
15 65 26
15 66 23
15 69 50
16 1 59
16 3 27
16 4 2
16 7 18
16 9 17
16 10 45
16 11 32
16 13 44
16 14 4
16 16 5
16 18 46
16 20 54
16 23 33
16 24 30
16 25 61
16 26 29
16 33 68
16 35 43
16 36 25
16 41 21
16 42 6
16 43 31
16 44 11
16 46 58
16 47 57
16 48 60
16 49 36
16 52 22
16 56 50
16 57 47
16 59 0
16 60 20
16 62 55
16 64 16
16 68 66
16 69 23
17 3 24
17 5 29
17 6 44
17 7 35
17 8 69
17 9 1
17 10 38
17 16 11
17 18 56
17 20 4
17 21 22
17 23 28
17 27 32
17 28 8
17 29 67
17 30 63
17 32 58
17 33 27
17 34 55
17 35 49
17 36 20
17 37 50
17 38 40
17 39 0
17 41 59
17 44 68
17 47 39
17 48 25
17 49 65
17 50 52
17 52 19
17 53 6
17 60 30
17 62 60
17 64 5
17 65 9
17 67 47
18 0 6
18 1 67
18 2 43
18 4 1
18 6 48
18 9 61
18 13 21
18 16 22
18 17 59
18 18 40
18 20 16
18 22 42
18 25 55
18 27 33
18 29 18
18 30 44
18 32 66
18 34 29
18 37 51
18 39 45
18 41 32
18 42 20
18 44 0
18 45 65
18 46 60
18 48 41
18 51 57
18 54 23
18 55 49
18 57 30
18 58 50
18 60 68
18 62 38
18 63 24
18 64 25
18 65 10
18 67 35
19 0 17
19 1 8
19 2 2
19 3 1
19 8 9
19 9 54
19 10 42
19 11 28
19 14 33
19 18 20
19 22 38
19 23 67
19 24 22
19 26 43
19 27 34
19 29 52
19 31 0
19 32 11
19 35 68
19 38 3
19 40 31
19 41 24
19 43 62
19 46 39
19 49 69
19 50 40
19 51 7
19 53 55
19 55 53
19 56 26
19 59 5
19 60 64
19 65 21
19 66 49
19 67 63
19 69 66
20 0 64
20 2 69
20 3 61
20 4 60
20 7 29
20 9 23
20 10 53
20 12 41
20 13 48
20 15 26
20 16 27
20 17 7
20 20 37
20 21 56
20 22 28
20 23 51
20 24 4
20 27 21
20 30 14
20 31 18
20 32 45
20 33 44
20 35 46
20 36 31
20 37 40
20 38 24
20 42 30
20 43 35
20 45 11
20 46 16
20 48 5
20 49 19
20 50 8
20 51 49
20 53 34
20 54 12
20 55 1
20 56 47
20 58 43
20 59 32
20 60 63
20 61 66
20 64 6
20 66 38
20 69 42
21 0 43
21 1 2
21 3 19
21 5 62
21 7 5
21 8 36
21 12 67
21 13 18
21 15 46
21 17 11
21 20 48
21 22 55
21 24 52
21 25 58
21 26 3
21 27 31
21 28 34
21 29 28
21 32 53
21 33 57
21 34 60
21 35 4
21 36 47
21 37 8
21 39 26
21 40 7
21 41 16
21 42 33
21 44 20
21 46 66
21 47 63
21 49 64
21 50 22
21 51 39
21 53 17
21 56 54
21 58 41
21 66 13
21 68 9
22 0 24
22 4 7
22 5 46
22 7 28
22 8 42
22 10 15
22 11 0
22 12 26
22 14 5
22 15 65
22 16 48
22 17 44
22 18 16
22 19 68
22 20 23
22 21 37
22 22 27
22 23 38
22 24 51
22 26 59
22 27 29
22 28 30
22 30 39
22 32 34
22 33 31
22 34 19
22 35 50
22 36 35
22 39 40
22 40 32
22 41 4
22 42 25
22 44 62
22 47 14
22 50 33
22 55 36
22 56 8
22 60 3
22 61 41
22 64 63
22 65 64
22 66 57
22 67 55
22 68 21
23 0 58
23 4 9
23 6 52
23 8 57
23 9 34
23 10 2
23 11 8
23 12 5
23 13 31
23 15 53
23 16 41
23 17 60
23 18 63
23 19 24
23 21 47
23 24 44
23 25 16
23 28 51
23 29 20
23 30 56
23 31 46
23 32 6
23 35 38
23 36 36
23 37 67
23 39 12
23 40 61
23 41 39
23 42 11
23 43 17
23 45 27
23 46 4
23 47 26
23 52 66
23 53 14
23 55 10
23 60 69
23 61 48
23 62 65
23 63 32
23 65 55
23 66 15
23 67 50
23 69 28
24 0 16
24 1 51
24 5 53
24 6 50
24 7 64
24 8 23
24 9 25
24 12 40
24 14 38
24 15 69
24 17 26
24 18 19
24 19 33
24 20 11
24 22 66
24 24 12
24 25 47
24 29 65
24 30 59
24 34 56
24 35 27
24 36 63
24 40 21
24 42 42
24 46 22
24 48 3
24 50 0
24 51 68
24 52 24
24 53 60
24 56 52
24 57 36
24 59 6
24 60 49
24 61 28
24 62 58
24 63 48
24 64 29
24 65 14
24 66 44
24 68 67
24 69 32
25 2 35
25 3 46
25 6 33
25 9 26
25 12 59
25 13 10
25 14 17
25 15 68
25 16 65
25 20 24
25 21 13
25 24 19
25 26 60
25 27 56
25 28 44
25 29 2
25 30 27
25 32 23
25 37 34
25 38 55
25 39 30
25 40 51
25 42 45
25 44 64
25 46 32
25 49 38
25 50 58
25 51 11
25 53 20
25 56 4
25 57 5
25 59 57
25 60 48
25 61 29
25 62 62
25 64 12
25 68 49
25 69 1
26 0 33
26 1 34
26 2 66
26 3 37
26 5 5
26 7 4
26 8 59
26 11 49
26 12 38
26 13 41
26 15 64
26 16 26
26 18 30
26 19 58
26 21 27
26 22 18
26 25 12
26 26 20
26 28 21
26 29 63
26 30 16
26 31 8
26 33 7
26 35 39
26 37 19
26 38 62
26 39 10
26 40 68
26 45 0
26 46 36
26 47 6
26 49 29
26 50 48
26 51 51
26 53 40
26 54 52
26 56 31
26 57 23
26 58 44
26 61 57
26 62 50
26 63 54
26 64 53
26 65 2
26 66 60
26 67 61
27 0 30
27 2 65
27 3 11
27 4 23
27 5 26
27 6 20
27 7 45
27 9 16
27 10 69
27 14 51
27 16 58
27 17 57
27 18 13
27 21 55
27 22 12
27 24 39
27 28 32
27 30 54
27 31 38
27 32 42
27 37 61
27 39 68
27 40 27
27 43 49
27 45 63
27 46 24
27 47 18
27 51 48
27 52 8
27 53 36
27 54 59
27 55 7
27 56 28
27 57 56
27 58 3
27 60 37
27 61 2
27 62 33
27 65 22
27 66 9
27 67 53
27 68 41
27 69 62
28 0 56
28 2 41
28 4 39
28 5 59
28 8 11
28 10 26
28 11 21
28 14 66
28 16 53
28 17 50
28 18 47
28 19 57
28 20 8
28 24 2
28 30 10
28 31 17
28 33 35
28 34 25
28 36 52
28 37 20
28 38 36
28 39 3
28 40 64
28 42 7
28 43 13
28 44 28
28 45 51
28 46 15
28 47 23
28 49 54
28 50 31
28 51 27
28 53 62
28 58 9
28 60 32
28 61 60
28 63 65
28 67 37
29 0 27
29 2 57
29 5 8
29 6 37
29 8 18
29 11 62
29 12 6
29 13 2
29 14 68
29 16 69
29 18 1
29 19 41
29 20 65
29 21 9
29 22 56
29 23 12
29 25 15
29 26 11
29 28 19
29 32 25
29 35 60
29 36 10
29 37 3
29 39 44
29 40 14
29 41 45
29 42 46
29 43 16
29 44 42
29 45 67
29 46 23
29 47 35
29 48 0
29 49 66
29 50 55
29 51 13
29 53 49
29 55 33
29 56 53
29 57 26
29 59 58
29 68 24
29 69 48
30 2 37
30 4 69
30 5 21
30 7 48
30 8 19
30 9 8
30 10 12
30 11 46
30 12 33
30 13 54
30 14 30
30 17 36
30 19 3
30 20 50
30 21 31
30 23 49
30 24 61
30 26 51
30 27 45
30 28 68
30 29 17
30 32 62
30 33 67
30 36 42
30 37 44
30 40 41
30 43 18
30 44 1
30 48 38
30 51 26
30 54 16
30 55 52
30 57 11
30 59 7
30 60 56
30 62 64
30 63 15
30 64 35
30 65 65
30 67 0
30 69 60
31 0 49
31 1 55
31 2 51
31 4 44
31 5 10
31 6 54
31 7 50
31 8 40
31 9 56
31 10 62
31 11 5
31 12 7
31 13 53
31 14 43
31 15 33
31 17 0
31 18 8
31 19 2
31 22 23
31 23 9
31 27 17
31 31 64
31 34 41
31 35 26
31 36 68
31 38 58
31 40 13
31 41 60
31 42 29
31 44 52
31 45 14
31 46 57
31 47 36
31 48 63
31 50 15
31 52 30
31 53 22
31 54 67
31 55 35
31 56 18
31 57 21
31 59 16
31 61 11
31 62 4
31 63 25
31 64 34
32 0 61
32 2 34
32 3 50
32 4 54
32 5 58
32 8 65
32 9 55
32 10 10
32 11 9
32 13 11
32 14 47
32 16 17
32 18 41
32 19 49
32 20 12
32 21 3
32 25 13
32 26 23
32 27 53
32 28 25
32 29 0
32 35 44
32 37 27
32 38 48
32 40 46
32 43 30
32 45 40
32 46 14
32 48 31
32 50 37
32 51 22
32 52 45
32 53 51
32 54 35
32 56 68
32 58 4
32 59 60
32 60 57
32 61 21
32 62 52
32 64 43
32 65 62
32 66 26
32 68 6
32 69 16
33 0 4
33 1 42
33 2 0
33 7 43
33 8 16
33 10 23
33 11 35
33 13 36
33 16 55
33 18 31
33 20 62
33 22 54
33 23 68
33 26 10
33 29 30
33 30 61
33 31 19
33 33 53
33 35 64
33 36 22
33 39 15
33 41 34
33 43 44
33 44 66
33 46 46
33 47 67
33 48 1
33 49 49
33 50 21
33 58 59
33 59 37
33 60 27
33 62 9
33 63 26
33 64 20
33 65 47
33 66 63
33 67 17
33 68 29
33 69 33
34 1 17
34 2 27
34 4 13
34 6 21
34 7 14
34 8 53
34 9 39
34 11 67
34 21 50
34 22 34
34 24 63
34 26 52
34 27 5
34 28 26
34 30 41
34 35 19
34 39 46
34 40 40
34 41 15
34 42 28
34 43 38
34 45 48
34 46 65
34 47 59
34 48 22
34 49 20
34 50 4
34 51 54
34 54 32
34 55 9
34 57 42
34 58 35
34 59 51
34 60 33
34 61 16
34 62 7
34 65 23
34 66 56
34 68 36
34 69 57
35 0 35
35 1 7
35 9 11
35 10 17
35 13 24
35 14 40
35 15 66
35 17 33
35 18 15
35 19 0
35 21 59
35 22 3
35 24 18
35 25 63
35 27 28
35 31 47
35 34 34
35 35 56
35 37 2
35 38 8
35 40 36
35 41 5
35 47 43
35 48 62
35 49 25
35 54 42
35 55 55
35 57 38
35 58 37
35 59 49
35 60 12
35 61 44
35 62 21
35 65 69
35 66 50
35 69 10
36 0 46
36 1 58
36 2 32
36 4 47
36 9 21
36 11 57
36 14 8
36 15 67
36 20 44
36 21 64
36 29 9
36 31 49
36 35 69
36 36 16
36 39 38
36 41 33
36 42 62
36 44 50
36 49 24
36 50 18
36 51 12
36 57 0
36 58 54
36 62 34
36 69 4
37 0 40
37 3 34
37 4 64
37 5 52
37 6 24
37 7 26
37 9 10
37 10 61
37 12 69
37 13 25
37 14 27
37 15 47
37 17 67
37 19 60
37 20 57
37 22 51
37 23 46
37 24 15
37 26 62
37 27 8
37 29 6
37 30 58
37 31 22
37 32 30
37 34 1
37 36 29
37 37 32
37 38 9
37 39 14
37 40 53
37 41 41
37 43 11
37 47 3
37 48 48
37 49 5
37 50 28
37 51 42
37 52 56
37 53 21
37 54 68
37 55 20
37 58 0
37 59 65
37 60 19
37 61 63
37 62 54
37 63 23
37 64 36
37 68 37
37 69 43
38 0 28
38 1 37
38 2 7
38 3 69
38 4 14
38 5 41
38 7 62
38 10 5
38 11 59
38 14 53
38 16 43
38 17 61
38 18 25
38 20 38
38 22 31
38 24 68
38 25 27
38 26 17
38 27 44
38 28 56
38 30 49
38 31 24
38 32 52
38 33 60
38 35 67
38 36 54
38 38 21
38 43 51
38 44 33
38 49 55
38 52 46
38 54 36
38 56 64
38 57 22
38 59 8
38 61 42
38 62 12
38 63 50
38 64 39
38 66 11
38 69 9
39 0 11
39 1 18
39 4 40
39 5 33
39 6 1
39 8 24
39 10 32
39 11 39
39 14 9
39 15 57
39 16 28
39 18 37
39 20 59
39 23 13
39 28 52
39 29 38
39 30 22
39 31 20
39 32 60
39 33 6
39 34 26
39 35 10
39 36 21
39 37 46
39 38 30
39 41 35
39 42 50
39 43 41
39 44 58
39 46 8
39 48 45
39 49 43
39 50 44
39 51 16
39 54 63
39 57 12
39 58 47
39 62 2
39 63 66
39 65 7
39 66 4
39 68 34
39 69 51
40 1 40
40 2 9
40 3 2
40 5 57
40 6 6
40 12 35
40 13 23
40 14 42
40 16 47
40 17 14
40 20 25
40 21 30
40 22 49
40 23 24
40 24 26
40 26 0
40 28 18
40 30 62
40 31 16
40 32 38
40 34 27
40 36 50
40 37 54
40 38 53
40 39 51
40 42 60
40 44 5
40 46 10
40 47 28
40 48 65
40 51 59
40 52 31
40 53 63
40 54 8
40 57 52
40 58 17
40 60 66
40 63 46
40 64 15
40 67 12
40 68 58
41 3 41
41 5 37
41 10 51
41 11 69
41 12 12
41 14 35
41 15 6
41 16 25
41 17 40
41 19 42
41 20 15
41 21 54
41 24 31
41 25 22
41 26 50
41 27 62
41 29 47
41 30 52
41 31 45
41 32 27
41 33 18
41 36 33
41 37 53
41 39 43
41 41 57
41 43 0
41 45 49
41 46 68
41 47 55
41 48 44
41 49 16
41 53 1
41 55 61
41 58 23
41 59 17
41 62 39
41 63 34
41 67 9
42 0 48
42 1 68
42 3 33
42 4 20
42 6 23
42 7 8
42 8 56
42 12 52
42 13 43
42 14 39
42 15 49
42 16 19
42 17 29
42 18 24
42 21 63
42 22 16
42 23 44
42 24 25
42 25 11
42 26 55
42 27 58
42 28 27
42 29 53
42 30 47
42 31 65
42 32 22
42 33 15
42 35 40
42 36 5
42 37 37
42 38 12
42 40 60
42 42 13
42 44 45
42 46 3
42 47 32
42 50 41
42 51 9
42 52 34
42 53 50
42 55 59
42 59 2
42 63 61
42 64 21
42 65 36
42 66 0
43 2 47
43 4 67
43 10 31
43 11 3
43 12 56
43 13 35
43 14 55
43 15 2
43 16 49
43 18 38
43 20 18
43 22 64
43 23 1
43 25 21
43 26 9
43 28 22
43 29 57
43 30 43
43 31 39
43 32 12
43 34 69
43 35 20
43 37 24
43 38 34
43 41 54
43 42 53
43 43 45
43 44 4
43 45 60
43 46 0
43 47 62
43 49 27
43 52 59
43 53 33
43 54 6
43 55 14
43 56 23
43 57 29
43 60 16
43 61 19
43 63 51
43 64 26
43 65 37
43 67 65
43 68 10
43 69 5
44 3 5
44 4 19
44 8 49
44 9 4
44 11 24
44 12 61
44 15 38
44 16 13
44 17 63
44 19 45
44 23 2
44 24 0
44 25 51
44 26 25
44 29 12
44 31 57
44 32 16
44 34 44
44 36 32
44 37 42
44 38 33
44 40 6
44 41 67
44 42 37
44 43 1
44 44 36
44 45 30
44 48 26
44 49 48
44 50 10
44 51 20
44 52 11
44 53 3
44 54 18
44 55 8
44 58 28
44 59 39
44 60 62
44 63 41
44 64 69
44 65 35
44 66 40
44 68 56
45 1 60
45 2 11
45 3 25
45 4 26
45 6 62
45 7 53
45 9 22
45 11 56
45 13 38
45 15 63
45 16 44
45 17 21
45 18 34
45 19 13
45 20 52
45 21 4
45 24 67
45 26 30
45 30 55
45 31 28
45 34 24
45 35 1
45 37 66
45 38 6
45 39 50
45 45 10
45 48 29
45 53 59
45 55 64
45 60 36
45 61 8
45 62 3
45 63 35
45 64 58
45 66 18
45 67 49
45 69 45
46 0 21
46 1 69
46 2 23
46 3 67
46 12 9
46 13 66
46 14 65
46 15 48
46 16 68
46 20 58
46 21 41
46 23 18
46 24 49
46 25 0
46 27 19
46 28 6
46 29 42
46 30 51
46 33 25
46 34 32
46 37 7
46 38 5
46 42 59
46 43 29
46 44 14
46 45 20
46 46 56
46 49 22
46 50 1
46 51 30
46 52 33
46 53 4
46 54 10
46 55 12
46 56 35
46 57 43
46 58 62
46 59 28
46 61 37
46 62 47
46 63 11
46 65 38
46 66 16
46 67 34
46 69 64
47 1 48
47 2 49
47 3 51
47 4 30
47 5 7
47 7 1
47 9 28
47 11 61
47 12 46
47 13 6
47 14 45
47 15 0
47 16 23
47 18 3
47 19 27
47 21 52
47 23 26
47 26 35
47 29 58
47 30 60
47 31 37
47 32 24
47 33 9
47 34 57
47 35 8
47 36 12
47 37 33
47 40 11
47 44 18
47 46 31
47 47 54
47 48 68
47 49 56
47 50 43
47 53 32
47 54 20
47 56 25
47 57 62
47 60 47
47 63 10
47 64 55
47 66 22
47 67 16
47 69 67
48 1 10
48 2 59
48 3 16
48 4 61
48 6 51
48 8 26
48 10 55
48 12 53
48 14 69
48 16 6
48 20 13
48 21 43
48 22 60
48 23 29
48 24 50
48 25 8
48 27 38
48 28 62
48 29 39
48 33 0
48 34 35
48 35 48
48 36 41
48 37 4
48 38 42
48 40 22
48 41 36
48 42 63
48 43 14
48 44 56
48 45 5
48 46 25
48 47 65
48 48 9
48 49 31
48 50 66
48 53 18
48 55 17
48 56 46
48 59 11
48 61 68
48 63 7
48 64 54
48 67 28
48 68 33
48 69 44
49 0 51
49 1 13
49 2 28
49 3 59
49 4 57
49 6 67
49 8 12
49 10 43
49 11 65
49 12 18
49 13 20
49 14 62
49 15 32
49 16 64
49 18 44
49 20 26
49 21 15
49 22 45
49 23 22
49 27 54
49 29 8
49 30 17
49 32 49
49 36 48
49 37 52
49 38 4
49 39 5
49 41 29
49 42 27
49 43 58
49 44 6
49 45 3
49 46 69
49 47 37
49 48 19
49 49 1
49 50 53
49 53 41
49 54 25
49 55 60
49 56 7
49 58 39
49 61 0
49 65 68
49 66 24
49 67 21
49 69 2
50 0 67
50 1 35
50 3 21
50 5 34
50 8 63
50 9 48
50 10 25
50 11 33
50 12 45
50 13 17
50 14 7
50 15 23
50 17 58
50 19 59
50 23 37
50 25 68
50 28 43
50 30 32
50 31 44
50 37 41
50 39 61
50 40 2
50 42 38
50 43 28
50 44 39
50 46 27
50 47 22
50 48 64
50 50 3
50 55 42
50 56 65
50 57 54
50 59 4
50 60 53
50 62 51
50 63 13
50 67 10
50 68 30
50 69 26
51 0 50
51 1 15
51 5 4
51 7 32
51 9 57
51 10 64
51 11 23
51 12 39
51 13 45
51 14 10
51 15 58
51 16 54
51 17 28
51 18 52
51 19 67
51 20 20
51 24 11
51 26 33
51 29 16
51 30 8
51 31 40
51 34 42
51 36 37
51 38 65
51 39 29
51 41 19
51 43 6
51 44 47
51 45 68
51 48 12
51 49 44
51 50 25
51 52 60
51 54 5
51 59 56
51 61 9
51 63 27
51 64 0
51 65 43
51 66 59
51 69 49
52 0 8
52 1 27
52 3 18
52 5 48
52 8 2
52 10 11
52 11 22
52 15 61
52 17 43
52 19 37
52 20 35
52 24 46
52 26 58
52 27 23
52 30 40
52 32 10
52 33 45
52 37 5
52 38 44
52 40 67
52 43 15
52 44 29
52 45 41
52 47 30
52 48 39
52 50 50
52 53 31
52 54 55
52 55 34
52 58 63
52 59 19
52 61 12
52 63 38
52 64 49
52 65 60
52 69 6
53 0 55
53 3 40
53 4 66
53 7 56
53 8 6
53 9 46
53 10 30
53 12 8
53 13 63
53 16 34
53 17 4
53 18 51
53 19 7
53 20 29
53 21 5
53 22 59
53 23 35
53 24 3
53 28 64
53 29 50
53 30 68
53 31 52
53 33 23
53 37 31
53 40 49
53 41 58
53 42 14
53 44 61
53 46 42
53 47 60
53 48 2
53 49 39
53 51 47
53 52 53
53 53 13
53 56 21
53 59 10
53 60 43
53 61 17
53 62 0
53 63 9
53 64 22
53 65 44
53 67 67
53 68 11
54 2 22
54 3 12
54 4 17
54 6 47
54 7 39
54 8 61
54 9 9
54 12 34
54 13 4
54 16 35
54 17 27
54 19 28
54 21 33
54 22 32
54 23 36
54 25 50
54 26 31
54 27 48
54 28 13
54 35 59
54 37 45
54 39 55
54 42 68
54 44 16
54 45 69
54 46 64
54 48 49
54 51 66
54 52 40
54 54 14
54 55 21
54 57 37
54 58 29
54 59 23
54 60 6
54 62 53
54 64 10
54 65 41
54 66 54
54 67 46
54 68 2
55 0 36
55 5 44
55 7 68
55 10 49
55 11 48
55 12 10
55 13 28
55 14 11
55 16 2
55 18 64
55 21 65
55 26 53
55 27 3
55 28 58
55 31 42
55 35 52
55 36 30
55 39 8
55 40 0
55 41 23
55 43 39
55 44 67
55 45 32
55 46 33
55 47 15
55 49 17
55 50 46
55 54 4
55 55 56
55 57 35
55 58 51
55 59 34
55 60 1
56 1 3
56 2 50
56 3 58
56 5 36
56 6 65
56 7 55
56 8 4
56 9 62
56 10 56
56 12 13
56 13 22
56 14 1
56 16 38
56 18 11
56 19 8
56 24 45
56 27 7
56 28 16
56 29 26
56 31 29
56 32 54
56 33 30
56 36 9
56 38 60
56 40 34
56 41 31
56 42 49
56 44 21
56 45 64
56 46 67
56 47 17
56 49 2
56 50 57
56 51 19
56 52 15
56 53 61
56 55 43
56 56 63
56 57 27
56 58 18
56 59 20
56 60 42
56 62 10
56 64 14
56 65 53
56 66 5
56 67 44
56 68 32
57 3 42
57 4 68
57 5 54
57 6 5
57 7 44
57 8 17
57 9 12
57 10 0
57 11 58
57 12 1
57 13 55
57 14 18
57 17 37
57 18 7
57 20 41
57 21 32
57 22 57
57 23 53
57 24 56
57 25 25
57 26 38
57 27 36
57 28 61
57 30 48
57 31 9
57 34 4
57 35 47
57 37 59
57 38 13
57 39 20
57 40 8
57 41 63
57 42 16
57 44 23
57 45 52
57 46 51
57 48 21
57 49 60
57 50 62
57 53 35
57 54 43
57 55 50
57 56 34
57 57 64
57 61 33
57 63 31
57 65 45
57 66 3
57 67 14
58 2 38
58 4 21
58 5 20
58 7 52
58 10 13
58 13 65
58 14 6
58 15 17
58 17 62
58 21 16
58 23 39
58 24 35
58 27 64
58 28 45
58 29 55
58 31 23
58 32 32
58 33 26
58 34 22
58 35 3
58 38 61
58 46 11
58 47 50
58 48 57
58 49 33
58 52 51
58 53 0
58 54 46
58 55 15
58 56 43
58 58 68
58 59 44
58 60 14
58 61 18
58 64 40
58 65 48
58 67 58
58 69 30
59 1 24
59 2 15
59 6 12
59 7 25
59 11 68
59 12 54
59 13 33
59 20 47
59 21 0
59 27 30
59 28 4
59 29 59
59 30 28
59 31 41
59 32 7
59 37 63
59 38 14
59 39 18
59 41 52
59 42 40
59 43 66
59 44 31
59 45 42
59 46 44
59 48 58
59 49 62
59 50 60
59 52 10
59 53 37
59 54 13
59 55 48
59 56 6
59 57 57
59 61 46
59 63 49
59 66 61
59 68 65
59 69 21
60 0 63
60 1 4
60 3 15
60 4 50
60 5 18
60 7 31
60 8 32
60 11 36
60 12 21
60 14 3
60 15 7
60 18 14
60 19 9
60 22 17
60 23 62
60 24 54
60 25 35
60 26 8
60 27 20
60 28 40
60 29 34
60 30 33
60 31 56
60 32 5
60 33 61
60 34 53
60 41 43
60 42 66
60 44 12
60 47 11
60 48 27
60 51 2
60 53 19
60 56 10
60 57 51
60 58 69
60 59 13
60 60 60
60 62 16
60 64 46
60 65 28
60 66 65
60 67 41
60 69 52
61 0 47
61 1 49
61 2 21
61 4 5
61 5 60
61 11 1
61 13 61
61 14 36
61 15 51
61 16 42
61 17 52
61 18 12
61 19 26
61 21 28
61 23 57
61 24 37
61 25 33
61 26 40
61 27 55
61 28 24
61 29 11
61 30 2
61 31 30
61 32 46
61 33 19
61 34 7
61 35 53
61 36 34
61 38 39
61 39 6
61 40 56
61 42 64
61 43 43
61 44 54
61 46 13
61 47 44
61 50 59
61 53 16
61 54 50
61 55 4
61 57 63
61 60 35
61 65 20
61 66 31
61 69 15
62 0 44
62 1 65
62 2 58
62 3 39
62 6 25
62 9 37
62 10 8
62 13 64
62 14 29
62 17 42
62 18 21
62 20 36
62 21 57
62 23 30
62 24 16
62 26 6
62 28 9
62 29 13
62 31 60
62 32 59
62 33 14
62 37 43
62 38 46
62 39 11
62 40 5
62 44 19
62 45 1
62 46 26
62 50 34
62 52 4
62 53 45
62 54 54
62 55 2
62 60 23
62 63 56
62 66 41
62 67 38
63 0 1
63 1 29
63 3 32
63 4 53
63 5 15
63 7 42
63 9 18
63 11 2
63 13 9
63 15 62
63 16 36
63 19 39
63 20 56
63 21 67
63 22 58
63 23 50
63 24 10
63 25 28
63 26 13
63 29 44
63 30 38
63 33 66
63 35 31
63 36 43
63 37 30
63 38 63
63 39 25
63 40 59
63 41 51
63 44 40
63 47 8
63 48 46
63 50 5
63 52 3
63 53 27
63 56 12
63 57 45
63 58 52
63 61 64
63 62 23
63 63 4
63 64 61
63 65 49
63 69 68
64 0 23
64 1 44
64 3 66
64 4 41
64 7 38
64 9 68
64 10 60
64 12 36
64 15 39
64 17 30
64 18 42
64 19 14
64 26 64
64 30 24
64 33 12
64 34 58
64 35 34
64 37 65
64 38 57
64 39 52
64 42 69
64 43 19
64 46 45
64 47 10
64 48 47
64 50 7
64 51 17
64 52 32
64 54 11
64 55 28
64 56 61
64 57 2
64 60 54
64 61 53
64 62 56
64 63 21
64 68 16
65 2 48
65 4 65
65 8 39
65 13 8
65 17 38
65 22 43
65 25 44
65 26 41
65 27 4
65 29 66
65 30 18
65 34 62
65 35 58
65 37 25
65 38 27
65 39 17
65 41 10
65 42 31
65 43 42
65 46 59
65 47 49
65 50 61
65 52 5
65 55 29
65 58 16
65 60 24
65 62 14
65 63 67
65 67 2
65 69 35
66 0 45
66 1 46
66 4 18
66 5 1
66 6 3
66 7 54
66 10 44
66 11 47
66 14 15
66 15 13
66 17 39
66 18 68
66 19 4
66 20 42
66 21 11
66 22 30
66 23 14
66 24 62
66 25 17
66 26 2
66 28 36
66 29 33
66 31 51
66 32 35
66 35 9
66 36 26
66 37 48
66 38 16
66 40 38
66 41 0
66 44 37
66 45 21
66 46 49
66 47 40
66 50 12
66 51 6
66 52 52
66 53 24
66 55 41
66 58 61
66 59 59
66 60 25
66 61 69
66 62 20
66 63 5
66 64 67
66 65 19
66 67 32
66 69 7
67 0 60
67 1 53
67 2 46
67 5 12
67 7 33
67 8 64
67 9 36
67 10 18
67 11 29
67 13 14
67 15 40
67 16 57
67 17 65
67 18 23
67 20 39
67 24 21
67 25 37
67 26 26
67 31 13
67 32 63
67 33 28
67 34 6
67 35 62
67 38 25
67 39 54
67 40 35
67 43 10
67 44 51
67 45 4
67 46 2
67 47 0
67 50 56
67 51 24
67 52 61
67 53 44
67 54 69
67 56 41
67 57 34
67 58 27
67 59 30
67 60 7
67 63 47
67 66 43
67 67 11
67 68 5
68 0 20
68 1 38
68 2 55
68 5 50
68 7 16
68 9 51
68 12 11
68 14 2
68 15 36
68 16 61
68 17 19
68 19 6
68 20 9
68 21 18
68 24 66
68 26 67
68 27 68
68 28 37
68 29 56
68 31 34
68 33 62
68 34 10
68 35 65
68 37 17
68 38 54
68 40 57
68 41 14
68 42 35
68 43 52
68 44 53
68 45 58
68 46 1
68 47 46
68 49 12
68 50 49
68 51 28
68 52 64
68 54 39
68 55 26
68 64 8
68 65 29
68 66 21
69 0 62
69 1 1
69 4 31
69 5 45
69 6 11
69 7 13
69 8 54
69 9 6
69 10 14
69 11 55
69 12 22
69 13 16
69 17 48
69 19 50
69 20 30
69 21 61
69 22 41
69 24 27
69 25 57
69 26 5
69 27 25
69 28 10
69 29 3
69 32 44
69 33 43
69 34 49
69 37 69
69 38 59
69 39 53
69 40 65
69 41 68
69 42 9
69 43 36
69 46 17
69 49 35
69 52 18
69 54 26
69 55 46
69 56 40
69 57 8
69 59 29
69 60 2
69 61 38
69 62 66
69 63 33
69 64 52
69 65 12
69 66 39
69 68 51
69 69 37
