60
0 0 42
0 1 2
0 2 13
0 3 11
0 4 54
0 6 57
0 10 36
0 11 50
0 12 18
0 13 15
0 14 49
0 15 55
0 16 1
0 17 7
0 18 59
0 19 51
0 20 43
0 21 34
0 22 56
0 23 21
0 24 28
0 26 47
0 27 20
0 29 5
0 30 35
0 31 0
0 32 53
0 33 31
0 34 17
0 35 25
0 36 38
0 37 10
0 38 9
0 39 29
0 40 41
0 42 33
0 43 48
0 45 12
0 46 39
0 48 32
0 49 4
0 50 58
0 51 6
0 52 46
0 53 23
0 54 8
0 55 30
0 56 14
0 57 22
0 58 3
1 0 43
1 1 24
1 2 46
1 3 14
1 4 38
1 5 22
1 6 16
1 7 58
1 8 3
1 10 45
1 12 26
1 13 35
1 14 48
1 15 20
1 16 55
1 17 30
1 18 18
1 19 11
1 20 50
1 21 4
1 22 36
1 23 6
1 24 27
1 25 56
1 26 10
1 27 59
1 28 41
1 29 7
1 32 15
1 33 13
1 34 12
1 36 2
1 37 23
1 39 34
1 40 1
1 41 51
1 42 0
1 43 44
1 44 49
1 45 5
1 46 53
1 47 28
1 48 37
1 49 47
1 50 39
1 51 17
1 52 9
1 53 32
1 54 33
1 55 40
1 57 25
1 58 8
1 59 19
2 0 1
2 1 42
2 2 19
2 3 55
2 5 14
2 6 32
2 7 3
2 8 30
2 9 38
2 10 27
2 11 10
2 13 7
2 15 24
2 16 36
2 17 49
2 19 25
2 20 57
2 21 16
2 22 59
2 23 9
2 24 41
2 25 2
2 26 12
2 27 34
2 28 43
2 29 44
2 30 33
2 31 47
2 33 0
2 34 28
2 35 26
2 36 54
2 37 45
2 38 17
2 39 13
2 40 15
2 41 29
2 42 58
2 43 39
2 44 46
2 45 11
2 47 37
2 48 51
2 49 56
2 50 35
2 51 23
2 52 4
2 54 50
2 55 53
2 57 5
2 58 20
2 59 40
3 0 2
3 1 36
3 2 51
3 3 33
3 4 15
3 5 38
3 8 54
3 9 30
3 11 16
3 12 45
3 13 59
3 14 32
3 15 58
3 16 22
3 18 39
3 19 1
3 21 41
3 22 8
3 23 44
3 25 24
3 26 11
3 27 27
3 28 28
3 29 17
3 30 20
3 32 46
3 33 26
3 34 53
3 35 37
3 36 3
3 37 48
3 39 55
3 40 35
3 41 47
3 43 29
3 45 31
3 46 23
3 47 12
3 49 34
3 50 40
3 51 19
3 52 5
3 53 56
3 54 13
3 55 49
3 56 50
3 57 21
3 58 25
3 59 14
4 0 26
4 1 20
4 2 30
4 4 42
4 5 23
4 6 56
4 8 38
4 9 10
4 10 19
4 11 25
4 12 46
4 13 48
4 14 35
4 15 53
4 16 14
4 18 52
4 19 58
4 20 31
4 21 21
4 22 22
4 24 47
4 25 16
4 27 50
4 28 17
4 30 49
4 31 4
4 32 27
4 33 2
4 34 5
4 36 36
4 37 54
4 38 15
4 39 51
4 40 57
4 41 7
4 42 41
4 44 18
4 47 8
4 48 13
4 49 3
4 51 0
4 53 40
4 54 29
4 55 24
4 56 9
4 57 28
4 58 59
4 59 34
5 0 4
5 1 45
5 3 31
5 4 10
5 5 50
5 6 40
5 7 53
5 8 21
5 9 56
5 10 30
5 11 1
5 12 3
5 13 36
5 14 38
5 15 44
5 16 58
5 17 57
5 18 15
5 19 2
5 20 51
5 22 13
5 25 37
5 26 54
5 27 46
5 28 6
5 29 41
5 30 32
5 31 27
5 32 35
5 33 59
5 35 0
5 36 23
5 37 43
5 38 34
5 40 7
5 41 42
5 42 18
5 44 48
5 45 17
5 46 5
5 47 39
5 48 29
5 49 16
5 50 26
5 51 22
5 52 24
5 53 55
5 54 14
5 55 28
5 56 25
5 57 33
5 59 11
6 1 37
6 2 34
6 4 8
6 5 47
6 6 3
6 8 41
6 9 22
6 10 11
6 11 5
6 12 40
6 13 23
6 14 26
6 15 14
6 16 33
6 17 12
6 18 53
6 19 27
6 22 28
6 24 55
6 25 54
6 26 9
6 28 25
6 29 36
6 30 17
6 34 18
6 35 24
6 36 52
6 37 0
6 38 48
6 40 49
6 42 38
6 43 21
6 44 1
6 45 7
6 46 2
6 48 35
6 49 19
6 50 50
6 52 56
6 54 15
6 56 31
6 57 44
6 59 30
7 0 25
7 1 31
7 3 35
7 6 2
7 7 41
7 8 33
7 9 1
7 11 49
7 13 14
7 14 34
7 15 23
7 16 45
7 18 17
7 19 18
7 20 58
7 21 56
7 22 37
7 24 24
7 26 44
7 27 13
7 28 11
7 29 39
7 30 38
7 31 26
7 32 4
7 33 55
7 34 10
7 35 29
7 36 7
7 37 8
7 38 59
7 39 27
7 40 12
7 42 30
7 43 50
7 44 32
7 45 42
7 46 51
7 47 3
7 48 9
7 49 43
7 50 57
7 51 46
7 52 36
7 53 16
7 55 19
7 57 15
7 58 6
7 59 21
8 0 0
8 2 53
8 3 15
8 7 25
8 8 29
8 9 54
8 10 32
8 11 42
8 12 39
8 13 4
8 14 21
8 15 18
8 16 28
8 19 10
8 20 45
8 22 31
8 23 8
8 24 22
8 25 43
8 27 19
8 28 27
8 29 12
8 30 7
8 31 36
8 32 30
8 33 34
8 35 44
8 36 6
8 37 5
8 38 56
8 40 58
8 41 41
8 44 11
8 45 40
8 46 55
8 47 33
8 48 52
8 50 46
8 51 14
8 53 17
8 54 59
8 55 3
8 56 2
8 57 57
8 58 23
8 59 9
9 0 48
9 1 55
9 3 7
9 4 12
9 5 26
9 7 14
9 9 49
9 10 34
9 11 9
9 13 38
9 14 25
9 16 3
9 17 28
9 18 33
9 19 15
9 20 52
9 21 35
9 22 46
9 23 13
9 24 11
9 26 1
9 27 45
9 29 10
9 30 41
9 31 42
9 32 19
9 34 43
9 35 20
9 37 37
9 38 51
9 40 50
9 41 56
9 43 23
9 44 39
9 45 53
9 47 22
9 50 17
9 51 31
9 52 0
9 54 6
9 55 8
9 56 4
9 57 24
9 59 47
10 0 37
10 1 53
10 2 23
10 4 35
10 5 4
10 8 15
10 9 44
10 10 43
10 11 6
10 12 51
10 13 30
10 15 5
10 16 46
10 18 2
10 19 48
10 20 18
10 21 31
10 25 40
10 26 17
10 27 42
10 28 21
10 29 28
10 30 54
10 31 50
10 32 10
10 33 27
10 34 9
10 35 22
10 36 20
10 37 26
10 39 38
10 40 36
10 41 45
10 46 16
10 47 59
10 48 58
10 49 29
10 50 24
10 51 32
10 52 14
10 54 11
10 55 1
10 58 39
10 59 55
11 0 54
11 1 58
11 3 2
11 4 29
11 5 37
11 6 21
11 8 44
11 11 15
11 12 31
11 13 25
11 14 8
11 16 10
11 17 16
11 18 22
11 20 6
11 21 53
11 22 19
11 24 17
11 25 35
11 26 40
11 27 28
11 28 13
11 29 14
11 30 0
11 31 1
11 33 3
11 34 24
11 36 9
11 39 56
11 40 55
11 41 52
11 42 4
11 43 38
11 45 51
11 46 30
11 47 49
11 49 48
11 50 33
11 52 47
11 53 7
11 54 27
11 56 59
11 57 34
11 58 32
12 0 49
12 1 32
12 2 24
12 3 52
12 4 1
12 5 2
12 6 53
12 7 16
12 8 40
12 9 55
12 10 54
12 12 57
12 13 19
12 14 5
12 16 48
12 17 56
12 20 22
12 21 58
12 22 14
12 23 11
12 24 7
12 25 4
12 27 37
12 28 23
12 30 15
12 31 3
12 32 0
12 33 29
12 35 51
12 36 44
12 37 12
12 38 42
12 39 43
12 40 30
12 42 17
12 43 34
12 44 20
12 45 13
12 47 35
12 48 26
12 49 41
12 51 47
12 52 18
12 53 31
12 54 9
12 56 39
12 57 50
12 59 27
13 0 27
13 1 10
13 2 4
13 5 33
13 6 6
13 7 45
13 8 25
13 9 51
13 10 2
13 11 0
13 12 22
13 13 53
13 18 42
13 20 26
13 21 29
13 22 7
13 23 14
13 24 36
13 27 57
13 28 49
13 29 58
13 30 16
13 31 11
13 32 41
13 33 8
13 34 55
13 35 13
13 36 46
13 37 1
13 38 28
13 39 24
13 41 23
13 43 47
13 45 37
13 46 19
13 47 38
13 48 31
13 49 17
13 51 39
13 52 35
13 54 3
13 55 43
13 56 15
13 57 48
13 58 54
14 0 3
14 1 49
14 2 52
14 3 51
14 5 34
14 6 31
14 7 39
14 8 13
14 9 50
14 10 44
14 11 4
14 12 12
14 13 24
14 14 14
14 15 0
14 17 18
14 18 27
14 19 33
14 21 6
14 23 5
14 25 45
14 26 19
14 27 58
14 28 57
14 29 43
14 30 21
14 32 20
14 33 11
14 34 29
14 35 36
14 37 7
14 38 30
14 39 15
14 41 28
14 42 59
14 44 8
14 45 9
14 46 26
14 47 2
14 48 17
14 49 55
14 50 53
14 52 10
14 54 42
14 55 38
14 56 37
14 57 56
14 59 54
15 0 18
15 1 6
15 2 27
15 3 34
15 6 26
15 7 20
15 8 1
15 9 7
15 10 50
15 11 40
15 13 46
15 14 0
15 15 11
15 16 41
15 18 32
15 19 59
15 20 25
15 22 58
15 23 2
15 24 56
15 25 5
15 27 47
15 28 22
15 29 19
15 30 9
15 31 31
15 32 24
15 33 57
15 34 16
15 35 35
15 37 4
15 38 33
15 40 23
15 41 12
15 42 14
15 43 13
15 44 51
15 45 49
15 46 21
15 47 48
15 48 55
15 49 44
15 51 53
15 52 38
15 53 43
15 54 54
15 55 42
15 56 52
15 57 29
15 58 10
15 59 8
16 0 35
16 1 5
16 3 26
16 4 37
16 5 52
16 6 30
16 7 1
16 8 42
16 9 3
16 10 8
16 12 55
16 13 6
16 14 29
16 16 49
16 19 22
16 20 34
16 23 53
16 24 51
16 25 41
16 26 57
16 27 23
16 30 18
16 31 12
16 33 32
16 34 15
16 36 48
16 37 58
16 38 50
16 39 33
16 40 54
16 42 25
16 44 17
16 45 24
16 46 4
16 48 10
16 49 9
16 50 56
16 51 2
16 52 31
16 55 13
16 56 0
16 57 27
16 58 43
16 59 36
17 0 5
17 1 41
17 2 9
17 3 19
17 4 17
17 5 51
17 6 13
17 7 40
17 8 27
17 9 42
17 10 15
17 11 24
17 12 23
17 14 7
17 15 6
17 16 57
17 17 43
17 18 48
17 20 53
17 22 54
17 24 44
17 25 49
17 26 29
17 27 16
17 29 30
17 31 38
17 32 36
17 34 31
17 35 45
17 37 34
17 38 20
17 39 3
17 41 50
17 42 26
17 43 58
17 46 0
17 47 4
17 48 47
17 49 10
17 50 11
17 52 55
17 53 37
17 54 2
17 55 12
17 56 32
17 57 52
17 58 33
17 59 39
18 1 22
18 4 3
18 5 46
18 6 17
18 7 47
18 8 19
18 9 26
18 10 21
18 11 7
18 12 0
18 13 54
18 15 35
18 16 37
18 17 1
18 18 50
18 19 23
18 21 52
18 22 29
18 23 16
18 24 57
18 26 27
18 27 43
18 28 24
18 29 48
18 30 44
18 31 58
18 32 28
18 33 42
18 35 41
18 36 33
18 38 6
18 39 25
18 40 4
18 41 2
18 42 53
18 43 9
18 44 55
18 45 20
18 46 45
18 47 32
18 49 13
18 50 14
18 51 5
18 52 8
18 54 31
18 55 18
18 59 51
19 2 10
19 3 12
19 4 49
19 5 18
19 6 9
19 7 33
19 8 14
19 9 47
19 10 41
19 11 54
19 13 17
19 14 20
19 16 44
19 17 59
19 20 16
19 22 0
19 23 35
19 24 40
19 25 31
19 26 30
19 27 52
19 29 25
19 30 22
19 31 43
19 34 7
19 35 3
19 40 5
19 41 27
19 42 39
19 44 58
19 46 34
19 48 28
19 49 11
19 50 37
19 51 4
19 52 13
19 53 6
19 54 23
19 56 46
19 58 38
20 1 15
20 3 10
20 5 5
20 7 32
20 8 8
20 9 46
20 10 14
20 11 35
20 13 1
20 15 29
20 16 56
20 17 33
20 18 23
20 19 44
20 20 36
20 21 40
20 22 55
20 23 58
20 27 0
20 28 54
20 30 11
20 31 37
20 32 31
20 33 7
20 35 52
20 36 12
20 37 53
20 38 24
20 39 4
20 40 13
20 41 21
20 42 49
20 43 26
20 45 41
20 46 48
20 47 9
20 48 27
20 49 50
20 51 38
20 53 25
20 54 34
20 55 59
20 56 43
20 59 57
21 0 44
21 1 1
21 3 4
21 6 59
21 7 9
21 10 17
21 11 20
21 12 58
21 13 13
21 14 51
21 16 24
21 17 32
21 18 55
21 19 7
21 20 47
21 22 18
21 23 31
21 24 43
21 25 50
21 26 2
21 29 8
21 30 57
21 31 41
21 32 48
21 33 40
21 35 54
21 36 15
21 37 11
21 38 0
21 39 28
21 40 52
21 41 49
21 42 19
21 43 36
21 44 10
21 46 33
21 47 23
21 49 14
21 50 45
21 51 42
21 52 21
21 54 38
21 56 56
21 57 6
21 59 22
22 0 16
22 1 13
22 2 44
22 3 30
22 4 4
22 5 0
22 6 24
22 7 57
22 8 37
22 10 23
22 11 26
22 12 41
22 13 8
22 14 45
22 15 52
22 16 15
22 17 9
22 18 21
22 19 56
22 20 29
22 21 17
22 22 50
22 23 3
22 24 31
22 25 34
22 26 6
22 27 14
22 31 46
22 32 12
22 33 51
22 34 59
22 36 42
22 37 55
22 38 40
22 39 49
22 40 20
22 41 22
22 42 32
22 43 53
22 44 27
22 47 25
22 48 7
22 49 1
22 51 28
22 52 43
22 53 38
22 54 10
22 55 54
22 56 18
22 57 11
22 58 48
22 59 5
23 0 34
23 1 33
23 2 6
23 4 19
23 5 28
23 8 32
23 9 2
23 10 9
23 12 24
23 13 27
23 14 47
23 15 13
23 16 8
23 17 55
23 18 29
23 19 35
23 22 4
23 23 23
23 25 7
23 27 30
23 28 40
23 29 53
23 30 43
23 31 22
23 32 38
23 33 10
23 34 25
23 35 49
23 36 41
23 37 20
23 38 21
23 39 26
23 40 39
23 42 16
23 44 52
23 45 18
23 48 45
23 50 15
23 51 3
23 53 54
23 54 12
23 56 44
23 57 17
23 58 46
23 59 1
24 0 53
24 1 44
24 2 45
24 3 22
24 4 33
24 5 13
24 7 35
24 8 2
24 9 9
24 11 17
24 12 6
24 13 49
24 15 4
24 16 23
24 19 47
24 20 39
24 21 43
24 23 27
24 25 11
24 26 42
24 27 40
24 29 52
24 30 59
24 31 14
24 33 48
24 34 37
24 35 28
24 36 16
24 37 57
24 38 46
24 39 41
24 40 32
24 41 34
24 42 24
24 43 51
24 44 15
24 45 29
24 47 18
24 48 50
24 50 25
24 51 54
24 52 19
24 53 30
24 54 26
24 55 31
24 56 1
24 57 3
24 58 58
24 59 20
25 0 15
25 1 51
25 2 58
25 5 25
25 6 28
25 7 27
25 9 4
25 10 47
25 11 32
25 12 43
25 13 31
25 14 36
25 15 46
25 16 50
25 17 13
25 18 57
25 19 16
25 20 20
25 22 52
25 23 33
25 24 9
25 25 6
25 26 45
25 27 29
25 30 8
25 31 56
25 32 5
25 33 38
25 34 2
25 36 10
25 37 18
25 38 12
25 39 48
25 40 0
25 41 24
25 42 35
25 43 3
25 44 54
25 45 26
25 46 41
25 47 42
25 48 40
25 49 22
25 50 44
25 52 53
25 53 14
25 55 39
25 56 19
25 57 1
25 58 11
25 59 17
26 0 12
26 1 30
26 3 47
26 4 43
26 5 53
26 6 39
26 7 51
26 8 50
26 9 59
26 11 3
26 12 15
26 14 28
26 15 26
26 16 2
26 17 38
26 18 6
26 20 24
26 21 42
26 22 20
26 23 52
26 24 16
26 26 48
26 29 27
26 30 46
26 32 29
26 33 25
26 34 33
26 35 32
26 36 35
26 37 21
26 38 31
26 39 11
26 40 37
26 41 18
26 42 23
26 43 7
26 44 4
26 45 22
26 47 14
26 48 1
26 50 41
26 51 36
26 55 17
26 56 57
26 57 19
26 58 13
26 59 0
27 2 55
27 3 23
27 4 45
27 5 43
27 6 10
27 7 30
27 10 24
27 11 27
27 12 36
27 13 28
27 14 39
27 15 41
27 16 54
27 17 35
27 19 32
27 20 2
27 21 8
27 22 26
27 23 37
27 25 19
27 26 46
27 27 11
27 28 47
27 29 49
27 30 5
27 31 21
27 32 57
27 34 58
27 35 56
27 38 44
27 39 18
27 40 16
27 41 1
27 42 20
27 43 33
27 44 9
27 45 25
27 46 29
27 47 13
27 48 15
27 49 0
27 50 6
27 51 59
27 52 50
27 54 22
27 55 48
27 56 38
27 57 42
27 58 51
27 59 3
28 0 29
28 1 27
28 2 16
28 3 41
28 5 42
28 6 38
28 7 43
28 8 39
28 9 15
28 10 53
28 13 37
28 14 58
28 16 21
28 17 10
28 18 11
28 19 20
28 20 12
28 21 7
28 22 40
28 23 1
28 24 18
28 25 28
28 26 8
28 28 3
28 29 34
28 31 48
28 32 9
28 33 54
28 34 44
28 35 46
28 36 31
28 38 36
28 39 35
28 40 26
28 41 19
28 43 5
28 44 22
28 45 57
28 46 25
28 47 0
28 49 6
28 50 52
28 52 51
28 53 50
28 54 32
28 55 47
28 56 55
28 57 59
28 58 49
29 0 14
29 2 21
29 3 56
29 5 44
29 6 27
29 7 22
29 8 10
29 9 31
29 10 42
29 11 19
29 12 49
29 14 16
29 15 48
29 16 32
29 17 24
29 19 6
29 20 8
29 21 25
29 22 53
29 24 45
29 25 39
29 26 26
29 27 55
29 29 54
29 31 2
29 33 35
29 34 1
29 35 30
29 36 59
29 37 28
29 38 57
29 40 46
29 42 52
29 43 0
29 45 15
29 46 37
29 48 3
29 49 18
29 50 23
29 51 12
29 52 11
29 53 34
29 54 5
29 55 7
29 56 51
29 57 20
29 58 17
29 59 41
30 0 11
30 1 43
30 2 22
30 3 20
30 6 36
30 7 48
30 8 49
30 9 17
30 10 46
30 11 38
30 12 10
30 13 33
30 14 23
30 16 4
30 17 51
30 19 52
30 20 30
30 21 28
30 22 42
30 23 29
30 24 34
30 26 25
30 27 3
30 28 32
30 29 16
30 30 40
30 31 59
30 32 18
30 33 41
30 34 6
30 35 55
30 38 45
30 39 7
30 40 31
30 41 35
30 42 47
30 43 19
30 44 26
30 45 1
30 46 15
30 48 14
30 50 5
30 51 24
30 52 12
30 53 53
30 54 58
30 55 37
30 56 21
30 57 8
30 58 0
30 59 2
31 0 46
31 1 26
31 2 29
31 3 40
31 4 24
31 5 55
31 6 48
31 7 44
31 8 56
31 9 28
31 10 12
31 11 21
31 12 16
31 13 9
31 14 13
31 16 5
31 18 34
31 19 19
31 20 41
31 21 23
31 23 18
31 24 42
31 25 1
31 26 0
31 27 53
31 28 36
31 29 38
31 30 37
31 31 32
31 32 25
31 34 45
31 36 49
31 37 33
31 38 54
31 39 10
31 40 2
31 41 11
31 42 3
31 44 14
31 45 58
31 46 22
31 47 17
31 49 15
31 50 7
31 51 51
31 52 59
31 53 27
31 54 52
31 55 50
31 56 20
31 57 43
31 58 35
31 59 6
32 3 53
32 4 57
32 5 3
32 6 25
32 7 26
32 8 12
32 9 13
32 10 49
32 11 30
32 12 33
32 13 5
32 14 43
32 15 16
32 16 11
32 17 34
32 19 28
32 20 35
32 21 47
32 22 48
32 23 32
32 24 54
32 25 51
32 26 36
32 27 17
32 28 2
32 29 29
32 30 56
32 32 45
32 33 52
32 34 4
32 35 42
32 36 37
32 37 44
32 38 58
32 39 22
32 40 14
32 41 46
32 42 10
32 43 55
32 44 23
32 45 50
32 46 24
32 47 6
32 48 18
32 49 31
32 50 27
32 52 41
32 53 8
32 54 39
32 55 20
32 56 7
32 57 0
32 58 1
32 59 15
33 0 55
33 1 56
33 3 44
33 5 29
33 7 5
33 8 35
33 9 41
33 10 57
33 11 37
33 12 21
33 13 11
33 14 40
33 15 42
33 16 31
33 17 48
33 18 47
33 19 3
33 20 54
33 21 32
33 22 12
33 23 59
33 27 1
33 28 9
33 29 22
33 30 24
33 31 15
33 32 34
33 33 50
33 34 14
33 35 27
33 36 28
33 37 39
33 38 53
33 39 17
33 41 58
33 43 30
33 47 20
33 48 19
33 49 49
33 50 8
33 51 13
33 52 33
33 53 51
33 54 25
33 55 10
33 56 36
33 57 4
33 58 45
33 59 26
34 0 33
34 1 57
34 2 39
34 3 21
34 4 46
34 6 14
34 7 36
34 11 48
34 12 56
34 13 16
34 14 54
34 15 12
34 16 30
34 17 58
34 21 2
34 22 24
34 24 8
34 25 59
34 26 23
34 27 25
34 28 53
34 29 6
34 30 27
34 31 7
34 32 51
34 33 37
34 34 20
34 35 47
34 36 32
34 37 52
34 39 19
34 41 10
34 42 29
34 43 4
34 44 31
34 46 1
34 47 55
34 48 0
34 49 42
34 50 9
34 51 41
34 52 34
34 53 15
34 54 43
34 55 22
34 56 3
34 57 13
34 58 44
34 59 35
35 0 31
35 1 40
35 2 36
35 3 3
35 4 2
35 5 58
35 6 37
35 7 49
35 8 20
35 9 0
35 10 39
35 11 28
35 12 59
35 13 52
35 15 32
35 16 43
35 17 45
35 19 9
35 21 12
35 22 25
35 23 24
35 24 29
35 25 15
35 26 53
35 27 38
35 28 1
35 29 50
35 30 23
35 31 5
35 32 8
35 33 18
35 34 57
35 35 6
35 37 17
35 38 22
35 40 47
35 41 14
35 42 48
35 43 41
35 44 19
35 45 33
35 46 13
35 47 34
35 48 21
35 50 16
35 52 54
35 53 42
35 55 35
35 56 27
35 57 51
35 58 56
35 59 7
36 0 10
36 1 28
36 2 56
36 4 30
36 5 9
36 8 48
36 9 25
36 10 29
36 11 11
36 12 50
36 13 44
36 15 38
36 16 20
36 18 36
36 19 17
36 20 21
36 21 55
36 22 49
36 23 54
36 24 14
36 25 23
36 26 4
36 27 7
36 28 0
36 29 15
36 30 53
36 31 13
36 32 32
36 33 45
36 34 22
36 37 51
36 38 37
36 40 33
36 41 26
36 43 24
36 44 43
36 45 6
36 46 40
36 47 41
36 48 5
36 49 39
36 51 27
36 53 58
36 54 19
36 55 34
36 56 35
36 57 31
36 58 52
37 0 45
37 1 46
37 2 11
37 3 48
37 4 51
37 5 17
37 6 34
37 7 7
37 8 31
37 9 21
37 10 6
37 12 2
37 13 0
37 14 19
37 15 56
37 16 47
37 18 10
37 19 24
37 20 15
37 21 38
37 22 9
37 24 35
37 25 33
37 26 14
37 27 18
37 29 59
37 30 28
37 32 37
37 33 39
37 34 26
37 35 43
37 36 29
37 37 32
37 38 8
37 39 5
37 40 53
37 41 3
37 42 57
37 43 1
37 44 12
37 45 23
37 46 27
37 47 30
37 49 58
37 50 42
37 51 55
37 52 20
37 53 22
37 54 49
37 56 13
37 57 54
38 1 23
38 2 50
38 3 13
38 4 31
38 5 32
38 6 41
38 7 18
38 8 47
38 11 22
38 14 6
38 15 43
38 16 29
38 17 42
38 18 45
38 19 26
38 20 37
38 21 33
38 22 44
38 23 7
38 24 3
38 25 46
38 26 35
38 27 54
38 28 48
38 29 9
38 30 55
38 31 51
38 32 17
38 33 12
38 34 39
38 35 11
38 36 21
38 37 24
38 38 14
38 39 40
38 40 19
38 41 8
38 43 20
38 44 36
38 45 38
38 46 59
38 47 52
38 50 2
38 51 57
38 52 27
38 53 0
38 54 56
38 55 15
38 56 10
38 58 53
39 0 56
39 1 17
39 4 6
39 5 7
39 6 19
39 9 16
39 10 31
39 11 44
39 12 53
39 13 22
39 14 1
39 15 3
39 16 0
39 17 11
39 18 40
39 21 48
39 22 34
39 23 20
39 24 37
39 27 36
39 28 29
39 29 18
39 30 52
39 31 8
39 32 23
39 33 46
39 35 58
39 36 24
39 37 47
39 38 39
39 39 21
39 41 54
39 42 55
39 43 49
39 45 32
39 46 43
39 47 57
39 48 59
39 49 25
39 50 10
39 52 28
39 53 5
39 54 41
39 55 14
39 57 38
39 58 27
39 59 12
40 0 32
40 2 57
40 3 17
40 4 58
40 5 15
40 6 44
40 7 6
40 9 45
40 10 1
40 11 33
40 15 40
40 16 7
40 17 14
40 18 12
40 20 38
40 21 18
40 22 21
40 23 36
40 24 4
40 25 30
40 27 9
40 28 31
40 29 23
40 30 29
40 32 43
40 33 28
40 34 54
40 37 19
40 38 3
40 39 16
40 40 59
40 41 25
40 42 8
40 43 27
40 44 34
40 46 52
40 47 53
40 49 35
40 50 22
40 51 50
40 52 37
40 53 26
40 54 51
40 56 5
40 57 49
40 58 42
40 59 10
41 0 17
41 1 52
41 2 1
41 3 43
41 4 47
41 6 7
41 7 21
41 8 46
41 9 29
41 10 33
41 11 39
41 12 44
41 14 53
41 16 9
41 17 26
41 18 14
41 19 40
41 20 19
41 22 27
41 23 30
41 26 34
41 27 4
41 31 57
41 32 50
41 34 56
41 35 10
41 36 8
41 37 38
41 38 55
41 39 12
41 40 3
41 41 6
41 42 15
41 43 28
41 44 5
41 46 54
41 47 31
41 49 32
41 50 13
41 51 48
41 52 49
41 54 35
41 55 51
41 56 11
41 57 16
41 58 18
42 0 40
42 1 18
42 2 8
42 4 23
42 5 19
42 9 32
42 10 3
42 11 53
42 12 37
42 13 39
42 14 50
42 17 29
42 19 45
42 20 55
42 21 46
42 22 35
42 25 14
42 26 56
42 28 34
42 29 26
42 30 51
42 32 6
42 33 24
42 34 41
42 35 33
42 36 43
42 37 15
42 39 52
42 41 17
42 42 27
42 43 31
42 44 42
42 45 4
42 46 47
42 47 7
42 48 25
42 49 57
42 50 36
42 51 44
42 54 20
42 55 2
42 56 49
43 1 0
43 2 43
43 3 27
43 5 35
43 6 46
43 8 34
43 9 12
43 10 13
43 11 36
43 12 17
43 13 51
43 14 57
43 15 31
43 16 19
43 17 53
43 19 55
43 22 5
43 23 41
43 24 15
43 25 20
43 26 21
43 27 2
43 28 8
43 29 47
43 30 10
43 31 45
43 32 1
43 33 14
43 37 6
43 38 23
43 39 44
43 40 56
43 41 4
43 42 50
43 43 16
43 44 38
43 46 28
43 47 58
43 48 48
43 50 59
43 51 25
43 52 29
43 53 24
43 54 18
43 55 33
43 56 54
43 57 32
43 58 9
43 59 37
44 0 8
44 1 9
44 2 3
44 3 18
44 4 5
44 5 6
44 6 4
44 8 53
44 9 39
44 10 10
44 13 45
44 14 24
44 15 27
44 16 12
44 17 46
44 21 19
44 22 15
44 26 37
44 27 26
44 29 56
44 31 28
44 32 22
44 33 47
44 34 35
44 35 31
44 38 41
44 39 57
44 40 51
44 41 59
44 42 21
44 43 32
44 44 44
44 45 16
44 47 40
44 48 49
44 49 33
44 50 29
44 51 52
44 52 1
44 53 2
44 54 36
44 57 58
44 58 14
44 59 23
45 0 28
45 1 3
45 2 15
45 4 16
45 5 1
45 7 46
45 8 58
45 9 8
45 10 7
45 11 12
45 12 4
45 13 2
45 14 59
45 15 45
45 17 36
45 18 25
45 19 54
45 20 48
45 21 20
45 22 11
45 23 56
45 24 32
45 25 55
45 26 51
45 28 19
45 29 37
45 30 6
45 31 52
45 32 49
45 33 33
45 34 13
45 35 5
45 36 47
45 37 14
45 38 26
45 39 9
45 40 44
45 41 0
45 42 34
45 43 43
45 44 41
45 45 27
45 46 50
45 47 21
45 48 24
45 49 23
45 50 30
45 51 40
45 52 22
45 53 10
45 54 57
45 55 29
45 56 17
45 57 53
45 58 31
45 59 18
46 1 35
46 3 6
46 4 13
46 5 45
46 7 37
46 8 28
46 9 23
46 10 22
46 11 57
46 12 9
46 14 42
46 15 50
46 16 53
46 17 15
46 18 5
46 19 4
46 20 59
46 22 2
46 25 17
46 26 41
46 27 31
46 28 10
46 29 1
46 32 33
46 33 19
46 34 3
46 35 48
46 36 11
46 38 29
46 39 14
46 41 39
46 42 56
46 43 54
46 44 25
46 45 55
46 46 38
46 50 49
46 51 30
46 52 32
46 53 36
46 54 24
46 57 7
46 59 52
47 0 9
47 1 11
47 2 38
47 5 12
47 7 54
47 8 24
47 9 34
47 10 26
47 12 7
47 13 55
47 14 18
47 15 49
47 16 40
47 17 47
47 18 16
47 19 46
47 20 33
47 22 6
47 25 53
47 26 28
47 27 56
47 28 44
47 30 48
47 31 30
47 32 58
47 33 20
47 35 2
47 36 39
47 37 59
47 38 35
47 39 32
47 40 8
47 41 15
47 42 31
47 43 10
47 44 3
47 46 14
47 47 51
47 48 42
47 49 37
47 50 4
47 51 43
47 53 19
47 54 1
47 55 0
47 56 22
47 57 23
47 58 50
47 59 45
48 0 23
48 3 39
48 4 21
48 6 54
48 7 13
48 8 36
48 9 20
48 10 5
48 11 14
48 12 8
48 13 26
48 14 31
48 15 9
48 16 51
48 17 27
48 18 44
48 20 10
48 21 1
48 22 3
48 23 42
48 24 53
48 25 58
48 26 38
48 29 46
48 30 30
48 31 49
48 32 40
48 33 56
48 34 34
48 35 57
48 37 22
48 41 48
48 42 6
48 43 18
48 45 28
48 46 32
48 47 50
48 49 12
48 50 19
48 51 33
48 53 4
48 54 17
48 55 55
48 56 16
48 57 35
48 58 15
48 59 25
49 0 36
49 1 7
49 2 2
49 3 59
49 5 27
49 6 15
49 7 50
49 8 45
49 10 25
49 11 34
49 12 14
49 13 40
49 14 11
49 16 39
49 17 44
49 19 31
49 20 46
49 21 57
49 23 51
49 24 1
49 26 24
49 27 10
49 28 20
49 29 0
49 30 12
49 31 19
49 32 3
49 33 16
49 34 32
49 36 4
49 37 49
49 38 18
49 39 6
49 40 42
49 42 54
49 43 17
49 44 21
49 45 47
49 47 56
49 48 53
49 50 43
49 51 35
49 52 23
49 53 28
49 55 9
49 56 58
49 57 41
49 58 37
49 59 13
50 0 39
50 1 4
50 3 16
50 4 27
50 5 8
50 7 31
50 8 6
50 9 37
50 11 58
50 12 42
50 13 41
50 14 52
50 15 57
50 16 59
50 17 54
50 19 29
50 20 56
50 23 34
50 25 22
50 27 35
50 28 15
50 30 50
50 31 33
50 32 14
50 33 49
50 35 9
50 36 13
50 37 36
50 38 11
50 40 18
50 41 40
50 43 12
50 44 30
50 45 19
50 46 46
50 49 24
50 51 7
50 52 25
50 54 45
50 55 21
50 56 23
50 57 26
50 58 2
51 0 51
51 1 19
51 2 42
51 3 28
51 5 24
51 6 52
51 7 34
51 9 53
51 13 43
51 14 41
51 15 2
51 16 27
51 18 0
51 19 37
51 20 11
51 21 22
51 22 23
51 23 26
51 24 38
51 25 18
51 27 32
51 28 55
51 29 20
51 30 47
51 31 39
51 33 6
51 34 30
51 35 1
51 36 17
51 38 10
51 39 36
51 40 9
51 41 44
51 43 25
51 44 57
51 45 14
51 46 35
51 47 15
51 49 45
51 50 21
51 51 29
51 52 40
51 54 46
51 55 58
51 56 8
51 57 12
51 58 7
51 59 50
52 2 5
52 4 7
52 6 51
52 7 28
52 8 11
52 9 48
52 10 37
52 11 18
52 12 34
52 13 32
52 14 33
52 15 15
52 16 16
52 17 23
52 18 35
52 19 57
52 20 3
52 21 54
52 22 43
52 23 4
52 24 25
52 25 21
52 26 39
52 27 44
52 28 14
52 29 13
52 30 1
52 31 6
52 32 56
52 33 9
52 34 50
52 35 17
52 36 58
52 37 27
52 38 47
52 40 40
52 41 36
52 42 22
52 44 53
52 45 8
52 46 49
52 47 29
52 48 30
52 49 38
52 50 55
52 51 20
52 52 45
52 53 12
52 55 52
52 56 26
52 57 10
52 58 24
52 59 31
53 0 41
53 1 25
53 3 24
53 4 32
53 5 10
53 6 35
53 8 51
53 11 8
53 12 38
53 13 56
53 14 27
53 15 33
53 16 34
53 17 22
53 18 20
53 19 13
53 21 50
53 23 48
53 25 9
53 26 5
53 27 15
53 30 39
53 31 23
53 32 7
53 33 17
53 35 53
53 36 19
53 39 30
53 40 11
53 41 55
53 43 52
53 44 37
53 46 12
53 47 45
53 48 6
53 49 59
53 51 18
53 52 2
53 53 3
53 54 47
53 55 57
53 56 40
53 57 14
53 58 4
53 59 46
54 0 20
54 1 54
54 2 18
54 3 29
54 4 44
54 5 31
54 6 33
54 8 52
54 10 58
54 11 45
54 12 32
54 13 42
54 14 30
54 15 34
54 16 26
54 17 4
54 19 53
54 20 28
54 22 39
54 23 49
54 24 19
54 25 48
54 26 55
54 27 24
54 28 5
54 30 13
54 31 17
54 33 15
54 36 51
54 39 8
54 40 38
54 41 57
54 42 37
54 43 22
54 45 46
54 47 1
54 48 43
54 49 36
54 50 0
54 51 21
54 53 47
54 54 7
54 55 25
54 56 12
54 57 40
54 58 41
54 59 56
55 0 52
55 1 16
55 2 31
55 3 46
55 5 20
55 6 11
55 7 12
55 8 22
55 9 24
55 10 48
55 11 23
55 12 5
55 13 50
55 15 51
55 16 13
55 17 25
55 18 1
55 19 38
55 20 14
55 21 0
55 22 30
55 24 33
55 25 57
55 27 21
55 28 35
55 29 42
55 30 3
55 32 54
55 33 43
55 34 19
55 35 7
55 37 41
55 39 58
55 40 34
55 43 15
55 45 59
55 46 6
55 47 36
55 48 8
55 50 18
55 51 37
55 52 44
55 53 39
55 54 28
55 55 56
55 57 2
55 58 26
55 59 29
56 0 13
56 1 14
56 2 41
56 3 8
56 4 11
56 5 49
56 6 5
56 7 38
56 8 59
56 9 6
56 10 35
56 11 55
56 12 52
56 14 4
56 15 10
56 16 42
56 17 19
56 18 37
56 19 39
56 20 27
56 22 57
56 24 50
56 25 26
56 26 32
56 27 22
56 29 51
56 30 58
56 31 20
56 32 47
56 33 1
56 34 48
56 36 30
56 37 46
56 38 16
56 39 0
56 40 24
56 41 53
56 42 9
56 43 45
56 44 56
56 45 54
56 46 17
56 48 12
56 49 2
56 50 31
56 51 15
56 52 3
56 53 29
56 54 44
56 56 28
56 57 18
56 58 40
56 59 33
57 1 12
57 2 33
57 3 1
57 4 26
57 5 56
57 6 0
57 7 52
57 8 23
57 9 35
57 10 51
57 11 2
57 12 13
57 13 57
57 14 9
57 15 7
57 16 6
57 19 14
57 20 32
57 21 30
57 22 45
57 23 15
57 27 8
57 29 21
57 30 19
57 32 44
57 33 58
57 34 27
57 36 5
57 37 25
57 39 54
57 40 22
57 41 38
57 43 11
57 44 29
57 46 42
57 47 24
57 48 36
57 49 40
57 50 34
57 52 17
57 53 48
57 54 37
57 56 41
57 57 46
57 58 55
57 59 16
58 0 50
58 1 8
58 2 54
58 3 58
58 4 22
58 6 55
58 7 0
58 8 43
58 10 4
58 11 31
58 13 3
58 14 44
58 15 47
58 16 18
58 18 41
58 20 17
58 21 24
58 23 39
58 24 21
58 25 32
58 26 20
58 27 6
58 28 42
58 30 45
58 31 34
58 33 36
58 34 40
58 35 15
58 36 25
58 37 56
58 38 19
58 39 23
58 40 27
58 41 13
58 42 12
58 43 14
58 44 7
58 45 30
58 47 10
58 48 46
58 51 1
58 52 57
58 53 59
58 55 5
58 56 29
58 57 37
58 58 28
58 59 38
59 0 57
59 1 39
59 2 14
59 3 25
59 4 0
59 5 21
59 6 45
59 7 19
59 9 58
59 10 56
59 11 51
59 12 27
59 13 29
59 14 37
59 15 1
59 17 40
59 18 38
59 19 41
59 20 23
59 23 46
59 24 48
59 26 52
59 27 49
59 28 12
59 29 4
59 30 34
59 31 9
59 32 2
59 33 44
59 36 53
59 37 50
59 38 13
59 40 28
59 41 43
59 42 11
59 43 6
59 44 59
59 46 20
59 47 5
59 48 54
59 49 7
59 50 32
59 51 10
59 52 15
59 53 33
59 55 26
59 57 55
59 58 22
