60
0 0 20
0 1 5
0 2 17
0 4 21
0 5 59
0 6 52
0 7 48
0 9 33
0 10 1
0 11 3
0 13 6
0 14 16
0 15 46
0 16 54
0 18 27
0 19 29
0 24 58
0 25 47
0 26 18
0 27 45
0 28 32
0 29 39
0 30 44
0 31 8
0 33 55
0 34 19
0 36 0
0 38 53
0 39 10
0 41 31
0 43 4
0 44 41
0 45 49
0 46 12
0 47 36
0 48 7
0 50 15
0 51 38
0 53 13
0 54 9
0 55 28
0 56 22
0 57 34
0 58 25
0 59 57
1 0 31
1 2 4
1 3 53
1 4 18
1 5 5
1 6 38
1 7 36
1 8 27
1 9 20
1 10 50
1 11 26
1 12 33
1 13 19
1 15 30
1 16 51
1 17 49
1 18 34
1 19 1
1 20 52
1 21 12
1 22 3
1 24 28
1 25 17
1 27 42
1 29 35
1 30 0
1 31 16
1 32 55
1 33 14
1 34 7
1 35 9
1 38 6
1 39 39
1 40 43
1 41 56
1 42 58
1 44 25
1 45 44
1 47 8
1 49 45
1 50 46
1 51 11
1 52 47
1 54 24
1 56 32
2 1 57
2 2 21
2 3 48
2 4 36
2 5 13
2 6 28
2 8 7
2 11 20
2 14 8
2 15 34
2 17 53
2 20 27
2 21 45
2 22 37
2 23 49
2 25 59
2 26 16
2 28 42
2 29 31
2 31 5
2 32 11
2 35 54
2 36 51
2 37 56
2 38 22
2 39 52
2 40 32
2 41 41
2 42 55
2 43 40
2 44 58
2 45 24
2 46 23
2 47 2
2 50 47
2 51 10
2 52 1
2 53 19
2 54 38
2 56 30
2 57 14
2 58 0
3 1 43
3 2 9
3 4 44
3 9 17
3 12 8
3 14 24
3 18 45
3 20 7
3 21 47
3 22 15
3 23 41
3 24 37
3 25 25
3 26 5
3 27 1
3 28 39
3 30 4
3 31 32
3 32 16
3 33 20
3 35 18
3 37 2
3 38 12
3 40 40
3 41 48
3 42 36
3 43 11
3 44 6
3 45 50
3 46 56
3 48 53
3 50 52
3 51 27
3 52 13
3 55 22
3 56 19
3 58 33
3 59 28
4 2 27
4 3 7
4 5 45
4 6 14
4 7 11
4 9 5
4 10 29
4 11 15
4 14 44
4 17 51
4 18 56
4 20 55
4 21 23
4 22 28
4 23 8
4 24 1
4 25 49
4 27 38
4 31 58
4 32 24
4 33 12
4 34 20
4 35 17
4 36 53
4 37 30
4 38 0
4 39 32
4 40 6
4 41 25
4 42 18
4 43 19
4 44 35
4 45 16
4 46 2
4 47 57
4 48 31
4 49 40
4 50 37
4 51 26
4 53 43
4 54 41
4 55 39
4 56 52
4 58 4
4 59 13
5 0 53
5 1 28
5 2 33
5 3 8
5 4 9
5 5 14
5 6 24
5 7 0
5 8 38
5 9 3
5 10 4
5 12 41
5 13 23
5 14 54
5 16 34
5 17 11
5 18 55
5 20 19
5 22 40
5 24 52
5 25 7
5 26 35
5 27 25
5 28 1
5 29 56
5 31 27
5 32 43
5 33 51
5 35 15
5 36 10
5 37 42
5 38 17
5 39 46
5 40 37
5 41 47
5 42 48
5 44 18
5 48 21
5 49 5
5 50 30
5 51 29
5 53 49
5 54 57
5 55 26
5 56 20
5 58 58
5 59 6
6 0 46
6 1 4
6 2 48
6 3 33
6 5 20
6 6 16
6 7 51
6 10 47
6 11 57
6 13 18
6 14 9
6 16 41
6 17 40
6 18 36
6 20 59
6 21 14
6 22 23
6 23 5
6 25 35
6 28 55
6 29 19
6 31 17
6 32 39
6 33 45
6 34 53
6 36 15
6 37 34
6 38 38
6 39 43
6 40 44
6 41 24
6 42 29
6 43 21
6 44 7
6 46 49
6 47 22
6 48 26
6 50 42
6 51 2
6 52 0
6 53 6
6 54 28
6 55 37
6 56 10
6 58 32
6 59 58
7 0 12
7 4 54
7 6 58
7 7 52
7 9 2
7 12 20
7 13 14
7 14 36
7 16 31
7 17 6
7 19 24
7 22 46
7 23 25
7 26 33
7 27 35
7 29 4
7 30 21
7 33 48
7 35 29
7 36 5
7 37 28
7 38 34
7 39 1
7 41 49
7 43 45
7 45 42
7 46 0
7 47 40
7 49 44
7 50 19
7 52 32
7 53 8
7 55 47
7 56 26
7 57 30
7 59 9
8 0 59
8 1 26
8 2 52
8 4 48
8 8 10
8 10 46
8 11 8
8 13 0
8 14 38
8 15 14
8 16 20
8 17 24
8 18 57
8 19 35
8 20 17
8 21 2
8 22 41
8 23 33
8 24 4
8 25 31
8 26 40
8 27 11
8 28 43
8 29 51
8 32 3
8 33 19
8 34 21
8 35 32
8 36 27
8 37 50
8 38 25
8 40 29
8 41 13
8 43 7
8 44 54
8 45 53
8 46 28
8 47 6
8 48 47
8 49 58
8 50 23
8 51 45
8 52 16
8 53 9
8 54 49
8 56 56
8 57 1
8 58 30
9 0 40
9 1 37
9 2 43
9 5 8
9 7 46
9 9 19
9 10 12
9 11 4
9 12 35
9 13 25
9 14 1
9 17 23
9 18 32
9 21 31
9 23 56
9 24 5
9 25 51
9 27 18
9 31 52
9 33 58
9 34 14
9 36 36
9 37 48
9 40 41
9 42 13
9 43 44
9 44 21
9 46 11
9 47 24
9 49 10
9 53 54
9 54 7
9 55 3
9 56 33
9 57 38
9 58 26
9 59 50
10 0 58
10 1 35
10 3 43
10 5 49
10 7 19
10 8 16
10 10 3
10 11 51
10 13 41
10 14 21
10 16 55
10 19 44
10 21 28
10 22 36
10 23 31
10 25 30
10 26 8
10 27 17
10 28 5
10 29 11
10 30 37
10 31 15
10 34 25
10 35 48
10 37 32
10 38 4
10 39 54
10 40 18
10 42 47
10 45 29
10 48 9
10 49 13
10 50 50
10 53 2
10 54 22
10 56 53
10 58 7
11 0 54
11 4 19
11 8 44
11 9 4
11 10 38
11 11 56
11 12 7
11 13 10
11 15 37
11 16 22
11 18 40
11 22 16
11 23 3
11 24 14
11 25 11
11 26 24
11 27 8
11 28 27
11 29 49
11 31 28
11 32 1
11 33 59
11 34 36
11 35 26
11 36 21
11 38 50
11 39 18
11 42 39
11 44 45
11 45 0
11 46 33
11 47 13
11 48 17
11 49 32
11 50 53
11 51 31
11 54 6
11 55 57
11 56 9
11 57 35
11 58 42
11 59 52
12 0 7
12 1 40
12 2 15
12 3 30
12 5 38
12 6 34
12 7 33
12 9 41
12 10 18
12 11 9
12 12 57
12 18 8
12 19 28
12 20 48
12 21 49
12 22 24
12 23 6
12 24 27
12 25 1
12 26 21
12 27 44
12 28 46
12 29 32
12 30 47
12 33 0
12 34 31
12 35 52
12 36 25
12 37 13
12 38 26
12 39 45
12 40 4
12 41 29
12 44 20
12 45 14
12 47 3
12 48 51
12 49 53
12 54 35
12 55 16
12 56 11
12 58 56
12 59 43
13 1 1
13 2 50
13 3 18
13 4 14
13 5 19
13 7 17
13 8 41
13 11 46
13 12 59
13 13 35
13 14 2
13 15 28
13 16 39
13 17 15
13 18 21
13 21 26
13 22 20
13 23 16
13 24 54
13 25 45
13 26 42
13 28 51
13 30 3
13 31 38
13 33 29
13 34 24
13 35 34
13 36 22
13 37 55
13 39 57
13 41 30
13 45 5
13 46 40
13 47 47
13 48 37
13 50 11
13 52 8
13 53 33
13 54 44
13 55 13
13 56 27
13 57 25
13 58 53
14 1 56
14 3 52
14 5 42
14 7 16
14 9 12
14 10 31
14 11 2
14 12 50
14 14 43
14 15 49
14 16 44
14 18 51
14 19 20
14 21 17
14 22 4
14 23 59
14 25 53
14 26 25
14 27 37
14 30 9
14 31 54
14 32 29
14 33 11
14 34 58
14 36 7
14 38 47
14 39 33
14 40 13
14 43 28
14 44 1
14 47 35
14 48 22
14 51 23
14 52 40
14 54 32
14 56 14
14 58 21
14 59 24
15 0 33
15 2 53
15 3 25
15 4 24
15 5 30
15 6 48
15 7 44
15 9 31
15 11 7
15 12 51
15 13 4
15 14 28
15 15 9
15 16 5
15 19 23
15 21 3
15 24 8
15 25 15
15 27 54
15 28 26
15 29 50
15 30 20
15 31 59
15 33 49
15 35 38
15 36 16
15 37 52
15 38 11
15 40 35
15 41 10
15 42 41
15 45 17
15 46 42
15 47 0
15 48 36
15 49 57
15 51 37
15 52 45
15 53 27
15 54 34
15 55 43
15 56 46
15 59 32
16 0 4
16 1 30
16 2 34
16 4 40
16 6 25
16 8 15
16 10 44
16 11 12
16 12 43
16 13 9
16 14 49
16 16 11
16 17 39
16 19 13
16 21 51
16 22 53
16 24 7
16 25 26
16 26 50
16 27 41
16 28 24
16 29 46
16 31 45
16 32 58
16 33 36
16 34 22
16 35 6
16 37 17
16 40 27
16 41 8
16 42 21
16 44 57
16 46 52
16 47 37
16 48 54
16 51 47
16 52 29
16 54 48
16 55 18
16 57 32
16 58 20
16 59 55
17 0 45
17 1 36
17 3 41
17 5 16
17 6 3
17 7 35
17 8 51
17 9 9
17 10 40
17 11 43
17 13 7
17 15 47
17 18 54
17 19 52
17 20 8
17 22 42
17 23 37
17 24 31
17 25 4
17 26 20
17 27 53
17 28 22
17 29 27
17 31 23
17 32 19
17 34 18
17 36 12
17 37 57
17 39 17
17 42 38
17 43 48
17 44 49
17 45 10
17 47 26
17 48 11
17 52 15
17 53 28
17 54 59
17 55 44
17 56 6
17 58 2
17 59 30
18 2 29
18 3 27
18 5 23
18 6 45
18 7 14
18 8 36
18 9 46
18 10 24
18 11 32
18 12 28
18 13 21
18 14 57
18 16 33
18 17 4
18 18 19
18 19 25
18 20 1
18 22 50
18 24 9
18 26 53
18 29 48
18 30 8
18 31 12
18 34 0
18 36 39
18 37 7
18 38 16
18 39 34
18 41 55
18 42 31
18 43 15
18 44 26
18 45 20
18 47 11
18 48 40
18 50 59
18 51 43
18 53 30
18 54 58
18 55 41
18 56 44
18 57 54
18 58 35
18 59 17
19 0 49
19 2 14
19 3 42
19 5 9
19 7 4
19 8 32
19 9 58
19 10 36
19 11 31
19 12 48
19 13 16
19 14 5
19 16 25
19 18 50
19 19 17
19 20 47
19 22 34
19 24 13
19 26 22
19 27 19
19 28 38
19 30 18
19 31 41
19 34 54
19 35 1
19 37 45
19 38 10
19 39 44
19 40 7
19 41 27
19 42 30
19 44 40
19 48 52
19 49 26
19 50 3
19 51 21
19 56 59
19 57 51
19 58 28
20 1 7
20 2 44
20 3 40
20 4 4
20 5 1
20 6 20
20 7 6
20 8 49
20 9 26
20 10 33
20 13 47
20 14 19
20 15 22
20 17 31
20 18 42
20 20 16
20 22 9
20 24 57
20 26 28
20 30 53
20 32 45
20 33 15
20 37 21
20 38 55
20 39 24
20 41 5
20 42 46
20 43 25
20 44 37
20 45 48
20 46 59
20 47 50
20 49 34
20 51 39
20 52 27
20 53 12
20 55 14
20 56 0
20 57 43
21 0 37
21 1 6
21 2 40
21 3 38
21 6 0
21 7 13
21 10 21
21 11 28
21 13 39
21 14 31
21 16 30
21 17 3
21 18 1
21 20 35
21 21 4
21 22 17
21 23 45
21 24 11
21 25 34
21 26 29
21 27 2
21 28 56
21 31 20
21 33 22
21 34 48
21 37 58
21 38 9
21 39 41
21 40 47
21 41 19
21 44 50
21 47 42
21 49 52
21 50 14
21 51 53
21 52 57
21 53 32
21 54 16
21 55 7
21 56 49
21 57 44
21 58 24
22 0 22
22 1 11
22 2 31
22 3 26
22 6 51
22 7 3
22 8 45
22 9 0
22 10 23
22 11 40
22 12 36
22 13 44
22 14 32
22 15 25
22 16 24
22 17 8
22 18 58
22 19 57
22 20 21
22 21 1
22 22 49
22 23 30
22 24 35
22 25 50
22 26 59
22 27 29
22 28 28
22 31 43
22 32 41
22 33 37
22 34 39
22 35 20
22 36 9
22 37 54
22 38 46
22 40 56
22 41 18
22 42 27
22 43 17
22 47 15
22 48 19
22 49 38
22 51 48
22 52 10
22 53 55
22 56 13
22 57 52
22 58 6
23 0 28
23 1 31
23 3 36
23 4 57
23 5 0
23 6 13
23 8 33
23 9 45
23 11 25
23 13 30
23 14 22
23 15 3
23 16 48
23 17 58
23 18 24
23 19 15
23 20 26
23 21 29
23 22 35
23 23 38
23 25 32
23 26 39
23 27 55
23 29 40
23 31 34
23 34 11
23 37 9
23 39 47
23 41 51
23 42 16
23 44 14
23 45 6
23 46 50
23 47 10
23 48 42
23 49 2
23 50 49
23 52 46
23 55 8
23 56 1
23 57 53
23 58 17
24 0 27
24 1 0
24 2 16
24 3 39
24 4 25
24 5 33
24 9 30
24 11 22
24 13 1
24 14 53
24 15 38
24 17 35
24 20 34
24 22 10
24 23 13
24 24 50
24 25 6
24 26 56
24 27 40
24 28 23
24 29 47
24 30 57
24 31 55
24 33 28
24 34 52
24 35 24
24 37 37
24 38 54
24 40 36
24 41 43
24 42 20
24 43 46
24 44 44
24 45 26
24 46 4
24 49 21
24 50 45
24 53 41
24 55 9
24 57 59
24 58 8
24 59 15
25 0 13
25 1 53
25 2 51
25 3 24
25 4 17
25 6 30
25 7 43
25 8 23
25 9 56
25 13 32
25 14 3
25 15 45
25 16 42
25 18 52
25 19 8
25 21 16
25 22 27
25 23 1
25 24 59
25 26 36
25 28 40
25 29 12
25 31 25
25 32 50
25 33 44
25 34 15
25 35 28
25 37 26
25 38 49
25 39 37
25 42 6
25 44 9
25 47 7
25 49 0
25 50 41
25 51 54
25 52 18
25 53 11
25 54 4
25 55 2
25 57 55
25 58 10
25 59 31
26 0 56
26 1 14
26 2 59
26 3 16
26 5 4
26 6 10
26 7 27
26 8 54
26 10 52
26 11 37
26 13 12
26 17 45
26 18 49
26 19 39
26 20 32
26 22 18
26 23 48
26 24 21
26 25 36
26 27 33
26 28 19
26 30 13
26 31 30
26 33 17
26 34 44
26 35 35
26 36 55
26 37 47
26 39 42
26 40 0
26 42 7
26 45 9
26 46 6
26 47 28
26 48 3
26 49 41
26 50 57
26 52 25
26 53 34
26 54 5
26 56 51
26 57 11
26 58 43
27 0 24
27 1 44
27 3 20
27 4 29
27 6 56
27 7 1
27 8 37
27 9 57
27 11 47
27 12 39
27 13 11
27 15 4
27 16 50
27 17 0
27 19 19
27 20 10
27 22 14
27 23 28
27 24 18
27 25 55
27 26 23
27 27 21
27 30 26
27 31 49
27 32 53
27 33 42
27 34 33
27 35 22
27 36 30
27 37 38
27 38 13
27 39 5
27 41 58
27 42 8
27 43 27
27 44 12
27 46 17
27 48 48
27 49 25
27 51 34
27 53 40
27 55 15
27 56 3
27 58 9
28 0 19
28 1 54
28 2 42
28 3 51
28 4 41
28 5 34
28 6 29
28 7 8
28 9 24
28 10 39
28 12 55
28 15 31
28 16 32
28 17 36
28 18 5
28 19 10
28 21 52
28 23 21
28 24 53
28 26 57
28 27 47
28 28 45
28 30 59
28 31 2
28 33 7
28 35 4
28 36 35
28 38 15
28 40 25
28 41 22
28 43 16
28 44 13
28 46 3
28 47 18
28 48 23
28 49 11
28 54 46
28 56 58
28 57 0
28 58 44
28 59 37
29 1 25
29 4 46
29 8 24
29 9 21
29 11 36
29 14 27
29 16 15
29 17 26
29 18 59
29 19 6
29 20 42
29 21 18
29 22 2
29 28 48
29 30 56
29 32 34
29 34 9
29 35 13
29 37 14
29 39 40
29 40 10
29 41 54
29 42 1
29 43 52
29 45 8
29 47 43
29 48 28
29 49 35
29 51 33
29 52 41
29 54 53
29 55 5
29 56 12
29 57 39
30 0 8
30 1 2
30 2 20
30 3 29
30 4 7
30 5 24
30 7 12
30 8 47
30 9 14
30 12 1
30 13 54
30 15 48
30 16 40
30 18 16
30 20 44
30 21 50
30 22 6
30 23 15
30 25 0
30 28 13
30 29 37
30 30 36
30 31 9
30 34 17
30 35 58
30 36 32
30 37 35
30 39 22
30 40 3
30 42 25
30 43 26
30 44 38
30 45 21
30 46 30
30 47 33
30 48 41
30 49 42
30 52 28
30 53 53
30 54 55
30 56 39
30 57 46
30 59 51
31 0 29
31 1 19
31 2 47
31 3 35
31 4 50
31 5 3
31 6 37
31 7 24
31 8 21
31 10 53
31 12 15
31 13 58
31 16 52
31 17 17
31 19 49
31 20 33
31 21 40
31 22 55
31 24 20
31 26 44
31 28 57
31 30 1
31 31 26
31 32 48
31 34 42
31 35 45
31 36 59
31 38 43
31 39 14
31 40 54
31 41 12
31 42 2
31 43 32
31 45 27
31 46 18
31 47 51
31 48 56
31 49 22
31 53 25
31 54 36
31 55 10
31 57 4
31 58 31
31 59 38
32 0 16
32 1 49
32 3 5
32 4 34
32 5 31
32 6 2
32 9 43
32 10 30
32 11 27
32 13 37
32 14 33
32 17 25
32 22 0
32 23 23
32 24 32
32 25 38
32 26 26
32 27 57
32 28 21
32 29 41
32 31 36
32 32 7
32 35 11
32 36 24
32 37 44
32 38 28
32 39 15
32 40 9
32 41 3
32 42 51
32 45 47
32 46 53
32 48 1
32 50 22
32 51 8
32 54 54
32 55 42
32 56 48
32 57 45
32 58 39
32 59 40
33 0 35
33 1 50
33 2 45
33 3 37
33 4 11
33 5 29
33 6 53
33 7 22
33 8 59
33 10 26
33 12 44
33 14 41
33 16 28
33 18 2
33 20 12
33 23 32
33 24 40
33 25 56
33 26 55
33 27 10
33 28 0
33 30 23
33 32 14
33 33 54
33 36 52
33 37 31
33 38 19
33 39 58
33 42 3
33 43 57
33 45 13
33 46 36
33 50 27
33 52 20
33 53 47
33 54 18
33 55 4
33 56 34
33 59 21
34 1 48
34 2 54
34 3 12
34 4 42
34 7 50
34 8 57
34 10 17
34 11 6
34 12 24
34 13 8
34 15 44
34 19 9
34 20 46
34 21 19
34 22 59
34 24 15
34 26 41
34 27 20
34 28 53
34 29 1
34 31 29
34 32 49
34 33 34
34 34 47
34 35 23
34 38 14
34 39 16
34 40 28
34 41 37
34 44 33
34 45 3
34 47 56
34 49 18
34 50 40
34 51 13
34 53 51
34 54 31
34 55 32
34 56 25
34 57 58
34 58 36
34 59 27
35 0 42
35 2 13
35 4 53
35 6 22
35 7 21
35 8 17
35 9 29
35 10 15
35 12 19
35 13 26
35 14 47
35 15 20
35 16 35
35 18 10
35 19 58
35 20 54
35 21 0
35 24 41
35 26 14
35 28 30
35 29 55
35 31 4
35 32 8
35 34 37
35 35 31
35 36 43
35 38 27
35 41 6
35 42 50
35 43 39
35 44 36
35 47 23
35 49 56
35 50 44
35 52 24
35 53 18
35 55 48
35 56 2
35 58 45
35 59 46
36 0 50
36 1 18
36 2 5
36 3 17
36 4 28
36 5 55
36 7 41
36 9 49
36 11 44
36 12 22
36 13 48
36 14 56
36 15 24
36 17 21
36 18 35
36 19 40
36 20 30
36 21 57
36 22 19
36 23 58
36 24 42
36 25 46
36 26 45
36 27 15
36 28 2
36 29 20
36 30 16
36 31 51
36 32 25
36 33 32
36 34 59
36 35 27
36 38 23
36 39 11
36 42 9
36 44 52
36 45 4
36 47 1
36 48 13
36 49 39
36 50 26
36 51 14
36 52 53
36 53 7
36 54 37
36 57 12
36 59 33
37 1 15
37 2 11
37 4 35
37 5 57
37 6 31
37 8 25
37 9 51
37 10 37
37 13 46
37 14 39
37 15 7
37 16 47
37 17 48
37 19 0
37 20 13
37 22 22
37 23 27
37 24 3
37 25 54
37 26 58
37 27 49
37 28 10
37 30 32
37 32 33
37 33 24
37 35 36
37 36 4
37 39 20
37 41 40
37 42 52
37 43 53
37 44 43
37 45 45
37 46 19
37 47 5
37 48 29
37 49 16
37 52 44
37 53 56
37 54 1
37 55 55
37 56 28
37 58 23
37 59 34
38 0 52
38 1 22
38 2 10
38 3 1
38 4 23
38 5 40
38 6 26
38 7 15
38 9 54
38 12 45
38 13 56
38 15 32
38 16 53
38 17 13
38 18 43
38 19 41
38 21 5
38 22 7
38 23 17
38 24 6
38 25 3
38 26 19
38 28 29
38 29 33
38 32 59
38 34 34
38 35 25
38 36 8
38 37 18
38 39 9
38 41 39
38 42 49
38 43 12
38 45 37
38 47 58
38 48 4
38 49 28
38 53 24
38 56 42
38 57 20
39 1 12
39 3 13
39 4 37
39 5 11
39 6 49
39 7 29
39 9 15
39 14 50
39 16 26
39 17 32
39 19 27
39 21 39
39 24 44
39 27 48
39 28 16
39 30 45
39 31 24
39 32 46
39 33 21
39 34 23
39 35 8
39 36 20
39 37 33
39 38 40
39 39 28
39 40 57
39 42 59
39 44 17
39 45 58
39 46 47
39 47 55
39 48 10
39 49 7
39 50 36
39 52 42
39 54 56
39 55 19
39 56 18
39 58 22
39 59 1
40 1 23
40 2 38
40 3 0
40 5 32
40 6 41
40 9 8
40 10 49
40 11 14
40 13 29
40 14 13
40 15 39
40 17 43
40 18 37
40 19 47
40 20 45
40 21 54
40 23 7
40 25 24
40 26 11
40 29 3
40 30 48
40 33 53
40 34 57
40 35 33
40 36 26
40 37 5
40 38 35
40 39 2
40 40 15
40 41 17
40 42 28
40 45 36
40 46 9
40 48 44
40 49 19
40 50 58
40 51 25
40 52 30
40 53 31
40 54 12
40 55 56
40 56 40
40 57 16
40 58 27
40 59 59
41 2 26
41 3 46
41 6 4
41 9 10
41 10 14
41 12 25
41 13 52
41 14 18
41 15 2
41 16 38
41 17 57
41 18 44
41 19 11
41 20 5
41 23 43
41 24 24
41 25 13
41 26 9
41 27 7
41 28 17
41 29 36
41 32 30
41 33 41
41 34 27
41 37 16
41 38 21
41 39 8
41 40 19
41 41 59
41 42 12
41 43 51
41 44 3
41 45 28
41 46 1
41 48 20
41 49 49
41 50 32
41 51 0
41 52 56
41 53 42
41 54 40
41 55 6
41 56 23
41 57 15
41 58 50
41 59 54
42 1 33
42 2 6
42 3 23
42 5 51
42 6 9
42 7 31
42 8 56
42 10 54
42 13 36
42 14 34
42 15 53
42 18 22
42 19 16
42 20 25
42 21 8
42 22 29
42 23 46
42 24 48
42 26 7
42 27 14
42 29 43
42 31 35
42 34 28
42 38 42
42 42 57
42 47 19
42 49 3
42 50 10
42 51 52
42 52 4
42 53 59
42 55 20
42 57 13
42 59 11
43 0 14
43 1 24
43 2 28
43 4 13
43 5 50
43 6 1
43 7 7
43 8 0
43 9 25
43 10 20
43 12 31
43 13 2
43 14 29
43 16 12
43 17 37
43 18 48
43 19 33
43 21 11
43 22 47
43 25 44
43 26 27
43 27 34
43 31 56
43 33 26
43 34 16
43 36 41
43 37 40
43 40 46
43 41 21
43 42 35
43 43 54
43 44 22
43 47 4
43 48 15
43 49 59
43 51 6
43 52 3
43 53 52
43 54 42
43 57 10
43 58 38
43 59 39
44 5 25
44 6 40
44 7 53
44 8 19
44 9 50
44 10 56
44 11 49
44 12 29
44 13 27
44 15 12
44 19 2
44 20 23
44 21 33
44 22 13
44 23 42
44 25 57
44 26 46
44 27 59
44 28 52
44 29 28
44 30 15
44 31 47
44 32 35
44 33 38
44 34 6
44 36 44
44 37 20
44 39 31
44 40 34
44 41 11
44 42 32
44 43 9
44 46 48
44 47 30
44 48 5
44 50 24
44 51 17
44 53 36
44 55 45
44 56 37
44 57 41
44 59 26
45 2 56
45 3 21
45 4 16
45 6 54
45 7 26
45 8 18
45 9 32
45 10 34
45 11 17
45 14 52
45 15 19
45 17 41
45 18 30
45 20 49
45 21 15
45 22 25
45 23 40
45 25 27
45 26 4
45 27 22
45 28 6
45 29 29
45 30 51
45 31 46
45 32 10
45 33 9
45 34 55
45 35 59
45 36 57
45 37 8
45 38 33
45 41 28
45 42 5
45 43 14
45 44 24
45 45 39
45 46 43
45 47 44
45 48 58
45 49 31
45 50 12
45 52 36
45 53 35
45 54 13
45 55 50
45 58 3
45 59 23
46 3 6
46 6 8
46 9 13
46 10 43
46 11 58
46 12 21
46 13 57
46 14 20
46 15 15
46 16 45
46 17 28
46 18 31
46 19 51
46 20 3
46 21 25
46 23 29
46 24 10
46 26 32
46 29 0
46 30 42
46 31 40
46 32 44
46 35 47
46 36 56
46 37 46
46 38 1
46 40 30
46 42 22
46 43 37
46 45 41
46 47 54
46 49 14
46 50 7
46 52 11
46 54 2
46 55 38
46 56 36
46 57 17
46 58 19
46 59 18
47 2 1
47 4 31
47 6 50
47 8 30
47 9 53
47 11 33
47 12 10
47 13 49
47 14 48
47 15 36
47 18 4
47 19 45
47 21 58
47 22 39
47 23 20
47 24 29
47 25 18
47 28 37
47 30 6
47 31 21
47 33 16
47 34 35
47 36 11
47 37 3
47 39 55
47 40 22
47 41 26
47 42 24
47 43 43
47 44 2
47 45 12
47 46 13
47 47 41
47 48 38
47 49 54
47 50 0
47 51 9
47 53 17
47 54 25
47 55 40
47 56 7
47 57 27
47 59 19
48 0 51
48 1 10
48 2 3
48 3 19
48 4 43
48 5 56
48 6 32
48 9 36
48 10 25
48 11 55
48 12 16
48 13 53
48 14 6
48 17 42
48 18 11
48 19 48
48 22 57
48 23 52
48 24 34
48 25 29
48 27 12
48 28 14
48 32 5
48 33 13
48 34 45
48 35 46
48 37 23
48 38 30
48 39 49
48 40 20
48 42 0
48 44 8
48 50 35
48 52 7
48 55 17
48 56 21
48 57 18
48 59 41
49 0 25
49 1 38
49 2 37
49 3 3
49 7 59
49 9 44
49 10 57
49 11 0
49 12 13
49 13 15
49 16 7
49 18 9
49 21 20
49 23 11
49 24 30
49 25 12
49 26 10
49 27 39
49 28 49
49 29 24
49 30 58
49 32 28
49 33 2
49 34 1
49 35 55
49 36 23
49 40 33
49 41 50
49 42 53
49 43 42
49 45 35
49 46 46
49 49 48
49 50 5
49 51 36
49 52 52
49 54 8
49 55 31
49 56 4
49 57 40
49 59 47
50 0 57
50 1 16
50 2 19
50 7 32
50 9 27
50 11 45
50 12 34
50 15 52
50 16 4
50 17 1
50 19 18
50 21 7
50 22 26
50 23 54
50 24 43
50 25 22
50 26 17
50 27 28
50 28 20
50 29 58
50 30 24
50 31 13
50 32 15
50 36 3
50 38 31
50 39 56
50 40 51
50 41 42
50 42 44
50 43 50
50 44 39
50 45 23
50 49 55
50 50 25
50 51 59
50 52 49
50 53 38
50 54 10
50 55 29
50 56 41
50 57 36
50 58 48
50 59 8
51 4 32
51 5 10
51 7 40
51 8 28
51 9 52
51 10 48
51 11 29
51 12 27
51 13 24
51 14 51
51 15 26
51 17 46
51 18 53
51 19 21
51 20 38
51 21 34
51 24 12
51 25 43
51 26 0
51 29 16
51 30 49
51 31 7
51 33 1
51 35 2
51 36 58
51 39 4
51 41 45
51 42 56
51 44 30
51 45 15
51 47 59
51 48 57
51 51 3
51 52 14
51 54 50
51 57 23
51 59 42
52 0 10
52 1 29
52 2 30
52 3 45
52 4 6
52 5 44
52 6 23
52 9 28
52 10 59
52 11 54
52 12 53
52 14 37
52 15 8
52 16 16
52 17 47
52 18 15
52 19 4
52 21 9
52 24 55
52 27 27
52 28 11
52 29 34
52 30 41
52 31 22
52 34 51
52 35 43
52 37 36
52 39 35
52 40 38
52 42 17
52 43 56
52 44 42
52 45 2
52 50 1
52 52 31
52 54 19
52 56 5
53 1 27
53 2 23
53 3 4
53 6 44
53 7 34
53 8 43
53 10 45
53 11 1
53 13 28
53 14 10
53 15 42
53 16 46
53 17 18
53 20 31
53 21 21
53 22 56
53 23 26
53 24 49
53 25 58
53 26 38
53 29 52
53 30 19
53 31 0
53 33 6
53 34 40
53 36 14
53 37 53
53 38 24
53 39 25
53 40 12
53 41 9
53 42 15
53 43 3
53 44 55
53 45 32
53 48 59
53 49 20
53 50 39
53 51 22
53 52 54
53 53 57
53 55 11
53 56 50
53 57 8
53 58 41
54 0 32
54 1 59
54 2 8
54 3 14
54 4 58
54 5 21
54 6 42
54 7 39
54 8 52
54 9 22
54 11 38
54 12 26
54 13 55
54 14 35
54 15 23
54 17 16
54 18 20
54 20 37
54 21 53
54 22 5
54 25 2
54 26 3
54 27 24
54 28 15
54 29 6
54 30 46
54 31 1
54 32 27
54 33 57
54 35 56
54 36 40
54 38 36
54 41 44
54 42 19
54 44 48
54 46 51
54 48 18
54 49 9
54 50 4
54 51 30
54 52 43
54 53 0
54 57 47
54 58 49
55 0 26
55 2 24
55 3 11
55 4 49
55 6 57
55 7 30
55 12 54
55 13 45
55 14 59
55 16 2
55 17 52
55 18 33
55 19 36
55 20 4
55 21 35
55 22 51
55 24 38
55 26 43
55 27 46
55 28 18
55 30 40
55 31 50
55 32 9
55 33 8
55 34 3
55 35 42
55 36 6
55 38 32
55 39 23
55 40 48
55 41 7
55 42 10
55 43 47
55 44 28
55 45 56
55 46 31
55 47 25
55 49 27
55 50 13
55 52 34
55 54 39
55 55 58
55 56 55
55 57 29
55 59 16
56 3 32
56 4 52
56 5 7
56 7 28
56 8 14
56 9 55
56 11 18
56 12 9
56 14 42
56 15 10
56 16 58
56 17 38
56 18 29
56 20 56
56 21 36
56 22 44
56 23 19
56 25 41
56 27 43
56 28 34
56 29 59
56 30 31
56 32 47
56 34 49
56 35 57
56 36 54
56 37 1
56 40 17
56 41 16
56 42 40
56 43 5
56 44 4
56 45 33
56 47 12
56 48 46
56 49 50
56 50 21
56 51 20
56 55 51
56 56 15
56 57 24
56 58 13
56 59 0
57 0 18
57 2 2
57 4 38
57 7 58
57 9 40
57 11 13
57 12 30
57 15 29
57 17 44
57 18 28
57 19 14
57 20 39
57 22 33
57 23 53
57 24 26
57 25 37
57 28 4
57 29 45
57 30 11
57 31 3
57 33 43
57 34 50
57 35 0
57 36 47
57 37 19
57 38 41
57 39 48
57 40 8
57 41 52
57 43 35
57 44 46
57 45 22
57 46 27
57 48 25
57 49 6
57 51 57
57 52 23
57 54 21
57 55 1
57 57 42
57 58 51
58 1 58
58 3 10
58 4 45
58 6 46
58 7 37
58 10 13
58 11 48
58 13 38
58 14 4
58 15 41
58 18 39
58 19 34
58 20 24
58 22 8
58 24 36
58 27 0
58 28 33
58 30 52
58 31 19
58 32 21
58 33 5
58 35 50
58 36 17
58 38 51
58 39 59
58 40 26
58 41 14
58 42 23
58 43 22
58 44 27
58 45 30
58 46 55
58 47 49
58 49 1
58 50 28
58 51 42
58 52 6
58 53 20
58 55 25
58 57 9
58 58 12
58 59 53
59 1 45
59 2 49
59 3 44
59 4 1
59 5 41
59 6 27
59 7 9
59 8 4
59 10 2
59 11 39
59 12 12
59 13 40
59 14 58
59 15 5
59 16 10
59 18 3
59 19 42
59 20 36
59 22 32
59 23 18
59 24 0
59 26 6
59 27 26
59 28 35
59 30 28
59 31 33
59 36 31
59 37 25
59 39 13
59 40 24
59 41 15
59 42 14
59 43 55
59 45 11
59 46 57
59 47 53
59 48 8
59 50 54
59 53 37
59 54 20
59 55 23
59 56 17
59 57 19
59 58 29
59 59 22
