70
0 1 47
0 2 33
0 4 13
0 5 10
0 6 46
0 7 5
0 8 6
0 9 62
0 10 68
0 11 28
0 13 18
0 14 19
0 16 32
0 17 51
0 18 7
0 19 2
0 21 3
0 23 20
0 24 58
0 26 53
0 28 49
0 29 12
0 30 50
0 33 22
0 34 35
0 35 0
0 36 48
0 37 55
0 38 23
0 39 16
0 41 63
0 42 60
0 43 24
0 44 59
0 45 39
0 46 38
0 47 26
0 48 1
0 49 61
0 50 30
0 51 37
0 53 41
0 54 15
0 55 66
0 57 29
0 59 64
0 61 34
0 62 45
0 63 4
0 64 8
0 65 14
0 66 69
0 69 31
1 0 39
1 1 24
1 4 40
1 5 13
1 7 30
1 8 18
1 9 27
1 10 42
1 11 12
1 12 35
1 14 5
1 18 29
1 20 20
1 23 62
1 24 63
1 25 11
1 26 25
1 27 57
1 29 19
1 30 9
1 32 68
1 33 51
1 35 17
1 37 45
1 38 53
1 40 23
1 41 44
1 42 16
1 43 2
1 44 36
1 45 64
1 46 50
1 48 59
1 49 60
1 50 1
1 51 43
1 52 69
1 53 32
1 54 67
1 55 49
1 56 66
1 57 26
1 58 34
1 60 6
1 61 22
1 62 58
1 63 8
1 64 61
1 65 31
1 66 55
1 67 46
1 69 21
2 1 50
2 2 25
2 3 20
2 5 47
2 6 17
2 7 58
2 8 10
2 9 43
2 10 23
2 11 54
2 12 39
2 13 46
2 14 35
2 17 61
2 18 22
2 21 56
2 23 42
2 24 40
2 28 60
2 29 66
2 30 62
2 31 31
2 32 37
2 33 36
2 34 69
2 35 65
2 36 29
2 37 5
2 38 48
2 39 34
2 40 11
2 42 3
2 44 16
2 50 4
2 51 51
2 53 68
2 54 38
2 55 41
2 56 32
2 57 14
2 58 55
2 60 64
2 61 8
2 62 33
2 63 26
2 64 63
2 65 45
2 66 30
2 67 52
2 68 57
2 69 18
3 1 44
3 2 21
3 4 35
3 6 6
3 7 54
3 8 34
3 11 46
3 12 64
3 13 8
3 14 62
3 15 66
3 16 52
3 17 56
3 18 63
3 19 55
3 20 48
3 21 12
3 22 38
3 23 26
3 26 69
3 28 13
3 30 65
3 31 7
3 34 4
3 35 16
3 39 42
3 40 39
3 43 27
3 46 61
3 47 11
3 48 14
3 49 30
3 52 58
3 53 50
3 56 28
3 57 47
3 58 41
3 60 31
3 61 23
3 62 25
3 65 33
3 66 1
3 67 68
3 68 60
4 0 1
4 1 17
4 2 5
4 3 19
4 6 56
4 7 66
4 8 57
4 10 10
4 15 11
4 16 42
4 17 60
4 19 31
4 20 9
4 23 16
4 24 30
4 26 33
4 27 37
4 28 38
4 30 20
4 31 65
4 32 50
4 33 54
4 34 59
4 35 39
4 38 35
4 39 51
4 40 27
4 41 48
4 44 53
4 45 26
4 46 63
4 47 62
4 48 7
4 51 3
4 52 4
4 54 25
4 55 22
4 58 52
4 59 68
4 61 29
4 64 21
4 65 32
4 67 2
4 68 23
4 69 8
5 1 64
5 2 60
5 3 7
5 4 26
5 5 59
5 6 29
5 7 50
5 8 5
5 9 65
5 10 51
5 11 16
5 12 53
5 18 48
5 19 23
5 20 3
5 21 68
5 22 18
5 23 35
5 26 8
5 27 24
5 28 69
5 29 49
5 30 55
5 31 1
5 32 46
5 33 15
5 34 11
5 35 25
5 37 63
5 38 45
5 40 14
5 42 54
5 44 52
5 46 27
5 48 12
5 49 19
5 50 6
5 52 10
5 53 44
5 55 39
5 56 56
5 58 33
5 59 40
5 61 37
5 63 38
5 64 34
5 65 62
5 66 21
5 67 61
5 68 66
6 0 8
6 1 58
6 4 36
6 5 11
6 6 20
6 7 6
6 11 37
6 15 2
6 17 16
6 20 59
6 21 30
6 22 46
6 23 64
6 26 9
6 27 13
6 29 47
6 31 4
6 32 66
6 33 63
6 34 50
6 37 41
6 39 7
6 40 29
6 41 22
6 42 42
6 43 23
6 45 21
6 46 19
6 47 45
6 49 43
6 51 44
6 55 69
6 56 35
6 58 68
6 59 5
6 60 38
6 61 39
6 62 12
6 63 48
6 64 14
6 65 55
6 66 10
6 68 24
6 69 17
7 2 42
7 3 22
7 5 14
7 6 50
7 7 17
7 9 19
7 10 30
7 12 13
7 16 44
7 19 43
7 20 63
7 21 2
7 22 59
7 24 1
7 25 27
7 26 10
7 27 16
7 28 21
7 29 67
7 30 31
7 32 0
7 33 38
7 34 12
7 35 34
7 36 52
7 37 68
7 38 69
7 39 32
7 40 24
7 41 58
7 42 53
7 44 15
7 45 65
7 46 28
7 47 3
7 48 29
7 49 54
7 50 49
7 51 40
7 52 35
7 54 36
7 55 61
7 56 25
7 57 11
7 58 39
7 60 57
7 61 9
7 62 66
7 63 47
7 64 23
7 65 7
7 66 48
7 68 46
7 69 33
8 0 22
8 1 52
8 2 18
8 4 12
8 5 43
8 7 53
8 8 69
8 10 3
8 12 63
8 15 10
8 16 59
8 18 42
8 19 27
8 20 4
8 22 30
8 23 9
8 24 24
8 25 54
8 26 16
8 29 62
8 30 49
8 31 36
8 32 5
8 34 39
8 36 66
8 37 57
8 44 33
8 46 60
8 47 8
8 48 45
8 52 31
8 53 61
8 56 0
8 57 17
8 60 2
8 61 46
8 62 11
8 63 14
8 64 19
8 66 65
8 67 58
8 68 28
8 69 25
9 0 27
9 1 67
9 2 24
9 3 37
9 4 38
9 5 0
9 6 61
9 7 47
9 8 43
9 9 29
9 11 65
9 12 5
9 13 66
9 14 59
9 15 17
9 16 23
9 18 34
9 19 36
9 21 21
9 22 48
9 23 44
9 27 52
9 28 14
9 29 3
9 30 4
9 31 32
9 32 15
9 33 12
9 36 69
9 37 1
9 38 40
9 39 22
9 41 60
9 42 63
9 44 18
9 45 9
9 46 31
9 47 6
9 49 11
9 50 62
9 51 7
9 52 56
9 53 13
9 54 68
9 56 30
9 57 39
9 58 50
9 59 20
9 60 54
9 61 64
9 62 57
9 64 53
9 65 19
9 68 35
10 0 57
10 1 36
10 3 14
10 4 31
10 6 4
10 7 15
10 9 20
10 11 41
10 13 53
10 14 60
10 16 28
10 17 8
10 18 50
10 19 5
10 20 58
10 21 39
10 25 13
10 28 42
10 29 27
10 30 35
10 31 62
10 32 54
10 34 3
10 35 67
10 36 26
10 37 10
10 38 65
10 40 33
10 41 6
10 42 30
10 44 17
10 45 63
10 47 40
10 49 66
10 50 68
10 51 61
10 53 25
10 54 18
10 55 19
10 59 9
10 60 7
10 62 48
10 63 1
10 65 59
10 66 52
10 68 34
11 2 28
11 3 68
11 4 0
11 6 51
11 9 37
11 10 55
11 11 2
11 12 46
11 13 3
11 14 1
11 15 20
11 16 6
11 18 19
11 19 60
11 20 41
11 23 18
11 25 39
11 28 32
11 29 15
11 30 48
11 31 69
11 34 45
11 35 43
11 38 22
11 39 8
11 42 66
11 43 17
11 45 4
11 49 31
11 50 58
11 51 54
11 52 23
11 53 67
11 54 7
11 56 10
11 57 25
11 58 62
11 59 38
11 60 61
11 61 50
11 62 44
11 64 26
11 69 65
12 0 32
12 1 45
12 2 16
12 3 29
12 4 54
12 5 38
12 6 41
12 8 47
12 9 18
12 10 66
12 11 39
12 12 69
12 15 37
12 16 20
12 18 61
12 19 8
12 20 10
12 21 23
12 25 48
12 26 7
12 27 19
12 28 11
12 30 67
12 33 34
12 34 33
12 36 30
12 37 24
12 38 63
12 39 2
12 40 40
12 41 1
12 42 5
12 43 62
12 44 4
12 45 57
12 47 64
12 48 26
12 49 68
12 50 25
12 51 12
12 55 31
12 56 59
12 57 50
12 60 55
12 61 58
12 62 53
12 63 22
12 65 21
12 66 9
12 67 3
12 68 56
13 2 26
13 3 67
13 6 68
13 7 31
13 9 49
13 10 28
13 11 52
13 12 50
13 16 14
13 17 40
13 18 66
13 22 4
13 23 53
13 24 55
13 26 54
13 27 3
13 28 34
13 29 46
13 32 36
13 33 11
13 34 42
13 36 12
13 37 38
13 38 17
13 39 13
13 41 27
13 42 44
13 43 32
13 46 69
13 47 35
13 49 65
13 50 16
13 51 10
13 52 48
13 54 1
13 55 21
13 56 41
13 57 62
13 58 64
13 59 57
13 60 63
13 61 60
13 62 15
13 64 22
13 65 30
13 66 19
13 67 45
13 68 25
13 69 43
14 0 16
14 1 42
14 3 47
14 4 66
14 5 27
14 9 30
14 10 39
14 12 15
14 13 48
14 14 33
14 15 12
14 16 5
14 17 17
14 18 9
14 19 6
14 20 29
14 21 0
14 22 19
14 24 11
14 25 22
14 26 44
14 27 61
14 29 43
14 30 53
14 31 40
14 32 20
14 33 59
14 35 13
14 38 25
14 39 57
14 41 50
14 42 69
14 43 21
14 44 62
14 45 38
14 46 3
14 47 49
14 49 35
14 50 65
14 51 68
14 54 58
14 55 67
14 56 24
14 57 10
14 58 1
14 59 41
14 60 18
14 61 14
14 62 56
14 63 46
14 64 51
14 66 4
14 67 28
14 68 54
14 69 45
15 0 48
15 1 15
15 4 47
15 6 0
15 7 52
15 9 35
15 11 10
15 12 4
15 13 24
15 14 3
15 16 38
15 17 44
15 18 43
15 19 41
15 20 46
15 24 31
15 26 18
15 27 17
15 29 1
15 31 34
15 32 56
15 34 2
15 35 63
15 36 21
15 37 42
15 38 20
15 39 6
15 40 55
15 41 61
15 42 51
15 43 14
15 46 59
15 47 36
15 49 22
15 50 69
15 51 27
15 52 8
15 53 45
15 54 13
15 55 23
15 56 37
15 57 28
15 58 32
15 60 66
15 61 26
15 63 65
15 64 11
15 65 39
15 66 49
15 67 50
16 0 18
16 2 32
16 3 44
16 4 41
16 5 19
16 6 2
16 7 14
16 8 9
16 9 61
16 10 22
16 11 53
16 12 38
16 15 59
16 16 24
16 17 57
16 18 8
16 19 33
16 20 16
16 22 1
16 24 37
16 27 58
16 28 25
16 29 36
16 31 46
16 33 68
16 36 15
16 37 69
16 38 52
16 39 65
16 40 3
16 41 55
16 42 49
16 43 31
16 46 12
16 47 7
16 48 39
16 52 27
16 53 42
16 54 34
16 55 11
16 57 43
16 58 6
16 59 23
16 65 5
16 66 26
16 67 51
16 68 20
17 0 25
17 2 40
17 3 42
17 4 39
17 6 3
17 8 28
17 9 46
17 11 15
17 12 9
17 14 26
17 15 30
17 17 0
17 19 64
17 20 61
17 21 69
17 23 38
17 24 4
17 25 7
17 27 10
17 28 24
17 29 50
17 30 21
17 33 33
17 35 6
17 36 59
17 37 11
17 39 48
17 41 45
17 44 27
17 45 18
17 47 60
17 48 58
17 49 17
17 50 20
17 51 31
17 52 16
17 53 66
17 54 53
17 55 12
17 57 36
17 58 49
17 60 8
17 61 57
17 63 62
17 64 67
17 66 47
17 67 54
17 69 68
18 1 53
18 2 39
18 3 26
18 4 17
18 5 9
18 6 33
18 7 32
18 8 41
18 10 19
18 12 58
18 13 68
18 14 38
18 15 40
18 16 56
18 17 2
18 18 11
18 20 35
18 21 27
18 22 14
18 24 43
18 25 59
18 26 15
18 28 55
18 29 37
18 30 12
18 31 20
18 32 61
18 33 4
18 38 34
18 39 45
18 43 42
18 44 31
18 45 25
18 46 6
18 47 50
18 48 5
18 49 24
18 50 47
18 51 16
18 53 28
18 54 66
18 55 65
18 56 48
18 57 44
18 58 30
18 59 21
18 60 0
18 61 69
18 63 10
18 64 29
18 65 63
18 66 62
18 68 67
18 69 1
19 0 50
19 1 56
19 3 28
19 4 52
19 5 41
19 8 61
19 9 48
19 10 6
19 11 26
19 15 57
19 16 43
19 17 55
19 20 54
19 22 60
19 23 68
19 24 14
19 25 42
19 26 30
19 27 4
19 28 1
19 30 66
19 31 25
19 32 53
19 33 3
19 38 31
19 39 23
19 40 38
19 41 59
19 43 63
19 44 37
19 45 58
19 46 49
19 47 9
19 49 2
19 50 45
19 51 19
19 53 7
19 55 15
19 56 69
19 57 5
19 58 67
19 59 39
19 60 35
19 62 32
19 63 34
19 64 33
19 66 17
19 68 0
19 69 10
20 0 43
20 1 20
20 2 54
20 4 65
20 5 23
20 6 27
20 7 28
20 9 52
20 10 0
20 11 6
20 12 10
20 15 5
20 16 13
20 18 16
20 20 64
20 22 51
20 23 55
20 24 25
20 25 30
20 27 21
20 28 45
20 29 41
20 32 22
20 33 7
20 34 38
20 36 36
20 37 44
20 39 49
20 42 33
20 43 48
20 44 42
20 46 11
20 47 39
20 48 31
20 49 40
20 50 35
20 51 69
20 54 50
20 55 56
20 56 67
20 57 18
20 58 58
20 59 29
20 60 17
20 62 9
20 63 37
20 64 15
20 65 4
20 66 32
20 67 12
20 68 14
20 69 34
21 0 46
21 1 62
21 2 15
21 3 17
21 4 61
21 6 35
21 7 68
21 8 11
21 9 31
21 10 64
21 11 57
21 12 44
21 13 28
21 14 27
21 15 19
21 16 50
21 17 58
21 18 37
21 20 18
21 21 6
21 22 49
21 23 48
21 24 36
21 25 69
21 26 20
21 27 32
21 29 42
21 31 39
21 33 52
21 34 23
21 35 22
21 36 43
21 38 67
21 39 4
21 40 34
21 41 21
21 42 59
21 43 30
21 45 13
21 46 45
21 48 3
21 49 41
21 50 55
21 54 54
21 55 26
21 58 12
21 59 66
21 60 9
21 62 29
21 63 56
21 65 25
21 66 51
21 68 10
22 0 53
22 1 22
22 2 27
22 3 5
22 5 55
22 6 45
22 8 68
22 9 34
22 10 8
22 11 38
22 12 6
22 13 61
22 15 69
22 17 32
22 18 12
22 19 57
22 21 41
22 22 66
22 23 39
22 24 2
22 25 29
22 28 52
22 29 16
22 31 30
22 32 63
22 33 49
22 34 62
22 36 50
22 37 21
22 38 44
22 40 28
22 42 35
22 43 60
22 44 9
22 46 10
22 47 56
22 48 54
22 49 37
22 51 13
22 53 18
22 55 64
22 56 58
22 57 40
22 58 59
22 59 0
22 60 43
22 61 67
22 62 20
22 63 19
22 66 15
22 67 47
22 68 17
22 69 23
23 1 49
23 2 38
23 3 23
23 4 29
23 6 58
23 7 39
23 8 17
23 10 33
23 11 50
23 12 22
23 14 51
23 15 4
23 16 0
23 17 67
23 18 44
23 21 9
23 22 20
23 23 10
23 25 19
23 27 66
23 28 64
23 29 45
23 30 2
23 32 41
23 33 42
23 34 1
23 37 56
23 38 54
23 41 15
23 42 34
23 43 46
23 44 12
23 45 30
23 46 36
23 47 5
23 48 52
23 49 3
23 50 8
23 51 60
23 53 14
23 54 59
23 55 62
23 56 27
23 57 32
23 58 11
23 59 47
23 60 16
23 62 37
23 64 69
23 66 43
23 67 35
23 69 13
24 0 66
24 1 3
24 2 59
24 3 35
24 4 7
24 5 49
24 6 60
24 7 67
24 8 21
24 9 41
24 10 36
24 11 8
24 13 52
24 16 11
24 17 37
24 18 57
24 19 0
24 20 39
24 22 28
24 30 22
24 31 19
24 32 24
24 34 34
24 35 54
24 36 68
24 37 23
24 38 62
24 40 56
24 42 13
24 43 45
24 44 29
24 45 48
24 48 25
24 49 58
24 50 51
24 52 15
24 53 53
24 55 18
24 56 26
24 58 16
24 59 61
24 63 32
24 66 46
24 67 30
24 68 1
24 69 64
25 0 60
25 1 10
25 2 8
25 3 12
25 4 37
25 5 22
25 8 42
25 9 47
25 11 63
25 12 49
25 13 26
25 14 14
25 16 39
25 17 50
25 19 13
25 20 19
25 22 62
25 24 18
25 25 24
25 28 4
25 29 23
25 32 28
25 35 29
25 36 45
25 37 51
25 38 46
25 39 20
25 40 68
25 41 56
25 42 27
25 46 30
25 47 0
25 51 66
25 52 61
25 54 11
25 56 57
25 57 9
25 58 17
25 59 69
25 60 25
25 61 31
25 62 21
25 63 64
25 64 58
25 68 44
25 69 35
26 0 47
26 1 31
26 2 6
26 4 22
26 5 37
26 6 23
26 8 55
26 10 7
26 11 60
26 12 48
26 14 28
26 16 29
26 17 14
26 18 40
26 19 62
26 20 24
26 21 17
26 22 11
26 23 66
26 24 0
26 25 51
26 26 61
26 29 69
26 30 43
26 31 27
26 33 21
26 35 59
26 36 1
26 37 9
26 38 39
26 39 44
26 40 18
26 42 67
26 43 58
26 47 32
26 49 34
26 51 33
26 54 4
26 55 3
26 56 45
26 57 13
26 58 36
26 59 8
26 61 54
26 62 68
26 64 41
26 65 65
26 66 63
26 67 15
26 68 42
27 3 43
27 4 23
27 5 2
27 6 11
27 7 10
27 8 53
27 9 42
27 10 1
27 12 25
27 13 56
27 14 20
27 15 58
27 16 12
27 17 36
27 19 52
27 21 46
27 22 21
27 25 0
27 26 14
27 27 22
27 29 7
27 31 44
27 32 45
27 35 33
27 36 62
27 37 16
27 38 28
27 39 47
27 40 66
27 42 38
27 43 37
27 44 13
27 46 67
27 47 15
27 49 55
27 52 54
27 53 57
27 54 69
27 55 40
27 56 6
27 57 35
27 59 51
27 61 4
27 62 63
27 63 31
27 65 27
27 66 50
27 67 49
27 69 41
28 0 20
28 1 57
28 2 50
28 3 31
28 5 28
28 6 65
28 7 35
28 8 51
28 9 44
28 10 49
28 11 9
28 15 60
28 16 47
28 18 1
28 19 22
28 20 11
28 21 25
28 22 41
28 23 0
28 24 62
28 25 63
28 26 59
28 27 12
28 28 56
28 31 16
28 32 4
28 33 46
28 35 52
28 36 8
28 37 32
28 39 27
28 40 2
28 42 55
28 43 61
28 44 38
28 45 40
28 48 42
28 49 15
28 50 23
28 51 26
28 53 17
28 54 43
28 57 48
28 58 3
28 59 37
28 60 19
28 61 45
28 62 34
28 63 13
28 64 64
28 65 69
28 66 6
28 67 39
28 68 58
28 69 24
29 0 33
29 1 7
29 2 19
29 3 50
29 4 15
29 5 31
29 7 23
29 9 51
29 10 35
29 11 4
29 13 16
29 14 65
29 16 48
29 18 64
29 19 10
29 20 60
29 21 13
29 23 54
29 24 27
29 25 49
29 26 32
29 28 6
29 31 28
29 33 0
29 34 58
29 35 40
29 37 46
29 38 55
29 39 29
29 40 12
29 42 1
29 43 68
29 44 26
29 45 37
29 47 17
29 48 53
29 49 56
29 50 34
29 51 2
29 52 38
29 55 43
29 56 47
29 57 8
29 58 57
29 60 62
29 61 52
29 62 59
29 63 25
29 64 9
29 65 3
29 67 14
29 69 20
30 1 16
30 2 53
30 3 3
30 4 59
30 5 50
30 6 14
30 7 0
30 8 35
30 9 24
30 11 1
30 12 67
30 13 54
30 14 17
30 16 4
30 17 6
30 18 23
30 19 18
30 20 15
30 23 7
30 26 37
30 27 26
30 28 36
30 29 33
30 30 47
30 32 49
30 33 30
30 34 27
30 35 19
30 36 2
30 38 64
30 42 22
30 44 45
30 46 62
30 47 25
30 48 56
30 49 9
30 51 58
30 52 57
30 53 55
30 54 8
30 55 32
30 56 20
30 59 12
30 60 46
30 62 31
30 63 44
30 64 65
30 66 28
30 68 43
30 69 66
31 0 12
31 1 29
31 2 1
31 3 63
31 5 30
31 6 39
31 7 62
31 8 56
31 10 46
31 12 19
31 13 15
31 14 32
31 16 67
31 17 4
31 18 17
31 19 21
31 20 49
31 21 42
31 22 65
31 24 45
31 26 51
31 27 18
31 28 16
31 29 0
31 30 68
31 31 26
31 32 58
31 35 37
31 36 53
31 37 47
31 38 11
31 40 57
31 41 36
31 42 41
31 45 59
31 46 8
31 48 66
31 49 64
31 53 38
31 54 31
31 55 35
31 57 24
31 60 22
31 61 43
31 62 3
31 64 44
31 65 48
31 66 14
31 68 69
32 1 68
32 2 31
32 5 63
32 7 55
32 9 5
32 10 41
32 11 22
32 12 43
32 13 27
32 14 49
32 15 23
32 19 69
32 21 8
32 23 52
32 24 50
32 25 45
32 27 62
32 28 54
32 29 44
32 30 14
32 32 29
32 33 53
32 34 66
32 37 67
32 38 61
32 39 56
32 40 13
32 41 20
32 42 17
32 44 10
32 45 28
32 47 24
32 48 47
32 52 40
32 56 11
32 57 34
32 58 60
32 59 6
32 63 42
32 64 16
32 65 18
32 67 19
32 68 4
33 0 45
33 1 59
33 2 69
33 4 25
33 5 66
33 6 44
33 7 11
33 8 4
33 9 2
33 10 16
33 12 26
33 13 14
33 17 46
33 18 15
33 20 43
33 21 34
33 23 32
33 24 23
33 25 3
33 26 60
33 27 40
33 31 68
33 32 55
33 33 31
33 34 13
33 37 61
33 38 42
33 41 18
33 42 50
33 43 56
33 44 48
33 45 62
33 48 20
33 50 41
33 52 67
33 53 65
33 54 12
33 55 33
33 56 22
33 57 19
33 60 30
33 62 36
33 63 63
33 64 54
33 65 38
33 69 28
34 1 12
34 2 22
34 5 44
34 6 15
34 7 45
34 8 58
34 9 9
34 10 57
34 11 40
34 12 18
34 13 7
34 14 66
34 15 35
34 17 48
34 18 32
34 19 68
34 21 33
34 22 50
34 26 62
34 27 29
34 28 47
34 30 34
34 33 27
34 34 31
34 35 20
34 36 5
34 39 1
34 40 54
34 42 39
34 44 49
34 46 46
34 47 52
34 48 10
34 49 21
34 50 63
34 51 38
34 52 26
34 53 43
34 54 6
34 55 55
34 56 23
34 58 2
34 59 11
34 60 13
34 61 3
34 62 16
34 63 67
34 64 37
34 66 59
34 67 42
34 68 36
34 69 30
35 2 51
35 3 52
35 5 58
35 6 19
35 7 41
35 8 3
35 9 32
35 10 27
35 12 29
35 13 22
35 15 50
35 16 35
35 17 10
35 18 38
35 19 20
35 21 18
35 22 2
35 23 47
35 24 49
35 26 56
35 27 36
35 28 28
35 29 68
35 30 64
35 33 67
35 34 30
35 35 48
35 36 0
35 37 8
35 38 57
35 39 11
35 40 15
35 41 34
35 43 12
35 44 54
35 45 7
35 46 55
35 50 24
35 51 25
35 52 14
35 53 4
35 54 42
35 58 40
35 59 62
35 60 33
35 62 69
35 65 1
35 67 23
35 69 59
36 0 7
36 3 59
36 4 24
36 7 19
36 8 40
36 9 17
36 10 20
36 11 14
36 13 55
36 14 34
36 16 66
36 17 47
36 18 69
36 19 45
36 20 32
36 21 57
36 22 31
36 23 12
36 24 38
36 25 44
36 26 36
36 27 60
36 29 2
36 31 50
36 34 15
36 35 58
36 37 30
36 38 27
36 39 63
36 40 51
36 41 4
36 44 64
36 46 41
36 47 46
36 48 21
36 49 29
36 50 33
36 51 9
36 52 5
36 54 65
36 55 8
36 56 43
36 57 3
36 58 61
36 61 62
36 62 23
36 64 39
36 65 53
36 66 22
36 67 26
36 68 16
37 0 44
37 2 37
37 3 38
37 4 33
37 5 67
37 6 63
37 7 42
37 8 15
37 9 54
37 10 13
37 11 3
37 12 1
37 13 59
37 14 45
37 15 21
37 16 64
37 18 51
37 19 53
37 20 47
37 21 49
37 23 50
37 24 56
37 28 9
37 29 31
37 32 27
37 33 10
37 36 20
37 37 65
37 40 16
37 41 32
37 42 58
37 43 35
37 44 57
37 48 36
37 49 48
37 50 66
37 51 14
37 52 39
37 53 5
37 54 61
37 55 2
37 56 12
37 58 69
37 59 19
37 60 24
37 61 11
37 64 4
37 66 18
37 67 62
37 68 26
37 69 52
38 0 34
38 2 56
38 3 36
38 4 27
38 5 24
38 6 38
38 7 40
38 8 22
38 9 28
38 10 21
38 15 0
38 16 63
38 17 26
38 19 67
38 20 45
38 21 66
38 22 25
38 24 54
38 25 8
38 28 29
38 29 61
38 30 52
38 31 33
38 32 13
38 33 19
38 34 14
38 35 64
38 36 46
38 37 58
38 38 5
38 40 9
38 41 7
38 42 68
38 43 18
38 45 32
38 46 17
38 47 59
38 50 15
38 52 44
38 53 10
38 54 20
38 57 31
38 58 53
38 60 51
38 62 41
38 63 3
38 64 43
38 65 57
38 66 37
38 68 2
38 69 60
39 1 19
39 2 66
39 3 65
39 4 14
39 5 61
39 6 32
39 8 62
39 9 7
39 10 9
39 12 27
39 13 4
39 14 46
39 17 30
39 19 1
39 20 12
39 22 63
39 23 59
39 25 17
39 26 34
39 27 11
39 28 48
39 29 38
39 30 56
39 31 18
39 32 40
39 33 20
39 34 16
39 36 41
39 37 53
39 38 37
39 39 33
39 40 43
39 41 54
39 43 50
39 45 44
39 46 47
39 47 51
39 48 69
39 49 45
39 50 2
39 51 29
39 52 6
39 53 21
39 54 60
39 55 28
39 58 23
39 59 25
39 62 49
39 63 52
39 64 0
39 65 42
39 66 36
39 67 24
39 68 39
39 69 3
40 0 3
40 1 34
40 2 20
40 4 8
40 5 1
40 6 62
40 7 9
40 8 36
40 9 4
40 10 61
40 11 17
40 12 32
40 13 42
40 16 60
40 17 31
40 18 28
40 19 65
40 20 30
40 23 67
40 24 52
40 25 56
40 26 58
40 27 44
40 30 39
40 31 57
40 32 14
40 33 18
40 34 40
40 35 5
40 39 66
40 40 26
40 41 2
40 42 47
40 44 35
40 45 45
40 47 19
40 48 38
40 51 22
40 52 53
40 53 63
40 57 33
40 58 54
40 59 16
40 61 55
40 63 24
40 64 12
40 65 23
40 66 68
40 67 10
40 68 37
41 0 54
41 1 28
41 2 55
41 3 45
41 4 42
41 6 30
41 7 60
41 8 1
41 9 59
41 11 44
41 12 65
41 13 50
41 15 41
41 17 25
41 18 31
41 19 32
41 20 66
41 21 53
41 22 64
41 23 21
41 24 15
41 25 40
41 27 7
41 28 8
41 29 29
41 30 36
41 31 10
41 33 26
41 35 68
41 36 9
41 37 37
41 39 38
41 40 61
41 41 43
41 43 39
41 47 23
41 48 27
41 51 11
41 52 2
41 54 24
41 56 3
41 57 20
41 58 13
41 59 56
41 61 6
41 63 49
41 65 17
41 69 51
42 0 55
42 1 13
42 3 64
42 4 32
42 6 5
42 7 27
42 8 24
42 10 38
42 11 67
42 12 68
42 13 23
42 16 45
42 17 1
42 19 61
42 20 31
42 21 28
42 23 19
42 24 42
42 25 57
42 27 39
42 28 40
42 29 17
42 30 15
42 31 0
42 33 47
42 35 69
42 38 8
42 40 59
42 41 12
42 42 6
42 45 35
42 46 65
42 47 30
42 50 37
42 51 56
42 53 34
42 54 2
42 55 36
42 56 50
42 58 21
42 59 33
42 60 53
42 61 18
42 62 14
42 63 60
42 64 10
42 66 54
42 67 7
42 68 48
42 69 4
43 0 9
43 1 43
43 2 62
43 4 57
43 5 20
43 6 47
43 8 0
43 9 67
43 10 60
43 11 58
43 12 42
43 13 30
43 14 52
43 16 2
43 17 35
43 18 49
43 21 5
43 23 11
43 25 26
43 28 46
43 31 29
43 32 39
43 33 40
43 34 37
43 35 44
43 36 64
43 37 15
43 38 21
43 39 55
43 41 38
43 42 48
43 45 10
43 46 13
43 47 53
43 48 51
43 49 14
43 50 22
43 51 41
43 53 19
43 54 28
43 55 16
43 57 54
43 59 18
43 60 69
43 63 36
43 66 33
43 67 59
43 68 3
43 69 63
44 0 59
44 1 11
44 2 4
44 4 51
44 5 25
44 8 50
44 9 63
44 11 21
44 13 69
44 14 48
44 15 49
44 18 24
44 19 34
44 20 62
44 21 38
44 22 35
44 23 13
44 25 18
44 27 31
44 28 12
44 29 54
44 30 6
44 31 23
44 32 16
44 34 0
44 36 42
44 38 3
44 40 7
44 42 9
44 43 57
44 44 55
44 46 68
44 47 10
44 48 61
44 53 37
44 54 45
44 55 14
44 56 53
44 57 27
44 58 29
44 60 47
44 63 58
44 66 39
44 67 33
44 68 8
45 0 19
45 2 57
45 3 0
45 4 48
45 5 18
45 6 53
45 8 7
45 9 33
45 10 15
45 11 61
45 12 31
45 14 69
45 16 58
45 17 9
45 18 55
45 20 26
45 21 45
45 22 23
45 24 5
45 25 36
45 26 42
45 27 50
45 28 65
45 29 34
45 30 10
45 31 21
45 32 12
45 35 56
45 36 60
45 39 17
45 41 41
45 42 43
45 43 3
45 44 68
45 46 24
45 47 38
45 49 59
45 51 62
45 52 52
45 53 47
45 54 49
45 56 8
45 60 11
45 62 27
45 63 39
45 64 13
45 65 6
45 67 16
46 0 23
46 2 30
46 3 51
46 4 4
46 5 56
46 7 48
46 8 39
46 9 6
46 10 43
46 11 18
46 13 31
46 18 10
46 19 14
46 23 8
46 24 32
46 26 1
46 29 52
46 30 37
46 32 3
46 33 13
46 35 12
46 36 25
46 37 59
46 38 66
46 39 54
46 40 5
46 41 29
46 42 45
46 43 28
46 44 20
46 45 16
46 46 40
46 47 41
46 48 50
46 49 49
46 50 64
46 51 47
46 54 9
46 55 27
46 57 21
46 58 44
46 59 34
46 60 60
46 61 33
46 63 15
46 64 36
46 65 58
46 66 2
46 68 68
46 69 69
47 1 26
47 3 4
47 4 2
47 5 48
47 6 37
47 7 46
47 9 36
47 10 24
47 11 31
47 12 23
47 13 32
47 14 39
47 16 34
47 17 11
47 19 19
47 20 69
47 22 55
47 23 28
47 26 29
47 27 42
47 28 30
47 29 8
47 30 51
47 31 35
47 32 33
47 33 58
47 34 17
47 36 65
47 37 3
47 40 50
47 43 66
47 45 41
47 48 18
47 49 62
47 51 59
47 52 68
47 55 25
47 56 54
47 57 1
47 58 38
47 61 56
47 63 27
47 64 47
47 65 22
47 66 13
47 69 44
48 0 14
48 1 18
48 2 34
48 3 46
48 4 43
48 5 16
48 6 59
48 7 13
48 8 2
48 9 69
48 10 62
48 12 3
48 14 54
48 16 51
48 18 65
48 20 44
48 21 1
48 22 27
48 23 24
48 24 60
48 25 66
48 27 23
48 29 25
48 30 38
48 31 17
48 33 28
48 34 47
48 35 41
48 37 50
48 38 9
48 39 26
48 41 31
48 43 11
48 45 55
48 46 22
48 47 21
48 49 53
48 50 12
48 53 29
48 54 63
48 56 40
48 58 0
48 59 15
48 60 68
48 61 49
48 62 19
48 63 33
48 64 7
48 68 32
49 0 62
49 1 0
49 2 14
49 3 69
49 4 20
49 5 68
49 7 22
49 8 54
49 9 25
49 10 18
49 14 55
49 16 15
49 17 38
49 18 13
49 19 48
49 21 31
49 25 21
49 27 49
49 28 17
49 29 5
49 30 45
49 32 9
49 33 1
49 34 36
49 37 12
49 38 58
49 39 10
49 40 35
49 41 53
49 42 28
49 43 51
49 45 33
49 46 32
49 48 63
49 50 52
49 52 3
49 53 27
49 54 19
49 55 30
49 58 43
49 60 65
49 62 26
49 63 11
49 65 46
49 67 60
49 68 64
50 0 58
50 1 5
50 2 11
50 3 13
50 5 3
50 6 24
50 9 8
50 12 45
50 13 34
50 14 23
50 15 65
50 16 69
50 18 54
50 23 60
50 24 33
50 25 52
50 26 4
50 27 48
50 29 18
50 30 41
50 34 68
50 35 10
50 38 2
50 39 25
50 41 64
50 42 12
50 43 59
50 44 44
50 45 1
50 47 47
50 49 42
50 50 43
50 51 36
50 52 30
50 53 9
50 54 22
50 55 57
50 57 49
50 59 55
50 60 20
50 61 53
50 62 67
50 64 6
50 68 50
50 69 39
51 1 35
51 2 12
51 4 49
51 5 62
51 7 61
51 8 29
51 11 11
51 13 33
51 17 23
51 18 4
51 19 24
51 20 22
51 22 37
51 23 3
51 24 9
51 25 28
51 26 65
51 27 47
51 28 15
51 29 6
51 31 41
51 32 26
51 33 64
51 34 44
51 35 8
51 37 39
51 38 50
51 40 1
51 41 19
51 42 21
51 43 38
51 44 66
51 45 56
51 46 57
51 48 68
51 51 46
51 52 34
51 53 20
51 54 27
51 57 60
51 58 48
51 59 14
51 61 0
51 62 43
51 65 2
51 66 40
51 67 25
51 68 45
51 69 54
52 1 32
52 2 7
52 3 60
52 4 11
52 5 17
52 6 10
52 7 16
52 8 31
52 10 63
52 11 49
52 12 2
52 13 38
52 14 42
52 15 3
52 16 25
52 17 65
52 20 34
52 22 67
52 23 57
52 26 68
52 27 9
52 29 26
52 30 8
52 32 21
52 33 48
52 35 35
52 36 28
52 37 33
52 38 18
52 39 64
52 40 41
52 41 30
52 44 61
52 46 1
52 47 4
52 50 39
52 53 6
52 54 62
52 55 24
52 56 44
52 57 52
52 58 5
52 59 50
52 61 19
52 65 12
52 66 45
52 67 29
52 68 13
53 0 69
53 3 15
53 4 45
53 5 33
53 7 65
53 8 26
53 9 39
53 11 64
53 13 5
53 14 50
53 19 58
53 20 52
53 23 2
53 25 31
53 26 28
53 27 54
53 31 22
53 38 56
53 41 51
53 42 61
53 43 6
53 44 21
53 45 8
53 46 42
53 49 4
53 50 46
53 51 18
53 52 29
53 53 1
53 54 37
53 56 34
53 57 23
53 58 47
53 59 36
53 60 67
53 62 0
53 63 9
53 65 13
53 66 25
53 67 55
53 68 11
54 0 15
54 1 25
54 2 49
54 3 61
54 5 8
54 6 43
54 7 69
54 8 63
54 9 23
54 11 30
54 14 56
54 15 39
54 17 42
54 19 35
54 20 14
54 21 11
54 22 6
54 23 58
54 24 3
54 26 13
54 27 41
54 28 27
54 29 53
54 30 57
54 34 46
54 36 55
54 38 38
54 40 45
54 42 20
54 43 34
54 44 65
54 45 51
54 46 64
54 50 28
54 51 17
54 52 1
54 53 31
54 54 0
54 55 44
54 57 67
54 58 24
54 60 36
54 62 62
54 63 5
54 64 48
54 65 66
55 0 42
55 1 66
55 3 62
55 5 15
55 7 34
55 11 5
55 12 30
55 13 19
55 14 64
55 16 18
55 17 27
55 18 60
55 19 9
55 20 17
55 21 63
55 23 1
55 24 13
55 25 4
55 26 41
55 28 57
55 29 11
55 31 3
55 32 31
55 33 65
55 35 21
55 36 10
55 37 20
55 38 24
55 39 61
55 40 48
55 41 28
55 42 2
55 43 33
55 45 6
55 46 16
55 49 52
55 50 56
55 52 49
55 53 58
55 55 47
55 57 37
55 58 22
55 60 26
55 61 12
55 62 8
55 64 55
55 66 67
55 67 53
55 69 32
56 1 4
56 2 63
56 5 46
56 6 25
56 7 7
56 8 19
56 10 32
56 11 68
56 12 16
56 13 10
56 15 1
56 16 62
56 17 3
56 18 2
56 19 38
56 20 33
56 23 37
56 24 66
56 26 22
56 30 44
56 31 64
56 32 51
56 33 24
56 34 26
56 35 57
56 39 35
56 40 52
56 41 17
56 42 14
56 43 43
56 44 50
56 45 69
56 47 28
56 49 67
56 50 53
56 51 45
56 52 13
56 53 12
56 54 23
56 55 34
56 57 56
56 58 8
56 59 31
56 60 41
56 61 27
56 62 42
56 65 61
56 66 58
56 67 18
56 68 49
57 0 29
57 2 45
57 4 56
57 5 12
57 6 28
57 7 1
57 8 37
57 9 14
57 12 8
57 14 25
57 15 68
57 18 0
57 20 50
57 22 16
57 23 61
57 24 22
57 27 63
57 29 48
57 31 43
57 32 38
57 33 69
57 34 60
57 35 11
57 37 13
57 39 59
57 40 65
57 42 31
57 44 67
57 45 66
57 46 2
57 48 24
57 50 17
57 51 39
57 52 64
57 53 3
57 54 33
57 55 46
57 56 18
57 58 27
57 60 58
57 61 15
57 63 53
57 64 40
57 65 41
57 66 57
57 69 5
58 0 26
58 1 23
58 4 67
58 6 31
58 8 64
58 9 15
58 10 40
58 12 51
58 13 13
58 14 12
58 15 34
58 16 22
58 17 54
58 18 30
58 21 35
58 22 10
58 23 41
58 24 61
58 25 16
58 26 38
58 28 2
58 29 21
58 30 7
58 31 52
58 33 25
58 35 46
58 36 58
58 37 60
58 39 39
58 41 8
58 42 57
58 44 28
58 45 43
58 47 20
58 48 6
58 49 5
58 50 36
58 51 24
58 52 32
58 55 59
58 56 33
58 57 53
58 58 14
58 59 27
58 60 29
58 62 50
58 64 68
58 65 47
58 66 11
58 67 44
58 69 0
59 0 51
59 1 63
59 2 10
59 3 2
59 4 5
59 5 54
59 6 13
59 7 59
59 8 14
59 9 12
59 10 34
59 12 33
59 13 44
59 14 31
59 15 28
59 16 65
59 18 35
59 19 11
59 20 6
59 21 60
59 22 22
59 23 40
59 24 20
59 26 66
59 27 15
59 28 39
59 30 69
59 31 49
59 35 62
59 37 64
59 39 58
59 40 4
59 41 46
59 42 8
59 44 25
59 46 26
59 48 32
59 49 1
59 52 9
59 54 47
59 55 48
59 56 42
59 57 30
59 58 18
59 59 43
59 62 38
59 63 41
59 64 27
59 67 37
59 68 29
60 1 48
60 2 44
60 4 1
60 5 35
60 6 67
60 9 16
60 11 47
60 12 55
60 14 24
60 15 32
60 17 41
60 18 45
60 19 49
60 20 38
60 21 59
60 23 22
60 24 7
60 25 9
60 26 0
60 27 53
60 28 66
60 29 40
60 31 2
60 33 57
60 34 8
60 36 23
60 37 26
60 38 10
60 40 30
60 41 5
60 42 37
60 43 13
60 45 31
60 47 63
60 48 19
60 51 34
60 52 33
60 53 11
60 54 17
60 55 54
60 56 61
60 57 51
60 58 20
60 59 4
60 62 18
60 64 52
60 67 27
60 68 21
61 0 4
61 1 30
61 2 48
61 3 21
61 4 68
61 5 65
61 7 36
61 8 59
61 9 64
61 10 56
61 11 62
61 12 52
61 13 58
61 17 29
61 18 33
61 19 16
61 21 32
61 22 47
61 24 6
61 25 38
61 26 11
61 28 67
61 29 20
61 30 1
61 31 14
61 32 10
61 33 66
61 34 43
61 36 40
61 37 19
61 38 26
61 39 5
61 40 0
61 41 9
61 43 15
61 45 12
61 47 18
61 49 13
61 50 31
61 51 63
61 54 55
61 55 17
61 58 35
61 59 2
61 60 39
61 62 60
61 63 54
61 64 25
61 65 24
61 66 3
61 67 69
61 68 22
62 0 38
62 1 27
62 3 10
62 4 50
62 5 39
62 6 49
62 7 63
62 9 22
62 10 37
62 11 25
62 13 9
62 16 19
62 18 6
62 20 55
62 21 7
62 22 13
62 23 45
62 25 67
62 26 26
62 27 64
62 28 51
62 29 35
62 30 16
62 31 58
62 32 62
62 33 61
62 35 32
62 37 43
62 40 44
62 41 69
62 42 4
62 43 1
62 44 3
62 46 14
62 50 42
62 51 48
62 52 18
62 53 36
62 54 40
62 55 53
62 56 52
62 57 2
62 58 15
62 59 65
62 60 34
62 62 24
62 65 54
62 66 8
62 68 33
62 69 47
63 0 28
63 1 41
63 2 46
63 3 11
63 4 19
63 5 7
63 7 4
63 8 33
63 9 53
63 11 32
63 12 57
63 13 25
63 16 37
63 17 68
63 20 1
63 27 56
63 29 39
63 32 17
63 33 9
63 34 48
63 35 14
63 38 13
63 39 67
63 41 0
63 42 65
63 43 29
63 44 47
63 45 5
63 46 35
63 48 49
63 50 38
63 51 6
63 52 50
63 53 26
63 55 58
63 56 62
63 57 64
63 58 66
63 59 45
63 61 24
63 63 23
63 64 3
63 65 52
63 66 60
63 67 43
63 68 30
63 69 55
64 0 65
64 1 38
64 2 35
64 3 55
64 4 53
64 5 60
64 6 66
64 9 21
64 10 50
64 11 29
64 12 7
64 13 11
64 15 33
64 16 3
64 17 39
64 18 36
64 19 51
64 20 68
64 22 12
64 23 56
64 25 64
64 26 6
64 27 20
64 29 9
64 30 5
64 31 45
64 33 8
64 34 32
64 35 26
64 36 18
64 39 19
64 41 16
64 42 40
64 43 41
64 46 4
64 47 42
64 49 27
64 50 44
64 51 67
64 53 59
64 54 48
64 56 17
64 57 15
64 58 10
64 59 58
64 60 23
64 61 28
64 62 52
64 63 43
64 64 1
64 65 34
64 66 31
64 67 0
64 68 62
65 0 61
65 1 2
65 8 38
65 9 1
65 13 21
65 14 11
65 15 43
65 16 27
65 17 69
65 18 46
65 19 47
65 20 42
65 21 24
65 22 56
65 23 36
65 24 64
65 29 57
65 30 63
65 31 9
65 32 34
65 33 45
65 34 18
65 35 23
65 36 54
65 37 62
65 38 41
65 39 37
65 40 22
65 42 32
65 43 4
65 45 68
65 46 51
65 48 48
65 49 44
65 50 5
65 51 0
65 53 39
65 57 58
65 58 31
65 59 3
65 60 12
65 62 6
65 63 7
65 64 28
65 66 53
65 67 67
65 68 59
65 69 49
66 3 24
66 4 69
66 6 12
66 7 37
66 8 44
66 9 11
66 12 66
66 15 55
66 16 36
66 17 13
66 18 25
66 19 28
66 20 21
66 22 58
66 24 46
66 25 43
66 26 31
66 30 26
66 31 53
66 32 8
66 33 2
66 37 34
66 38 7
66 40 32
66 43 67
66 44 23
66 45 3
66 47 29
66 48 4
66 49 50
66 50 48
66 52 65
66 53 30
66 54 16
66 55 60
66 56 64
66 58 63
66 59 17
66 60 45
66 62 1
66 64 49
66 67 38
67 1 21
67 2 41
67 3 9
67 4 64
67 5 51
67 6 7
67 7 3
67 8 30
67 11 48
67 12 60
67 14 16
67 16 61
67 17 53
67 18 58
67 19 50
67 21 43
67 22 36
67 23 14
67 25 2
67 27 28
67 29 13
67 31 42
67 33 23
67 34 52
67 35 24
67 37 17
67 38 12
67 39 69
67 40 8
67 41 67
67 42 62
67 44 46
67 45 22
67 46 18
67 48 57
67 50 54
67 51 4
67 52 55
67 54 10
67 56 31
67 58 19
67 59 49
67 60 27
67 61 32
67 63 6
67 66 34
67 68 15
68 1 69
68 2 13
68 3 41
68 4 16
68 5 36
68 6 52
68 8 66
68 9 45
68 11 27
68 13 0
68 14 58
68 15 42
68 17 59
68 18 3
68 19 39
68 20 2
68 21 14
68 24 47
68 25 62
68 26 43
68 27 38
68 28 18
68 29 51
68 31 60
68 33 5
68 34 67
68 35 50
68 36 31
68 37 22
68 39 28
68 40 20
68 43 53
68 44 11
68 45 23
68 46 21
68 47 54
68 48 17
68 50 9
68 52 37
68 53 15
68 54 26
68 55 7
68 56 65
68 57 4
68 59 46
68 60 32
68 61 44
68 62 55
68 63 40
68 64 30
68 66 12
68 67 63
68 68 61
68 69 19
69 0 10
69 2 67
69 4 44
69 6 42
69 7 26
69 8 65
69 9 0
69 10 29
69 11 23
69 12 56
69 14 43
69 17 22
69 19 25
69 20 13
69 21 20
69 22 53
69 23 17
69 24 41
69 25 46
69 29 32
69 30 58
69 31 66
69 32 18
69 33 60
69 36 27
69 38 47
69 40 31
69 42 19
69 43 36
69 45 50
69 47 69
69 50 11
69 51 15
69 52 21
69 54 57
69 55 37
69 56 4
69 57 59
69 61 7
69 62 5
69 64 38
69 65 49
69 66 61
69 68 55
69 69 12
