70
0 0 12
0 1 59
0 2 14
0 3 0
0 4 65
0 7 10
0 8 28
0 9 17
0 11 37
0 12 26
0 13 5
0 14 25
0 15 49
0 16 13
0 19 18
0 20 68
0 23 48
0 25 27
0 28 33
0 30 46
0 31 38
0 32 40
0 33 44
0 34 11
0 35 4
0 36 39
0 38 3
0 39 34
0 40 43
0 48 57
0 49 24
0 51 55
0 57 31
0 58 47
0 59 69
0 60 67
0 61 7
0 62 16
0 63 29
0 64 21
0 67 53
0 69 51
1 2 13
1 3 35
1 7 32
1 8 31
1 12 11
1 13 43
1 14 40
1 16 33
1 17 12
1 18 58
1 20 38
1 22 4
1 24 29
1 26 21
1 29 26
1 30 47
1 32 41
1 33 59
1 36 8
1 37 5
1 38 37
1 39 9
1 40 15
1 44 55
1 46 56
1 48 68
1 49 50
1 50 57
1 51 28
1 55 34
1 57 0
1 58 61
1 60 52
1 63 7
1 64 48
1 65 66
1 68 19
1 69 45
2 0 51
2 1 40
2 2 57
2 3 49
2 5 20
2 6 66
2 7 11
2 8 27
2 9 9
2 10 6
2 11 4
2 13 28
2 16 56
2 17 43
2 21 62
2 23 44
2 28 50
2 31 60
2 34 35
2 38 26
2 42 34
2 43 3
2 45 37
2 47 25
2 49 67
2 50 24
2 51 47
2 52 10
2 57 63
2 58 31
2 59 30
2 61 12
2 65 58
2 69 32
3 1 69
3 3 67
3 4 43
3 7 65
3 8 19
3 9 39
3 11 21
3 13 48
3 15 29
3 16 52
3 17 60
3 18 2
3 19 7
3 22 24
3 24 30
3 25 50
3 26 56
3 27 15
3 28 17
3 30 25
3 31 36
3 36 51
3 37 32
3 38 0
3 40 64
3 42 26
3 43 5
3 44 3
3 45 35
3 48 10
3 49 27
3 51 18
3 53 54
3 55 38
3 57 58
3 58 53
3 59 11
3 60 57
3 61 4
3 63 44
3 65 8
3 66 42
3 67 33
3 68 59
4 0 26
4 1 27
4 2 10
4 3 19
4 4 52
4 6 32
4 9 16
4 12 33
4 13 18
4 14 51
4 17 65
4 18 1
4 19 17
4 20 34
4 22 55
4 24 67
4 25 20
4 26 48
4 29 7
4 30 66
4 31 49
4 32 53
4 34 50
4 35 38
4 37 58
4 38 28
4 39 6
4 41 37
4 42 24
4 44 30
4 45 11
4 46 36
4 47 43
4 49 15
4 50 25
4 51 35
4 52 56
4 53 21
4 56 29
4 57 12
4 58 54
4 60 39
4 62 0
4 64 41
4 67 3
5 0 53
5 3 26
5 4 46
5 5 54
5 6 33
5 7 45
5 8 55
5 9 56
5 10 1
5 11 7
5 12 66
5 13 58
5 17 28
5 19 11
5 21 22
5 22 0
5 23 57
5 26 37
5 27 50
5 32 61
5 33 16
5 34 63
5 37 48
5 39 27
5 40 8
5 43 65
5 45 17
5 47 68
5 48 60
5 49 4
5 52 21
5 53 36
5 54 44
5 56 14
5 58 13
5 59 42
5 60 40
5 62 10
5 63 23
5 66 6
5 69 19
6 0 24
6 3 52
6 4 69
6 5 7
6 8 5
6 11 58
6 12 35
6 13 30
6 16 63
6 19 48
6 20 22
6 21 42
6 23 54
6 24 4
6 26 1
6 28 36
6 29 34
6 30 40
6 31 61
6 32 14
6 35 13
6 40 56
6 44 12
6 46 32
6 47 26
6 50 18
6 52 0
6 54 49
6 56 3
6 59 44
6 61 67
6 62 60
6 64 10
6 65 29
6 68 20
6 69 33
7 1 5
7 5 55
7 6 18
7 8 1
7 9 58
7 11 31
7 12 62
7 13 56
7 14 16
7 18 43
7 19 14
7 21 41
7 23 8
7 24 27
7 25 59
7 26 17
7 27 7
7 28 9
7 29 13
7 30 69
7 31 30
7 33 11
7 35 53
7 37 19
7 38 64
7 39 40
7 42 15
7 43 68
7 44 36
7 45 22
7 47 0
7 49 29
7 50 46
7 52 32
7 53 4
7 54 6
7 59 57
7 60 42
7 62 61
7 63 65
7 65 12
7 66 10
7 67 26
7 68 37
7 69 50
8 1 21
8 2 40
8 3 14
8 4 36
8 6 13
8 7 35
8 8 3
8 9 51
8 10 49
8 14 32
8 17 18
8 18 0
8 20 54
8 22 7
8 23 23
8 25 2
8 26 8
8 27 22
8 28 59
8 29 39
8 31 4
8 32 68
8 33 30
8 35 66
8 36 41
8 39 11
8 40 27
8 44 69
8 45 55
8 46 37
8 48 63
8 50 61
8 51 42
8 52 29
8 53 44
8 54 47
8 55 33
8 56 17
8 58 67
8 59 50
8 60 16
8 61 64
8 62 9
8 65 26
8 66 15
8 67 1
8 68 38
9 1 48
9 2 2
9 7 1
9 8 12
9 9 8
9 12 24
9 13 35
9 17 16
9 18 50
9 19 52
9 21 21
9 22 31
9 24 15
9 27 67
9 28 25
9 32 62
9 33 53
9 35 7
9 37 30
9 38 59
9 40 17
9 41 66
9 43 26
9 44 22
9 46 20
9 48 39
9 50 56
9 51 69
9 53 5
9 54 54
9 55 47
9 56 49
9 57 36
9 58 43
9 59 68
9 60 63
9 61 13
9 64 58
9 66 11
9 69 18
10 1 29
10 3 21
10 4 2
10 7 58
10 8 9
10 9 7
10 10 37
10 11 18
10 12 6
10 13 12
10 14 22
10 15 10
10 17 68
10 18 33
10 19 43
10 21 31
10 23 50
10 25 11
10 26 65
10 27 35
10 28 16
10 29 54
10 31 24
10 34 64
10 36 55
10 37 13
10 38 40
10 39 32
10 40 39
10 41 63
10 42 30
10 43 4
10 45 44
10 48 27
10 49 34
10 50 62
10 51 25
10 52 17
10 56 57
10 59 5
10 61 49
10 62 26
10 63 61
10 65 48
10 67 19
10 68 51
10 69 53
11 1 53
11 2 64
11 4 10
11 6 35
11 7 66
11 8 8
11 9 36
11 11 6
11 14 55
11 16 44
11 18 52
11 20 4
11 23 12
11 24 26
11 26 39
11 27 33
11 29 40
11 30 2
11 31 42
11 32 21
11 33 14
11 34 1
11 35 56
11 36 48
11 37 38
11 38 25
11 39 61
11 40 68
11 41 27
11 42 46
11 43 49
11 44 9
11 45 16
11 46 22
11 51 62
11 52 57
11 53 47
11 54 67
11 55 5
11 56 43
11 58 63
11 59 19
11 60 58
11 62 11
11 63 3
11 64 17
11 67 37
11 68 69
12 0 46
12 1 22
12 2 23
12 4 57
12 8 15
12 9 18
12 11 52
12 13 1
12 15 53
12 16 62
12 18 14
12 19 49
12 20 21
12 21 13
12 25 38
12 27 17
12 28 0
12 29 68
12 31 40
12 32 47
12 35 43
12 36 7
12 38 44
12 39 2
12 42 41
12 43 54
12 47 45
12 48 42
12 49 20
12 52 60
12 53 56
12 59 66
12 60 32
12 63 10
12 64 39
12 65 64
12 67 69
13 0 3
13 1 30
13 3 63
13 4 24
13 7 14
13 8 2
13 9 31
13 12 51
13 13 67
13 14 23
13 15 40
13 16 47
13 17 53
13 18 35
13 20 42
13 22 69
13 24 22
13 26 19
13 27 64
13 29 18
13 30 16
13 31 39
13 32 34
13 33 50
13 34 5
13 35 54
13 39 15
13 40 26
13 42 4
13 43 29
13 47 37
13 48 9
13 50 8
13 51 21
13 55 62
13 58 36
13 60 55
13 61 27
13 62 46
13 67 48
13 68 61
13 69 11
14 1 35
14 3 15
14 5 21
14 6 27
14 7 6
14 9 2
14 12 7
14 13 62
14 16 51
14 17 39
14 18 55
14 19 45
14 21 9
14 22 64
14 24 48
14 25 43
14 26 14
14 27 57
14 28 26
14 29 31
14 31 18
14 32 25
14 34 3
14 36 69
14 37 17
14 39 47
14 41 40
14 43 61
14 44 38
14 45 1
14 46 44
14 47 22
14 48 5
14 49 23
14 50 4
14 52 36
14 53 53
14 54 60
14 56 0
14 57 8
14 62 34
14 63 52
14 64 50
14 67 49
14 68 28
14 69 30
15 0 58
15 1 34
15 3 50
15 4 48
15 6 42
15 7 37
15 8 62
15 11 59
15 12 56
15 13 53
15 14 45
15 15 9
15 18 7
15 20 30
15 23 36
15 24 11
15 25 18
15 28 40
15 29 10
15 30 35
15 32 38
15 33 47
15 34 13
15 35 28
15 37 44
15 38 19
15 39 21
15 40 0
15 42 2
15 43 1
15 44 67
15 48 69
15 49 3
15 50 22
15 51 33
15 53 17
15 54 31
15 55 16
15 56 32
15 57 14
15 58 20
15 59 27
15 61 5
15 63 39
15 65 43
15 66 65
15 67 54
15 68 46
16 0 33
16 1 28
16 2 38
16 4 59
16 7 52
16 10 39
16 13 41
16 16 3
16 20 63
16 21 44
16 23 67
16 25 15
16 26 36
16 28 35
16 31 68
16 32 4
16 35 61
16 36 9
16 38 62
16 39 16
16 40 57
16 41 32
16 42 53
16 44 40
16 45 12
16 46 34
16 47 42
16 50 60
16 51 64
16 52 23
16 53 65
16 55 2
16 60 25
16 61 6
16 62 37
16 63 45
16 64 14
16 65 10
16 66 49
16 67 43
16 68 55
17 4 20
17 5 50
17 6 41
17 7 39
17 9 35
17 10 15
17 11 2
17 12 13
17 14 49
17 15 21
17 16 38
17 17 10
17 18 32
17 19 27
17 21 55
17 22 25
17 23 46
17 24 3
17 26 47
17 27 69
17 28 18
17 29 62
17 32 23
17 33 22
17 34 28
17 35 37
17 36 0
17 37 45
17 39 14
17 40 33
17 41 60
17 42 31
17 43 40
17 44 58
17 47 24
17 50 34
17 51 68
17 52 16
17 53 29
17 54 51
17 56 59
17 57 56
17 61 30
17 64 19
17 66 64
17 67 36
17 69 67
18 0 19
18 1 13
18 2 54
18 3 46
18 5 17
18 6 60
18 7 8
18 10 53
18 11 11
18 12 9
18 16 43
18 17 35
18 18 41
18 21 47
18 23 66
18 24 2
18 26 31
18 28 65
18 29 69
18 31 25
18 34 58
18 36 14
18 37 15
18 39 26
18 41 1
18 43 28
18 45 57
18 46 42
18 47 27
18 49 0
18 50 40
18 54 30
18 55 39
18 57 38
18 58 5
18 59 4
18 60 64
18 62 32
18 63 48
18 65 67
18 66 7
18 67 29
19 0 38
19 2 9
19 4 33
19 5 31
19 8 48
19 10 34
19 11 67
19 12 39
19 13 17
19 17 42
19 18 56
19 19 25
19 20 32
19 21 2
19 22 1
19 23 51
19 24 12
19 25 45
19 27 20
19 32 22
19 33 46
19 34 23
19 36 30
19 38 13
19 40 55
19 41 69
19 42 3
19 44 27
19 45 58
19 47 15
19 48 65
19 51 24
19 53 63
19 54 52
19 56 68
19 58 41
19 59 62
19 60 66
19 64 29
19 65 0
20 3 6
20 4 5
20 6 58
20 8 57
20 9 62
20 10 51
20 14 12
20 15 11
20 17 31
20 19 33
20 20 16
20 24 64
20 25 34
20 26 49
20 27 19
20 29 61
20 31 0
20 32 35
20 33 17
20 38 63
20 39 7
20 40 69
20 43 21
20 49 39
20 50 47
20 53 55
20 56 50
20 58 4
20 59 13
20 60 10
20 61 25
20 62 44
20 64 9
20 65 1
20 66 28
20 67 65
20 69 66
21 0 60
21 1 58
21 3 29
21 6 1
21 7 3
21 9 28
21 10 57
21 11 49
21 12 23
21 14 54
21 15 64
21 16 53
21 20 51
21 23 59
21 26 25
21 27 9
21 28 62
21 31 19
21 32 65
21 33 33
21 36 68
21 38 61
21 40 14
21 44 45
21 45 24
21 47 32
21 51 8
21 53 52
21 54 21
21 55 7
21 56 69
21 59 15
21 62 17
21 64 16
21 65 46
21 66 34
21 67 31
22 0 13
22 1 24
22 3 36
22 7 30
22 8 51
22 9 14
22 11 12
22 13 46
22 14 8
22 15 1
22 16 27
22 18 31
22 20 64
22 21 19
22 22 20
22 24 6
22 25 25
22 26 2
22 27 45
22 28 32
22 30 7
22 32 63
22 33 56
22 34 44
22 36 34
22 38 17
22 39 3
22 40 61
22 41 41
22 44 65
22 45 50
22 46 55
22 47 40
22 51 49
22 52 26
22 53 57
22 55 11
22 56 54
22 57 60
22 58 38
22 59 37
22 62 42
22 63 16
22 64 22
22 65 35
22 68 15
22 69 59
23 1 18
23 2 5
23 3 32
23 4 29
23 5 11
23 10 13
23 11 28
23 12 50
23 14 65
23 15 34
23 16 15
23 18 22
23 20 53
23 21 63
23 23 27
23 24 37
23 26 44
23 29 16
23 31 26
23 32 60
23 33 55
23 34 68
23 36 20
23 37 43
23 38 46
23 39 30
23 40 1
23 42 6
23 43 10
23 44 23
23 45 66
23 46 51
23 48 49
23 50 3
23 53 40
23 54 41
23 55 42
23 56 35
23 58 56
23 59 12
23 66 69
23 67 38
23 68 0
24 3 42
24 6 65
24 8 53
24 9 63
24 12 64
24 14 7
24 15 35
24 16 9
24 18 11
24 19 26
24 23 61
24 25 39
24 26 69
24 28 45
24 29 28
24 30 30
24 33 12
24 34 62
24 35 40
24 36 18
24 37 27
24 41 0
24 42 36
24 43 2
24 44 29
24 45 43
24 48 16
24 50 19
24 54 38
24 55 52
24 57 44
24 59 56
24 61 51
24 65 4
24 66 50
24 68 21
24 69 55
25 0 32
25 1 57
25 2 49
25 3 34
25 4 44
25 5 37
25 7 63
25 10 10
25 11 43
25 12 22
25 14 48
25 16 20
25 19 12
25 20 19
25 22 33
25 23 41
25 24 56
25 31 46
25 32 31
25 38 2
25 40 29
25 41 21
25 43 8
25 44 39
25 46 69
25 50 58
25 51 51
25 52 40
25 55 53
25 56 1
25 57 27
25 58 62
25 59 16
25 61 45
25 62 28
25 63 15
25 65 47
25 66 17
25 68 25
25 69 24
26 0 21
26 1 6
26 2 30
26 3 62
26 8 44
26 10 4
26 11 40
26 13 10
26 14 57
26 15 13
26 16 1
26 18 34
26 20 60
26 24 0
26 26 38
26 27 3
26 28 29
26 31 45
26 35 17
26 36 63
26 37 33
26 38 69
26 40 48
26 41 19
26 43 22
26 44 54
26 46 68
26 48 7
26 51 56
26 52 9
26 54 20
26 57 65
26 58 35
26 59 52
26 61 32
26 64 49
26 65 28
26 66 16
26 67 47
26 69 2
27 1 65
27 3 45
27 4 16
27 5 49
27 9 0
27 10 19
27 11 56
27 13 38
27 15 69
27 17 27
27 18 25
27 19 53
27 20 36
27 21 40
27 26 67
27 27 6
27 28 64
27 29 9
27 30 1
27 33 10
27 34 54
27 35 15
27 36 58
27 38 35
27 39 23
27 46 7
27 47 4
27 48 37
27 49 66
27 50 48
27 51 26
27 52 33
27 54 39
27 55 29
27 57 2
27 58 51
27 59 60
27 60 30
27 61 3
27 62 14
27 64 28
27 66 13
27 67 21
27 68 63
27 69 31
28 1 68
28 2 39
28 3 22
28 4 21
28 6 6
28 8 46
28 9 65
28 14 30
28 15 16
28 18 5
28 19 51
28 20 61
28 21 17
28 22 26
28 26 32
28 27 53
28 31 41
28 33 0
28 35 59
28 36 37
28 37 55
28 38 34
28 39 28
28 40 44
28 41 48
28 42 62
28 43 14
28 46 35
28 47 8
28 48 33
28 49 13
28 50 36
28 51 10
28 53 58
28 54 11
28 55 12
28 56 52
28 59 9
28 60 45
28 61 18
28 63 4
28 65 56
28 67 63
28 69 57
29 0 23
29 1 0
29 8 49
29 9 26
29 10 20
29 11 30
29 12 58
29 13 14
29 14 67
29 16 36
29 17 1
29 20 48
29 21 37
29 24 10
29 25 7
29 29 21
29 30 51
29 31 66
29 32 11
29 35 45
29 36 53
29 37 41
29 39 35
29 41 68
29 42 43
29 43 34
29 45 40
29 46 29
29 47 62
29 48 17
29 52 59
29 53 27
29 55 9
29 56 63
29 57 55
29 59 65
29 63 56
29 65 42
29 67 57
29 68 60
30 0 25
30 2 15
30 4 17
30 6 40
30 7 53
30 9 55
30 10 56
30 11 16
30 13 61
30 18 9
30 19 44
30 22 39
30 23 1
30 24 50
30 25 33
30 26 23
30 28 34
30 30 62
30 31 51
30 32 29
30 34 52
30 35 19
30 36 24
30 37 31
30 38 47
30 39 41
30 40 6
30 41 58
30 42 59
30 48 46
30 50 32
30 51 48
30 52 68
30 53 28
30 55 10
30 56 2
30 58 21
30 59 63
30 60 37
30 61 11
30 63 36
30 64 27
30 65 60
30 66 22
30 68 14
31 1 64
31 2 17
31 6 30
31 7 23
31 8 39
31 9 66
31 11 62
31 13 25
31 14 20
31 16 22
31 17 32
31 18 8
31 21 29
31 22 28
31 24 41
31 26 12
31 27 52
31 29 5
31 32 2
31 34 4
31 37 14
31 40 49
31 41 38
31 44 68
31 45 69
31 46 15
31 47 56
31 48 40
31 52 37
31 54 18
31 56 16
31 59 7
31 60 26
31 61 59
31 62 1
31 63 54
31 64 11
31 65 63
31 69 47
32 1 51
32 2 62
32 3 30
32 4 34
32 5 19
32 7 43
32 11 41
32 14 53
32 15 28
32 16 29
32 19 5
32 20 69
32 21 36
32 22 48
32 23 39
32 24 9
32 26 15
32 27 23
32 28 60
32 29 35
32 30 55
32 33 52
32 35 57
32 36 49
32 37 16
32 39 31
32 40 4
32 42 54
32 44 32
32 46 17
32 47 7
32 48 50
32 49 68
32 50 26
32 51 11
32 56 27
32 57 61
32 58 1
32 59 18
32 60 0
32 62 33
32 63 13
32 68 65
32 69 6
33 0 40
33 2 50
33 3 17
33 5 52
33 6 16
33 8 41
33 10 22
33 11 38
33 13 3
33 14 47
33 18 12
33 19 15
33 20 35
33 21 66
33 22 65
33 23 63
33 25 32
33 26 42
33 28 10
33 29 25
33 30 43
33 33 49
33 34 18
33 35 36
33 36 54
33 37 62
33 38 4
33 40 37
33 43 24
33 44 48
33 45 7
33 46 9
33 47 55
33 48 56
33 49 11
33 53 2
33 55 21
33 56 64
33 57 23
33 59 46
33 61 26
33 63 31
33 64 34
33 66 68
33 67 20
33 68 1
33 69 44
34 2 21
34 3 3
34 5 44
34 6 39
34 7 68
34 8 34
34 9 15
34 11 8
34 12 55
34 13 57
34 16 28
34 17 14
34 18 62
34 21 56
34 22 67
34 23 22
34 24 40
34 27 51
34 28 27
34 30 12
34 32 36
34 33 69
34 35 20
34 37 9
34 38 50
34 39 59
34 41 5
34 42 25
34 43 6
34 45 2
34 47 41
34 49 60
34 50 10
34 51 43
34 52 48
34 53 32
34 55 54
34 56 38
34 59 61
34 60 17
34 61 29
34 62 65
34 63 46
34 68 49
34 69 52
35 0 4
35 1 11
35 3 51
35 4 47
35 6 69
35 9 27
35 10 8
35 12 61
35 14 29
35 17 59
35 18 68
35 20 65
35 22 56
35 23 3
35 24 66
35 25 49
35 26 18
35 27 10
35 31 2
35 32 0
35 33 43
35 34 46
35 36 62
35 37 64
35 38 20
35 39 54
35 41 50
35 42 48
35 47 57
35 48 25
35 51 45
35 53 39
35 55 17
35 56 55
35 59 14
35 60 13
35 63 12
35 64 35
35 65 33
35 69 60
36 1 31
36 2 58
36 6 28
36 7 69
36 8 6
36 11 66
36 12 43
36 14 5
36 15 39
36 16 19
36 18 18
36 19 41
36 20 12
36 21 1
36 23 55
36 24 23
36 27 32
36 29 17
36 30 21
36 31 65
36 32 9
36 33 29
36 34 57
36 36 3
36 38 52
36 39 13
36 40 46
36 41 62
36 42 61
36 43 38
36 44 56
36 45 27
36 46 67
36 47 50
36 48 36
36 49 26
36 51 16
36 52 63
36 54 14
36 55 22
36 57 7
36 59 54
36 61 42
36 62 59
36 65 68
36 67 44
36 68 2
36 69 49
37 0 7
37 1 15
37 3 2
37 4 40
37 5 43
37 6 5
37 7 0
37 8 29
37 9 21
37 12 45
37 13 24
37 17 64
37 19 65
37 20 17
37 23 42
37 24 44
37 25 8
37 26 20
37 28 19
37 30 41
37 31 58
37 32 13
37 33 27
37 36 50
37 37 47
37 39 55
37 40 63
37 41 4
37 42 37
37 43 39
37 46 60
37 47 69
37 48 26
37 49 54
37 51 66
37 54 10
37 58 3
37 60 11
37 61 56
37 63 28
37 65 30
37 66 36
38 1 17
38 2 42
38 3 1
38 4 49
38 5 9
38 6 45
38 7 56
38 8 13
38 9 48
38 12 20
38 13 37
38 14 52
38 15 26
38 16 0
38 17 38
38 18 27
38 19 63
38 20 24
38 21 61
38 22 29
38 25 3
38 26 60
38 30 59
38 34 12
38 35 39
38 38 11
38 39 33
38 41 51
38 42 50
38 43 69
38 44 41
38 46 18
38 47 28
38 48 67
38 50 5
38 51 44
38 52 19
38 54 23
38 56 22
38 59 21
38 63 62
38 65 40
38 69 7
39 0 57
39 1 56
39 2 36
39 3 16
39 4 60
39 5 13
39 6 50
39 7 42
39 10 9
39 12 40
39 13 69
39 15 8
39 16 59
39 17 2
39 18 47
39 20 44
39 21 18
39 22 11
39 23 0
39 24 55
39 25 52
39 27 68
39 29 49
39 30 14
39 31 48
39 32 30
39 33 38
39 35 33
39 36 19
39 37 1
39 40 54
39 41 39
39 43 25
39 53 66
39 57 51
39 67 28
39 68 26
40 1 12
40 2 43
40 5 58
40 6 68
40 7 40
40 8 25
40 9 41
40 17 47
40 19 2
40 20 50
40 21 65
40 22 34
40 23 20
40 29 60
40 30 67
40 32 16
40 33 57
40 34 17
40 35 48
40 37 28
40 45 61
40 46 46
40 47 11
40 49 64
40 51 3
40 52 15
40 54 4
40 55 37
40 56 8
40 59 51
40 60 49
40 61 55
40 62 27
40 65 24
40 69 63
41 0 68
41 2 45
41 3 11
41 4 26
41 6 63
41 8 0
41 9 34
41 10 69
41 11 47
41 12 44
41 16 42
41 17 21
41 24 25
41 28 23
41 31 16
41 33 4
41 35 50
41 36 52
41 37 6
41 38 29
41 41 28
41 43 9
41 45 46
41 46 2
41 48 19
41 50 49
41 52 14
41 55 65
41 56 58
41 57 1
41 58 39
41 59 59
41 61 31
41 62 15
41 63 43
41 65 54
41 66 32
41 67 7
41 68 22
41 69 61
42 0 11
42 1 4
42 2 26
42 3 47
42 4 50
42 7 22
42 8 7
42 10 58
42 11 15
42 12 8
42 13 32
42 17 61
42 23 35
42 24 46
42 28 12
42 29 14
42 30 0
42 32 52
42 33 40
42 36 59
42 38 55
42 39 66
42 41 56
42 43 41
42 44 19
42 45 49
42 47 20
42 48 64
42 52 62
42 53 6
42 54 68
42 56 39
42 58 42
42 59 45
42 62 25
42 64 30
42 65 9
42 66 48
42 67 51
42 68 27
42 69 54
43 0 69
43 2 28
43 8 32
43 10 2
43 11 61
43 12 15
43 13 65
43 14 36
43 17 55
43 18 59
43 19 68
43 20 7
43 21 64
43 22 57
43 23 52
43 25 30
43 27 58
43 29 42
43 30 53
43 31 43
43 33 37
43 34 26
43 35 21
43 36 47
43 39 0
43 41 46
43 42 22
43 43 18
43 44 5
43 45 25
43 46 48
43 49 10
43 52 50
43 53 20
43 54 27
43 56 56
43 57 11
43 60 9
43 61 39
43 62 29
43 64 67
43 65 14
43 66 51
43 68 41
44 1 46
44 2 35
44 5 8
44 7 59
44 8 50
44 9 1
44 11 34
44 13 0
44 14 61
44 15 44
44 16 49
44 17 69
44 18 60
44 21 6
44 25 37
44 27 62
44 28 48
44 32 51
44 35 63
44 38 16
44 39 65
44 40 58
44 41 13
44 42 52
44 44 7
44 45 31
44 47 19
44 48 55
44 49 43
44 53 24
44 55 23
44 56 42
44 60 12
44 62 39
44 64 47
44 66 33
44 67 17
44 68 45
45 1 61
45 3 55
45 4 56
45 5 23
45 6 10
45 7 9
45 8 38
45 9 25
45 10 66
45 11 35
45 12 65
45 14 24
45 17 57
45 20 11
45 21 39
45 24 63
45 27 14
45 28 52
45 29 41
45 32 59
45 33 45
45 36 4
45 37 20
45 38 67
45 40 42
45 42 69
45 43 19
45 44 33
45 46 28
45 48 44
45 49 40
45 52 46
45 53 31
45 54 48
45 55 49
45 57 47
45 58 22
45 60 43
45 63 17
45 64 0
45 65 3
46 0 42
46 1 36
46 4 58
46 6 34
46 7 25
46 10 17
46 11 68
46 12 31
46 13 40
46 14 14
46 16 67
46 17 49
46 18 45
46 19 16
46 21 30
46 23 69
46 24 33
46 25 66
46 26 35
46 27 11
46 29 20
46 31 9
46 35 23
46 36 26
46 37 53
46 38 38
46 41 10
46 42 7
46 43 13
46 45 52
46 46 62
46 48 6
46 53 37
46 57 21
46 58 48
46 59 64
46 60 3
46 61 28
46 62 12
46 63 41
46 66 56
46 67 15
46 68 24
47 1 42
47 2 52
47 3 66
47 4 0
47 5 61
47 6 9
47 7 26
47 10 50
47 13 68
47 14 6
47 17 36
47 18 48
47 20 40
47 23 37
47 25 41
47 27 30
47 28 46
47 29 44
47 32 24
47 33 35
47 34 16
47 38 32
47 39 18
47 40 20
47 41 53
47 43 23
47 44 63
47 47 10
47 49 38
47 50 11
47 51 22
47 52 5
47 53 60
47 54 29
47 55 69
47 57 33
47 60 28
47 61 19
47 64 43
47 65 39
47 66 1
47 69 56
48 4 18
48 8 36
48 9 5
48 13 23
48 14 64
48 18 39
48 21 12
48 22 32
48 23 29
48 24 24
48 25 28
48 26 40
48 28 63
48 30 37
48 32 69
48 33 62
48 34 38
48 36 13
48 41 44
48 46 1
48 47 67
48 48 54
48 50 41
48 52 3
48 54 66
48 55 46
48 56 61
48 57 57
48 60 68
48 61 47
48 62 4
48 63 25
48 64 55
48 67 11
48 68 42
49 0 27
49 1 19
49 2 69
49 3 24
49 4 3
49 5 14
49 8 63
49 10 48
49 11 29
49 12 10
49 14 58
49 18 23
49 19 67
49 22 36
49 24 28
49 26 50
49 30 32
49 32 1
49 34 2
49 37 11
49 38 60
49 40 12
49 42 16
49 43 33
49 45 15
49 46 52
49 47 34
49 50 21
49 51 41
49 52 53
49 53 0
49 54 43
49 57 5
49 58 65
49 59 25
49 60 7
49 62 47
49 65 45
49 66 35
49 67 4
50 0 64
50 1 2
50 4 68
50 5 22
50 6 54
50 8 69
50 12 27
50 13 63
50 15 66
50 17 20
50 18 21
50 19 13
50 20 18
50 21 46
50 23 6
50 26 45
50 28 44
50 29 33
50 31 55
50 32 48
50 33 42
50 34 40
50 36 5
50 40 38
50 41 35
50 45 41
50 46 50
50 48 15
50 49 57
50 50 14
50 53 23
50 55 25
50 56 31
50 57 34
50 59 29
50 61 52
50 62 7
50 68 4
50 69 3
51 2 51
51 3 68
51 6 0
51 7 57
51 11 10
51 13 7
51 14 15
51 16 23
51 17 46
51 18 54
51 19 8
51 20 31
51 22 22
51 23 30
51 25 12
51 26 26
51 27 65
51 28 55
51 32 44
51 33 3
51 34 27
51 35 29
51 39 24
51 40 9
51 41 2
51 42 45
51 45 48
51 46 19
51 47 21
51 48 34
51 50 69
51 51 58
51 52 52
51 53 67
51 54 16
51 55 56
51 56 47
51 57 17
51 58 33
51 59 41
51 60 20
51 62 35
51 63 49
51 65 13
51 67 66
51 68 5
51 69 25
52 0 44
52 1 23
52 2 18
52 3 31
52 4 64
52 5 62
52 6 61
52 8 40
52 9 57
52 10 11
52 13 55
52 14 69
52 15 4
52 17 50
52 21 26
52 22 51
52 24 35
52 27 25
52 28 37
52 30 6
52 32 19
52 34 34
52 35 22
52 36 43
52 37 8
52 39 20
52 40 7
52 45 38
52 46 27
52 47 58
52 49 42
52 50 59
52 51 53
52 52 13
52 53 45
52 55 28
52 56 60
52 57 52
52 58 49
52 63 5
52 65 36
52 66 14
52 68 48
53 0 14
53 1 39
53 2 16
53 4 62
53 5 41
53 7 2
53 8 61
53 9 69
53 10 35
53 11 45
53 12 19
53 14 1
53 17 9
53 18 26
53 19 54
53 22 60
53 24 53
53 27 27
53 29 55
53 30 4
53 31 11
53 32 32
53 33 34
53 35 3
53 37 56
53 38 23
53 40 47
53 43 17
53 44 20
53 45 28
53 46 31
53 49 7
53 50 15
53 54 65
53 55 66
53 57 13
53 58 6
53 59 0
53 60 22
53 61 46
53 63 8
53 64 37
53 65 59
53 66 25
53 67 40
53 68 30
53 69 38
54 0 17
54 3 48
54 4 7
54 5 47
54 6 44
54 7 51
54 9 49
54 10 30
54 14 41
54 15 36
54 16 55
54 19 40
54 20 2
54 22 63
54 23 14
54 24 42
54 25 68
54 26 43
54 27 46
54 28 58
54 29 0
54 31 57
54 32 27
54 33 39
54 34 15
54 36 61
54 39 56
54 40 52
54 42 8
54 44 18
54 46 13
54 47 29
54 50 45
54 52 22
54 53 35
54 57 67
54 59 26
54 61 54
54 62 38
54 63 32
54 65 23
54 66 12
54 68 11
55 2 59
55 3 27
55 4 45
55 6 38
55 8 65
55 9 23
55 10 54
55 12 52
55 13 33
55 14 3
55 15 50
55 16 32
55 18 69
55 20 58
55 21 14
55 22 37
55 23 4
55 24 39
55 29 36
55 36 11
55 37 63
55 38 49
55 39 25
55 43 57
55 44 10
55 45 60
55 46 30
55 47 5
55 49 12
55 50 7
55 56 20
55 57 68
55 58 24
55 59 53
55 60 34
55 61 17
55 62 22
55 64 6
55 65 2
55 68 31
55 69 43
56 0 47
56 4 9
56 5 57
56 8 58
56 9 54
56 11 64
56 12 37
56 13 39
56 16 10
56 19 38
56 20 43
56 24 36
56 25 21
56 26 46
56 27 59
56 28 22
56 33 25
56 34 0
56 36 32
56 39 44
56 40 19
56 41 42
56 42 56
56 43 53
56 44 35
56 46 23
56 47 16
56 49 31
56 50 27
56 52 6
56 53 3
56 54 26
56 55 15
56 56 28
56 59 20
56 60 24
56 61 1
56 63 18
56 65 55
56 67 5
56 68 33
56 69 68
57 0 31
57 1 7
57 4 27
57 5 48
57 6 22
57 7 17
57 8 67
57 9 47
57 10 32
57 11 51
57 14 0
57 15 60
57 20 57
57 21 58
57 23 34
57 24 13
57 25 35
57 27 56
57 28 28
57 29 29
57 30 20
57 31 44
57 35 6
57 36 45
57 38 15
57 39 42
57 42 1
57 43 37
57 44 2
57 45 36
57 47 23
57 48 12
57 49 52
57 51 46
57 52 69
57 53 19
57 56 26
57 57 53
57 59 24
57 62 50
57 63 14
57 64 3
57 66 39
58 0 37
58 1 54
58 2 7
58 3 28
58 6 20
58 7 13
58 8 18
58 9 38
58 12 30
58 13 52
58 15 3
58 18 4
58 21 16
58 22 23
58 23 2
58 24 17
58 26 0
58 27 29
58 30 10
58 31 62
58 32 26
58 33 5
58 36 36
58 37 12
58 38 48
58 39 50
58 40 11
58 42 21
58 43 46
58 45 51
58 46 24
58 47 44
58 48 31
58 49 69
58 52 27
58 53 49
58 55 57
58 56 40
58 58 60
58 62 6
58 63 47
58 65 41
58 66 55
58 69 58
59 0 61
59 3 20
59 4 30
59 5 40
59 6 43
59 8 17
59 14 44
59 15 48
59 19 4
59 22 58
59 23 62
59 24 45
59 25 54
59 28 67
59 29 53
59 30 29
59 31 3
59 34 7
59 35 32
59 37 34
59 41 22
59 43 59
59 45 42
59 46 0
59 48 28
59 49 63
59 50 35
59 51 15
59 54 5
59 55 18
59 56 9
59 57 50
59 58 46
59 60 38
59 61 60
59 63 69
59 64 57
59 67 10
59 68 56
59 69 14
60 0 0
60 2 37
60 4 41
60 7 34
60 10 46
60 11 23
60 12 1
60 14 66
60 16 25
60 17 13
60 18 3
60 20 62
60 21 10
60 22 12
60 23 26
60 25 40
60 27 36
60 29 19
60 30 54
60 31 69
60 33 28
60 34 48
60 36 27
60 38 9
60 40 18
60 41 7
60 43 58
60 44 24
60 46 47
60 47 53
60 49 16
60 50 51
60 51 52
60 53 61
60 56 44
60 57 49
60 58 2
60 59 39
60 60 60
60 61 15
60 64 4
60 65 38
60 66 45
60 69 35
61 0 50
61 1 3
61 4 15
61 5 2
61 6 67
61 7 38
61 8 59
61 9 40
61 10 27
61 12 41
61 13 22
61 15 0
61 16 34
61 17 30
61 18 28
61 19 42
61 20 49
61 24 19
61 28 39
61 29 43
61 32 57
61 36 17
61 38 12
61 42 32
61 43 7
61 44 64
61 47 51
61 48 58
61 49 46
61 50 1
61 52 54
61 54 62
61 56 5
61 59 6
61 60 4
61 62 55
61 64 68
61 65 16
61 66 23
61 67 45
61 68 47
61 69 69
62 0 56
62 1 37
62 4 4
62 6 15
62 7 12
62 8 22
62 12 49
62 13 11
62 14 10
62 15 42
62 17 0
62 18 65
62 20 6
62 21 32
62 27 43
62 29 24
62 33 60
62 34 29
62 36 23
62 37 69
62 41 45
62 43 63
62 44 51
62 49 44
62 50 39
62 53 7
62 59 55
62 61 36
62 62 30
62 63 40
62 68 17
63 2 68
63 4 37
63 5 15
63 6 62
63 7 31
63 9 24
63 12 34
63 14 33
63 15 43
63 20 25
63 21 48
63 23 19
63 24 16
63 26 41
63 28 69
63 29 56
63 31 23
63 32 46
63 34 21
63 35 27
63 37 40
63 38 36
63 39 38
63 41 55
63 43 45
63 44 52
63 45 13
63 47 54
63 48 32
63 49 28
63 51 7
63 54 63
63 57 4
63 59 58
63 60 44
63 62 5
63 64 26
63 65 22
63 66 47
63 67 0
64 1 45
64 2 56
64 3 39
64 4 67
64 6 47
64 7 24
64 9 52
64 10 26
64 15 18
64 18 49
64 20 1
64 21 7
64 23 32
64 25 60
64 26 66
64 27 55
64 30 63
64 31 37
64 33 13
64 35 58
64 39 69
64 41 11
64 42 9
64 44 44
64 46 21
64 48 20
64 50 50
64 51 6
64 55 4
64 57 42
64 68 12
64 69 36
65 0 6
65 1 63
65 2 24
65 4 28
65 6 26
65 7 47
65 8 16
65 9 22
65 10 64
65 11 25
65 12 21
65 14 19
65 15 46
65 16 37
65 18 66
65 19 23
65 21 54
65 22 38
65 24 60
65 27 34
65 29 2
65 30 45
65 31 12
65 34 30
65 35 67
65 36 33
65 37 50
65 39 49
65 43 43
65 44 62
65 45 39
65 46 5
65 49 32
65 50 68
65 51 17
65 54 7
65 56 53
65 57 40
65 59 8
65 61 35
65 62 56
65 64 69
65 67 42
65 68 57
65 69 0
66 0 45
66 3 65
66 4 1
66 5 16
66 7 46
66 9 60
66 10 5
66 11 24
66 13 54
66 15 32
66 16 7
66 17 15
66 18 6
66 20 29
66 21 0
66 22 10
66 23 40
66 25 63
66 26 30
66 27 44
66 29 59
66 32 17
66 33 2
66 34 39
66 35 35
66 36 31
66 37 67
66 38 14
66 42 49
66 45 47
66 47 48
66 48 18
66 50 42
66 51 57
66 52 25
66 53 26
66 54 8
66 55 64
66 56 19
66 57 66
66 58 12
66 59 23
66 60 69
66 62 62
66 64 53
66 66 27
66 67 61
66 68 13
66 69 41
67 0 16
67 2 48
67 3 4
67 4 14
67 6 7
67 7 21
67 9 43
67 10 41
67 11 55
67 12 17
67 13 29
67 14 60
67 15 2
67 17 24
67 19 35
67 23 15
67 24 58
67 25 56
67 26 63
67 27 47
67 29 50
67 30 34
67 31 59
67 32 42
67 35 25
67 36 1
67 37 23
67 38 57
67 39 5
67 40 40
67 42 28
67 43 44
67 44 13
67 45 45
67 49 51
67 50 12
67 52 31
67 53 22
67 54 64
67 56 33
67 57 46
67 59 36
67 60 27
67 61 0
67 62 53
67 64 65
67 65 19
67 67 52
67 68 9
68 0 39
68 1 9
68 2 55
68 3 41
68 4 38
68 6 17
68 7 28
68 8 45
68 9 12
68 11 33
68 13 36
68 14 46
68 18 13
68 19 32
68 20 14
68 21 11
68 25 57
68 26 27
68 27 63
68 28 7
68 29 58
68 30 3
68 33 54
68 34 56
68 35 47
68 37 22
68 38 8
68 40 25
68 41 26
68 42 60
68 43 62
68 44 61
68 45 67
68 46 59
68 47 64
68 49 35
68 50 23
68 51 4
68 55 50
68 56 65
68 57 6
68 58 15
68 60 29
68 61 16
68 62 20
68 64 42
68 65 52
68 68 53
69 0 22
69 1 52
69 3 61
69 7 27
69 9 10
69 10 31
69 11 5
69 14 35
69 16 26
69 17 17
69 21 25
69 22 13
69 23 7
69 24 57
69 25 42
69 27 2
69 28 49
69 29 12
69 30 23
69 33 68
69 35 69
69 36 46
69 37 4
69 38 58
69 39 67
69 41 3
69 44 16
69 45 56
69 46 54
69 47 38
69 48 47
69 49 1
69 50 0
69 51 19
69 55 55
69 58 40
69 59 48
69 61 43
69 64 44
69 66 30
69 68 36
69 69 29
