70
0 0 69
0 1 37
0 6 38
0 8 15
0 11 11
0 19 21
0 20 16
0 24 63
0 30 7
0 31 53
0 33 61
0 34 42
0 35 68
0 37 20
0 39 62
0 43 17
0 48 52
0 54 8
0 56 43
0 58 40
0 60 18
0 64 49
0 67 35
1 3 55
1 4 47
1 6 24
1 8 37
1 9 12
1 10 44
1 12 60
1 13 15
1 14 17
1 16 38
1 18 23
1 19 4
1 24 50
1 25 58
1 26 61
1 27 65
1 28 20
1 30 13
1 31 32
1 33 3
1 34 49
1 35 25
1 36 63
1 37 31
1 39 52
1 43 9
1 44 59
1 46 26
1 48 7
1 50 10
1 52 8
1 53 42
1 56 6
1 59 14
1 61 40
1 63 54
1 64 27
1 65 39
1 66 35
1 67 48
1 69 2
2 4 58
2 6 14
2 8 66
2 9 30
2 10 53
2 11 3
2 17 60
2 18 4
2 21 57
2 25 8
2 27 17
2 30 32
2 32 16
2 33 35
2 35 55
2 37 48
2 39 49
2 40 20
2 42 44
2 46 56
2 47 2
2 51 68
2 52 25
2 53 23
2 56 19
2 59 64
2 63 46
2 64 1
2 66 9
2 68 13
2 69 10
3 0 3
3 4 64
3 5 34
3 6 15
3 7 22
3 8 38
3 13 6
3 14 37
3 15 23
3 16 60
3 19 10
3 20 17
3 21 24
3 32 57
3 33 5
3 34 36
3 40 28
3 47 42
3 48 35
3 49 19
3 50 32
3 53 33
3 54 44
3 55 2
3 60 59
3 61 7
3 63 14
3 64 68
3 66 21
4 0 2
4 1 24
4 4 27
4 6 43
4 13 63
4 14 34
4 15 22
4 18 45
4 22 62
4 25 64
4 26 66
4 31 38
4 32 9
4 33 23
4 35 29
4 37 61
4 42 7
4 44 14
4 45 39
4 46 69
4 48 16
4 50 18
4 53 11
4 54 1
4 59 67
4 61 33
4 63 19
4 64 21
4 65 0
4 67 6
4 68 60
4 69 47
5 0 34
5 7 18
5 11 63
5 15 2
5 19 36
5 21 14
5 22 31
5 23 10
5 24 27
5 25 0
5 26 39
5 28 47
5 30 65
5 34 3
5 38 22
5 40 61
5 44 45
5 45 13
5 46 11
5 51 26
5 55 21
5 56 59
5 59 43
5 60 29
5 61 24
5 62 30
5 63 35
5 64 53
5 66 15
5 69 40
6 1 63
6 3 23
6 6 13
6 10 12
6 14 47
6 16 6
6 18 15
6 19 49
6 22 36
6 24 60
6 26 28
6 28 38
6 31 10
6 34 33
6 36 56
6 37 46
6 41 14
6 42 67
6 43 30
6 46 59
6 47 65
6 50 21
6 51 3
6 52 68
6 53 22
6 54 53
6 56 64
6 57 51
6 60 58
6 62 24
6 63 44
6 66 40
6 67 11
7 0 19
7 3 6
7 6 21
7 12 44
7 14 41
7 17 27
7 18 11
7 19 22
7 21 61
7 22 18
7 26 47
7 27 60
7 28 3
7 29 2
7 31 37
7 32 45
7 33 55
7 34 31
7 35 48
7 36 17
7 37 29
7 39 39
7 40 24
7 41 58
7 43 65
7 48 46
7 49 66
7 50 49
7 52 20
7 53 36
7 55 23
7 57 12
7 59 33
7 62 50
7 65 10
7 66 69
7 69 1
8 2 17
8 4 45
8 5 3
8 7 55
8 10 20
8 17 69
8 18 22
8 19 58
8 23 65
8 26 15
8 27 37
8 28 41
8 30 34
8 33 12
8 37 33
8 40 66
8 42 6
8 43 19
8 46 29
8 47 28
8 48 8
8 51 50
8 56 61
8 57 13
8 58 30
8 61 11
8 62 47
8 63 64
8 65 62
8 67 51
8 68 18
9 1 41
9 3 68
9 4 50
9 6 7
9 7 28
9 8 46
9 9 34
9 10 59
9 11 42
9 12 62
9 17 65
9 18 55
9 21 15
9 22 47
9 26 67
9 28 32
9 29 38
9 30 21
9 31 26
9 33 45
9 34 2
9 35 63
9 36 27
9 38 10
9 39 1
9 40 57
9 42 12
9 43 23
9 46 17
9 51 14
9 54 37
9 56 30
9 57 18
9 58 9
9 59 8
9 64 39
10 0 36
10 2 22
10 3 15
10 7 46
10 10 33
10 11 39
10 12 65
10 13 18
10 14 55
10 15 6
10 16 61
10 17 66
10 20 57
10 21 53
10 22 52
10 23 69
10 25 47
10 29 40
10 30 67
10 31 1
10 33 32
10 35 38
10 36 30
10 37 63
10 39 14
10 42 51
10 45 24
10 49 29
10 51 45
10 54 49
10 55 20
10 56 21
10 59 54
10 63 0
10 64 48
10 65 3
10 66 10
10 67 62
10 68 2
10 69 9
11 0 12
11 1 35
11 2 13
11 3 19
11 4 67
11 8 40
11 9 45
11 14 44
11 16 18
11 17 5
11 18 66
11 26 9
11 28 0
11 30 62
11 33 42
11 35 46
11 36 54
11 37 55
11 38 43
11 42 59
11 43 33
11 46 24
11 47 14
11 48 3
11 49 6
11 51 51
11 52 37
11 53 7
11 55 64
11 56 53
11 57 32
11 58 27
11 59 38
11 60 20
11 61 48
11 62 1
11 63 61
11 64 28
11 65 47
11 66 36
12 0 40
12 5 60
12 6 29
12 7 3
12 9 8
12 11 36
12 12 24
12 13 48
12 14 16
12 17 42
12 18 14
12 19 17
12 23 39
12 24 66
12 26 21
12 30 10
12 31 5
12 32 47
12 35 26
12 36 18
12 38 28
12 40 4
12 42 50
12 43 34
12 44 68
12 47 64
12 48 25
12 50 37
12 52 11
12 53 56
12 54 15
12 55 41
12 56 13
12 57 63
12 60 51
12 61 1
12 62 27
12 63 52
12 64 61
12 65 20
12 66 55
12 67 7
12 68 0
13 1 44
13 4 29
13 5 28
13 7 30
13 13 23
13 18 21
13 19 16
13 22 64
13 24 0
13 25 50
13 31 18
13 33 19
13 35 65
13 42 24
13 50 39
13 52 1
13 53 32
13 54 57
13 61 4
13 62 9
13 63 43
13 66 11
13 67 54
13 68 55
13 69 41
14 0 13
14 2 4
14 4 23
14 5 33
14 7 56
14 8 11
14 11 2
14 18 63
14 19 24
14 20 36
14 21 39
14 22 65
14 23 62
14 24 38
14 26 32
14 27 52
14 29 34
14 31 20
14 33 69
14 34 40
14 37 45
14 39 30
14 42 64
14 43 22
14 46 35
14 47 46
14 48 68
14 49 28
14 50 3
14 51 54
14 56 15
14 57 50
14 58 0
14 61 51
14 62 59
14 63 27
14 66 12
14 69 7
15 9 9
15 10 38
15 16 30
15 18 19
15 19 55
15 25 33
15 26 50
15 27 4
15 28 67
15 29 5
15 32 3
15 33 54
15 34 63
15 35 61
15 36 31
15 37 18
15 38 64
15 39 24
15 42 65
15 43 62
15 44 13
15 45 1
15 46 68
15 47 69
15 51 52
15 53 14
15 54 2
15 55 49
15 58 17
15 60 44
15 61 34
15 66 60
16 2 10
16 3 34
16 12 14
16 14 9
16 17 40
16 19 19
16 21 31
16 24 6
16 27 67
16 32 20
16 37 28
16 39 11
16 40 8
16 43 5
16 44 29
16 45 49
16 47 36
16 48 56
16 50 41
16 51 44
16 52 62
16 55 25
16 56 27
16 58 13
16 62 48
16 63 32
16 64 12
16 67 57
16 68 39
17 1 1
17 3 59
17 5 42
17 6 55
17 10 21
17 12 58
17 14 12
17 15 60
17 22 45
17 23 0
17 24 22
17 25 29
17 29 33
17 30 31
17 33 50
17 35 30
17 36 65
17 37 52
17 38 5
17 44 28
17 46 43
17 47 34
17 49 48
17 51 20
17 52 4
17 53 19
17 54 47
17 55 66
17 56 8
17 57 64
17 60 67
17 61 62
17 62 53
17 63 24
17 65 51
17 68 37
17 69 35
18 0 16
18 3 30
18 6 20
18 7 8
18 9 15
18 10 43
18 12 18
18 15 32
18 18 56
18 21 22
18 28 4
18 30 29
18 32 55
18 33 7
18 34 50
18 35 24
18 36 47
18 44 53
18 47 54
18 48 2
18 50 65
18 52 67
18 56 69
18 60 10
18 62 58
18 65 27
18 67 19
19 0 65
19 1 33
19 4 48
19 7 16
19 9 62
19 10 39
19 12 12
19 13 66
19 14 36
19 16 63
19 17 4
19 20 8
19 22 0
19 24 2
19 26 26
19 28 10
19 31 24
19 33 14
19 36 37
19 38 45
19 39 13
19 41 35
19 44 57
19 45 28
19 46 3
19 49 7
19 50 9
19 51 5
19 52 38
19 54 67
19 56 17
19 57 60
19 59 11
19 60 1
19 61 30
19 62 43
19 64 69
19 65 46
19 67 40
20 3 39
20 4 1
20 6 66
20 8 48
20 12 11
20 22 30
20 25 63
20 26 17
20 27 18
20 30 28
20 31 9
20 33 58
20 34 41
20 35 31
20 38 57
20 40 59
20 41 52
20 42 27
20 43 24
20 44 46
20 46 53
20 51 62
20 52 61
20 54 40
20 56 23
20 57 8
20 60 56
20 61 43
20 62 0
20 63 49
20 67 33
20 69 13
21 0 39
21 3 31
21 6 12
21 7 48
21 8 9
21 9 40
21 12 35
21 16 55
21 18 16
21 21 33
21 22 34
21 24 65
21 26 30
21 27 28
21 29 41
21 30 14
21 31 64
21 32 23
21 33 38
21 34 1
21 35 10
21 39 27
21 40 62
21 42 37
21 44 20
21 46 44
21 51 13
21 52 60
21 53 15
21 56 51
21 57 43
21 58 47
21 59 4
21 63 68
21 64 29
21 65 22
22 1 66
22 3 35
22 4 8
22 5 36
22 6 5
22 8 64
22 9 19
22 10 23
22 11 7
22 15 68
22 17 18
22 18 61
22 19 12
22 20 28
22 21 10
22 27 63
22 29 31
22 32 48
22 36 24
22 37 32
22 40 13
22 45 55
22 49 54
22 51 42
22 52 27
22 56 37
22 59 41
22 60 25
22 66 65
22 67 38
22 68 30
22 69 49
23 4 33
23 7 26
23 8 34
23 10 32
23 12 67
23 14 11
23 15 61
23 16 46
23 17 31
23 20 58
23 21 29
23 23 7
23 24 15
23 25 14
23 27 9
23 29 24
23 32 2
23 33 6
23 34 4
23 36 43
23 41 22
23 43 44
23 44 50
23 46 30
23 48 1
23 50 13
23 51 16
23 52 12
23 54 48
23 56 63
23 58 51
23 60 55
23 61 35
23 66 64
23 67 52
23 69 65
24 2 37
24 3 46
24 4 21
24 5 17
24 8 50
24 9 5
24 12 48
24 13 55
24 14 49
24 15 69
24 17 13
24 18 51
24 19 63
24 20 32
24 21 36
24 22 35
24 23 53
24 25 23
24 28 1
24 32 56
24 33 26
24 34 60
24 37 8
24 38 14
24 40 12
24 41 15
24 42 66
24 47 6
24 50 54
24 53 65
24 54 24
24 57 59
24 58 18
24 59 19
24 61 67
24 62 16
24 69 62
25 1 12
25 3 9
25 4 2
25 6 46
25 7 38
25 8 1
25 9 43
25 10 41
25 13 45
25 14 52
25 16 53
25 18 65
25 19 20
25 21 44
25 23 30
25 30 56
25 31 14
25 32 5
25 34 39
25 36 62
25 38 59
25 39 7
25 40 50
25 41 49
25 47 68
25 49 58
25 50 8
25 53 37
25 58 66
25 64 10
25 67 17
26 2 35
26 3 50
26 4 14
26 5 62
26 6 49
26 7 31
26 8 2
26 9 47
26 10 52
26 12 68
26 13 61
26 14 60
26 18 3
26 19 23
26 20 41
26 23 11
26 24 57
26 25 38
26 28 48
26 32 10
26 35 54
26 38 55
26 39 16
26 40 67
26 41 25
26 42 0
26 47 39
26 48 33
26 51 12
26 53 5
26 56 1
26 58 63
26 59 30
26 60 9
26 63 36
26 65 53
26 66 8
26 68 22
27 1 49
27 2 63
27 4 17
27 7 9
27 11 38
27 12 59
27 13 21
27 14 24
27 17 64
27 19 57
27 20 39
27 24 8
27 29 66
27 35 23
27 36 16
27 37 5
27 39 65
27 41 61
27 42 14
27 46 6
27 47 13
27 48 0
27 50 51
27 54 19
27 55 7
27 58 32
27 59 18
27 60 27
27 61 42
27 63 37
27 66 67
28 1 34
28 2 2
28 3 64
28 4 12
28 5 16
28 7 69
28 8 27
28 9 60
28 10 26
28 12 32
28 14 63
28 15 38
28 16 10
28 18 39
28 19 67
28 20 55
28 22 20
28 28 7
28 30 49
28 31 42
28 33 36
28 34 53
28 37 35
28 38 6
28 41 30
28 42 61
28 46 62
28 51 47
28 52 22
28 53 57
28 54 46
28 55 17
28 56 9
28 58 3
28 60 50
28 63 8
28 64 24
28 65 59
28 68 19
28 69 28
29 0 38
29 2 27
29 3 61
29 4 36
29 6 6
29 12 53
29 13 14
29 16 43
29 17 55
29 18 46
29 21 11
29 22 37
29 23 24
29 27 62
29 30 63
29 32 17
29 35 59
29 42 19
29 46 21
29 49 4
29 52 9
29 53 47
29 54 25
29 55 32
29 59 29
29 61 10
29 63 16
29 64 66
29 66 31
29 67 39
29 69 22
30 0 53
30 3 57
30 4 20
30 5 11
30 6 36
30 8 7
30 9 58
30 11 8
30 13 31
30 14 1
30 15 17
30 17 32
30 18 38
30 20 44
30 24 29
30 25 35
30 26 69
30 27 14
30 31 59
30 34 47
30 35 41
30 36 22
30 37 27
30 38 62
30 39 51
30 41 63
30 43 18
30 44 43
30 45 2
30 51 19
30 52 64
30 54 5
30 55 55
30 60 48
30 61 15
30 62 10
30 65 54
30 66 13
30 67 34
31 0 24
31 2 57
31 3 11
31 4 34
31 5 1
31 8 0
31 9 39
31 10 7
31 11 29
31 13 2
31 16 22
31 18 67
31 19 40
31 21 32
31 22 49
31 23 14
31 24 16
31 26 63
31 27 33
31 28 46
31 29 44
31 31 60
31 37 37
31 38 4
31 41 45
31 42 5
31 43 69
31 45 52
31 46 41
31 47 58
31 48 9
31 50 35
31 55 42
31 57 65
31 58 19
31 60 6
31 61 55
31 65 25
31 69 64
32 0 55
32 1 58
32 2 15
32 3 1
32 6 57
32 7 50
32 8 33
32 13 8
32 14 7
32 15 44
32 16 47
32 19 14
32 20 37
32 21 51
32 22 29
32 23 4
32 24 41
32 26 64
32 27 66
32 29 42
32 30 5
32 32 0
32 33 52
32 37 56
32 38 61
32 40 9
32 41 19
32 43 16
32 48 32
32 49 30
32 52 13
32 53 48
32 54 43
32 57 45
32 59 60
32 66 34
32 68 6
32 69 11
33 0 57
33 1 22
33 2 49
33 3 18
33 8 41
33 12 43
33 16 13
33 19 59
33 21 40
33 22 55
33 25 16
33 26 1
33 27 39
33 28 65
33 33 53
33 35 37
33 36 45
33 37 30
33 39 15
33 42 17
33 44 19
33 45 33
33 50 7
33 55 8
33 56 44
33 57 47
33 58 38
33 59 6
33 63 3
33 65 11
33 67 5
34 0 23
34 1 40
34 3 43
34 4 15
34 6 19
34 8 65
34 12 4
34 14 48
34 16 68
34 18 44
34 20 5
34 21 58
34 24 1
34 25 60
34 26 8
34 28 61
34 29 3
34 30 35
34 32 64
34 33 2
34 34 45
34 36 67
34 40 54
34 41 31
34 43 20
34 44 51
34 45 17
34 50 53
34 51 7
34 52 46
34 54 26
34 56 47
34 59 62
34 61 16
34 62 18
34 63 6
34 64 52
34 66 30
34 67 28
34 68 11
34 69 55
35 2 34
35 3 28
35 5 12
35 8 51
35 9 13
35 10 15
35 11 46
35 15 16
35 18 24
35 19 52
35 20 53
35 21 56
35 23 1
35 30 58
35 31 30
35 32 59
35 33 10
35 34 32
35 38 60
35 41 27
35 42 26
35 47 41
35 50 64
35 53 9
35 54 22
35 56 48
35 58 57
35 61 66
35 62 23
35 65 43
35 67 45
36 3 22
36 4 63
36 7 4
36 8 42
36 11 41
36 12 13
36 13 16
36 18 32
36 20 45
36 23 28
36 24 55
36 28 5
36 29 58
36 31 57
36 38 51
36 40 3
36 44 65
36 46 61
36 49 10
36 50 19
36 51 9
36 52 66
36 53 8
36 54 18
36 55 6
36 56 31
36 60 12
36 62 2
36 66 37
36 67 60
37 4 24
37 5 29
37 6 53
37 7 65
37 8 21
37 10 45
37 11 55
37 12 66
37 13 38
37 15 15
37 16 67
37 18 13
37 21 0
37 23 8
37 24 43
37 28 49
37 29 50
37 35 28
37 36 58
37 37 9
37 38 35
37 41 18
37 43 1
37 44 56
37 45 27
37 46 5
37 47 60
37 48 69
37 49 32
37 51 48
37 52 19
37 56 36
37 58 42
37 60 7
37 63 39
37 68 52
38 0 35
38 1 27
38 3 53
38 4 10
38 5 59
38 6 48
38 8 8
38 10 40
38 12 38
38 14 23
38 18 12
38 19 15
38 20 24
38 21 37
38 22 61
38 24 19
38 25 69
38 31 22
38 33 49
38 34 5
38 37 41
38 38 67
38 40 39
38 41 26
38 43 14
38 45 21
38 46 45
38 47 4
38 48 50
38 49 13
38 51 17
38 53 58
38 54 36
38 57 16
38 59 51
38 61 44
38 62 55
38 63 25
38 64 30
38 65 60
38 66 47
38 68 28
38 69 42
39 0 51
39 1 8
39 3 7
39 4 43
39 5 32
39 7 52
39 12 6
39 16 65
39 17 50
39 19 39
39 20 69
39 22 28
39 23 54
39 24 24
39 27 46
39 34 13
39 36 34
39 38 20
39 40 64
39 44 10
39 46 0
39 48 12
39 49 2
39 51 21
39 55 15
39 58 58
39 61 57
39 63 40
39 64 60
39 65 33
39 66 23
39 67 4
39 69 44
40 0 64
40 4 11
40 5 41
40 6 42
40 8 25
40 11 43
40 14 31
40 18 40
40 20 18
40 22 1
40 24 45
40 26 60
40 29 10
40 30 50
40 31 19
40 32 39
40 33 68
40 35 9
40 36 7
40 37 38
40 38 30
40 39 53
40 41 69
40 43 48
40 47 52
40 48 63
40 50 15
40 51 28
40 52 47
40 53 4
40 54 6
40 57 61
40 61 2
40 62 34
40 63 58
40 64 17
40 65 29
40 67 12
40 68 5
40 69 33
41 3 44
41 5 47
41 6 40
41 8 56
41 10 60
41 11 34
41 12 55
41 13 49
41 14 13
41 16 16
41 18 26
41 22 48
41 25 46
41 26 57
41 29 18
41 32 19
41 33 63
41 34 10
41 37 24
41 38 31
41 39 69
41 42 8
41 46 64
41 47 32
41 48 67
41 50 22
41 51 37
41 52 2
41 53 61
41 56 54
41 66 51
42 2 68
42 6 0
42 7 32
42 10 49
42 12 30
42 14 51
42 16 2
42 18 31
42 19 9
42 22 8
42 23 29
42 25 59
42 27 6
42 28 12
42 29 23
42 30 41
42 31 27
42 33 13
42 34 67
42 35 16
42 36 53
42 37 15
42 38 63
42 42 56
42 43 35
42 47 22
42 48 14
42 49 11
42 51 65
42 52 17
42 54 34
42 58 1
42 59 55
42 60 37
42 63 20
42 64 42
42 65 45
42 66 54
42 69 19
43 0 15
43 4 61
43 10 28
43 14 65
43 15 64
43 20 35
43 21 43
43 22 53
43 23 23
43 24 62
43 26 18
43 30 3
43 32 12
43 36 66
43 37 11
43 38 42
43 39 31
43 40 49
43 44 69
43 47 37
43 48 57
43 49 20
43 58 36
43 60 22
43 62 67
43 63 50
43 64 58
43 65 55
43 66 26
43 67 32
43 68 14
43 69 8
44 2 33
44 9 10
44 10 24
44 13 36
44 15 34
44 17 8
44 18 28
44 19 47
44 21 17
44 22 54
44 24 59
44 25 30
44 27 53
44 31 13
44 32 21
44 34 6
44 36 46
44 37 69
44 38 68
44 42 20
44 43 57
44 45 23
44 46 39
44 50 38
44 53 3
44 54 12
44 55 35
44 56 18
44 58 14
44 60 61
44 62 29
44 63 41
44 64 64
44 65 31
44 66 0
44 67 9
44 68 15
44 69 48
45 4 5
45 7 17
45 8 32
45 10 37
45 12 0
45 15 21
45 17 28
45 18 50
45 19 65
45 20 31
45 21 63
45 22 24
45 27 41
45 29 16
45 30 8
45 31 25
45 32 18
45 33 48
45 36 64
45 37 58
45 39 40
45 40 60
45 42 23
45 43 67
45 44 12
45 45 6
45 48 13
45 49 1
45 51 29
45 52 45
45 53 34
45 54 42
45 58 4
45 60 35
45 61 49
45 63 69
45 64 43
45 65 26
45 66 53
46 2 8
46 5 22
46 6 61
46 7 10
46 8 14
46 9 32
46 10 66
46 11 23
46 12 20
46 13 40
46 14 38
46 16 45
46 17 41
46 18 60
46 21 19
46 22 63
46 23 26
46 25 56
46 27 58
46 29 25
46 30 2
46 31 6
46 32 43
46 35 39
46 36 68
46 38 47
46 41 46
46 42 13
46 43 28
46 46 18
46 49 51
46 50 12
46 56 65
46 57 30
46 59 15
46 61 69
46 63 33
46 68 34
46 69 53
47 0 63
47 1 54
47 3 47
47 5 20
47 6 22
47 7 25
47 10 18
47 11 28
47 12 50
47 17 33
47 19 30
47 20 61
47 23 45
47 24 32
47 25 43
47 27 64
47 28 34
47 30 57
47 31 8
47 32 38
47 33 51
47 34 56
47 41 55
47 43 0
47 47 59
47 48 29
47 49 46
47 53 21
47 54 62
47 56 67
47 57 41
47 58 65
47 59 1
47 60 68
47 61 53
47 64 2
47 65 7
47 66 44
47 67 23
47 69 36
48 0 10
48 5 43
48 11 48
48 14 50
48 15 66
48 19 41
48 23 13
48 26 19
48 27 55
48 28 54
48 30 33
48 31 17
48 33 15
48 39 61
48 40 52
48 42 16
48 44 5
48 47 23
48 48 27
48 50 57
48 55 24
48 58 2
48 62 40
48 63 45
48 65 56
48 67 69
48 68 63
48 69 32
49 1 50
49 5 14
49 6 65
49 8 69
49 9 18
49 10 31
49 11 45
49 12 42
49 13 17
49 14 0
49 17 9
49 19 28
49 20 66
49 21 21
49 22 43
49 23 47
49 25 11
49 28 27
49 29 7
49 30 54
49 32 60
49 33 25
49 35 53
49 39 5
49 43 4
49 44 34
49 47 30
49 48 59
49 50 61
49 51 15
49 52 39
49 60 40
49 61 20
49 62 8
49 65 67
49 66 32
49 67 56
49 68 41
49 69 68
50 0 6
50 1 48
50 3 25
50 5 0
50 7 1
50 10 14
50 13 56
50 16 17
50 17 11
50 18 9
50 19 64
50 20 63
50 23 27
50 24 51
50 29 61
50 30 19
50 31 12
50 33 29
50 38 39
50 40 37
50 41 24
50 42 47
50 44 62
50 45 45
50 49 44
50 51 18
50 55 65
50 56 41
50 57 57
50 58 49
50 61 21
50 62 31
50 63 60
50 64 22
51 2 54
51 3 0
51 4 26
51 8 45
51 9 55
51 10 56
51 11 1
51 12 61
51 13 59
51 14 3
51 16 15
51 17 62
51 18 29
51 19 25
51 20 33
51 22 51
51 25 36
51 26 13
51 27 8
51 29 9
51 30 46
51 32 42
51 34 19
51 37 39
51 40 44
51 41 4
51 42 10
51 43 66
51 44 64
51 46 65
51 47 35
51 48 6
51 49 68
51 50 24
51 54 38
51 55 37
51 57 31
51 58 16
51 59 2
51 62 12
51 66 48
51 69 34
52 0 7
52 2 55
52 3 27
52 4 60
52 5 44
52 9 53
52 15 3
52 16 23
52 17 68
52 22 69
52 24 49
52 26 5
52 27 34
52 29 57
52 31 43
52 33 9
52 36 32
52 37 47
52 38 37
52 44 25
52 45 51
52 49 61
52 50 11
52 52 29
52 54 10
52 55 54
52 58 31
52 63 66
52 64 50
52 65 18
52 66 52
52 67 1
52 69 63
53 5 37
53 8 63
53 10 30
53 12 26
53 14 6
53 15 39
53 20 20
53 22 21
53 24 61
53 26 33
53 29 52
53 35 60
53 38 50
53 39 8
53 41 40
53 42 18
53 43 3
53 46 51
53 47 38
53 49 43
53 50 46
53 58 25
53 59 0
53 60 2
53 61 12
53 63 7
53 67 58
53 68 67
53 69 16
54 0 0
54 1 18
54 3 69
54 4 32
54 6 9
54 8 23
54 9 66
54 11 22
54 14 62
54 15 4
54 17 47
54 19 54
54 20 64
54 22 40
54 23 50
54 24 46
54 28 2
54 31 56
54 32 30
54 33 41
54 35 7
54 37 34
54 39 3
54 42 39
54 43 68
54 44 52
54 45 8
54 46 48
54 47 10
54 48 42
54 49 67
54 50 14
54 52 5
54 53 53
54 56 45
54 59 49
54 60 65
54 63 17
54 64 57
54 65 1
54 67 44
54 68 16
54 69 24
55 0 14
55 1 55
55 8 58
55 9 46
55 13 60
55 18 18
55 19 31
55 22 3
55 23 61
55 26 44
55 27 0
55 28 22
55 30 1
55 31 68
55 33 27
55 35 32
55 36 26
55 37 50
55 38 65
55 41 21
55 43 41
55 46 66
55 47 49
55 48 28
55 51 2
55 53 45
55 55 47
55 56 52
55 60 57
55 62 37
55 65 63
55 66 19
55 68 4
55 69 6
56 1 31
56 2 44
56 4 55
56 5 19
56 7 43
56 8 20
56 9 6
56 19 61
56 23 68
56 28 14
56 31 58
56 33 1
56 34 7
56 36 28
56 37 0
56 38 11
56 39 56
56 40 15
56 41 9
56 43 25
56 45 47
56 46 50
56 47 66
56 48 26
56 49 16
56 50 5
56 51 41
56 52 24
56 65 64
56 66 17
56 67 67
57 3 58
57 4 53
57 9 49
57 10 9
57 11 44
57 16 37
57 20 22
57 21 23
57 26 16
57 27 20
57 31 47
57 32 31
57 33 30
57 34 34
57 35 2
57 36 40
57 37 10
57 39 6
57 40 29
57 41 11
57 46 60
57 49 57
57 50 45
57 52 7
57 53 24
57 54 63
57 55 43
57 58 41
57 59 5
57 60 52
57 61 14
57 62 65
57 65 32
57 66 33
57 68 54
57 69 17
58 2 40
58 5 27
58 6 60
58 7 61
58 9 59
58 12 22
58 13 33
58 15 55
58 16 39
58 22 50
58 23 49
58 24 13
58 28 28
58 29 26
58 30 23
58 33 20
58 34 37
58 35 67
58 37 68
58 38 56
58 39 36
58 40 43
58 41 5
58 44 30
58 46 14
58 47 11
58 48 4
58 49 0
58 52 3
58 54 64
58 56 7
58 57 34
58 63 10
58 64 47
58 65 8
58 66 42
58 68 57
59 2 38
59 4 13
59 18 59
59 20 2
59 21 55
59 22 7
59 25 24
59 26 6
59 27 21
59 28 39
59 30 22
59 35 12
59 40 42
59 41 33
59 42 57
59 45 31
59 49 9
59 51 60
59 52 49
59 53 52
59 54 56
59 55 5
59 57 19
59 58 53
59 60 45
59 64 4
59 68 32
60 0 20
60 1 43
60 5 35
60 6 33
60 7 29
60 8 67
60 9 28
60 12 7
60 13 32
60 14 19
60 17 48
60 20 1
60 21 68
60 23 6
60 27 16
60 29 47
60 31 4
60 32 41
60 36 5
60 38 66
60 40 69
60 43 8
60 44 2
60 45 64
60 46 63
60 47 15
60 49 39
60 50 44
60 53 51
60 55 14
60 58 10
60 59 3
60 60 30
60 64 9
60 66 46
60 67 0
60 69 12
61 0 43
61 2 65
61 3 33
61 4 28
61 6 27
61 7 54
61 8 12
61 13 5
61 15 57
61 16 7
61 17 24
61 18 25
61 21 49
61 23 17
61 24 11
61 27 42
61 28 37
61 29 35
61 30 68
61 31 15
61 32 52
61 34 20
61 37 16
61 38 46
61 39 55
61 41 67
61 42 9
61 46 8
61 47 45
61 50 62
61 51 39
61 53 63
61 54 66
61 55 30
61 56 58
61 57 4
61 61 19
61 62 60
61 65 23
61 68 40
61 69 69
62 0 25
62 1 65
62 4 22
62 5 9
62 6 63
62 8 47
62 11 35
62 12 34
62 14 45
62 15 27
62 18 20
62 19 66
62 20 4
62 21 38
62 22 33
62 23 46
62 26 49
62 28 18
62 29 39
62 31 41
62 32 24
62 33 59
62 36 0
62 38 16
62 39 29
62 40 19
62 42 31
62 43 32
62 44 61
62 47 43
62 49 36
62 50 26
62 53 44
62 54 21
62 55 67
62 56 14
62 57 55
62 59 13
62 62 6
62 66 57
62 68 56
63 0 21
63 1 6
63 4 35
63 10 1
63 12 33
63 14 42
63 15 51
63 17 53
63 19 2
63 20 10
63 22 9
63 23 48
63 28 45
63 29 37
63 32 7
63 33 60
63 34 25
63 35 18
63 37 19
63 38 41
63 39 43
63 43 26
63 44 39
63 45 15
63 47 61
63 49 65
63 51 56
63 53 16
63 54 55
63 55 40
63 56 38
63 58 12
63 59 63
63 60 66
63 62 49
63 69 4
64 2 41
64 6 67
64 9 11
64 11 40
64 15 54
64 17 46
64 18 8
64 20 9
64 22 5
64 23 19
64 25 44
64 26 36
64 27 47
64 35 56
64 38 17
64 42 21
64 45 50
64 46 10
64 47 33
64 48 31
64 50 42
64 51 22
64 54 68
64 56 62
64 57 48
64 58 60
64 59 24
64 60 63
64 63 29
65 0 31
65 1 17
65 2 42
65 4 57
65 5 48
65 6 69
65 9 33
65 10 36
65 11 67
65 12 54
65 13 1
65 16 28
65 17 23
65 18 47
65 20 19
65 23 40
65 30 9
65 32 34
65 34 51
65 35 64
65 36 21
65 39 22
65 43 37
65 44 24
65 45 65
65 48 43
65 49 62
65 50 55
65 51 35
65 52 41
65 53 10
65 54 7
65 55 45
65 56 39
65 57 11
65 58 52
65 64 8
66 1 21
66 2 23
66 3 67
66 5 65
66 6 10
66 7 40
66 9 61
66 10 62
66 11 9
66 17 7
66 19 43
66 27 69
66 28 31
66 30 64
66 31 36
66 32 29
66 33 57
66 36 60
66 37 53
66 39 12
66 41 38
66 43 54
66 44 16
66 46 22
66 47 0
66 50 63
66 52 33
66 53 55
66 54 45
66 58 59
66 60 24
66 61 50
66 63 1
66 64 19
66 68 48
67 0 44
67 2 18
67 4 9
67 13 62
67 14 4
67 20 67
67 21 46
67 22 38
67 27 2
67 31 23
67 35 5
67 37 13
67 44 31
67 45 40
67 47 50
67 48 15
67 49 12
67 50 1
67 51 33
67 56 11
67 58 34
67 60 17
67 61 41
67 62 26
67 66 63
67 67 61
67 68 43
68 0 61
68 1 14
68 3 54
68 5 4
68 6 44
68 9 63
68 10 19
68 12 52
68 13 20
68 22 25
68 24 53
68 25 42
68 26 43
68 27 24
68 29 48
68 30 45
68 33 0
68 34 26
68 35 57
68 37 12
68 38 69
68 39 23
68 40 32
68 43 2
68 46 9
68 47 56
68 49 37
68 50 30
68 51 11
68 52 34
68 56 46
68 57 39
68 58 8
68 59 65
68 61 47
68 62 35
68 64 16
68 65 38
69 0 42
69 1 25
69 2 60
69 6 8
69 7 47
69 9 7
69 13 43
69 14 66
69 15 12
69 16 24
69 17 3
69 18 33
69 19 32
69 20 46
69 22 6
69 23 34
69 24 5
69 25 48
69 26 41
69 29 28
69 33 11
69 36 2
69 37 59
69 38 53
69 40 68
69 43 50
69 44 1
69 48 40
69 49 27
69 52 63
69 53 18
69 55 13
69 57 38
69 58 62
69 60 15
69 61 17
69 63 57
69 64 65
69 67 10
69 69 26
