60
0 0 17
0 1 28
0 3 55
0 6 48
0 9 23
0 10 39
0 13 16
0 18 27
0 22 3
0 26 32
0 30 40
0 32 4
0 33 36
0 36 47
0 37 49
0 38 46
0 40 20
0 41 58
0 44 35
0 45 21
0 46 42
0 49 14
0 50 50
0 51 54
0 53 33
0 56 7
0 59 10
1 0 28
1 1 8
1 2 1
1 5 21
1 6 11
1 8 53
1 10 58
1 13 50
1 15 27
1 19 51
1 20 52
1 22 16
1 25 18
1 26 26
1 27 45
1 28 30
1 29 37
1 30 2
1 35 46
1 37 6
1 42 32
1 46 57
1 47 24
1 49 33
1 52 13
1 54 38
1 58 4
1 59 56
2 1 5
2 9 15
2 10 7
2 13 24
2 17 26
2 20 25
2 21 59
2 24 41
2 25 42
2 26 57
2 27 17
2 28 12
2 29 31
2 31 56
2 32 10
2 36 14
2 37 39
2 38 55
2 40 30
2 42 21
2 45 35
2 46 48
2 47 4
2 52 29
2 54 52
2 55 46
2 56 28
2 58 27
2 59 11
3 0 44
3 1 43
3 2 56
3 4 47
3 7 21
3 8 9
3 9 54
3 16 24
3 18 17
3 22 39
3 23 37
3 24 30
3 25 55
3 28 32
3 30 46
3 31 15
3 32 28
3 33 8
3 36 5
3 37 35
3 40 4
3 44 6
3 47 18
3 48 12
3 51 3
3 53 48
3 56 10
3 58 13
4 0 55
4 1 29
4 5 6
4 8 10
4 10 8
4 14 27
4 16 59
4 17 33
4 20 49
4 21 30
4 23 45
4 26 52
4 29 25
4 33 1
4 34 18
4 35 54
4 38 40
4 39 57
4 42 23
4 43 20
4 44 19
4 45 7
4 46 22
4 48 53
4 49 24
4 50 12
4 51 2
4 52 47
4 55 28
5 0 56
5 2 27
5 3 11
5 6 58
5 7 34
5 10 13
5 11 54
5 12 40
5 13 15
5 14 4
5 15 0
5 21 25
5 24 57
5 25 22
5 27 33
5 28 3
5 30 24
5 33 16
5 35 5
5 36 20
5 37 52
5 41 12
5 42 49
5 48 19
5 51 45
5 55 21
5 57 29
6 1 0
6 3 40
6 4 54
6 5 59
6 6 45
6 7 56
6 8 22
6 9 26
6 11 44
6 13 31
6 14 42
6 16 12
6 18 51
6 20 4
6 21 11
6 25 49
6 26 20
6 28 55
6 29 46
6 31 3
6 35 35
6 37 38
6 39 25
6 40 1
6 42 53
6 46 28
6 47 6
6 49 16
6 50 58
6 51 18
6 52 2
6 54 23
6 55 33
6 57 17
7 0 51
7 3 10
7 7 28
7 9 39
7 10 25
7 11 34
7 14 15
7 17 1
7 18 2
7 19 58
7 22 13
7 23 49
7 24 8
7 25 11
7 27 40
7 28 17
7 29 16
7 33 41
7 38 30
7 39 42
7 41 43
7 44 32
7 46 21
7 47 38
7 51 20
7 52 18
7 53 26
7 55 35
7 57 37
7 58 6
8 0 33
8 1 15
8 2 8
8 4 1
8 5 2
8 6 5
8 7 51
8 8 55
8 9 7
8 10 36
8 12 46
8 15 54
8 16 10
8 19 18
8 22 30
8 24 19
8 25 23
8 26 40
8 27 3
8 28 25
8 29 21
8 31 41
8 32 24
8 36 16
8 37 28
8 39 29
8 40 9
8 43 59
8 44 14
8 47 57
8 48 31
8 50 20
8 51 11
8 53 22
8 54 32
8 55 52
8 56 0
8 57 27
8 58 47
9 1 53
9 3 38
9 4 43
9 8 26
9 10 42
9 11 28
9 12 50
9 20 31
9 21 39
9 22 22
9 25 17
9 28 20
9 31 10
9 32 37
9 34 21
9 35 16
9 36 44
9 37 51
9 40 58
9 43 2
9 45 15
9 46 40
9 47 54
9 49 34
9 50 29
9 51 41
9 54 33
9 56 9
9 58 25
10 2 30
10 3 53
10 4 41
10 7 2
10 9 49
10 11 12
10 12 36
10 16 37
10 17 47
10 19 14
10 20 58
10 22 26
10 23 29
10 25 56
10 26 48
10 27 38
10 28 15
10 30 5
10 33 18
10 35 11
10 38 6
10 44 57
10 48 39
10 49 40
10 54 13
10 55 8
10 56 45
10 58 46
11 0 48
11 2 4
11 6 34
11 7 50
11 8 39
11 12 23
11 13 2
11 15 59
11 17 38
11 18 15
11 19 11
11 20 9
11 25 52
11 26 10
11 27 42
11 28 46
11 29 58
11 32 0
11 33 57
11 35 7
11 37 32
11 39 44
11 41 29
11 45 27
11 46 14
11 47 55
11 48 28
11 49 26
11 54 22
11 55 53
11 56 54
11 59 24
12 1 47
12 3 35
12 4 42
12 6 2
12 9 9
12 11 14
12 12 37
12 13 12
12 14 17
12 15 11
12 16 26
12 17 51
12 21 4
12 22 52
12 23 25
12 25 43
12 27 28
12 28 48
12 29 22
12 30 59
12 31 19
12 32 32
12 36 45
12 37 16
12 39 20
12 40 8
12 42 50
12 43 29
12 45 53
12 47 34
12 48 7
12 49 21
12 51 55
12 52 36
12 53 57
12 55 38
12 56 30
12 58 10
13 1 52
13 2 15
13 4 33
13 8 45
13 9 25
13 11 21
13 14 22
13 15 58
13 16 34
13 17 59
13 20 30
13 22 20
13 23 43
13 27 19
13 28 9
13 29 38
13 31 49
13 32 36
13 37 11
13 39 55
13 42 57
13 43 31
13 45 13
13 48 56
13 49 35
13 51 29
13 57 5
13 58 2
13 59 48
14 0 35
14 5 58
14 13 9
14 15 40
14 20 28
14 21 26
14 22 17
14 23 46
14 24 42
14 27 57
14 28 41
14 29 47
14 30 19
14 32 33
14 33 4
14 34 51
14 35 22
14 36 43
14 39 11
14 40 38
14 42 27
14 47 21
14 56 59
15 0 1
15 2 26
15 3 24
15 4 10
15 5 8
15 6 38
15 7 58
15 8 51
15 11 45
15 12 34
15 15 12
15 19 36
15 22 48
15 23 35
15 24 40
15 26 0
15 28 22
15 29 54
15 32 57
15 36 3
15 37 30
15 38 28
15 39 17
15 40 42
15 41 46
15 43 27
15 44 37
15 48 49
15 51 53
15 52 16
15 55 25
15 57 13
15 58 9
16 0 36
16 1 41
16 2 3
16 3 23
16 5 33
16 8 20
16 9 27
16 11 29
16 13 52
16 14 46
16 16 11
16 22 56
16 23 44
16 26 30
16 28 21
16 31 39
16 32 31
16 37 0
16 38 13
16 40 24
16 43 32
16 45 49
16 49 15
16 50 28
16 52 45
16 53 54
16 54 50
16 56 22
17 0 53
17 1 7
17 2 41
17 3 48
17 5 9
17 8 25
17 9 29
17 10 32
17 11 4
17 14 59
17 15 55
17 17 20
17 19 47
17 21 19
17 25 21
17 28 38
17 33 10
17 35 27
17 39 52
17 40 11
17 42 54
17 43 3
17 45 18
17 47 12
17 51 49
17 54 16
17 55 2
17 56 51
17 58 36
17 59 26
18 0 6
18 1 11
18 2 16
18 3 30
18 5 42
18 8 35
18 10 28
18 11 7
18 12 49
18 13 4
18 14 2
18 15 44
18 20 36
18 21 5
18 24 48
18 27 47
18 28 33
18 29 40
18 30 54
18 32 46
18 33 58
18 35 45
18 36 57
18 38 3
18 40 14
18 41 0
18 43 15
18 44 8
18 46 24
18 47 19
18 48 22
18 49 31
18 51 50
18 53 21
18 54 59
18 55 43
18 58 32
18 59 13
19 0 2
19 2 5
19 4 27
19 5 15
19 7 52
19 10 17
19 11 16
19 13 47
19 14 43
19 16 51
19 17 42
19 19 41
19 20 13
19 24 6
19 27 55
19 28 1
19 30 31
19 33 39
19 34 48
19 36 9
19 37 45
19 39 24
19 40 50
19 42 22
19 44 23
19 48 29
19 49 10
19 50 40
19 51 7
19 52 30
19 53 38
19 56 21
19 59 49
20 0 45
20 4 55
20 5 57
20 7 0
20 8 18
20 10 21
20 13 25
20 14 12
20 16 23
20 18 54
20 19 43
20 20 33
20 23 47
20 25 7
20 27 35
20 28 42
20 29 20
20 32 17
20 33 53
20 34 50
20 35 29
20 39 30
20 42 38
20 45 3
20 46 4
20 47 56
20 48 1
20 49 44
20 50 8
20 53 39
20 54 15
20 57 2
21 0 40
21 4 2
21 6 33
21 7 25
21 9 43
21 10 37
21 11 1
21 12 47
21 18 36
21 19 3
21 20 32
21 23 12
21 25 35
21 26 38
21 27 34
21 28 13
21 29 44
21 31 58
21 32 9
21 36 4
21 39 18
21 40 57
21 45 14
21 47 29
21 53 46
21 56 16
21 57 7
21 58 54
22 1 13
22 2 29
22 3 14
22 5 3
22 7 36
22 8 28
22 11 22
22 12 17
22 18 42
22 25 47
22 26 5
22 31 34
22 33 6
22 34 26
22 37 21
22 38 32
22 42 37
22 43 57
22 44 48
22 45 4
22 46 27
22 47 50
22 48 25
22 49 49
22 52 19
22 53 18
22 54 20
22 55 7
22 56 8
22 58 16
23 1 24
23 3 17
23 5 43
23 6 25
23 8 8
23 9 19
23 13 42
23 14 35
23 17 11
23 20 48
23 22 10
23 24 59
23 27 29
23 29 27
23 31 1
23 34 16
23 40 47
23 42 33
23 44 13
23 46 20
23 51 56
23 53 36
23 58 23
23 59 14
24 0 43
24 1 31
24 2 6
24 3 28
24 4 4
24 7 20
24 10 26
24 12 39
24 14 44
24 16 47
24 17 2
24 19 21
24 20 19
24 27 1
24 28 35
24 29 13
24 35 18
24 37 17
24 38 14
24 39 49
24 40 29
24 41 27
24 43 33
24 44 3
24 45 50
24 46 25
24 48 54
24 49 23
24 50 10
24 52 42
24 55 51
24 56 53
24 58 40
24 59 16
25 0 13
25 1 21
25 2 53
25 3 52
25 4 8
25 5 24
25 6 7
25 8 49
25 11 9
25 12 3
25 14 16
25 17 4
25 18 34
25 19 46
25 20 5
25 22 54
25 25 27
25 27 44
25 29 18
25 30 6
25 31 14
25 32 29
25 36 28
25 37 36
25 42 55
25 46 32
25 47 33
25 48 42
25 49 59
25 54 37
25 55 11
25 56 47
25 57 26
25 59 23
26 0 52
26 1 57
26 3 46
26 4 56
26 7 41
26 11 26
26 13 11
26 14 13
26 18 22
26 19 45
26 21 32
26 22 34
26 23 50
26 24 21
26 26 25
26 27 24
26 28 47
26 36 58
26 38 4
26 39 12
26 41 2
26 42 8
26 44 40
26 47 1
26 48 33
26 52 10
26 53 53
26 57 35
27 6 12
27 8 32
27 10 51
27 11 56
27 13 23
27 15 45
27 16 58
27 17 14
27 18 6
27 19 25
27 20 54
27 21 10
27 28 11
27 30 7
27 32 38
27 34 41
27 38 43
27 39 46
27 40 2
27 43 17
27 45 55
27 51 59
27 52 8
27 53 52
27 54 4
27 57 9
28 0 5
28 3 57
28 8 38
28 10 11
28 11 58
28 12 42
28 14 7
28 15 20
28 17 8
28 18 26
28 20 44
28 22 9
28 23 13
28 24 17
28 25 29
28 28 59
28 30 16
28 33 33
28 35 12
28 36 51
28 37 18
28 42 35
28 47 39
28 48 55
28 51 24
28 52 28
28 56 27
28 57 52
29 4 39
29 5 19
29 8 57
29 9 2
29 10 29
29 12 18
29 13 35
29 14 11
29 15 41
29 18 38
29 19 40
29 20 47
29 22 37
29 24 58
29 25 16
29 28 43
29 34 5
29 37 44
29 38 36
29 39 33
29 43 24
29 47 51
29 49 25
29 50 32
29 51 12
29 54 17
29 56 46
29 58 34
30 0 42
30 1 16
30 3 6
30 5 49
30 8 36
30 11 20
30 12 27
30 13 26
30 15 2
30 17 22
30 19 32
30 20 39
30 23 59
30 26 21
30 27 51
30 28 8
30 29 15
30 31 28
30 32 35
30 36 48
30 39 47
30 43 12
30 44 11
30 45 0
30 46 7
30 48 41
30 50 46
30 52 4
30 54 54
30 58 52
30 59 25
31 1 22
31 2 38
31 3 13
31 4 17
31 5 11
31 7 49
31 8 7
31 10 27
31 17 41
31 18 30
31 21 12
31 23 24
31 25 26
31 27 52
31 28 19
31 29 5
31 32 14
31 33 59
31 34 20
31 36 33
31 41 56
31 42 10
31 43 48
31 44 54
31 46 6
31 50 1
31 51 32
31 54 47
31 56 18
31 57 42
32 0 10
32 2 37
32 3 43
32 4 3
32 6 21
32 7 53
32 8 31
32 10 2
32 11 11
32 12 44
32 13 19
32 17 55
32 20 46
32 22 12
32 24 27
32 25 0
32 27 20
32 30 41
32 31 17
32 34 13
32 35 14
32 36 25
32 37 29
32 38 52
32 44 4
32 47 9
32 48 36
32 49 54
32 51 30
32 54 1
32 56 50
32 58 57
33 0 38
33 3 44
33 4 6
33 5 28
33 6 24
33 7 27
33 9 30
33 10 5
33 11 17
33 15 49
33 16 19
33 21 9
33 22 57
33 26 14
33 27 2
33 28 52
33 29 53
33 30 43
33 33 25
33 34 0
33 40 15
33 41 36
33 43 55
33 47 8
33 48 59
33 50 33
33 52 12
33 53 35
33 54 56
33 55 42
33 57 21
34 1 56
34 2 17
34 3 39
34 4 50
34 7 15
34 9 37
34 10 24
34 12 57
34 13 13
34 16 8
34 17 48
34 18 32
34 20 35
34 21 36
34 22 59
34 24 52
34 25 34
34 26 2
34 28 29
34 29 26
34 30 27
34 31 38
34 32 30
34 33 49
34 38 16
34 39 23
34 40 54
34 41 47
34 42 11
34 43 10
34 44 7
34 45 31
34 46 44
34 47 25
34 48 58
34 50 53
34 52 55
34 54 41
34 57 28
34 59 46
35 2 34
35 5 35
35 8 2
35 10 9
35 12 30
35 13 32
35 18 28
35 27 53
35 29 52
35 30 42
35 32 59
35 41 8
35 43 54
35 46 46
35 47 23
35 48 6
35 49 45
35 52 50
35 53 49
35 54 29
35 55 57
35 59 55
36 2 22
36 3 4
36 4 18
36 5 29
36 6 43
36 7 46
36 8 12
36 11 35
36 17 28
36 20 55
36 22 36
36 24 23
36 26 45
36 28 40
36 30 49
36 33 52
36 35 30
36 37 56
36 39 8
36 40 21
36 41 44
36 42 14
36 43 58
36 44 33
36 48 20
36 49 39
36 54 26
36 57 25
36 58 51
37 0 29
37 4 37
37 7 47
37 9 36
37 13 30
37 20 6
37 21 45
37 26 50
37 27 43
37 28 51
37 30 32
37 31 11
37 32 7
37 33 20
37 37 42
37 38 44
37 42 52
37 43 56
37 44 41
37 45 23
37 46 19
37 48 21
37 51 57
37 53 4
37 54 58
37 59 3
38 0 16
38 1 18
38 2 47
38 6 4
38 7 7
38 8 46
38 10 1
38 11 50
38 12 29
38 13 34
38 14 20
38 15 13
38 16 35
38 22 23
38 24 56
38 25 45
38 26 44
38 27 22
38 28 36
38 32 42
38 34 53
38 37 5
38 40 51
38 41 39
38 42 25
38 43 30
38 45 41
38 46 11
38 47 43
38 48 2
38 53 0
38 56 3
39 2 10
39 3 37
39 4 44
39 5 22
39 7 29
39 8 40
39 12 24
39 13 3
39 15 21
39 16 46
39 20 56
39 24 28
39 25 19
39 27 18
39 28 6
39 29 39
39 30 36
39 31 33
39 36 50
39 43 51
39 47 15
39 50 11
39 52 53
39 53 59
39 54 2
39 58 43
39 59 45
40 2 42
40 7 8
40 11 30
40 13 33
40 15 37
40 19 52
40 20 14
40 21 21
40 22 53
40 24 18
40 27 23
40 28 44
40 30 29
40 31 13
40 32 54
40 37 10
40 38 51
40 43 26
40 47 16
40 48 43
40 50 39
40 51 5
40 54 25
40 55 17
40 59 1
41 0 59
41 1 4
41 4 49
41 6 26
41 8 48
41 10 30
41 12 12
41 13 41
41 14 8
41 15 3
41 16 39
41 17 27
41 18 21
41 21 50
41 26 23
41 28 16
41 30 44
41 31 36
41 33 0
41 34 43
41 35 10
41 36 35
41 38 38
41 40 5
41 41 15
41 44 24
41 45 42
41 46 52
41 50 55
41 52 33
41 53 32
41 54 45
41 59 2
42 1 49
42 2 20
42 3 56
42 4 52
42 5 32
42 6 35
42 14 51
42 19 6
42 26 7
42 28 27
42 29 34
42 33 21
42 34 37
42 38 45
42 42 30
42 43 46
42 44 59
42 46 15
42 47 26
42 48 14
42 49 13
42 50 5
42 55 54
42 56 24
42 59 58
43 0 46
43 4 51
43 6 27
43 7 9
43 9 13
43 10 31
43 11 47
43 13 55
43 17 16
43 18 48
43 21 17
43 23 21
43 25 40
43 26 1
43 29 23
43 30 53
43 33 11
43 35 24
43 37 8
43 39 15
43 40 44
43 41 52
43 42 39
43 43 35
43 46 36
43 50 54
43 53 3
43 54 43
43 58 5
44 1 50
44 5 27
44 7 55
44 8 30
44 10 48
44 11 5
44 12 56
44 15 26
44 16 9
44 17 35
44 18 11
44 20 57
44 21 13
44 24 15
44 25 38
44 26 12
44 28 49
44 33 22
44 36 46
44 37 58
44 43 8
44 46 10
44 48 45
44 51 40
44 59 43
45 0 58
45 1 30
45 4 34
45 6 37
45 7 16
45 8 14
45 10 6
45 15 32
45 16 49
45 19 31
45 22 21
45 24 10
45 28 28
45 30 38
45 31 54
45 32 25
45 34 23
45 38 33
45 39 13
45 41 24
45 46 2
45 47 0
45 50 45
45 51 51
45 52 17
45 54 9
45 56 19
45 57 43
45 59 7
46 1 36
46 2 43
46 3 54
46 5 46
46 6 30
46 7 45
46 8 44
46 9 8
46 14 18
46 15 53
46 19 55
46 20 29
46 21 23
46 22 35
46 23 6
46 24 2
46 25 1
46 27 32
46 28 4
46 30 39
46 31 27
46 33 7
46 35 21
46 37 33
46 39 28
46 40 22
46 41 3
46 42 58
46 43 19
46 44 12
46 46 47
46 48 40
46 49 38
46 51 0
46 52 14
46 53 15
46 54 51
46 55 10
46 56 11
46 57 20
46 59 9
47 0 0
47 1 23
47 3 2
47 6 28
47 8 1
47 10 15
47 11 52
47 15 35
47 16 27
47 17 57
47 22 25
47 24 36
47 25 59
47 29 3
47 30 26
47 31 9
47 32 50
47 35 34
47 36 54
47 38 18
47 43 40
47 44 43
47 46 29
47 47 42
47 50 56
47 51 10
47 55 45
47 56 17
47 57 19
47 58 11
48 1 58
48 2 46
48 3 34
48 4 32
48 7 17
48 10 16
48 11 48
48 12 10
48 13 45
48 14 52
48 15 30
48 18 29
48 19 13
48 20 23
48 21 2
48 22 11
48 24 3
48 26 24
48 29 49
48 31 18
48 33 55
48 34 39
48 36 6
48 38 19
48 39 1
48 44 28
48 46 33
48 48 38
48 49 51
48 51 15
48 52 9
48 53 8
48 54 0
48 56 20
49 0 32
49 6 31
49 8 52
49 9 55
49 10 10
49 14 49
49 15 14
49 16 40
49 17 21
49 19 42
49 20 51
49 25 33
49 29 8
49 34 19
49 36 23
49 42 56
49 43 43
49 44 30
49 45 44
49 46 38
49 47 46
49 49 36
49 50 22
49 51 27
49 52 20
49 54 24
49 55 18
49 58 58
50 0 15
50 1 26
50 6 53
50 7 3
50 10 22
50 11 46
50 13 37
50 15 1
50 17 10
50 20 12
50 24 32
50 25 20
50 27 30
50 29 28
50 32 41
50 35 36
50 36 18
50 38 27
50 41 50
50 43 7
50 46 8
50 49 0
50 51 44
50 52 25
50 55 23
50 56 34
50 57 56
50 59 52
51 0 22
51 1 40
51 3 18
51 5 30
51 6 6
51 7 32
51 8 50
51 13 1
51 14 28
51 19 8
51 25 24
51 26 17
51 31 35
51 34 36
51 35 9
51 36 13
51 37 46
51 39 5
51 40 56
51 42 29
51 43 16
51 46 34
51 48 3
51 50 48
51 52 27
51 53 25
51 54 44
51 55 15
51 58 55
51 59 37
52 0 39
52 2 40
52 5 41
52 7 26
52 8 33
52 9 38
52 11 31
52 12 5
52 14 48
52 15 46
52 16 6
52 17 23
52 18 25
52 19 29
52 21 28
52 24 43
52 27 21
52 28 7
52 30 47
52 38 57
52 41 35
52 43 1
52 46 59
52 47 37
52 49 42
52 51 4
52 53 44
52 56 36
52 57 12
52 58 14
53 0 18
53 1 25
53 2 14
53 3 29
53 4 20
53 5 38
53 6 22
53 8 3
53 10 40
53 13 8
53 14 56
53 15 17
53 16 28
53 17 54
53 19 33
53 21 53
53 24 47
53 25 32
53 27 41
53 28 50
53 29 57
53 30 15
53 31 45
53 33 24
53 38 31
53 39 51
53 41 55
53 42 59
53 43 13
53 46 0
53 47 58
53 49 4
53 50 19
53 51 48
54 0 57
54 2 18
54 4 11
54 7 38
54 12 26
54 13 46
54 17 17
54 18 50
54 19 39
54 24 53
54 26 4
54 29 33
54 31 23
54 32 5
54 34 3
54 35 59
54 36 8
54 37 27
54 41 28
54 42 45
54 49 6
54 50 31
54 54 42
54 55 30
54 57 16
54 59 19
55 0 30
55 1 9
55 2 57
55 3 5
55 4 35
55 5 13
55 6 17
55 9 4
55 10 12
55 11 0
55 12 53
55 15 42
55 17 56
55 18 55
55 19 7
55 21 20
55 22 8
55 25 15
55 26 51
55 27 54
55 29 59
55 31 46
55 32 39
55 35 47
55 36 52
55 37 26
55 40 19
55 41 25
55 42 41
55 45 37
55 50 6
55 52 21
55 55 1
55 57 24
55 59 34
56 1 38
56 2 35
56 5 4
56 6 20
56 7 10
56 8 47
56 10 54
56 12 33
56 18 1
56 20 17
56 21 49
56 22 18
56 24 55
56 25 3
56 27 26
56 28 37
56 29 29
56 30 9
56 31 8
56 34 11
56 35 25
56 37 15
56 40 48
56 41 21
56 43 52
56 51 46
56 52 58
56 54 40
56 55 56
56 58 59
56 59 22
57 0 23
57 8 15
57 10 14
57 12 31
57 13 54
57 14 5
57 15 34
57 19 16
57 24 46
57 28 24
57 29 7
57 30 55
57 35 42
57 38 49
57 39 43
57 40 41
57 42 12
57 43 25
57 44 1
57 45 8
57 47 28
57 49 32
57 54 48
57 55 9
57 56 13
57 58 33
58 0 12
58 2 49
58 3 26
58 6 39
58 7 23
58 8 29
58 10 46
58 11 51
58 12 59
58 13 22
58 14 9
58 15 25
58 17 7
58 20 41
58 24 35
58 25 53
58 26 6
58 28 58
58 29 43
58 30 45
58 33 5
58 34 33
58 35 57
58 38 0
58 42 3
58 45 2
58 47 20
58 48 48
58 54 30
58 56 55
58 58 21
59 4 48
59 5 16
59 6 49
59 7 12
59 10 33
59 14 58
59 17 30
59 18 23
59 19 54
59 21 8
59 22 46
59 24 22
59 27 31
59 31 53
59 34 4
59 37 57
59 43 42
59 44 15
59 45 26
59 47 2
59 51 35
59 52 38
59 54 36
59 56 25
59 58 24
59 59 32
