70
0 1 17
0 2 63
0 3 48
0 4 60
0 5 35
0 7 20
0 8 57
0 9 13
0 11 8
0 12 23
0 13 52
0 14 34
0 15 56
0 16 3
0 18 24
0 19 47
0 21 27
0 23 2
0 24 42
0 26 51
0 28 59
0 30 65
0 32 40
0 33 18
0 35 39
0 36 21
0 38 1
0 39 10
0 42 14
0 43 7
0 44 22
0 45 0
0 47 50
0 48 31
0 49 68
0 51 69
0 52 66
0 54 33
0 55 16
0 56 11
0 57 41
0 59 53
0 60 26
0 61 32
0 62 43
0 63 46
0 64 44
0 65 36
0 67 30
0 68 38
0 69 19
1 0 14
1 2 57
1 3 15
1 5 54
1 7 53
1 9 6
1 10 33
1 11 7
1 13 29
1 14 31
1 15 10
1 16 12
1 17 69
1 18 13
1 20 52
1 21 36
1 22 37
1 24 2
1 25 64
1 27 28
1 29 68
1 30 26
1 31 40
1 32 41
1 33 59
1 34 27
1 35 21
1 36 18
1 37 61
1 39 45
1 41 62
1 42 67
1 43 32
1 45 56
1 46 42
1 47 44
1 49 51
1 51 48
1 52 19
1 54 25
1 57 39
1 59 34
1 60 8
1 62 4
1 63 35
1 64 20
1 65 3
1 69 1
2 0 27
2 2 33
2 3 20
2 6 68
2 8 6
2 9 31
2 11 34
2 13 19
2 14 12
2 15 59
2 16 63
2 17 45
2 18 53
2 19 2
2 20 36
2 21 30
2 23 60
2 24 48
2 25 43
2 27 35
2 28 25
2 29 18
2 30 10
2 31 64
2 32 29
2 33 1
2 34 5
2 35 11
2 36 42
2 37 66
2 44 52
2 45 28
2 47 65
2 48 3
2 50 37
2 51 46
2 52 38
2 53 50
2 56 4
2 57 56
2 60 67
2 62 16
2 63 54
2 64 41
2 65 0
2 67 7
2 68 17
2 69 8
3 1 49
3 2 60
3 3 33
3 4 25
3 6 58
3 7 47
3 8 15
3 10 66
3 11 57
3 12 21
3 13 24
3 14 44
3 15 3
3 17 2
3 20 14
3 22 35
3 24 6
3 25 23
3 26 54
3 27 38
3 28 19
3 29 56
3 30 12
3 31 10
3 33 55
3 34 62
3 35 30
3 36 65
3 37 20
3 38 40
3 40 46
3 41 13
3 42 5
3 43 69
3 45 27
3 46 64
3 47 26
3 48 45
3 50 59
3 51 51
3 52 50
3 53 61
3 54 28
3 55 7
3 56 18
3 57 29
3 58 52
3 62 41
3 65 63
3 66 4
3 67 8
3 68 67
4 1 51
4 3 17
4 4 46
4 6 23
4 7 66
4 9 3
4 10 40
4 12 49
4 13 5
4 14 33
4 15 22
4 16 13
4 17 67
4 18 31
4 19 9
4 21 69
4 22 45
4 25 58
4 27 29
4 28 11
4 29 62
4 30 48
4 31 32
4 32 59
4 34 60
4 35 19
4 38 2
4 39 38
4 40 56
4 41 24
4 42 4
4 44 35
4 45 41
4 46 65
4 47 28
4 50 53
4 51 42
4 52 25
4 53 39
4 54 68
4 55 21
4 57 37
4 60 34
4 63 18
4 64 27
4 65 52
4 66 7
4 67 61
4 68 43
4 69 54
5 2 22
5 4 47
5 6 42
5 8 65
5 9 36
5 11 51
5 12 61
5 13 38
5 14 21
5 16 59
5 18 48
5 19 10
5 20 67
5 21 13
5 26 64
5 29 2
5 30 50
5 31 20
5 32 18
5 35 62
5 36 63
5 38 43
5 39 23
5 40 17
5 42 41
5 43 66
5 46 37
5 47 9
5 48 14
5 50 19
5 56 16
5 57 3
5 59 31
5 60 4
5 61 57
5 64 33
5 65 49
5 66 44
5 67 39
5 68 69
5 69 52
6 0 60
6 1 57
6 5 18
6 6 26
6 10 39
6 11 41
6 12 54
6 13 22
6 14 23
6 15 7
6 16 19
6 17 55
6 19 5
6 20 62
6 23 16
6 24 10
6 27 21
6 28 38
6 29 48
6 30 9
6 31 50
6 32 51
6 33 0
6 34 64
6 35 25
6 36 20
6 37 4
6 38 66
6 39 12
6 40 3
6 41 8
6 42 33
6 43 29
6 46 28
6 49 49
6 50 67
6 51 36
6 52 37
6 53 40
6 54 43
6 55 30
6 57 69
6 62 45
6 63 27
6 65 15
6 66 1
6 68 2
6 69 14
7 0 57
7 2 3
7 3 2
7 4 18
7 5 15
7 6 66
7 7 30
7 8 22
7 9 64
7 10 69
7 11 35
7 12 31
7 13 20
7 16 23
7 17 33
7 18 54
7 19 52
7 21 17
7 22 56
7 23 49
7 25 11
7 26 48
7 27 6
7 28 27
7 29 39
7 30 34
7 31 59
7 32 50
7 34 55
7 35 0
7 36 16
7 37 37
7 39 13
7 40 19
7 42 9
7 46 25
7 50 38
7 52 24
7 53 43
7 54 29
7 55 14
7 56 41
7 57 26
7 58 46
7 60 47
7 61 62
7 63 51
7 64 42
7 65 65
7 67 68
7 68 10
7 69 5
8 2 38
8 3 10
8 4 14
8 5 24
8 6 34
8 7 1
8 8 66
8 9 25
8 10 42
8 11 40
8 12 59
8 15 65
8 16 17
8 17 26
8 18 61
8 19 7
8 20 23
8 21 46
8 22 30
8 23 28
8 24 47
8 25 51
8 26 6
8 27 63
8 28 43
8 29 22
8 33 54
8 34 52
8 35 27
8 37 21
8 43 57
8 45 68
8 47 35
8 49 36
8 52 69
8 53 64
8 54 37
8 56 20
8 59 18
8 60 11
8 62 56
8 64 9
8 66 53
8 68 29
8 69 15
9 0 48
9 1 54
9 4 5
9 6 45
9 7 24
9 8 16
9 11 39
9 13 64
9 15 50
9 19 60
9 20 13
9 21 18
9 23 57
9 24 29
9 25 66
9 26 7
9 27 59
9 30 8
9 31 30
9 33 19
9 34 56
9 35 65
9 36 22
9 37 53
9 38 11
9 39 42
9 40 40
9 41 51
9 43 38
9 46 3
9 47 2
9 48 35
9 49 28
9 51 14
9 53 68
9 55 1
9 56 61
9 57 63
9 58 67
9 59 36
9 60 20
9 61 4
9 63 9
9 64 31
9 66 69
9 67 12
9 68 58
9 69 44
10 0 19
10 2 64
10 4 69
10 5 1
10 6 41
10 7 38
10 10 32
10 11 53
10 12 66
10 13 62
10 14 29
10 15 57
10 18 45
10 19 12
10 20 56
10 21 68
10 22 0
10 24 61
10 26 21
10 27 27
10 29 28
10 30 14
10 31 16
10 32 13
10 33 10
10 38 31
10 39 44
10 40 5
10 41 47
10 42 20
10 43 15
10 44 46
10 46 60
10 47 48
10 48 9
10 49 25
10 50 22
10 53 24
10 54 35
10 55 18
10 56 65
10 57 2
10 59 42
10 61 50
10 63 8
10 65 51
10 66 59
10 67 6
10 68 7
10 69 49
11 0 62
11 1 29
11 2 21
11 3 49
11 4 58
11 6 36
11 8 8
11 9 47
11 10 61
11 13 9
11 14 43
11 15 54
11 16 42
11 18 51
11 19 56
11 20 19
11 21 1
11 23 44
11 24 39
11 25 46
11 26 33
11 27 30
11 29 4
11 30 28
11 31 14
11 32 38
11 33 48
11 34 2
11 36 45
11 38 35
11 39 50
11 43 11
11 44 68
11 46 40
11 47 67
11 48 20
11 49 12
11 50 57
11 51 59
11 52 32
11 53 60
11 54 0
11 55 63
11 56 27
11 57 31
11 58 22
11 59 37
11 61 65
11 62 7
11 63 16
11 64 52
11 65 55
11 66 15
11 67 17
12 0 59
12 1 12
12 2 13
12 3 11
12 5 61
12 6 64
12 7 3
12 9 41
12 13 54
12 16 32
12 17 1
12 20 0
12 21 15
12 22 43
12 25 9
12 26 29
12 27 14
12 28 53
12 29 35
12 30 40
12 32 65
12 33 6
12 34 42
12 35 48
12 36 8
12 37 39
12 38 51
12 40 38
12 41 52
12 42 23
12 43 50
12 45 33
12 46 24
12 47 18
12 48 16
12 49 4
12 51 2
12 53 57
12 54 63
12 57 47
12 58 69
12 59 20
12 60 17
12 61 60
12 62 28
12 63 25
12 64 21
12 65 62
12 66 10
12 67 67
12 69 66
13 0 34
13 2 0
13 3 50
13 4 55
13 5 28
13 6 43
13 7 23
13 8 51
13 10 12
13 11 20
13 12 53
13 14 59
13 15 11
13 16 10
13 18 47
13 19 38
13 20 66
13 21 57
13 22 62
13 26 40
13 27 42
13 28 54
13 29 9
13 30 35
13 32 39
13 33 58
13 34 24
13 38 69
13 39 32
13 41 37
13 42 52
13 43 1
13 45 22
13 49 5
13 50 46
13 51 68
13 52 17
13 56 63
13 57 48
13 58 65
13 60 3
13 61 49
13 63 29
13 64 45
13 65 16
13 68 30
13 69 27
14 0 64
14 1 10
14 2 42
14 4 35
14 5 11
14 9 57
14 10 56
14 11 50
14 13 7
14 15 30
14 16 43
14 18 62
14 19 67
14 20 1
14 22 27
14 26 8
14 27 36
14 28 37
14 31 31
14 32 17
14 33 41
14 34 0
14 35 60
14 36 24
14 37 52
14 39 9
14 40 68
14 43 54
14 44 25
14 46 2
14 47 5
14 49 38
14 50 4
14 51 65
14 54 19
14 55 66
14 56 40
14 57 22
14 58 51
14 59 23
14 60 49
14 62 69
14 63 3
14 64 29
14 65 46
14 66 26
14 67 44
14 68 20
14 69 13
15 0 15
15 1 40
15 3 29
15 4 16
15 8 27
15 9 23
15 10 50
15 11 17
15 12 35
15 13 57
15 15 9
15 16 38
15 17 13
15 20 28
15 22 46
15 24 36
15 25 69
15 26 60
15 28 61
15 29 52
15 30 7
15 31 37
15 32 42
15 33 22
15 35 63
15 37 49
15 38 21
15 40 24
15 41 55
15 43 4
15 44 2
15 46 31
15 47 45
15 48 53
15 49 54
15 50 47
15 51 58
15 52 8
15 54 66
15 56 19
15 58 41
15 59 30
15 60 62
15 61 51
15 62 44
15 63 32
15 64 26
15 65 20
15 66 68
15 67 65
15 68 14
16 1 30
16 3 51
16 4 34
16 5 67
16 6 7
16 7 37
16 8 18
16 12 2
16 14 55
16 15 28
16 16 48
16 17 65
16 18 1
16 19 32
16 20 8
16 21 31
16 24 5
16 25 13
16 26 14
16 30 58
16 31 46
16 32 56
16 33 3
16 34 44
16 35 40
16 36 68
16 38 19
16 39 54
16 41 22
16 42 63
16 47 12
16 49 6
16 50 16
16 51 26
16 52 10
16 53 15
16 57 20
16 58 66
16 62 53
16 63 43
16 65 50
16 67 42
16 68 45
17 1 22
17 4 54
17 5 16
17 6 48
17 7 12
17 9 44
17 10 9
17 11 42
17 12 36
17 13 28
17 14 14
17 15 51
17 18 59
17 20 38
17 21 11
17 22 66
17 23 8
17 24 45
17 25 10
17 27 1
17 29 32
17 30 61
17 33 40
17 34 4
17 35 31
17 37 35
17 38 55
17 40 0
17 41 25
17 43 2
17 44 63
17 45 18
17 46 17
17 47 69
17 48 65
17 49 43
17 51 41
17 52 30
17 53 3
17 55 37
17 58 24
17 59 49
17 60 52
17 61 56
17 62 68
17 63 15
17 64 13
18 0 43
18 2 62
18 3 64
18 5 52
18 6 4
18 7 19
18 8 1
18 9 48
18 10 23
18 11 47
18 12 39
18 13 33
18 15 69
18 16 31
18 17 24
18 18 14
18 20 65
18 21 67
18 23 45
18 24 3
18 28 28
18 30 57
18 31 38
18 32 6
18 33 63
18 34 11
18 36 35
18 37 16
18 38 22
18 39 20
18 40 36
18 41 54
18 43 17
18 44 61
18 46 51
18 47 49
18 48 18
18 49 56
18 50 68
18 55 13
18 56 0
18 57 27
18 58 26
18 60 12
18 64 5
18 65 60
18 67 2
18 68 37
18 69 25
19 0 29
19 1 28
19 3 25
19 6 24
19 7 22
19 8 5
19 10 17
19 13 10
19 14 39
19 15 0
19 17 58
19 18 27
19 19 14
19 20 35
19 21 66
19 23 9
19 24 52
19 26 43
19 27 7
19 28 32
19 29 42
19 30 59
19 31 21
19 33 31
19 35 3
19 36 34
19 39 51
19 40 23
19 41 6
19 42 64
19 44 26
19 45 11
19 46 16
19 47 55
19 49 47
19 50 62
19 51 18
19 52 49
19 54 67
19 55 48
19 57 53
19 58 45
19 59 68
19 61 2
19 63 41
19 64 1
19 65 4
19 66 30
20 0 13
20 1 41
20 2 19
20 3 43
20 5 51
20 6 39
20 8 17
20 9 20
20 10 37
20 11 67
20 12 45
20 13 2
20 15 24
20 16 0
20 17 68
20 18 60
20 19 55
20 20 44
20 21 50
20 22 22
20 23 30
20 24 40
20 25 65
20 26 10
20 27 56
20 30 38
20 31 5
20 32 16
20 34 23
20 35 18
20 37 48
20 39 59
20 40 28
20 41 29
20 42 54
20 43 3
20 44 12
20 45 9
20 46 61
20 47 62
20 50 21
20 51 63
20 52 52
20 53 14
20 54 64
20 55 31
20 56 66
20 57 42
20 58 58
20 59 1
20 62 34
20 63 26
20 66 47
20 67 32
20 68 35
21 0 32
21 1 68
21 3 41
21 4 59
21 6 61
21 7 13
21 8 52
21 9 67
21 10 53
21 12 4
21 15 8
21 16 45
21 17 62
21 18 22
21 20 9
21 21 23
21 23 35
21 24 63
21 25 19
21 28 69
21 29 29
21 30 42
21 31 60
21 34 43
21 35 2
21 36 56
21 37 55
21 38 7
21 39 66
21 40 10
21 41 50
21 43 49
21 44 38
21 45 12
21 46 58
21 47 57
21 50 15
21 51 24
21 54 14
21 57 36
21 58 3
21 59 39
21 60 54
21 62 25
21 64 34
21 68 33
21 69 11
22 3 63
22 4 33
22 5 12
22 9 58
22 10 18
22 11 60
22 12 27
22 13 56
22 14 41
22 15 67
22 16 66
22 18 2
22 20 15
22 21 28
22 22 16
22 23 43
22 26 22
22 28 52
22 29 55
22 30 23
22 31 36
22 32 10
22 33 39
22 34 29
22 36 32
22 37 25
22 38 53
22 39 37
22 41 3
22 42 35
22 43 26
22 44 34
22 45 51
22 46 19
22 47 8
22 49 62
22 50 64
22 51 30
22 52 45
22 53 69
22 54 59
22 55 0
22 60 5
22 61 61
22 63 17
22 64 6
22 65 57
22 66 11
22 67 49
22 68 50
22 69 38
23 1 1
23 2 50
23 3 46
23 6 25
23 7 67
23 8 62
23 9 63
23 10 13
23 12 64
23 13 4
23 14 26
23 15 5
23 16 24
23 17 18
23 19 44
23 20 68
23 23 29
23 24 32
23 25 2
23 28 6
23 29 8
23 30 36
23 31 27
23 33 14
23 35 57
23 37 38
23 38 10
23 39 22
23 40 65
23 41 53
23 42 56
23 43 33
23 44 42
23 45 17
23 51 47
23 52 59
23 56 51
23 57 15
23 58 37
23 59 12
23 60 40
23 61 23
23 62 31
23 64 35
23 65 43
23 66 54
23 67 69
23 68 61
23 69 48
24 0 4
24 1 63
24 2 48
24 5 40
24 6 2
24 9 46
24 11 68
24 13 44
24 14 56
24 15 17
24 16 37
24 17 66
24 20 64
24 21 45
24 23 39
24 25 49
24 27 65
24 28 14
24 29 41
24 30 30
24 31 67
24 33 9
24 35 15
24 36 5
24 39 8
24 45 3
24 46 53
24 49 0
24 50 6
24 52 43
24 53 31
24 55 32
24 56 34
24 57 35
24 58 10
24 60 50
24 61 28
24 62 58
24 63 21
24 65 25
24 66 60
24 68 55
24 69 20
25 1 55
25 2 28
25 3 7
25 4 42
25 5 14
25 6 31
25 7 65
25 9 2
25 10 19
25 14 51
25 15 53
25 16 40
25 17 37
25 19 54
25 20 69
25 21 25
25 22 17
25 24 59
25 28 26
25 29 5
25 30 18
25 32 30
25 34 50
25 35 46
25 36 11
25 38 60
25 40 12
25 41 16
25 42 6
25 46 62
25 47 10
25 49 63
25 50 48
25 51 27
25 53 45
25 54 21
25 55 43
25 56 36
25 57 0
25 58 56
25 60 9
25 61 20
25 62 13
25 65 29
25 66 58
25 68 39
26 0 1
26 1 46
26 2 37
26 4 67
26 6 65
26 8 56
26 9 9
26 11 14
26 12 24
26 13 39
26 14 6
26 15 47
26 17 20
26 18 10
26 20 59
26 22 68
26 23 31
26 24 35
26 25 60
26 26 13
26 27 4
26 28 16
26 30 5
26 31 2
26 35 64
26 37 30
26 39 18
26 41 44
26 42 11
26 44 48
26 45 49
26 46 36
26 47 22
26 48 43
26 49 69
26 51 54
26 52 55
26 53 63
26 55 51
26 56 15
26 57 61
26 58 23
26 59 38
26 60 7
26 61 0
26 62 21
26 63 57
26 64 50
26 65 53
26 66 27
26 68 32
26 69 40
27 0 11
27 1 14
27 4 19
27 5 33
27 6 38
27 8 68
27 9 7
27 11 2
27 12 42
27 13 31
27 14 67
27 15 13
27 17 9
27 18 18
27 20 40
27 21 6
27 22 8
27 23 15
27 24 30
27 25 25
27 26 58
27 27 60
27 28 5
27 30 66
27 32 55
27 33 34
27 35 59
27 36 41
27 37 27
27 39 35
27 42 50
27 43 52
27 44 54
27 46 63
27 47 4
27 48 17
27 49 1
27 50 65
27 53 53
27 54 47
27 55 23
27 56 3
27 58 20
27 59 46
27 60 44
27 61 37
27 62 49
27 63 10
27 64 69
27 65 24
27 66 32
27 67 36
27 68 28
27 69 29
28 1 52
28 2 53
28 3 31
28 4 63
28 5 56
28 6 0
28 7 51
28 8 50
28 10 22
28 11 38
28 12 19
28 13 16
28 14 66
28 15 1
28 16 65
28 17 47
28 18 17
28 20 4
28 23 13
28 24 34
28 25 62
28 26 9
28 27 12
28 28 35
28 30 64
28 31 11
28 32 49
28 33 8
28 34 41
28 35 54
28 37 14
28 38 18
28 40 33
28 41 61
28 43 20
28 45 10
28 46 48
28 47 6
28 48 7
28 49 24
28 50 2
28 51 39
28 53 44
28 54 23
28 55 69
28 56 55
28 57 30
28 58 60
28 59 29
28 60 45
28 61 3
28 62 27
28 64 32
28 66 43
28 67 21
29 0 44
29 2 40
29 4 3
29 6 1
29 7 50
29 8 2
29 10 25
29 11 63
29 12 20
29 13 23
29 15 34
29 16 57
29 17 22
29 18 41
29 19 28
29 20 7
29 21 62
29 23 32
29 24 27
29 25 8
29 26 39
29 27 33
29 29 24
29 30 54
29 31 56
29 34 31
29 35 14
29 37 0
29 38 5
29 40 6
29 42 45
29 43 43
29 44 18
29 46 30
29 47 46
29 48 49
29 50 58
29 51 11
29 53 10
29 55 61
29 56 26
29 58 29
29 62 48
29 63 12
29 65 9
29 69 42
30 0 24
30 1 69
30 2 25
30 3 0
30 5 29
30 6 47
30 7 26
30 8 53
30 9 68
30 13 41
30 14 63
30 15 18
30 16 30
30 17 15
30 21 49
30 22 38
30 23 61
30 24 37
30 25 40
30 26 59
30 27 5
30 28 51
30 29 1
30 30 19
30 32 28
30 34 6
30 39 21
30 40 34
30 41 27
30 42 66
30 43 36
30 44 50
30 46 43
30 47 39
30 49 45
30 51 20
30 52 14
30 53 4
30 54 13
30 55 35
30 56 10
30 57 44
30 58 32
30 60 56
30 61 67
30 62 9
30 63 62
30 64 65
30 67 64
30 68 42
30 69 23
31 0 7
31 1 61
31 2 15
31 3 60
31 5 50
31 6 54
31 7 63
31 8 14
31 9 49
31 10 5
31 11 69
31 12 38
31 17 51
31 18 9
31 23 55
31 24 33
31 25 45
31 26 4
31 27 17
31 28 13
31 29 23
31 30 68
31 31 65
31 33 30
31 34 47
31 35 56
31 36 37
31 37 43
31 38 46
31 39 2
31 40 20
31 41 18
31 42 8
31 44 66
31 45 62
31 47 32
31 50 35
31 53 48
31 54 40
31 55 57
31 56 42
31 57 64
31 59 52
31 60 1
31 63 58
31 64 59
31 66 12
31 68 3
31 69 16
32 0 53
32 1 56
32 3 6
32 4 11
32 5 64
32 8 30
32 10 62
32 12 25
32 13 42
32 15 45
32 17 17
32 19 20
32 20 33
32 21 21
32 22 12
32 23 54
32 28 65
32 29 10
32 31 9
32 33 61
32 34 37
32 35 8
32 37 19
32 39 29
32 40 14
32 41 40
32 42 68
32 44 3
32 45 34
32 47 51
32 48 26
32 49 7
32 51 15
32 52 60
32 53 58
32 54 57
32 58 31
32 59 5
32 60 63
32 62 38
32 66 52
32 67 27
32 68 1
32 69 43
33 0 58
33 1 11
33 3 21
33 4 10
33 7 49
33 9 33
33 10 0
33 11 48
33 12 29
33 13 25
33 16 1
33 17 38
33 18 44
33 19 30
33 21 63
33 22 26
33 23 20
33 24 67
33 25 17
33 26 65
33 27 19
33 29 3
33 30 27
33 31 55
33 32 7
33 33 16
33 34 66
33 35 42
33 36 39
33 38 59
33 40 61
33 44 32
33 45 13
33 46 47
33 47 41
33 50 14
33 52 15
33 53 54
33 57 45
33 58 18
33 59 9
33 60 43
33 62 24
33 63 37
33 64 23
33 65 35
33 67 34
33 68 36
33 69 60
34 0 3
34 1 42
34 2 58
34 3 45
34 4 65
34 5 55
34 6 59
34 8 33
34 11 31
34 12 60
34 13 48
34 14 30
34 15 26
34 16 4
34 18 6
34 19 69
34 20 5
34 21 2
34 22 50
34 25 15
34 26 52
34 27 39
34 28 18
34 29 37
34 30 63
34 31 29
34 33 27
34 34 38
34 35 16
34 38 47
34 39 61
34 40 22
34 42 17
34 43 41
34 45 53
34 46 14
34 47 40
34 49 13
34 50 20
34 52 46
34 54 24
34 55 49
34 56 56
34 58 0
34 60 35
34 61 66
34 62 62
34 63 36
34 67 1
34 68 11
34 69 32
35 0 21
35 1 20
35 3 68
35 4 24
35 5 53
35 6 49
35 8 9
35 9 56
35 11 28
35 12 63
35 13 47
35 14 0
35 15 33
35 18 3
35 20 58
35 21 32
35 22 29
35 24 11
35 25 57
35 27 10
35 28 40
35 29 38
35 30 62
35 31 61
35 32 4
35 33 52
35 34 45
35 35 66
35 36 17
35 37 41
35 38 37
35 40 7
35 41 59
35 42 19
35 43 30
35 44 5
35 45 60
35 46 22
35 47 31
35 48 8
35 49 50
35 50 13
35 51 34
35 54 36
35 55 6
35 56 12
35 57 14
35 58 35
35 59 25
35 60 27
35 66 48
35 67 51
36 0 65
36 3 36
36 4 26
36 5 3
36 6 62
36 7 14
36 8 63
36 11 21
36 12 7
36 13 51
36 14 47
36 16 50
36 19 16
36 20 48
36 22 39
36 23 0
36 24 1
36 26 37
36 27 45
36 28 64
36 29 15
36 30 56
36 31 68
36 32 27
36 33 49
36 34 59
36 35 69
36 37 54
36 38 4
36 40 13
36 41 17
36 42 2
36 43 61
36 45 20
36 46 23
36 47 24
36 48 22
36 49 40
36 50 66
36 53 55
36 54 60
36 55 10
36 56 29
36 57 11
36 58 5
36 59 32
36 61 18
36 63 67
36 64 58
36 65 12
36 66 35
36 67 57
36 68 44
36 69 41
37 0 41
37 1 8
37 2 39
37 5 4
37 6 3
37 8 25
37 9 50
37 11 65
37 12 48
37 13 40
37 15 66
37 16 44
37 18 69
37 19 49
37 20 11
37 21 26
37 23 46
37 24 0
37 26 27
37 29 63
37 31 53
37 32 1
37 33 42
37 36 47
37 38 20
37 40 52
37 41 10
37 43 45
37 44 13
37 45 21
37 49 31
37 53 19
37 54 61
37 57 68
37 58 17
37 60 59
37 62 5
37 64 16
37 65 32
37 66 38
37 68 34
37 69 24
38 0 26
38 1 62
38 3 55
38 4 8
38 5 34
38 6 51
38 7 56
38 8 37
38 9 17
38 10 10
38 11 54
38 12 14
38 14 68
38 15 64
38 16 39
38 17 52
38 18 28
38 20 63
38 22 20
38 24 12
38 25 53
38 26 49
38 27 61
38 29 36
38 30 47
38 33 69
38 34 67
38 35 50
38 38 48
38 39 3
38 40 21
38 41 7
38 42 32
38 43 16
38 46 18
38 47 42
38 48 66
38 50 25
38 52 9
38 54 11
38 55 38
38 56 58
38 57 1
38 58 33
38 62 35
38 64 19
38 65 30
38 66 31
38 68 65
38 69 4
39 2 11
39 6 13
39 7 61
39 8 49
39 9 10
39 13 66
39 14 5
39 15 35
39 16 15
39 17 31
39 18 20
39 20 2
39 22 58
39 23 7
39 25 24
39 26 46
39 28 9
39 29 44
39 30 21
39 32 26
39 33 25
39 34 57
39 36 36
39 37 67
39 38 33
39 40 4
39 41 69
39 43 53
39 44 60
39 46 54
39 48 30
39 52 47
39 53 32
39 54 62
39 55 40
39 56 64
39 57 43
39 58 14
39 61 27
39 62 12
39 63 23
39 64 55
39 65 41
39 66 17
39 67 50
40 1 19
40 2 47
40 3 1
40 5 9
40 7 41
40 8 28
40 9 14
40 10 44
40 11 27
40 12 32
40 14 20
40 15 39
40 16 7
40 17 54
40 19 24
40 20 18
40 22 64
40 23 68
40 24 25
40 26 69
40 28 63
40 29 17
40 30 51
40 32 31
40 33 11
40 35 4
40 36 48
40 37 40
40 40 49
40 42 34
40 43 55
40 44 0
40 45 45
40 47 16
40 48 62
40 50 10
40 51 56
40 52 2
40 53 46
40 54 8
40 57 23
40 59 6
40 60 37
40 62 59
40 63 66
40 64 30
40 65 61
40 66 65
40 67 38
40 69 67
41 0 2
41 2 52
41 3 38
41 6 50
41 7 28
41 8 11
41 9 18
41 10 68
41 11 10
41 12 62
41 14 60
41 15 48
41 16 16
41 18 8
41 19 31
41 20 3
41 21 55
41 23 25
41 24 65
41 26 19
41 27 54
41 28 4
41 29 34
41 31 58
41 32 12
41 33 64
41 35 45
41 36 14
41 37 59
41 38 42
41 39 24
41 42 57
41 43 63
41 44 51
41 45 26
41 46 35
41 47 17
41 48 61
41 50 32
41 52 1
41 53 23
41 54 5
41 56 7
41 57 66
41 58 53
41 60 21
41 61 41
41 62 37
41 64 15
41 65 56
41 66 9
41 67 43
41 69 6
42 0 66
42 1 23
42 2 68
42 4 22
42 5 8
42 6 28
42 8 42
42 9 53
42 10 20
42 11 55
42 12 13
42 15 32
42 17 61
42 18 25
42 20 51
42 22 10
42 26 3
42 27 52
42 32 43
42 33 35
42 34 48
42 35 36
42 36 69
42 38 67
42 39 17
42 40 15
42 41 30
42 43 46
42 44 44
42 48 64
42 49 41
42 50 40
42 51 33
42 52 34
42 54 45
42 55 59
42 57 38
42 58 6
42 59 27
42 60 14
42 62 2
42 64 56
42 65 18
42 66 24
42 68 0
42 69 26
43 1 5
43 2 66
43 3 67
43 4 23
43 5 10
43 7 69
43 9 4
43 10 27
43 12 52
43 13 43
43 14 3
43 15 42
43 17 59
43 18 11
43 19 22
43 20 41
43 21 51
43 22 54
43 23 48
43 24 31
43 27 64
43 28 34
43 29 50
43 32 57
43 33 65
43 35 28
43 36 62
43 38 15
43 39 25
43 41 2
43 42 37
43 43 35
43 44 58
43 45 7
43 46 12
43 47 14
43 48 47
43 49 53
43 50 18
43 52 13
43 53 29
43 57 49
43 59 21
43 60 0
43 61 36
43 63 38
43 64 60
43 65 40
43 66 61
43 69 9
44 0 49
44 2 16
44 4 15
44 5 25
44 10 60
44 12 56
44 13 18
44 14 2
44 16 29
44 17 57
44 20 45
44 23 11
44 25 5
44 27 23
44 29 6
44 30 24
44 31 4
44 32 9
44 33 67
44 34 17
44 35 55
44 36 51
44 37 69
44 38 54
44 39 14
44 41 32
44 42 1
44 43 39
44 45 58
44 48 10
44 50 28
44 52 27
44 53 36
44 56 22
44 57 19
44 58 63
44 59 62
44 60 53
44 61 31
44 62 26
44 65 38
44 66 34
44 67 48
44 68 47
44 69 61
45 0 6
45 1 33
45 3 26
45 4 44
45 6 27
45 7 17
45 8 10
45 10 65
45 11 11
45 12 22
45 13 69
45 15 16
45 16 46
45 17 30
45 18 68
45 19 19
45 22 3
45 25 37
45 27 40
45 28 62
45 29 47
45 30 20
45 31 0
45 32 25
45 33 15
45 34 8
45 37 7
45 38 36
45 40 35
45 42 55
45 43 18
45 44 21
45 45 64
45 47 34
45 48 23
45 49 29
45 50 1
45 51 66
45 52 42
45 53 67
45 54 31
45 56 43
45 57 28
45 58 2
45 59 60
45 60 38
45 61 58
45 62 61
45 64 14
45 65 13
45 66 51
45 67 45
45 68 49
45 69 59
46 0 37
46 1 0
46 2 54
46 3 42
46 6 46
46 7 59
46 9 69
46 10 58
46 11 12
46 12 47
46 13 17
46 14 7
46 15 63
46 16 18
46 18 49
46 19 53
46 20 30
46 21 38
46 22 24
46 24 50
46 25 28
46 26 36
46 27 31
46 28 41
46 30 3
46 33 44
46 34 65
46 35 51
46 36 43
46 38 25
46 41 23
46 43 62
46 46 68
46 47 1
46 49 33
46 50 29
46 51 8
46 52 61
46 54 32
46 55 56
46 56 67
46 59 57
46 60 19
46 61 34
46 63 39
46 64 11
46 66 13
46 68 9
46 69 10
47 1 31
47 2 7
47 3 9
47 4 4
47 5 27
47 6 57
47 7 5
47 8 55
47 9 39
47 10 35
47 11 44
47 12 12
47 13 1
47 14 58
47 15 38
47 17 11
47 18 65
47 19 68
47 20 22
47 21 48
47 22 59
47 23 26
47 24 56
47 25 50
47 26 61
47 29 66
47 33 29
47 34 13
47 35 20
47 37 28
47 40 37
47 41 45
47 44 6
47 45 2
47 46 67
47 48 32
47 49 14
47 51 25
47 52 21
47 53 42
47 54 49
47 55 33
47 56 60
47 58 36
47 59 3
47 60 69
47 62 19
47 63 63
47 64 0
47 66 41
47 67 10
47 68 62
47 69 18
48 0 8
48 2 1
48 3 23
48 4 32
48 5 69
48 6 6
48 7 58
48 9 27
48 10 29
48 11 25
48 12 10
48 13 0
48 14 9
48 16 41
48 18 38
48 19 45
48 21 64
48 24 54
48 25 34
48 26 2
48 27 24
48 28 20
48 30 52
48 31 33
48 32 14
48 33 28
48 34 30
48 36 44
48 39 65
48 41 67
48 42 48
48 47 60
48 48 57
48 49 15
48 51 53
48 52 63
48 54 17
48 55 12
48 58 59
48 59 4
48 63 47
48 64 46
48 66 66
48 67 35
48 68 56
48 69 39
49 0 17
49 1 21
49 2 36
49 6 9
49 8 54
49 9 0
49 10 67
49 13 65
49 15 6
49 16 64
49 17 63
49 19 57
49 21 58
49 22 32
49 23 52
49 25 56
49 26 11
49 27 44
49 28 8
49 29 59
49 31 23
49 32 48
49 33 24
49 34 12
49 36 61
49 37 50
49 39 30
49 41 46
49 42 51
49 43 19
49 44 29
49 45 38
49 46 69
49 48 15
49 49 42
49 51 60
49 52 18
49 53 22
49 55 5
49 56 49
49 57 34
49 58 1
49 59 13
49 60 55
49 62 66
49 63 45
49 64 10
49 65 2
49 66 14
49 67 47
49 68 4
49 69 68
50 0 36
50 1 3
50 2 24
50 3 44
50 5 5
50 6 19
50 7 0
50 9 61
50 10 11
50 11 9
50 12 18
50 13 60
50 15 55
50 16 20
50 17 32
50 19 48
50 20 17
50 21 43
50 22 69
50 23 34
50 25 41
50 27 50
50 28 57
50 32 62
50 33 46
50 34 53
50 35 10
50 36 59
50 38 6
50 39 47
50 40 1
50 41 14
50 42 30
50 44 15
50 45 42
50 46 56
50 47 37
50 48 68
50 49 16
50 52 35
50 53 52
50 54 22
50 55 64
50 56 28
50 57 33
50 58 25
50 59 2
50 60 29
50 61 8
50 62 39
50 63 40
50 66 63
50 67 66
50 69 65
51 0 35
51 1 16
51 2 12
51 3 5
51 4 57
51 5 23
51 7 52
51 8 64
51 9 45
51 10 63
51 11 32
51 12 65
51 13 67
51 16 14
51 17 4
51 22 28
51 23 19
51 24 38
51 26 50
51 29 20
51 32 3
51 34 26
51 35 49
51 37 47
51 39 55
51 40 53
51 43 37
51 46 27
51 47 11
51 48 13
51 49 18
51 51 44
51 53 34
51 54 42
51 55 24
51 56 33
51 57 51
51 58 21
51 60 22
51 62 1
51 64 25
51 65 66
51 66 56
51 67 46
51 68 6
51 69 62
52 0 45
52 2 65
52 4 41
52 6 21
52 7 4
52 8 12
52 9 19
52 10 59
52 11 62
52 12 17
52 13 50
52 14 36
52 16 49
52 17 10
52 19 61
52 20 27
52 21 20
52 22 40
52 24 51
52 26 15
52 27 69
52 28 44
52 29 54
52 30 6
52 34 28
52 35 29
52 36 46
52 38 34
52 39 16
52 40 11
52 42 60
52 43 0
52 44 56
52 46 55
52 50 43
52 52 7
52 53 26
52 54 9
52 55 8
52 56 37
52 60 25
52 63 68
52 65 1
52 67 58
52 68 48
53 0 33
53 1 39
53 3 65
53 4 30
53 7 32
53 8 23
53 9 29
53 11 37
53 12 67
53 13 27
53 14 15
53 15 4
53 16 34
53 22 48
53 23 58
53 24 49
53 25 68
53 26 55
53 28 0
53 29 11
53 30 22
53 31 13
53 34 25
53 35 38
53 37 42
53 39 60
53 40 59
53 41 9
53 42 44
53 43 8
53 44 28
53 45 57
53 47 63
53 48 56
53 49 3
53 50 61
53 51 35
53 52 20
53 53 16
53 54 7
53 55 54
53 56 6
53 57 17
53 58 62
53 59 66
53 60 41
53 62 36
53 63 24
53 64 40
53 65 5
53 66 45
53 67 26
53 68 51
54 0 46
54 1 15
54 2 45
54 3 62
54 4 51
54 5 2
54 6 33
54 7 29
54 10 21
54 11 24
54 13 12
54 14 52
54 15 27
54 16 9
54 17 56
54 18 43
54 19 6
54 21 37
54 22 14
54 23 3
54 26 47
54 27 13
54 28 67
54 29 49
54 30 0
54 34 20
54 35 53
54 36 55
54 39 1
54 40 69
54 41 35
54 42 16
54 44 23
54 45 54
54 46 26
54 48 34
54 50 42
54 51 5
54 52 11
54 53 28
54 54 39
54 57 18
54 58 19
54 59 17
54 60 57
54 62 65
54 63 4
54 66 36
54 67 25
54 69 63
55 0 55
55 1 6
55 2 26
55 3 19
55 4 31
55 5 44
55 6 14
55 7 27
55 8 34
55 9 12
55 13 63
55 15 62
55 17 48
55 18 50
55 19 64
55 20 60
55 23 18
55 24 9
55 27 22
55 29 30
55 32 24
55 34 39
55 35 37
55 36 38
55 38 16
55 39 40
55 40 8
55 43 28
55 45 67
55 46 66
55 49 59
55 50 17
55 51 4
55 55 3
55 56 25
55 57 54
55 58 57
55 59 65
55 61 35
55 62 10
55 64 2
55 66 0
55 68 23
55 69 69
56 1 50
56 2 6
56 3 59
56 4 48
56 6 55
56 8 29
56 10 47
56 11 26
56 12 16
56 13 68
56 14 69
56 15 37
56 16 2
56 17 3
56 18 15
56 19 21
56 20 32
56 21 44
56 22 18
56 24 8
56 25 7
56 26 41
56 27 49
56 28 60
56 30 53
56 31 25
56 32 5
56 33 38
56 34 40
56 35 43
56 36 28
56 37 12
56 38 9
56 39 63
56 40 42
56 41 65
56 42 0
56 43 23
56 44 57
56 45 46
56 46 52
56 47 13
56 48 51
56 52 33
56 53 17
56 54 56
56 56 30
56 57 24
56 58 4
56 59 19
56 60 64
56 62 54
56 63 1
56 64 22
56 65 14
56 68 66
56 69 36
57 0 30
57 2 27
57 4 12
57 5 49
57 7 46
57 9 59
57 10 4
57 11 29
57 12 40
57 13 32
57 14 13
57 15 19
57 16 54
57 17 36
57 20 47
57 23 50
57 24 44
57 26 1
57 28 68
57 29 65
57 31 35
57 32 61
57 33 33
57 34 22
57 35 26
57 37 64
57 38 56
57 39 7
57 40 57
57 41 11
57 42 21
57 44 62
57 45 31
57 46 5
57 48 6
57 49 20
57 50 34
57 52 53
57 53 37
57 54 18
57 55 9
57 59 55
57 61 24
57 62 15
57 64 67
57 65 28
57 66 25
57 67 16
57 68 41
57 69 45
58 2 17
58 3 12
58 4 21
58 5 62
58 6 20
58 8 38
58 11 4
58 12 5
58 14 49
58 16 58
58 17 53
58 18 37
58 19 8
58 20 24
58 24 55
58 25 22
58 26 57
58 27 34
58 28 66
58 29 14
58 30 29
58 31 42
58 34 18
58 35 35
58 36 40
58 37 51
58 39 15
58 40 2
58 41 63
58 42 25
58 45 61
58 46 46
58 47 23
58 48 69
58 49 9
58 52 48
58 53 6
58 54 26
58 55 27
58 56 45
58 57 13
58 58 50
58 59 28
58 60 36
58 62 64
58 66 19
58 67 59
58 69 30
59 0 12
59 2 30
59 4 64
59 5 65
59 6 11
59 7 34
59 10 6
59 12 3
59 13 21
59 16 8
59 17 7
59 18 40
59 19 0
59 20 29
59 21 54
59 22 25
59 23 42
59 24 69
59 25 16
59 26 5
59 27 67
59 29 53
59 30 49
59 31 52
59 32 44
59 33 45
59 35 33
59 36 2
59 37 31
59 42 18
59 45 1
59 47 66
59 48 55
59 51 17
59 52 4
59 54 51
59 57 58
59 58 27
59 59 26
59 60 48
59 61 14
59 63 61
59 65 19
59 66 23
59 67 24
59 68 57
59 69 46
60 1 18
60 2 35
60 3 61
60 5 19
60 6 69
60 7 21
60 8 67
60 9 65
60 10 48
60 12 1
60 13 8
60 14 45
60 18 5
60 19 34
60 22 23
60 23 37
60 24 17
60 25 26
60 27 47
60 28 2
60 30 11
60 32 63
60 33 20
60 34 14
60 36 50
60 38 68
60 39 49
60 40 43
60 41 4
60 42 42
60 43 60
60 45 59
60 46 38
60 47 53
60 48 40
60 49 52
60 50 24
60 51 55
60 52 44
60 57 9
60 58 15
60 59 10
60 61 13
60 62 30
60 63 64
60 64 51
60 65 7
60 67 22
60 68 27
60 69 57
61 3 16
61 4 7
61 5 41
61 6 63
61 7 9
61 10 51
61 11 5
61 14 10
61 15 15
61 16 22
61 20 34
61 22 21
61 23 33
61 24 68
61 25 52
61 26 24
61 28 3
61 33 4
61 35 17
61 36 53
61 38 45
61 39 27
61 43 59
61 45 65
61 46 32
61 47 64
61 49 11
61 50 36
61 51 13
61 52 12
61 53 18
61 54 6
61 55 29
61 56 31
61 57 60
61 58 43
61 60 2
61 61 19
61 62 23
61 65 37
61 66 49
61 67 14
61 68 40
61 69 0
62 1 4
62 2 2
62 3 27
62 4 53
62 5 48
62 6 32
62 7 64
62 8 44
62 10 34
62 11 33
62 13 14
62 14 37
62 16 47
62 17 0
62 18 57
62 19 40
62 20 46
62 22 7
62 23 65
62 24 24
62 25 21
62 27 43
62 28 22
62 29 45
62 30 39
62 32 60
62 33 13
62 35 12
62 36 66
62 37 11
62 38 61
62 40 58
62 41 36
62 44 31
62 45 19
62 47 25
62 48 38
62 49 30
62 52 29
62 53 56
62 54 52
62 55 62
62 57 16
62 58 68
62 59 35
62 61 55
62 63 20
62 66 67
62 67 41
62 68 18
62 69 50
63 0 67
63 1 25
63 3 39
63 5 7
63 6 35
63 8 3
63 9 22
63 10 28
63 11 46
63 13 53
63 14 17
63 15 20
63 16 5
63 17 29
63 18 30
63 19 4
63 20 37
63 21 40
63 23 69
63 26 32
63 28 24
63 30 44
63 31 12
63 33 51
63 34 34
63 35 23
63 38 8
63 39 52
63 41 49
63 43 13
63 44 10
63 46 0
63 47 68
63 49 61
63 50 41
63 51 38
63 52 64
63 53 33
63 54 65
63 55 45
63 56 54
63 58 42
63 60 16
63 61 59
63 62 11
63 63 31
63 64 63
63 67 55
63 68 19
63 69 47
64 0 16
64 2 29
64 3 14
64 4 56
64 6 67
64 7 68
64 8 59
64 9 5
64 12 8
64 13 35
64 14 40
64 15 49
64 16 36
64 17 60
64 18 58
64 19 62
64 20 26
64 22 19
64 23 38
64 24 21
64 25 18
64 27 11
64 28 12
64 30 17
64 31 3
64 33 66
64 36 31
64 37 10
64 39 28
64 41 42
64 44 20
64 46 6
64 47 7
64 48 46
64 49 23
64 51 1
64 53 65
64 54 69
64 56 50
64 58 30
64 61 64
64 62 32
64 63 44
64 64 24
64 65 48
64 67 63
64 69 22
65 0 23
65 1 59
65 2 69
65 4 2
65 5 66
65 6 15
65 7 7
65 8 13
65 10 8
65 12 0
65 13 34
65 14 28
65 16 26
65 17 49
65 18 46
65 19 29
65 21 53
65 22 57
65 24 43
65 26 31
65 28 55
65 29 51
65 30 60
65 31 45
65 33 37
65 34 9
65 36 4
65 38 32
65 39 62
65 43 65
65 44 67
65 45 44
65 47 3
65 48 19
65 49 64
65 51 12
65 52 5
65 55 11
65 56 35
65 59 61
65 60 68
65 61 40
65 62 18
65 63 50
65 65 39
65 66 6
65 69 21
66 3 8
66 4 43
66 5 20
66 6 10
66 7 40
66 9 52
66 10 46
66 13 61
66 14 38
66 15 31
66 16 27
66 18 4
66 21 29
66 25 36
66 26 12
66 27 26
66 28 33
66 29 19
66 30 13
66 32 68
66 33 7
66 35 47
66 38 30
66 39 58
66 41 41
66 42 59
66 45 39
66 46 11
66 48 1
66 51 50
66 52 56
66 53 21
66 57 65
66 58 55
66 59 16
66 60 32
66 62 60
66 65 6
66 66 3
66 68 54
66 69 28
67 0 40
67 2 59
67 3 53
67 4 1
67 5 22
67 6 30
67 7 62
67 8 32
67 10 31
67 11 49
67 13 45
67 15 58
67 17 14
67 18 52
67 19 25
67 20 20
67 21 33
67 22 4
67 24 60
67 25 27
67 26 56
67 28 42
67 29 69
67 33 26
67 34 46
67 35 9
67 36 7
67 38 13
67 39 11
67 42 61
67 43 67
67 44 65
67 46 34
67 47 54
67 48 41
67 49 10
67 51 3
67 52 6
67 53 47
67 54 16
67 56 48
67 57 57
67 58 39
67 59 64
67 61 38
67 62 17
67 64 37
67 65 23
67 66 29
67 67 15
67 69 12
68 0 5
68 2 31
68 3 22
68 4 37
68 5 17
68 7 44
68 12 15
68 13 59
68 15 61
68 16 11
68 17 46
68 18 39
68 21 10
68 22 33
68 23 62
68 25 6
68 26 63
68 27 25
68 28 56
68 30 41
68 32 36
68 36 0
68 37 65
68 38 23
68 39 19
68 40 32
68 41 38
68 42 53
68 43 68
68 44 9
68 46 49
68 47 20
68 48 27
68 50 55
68 54 48
68 55 42
68 56 13
68 57 21
68 58 34
68 59 45
68 60 28
68 61 52
68 62 47
68 63 60
68 64 18
68 65 8
68 66 40
68 67 3
68 68 24
68 69 2
69 1 13
69 2 41
69 3 30
69 4 9
69 5 63
69 6 16
69 7 18
69 10 45
69 11 59
69 12 34
69 15 68
69 16 6
69 18 29
69 19 15
69 20 10
69 21 0
69 22 36
69 23 23
69 24 19
69 25 67
69 26 62
69 27 8
69 29 60
69 31 69
69 33 47
69 36 25
69 37 22
69 39 31
69 44 39
69 45 5
69 46 33
69 48 11
69 49 17
69 51 43
69 52 65
69 53 66
69 54 20
69 56 2
69 57 4
69 58 61
69 59 14
69 60 24
69 62 50
69 63 56
69 64 49
69 65 21
69 66 57
69 67 28
69 68 52
69 69 51
