60
0 0 12
0 1 18
0 3 20
0 4 43
0 5 1
0 6 8
0 8 28
0 16 24
0 20 39
0 21 33
0 27 55
0 28 32
0 29 0
0 32 41
0 34 54
0 35 10
0 37 59
0 40 17
0 41 22
0 42 46
0 45 21
0 46 52
0 48 38
0 57 25
0 58 53
0 59 51
1 0 23
1 7 5
1 16 59
1 17 40
1 18 19
1 19 30
1 20 21
1 23 34
1 24 2
1 25 32
1 28 57
1 30 51
1 34 31
1 35 1
1 36 50
1 40 41
1 41 11
1 42 48
1 43 24
1 46 47
1 50 54
1 52 14
1 53 3
1 55 55
1 57 6
1 59 7
2 3 18
2 9 50
2 13 15
2 16 51
2 17 20
2 19 1
2 21 46
2 23 17
2 24 43
2 26 26
2 27 35
2 29 11
2 30 32
2 31 14
2 32 22
2 33 23
2 38 41
2 47 4
2 48 34
2 50 21
2 51 8
2 57 37
3 0 20
3 2 10
3 3 58
3 6 26
3 12 28
3 14 5
3 16 57
3 18 11
3 19 43
3 20 2
3 21 0
3 24 52
3 25 31
3 27 14
3 28 16
3 33 1
3 36 8
3 37 35
3 38 53
3 40 42
3 42 23
3 43 56
3 45 3
3 50 30
3 51 17
3 52 36
3 53 54
3 54 55
3 56 7
3 57 44
3 59 33
4 7 47
4 11 37
4 12 49
4 13 25
4 17 55
4 20 7
4 23 52
4 24 30
4 29 31
4 31 39
4 34 51
4 41 38
4 42 41
4 43 9
4 48 21
4 49 58
4 51 32
4 52 48
4 55 3
5 2 52
5 3 32
5 7 20
5 9 9
5 11 38
5 12 54
5 15 17
5 19 19
5 21 57
5 22 49
5 23 37
5 24 6
5 25 43
5 26 41
5 27 31
5 31 51
5 33 40
5 34 0
5 42 15
5 46 27
5 47 5
5 48 25
5 53 55
5 55 45
5 57 10
5 58 13
5 59 42
6 3 39
6 6 38
6 10 35
6 11 29
6 13 56
6 20 31
6 21 3
6 22 27
6 26 11
6 32 54
6 35 37
6 36 28
6 38 24
6 39 25
6 40 13
6 46 43
6 48 23
6 50 47
6 52 4
6 53 10
6 55 59
6 57 1
6 58 36
7 2 3
7 3 33
7 11 1
7 12 21
7 13 6
7 16 10
7 18 0
7 19 45
7 21 32
7 23 30
7 26 52
7 27 18
7 28 53
7 29 38
7 33 39
7 34 49
7 36 48
7 37 34
7 39 56
7 40 50
7 44 28
7 46 59
7 48 57
7 50 55
7 52 37
7 55 17
7 56 27
7 58 5
8 0 38
8 2 0
8 5 21
8 8 22
8 10 59
8 12 8
8 13 12
8 15 52
8 16 2
8 20 6
8 23 48
8 24 24
8 29 20
8 31 4
8 32 40
8 34 56
8 36 42
8 38 55
8 42 10
8 43 58
8 44 29
8 46 9
8 47 39
8 49 34
8 51 1
8 52 32
8 54 19
8 56 47
8 58 26
8 59 15
9 3 53
9 6 35
9 7 30
9 9 17
9 17 23
9 18 37
9 19 31
9 22 45
9 25 34
9 27 36
9 29 24
9 30 33
9 31 38
9 32 46
9 33 55
9 44 25
9 47 8
9 55 0
9 58 12
10 2 51
10 5 49
10 9 29
10 17 10
10 19 57
10 20 58
10 21 9
10 25 55
10 26 25
10 28 13
10 29 54
10 30 46
10 34 27
10 35 33
10 39 17
10 46 34
10 50 53
10 53 11
10 55 48
10 57 23
11 0 5
11 1 25
11 5 38
11 7 56
11 11 10
11 15 26
11 16 16
11 17 51
11 20 3
11 25 19
11 26 49
11 31 47
11 32 17
11 35 24
11 39 2
11 40 20
11 47 40
11 48 36
11 50 18
11 51 23
11 57 22
11 58 50
12 0 27
12 1 14
12 8 33
12 9 52
12 10 29
12 20 53
12 26 57
12 29 5
12 30 54
12 31 48
12 34 45
12 35 19
12 37 44
12 39 26
12 40 47
12 41 46
12 45 22
12 47 30
12 50 24
12 52 8
12 53 15
12 56 1
12 58 23
12 59 55
13 2 25
13 3 7
13 5 36
13 9 58
13 17 46
13 19 3
13 22 59
13 24 57
13 27 0
13 29 51
13 32 18
13 37 41
13 38 33
13 42 19
13 50 14
13 51 31
13 53 47
13 54 32
13 55 28
13 59 21
14 0 1
14 1 54
14 3 5
14 5 0
14 11 11
14 12 58
14 17 42
14 19 51
14 22 48
14 24 23
14 25 7
14 26 17
14 28 38
14 29 35
14 34 13
14 37 50
14 39 21
14 44 37
14 45 12
14 46 49
14 47 2
14 49 33
14 54 25
14 55 43
14 56 36
14 57 20
14 59 45
15 0 41
15 8 40
15 10 53
15 11 16
15 15 43
15 16 56
15 22 52
15 23 22
15 25 44
15 30 58
15 32 55
15 33 10
15 34 42
15 37 32
15 39 50
15 40 48
15 42 0
15 45 27
15 49 51
15 50 9
16 0 21
16 1 15
16 8 36
16 10 48
16 14 46
16 15 42
16 21 18
16 22 3
16 23 23
16 25 57
16 27 47
16 28 43
16 34 16
16 35 11
16 36 29
16 37 12
16 39 34
16 42 17
16 45 1
16 47 22
16 51 49
16 52 13
16 54 39
16 55 50
17 2 15
17 3 56
17 7 41
17 8 2
17 12 47
17 14 35
17 16 6
17 17 43
17 19 44
17 21 17
17 22 54
17 23 8
17 24 4
17 27 52
17 29 26
17 33 33
17 35 29
17 36 24
17 38 57
17 39 10
17 44 36
17 46 38
17 47 25
17 49 50
17 50 45
17 52 49
17 53 37
17 57 58
17 59 13
18 0 11
18 1 19
18 6 41
18 7 50
18 9 42
18 11 21
18 14 3
18 17 30
18 18 17
18 19 49
18 20 24
18 23 14
18 24 56
18 25 51
18 26 1
18 31 58
18 33 45
18 34 38
18 36 16
18 37 26
18 39 59
18 40 46
18 44 2
18 46 35
18 51 27
18 52 18
18 53 52
18 56 57
19 3 1
19 6 25
19 8 39
19 11 55
19 17 6
19 21 30
19 22 8
19 26 12
19 28 51
19 30 38
19 31 13
19 37 15
19 38 58
19 40 4
19 41 33
19 42 34
19 48 32
19 50 23
19 51 26
19 54 10
19 55 27
19 57 31
20 1 16
20 2 7
20 7 52
20 9 55
20 12 15
20 14 49
20 16 44
20 19 27
20 21 41
20 23 33
20 24 21
20 27 22
20 28 31
20 31 45
20 36 26
20 42 24
20 43 10
20 44 23
20 45 58
20 51 19
20 53 34
20 57 11
21 0 34
21 3 29
21 7 6
21 8 23
21 13 36
21 14 37
21 15 27
21 19 42
21 20 25
21 21 56
21 22 1
21 23 39
21 25 52
21 30 44
21 33 51
21 34 40
21 35 58
21 37 46
21 41 15
21 50 0
21 51 3
21 56 49
21 57 35
21 59 12
22 2 54
22 3 44
22 4 45
22 5 19
22 7 21
22 8 26
22 11 36
22 16 37
22 17 17
22 23 47
22 25 56
22 26 7
22 30 2
22 32 34
22 35 42
22 39 15
22 41 49
22 42 27
22 43 32
22 44 14
22 46 24
22 48 35
22 49 16
22 51 50
22 54 0
22 55 57
22 56 4
23 5 55
23 8 45
23 9 54
23 14 58
23 21 6
23 25 11
23 27 12
23 29 42
23 32 57
23 37 2
23 38 49
23 39 38
23 42 51
23 43 26
23 46 14
23 47 52
23 49 59
23 51 29
23 52 31
23 57 41
23 58 15
23 59 30
24 2 56
24 3 38
24 6 48
24 9 3
24 11 25
24 13 30
24 17 45
24 19 55
24 23 16
24 27 46
24 28 49
24 32 43
24 34 22
24 35 34
24 40 9
24 49 12
24 52 21
24 53 20
24 56 5
25 0 36
25 1 26
25 2 30
25 8 43
25 9 48
25 10 52
25 12 17
25 13 5
25 17 4
25 18 56
25 21 53
25 22 7
25 23 10
25 24 51
25 25 23
25 31 8
25 32 13
25 33 11
25 35 57
25 36 20
25 37 27
25 40 44
25 44 21
25 47 37
25 48 12
25 49 47
25 50 58
25 53 31
25 54 42
25 58 22
26 0 22
26 4 19
26 5 12
26 7 49
26 9 57
26 12 20
26 13 34
26 14 2
26 15 32
26 17 8
26 26 18
26 28 7
26 29 45
26 33 35
26 36 37
26 37 36
26 38 17
26 40 52
26 41 42
26 48 48
26 49 3
26 53 33
26 54 6
26 55 46
26 56 13
26 59 5
27 0 10
27 1 28
27 3 31
27 5 22
27 10 51
27 16 18
27 18 48
27 26 47
27 27 45
27 31 49
27 33 34
27 34 11
27 37 19
27 40 59
27 46 8
27 48 24
27 49 54
27 51 13
27 53 29
27 54 4
27 55 33
27 58 42
27 59 37
28 0 14
28 1 24
28 3 16
28 4 36
28 5 44
28 9 5
28 10 18
28 12 4
28 15 29
28 18 43
28 19 58
28 24 26
28 34 28
28 36 30
28 37 45
28 38 50
28 41 20
28 46 46
28 47 41
28 50 7
28 51 40
28 53 57
28 58 9
28 59 48
29 0 2
29 5 52
29 6 53
29 7 13
29 8 17
29 12 50
29 13 8
29 14 56
29 15 24
29 18 45
29 19 25
29 21 16
29 30 49
29 31 59
29 32 26
29 33 4
29 34 37
29 35 41
29 39 48
29 40 36
29 41 1
29 43 44
29 48 58
29 53 27
29 54 34
29 55 14
29 57 55
30 4 51
30 5 50
30 10 31
30 11 41
30 12 10
30 13 28
30 14 14
30 22 12
30 23 1
30 26 20
30 27 30
30 31 33
30 36 15
30 39 29
30 41 0
30 42 59
30 43 17
30 45 47
30 47 7
30 52 34
30 54 56
31 3 55
31 4 34
31 5 48
31 6 39
31 7 53
31 9 49
31 12 3
31 16 1
31 22 4
31 27 25
31 29 2
31 30 40
31 31 36
31 33 58
31 40 45
31 42 30
31 43 31
31 47 57
31 50 19
31 52 11
31 54 27
31 57 50
32 3 4
32 4 8
32 7 54
32 10 37
32 15 13
32 17 52
32 18 42
32 22 34
32 27 28
32 31 31
32 32 5
32 35 48
32 36 44
32 39 0
32 42 9
32 47 35
32 56 58
33 0 39
33 2 37
33 5 3
33 6 40
33 8 5
33 10 42
33 14 17
33 15 7
33 19 32
33 20 16
33 22 47
33 23 58
33 24 36
33 26 14
33 29 43
33 31 1
33 40 27
33 41 44
33 43 46
33 45 30
33 48 59
33 50 51
33 51 56
33 52 41
33 53 18
33 56 25
33 58 45
34 4 54
34 5 30
34 6 46
34 11 49
34 15 53
34 16 45
34 17 29
34 18 4
34 23 25
34 26 38
34 28 58
34 33 16
34 34 47
34 36 9
34 38 31
34 39 40
34 40 55
34 45 34
34 49 20
34 50 11
34 51 43
34 57 7
35 0 28
35 1 4
35 2 32
35 4 21
35 5 26
35 7 55
35 8 37
35 9 40
35 11 23
35 16 52
35 18 38
35 19 13
35 21 48
35 23 6
35 28 20
35 30 29
35 32 59
35 34 41
35 35 14
35 40 51
35 46 50
35 50 36
35 51 18
35 54 5
35 56 17
36 0 9
36 2 49
36 3 11
36 4 12
36 5 56
36 8 46
36 10 1
36 14 54
36 15 25
36 17 13
36 18 3
36 19 34
36 22 24
36 24 47
36 26 51
36 27 57
36 31 18
36 32 52
36 35 23
36 36 43
36 38 10
36 39 7
36 47 0
36 49 42
36 51 45
36 53 59
36 55 15
36 56 50
37 0 47
37 3 51
37 4 29
37 5 6
37 14 26
37 16 0
37 24 48
37 30 5
37 33 20
37 34 53
37 36 22
37 37 24
37 38 40
37 44 57
37 48 42
37 49 31
37 51 37
37 56 39
37 57 13
37 58 56
38 3 30
38 4 22
38 5 23
38 7 40
38 13 52
38 16 32
38 20 17
38 21 55
38 22 43
38 27 10
38 30 20
38 32 37
38 33 42
38 36 2
38 38 3
38 39 44
38 42 57
38 45 36
38 46 31
38 48 4
38 52 1
38 56 21
38 58 14
38 59 35
39 1 49
39 2 50
39 5 29
39 6 44
39 7 34
39 12 26
39 14 9
39 15 4
39 16 27
39 18 8
39 22 56
39 27 1
39 30 43
39 31 0
39 36 41
39 40 53
39 43 40
39 46 20
39 48 51
39 49 46
39 50 42
39 51 7
39 52 25
39 55 22
40 5 13
40 7 32
40 8 11
40 11 45
40 12 14
40 13 48
40 17 56
40 21 59
40 24 34
40 25 38
40 26 43
40 27 29
40 29 19
40 30 6
40 31 53
40 32 8
40 33 37
40 34 15
40 39 54
40 40 28
40 42 16
40 43 47
40 45 40
40 47 50
40 50 5
40 52 27
40 58 4
41 6 7
41 7 25
41 10 13
41 15 12
41 24 37
41 25 36
41 27 8
41 28 55
41 31 23
41 32 31
41 33 30
41 35 21
41 36 32
41 41 26
41 42 11
41 43 57
41 44 16
41 45 38
41 47 10
41 48 0
41 57 53
42 5 37
42 12 29
42 14 15
42 16 55
42 21 26
42 22 44
42 23 28
42 24 17
42 25 13
42 26 40
42 27 59
42 31 3
42 33 9
42 36 23
42 42 5
42 45 49
42 46 39
42 53 45
42 57 36
43 0 29
43 2 36
43 3 35
43 5 15
43 6 11
43 7 46
43 8 31
43 10 20
43 12 19
43 14 43
43 16 22
43 20 9
43 21 5
43 27 48
43 28 41
43 35 38
43 37 10
43 46 33
43 49 13
43 51 21
43 52 28
43 53 12
43 54 37
43 57 51
43 58 30
44 3 36
44 5 4
44 6 1
44 8 32
44 9 12
44 13 3
44 14 27
44 15 37
44 19 5
44 20 14
44 23 11
44 25 59
44 26 19
44 32 49
44 33 50
44 36 51
44 38 39
44 39 28
44 44 31
44 45 43
44 47 24
44 49 45
44 50 17
44 51 54
44 54 29
44 55 44
44 59 2
45 2 38
45 4 14
45 5 5
45 11 26
45 13 13
45 14 24
45 15 19
45 18 36
45 23 15
45 24 22
45 28 18
45 30 48
45 32 29
45 33 7
45 35 27
45 36 46
45 37 8
45 38 56
45 42 12
45 46 51
45 47 28
45 48 43
45 49 49
45 52 0
45 53 21
45 54 53
45 55 39
45 56 42
45 57 17
45 59 1
46 1 40
46 4 35
46 5 51
46 7 33
46 8 47
46 13 43
46 14 1
46 15 14
46 17 24
46 20 59
46 22 38
46 25 0
46 30 26
46 35 8
46 37 48
46 39 19
46 41 58
46 42 21
46 45 15
46 49 5
46 53 9
46 54 41
46 58 3
47 2 20
47 4 42
47 6 49
47 12 59
47 15 41
47 23 46
47 24 13
47 29 4
47 30 30
47 31 57
47 32 24
47 35 0
47 37 39
47 40 23
47 44 50
47 48 16
47 49 25
47 54 18
47 55 58
47 57 33
47 58 1
48 4 47
48 5 57
48 8 52
48 9 27
48 10 30
48 15 33
48 16 46
48 17 7
48 18 59
48 19 16
48 20 8
48 25 5
48 27 23
48 28 11
48 33 22
48 34 44
48 36 49
48 37 51
48 38 36
48 40 0
48 45 29
48 46 58
48 48 2
48 49 14
48 50 25
48 54 28
48 55 32
48 57 3
48 58 54
49 0 59
49 4 24
49 16 14
49 19 52
49 27 5
49 28 54
49 30 42
49 31 44
49 34 20
49 38 51
49 39 11
49 40 21
49 44 9
49 46 3
49 49 56
49 57 19
49 58 39
50 0 55
50 2 23
50 3 28
50 5 34
50 8 42
50 10 40
50 12 5
50 14 12
50 19 56
50 23 31
50 24 35
50 25 14
50 27 49
50 28 50
50 31 43
50 34 33
50 43 29
50 46 1
50 47 18
50 51 11
50 54 57
50 55 20
50 56 45
50 59 24
51 2 4
51 3 54
51 8 41
51 9 1
51 14 57
51 16 34
51 18 50
51 22 36
51 27 44
51 28 3
51 30 9
51 32 20
51 33 53
51 35 32
51 37 28
51 40 26
51 48 31
51 51 14
51 52 29
51 58 17
52 0 31
52 2 13
52 4 1
52 9 53
52 10 22
52 11 2
52 12 30
52 16 38
52 18 9
52 20 28
52 21 44
52 22 33
52 23 21
52 24 19
52 25 26
52 28 14
52 31 25
52 33 27
52 36 11
52 37 16
52 38 5
52 39 32
52 44 15
52 49 55
52 53 6
52 55 24
52 57 39
52 58 51
53 11 20
53 12 56
53 19 0
53 27 17
53 29 46
53 33 29
53 34 3
53 37 14
53 39 47
53 40 32
53 42 2
53 43 51
53 47 6
53 49 27
53 53 22
53 57 34
54 7 24
54 8 30
54 13 40
54 15 23
54 18 26
54 19 29
54 20 54
54 21 1
54 23 20
54 24 38
54 27 51
54 28 25
54 33 19
54 34 4
54 36 10
54 39 22
54 48 15
54 51 34
54 54 12
54 55 16
54 56 11
55 3 13
55 4 23
55 7 58
55 8 20
55 12 1
55 15 8
55 18 2
55 21 11
55 25 10
55 26 6
55 27 24
55 28 45
55 30 27
55 31 42
55 32 39
55 33 54
55 34 36
55 35 56
55 36 31
55 37 22
55 38 30
55 43 38
55 45 16
55 47 19
55 48 46
55 49 53
55 53 32
55 57 26
56 2 29
56 5 2
56 6 47
56 7 7
56 8 50
56 10 16
56 11 35
56 13 31
56 18 33
56 24 1
56 26 54
56 27 58
56 32 6
56 35 49
56 39 55
56 41 40
56 43 34
56 45 13
56 46 41
56 49 15
56 50 12
56 53 42
56 55 51
56 57 0
56 59 39
57 0 18
57 1 27
57 4 3
57 7 51
57 9 47
57 11 8
57 14 52
57 16 17
57 18 30
57 21 2
57 23 49
57 25 33
57 31 19
57 32 53
57 33 14
57 34 25
57 36 55
57 38 23
57 42 42
57 49 32
57 50 15
57 51 6
57 52 54
57 53 41
57 55 21
57 57 56
57 58 46
58 0 51
58 2 31
58 5 24
58 6 56
58 8 14
58 12 41
58 14 20
58 16 4
58 18 6
58 20 32
58 22 21
58 24 10
58 27 39
58 28 12
58 32 2
58 34 46
58 35 28
58 37 25
58 38 29
58 39 30
58 40 34
58 41 36
58 46 26
58 49 23
58 52 17
58 58 19
58 59 53
59 4 31
59 6 30
59 10 57
59 11 54
59 12 34
59 13 42
59 16 53
59 18 23
59 23 7
59 26 16
59 27 27
59 30 22
59 36 59
59 37 3
59 39 8
59 40 5
59 42 50
59 43 28
59 44 51
59 48 9
59 49 11
59 56 2
59 58 58
59 59 6
