70
0 2 25
0 3 57
0 5 15
0 7 56
0 9 38
0 11 32
0 13 3
0 16 31
0 19 62
0 21 24
0 22 64
0 24 55
0 27 59
0 28 58
0 29 53
0 37 29
0 42 65
0 44 8
0 49 22
0 51 20
0 52 9
0 53 18
0 61 1
0 65 30
0 68 45
0 69 67
1 2 8
1 8 42
1 12 14
1 15 18
1 27 17
1 29 1
1 31 60
1 32 22
1 34 32
1 35 68
1 36 2
1 39 59
1 41 12
1 43 63
1 44 4
1 45 58
1 46 9
1 47 51
1 58 48
1 61 25
1 63 3
1 65 28
2 0 27
2 1 68
2 3 44
2 4 55
2 5 50
2 11 36
2 13 69
2 16 54
2 22 47
2 24 59
2 25 45
2 27 8
2 28 14
2 31 57
2 33 22
2 34 11
2 37 56
2 40 66
2 42 0
2 46 61
2 49 35
2 52 26
2 56 60
2 61 23
2 69 52
3 0 66
3 2 24
3 5 27
3 9 8
3 10 1
3 12 31
3 17 56
3 20 30
3 23 28
3 25 21
3 26 58
3 27 62
3 28 9
3 29 39
3 32 35
3 33 55
3 34 25
3 36 49
3 44 26
3 50 67
3 56 68
3 63 65
3 65 23
3 66 33
3 69 19
4 0 11
4 4 52
4 11 31
4 13 45
4 14 67
4 15 48
4 18 39
4 22 19
4 24 8
4 26 40
4 39 3
4 44 36
4 45 26
4 49 50
4 50 5
4 51 55
4 57 63
4 59 58
4 63 42
4 66 66
5 2 16
5 3 11
5 6 57
5 8 66
5 11 65
5 14 2
5 16 8
5 19 3
5 25 29
5 28 24
5 32 39
5 34 62
5 37 51
5 39 7
5 42 53
5 49 41
5 55 22
5 56 9
5 57 32
5 63 63
5 68 26
6 1 29
6 4 21
6 5 23
6 6 44
6 9 24
6 10 28
6 20 33
6 21 68
6 23 12
6 27 42
6 33 15
6 35 54
6 38 32
6 58 4
6 60 48
6 64 63
6 65 46
6 68 40
7 0 26
7 5 21
7 10 36
7 14 53
7 18 67
7 20 61
7 21 0
7 23 42
7 25 27
7 30 28
7 31 65
7 35 6
7 41 25
7 48 14
7 54 54
7 60 4
7 63 59
7 65 64
8 3 68
8 7 55
8 11 12
8 12 63
8 13 47
8 17 40
8 18 14
8 26 49
8 28 32
8 30 56
8 34 54
8 35 48
8 38 2
8 41 50
8 45 59
8 46 3
8 48 42
8 53 57
8 54 36
8 55 65
8 61 22
8 62 19
8 65 38
9 5 48
9 8 1
9 12 25
9 13 38
9 15 3
9 19 7
9 24 27
9 26 60
9 30 47
9 35 30
9 37 24
9 39 29
9 42 18
9 44 21
9 50 59
9 52 44
9 53 11
9 55 67
9 59 23
9 61 58
9 68 62
10 0 29
10 7 20
10 22 28
10 24 40
10 26 5
10 30 19
10 32 7
10 39 63
10 40 35
10 45 45
10 47 54
10 48 21
10 60 43
10 61 10
10 63 32
10 68 69
11 3 3
11 10 29
11 15 4
11 19 45
11 20 60
11 21 64
11 23 13
11 26 56
11 27 18
11 29 8
11 30 21
11 33 59
11 36 48
11 38 10
11 40 43
11 46 54
11 53 12
11 55 20
11 59 41
11 60 65
11 61 39
11 64 47
11 66 49
11 68 68
12 4 19
12 6 30
12 10 46
12 11 63
12 12 17
12 14 49
12 15 42
12 26 65
12 27 44
12 28 56
12 30 25
12 37 39
12 38 31
12 42 55
12 44 28
12 45 68
12 48 53
12 49 38
12 51 41
12 52 51
12 57 59
12 58 61
12 61 35
12 65 20
12 66 5
12 68 60
13 13 39
13 18 24
13 20 50
13 32 56
13 33 36
13 34 66
13 36 41
13 40 4
13 41 22
13 43 43
13 44 16
13 47 53
13 50 11
13 55 54
13 57 57
13 65 63
13 68 28
14 7 54
14 8 23
14 9 34
14 12 39
14 15 67
14 23 60
14 24 20
14 26 45
14 28 50
14 36 14
14 40 17
14 42 27
14 44 63
14 45 5
14 50 12
14 51 43
14 59 55
14 63 21
14 66 13
15 0 68
15 4 18
15 8 38
15 10 37
15 13 31
15 17 13
15 20 39
15 22 44
15 27 23
15 28 3
15 29 28
15 36 22
15 38 65
15 42 4
15 45 16
15 49 56
15 53 32
15 54 51
15 56 8
15 58 59
15 62 21
15 68 10
15 69 2
16 0 12
16 8 4
16 9 18
16 10 27
16 11 7
16 13 57
16 27 25
16 28 51
16 30 49
16 31 3
16 32 30
16 38 54
16 41 36
16 43 2
16 46 41
16 48 22
16 49 45
16 51 40
16 60 39
16 67 24
17 0 32
17 1 19
17 2 30
17 5 18
17 11 27
17 16 43
17 19 13
17 24 37
17 27 0
17 31 67
17 37 6
17 39 45
17 41 24
17 44 12
17 45 51
17 46 22
17 48 65
17 49 62
17 50 20
17 51 47
17 68 29
18 0 36
18 1 30
18 11 68
18 12 19
18 17 67
18 20 52
18 27 4
18 29 13
18 31 12
18 34 17
18 40 6
18 44 44
18 55 58
18 69 11
19 1 37
19 3 52
19 8 43
19 9 33
19 16 11
19 35 69
19 41 56
19 44 55
19 53 64
19 58 39
19 59 16
19 63 46
19 67 28
19 68 9
20 1 59
20 2 67
20 3 60
20 5 45
20 7 15
20 11 51
20 13 66
20 17 68
20 21 38
20 30 2
20 32 0
20 44 54
20 46 65
20 51 11
20 55 40
20 61 41
20 62 36
20 65 31
20 68 58
21 0 41
21 4 65
21 5 47
21 16 34
21 21 16
21 25 63
21 29 33
21 31 0
21 33 48
21 35 23
21 36 51
21 39 32
21 49 1
21 51 10
21 56 69
21 58 43
21 61 8
21 68 7
22 0 69
22 1 55
22 4 3
22 5 29
22 8 56
22 9 32
22 10 26
22 12 49
22 13 25
22 14 31
22 17 16
22 23 30
22 31 33
22 33 67
22 38 27
22 41 8
22 49 7
22 52 0
22 54 58
22 64 38
22 65 37
22 67 45
23 2 45
23 5 16
23 6 60
23 7 59
23 11 3
23 16 4
23 19 9
23 20 67
23 22 58
23 29 50
23 33 37
23 34 61
23 41 27
23 45 34
23 47 32
23 50 54
23 54 2
23 57 26
23 62 53
23 63 29
23 64 18
24 0 44
24 3 18
24 11 5
24 12 43
24 13 56
24 17 19
24 20 63
24 26 28
24 28 23
24 29 40
24 31 27
24 37 7
24 38 61
24 40 38
24 41 53
24 45 64
24 49 21
24 50 13
24 54 39
24 56 36
24 57 48
24 59 8
24 67 29
25 1 40
25 3 39
25 7 60
25 8 10
25 13 22
25 15 17
25 16 50
25 19 11
25 34 7
25 36 37
25 40 33
25 45 27
25 46 34
25 47 31
25 50 43
25 51 67
25 53 41
25 55 19
25 60 53
25 62 15
25 63 13
25 64 25
26 2 12
26 7 39
26 11 10
26 13 7
26 14 17
26 19 25
26 20 2
26 22 37
26 23 54
26 27 34
26 33 6
26 36 50
26 49 19
26 50 58
26 52 14
26 62 24
26 67 64
26 68 27
26 69 53
27 3 32
27 6 19
27 8 24
27 14 12
27 17 9
27 20 49
27 23 2
27 24 21
27 25 11
27 26 0
27 27 63
27 28 38
27 33 13
27 35 1
27 38 28
27 42 56
27 43 42
27 44 40
27 51 30
27 54 68
27 56 34
27 57 39
27 63 55
27 64 46
27 66 65
27 69 50
28 1 3
28 3 51
28 5 67
28 8 27
28 13 34
28 14 8
28 18 19
28 19 29
28 20 57
28 21 46
28 22 23
28 23 49
28 31 21
28 32 9
28 34 56
28 36 35
28 37 45
28 38 4
28 41 41
28 42 40
28 45 39
28 46 50
28 47 28
28 48 12
28 52 53
28 54 63
28 56 0
28 57 36
28 60 44
28 61 30
28 64 5
28 67 62
28 68 24
29 0 13
29 5 36
29 8 54
29 9 45
29 10 20
29 12 62
29 13 0
29 18 50
29 22 69
29 24 7
29 25 39
29 29 52
29 35 17
29 39 5
29 40 19
29 41 67
29 43 29
29 47 33
29 50 49
29 52 27
29 57 43
29 59 25
29 67 2
29 68 32
30 4 39
30 11 54
30 16 7
30 17 60
30 18 57
30 23 21
30 27 20
30 38 25
30 41 48
30 45 2
30 47 47
30 48 16
30 52 19
30 58 38
30 59 52
30 66 0
30 67 22
30 68 15
31 0 38
31 4 69
31 6 27
31 8 60
31 12 35
31 13 17
31 20 29
31 21 50
31 27 41
31 28 19
31 29 49
31 32 1
31 33 34
31 41 39
31 43 55
31 46 46
31 49 30
31 53 59
31 57 37
31 58 28
31 62 44
31 63 67
31 64 64
31 65 10
31 67 3
32 2 32
32 4 40
32 5 53
32 12 42
32 23 51
32 32 31
32 34 58
32 36 12
32 37 14
32 38 50
32 39 16
32 41 65
32 42 41
32 45 30
32 48 10
32 55 60
32 63 25
32 67 11
32 69 21
33 1 10
33 2 59
33 4 42
33 13 62
33 17 4
33 19 64
33 20 26
33 21 56
33 25 50
33 26 20
33 28 39
33 29 29
33 33 11
33 34 27
33 35 65
33 37 66
33 39 60
33 41 13
33 44 18
33 46 47
33 47 46
33 51 52
33 55 68
33 57 15
34 3 26
34 7 33
34 10 48
34 14 61
34 18 27
34 19 18
34 27 57
34 30 45
34 36 42
34 37 20
34 45 14
34 50 3
34 51 54
34 52 16
34 54 53
34 62 37
35 0 43
35 1 31
35 2 13
35 4 45
35 6 3
35 11 14
35 12 38
35 17 24
35 20 54
35 24 50
35 27 40
35 28 10
35 31 52
35 35 16
35 38 46
35 44 33
35 45 67
35 46 63
35 47 4
35 53 68
35 54 25
35 58 7
35 59 36
35 67 51
35 69 20
36 0 40
36 4 68
36 8 5
36 11 46
36 15 52
36 16 3
36 17 31
36 20 24
36 21 47
36 23 48
36 27 58
36 28 29
36 38 12
36 41 59
36 46 62
36 47 26
36 48 13
36 49 53
36 55 34
36 59 49
36 61 33
36 62 54
36 69 42
37 9 1
37 14 6
37 17 32
37 21 33
37 24 44
37 26 29
37 33 31
37 34 24
37 35 22
37 45 40
37 47 27
37 48 45
37 50 35
37 64 4
37 65 12
37 67 0
38 0 33
38 2 11
38 3 30
38 4 67
38 12 48
38 14 15
38 17 61
38 19 53
38 21 2
38 26 39
38 28 6
38 29 35
38 30 10
38 33 68
38 34 38
38 38 24
38 41 49
38 44 5
38 46 14
38 47 19
38 49 59
38 55 63
38 56 28
38 63 40
39 2 62
39 6 58
39 8 16
39 9 29
39 24 39
39 25 42
39 26 22
39 33 41
39 34 23
39 37 10
39 38 49
39 39 55
39 40 2
39 43 31
39 53 43
39 54 50
39 57 14
39 58 46
39 61 9
39 67 30
39 68 17
40 0 10
40 2 17
40 3 25
40 8 18
40 21 67
40 22 49
40 24 61
40 29 65
40 36 13
40 37 38
40 38 53
40 39 20
40 40 52
40 47 30
40 48 31
40 50 8
40 55 66
40 57 54
40 58 50
40 61 57
40 63 33
40 66 60
41 1 49
41 3 58
41 4 34
41 13 9
41 19 23
41 24 65
41 25 17
41 28 21
41 31 50
41 35 43
41 50 25
41 55 62
41 59 2
41 64 24
41 65 66
41 66 1
42 1 42
42 3 37
42 4 62
42 9 39
42 12 4
42 14 63
42 25 46
42 36 20
42 38 58
42 45 18
42 52 68
42 54 45
42 55 13
42 62 17
42 64 6
42 65 22
42 66 7
43 3 16
43 4 26
43 6 42
43 8 3
43 23 8
43 25 23
43 28 61
43 31 13
43 36 39
43 38 21
43 42 28
43 52 20
43 53 22
43 54 33
43 58 29
43 59 40
43 61 44
43 64 65
43 66 10
43 68 5
43 69 62
44 3 6
44 12 59
44 13 20
44 17 48
44 21 40
44 23 24
44 26 50
44 27 66
44 28 2
44 29 16
44 32 53
44 34 29
44 35 9
44 39 39
44 44 42
44 48 61
44 49 51
44 50 7
44 56 1
44 61 11
44 68 12
45 0 24
45 3 21
45 4 20
45 6 17
45 14 22
45 17 63
45 18 29
45 20 27
45 27 9
45 37 28
45 38 67
45 39 14
45 41 3
45 43 58
45 49 68
45 50 36
45 53 65
45 55 37
45 56 7
45 64 43
45 66 39
45 69 57
46 5 28
46 8 36
46 10 66
46 11 69
46 12 57
46 15 54
46 16 59
46 20 7
46 21 35
46 25 22
46 27 30
46 31 4
46 33 9
46 45 21
46 46 17
46 47 5
46 49 0
46 54 48
46 57 6
46 62 31
46 68 34
47 3 64
47 4 37
47 7 4
47 11 29
47 12 65
47 15 47
47 19 38
47 20 68
47 23 56
47 31 45
47 35 49
47 36 58
47 37 17
47 40 69
47 45 3
47 53 66
47 60 1
47 63 7
47 65 24
47 67 21
47 69 9
48 2 69
48 3 42
48 5 61
48 6 50
48 8 58
48 16 62
48 18 55
48 20 45
48 21 54
48 29 4
48 30 23
48 31 48
48 33 21
48 34 14
48 36 64
48 38 20
48 41 15
48 47 34
48 48 33
48 53 46
48 57 47
48 60 25
48 62 65
48 65 5
49 1 0
49 12 50
49 13 10
49 15 63
49 21 20
49 24 48
49 31 62
49 32 25
49 36 57
49 47 45
49 48 46
49 49 42
49 50 26
49 51 16
49 53 40
49 54 31
49 56 11
49 57 67
49 62 2
49 69 4
50 2 4
50 3 33
50 7 14
50 8 63
50 13 11
50 18 31
50 27 36
50 28 17
50 39 41
50 47 49
50 51 19
50 52 38
50 53 15
50 58 2
50 64 7
50 69 46
51 8 65
51 15 24
51 16 53
51 20 46
51 25 57
51 27 26
51 32 13
51 33 4
51 35 10
51 36 60
51 44 66
51 51 50
51 54 8
51 66 67
51 69 54
52 4 23
52 11 41
52 21 12
52 22 62
52 26 21
52 31 47
52 33 56
52 41 35
52 44 22
52 49 14
52 50 1
52 56 67
52 60 20
52 61 24
52 63 36
53 1 56
53 11 17
53 24 54
53 28 59
53 31 43
53 33 0
53 35 15
53 36 63
53 41 42
53 44 67
53 47 11
53 48 47
53 50 2
53 53 39
53 58 27
53 60 60
53 61 38
53 64 61
53 65 29
53 66 14
53 69 33
54 0 39
54 4 2
54 8 21
54 10 68
54 12 55
54 16 17
54 23 64
54 26 27
54 27 67
54 31 61
54 38 6
54 39 35
54 40 45
54 42 42
54 48 44
54 50 18
54 51 58
54 52 46
54 56 3
54 57 19
54 62 34
54 63 0
54 65 52
55 0 9
55 4 47
55 7 40
55 9 63
55 12 52
55 14 37
55 16 25
55 17 36
55 20 3
55 21 69
55 23 0
55 29 7
55 39 12
55 41 43
55 42 67
55 44 56
55 46 39
55 47 57
55 54 64
55 56 45
55 57 10
55 62 60
56 11 13
56 12 47
56 19 68
56 22 52
56 25 25
56 27 12
56 30 35
56 31 14
56 33 51
56 51 37
56 53 49
56 58 0
57 0 17
57 2 1
57 3 13
57 4 12
57 6 0
57 7 47
57 12 32
57 14 52
57 17 3
57 18 51
57 19 21
57 20 40
57 26 57
57 30 16
57 39 23
57 41 20
57 42 6
57 43 49
57 45 62
57 49 25
57 56 41
57 58 54
57 60 46
57 62 27
57 64 42
58 1 64
58 6 43
58 9 5
58 17 50
58 18 17
58 21 66
58 23 41
58 25 65
58 26 46
58 32 26
58 34 67
58 38 45
58 47 42
58 54 52
58 55 9
58 56 47
58 57 51
58 60 40
58 62 23
58 63 15
58 65 25
59 4 15
59 8 51
59 11 25
59 15 68
59 16 21
59 23 52
59 24 13
59 32 40
59 36 54
59 39 64
59 45 56
59 46 20
59 48 8
59 49 26
59 51 34
59 52 10
59 56 19
59 60 63
60 2 54
60 4 7
60 13 29
60 16 58
60 17 41
60 18 23
60 21 59
60 22 11
60 28 22
60 34 49
60 36 16
60 39 1
60 43 8
60 49 18
60 54 35
60 55 24
60 61 42
60 65 9
60 66 50
60 68 21
61 1 43
61 8 67
61 9 68
61 10 31
61 21 63
61 22 61
61 24 6
61 28 48
61 32 14
61 33 42
61 34 45
61 35 58
61 42 37
61 45 29
61 46 10
61 48 64
61 55 27
61 61 49
61 64 54
61 66 16
61 67 18
61 68 51
62 6 69
62 8 7
62 10 25
62 16 44
62 18 68
62 23 6
62 24 58
62 27 49
62 30 32
62 36 3
62 37 59
62 39 61
62 44 50
62 45 24
62 46 67
62 49 48
62 53 56
62 54 28
62 65 13
62 66 63
62 68 22
63 0 42
63 3 22
63 4 54
63 6 48
63 7 1
63 10 17
63 15 32
63 19 24
63 20 34
63 26 15
63 27 27
63 29 67
63 33 46
63 36 45
63 39 2
63 40 10
63 45 65
63 47 36
63 48 30
63 49 39
63 52 12
63 53 26
63 55 5
63 56 55
63 58 21
63 59 4
63 67 13
63 68 56
64 0 60
64 2 33
64 8 29
64 9 51
64 10 10
64 13 44
64 15 9
64 17 22
64 21 21
64 23 5
64 24 35
64 26 38
64 27 1
64 28 55
64 30 43
64 31 49
64 32 17
64 33 62
64 34 46
64 42 3
64 45 15
64 46 66
64 48 68
64 50 14
64 56 59
64 58 25
64 59 45
64 60 24
64 61 7
64 63 8
65 0 35
65 2 50
65 6 24
65 10 2
65 15 51
65 19 61
65 23 17
65 24 34
65 27 5
65 31 64
65 39 40
65 43 33
65 46 18
65 48 23
65 49 10
65 53 6
65 55 52
65 67 49
65 68 53
66 4 63
66 6 36
66 7 23
66 8 12
66 15 49
66 19 15
66 22 51
66 28 35
66 34 6
66 35 31
66 39 18
66 41 60
66 45 25
66 48 69
66 55 64
66 57 1
66 58 14
66 60 17
66 64 20
66 67 57
67 3 49
67 4 43
67 5 46
67 11 42
67 14 65
67 17 38
67 18 47
67 19 28
67 25 52
67 29 17
67 36 0
67 38 34
67 41 23
67 43 13
67 46 11
67 51 25
67 52 39
67 53 62
67 58 40
67 59 61
67 60 66
67 68 18
68 6 2
68 16 45
68 19 14
68 22 33
68 26 62
68 29 30
68 30 51
68 32 61
68 36 23
68 40 29
68 42 12
68 46 31
68 47 18
68 51 65
68 57 24
68 60 38
68 61 6
68 62 58
68 63 47
68 66 20
68 67 34
68 69 56
69 6 65
69 7 58
69 11 49
69 13 59
69 14 26
69 15 14
69 16 6
69 17 45
69 30 3
69 35 28
69 36 31
69 37 22
69 38 35
69 40 40
69 42 33
69 49 47
69 53 17
69 54 67
69 57 56
69 58 10
69 60 62
69 63 48
