60
0 0 37
0 3 52
0 8 27
0 9 9
0 12 22
0 13 16
0 14 10
0 15 23
0 16 7
0 18 33
0 20 55
0 23 49
0 26 47
0 29 3
0 31 5
0 36 46
0 38 28
0 39 44
0 41 2
0 43 21
0 45 12
0 47 56
0 49 50
0 50 8
0 55 51
0 56 11
0 57 41
1 0 17
1 2 21
1 3 29
1 4 46
1 12 43
1 16 27
1 17 48
1 20 25
1 21 40
1 22 58
1 26 42
1 30 13
1 31 2
1 33 4
1 34 41
1 35 14
1 37 37
1 39 59
1 41 53
1 42 31
1 48 49
1 58 12
2 4 51
2 6 29
2 7 50
2 10 21
2 11 17
2 13 28
2 18 4
2 19 41
2 20 54
2 23 34
2 24 43
2 30 7
2 32 25
2 35 27
2 36 31
2 37 52
2 42 49
2 43 11
2 44 38
2 51 23
2 52 13
2 56 56
2 57 9
2 59 39
3 2 17
3 3 8
3 5 23
3 6 27
3 8 13
3 14 14
3 19 47
3 21 49
3 23 24
3 24 56
3 25 19
3 26 36
3 27 51
3 29 22
3 32 0
3 36 3
3 38 16
3 40 15
3 46 7
3 49 40
3 51 59
3 54 2
3 55 11
4 4 41
4 10 28
4 15 49
4 17 50
4 18 20
4 19 13
4 22 36
4 24 19
4 27 1
4 28 2
4 31 32
4 32 57
4 33 29
4 35 51
4 36 59
4 41 21
4 42 34
4 45 17
4 48 40
4 49 8
4 50 15
4 51 47
4 54 52
4 55 10
4 57 58
5 2 18
5 5 29
5 8 7
5 9 3
5 10 8
5 12 41
5 13 48
5 14 26
5 17 34
5 18 31
5 21 58
5 22 4
5 24 9
5 26 22
5 27 42
5 29 6
5 30 52
5 37 17
5 42 51
5 44 45
5 47 33
5 50 56
5 51 46
5 52 5
5 53 44
5 56 39
5 58 47
6 0 23
6 3 14
6 4 55
6 7 58
6 11 51
6 12 19
6 16 15
6 18 32
6 20 35
6 21 28
6 24 38
6 26 45
6 28 41
6 42 4
6 43 37
6 44 56
6 45 30
6 53 24
6 55 9
6 57 16
7 2 40
7 6 48
7 7 41
7 10 34
7 19 39
7 20 27
7 22 49
7 25 31
7 28 30
7 29 1
7 30 28
7 34 21
7 36 9
7 38 24
7 42 15
7 46 12
7 47 13
7 52 3
7 54 45
7 55 18
7 56 44
7 57 37
7 58 33
7 59 7
8 3 9
8 8 29
8 16 28
8 20 13
8 23 5
8 24 41
8 27 27
8 28 51
8 33 45
8 35 21
8 37 50
8 40 35
8 42 6
8 43 34
8 44 19
8 49 26
8 53 54
8 56 30
9 0 32
9 6 50
9 7 54
9 9 13
9 12 55
9 13 37
9 18 45
9 19 44
9 20 58
9 26 23
9 33 10
9 34 46
9 35 4
9 36 21
9 38 40
9 43 39
9 44 16
9 47 3
9 49 59
9 52 2
9 55 34
9 56 0
9 57 1
9 59 30
10 6 36
10 7 21
10 15 50
10 16 25
10 17 17
10 20 24
10 24 16
10 26 15
10 27 14
10 30 8
10 31 47
10 32 23
10 33 35
10 36 40
10 40 37
10 41 0
10 43 20
10 44 52
10 45 19
10 47 59
10 48 10
10 51 38
10 56 2
10 57 6
10 59 11
11 9 28
11 11 13
11 12 46
11 13 11
11 14 16
11 15 37
11 16 6
11 20 1
11 22 52
11 24 26
11 26 5
11 29 10
11 31 14
11 32 44
11 34 30
11 35 59
11 37 38
11 38 0
11 40 18
11 41 3
11 42 57
11 44 25
11 45 40
11 46 34
11 48 45
11 49 53
11 50 7
11 51 21
11 56 9
11 57 29
11 59 15
12 0 13
12 2 14
12 5 25
12 6 4
12 8 11
12 9 20
12 13 6
12 20 37
12 26 21
12 27 56
12 28 31
12 32 16
12 34 7
12 35 36
12 38 47
12 39 29
12 41 26
12 42 19
12 43 18
12 44 49
12 45 41
12 47 54
12 50 58
12 52 12
12 53 59
12 55 40
12 56 42
13 3 15
13 4 44
13 6 7
13 7 8
13 8 37
13 13 51
13 16 32
13 18 39
13 19 53
13 20 40
13 22 42
13 23 31
13 26 50
13 27 43
13 28 27
13 29 59
13 31 58
13 33 18
13 36 45
13 45 22
13 48 17
13 49 1
13 50 47
13 52 25
13 54 54
13 59 4
14 4 26
14 6 58
14 7 14
14 8 16
14 12 33
14 15 24
14 19 52
14 29 49
14 31 27
14 32 20
14 35 7
14 39 3
14 44 48
14 45 31
14 47 57
14 49 44
14 55 35
14 58 32
14 59 41
15 0 16
15 2 55
15 3 57
15 4 7
15 7 26
15 11 47
15 13 0
15 15 12
15 16 3
15 17 51
15 18 53
15 23 32
15 25 37
15 27 45
15 28 6
15 32 30
15 33 48
15 39 27
15 44 14
15 45 52
15 49 21
15 56 38
15 57 59
15 58 46
16 1 50
16 7 31
16 8 54
16 9 34
16 11 4
16 14 11
16 16 22
16 20 16
16 21 23
16 22 25
16 25 44
16 28 0
16 30 45
16 31 43
16 33 42
16 37 46
16 39 2
16 42 13
16 43 40
16 51 52
16 52 20
16 53 53
16 54 3
16 55 1
16 56 15
16 58 27
17 0 1
17 3 17
17 8 33
17 9 4
17 13 31
17 14 36
17 15 3
17 18 30
17 20 29
17 21 38
17 22 28
17 24 59
17 25 25
17 26 32
17 30 23
17 36 53
17 37 27
17 40 41
17 49 35
17 51 15
17 52 0
17 53 50
17 56 52
17 57 34
17 58 5
17 59 43
18 4 58
18 7 40
18 11 55
18 12 12
18 22 21
18 23 38
18 24 15
18 25 2
18 26 9
18 30 26
18 35 29
18 36 41
18 37 23
18 40 51
18 41 45
18 43 25
18 45 53
18 50 11
18 51 27
18 55 0
18 56 13
18 57 5
18 59 8
19 0 43
19 1 7
19 2 2
19 3 13
19 4 45
19 5 21
19 7 29
19 11 8
19 13 58
19 14 1
19 15 0
19 18 26
19 19 11
19 20 34
19 22 59
19 25 47
19 28 40
19 30 31
19 37 18
19 40 57
19 41 30
19 43 9
19 45 42
19 46 3
19 50 32
19 51 28
19 55 39
19 56 33
19 58 48
20 4 54
20 6 24
20 7 11
20 16 29
20 23 16
20 24 44
20 27 17
20 31 45
20 35 31
20 41 20
20 42 18
20 43 15
20 46 5
20 50 19
20 54 13
20 55 12
20 56 3
20 57 36
21 1 12
21 2 37
21 3 56
21 4 13
21 7 24
21 10 29
21 15 40
21 17 46
21 18 43
21 19 16
21 21 11
21 27 8
21 28 21
21 29 33
21 30 58
21 31 41
21 32 19
21 33 59
21 34 18
21 51 42
21 53 38
21 54 28
21 58 15
22 3 47
22 5 18
22 9 55
22 12 44
22 14 46
22 16 8
22 22 0
22 23 29
22 25 30
22 26 57
22 27 12
22 29 27
22 32 6
22 34 11
22 38 19
22 39 49
22 43 53
22 51 51
22 54 10
22 55 22
22 59 50
23 0 35
23 2 51
23 4 14
23 5 32
23 8 5
23 9 45
23 10 43
23 13 1
23 14 57
23 20 18
23 21 34
23 23 6
23 39 38
23 42 55
23 43 19
23 46 56
23 47 50
23 51 58
23 52 22
23 54 24
23 55 21
24 2 26
24 3 30
24 6 3
24 7 1
24 8 20
24 10 24
24 11 21
24 15 13
24 18 25
24 19 50
24 20 8
24 22 16
24 23 2
24 27 38
24 28 17
24 30 18
24 32 56
24 33 49
24 34 6
24 38 52
24 48 35
24 49 58
24 50 41
24 51 40
24 55 42
25 0 44
25 2 23
25 4 48
25 6 39
25 9 36
25 10 3
25 13 41
25 15 55
25 18 59
25 23 25
25 30 32
25 33 37
25 34 34
25 40 21
25 42 47
25 46 16
25 49 52
25 53 0
25 57 28
25 58 43
25 59 9
26 5 31
26 7 3
26 13 57
26 14 44
26 17 25
26 24 47
26 29 17
26 30 30
26 31 11
26 32 15
26 34 1
26 36 54
26 40 0
26 42 43
26 45 20
26 47 52
26 51 16
26 53 34
26 54 46
26 55 2
26 58 59
27 2 34
27 3 11
27 4 49
27 7 6
27 8 43
27 9 12
27 12 24
27 13 27
27 15 5
27 16 19
27 17 37
27 20 46
27 22 56
27 24 14
27 25 22
27 26 10
27 28 23
27 30 57
27 35 20
27 40 26
27 43 44
27 54 53
27 55 13
27 57 48
27 59 2
28 1 26
28 4 24
28 7 48
28 8 44
28 10 0
28 13 18
28 14 21
28 16 30
28 17 3
28 18 16
28 19 29
28 26 7
28 29 14
28 30 15
28 31 33
28 37 34
28 39 5
28 44 39
28 46 2
28 47 53
28 50 31
28 53 57
28 54 19
28 57 46
28 58 28
28 59 40
29 0 49
29 1 24
29 2 59
29 3 53
29 4 10
29 6 28
29 7 19
29 8 0
29 11 11
29 12 6
29 13 20
29 15 8
29 18 50
29 23 22
29 24 52
29 30 5
29 33 58
29 36 34
29 38 30
29 41 39
29 42 14
29 43 54
29 54 48
29 56 1
29 57 21
29 59 26
30 1 54
30 3 58
30 5 15
30 7 18
30 10 55
30 12 47
30 13 2
30 14 27
30 15 14
30 19 17
30 20 49
30 22 41
30 30 37
30 31 28
30 33 57
30 38 46
30 42 52
30 44 0
30 48 59
30 50 10
30 53 7
31 2 12
31 4 22
31 8 31
31 11 20
31 12 29
31 14 32
31 17 2
31 19 54
31 20 26
31 21 15
31 23 42
31 25 39
31 28 43
31 31 51
31 33 14
31 35 40
31 36 19
31 38 50
31 41 10
31 43 45
31 44 37
31 55 44
31 56 59
31 58 0
32 2 0
32 3 21
32 4 8
32 5 40
32 6 41
32 8 6
32 9 58
32 10 23
32 15 59
32 17 27
32 18 13
32 23 57
32 27 32
32 28 47
32 29 2
32 32 22
32 34 19
32 39 7
32 41 9
32 47 11
32 49 25
32 55 53
32 56 5
32 57 43
32 58 54
32 59 37
33 0 56
33 4 5
33 6 54
33 7 55
33 8 8
33 9 0
33 10 15
33 11 6
33 12 28
33 18 38
33 20 19
33 25 27
33 26 49
33 27 58
33 29 46
33 35 16
33 36 36
33 38 59
33 42 35
33 50 37
33 51 11
33 54 26
33 57 45
33 59 53
34 1 46
34 6 1
34 8 51
34 11 18
34 14 2
34 17 35
34 19 37
34 22 48
34 24 10
34 26 34
34 28 49
34 29 5
34 30 25
34 32 40
34 33 23
34 35 50
34 38 3
34 41 14
34 43 33
34 49 29
34 51 0
34 52 7
34 54 44
34 57 55
34 58 38
35 3 1
35 5 7
35 10 32
35 13 19
35 15 41
35 17 59
35 18 48
35 19 15
35 22 35
35 23 13
35 32 36
35 34 29
35 35 6
35 36 24
35 37 2
35 38 14
35 39 17
35 44 3
35 45 54
35 46 9
35 47 55
35 49 37
35 51 50
35 55 28
35 59 20
36 0 38
36 1 11
36 3 54
36 4 36
36 7 49
36 16 23
36 19 21
36 20 56
36 22 9
36 24 31
36 25 29
36 27 52
36 28 25
36 31 42
36 34 43
36 35 24
36 37 1
36 40 14
36 48 34
36 49 45
36 50 59
36 58 3
37 3 42
37 4 23
37 5 3
37 6 49
37 10 5
37 12 25
37 13 22
37 16 40
37 18 0
37 21 48
37 22 34
37 23 1
37 26 51
37 27 16
37 28 56
37 32 33
37 35 35
37 37 21
37 39 4
37 42 12
37 43 10
37 44 44
37 45 37
37 46 59
37 47 38
37 48 29
37 52 31
37 54 41
37 56 18
37 57 14
37 59 57
38 5 27
38 7 9
38 9 22
38 12 18
38 13 13
38 19 0
38 21 53
38 22 57
38 23 48
38 24 32
38 25 16
38 28 29
38 30 42
38 31 3
38 35 46
38 37 5
38 43 47
38 44 15
38 47 30
38 53 36
38 55 38
38 56 51
38 58 14
39 3 35
39 5 52
39 9 57
39 10 37
39 11 31
39 16 2
39 19 34
39 20 36
39 22 54
39 34 3
39 36 14
39 42 22
39 54 6
39 55 24
39 58 18
39 59 49
40 0 3
40 1 32
40 2 53
40 8 9
40 11 5
40 12 23
40 14 54
40 16 47
40 18 15
40 23 28
40 28 36
40 29 43
40 32 31
40 35 39
40 38 26
40 43 52
40 45 4
40 47 40
40 48 14
40 49 57
40 50 17
40 58 29
41 6 38
41 8 57
41 10 51
41 11 26
41 16 0
41 18 42
41 19 49
41 21 2
41 23 56
41 24 55
41 26 4
41 29 45
41 31 23
41 32 59
41 34 20
41 36 15
41 38 32
41 39 50
41 45 8
41 46 44
41 48 19
41 49 11
41 50 36
41 53 35
41 55 6
41 57 31
42 3 0
42 5 48
42 6 30
42 7 59
42 9 51
42 10 6
42 11 2
42 18 46
42 21 47
42 23 27
42 25 45
42 26 3
42 27 57
42 28 22
42 31 26
42 34 50
42 36 56
42 38 34
42 39 37
42 40 24
42 43 7
42 44 41
42 45 25
42 46 28
42 48 8
42 49 33
42 54 4
42 55 15
42 56 55
42 57 52
42 59 16
43 2 38
43 4 19
43 5 17
43 8 52
43 9 5
43 14 56
43 16 4
43 17 12
43 19 55
43 22 18
43 27 35
43 28 3
43 30 51
43 31 0
43 33 39
43 35 10
43 36 27
43 40 43
43 42 53
43 47 42
43 52 50
43 54 29
43 55 41
43 59 54
44 2 35
44 4 47
44 6 9
44 15 38
44 25 6
44 26 31
44 30 19
44 33 27
44 36 18
44 38 45
44 39 15
44 43 13
44 46 8
44 48 55
44 54 40
44 58 4
45 0 31
45 4 30
45 6 45
45 7 12
45 8 40
45 17 16
45 21 0
45 22 38
45 25 53
45 26 11
45 29 51
45 33 44
45 34 33
45 35 26
45 38 49
45 39 21
45 46 47
45 49 2
45 50 52
45 52 34
45 53 58
45 56 41
45 57 25
46 1 29
46 6 57
46 7 15
46 8 25
46 9 1
46 12 52
46 15 19
46 16 11
46 17 33
46 20 41
46 22 7
46 26 59
46 32 32
46 37 26
46 38 2
46 41 31
46 44 58
46 46 23
46 47 44
46 48 24
46 49 9
46 55 45
46 56 34
46 59 27
47 3 2
47 4 35
47 6 18
47 14 51
47 18 10
47 21 3
47 23 37
47 28 32
47 29 52
47 30 21
47 31 9
47 32 39
47 35 25
47 37 31
47 39 47
47 41 48
47 52 1
47 54 50
47 57 13
47 58 20
47 59 19
48 0 6
48 2 8
48 5 54
48 10 30
48 14 40
48 15 57
48 16 20
48 21 19
48 32 26
48 33 15
48 35 12
48 37 43
48 38 29
48 39 39
48 40 36
48 41 18
48 45 55
48 46 48
48 48 56
48 49 47
48 51 53
48 52 46
48 55 14
48 57 42
49 2 1
49 3 26
49 4 20
49 5 53
49 7 39
49 12 57
49 13 35
49 14 6
49 15 47
49 17 10
49 19 4
49 20 5
49 24 22
49 26 48
49 30 3
49 33 41
49 34 8
49 39 54
49 40 40
49 44 9
49 51 14
49 54 16
49 57 50
49 58 23
49 59 46
50 1 48
50 3 4
50 6 26
50 9 11
50 11 29
50 13 43
50 18 22
50 24 58
50 25 52
50 26 28
50 28 42
50 29 15
50 30 17
50 35 32
50 38 27
50 41 5
50 44 36
50 45 35
50 46 10
50 51 18
50 52 9
50 54 0
50 57 56
50 59 14
51 0 24
51 4 17
51 6 11
51 8 30
51 9 47
51 11 58
51 12 9
51 13 33
51 14 34
51 17 43
51 20 44
51 21 52
51 22 51
51 24 40
51 27 39
51 29 16
51 30 48
51 34 53
51 35 0
51 37 36
51 39 20
51 43 41
51 45 49
51 47 8
51 48 28
51 50 22
51 53 2
51 56 31
51 57 23
52 0 5
52 2 24
52 3 22
52 5 35
52 6 17
52 9 39
52 10 46
52 11 43
52 14 28
52 16 9
52 19 30
52 21 42
52 22 26
52 24 36
52 27 7
52 28 57
52 33 38
52 36 6
52 40 13
52 42 8
52 43 23
52 50 4
52 51 41
52 52 29
52 56 47
53 4 12
53 5 45
53 6 51
53 11 1
53 12 20
53 13 10
53 15 53
53 21 13
53 22 39
53 25 32
53 26 30
53 29 42
53 30 36
53 35 47
53 37 35
53 40 19
53 41 50
53 42 9
53 46 33
53 51 44
53 52 38
53 57 8
53 58 37
54 1 55
54 2 10
54 6 13
54 8 15
54 9 32
54 11 45
54 12 21
54 14 22
54 15 56
54 16 34
54 18 29
54 19 19
54 24 57
54 28 37
54 29 41
54 30 39
54 31 18
54 35 3
54 40 2
54 41 16
54 43 42
54 44 40
54 45 11
54 49 51
54 52 53
54 54 31
55 0 29
55 1 30
55 2 50
55 7 20
55 10 26
55 14 42
55 15 31
55 16 49
55 18 3
55 20 47
55 22 8
55 24 39
55 28 10
55 29 48
55 36 17
55 38 11
55 39 18
55 40 53
55 42 5
55 43 27
55 44 2
55 47 21
55 48 23
55 49 46
55 50 51
55 56 35
55 58 6
55 59 28
56 0 54
56 1 39
56 2 11
56 7 28
56 8 32
56 9 17
56 10 41
56 12 13
56 15 30
56 16 44
56 19 45
56 21 1
56 23 20
56 25 42
56 27 34
56 28 55
56 32 9
56 33 33
56 36 35
56 40 47
56 42 2
56 49 18
56 50 24
56 52 57
56 54 49
56 55 31
57 1 44
57 5 2
57 9 23
57 11 10
57 14 15
57 15 58
57 18 12
57 20 6
57 21 18
57 22 5
57 23 46
57 24 33
57 35 19
57 36 8
57 46 1
57 47 34
57 49 42
57 54 36
57 59 21
58 7 16
58 8 38
58 9 26
58 10 42
58 13 39
58 14 25
58 16 53
58 26 14
58 28 7
58 31 24
58 34 58
58 35 9
58 36 10
58 37 28
58 38 15
58 39 1
58 41 34
58 42 46
58 49 56
58 51 48
58 52 47
58 55 49
58 58 19
59 0 42
59 2 13
59 5 4
59 7 10
59 9 6
59 10 27
59 14 48
59 18 40
59 19 35
59 29 29
59 30 9
59 34 49
59 35 44
59 36 28
59 38 41
59 40 22
59 41 46
59 42 56
59 44 1
59 47 47
59 48 18
59 49 32
59 51 31
59 53 37
59 56 25
59 58 51
59 59 52
