60
0 0 36
0 1 49
0 2 27
0 3 31
0 4 48
0 5 11
0 6 55
0 7 44
0 8 24
0 9 58
0 10 42
0 11 9
0 13 15
0 14 7
0 15 56
0 16 32
0 18 17
0 19 6
0 20 30
0 24 22
0 25 29
0 26 59
0 27 50
0 28 2
0 29 45
0 30 4
0 31 41
0 33 57
0 34 34
0 35 35
0 37 46
0 39 0
0 40 13
0 42 12
0 43 40
0 45 25
0 47 10
0 48 54
0 49 33
0 51 37
0 55 14
0 58 39
0 59 16
1 0 57
1 1 3
1 3 30
1 4 32
1 5 22
1 8 29
1 9 20
1 10 12
1 11 56
1 12 41
1 14 15
1 15 33
1 16 21
1 17 36
1 18 42
1 19 8
1 20 44
1 22 35
1 24 6
1 25 40
1 27 10
1 28 52
1 29 4
1 30 55
1 32 47
1 33 34
1 34 28
1 35 19
1 36 50
1 37 53
1 38 31
1 41 26
1 44 48
1 46 9
1 47 25
1 48 37
1 49 39
1 50 27
1 51 49
1 52 46
1 55 7
1 56 24
1 57 54
1 58 14
2 3 16
2 4 8
2 6 23
2 7 21
2 8 1
2 9 39
2 11 37
2 12 31
2 13 36
2 14 46
2 15 54
2 16 4
2 18 44
2 19 3
2 20 19
2 21 15
2 23 55
2 25 48
2 26 24
2 29 30
2 30 22
2 31 52
2 32 33
2 33 27
2 35 5
2 36 0
2 38 26
2 39 53
2 41 34
2 43 32
2 44 11
2 45 6
2 46 14
2 48 38
2 49 58
2 50 2
2 51 42
2 52 49
2 53 10
2 55 35
2 56 18
2 57 9
2 58 45
3 2 42
3 3 27
3 4 41
3 6 53
3 7 47
3 9 21
3 12 22
3 13 29
3 14 39
3 15 26
3 16 55
3 18 52
3 19 18
3 20 6
3 22 4
3 23 36
3 26 13
3 27 59
3 28 40
3 29 58
3 30 28
3 32 51
3 33 43
3 34 56
3 36 48
3 39 25
3 40 14
3 41 38
3 43 30
3 44 31
3 45 16
3 46 50
3 47 3
3 48 7
3 49 45
3 50 17
3 51 44
3 52 8
3 54 34
3 55 9
3 57 11
3 58 12
3 59 19
4 0 9
4 3 38
4 4 44
4 5 14
4 6 4
4 9 40
4 11 24
4 14 25
4 15 6
4 16 15
4 17 19
4 21 21
4 23 57
4 24 26
4 25 55
4 29 53
4 32 0
4 33 35
4 34 49
4 35 59
4 36 31
4 37 2
4 38 11
4 39 42
4 40 58
4 41 54
4 45 18
4 46 12
4 47 50
4 48 56
4 49 28
4 51 52
4 53 51
4 55 36
4 56 22
4 57 23
4 58 20
4 59 5
5 0 23
5 1 44
5 2 48
5 3 11
5 4 9
5 5 5
5 6 37
5 7 0
5 9 53
5 17 24
5 18 18
5 19 17
5 21 26
5 22 58
5 23 12
5 24 41
5 25 59
5 26 30
5 27 29
5 28 38
5 29 35
5 30 15
5 31 57
5 32 6
5 34 33
5 36 40
5 37 28
5 38 14
5 39 31
5 40 46
5 41 8
5 44 16
5 45 39
5 46 36
5 47 55
5 49 50
5 50 20
5 51 43
5 52 1
5 54 2
5 55 49
5 57 21
5 59 22
6 0 42
6 2 4
6 3 59
6 4 30
6 5 26
6 6 49
6 7 19
6 8 35
6 9 36
6 11 23
6 12 45
6 13 11
6 16 50
6 18 31
6 19 2
6 20 28
6 21 37
6 24 14
6 27 58
6 28 55
6 30 44
6 32 20
6 33 52
6 35 32
6 36 3
6 37 17
6 39 34
6 40 6
6 41 27
6 43 22
6 44 1
6 45 29
6 46 56
6 47 21
6 49 25
6 50 8
6 51 12
6 52 16
6 53 39
6 54 54
6 55 18
6 57 51
6 58 46
7 3 34
7 4 3
7 5 19
7 10 10
7 11 49
7 14 0
7 16 11
7 18 12
7 19 14
7 20 23
7 21 52
7 22 42
7 23 39
7 24 28
7 26 1
7 27 30
7 28 35
7 29 16
7 30 20
7 31 46
7 32 9
7 34 37
7 35 41
7 38 40
7 41 53
7 42 36
7 43 25
7 44 32
7 45 31
7 46 13
7 47 58
7 48 21
7 49 4
7 51 55
7 52 29
7 53 7
7 54 24
7 56 45
7 57 26
7 58 2
7 59 6
8 0 10
8 1 23
8 2 12
8 3 46
8 6 8
8 7 14
8 8 52
8 10 16
8 11 0
8 12 19
8 13 31
8 14 43
8 15 36
8 16 57
8 17 44
8 18 51
8 19 55
8 20 9
8 21 54
8 22 17
8 23 21
8 25 6
8 26 32
8 28 30
8 29 11
8 33 58
8 36 37
8 37 27
8 38 39
8 40 18
8 42 56
8 44 38
8 45 45
8 46 33
8 47 48
8 48 24
8 49 40
8 50 1
8 51 34
8 52 5
8 53 42
8 54 47
8 56 28
8 58 22
9 0 35
9 1 56
9 2 58
9 4 54
9 6 42
9 7 12
9 8 7
9 9 5
9 10 49
9 11 11
9 12 1
9 14 45
9 15 31
9 17 41
9 18 6
9 22 15
9 23 18
9 24 37
9 26 16
9 27 9
9 28 4
9 29 27
9 30 26
9 31 44
9 34 22
9 37 19
9 38 28
9 39 52
9 41 36
9 42 0
9 43 48
9 44 25
9 46 43
9 47 17
9 48 34
9 50 23
9 51 20
9 53 57
9 54 33
9 55 10
9 56 14
9 57 30
9 58 53
9 59 47
10 0 51
10 1 38
10 2 2
10 3 12
10 4 28
10 7 13
10 8 11
10 9 23
10 10 33
10 11 3
10 12 16
10 13 46
10 15 27
10 16 29
10 17 34
10 18 50
10 20 40
10 21 57
10 24 20
10 25 52
10 26 22
10 29 56
10 32 30
10 33 14
10 35 10
10 37 5
10 38 0
10 44 45
10 45 55
10 46 4
10 47 31
10 48 19
10 49 44
10 50 35
10 53 8
10 55 32
10 58 48
10 59 17
11 1 57
11 2 10
11 3 2
11 5 49
11 6 0
11 7 45
11 9 55
11 10 35
11 12 30
11 13 58
11 14 22
11 15 19
11 18 37
11 19 40
11 21 51
11 22 1
11 23 41
11 25 3
11 26 39
11 29 47
11 31 24
11 34 16
11 37 42
11 38 8
11 39 18
11 40 15
11 41 59
11 43 21
11 44 23
11 47 43
11 48 28
11 49 36
11 50 56
11 51 7
11 52 14
11 54 6
11 56 26
11 57 25
11 58 33
11 59 32
12 0 13
12 1 15
12 2 46
12 4 57
12 5 18
12 6 21
12 8 33
12 9 2
12 10 39
12 11 38
12 12 20
12 14 44
12 18 56
12 19 54
12 20 41
12 21 29
12 22 34
12 23 11
12 24 58
12 26 10
12 27 7
12 28 19
12 29 23
12 30 3
12 31 1
12 32 55
12 33 31
12 36 28
12 37 14
12 38 25
12 40 36
12 41 40
12 43 17
12 44 35
12 46 8
12 48 50
12 51 5
12 52 0
12 53 43
12 54 48
12 55 53
12 56 59
12 58 42
12 59 9
13 1 53
13 3 43
13 4 50
13 5 30
13 6 22
13 8 5
13 10 59
13 11 54
13 12 3
13 13 48
13 14 12
13 16 9
13 17 40
13 21 44
13 23 33
13 24 21
13 25 51
13 26 52
13 28 25
13 29 20
13 31 56
13 35 46
13 36 57
13 37 34
13 38 29
13 39 26
13 40 42
13 41 35
13 42 47
13 43 49
13 44 13
13 45 17
13 46 2
13 47 7
13 49 18
13 50 19
13 51 11
13 52 32
13 53 15
13 55 16
13 56 58
13 57 28
13 58 4
13 59 37
14 1 26
14 2 29
14 3 57
14 5 52
14 6 24
14 7 7
14 8 40
14 9 49
14 10 54
14 14 42
14 16 58
14 17 33
14 18 38
14 20 0
14 21 53
14 22 19
14 24 44
14 26 34
14 31 35
14 33 47
14 35 23
14 36 55
14 37 37
14 38 6
14 40 21
14 41 56
14 42 25
14 43 4
14 45 15
14 47 41
14 49 5
14 54 59
14 55 45
14 58 36
14 59 11
15 0 1
15 2 39
15 4 35
15 5 17
15 9 47
15 12 40
15 13 53
15 14 14
15 15 21
15 16 37
15 17 25
15 18 0
15 19 9
15 20 4
15 21 27
15 23 10
15 24 12
15 25 8
15 26 46
15 27 41
15 28 16
15 31 49
15 33 20
15 34 45
15 35 13
15 36 58
15 37 6
15 38 50
15 40 54
15 41 23
15 44 56
15 45 42
15 46 22
15 47 19
15 48 59
15 51 15
15 52 26
15 54 44
15 55 30
15 57 7
15 58 11
15 59 38
16 1 27
16 2 35
16 3 45
16 4 43
16 5 28
16 6 17
16 7 34
16 8 31
16 9 12
16 10 21
16 11 46
16 12 33
16 13 56
16 18 49
16 19 16
16 25 13
16 26 14
16 28 54
16 31 42
16 32 24
16 33 18
16 35 7
16 38 10
16 39 22
16 40 26
16 41 44
16 43 47
16 45 23
16 47 40
16 48 9
16 50 29
16 51 32
16 54 53
16 55 8
16 56 48
16 57 0
16 59 36
17 0 52
17 2 32
17 3 20
17 4 38
17 5 4
17 8 0
17 9 26
17 10 19
17 11 29
17 12 36
17 13 22
17 14 24
17 17 12
17 18 15
17 19 33
17 20 57
17 22 6
17 24 45
17 26 50
17 27 27
17 28 8
17 29 1
17 30 30
17 31 40
17 32 31
17 34 3
17 36 44
17 37 39
17 39 10
17 40 11
17 41 7
17 42 2
17 45 58
17 50 59
17 51 13
17 52 21
17 53 54
17 54 17
17 56 47
17 58 43
18 0 18
18 1 20
18 3 49
18 6 12
18 9 59
18 10 37
18 12 34
18 13 57
18 14 6
18 16 25
18 17 54
18 18 33
18 21 3
18 24 32
18 25 4
18 26 21
18 27 35
18 28 23
18 29 46
18 30 14
18 31 31
18 32 10
18 33 53
18 34 0
18 35 9
18 36 15
18 37 43
18 39 56
18 41 29
18 43 45
18 44 8
18 45 47
18 47 38
18 48 44
18 49 27
18 51 1
18 52 42
18 53 40
18 54 26
18 55 28
18 56 7
18 57 5
18 59 2
19 2 43
19 3 36
19 5 15
19 6 27
19 7 18
19 8 42
19 9 57
19 10 23
19 11 22
19 12 9
19 16 54
19 17 45
19 18 14
19 19 25
19 20 53
19 23 28
19 24 34
19 25 20
19 27 24
19 28 17
19 29 7
19 30 56
19 31 19
19 32 21
19 34 48
19 36 49
19 37 1
19 38 3
19 39 40
19 40 52
19 41 6
19 42 58
19 43 31
19 45 33
19 50 55
19 51 51
19 52 59
19 54 50
19 55 47
19 56 29
19 57 46
19 59 0
20 7 10
20 9 56
20 14 19
20 16 38
20 18 9
20 20 42
20 21 13
20 22 51
20 23 1
20 25 22
20 26 26
20 27 36
20 28 5
20 30 21
20 31 43
20 32 48
20 33 7
20 34 25
20 35 18
20 36 32
20 39 29
20 40 12
20 41 17
20 42 28
20 43 6
20 44 39
20 45 54
20 46 27
20 47 44
20 49 35
20 50 45
20 51 59
20 52 33
20 53 47
20 55 3
20 57 31
20 59 23
21 0 22
21 2 8
21 4 17
21 5 3
21 6 47
21 7 48
21 8 14
21 9 52
21 10 11
21 11 55
21 12 56
21 13 6
21 16 7
21 18 59
21 19 41
21 22 57
21 23 4
21 24 31
21 25 18
21 27 46
21 28 0
21 31 58
21 33 2
21 34 15
21 35 25
21 36 38
21 37 13
21 41 33
21 42 44
21 43 19
21 44 51
21 46 30
21 47 20
21 48 45
21 49 42
21 50 9
21 51 27
21 52 40
21 57 32
21 59 28
22 0 29
22 1 12
22 3 42
22 7 59
22 10 3
22 11 34
22 12 32
22 13 26
22 14 40
22 16 17
22 17 35
22 18 21
22 19 37
22 20 47
22 22 53
22 23 23
22 25 28
22 26 11
22 27 55
22 28 49
22 31 6
22 33 4
22 34 44
22 35 31
22 36 56
22 37 20
22 38 9
22 40 0
22 41 13
22 42 10
22 44 30
22 45 48
22 46 24
22 47 36
22 48 41
22 49 51
22 51 33
22 53 27
22 56 25
22 59 39
23 0 0
23 1 6
23 2 20
23 3 9
23 4 23
23 7 50
23 9 45
23 11 33
23 12 13
23 13 7
23 14 58
23 15 39
23 16 2
23 19 36
23 20 38
23 21 48
23 22 46
23 23 29
23 24 47
23 25 42
23 26 3
23 27 44
23 29 22
23 31 28
23 32 15
23 33 5
23 34 26
23 35 1
23 39 21
23 40 49
23 42 34
23 43 24
23 46 59
23 48 55
23 51 56
23 53 16
23 54 14
23 58 51
23 59 8
24 4 14
24 5 23
24 8 18
24 9 46
24 10 28
24 11 43
24 13 49
24 14 27
24 15 7
24 16 35
24 18 24
24 19 45
24 20 32
24 22 20
24 23 16
24 26 40
24 27 13
24 28 58
24 29 36
24 33 41
24 34 11
24 35 34
24 37 26
24 38 59
24 39 6
24 40 44
24 41 0
24 42 55
24 43 15
24 45 2
24 46 31
24 48 48
24 49 9
24 50 4
24 51 8
24 52 17
24 54 37
24 55 29
24 57 10
24 58 19
25 0 47
25 1 7
25 2 52
25 3 35
25 4 4
25 6 44
25 7 54
25 8 49
25 10 38
25 11 53
25 12 24
25 13 10
25 14 29
25 15 13
25 16 19
25 17 18
25 19 26
25 20 22
25 21 6
25 22 27
25 23 3
25 24 48
25 25 30
25 27 31
25 28 56
25 29 41
25 30 16
25 33 36
25 34 46
25 35 14
25 37 50
25 39 33
25 41 42
25 42 21
25 43 9
25 44 28
25 45 11
25 46 23
25 47 1
25 48 15
25 49 2
25 50 40
25 51 39
25 52 58
25 53 17
25 54 43
25 55 51
25 56 57
25 58 37
26 0 59
26 2 25
26 3 23
26 4 37
26 5 34
26 8 27
26 9 6
26 13 55
26 14 57
26 16 53
26 17 22
26 19 47
26 20 12
26 22 33
26 23 38
26 25 39
26 27 32
26 28 48
26 30 43
26 31 36
26 32 49
26 33 40
26 34 2
26 35 24
26 36 41
26 37 8
26 38 45
26 39 51
26 40 20
26 43 16
26 44 21
26 46 7
26 47 0
26 49 15
26 50 11
26 51 18
26 53 3
26 54 10
26 56 19
26 57 4
26 58 17
26 59 14
27 0 58
27 1 25
27 2 59
27 3 37
27 5 9
27 6 48
27 7 17
27 9 14
27 10 20
27 11 18
27 12 10
27 14 26
27 15 16
27 16 23
27 17 13
27 19 57
27 20 15
27 21 42
27 22 22
27 23 49
27 25 0
27 27 54
27 28 7
27 29 51
27 30 45
27 32 43
27 33 12
27 34 30
27 35 6
27 36 4
27 37 3
27 39 2
27 41 24
27 42 5
27 45 56
27 46 28
27 47 8
27 50 41
27 51 50
27 52 53
27 53 33
27 54 46
27 55 1
27 57 52
27 59 29
28 0 37
28 1 21
28 3 44
28 4 55
28 6 45
28 7 3
28 8 43
28 11 16
28 13 50
28 14 17
28 15 57
28 16 10
28 17 20
28 18 30
28 19 29
28 20 33
28 21 35
28 23 31
28 25 23
28 26 47
28 28 22
28 30 25
28 32 12
28 33 38
28 34 5
28 35 27
28 36 13
28 37 41
28 38 1
28 40 19
28 42 4
28 43 59
28 44 26
28 45 24
28 47 2
28 49 0
28 51 58
28 52 52
28 53 46
28 54 56
28 55 34
28 56 40
28 58 9
29 0 39
29 1 36
29 2 11
29 4 56
29 6 33
29 7 52
29 8 26
29 9 50
29 10 29
29 11 19
29 12 54
29 14 21
29 15 53
29 17 23
29 20 58
29 21 40
29 24 3
29 25 49
29 26 8
29 28 6
29 30 51
29 31 4
29 32 45
29 34 17
29 35 30
29 36 2
29 37 10
29 38 48
29 39 46
29 40 59
29 41 32
29 42 41
29 43 7
29 44 14
29 46 1
29 49 20
29 50 42
29 51 57
29 52 28
29 55 44
29 56 16
29 57 13
29 58 31
29 59 43
30 1 17
30 2 19
30 6 3
30 7 26
30 9 27
30 10 48
30 12 8
30 13 38
30 15 14
30 16 51
30 17 0
30 18 47
30 19 56
30 20 20
30 22 21
30 24 43
30 25 9
30 27 53
30 30 7
30 31 37
30 32 52
30 33 13
30 34 39
30 35 44
30 36 30
30 37 49
30 38 24
30 39 36
30 43 42
30 45 59
30 46 29
30 48 46
30 49 34
30 50 58
30 54 5
30 55 40
30 56 10
30 58 35
30 59 45
31 3 29
31 4 19
31 5 21
31 6 39
31 9 18
31 10 30
31 12 4
31 13 25
31 15 15
31 16 48
31 17 58
31 18 57
31 20 14
31 22 28
31 23 34
31 24 8
31 25 46
31 27 22
31 28 9
31 30 27
31 31 5
31 32 53
31 33 0
31 34 1
31 35 56
31 36 20
31 39 37
31 40 7
31 41 51
31 42 16
31 43 11
31 44 12
31 46 54
31 49 17
31 50 13
31 51 36
31 52 6
31 54 3
31 55 38
31 57 45
31 59 52
32 0 55
32 1 52
32 2 40
32 3 0
32 4 33
32 5 25
32 7 24
32 8 58
32 9 41
32 10 1
32 11 36
32 12 29
32 13 47
32 14 51
32 15 4
32 18 45
32 20 26
32 22 44
32 23 54
32 26 15
32 27 43
32 28 39
32 29 14
32 31 12
32 32 19
32 33 9
32 34 20
32 35 22
32 36 10
32 38 16
32 39 57
32 41 28
32 42 53
32 43 27
32 44 42
32 45 8
32 48 2
32 50 37
32 52 34
32 53 50
32 54 21
32 56 46
32 57 38
32 58 3
32 59 7
33 1 30
33 2 31
33 3 52
33 4 51
33 5 10
33 7 37
33 8 23
33 10 22
33 14 3
33 15 35
33 16 44
33 18 53
33 19 28
33 23 19
33 24 1
33 25 25
33 28 59
33 29 6
33 30 0
33 31 17
33 32 57
33 33 8
33 35 45
33 36 16
33 38 54
33 39 11
33 40 27
33 42 29
33 44 7
33 45 20
33 46 41
33 47 32
33 48 36
33 49 49
33 50 47
33 52 12
33 53 9
33 54 13
33 56 4
33 57 43
34 0 56
34 2 54
34 3 6
34 4 22
34 6 25
34 7 20
34 8 39
34 10 46
34 11 57
34 12 26
34 13 12
34 14 5
34 15 45
34 17 47
34 18 36
34 19 38
34 20 8
34 21 30
34 25 11
34 26 41
34 27 21
34 28 33
34 29 3
34 30 19
34 31 18
34 32 13
34 33 23
34 34 7
34 35 43
34 36 27
34 37 16
34 38 49
34 40 48
34 44 29
34 45 9
34 46 17
34 47 37
34 48 53
34 49 31
34 50 50
34 51 40
34 52 15
34 53 32
34 54 4
34 56 34
34 59 55
35 0 34
35 1 2
35 2 24
35 3 14
35 4 36
35 5 44
35 7 29
35 8 10
35 9 43
35 10 26
35 12 17
35 13 37
35 14 28
35 15 47
35 16 6
35 18 32
35 19 7
35 20 27
35 22 8
35 23 40
35 24 9
35 28 57
35 29 21
35 30 11
35 31 33
35 32 18
35 35 55
35 38 22
35 39 1
35 40 4
35 41 25
35 42 49
35 43 51
35 44 15
35 45 0
35 46 58
35 47 56
35 48 13
35 49 48
35 51 31
35 52 35
35 53 53
35 54 30
35 56 42
35 59 12
36 0 30
36 2 18
36 6 9
36 7 27
36 8 6
36 9 35
36 10 24
36 11 51
36 15 59
36 16 43
36 17 4
36 18 7
36 21 47
36 22 10
36 23 26
36 24 55
36 25 58
36 26 38
36 27 40
36 28 12
36 30 13
36 31 29
36 33 15
36 35 28
36 37 56
36 38 42
36 39 39
36 40 57
36 41 22
36 42 45
36 44 3
36 45 53
36 46 0
36 47 14
36 48 23
36 49 1
36 52 36
36 53 20
36 54 25
36 57 41
36 59 49
37 1 11
37 3 40
37 4 12
37 5 50
37 6 26
37 7 51
37 8 38
37 9 15
37 10 6
37 11 2
37 14 52
37 15 34
37 16 0
37 18 28
37 20 31
37 21 7
37 22 30
37 23 59
37 24 16
37 25 19
37 26 18
37 28 45
37 29 55
37 30 41
37 31 23
37 33 29
37 34 9
37 36 43
37 37 32
37 39 20
37 40 8
37 41 58
37 42 22
37 43 57
37 44 46
37 45 35
37 46 25
37 47 5
37 51 54
37 52 10
37 53 36
37 54 27
37 55 4
37 56 44
37 57 56
37 58 49
37 59 13
38 0 44
38 1 43
38 2 36
38 3 50
38 4 39
38 6 41
38 7 58
38 8 13
38 13 27
38 14 47
38 15 30
38 16 20
38 18 46
38 19 51
38 20 37
38 22 54
38 24 40
38 25 53
38 27 16
38 28 1
38 29 19
38 30 49
38 31 15
38 32 25
38 33 26
38 34 29
38 36 9
38 37 38
38 38 17
38 39 23
38 40 33
38 41 5
38 42 35
38 43 14
38 44 6
38 45 12
38 46 45
38 47 59
38 49 7
38 50 52
38 51 28
38 52 55
38 54 0
38 55 42
38 56 8
38 57 22
38 58 34
38 59 24
39 0 14
39 1 1
39 2 55
39 3 3
39 5 59
39 6 40
39 7 31
39 8 25
39 9 4
39 10 45
39 12 23
39 13 18
39 15 28
39 16 13
39 17 42
39 19 49
39 23 50
39 24 35
39 26 54
39 27 8
39 30 17
39 32 44
39 33 46
39 34 58
39 35 53
39 36 52
39 37 33
39 38 27
39 39 5
39 41 2
39 42 26
39 43 38
39 44 19
39 45 7
39 48 47
39 49 16
39 50 51
39 51 6
39 52 56
39 54 11
39 55 12
39 56 39
39 57 36
39 58 57
39 59 48
40 0 31
40 1 45
40 2 26
40 4 6
40 5 29
40 6 14
40 9 28
40 10 44
40 11 27
40 14 18
40 15 50
40 16 8
40 17 39
40 19 21
40 20 5
40 21 36
40 23 53
40 25 33
40 27 57
40 28 47
40 29 17
40 30 42
40 31 2
40 32 23
40 33 16
40 35 48
40 36 34
40 37 52
40 38 30
40 39 43
40 41 41
40 42 7
40 43 58
40 44 20
40 45 46
40 46 49
40 47 4
40 48 3
40 49 38
40 50 54
40 51 22
40 52 24
40 54 9
40 57 40
40 58 15
41 0 27
41 1 10
41 2 9
41 4 16
41 6 32
41 7 49
41 9 30
41 10 55
41 12 21
41 13 40
41 14 36
41 15 44
41 17 3
41 18 48
41 19 20
41 20 35
41 21 59
41 22 11
41 24 2
41 25 34
41 26 29
41 28 28
41 29 38
41 30 8
41 34 41
41 35 57
41 36 53
41 38 4
41 39 12
41 40 23
41 41 46
41 43 13
41 44 37
41 45 19
41 46 5
41 47 54
41 48 52
41 49 43
41 50 15
41 51 47
41 52 39
41 55 22
41 57 24
41 58 25
41 59 26
42 0 49
42 1 19
42 2 0
42 4 13
42 5 37
42 6 34
42 7 28
42 9 54
42 12 5
42 14 38
42 15 11
42 16 40
42 17 2
42 18 16
42 21 9
42 22 31
42 23 45
42 24 33
42 25 7
42 26 6
42 27 25
42 28 43
42 30 29
42 31 53
42 32 46
42 34 36
42 37 18
42 38 23
42 39 48
42 40 17
42 43 52
42 44 10
42 45 21
42 47 22
42 48 12
42 49 59
42 50 30
42 51 14
42 53 26
42 55 55
42 58 27
42 59 20
43 0 32
43 1 40
43 2 3
43 5 51
43 6 31
43 8 20
43 9 9
43 10 5
43 11 7
43 12 25
43 14 37
43 15 48
43 16 33
43 17 29
43 19 59
43 24 56
43 25 57
43 26 53
43 27 45
43 28 21
43 29 50
43 30 36
43 31 26
43 32 1
43 33 49
43 34 27
43 35 17
43 36 35
43 37 15
43 38 41
43 40 2
43 43 18
43 44 22
43 45 14
43 47 13
43 48 16
43 49 46
43 50 24
43 51 4
43 52 38
43 53 0
43 54 52
43 55 6
43 57 42
43 58 28
44 1 0
44 4 59
44 7 5
44 8 3
44 10 36
44 12 51
44 14 35
44 16 31
44 19 19
44 20 43
44 23 27
44 24 4
44 25 10
44 26 42
44 28 44
44 31 45
44 33 25
44 34 21
44 35 29
44 38 56
44 42 50
44 43 2
44 45 22
44 46 34
44 47 30
44 49 13
44 50 16
44 51 53
44 53 55
44 55 15
44 57 37
44 58 32
44 59 41
45 3 53
45 4 26
45 5 16
45 6 13
45 7 36
45 8 32
45 9 8
45 10 9
45 11 39
45 12 55
45 13 21
45 14 30
45 15 29
45 16 41
45 18 3
45 21 58
45 22 2
45 23 56
45 24 23
45 25 37
45 26 48
45 27 49
45 28 20
45 29 0
45 30 6
45 34 40
45 35 4
45 36 18
45 37 24
45 38 44
45 39 47
45 41 57
45 42 27
45 43 50
45 44 54
45 45 10
45 46 35
45 47 33
45 48 25
45 49 12
45 51 19
45 52 43
45 55 46
45 57 1
45 58 52
46 0 46
46 1 14
46 2 50
46 3 48
46 5 35
46 7 9
46 8 34
46 10 2
46 11 47
46 13 52
46 15 3
46 16 16
46 18 4
46 20 21
46 21 25
46 22 13
46 23 7
46 24 24
46 25 36
46 26 49
46 28 37
46 30 40
46 34 59
46 35 58
46 36 11
46 37 0
46 38 15
46 41 39
46 43 12
46 45 28
46 46 57
46 47 45
46 49 22
46 50 5
46 51 23
46 52 31
46 53 29
46 54 51
46 57 18
46 58 30
46 59 1
47 0 33
47 1 51
47 2 15
47 8 45
47 13 59
47 16 26
47 18 43
47 20 3
47 22 38
47 24 5
47 25 14
47 26 2
47 27 4
47 28 53
47 29 40
47 31 22
47 32 32
47 33 37
47 35 54
47 36 47
47 37 30
47 38 36
47 39 17
47 40 34
47 42 48
47 43 0
47 44 24
47 45 44
47 48 58
47 51 35
47 52 27
47 53 21
47 54 41
47 55 50
47 57 49
47 59 56
48 0 17
48 1 55
48 2 44
48 3 56
48 4 10
48 6 51
48 7 8
48 9 33
48 12 12
48 13 41
48 15 22
48 17 1
48 18 54
48 20 7
48 21 49
48 22 9
48 23 48
48 24 38
48 25 45
48 26 36
48 28 26
48 30 50
48 31 30
48 32 40
48 34 35
48 35 3
48 37 31
48 38 37
48 39 13
48 40 24
48 41 47
48 43 43
48 44 53
48 45 27
48 46 20
48 47 29
48 48 32
48 49 23
48 50 21
48 51 0
48 53 59
48 54 39
48 55 58
48 56 52
48 57 19
48 58 16
48 59 4
49 0 21
49 1 22
49 2 56
49 3 32
49 4 52
49 5 7
49 8 59
49 9 48
49 10 58
49 11 42
49 14 16
49 16 46
49 17 27
49 19 4
49 21 20
49 25 50
49 26 25
49 27 28
49 28 41
49 30 24
49 31 3
49 32 37
49 34 13
49 38 57
49 39 38
49 40 47
49 41 14
49 42 18
49 43 44
49 45 34
49 46 40
49 47 35
49 49 55
49 51 10
49 56 31
49 57 12
49 58 23
49 59 53
50 0 12
50 1 37
50 2 30
50 3 10
50 5 45
50 7 4
50 9 24
50 10 40
50 11 58
50 12 7
50 13 43
50 14 32
50 16 14
50 17 51
50 18 2
50 19 53
50 20 25
50 21 8
50 23 5
50 25 38
50 26 55
50 27 18
50 30 31
50 31 0
50 32 22
50 33 56
50 34 42
50 36 33
50 38 52
50 39 41
50 40 16
50 41 48
50 42 57
50 43 39
50 44 44
50 45 36
50 47 28
50 48 6
50 51 9
50 53 34
50 56 17
50 57 50
50 58 29
50 59 27
51 0 25
51 1 41
51 2 17
51 3 7
51 4 27
51 5 24
51 6 20
51 7 40
51 8 28
51 9 10
51 11 45
51 12 58
51 14 56
51 16 47
51 17 15
51 18 1
51 21 23
51 23 13
51 25 26
51 26 12
51 27 11
51 30 52
51 31 8
51 32 35
51 34 53
51 35 33
51 36 36
51 37 9
51 38 21
51 39 4
51 43 29
51 44 55
51 45 49
51 46 37
51 47 39
51 48 22
51 49 54
51 50 43
51 51 30
51 52 50
51 53 18
51 54 32
51 55 57
51 57 34
51 58 6
52 2 6
52 3 13
52 4 31
52 5 38
52 6 7
52 7 22
52 10 43
52 11 21
52 13 4
52 15 2
52 16 1
52 17 9
52 18 58
52 19 12
52 20 10
52 23 14
52 25 17
52 27 34
52 28 46
52 29 26
52 31 51
52 32 11
52 33 59
52 34 24
52 35 47
52 36 42
52 37 36
52 38 18
52 40 37
52 41 30
52 42 32
52 43 20
52 44 0
52 45 41
52 46 53
52 47 15
52 48 33
52 49 3
52 50 57
52 53 23
52 54 19
52 56 27
52 58 8
53 0 48
53 1 4
53 2 21
53 4 24
53 5 36
53 6 19
53 7 46
53 9 16
53 11 41
53 12 44
53 13 30
53 15 32
53 16 22
53 17 55
53 18 23
53 19 35
53 21 45
53 22 59
53 23 42
53 25 31
53 26 5
53 27 56
53 29 34
53 31 9
53 33 1
53 34 52
53 36 26
53 37 47
53 38 20
53 39 28
53 40 39
53 41 49
53 42 40
53 43 10
53 44 43
53 45 3
53 46 38
53 47 27
53 48 0
53 51 29
53 52 57
53 54 7
53 55 33
53 57 8
54 0 26
54 1 9
54 3 19
54 4 1
54 5 46
54 6 15
54 10 27
54 11 6
54 12 0
54 13 42
54 15 52
54 16 39
54 17 37
54 18 40
54 19 5
54 21 31
54 23 47
54 26 56
54 28 3
54 29 48
54 30 2
54 31 11
54 32 50
54 33 51
54 34 55
54 35 20
54 37 29
54 38 58
54 39 24
54 40 10
54 41 43
54 42 54
54 43 35
54 45 57
54 49 30
54 50 44
54 51 38
54 52 22
54 53 41
54 54 36
54 55 17
54 56 49
54 57 33
54 58 59
54 59 21
55 0 15
55 1 16
55 4 53
55 5 6
55 6 50
55 7 38
55 8 55
55 10 41
55 11 5
55 12 18
55 13 35
55 14 33
55 16 36
55 17 48
55 20 39
55 21 56
55 22 29
55 23 58
55 24 17
55 25 43
55 26 27
55 29 9
55 32 4
55 34 31
55 36 51
55 37 21
55 38 13
55 39 59
55 41 45
55 43 26
55 44 57
55 46 3
55 47 46
55 48 8
55 49 11
55 50 7
55 51 2
55 52 20
55 53 12
55 55 0
55 58 24
55 59 44
56 0 4
56 1 47
56 2 5
56 4 46
56 5 54
56 6 57
56 8 16
56 9 37
56 11 26
56 13 1
56 14 23
56 15 0
56 16 42
56 17 8
56 18 55
56 19 58
56 21 19
56 22 50
56 23 6
56 24 27
56 26 20
56 31 38
56 32 41
56 33 21
56 34 14
56 35 36
56 36 39
56 37 40
56 42 9
56 43 33
56 45 43
56 47 52
56 50 34
56 51 3
56 52 25
56 53 22
56 54 15
56 55 13
56 56 56
56 57 35
56 59 59
57 2 13
57 5 27
57 6 5
57 9 51
57 10 25
57 12 35
57 13 24
57 14 1
57 15 43
57 17 17
57 18 11
57 19 46
57 21 34
57 24 0
57 25 32
57 27 3
57 28 42
57 29 2
57 31 21
57 32 28
57 33 39
57 34 10
57 36 14
57 38 47
57 39 30
57 42 37
57 43 56
57 45 38
57 46 16
57 47 12
57 49 29
57 50 49
57 51 45
57 52 19
57 53 6
57 54 20
57 55 48
57 57 53
58 1 18
58 2 1
58 3 25
58 4 15
58 5 41
58 7 11
58 8 51
58 9 42
58 11 20
58 12 38
58 14 48
58 16 49
58 18 22
58 19 27
58 21 2
58 22 26
58 24 36
58 25 54
58 26 7
58 27 47
58 29 32
58 30 34
58 31 13
58 35 8
58 36 29
58 37 45
58 38 43
58 40 5
58 41 21
58 42 6
58 43 53
58 44 58
58 45 40
58 47 9
58 48 4
58 49 57
58 50 0
58 51 46
58 52 3
58 53 19
58 55 39
58 56 37
58 57 44
58 58 10
59 0 19
59 3 21
59 8 22
59 9 38
59 10 4
59 12 53
59 13 28
59 14 49
59 20 48
59 21 50
59 25 2
59 26 51
59 30 39
59 33 11
59 36 17
59 37 58
59 38 35
59 39 27
59 41 3
59 42 8
59 44 18
59 45 30
59 46 6
59 48 40
59 49 37
59 50 26
59 52 9
59 53 44
59 55 56
59 57 59
