60
0 2 35
0 8 59
0 11 44
0 12 4
0 13 18
0 14 5
0 17 41
0 20 56
0 27 24
0 28 50
0 30 1
0 32 3
0 34 0
0 36 38
0 37 46
0 38 12
0 42 32
0 45 17
0 51 42
0 52 51
0 53 47
0 55 21
0 57 28
0 59 31
1 0 3
1 1 38
1 6 54
1 15 42
1 17 39
1 18 27
1 21 9
1 24 11
1 28 52
1 32 14
1 42 57
1 47 29
1 48 32
1 52 12
2 0 47
2 1 15
2 2 8
2 6 37
2 8 51
2 10 4
2 16 34
2 25 44
2 26 12
2 31 49
2 33 16
2 35 10
2 36 53
2 39 29
2 44 46
2 45 20
2 47 26
2 51 6
2 52 19
2 58 1
3 8 55
3 9 53
3 11 50
3 12 41
3 14 11
3 16 23
3 19 6
3 20 16
3 21 38
3 22 48
3 27 32
3 28 54
3 37 36
3 38 0
3 39 4
3 40 52
3 41 58
3 42 43
3 43 30
3 45 10
3 46 26
3 47 8
3 54 40
3 55 34
3 56 29
3 57 47
3 58 22
4 0 35
4 1 17
4 7 33
4 8 15
4 12 53
4 13 7
4 15 23
4 16 16
4 19 36
4 20 52
4 21 21
4 23 1
4 24 3
4 29 34
4 33 27
4 34 8
4 35 31
4 36 44
4 38 56
4 42 2
4 43 59
4 44 24
4 45 39
4 50 40
4 52 9
4 53 20
4 54 32
4 57 22
4 58 28
5 0 50
5 9 15
5 11 38
5 13 29
5 15 0
5 16 57
5 17 4
5 20 5
5 21 1
5 22 13
5 23 52
5 25 33
5 26 26
5 28 49
5 29 44
5 32 10
5 38 43
5 42 20
5 43 3
5 46 9
5 49 48
5 50 37
5 51 54
5 58 51
6 1 34
6 2 53
6 5 26
6 11 42
6 12 24
6 14 25
6 16 13
6 19 32
6 20 17
6 25 41
6 28 6
6 36 39
6 38 44
6 39 20
6 43 21
6 49 50
6 50 11
6 52 27
6 56 57
6 57 48
6 58 37
7 1 29
7 3 42
7 6 44
7 8 3
7 10 20
7 15 51
7 16 48
7 23 47
7 24 13
7 26 43
7 27 15
7 29 17
7 32 35
7 37 5
7 40 58
7 45 36
7 47 7
7 54 30
7 55 54
7 56 0
7 58 14
8 2 59
8 5 29
8 7 39
8 10 0
8 11 22
8 13 57
8 18 15
8 19 41
8 23 17
8 25 34
8 27 30
8 28 36
8 34 23
8 35 27
8 37 3
8 38 55
8 39 44
8 42 6
8 43 52
8 48 16
8 49 8
8 57 43
9 0 13
9 4 30
9 8 7
9 12 0
9 15 8
9 19 42
9 22 23
9 26 50
9 29 15
9 36 34
9 37 32
9 38 27
9 39 17
9 41 54
9 43 11
9 46 21
9 48 6
9 54 53
9 56 58
9 59 19
10 0 2
10 9 33
10 16 6
10 17 31
10 18 1
10 19 22
10 21 56
10 23 11
10 24 12
10 25 54
10 27 41
10 28 26
10 31 50
10 33 14
10 36 3
10 41 4
10 48 44
10 52 46
10 57 51
10 59 38
11 1 6
11 2 49
11 4 10
11 8 22
11 9 47
11 11 27
11 13 4
11 14 0
11 15 16
11 16 51
11 17 15
11 19 58
11 21 52
11 22 18
11 27 55
11 29 29
11 31 14
11 34 34
11 37 8
11 39 37
11 45 12
11 47 40
11 49 32
11 50 36
11 51 2
11 56 1
11 57 57
11 59 59
12 1 42
12 7 54
12 8 8
12 11 20
12 12 43
12 19 57
12 20 34
12 21 16
12 22 4
12 26 59
12 31 3
12 32 1
12 36 30
12 39 50
12 45 0
12 50 26
12 51 11
12 56 48
13 2 55
13 5 28
13 12 25
13 13 22
13 15 58
13 17 10
13 18 47
13 21 12
13 23 27
13 24 52
13 25 38
13 27 18
13 29 7
13 30 35
13 32 50
13 34 20
13 40 8
13 41 56
13 42 5
13 44 19
13 45 51
13 50 2
13 52 4
13 53 42
13 54 17
13 58 0
14 0 26
14 1 48
14 3 45
14 4 32
14 7 27
14 8 50
14 11 43
14 15 11
14 18 40
14 20 13
14 23 30
14 26 17
14 27 4
14 28 34
14 30 55
14 32 5
14 33 6
14 36 52
14 37 49
14 42 21
14 43 37
14 45 38
14 49 47
14 51 25
14 53 35
14 57 9
15 1 21
15 2 31
15 7 52
15 11 10
15 15 53
15 17 57
15 18 45
15 20 43
15 21 59
15 22 28
15 23 22
15 26 44
15 27 56
15 31 30
15 35 54
15 38 16
15 39 25
15 40 32
15 42 11
15 47 55
15 52 39
15 55 42
15 57 12
15 58 38
15 59 37
16 2 36
16 3 8
16 5 15
16 8 2
16 9 10
16 10 27
16 11 9
16 15 30
16 16 37
16 17 21
16 19 48
16 23 18
16 25 26
16 26 19
16 27 35
16 30 0
16 35 55
16 38 3
16 39 53
16 51 7
16 54 31
16 59 6
17 0 23
17 5 50
17 12 18
17 13 49
17 16 29
17 17 37
17 18 53
17 21 51
17 22 59
17 24 16
17 31 24
17 32 52
17 33 58
17 34 56
17 36 1
17 39 33
17 40 11
17 41 39
17 42 4
17 44 30
17 45 6
17 47 35
17 53 14
17 56 25
17 58 31
18 5 1
18 10 23
18 11 33
18 12 55
18 13 44
18 18 38
18 22 2
18 24 19
18 25 30
18 26 6
18 27 9
18 28 56
18 29 0
18 30 59
18 37 21
18 38 48
18 41 22
18 43 53
18 47 18
18 50 14
18 54 36
18 57 3
19 1 51
19 2 37
19 6 25
19 7 58
19 8 27
19 9 2
19 14 15
19 18 44
19 20 39
19 24 46
19 26 20
19 31 45
19 33 29
19 34 19
19 43 13
19 45 49
19 46 31
19 49 53
19 53 22
19 54 48
19 56 34
19 59 3
20 0 10
20 1 35
20 4 14
20 6 50
20 7 8
20 8 33
20 11 55
20 19 59
20 23 15
20 24 48
20 25 32
20 27 52
20 30 41
20 32 36
20 33 30
20 39 1
20 40 34
20 41 29
20 44 37
20 45 43
20 47 19
20 51 3
20 53 24
20 54 11
20 57 38
20 59 53
21 3 5
21 4 12
21 5 41
21 7 7
21 8 23
21 13 28
21 17 2
21 18 30
21 21 10
21 26 33
21 34 3
21 40 25
21 42 47
21 44 4
21 47 43
21 48 39
21 52 44
21 54 27
21 55 36
22 0 31
22 1 33
22 3 10
22 4 43
22 9 27
22 10 54
22 13 26
22 15 55
22 18 52
22 19 38
22 20 18
22 24 53
22 29 3
22 30 47
22 33 37
22 35 4
22 38 51
22 40 15
22 45 16
22 46 23
22 52 7
22 55 11
22 56 46
23 1 46
23 10 28
23 13 33
23 15 9
23 20 49
23 21 14
23 22 3
23 24 0
23 25 53
23 27 50
23 29 1
23 30 42
23 31 32
23 32 51
23 38 11
23 39 43
23 44 7
23 47 30
23 49 19
23 50 18
23 51 44
23 54 8
23 58 47
24 2 47
24 7 26
24 12 5
24 15 31
24 17 6
24 20 0
24 21 20
24 25 46
24 29 45
24 31 55
24 32 7
24 34 15
24 41 51
24 43 12
24 46 37
24 47 17
24 48 24
24 51 14
24 53 16
24 54 19
24 56 42
24 57 40
24 59 1
25 5 5
25 12 33
25 16 15
25 17 27
25 18 57
25 22 36
25 25 39
25 30 46
25 31 43
25 36 0
25 39 59
25 44 29
25 46 51
25 49 49
25 50 44
25 57 35
25 58 26
26 0 32
26 2 2
26 4 9
26 6 40
26 8 47
26 12 36
26 14 24
26 15 38
26 18 50
26 23 33
26 29 13
26 32 48
26 35 11
26 36 51
26 44 26
26 45 22
26 46 34
26 49 31
26 51 52
26 52 20
26 54 29
26 59 58
27 2 9
27 4 3
27 6 16
27 7 4
27 8 39
27 9 55
27 11 23
27 12 35
27 13 51
27 15 56
27 17 12
27 22 57
27 27 33
27 34 48
27 35 5
27 36 45
27 39 2
27 40 49
27 42 25
27 43 17
27 45 7
27 46 47
27 47 22
27 48 13
27 50 20
27 52 8
27 54 21
27 56 26
27 58 29
28 0 16
28 1 59
28 6 52
28 7 48
28 10 1
28 11 24
28 12 57
28 13 2
28 14 31
28 15 45
28 16 55
28 17 51
28 18 49
28 19 13
28 24 50
28 25 47
28 26 15
28 27 36
28 28 46
28 30 18
28 34 29
28 37 12
28 38 25
28 41 42
28 43 44
28 45 37
28 46 4
28 47 6
28 48 27
28 49 28
28 50 34
28 52 10
28 54 3
28 55 35
28 56 53
28 58 11
29 0 57
29 1 20
29 3 32
29 4 40
29 5 52
29 6 12
29 9 23
29 21 35
29 25 51
29 26 36
29 36 37
29 39 8
29 40 55
29 42 42
29 46 19
29 49 46
29 50 16
29 54 0
29 56 3
29 59 44
30 2 27
30 3 11
30 4 24
30 7 29
30 8 21
30 10 30
30 11 52
30 13 12
30 14 50
30 15 54
30 16 20
30 17 53
30 18 32
30 30 44
30 32 56
30 33 57
30 35 14
30 38 19
30 39 48
30 40 13
30 43 43
30 47 34
30 50 8
30 56 47
30 58 33
31 1 55
31 5 0
31 6 22
31 13 38
31 14 49
31 20 48
31 22 53
31 23 21
31 26 37
31 27 28
31 32 39
31 38 35
31 39 46
31 41 50
31 42 56
31 44 10
31 46 18
31 48 45
31 52 54
31 53 52
31 54 47
31 55 8
31 57 58
31 59 11
32 3 27
32 4 26
32 7 44
32 8 4
32 11 17
32 12 54
32 13 16
32 15 57
32 28 2
32 29 50
32 32 46
32 38 18
32 39 42
32 40 51
32 43 36
32 44 25
32 48 37
32 50 33
32 54 10
32 58 49
33 1 18
33 3 19
33 5 16
33 9 50
33 12 27
33 22 52
33 26 40
33 28 59
33 32 41
33 33 3
33 35 34
33 36 43
33 38 17
33 39 22
33 42 29
33 50 53
33 52 5
33 54 56
33 56 49
33 58 8
34 5 35
34 6 5
34 10 55
34 12 52
34 14 4
34 22 25
34 23 13
34 25 12
34 26 30
34 29 27
34 32 15
34 35 20
34 37 56
34 43 29
34 44 45
34 45 53
34 48 58
34 51 36
34 53 11
34 54 43
34 55 39
34 59 14
35 1 30
35 6 10
35 7 56
35 9 16
35 10 3
35 11 26
35 15 46
35 17 25
35 21 55
35 22 47
35 23 40
35 25 31
35 27 23
35 28 41
35 32 11
35 34 1
35 37 2
35 40 18
35 43 24
35 48 51
35 49 20
35 50 42
35 58 59
36 0 4
36 1 41
36 3 34
36 6 11
36 7 3
36 10 9
36 11 16
36 12 39
36 13 59
36 16 47
36 18 42
36 19 51
36 20 22
36 21 37
36 26 5
36 28 32
36 40 28
36 43 8
36 48 57
36 50 30
36 51 12
36 55 53
36 56 21
36 57 2
36 59 36
37 0 53
37 2 39
37 5 45
37 7 55
37 10 48
37 12 23
37 13 41
37 15 15
37 16 18
37 19 5
37 21 34
37 25 3
37 26 29
37 32 26
37 35 32
37 46 16
37 49 7
37 51 21
37 52 50
37 55 20
37 57 36
37 58 9
37 59 57
38 0 59
38 3 3
38 4 36
38 7 40
38 8 5
38 9 12
38 10 15
38 12 50
38 15 37
38 16 53
38 18 14
38 19 1
38 21 47
38 23 43
38 26 32
38 27 26
38 29 30
38 32 21
38 33 44
38 36 13
38 43 9
38 45 35
38 46 41
38 50 24
38 53 45
38 58 25
38 59 8
39 1 32
39 2 51
39 6 43
39 7 18
39 8 6
39 15 34
39 17 16
39 20 54
39 24 4
39 28 7
39 31 28
39 33 52
39 34 10
39 35 23
39 37 0
39 38 45
39 40 29
39 41 47
39 43 58
39 44 35
39 46 44
39 47 37
39 48 46
39 52 53
39 54 50
39 55 17
39 57 33
40 1 28
40 4 57
40 12 16
40 14 36
40 15 4
40 19 27
40 22 40
40 26 2
40 27 21
40 28 23
40 32 8
40 33 31
40 38 22
40 39 51
40 40 38
40 48 56
40 49 18
40 50 55
40 52 37
40 56 12
40 59 34
41 0 18
41 3 14
41 5 23
41 9 8
41 12 29
41 14 43
41 15 1
41 17 40
41 19 9
41 20 58
41 23 4
41 30 17
41 31 44
41 33 51
41 35 59
41 37 53
41 49 25
41 51 20
41 52 22
41 58 21
42 2 44
42 3 56
42 4 25
42 6 38
42 9 48
42 10 37
42 15 47
42 19 20
42 22 29
42 23 6
42 26 39
42 27 0
42 30 5
42 32 43
42 33 59
42 36 16
42 37 13
42 38 10
42 39 36
42 40 53
42 41 34
42 43 54
42 46 58
42 49 35
42 51 50
42 52 57
42 54 41
42 55 55
42 57 14
42 58 17
43 0 43
43 1 12
43 2 0
43 7 6
43 9 35
43 10 40
43 11 59
43 13 10
43 15 50
43 17 54
43 21 18
43 23 5
43 24 8
43 25 7
43 26 57
43 27 47
43 28 15
43 30 16
43 31 46
43 33 20
43 36 11
43 37 34
43 38 13
43 39 3
43 40 44
43 41 33
43 42 1
43 43 32
43 45 30
43 55 27
43 58 36
44 1 37
44 2 43
44 5 49
44 9 54
44 10 32
44 11 34
44 14 52
44 16 42
44 19 25
44 21 31
44 23 45
44 25 35
44 27 57
44 31 19
44 39 16
44 40 12
44 41 1
44 43 48
44 47 46
44 48 38
44 50 47
44 51 9
44 52 56
44 57 5
44 58 20
45 0 38
45 2 11
45 3 48
45 4 47
45 5 36
45 6 21
45 9 6
45 10 52
45 11 12
45 13 14
45 14 42
45 15 43
45 16 49
45 17 13
45 18 33
45 19 15
45 20 20
45 32 34
45 33 32
45 35 24
45 39 35
45 44 51
45 45 8
45 48 26
45 49 54
45 50 7
45 51 16
45 55 0
45 59 56
46 1 52
46 2 10
46 4 46
46 7 42
46 10 21
46 12 30
46 14 23
46 15 14
46 16 45
46 19 4
46 21 44
46 23 28
46 25 27
46 28 37
46 30 39
46 32 19
46 39 5
46 40 20
46 41 48
46 44 38
46 45 33
46 46 56
46 48 54
46 49 15
46 52 41
46 57 24
47 0 39
47 2 33
47 3 37
47 5 34
47 6 15
47 9 51
47 11 25
47 12 58
47 14 12
47 17 19
47 19 52
47 22 1
47 23 8
47 24 17
47 25 57
47 27 27
47 29 42
47 31 38
47 33 45
47 38 14
47 39 49
47 41 5
47 42 23
47 45 55
47 46 53
47 48 41
47 49 16
47 50 10
47 51 18
47 52 0
47 54 46
47 56 24
47 58 30
48 0 45
48 2 20
48 3 1
48 4 37
48 5 13
48 6 33
48 7 57
48 9 5
48 14 55
48 17 11
48 19 44
48 20 25
48 21 58
48 26 18
48 30 22
48 33 39
48 34 53
48 36 15
48 38 46
48 39 52
48 40 48
48 41 32
48 45 26
48 49 59
48 50 3
48 51 56
48 57 27
48 58 23
48 59 54
49 2 3
49 4 56
49 8 0
49 10 6
49 16 1
49 18 10
49 21 11
49 22 50
49 23 39
49 31 34
49 32 25
49 37 24
49 38 38
49 39 41
49 40 4
49 42 52
49 43 40
49 47 28
49 48 2
49 49 44
49 50 23
49 53 5
49 55 18
49 56 27
49 59 33
50 0 42
50 2 15
50 3 17
50 6 51
50 10 57
50 11 8
50 15 6
50 16 12
50 18 28
50 19 10
50 21 36
50 23 44
50 26 53
50 27 38
50 33 34
50 35 25
50 38 39
50 39 30
50 43 16
50 46 22
50 51 40
50 55 41
50 57 7
51 0 58
51 5 3
51 6 20
51 12 31
51 14 37
51 15 35
51 16 19
51 17 34
51 18 21
51 19 12
51 21 33
51 23 46
51 24 18
51 27 14
51 28 38
51 32 6
51 35 1
51 36 25
51 42 55
51 49 26
51 57 13
52 0 6
52 1 56
52 6 1
52 9 34
52 10 12
52 11 39
52 14 20
52 15 32
52 17 28
52 20 8
52 21 53
52 25 10
52 26 0
52 27 29
52 28 9
52 31 23
52 38 54
52 41 40
52 42 3
52 47 52
52 48 59
52 49 55
52 52 11
52 53 30
52 54 4
52 56 51
52 57 19
52 58 24
52 59 43
53 4 19
53 5 27
53 6 46
53 10 18
53 11 58
53 12 22
53 13 42
53 14 26
53 15 44
53 16 5
53 18 12
53 21 48
53 24 6
53 25 29
53 27 3
53 31 21
53 34 47
53 38 15
53 39 32
53 40 41
53 43 38
53 44 28
53 45 11
53 47 56
53 49 39
53 54 51
53 55 43
53 56 33
53 57 50
53 58 16
53 59 0
54 5 53
54 7 32
54 8 43
54 9 59
54 11 2
54 13 5
54 18 25
54 22 46
54 23 57
54 24 37
54 25 4
54 30 27
54 34 39
54 37 55
54 41 14
54 42 36
54 45 23
54 48 40
54 51 31
54 52 21
54 55 52
54 58 56
54 59 30
55 0 55
55 2 6
55 3 26
55 5 12
55 6 3
55 18 19
55 20 33
55 21 17
55 22 49
55 24 14
55 25 0
55 26 24
55 27 37
55 28 57
55 30 23
55 31 41
55 32 59
55 33 56
55 38 20
55 41 43
55 45 28
55 51 13
55 53 8
55 56 5
55 58 53
55 59 16
56 0 8
56 2 30
56 4 35
56 11 29
56 17 3
56 23 42
56 27 12
56 28 20
56 30 52
56 32 33
56 33 54
56 37 48
56 38 2
56 41 45
56 43 51
56 44 47
56 50 0
56 56 11
57 0 52
57 6 49
57 7 5
57 10 47
57 11 36
57 13 0
57 15 28
57 18 3
57 19 40
57 21 43
57 25 13
57 26 34
57 32 37
57 37 7
57 44 55
57 45 44
57 48 29
57 49 9
57 54 18
57 55 19
57 57 20
57 58 12
58 7 15
58 9 26
58 10 51
58 13 32
58 17 30
58 19 37
58 24 41
58 25 40
58 26 16
58 27 53
58 29 14
58 31 9
58 35 17
58 36 2
58 38 47
58 40 6
58 41 25
58 43 0
58 44 1
58 45 27
58 47 38
58 53 18
59 0 46
59 6 2
59 8 49
59 11 54
59 12 8
59 13 19
59 18 4
59 22 35
59 24 55
59 26 42
59 27 39
59 28 43
59 30 37
59 31 13
59 32 53
59 33 38
59 35 7
59 39 10
59 41 30
59 42 51
59 43 23
59 45 5
59 49 3
59 51 1
59 55 33
59 56 6
