60
0 0 51
0 1 17
0 3 1
0 5 37
0 6 23
0 7 52
0 9 41
0 10 44
0 12 47
0 13 54
0 15 15
0 16 35
0 17 36
0 21 6
0 22 55
0 23 42
0 24 9
0 25 25
0 26 14
0 28 46
0 29 26
0 30 0
0 32 8
0 36 12
0 37 13
0 38 33
0 39 21
0 40 10
0 41 19
0 43 4
0 45 31
0 46 2
0 47 30
0 48 18
0 52 3
0 53 56
0 54 24
0 55 48
0 56 5
0 57 20
1 0 34
1 1 32
1 2 9
1 3 55
1 4 52
1 8 40
1 9 8
1 12 42
1 13 58
1 14 36
1 16 44
1 17 33
1 20 27
1 21 5
1 22 39
1 24 21
1 25 30
1 26 19
1 28 14
1 29 24
1 31 49
1 34 2
1 36 46
1 37 10
1 38 43
1 39 53
1 41 1
1 42 26
1 47 31
1 49 45
1 50 6
1 51 59
1 54 37
1 55 54
1 58 12
1 59 51
2 2 14
2 3 37
2 4 44
2 5 22
2 7 46
2 8 39
2 9 3
2 10 29
2 12 35
2 13 10
2 14 49
2 17 50
2 18 56
2 19 36
2 21 4
2 26 6
2 27 34
2 29 43
2 31 15
2 32 58
2 33 55
2 34 1
2 35 24
2 40 16
2 41 48
2 42 27
2 43 57
2 44 12
2 45 52
2 46 38
2 50 26
2 51 11
2 53 5
2 55 31
2 56 9
2 58 45
3 3 58
3 5 51
3 6 33
3 7 11
3 10 13
3 11 53
3 13 19
3 14 4
3 15 44
3 16 43
3 18 54
3 19 35
3 20 10
3 23 9
3 25 14
3 26 38
3 28 30
3 29 21
3 31 1
3 32 16
3 33 6
3 34 45
3 35 12
3 37 2
3 39 7
3 41 37
3 45 25
3 46 48
3 48 55
3 53 0
3 55 18
3 56 31
3 57 52
3 58 50
3 59 46
4 1 1
4 3 9
4 4 29
4 5 39
4 6 21
4 7 16
4 8 25
4 12 10
4 13 18
4 14 7
4 15 34
4 16 26
4 17 53
4 18 5
4 19 14
4 20 43
4 21 52
4 22 15
4 23 57
4 25 8
4 26 2
4 27 38
4 29 41
4 31 42
4 32 45
4 33 54
4 36 6
4 37 19
4 38 55
4 43 59
4 44 3
4 48 37
4 51 0
4 53 36
4 56 20
4 59 33
5 2 13
5 5 43
5 7 34
5 9 35
5 11 12
5 12 27
5 13 14
5 14 53
5 16 23
5 17 54
5 19 51
5 20 58
5 21 45
5 22 52
5 23 36
5 25 44
5 27 49
5 29 10
5 31 17
5 32 41
5 33 46
5 34 15
5 35 6
5 36 50
5 40 37
5 42 48
5 43 19
5 44 32
5 48 28
5 49 47
5 50 39
5 52 1
5 53 11
5 54 7
5 55 33
5 56 29
5 59 38
6 0 6
6 1 24
6 3 25
6 10 23
6 12 39
6 13 37
6 16 27
6 17 40
6 18 4
6 20 49
6 21 36
6 22 0
6 25 35
6 27 57
6 29 44
6 31 11
6 32 29
6 33 38
6 34 22
6 35 14
6 37 31
6 38 13
6 39 42
6 40 34
6 41 50
6 44 7
6 45 41
6 46 32
6 47 45
6 48 30
6 50 52
6 52 21
6 53 17
6 55 16
6 56 2
6 58 18
6 59 9
7 0 43
7 1 47
7 2 10
7 3 15
7 5 48
7 7 18
7 11 58
7 14 28
7 19 0
7 21 29
7 24 50
7 25 23
7 26 55
7 27 54
7 28 51
7 31 21
7 32 53
7 33 16
7 34 20
7 36 11
7 37 37
7 38 9
7 39 38
7 40 24
7 42 33
7 43 44
7 46 46
7 48 39
7 49 2
7 51 52
7 52 32
7 53 35
7 56 56
7 58 41
8 0 30
8 1 52
8 3 39
8 6 2
8 7 50
8 8 9
8 10 33
8 12 20
8 13 42
8 16 14
8 18 3
8 20 12
8 21 54
8 24 16
8 25 1
8 26 8
8 28 13
8 29 49
8 31 35
8 32 4
8 33 21
8 34 47
8 38 48
8 39 43
8 40 46
8 41 5
8 42 17
8 45 0
8 48 32
8 49 55
8 50 44
8 51 38
8 54 57
8 59 25
9 0 16
9 1 21
9 2 44
9 3 38
9 5 57
9 6 43
9 7 5
9 8 6
9 10 8
9 15 51
9 17 10
9 18 29
9 19 37
9 20 34
9 21 2
9 28 42
9 32 32
9 33 0
9 34 13
9 36 4
9 40 1
9 41 35
9 43 11
9 44 9
9 47 41
9 48 50
9 51 54
9 53 18
9 54 27
9 56 53
9 59 48
10 0 45
10 5 1
10 6 13
10 7 17
10 9 20
10 10 28
10 11 6
10 12 25
10 13 55
10 16 51
10 18 30
10 20 8
10 21 34
10 22 57
10 23 27
10 24 43
10 27 7
10 29 47
10 32 36
10 36 19
10 37 46
10 38 31
10 43 15
10 45 33
10 46 12
10 47 5
10 48 52
10 49 9
10 50 22
10 51 24
10 52 38
10 53 2
10 54 58
10 55 39
10 56 44
10 57 21
10 58 11
10 59 14
11 0 8
11 2 26
11 3 10
11 5 50
11 6 3
11 7 55
11 9 22
11 10 16
11 12 36
11 15 0
11 16 48
11 18 38
11 19 7
11 20 47
11 21 46
11 22 40
11 24 59
11 25 53
11 26 30
11 27 15
11 28 32
11 30 42
11 32 44
11 34 49
11 36 34
11 37 52
11 38 23
11 40 20
11 42 18
11 48 12
11 49 35
11 54 45
11 55 57
11 57 33
12 0 58
12 1 45
12 2 52
12 3 24
12 4 21
12 7 31
12 11 46
12 15 53
12 17 47
12 19 49
12 21 15
12 22 30
12 23 44
12 25 3
12 26 4
12 29 2
12 30 20
12 31 36
12 33 50
12 36 10
12 38 25
12 39 17
12 40 22
12 41 0
12 43 38
12 46 26
12 47 54
12 49 14
12 50 41
12 51 1
12 52 39
12 54 13
13 0 1
13 2 0
13 3 35
13 4 31
13 6 55
13 7 41
13 9 54
13 11 21
13 12 15
13 14 25
13 15 38
13 16 45
13 17 12
13 18 23
13 20 2
13 22 42
13 24 22
13 25 49
13 26 53
13 27 13
13 29 7
13 30 43
13 31 8
13 32 20
13 34 10
13 37 3
13 40 6
13 41 24
13 42 28
13 43 18
13 44 52
13 45 58
13 48 59
13 52 57
13 53 16
13 54 56
13 56 32
13 57 27
13 59 36
14 1 31
14 3 44
14 4 24
14 6 49
14 9 47
14 10 45
14 11 20
14 15 46
14 16 55
14 19 1
14 21 17
14 23 28
14 24 4
14 25 9
14 29 3
14 30 29
14 31 34
14 32 38
14 33 15
14 35 39
14 36 48
14 37 50
14 38 59
14 39 10
14 40 12
14 42 32
14 43 8
14 45 13
14 46 58
14 47 33
14 48 23
14 49 6
14 50 0
14 51 41
14 52 16
14 53 42
14 54 11
14 55 53
14 57 36
14 59 57
15 2 12
15 4 27
15 6 30
15 9 29
15 11 15
15 12 19
15 14 46
15 15 32
15 16 7
15 18 50
15 19 11
15 20 20
15 22 6
15 24 18
15 25 21
15 26 22
15 30 4
15 32 48
15 33 28
15 35 53
15 36 51
15 40 31
15 41 45
15 44 56
15 47 36
15 48 2
15 49 39
15 51 49
15 52 9
15 54 3
15 57 1
15 58 5
16 0 11
16 1 20
16 3 46
16 4 4
16 6 32
16 7 33
16 8 23
16 10 52
16 13 57
16 16 28
16 18 9
16 20 50
16 21 24
16 22 10
16 29 6
16 30 3
16 31 47
16 32 43
16 33 2
16 34 21
16 35 34
16 36 53
16 38 51
16 39 26
16 40 38
16 41 41
16 43 40
16 44 16
16 45 22
16 46 18
16 48 48
16 49 19
16 52 36
16 54 25
16 56 45
16 57 55
16 59 37
17 1 4
17 5 19
17 6 22
17 7 56
17 10 41
17 11 47
17 12 12
17 14 23
17 15 21
17 18 24
17 24 14
17 25 40
17 26 15
17 27 28
17 28 11
17 30 51
17 32 7
17 40 43
17 42 42
17 43 13
17 51 33
17 52 34
17 53 52
17 56 26
17 58 49
18 2 43
18 5 0
18 6 20
18 8 46
18 9 33
18 11 19
18 12 16
18 16 32
18 17 3
18 18 57
18 19 9
18 20 48
18 21 23
18 22 59
18 23 7
18 24 44
18 26 41
18 27 29
18 30 21
18 31 45
18 33 14
18 34 24
18 35 58
18 36 28
18 38 4
18 39 52
18 40 5
18 43 34
18 44 38
18 45 50
18 46 31
18 48 27
18 49 51
18 50 25
18 51 37
18 52 22
18 53 15
18 54 17
18 55 1
18 58 56
18 59 49
19 0 37
19 1 42
19 2 17
19 6 54
19 10 59
19 11 34
19 12 14
19 13 46
19 14 47
19 15 9
19 17 41
19 18 44
19 19 15
19 20 26
19 21 3
19 22 43
19 23 13
19 24 29
19 26 20
19 27 11
19 28 2
19 29 58
19 31 38
19 32 5
19 33 35
19 36 40
19 37 57
19 38 7
19 40 23
19 41 52
19 44 48
19 46 56
19 47 32
19 48 51
19 49 10
19 50 18
19 53 39
19 54 31
19 57 53
19 59 22
20 0 36
20 1 30
20 2 38
20 4 9
20 5 35
20 7 8
20 8 15
20 10 27
20 15 18
20 16 37
20 18 40
20 19 43
20 20 51
20 22 31
20 23 17
20 24 54
20 25 7
20 28 19
20 33 32
20 34 16
20 36 57
20 37 11
20 40 58
20 41 47
20 43 56
20 45 28
20 46 55
20 49 29
20 50 34
20 51 48
20 52 20
20 53 26
20 56 3
20 57 46
20 58 0
21 0 40
21 1 2
21 3 56
21 5 36
21 7 28
21 10 46
21 12 44
21 13 1
21 14 3
21 15 27
21 17 11
21 18 16
21 19 47
21 21 39
21 22 20
21 25 17
21 26 21
21 27 12
21 31 33
21 32 31
21 33 5
21 34 58
21 35 41
21 40 35
21 41 15
21 42 10
21 47 19
21 48 7
21 50 59
21 53 49
21 54 30
21 55 13
21 56 6
21 57 34
21 59 29
22 0 28
22 1 58
22 2 59
22 3 53
22 5 45
22 7 0
22 8 2
22 10 14
22 12 43
22 13 22
22 15 1
22 18 34
22 19 23
22 20 35
22 21 32
22 23 16
22 24 15
22 26 51
22 27 44
22 28 3
22 34 29
22 37 40
22 38 37
22 40 17
22 41 31
22 42 7
22 43 49
22 44 54
22 46 5
22 48 26
22 49 33
22 50 56
22 51 21
22 53 10
22 54 52
22 57 48
23 0 21
23 1 23
23 3 40
23 4 36
23 5 32
23 6 31
23 8 7
23 12 55
23 13 26
23 14 29
23 15 59
23 16 1
23 17 0
23 21 41
23 22 8
23 24 34
23 26 28
23 29 45
23 31 10
23 36 15
23 37 17
23 39 47
23 41 3
23 42 51
23 44 58
23 45 44
23 47 12
23 48 9
23 50 53
23 51 57
23 54 39
23 55 25
23 57 14
23 59 4
24 1 25
24 2 2
24 4 55
24 6 46
24 7 48
24 8 13
24 9 40
24 11 22
24 12 59
24 15 16
24 16 53
24 17 51
24 18 8
24 19 50
24 21 26
24 22 5
24 23 37
24 24 49
24 25 29
24 28 7
24 30 27
24 32 35
24 33 10
24 36 0
24 37 34
24 38 24
24 41 32
24 42 58
24 43 28
24 45 11
24 46 52
24 47 21
24 48 31
24 49 4
24 50 1
24 52 12
24 54 9
24 57 15
24 58 39
25 1 10
25 5 49
25 6 6
25 8 55
25 9 21
25 12 57
25 14 31
25 16 17
25 17 46
25 18 37
25 19 45
25 21 16
25 23 2
25 24 32
25 25 20
25 31 9
25 32 22
25 33 12
25 34 8
25 37 30
25 38 56
25 40 26
25 43 43
25 44 44
25 45 48
25 46 42
25 49 11
25 51 18
25 52 47
25 53 28
25 56 19
25 57 3
25 58 58
26 0 5
26 1 22
26 2 31
26 4 20
26 6 58
26 7 1
26 8 42
26 9 7
26 10 53
26 13 48
26 16 2
26 18 10
26 23 15
26 26 57
26 28 21
26 29 28
26 31 37
26 34 52
26 35 33
26 37 4
26 39 41
26 42 38
26 43 47
26 47 16
26 48 29
26 50 14
26 51 17
26 52 30
26 53 54
26 54 32
26 55 59
26 56 34
26 57 50
27 0 46
27 1 14
27 4 42
27 5 17
27 6 28
27 8 8
27 9 52
27 13 59
27 15 22
27 16 18
27 18 55
27 19 39
27 20 11
27 21 49
27 22 21
27 25 41
27 26 32
27 27 35
27 30 31
27 31 44
27 32 12
27 33 51
27 34 38
27 39 23
27 41 29
27 42 5
27 43 53
27 44 4
27 46 34
27 47 6
27 49 25
27 50 45
27 51 36
27 58 3
28 2 32
28 3 29
28 4 2
28 7 12
28 10 56
28 12 50
28 13 43
28 15 14
28 17 38
28 18 20
28 21 55
28 22 28
28 23 46
28 24 3
28 25 31
28 26 52
28 27 37
28 28 36
28 29 35
28 31 25
28 33 48
28 35 26
28 36 9
28 37 18
28 38 6
28 39 15
28 40 57
28 41 59
28 42 16
28 43 42
28 44 49
28 47 7
28 48 17
28 49 22
28 51 5
28 56 27
28 59 58
29 0 4
29 1 9
29 3 43
29 4 51
29 6 44
29 7 54
29 8 56
29 9 30
29 11 26
29 12 49
29 13 25
29 14 57
29 15 37
29 20 55
29 22 14
29 27 16
29 28 39
29 29 33
29 31 23
29 32 46
29 33 13
29 36 3
29 38 18
29 41 53
29 43 50
29 44 29
29 45 32
29 47 38
29 48 8
29 49 52
29 50 35
29 52 48
29 54 40
29 56 42
29 58 21
29 59 31
30 3 52
30 4 33
30 5 31
30 6 8
30 7 27
30 8 21
30 9 45
30 10 20
30 11 51
30 12 32
30 13 16
30 15 19
30 16 50
30 17 42
30 18 39
30 21 14
30 23 6
30 24 7
30 26 9
30 27 4
30 28 15
30 29 12
30 30 47
30 31 0
30 33 40
30 34 3
30 35 22
30 36 2
30 37 43
30 40 30
30 41 34
30 42 55
30 43 1
30 44 24
30 45 10
30 48 58
30 49 54
30 52 46
30 53 57
30 54 49
30 55 36
30 56 59
30 58 26
30 59 5
31 2 28
31 3 18
31 5 24
31 6 10
31 9 1
31 10 42
31 11 41
31 12 2
31 13 44
31 14 30
31 15 49
31 16 46
31 20 54
31 21 59
31 22 45
31 23 40
31 27 39
31 28 47
31 31 56
31 32 17
31 34 31
31 35 35
31 36 16
31 37 25
31 39 55
31 44 23
31 48 36
31 50 32
31 51 58
31 52 33
31 54 8
31 56 0
31 57 22
31 59 6
32 1 11
32 3 28
32 5 8
32 7 43
32 8 26
32 9 15
32 11 30
32 15 58
32 16 22
32 17 48
32 18 25
32 20 31
32 22 36
32 23 41
32 24 13
32 25 38
32 26 56
32 27 10
32 28 18
32 29 20
32 31 46
32 33 57
32 34 32
32 38 0
32 44 55
32 45 9
32 49 5
32 50 16
32 51 45
32 53 59
32 55 42
32 56 54
32 57 37
32 58 24
32 59 40
33 1 36
33 2 3
33 3 26
33 4 7
33 5 59
33 6 45
33 7 39
33 9 49
33 10 51
33 11 35
33 13 24
33 14 37
33 15 12
33 19 48
33 20 21
33 22 17
33 23 25
33 24 11
33 26 0
33 28 4
33 30 2
33 31 13
33 32 10
33 34 41
33 35 18
33 36 33
33 38 38
33 39 34
33 42 30
33 43 27
33 44 47
33 45 14
33 48 56
33 51 20
33 52 28
33 54 5
33 55 23
33 59 1
34 0 57
34 1 3
34 2 15
34 5 30
34 6 0
34 7 59
34 9 5
34 10 10
34 15 31
34 16 33
34 17 4
34 18 17
34 20 19
34 21 38
34 22 58
34 23 21
34 24 6
34 25 47
34 30 12
34 31 20
34 32 28
34 35 51
34 37 44
34 39 48
34 40 7
34 42 36
34 46 27
34 49 42
34 50 43
34 51 32
34 52 37
34 53 55
34 55 34
34 56 41
34 57 25
34 58 53
34 59 26
35 0 12
35 2 8
35 3 51
35 6 7
35 8 17
35 9 53
35 16 24
35 17 59
35 18 1
35 21 58
35 22 4
35 23 47
35 24 57
35 27 21
35 28 28
35 31 22
35 33 36
35 34 27
35 37 48
35 41 55
35 42 14
35 43 5
35 44 19
35 46 37
35 47 3
35 48 11
35 50 2
35 51 46
35 52 29
35 53 23
35 54 6
35 55 56
35 56 10
36 4 5
36 5 38
36 6 18
36 10 2
36 11 39
36 12 31
36 13 9
36 16 13
36 17 25
36 18 6
36 19 59
36 20 36
36 21 20
36 22 33
36 24 26
36 27 53
36 29 0
36 30 45
36 33 43
36 34 11
36 36 52
36 37 49
36 39 12
36 40 14
36 42 23
36 43 32
36 44 21
36 45 16
36 46 30
36 47 37
36 49 28
36 50 55
36 51 56
36 52 35
36 54 42
36 55 22
36 56 8
36 59 3
37 1 16
37 2 45
37 3 33
37 4 17
37 5 15
37 6 24
37 7 23
37 8 35
37 9 32
37 10 0
37 11 49
37 12 56
37 13 53
37 14 54
37 15 47
37 17 28
37 18 11
37 21 30
37 22 41
37 23 3
37 24 37
37 25 5
37 28 1
37 29 57
37 30 7
37 31 27
37 34 9
37 37 8
37 38 22
37 39 2
37 40 25
37 41 18
37 42 4
37 44 13
37 46 10
37 47 29
37 50 36
37 51 26
37 52 31
37 55 21
37 56 40
38 1 55
38 2 11
38 3 45
38 5 53
38 6 14
38 9 31
38 10 1
38 11 0
38 12 26
38 14 13
38 15 30
38 17 2
38 18 36
38 19 32
38 22 56
38 23 48
38 25 22
38 26 58
38 27 51
38 28 43
38 30 52
38 31 28
38 32 25
38 33 7
38 34 42
38 35 49
38 36 39
38 38 16
38 39 46
38 40 54
38 46 35
38 47 8
38 51 4
38 52 17
38 53 24
38 54 44
38 57 41
38 59 59
39 0 9
39 1 26
39 2 47
39 4 10
39 5 46
39 6 19
39 7 37
39 9 12
39 11 4
39 12 48
39 13 34
39 14 18
39 15 3
39 16 31
39 17 21
39 19 40
39 21 56
39 22 35
39 23 29
39 24 39
39 25 45
39 26 24
39 27 1
39 29 54
39 30 49
39 34 14
39 35 8
39 37 51
39 40 28
39 41 58
39 44 15
39 46 44
39 48 0
39 51 7
39 52 53
39 54 23
39 55 43
39 57 11
40 2 42
40 3 27
40 4 18
40 5 14
40 7 36
40 9 46
40 10 58
40 12 11
40 14 2
40 15 10
40 19 38
40 20 59
40 21 21
40 22 16
40 23 52
40 27 3
40 30 15
40 32 13
40 33 4
40 34 28
40 35 47
40 36 30
40 39 24
40 40 45
40 41 9
40 42 22
40 43 48
40 45 7
40 46 51
40 49 1
40 50 29
40 51 31
40 53 8
40 55 17
40 56 12
40 57 49
40 59 23
41 0 2
41 1 49
41 2 20
41 4 22
41 5 23
41 6 59
41 8 37
41 10 3
41 13 32
41 14 58
41 16 40
41 17 16
41 18 19
41 19 57
41 20 38
41 21 50
41 22 34
41 23 14
41 24 33
41 25 18
41 26 54
41 27 0
41 29 17
41 31 5
41 32 39
41 33 29
41 35 28
41 36 26
41 39 11
41 40 27
41 45 36
41 49 24
41 51 9
41 53 30
41 54 4
41 57 35
41 59 7
42 0 41
42 1 50
42 3 34
42 4 46
42 5 12
42 6 4
42 7 24
42 9 58
42 11 17
42 12 51
42 16 54
42 17 1
42 18 33
42 20 25
42 21 9
42 22 18
42 23 38
42 24 23
42 29 31
42 32 59
42 33 49
42 34 26
42 37 27
42 41 21
42 42 44
42 43 39
42 44 6
42 45 20
42 48 35
42 50 30
42 51 15
42 52 14
42 53 47
42 54 55
42 55 29
42 56 43
43 0 49
43 1 38
43 3 11
43 4 50
43 6 56
43 8 57
43 9 2
43 11 13
43 16 3
43 17 18
43 18 35
43 19 8
43 20 22
43 21 31
43 23 32
43 24 5
43 27 47
43 28 9
43 29 55
43 30 25
43 32 24
43 33 34
43 36 1
43 37 33
43 40 41
43 41 46
43 42 52
43 43 20
43 44 26
43 46 36
43 48 10
43 50 37
43 52 42
43 53 45
43 54 0
43 56 51
43 57 4
43 59 30
44 0 44
44 3 42
44 4 58
44 6 38
44 9 28
44 11 3
44 12 1
44 13 2
44 14 43
44 16 29
44 18 12
44 19 27
44 21 37
44 22 51
44 23 33
44 24 40
44 25 11
44 26 34
44 27 31
44 28 49
44 31 30
44 32 9
44 33 25
44 36 14
44 38 10
44 39 39
44 40 59
44 41 7
44 43 55
44 44 18
44 46 17
44 47 35
44 49 13
44 50 19
44 53 22
44 54 54
44 55 20
44 56 4
44 57 56
44 59 32
45 0 25
45 1 33
45 2 40
45 3 50
45 5 9
45 7 47
45 8 18
45 10 38
45 12 22
45 13 21
45 14 56
45 15 54
45 19 31
45 22 3
45 23 55
45 24 1
45 26 7
45 27 45
45 28 58
45 29 23
45 33 44
45 34 0
45 35 32
45 36 27
45 37 12
45 39 35
45 43 17
45 44 34
45 45 42
45 46 15
45 47 43
45 48 57
45 49 59
45 50 20
45 52 41
45 57 16
45 58 36
45 59 2
46 0 22
46 1 12
46 3 41
46 4 32
46 6 48
46 7 9
46 9 0
46 10 54
46 11 59
46 12 5
46 13 23
46 14 33
46 16 10
46 17 58
46 19 52
46 20 53
46 22 27
46 24 25
46 26 47
46 27 6
46 28 20
46 29 16
46 31 18
46 35 2
46 36 13
46 37 14
46 38 21
46 40 29
46 41 26
46 42 31
46 43 36
46 44 57
46 46 4
46 47 17
46 50 24
46 51 40
46 53 34
46 55 51
46 57 44
46 59 39
47 2 23
47 3 17
47 5 58
47 8 31
47 15 33
47 16 19
47 19 2
47 21 11
47 22 49
47 23 8
47 25 59
47 27 41
47 28 37
47 29 22
47 38 29
47 39 16
47 41 20
47 43 26
47 44 10
47 47 51
47 48 1
47 50 4
47 52 18
47 53 12
47 54 50
47 55 35
47 57 39
47 59 52
48 1 6
48 4 30
48 5 26
48 7 32
48 10 11
48 11 23
48 14 10
48 17 31
48 19 56
48 21 7
48 24 55
48 25 33
48 26 39
48 28 57
48 30 18
48 33 53
48 35 38
48 38 15
48 39 40
48 43 3
48 44 14
48 47 48
48 48 5
48 50 17
48 51 35
48 55 28
48 56 16
48 58 47
48 59 54
49 0 26
49 5 55
49 8 49
49 11 33
49 16 56
49 17 29
49 21 25
49 22 46
49 23 20
49 24 27
49 28 6
49 30 36
49 32 42
49 34 48
49 35 3
49 36 21
49 39 37
49 40 47
49 42 40
49 43 24
49 47 57
49 48 14
49 49 53
49 52 4
49 53 38
49 55 32
49 59 8
50 0 27
50 1 5
50 5 41
50 6 29
50 7 42
50 8 51
50 9 17
50 10 39
50 11 52
50 12 34
50 13 3
50 14 22
50 15 43
50 17 44
50 18 59
50 21 57
50 22 26
50 23 0
50 25 15
50 27 58
50 29 4
50 30 8
50 33 30
50 34 18
50 36 37
50 37 16
50 38 1
50 39 36
50 40 53
50 41 25
50 43 14
50 44 2
50 46 49
50 47 55
50 48 38
50 49 31
50 50 48
50 51 50
50 53 21
50 54 28
50 55 11
50 56 7
50 59 13
51 2 57
51 3 31
51 4 12
51 7 21
51 8 47
51 10 19
51 11 32
51 12 52
51 13 49
51 14 5
51 15 13
51 16 20
51 18 46
51 19 55
51 20 18
51 22 11
51 23 54
51 24 42
51 25 24
51 26 1
51 28 0
51 33 26
51 34 44
51 35 45
51 36 8
51 37 39
51 39 14
51 40 50
51 43 23
51 44 22
51 45 53
51 46 59
51 49 41
51 50 10
51 51 29
51 53 6
51 54 15
51 55 2
51 56 48
51 57 51
51 59 34
52 0 31
52 4 14
52 6 37
52 8 24
52 10 35
52 12 18
52 15 4
52 18 49
52 21 48
52 22 1
52 23 12
52 24 58
52 26 45
52 27 2
52 28 53
52 30 19
52 31 50
52 33 8
52 34 51
52 35 7
52 36 32
52 37 54
52 38 34
52 42 57
52 43 21
52 44 0
52 45 40
52 46 33
52 47 22
52 49 46
52 50 9
52 54 36
52 57 30
53 3 8
53 5 6
53 7 49
53 9 51
53 10 12
53 12 29
53 13 15
53 15 20
53 16 30
53 18 47
53 19 46
53 20 4
53 21 42
53 23 22
53 25 57
53 27 14
53 29 53
53 30 34
53 31 41
53 32 26
53 34 5
53 35 56
53 36 31
53 37 0
53 38 39
53 39 1
53 41 27
53 45 54
53 52 55
53 55 45
53 56 21
53 57 7
54 1 0
54 2 16
54 4 25
54 5 42
54 6 12
54 8 45
54 9 19
54 10 17
54 11 36
54 12 13
54 13 33
54 17 52
54 19 10
54 20 6
54 21 1
54 25 54
54 26 40
54 27 55
54 28 31
54 29 34
54 31 51
54 32 18
54 33 58
54 34 39
54 35 23
54 36 29
54 38 35
54 40 3
54 41 2
54 45 59
54 47 44
54 48 22
54 49 20
54 52 11
54 53 9
54 54 48
54 55 4
54 58 28
54 59 21
55 2 18
55 3 22
55 4 59
55 5 29
55 6 25
55 10 4
55 11 54
55 14 0
55 16 11
55 18 13
55 23 10
55 25 51
55 26 5
55 27 32
55 28 35
55 29 36
55 30 50
55 36 20
55 38 2
55 40 56
55 42 15
55 43 12
55 44 33
55 49 40
55 57 8
55 58 34
56 0 38
56 1 59
56 6 41
56 7 4
56 9 16
56 10 37
56 11 45
56 12 33
56 15 2
56 16 36
56 17 56
56 18 14
56 19 21
56 21 51
56 23 39
56 24 31
56 26 42
56 27 19
56 28 44
56 29 30
56 33 22
56 35 5
56 36 7
56 38 12
56 39 0
56 40 48
56 41 6
56 42 43
56 44 1
56 45 3
56 47 13
56 50 40
56 51 28
56 53 53
56 54 18
56 55 49
56 56 58
56 58 29
56 59 15
57 0 24
57 1 57
57 2 7
57 5 2
57 6 26
57 8 22
57 9 18
57 10 55
57 11 48
57 14 42
57 18 58
57 20 29
57 21 44
57 23 56
57 25 6
57 26 31
57 28 45
57 30 32
57 32 14
57 34 19
57 36 49
57 37 41
57 39 5
57 40 36
57 41 38
57 42 12
57 43 30
57 46 20
57 49 50
57 51 34
57 53 4
57 54 51
57 55 40
57 56 39
57 59 17
58 0 13
58 1 37
58 2 30
58 3 49
58 4 57
58 6 27
58 7 7
58 9 48
58 10 31
58 11 43
58 13 51
58 14 55
58 15 6
58 17 39
58 18 0
58 20 16
58 21 35
58 23 50
58 26 11
58 28 54
58 29 8
58 30 38
58 32 15
58 33 23
58 34 17
58 35 10
58 36 47
58 37 24
58 38 41
58 42 3
58 43 46
58 44 59
58 45 1
58 46 21
58 53 19
58 55 9
58 56 28
58 57 32
59 0 14
59 1 7
59 2 51
59 4 34
59 5 5
59 7 2
59 8 12
59 9 55
59 10 6
59 12 38
59 13 45
59 15 17
59 16 49
59 21 28
59 22 29
59 24 35
59 25 37
59 26 33
59 28 59
59 30 10
59 31 31
59 33 27
59 34 50
59 35 44
59 37 58
59 38 47
59 40 15
59 41 39
59 42 0
59 43 54
59 45 56
59 46 9
59 47 20
59 48 41
59 49 57
59 50 8
59 51 53
59 52 26
59 54 16
59 56 36
59 58 23
59 59 19
