60
0 3 46
0 5 27
0 7 30
0 9 45
0 10 41
0 11 36
0 13 25
0 14 6
0 16 9
0 19 37
0 22 5
0 23 2
0 26 28
0 29 26
0 33 1
0 34 55
0 37 14
0 39 12
0 40 20
0 42 42
0 47 31
0 48 24
0 50 16
0 52 23
0 53 50
1 2 44
1 4 4
1 6 30
1 8 19
1 14 58
1 15 38
1 18 28
1 20 37
1 21 3
1 22 54
1 31 17
1 33 55
1 38 11
1 48 46
1 51 18
1 54 45
1 55 25
1 57 15
1 58 20
2 0 41
2 2 20
2 3 22
2 4 11
2 5 7
2 6 14
2 11 6
2 15 44
2 17 24
2 20 50
2 23 3
2 26 4
2 27 51
2 29 57
2 34 2
2 38 31
2 41 48
2 42 10
2 44 33
2 46 34
2 49 36
2 51 17
2 54 42
2 55 12
2 57 45
2 58 30
2 59 39
3 0 36
3 1 28
3 3 56
3 13 51
3 17 4
3 18 8
3 19 41
3 23 35
3 24 43
3 25 19
3 26 34
3 27 15
3 28 20
3 29 39
3 31 52
3 32 26
3 34 50
3 36 3
3 44 59
3 45 6
3 47 45
3 49 47
3 52 27
3 53 38
3 54 7
3 56 32
4 0 26
4 2 41
4 3 0
4 8 37
4 11 27
4 12 23
4 14 35
4 15 10
4 16 16
4 18 57
4 19 13
4 23 29
4 25 43
4 28 50
4 30 33
4 34 34
4 36 6
4 40 4
4 41 30
4 42 14
4 43 24
4 45 36
4 49 8
4 50 11
4 53 53
4 55 39
4 56 9
4 58 25
5 0 48
5 5 24
5 7 18
5 8 25
5 9 37
5 12 39
5 14 30
5 16 7
5 17 31
5 18 36
5 21 2
5 22 33
5 30 17
5 31 28
5 32 41
5 35 59
5 39 0
5 43 10
5 44 43
5 45 19
5 46 6
5 49 58
5 52 45
5 53 42
5 54 35
5 55 27
5 57 51
6 1 0
6 4 53
6 7 37
6 8 5
6 9 10
6 13 43
6 14 32
6 15 22
6 17 29
6 18 14
6 20 28
6 24 36
6 26 49
6 27 1
6 28 23
6 30 21
6 31 4
6 34 52
6 43 12
6 47 51
6 53 59
6 56 40
6 59 57
7 6 33
7 9 39
7 10 56
7 11 52
7 12 34
7 14 18
7 17 19
7 19 40
7 20 10
7 22 45
7 25 1
7 26 47
7 29 27
7 31 16
7 36 49
7 37 59
7 38 22
7 39 8
7 42 57
7 43 43
7 44 28
7 47 4
7 50 30
7 54 3
7 55 54
7 56 37
8 0 45
8 2 37
8 5 51
8 6 23
8 7 8
8 9 5
8 13 34
8 15 35
8 17 41
8 18 6
8 21 4
8 23 20
8 24 1
8 26 22
8 28 24
8 32 27
8 34 11
8 38 50
8 43 39
8 49 56
8 53 17
8 55 47
8 58 3
8 59 19
9 3 3
9 4 31
9 5 26
9 9 48
9 13 35
9 15 0
9 16 53
9 19 4
9 20 39
9 22 36
9 32 5
9 35 32
9 36 24
9 39 14
9 41 44
9 44 29
9 49 22
9 50 45
9 51 19
9 54 17
9 55 58
10 0 6
10 3 54
10 4 2
10 13 41
10 18 20
10 19 45
10 22 57
10 32 31
10 33 38
10 35 14
10 36 37
10 42 28
10 45 40
10 46 16
10 47 3
10 49 19
10 52 5
10 53 34
10 57 55
11 1 30
11 3 21
11 4 41
11 7 24
11 18 23
11 20 22
11 22 48
11 24 56
11 25 42
11 26 16
11 29 32
11 32 18
11 34 58
11 36 13
11 40 15
11 41 47
11 42 6
11 45 3
11 46 46
11 50 53
11 54 26
11 57 25
12 0 25
12 1 53
12 2 29
12 3 6
12 4 58
12 6 5
12 9 3
12 12 47
12 13 9
12 17 27
12 18 52
12 20 40
12 21 41
12 24 51
12 29 31
12 30 26
12 31 21
12 33 43
12 35 33
12 36 32
12 38 55
12 40 50
12 42 44
12 43 59
12 44 2
12 45 14
12 50 28
12 53 30
13 3 55
13 5 36
13 6 43
13 8 8
13 14 26
13 20 9
13 23 41
13 24 40
13 26 6
13 27 21
13 30 45
13 31 15
13 36 25
13 40 2
13 41 57
13 42 5
13 43 58
13 44 10
13 46 12
13 47 53
13 54 49
13 55 33
13 56 3
14 0 13
14 5 32
14 6 17
14 10 58
14 22 18
14 23 26
14 26 46
14 27 53
14 32 38
14 33 9
14 35 12
14 41 37
14 43 35
14 46 51
14 48 57
14 52 34
15 0 33
15 2 48
15 3 37
15 6 11
15 7 58
15 8 17
15 10 18
15 12 25
15 16 4
15 21 14
15 23 36
15 25 47
15 32 19
15 34 28
15 35 42
15 39 38
15 43 20
15 46 59
15 49 57
15 51 43
15 52 10
15 53 45
15 54 21
15 57 7
15 58 56
16 0 52
16 3 30
16 4 50
16 6 37
16 11 2
16 13 17
16 17 42
16 23 58
16 25 34
16 30 53
16 32 59
16 40 6
16 46 55
16 47 33
16 48 23
16 50 15
16 52 25
16 56 36
16 59 41
17 2 30
17 4 15
17 6 52
17 9 23
17 12 10
17 13 36
17 18 19
17 19 58
17 27 44
17 30 34
17 31 47
17 34 26
17 37 5
17 38 53
17 41 42
17 43 56
17 45 39
17 46 3
17 47 55
17 48 18
17 52 32
17 53 12
17 56 46
17 57 57
18 0 32
18 7 54
18 9 9
18 10 40
18 12 46
18 15 16
18 18 29
18 19 6
18 23 18
18 25 55
18 26 5
18 28 30
18 30 41
18 34 19
18 42 56
18 45 23
18 48 0
18 50 39
18 51 58
18 52 28
18 54 33
18 55 51
18 58 17
19 0 18
19 2 24
19 3 52
19 4 29
19 5 17
19 11 28
19 14 49
19 15 2
19 18 27
19 20 0
19 21 32
19 23 50
19 25 13
19 32 36
19 33 22
19 36 12
19 37 48
19 38 58
19 39 3
19 40 21
19 41 19
19 44 6
19 47 15
19 49 59
19 52 16
19 55 31
19 57 39
19 58 42
19 59 26
20 0 15
20 2 4
20 3 51
20 4 21
20 5 41
20 6 39
20 7 34
20 10 38
20 11 18
20 15 26
20 16 59
20 17 1
20 20 44
20 22 42
20 28 0
20 29 12
20 32 17
20 34 25
20 35 36
20 38 10
20 44 50
20 48 40
20 49 45
20 51 53
20 52 11
20 53 35
20 56 2
20 57 19
20 58 33
21 4 42
21 6 15
21 8 20
21 10 9
21 19 11
21 26 50
21 27 27
21 29 40
21 30 24
21 31 5
21 33 18
21 37 10
21 39 7
21 41 49
21 48 26
21 49 35
21 51 46
21 55 43
21 56 54
21 57 17
21 58 37
22 3 43
22 4 10
22 6 31
22 7 25
22 8 6
22 12 45
22 13 15
22 14 17
22 15 28
22 17 12
22 19 0
22 26 33
22 27 13
22 30 3
22 32 46
22 38 20
22 43 52
22 45 22
22 46 2
22 47 19
22 48 49
22 50 57
22 52 42
22 58 21
23 0 16
23 2 35
23 4 49
23 5 5
23 6 22
23 7 46
23 13 8
23 17 53
23 18 45
23 23 54
23 24 11
23 25 38
23 32 25
23 33 56
23 35 26
23 38 6
23 41 29
23 43 28
23 46 19
23 47 52
23 48 2
23 53 7
23 55 32
23 56 1
24 2 34
24 7 36
24 8 44
24 13 55
24 16 30
24 18 32
24 22 58
24 23 21
24 24 2
24 29 52
24 30 10
24 31 57
24 33 3
24 36 47
24 38 45
24 42 31
24 44 9
24 48 27
24 50 46
24 54 8
24 55 38
24 57 56
24 58 11
24 59 50
25 1 38
25 3 20
25 4 47
25 7 10
25 8 30
25 11 59
25 12 53
25 13 5
25 17 56
25 23 45
25 25 7
25 26 36
25 28 11
25 30 28
25 34 9
25 36 50
25 37 29
25 39 58
25 45 33
25 46 18
25 49 6
25 50 27
25 53 52
25 54 12
26 1 43
26 3 1
26 4 39
26 6 58
26 11 25
26 13 48
26 14 41
26 19 52
26 23 30
26 25 24
26 26 51
26 27 33
26 29 56
26 30 47
26 31 0
26 32 23
26 33 8
26 34 53
26 35 27
26 42 18
26 44 46
26 47 32
26 48 55
26 49 7
26 51 44
26 55 2
26 56 26
27 0 24
27 3 35
27 4 8
27 7 55
27 9 11
27 10 49
27 13 30
27 15 48
27 19 56
27 21 26
27 22 10
27 23 1
27 24 17
27 25 32
27 29 7
27 32 45
27 37 38
27 39 22
27 41 2
27 43 19
27 48 33
27 50 3
27 53 15
27 54 4
27 55 44
27 57 31
27 58 47
28 3 5
28 4 45
28 5 35
28 7 43
28 9 17
28 12 55
28 14 46
28 15 29
28 16 19
28 19 24
28 22 4
28 23 44
28 24 49
28 26 12
28 28 39
28 31 7
28 32 15
28 34 40
28 36 51
28 37 57
28 39 10
28 40 28
28 43 33
28 46 27
28 48 1
28 49 18
28 53 16
28 55 22
28 57 9
29 0 35
29 1 27
29 4 48
29 5 18
29 7 14
29 8 7
29 9 8
29 11 21
29 14 53
29 15 30
29 16 3
29 18 15
29 20 17
29 22 26
29 26 2
29 29 42
29 31 55
29 32 4
29 33 31
29 40 9
29 41 32
29 44 47
29 46 40
29 48 58
29 49 5
29 51 38
29 53 22
29 57 59
29 59 37
30 1 29
30 2 17
30 10 7
30 13 54
30 18 59
30 23 22
30 24 34
30 27 52
30 28 40
30 29 35
30 32 39
30 36 55
30 38 49
30 40 31
30 42 21
30 47 13
30 48 56
30 49 24
30 51 51
30 53 57
30 55 5
30 57 32
31 6 41
31 7 2
31 10 42
31 12 37
31 15 55
31 17 23
31 20 6
31 21 36
31 23 43
31 24 9
31 25 45
31 26 48
31 30 22
31 31 31
31 39 53
31 40 8
31 41 35
31 56 10
32 1 26
32 4 27
32 5 42
32 6 28
32 8 4
32 10 21
32 11 44
32 12 57
32 13 46
32 15 12
32 17 40
32 20 58
32 21 31
32 32 10
32 34 0
32 48 13
32 51 5
32 52 15
32 53 33
32 54 6
32 55 23
33 2 56
33 5 20
33 7 4
33 10 15
33 14 10
33 17 45
33 18 2
33 19 48
33 28 25
33 33 40
33 37 39
33 38 38
33 41 17
33 44 14
33 49 46
33 50 49
33 53 19
33 54 28
33 56 42
33 57 12
34 1 51
34 3 13
34 4 46
34 8 22
34 9 6
34 10 44
34 11 38
34 17 21
34 18 40
34 20 53
34 22 59
34 23 56
34 25 41
34 29 8
34 32 29
34 34 24
34 36 19
34 39 49
34 42 39
34 43 32
34 47 23
34 49 31
34 51 15
34 52 47
34 53 54
34 54 18
34 55 11
34 58 2
35 2 14
35 6 45
35 7 49
35 8 33
35 9 22
35 10 16
35 11 8
35 18 24
35 20 5
35 23 13
35 24 58
35 25 52
35 26 21
35 30 46
35 33 44
35 34 10
35 39 23
35 40 47
35 42 34
35 45 41
35 46 1
35 52 0
35 56 15
35 58 35
35 59 43
36 6 13
36 7 40
36 9 53
36 10 46
36 13 37
36 14 45
36 17 3
36 19 27
36 20 20
36 21 58
36 23 16
36 25 10
36 31 56
36 32 11
36 33 47
36 34 48
36 40 38
36 43 15
36 44 0
36 48 6
36 49 26
36 55 19
36 57 41
36 58 8
36 59 35
37 3 34
37 4 5
37 7 32
37 10 24
37 13 23
37 14 3
37 18 12
37 23 7
37 26 40
37 32 57
37 33 58
37 34 15
37 37 53
37 38 0
37 41 26
37 42 33
37 43 18
37 48 42
37 51 37
37 52 44
37 53 6
37 55 50
37 56 55
37 57 10
37 58 39
38 3 29
38 4 34
38 7 53
38 8 55
38 14 25
38 17 38
38 18 30
38 22 14
38 23 47
38 30 39
38 32 50
38 38 19
38 41 9
38 45 10
38 46 44
38 48 15
38 51 54
38 52 20
38 53 18
39 1 5
39 4 37
39 11 16
39 12 3
39 13 7
39 15 43
39 16 20
39 19 18
39 22 47
39 23 34
39 24 46
39 27 10
39 30 6
39 33 59
39 37 44
39 38 24
39 39 41
39 40 1
39 43 17
39 44 12
39 45 38
39 46 14
39 47 28
39 48 19
39 49 48
39 53 8
39 55 49
39 58 29
39 59 11
40 1 25
40 2 58
40 8 40
40 14 38
40 15 46
40 18 41
40 19 39
40 30 12
40 31 34
40 32 0
40 34 51
40 38 35
40 41 3
40 43 21
40 47 27
40 48 8
40 51 28
40 54 13
40 55 4
40 56 19
40 59 10
41 1 20
41 3 33
41 4 16
41 6 12
41 8 47
41 9 42
41 11 30
41 15 40
41 18 5
41 20 57
41 21 27
41 25 15
41 31 2
41 33 17
41 34 39
41 35 10
41 36 8
41 39 44
41 46 35
41 49 41
41 50 4
41 51 56
41 53 21
41 55 45
41 58 34
41 59 46
42 0 9
42 1 36
42 4 33
42 11 40
42 15 3
42 19 42
42 22 32
42 24 8
42 26 41
42 28 46
42 30 4
42 36 53
42 38 59
42 40 16
42 48 39
42 50 43
42 54 51
42 59 56
43 0 44
43 1 59
43 2 6
43 4 51
43 7 57
43 11 20
43 14 39
43 16 49
43 17 11
43 20 24
43 22 25
43 24 53
43 25 12
43 26 26
43 31 30
43 32 32
43 36 17
43 39 46
43 40 19
43 45 55
43 46 23
43 50 31
43 51 45
43 54 37
43 56 47
44 1 10
44 4 12
44 9 38
44 10 14
44 15 37
44 16 45
44 17 51
44 20 31
44 24 6
44 28 17
44 31 25
44 32 42
44 34 5
44 38 56
44 41 46
44 42 30
44 47 9
44 52 48
44 55 26
44 57 0
45 0 43
45 2 54
45 4 28
45 9 46
45 10 17
45 12 15
45 13 33
45 17 49
45 18 13
45 21 51
45 27 57
45 29 3
45 30 37
45 31 1
45 32 44
45 34 4
45 37 32
45 42 50
45 45 56
45 46 36
45 48 16
45 50 58
45 52 26
45 54 10
45 56 21
45 57 52
45 59 40
46 1 34
46 5 2
46 6 35
46 8 23
46 9 59
46 12 0
46 14 42
46 16 46
46 17 28
46 19 7
46 24 39
46 27 50
46 30 15
46 33 24
46 36 26
46 37 8
46 39 27
46 40 54
46 41 10
46 49 30
46 50 38
46 51 41
46 52 14
46 53 44
46 54 9
46 58 31
47 1 12
47 2 53
47 4 19
47 5 50
47 7 33
47 9 49
47 16 26
47 21 15
47 24 31
47 25 29
47 28 5
47 29 46
47 30 58
47 31 45
47 32 16
47 33 52
47 41 18
47 42 13
47 44 3
47 46 8
47 56 27
47 57 47
47 58 10
48 0 21
48 1 44
48 2 22
48 4 38
48 5 40
48 7 13
48 9 14
48 13 4
48 14 31
48 16 39
48 23 11
48 24 10
48 28 2
48 30 56
48 31 19
48 32 8
48 33 27
48 34 3
48 35 53
48 37 7
48 38 36
48 39 5
48 40 51
48 41 15
48 42 17
48 43 26
48 44 16
48 47 50
48 48 32
48 49 33
48 52 59
48 53 25
48 54 1
48 58 6
49 3 25
49 5 56
49 9 33
49 14 20
49 16 37
49 18 35
49 19 9
49 22 8
49 24 22
49 27 3
49 31 6
49 32 49
49 34 18
49 35 48
49 36 7
49 37 0
49 38 34
49 41 38
49 42 59
49 43 45
49 44 32
49 46 26
49 49 12
49 50 51
49 53 10
50 0 10
50 1 8
50 2 18
50 12 20
50 14 48
50 15 58
50 17 55
50 19 17
50 20 15
50 21 34
50 23 12
50 26 39
50 27 9
50 29 24
50 30 32
50 33 4
50 38 47
50 41 33
50 43 0
50 44 53
50 52 19
50 54 44
50 57 27
50 59 16
51 0 8
51 5 43
51 7 20
51 9 52
51 12 14
51 16 0
51 18 34
51 19 49
51 24 16
51 25 4
51 26 7
51 29 10
51 30 18
51 31 24
51 33 5
51 35 50
51 36 28
51 37 40
51 38 9
51 42 26
51 45 11
51 56 30
51 58 46
51 59 32
52 2 46
52 5 45
52 11 22
52 13 49
52 14 1
52 18 38
52 22 2
52 23 15
52 26 19
52 28 59
52 29 43
52 35 55
52 40 11
52 41 16
52 46 29
52 47 14
52 48 52
52 53 0
52 54 53
53 1 6
53 3 41
53 9 16
53 10 31
53 11 15
53 13 47
53 15 8
53 17 50
53 19 59
53 21 56
53 22 11
53 23 10
53 27 43
53 31 32
53 34 17
53 38 57
53 40 36
53 49 49
53 50 24
53 54 48
54 1 17
54 3 48
54 4 6
54 6 51
54 7 27
54 10 10
54 16 38
54 20 47
54 22 20
54 23 33
54 25 37
54 28 34
54 30 16
54 31 44
54 32 2
54 34 22
54 37 26
54 38 4
54 41 41
54 43 55
54 46 45
54 51 32
54 55 21
54 59 49
55 4 9
55 5 58
55 7 41
55 8 53
55 9 28
55 10 36
55 11 24
55 14 14
55 15 34
55 28 48
55 29 11
55 30 30
55 31 39
55 32 7
55 35 2
55 37 52
55 42 49
55 43 23
55 45 13
55 49 10
55 50 25
55 52 37
55 53 3
55 55 35
55 57 5
55 59 31
56 1 31
56 3 42
56 4 24
56 14 12
56 29 41
56 31 59
56 34 13
56 38 15
56 39 28
56 45 1
56 46 22
56 47 29
56 49 39
56 52 17
56 53 23
56 54 20
57 2 10
57 4 18
57 6 6
57 7 1
57 8 11
57 19 36
57 22 56
57 27 37
57 30 59
57 31 40
57 34 20
57 36 42
57 37 2
57 42 4
57 43 8
57 44 15
57 45 32
57 46 31
57 47 49
57 49 51
57 54 25
57 55 41
57 56 29
57 57 44
57 58 26
58 0 29
58 2 36
58 4 7
58 7 52
58 10 54
58 11 11
58 12 5
58 15 24
58 18 25
58 20 8
58 22 53
58 24 44
58 25 39
58 26 17
58 27 32
58 28 3
58 31 9
58 38 16
58 39 18
58 42 45
58 43 50
58 44 4
58 46 10
58 47 40
58 50 20
58 51 2
58 53 58
58 54 46
58 55 14
58 56 41
58 58 43
58 59 12
59 2 16
59 6 3
59 9 4
59 14 52
59 20 33
59 22 19
59 25 17
59 27 29
59 31 12
59 34 32
59 38 7
59 39 36
59 43 38
59 45 58
59 46 11
59 49 55
59 50 14
59 53 46
59 57 53
59 58 57
59 59 18
