60
0 0 57
0 1 56
0 2 1
0 3 17
0 4 8
0 6 27
0 7 49
0 9 6
0 10 40
0 11 41
0 12 24
0 14 32
0 15 5
0 17 7
0 20 51
0 21 42
0 22 33
0 23 20
0 25 28
0 28 9
0 30 34
0 31 15
0 32 36
0 33 54
0 34 12
0 35 48
0 36 18
0 37 45
0 41 26
0 43 19
0 44 37
0 45 52
0 47 22
0 48 55
0 49 11
0 50 59
0 51 47
0 52 2
0 53 44
0 55 30
0 56 16
0 58 3
0 59 43
1 0 38
1 1 23
1 4 16
1 5 22
1 6 28
1 7 12
1 8 44
1 10 50
1 11 9
1 12 15
1 13 20
1 14 46
1 16 41
1 17 58
1 18 53
1 19 45
1 20 30
1 21 17
1 22 52
1 23 5
1 24 33
1 25 59
1 26 24
1 27 57
1 28 51
1 29 10
1 30 54
1 31 25
1 32 0
1 33 27
1 34 7
1 35 2
1 36 34
1 37 1
1 39 47
1 41 3
1 42 4
1 43 35
1 44 42
1 45 14
1 47 56
1 48 19
1 50 40
1 51 13
1 52 21
1 53 43
1 55 32
1 56 26
1 57 11
1 58 6
2 0 44
2 1 15
2 2 58
2 3 38
2 4 49
2 5 18
2 6 25
2 7 37
2 8 7
2 9 59
2 10 51
2 14 23
2 16 52
2 17 1
2 18 35
2 19 12
2 20 40
2 21 55
2 22 9
2 24 6
2 25 31
2 26 20
2 27 48
2 28 39
2 29 45
2 30 47
2 31 36
2 33 19
2 34 34
2 35 30
2 36 57
2 37 53
2 38 10
2 39 26
2 40 14
2 41 56
2 42 54
2 43 29
2 44 13
2 45 8
2 47 46
2 48 27
2 49 41
2 50 32
2 51 24
2 52 0
2 53 28
2 54 50
2 55 11
2 56 33
2 58 4
2 59 22
3 1 28
3 2 30
3 3 25
3 4 41
3 5 16
3 6 59
3 8 17
3 10 23
3 11 6
3 12 52
3 13 5
3 15 44
3 17 13
3 18 37
3 20 35
3 21 1
3 22 51
3 24 40
3 25 15
3 26 55
3 27 29
3 28 48
3 29 56
3 30 38
3 31 45
3 32 42
3 33 50
3 34 47
3 35 12
3 36 11
3 37 21
3 38 14
3 39 43
3 40 20
3 41 39
3 42 9
3 44 34
3 45 54
3 46 49
3 47 19
3 48 53
3 49 2
3 50 46
3 51 0
3 52 31
3 55 3
3 56 22
3 57 33
3 59 7
4 0 37
4 1 54
4 3 52
4 5 5
4 7 36
4 9 45
4 11 8
4 12 42
4 13 53
4 14 4
4 15 0
4 16 15
4 17 12
4 18 24
4 19 22
4 20 19
4 21 59
4 22 31
4 23 21
4 25 2
4 27 6
4 28 7
4 29 25
4 30 17
4 31 35
4 32 48
4 33 38
4 34 41
4 35 33
4 36 29
4 37 3
4 39 49
4 40 34
4 41 44
4 42 10
4 43 30
4 45 55
4 46 50
4 47 43
4 48 11
4 49 32
4 50 18
4 51 20
4 52 9
4 53 14
4 55 1
4 57 58
4 59 51
5 0 5
5 1 37
5 2 25
5 3 21
5 4 55
5 5 24
5 6 22
5 7 46
5 8 9
5 10 0
5 11 2
5 12 48
5 13 43
5 14 52
5 15 26
5 16 13
5 17 44
5 18 14
5 19 41
5 20 49
5 21 47
5 23 4
5 24 31
5 25 54
5 27 35
5 28 50
5 29 19
5 30 39
5 32 20
5 34 11
5 35 15
5 36 8
5 37 16
5 38 33
5 39 7
5 41 57
5 42 17
5 43 40
5 44 18
5 45 10
5 46 59
5 48 45
5 49 30
5 50 3
5 52 1
5 53 32
5 54 51
5 55 56
5 56 29
5 57 6
5 58 23
5 59 27
6 0 16
6 1 35
6 2 38
6 3 48
6 4 46
6 6 15
6 8 25
6 10 36
6 11 22
6 13 42
6 14 55
6 15 21
6 16 34
6 18 47
6 19 9
6 20 50
6 21 18
6 22 13
6 23 2
6 24 23
6 25 12
6 27 45
6 28 49
6 30 1
6 31 54
6 32 11
6 33 30
6 34 53
6 35 57
6 39 8
6 40 40
6 41 29
6 42 20
6 44 41
6 45 56
6 46 7
6 47 28
6 48 58
6 51 52
6 55 31
6 56 19
6 57 27
6 58 37
7 0 48
7 1 43
7 2 18
7 3 56
7 4 54
7 5 42
7 7 51
7 8 22
7 9 37
7 10 33
7 11 7
7 12 0
7 13 13
7 14 38
7 16 11
7 17 10
7 18 57
7 19 8
7 20 23
7 22 28
7 23 45
7 24 41
7 25 6
7 26 19
7 27 17
7 28 44
7 30 27
7 31 31
7 33 26
7 34 59
7 35 55
7 36 5
7 37 9
7 38 40
7 39 1
7 40 49
7 41 2
7 42 16
7 43 46
7 45 50
7 46 58
7 47 52
7 48 25
7 49 20
7 50 47
7 51 12
7 52 30
7 53 24
7 54 21
7 55 39
7 56 14
7 57 15
7 58 29
7 59 53
8 0 30
8 1 38
8 2 48
8 3 10
8 4 11
8 6 24
8 7 55
8 8 43
8 9 18
8 10 42
8 11 34
8 15 51
8 16 6
8 17 28
8 18 7
8 19 2
8 21 12
8 22 49
8 23 53
8 24 9
8 26 37
8 27 54
8 28 52
8 31 20
8 34 25
8 35 59
8 36 41
8 37 15
8 38 23
8 39 5
8 40 17
8 42 29
8 43 26
8 44 40
8 46 36
8 47 35
8 48 33
8 49 3
8 50 50
8 52 27
8 53 45
8 54 31
8 55 19
8 56 8
8 58 0
8 59 1
9 0 32
9 1 0
9 2 43
9 3 6
9 5 50
9 6 31
9 8 58
9 9 53
9 11 40
9 12 16
9 13 1
9 14 5
9 17 26
9 18 21
9 19 20
9 20 37
9 21 8
9 22 55
9 23 7
9 25 29
9 26 57
9 28 17
9 29 36
9 30 23
9 31 28
9 33 39
9 34 15
9 35 38
9 36 59
9 37 42
9 39 45
9 40 33
9 41 34
9 44 12
9 46 46
9 47 10
9 48 49
9 49 35
9 51 56
9 52 47
9 53 9
9 54 18
9 55 54
9 56 27
9 57 52
9 58 48
9 59 11
10 0 50
10 1 26
10 3 27
10 5 36
10 6 54
10 7 40
10 9 38
10 10 19
10 11 11
10 12 35
10 13 44
10 14 39
10 15 30
10 17 23
10 18 56
10 20 33
10 21 46
10 23 6
10 24 1
10 26 25
10 27 34
10 29 14
10 30 2
10 31 53
10 32 51
10 33 58
10 34 49
10 37 4
10 38 41
10 40 12
10 41 28
10 42 45
10 43 7
10 44 48
10 46 15
10 47 29
10 48 57
10 49 43
10 50 21
10 51 8
10 53 55
10 54 47
10 55 0
10 56 17
10 57 9
10 58 5
10 59 32
11 1 2
11 2 17
11 3 5
11 4 6
11 5 13
11 6 11
11 7 28
11 8 26
11 9 56
11 10 8
11 14 37
11 16 59
11 17 42
11 18 58
11 20 14
11 21 54
11 22 46
11 23 18
11 24 48
11 26 4
11 27 25
11 28 31
11 31 52
11 32 23
11 34 22
11 35 16
11 36 20
11 37 43
11 38 1
11 39 40
11 40 19
11 41 51
11 42 34
11 43 50
11 44 0
11 45 24
11 46 30
11 47 44
11 48 41
11 49 36
11 50 7
11 51 38
11 52 3
11 53 29
11 54 57
11 56 15
11 57 10
11 58 27
11 59 12
12 1 32
12 3 20
12 5 23
12 6 58
12 7 24
12 8 15
12 9 9
12 10 48
12 11 12
12 12 41
12 13 10
12 14 31
12 15 11
12 16 38
12 17 0
12 19 42
12 21 19
12 22 37
12 23 49
12 24 52
12 25 50
12 26 18
12 27 5
12 28 56
12 29 27
12 31 47
12 32 57
12 33 34
12 35 44
12 36 17
12 37 29
12 38 59
12 39 39
12 40 21
12 41 6
12 42 3
12 44 43
12 45 40
12 46 55
12 47 8
12 48 30
12 49 45
12 51 36
12 52 25
12 53 26
12 54 46
12 55 13
12 56 35
12 58 51
12 59 28
13 0 43
13 2 31
13 3 24
13 4 47
13 5 12
13 6 10
13 8 2
13 10 16
13 11 30
13 13 34
13 14 56
13 15 45
13 16 7
13 17 25
13 18 33
13 19 59
13 20 58
13 21 44
13 23 27
13 24 28
13 25 36
13 26 5
13 27 37
13 28 18
13 29 50
13 30 3
13 32 40
13 33 55
13 34 17
13 35 46
13 36 6
13 37 22
13 38 19
13 39 35
13 40 53
13 41 15
13 42 51
13 43 42
13 44 20
13 45 39
13 46 14
13 47 23
13 48 29
13 49 9
13 50 26
13 51 48
13 52 11
13 53 49
13 54 1
13 55 21
13 56 41
13 57 8
13 58 32
13 59 38
14 0 24
14 1 3
14 3 23
14 5 40
14 6 53
14 8 12
14 9 1
14 11 43
14 12 20
14 13 57
14 14 58
14 16 9
14 17 27
14 18 34
14 20 29
14 21 22
14 22 18
14 23 30
14 27 0
14 29 15
14 30 51
14 31 2
14 32 19
14 33 28
14 34 14
14 36 35
14 38 8
14 39 46
14 40 48
14 41 32
14 42 47
14 43 45
14 44 52
14 45 5
14 46 13
14 47 59
14 48 39
14 49 33
14 50 54
14 51 31
14 52 44
14 53 7
14 54 17
14 55 25
14 57 36
14 58 49
14 59 21
15 0 7
15 1 45
15 2 53
15 3 34
15 4 15
15 6 4
15 7 8
15 8 47
15 9 48
15 12 18
15 13 28
15 14 27
15 15 12
15 16 21
15 17 57
15 19 24
15 20 25
15 21 11
15 22 50
15 23 38
15 24 44
15 25 1
15 26 41
15 27 23
15 28 40
15 29 3
15 30 49
15 31 22
15 33 52
15 34 43
15 36 33
15 37 59
15 38 2
15 39 58
15 40 51
15 41 9
15 43 0
15 44 5
15 45 36
15 46 10
15 47 16
15 49 55
15 51 29
15 52 46
15 53 35
15 54 30
15 55 20
15 57 31
15 59 54
16 0 42
16 1 22
16 2 35
16 3 1
16 5 58
16 6 44
16 8 36
16 9 41
16 10 29
16 11 31
16 12 50
16 13 30
16 14 33
16 15 27
16 17 38
16 18 9
16 19 14
16 20 53
16 21 43
16 22 57
16 24 37
16 25 52
16 26 47
16 28 4
16 30 11
16 31 26
16 34 39
16 35 6
16 36 2
16 37 5
16 38 49
16 39 56
16 40 15
16 42 7
16 43 12
16 44 16
16 45 46
16 47 18
16 48 48
16 49 28
16 53 21
16 54 0
16 56 10
16 59 45
17 0 12
17 1 21
17 2 49
17 3 29
17 5 52
17 9 32
17 10 6
17 11 54
17 12 5
17 13 38
17 14 30
17 15 48
17 16 1
17 18 43
17 19 51
17 22 24
17 23 25
17 24 22
17 25 23
17 26 42
17 28 46
17 29 9
17 30 41
17 31 44
17 32 37
17 33 33
17 34 45
17 35 18
17 36 50
17 37 19
17 39 4
17 40 56
17 42 59
17 44 15
17 45 53
17 46 26
17 47 57
17 48 28
17 51 27
17 52 55
17 53 58
17 54 14
17 55 16
17 56 40
17 59 47
18 0 58
18 2 55
18 3 51
18 4 30
18 9 50
18 10 49
18 11 56
18 12 59
18 13 52
18 14 13
18 15 57
18 16 48
18 17 39
18 18 10
18 19 28
18 20 34
18 21 21
18 22 5
18 23 47
18 25 4
18 26 43
18 27 18
18 28 20
18 30 22
18 31 3
18 33 31
18 36 9
18 37 25
18 38 29
18 40 23
18 41 41
18 42 15
18 43 44
18 44 6
18 45 19
18 46 11
18 47 17
18 48 42
18 49 24
18 50 27
18 52 37
18 53 8
18 55 45
18 56 12
18 57 53
18 58 33
18 59 36
19 0 31
19 1 27
19 2 3
19 3 7
19 5 45
19 6 20
19 7 22
19 8 56
19 9 51
19 10 17
19 12 37
19 13 6
19 15 50
19 16 25
19 20 36
19 21 38
19 22 39
19 24 42
19 25 10
19 26 26
19 27 16
19 31 49
19 32 14
19 34 55
19 35 13
19 36 23
19 37 44
19 39 29
19 40 18
19 43 8
19 44 9
19 46 40
19 47 11
19 49 47
19 50 33
19 51 46
19 53 4
19 54 12
19 55 43
19 56 2
19 57 19
19 58 28
19 59 30
20 2 28
20 3 18
20 4 58
20 6 55
20 7 0
20 8 53
20 9 10
20 10 25
20 11 4
20 12 49
20 13 26
20 15 29
20 17 45
20 18 8
20 19 17
20 20 59
20 21 30
20 22 20
20 26 16
20 29 40
20 31 50
20 32 7
20 33 51
20 34 6
20 35 43
20 36 48
20 37 56
20 39 11
20 40 36
20 42 57
20 43 5
20 44 19
20 47 31
20 48 35
20 49 38
20 50 41
20 51 39
20 52 54
20 53 47
20 54 22
20 56 37
20 57 3
20 58 52
20 59 46
21 1 41
21 3 59
21 4 36
21 5 30
21 6 29
21 7 33
21 8 19
21 10 13
21 11 27
21 12 55
21 13 58
21 14 53
21 16 5
21 17 15
21 18 44
21 19 31
21 20 17
21 21 28
21 24 18
21 25 20
21 28 1
21 29 37
21 30 10
21 31 43
21 32 25
21 33 12
21 34 48
21 35 4
21 36 51
21 37 46
21 38 24
21 39 6
21 41 21
21 42 26
21 43 14
21 44 23
21 45 32
21 46 38
21 48 2
21 49 50
21 51 34
21 52 22
21 53 0
21 54 35
21 55 52
21 57 49
21 58 9
21 59 39
22 0 49
22 1 48
22 2 39
22 3 28
22 4 22
22 6 30
22 7 52
22 8 13
22 9 23
22 10 38
22 11 16
22 12 14
22 13 50
22 14 36
22 16 4
22 17 37
22 19 58
22 21 45
22 22 59
22 24 29
22 25 44
22 26 32
22 28 41
22 29 46
22 30 24
22 31 11
22 32 35
22 33 6
22 38 51
22 39 19
22 41 47
22 42 25
22 43 20
22 44 55
22 45 15
22 46 12
22 47 2
22 48 0
22 49 31
22 50 5
22 51 10
22 52 53
22 53 17
22 54 40
22 55 33
22 56 1
22 57 18
22 58 26
22 59 8
23 0 11
23 1 31
23 3 50
23 4 37
23 5 29
23 6 33
23 10 39
23 13 54
23 14 34
23 15 41
23 16 24
23 17 36
23 18 59
23 19 57
23 20 28
23 22 1
23 23 46
23 24 5
23 26 27
23 27 49
23 28 6
23 29 18
23 30 16
23 31 8
23 32 30
23 33 44
23 34 9
23 35 17
23 36 47
23 37 20
23 38 48
23 39 12
23 40 25
23 41 0
23 42 55
23 43 21
23 44 2
23 45 45
23 46 35
23 47 42
23 48 52
23 49 15
23 50 43
23 51 53
23 52 38
23 53 40
23 55 4
23 57 22
23 58 14
23 59 10
24 2 42
24 3 31
24 7 43
24 8 38
24 9 40
24 11 58
24 12 11
24 13 17
24 14 9
24 16 33
24 18 48
24 19 6
24 20 12
24 22 26
24 23 34
24 24 47
24 25 25
24 26 54
24 27 8
24 28 3
24 30 13
24 31 30
24 33 57
24 34 4
24 35 36
24 36 1
24 37 2
24 38 35
24 39 59
24 40 44
24 41 46
24 42 39
24 43 28
24 44 50
24 45 51
24 46 19
24 48 37
24 50 52
24 51 16
24 52 18
24 53 27
24 54 15
24 55 41
24 57 23
24 58 55
24 59 24
25 0 26
25 1 59
25 2 34
25 3 3
25 4 2
25 5 35
25 7 21
25 8 28
25 9 49
25 10 46
25 12 53
25 13 19
25 14 48
25 15 7
25 16 22
25 17 30
25 18 55
25 19 0
25 21 20
25 22 4
25 23 16
25 25 5
25 26 11
25 27 15
25 28 57
25 29 52
25 30 58
25 31 6
25 32 18
25 34 50
25 37 41
25 38 42
25 39 9
25 41 33
25 42 31
25 44 45
25 45 47
25 46 29
25 47 40
25 49 25
25 50 12
25 51 51
25 52 39
25 54 43
25 55 24
25 56 44
25 57 56
25 58 17
25 59 37
26 0 27
26 1 53
26 2 23
26 3 42
26 4 21
26 5 26
26 8 24
26 9 43
26 10 35
26 12 8
26 14 7
26 15 17
26 16 29
26 17 46
26 19 32
26 21 16
26 22 11
26 23 19
26 24 57
26 27 39
26 28 12
26 29 33
26 30 5
26 31 34
26 32 6
26 34 3
26 35 1
26 36 37
26 37 52
26 38 13
26 39 50
26 40 10
26 42 56
26 43 15
26 45 0
26 46 31
26 47 49
26 48 44
26 50 48
26 51 30
26 52 45
26 53 2
26 54 36
26 56 47
26 57 28
26 58 40
26 59 20
27 1 9
27 2 26
27 3 37
27 4 52
27 6 34
27 8 8
27 9 54
27 10 20
27 11 49
27 12 39
27 14 29
27 15 15
27 16 47
27 17 24
27 18 25
27 19 5
27 20 1
27 21 58
27 22 48
27 23 36
27 24 21
27 26 14
27 28 16
27 29 12
27 30 4
27 31 41
27 32 53
27 33 42
27 34 40
27 36 28
27 37 18
27 38 46
27 39 27
27 40 45
27 41 7
27 42 50
27 43 10
27 44 31
27 45 44
27 46 22
27 47 13
27 48 56
27 49 6
27 50 55
27 51 33
27 53 23
27 54 2
27 55 57
27 56 38
27 57 32
27 59 0
28 0 19
28 1 34
28 2 0
28 4 39
28 5 44
28 7 25
28 8 45
28 10 59
28 11 36
28 12 10
28 13 21
28 14 35
28 15 20
28 16 50
28 18 13
28 21 51
28 22 27
28 23 9
28 24 43
28 25 22
28 26 8
28 27 56
28 28 2
28 29 49
28 30 14
28 31 57
28 32 33
28 33 29
28 34 16
28 35 52
28 36 3
28 37 47
28 39 32
28 40 6
28 41 1
28 42 28
28 43 18
28 44 11
28 45 58
28 46 53
28 47 5
28 48 26
28 49 54
28 50 37
28 51 23
28 52 4
28 54 38
28 56 7
28 57 30
28 58 15
29 0 36
29 1 51
29 2 10
29 4 17
29 6 37
29 7 50
29 8 18
29 9 16
29 10 9
29 11 28
29 13 15
29 14 21
29 16 45
29 17 11
29 18 12
29 21 40
29 22 23
29 23 22
29 24 56
29 25 38
29 26 3
29 28 24
29 29 34
29 30 0
29 32 43
29 33 1
29 34 31
29 35 47
29 36 26
29 37 39
29 38 58
29 39 44
29 40 57
29 42 53
29 44 27
29 45 30
29 46 8
29 47 20
29 48 32
29 50 6
29 52 35
29 53 54
29 54 52
29 55 42
29 56 46
29 57 7
29 58 2
29 59 41
30 0 25
30 1 55
30 2 15
30 3 14
30 4 13
30 5 47
30 6 52
30 7 6
30 8 29
30 10 37
30 11 3
30 13 0
30 15 4
30 16 30
30 17 53
30 18 17
30 19 21
30 20 26
30 22 45
30 23 1
30 24 7
30 26 49
30 27 46
30 28 35
30 29 59
30 32 34
30 34 36
30 36 32
30 37 8
30 38 31
30 39 38
30 42 5
30 43 33
30 45 22
30 46 42
30 47 51
30 48 40
30 51 44
30 52 50
30 53 48
30 54 9
30 55 2
30 56 28
30 57 39
30 59 23
31 0 6
31 1 33
31 2 4
31 3 54
31 4 26
31 5 8
31 6 2
31 7 48
31 8 0
31 9 42
31 10 7
31 11 37
31 12 44
31 13 40
31 14 50
31 15 47
31 16 36
31 17 52
31 18 46
31 19 11
31 20 27
31 21 24
31 22 19
31 23 32
31 24 59
31 25 51
31 26 35
31 27 10
31 29 13
31 31 17
31 32 56
31 33 45
31 34 1
31 35 21
31 36 14
31 37 57
31 38 20
31 39 23
31 40 55
31 41 22
31 42 58
31 43 3
31 47 39
31 48 12
31 49 29
31 50 25
31 51 9
31 52 41
31 53 5
31 55 49
31 56 31
31 57 34
31 58 30
31 59 18
32 0 56
32 1 58
32 2 6
32 3 46
32 5 49
32 6 7
32 7 14
32 8 51
32 9 19
32 10 1
32 11 38
32 12 26
32 13 29
32 15 34
32 16 10
32 18 45
32 19 27
32 21 5
32 22 17
32 23 48
32 24 50
32 25 37
32 26 13
32 27 28
32 28 8
32 29 11
32 30 21
32 31 18
32 32 52
32 33 2
32 35 32
32 36 15
32 38 47
32 39 31
32 40 59
32 42 42
32 43 36
32 44 25
32 45 41
32 48 22
32 49 23
32 52 12
32 56 39
32 57 4
32 58 44
32 59 35
33 0 1
33 1 5
33 2 36
33 3 11
33 4 9
33 5 43
33 6 49
33 8 37
33 9 7
33 10 52
33 13 22
33 14 42
33 15 55
33 18 20
33 19 50
33 20 38
33 21 23
33 22 21
33 23 40
33 24 25
33 25 0
33 26 10
33 27 24
33 28 14
33 29 44
33 30 53
33 32 46
33 33 15
33 34 35
33 35 8
33 36 30
33 37 17
33 38 39
33 40 26
33 41 4
33 42 6
33 44 58
33 45 34
33 46 32
33 47 48
33 48 18
33 49 16
33 50 45
33 51 54
33 52 28
33 53 56
33 56 59
33 57 47
33 58 13
33 59 29
34 0 28
34 1 46
34 2 8
34 3 41
34 4 27
34 5 20
34 6 19
34 8 14
34 9 31
34 10 55
34 11 15
34 12 12
34 13 11
34 14 59
34 15 18
34 16 54
34 19 29
34 20 2
34 21 25
34 22 30
34 24 51
34 25 26
34 26 53
34 27 32
34 29 42
34 30 40
34 31 13
34 34 44
34 35 10
34 36 39
34 38 6
34 39 22
34 40 1
34 41 48
34 42 43
34 43 52
34 45 7
34 46 47
34 48 38
34 49 58
34 52 33
34 53 34
34 54 24
34 55 37
34 56 9
34 57 21
34 58 57
34 59 56
35 0 13
35 1 19
35 2 20
35 3 0
35 4 1
35 5 17
35 6 40
35 7 4
35 8 23
35 9 22
35 10 24
35 11 46
35 12 51
35 14 25
35 15 52
35 16 43
35 17 47
35 18 28
35 20 42
35 21 2
35 22 36
35 23 14
35 24 49
35 25 57
35 26 31
35 27 33
35 29 48
35 30 56
35 31 9
35 32 38
35 34 26
35 35 7
35 37 58
35 38 34
35 40 35
35 41 50
35 42 21
35 43 32
35 44 39
35 45 59
35 46 45
35 47 27
35 48 10
35 49 44
35 51 5
35 52 6
35 53 12
35 54 11
35 55 29
35 56 3
35 57 54
35 58 16
35 59 55
36 0 10
36 1 44
36 2 33
36 4 24
36 5 14
36 6 43
36 7 15
36 10 31
36 11 50
36 14 54
36 15 8
36 16 32
36 20 6
36 21 37
36 24 27
36 25 49
36 26 38
36 27 51
36 28 21
36 29 17
36 30 9
36 31 48
36 32 26
36 33 59
36 35 41
36 36 45
36 37 13
36 38 52
36 39 53
36 40 2
36 41 58
36 42 11
36 43 47
36 45 3
36 46 34
36 47 36
36 48 46
36 49 1
36 50 16
36 51 55
36 52 56
36 53 18
36 54 39
36 55 28
36 56 25
36 57 20
36 59 5
37 2 14
37 3 15
37 4 12
37 6 6
37 7 7
37 8 10
37 10 4
37 11 29
37 12 45
37 13 8
37 14 3
37 15 33
37 16 17
37 18 41
37 19 39
37 20 54
37 21 26
37 24 58
37 26 9
37 27 53
37 28 5
37 29 55
37 30 42
37 31 24
37 34 56
37 36 43
37 37 11
37 38 50
37 39 52
37 40 30
37 42 36
37 43 48
37 44 22
37 45 16
37 46 21
37 47 32
37 48 23
37 49 57
37 52 51
37 54 59
37 55 27
37 57 25
37 58 38
38 0 53
38 1 42
38 2 51
38 4 28
38 5 55
38 7 58
38 8 6
38 9 39
38 10 22
38 11 52
38 12 17
38 15 54
38 16 31
38 20 3
38 21 15
38 23 26
38 24 12
38 25 56
38 27 30
38 28 25
38 29 5
38 30 50
38 31 10
38 32 45
38 34 29
38 35 23
38 37 38
38 38 4
38 39 41
38 40 7
38 43 59
38 44 14
38 45 49
38 46 44
38 48 43
38 49 0
38 52 8
38 53 11
38 55 18
38 56 24
38 57 48
38 59 34
39 0 2
39 1 30
39 2 11
39 3 40
39 4 50
39 5 27
39 6 16
39 9 14
39 10 15
39 11 0
39 12 47
39 13 49
39 16 42
39 18 4
39 19 34
39 20 9
39 23 10
39 24 45
39 26 44
39 27 38
39 29 29
39 30 8
39 31 51
39 35 37
39 36 19
39 37 33
39 38 28
39 39 18
39 40 58
39 41 43
39 42 46
39 43 41
39 44 54
39 46 24
39 47 26
39 50 31
39 51 35
39 52 5
39 53 57
39 54 25
39 55 23
39 56 52
39 57 13
39 58 22
39 59 6
40 1 17
40 2 32
40 5 6
40 7 59
40 8 50
40 11 44
40 12 29
40 13 16
40 14 41
40 15 38
40 16 0
40 18 26
40 19 48
40 20 5
40 22 58
40 24 20
40 25 13
40 26 12
40 28 47
40 29 7
40 30 30
40 32 8
40 33 18
40 34 52
40 35 3
40 36 22
40 38 43
40 39 28
40 41 40
40 42 35
40 43 37
40 44 56
40 45 25
40 46 4
40 47 21
40 48 36
40 49 39
40 52 14
40 53 46
40 54 45
40 55 53
40 56 11
40 59 31
41 2 12
41 3 9
41 4 43
41 5 56
41 7 45
41 8 33
41 9 0
41 10 5
41 12 32
41 13 25
41 14 18
41 15 39
41 16 28
41 17 40
41 18 19
41 19 54
41 20 57
41 22 47
41 23 35
41 24 26
41 25 11
41 26 22
41 27 31
41 28 38
41 29 41
41 30 20
41 31 7
41 32 55
41 33 8
41 34 2
41 35 50
41 36 58
41 37 48
41 38 30
41 39 13
41 40 4
41 41 27
41 42 23
41 43 51
41 44 36
41 46 1
41 47 6
41 48 17
41 49 59
41 53 37
41 54 49
41 56 34
41 57 46
41 58 10
41 59 16
42 1 10
42 2 52
42 3 2
42 4 48
42 5 21
42 6 1
42 7 27
42 10 53
42 12 31
42 13 39
42 15 28
42 16 26
42 17 6
42 18 29
42 20 44
42 21 50
42 22 32
42 23 15
42 26 17
42 27 41
42 28 0
42 30 19
42 31 42
42 32 5
42 34 51
42 35 20
42 36 56
42 37 54
42 38 37
42 39 16
42 41 49
42 42 12
42 43 4
42 44 46
42 45 9
42 46 33
42 47 7
42 48 24
42 49 34
42 50 38
42 52 57
42 53 30
42 54 13
42 55 35
42 56 18
42 57 59
42 58 47
43 0 8
43 1 47
43 3 49
43 4 56
43 5 25
43 6 17
43 7 16
43 8 59
43 9 28
43 10 18
43 12 13
43 13 55
43 14 26
43 15 9
43 16 2
43 17 5
43 19 15
43 20 52
43 21 41
43 22 10
43 23 37
43 24 35
43 25 33
43 26 21
43 28 29
43 29 23
43 30 36
43 33 43
43 34 58
43 35 11
43 37 0
43 38 3
43 39 24
43 43 39
43 44 7
43 45 27
43 46 48
43 47 53
43 49 12
43 50 30
43 51 22
43 52 19
43 53 6
43 54 42
43 55 38
43 56 54
43 57 45
43 58 34
43 59 57
44 0 17
44 1 7
44 2 21
44 3 8
44 4 4
44 5 3
44 6 26
44 7 20
44 8 5
44 9 47
44 10 54
44 11 45
44 12 34
44 13 37
44 14 44
44 15 22
44 16 39
44 17 43
44 19 30
44 20 46
44 21 56
44 22 14
44 23 12
44 24 53
44 25 42
44 26 29
44 27 19
44 28 13
44 29 0
44 30 31
44 32 49
44 33 24
44 34 57
44 35 28
44 36 40
44 37 10
44 38 11
44 39 15
44 40 32
44 41 52
44 42 33
44 43 16
44 45 35
44 46 18
44 47 55
44 48 9
44 49 27
44 51 41
44 52 23
44 55 50
44 56 6
44 57 2
44 58 25
44 59 48
45 0 21
45 3 19
45 5 53
45 6 41
45 7 23
45 9 58
45 10 3
45 11 13
45 12 33
45 13 14
45 14 8
45 15 46
45 16 37
45 17 17
45 18 11
45 19 35
45 20 20
45 21 31
45 23 55
45 24 2
45 25 48
45 26 59
45 27 4
45 28 10
45 29 22
45 31 5
45 32 15
45 33 0
45 35 39
45 37 30
45 38 56
45 39 57
45 40 27
45 42 52
45 43 9
45 44 44
45 45 43
45 47 38
45 48 54
45 49 40
45 50 28
45 51 18
45 52 24
45 53 51
45 54 29
45 55 47
45 56 36
45 57 16
45 59 26
46 0 23
46 3 44
46 4 45
46 6 50
46 7 26
46 8 1
46 9 36
46 10 28
46 11 24
46 12 2
46 13 31
46 14 51
46 15 43
46 17 16
46 19 33
46 20 39
46 21 9
46 22 6
46 23 57
46 24 15
46 25 17
46 27 58
46 28 19
46 29 30
46 30 59
46 32 4
46 33 7
46 34 5
46 35 49
46 36 25
46 37 12
46 38 53
46 40 46
46 41 35
46 42 0
46 43 55
46 44 8
46 46 56
46 48 47
46 51 11
46 52 42
46 56 21
46 57 29
46 58 54
46 59 13
47 1 8
47 2 19
47 3 4
47 4 33
47 5 28
47 6 38
47 7 57
47 8 42
47 10 43
47 12 6
47 13 32
47 14 11
47 15 13
47 16 18
47 18 23
47 20 41
47 21 3
47 22 29
47 23 51
47 24 54
47 25 53
47 26 48
47 28 45
47 29 2
47 30 46
47 32 31
47 33 22
47 35 5
47 36 10
47 37 34
47 38 21
47 39 55
47 40 47
47 41 14
47 42 44
47 43 25
47 45 26
47 46 0
47 47 30
47 48 20
47 49 49
47 50 58
47 51 17
47 52 59
47 54 16
47 55 7
47 56 50
47 57 12
47 58 36
47 59 9
48 0 29
48 1 39
48 2 24
48 5 15
48 6 5
48 7 47
48 8 30
48 11 19
48 12 46
48 13 41
48 14 43
48 16 20
48 17 18
48 18 22
48 19 38
48 20 13
48 21 32
48 22 16
48 23 33
48 25 34
48 26 51
48 27 26
48 28 27
48 29 31
48 30 6
48 32 9
48 33 14
48 34 37
48 35 54
48 36 49
48 37 35
48 38 0
48 39 25
48 41 53
48 42 48
48 44 21
48 45 12
48 46 28
48 47 45
48 49 56
48 50 44
48 52 52
48 54 23
48 56 4
48 57 42
48 58 50
49 0 34
49 3 13
49 4 59
49 5 2
49 6 48
49 8 4
49 9 35
49 10 41
49 11 32
49 12 57
49 13 45
49 14 49
49 15 25
49 16 56
49 17 19
49 18 36
49 20 18
49 21 27
49 22 22
49 25 21
49 26 46
49 27 20
49 30 29
49 31 12
49 32 24
49 33 47
49 34 8
49 35 40
49 37 37
49 38 44
49 39 33
49 40 43
49 42 30
49 44 28
49 46 52
49 48 6
49 49 51
49 50 1
49 51 15
49 52 26
49 53 10
49 54 55
49 55 5
49 56 0
49 57 38
50 0 18
50 1 16
50 2 9
50 4 29
50 5 33
50 6 56
50 7 38
50 9 5
50 10 44
50 11 20
50 15 42
50 16 23
50 17 49
50 18 27
50 19 43
50 21 13
50 22 41
50 23 31
50 24 32
50 25 40
50 26 39
50 27 50
50 28 11
50 29 54
50 30 57
50 31 58
50 32 17
50 33 25
50 34 28
50 35 45
50 36 46
50 37 55
50 39 21
50 40 0
50 41 12
50 42 1
50 43 53
50 44 30
50 47 3
50 48 51
50 49 37
50 51 14
50 52 34
50 54 19
50 55 8
50 57 24
50 58 59
50 59 4
51 0 0
51 1 4
51 2 45
51 4 14
51 5 9
51 7 53
51 8 46
51 9 33
51 10 21
51 11 48
51 13 27
51 14 40
51 15 2
51 16 19
51 17 22
51 18 52
51 19 55
51 20 24
51 21 29
51 23 50
51 24 8
51 25 47
51 26 15
51 27 12
51 28 37
51 29 20
51 30 35
51 31 23
51 32 41
51 33 17
51 35 58
51 36 31
51 37 51
51 38 36
51 39 54
51 40 28
51 41 16
51 43 43
51 44 49
51 45 18
51 46 3
51 47 34
51 48 1
51 49 7
51 50 39
51 51 6
51 52 32
51 53 59
51 54 5
51 55 10
51 57 44
51 58 11
51 59 25
52 1 25
52 2 27
52 3 39
52 4 35
52 5 34
52 6 47
52 7 41
52 8 20
52 9 30
52 10 57
52 11 1
52 12 38
52 13 12
52 14 24
52 15 6
52 16 40
52 18 49
52 19 7
52 21 10
52 22 0
52 23 56
52 25 9
52 26 45
52 27 52
52 29 16
52 30 26
52 33 53
52 34 23
52 35 51
52 36 54
52 37 31
52 38 32
52 40 13
52 41 36
52 43 11
52 44 29
52 45 37
52 47 4
52 49 14
52 50 42
52 52 58
52 53 19
52 55 59
52 57 5
52 58 21
52 59 33
53 0 33
53 1 36
53 2 57
53 3 53
53 5 48
53 7 1
53 8 21
53 9 11
53 12 56
53 13 24
53 15 58
53 16 51
53 17 8
53 18 54
53 19 44
53 21 49
53 22 35
53 23 3
53 24 30
53 25 14
53 26 2
53 27 7
53 28 42
53 30 28
53 31 39
53 32 59
53 33 9
53 34 13
53 36 38
53 37 32
53 38 45
53 39 20
53 40 16
53 41 5
53 42 19
53 43 23
53 44 26
53 45 31
53 46 27
53 47 12
53 48 50
53 49 10
53 52 43
53 53 25
53 54 4
53 55 15
53 56 55
53 57 41
53 58 18
53 59 52
54 0 41
54 1 14
54 3 58
54 4 42
54 6 18
54 8 57
54 10 12
54 12 22
54 13 47
54 14 6
54 16 53
54 17 29
54 18 2
54 19 16
54 20 45
54 21 52
54 23 24
54 24 19
54 27 36
54 28 33
54 29 26
54 31 21
54 32 50
54 34 27
54 35 35
54 36 44
54 38 9
54 40 31
54 41 38
54 42 40
54 43 17
54 44 32
54 46 51
54 47 37
54 48 34
54 49 4
54 50 56
54 51 43
54 52 49
54 54 54
54 55 48
54 56 30
54 57 55
54 58 20
54 59 15
55 1 52
55 3 30
55 5 31
55 6 0
55 8 34
55 9 21
55 10 47
55 11 14
55 12 9
55 13 36
55 14 45
55 17 54
55 18 50
55 20 11
55 21 6
55 22 40
55 24 13
55 25 46
55 26 23
55 27 22
55 28 53
55 29 4
55 30 55
55 31 32
55 32 27
55 33 48
55 34 38
55 36 12
55 37 7
55 38 15
55 39 51
55 40 5
55 41 10
55 42 2
55 43 57
55 44 3
55 47 33
55 48 59
55 49 18
55 51 26
55 52 16
55 53 42
55 54 37
55 55 58
55 56 49
55 58 41
55 59 19
56 0 14
56 1 11
56 2 22
56 3 43
56 4 32
56 5 41
56 6 57
56 7 42
56 8 54
56 9 13
56 10 45
56 11 55
56 12 27
56 13 51
56 14 47
56 16 12
56 18 18
56 19 1
56 20 21
56 21 48
56 22 38
56 23 52
56 24 0
56 25 35
56 26 50
56 27 59
56 28 30
56 29 28
56 30 37
56 31 4
56 32 2
56 34 19
56 36 36
56 37 26
56 39 34
56 40 8
56 42 49
56 44 24
56 45 20
56 46 39
56 47 9
56 48 16
56 49 46
56 50 15
56 51 25
56 52 7
56 53 33
56 54 3
56 55 6
56 57 40
56 59 44
57 0 51
57 1 49
57 2 44
57 3 45
57 4 10
57 5 54
57 6 35
57 7 3
57 8 39
57 9 29
57 10 14
57 11 18
57 13 46
57 14 28
57 15 40
57 16 57
57 17 41
57 19 56
57 20 47
57 22 25
57 23 11
57 24 55
57 25 43
57 26 30
57 27 27
57 29 38
57 31 19
57 32 58
57 33 5
57 34 0
57 35 53
57 36 21
57 37 36
57 38 22
57 39 17
57 40 52
57 41 24
57 42 8
57 43 6
57 44 33
57 45 42
57 46 9
57 47 15
57 48 7
57 51 59
57 53 16
57 55 26
57 56 23
57 57 37
57 58 12
57 59 50
58 0 59
58 1 6
58 3 35
58 5 19
58 6 12
58 7 44
58 8 11
58 9 46
58 10 32
58 11 33
58 13 48
58 14 20
58 15 53
58 16 49
58 17 21
58 18 30
58 19 47
58 20 7
58 21 39
58 22 15
58 23 58
58 25 45
58 26 52
58 29 8
58 30 18
58 31 56
58 32 28
58 33 37
58 35 25
58 36 55
58 37 24
58 38 57
58 39 36
58 40 9
58 41 31
58 42 27
58 43 38
58 44 17
58 45 2
58 47 1
58 48 4
58 49 42
58 50 0
58 51 50
58 52 29
58 53 22
58 54 34
58 55 51
58 56 5
58 57 26
58 58 43
59 0 20
59 1 29
59 3 32
59 4 19
59 5 11
59 6 39
59 7 54
59 8 41
59 9 15
59 11 35
59 12 28
59 13 3
59 14 2
59 15 24
59 16 46
59 18 51
59 19 4
59 20 8
59 21 0
59 24 34
59 25 27
59 26 56
59 27 1
59 28 26
59 29 21
59 30 48
59 31 14
59 32 10
59 33 16
59 34 18
59 36 52
59 37 6
59 38 12
59 39 42
59 40 37
59 41 55
59 43 31
59 46 57
59 48 5
59 49 13
59 51 7
59 53 50
59 54 44
59 55 40
59 57 17
59 58 45
