70
0 9 63
0 10 11
0 11 25
0 13 0
0 15 3
0 16 47
0 23 22
0 29 14
0 31 10
0 32 35
0 33 59
0 36 42
0 37 49
0 38 68
0 43 36
0 47 24
0 51 1
0 57 15
0 61 39
0 65 16
0 67 13
1 0 12
1 3 9
1 4 1
1 8 21
1 10 46
1 12 17
1 17 2
1 19 31
1 20 59
1 24 66
1 26 28
1 27 37
1 29 26
1 33 50
1 34 61
1 41 24
1 45 29
1 50 13
1 53 5
1 56 34
1 57 32
1 62 52
1 63 42
1 65 43
2 1 32
2 10 1
2 17 34
2 18 16
2 19 48
2 26 64
2 31 5
2 33 39
2 35 6
2 37 8
2 38 29
2 46 35
2 49 18
2 51 43
2 52 50
2 56 58
2 65 66
2 66 60
2 69 42
3 6 35
3 11 39
3 15 16
3 17 1
3 18 14
3 19 28
3 21 55
3 23 42
3 27 43
3 32 12
3 35 22
3 38 27
3 45 50
3 46 68
3 51 60
3 54 69
3 58 19
3 67 10
4 0 7
4 2 18
4 3 41
4 9 65
4 10 36
4 11 29
4 13 19
4 16 48
4 19 22
4 22 24
4 24 16
4 30 62
4 31 50
4 32 11
4 35 38
4 36 49
4 39 3
4 45 6
4 46 20
4 53 52
4 61 33
4 66 64
4 67 44
4 69 67
5 2 67
5 3 17
5 4 8
5 9 34
5 13 24
5 15 53
5 21 62
5 22 25
5 24 29
5 25 37
5 26 44
5 31 61
5 32 42
5 35 23
5 36 68
5 39 45
5 41 57
5 44 48
5 47 64
5 48 7
5 49 46
5 52 31
5 58 16
5 59 5
5 61 56
5 63 9
5 65 30
5 69 35
6 5 39
6 12 15
6 13 35
6 15 24
6 16 5
6 17 27
6 25 34
6 34 57
6 37 2
6 40 43
6 50 46
6 51 45
6 57 64
6 59 65
6 68 62
7 15 27
7 19 17
7 22 45
7 24 10
7 26 38
7 28 59
7 36 67
7 37 52
7 40 16
7 45 1
7 54 2
7 55 13
7 58 40
7 62 25
7 67 30
7 68 50
8 1 59
8 2 19
8 3 48
8 4 17
8 5 33
8 6 9
8 9 8
8 10 53
8 14 16
8 16 10
8 21 31
8 22 68
8 27 14
8 29 38
8 30 5
8 34 23
8 37 11
8 39 63
8 41 2
8 42 35
8 43 67
8 44 64
8 46 42
8 51 55
8 56 29
8 60 1
8 66 49
8 67 21
8 69 43
9 3 13
9 5 50
9 13 33
9 18 19
9 19 11
9 20 36
9 21 61
9 28 47
9 29 17
9 30 54
9 34 18
9 39 28
9 42 65
9 46 22
9 50 8
9 51 2
9 52 44
9 54 10
9 61 37
9 66 42
9 69 58
10 0 48
10 6 62
10 8 0
10 9 22
10 10 65
10 15 13
10 16 56
10 37 40
10 38 51
10 43 5
10 48 25
10 53 16
10 54 28
10 55 19
10 60 9
10 63 30
11 2 23
11 6 6
11 7 45
11 8 17
11 15 2
11 16 54
11 17 40
11 19 9
11 24 1
11 29 49
11 32 33
11 37 50
11 42 56
11 44 27
11 46 15
11 47 5
11 51 44
11 54 32
11 59 29
11 60 34
11 61 19
11 63 61
11 66 67
11 68 51
12 2 29
12 3 69
12 5 15
12 10 22
12 14 36
12 23 37
12 24 30
12 29 25
12 30 6
12 31 64
12 34 39
12 36 18
12 40 24
12 43 61
12 49 34
12 51 23
12 54 20
12 55 48
12 57 11
12 62 31
12 64 49
12 66 40
12 67 33
13 2 17
13 4 22
13 5 48
13 9 4
13 10 51
13 15 59
13 16 44
13 17 39
13 18 54
13 19 15
13 24 0
13 28 57
13 34 21
13 36 35
13 38 50
13 39 38
13 42 61
13 48 53
13 53 12
13 60 25
13 61 47
13 67 65
13 69 37
14 1 29
14 8 66
14 11 55
14 12 46
14 13 12
14 14 54
14 15 63
14 18 41
14 22 4
14 23 14
14 24 57
14 25 42
14 31 62
14 32 16
14 38 20
14 39 48
14 44 39
14 47 68
14 49 0
14 50 21
14 52 34
14 56 33
14 58 36
14 61 31
14 65 50
14 67 7
15 1 36
15 2 22
15 11 69
15 13 2
15 24 52
15 26 20
15 32 47
15 33 53
15 41 0
15 43 65
15 53 60
15 56 23
15 63 4
15 64 37
15 65 33
16 2 61
16 4 50
16 9 69
16 12 56
16 15 51
16 16 38
16 19 40
16 23 39
16 24 12
16 29 8
16 32 4
16 33 52
16 40 0
16 42 55
16 47 15
16 49 14
16 50 49
16 54 60
16 56 21
16 62 64
16 67 2
16 68 5
17 0 55
17 9 9
17 11 14
17 13 41
17 19 45
17 20 63
17 27 62
17 34 2
17 37 39
17 39 25
17 41 21
17 45 11
17 46 6
17 47 40
17 52 56
17 55 53
17 58 35
17 61 42
17 63 54
17 64 29
18 0 66
18 1 47
18 3 38
18 4 42
18 6 17
18 7 19
18 8 13
18 9 11
18 10 54
18 13 14
18 14 69
18 20 34
18 22 51
18 24 60
18 27 31
18 29 59
18 31 28
18 33 68
18 34 3
18 35 57
18 50 55
18 51 16
18 52 37
18 56 43
18 59 48
18 61 45
18 63 24
18 68 18
19 1 64
19 2 56
19 6 55
19 7 62
19 8 8
19 16 29
19 18 2
19 23 19
19 24 53
19 29 21
19 32 23
19 33 57
19 34 14
19 35 25
19 36 36
19 40 18
19 43 35
19 45 58
19 49 68
19 55 38
19 61 52
19 62 7
19 63 3
20 2 45
20 3 28
20 4 29
20 6 67
20 10 64
20 13 59
20 17 32
20 21 15
20 22 38
20 28 56
20 32 26
20 34 9
20 35 19
20 36 3
20 37 18
20 40 46
20 42 60
20 45 62
20 47 4
20 48 20
20 50 68
20 52 61
20 53 53
20 60 35
20 63 55
20 64 6
20 67 17
20 68 11
21 8 69
21 20 29
21 22 37
21 25 18
21 26 19
21 27 66
21 28 9
21 29 40
21 30 63
21 31 46
21 32 10
21 35 59
21 36 6
21 37 60
21 43 16
21 47 35
21 51 49
21 54 52
21 64 5
22 2 44
22 4 19
22 8 35
22 11 48
22 12 61
22 13 36
22 14 9
22 24 49
22 29 43
22 31 65
22 33 31
22 36 28
22 37 56
22 40 54
22 41 39
22 42 29
22 43 18
22 50 53
22 55 45
22 57 13
22 58 2
22 63 63
22 66 37
23 7 13
23 10 68
23 11 10
23 17 47
23 20 0
23 23 21
23 26 4
23 27 12
23 28 50
23 35 33
23 38 53
23 39 66
23 51 17
23 52 7
23 54 59
23 59 14
23 61 1
23 64 55
23 65 24
23 68 43
24 0 27
24 1 48
24 3 67
24 5 14
24 6 41
24 9 39
24 10 45
24 11 31
24 14 35
24 16 69
24 17 37
24 18 11
24 21 49
24 29 28
24 32 29
24 37 53
24 38 3
24 44 65
24 45 63
24 52 17
24 54 15
24 55 36
24 57 18
24 61 44
24 62 42
24 67 58
25 0 41
25 3 40
25 5 47
25 8 38
25 16 28
25 18 45
25 20 8
25 28 66
25 29 22
25 31 36
25 34 11
25 39 53
25 41 14
25 43 57
25 45 54
25 46 32
25 51 33
25 54 49
25 57 26
25 60 64
26 2 42
26 5 41
26 6 65
26 8 19
26 10 47
26 16 14
26 20 23
26 24 8
26 25 9
26 30 39
26 32 0
26 35 43
26 37 34
26 39 67
26 41 7
26 45 16
26 49 32
26 57 56
26 59 53
26 60 31
26 65 29
26 66 20
27 3 22
27 5 42
27 8 32
27 11 65
27 18 31
27 19 33
27 20 66
27 24 58
27 28 21
27 30 41
27 40 20
27 41 15
27 44 54
27 45 49
27 48 18
27 51 39
27 52 0
27 53 51
27 56 17
27 66 61
28 0 20
28 2 40
28 3 23
28 5 44
28 9 0
28 11 27
28 16 31
28 21 12
28 22 49
28 23 69
28 26 42
28 29 45
28 31 39
28 32 15
28 37 63
28 44 21
28 45 38
28 48 64
28 51 8
28 53 19
28 54 53
28 59 62
28 63 14
28 69 26
29 3 45
29 4 43
29 8 33
29 13 64
29 15 34
29 17 36
29 18 60
29 20 44
29 24 5
29 28 29
29 29 65
29 34 10
29 35 40
29 40 49
29 41 53
29 44 47
29 45 19
29 52 21
29 55 55
29 56 51
29 61 20
29 64 13
29 65 9
30 0 6
30 6 5
30 12 43
30 18 46
30 28 12
30 30 42
30 33 44
30 34 17
30 35 21
30 39 39
30 41 38
30 43 10
30 53 48
30 54 7
30 55 32
30 56 64
30 59 50
30 63 31
31 1 13
31 7 4
31 14 55
31 15 0
31 19 57
31 21 24
31 29 61
31 32 32
31 36 59
31 41 58
31 44 17
31 45 5
31 47 63
31 50 18
31 51 42
31 53 2
31 56 52
31 68 23
32 3 39
32 5 16
32 6 31
32 17 15
32 18 30
32 26 41
32 32 13
32 35 64
32 37 24
32 41 40
32 43 58
32 46 63
32 48 62
32 52 35
32 53 57
32 55 25
32 57 69
32 60 43
32 62 9
32 63 38
32 64 7
32 65 23
32 68 45
32 69 55
33 3 29
33 12 34
33 13 51
33 15 57
33 21 5
33 27 36
33 29 66
33 34 31
33 38 17
33 48 1
33 53 56
33 63 27
34 0 35
34 1 52
34 6 22
34 11 18
34 16 53
34 17 58
34 22 31
34 26 55
34 28 6
34 29 34
34 31 2
34 32 41
34 36 24
34 37 45
34 39 5
34 41 61
34 42 8
34 44 29
34 54 38
34 59 3
34 61 32
34 62 50
34 64 60
34 67 20
34 69 40
35 0 39
35 4 32
35 8 14
35 10 19
35 11 59
35 12 41
35 15 36
35 19 20
35 20 24
35 21 67
35 25 65
35 28 31
35 32 57
35 33 26
35 35 58
35 39 42
35 41 54
35 42 34
35 47 33
35 52 53
35 53 30
35 58 1
35 61 15
35 67 11
36 2 2
36 3 7
36 5 54
36 6 36
36 8 57
36 10 38
36 12 29
36 13 34
36 14 15
36 15 1
36 16 59
36 18 44
36 21 47
36 23 3
36 26 9
36 29 13
36 30 16
36 31 0
36 32 39
36 36 46
36 41 60
36 45 31
36 47 25
36 48 65
36 52 49
36 54 21
36 66 18
37 0 13
37 3 54
37 6 10
37 7 21
37 9 20
37 12 2
37 14 30
37 15 25
37 16 22
37 19 51
37 21 1
37 27 15
37 29 24
37 40 42
37 46 61
37 54 41
37 55 4
37 57 27
37 59 26
37 60 19
37 61 46
37 62 65
37 65 17
38 0 44
38 2 31
38 9 37
38 11 16
38 15 26
38 25 56
38 32 46
38 33 48
38 36 7
38 37 36
38 40 29
38 41 5
38 47 3
38 49 40
38 52 47
38 53 38
38 56 15
38 59 43
38 69 13
39 0 18
39 1 5
39 3 31
39 6 29
39 12 30
39 22 66
39 24 46
39 27 3
39 40 11
39 41 62
39 43 49
39 50 67
39 53 13
39 55 56
39 56 50
39 58 23
39 61 0
39 63 20
39 65 39
40 1 40
40 3 66
40 5 23
40 10 43
40 32 21
40 35 49
40 39 47
40 51 38
40 56 26
40 61 11
40 63 36
40 64 50
41 5 37
41 6 15
41 13 43
41 15 67
41 19 19
41 20 16
41 22 18
41 23 45
41 32 59
41 38 28
41 39 33
41 42 22
41 44 40
41 50 39
41 53 10
41 58 0
41 61 2
41 64 62
41 66 53
42 0 21
42 3 19
42 6 12
42 12 36
42 23 26
42 30 60
42 33 40
42 34 35
42 35 8
42 37 48
42 50 28
42 52 11
42 58 68
42 65 34
42 68 29
43 0 59
43 5 63
43 9 66
43 12 27
43 14 45
43 23 17
43 25 58
43 29 62
43 31 54
43 33 3
43 40 50
43 43 37
43 44 18
43 46 49
43 48 15
43 49 12
43 50 16
43 52 23
43 53 7
43 56 41
43 64 25
43 69 22
44 2 4
44 3 68
44 6 50
44 8 2
44 12 20
44 13 48
44 18 66
44 20 21
44 26 32
44 28 45
44 31 35
44 34 64
44 36 29
44 41 9
44 44 6
44 46 60
44 52 15
44 54 30
44 55 0
44 58 34
44 59 54
44 61 40
44 66 8
45 1 53
45 2 39
45 13 50
45 14 41
45 18 59
45 21 34
45 22 15
45 25 60
45 30 29
45 36 63
45 37 0
45 38 2
45 41 25
45 53 33
45 61 12
46 11 32
46 12 33
46 15 55
46 18 4
46 20 31
46 23 11
46 24 59
46 32 38
46 35 9
46 37 35
46 41 36
46 43 50
46 46 29
46 48 3
46 51 40
46 52 13
46 54 47
46 61 18
46 62 15
46 65 68
46 66 27
46 67 16
47 1 26
47 2 62
47 12 57
47 15 41
47 16 51
47 19 60
47 20 45
47 25 50
47 26 46
47 31 23
47 32 58
47 33 30
47 41 35
47 47 36
47 48 48
47 52 3
47 54 8
47 55 43
47 59 7
47 61 22
47 63 33
47 64 0
47 68 42
48 6 34
48 9 55
48 12 23
48 16 50
48 21 38
48 24 6
48 27 13
48 28 41
48 30 15
48 31 53
48 36 51
48 42 43
48 50 30
48 52 24
48 53 35
48 55 20
48 57 7
48 59 49
48 60 37
48 62 21
48 66 22
49 2 28
49 4 25
49 5 40
49 8 54
49 10 9
49 12 12
49 14 21
49 15 10
49 16 41
49 17 35
49 22 20
49 23 15
49 24 43
49 25 24
49 30 19
49 33 7
49 34 58
49 36 31
49 41 49
49 42 59
49 52 2
49 54 50
49 60 56
49 62 13
49 67 34
50 1 2
50 2 35
50 3 25
50 4 18
50 8 22
50 10 23
50 11 54
50 12 0
50 18 43
50 19 68
50 22 26
50 23 48
50 24 28
50 27 21
50 29 30
50 30 59
50 37 64
50 39 20
50 42 38
50 45 32
50 46 19
50 47 56
50 48 40
50 51 69
50 53 15
50 56 49
50 57 5
50 61 13
50 62 12
50 63 51
50 68 9
51 0 1
51 2 66
51 5 30
51 15 29
51 17 24
51 19 35
51 20 62
51 23 23
51 25 46
51 27 55
51 32 50
51 38 40
51 40 41
51 45 45
51 46 12
51 49 56
51 59 33
51 60 69
51 61 21
51 63 7
52 3 47
52 7 54
52 9 49
52 12 35
52 14 7
52 19 30
52 24 3
52 27 8
52 31 29
52 34 56
52 42 69
52 47 12
52 50 65
52 52 28
52 66 62
53 3 2
53 5 9
53 8 26
53 9 50
53 11 56
53 16 0
53 17 29
53 20 20
53 21 43
53 22 57
53 24 11
53 30 17
53 32 44
53 38 10
53 39 23
53 47 66
53 48 6
53 49 45
53 51 63
53 54 39
53 56 69
53 60 41
53 67 32
53 68 31
53 69 53
54 1 6
54 4 21
54 8 29
54 12 25
54 17 56
54 21 42
54 26 11
54 32 19
54 35 51
54 40 39
54 41 52
54 46 37
54 48 45
54 50 57
54 55 9
54 56 3
54 62 14
54 67 18
55 0 60
55 6 8
55 9 68
55 10 21
55 11 0
55 14 62
55 16 18
55 17 5
55 19 41
55 20 64
55 22 50
55 25 19
55 31 56
55 34 49
55 35 42
55 36 2
55 39 11
55 43 4
55 53 14
55 54 9
55 63 39
55 67 1
56 3 59
56 4 67
56 5 22
56 8 1
56 13 4
56 19 34
56 20 43
56 21 64
56 25 57
56 27 48
56 28 26
56 38 36
56 44 12
56 47 8
56 48 2
56 50 63
56 55 37
56 59 15
56 61 50
56 62 66
56 64 23
56 68 56
57 6 21
57 8 55
57 10 30
57 12 19
57 14 22
57 17 49
57 21 35
57 23 4
57 26 47
57 28 23
57 38 64
57 40 65
57 41 34
57 50 36
57 52 68
57 55 26
57 57 54
57 60 33
57 62 10
57 63 25
57 65 40
57 69 16
58 2 36
58 5 20
58 13 16
58 21 4
58 23 18
58 26 29
58 34 53
58 35 34
58 41 6
58 42 24
58 44 68
58 45 59
58 47 44
58 50 33
58 51 7
58 53 62
58 57 47
58 60 28
58 61 23
58 63 8
58 67 60
59 0 68
59 5 5
59 8 41
59 11 52
59 14 28
59 20 35
59 22 54
59 23 62
59 35 4
59 44 42
59 48 10
59 52 59
59 54 1
59 59 69
59 63 65
59 69 9
60 5 25
60 6 45
60 7 50
60 8 37
60 14 49
60 26 18
60 33 23
60 36 33
60 39 46
60 47 58
60 48 17
60 50 1
60 53 44
60 58 43
60 61 61
60 64 41
61 1 68
61 2 63
61 5 69
61 10 50
61 11 67
61 13 40
61 14 1
61 17 41
61 24 51
61 26 8
61 27 28
61 35 32
61 40 3
61 41 45
61 42 20
61 43 26
61 48 54
61 62 30
62 1 41
62 3 16
62 7 27
62 9 14
62 10 32
62 13 31
62 14 6
62 15 61
62 19 38
62 22 62
62 24 15
62 25 3
62 30 68
62 31 45
62 35 29
62 39 9
62 40 47
62 44 35
62 48 0
62 51 20
62 53 34
62 56 8
62 57 10
62 58 30
62 63 18
62 65 11
62 69 19
63 0 62
63 11 42
63 12 10
63 21 45
63 22 3
63 28 43
63 29 31
63 31 19
63 32 67
63 37 15
63 48 26
63 49 63
63 55 69
63 60 66
63 61 53
63 65 21
63 66 30
64 0 2
64 6 66
64 7 29
64 9 40
64 21 37
64 23 6
64 25 21
64 30 8
64 38 58
64 39 55
64 40 19
64 44 45
64 47 11
64 51 12
64 53 67
64 54 25
64 60 0
64 61 5
64 65 36
64 66 43
65 8 68
65 15 43
65 22 28
65 24 55
65 31 12
65 37 21
65 38 44
65 39 59
65 46 18
65 49 50
65 62 45
65 64 33
65 66 46
66 1 9
66 9 32
66 12 62
66 20 69
66 23 2
66 26 50
66 27 38
66 29 46
66 35 54
66 36 40
66 37 44
66 47 41
66 52 51
66 54 45
66 61 8
66 66 13
66 68 20
66 69 63
67 0 0
67 1 65
67 4 46
67 8 64
67 10 60
67 13 27
67 15 38
67 17 23
67 19 6
67 21 8
67 22 35
67 25 7
67 26 67
67 28 39
67 29 10
67 31 41
67 38 14
67 53 43
67 57 53
67 60 58
67 62 17
67 63 5
67 65 25
68 1 18
68 2 13
68 6 54
68 8 28
68 16 60
68 18 23
68 19 1
68 23 27
68 25 52
68 27 64
68 29 41
68 34 50
68 39 57
68 48 31
68 50 22
68 54 26
68 55 68
68 56 6
68 59 46
68 61 36
68 63 58
68 64 30
68 65 37
69 2 49
69 6 51
69 9 26
69 12 66
69 14 38
69 19 61
69 20 25
69 21 40
69 28 24
69 30 45
69 34 48
69 41 41
69 45 3
69 49 31
69 53 54
69 54 58
69 67 50
