60
0 0 56
0 1 6
0 2 47
0 4 8
0 5 50
0 6 45
0 8 19
0 9 18
0 10 35
0 12 31
0 14 21
0 15 40
0 17 36
0 19 39
0 21 24
0 22 54
0 23 49
0 25 23
0 26 20
0 27 48
0 29 41
0 30 53
0 31 52
0 32 12
0 34 30
0 36 3
0 37 7
0 38 42
0 39 9
0 40 15
0 41 2
0 42 5
0 43 32
0 46 10
0 49 28
0 52 16
0 54 33
0 57 58
0 58 1
0 59 14
1 1 15
1 3 17
1 8 40
1 11 4
1 12 54
1 13 6
1 14 28
1 17 56
1 18 16
1 19 48
1 21 5
1 22 13
1 25 55
1 26 14
1 28 38
1 29 9
1 32 35
1 33 1
1 34 7
1 35 44
1 36 26
1 37 47
1 39 39
1 40 37
1 41 36
1 42 10
1 44 50
1 46 12
1 47 45
1 49 41
1 52 31
1 53 27
1 54 19
1 55 8
1 56 34
1 57 20
1 59 33
2 0 2
2 3 5
2 4 56
2 5 12
2 6 22
2 8 26
2 10 4
2 12 0
2 13 25
2 17 14
2 21 18
2 22 10
2 23 37
2 24 50
2 26 41
2 28 28
2 29 11
2 30 13
2 35 49
2 36 21
2 40 48
2 41 45
2 42 33
2 43 30
2 45 20
2 46 54
2 50 15
2 51 27
2 52 17
2 53 6
2 54 42
2 55 35
2 59 24
3 0 28
3 1 41
3 2 50
3 5 3
3 6 9
3 7 46
3 8 36
3 9 7
3 11 21
3 12 19
3 13 0
3 14 34
3 17 32
3 18 5
3 19 12
3 20 37
3 21 4
3 22 43
3 24 18
3 25 30
3 30 11
3 31 23
3 32 58
3 33 8
3 36 2
3 40 51
3 41 33
3 43 40
3 44 16
3 46 39
3 47 13
3 48 56
3 49 44
3 50 42
3 52 14
3 53 47
3 55 27
3 56 26
3 59 57
4 0 59
4 2 35
4 3 2
4 4 32
4 6 50
4 7 10
4 8 38
4 9 27
4 10 9
4 12 58
4 14 18
4 15 45
4 16 20
4 18 37
4 19 21
4 20 55
4 21 30
4 22 11
4 23 54
4 26 33
4 30 42
4 31 48
4 32 51
4 34 19
4 37 12
4 40 31
4 42 22
4 45 14
4 47 36
4 48 4
4 50 44
4 52 56
4 53 52
4 54 5
4 56 25
4 57 40
4 59 29
5 0 36
5 3 52
5 5 23
5 7 59
5 8 37
5 11 33
5 12 45
5 15 15
5 16 32
5 17 8
5 18 50
5 19 51
5 24 0
5 26 22
5 27 31
5 28 10
5 29 55
5 31 46
5 33 13
5 34 20
5 35 21
5 37 54
5 38 5
5 39 56
5 40 11
5 42 49
5 43 4
5 44 7
5 45 26
5 46 9
5 47 43
5 52 25
5 53 48
5 55 19
5 58 47
6 4 43
6 7 1
6 9 52
6 10 40
6 12 7
6 14 19
6 15 5
6 17 23
6 18 22
6 19 37
6 21 47
6 22 28
6 23 13
6 25 56
6 26 29
6 27 55
6 28 45
6 29 50
6 30 34
6 31 18
6 32 21
6 33 59
6 34 25
6 36 57
6 38 6
6 39 14
6 40 10
6 42 51
6 45 44
6 46 38
6 47 15
6 50 8
6 52 32
6 53 49
6 54 30
6 55 4
6 56 20
6 59 36
7 0 34
7 1 31
7 3 58
7 4 21
7 6 24
7 7 13
7 8 44
7 9 10
7 12 47
7 13 27
7 14 2
7 15 57
7 16 16
7 17 55
7 18 4
7 19 40
7 21 33
7 22 37
7 23 7
7 24 51
7 26 46
7 29 42
7 30 41
7 31 29
7 34 39
7 35 22
7 36 14
7 37 8
7 42 45
7 43 18
7 47 48
7 49 12
7 52 59
7 54 6
7 56 30
7 57 54
7 58 23
7 59 5
8 2 58
8 4 30
8 8 31
8 10 32
8 11 13
8 12 50
8 14 46
8 16 51
8 17 41
8 21 37
8 22 49
8 23 42
8 24 56
8 26 38
8 27 14
8 28 55
8 31 25
8 33 54
8 34 33
8 35 17
8 36 11
8 38 19
8 39 7
8 43 59
8 44 40
8 49 36
8 56 2
8 57 29
8 59 10
9 0 51
9 2 10
9 3 38
9 4 55
9 8 48
9 11 17
9 13 26
9 14 42
9 15 52
9 18 2
9 19 0
9 23 43
9 30 47
9 31 19
9 32 57
9 33 9
9 34 46
9 36 50
9 37 41
9 42 36
9 43 56
9 44 59
9 46 28
9 47 1
9 48 11
9 51 18
9 52 39
9 54 21
9 56 31
9 57 34
10 0 9
10 1 48
10 2 42
10 7 35
10 9 30
10 10 44
10 11 53
10 12 32
10 13 15
10 16 39
10 17 19
10 18 52
10 22 25
10 24 29
10 26 26
10 27 33
10 28 14
10 29 24
10 31 5
10 32 28
10 35 36
10 36 0
10 38 20
10 39 1
10 40 8
10 41 22
10 42 56
10 43 12
10 44 21
10 45 23
10 46 2
10 51 3
10 52 45
10 54 51
10 55 34
10 57 57
10 59 11
11 2 29
11 3 41
11 4 17
11 5 57
11 6 3
11 8 10
11 9 40
11 10 2
11 12 13
11 13 58
11 14 48
11 15 31
11 16 15
11 18 59
11 19 47
11 23 4
11 27 18
11 29 44
11 33 11
11 34 23
11 35 7
11 37 46
11 38 26
11 39 43
11 40 39
11 41 14
11 42 8
11 45 36
11 47 34
11 48 33
11 50 38
11 51 35
11 52 42
11 54 25
11 55 1
11 57 16
11 58 21
12 0 6
12 1 39
12 2 22
12 5 31
12 6 7
12 7 36
12 9 19
12 10 59
12 11 30
12 13 54
12 14 49
12 15 23
12 17 26
12 22 48
12 26 16
12 29 28
12 31 32
12 32 4
12 33 20
12 35 37
12 36 42
12 37 33
12 38 17
12 40 47
12 43 45
12 46 34
12 47 5
12 48 10
12 49 29
12 51 14
12 57 2
12 58 55
12 59 44
13 1 38
13 2 13
13 3 21
13 4 28
13 7 26
13 9 53
13 11 32
13 14 57
13 15 22
13 16 40
13 18 14
13 20 31
13 21 6
13 24 19
13 25 11
13 26 51
13 27 39
13 28 9
13 29 54
13 31 56
13 32 50
13 33 24
13 34 42
13 36 44
13 37 48
13 38 18
13 39 58
13 43 37
13 44 55
13 45 35
13 47 0
13 48 1
13 49 3
13 50 7
13 51 46
13 52 34
13 53 59
13 54 12
13 56 47
13 57 23
13 59 45
14 0 41
14 1 42
14 2 40
14 4 27
14 7 19
14 8 8
14 10 14
14 11 37
14 13 17
14 14 50
14 15 12
14 17 52
14 21 0
14 25 57
14 26 49
14 27 28
14 29 31
14 30 45
14 31 58
14 32 48
14 33 36
14 34 11
14 35 25
14 36 47
14 38 34
14 39 15
14 40 16
14 42 32
14 43 9
14 44 1
14 46 22
14 47 30
14 49 39
14 50 51
14 52 38
14 55 56
14 57 4
14 58 35
14 59 54
15 5 28
15 7 7
15 8 43
15 9 5
15 12 27
15 14 9
15 15 18
15 22 59
15 24 14
15 29 0
15 30 33
15 33 58
15 35 13
15 36 55
15 37 34
15 38 45
15 40 42
15 41 40
15 42 25
15 45 19
15 46 31
15 49 22
15 52 50
15 53 30
15 55 11
15 56 29
15 57 3
16 0 13
16 4 52
16 6 21
16 10 42
16 11 9
16 13 10
16 15 26
16 17 54
16 18 38
16 19 6
16 20 50
16 21 17
16 22 46
16 23 5
16 24 55
16 25 18
16 26 19
16 27 44
16 28 27
16 29 32
16 33 37
16 36 15
16 37 22
16 39 40
16 40 58
16 41 1
16 48 34
16 50 11
16 51 51
16 52 20
16 53 57
16 54 29
16 55 12
16 56 35
16 57 59
16 59 47
17 0 18
17 1 46
17 4 25
17 7 9
17 8 34
17 9 39
17 10 43
17 11 27
17 13 31
17 14 33
17 15 51
17 16 11
17 17 15
17 21 38
17 22 52
17 23 24
17 25 8
17 29 47
17 30 7
17 31 42
17 35 29
17 36 22
17 38 36
17 39 19
17 40 55
17 44 0
17 46 56
17 47 17
17 49 21
17 51 5
17 54 58
17 55 45
17 56 13
18 0 30
18 2 31
18 3 56
18 7 25
18 10 33
18 12 4
18 15 35
18 17 5
18 18 41
18 19 42
18 20 7
18 21 14
18 25 45
18 26 48
18 27 24
18 28 58
18 29 34
18 33 21
18 35 16
18 38 57
18 39 26
18 40 6
18 42 1
18 45 11
18 47 49
18 48 51
18 49 40
18 50 20
18 51 19
18 52 53
18 55 17
18 59 15
19 0 7
19 1 27
19 2 15
19 5 25
19 6 55
19 7 24
19 10 45
19 11 52
19 12 35
19 13 49
19 15 54
19 16 37
19 17 53
19 19 19
19 20 41
19 21 8
19 22 44
19 23 57
19 24 2
19 25 5
19 26 43
19 27 40
19 28 29
19 30 31
19 32 1
19 34 0
19 38 48
19 39 47
19 40 21
19 41 51
19 43 17
19 45 22
19 46 32
19 47 46
19 48 3
19 50 34
19 54 23
19 55 59
19 58 14
19 59 18
20 0 40
20 1 11
20 2 9
20 6 4
20 7 42
20 8 59
20 9 16
20 11 2
20 13 56
20 14 29
20 15 37
20 17 31
20 18 20
20 19 34
20 20 8
20 21 23
20 23 46
20 25 43
20 27 12
20 31 30
20 32 0
20 33 50
20 34 28
20 35 51
20 36 5
20 40 22
20 41 35
20 42 21
20 46 49
20 47 58
20 50 36
20 53 13
20 54 44
20 55 15
20 57 18
21 1 2
21 4 58
21 7 16
21 10 57
21 12 29
21 14 13
21 18 31
21 20 32
21 21 9
21 22 12
21 23 50
21 24 39
21 25 46
21 26 27
21 27 51
21 29 45
21 32 18
21 33 53
21 37 23
21 38 15
21 40 59
21 42 4
21 44 54
21 45 34
21 46 52
21 47 42
21 48 48
21 49 5
21 50 17
21 52 10
21 53 35
21 55 14
21 58 11
21 59 0
22 1 53
22 2 21
22 3 15
22 5 35
22 6 26
22 7 57
22 8 24
22 9 1
22 10 58
22 11 38
22 14 14
22 16 0
22 17 37
22 22 19
22 23 3
22 25 25
22 26 40
22 28 56
22 30 36
22 31 55
22 32 33
22 35 9
22 36 18
22 37 29
22 38 10
22 39 32
22 40 34
22 41 8
22 43 20
22 44 52
22 46 41
22 48 16
22 50 13
22 54 43
22 55 28
22 58 27
22 59 42
23 4 39
23 6 25
23 7 37
23 8 4
23 9 14
23 11 45
23 12 1
23 14 12
23 16 36
23 17 59
23 18 8
23 20 21
23 21 28
23 22 16
23 23 51
23 26 44
23 27 30
23 29 20
23 30 2
23 31 7
23 32 56
23 35 42
23 36 9
23 37 15
23 40 5
23 41 19
23 43 24
23 46 43
23 47 11
23 48 23
23 52 33
23 53 41
23 54 17
23 55 40
23 57 55
23 59 13
24 0 4
24 1 49
24 2 34
24 4 47
24 5 43
24 6 59
24 8 54
24 9 15
24 11 23
24 12 20
24 13 5
24 14 31
24 15 55
24 19 36
24 22 2
24 23 48
24 26 35
24 27 3
24 29 29
24 31 16
24 32 40
24 33 18
24 34 22
24 35 58
24 36 17
24 37 37
24 38 8
24 39 38
24 41 50
24 42 19
24 43 44
24 44 11
24 45 53
24 46 57
24 47 56
24 49 30
24 50 10
24 51 12
24 52 51
24 53 14
24 54 13
24 55 42
24 56 27
24 57 25
24 59 9
25 0 29
25 1 9
25 3 14
25 4 42
25 5 5
25 6 38
25 8 39
25 9 47
25 10 37
25 12 18
25 14 27
25 17 33
25 18 30
25 19 20
25 20 3
25 21 57
25 27 1
25 28 49
25 33 56
25 34 17
25 38 50
25 39 12
25 41 13
25 42 28
25 44 44
25 46 46
25 48 55
25 50 31
25 51 48
25 52 11
25 53 32
25 54 10
25 56 22
26 3 40
26 6 10
26 9 49
26 10 19
26 11 34
26 12 33
26 13 12
26 14 6
26 15 21
26 17 18
26 19 26
26 21 35
26 22 30
26 23 53
26 24 20
26 25 17
26 26 42
26 27 7
26 32 55
26 33 31
26 34 14
26 36 46
26 39 5
26 41 59
26 43 8
26 45 54
26 47 23
26 49 16
26 50 45
26 53 11
26 54 39
26 55 47
26 56 3
26 57 50
26 59 22
27 0 0
27 2 2
27 6 48
27 8 29
27 9 56
27 11 44
27 12 23
27 13 20
27 14 1
27 16 8
27 17 24
27 20 19
27 21 40
27 22 27
27 26 18
27 27 13
27 28 39
27 29 53
27 31 37
27 32 11
27 33 3
27 34 34
27 38 59
27 40 32
27 44 22
27 47 21
27 48 52
27 49 15
27 50 9
27 56 14
27 57 47
27 58 30
27 59 12
28 0 19
28 3 39
28 5 52
28 7 47
28 8 41
28 10 26
28 12 44
28 13 36
28 14 3
28 16 54
28 17 35
28 18 34
28 19 55
28 20 13
28 22 29
28 23 16
28 25 14
28 27 23
28 29 21
28 31 15
28 32 5
28 34 37
28 35 18
28 36 4
28 37 20
28 41 7
28 42 24
28 43 50
28 45 6
28 46 51
28 48 53
28 49 8
28 50 49
28 51 56
28 54 0
28 56 28
28 57 43
28 58 46
29 0 35
29 3 24
29 5 53
29 7 40
29 9 29
29 11 57
29 12 51
29 15 17
29 16 38
29 18 19
29 19 43
29 20 48
29 21 50
29 22 36
29 24 16
29 26 1
29 29 22
29 30 5
29 33 52
29 34 2
29 35 45
29 36 56
29 37 10
29 38 13
29 42 54
29 44 4
29 45 7
29 46 47
29 47 20
29 51 42
29 52 30
29 55 9
29 59 59
30 0 42
30 1 52
30 3 31
30 4 40
30 5 18
30 6 19
30 8 17
30 9 34
30 10 0
30 12 24
30 13 55
30 14 37
30 15 46
30 16 6
30 17 28
30 20 38
30 21 51
30 23 33
30 24 15
30 25 21
30 26 58
30 27 59
30 30 30
30 31 22
30 32 32
30 33 14
30 34 57
30 37 43
30 38 29
30 44 20
30 45 41
30 46 26
30 47 47
30 49 50
30 51 36
30 53 44
30 56 56
30 57 48
30 58 4
31 0 26
31 4 1
31 7 39
31 8 58
31 9 31
31 10 55
31 11 49
31 12 37
31 13 7
31 14 56
31 17 38
31 21 20
31 22 57
31 23 45
31 25 9
31 26 47
31 27 10
31 29 3
31 31 11
31 35 59
31 36 13
31 37 25
31 38 23
31 39 35
31 41 18
31 42 29
31 45 51
31 48 54
31 50 19
31 51 8
31 52 15
31 56 21
31 57 41
31 59 53
32 0 33
32 1 30
32 2 53
32 4 12
32 6 11
32 7 50
32 9 51
32 10 54
32 13 52
32 16 7
32 19 35
32 20 45
32 21 3
32 22 14
32 26 37
32 29 48
32 30 49
32 31 57
32 32 20
32 33 22
32 35 0
32 36 40
32 37 56
32 38 44
32 39 2
32 40 43
32 41 42
32 42 13
32 44 27
32 45 31
32 47 25
32 48 39
32 49 24
32 50 55
32 51 32
32 52 26
32 54 16
32 58 5
32 59 23
33 1 24
33 2 27
33 4 34
33 5 2
33 6 43
33 12 11
33 13 47
33 14 58
33 16 49
33 18 44
33 19 52
33 20 51
33 21 26
33 22 50
33 24 48
33 25 4
33 26 8
33 27 57
33 30 0
33 31 3
33 32 17
33 33 7
33 36 1
33 37 21
33 38 40
33 40 20
33 41 37
33 42 55
33 44 19
33 48 36
33 49 13
33 50 5
33 51 25
33 52 18
33 54 45
33 56 6
33 57 22
33 58 15
33 59 35
34 1 43
34 2 8
34 3 37
34 4 2
34 7 34
34 8 35
34 10 20
34 11 25
34 12 21
34 13 32
34 16 42
34 18 28
34 19 16
34 20 54
34 21 53
34 24 4
34 27 19
34 28 40
34 29 33
34 30 58
34 31 47
34 32 14
34 33 27
34 35 39
34 37 50
34 42 17
34 43 22
34 44 12
34 45 56
34 46 18
34 48 59
34 50 6
34 53 9
34 57 51
34 59 46
35 1 23
35 2 18
35 5 49
35 6 56
35 7 45
35 8 52
35 12 30
35 13 2
35 14 32
35 15 59
35 16 21
35 19 13
35 21 34
35 22 55
35 24 41
35 25 0
35 27 5
35 28 51
35 29 38
35 30 9
35 31 14
35 32 19
35 33 43
35 34 58
35 35 28
35 36 53
35 40 17
35 41 15
35 44 31
35 45 27
35 47 54
35 48 8
35 49 35
35 51 16
35 52 40
35 53 37
35 54 36
35 55 57
35 56 7
35 57 33
35 58 48
36 0 5
36 2 11
36 4 3
36 7 8
36 8 23
36 9 46
36 10 7
36 13 24
36 14 30
36 15 19
36 16 59
36 19 49
36 20 12
36 21 25
36 22 45
36 24 54
36 27 29
36 30 39
36 31 20
36 32 41
36 35 14
36 38 47
36 42 16
36 43 36
36 44 18
36 47 28
36 49 10
36 50 2
36 52 1
36 54 37
36 55 0
36 56 32
36 59 43
37 0 24
37 2 41
37 3 26
37 5 22
37 7 32
37 9 33
37 10 48
37 11 28
37 14 44
37 16 18
37 17 39
37 19 7
37 22 51
37 23 15
37 24 6
37 25 38
37 26 56
37 27 8
37 28 17
37 29 52
37 32 46
37 33 25
37 35 53
37 36 19
37 37 58
37 38 27
37 39 10
37 40 1
37 42 11
37 43 42
37 44 23
37 45 40
37 46 35
37 48 12
37 49 0
37 51 47
37 52 13
37 55 50
38 0 54
38 2 44
38 3 8
38 4 46
38 5 16
38 6 28
38 8 3
38 9 4
38 10 22
38 11 10
38 12 53
38 14 40
38 18 7
38 19 14
38 22 58
38 23 11
38 24 37
38 28 1
38 30 35
38 33 5
38 34 27
38 35 32
38 36 12
38 44 36
38 45 9
38 47 6
38 49 57
38 51 34
38 54 31
38 55 18
38 58 26
39 2 57
39 3 55
39 4 50
39 5 41
39 6 37
39 7 44
39 8 12
39 10 21
39 12 40
39 13 18
39 17 11
39 19 59
39 20 20
39 21 10
39 22 38
39 23 8
39 24 46
39 25 7
39 28 43
39 29 51
39 30 26
39 31 53
39 32 25
39 33 32
39 34 35
39 36 33
39 39 6
39 41 34
39 43 0
39 45 28
39 46 27
39 47 2
39 48 22
39 50 54
39 52 3
39 57 5
39 58 29
39 59 52
40 5 59
40 6 23
40 11 50
40 13 39
40 14 52
40 15 8
40 16 12
40 17 25
40 18 51
40 22 42
40 23 34
40 24 9
40 25 15
40 26 21
40 27 27
40 28 5
40 30 54
40 33 44
40 35 40
40 36 35
40 37 2
40 42 6
40 45 45
40 46 37
40 47 3
40 49 48
40 50 0
40 52 22
40 53 36
40 54 53
40 55 55
40 56 46
40 58 57
41 0 38
41 1 13
41 3 11
41 4 59
41 5 24
41 8 5
41 10 12
41 11 41
41 12 52
41 13 28
41 15 20
41 16 17
41 17 22
41 18 42
41 19 45
41 20 30
41 27 37
41 28 44
41 29 10
41 30 15
41 31 50
41 33 34
41 34 51
41 35 2
41 38 46
41 39 25
41 40 29
41 41 54
41 45 1
41 46 36
41 48 21
41 51 7
41 54 4
41 55 43
41 57 53
41 58 49
42 1 25
42 4 15
42 5 9
42 6 42
42 7 49
42 10 50
42 13 35
42 15 44
42 16 29
42 17 45
42 18 10
42 19 17
42 21 46
42 22 20
42 23 30
42 24 34
42 26 13
42 28 33
42 29 2
42 32 47
42 33 39
42 36 48
42 40 38
42 41 57
42 43 28
42 50 41
42 51 11
42 52 54
42 53 1
42 56 58
42 58 18
43 1 3
43 6 12
43 7 48
43 8 32
43 9 35
43 10 36
43 11 7
43 12 39
43 13 19
43 14 26
43 16 41
43 17 2
43 19 15
43 20 27
43 21 43
43 22 18
43 23 47
43 25 54
43 27 56
43 28 52
43 29 59
43 30 50
43 32 45
43 33 17
43 36 20
43 37 44
43 39 37
43 42 38
43 43 51
43 44 33
43 45 42
43 46 8
43 47 16
43 48 13
43 49 55
43 51 29
43 53 58
43 55 10
43 56 0
43 58 25
44 0 55
44 5 48
44 6 0
44 7 11
44 10 10
44 11 14
44 12 42
44 16 27
44 17 58
44 18 9
44 20 17
44 23 56
44 24 8
44 25 39
44 26 12
44 27 47
44 28 3
44 29 26
44 30 38
44 31 41
44 34 40
44 35 20
44 36 23
44 37 35
44 38 7
44 39 51
44 43 49
44 44 37
44 45 52
44 46 59
44 49 6
44 51 30
44 52 44
44 53 45
44 55 22
44 57 28
44 59 16
45 0 47
45 2 14
45 4 51
45 9 48
45 10 1
45 12 12
45 14 0
45 17 16
45 18 24
45 19 10
45 20 26
45 21 29
45 22 21
45 24 32
45 25 36
45 26 15
45 28 34
45 29 6
45 31 4
45 32 53
45 34 55
45 39 30
45 40 13
45 43 23
45 44 3
45 45 37
45 47 39
45 50 52
45 51 54
45 52 8
45 54 11
45 56 49
45 57 35
45 58 31
46 0 57
46 1 7
46 2 51
46 6 14
46 7 0
46 8 16
46 9 36
46 10 5
46 11 20
46 16 53
46 17 40
46 18 18
46 19 1
46 20 35
46 22 23
46 24 28
46 25 31
46 28 8
46 31 6
46 32 13
46 33 29
46 34 52
46 35 30
46 37 26
46 38 41
46 39 59
46 40 50
46 41 58
46 42 47
46 43 21
46 44 46
46 46 19
46 47 22
46 48 15
46 49 37
46 50 39
46 51 10
46 52 4
46 53 33
46 54 56
46 55 24
46 57 17
47 0 23
47 4 4
47 6 5
47 8 53
47 9 50
47 11 24
47 12 56
47 15 36
47 16 44
47 18 12
47 19 31
47 23 14
47 24 26
47 26 2
47 31 17
47 33 45
47 35 15
47 36 27
47 39 42
47 41 39
47 45 10
47 46 55
47 47 8
47 48 19
47 49 38
47 51 40
47 52 47
47 53 28
47 54 7
47 56 43
47 59 58
48 2 43
48 4 49
48 6 13
48 7 27
48 8 47
48 9 26
48 10 56
48 13 3
48 15 41
48 16 14
48 20 11
48 21 58
48 23 23
48 27 36
48 28 18
48 29 46
48 30 4
48 36 24
48 37 40
48 38 21
48 39 28
48 40 33
48 41 32
48 42 12
48 43 7
48 44 10
48 46 1
48 48 20
48 49 51
48 50 50
48 53 5
48 54 35
48 55 31
48 57 6
48 58 42
48 59 48
49 0 25
49 1 19
49 2 7
49 4 10
49 5 47
49 6 2
49 7 20
49 8 6
49 10 46
49 11 43
49 12 8
49 13 22
49 14 17
49 15 49
49 18 33
49 19 27
49 21 48
49 22 41
49 23 44
49 26 31
49 28 35
49 29 12
49 30 37
49 31 36
49 33 51
49 34 38
49 38 52
49 39 11
49 40 40
49 41 56
49 42 39
49 45 3
49 48 30
49 50 23
49 51 57
49 53 4
49 54 15
49 55 54
49 56 42
49 57 13
49 58 50
49 59 55
50 0 16
50 2 49
50 3 45
50 5 19
50 6 54
50 9 44
50 10 30
50 13 42
50 14 22
50 15 13
50 16 34
50 17 48
50 18 15
50 19 46
50 21 56
50 22 5
50 23 1
50 24 35
50 26 7
50 27 32
50 28 25
50 29 4
50 30 8
50 32 24
50 33 26
50 34 21
50 35 47
50 36 59
50 38 39
50 41 38
50 43 11
50 44 41
50 45 12
50 48 43
50 49 27
50 52 58
50 55 20
50 56 23
50 58 2
50 59 31
51 0 53
51 2 54
51 5 45
51 7 55
51 8 2
51 9 3
51 10 25
51 12 43
51 13 48
51 14 35
51 15 11
51 22 31
51 23 0
51 24 47
51 26 50
51 29 16
51 30 51
51 31 49
51 32 38
51 34 18
51 36 52
51 37 14
51 38 28
51 39 34
51 40 57
51 41 24
51 46 17
51 47 40
51 49 9
51 53 7
51 54 20
51 57 44
52 0 37
52 3 30
52 4 7
52 5 38
52 7 22
52 9 13
52 10 15
52 11 35
52 12 14
52 13 46
52 15 34
52 16 57
52 17 44
52 19 56
52 20 58
52 21 36
52 22 17
52 26 28
52 30 52
52 32 27
52 34 49
52 35 26
52 36 29
52 38 51
52 39 50
52 42 53
52 43 39
52 44 9
52 45 59
52 46 3
52 47 12
52 48 6
52 49 23
52 50 18
52 53 40
52 54 48
52 55 32
52 56 33
52 59 41
53 2 26
53 4 16
53 6 46
53 8 57
53 9 2
53 10 8
53 12 15
53 13 50
53 14 4
53 15 1
53 17 30
53 18 27
53 20 47
53 21 41
53 23 39
53 25 22
53 26 36
53 28 24
53 30 59
53 32 6
53 33 40
53 34 54
53 35 48
53 36 28
53 38 43
53 40 49
53 41 25
53 46 11
53 47 44
53 49 14
53 50 32
53 52 35
53 53 51
53 54 9
53 56 19
53 58 10
54 0 11
54 1 55
54 2 17
54 4 53
54 6 34
54 7 38
54 8 27
54 9 37
54 11 12
54 14 5
54 16 19
54 19 32
54 20 15
54 21 21
54 22 9
54 24 44
54 26 30
54 27 52
54 28 36
54 29 25
54 30 43
54 33 28
54 34 6
54 36 41
54 37 57
54 38 58
54 40 4
54 41 46
54 42 48
54 43 1
54 44 39
54 46 13
54 47 18
54 48 29
54 52 2
54 54 24
54 59 51
55 0 46
55 1 10
55 3 34
55 4 36
55 7 14
55 8 21
55 9 17
55 12 16
55 13 51
55 15 56
55 16 3
55 18 53
55 19 44
55 20 23
55 22 6
55 24 24
55 28 41
55 29 37
55 30 1
55 31 45
55 32 29
55 33 38
55 35 33
55 37 27
55 38 0
55 39 4
55 40 54
55 43 2
55 45 50
55 46 30
55 49 47
55 50 43
55 51 13
55 52 19
55 54 22
55 55 7
55 56 57
55 58 40
55 59 39
56 3 28
56 4 48
56 6 32
56 8 55
56 9 25
56 13 37
56 14 16
56 15 7
56 16 33
56 17 29
56 23 31
56 24 12
56 25 51
56 27 4
56 29 49
56 30 46
56 32 10
56 33 6
56 37 30
56 38 54
56 39 22
56 41 23
56 43 13
56 44 17
56 48 42
56 49 45
56 51 39
56 54 38
56 58 24
57 1 36
57 4 19
57 5 13
57 6 44
57 8 15
57 9 24
57 10 34
57 12 38
57 13 40
57 14 8
57 16 25
57 17 50
57 18 47
57 20 18
57 22 0
57 23 6
57 25 48
57 27 35
57 28 23
57 29 17
57 31 9
57 32 37
57 34 29
57 35 12
57 38 14
57 39 55
57 40 26
57 42 3
57 44 43
57 45 5
57 47 27
57 50 58
57 51 49
57 55 30
57 56 4
57 57 7
57 59 28
58 1 29
58 2 46
58 3 9
58 5 20
58 7 53
58 8 45
58 11 8
58 12 3
58 17 34
58 18 11
58 22 56
58 23 22
58 24 58
58 27 42
58 28 54
58 29 36
58 30 32
58 31 1
58 32 44
58 34 26
58 36 39
58 37 55
58 39 33
58 43 15
58 46 5
58 47 4
58 49 43
58 50 28
58 52 49
58 53 18
58 56 10
58 57 14
58 58 51
58 59 37
59 0 8
59 1 16
59 4 9
59 8 22
59 11 39
59 14 54
59 15 58
59 16 4
59 17 20
59 18 43
59 20 0
59 23 26
59 24 23
59 25 28
59 26 45
59 27 21
59 29 19
59 30 56
59 32 42
59 34 1
59 35 31
59 36 49
59 38 11
59 39 48
59 40 52
59 41 47
59 42 18
59 44 15
59 45 46
59 46 40
59 47 35
59 48 27
59 49 2
59 51 53
59 54 59
59 55 3
59 57 32
59 59 17
