70
0 1 0
0 2 53
0 4 25
0 17 68
0 18 57
0 21 54
0 22 55
0 26 46
0 34 2
0 40 34
0 51 44
0 58 3
0 59 19
0 62 22
0 65 6
0 68 11
0 69 17
1 0 9
1 3 68
1 5 42
1 6 29
1 12 34
1 14 13
1 20 43
1 28 47
1 29 15
1 32 38
1 33 67
1 35 53
1 38 21
1 43 22
1 46 64
1 58 10
1 67 36
2 2 62
2 5 11
2 7 2
2 8 61
2 12 26
2 15 3
2 17 30
2 21 9
2 23 50
2 24 29
2 26 22
2 31 31
2 42 13
2 48 23
2 49 8
2 53 10
2 55 37
2 57 60
2 66 49
2 68 58
2 69 32
3 0 29
3 1 57
3 2 12
3 4 33
3 7 15
3 10 67
3 17 64
3 18 32
3 21 0
3 24 38
3 25 58
3 26 60
3 29 10
3 38 11
3 39 5
3 41 9
3 43 53
3 46 52
3 52 44
3 57 42
3 58 19
3 62 69
3 65 1
3 66 21
4 3 60
4 6 24
4 8 67
4 10 6
4 12 45
4 13 33
4 20 52
4 22 46
4 24 36
4 43 17
4 47 35
4 49 25
4 51 29
4 54 3
4 56 42
4 57 12
4 60 47
4 64 61
4 68 41
5 8 41
5 10 57
5 20 10
5 21 45
5 27 27
5 31 5
5 33 31
5 41 25
5 42 48
5 43 67
5 45 29
5 51 34
5 53 12
5 56 1
5 64 44
6 0 44
6 2 49
6 5 30
6 6 7
6 7 58
6 9 54
6 12 42
6 13 2
6 17 16
6 18 38
6 19 26
6 24 41
6 27 9
6 29 1
6 33 5
6 36 40
6 39 21
6 44 60
6 45 31
6 47 68
6 55 32
6 58 65
6 61 63
6 62 61
6 66 3
7 1 58
7 4 42
7 5 24
7 11 14
7 12 40
7 14 49
7 18 43
7 19 6
7 21 22
7 22 11
7 23 25
7 24 46
7 25 62
7 26 35
7 29 26
7 30 68
7 34 48
7 35 9
7 37 1
7 41 31
7 42 5
7 44 7
7 59 38
7 64 4
8 0 57
8 2 61
8 10 34
8 13 56
8 18 13
8 25 7
8 27 54
8 28 21
8 29 11
8 34 39
8 37 60
8 39 31
8 42 12
8 45 53
8 48 14
8 49 48
8 52 25
8 53 69
8 55 44
8 57 19
8 62 29
8 64 46
9 10 7
9 13 35
9 19 46
9 22 0
9 23 31
9 29 47
9 32 28
9 33 54
9 34 25
9 36 13
9 38 42
9 41 36
9 44 5
9 47 49
9 49 68
9 50 10
9 53 45
9 54 57
9 55 61
9 56 66
9 57 34
9 59 23
9 61 40
9 63 3
10 0 60
10 2 34
10 7 40
10 16 10
10 20 65
10 22 23
10 27 20
10 28 59
10 30 3
10 34 1
10 36 44
10 38 28
10 39 4
10 43 50
10 51 30
10 53 2
10 54 11
10 58 52
10 63 24
10 66 8
10 69 42
11 1 47
11 2 28
11 3 9
11 6 62
11 8 66
11 9 24
11 10 1
11 11 31
11 12 30
11 13 45
11 14 42
11 15 56
11 16 64
11 17 22
11 20 18
11 23 60
11 24 52
11 30 69
11 31 61
11 35 12
11 37 0
11 43 26
11 45 57
11 47 54
11 48 6
11 53 13
11 54 17
11 62 44
11 63 21
11 67 4
12 0 19
12 2 29
12 6 31
12 10 44
12 13 21
12 14 6
12 17 55
12 18 46
12 19 42
12 32 45
12 37 38
12 38 35
12 41 56
12 45 30
12 46 33
12 54 41
12 56 58
12 57 5
12 58 32
12 59 22
12 60 16
12 61 67
12 62 26
13 0 11
13 1 53
13 2 66
13 8 50
13 13 6
13 16 32
13 18 61
13 29 28
13 32 25
13 35 58
13 36 45
13 38 18
13 42 41
13 49 23
13 52 13
13 53 64
13 54 49
13 55 15
13 56 9
13 58 1
13 59 12
13 64 62
13 69 19
14 1 22
14 14 43
14 16 37
14 19 47
14 23 21
14 26 16
14 31 51
14 33 4
14 35 14
14 36 48
14 37 3
14 39 61
14 42 7
14 46 44
14 48 58
14 57 11
14 61 33
15 4 20
15 7 21
15 9 26
15 10 69
15 14 44
15 15 50
15 18 39
15 19 1
15 22 53
15 23 49
15 24 48
15 28 28
15 30 58
15 32 52
15 33 65
15 42 16
15 47 29
15 53 61
15 62 4
15 63 6
15 68 31
15 69 63
16 5 69
16 8 48
16 10 45
16 13 50
16 16 16
16 24 68
16 25 17
16 27 25
16 30 63
16 33 1
16 34 53
16 38 60
16 42 59
16 51 31
16 55 38
16 60 35
16 62 3
17 10 48
17 14 67
17 23 12
17 26 7
17 33 25
17 37 56
17 39 41
17 42 57
17 51 58
17 53 39
17 54 42
17 57 22
17 67 63
17 68 61
18 5 8
18 6 65
18 9 67
18 11 44
18 13 34
18 14 31
18 15 29
18 18 66
18 20 3
18 25 25
18 44 27
18 45 10
18 46 14
18 47 2
18 50 22
18 59 60
18 62 51
18 66 42
19 2 42
19 6 3
19 7 27
19 16 60
19 19 18
19 20 39
19 22 28
19 23 58
19 24 34
19 25 13
19 28 22
19 30 4
19 31 21
19 32 51
19 34 12
19 39 14
19 54 54
20 2 19
20 6 39
20 9 1
20 11 49
20 13 42
20 14 0
20 18 68
20 26 57
20 32 41
20 33 58
20 34 37
20 36 16
20 44 29
20 50 64
20 55 67
20 57 9
20 64 54
20 65 27
20 67 8
21 0 68
21 1 5
21 2 33
21 3 30
21 4 2
21 6 23
21 11 26
21 15 64
21 16 0
21 18 20
21 25 27
21 26 48
21 27 12
21 29 41
21 30 37
21 32 1
21 35 22
21 43 14
21 44 38
21 46 17
21 47 34
21 48 53
21 50 25
21 51 67
21 52 49
21 53 6
21 55 57
21 57 54
21 62 43
21 66 63
21 67 61
22 5 64
22 11 5
22 14 15
22 24 60
22 25 29
22 27 52
22 30 38
22 37 36
22 39 39
22 42 27
22 43 33
22 45 40
22 47 31
22 48 11
22 52 56
22 53 50
22 55 23
22 56 16
22 60 14
22 61 46
22 62 0
22 64 21
22 66 6
23 0 43
23 2 60
23 12 48
23 18 47
23 21 4
23 24 40
23 29 44
23 30 5
23 37 39
23 39 58
23 41 22
23 43 1
23 52 41
23 55 51
23 61 30
23 62 62
23 67 35
23 69 13
24 4 50
24 6 21
24 13 9
24 15 38
24 17 0
24 23 47
24 24 4
24 26 37
24 27 32
24 32 24
24 42 22
24 46 19
24 47 6
24 48 20
24 49 42
24 50 34
24 53 55
24 56 61
24 58 46
24 60 15
24 61 60
24 64 14
24 65 5
25 3 57
25 4 14
25 5 27
25 14 52
25 17 28
25 18 5
25 19 7
25 20 38
25 21 39
25 22 12
25 26 34
25 30 32
25 32 6
25 35 50
25 38 13
25 47 63
25 51 15
25 66 0
25 67 54
26 1 11
26 5 37
26 6 44
26 8 36
26 9 59
26 13 61
26 16 21
26 19 63
26 27 69
26 29 42
26 31 1
26 33 40
26 35 35
26 36 33
26 37 66
26 42 18
26 47 9
26 50 46
26 51 0
26 59 25
26 60 54
26 62 48
26 64 19
27 8 51
27 11 64
27 14 8
27 17 69
27 21 47
27 29 34
27 33 32
27 35 45
27 38 65
27 39 60
27 40 16
27 42 31
27 43 35
27 46 29
27 51 10
27 53 68
27 54 39
27 56 27
27 62 7
27 65 36
27 67 11
28 4 54
28 5 13
28 6 57
28 7 0
28 11 39
28 13 49
28 15 52
28 22 20
28 23 4
28 24 30
28 29 33
28 30 42
28 33 61
28 35 44
28 42 28
28 44 34
28 45 22
28 48 62
28 49 56
28 54 38
28 55 7
28 56 65
28 57 51
28 61 16
28 64 27
28 65 45
28 66 25
28 68 46
29 5 2
29 11 8
29 12 57
29 13 31
29 16 65
29 18 54
29 25 47
29 32 40
29 33 62
29 34 64
29 35 24
29 42 14
29 43 21
29 44 56
29 51 13
29 57 55
29 58 67
29 63 36
29 65 3
29 68 59
30 0 48
30 2 11
30 6 37
30 9 13
30 11 46
30 12 28
30 13 63
30 16 1
30 21 44
30 25 68
30 33 41
30 34 8
30 37 25
30 38 36
30 40 59
30 41 61
30 47 24
30 48 18
30 55 14
30 58 23
30 60 17
30 64 53
30 65 42
30 68 9
31 1 2
31 7 25
31 10 28
31 11 18
31 12 53
31 26 29
31 27 6
31 30 13
31 32 58
31 35 3
31 41 5
31 42 52
31 45 54
31 46 38
31 48 60
31 50 20
31 53 57
31 62 35
31 64 0
32 2 13
32 3 24
32 4 7
32 5 56
32 11 54
32 13 66
32 14 36
32 21 1
32 22 41
32 36 51
32 41 15
32 44 50
32 48 29
32 59 49
32 66 12
32 67 39
32 68 0
32 69 20
33 4 65
33 10 41
33 13 36
33 14 32
33 20 64
33 23 34
33 24 57
33 25 46
33 27 68
33 30 19
33 32 62
33 38 63
33 40 17
33 41 58
33 43 44
33 44 48
33 45 12
33 47 28
33 49 22
33 54 35
33 56 69
33 58 20
33 60 59
33 62 40
33 65 43
34 6 2
34 7 7
34 8 9
34 9 0
34 12 49
34 14 48
34 21 21
34 23 27
34 34 41
34 38 44
34 40 31
34 41 35
34 43 20
34 44 3
34 52 58
34 53 23
34 55 39
34 57 65
34 65 66
34 66 30
35 3 25
35 12 65
35 15 17
35 17 62
35 18 56
35 19 39
35 33 3
35 34 0
35 37 26
35 38 9
35 43 52
35 44 68
35 45 27
35 46 46
35 48 54
35 49 35
35 56 10
35 63 33
35 64 47
35 67 59
35 69 8
36 0 61
36 4 8
36 9 45
36 12 63
36 13 60
36 14 4
36 20 23
36 22 5
36 33 52
36 36 38
36 37 18
36 38 53
36 40 1
36 42 30
36 43 39
36 44 43
36 47 32
36 48 46
36 51 36
36 62 20
36 64 25
36 69 55
37 1 15
37 3 0
37 8 26
37 10 63
37 15 2
37 17 67
37 20 7
37 23 53
37 25 52
37 26 58
37 28 19
37 29 60
37 42 62
37 43 12
37 45 1
37 49 45
37 55 59
37 57 56
37 58 6
37 60 64
38 3 54
38 4 4
38 6 28
38 7 42
38 10 12
38 12 50
38 13 43
38 15 58
38 26 9
38 30 48
38 35 13
38 40 39
38 41 29
38 46 10
38 52 34
38 55 0
38 57 63
38 59 47
38 62 16
38 63 31
38 69 37
39 7 22
39 9 19
39 11 66
39 12 41
39 13 58
39 14 5
39 16 46
39 19 55
39 22 3
39 26 31
39 30 7
39 35 21
39 36 12
39 37 17
39 39 10
39 41 4
39 44 47
39 45 11
39 46 0
39 50 53
39 51 23
39 52 40
39 56 33
39 58 57
39 67 50
39 68 43
39 69 49
40 7 61
40 9 33
40 12 38
40 13 4
40 17 48
40 19 67
40 23 22
40 24 11
40 29 2
40 31 6
40 37 9
40 39 55
40 41 32
40 43 18
40 56 13
40 58 31
40 62 60
40 64 15
40 65 69
40 66 14
41 0 31
41 6 63
41 7 6
41 8 29
41 12 21
41 16 33
41 21 36
41 23 20
41 26 10
41 28 66
41 37 7
41 41 55
41 43 40
41 44 4
41 47 48
41 48 67
41 52 57
41 58 27
41 59 42
41 61 41
41 66 52
42 0 10
42 3 3
42 5 63
42 11 68
42 12 20
42 16 61
42 17 32
42 23 54
42 28 31
42 29 16
42 47 67
42 48 24
42 50 27
42 54 45
42 56 49
42 61 29
42 67 44
42 69 60
43 3 40
43 6 69
43 13 64
43 17 34
43 18 14
43 28 49
43 30 2
43 33 37
43 37 50
43 39 48
43 40 51
43 44 17
43 47 27
43 52 33
43 55 65
43 62 31
43 66 32
44 0 17
44 4 32
44 6 55
44 12 69
44 14 33
44 17 60
44 18 64
44 21 58
44 23 39
44 29 8
44 39 40
44 41 11
44 46 3
44 47 50
44 51 19
44 53 31
44 69 27
45 3 31
45 10 16
45 15 57
45 18 12
45 25 55
45 27 30
45 32 59
45 34 54
45 39 53
45 46 25
45 47 10
45 48 26
45 49 3
45 50 9
45 57 21
45 59 51
45 60 38
45 61 11
45 68 44
46 1 19
46 3 8
46 5 50
46 9 6
46 12 4
46 13 69
46 15 26
46 16 54
46 17 9
46 23 29
46 25 38
46 28 42
46 33 18
46 38 27
46 39 32
46 40 63
46 42 36
46 44 28
46 45 34
46 47 60
46 49 14
46 51 17
46 53 58
46 54 22
46 60 39
46 61 25
46 67 3
47 0 41
47 1 8
47 2 26
47 3 12
47 4 62
47 10 47
47 11 55
47 12 58
47 14 2
47 17 43
47 20 34
47 29 0
47 33 51
47 34 50
47 35 31
47 36 20
47 37 52
47 39 7
47 40 57
47 43 56
47 48 17
47 49 40
47 50 61
47 54 53
47 57 48
47 61 69
47 63 37
47 67 19
48 1 41
48 6 46
48 13 13
48 14 16
48 17 7
48 20 14
48 23 1
48 24 3
48 25 66
48 27 48
48 28 67
48 29 50
48 30 43
48 43 25
48 46 15
48 48 38
48 57 33
48 59 28
48 62 21
48 63 12
48 64 34
49 5 16
49 8 42
49 9 56
49 12 1
49 13 57
49 16 23
49 18 33
49 23 69
49 24 5
49 26 43
49 27 14
49 28 50
49 30 67
49 39 6
49 41 17
49 43 38
49 44 61
49 47 7
49 50 48
49 65 54
49 67 60
49 69 59
50 0 24
50 7 13
50 16 25
50 18 23
50 19 12
50 24 44
50 28 9
50 31 3
50 33 26
50 35 57
50 37 6
50 38 62
50 39 51
50 40 21
50 44 67
50 47 55
50 50 45
50 56 30
50 61 48
50 63 11
50 66 61
50 67 16
51 1 52
51 6 35
51 7 54
51 8 0
51 17 29
51 23 68
51 24 15
51 25 23
51 26 30
51 27 41
51 28 53
51 35 7
51 38 50
51 42 1
51 45 39
51 47 59
51 48 34
51 50 62
51 51 40
51 52 64
51 54 24
51 56 43
51 61 26
52 9 20
52 18 7
52 21 5
52 24 62
52 28 39
52 30 27
52 35 41
52 40 46
52 42 3
52 43 37
52 48 30
52 51 59
52 68 17
53 1 56
53 2 9
53 8 1
53 19 22
53 20 0
53 21 31
53 23 5
53 26 36
53 28 51
53 39 64
53 45 67
53 46 65
53 58 49
53 59 44
53 66 39
54 0 27
54 2 0
54 5 12
54 9 53
54 12 51
54 15 47
54 17 63
54 18 60
54 26 18
54 28 8
54 34 21
54 38 24
54 40 69
54 48 43
54 51 66
54 56 11
54 58 35
54 60 19
54 61 62
54 62 54
54 68 4
55 2 54
55 5 5
55 6 49
55 7 10
55 11 35
55 13 26
55 14 61
55 15 18
55 16 38
55 17 56
55 21 33
55 26 20
55 27 21
55 34 24
55 35 59
55 41 37
55 45 36
55 48 31
55 54 46
55 57 27
55 69 6
56 2 48
56 4 13
56 7 31
56 9 29
56 11 61
56 17 38
56 32 44
56 35 15
56 38 56
56 39 45
56 40 33
56 42 42
56 49 57
56 51 1
56 56 20
56 59 50
56 65 37
56 67 18
56 68 35
57 7 20
57 22 54
57 23 45
57 24 49
57 25 6
57 29 29
57 31 8
57 38 38
57 45 14
57 46 35
57 48 69
57 50 15
58 0 54
58 1 42
58 2 63
58 5 49
58 6 11
58 7 26
58 10 59
58 21 15
58 23 37
58 25 19
58 26 23
58 30 31
58 32 66
58 34 13
58 35 38
58 36 60
58 38 0
58 41 1
58 54 10
58 56 8
58 57 58
58 58 43
58 61 34
58 63 17
58 64 55
58 67 5
58 68 32
58 69 3
59 1 36
59 2 2
59 11 28
59 13 25
59 16 59
59 18 21
59 19 17
59 27 15
59 31 11
59 34 22
59 42 44
59 44 55
59 48 16
59 49 54
59 54 48
59 60 42
59 64 7
60 0 30
60 11 34
60 15 42
60 17 50
60 18 28
60 19 51
60 22 13
60 24 61
60 26 39
60 29 54
60 32 60
60 33 6
60 35 1
60 39 56
60 44 0
60 46 68
60 50 32
60 57 26
60 58 53
60 64 33
60 65 64
60 66 65
61 0 3
61 2 51
61 6 22
61 10 11
61 11 4
61 15 37
61 17 25
61 18 2
61 20 57
61 25 64
61 26 45
61 28 26
61 29 17
61 30 65
61 31 60
61 34 36
61 36 6
61 38 48
61 40 42
61 42 8
61 51 41
61 53 38
61 65 24
61 66 35
61 69 31
62 1 17
62 9 9
62 12 64
62 13 30
62 17 53
62 20 62
62 21 48
62 27 38
62 30 50
62 34 46
62 39 49
62 40 13
62 42 2
62 45 24
62 46 63
62 53 18
62 57 61
62 59 7
62 66 54
63 0 46
63 2 7
63 3 20
63 4 60
63 5 25
63 7 69
63 10 5
63 14 55
63 15 40
63 16 62
63 20 48
63 22 31
63 25 0
63 26 41
63 29 32
63 30 49
63 31 18
63 36 63
63 42 51
63 43 4
63 49 34
63 54 65
63 57 45
63 58 44
63 60 23
63 64 13
63 65 8
64 4 9
64 8 47
64 12 59
64 24 28
64 31 64
64 40 7
64 41 3
64 43 15
64 44 54
64 45 5
64 48 13
64 49 21
64 51 69
64 55 56
64 58 16
64 59 63
64 64 40
65 0 16
65 3 37
65 5 52
65 6 48
65 10 56
65 11 65
65 17 11
65 18 22
65 20 50
65 21 19
65 26 14
65 34 4
65 39 35
65 40 23
65 44 9
65 49 17
65 51 7
65 56 63
65 57 25
65 64 43
65 65 34
65 68 69
66 5 58
66 7 33
66 9 62
66 11 42
66 12 14
66 14 38
66 15 55
66 16 17
66 17 10
66 18 35
66 24 0
66 28 11
66 30 1
66 34 45
66 37 40
66 40 25
66 47 30
66 54 16
66 55 66
66 63 41
66 64 56
67 8 39
67 9 68
67 10 38
67 11 63
67 13 40
67 19 31
67 22 58
67 29 66
67 31 2
67 34 35
67 35 32
67 36 69
67 37 37
67 38 45
67 39 22
67 41 42
67 44 46
67 45 49
67 47 51
67 49 5
67 50 8
67 52 11
67 56 7
67 57 14
67 59 55
67 67 24
67 68 48
68 4 15
68 6 12
68 20 68
68 27 10
68 29 63
68 43 2
68 46 53
68 48 48
68 49 43
68 52 24
68 58 56
68 63 34
68 67 25
68 69 39
69 5 67
69 8 49
69 13 1
69 16 55
69 18 18
69 19 34
69 21 59
69 22 64
69 23 14
69 24 2
69 26 6
69 29 23
69 35 28
69 36 3
69 39 69
69 41 19
69 42 43
69 43 48
69 46 31
69 51 32
69 59 65
69 61 36
69 65 47
