60
0 1 4
0 3 48
0 5 43
0 10 54
0 11 47
0 13 11
0 19 22
0 20 24
0 26 42
0 31 1
0 33 39
0 35 53
0 36 6
0 43 16
0 44 25
0 45 28
0 47 41
0 50 40
0 55 51
0 56 35
1 3 6
1 9 12
1 10 56
1 13 15
1 14 42
1 18 10
1 20 16
1 21 58
1 22 1
1 23 9
1 27 41
1 30 51
1 33 14
1 35 24
1 36 19
1 42 29
1 45 37
1 47 3
1 51 22
1 52 4
1 55 5
2 4 55
2 8 48
2 14 17
2 15 26
2 17 29
2 19 6
2 23 8
2 24 1
2 25 22
2 26 43
2 29 49
2 31 56
2 32 57
2 37 31
2 41 50
2 43 37
2 44 40
2 46 30
2 48 2
2 51 11
2 54 41
2 56 59
2 57 18
3 3 13
3 4 58
3 8 31
3 9 2
3 15 40
3 17 23
3 18 25
3 19 34
3 20 15
3 22 50
3 28 56
3 30 39
3 31 9
3 37 5
3 42 0
3 49 24
3 54 12
3 55 16
3 56 17
3 58 45
4 0 54
4 1 33
4 2 47
4 3 1
4 5 22
4 8 25
4 10 14
4 16 4
4 18 37
4 19 5
4 22 41
4 26 32
4 27 23
4 30 27
4 34 18
4 35 46
4 37 7
4 41 3
4 50 34
5 1 23
5 2 32
5 5 20
5 7 58
5 9 8
5 10 17
5 11 54
5 13 36
5 14 15
5 15 39
5 18 21
5 20 18
5 22 42
5 26 37
5 30 3
5 31 35
5 37 2
5 40 52
5 41 16
5 45 56
5 46 25
5 54 14
5 57 53
6 0 6
6 8 41
6 12 13
6 18 28
6 19 47
6 23 52
6 30 8
6 31 5
6 33 42
6 36 40
6 47 19
6 49 49
6 58 16
7 3 2
7 4 26
7 9 45
7 11 49
7 14 1
7 17 50
7 18 34
7 19 48
7 20 37
7 21 44
7 22 39
7 24 21
7 25 31
7 28 32
7 29 59
7 31 23
7 38 17
7 40 20
7 45 5
7 46 3
7 47 0
7 50 47
7 59 19
8 0 44
8 1 51
8 3 9
8 11 37
8 16 14
8 18 8
8 20 38
8 24 26
8 25 28
8 26 20
8 28 1
8 29 50
8 31 2
8 32 42
8 34 56
8 35 34
8 37 6
8 40 29
8 43 45
8 47 21
8 52 7
8 58 32
9 3 0
9 5 47
9 6 4
9 8 24
9 9 30
9 13 33
9 18 38
9 22 25
9 24 46
9 30 10
9 32 55
9 34 22
9 50 37
9 52 48
9 53 56
9 54 23
9 55 35
9 59 40
10 6 5
10 7 41
10 8 9
10 13 25
10 18 35
10 27 18
10 41 10
10 43 52
10 44 19
10 48 16
10 51 29
10 56 21
10 59 31
11 5 6
11 6 30
11 7 25
11 10 35
11 11 58
11 13 14
11 18 3
11 23 43
11 28 29
11 31 50
11 36 57
11 39 37
11 40 45
11 47 1
11 52 17
11 56 53
11 57 22
12 0 1
12 1 46
12 12 52
12 25 43
12 30 13
12 39 21
12 50 55
12 52 40
12 55 59
13 9 28
13 14 35
13 16 5
13 19 42
13 22 43
13 27 31
13 32 32
13 35 13
13 37 14
13 40 3
13 41 41
13 44 44
13 48 38
13 54 2
13 57 26
13 59 9
14 1 45
14 4 7
14 5 10
14 6 31
14 7 6
14 10 28
14 11 44
14 12 18
14 16 33
14 17 58
14 21 57
14 24 35
14 26 1
14 27 17
14 29 26
14 30 53
14 37 36
14 39 8
14 43 55
14 48 22
14 56 23
14 58 39
15 3 45
15 5 21
15 6 56
15 7 8
15 8 55
15 12 50
15 15 44
15 18 58
15 23 35
15 24 47
15 32 28
15 35 9
15 40 36
15 43 48
15 45 3
15 49 17
15 52 34
15 53 23
15 56 40
16 4 57
16 10 21
16 25 8
16 29 58
16 31 19
16 32 3
16 42 53
16 44 22
16 46 0
16 47 7
16 50 32
16 51 42
16 52 47
16 53 34
16 55 55
17 7 21
17 9 55
17 13 43
17 14 56
17 21 5
17 23 14
17 24 19
17 28 4
17 29 34
17 31 31
17 32 23
17 33 58
17 39 39
17 41 6
17 42 59
17 44 37
17 46 11
17 48 0
17 51 52
17 55 15
17 57 33
18 1 12
18 2 21
18 4 1
18 7 13
18 10 55
18 12 17
18 15 2
18 16 43
18 19 7
18 21 20
18 22 26
18 30 22
18 32 59
18 39 58
18 42 47
18 51 3
18 52 14
18 53 31
18 58 50
19 5 39
19 8 29
19 12 36
19 16 45
19 21 21
19 22 22
19 28 57
19 31 41
19 37 12
19 39 38
19 45 10
19 46 43
19 47 42
19 51 7
19 52 30
19 57 32
20 0 7
20 2 34
20 5 26
20 6 22
20 10 45
20 13 28
20 14 3
20 18 31
20 19 55
20 21 11
20 23 0
20 27 33
20 29 2
20 36 41
20 37 23
20 39 50
20 45 51
20 46 20
20 47 17
20 48 15
20 49 21
20 51 53
20 53 32
20 58 56
20 59 59
21 0 0
21 3 39
21 7 57
21 8 3
21 12 19
21 15 7
21 18 45
21 28 36
21 29 4
21 35 20
21 40 15
21 43 32
21 45 25
21 47 35
21 48 50
21 52 43
21 54 55
21 57 59
22 4 56
22 5 55
22 8 39
22 9 33
22 10 57
22 13 17
22 16 11
22 26 48
22 33 52
22 34 5
22 38 37
22 41 25
22 44 54
22 45 1
22 47 45
22 53 38
22 55 32
22 59 44
23 2 0
23 12 51
23 13 59
23 22 55
23 24 4
23 26 26
23 28 9
23 30 25
23 32 45
23 34 31
23 35 43
23 40 6
23 43 33
23 46 40
23 49 47
23 50 16
23 52 11
23 53 52
23 59 37
24 2 54
24 4 53
24 9 49
24 13 58
24 17 42
24 19 15
24 22 11
24 24 7
24 28 0
24 29 43
24 33 10
24 38 45
24 40 57
24 41 34
24 44 46
24 48 21
24 51 33
24 53 29
24 56 26
24 58 3
25 4 11
25 6 6
25 12 46
25 15 5
25 18 42
25 24 49
25 25 23
25 29 41
25 33 56
25 45 22
25 47 37
25 51 30
25 52 15
26 3 46
26 4 34
26 6 49
26 9 11
26 11 25
26 13 53
26 17 26
26 24 2
26 28 28
26 33 51
26 41 31
26 43 22
26 44 23
26 50 14
26 56 24
26 57 21
26 59 6
27 1 58
27 3 53
27 4 16
27 6 2
27 8 17
27 9 32
27 13 46
27 16 23
27 17 25
27 18 47
27 27 13
27 28 19
27 29 12
27 31 27
27 33 22
27 34 37
27 35 56
27 37 30
27 40 44
27 43 15
27 44 18
27 50 42
27 57 39
27 59 8
28 0 17
28 4 50
28 5 11
28 9 22
28 14 2
28 15 47
28 17 8
28 18 23
28 21 1
28 27 29
28 32 25
28 40 39
28 43 44
28 47 46
28 49 42
28 50 12
28 55 9
29 1 27
29 4 5
29 11 0
29 18 33
29 23 4
29 25 56
29 26 22
29 28 48
29 29 8
29 33 35
29 35 38
29 38 3
29 39 40
29 44 59
29 50 36
29 52 20
29 54 53
30 3 29
30 7 10
30 13 30
30 16 8
30 18 5
30 19 28
30 25 48
30 29 24
30 31 54
30 35 42
30 43 12
30 44 6
30 45 53
30 48 18
30 54 52
30 56 22
30 58 20
31 0 22
31 3 10
31 9 21
31 17 14
31 18 51
31 23 20
31 24 0
31 28 54
31 29 35
31 35 15
31 43 13
31 53 4
31 57 38
31 58 18
32 0 29
32 3 8
32 11 45
32 12 35
32 15 55
32 22 16
32 25 32
32 30 19
32 31 24
32 33 31
32 36 4
32 38 39
32 52 2
32 54 43
32 56 0
32 58 40
33 0 38
33 3 5
33 7 37
33 8 28
33 9 43
33 11 50
33 13 21
33 22 53
33 30 34
33 31 3
33 32 17
33 39 26
33 41 8
33 42 33
33 45 36
33 49 23
33 50 25
33 55 2
33 56 42
33 58 59
33 59 18
34 1 11
34 3 4
34 4 35
34 5 29
34 6 55
34 16 0
34 19 21
34 27 12
34 31 32
34 36 33
34 40 59
34 41 51
34 42 30
34 43 6
34 44 24
34 45 43
34 52 25
34 54 19
34 55 34
35 9 44
35 11 30
35 12 41
35 14 21
35 22 38
35 25 47
35 26 35
35 27 19
35 28 55
35 29 57
35 31 53
35 34 46
35 35 49
35 39 4
35 41 28
35 44 14
35 46 26
35 52 32
35 53 7
35 55 25
35 57 3
36 2 30
36 6 28
36 9 42
36 16 55
36 22 48
36 23 12
36 30 26
36 31 49
36 35 23
36 38 54
36 41 4
36 45 32
36 46 34
36 52 35
36 57 24
36 58 46
37 5 8
37 6 33
37 8 49
37 12 27
37 19 43
37 20 28
37 31 57
37 32 40
37 34 0
37 40 37
37 48 14
37 56 6
37 57 1
37 58 25
38 0 52
38 3 18
38 6 27
38 7 28
38 11 19
38 13 13
38 14 36
38 17 44
38 23 26
38 31 15
38 32 49
38 34 2
38 35 39
38 38 9
38 39 11
38 41 59
38 44 56
38 48 10
38 49 31
38 51 55
38 52 42
38 57 40
39 1 17
39 5 12
39 15 15
39 17 13
39 20 11
39 23 41
39 28 27
39 30 36
39 32 16
39 34 6
39 36 29
39 40 7
39 41 45
39 42 54
39 43 30
39 48 43
39 49 58
39 51 26
39 54 8
39 56 38
39 57 28
40 3 42
40 6 40
40 7 53
40 10 10
40 13 37
40 19 20
40 23 38
40 30 45
40 34 24
40 36 8
40 38 46
40 43 59
40 44 49
40 45 12
40 47 2
40 52 5
40 57 43
40 59 35
41 13 35
41 19 32
41 21 3
41 28 8
41 32 11
41 34 39
41 40 50
41 41 46
41 42 25
41 47 28
41 56 15
41 59 33
42 0 53
42 1 10
42 2 26
42 5 59
42 10 19
42 12 58
42 15 23
42 16 24
42 19 56
42 20 39
42 22 40
42 23 37
42 25 41
42 28 46
42 30 44
42 32 9
42 40 22
42 42 8
42 48 34
42 49 30
42 52 51
42 53 21
42 54 15
42 55 57
42 57 7
43 0 12
43 2 40
43 4 17
43 8 27
43 15 4
43 20 21
43 23 54
43 40 0
43 41 13
43 45 55
43 47 34
43 49 59
43 55 33
43 58 8
44 0 58
44 4 36
44 5 56
44 13 40
44 16 6
44 24 13
44 27 49
44 32 5
44 33 17
44 34 14
44 36 23
44 42 4
44 51 21
44 54 48
44 58 44
45 4 24
45 5 37
45 9 27
45 14 14
45 15 59
45 18 55
45 20 45
45 21 8
45 22 28
45 24 12
45 25 40
45 27 11
45 32 38
45 34 54
45 44 57
45 49 1
45 50 31
45 53 17
45 54 35
45 57 58
46 1 34
46 10 0
46 12 2
46 20 58
46 25 54
46 26 41
46 29 3
46 39 28
46 40 31
46 49 38
46 52 52
47 0 31
47 1 28
47 3 47
47 7 52
47 21 51
47 29 36
47 30 33
47 33 3
47 34 38
47 35 19
47 43 2
47 47 18
47 51 54
47 54 57
48 0 50
48 9 51
48 11 55
48 12 39
48 14 40
48 28 6
48 34 43
48 37 13
48 41 30
48 49 22
48 54 47
48 59 3
49 2 11
49 8 43
49 11 23
49 17 20
49 22 21
49 25 46
49 26 55
49 27 58
49 30 37
49 33 29
49 39 44
49 41 39
49 43 47
49 54 32
49 56 9
50 1 49
50 4 29
50 6 36
50 11 21
50 15 0
50 16 19
50 19 2
50 20 46
50 26 8
50 31 30
50 34 10
50 37 58
50 38 31
50 40 11
50 44 12
50 45 15
50 47 39
50 55 50
50 56 14
51 11 40
51 13 4
51 16 36
51 26 12
51 28 25
51 31 0
51 32 2
51 36 5
51 38 26
51 47 38
51 48 39
51 51 44
51 54 6
51 55 41
51 57 51
52 8 12
52 13 51
52 26 44
52 27 15
52 33 46
52 35 5
52 37 50
52 39 19
52 40 10
52 43 26
52 46 35
52 49 3
52 50 49
52 51 28
52 52 38
52 53 59
52 56 30
53 3 33
53 4 30
53 8 11
53 12 42
53 16 34
53 17 1
53 25 12
53 26 54
53 31 22
53 35 0
53 37 15
53 40 24
53 43 7
53 48 44
53 49 51
53 56 46
53 59 17
54 1 14
54 6 38
54 8 40
54 11 24
54 14 7
54 24 51
54 25 27
54 30 50
54 31 43
54 35 3
54 38 18
54 43 31
54 44 26
54 45 16
54 47 15
54 50 11
54 51 32
54 53 33
54 58 48
55 0 47
55 7 38
55 11 1
55 13 2
55 14 23
55 18 6
55 21 54
55 22 36
55 26 14
55 28 34
55 29 25
55 32 0
55 36 32
55 37 9
55 44 20
55 45 21
55 47 24
55 50 28
55 52 16
55 53 13
55 58 33
56 1 13
56 4 40
56 10 15
56 12 45
56 13 32
56 16 12
56 22 46
56 23 18
56 24 48
56 28 37
56 34 34
56 37 11
56 41 57
56 42 38
56 44 36
56 45 58
56 49 53
56 50 5
56 51 14
56 54 56
56 55 10
56 56 8
57 11 3
57 15 54
57 21 18
57 30 14
57 33 50
57 37 25
57 41 0
57 43 27
57 44 34
57 46 7
57 47 30
57 48 20
57 49 2
58 0 19
58 5 2
58 6 43
58 10 34
58 12 1
58 15 46
58 20 30
58 24 5
58 26 18
58 27 39
58 29 44
58 30 6
58 31 14
58 32 54
58 34 45
58 35 16
58 39 22
58 40 32
58 43 0
58 46 29
58 47 10
58 51 35
58 54 33
58 55 36
58 56 37
58 58 38
59 0 4
59 4 2
59 8 14
59 13 57
59 16 54
59 17 5
59 20 33
59 24 10
59 25 38
59 30 46
59 32 50
59 33 15
59 36 39
59 37 55
59 44 13
59 52 37
59 57 29
