60
0 0 51
0 5 37
0 12 47
0 13 54
0 17 36
0 21 6
0 22 55
0 25 25
0 26 14
0 28 46
0 30 0
0 40 10
0 43 4
0 45 31
0 46 2
0 47 30
0 48 18
0 52 3
0 55 48
0 56 5
1 1 32
1 2 9
1 13 58
1 17 33
1 20 27
1 24 21
1 25 30
1 29 24
1 34 2
1 36 46
1 37 10
1 38 43
1 39 53
1 50 6
1 51 59
1 54 37
1 55 54
1 58 12
1 59 51
2 2 14
2 5 22
2 7 46
2 10 29
2 13 10
2 14 49
2 26 6
2 27 34
2 29 43
2 34 1
2 35 24
2 41 48
2 42 27
2 43 57
2 56 9
2 58 45
3 7 11
3 10 13
3 15 44
3 18 54
3 19 35
3 23 9
3 32 16
3 34 45
3 45 25
3 46 48
3 48 55
3 55 18
3 56 31
3 57 52
4 3 9
4 5 39
4 7 16
4 8 25
4 12 10
4 13 18
4 14 7
4 15 34
4 16 26
4 17 53
4 18 5
4 19 14
4 20 43
4 21 52
4 25 8
4 26 2
4 29 41
4 31 42
4 33 54
4 36 6
4 37 19
4 38 55
4 44 3
4 51 0
4 56 20
5 5 43
5 11 12
5 12 27
5 13 14
5 16 23
5 22 52
5 23 36
5 25 44
5 27 49
5 29 10
5 32 41
5 34 15
5 35 6
5 40 37
5 42 48
5 43 19
5 48 28
5 52 1
5 53 11
5 59 38
6 1 24
6 13 37
6 16 27
6 21 36
6 22 0
6 27 57
6 29 44
6 31 11
6 35 14
6 44 7
6 46 32
6 48 30
6 52 21
6 53 17
6 55 16
6 58 18
6 59 9
7 0 43
7 1 47
7 3 15
7 5 48
7 7 18
7 11 58
7 14 28
7 21 29
7 25 23
7 32 53
7 33 16
7 38 9
7 48 39
7 52 32
7 53 35
7 58 41
8 3 39
8 13 42
8 16 14
8 18 3
8 20 12
8 21 54
8 24 16
8 26 8
8 29 49
8 32 4
8 33 21
8 38 48
8 39 43
8 40 46
8 49 55
8 50 44
8 51 38
8 59 25
9 6 43
9 7 5
9 10 8
9 19 37
9 21 2
9 28 42
9 32 32
9 33 0
9 36 4
9 40 1
9 44 9
9 47 41
9 51 54
9 54 27
9 56 53
9 59 48
10 5 1
10 9 20
10 12 25
10 20 8
10 22 57
10 24 43
10 37 46
10 38 31
10 43 15
10 48 52
10 49 9
10 51 24
10 53 2
10 57 21
10 58 11
10 59 14
11 2 26
11 3 10
11 5 50
11 6 3
11 16 48
11 18 38
11 20 47
11 22 40
11 24 59
11 27 15
11 30 42
11 32 44
11 40 20
11 48 12
11 55 57
12 0 58
12 1 45
12 2 52
12 3 24
12 4 21
12 11 46
12 15 53
12 22 30
12 25 3
12 29 2
12 30 20
12 33 50
12 36 10
12 38 25
12 40 22
12 41 0
12 49 14
12 51 1
12 54 13
13 3 35
13 9 54
13 11 21
13 12 15
13 16 45
13 18 23
13 20 2
13 26 53
13 30 43
13 31 8
13 34 10
13 37 3
13 44 52
13 45 58
13 52 57
13 53 16
13 56 32
13 57 27
13 59 36
14 6 49
14 10 45
14 16 55
14 19 1
14 21 17
14 32 38
14 40 12
14 43 8
14 45 13
14 46 58
14 47 33
14 50 0
14 51 41
14 57 36
14 59 57
15 2 12
15 4 27
15 6 30
15 12 19
15 18 50
15 19 11
15 20 20
15 22 6
15 30 4
15 32 48
15 33 28
15 36 51
15 47 36
15 48 2
15 52 9
15 54 3
15 57 1
16 1 20
16 3 46
16 7 33
16 8 23
16 13 57
16 22 10
16 29 6
16 30 3
16 33 2
16 36 53
16 39 26
16 43 40
16 48 48
16 52 36
16 56 45
16 57 55
17 1 4
17 5 19
17 6 22
17 14 23
17 32 7
17 40 43
17 51 33
17 53 52
17 56 26
18 5 0
18 8 46
18 11 19
18 16 32
18 23 7
18 31 45
18 33 14
18 34 24
18 35 58
18 36 28
18 38 4
18 45 50
18 49 51
18 50 25
18 54 17
18 59 49
19 0 37
19 1 42
19 10 59
19 11 34
19 12 14
19 13 46
19 15 9
19 17 41
19 19 15
19 20 26
19 21 3
19 22 43
19 23 13
19 26 20
19 27 11
19 28 2
19 29 58
19 33 35
19 36 40
19 37 57
19 38 7
19 46 56
19 50 18
19 53 39
20 0 36
20 4 9
20 5 35
20 7 8
20 8 15
20 10 27
20 16 37
20 18 40
20 19 43
20 20 51
20 24 54
20 25 7
20 28 19
20 33 32
20 36 57
20 40 58
20 43 56
20 46 55
20 49 29
20 53 26
21 3 56
21 5 36
21 7 28
21 13 1
21 19 47
21 21 39
21 22 20
21 27 12
21 31 33
21 41 15
21 48 7
21 56 6
21 59 29
22 0 28
22 2 59
22 3 53
22 7 0
22 8 2
22 13 22
22 15 1
22 18 34
22 20 35
22 24 15
22 27 44
22 37 40
22 38 37
22 40 17
22 42 7
22 46 5
22 50 56
22 51 21
22 53 10
22 54 52
23 0 21
23 1 23
23 4 36
23 5 32
23 6 31
23 14 29
23 15 59
23 16 1
23 17 0
23 21 41
23 24 34
23 26 28
23 29 45
23 36 15
23 37 17
23 39 47
23 41 3
23 44 58
23 45 44
23 47 12
23 54 39
23 57 14
24 1 25
24 2 2
24 4 55
24 8 13
24 11 22
24 12 59
24 18 8
24 19 50
24 21 26
24 22 5
24 28 7
24 32 35
24 33 10
24 36 0
24 37 34
24 38 24
24 41 32
24 46 52
24 57 15
24 58 39
25 1 10
25 9 21
25 12 57
25 14 31
25 17 46
25 18 37
25 23 2
25 25 20
25 31 9
25 32 22
25 33 12
25 34 8
25 38 56
25 43 43
25 45 48
25 46 42
25 49 11
25 51 18
25 52 47
25 53 28
26 0 5
26 1 22
26 4 20
26 9 7
26 10 53
26 13 48
26 23 15
26 28 21
26 31 37
26 39 41
26 42 38
26 43 47
26 47 16
26 51 17
26 52 30
26 54 32
26 55 59
26 57 50
27 0 46
27 4 42
27 5 17
27 13 59
27 16 18
27 18 55
27 21 49
27 26 32
27 27 35
27 30 31
27 34 38
27 39 23
27 41 29
27 42 5
27 43 53
27 47 6
27 50 45
27 51 36
28 2 32
28 3 29
28 10 56
28 12 50
28 13 43
28 15 14
28 22 28
28 26 52
28 29 35
28 33 48
28 37 18
28 39 15
28 40 57
28 42 16
28 44 49
28 48 17
28 49 22
28 51 5
28 56 27
28 59 58
29 3 43
29 6 44
29 7 54
29 8 56
29 11 26
29 15 37
29 20 55
29 22 14
29 27 16
29 28 39
29 29 33
29 38 18
29 43 50
29 44 29
29 45 32
29 47 38
29 49 52
29 52 48
29 56 42
29 58 21
30 5 31
30 9 45
30 10 20
30 11 51
30 13 16
30 15 19
30 16 50
30 18 39
30 21 14
30 23 6
30 24 7
30 26 9
30 27 4
30 34 3
30 35 22
30 40 30
30 41 34
30 44 24
30 48 58
30 49 54
30 53 57
31 2 28
31 10 42
31 12 2
31 13 44
31 14 30
31 15 49
31 20 54
31 21 59
31 22 45
31 27 39
31 28 47
31 31 56
31 35 35
31 36 16
31 39 55
31 44 23
31 51 58
31 52 33
31 56 0
31 57 22
32 1 11
32 3 28
32 7 43
32 9 15
32 11 30
32 15 58
32 18 25
32 20 31
32 23 41
32 24 13
32 26 56
32 27 10
32 29 20
32 34 32
32 44 55
32 49 5
32 50 16
32 55 42
32 56 54
32 57 37
32 59 40
33 1 36
33 6 45
33 7 39
33 10 51
33 14 37
33 19 48
33 22 17
33 23 25
33 24 11
33 32 10
33 34 41
33 42 30
33 43 27
33 44 47
33 45 14
33 48 56
33 52 28
33 55 23
33 59 1
34 2 15
34 15 31
34 16 33
34 17 4
34 18 17
34 21 38
34 22 58
34 24 6
34 25 47
34 30 12
34 31 20
34 32 28
34 35 51
34 37 44
34 39 48
34 40 7
34 51 32
34 58 53
34 59 26
35 0 12
35 8 17
35 9 53
35 16 24
35 17 59
35 18 1
35 24 57
35 27 21
35 33 36
35 37 48
35 42 14
35 46 37
35 47 3
35 48 11
35 51 46
35 53 23
35 54 6
35 55 56
35 56 10
36 5 38
36 6 18
36 11 39
36 13 9
36 16 13
36 18 6
36 19 59
36 21 20
36 24 26
36 40 14
36 43 32
36 44 21
36 45 16
36 52 35
36 55 22
36 59 3
37 3 33
37 5 15
37 6 24
37 12 56
37 15 47
37 18 11
37 21 30
37 22 41
37 23 3
37 28 1
37 29 57
37 34 9
37 38 22
37 40 25
37 51 26
37 52 31
37 55 21
38 2 11
38 5 53
38 6 14
38 11 0
38 22 56
38 25 22
38 26 58
38 27 51
38 30 52
38 31 28
38 32 25
38 33 7
38 34 42
38 36 39
38 38 16
38 39 46
38 51 4
38 57 41
39 1 26
39 4 10
39 7 37
39 13 34
39 21 56
39 22 35
39 24 39
39 25 45
39 27 1
39 35 8
39 40 28
39 41 58
39 46 44
39 48 0
39 51 7
39 54 23
39 55 43
39 57 11
40 5 14
40 7 36
40 9 46
40 12 11
40 19 38
40 21 21
40 22 16
40 23 52
40 27 3
40 32 13
40 39 24
40 41 9
40 49 1
40 53 8
40 55 17
40 57 49
40 59 23
41 1 49
41 2 20
41 5 23
41 6 59
41 8 37
41 14 58
41 18 19
41 19 57
41 22 34
41 26 54
41 36 26
41 39 11
41 40 27
41 53 30
41 57 35
42 0 41
42 4 46
42 7 24
42 12 51
42 16 54
42 17 1
42 21 9
42 22 18
42 23 38
42 24 23
42 33 49
42 41 21
42 43 39
42 48 35
42 50 30
42 51 15
42 53 47
42 56 43
43 3 11
43 8 57
43 9 2
43 16 3
43 19 8
43 20 22
43 21 31
43 23 32
43 24 5
43 29 55
43 30 25
43 32 24
43 33 34
43 36 1
43 40 41
43 44 26
43 46 36
43 48 10
43 50 37
43 54 0
43 57 4
44 3 42
44 4 58
44 11 3
44 12 1
44 14 43
44 19 27
44 21 37
44 22 51
44 23 33
44 24 40
44 25 11
44 26 34
44 28 49
44 32 9
44 33 25
44 40 59
44 43 55
44 49 13
44 50 19
44 55 20
45 0 25
45 3 50
45 5 9
45 7 47
45 10 38
45 14 56
45 15 54
45 22 3
45 24 1
45 28 58
45 34 0
45 36 27
45 37 12
45 39 35
45 45 42
45 47 43
45 48 57
45 52 41
45 58 36
46 1 12
46 3 41
46 6 48
46 7 9
46 9 0
46 14 33
46 22 27
46 24 25
46 27 6
46 31 18
46 35 2
46 37 14
46 38 21
46 40 29
46 41 26
46 42 31
46 44 57
46 46 4
46 47 17
46 55 51
47 3 17
47 5 58
47 8 31
47 15 33
47 19 2
47 29 22
47 38 29
47 39 16
47 41 20
47 48 1
47 54 50
47 55 35
47 57 39
47 59 52
48 1 6
48 4 30
48 5 26
48 11 23
48 19 56
48 26 39
48 28 57
48 43 3
48 44 14
48 47 48
48 48 5
48 51 35
48 56 16
48 58 47
49 5 55
49 11 33
49 16 56
49 17 29
49 21 25
49 23 20
49 30 36
49 32 42
49 34 48
49 35 3
49 36 21
49 43 24
49 48 14
49 52 4
49 55 32
49 59 8
50 1 5
50 6 29
50 9 17
50 12 34
50 13 3
50 14 22
50 15 43
50 17 44
50 22 26
50 23 0
50 33 30
50 36 37
50 39 36
50 41 25
50 43 14
50 46 49
50 48 38
50 50 48
50 51 50
50 54 28
50 59 13
51 2 57
51 7 21
51 8 47
51 11 32
51 12 52
51 14 5
51 16 20
51 18 46
51 19 55
51 22 11
51 25 24
51 33 26
51 34 44
51 35 45
51 37 39
51 46 59
51 49 41
51 51 29
51 53 6
51 55 2
51 59 34
52 0 31
52 6 37
52 8 24
52 10 35
52 15 4
52 21 48
52 27 2
52 35 7
52 37 54
52 38 34
52 47 22
52 54 36
53 3 8
53 10 12
53 12 29
53 18 47
53 19 46
53 21 42
53 23 22
53 27 14
53 30 34
53 37 0
53 38 39
53 45 54
53 56 21
53 57 7
54 2 16
54 9 19
54 10 17
54 11 36
54 12 13
54 13 33
54 17 52
54 19 10
54 20 6
54 21 1
54 25 54
54 26 40
54 27 55
54 29 34
54 31 51
54 34 39
54 35 23
54 36 29
54 40 3
54 45 59
54 48 22
54 52 11
54 53 9
55 3 22
55 10 4
55 25 51
55 27 32
55 28 35
55 30 50
55 36 20
55 38 2
55 44 33
56 0 38
56 1 59
56 7 4
56 10 37
56 11 45
56 12 33
56 21 51
56 23 39
56 33 22
56 35 5
56 38 12
56 39 0
56 40 48
56 47 13
56 50 40
56 53 53
56 54 18
56 56 58
56 58 29
57 1 57
57 6 26
57 10 55
57 11 48
57 14 42
57 18 58
57 20 29
57 25 6
57 26 31
57 30 32
57 34 19
57 36 49
57 41 38
57 46 20
57 49 50
57 53 4
57 54 51
57 56 39
58 0 13
58 1 37
58 2 30
58 4 57
58 6 27
58 10 31
58 11 43
58 13 51
58 17 39
58 32 15
58 37 24
58 38 41
58 45 1
58 46 21
58 53 19
58 57 32
59 1 7
59 2 51
59 4 34
59 7 2
59 8 12
59 9 55
59 10 6
59 12 38
59 21 28
59 22 29
59 25 37
59 26 33
59 28 59
59 30 10
59 34 50
59 35 44
59 37 58
59 38 47
59 41 39
59 46 9
59 47 20
59 48 41
59 49 57
59 51 53
59 52 26
59 58 23
59 59 19
