70
0 3 59
0 4 49
0 5 48
0 8 61
0 9 33
0 10 54
0 11 43
0 12 15
0 15 23
0 16 62
0 17 8
0 19 22
0 22 64
0 24 34
0 26 25
0 27 11
0 29 16
0 30 60
0 32 4
0 33 46
0 34 51
0 35 52
0 36 27
0 37 40
0 45 42
0 46 12
0 47 56
0 48 24
0 52 68
0 56 44
0 59 6
0 60 3
0 63 19
0 64 21
0 67 35
1 5 39
1 8 3
1 10 32
1 16 65
1 17 27
1 19 26
1 22 51
1 23 42
1 25 30
1 27 6
1 30 52
1 34 38
1 41 57
1 43 54
1 46 15
1 47 40
1 49 56
1 52 43
1 55 35
1 58 25
1 64 68
1 67 64
2 1 52
2 3 34
2 5 8
2 7 53
2 11 1
2 13 18
2 14 16
2 15 26
2 16 68
2 18 17
2 20 57
2 23 48
2 24 38
2 25 66
2 28 45
2 29 12
2 32 56
2 33 60
2 38 54
2 39 58
2 40 0
2 51 25
2 52 63
2 53 35
2 55 42
2 57 9
2 65 69
2 66 20
3 3 22
3 5 52
3 7 39
3 8 60
3 9 58
3 11 10
3 13 9
3 15 44
3 18 36
3 20 21
3 24 62
3 27 41
3 28 46
3 31 32
3 32 68
3 39 54
3 41 65
3 44 59
3 48 37
3 49 8
3 50 67
3 55 1
3 56 33
3 59 43
3 61 31
3 62 42
3 64 40
3 66 55
3 68 16
4 1 55
4 6 1
4 8 68
4 10 5
4 11 44
4 14 52
4 15 62
4 17 64
4 18 18
4 19 13
4 20 32
4 24 49
4 26 54
4 27 25
4 32 21
4 35 4
4 36 33
4 40 67
4 41 30
4 42 42
4 44 9
4 45 23
4 47 38
4 56 41
4 57 22
4 60 26
4 61 15
4 62 53
4 63 37
4 64 45
4 67 50
4 68 61
5 8 65
5 9 61
5 11 64
5 13 44
5 14 7
5 15 53
5 17 15
5 20 62
5 21 0
5 23 22
5 26 4
5 34 29
5 35 19
5 36 18
5 38 69
5 40 68
5 42 12
5 43 63
5 44 14
5 46 47
5 48 25
5 50 52
5 56 17
5 62 36
5 67 23
6 2 3
6 5 34
6 7 37
6 8 64
6 10 11
6 12 10
6 16 36
6 17 39
6 20 25
6 23 19
6 25 45
6 26 5
6 27 47
6 31 52
6 32 40
6 33 12
6 35 24
6 37 14
6 39 13
6 43 4
6 46 56
6 48 66
6 49 57
6 51 46
6 52 2
6 56 43
6 57 60
6 58 29
6 63 67
6 64 44
6 66 16
7 4 50
7 6 39
7 7 34
7 8 24
7 10 19
7 13 8
7 15 52
7 18 11
7 19 5
7 20 20
7 23 35
7 24 59
7 25 31
7 26 69
7 28 26
7 29 42
7 30 1
7 37 64
7 40 56
7 41 51
7 45 60
7 51 17
7 53 65
7 54 25
7 58 62
7 63 6
7 64 36
7 66 14
7 67 47
7 69 48
8 0 55
8 5 11
8 7 14
8 9 62
8 12 47
8 14 49
8 15 48
8 17 16
8 25 0
8 26 7
8 35 58
8 42 29
8 43 60
8 44 35
8 50 61
8 51 57
8 53 13
8 56 53
8 58 39
8 60 24
8 61 25
8 63 23
8 65 31
8 66 36
8 67 8
8 69 6
9 1 11
9 3 27
9 4 39
9 10 67
9 13 26
9 15 40
9 18 32
9 21 10
9 26 31
9 28 3
9 35 41
9 36 28
9 41 37
9 45 46
9 47 2
9 49 19
9 51 69
9 53 66
9 55 4
9 56 34
9 57 53
9 59 52
9 61 48
9 65 55
9 69 61
10 7 31
10 8 2
10 9 36
10 11 26
10 12 38
10 14 45
10 15 14
10 16 67
10 18 63
10 20 43
10 21 42
10 24 20
10 25 4
10 27 18
10 33 69
10 35 46
10 36 32
10 38 61
10 40 64
10 43 25
10 44 50
10 47 23
10 49 58
10 54 27
10 60 37
10 61 47
10 63 24
10 67 6
11 2 53
11 3 2
11 8 33
11 9 56
11 13 52
11 15 31
11 19 65
11 22 44
11 24 47
11 25 54
11 26 42
11 37 27
11 38 17
11 45 45
11 46 48
11 52 4
11 54 36
11 55 15
11 57 13
11 58 20
11 59 63
11 60 34
11 61 67
11 64 16
11 66 29
11 67 5
12 0 32
12 3 29
12 5 55
12 6 28
12 8 46
12 9 39
12 10 52
12 12 51
12 13 40
12 14 22
12 23 10
12 24 25
12 28 19
12 30 4
12 32 49
12 33 48
12 35 34
12 36 13
12 39 53
12 40 42
12 47 36
12 48 38
12 51 8
12 52 44
12 54 56
12 55 58
12 58 17
12 59 37
12 60 6
12 64 60
12 65 30
12 67 1
13 1 14
13 2 6
13 8 9
13 9 15
13 13 33
13 15 10
13 17 40
13 21 35
13 28 17
13 29 61
13 31 39
13 32 34
13 36 23
13 37 38
13 39 18
13 41 41
13 42 21
13 51 1
13 52 58
13 59 2
13 61 46
13 62 13
13 64 37
13 65 62
14 0 36
14 4 63
14 5 0
14 9 68
14 10 56
14 13 29
14 16 15
14 18 20
14 19 45
14 21 5
14 23 51
14 24 52
14 26 55
14 33 54
14 34 9
14 35 26
14 38 7
14 39 46
14 43 47
14 50 60
14 52 38
14 53 44
14 55 61
14 60 11
14 61 2
14 62 14
14 63 30
14 64 4
14 65 17
14 67 59
14 69 50
15 1 24
15 2 36
15 3 60
15 5 68
15 9 52
15 10 27
15 11 35
15 15 54
15 17 69
15 20 17
15 21 18
15 22 25
15 23 3
15 26 28
15 29 21
15 33 56
15 34 34
15 35 29
15 36 62
15 42 22
15 46 42
15 57 15
15 58 61
15 59 55
15 63 11
15 65 49
15 67 66
15 68 13
15 69 19
16 1 44
16 5 50
16 6 30
16 7 22
16 13 62
16 14 63
16 15 43
16 16 11
16 18 24
16 21 36
16 26 60
16 27 49
16 34 69
16 36 47
16 39 20
16 40 2
16 44 40
16 49 16
16 53 41
16 55 45
16 56 58
16 57 64
16 60 13
16 61 34
16 65 28
17 6 8
17 8 47
17 9 42
17 12 46
17 15 55
17 16 13
17 17 24
17 18 30
17 22 54
17 26 17
17 27 1
17 32 16
17 35 33
17 36 5
17 43 27
17 44 44
17 45 40
17 54 20
17 60 31
17 64 49
17 69 14
18 4 19
18 7 51
18 8 55
18 13 56
18 15 30
18 17 1
18 18 42
18 20 65
18 22 13
18 26 62
18 27 21
18 28 5
18 30 48
18 33 24
18 36 57
18 38 22
18 41 54
18 42 41
18 44 64
18 45 11
18 46 27
18 49 29
18 50 40
18 51 68
18 57 50
18 58 4
18 61 59
18 63 34
18 65 39
18 66 66
18 67 44
18 68 14
18 69 3
19 0 31
19 1 46
19 2 66
19 4 29
19 7 44
19 10 4
19 16 43
19 18 55
19 22 65
19 24 57
19 25 53
19 27 16
19 29 9
19 30 38
19 31 42
19 36 52
19 39 62
19 40 5
19 42 37
19 43 3
19 46 64
19 50 54
19 56 15
19 60 51
19 64 14
19 67 61
20 1 57
20 3 14
20 6 12
20 8 62
20 9 7
20 15 16
20 16 44
20 17 61
20 18 6
20 22 19
20 24 8
20 25 50
20 26 56
20 27 3
20 31 48
20 34 45
20 35 47
20 36 30
20 37 22
20 38 15
20 39 41
20 43 18
20 45 64
20 50 29
20 51 42
20 52 55
20 57 21
20 60 25
20 61 20
20 65 4
20 67 38
20 68 49
20 69 60
21 0 41
21 8 30
21 10 69
21 11 47
21 14 0
21 15 13
21 16 48
21 17 29
21 18 52
21 20 51
21 21 32
21 22 6
21 23 9
21 25 49
21 26 16
21 27 28
21 29 22
21 35 18
21 37 65
21 40 11
21 41 12
21 44 56
21 46 19
21 48 44
21 53 43
21 54 37
21 55 17
21 57 45
21 60 54
21 62 68
21 64 64
21 65 1
22 3 45
22 4 28
22 7 19
22 10 2
22 11 46
22 15 58
22 17 67
22 20 68
22 22 24
22 26 59
22 27 27
22 28 44
22 29 35
22 35 30
22 36 41
22 37 23
22 38 56
22 40 34
22 51 10
22 54 55
22 55 62
22 60 47
22 61 14
22 65 0
22 68 12
23 0 69
23 1 26
23 3 38
23 4 1
23 5 28
23 6 4
23 8 63
23 14 29
23 15 24
23 22 5
23 23 36
23 25 7
23 28 23
23 29 25
23 34 59
23 38 49
23 39 9
23 43 41
23 45 58
23 48 61
23 49 30
23 53 37
23 54 21
23 58 43
23 59 44
23 61 27
23 62 18
23 66 32
23 67 40
23 68 47
24 0 51
24 3 40
24 4 66
24 8 42
24 9 28
24 10 22
24 17 0
24 22 52
24 25 34
24 26 67
24 27 58
24 30 45
24 35 55
24 37 20
24 40 38
24 42 10
24 45 3
24 46 31
24 49 50
24 52 19
24 53 32
24 60 48
24 61 43
24 62 46
24 66 6
25 2 58
25 3 63
25 4 5
25 5 16
25 6 7
25 14 20
25 15 4
25 16 23
25 20 67
25 21 13
25 24 44
25 25 39
25 35 2
25 40 65
25 43 8
25 46 59
25 49 18
25 50 49
25 52 54
25 53 61
25 55 26
25 58 60
25 59 11
25 60 35
25 62 12
25 63 48
25 64 19
25 67 36
26 3 57
26 4 55
26 5 61
26 10 37
26 13 15
26 15 68
26 16 16
26 19 43
26 21 14
26 22 28
26 23 18
26 24 64
26 26 1
26 27 36
26 29 48
26 30 17
26 32 46
26 33 20
26 35 10
26 36 2
26 38 34
26 39 33
26 41 40
26 42 56
26 44 29
26 46 52
26 49 4
26 51 54
26 55 51
26 59 47
26 60 0
26 62 7
26 66 21
26 67 41
26 69 45
27 1 37
27 2 47
27 8 54
27 11 18
27 15 59
27 16 60
27 18 31
27 21 27
27 23 26
27 24 29
27 25 6
27 26 0
27 27 51
27 28 65
27 34 7
27 38 8
27 40 21
27 42 25
27 47 9
27 51 13
27 52 10
27 53 33
27 59 36
27 62 69
27 68 67
28 2 54
28 4 60
28 5 32
28 11 57
28 12 5
28 13 39
28 18 59
28 22 31
28 28 8
28 29 11
28 30 21
28 31 34
28 35 45
28 36 19
28 37 7
28 38 23
28 39 63
28 40 37
28 41 2
28 43 16
28 44 1
28 45 27
28 46 20
28 56 30
28 58 55
28 62 4
28 63 51
29 4 58
29 5 2
29 6 3
29 7 20
29 9 27
29 13 36
29 16 33
29 17 51
29 19 25
29 21 53
29 26 11
29 28 31
29 29 69
29 35 9
29 38 28
29 39 7
29 42 4
29 43 56
29 48 65
29 49 47
29 50 62
29 53 15
29 55 23
29 57 41
29 58 66
29 60 18
29 65 46
29 67 16
29 69 54
30 1 63
30 2 30
30 5 9
30 6 23
30 7 55
30 8 34
30 9 25
30 10 21
30 11 69
30 13 5
30 14 56
30 17 41
30 25 62
30 26 32
30 36 16
30 39 0
30 51 45
30 53 19
30 59 51
30 69 36
31 8 66
31 14 1
31 15 41
31 19 24
31 20 58
31 25 18
31 29 19
31 32 55
31 35 7
31 42 30
31 44 54
31 45 59
31 51 15
31 53 21
31 55 14
31 59 35
31 64 47
31 65 52
32 0 46
32 2 41
32 4 31
32 7 35
32 9 13
32 11 61
32 12 52
32 17 22
32 18 10
32 21 37
32 22 49
32 23 47
32 27 4
32 34 40
32 40 63
32 41 28
32 44 5
32 46 33
32 48 39
32 49 15
32 50 1
32 52 6
32 53 14
32 54 64
32 57 67
32 64 57
32 69 34
33 1 54
33 4 41
33 8 69
33 9 47
33 10 3
33 12 40
33 13 66
33 14 19
33 19 2
33 23 25
33 24 15
33 25 60
33 27 64
33 28 67
33 34 8
33 35 36
33 36 6
33 38 39
33 39 22
33 42 1
33 47 52
33 48 68
33 50 65
33 53 51
33 54 14
33 57 5
33 58 56
33 59 62
33 60 57
33 61 61
33 68 46
33 69 26
34 6 2
34 8 15
34 11 45
34 15 63
34 16 19
34 17 7
34 18 39
34 22 4
34 28 64
34 29 10
34 35 51
34 37 46
34 39 52
34 40 18
34 41 49
34 46 62
34 47 68
34 48 20
34 52 5
34 55 40
34 56 37
34 58 24
34 59 59
34 60 41
34 61 57
34 62 11
34 63 29
34 66 61
34 68 9
34 69 38
35 1 1
35 2 55
35 3 24
35 6 32
35 8 59
35 10 23
35 11 48
35 12 0
35 15 21
35 17 37
35 19 12
35 20 31
35 21 64
35 22 35
35 25 33
35 28 2
35 31 69
35 36 22
35 44 15
35 47 63
35 48 14
35 55 68
35 64 17
36 0 19
36 6 61
36 10 14
36 15 32
36 17 47
36 18 23
36 19 62
36 21 25
36 23 33
36 31 64
36 32 20
36 34 56
36 38 50
36 41 35
36 49 2
36 54 57
36 55 54
36 58 58
36 60 36
36 65 45
37 7 56
37 10 35
37 12 49
37 13 19
37 15 47
37 16 38
37 19 53
37 20 37
37 22 43
37 24 2
37 28 13
37 29 33
37 30 39
37 37 1
37 40 16
37 43 9
37 44 42
37 45 6
37 46 67
37 48 15
37 50 31
37 51 55
37 54 62
37 55 52
37 60 40
37 64 41
37 65 51
37 66 25
37 67 46
37 69 8
38 1 6
38 4 33
38 5 14
38 7 64
38 12 23
38 16 53
38 18 48
38 21 47
38 25 16
38 27 42
38 32 59
38 40 50
38 42 24
38 45 21
38 46 3
38 48 32
38 49 60
38 53 55
38 54 34
38 55 44
38 56 36
38 57 58
38 65 5
38 66 54
38 67 15
39 1 9
39 3 18
39 4 0
39 5 59
39 6 35
39 7 43
39 9 48
39 10 1
39 11 53
39 12 29
39 14 24
39 20 3
39 23 12
39 25 64
39 29 57
39 30 44
39 31 31
39 33 39
39 35 49
39 39 60
39 42 26
39 43 34
39 45 54
39 46 69
39 48 19
39 50 4
39 54 65
39 56 61
39 57 11
39 63 42
39 68 28
40 3 64
40 8 20
40 9 38
40 11 41
40 14 30
40 17 68
40 19 50
40 24 9
40 27 57
40 31 60
40 33 19
40 34 52
40 35 54
40 38 67
40 40 69
40 45 62
40 53 53
40 56 22
40 62 26
40 65 21
40 66 42
40 68 11
41 2 19
41 6 46
41 9 40
41 10 64
41 13 2
41 16 4
41 17 26
41 22 11
41 23 59
41 24 36
41 27 55
41 31 22
41 37 54
41 38 48
41 42 53
41 46 35
41 47 43
41 49 7
41 52 27
41 53 49
41 54 45
41 55 9
41 56 18
41 57 6
41 63 58
41 67 51
42 3 62
42 8 4
42 14 17
42 16 29
42 17 21
42 20 5
42 23 15
42 25 23
42 29 30
42 30 10
42 33 33
42 35 38
42 36 53
42 39 49
42 40 46
42 44 12
42 45 43
42 46 54
42 52 51
42 54 40
42 60 56
42 63 66
42 65 11
43 0 39
43 3 1
43 7 60
43 9 67
43 13 38
43 15 5
43 19 48
43 20 14
43 22 33
43 25 24
43 29 37
43 30 58
43 31 16
43 33 34
43 35 68
43 36 55
43 38 11
43 39 32
43 42 13
43 43 66
43 44 19
43 46 30
43 47 51
43 49 0
43 50 43
43 51 23
43 63 35
43 64 3
43 65 6
43 66 69
43 67 27
44 0 5
44 4 51
44 6 24
44 7 17
44 9 23
44 10 53
44 11 16
44 13 42
44 16 64
44 23 20
44 24 3
44 27 2
44 37 41
44 39 30
44 40 60
44 42 49
44 49 32
44 50 13
44 53 56
44 57 39
44 61 54
44 63 0
44 64 7
44 66 59
44 67 34
44 69 43
45 1 47
45 2 32
45 7 61
45 8 27
45 11 65
45 13 4
45 17 20
45 21 3
45 22 2
45 23 56
45 30 31
45 31 19
45 33 6
45 34 67
45 35 16
45 37 30
45 38 41
45 41 8
45 44 53
45 45 26
45 51 11
45 54 43
45 57 34
45 58 57
45 62 54
45 63 44
45 64 23
45 65 63
45 67 14
45 69 15
46 2 68
46 5 23
46 9 41
46 14 57
46 21 61
46 23 52
46 28 20
46 31 28
46 32 0
46 33 37
46 34 39
46 36 7
46 38 10
46 42 55
46 43 44
46 46 50
46 49 25
46 50 9
46 52 36
46 54 38
46 55 16
46 56 59
46 59 54
46 63 17
46 67 53
46 69 51
47 1 62
47 3 26
47 4 15
47 8 38
47 9 69
47 12 37
47 13 45
47 15 49
47 16 39
47 18 4
47 19 61
47 21 6
47 31 47
47 32 64
47 33 29
47 42 57
47 45 68
47 46 5
47 47 60
47 48 54
47 49 14
47 54 44
47 56 3
47 57 19
47 64 65
47 65 67
47 66 30
48 1 53
48 2 11
48 4 61
48 9 0
48 13 13
48 15 67
48 16 6
48 17 48
48 19 7
48 24 4
48 26 10
48 31 12
48 32 18
48 33 62
48 34 49
48 35 60
48 37 9
48 39 66
48 41 19
48 43 38
48 44 41
48 45 17
48 46 26
48 47 20
48 49 51
48 50 30
48 52 8
48 53 58
48 55 34
48 57 35
48 63 57
48 67 52
48 69 46
49 1 5
49 6 50
49 10 66
49 12 54
49 16 25
49 18 57
49 19 19
49 21 43
49 29 60
49 32 39
49 39 65
49 44 2
49 47 58
49 50 53
49 54 1
49 55 31
49 56 69
49 62 30
49 66 62
49 67 4
49 69 35
50 1 19
50 4 12
50 7 59
50 9 11
50 10 48
50 14 61
50 15 34
50 16 56
50 17 10
50 18 5
50 21 7
50 22 14
50 23 68
50 24 30
50 27 67
50 29 46
50 31 33
50 34 31
50 39 43
50 42 18
50 48 6
50 50 22
50 53 20
50 54 41
50 55 27
50 57 52
50 58 8
50 59 23
50 60 9
50 64 54
50 65 36
51 2 35
51 3 56
51 8 40
51 10 29
51 12 58
51 15 51
51 16 37
51 17 9
51 18 49
51 19 44
51 20 59
51 25 61
51 26 2
51 32 57
51 33 55
51 34 48
51 35 39
51 36 45
51 37 17
51 38 19
51 39 64
51 40 30
51 41 62
51 42 67
51 50 47
51 52 33
51 53 68
51 54 8
51 58 18
51 60 12
51 65 24
51 66 43
52 0 17
52 7 12
52 8 43
52 11 52
52 12 30
52 14 23
52 15 6
52 17 46
52 18 13
52 19 54
52 20 11
52 21 48
52 22 60
52 24 1
52 25 42
52 28 7
52 32 8
52 41 9
52 44 24
52 52 31
52 53 64
52 55 28
52 56 47
52 59 40
52 62 51
52 68 34
53 0 18
53 2 57
53 3 58
53 8 7
53 9 64
53 12 43
53 14 2
53 15 28
53 18 35
53 19 59
53 21 38
53 23 39
53 27 10
53 28 52
53 30 36
53 35 69
53 38 14
53 39 44
53 40 47
53 45 30
53 46 34
53 50 42
53 55 65
53 56 9
53 60 17
53 63 8
53 64 61
53 66 13
54 0 61
54 1 59
54 6 45
54 8 36
54 9 18
54 10 6
54 11 38
54 12 19
54 14 69
54 16 14
54 17 25
54 23 23
54 26 57
54 29 5
54 30 37
54 31 26
54 33 63
54 34 15
54 35 66
54 37 21
54 38 9
54 45 67
54 47 64
54 49 22
54 52 29
54 55 48
54 60 42
54 61 44
54 68 51
55 0 66
55 2 49
55 5 5
55 12 28
55 17 56
55 18 15
55 21 52
55 22 22
55 27 19
55 28 54
55 30 57
55 31 50
55 36 35
55 38 46
55 39 42
55 41 14
55 42 7
55 46 36
55 47 29
55 48 59
55 49 38
55 52 60
55 53 30
55 59 8
55 63 68
55 65 48
55 67 24
56 1 15
56 2 56
56 5 7
56 6 47
56 7 65
56 10 13
56 12 36
56 13 59
56 19 20
56 21 40
56 22 63
56 29 1
56 30 9
56 32 19
56 38 42
56 39 67
56 40 3
56 43 39
56 44 10
56 46 23
56 49 54
56 51 37
56 52 46
56 53 11
56 54 4
56 56 31
56 57 48
56 58 45
56 59 12
56 60 16
56 61 53
56 62 33
56 64 50
56 65 57
56 68 69
56 69 41
57 4 13
57 6 59
57 7 47
57 8 18
57 9 44
57 10 58
57 13 48
57 14 37
57 15 36
57 16 54
57 17 17
57 18 27
57 24 55
57 28 22
57 29 32
57 33 31
57 35 63
57 37 33
57 39 39
57 41 68
57 52 24
57 56 40
57 57 42
57 59 21
57 61 66
57 64 43
58 1 64
58 2 13
58 3 20
58 4 27
58 5 66
58 8 44
58 12 55
58 15 29
58 17 54
58 18 46
58 19 11
58 21 45
58 22 62
58 23 69
58 24 68
58 26 58
58 27 0
58 29 59
58 30 42
58 31 67
58 34 63
58 42 8
58 46 40
58 50 39
58 51 49
58 55 25
58 57 38
58 58 19
58 59 4
58 62 65
58 63 15
58 66 57
59 1 49
59 3 44
59 9 6
59 12 26
59 13 63
59 14 13
59 16 61
59 17 57
59 20 56
59 24 40
59 30 68
59 31 9
59 33 7
59 38 55
59 41 39
59 42 28
59 45 25
59 47 8
59 50 23
59 53 34
59 58 36
59 67 67
59 68 24
59 69 4
60 1 36
60 5 54
60 7 18
60 9 45
60 13 1
60 16 27
60 18 21
60 19 60
60 20 63
60 22 37
60 24 11
60 26 39
60 28 56
60 31 38
60 34 6
60 38 58
60 43 15
60 47 35
60 50 5
60 53 46
60 55 29
60 56 12
60 57 57
60 58 13
60 59 19
60 63 9
60 65 53
60 66 23
61 1 38
61 2 64
61 3 8
61 6 14
61 7 5
61 8 21
61 11 7
61 12 34
61 13 60
61 17 2
61 18 41
61 19 23
61 20 44
61 27 22
61 28 49
61 41 1
61 42 19
61 43 20
61 45 12
61 48 40
61 49 17
61 50 56
61 51 67
61 52 69
61 53 16
61 54 39
61 55 46
61 56 48
61 57 62
61 58 50
61 63 53
61 64 58
61 67 3
61 69 24
62 1 3
62 6 6
62 7 21
62 12 68
62 13 50
62 16 57
62 17 35
62 18 60
62 20 47
62 22 69
62 27 34
62 28 15
62 31 51
62 34 64
62 37 32
62 42 17
62 43 62
62 47 5
62 51 48
62 53 52
62 56 1
62 59 53
62 61 42
62 66 49
62 67 19
62 68 33
62 69 39
63 0 59
63 2 43
63 3 61
63 6 40
63 7 16
63 10 36
63 11 23
63 14 58
63 17 45
63 18 28
63 21 50
63 25 12
63 27 30
63 28 60
63 33 52
63 34 57
63 35 8
63 37 56
63 38 29
63 41 34
63 43 7
63 45 41
63 46 44
63 48 9
63 51 47
63 53 17
63 58 68
63 59 42
63 61 32
63 64 55
64 1 8
64 2 16
64 8 12
64 11 37
64 13 17
64 14 9
64 15 11
64 17 63
64 18 25
64 20 35
64 22 42
64 28 39
64 30 61
64 33 26
64 35 56
64 43 57
64 47 15
64 50 19
64 51 51
64 52 28
64 53 2
64 56 38
64 58 52
64 62 55
64 63 64
65 0 7
65 1 10
65 4 8
65 6 22
65 7 46
65 10 40
65 11 24
65 13 54
65 14 42
65 15 64
65 16 32
65 17 44
65 23 50
65 25 5
65 32 69
65 36 66
65 38 38
65 40 61
65 43 51
65 44 43
65 45 1
65 47 41
65 50 68
65 54 48
65 55 55
65 56 16
65 57 31
65 58 6
65 62 52
65 64 27
65 65 3
65 66 18
65 68 21
66 0 12
66 1 7
66 5 62
66 9 66
66 10 49
66 13 55
66 17 18
66 29 31
66 31 2
66 32 11
66 33 10
66 34 46
66 37 4
66 39 24
66 41 36
66 42 61
66 44 25
66 46 0
66 49 48
66 52 45
66 53 54
66 54 29
66 55 39
66 57 17
66 61 35
66 62 57
66 66 63
66 68 19
67 0 11
67 4 48
67 7 67
67 11 36
67 12 18
67 15 1
67 18 68
67 21 33
67 22 47
67 23 63
67 24 35
67 25 2
67 26 41
67 27 53
67 30 23
67 31 13
67 34 21
67 36 40
67 40 31
67 41 45
67 42 16
67 45 8
67 49 66
67 50 34
67 55 49
67 57 32
67 59 9
67 60 69
67 62 56
67 68 15
67 69 30
68 0 67
68 1 48
68 3 69
68 4 47
68 5 1
68 6 57
68 7 23
68 10 7
68 11 13
68 14 34
68 15 39
68 17 33
68 18 38
68 20 52
68 24 65
68 31 24
68 32 6
68 33 61
68 34 18
68 35 44
68 37 12
68 41 55
68 44 17
68 46 43
68 47 37
68 52 15
68 53 3
68 56 64
68 57 30
68 64 11
68 67 62
68 68 59
69 0 23
69 3 68
69 5 24
69 7 8
69 9 46
69 10 57
69 11 30
69 12 16
69 16 58
69 19 4
69 21 60
69 22 38
69 23 55
69 26 51
69 28 36
69 30 3
69 32 29
69 36 50
69 38 45
69 42 44
69 43 37
69 45 28
69 47 48
69 49 61
69 50 2
69 52 64
69 53 62
69 56 10
69 58 42
69 62 67
69 63 12
69 66 19
69 68 22
