60
0 0 36
0 2 27
0 3 31
0 4 48
0 6 55
0 7 44
0 9 58
0 13 15
0 15 56
0 18 17
0 19 6
0 20 30
0 25 29
0 27 50
0 28 2
0 33 57
0 40 13
0 42 12
0 45 25
0 47 10
0 51 37
0 58 39
1 4 32
1 5 22
1 10 12
1 11 56
1 14 15
1 15 33
1 17 36
1 18 42
1 20 44
1 22 35
1 25 40
1 27 10
1 28 52
1 33 34
1 36 50
1 37 53
1 38 31
1 41 26
1 50 27
1 51 49
1 58 14
2 4 8
2 7 21
2 8 1
2 9 39
2 12 31
2 13 36
2 14 46
2 15 54
2 18 44
2 25 48
2 31 52
2 33 27
2 38 26
2 41 34
2 44 11
2 45 6
2 48 38
2 51 42
2 52 49
2 55 35
2 57 9
2 58 45
3 2 42
3 3 27
3 4 41
3 6 53
3 9 21
3 14 39
3 15 26
3 16 55
3 18 52
3 19 18
3 22 4
3 23 36
3 27 59
3 28 40
3 29 58
3 30 28
3 32 51
3 33 43
3 39 25
3 41 38
3 44 31
3 48 7
3 50 17
3 51 44
3 52 8
3 54 34
4 0 9
4 3 38
4 5 14
4 6 4
4 14 25
4 16 15
4 33 35
4 39 42
4 40 58
4 41 54
4 46 12
4 47 50
5 4 9
5 6 37
5 9 53
5 22 58
5 25 59
5 26 30
5 27 29
5 29 35
5 37 28
5 38 14
5 39 31
5 41 8
5 45 39
5 47 55
5 50 20
5 52 1
6 3 59
6 5 26
6 8 35
6 9 36
6 13 11
6 16 50
6 21 37
6 24 14
6 28 55
6 35 32
6 39 34
6 40 6
6 45 29
6 50 8
6 52 16
6 53 39
7 10 10
7 11 49
7 14 0
7 16 11
7 20 23
7 21 52
7 22 42
7 29 16
7 34 37
7 47 58
7 53 7
7 57 26
7 58 2
8 3 46
8 6 8
8 11 0
8 16 57
8 17 44
8 19 55
8 20 9
8 21 54
8 22 17
8 25 6
8 28 30
8 29 11
8 33 58
8 36 37
8 38 39
8 40 18
8 42 56
8 44 38
8 46 33
8 50 1
8 53 42
8 54 47
9 0 35
9 1 56
9 2 58
9 6 42
9 8 7
9 9 5
9 10 49
9 11 11
9 23 18
9 24 37
9 28 4
9 30 26
9 37 19
9 39 52
9 42 0
9 43 48
9 44 25
9 47 17
9 50 23
9 53 57
9 55 10
10 3 12
10 7 13
10 9 23
10 11 3
10 15 27
10 18 50
10 24 20
10 35 10
10 49 44
10 50 35
10 58 48
11 1 57
11 6 0
11 7 45
11 9 55
11 14 22
11 29 47
11 31 24
11 41 59
11 44 23
11 48 28
11 52 14
11 54 6
11 57 25
11 59 32
12 1 15
12 4 57
12 5 18
12 8 33
12 12 20
12 14 44
12 19 54
12 20 41
12 26 10
12 29 23
12 31 1
12 33 31
12 38 25
12 43 17
12 46 8
12 52 0
12 53 43
12 55 53
12 59 9
13 1 53
13 3 43
13 5 30
13 8 5
13 12 3
13 28 25
13 29 20
13 35 46
13 36 57
13 38 29
13 39 26
13 40 42
13 41 35
13 44 13
13 47 7
13 51 11
13 52 32
13 53 15
13 55 16
13 59 37
14 1 26
14 3 57
14 6 24
14 7 7
14 8 40
14 10 54
14 22 19
14 24 44
14 31 35
14 37 37
14 40 21
14 41 56
14 42 25
14 45 15
14 54 59
15 14 14
15 17 25
15 18 0
15 20 4
15 21 27
15 23 10
15 25 8
15 28 16
15 31 49
15 34 45
15 35 13
15 38 50
15 48 59
15 51 15
15 54 44
15 55 30
16 2 35
16 3 45
16 4 43
16 6 17
16 7 34
16 13 56
16 18 49
16 19 16
16 25 13
16 26 14
16 28 54
16 33 18
16 38 10
16 39 22
16 41 44
16 47 40
16 50 29
16 51 32
16 55 8
17 0 52
17 2 32
17 3 20
17 20 57
17 29 1
17 31 40
17 32 31
17 39 10
17 50 59
17 52 21
17 54 17
17 56 47
17 58 43
18 3 49
18 10 37
18 12 34
18 13 57
18 16 25
18 18 33
18 21 3
18 24 32
18 26 21
18 28 23
18 30 14
18 34 0
18 35 9
18 48 44
18 49 27
18 51 1
18 56 7
19 7 18
19 9 57
19 11 22
19 19 25
19 20 53
19 23 28
19 24 34
19 25 20
19 29 7
19 30 56
19 32 21
19 34 48
19 37 1
19 40 52
19 42 58
19 43 31
19 45 33
19 57 46
20 14 19
20 16 38
20 20 42
20 21 13
20 32 48
20 39 29
20 40 12
20 46 27
20 49 35
20 50 45
20 55 3
20 57 31
21 8 14
21 10 11
21 11 55
21 27 46
21 33 2
21 36 38
21 47 20
21 49 42
21 50 9
21 59 28
22 1 12
22 10 3
22 11 34
22 14 40
22 17 35
22 20 47
22 23 23
22 28 49
22 38 9
22 40 0
22 45 48
22 56 25
22 59 39
23 0 0
23 1 6
23 3 9
23 11 33
23 12 13
23 13 7
23 14 58
23 15 39
23 16 2
23 19 36
23 22 46
23 26 3
23 31 28
23 33 5
23 35 1
23 40 49
23 46 59
23 48 55
23 51 56
23 58 51
23 59 8
24 14 27
24 18 24
24 23 16
24 33 41
24 34 11
24 35 34
24 39 6
24 42 55
24 43 15
24 46 31
24 48 48
24 49 9
24 50 4
24 57 10
24 58 19
25 0 47
25 2 52
25 4 4
25 6 44
25 10 38
25 12 24
25 15 13
25 16 19
25 20 22
25 21 6
25 22 27
25 24 48
25 27 31
25 28 56
25 29 41
25 35 14
25 37 50
25 39 33
25 41 42
25 42 21
25 43 9
25 44 28
25 46 23
25 47 1
25 51 39
25 54 43
25 55 51
26 0 59
26 3 23
26 8 27
26 9 6
26 13 55
26 14 57
26 20 12
26 27 32
26 31 36
26 36 41
26 37 8
26 39 51
26 46 7
26 50 11
26 51 18
26 53 3
26 54 10
26 56 19
26 58 17
27 10 20
27 12 10
27 14 26
27 15 16
27 21 42
27 29 51
27 34 30
27 39 2
28 1 21
28 3 44
28 6 45
28 7 3
28 8 43
28 14 17
28 19 29
28 23 31
28 26 47
28 28 22
28 34 5
28 38 1
28 43 59
28 44 26
28 47 2
28 51 58
28 54 56
29 0 39
29 4 56
29 10 29
29 11 19
29 14 21
29 21 40
29 25 49
29 26 8
29 28 6
29 32 45
29 35 30
29 36 2
29 38 48
29 43 7
29 46 1
29 51 57
29 55 44
29 58 31
30 2 19
30 7 26
30 9 27
30 16 51
30 20 20
30 25 9
30 27 53
30 31 37
30 32 52
30 35 44
30 36 30
30 37 49
30 54 5
30 55 40
30 58 35
31 4 19
31 6 39
31 10 30
31 12 4
31 17 58
31 18 57
31 20 14
31 23 34
31 25 46
31 27 22
31 35 56
31 40 7
31 41 51
31 44 12
31 46 54
31 59 52
32 0 55
32 1 52
32 2 40
32 7 24
32 12 29
32 13 47
32 18 45
32 28 39
32 29 14
32 32 19
32 35 22
32 36 10
32 42 53
32 44 42
32 45 8
32 59 7
33 1 30
33 3 52
33 4 51
33 5 10
33 7 37
33 10 22
33 16 44
33 19 28
33 23 19
33 25 25
33 29 6
33 31 17
33 36 16
33 38 54
33 39 11
33 40 27
33 42 29
33 44 7
33 46 41
33 53 9
33 56 4
34 0 56
34 3 6
34 6 25
34 11 57
34 13 12
34 15 45
34 17 47
34 18 36
34 25 11
34 26 41
34 30 19
34 32 13
34 35 43
34 36 27
34 40 48
34 46 17
34 49 31
34 50 50
34 51 40
34 53 32
34 54 4
34 56 34
35 1 2
35 2 24
35 4 36
35 5 44
35 7 29
35 8 10
35 10 26
35 13 37
35 18 32
35 20 27
35 23 40
35 24 9
35 29 21
35 31 33
35 35 55
35 38 22
35 39 1
35 42 49
35 45 0
35 46 58
35 51 31
35 56 42
36 0 30
36 15 59
36 16 43
36 17 4
36 21 47
36 23 26
36 24 55
36 25 58
36 26 38
36 27 40
36 28 12
36 30 13
36 37 56
36 40 57
36 44 3
36 45 53
36 47 14
36 54 25
37 3 40
37 6 26
37 7 51
37 8 38
37 9 15
37 14 52
37 15 34
37 22 30
37 23 59
37 25 19
37 26 18
37 28 45
37 29 55
37 39 20
37 41 58
37 42 22
37 46 25
37 47 5
37 53 36
37 55 4
38 1 43
38 6 41
38 13 27
38 14 47
38 18 46
38 19 51
38 22 54
38 24 40
38 27 16
38 29 19
38 31 15
38 32 25
38 33 26
38 34 29
38 36 9
38 38 17
38 42 35
38 47 59
38 49 7
38 54 0
38 56 8
38 58 34
39 0 14
39 1 1
39 2 55
39 5 59
39 6 40
39 7 31
39 10 45
39 12 23
39 15 28
39 27 8
39 30 17
39 36 52
39 38 27
39 39 5
39 41 2
39 42 26
39 44 19
39 45 7
39 50 51
39 51 6
39 52 56
39 56 39
39 57 36
39 59 48
40 0 31
40 1 45
40 5 29
40 10 44
40 11 27
40 29 17
40 30 42
40 33 16
40 38 30
40 39 43
40 41 41
40 44 20
40 45 46
40 48 3
40 50 54
40 54 9
41 0 27
41 2 9
41 9 30
41 13 40
41 17 3
41 19 20
41 21 59
41 22 11
41 25 34
41 29 38
41 30 8
41 36 53
41 39 12
41 40 23
41 41 46
41 44 37
41 46 5
41 47 54
41 48 52
41 49 43
41 51 47
41 55 22
42 0 49
42 2 0
42 4 13
42 5 37
42 7 28
42 12 5
42 15 11
42 16 40
42 21 9
42 23 45
42 25 7
42 28 43
42 30 29
42 34 36
42 37 18
42 39 48
42 40 17
42 47 22
42 49 59
42 53 26
42 55 55
42 58 27
43 0 32
43 2 3
43 6 31
43 12 25
43 14 37
43 15 48
43 25 57
43 27 45
43 28 21
43 29 50
43 34 27
43 35 17
43 40 2
43 45 14
43 51 4
43 53 0
43 55 6
43 58 28
44 1 0
44 10 36
44 14 35
44 19 19
44 20 43
44 26 42
44 31 45
44 34 21
44 38 56
44 42 50
44 43 2
44 45 22
44 46 34
44 47 30
44 57 37
44 59 41
45 4 26
45 9 8
45 10 9
45 11 39
45 13 21
45 14 30
45 15 29
45 16 41
45 18 3
45 22 2
45 28 20
45 34 40
45 35 4
45 37 24
45 39 47
45 41 57
45 43 50
45 44 54
45 57 1
45 58 52
46 3 48
46 8 34
46 10 2
46 15 3
46 16 16
46 18 4
46 25 36
46 34 59
46 35 58
46 37 0
46 38 15
46 45 28
46 46 57
46 47 45
46 50 5
46 52 31
46 58 30
46 59 1
47 0 33
47 2 15
47 8 45
47 24 5
47 26 2
47 27 4
47 31 22
47 33 37
47 36 47
47 38 36
47 40 34
47 42 48
47 44 24
47 52 27
47 53 21
47 55 50
47 59 56
48 0 17
48 7 8
48 9 33
48 13 41
48 15 22
48 17 1
48 18 54
48 20 7
48 24 38
48 38 37
48 39 13
48 40 24
48 47 29
48 48 32
48 49 23
48 50 21
48 53 59
48 56 52
48 57 19
48 59 4
49 3 32
49 9 48
49 14 16
49 16 46
49 17 27
49 21 20
49 25 50
49 27 28
49 30 24
49 31 3
49 40 47
49 42 18
49 43 44
49 47 35
49 51 10
49 57 12
49 58 23
49 59 53
50 0 12
50 11 58
50 12 7
50 13 43
50 16 14
50 17 51
50 23 5
50 26 55
50 30 31
50 31 0
50 32 22
50 33 56
50 34 42
50 39 41
50 40 16
50 44 44
50 48 6
51 0 25
51 1 41
51 3 7
51 4 27
51 7 40
51 8 28
51 9 10
51 12 58
51 14 56
51 16 47
51 25 26
51 26 12
51 30 52
51 35 33
51 36 36
51 37 9
51 39 4
51 43 29
51 45 49
51 46 37
51 47 39
51 52 50
51 55 57
51 58 6
52 2 6
52 6 7
52 7 22
52 10 43
52 11 21
52 13 4
52 17 9
52 19 12
52 23 14
52 28 46
52 29 26
52 32 11
52 33 59
52 34 24
52 35 47
52 37 36
52 38 18
52 40 37
52 43 20
52 45 41
52 47 15
52 48 33
52 49 3
52 54 19
52 56 27
53 0 48
53 5 36
53 6 19
53 9 16
53 11 41
53 15 32
53 18 23
53 21 45
53 23 42
53 26 5
53 31 9
53 33 1
53 41 49
53 42 40
53 45 3
53 46 38
53 48 0
53 54 7
54 0 26
54 1 9
54 4 1
54 10 27
54 12 0
54 16 39
54 17 37
54 18 40
54 19 5
54 26 56
54 30 2
54 32 50
54 34 55
54 38 58
54 41 43
54 42 54
54 50 44
54 51 38
54 55 17
54 56 49
54 58 59
55 0 15
55 1 16
55 7 38
55 10 41
55 11 5
55 12 18
55 23 58
55 24 17
55 25 43
55 34 31
55 37 21
55 39 59
55 41 45
55 44 57
55 50 7
55 55 0
56 0 4
56 14 23
56 18 55
56 23 6
56 26 20
56 31 38
56 32 41
56 35 36
56 36 39
56 45 43
56 55 13
56 59 59
57 5 27
57 6 5
57 9 51
57 10 25
57 12 35
57 15 43
57 21 34
57 25 32
57 27 3
57 29 2
57 32 28
57 33 39
57 36 14
57 45 38
57 46 16
57 53 6
57 54 20
57 55 48
58 2 1
58 3 25
58 4 15
58 5 41
58 9 42
58 16 49
58 24 36
58 26 7
58 31 13
58 35 8
58 36 29
58 41 21
58 42 6
58 43 53
58 47 9
58 48 4
58 51 46
58 53 19
58 55 39
58 57 44
58 58 10
59 0 19
59 9 38
59 10 4
59 12 53
59 14 49
59 21 50
59 26 51
59 36 17
59 46 6
59 48 40
59 49 37
59 57 59
