70
0 0 10
0 4 13
0 6 63
0 8 15
0 9 36
0 14 46
0 20 28
0 22 7
0 23 17
0 24 26
0 27 1
0 28 23
0 29 66
0 31 3
0 37 2
0 38 65
0 40 69
0 42 40
0 44 54
0 45 31
0 47 29
0 48 45
0 49 6
0 53 27
0 54 56
0 55 61
0 56 62
0 57 21
0 58 44
0 59 37
0 60 30
0 61 51
0 63 39
0 64 18
0 65 19
1 0 0
1 2 27
1 4 2
1 5 18
1 6 39
1 7 12
1 9 28
1 10 30
1 11 49
1 12 38
1 13 10
1 14 8
1 16 53
1 17 68
1 19 24
1 21 59
1 22 17
1 23 6
1 24 67
1 25 42
1 26 23
1 27 63
1 30 54
1 32 69
1 33 40
1 34 60
1 36 11
1 37 45
1 41 36
1 43 20
1 44 37
1 45 52
1 49 44
1 50 34
1 51 31
1 52 9
1 55 66
1 56 41
1 62 58
1 63 14
1 64 61
1 65 21
1 66 51
1 67 22
1 69 35
2 0 55
2 1 8
2 3 60
2 4 7
2 5 61
2 6 59
2 7 27
2 8 6
2 9 23
2 10 24
2 11 52
2 12 22
2 13 13
2 14 3
2 15 50
2 16 19
2 17 42
2 19 66
2 22 41
2 24 21
2 27 69
2 28 49
2 30 40
2 31 34
2 34 58
2 35 0
2 39 16
2 40 9
2 41 35
2 42 33
2 43 54
2 44 45
2 46 5
2 48 48
2 52 2
2 54 39
2 56 1
2 57 57
2 58 4
2 59 44
2 60 51
2 62 28
2 64 29
2 65 46
2 67 14
2 69 11
3 0 42
3 1 31
3 4 47
3 9 4
3 10 6
3 11 51
3 12 53
3 13 52
3 16 32
3 17 37
3 18 60
3 19 64
3 20 61
3 23 38
3 25 35
3 26 65
3 28 27
3 30 43
3 33 17
3 35 5
3 36 22
3 37 10
3 38 54
3 39 13
3 40 40
3 41 29
3 42 58
3 43 3
3 44 66
3 45 8
3 46 16
3 48 33
3 50 24
3 52 1
3 53 62
3 54 21
3 55 12
3 56 63
3 57 25
3 58 11
3 59 2
3 61 46
3 63 45
3 64 59
3 65 44
3 66 69
3 67 30
3 68 0
4 0 64
4 1 15
4 3 10
4 4 36
4 5 2
4 9 14
4 12 50
4 15 65
4 17 63
4 19 3
4 20 46
4 23 12
4 24 53
4 25 22
4 26 41
4 29 17
4 31 58
4 32 9
4 35 26
4 36 4
4 38 20
4 39 68
4 41 13
4 42 24
4 46 55
4 47 11
4 49 19
4 50 6
4 52 32
4 53 59
4 55 49
4 57 51
4 58 52
4 59 45
4 65 35
4 66 60
4 68 8
4 69 44
5 0 40
5 2 54
5 3 26
5 5 35
5 6 55
5 7 47
5 8 10
5 9 38
5 10 69
5 11 0
5 12 46
5 13 6
5 16 20
5 18 43
5 19 15
5 20 53
5 21 13
5 22 5
5 23 50
5 26 45
5 29 36
5 30 33
5 31 16
5 33 21
5 38 19
5 39 29
5 43 41
5 44 59
5 45 17
5 46 34
5 48 44
5 50 30
5 52 42
5 56 22
5 57 4
5 60 18
5 61 49
5 62 31
5 68 1
6 0 54
6 4 23
6 5 8
6 7 58
6 10 33
6 11 40
6 12 26
6 13 35
6 15 62
6 16 41
6 17 17
6 19 68
6 20 38
6 21 1
6 22 19
6 23 27
6 25 52
6 26 9
6 28 46
6 32 47
6 33 43
6 35 42
6 36 65
6 37 57
6 41 24
6 44 14
6 45 39
6 48 63
6 49 20
6 50 44
6 51 59
6 53 28
6 54 60
6 55 69
6 56 56
6 59 25
6 62 2
6 63 12
6 64 66
6 65 34
6 67 55
6 68 16
6 69 6
7 2 37
7 3 15
7 4 8
7 5 66
7 6 35
7 8 14
7 10 20
7 11 65
7 12 6
7 14 26
7 16 18
7 19 28
7 20 0
7 22 55
7 23 24
7 29 41
7 30 56
7 33 19
7 35 11
7 36 9
7 38 2
7 42 13
7 43 50
7 44 58
7 45 27
7 46 17
7 50 52
7 51 16
7 52 40
7 53 34
7 57 43
7 60 45
7 61 30
7 62 44
7 63 4
7 64 53
7 68 68
8 0 11
8 1 46
8 2 1
8 3 4
8 5 37
8 7 3
8 8 69
8 9 52
8 10 62
8 11 2
8 13 43
8 14 53
8 15 23
8 16 0
8 18 36
8 19 56
8 20 59
8 21 55
8 24 50
8 30 61
8 31 40
8 35 10
8 36 20
8 37 28
8 40 6
8 41 26
8 44 15
8 46 12
8 47 68
8 48 42
8 50 16
8 51 32
8 52 45
8 53 18
8 54 30
8 55 34
8 58 27
8 60 14
8 62 17
8 63 33
8 64 39
8 65 57
8 66 21
8 67 13
8 68 49
9 0 4
9 4 16
9 5 52
9 11 6
9 12 36
9 14 64
9 17 14
9 20 63
9 25 30
9 27 45
9 30 48
9 33 0
9 34 55
9 35 66
9 37 21
9 38 9
9 39 3
9 40 47
9 41 27
9 42 23
9 43 2
9 45 12
9 46 61
9 47 46
9 48 60
9 49 10
9 50 58
9 51 19
9 52 13
9 53 51
9 56 31
9 58 68
9 63 34
9 65 56
9 66 26
9 67 49
10 1 53
10 2 34
10 3 25
10 4 27
10 5 21
10 7 0
10 8 1
10 9 35
10 13 14
10 14 54
10 18 52
10 20 17
10 23 31
10 24 64
10 26 6
10 27 11
10 30 60
10 32 4
10 35 38
10 37 49
10 38 44
10 39 63
10 40 61
10 41 62
10 43 45
10 45 66
10 47 47
10 48 65
10 49 30
10 54 2
10 55 9
10 56 26
10 59 5
10 60 59
10 62 18
10 63 13
10 66 7
10 67 20
10 68 50
10 69 42
11 0 25
11 2 60
11 3 28
11 4 52
11 5 44
11 6 42
11 11 54
11 12 13
11 16 8
11 17 46
11 18 38
11 20 15
11 21 30
11 23 37
11 24 12
11 25 9
11 28 68
11 35 59
11 36 62
11 37 22
11 38 63
11 39 17
11 40 35
11 41 14
11 42 5
11 43 36
11 44 43
11 45 32
11 49 39
11 51 55
11 52 64
11 59 33
11 60 7
11 61 67
11 64 51
11 65 1
11 66 11
11 67 41
11 68 23
11 69 57
12 0 28
12 2 7
12 4 17
12 5 12
12 6 20
12 8 22
12 10 56
12 11 59
12 12 47
12 13 36
12 14 16
12 15 21
12 16 15
12 17 43
12 19 61
12 22 54
12 23 34
12 25 49
12 27 27
12 29 25
12 30 32
12 32 41
12 34 42
12 35 18
12 36 26
12 37 31
12 38 69
12 39 45
12 43 65
12 45 44
12 48 46
12 49 23
12 50 38
12 51 58
12 52 24
12 54 9
12 55 62
12 56 48
12 58 67
12 59 39
12 60 64
12 61 63
12 62 57
12 64 4
12 65 37
12 66 14
12 68 66
13 0 15
13 1 19
13 2 42
13 4 11
13 5 48
13 6 17
13 7 38
13 8 9
13 9 54
13 11 1
13 12 45
13 15 28
13 16 26
13 17 27
13 18 30
13 19 43
13 20 6
13 22 58
13 23 20
13 24 35
13 26 60
13 27 31
13 28 16
13 30 7
13 31 33
13 33 46
13 35 4
13 36 41
13 37 51
13 38 22
13 39 18
13 41 59
13 42 62
13 43 24
13 46 3
13 47 12
13 49 25
13 50 39
13 51 40
13 52 69
13 55 14
13 56 21
13 58 66
13 60 56
13 61 61
13 62 0
13 64 68
13 66 49
13 67 36
13 68 29
13 69 10
14 3 31
14 7 57
14 8 2
14 9 47
14 10 42
14 14 20
14 15 17
14 17 39
14 18 15
14 19 36
14 22 65
14 25 6
14 28 50
14 29 12
14 30 41
14 31 4
14 32 37
14 35 9
14 36 58
14 37 0
14 38 8
14 39 38
14 40 34
14 41 30
14 44 60
14 45 35
14 46 26
14 47 22
14 48 3
14 49 53
14 50 51
14 51 43
14 52 14
14 54 59
14 55 23
14 56 40
14 57 66
14 60 24
14 62 25
14 64 62
14 65 16
14 67 33
14 68 7
14 69 18
15 0 41
15 1 5
15 2 36
15 5 3
15 8 51
15 9 40
15 10 59
15 12 11
15 13 63
15 14 56
15 15 27
15 16 45
15 17 21
15 18 7
15 19 46
15 20 20
15 22 62
15 25 0
15 26 55
15 27 38
15 28 12
15 29 37
15 31 1
15 33 57
15 34 34
15 35 54
15 36 8
15 37 23
15 38 67
15 39 42
15 40 44
15 41 16
15 45 43
15 46 58
15 47 61
15 49 68
15 50 53
15 51 66
15 53 33
15 55 52
15 59 32
15 60 13
15 62 50
15 63 69
15 64 15
16 0 13
16 1 35
16 2 17
16 4 60
16 6 68
16 10 14
16 11 7
16 13 62
16 14 45
16 16 51
16 18 39
16 19 25
16 20 32
16 21 44
16 22 11
16 25 58
16 26 37
16 28 5
16 31 21
16 33 55
16 34 15
16 36 47
16 41 48
16 44 61
16 46 53
16 47 49
16 48 23
16 49 57
16 50 42
16 53 9
16 55 65
16 59 27
16 60 46
16 62 56
16 64 16
16 65 31
16 66 1
16 67 59
16 68 24
16 69 66
17 0 43
17 1 4
17 2 30
17 3 13
17 4 50
17 5 62
17 7 1
17 10 36
17 12 33
17 13 9
17 14 15
17 16 17
17 17 18
17 19 29
17 20 25
17 21 45
17 22 67
17 28 8
17 29 10
17 33 38
17 35 69
17 38 14
17 40 5
17 42 55
17 43 49
17 46 60
17 47 53
17 49 35
17 53 46
17 54 26
17 56 47
17 57 40
17 58 2
17 59 66
17 60 22
17 61 54
17 62 16
17 63 27
17 65 64
17 67 31
17 69 56
18 0 17
18 3 42
18 8 20
18 9 49
18 11 57
18 16 6
18 17 44
18 18 68
18 19 16
18 20 51
18 21 26
18 22 4
18 23 22
18 24 48
18 27 2
18 29 11
18 32 0
18 33 61
18 34 35
18 35 45
18 36 69
18 37 59
18 40 37
18 41 56
18 42 60
18 43 19
18 45 15
18 47 34
18 48 41
18 50 64
18 51 50
18 53 7
18 56 27
18 57 18
18 60 1
18 61 65
18 64 32
18 65 13
18 66 55
18 69 54
19 0 51
19 1 6
19 2 65
19 4 42
19 6 49
19 8 38
19 11 10
19 12 34
19 13 3
19 14 9
19 15 25
19 16 43
19 17 52
19 19 2
19 20 58
19 22 33
19 23 46
19 24 66
19 25 56
19 27 28
19 29 50
19 31 37
19 33 22
19 36 15
19 38 17
19 39 54
19 41 68
19 42 12
19 44 57
19 46 41
19 47 59
19 48 53
19 49 13
19 50 31
19 51 45
19 56 20
19 58 8
19 59 18
19 60 40
19 63 61
19 66 35
19 67 29
19 68 69
19 69 48
20 0 31
20 2 51
20 3 12
20 4 69
20 5 7
20 6 5
20 7 28
20 10 41
20 12 58
20 14 37
20 15 33
20 16 3
20 19 65
20 20 27
20 23 62
20 24 61
20 26 63
20 28 9
20 30 39
20 32 57
20 33 23
20 36 66
20 37 30
20 38 59
20 40 32
20 43 47
20 45 49
20 46 2
20 47 26
20 49 55
20 50 40
20 51 68
20 55 20
20 57 56
20 58 60
20 63 6
20 64 67
20 66 64
20 68 45
20 69 4
21 3 5
21 6 13
21 7 62
21 9 20
21 13 17
21 16 69
21 19 53
21 20 36
21 22 56
21 23 63
21 25 12
21 26 46
21 28 30
21 30 50
21 32 29
21 33 27
21 36 45
21 38 51
21 39 19
21 40 68
21 44 16
21 45 18
21 47 58
21 48 2
21 51 49
21 52 0
21 54 35
21 55 10
21 56 4
21 57 26
21 61 55
21 62 59
21 64 65
21 66 66
21 67 67
21 68 57
22 3 18
22 5 32
22 6 4
22 7 60
22 8 46
22 10 51
22 12 15
22 13 57
22 14 27
22 15 68
22 16 67
22 17 62
22 18 12
22 20 41
22 21 47
22 22 36
22 23 53
22 24 3
22 25 54
22 28 13
22 29 26
22 32 8
22 33 37
22 34 65
22 37 14
22 38 61
22 39 69
22 40 22
22 41 5
22 46 1
22 48 29
22 49 50
22 51 6
22 53 10
22 54 52
22 59 20
22 60 11
22 63 30
22 65 23
22 68 63
22 69 34
23 0 6
23 1 3
23 3 67
23 5 14
23 6 7
23 8 43
23 9 69
23 10 13
23 11 5
23 13 37
23 14 63
23 15 8
23 16 21
23 18 24
23 19 35
23 20 50
23 21 34
23 22 27
23 23 45
23 24 57
23 25 19
23 27 54
23 28 39
23 29 28
23 30 66
23 31 20
23 32 36
23 33 9
23 35 61
23 36 29
23 38 62
23 40 10
23 41 42
23 42 22
23 43 68
23 44 40
23 45 47
23 50 11
23 51 64
23 52 65
23 53 60
23 56 53
23 57 2
23 58 0
23 59 41
23 60 49
23 61 23
23 62 30
23 65 48
23 67 18
23 68 32
23 69 52
24 0 65
24 1 55
24 2 6
24 4 31
24 5 50
24 6 36
24 10 63
24 13 60
24 14 43
24 15 54
24 16 5
24 17 58
24 18 47
24 20 1
24 21 40
24 24 45
24 26 29
24 27 0
24 29 16
24 30 8
24 32 53
24 33 49
24 34 38
24 35 21
24 36 24
24 39 14
24 40 20
24 42 9
24 43 48
24 46 42
24 47 66
24 49 46
24 50 57
24 51 13
24 53 64
24 58 22
24 61 2
24 67 61
25 0 59
25 3 68
25 5 51
25 6 52
25 7 32
25 8 12
25 9 60
25 10 11
25 11 22
25 13 21
25 14 24
25 15 14
25 18 53
25 21 10
25 24 56
25 25 69
25 27 42
25 28 19
25 30 63
25 33 62
25 34 26
25 35 25
25 37 5
25 39 27
25 40 55
25 41 18
25 42 30
25 45 45
25 47 15
25 49 43
25 50 20
25 61 9
25 62 41
25 64 64
25 65 3
25 66 33
25 68 58
26 0 61
26 3 33
26 4 22
26 5 55
26 7 52
26 8 47
26 9 32
26 10 35
26 11 27
26 12 31
26 15 44
26 17 45
26 20 43
26 21 18
26 22 37
26 23 30
26 24 17
26 25 14
26 29 60
26 30 68
26 31 42
26 33 12
26 35 41
26 36 56
26 37 1
26 39 8
26 41 39
26 42 20
26 43 10
26 44 69
26 50 0
26 51 36
26 53 3
26 54 62
26 55 29
26 56 46
26 57 58
26 60 15
26 61 66
26 62 38
26 64 5
26 65 54
26 66 6
26 67 16
26 68 67
26 69 53
27 1 44
27 3 29
27 6 31
27 7 13
27 8 40
27 10 10
27 12 43
27 13 51
27 17 49
27 18 61
27 19 60
27 20 18
27 21 36
27 22 28
27 23 56
27 24 4
27 25 2
27 29 65
27 31 15
27 32 33
27 34 1
27 35 8
27 36 53
27 38 34
27 44 47
27 47 17
27 48 58
27 53 30
27 56 67
27 58 14
27 60 42
27 61 11
27 64 54
27 65 27
27 66 57
27 68 38
28 4 56
28 5 31
28 6 41
28 8 33
28 9 58
28 10 60
28 11 28
28 15 29
28 16 12
28 17 23
28 18 49
28 19 10
28 20 11
28 21 64
28 22 57
28 28 47
28 29 1
28 30 35
28 31 52
28 32 68
28 33 5
28 34 39
28 35 17
28 42 14
28 43 18
28 44 32
28 45 42
28 47 19
28 49 9
28 50 62
28 51 67
28 52 46
28 56 44
28 57 27
28 58 30
28 60 69
28 61 6
28 64 45
28 66 2
28 68 20
29 1 1
29 2 4
29 3 64
29 4 63
29 5 30
29 6 45
29 8 36
29 9 0
29 12 8
29 13 40
29 16 22
29 17 35
29 18 31
29 19 54
29 20 52
29 22 38
29 23 67
29 24 27
29 25 16
29 26 51
29 29 44
29 30 14
29 32 15
29 34 11
29 36 3
29 37 46
29 38 24
29 39 39
29 40 25
29 42 10
29 44 21
29 45 60
29 47 42
29 48 49
29 51 61
29 53 37
29 54 43
29 55 19
29 56 18
29 57 13
29 58 29
29 59 34
29 60 20
29 61 57
29 62 5
29 64 56
29 65 55
29 69 41
30 1 25
30 4 9
30 6 1
30 7 43
30 9 68
30 10 21
30 11 33
30 12 40
30 13 20
30 14 48
30 15 31
30 18 44
30 19 41
30 20 45
30 21 28
30 22 34
30 24 63
30 27 10
30 29 46
30 30 59
30 32 49
30 33 66
30 34 8
30 35 56
30 36 54
30 37 3
30 38 18
30 40 62
30 41 47
30 42 69
30 43 37
30 44 65
30 46 19
30 47 27
30 48 4
30 49 5
30 50 7
30 52 38
30 53 16
30 54 57
30 55 22
30 58 58
30 61 29
30 62 15
30 63 2
30 64 35
30 65 6
30 66 36
30 67 26
30 68 13
31 0 68
31 1 12
31 3 69
31 4 62
31 5 47
31 8 23
31 10 28
31 11 15
31 12 10
31 13 30
31 15 5
31 17 48
31 18 66
31 19 13
31 20 9
31 23 3
31 25 67
31 28 59
31 29 22
31 32 34
31 33 2
31 34 32
31 35 40
31 36 44
31 37 4
31 38 36
31 43 33
31 44 56
31 45 54
31 46 63
31 47 60
31 48 27
31 49 37
31 50 1
31 51 29
31 53 61
31 56 6
31 57 31
31 60 52
31 66 0
31 68 41
32 0 33
32 1 2
32 2 12
32 4 41
32 8 55
32 9 62
32 14 60
32 15 3
32 17 66
32 18 51
32 19 6
32 20 37
32 21 68
32 22 20
32 24 0
32 25 50
32 26 13
32 27 32
32 30 1
32 33 30
32 36 40
32 38 58
32 39 4
32 41 9
32 42 64
32 43 42
32 44 17
32 45 53
32 46 22
32 48 8
32 49 28
32 50 36
32 51 27
32 52 5
32 54 31
32 55 21
32 56 14
32 59 61
32 61 7
32 63 11
32 64 10
32 65 39
32 66 56
33 3 22
33 4 32
33 6 8
33 7 50
33 8 42
33 9 18
33 10 29
33 11 9
33 12 2
33 14 61
33 16 66
33 17 30
33 19 14
33 20 10
33 21 52
33 22 43
33 23 59
33 25 11
33 26 20
33 27 6
33 28 35
33 32 16
33 35 67
33 36 37
33 37 13
33 38 7
33 39 15
33 43 46
33 44 39
33 45 28
33 46 49
33 48 40
33 52 41
33 54 0
33 55 31
33 56 23
33 57 38
33 59 48
33 61 64
33 64 44
33 65 45
33 66 47
34 4 15
34 5 45
34 6 6
34 7 17
34 9 2
34 11 32
34 12 59
34 13 58
34 14 67
34 15 53
34 16 30
34 18 54
34 20 14
34 21 60
34 23 21
34 24 9
34 25 37
34 26 19
34 27 25
34 28 61
34 29 43
34 31 64
34 32 23
34 33 65
34 35 68
34 38 28
34 39 36
34 41 11
34 45 3
34 46 69
34 47 57
34 49 40
34 51 0
34 52 26
34 53 29
34 54 13
34 55 4
34 57 46
34 58 1
34 59 56
34 61 62
34 63 7
34 64 63
34 66 24
34 67 52
34 69 33
35 0 34
35 2 45
35 3 61
35 4 35
35 6 32
35 7 53
35 8 39
35 9 55
35 10 27
35 11 29
35 12 16
35 15 48
35 16 38
35 17 26
35 19 51
35 21 11
35 22 10
35 24 18
35 28 37
35 29 64
35 31 59
35 32 6
35 35 13
35 36 5
35 37 50
35 39 23
35 41 20
35 43 21
35 44 22
35 47 40
35 48 43
35 49 2
35 51 1
35 54 7
35 56 54
35 59 24
35 62 62
35 65 0
35 66 9
35 67 58
36 0 37
36 2 58
36 3 30
36 4 68
36 5 13
36 6 23
36 7 46
36 9 41
36 10 22
36 11 34
36 14 32
36 15 47
36 16 63
36 17 50
36 18 19
36 19 31
36 21 27
36 22 6
36 24 24
36 25 38
36 27 4
36 28 44
36 30 25
36 31 35
36 32 62
36 35 57
36 37 69
36 38 1
36 41 8
36 42 53
36 43 15
36 44 18
36 45 20
36 46 11
36 47 7
36 48 9
36 49 66
36 50 61
36 51 42
36 53 48
36 57 55
36 58 3
36 59 16
36 60 2
36 61 0
36 63 60
36 65 51
36 66 45
36 67 12
36 68 39
37 1 63
37 3 59
37 6 34
37 7 40
37 8 61
37 9 7
37 11 44
37 12 27
37 13 66
37 14 1
37 15 13
37 16 37
37 17 0
37 18 9
37 19 21
37 20 64
37 21 22
37 22 29
37 25 60
37 27 30
37 29 68
37 32 67
37 36 31
37 37 11
37 38 6
37 39 43
37 40 39
37 41 38
37 42 65
37 43 8
37 44 19
37 45 57
37 46 33
37 47 35
37 48 55
37 50 50
37 51 4
37 52 15
37 53 36
37 54 46
37 55 5
37 61 58
37 62 12
37 63 25
37 65 26
37 66 20
37 68 10
37 69 62
38 2 62
38 3 57
38 4 0
38 6 33
38 7 22
38 9 15
38 10 5
38 11 50
38 12 3
38 13 48
38 14 47
38 15 43
38 16 55
38 17 40
38 18 58
38 19 4
38 22 26
38 23 39
38 24 69
38 26 30
38 28 7
38 29 32
38 30 64
38 32 45
38 33 34
38 35 65
38 39 1
38 40 63
38 41 41
38 43 66
38 44 20
38 47 18
38 48 51
38 49 31
38 50 49
38 52 23
38 54 8
38 56 13
38 57 16
38 62 9
38 63 42
38 65 11
38 66 38
38 67 10
38 69 2
39 0 20
39 1 33
39 2 48
39 4 26
39 7 9
39 9 65
39 10 55
39 14 23
39 16 4
39 18 37
39 21 58
39 22 52
39 23 5
39 24 54
39 25 43
39 26 22
39 28 53
39 29 21
39 32 2
39 33 47
39 34 59
39 36 14
39 37 8
39 38 13
39 39 24
39 40 19
39 41 31
39 42 3
39 45 16
39 49 32
39 50 41
39 51 10
39 54 18
39 56 45
39 57 6
39 59 36
39 61 1
39 62 69
39 65 68
40 6 3
40 7 44
40 8 5
40 9 29
40 11 56
40 13 39
40 16 31
40 17 15
40 19 38
40 25 18
40 26 43
40 27 19
40 30 11
40 31 54
40 33 53
40 35 55
40 36 60
40 39 20
40 40 2
40 41 40
40 42 8
40 43 26
40 45 24
40 48 16
40 49 34
40 50 23
40 52 49
40 53 32
40 55 64
40 56 69
40 57 12
40 58 63
40 59 58
40 61 45
40 62 13
40 63 35
40 69 67
41 3 40
41 4 18
41 5 39
41 6 24
41 12 69
41 15 16
41 16 1
41 17 20
41 19 26
41 20 54
41 22 53
41 24 11
41 26 59
41 28 63
41 31 19
41 32 35
41 33 29
41 36 23
41 38 4
41 40 27
41 42 15
41 44 8
41 45 14
41 47 33
41 48 57
41 50 65
41 52 67
41 53 43
41 55 42
41 57 9
41 58 37
41 61 47
41 63 55
41 66 3
42 0 23
42 2 2
42 7 36
42 8 11
42 11 58
42 12 20
42 13 19
42 14 17
42 16 40
42 17 4
42 18 56
42 20 44
42 22 12
42 23 52
42 24 41
42 25 34
42 26 42
42 28 3
42 30 9
42 31 65
42 32 54
42 33 16
42 35 27
42 36 35
42 37 39
42 38 38
42 40 26
42 41 21
42 42 66
42 43 5
42 45 10
42 46 8
42 47 64
42 49 0
42 50 45
42 52 25
42 53 31
42 55 37
42 59 67
42 61 59
42 62 68
42 63 53
42 64 33
42 65 14
42 66 29
42 67 62
42 69 60
43 2 15
43 4 29
43 5 38
43 8 28
43 9 61
43 10 18
43 11 66
43 13 54
43 14 10
43 15 56
43 16 46
43 17 24
43 19 49
43 20 21
43 21 51
43 23 25
43 25 48
43 26 14
43 28 4
43 29 67
43 30 23
43 31 11
43 32 20
43 33 6
43 38 52
43 40 1
43 41 32
43 42 45
43 43 57
43 46 37
43 49 22
43 50 19
43 51 5
43 53 55
43 57 47
43 58 31
43 59 3
43 60 36
43 61 69
43 62 43
43 63 26
43 64 50
43 67 39
43 68 27
43 69 63
44 0 62
44 1 14
44 3 54
44 4 24
44 5 41
44 7 51
44 8 44
44 9 17
44 11 64
44 14 7
44 16 65
44 18 20
44 19 57
44 21 5
44 25 15
44 26 67
44 27 33
44 29 39
44 30 49
44 33 4
44 36 12
44 37 26
44 40 52
44 41 25
44 43 35
44 44 1
44 45 13
44 46 9
44 49 29
44 50 66
44 51 37
44 52 3
44 55 53
44 57 42
44 59 40
44 60 23
44 61 56
44 62 11
44 64 27
44 65 2
44 69 59
45 0 9
45 1 17
45 2 16
45 4 37
45 5 23
45 6 18
45 8 19
45 9 39
45 11 8
45 12 0
45 14 5
45 15 38
45 16 56
45 17 41
45 19 47
45 20 40
45 21 53
45 22 3
45 23 13
45 25 66
45 26 7
45 27 36
45 28 24
45 29 69
45 30 67
45 31 49
45 33 11
45 35 31
45 36 2
45 37 58
45 39 44
45 40 51
45 41 64
45 44 63
45 46 48
45 48 52
45 49 60
45 51 62
45 52 10
45 55 1
45 56 57
45 59 22
45 60 65
45 62 33
45 64 6
45 65 42
45 69 20
46 0 12
46 1 32
46 2 61
46 5 15
46 6 48
46 7 49
46 8 50
46 9 37
46 10 66
46 11 31
46 12 42
46 14 18
46 15 64
46 17 1
46 19 33
46 20 19
46 22 59
46 23 44
46 29 55
46 31 27
46 32 65
46 34 36
46 35 22
46 36 7
46 37 67
46 38 53
46 40 56
46 41 17
46 42 63
46 43 6
46 44 38
46 46 23
46 50 26
46 51 46
46 53 40
46 54 14
46 56 39
46 57 69
46 59 62
46 60 21
46 61 13
46 62 35
46 66 34
46 67 57
46 68 54
46 69 0
47 0 22
47 1 56
47 4 20
47 6 14
47 8 63
47 9 10
47 11 46
47 16 62
47 17 67
47 18 55
47 20 33
47 21 57
47 22 64
47 25 59
47 26 61
47 27 39
47 28 38
47 30 17
47 32 40
47 33 68
47 34 47
47 37 43
47 38 66
47 42 48
47 43 51
47 47 23
47 49 36
47 51 24
47 53 11
47 55 25
47 56 15
47 58 5
47 59 28
47 61 41
47 64 37
47 66 32
47 67 44
47 69 58
48 0 53
48 2 47
48 3 62
48 4 28
48 6 2
48 7 63
48 9 45
48 11 38
48 12 66
48 13 16
48 14 4
48 15 39
48 16 14
48 17 13
48 19 5
48 20 49
48 24 42
48 26 12
48 29 59
48 30 18
48 31 50
48 34 37
48 35 58
48 38 43
48 39 32
48 40 46
48 43 7
48 44 33
48 45 21
48 46 52
48 47 9
48 48 36
48 50 10
48 55 68
48 56 25
48 58 23
48 59 30
48 61 44
48 63 65
48 66 8
48 67 56
48 68 51
49 0 46
49 4 1
49 5 17
49 7 6
49 8 34
49 10 40
49 11 41
49 12 14
49 14 59
49 15 49
49 17 53
49 18 45
49 19 32
49 21 69
49 22 61
49 23 60
49 24 68
49 26 0
49 28 36
49 29 7
49 30 13
49 32 48
49 33 44
49 35 39
49 36 25
49 38 64
49 40 3
49 43 12
49 44 4
49 47 30
49 49 58
49 50 5
49 54 55
49 57 23
49 59 29
49 60 16
49 65 63
49 66 67
49 67 42
49 68 11
49 69 37
50 0 16
50 1 36
50 2 9
50 3 43
50 6 56
50 8 32
50 12 25
50 13 26
50 14 65
50 15 60
50 16 50
50 18 62
50 19 12
50 20 23
50 22 40
50 23 58
50 24 15
50 25 51
50 27 14
50 28 21
50 30 44
50 31 22
50 34 64
50 35 28
50 37 52
50 38 45
50 39 7
50 40 59
50 41 4
50 42 11
50 43 38
50 46 29
50 47 20
50 48 13
50 50 37
50 51 3
50 53 67
50 54 66
50 55 18
50 57 61
50 58 10
50 59 57
50 64 8
50 65 30
50 66 54
50 68 17
51 1 0
51 2 8
51 5 65
51 6 19
51 7 23
51 10 57
51 11 26
51 12 39
51 14 33
51 15 58
51 17 11
51 20 2
51 21 56
51 22 15
51 23 55
51 25 47
51 26 66
51 27 5
51 30 42
51 31 32
51 32 27
51 33 20
51 34 13
51 35 35
51 36 28
51 38 41
51 40 54
51 41 69
51 42 46
51 43 63
51 45 9
51 46 62
51 47 38
51 48 25
51 50 4
51 52 30
51 55 50
51 58 36
51 59 1
51 60 31
51 61 37
51 62 14
51 63 51
51 65 53
51 67 68
51 69 3
52 0 47
52 1 18
52 5 59
52 6 53
52 8 17
52 9 9
52 10 7
52 11 35
52 14 6
52 15 36
52 16 13
52 17 33
52 19 0
52 20 22
52 21 65
52 24 43
52 25 27
52 26 11
52 27 15
52 28 26
52 29 14
52 30 46
52 35 49
52 37 25
52 38 60
52 39 21
52 40 28
52 41 51
52 42 42
52 43 16
52 44 5
52 45 38
52 46 54
52 47 39
52 49 4
52 50 29
52 52 8
52 53 68
52 54 37
52 56 66
52 57 62
52 59 64
52 60 32
52 61 3
52 62 61
52 63 63
52 65 20
52 66 52
52 67 45
53 0 67
53 2 14
53 3 3
53 8 54
53 9 19
53 10 37
53 11 55
53 12 44
53 13 53
53 14 2
53 15 35
53 16 57
53 17 69
53 18 40
53 19 45
53 24 38
53 25 62
53 27 47
53 28 34
53 29 42
53 31 66
53 32 18
53 33 8
53 35 20
53 37 65
53 39 9
53 42 17
53 43 0
53 44 68
53 45 1
53 47 31
53 48 56
53 49 41
53 51 30
53 54 36
53 56 11
53 57 64
53 58 15
53 59 46
53 61 27
53 62 52
53 64 22
53 65 24
53 68 6
54 0 24
54 3 19
54 10 44
54 14 30
54 15 41
54 17 3
54 21 17
54 24 16
54 25 31
54 26 47
54 27 66
54 28 28
54 29 49
54 30 45
54 31 23
54 33 35
54 35 46
54 36 61
54 38 26
54 39 34
54 46 7
54 48 20
54 49 63
54 51 57
54 52 18
54 53 50
54 54 65
54 55 48
54 58 6
54 59 13
54 60 67
54 61 15
54 63 5
54 64 43
54 66 42
55 1 21
55 3 27
55 4 65
55 7 69
55 10 53
55 12 29
55 14 31
55 16 36
55 19 62
55 21 4
55 22 16
55 24 49
55 25 28
55 27 41
55 29 56
55 31 39
55 33 26
55 35 47
55 36 48
55 37 34
55 38 40
55 39 37
55 40 24
55 42 7
55 45 58
55 47 67
55 48 66
55 49 52
55 50 13
55 51 54
55 52 20
55 53 23
55 54 38
55 55 15
55 59 63
55 60 12
55 61 33
55 62 60
55 63 44
55 66 50
55 67 25
55 68 55
55 69 46
56 0 18
56 2 20
56 3 2
56 5 29
56 6 64
56 7 11
56 8 13
56 12 9
56 14 40
56 15 57
56 20 24
56 21 46
56 22 50
56 23 19
56 24 7
56 26 34
56 27 16
56 28 1
56 29 61
56 30 51
56 32 28
56 33 31
56 35 3
56 37 33
56 39 35
56 40 66
56 41 45
56 42 36
56 44 27
56 46 4
56 47 21
56 50 63
56 55 30
56 59 15
56 60 37
56 61 26
56 62 48
56 63 43
56 64 25
56 66 39
56 67 0
56 68 65
57 1 47
57 2 59
57 4 58
57 5 68
57 6 25
57 7 20
57 9 48
57 11 16
57 14 14
57 18 1
57 25 8
57 27 13
57 30 69
57 32 39
57 35 32
57 38 50
57 39 61
57 40 38
57 41 46
57 44 51
57 46 67
57 49 12
57 50 27
57 51 65
57 52 53
57 55 54
57 58 24
57 60 44
57 62 19
57 67 40
58 4 49
58 9 12
58 10 68
58 12 51
58 17 57
58 19 34
58 20 29
58 24 13
58 25 33
58 26 39
58 27 20
58 28 10
58 30 26
58 32 59
58 33 28
58 34 52
58 36 18
58 37 35
58 38 31
58 39 62
58 41 61
58 42 25
58 43 69
58 44 41
58 45 56
58 46 44
58 47 65
58 49 8
58 50 60
58 52 11
58 56 3
58 57 19
58 58 9
58 59 17
58 60 66
58 63 47
58 66 46
58 67 7
58 68 5
59 0 27
59 2 56
59 3 63
59 4 64
59 5 22
59 6 54
59 7 35
59 9 44
59 10 61
59 12 49
59 13 23
59 17 59
59 18 13
59 22 45
59 26 2
59 29 18
59 31 8
59 33 41
59 39 6
59 40 50
59 42 4
59 43 58
59 44 34
59 49 3
59 52 66
59 53 15
59 56 5
59 58 47
59 60 25
59 61 20
59 62 10
59 65 32
59 67 19
59 69 40
60 0 1
60 1 67
60 2 3
60 3 45
60 5 16
60 6 61
60 7 54
60 8 30
60 11 20
60 12 48
60 13 12
60 14 28
60 17 9
60 18 26
60 19 39
60 20 8
60 21 25
60 22 0
60 23 4
60 25 21
60 26 44
60 27 7
60 28 57
60 29 13
60 30 37
60 31 41
60 32 5
60 33 50
60 34 51
60 35 23
60 37 6
60 40 58
60 41 19
60 42 29
60 43 53
60 44 46
60 45 40
60 46 32
60 47 69
60 49 56
60 50 18
60 51 14
60 52 68
60 53 63
60 54 24
60 55 2
60 56 36
60 57 65
60 61 22
60 62 66
60 63 17
60 65 59
60 66 62
61 0 32
61 5 6
61 7 8
61 11 68
61 13 2
61 15 67
61 18 23
61 20 55
61 22 63
61 23 16
61 26 4
61 27 59
61 30 65
61 31 13
61 32 26
61 33 18
61 35 12
61 38 56
61 41 50
61 42 51
61 45 7
61 47 54
61 49 11
61 50 15
61 53 42
61 54 17
61 57 34
61 58 53
61 60 5
61 61 36
61 62 20
61 65 40
61 66 19
61 67 35
61 68 3
61 69 21
62 0 69
62 1 27
62 2 38
62 7 18
62 9 21
62 10 32
62 11 63
62 14 22
62 15 45
62 16 47
62 17 2
62 20 42
62 21 20
62 22 31
62 23 49
62 28 0
62 29 48
62 30 53
62 32 3
62 34 4
62 36 34
62 39 40
62 40 12
62 41 6
62 42 52
62 43 67
62 46 25
62 49 24
62 50 14
62 52 61
62 53 66
62 54 44
62 55 55
62 56 43
62 59 19
62 61 35
62 64 58
62 65 50
62 68 28
62 69 9
63 0 66
63 1 62
63 2 41
63 4 46
63 5 34
63 6 38
63 7 67
63 8 26
63 9 8
63 12 64
63 15 42
63 16 27
63 18 18
63 20 56
63 22 68
63 23 28
63 25 39
63 27 61
63 28 31
63 29 3
63 31 36
63 34 45
63 35 53
63 37 48
63 40 23
63 42 32
63 43 22
63 45 30
63 50 59
63 51 63
63 53 44
63 54 47
63 58 19
63 59 35
63 60 57
63 61 52
63 62 37
63 64 0
63 65 69
63 66 40
64 1 37
64 3 38
64 4 40
64 5 56
64 8 60
64 10 54
64 11 47
64 13 42
64 15 51
64 16 9
64 17 19
64 18 5
64 19 18
64 22 39
64 23 0
64 24 44
64 25 64
64 27 23
64 28 55
64 29 8
64 30 57
64 31 46
64 32 52
64 37 20
64 38 27
64 40 7
64 42 34
64 43 11
64 44 29
64 46 45
64 47 24
64 48 32
64 49 59
64 50 3
64 51 35
64 52 48
64 53 25
64 56 58
64 57 22
64 58 41
64 59 6
64 61 21
64 64 13
64 65 4
64 67 66
64 68 62
65 1 59
65 2 57
65 3 49
65 5 64
65 6 44
65 7 4
65 9 56
65 10 1
65 11 18
65 12 63
65 14 35
65 16 11
65 17 16
65 18 3
65 19 55
65 20 66
65 21 9
65 23 68
65 24 14
65 26 53
65 29 51
65 32 50
65 34 69
65 35 6
65 36 33
65 37 54
65 38 5
65 39 41
65 40 13
65 41 34
65 42 61
65 43 17
65 44 42
65 46 36
65 52 29
65 53 38
65 55 27
65 56 24
65 58 46
65 59 43
65 62 23
65 64 47
65 66 28
65 67 60
65 69 30
66 0 50
66 2 52
66 4 4
66 6 22
66 8 35
66 15 32
66 16 60
66 19 11
66 20 5
66 21 8
66 22 23
66 23 29
66 24 36
66 26 27
66 28 66
66 29 0
66 30 16
66 31 28
66 32 58
66 34 31
66 35 14
66 38 39
66 39 30
66 40 57
66 41 2
66 42 18
66 43 59
66 45 64
66 47 13
66 48 19
66 53 17
66 58 69
66 59 26
66 63 9
66 64 42
66 65 15
66 67 21
66 68 12
66 69 47
67 0 8
67 1 43
67 3 20
67 5 57
67 6 37
67 8 68
67 9 24
67 10 12
67 11 30
67 12 32
67 14 36
67 15 0
67 17 7
67 18 25
67 20 26
67 22 9
67 23 40
67 24 1
67 30 34
67 32 21
67 34 18
67 35 52
67 36 63
67 38 55
67 43 13
67 45 33
67 47 6
67 48 5
67 50 2
67 51 39
67 52 56
67 54 11
67 56 10
67 57 48
67 61 53
67 65 49
67 68 61
68 1 38
68 3 7
68 5 40
68 7 45
68 9 5
68 12 21
68 13 0
68 19 63
68 24 47
68 25 25
68 26 1
68 27 24
68 28 14
68 33 64
68 35 37
68 36 50
68 38 32
68 39 28
68 41 52
68 42 2
68 44 26
68 45 65
68 47 3
68 48 62
68 49 27
68 51 60
68 52 51
68 53 39
68 55 8
68 59 53
68 60 43
68 62 22
68 63 68
68 66 48
68 68 34
68 69 36
69 0 19
69 1 11
69 2 49
69 4 61
69 5 27
69 8 52
69 10 3
69 11 14
69 13 47
69 14 41
69 15 6
69 16 23
69 19 30
69 20 34
69 21 39
69 22 66
69 23 33
69 25 29
69 27 8
69 29 31
69 30 21
69 32 38
69 38 42
69 40 43
69 41 37
69 42 0
69 43 55
69 45 69
69 47 5
69 50 25
69 51 15
69 53 2
69 54 45
69 56 35
69 59 50
69 61 60
69 64 9
69 66 10
69 68 64
69 69 32
