60
0 0 24
0 2 34
0 5 39
0 6 21
0 9 38
0 10 14
0 11 30
0 12 58
0 13 48
0 14 10
0 20 18
0 21 47
0 26 15
0 29 0
0 30 17
0 31 41
0 35 8
0 38 9
0 40 59
0 41 36
0 44 55
0 46 4
0 47 56
0 51 16
0 56 5
0 57 49
1 0 9
1 1 8
1 3 44
1 4 36
1 9 59
1 12 13
1 13 43
1 14 29
1 18 10
1 26 19
1 29 49
1 32 18
1 33 56
1 34 25
1 36 20
1 38 23
1 39 34
1 42 31
1 43 30
1 45 42
1 46 45
1 50 28
1 53 21
1 58 32
1 59 41
2 3 24
2 4 29
2 12 5
2 15 25
2 19 52
2 20 31
2 22 23
2 27 27
2 28 0
2 33 10
2 38 15
2 43 48
2 44 44
2 53 45
2 56 9
3 0 53
3 4 8
3 8 42
3 10 0
3 14 37
3 16 7
3 21 26
3 24 45
3 25 46
3 27 44
3 28 20
3 30 49
3 34 51
3 50 15
3 51 21
3 55 29
3 59 34
4 2 5
4 11 20
4 12 21
4 15 29
4 17 14
4 18 58
4 21 24
4 23 42
4 27 49
4 29 34
4 33 57
4 36 59
4 45 15
4 47 54
4 56 16
4 58 47
5 4 5
5 17 11
5 24 36
5 25 17
5 28 50
5 42 13
5 43 56
6 1 12
6 3 51
6 12 10
6 13 47
6 15 27
6 22 14
6 25 57
6 27 40
6 29 36
6 30 45
6 32 28
6 35 52
6 41 24
6 49 43
6 50 42
6 53 59
6 54 25
7 0 17
7 1 23
7 4 44
7 6 6
7 11 7
7 18 34
7 21 14
7 24 58
7 25 1
7 28 22
7 37 11
7 42 38
7 43 24
7 45 59
7 46 47
7 47 29
7 48 15
7 49 53
7 59 16
8 0 0
8 1 29
8 8 9
8 18 4
8 25 20
8 32 26
8 33 53
8 34 54
8 35 33
8 38 43
8 39 52
8 40 47
8 47 45
8 48 5
8 49 25
8 50 32
9 0 40
9 4 33
9 5 58
9 9 7
9 11 14
9 15 57
9 16 43
9 18 1
9 21 29
9 22 24
9 26 5
9 27 56
9 30 18
9 31 23
9 32 27
9 36 50
9 37 19
9 42 26
9 47 31
9 52 39
9 53 6
9 56 30
9 57 54
10 5 19
10 7 14
10 9 29
10 11 10
10 12 20
10 15 39
10 23 21
10 27 58
10 29 33
10 30 40
10 32 4
10 44 2
10 46 25
10 50 30
10 51 0
10 52 44
10 56 56
10 59 27
11 0 39
11 3 16
11 5 50
11 7 41
11 18 0
11 19 1
11 21 23
11 29 10
11 37 21
11 38 59
11 40 17
11 45 49
11 47 47
11 49 11
11 51 22
11 52 43
11 53 38
11 54 44
11 55 19
11 56 52
12 2 22
12 15 14
12 16 10
12 17 31
12 20 41
12 26 1
12 29 48
12 31 35
12 32 46
12 42 7
12 43 6
12 50 26
13 3 52
13 4 53
13 5 5
13 11 2
13 16 29
13 21 15
13 24 23
13 26 7
13 28 36
13 34 20
13 40 25
13 42 39
13 47 34
13 50 35
13 52 14
13 54 24
13 56 18
13 59 10
14 0 25
14 1 19
14 3 40
14 4 56
14 5 49
14 12 6
14 17 51
14 18 16
14 20 38
14 25 21
14 31 32
14 37 54
14 39 1
14 40 52
14 46 17
14 48 53
14 52 5
14 56 46
14 59 50
15 4 17
15 5 22
15 8 29
15 12 37
15 14 42
15 16 28
15 20 1
15 23 57
15 24 34
15 25 47
15 26 25
15 28 53
15 30 24
15 35 6
15 36 32
15 43 9
15 49 8
15 54 46
16 3 0
16 4 58
16 6 36
16 12 35
16 18 59
16 23 2
16 26 6
16 32 44
16 33 17
16 34 28
16 35 14
16 45 31
16 46 37
16 48 16
16 53 34
16 55 26
16 57 30
17 0 15
17 1 54
17 3 50
17 4 10
17 5 46
17 6 9
17 11 0
17 12 18
17 14 33
17 18 29
17 19 16
17 21 37
17 22 47
17 23 14
17 25 55
17 26 35
17 30 57
17 39 58
17 40 45
17 42 59
17 48 26
17 50 17
17 55 44
17 59 19
18 3 1
18 7 35
18 9 55
18 10 31
18 16 15
18 22 56
18 24 44
18 25 48
18 29 19
18 31 0
18 43 57
18 44 23
18 47 17
19 0 23
19 3 13
19 10 35
19 14 12
19 16 2
19 20 52
19 24 24
19 27 18
19 28 38
19 34 5
19 36 6
19 45 53
19 46 50
19 48 34
19 51 9
19 52 7
19 53 55
19 55 58
19 58 57
20 0 19
20 4 43
20 7 3
20 8 23
20 9 16
20 10 9
20 12 50
20 15 31
20 18 8
20 25 13
20 28 30
20 29 32
20 35 10
20 36 7
20 38 6
20 39 24
20 43 15
20 49 49
20 51 47
20 54 2
21 0 28
21 1 1
21 2 42
21 4 27
21 6 49
21 16 22
21 17 24
21 18 12
21 23 45
21 25 19
21 29 20
21 32 21
21 33 30
21 39 36
21 42 47
21 46 51
21 47 23
21 48 50
21 52 32
21 56 6
21 59 37
22 1 51
22 3 9
22 9 12
22 10 46
22 11 58
22 14 15
22 16 55
22 20 49
22 21 42
22 25 22
22 28 57
22 29 17
22 33 44
22 34 39
22 37 59
22 40 41
22 42 1
22 43 33
22 46 8
22 50 34
22 58 54
23 0 3
23 2 15
23 13 18
23 14 59
23 16 47
23 18 46
23 21 34
23 25 49
23 27 17
23 29 4
23 31 38
23 35 29
23 39 13
23 40 14
23 44 43
23 47 44
23 49 5
23 50 56
23 53 30
23 55 27
23 58 35
24 2 9
24 5 11
24 14 47
24 20 3
24 30 30
24 34 29
24 36 35
24 37 5
24 39 33
24 40 48
24 45 41
24 46 46
24 49 16
24 50 23
24 56 20
25 1 22
25 2 26
25 10 42
25 13 17
25 14 19
25 15 12
25 17 9
25 24 31
25 25 54
25 27 21
25 29 13
25 30 46
25 36 36
25 42 43
25 47 20
26 1 47
26 2 16
26 11 52
26 18 36
26 22 59
26 25 6
26 27 1
26 28 4
26 32 12
26 34 35
26 36 57
26 37 31
26 38 18
26 43 2
26 46 10
26 47 49
26 54 32
26 56 15
26 59 38
27 0 36
27 5 42
27 9 17
27 10 20
27 11 22
27 20 21
27 23 55
27 24 3
27 30 34
27 32 43
27 36 56
27 38 44
27 39 6
27 42 33
27 45 37
27 52 9
27 54 14
27 55 11
27 58 51
28 4 15
28 8 46
28 16 50
28 22 2
28 28 25
28 30 48
28 31 6
28 37 38
28 43 42
28 47 9
28 49 19
28 50 52
28 53 4
28 54 37
29 1 55
29 11 42
29 15 32
29 16 11
29 20 4
29 21 57
29 23 30
29 33 47
29 40 16
29 42 18
29 54 39
29 55 1
29 57 6
30 6 50
30 8 44
30 9 39
30 12 15
30 14 6
30 15 0
30 20 14
30 21 38
30 24 1
30 31 57
30 35 25
30 36 24
30 39 31
30 47 51
30 49 58
30 54 36
30 55 43
30 57 56
31 1 28
31 2 13
31 6 32
31 11 49
31 12 25
31 20 58
31 21 17
31 23 4
31 24 8
31 28 9
31 29 15
31 34 43
31 42 12
31 45 24
31 51 7
31 52 53
31 56 1
31 57 21
31 59 33
32 3 34
32 6 47
32 8 27
32 10 36
32 19 11
32 20 2
32 22 22
32 23 13
32 24 15
32 28 41
32 33 16
32 38 48
32 41 18
32 43 14
32 48 28
32 49 0
32 50 1
32 52 25
32 55 52
33 4 19
33 7 55
33 8 51
33 17 40
33 18 44
33 19 32
33 22 16
33 23 0
33 35 45
33 37 29
33 38 11
33 52 23
34 0 34
34 5 24
34 7 40
34 8 35
34 11 11
34 15 51
34 20 22
34 22 32
34 24 19
34 36 53
34 40 50
34 47 36
34 56 57
34 57 20
34 59 47
35 1 16
35 4 40
35 5 36
35 6 27
35 7 20
35 12 59
35 14 58
35 15 33
35 16 38
35 18 28
35 22 11
35 25 30
35 26 23
35 31 34
35 32 50
35 33 24
35 35 41
35 36 55
35 37 2
35 40 13
35 43 29
35 46 57
35 51 31
35 58 22
36 0 29
36 1 24
36 15 43
36 16 49
36 18 38
36 20 20
36 21 31
36 23 11
36 26 14
36 27 45
36 31 37
36 33 12
36 38 55
36 39 2
36 40 40
36 42 41
36 43 8
36 46 7
36 52 3
37 1 38
37 13 1
37 18 40
37 33 41
37 35 42
37 36 10
37 38 57
37 47 13
37 50 29
37 52 24
37 54 26
37 58 43
37 59 23
38 1 11
38 2 6
38 3 36
38 4 9
38 5 7
38 8 33
38 13 21
38 16 45
38 22 50
38 26 31
38 30 28
38 37 24
38 39 27
38 40 37
38 41 19
38 43 53
38 47 3
38 48 47
38 50 55
38 51 1
38 52 59
38 55 42
39 6 35
39 7 27
39 14 11
39 16 34
39 18 26
39 19 23
39 20 17
39 23 20
39 24 2
39 26 28
39 27 5
39 29 37
39 32 38
39 33 13
39 37 56
39 44 15
39 47 55
39 49 14
39 54 16
39 55 25
39 57 48
40 0 26
40 7 53
40 8 43
40 15 47
40 16 23
40 21 39
40 26 59
40 28 27
40 29 1
40 31 31
40 33 54
40 36 46
40 40 32
40 42 30
40 44 40
40 50 4
40 55 33
40 58 19
41 5 8
41 10 2
41 15 54
41 27 26
41 28 10
41 29 7
41 36 3
41 38 51
41 39 39
41 46 6
41 54 15
41 55 45
41 57 29
41 58 1
42 3 20
42 6 3
42 7 59
42 9 46
42 16 0
42 18 53
42 24 14
42 27 32
42 34 22
42 35 12
42 36 1
42 42 40
42 47 25
42 48 57
42 49 42
42 50 49
42 53 11
42 55 23
42 57 10
42 58 44
42 59 6
43 7 13
43 13 42
43 18 19
43 25 12
43 28 39
43 35 26
43 36 4
43 37 52
43 38 53
43 41 8
43 46 43
43 48 0
43 52 35
43 54 10
43 55 50
43 58 3
44 1 39
44 3 47
44 5 43
44 6 30
44 7 7
44 8 17
44 10 25
44 14 52
44 15 41
44 19 54
44 21 3
44 23 6
44 35 49
44 36 11
44 43 20
44 46 44
44 47 57
44 51 14
44 58 40
45 10 54
45 12 51
45 14 18
45 16 30
45 23 59
45 28 56
45 29 46
45 34 27
45 45 6
45 49 47
45 53 48
45 58 39
46 1 32
46 2 28
46 3 41
46 4 47
46 7 2
46 9 33
46 10 10
46 12 42
46 18 52
46 19 55
46 20 27
46 21 6
46 22 45
46 27 25
46 41 39
46 44 7
46 47 21
46 49 26
47 0 13
47 4 23
47 7 16
47 10 55
47 11 54
47 12 3
47 16 40
47 18 30
47 20 34
47 21 51
47 23 26
47 29 12
47 31 8
47 32 17
47 34 57
47 43 32
47 50 11
47 52 29
47 55 47
47 56 25
47 57 31
47 58 21
48 1 44
48 3 32
48 10 50
48 14 28
48 16 52
48 25 45
48 27 3
48 29 22
48 31 47
48 34 18
48 36 27
48 38 2
48 42 48
48 52 10
48 55 0
48 57 26
49 1 7
49 3 4
49 5 57
49 6 1
49 7 10
49 8 8
49 12 31
49 14 24
49 18 43
49 19 22
49 21 2
49 24 53
49 25 33
49 26 26
49 27 9
49 30 58
49 31 46
49 32 5
49 35 44
49 37 28
49 50 21
49 54 56
49 55 30
49 56 42
49 57 41
49 58 48
50 5 48
50 8 45
50 11 29
50 14 17
50 17 41
50 21 5
50 26 56
50 27 34
50 29 14
50 32 25
50 33 55
50 34 50
50 37 0
50 38 36
50 39 46
50 42 58
50 49 38
50 57 16
51 3 18
51 4 22
51 11 33
51 14 50
51 16 53
51 26 27
51 27 29
51 28 37
51 29 28
51 47 48
51 48 12
51 49 32
51 51 3
51 52 54
52 0 27
52 5 2
52 8 10
52 11 47
52 14 21
52 15 3
52 21 9
52 22 39
52 23 17
52 27 28
52 33 11
52 34 33
52 37 4
52 41 57
52 43 35
52 45 7
52 46 5
52 49 34
52 55 20
53 1 20
53 6 26
53 11 51
53 12 45
53 16 5
53 20 55
53 22 25
53 25 32
53 29 40
53 34 53
53 41 16
53 42 10
53 43 19
53 45 44
53 50 41
53 53 42
53 56 36
53 57 15
54 0 14
54 5 53
54 6 19
54 8 32
54 10 28
54 13 6
54 16 24
54 25 11
54 26 55
54 27 31
54 29 16
54 33 35
54 36 22
54 37 57
54 43 3
54 45 45
54 46 48
54 49 59
54 50 7
54 53 43
54 54 29
55 9 18
55 12 33
55 20 35
55 23 43
55 24 39
55 26 29
55 28 15
55 29 2
55 30 14
55 33 19
55 36 16
55 40 31
55 41 9
55 43 4
55 47 1
55 51 24
55 53 26
55 54 20
55 56 10
55 59 11
56 0 46
56 3 58
56 5 41
56 8 40
56 10 13
56 12 12
56 14 1
56 15 18
56 19 5
56 20 9
56 23 32
56 25 3
56 27 19
56 36 2
56 40 36
56 46 34
56 49 28
56 52 31
56 54 52
56 57 38
57 4 14
57 13 31
57 14 49
57 15 4
57 18 17
57 19 42
57 21 30
57 23 19
57 28 13
57 30 33
57 31 58
57 36 47
57 40 8
57 45 52
57 46 26
57 50 53
57 55 24
57 57 50
57 59 40
58 1 49
58 11 12
58 15 44
58 18 20
58 20 59
58 24 5
58 25 50
58 32 40
58 33 26
58 38 30
58 41 15
58 42 25
58 46 53
58 51 6
59 3 54
59 4 50
59 5 6
59 7 57
59 12 19
59 14 39
59 15 53
59 16 48
59 21 8
59 28 29
59 32 9
59 34 37
59 44 25
59 47 16
59 56 41
59 57 13
