70
0 0 30
0 1 14
0 2 36
0 3 63
0 4 51
0 6 28
0 9 52
0 12 49
0 14 19
0 15 60
0 17 21
0 18 42
0 19 13
0 20 23
0 22 65
0 23 29
0 25 26
0 28 67
0 29 61
0 30 55
0 31 54
0 34 6
0 35 7
0 36 17
0 38 0
0 42 1
0 43 35
0 46 69
0 50 38
0 51 11
0 54 25
0 56 68
0 57 40
0 58 66
0 59 9
0 60 20
0 61 45
0 62 22
0 64 12
0 65 47
0 66 24
0 67 46
0 69 39
1 0 19
1 1 68
1 4 46
1 5 37
1 8 42
1 12 16
1 15 7
1 16 59
1 20 35
1 21 18
1 22 67
1 23 9
1 24 14
1 25 24
1 26 55
1 29 20
1 30 34
1 32 62
1 33 38
1 34 3
1 35 15
1 36 40
1 38 1
1 39 4
1 40 60
1 41 27
1 43 44
1 44 23
1 46 49
1 47 25
1 48 33
1 50 66
1 52 30
1 53 31
1 54 32
1 56 50
1 60 58
1 61 57
1 62 61
1 63 22
1 64 13
1 65 63
1 66 45
1 68 21
1 69 6
2 3 0
2 4 60
2 5 10
2 6 31
2 8 69
2 9 47
2 10 25
2 11 9
2 14 42
2 16 32
2 17 18
2 18 11
2 20 40
2 21 13
2 22 36
2 24 54
2 26 26
2 27 43
2 28 27
2 29 48
2 31 65
2 33 21
2 37 14
2 39 2
2 42 3
2 45 38
2 46 58
2 49 53
2 50 45
2 51 63
2 54 39
2 55 30
2 57 12
2 59 66
2 62 62
2 64 28
2 65 5
2 66 15
2 67 64
2 69 35
3 1 17
3 3 69
3 4 8
3 5 13
3 6 50
3 10 45
3 13 38
3 15 40
3 17 14
3 20 43
3 21 15
3 23 42
3 24 68
3 25 30
3 26 57
3 29 24
3 31 12
3 33 61
3 34 35
3 35 59
3 36 67
3 38 18
3 40 32
3 41 44
3 42 20
3 44 53
3 46 1
3 47 0
3 48 41
3 49 60
3 51 28
3 53 7
3 54 52
3 55 19
3 56 34
3 57 16
3 58 46
3 59 10
3 62 63
3 66 64
3 67 37
3 68 49
4 0 13
4 1 47
4 5 61
4 8 49
4 11 22
4 12 40
4 13 68
4 14 1
4 15 67
4 16 35
4 18 50
4 19 24
4 22 57
4 24 16
4 25 34
4 26 19
4 27 39
4 29 37
4 30 20
4 31 42
4 32 5
4 33 55
4 34 32
4 35 30
4 36 33
4 38 2
4 40 43
4 42 60
4 44 21
4 45 62
4 46 66
4 49 52
4 50 51
4 53 64
4 55 54
4 56 41
4 58 18
4 61 4
4 63 28
4 64 46
4 65 53
4 66 29
4 68 26
4 69 10
5 0 32
5 4 33
5 5 24
5 6 58
5 8 16
5 10 34
5 11 2
5 12 38
5 14 67
5 15 18
5 16 0
5 19 35
5 22 6
5 25 39
5 26 21
5 27 52
5 29 56
5 30 60
5 31 61
5 32 50
5 34 63
5 35 11
5 36 44
5 37 7
5 38 8
5 39 66
5 40 19
5 41 43
5 42 54
5 43 13
5 45 22
5 46 23
5 47 29
5 48 31
5 49 45
5 50 1
5 52 69
5 53 51
5 54 68
5 59 25
5 62 20
5 64 40
5 65 55
5 66 49
5 68 47
5 69 28
6 0 34
6 3 51
6 4 36
6 6 42
6 7 50
6 8 29
6 10 55
6 13 33
6 16 3
6 17 35
6 21 22
6 22 25
6 23 41
6 24 24
6 27 58
6 29 9
6 30 46
6 31 17
6 33 27
6 37 8
6 38 23
6 41 68
6 43 31
6 44 40
6 45 11
6 46 16
6 48 32
6 50 54
6 51 7
6 52 59
6 54 30
6 56 64
6 58 67
6 59 61
6 60 15
6 61 49
6 63 47
6 64 0
6 66 5
6 67 53
6 69 12
7 0 55
7 3 49
7 6 48
7 7 16
7 8 57
7 10 22
7 11 15
7 13 5
7 14 62
7 16 53
7 19 32
7 23 13
7 24 40
7 25 20
7 31 31
7 32 41
7 34 39
7 35 37
7 36 29
7 41 25
7 44 69
7 45 26
7 47 54
7 48 66
7 49 17
7 50 11
7 52 24
7 53 65
7 55 6
7 56 47
7 59 28
7 60 19
7 61 63
7 63 12
7 64 38
7 65 45
8 0 5
8 1 51
8 3 45
8 4 30
8 5 15
8 7 49
8 8 28
8 10 24
8 11 39
8 14 23
8 15 41
8 16 43
8 17 9
8 18 25
8 19 62
8 20 52
8 21 46
8 22 37
8 23 17
8 27 48
8 29 0
8 32 36
8 34 18
8 36 19
8 37 12
8 39 21
8 40 26
8 41 34
8 46 57
8 48 16
8 49 68
8 50 6
8 51 32
8 52 58
8 53 35
8 54 42
8 55 1
8 56 7
8 57 13
8 58 33
8 59 64
8 61 31
8 64 69
8 68 38
8 69 61
9 0 63
9 1 57
9 4 11
9 5 45
9 6 29
9 7 1
9 13 25
9 15 42
9 16 23
9 17 34
9 18 55
9 19 69
9 22 46
9 23 4
9 25 53
9 26 17
9 27 22
9 28 20
9 31 47
9 33 31
9 34 14
9 36 8
9 37 66
9 42 37
9 43 18
9 44 19
9 45 68
9 48 30
9 49 41
9 50 21
9 52 28
9 53 50
9 55 35
9 56 26
9 57 52
9 62 56
9 63 62
9 64 60
9 66 16
9 67 15
9 69 59
10 0 53
10 1 5
10 2 7
10 4 67
10 7 9
10 9 43
10 13 44
10 16 38
10 17 16
10 19 11
10 21 36
10 22 30
10 23 48
10 25 68
10 26 18
10 27 26
10 29 27
10 30 37
10 31 3
10 34 29
10 37 39
10 38 17
10 40 45
10 42 61
10 43 59
10 44 65
10 46 50
10 52 31
10 53 14
10 55 4
10 56 51
10 57 49
10 59 32
10 62 8
10 66 57
10 68 35
10 69 41
11 1 1
11 2 16
11 3 12
11 4 62
11 5 23
11 6 67
11 7 68
11 10 26
11 11 53
11 12 7
11 13 52
11 14 27
11 15 38
11 18 60
11 20 58
11 22 22
11 23 25
11 24 34
11 25 8
11 26 42
11 27 49
11 28 0
11 30 54
11 32 64
11 33 17
11 34 46
11 35 66
11 36 9
11 37 50
11 38 13
11 40 63
11 43 21
11 47 39
11 48 36
11 49 55
11 50 31
11 53 28
11 54 59
11 55 14
11 56 2
11 58 20
11 61 19
11 64 4
11 65 61
11 66 48
11 67 35
11 68 69
11 69 24
12 2 55
12 3 60
12 4 42
12 5 40
12 6 25
12 8 2
12 9 46
12 12 11
12 13 27
12 14 5
12 16 44
12 17 54
12 18 1
12 20 59
12 22 63
12 23 31
12 31 37
12 32 39
12 33 0
12 34 19
12 37 35
12 38 12
12 41 49
12 44 45
12 45 51
12 46 14
12 47 20
12 48 3
12 49 22
12 50 13
12 52 33
12 53 23
12 54 47
12 58 9
12 59 21
12 60 18
12 62 29
12 64 66
12 66 6
12 69 65
13 0 68
13 1 28
13 6 6
13 8 22
13 10 27
13 14 36
13 15 34
13 18 12
13 22 58
13 23 0
13 25 43
13 26 2
13 27 69
13 28 32
13 29 59
13 32 1
13 33 8
13 34 16
13 35 47
13 39 30
13 40 40
13 41 65
13 42 29
13 43 60
13 45 48
13 47 9
13 48 25
13 49 56
13 52 57
13 54 14
13 56 3
13 57 21
13 59 41
13 60 33
13 62 55
13 66 39
13 69 51
14 0 33
14 1 29
14 2 25
14 3 3
14 4 24
14 5 21
14 6 51
14 8 45
14 10 62
14 11 48
14 12 66
14 15 55
14 17 10
14 18 8
14 19 15
14 20 4
14 22 44
14 24 31
14 26 23
14 28 49
14 31 26
14 32 17
14 33 14
14 34 30
14 35 69
14 36 7
14 37 32
14 38 53
14 39 63
14 40 54
14 41 46
14 44 0
14 46 18
14 47 38
14 52 13
14 53 12
14 54 37
14 55 41
14 56 6
14 59 20
14 61 65
14 62 39
14 63 9
14 65 34
14 68 1
14 69 47
15 0 4
15 3 21
15 4 61
15 6 43
15 7 51
15 8 11
15 9 0
15 10 58
15 11 69
15 13 30
15 14 8
15 15 13
15 16 1
15 17 19
15 18 3
15 19 12
15 21 52
15 26 34
15 27 44
15 30 25
15 32 66
15 34 17
15 35 68
15 36 53
15 37 40
15 38 60
15 39 5
15 40 42
15 43 20
15 44 7
15 48 39
15 49 50
15 50 56
15 52 18
15 53 33
15 55 45
15 57 63
15 58 14
15 60 38
15 61 47
15 62 26
15 63 59
15 67 65
15 69 46
16 0 58
16 1 2
16 2 38
16 3 32
16 4 37
16 5 57
16 7 6
16 8 68
16 12 56
16 13 55
16 15 48
16 16 45
16 17 64
16 19 23
16 20 25
16 21 0
16 23 26
16 24 33
16 25 44
16 27 60
16 30 28
16 32 63
16 33 18
16 35 43
16 36 14
16 37 61
16 38 19
16 39 7
16 40 9
16 41 24
16 42 17
16 46 65
16 47 27
16 50 35
16 53 34
16 54 62
16 55 46
16 56 67
16 57 36
16 58 39
16 60 8
16 62 3
16 63 54
16 64 50
16 66 11
16 68 51
16 69 29
17 0 61
17 1 0
17 3 54
17 4 5
17 7 25
17 10 46
17 11 36
17 12 57
17 13 63
17 14 3
17 15 10
17 16 66
17 17 20
17 19 67
17 20 30
17 23 44
17 24 52
17 25 22
17 26 9
17 27 17
17 30 68
17 31 4
17 32 23
17 36 56
17 37 33
17 39 8
17 40 58
17 42 64
17 44 31
17 45 60
17 47 49
17 48 42
17 49 29
17 53 41
17 54 53
17 55 65
17 58 6
17 59 1
17 62 32
17 65 43
17 66 2
17 67 19
17 68 28
17 69 62
18 0 15
18 5 60
18 6 61
18 7 35
18 10 56
18 14 4
18 15 39
18 16 22
18 18 58
18 20 21
18 21 33
18 22 10
18 24 3
18 27 0
18 28 55
18 29 63
18 31 49
18 33 12
18 35 42
18 36 30
18 40 11
18 42 25
18 43 41
18 44 48
18 45 66
18 47 62
18 49 40
18 53 37
18 57 24
18 58 51
18 59 34
18 60 47
18 61 52
18 62 65
18 63 5
18 65 23
18 66 1
18 67 68
18 68 19
19 0 10
19 4 48
19 5 35
19 6 62
19 7 27
19 8 12
19 9 58
19 11 64
19 12 23
19 13 32
19 14 13
19 15 43
19 16 26
19 17 1
19 20 56
19 22 8
19 26 29
19 27 28
19 28 16
19 31 60
19 32 14
19 34 67
19 35 5
19 36 39
19 37 21
19 38 63
19 39 40
19 40 18
19 41 4
19 42 41
19 43 37
19 44 36
19 45 59
19 46 6
19 50 55
19 51 34
19 52 22
19 53 0
19 54 49
19 56 24
19 57 44
19 58 61
19 61 17
19 62 25
19 63 69
19 66 53
19 67 57
19 68 11
19 69 45
20 1 44
20 2 40
20 3 67
20 5 2
20 9 60
20 10 29
20 11 20
20 12 24
20 14 31
20 15 64
20 16 11
20 17 61
20 18 22
20 19 4
20 20 50
20 22 1
20 23 69
20 25 36
20 26 49
20 27 46
20 28 54
20 29 33
20 31 16
20 32 8
20 33 35
20 34 45
20 35 0
20 36 65
20 39 62
20 40 14
20 41 56
20 44 26
20 45 58
20 46 3
20 47 6
20 48 27
20 49 37
20 50 9
20 52 66
20 53 53
20 55 13
20 57 30
20 59 23
20 60 12
20 61 41
20 62 52
20 67 51
20 68 7
21 2 14
21 3 2
21 4 16
21 5 20
21 6 57
21 8 32
21 11 56
21 15 45
21 18 66
21 20 31
21 21 11
21 22 49
21 24 51
21 26 6
21 27 54
21 32 27
21 33 46
21 37 55
21 38 7
21 40 67
21 43 8
21 45 21
21 46 13
21 49 15
21 51 29
21 55 23
21 58 44
21 63 61
21 64 3
21 65 64
21 68 39
21 69 17
22 1 59
22 3 30
22 4 55
22 6 66
22 7 65
22 8 27
22 10 36
22 12 46
22 13 29
22 15 2
22 16 15
22 17 63
22 18 33
22 20 32
22 26 60
22 32 16
22 36 43
22 37 23
22 38 42
22 41 52
22 43 9
22 44 13
22 45 12
22 48 38
22 49 7
22 50 19
22 53 39
22 54 28
22 57 57
22 61 21
22 62 37
22 63 1
22 64 58
22 68 8
23 0 28
23 1 53
23 3 59
23 4 69
23 5 14
23 6 33
23 7 38
23 8 17
23 11 21
23 12 3
23 14 22
23 15 36
23 16 41
23 17 13
23 18 68
23 22 66
23 23 47
23 24 32
23 25 51
23 26 5
23 27 30
23 28 11
23 29 1
23 31 64
23 32 10
23 34 44
23 35 6
23 36 48
23 37 65
23 38 20
23 41 23
23 42 55
23 46 0
23 47 16
23 48 4
23 50 7
23 51 18
23 52 54
23 54 63
23 55 25
23 56 39
23 57 31
23 58 29
23 62 67
23 64 27
23 65 9
23 66 46
23 67 24
23 69 52
24 0 11
24 1 16
24 4 21
24 5 63
24 6 23
24 7 62
24 8 7
24 9 18
24 10 64
24 12 6
24 13 9
24 15 37
24 16 17
24 17 22
24 21 66
24 22 3
24 23 38
24 24 10
24 27 31
24 28 56
24 29 30
24 30 65
24 34 54
24 35 1
24 36 46
24 38 48
24 39 41
24 40 61
24 42 59
24 43 42
24 45 40
24 46 47
24 47 19
24 48 14
24 49 32
24 50 2
24 51 33
24 54 51
24 55 28
24 56 29
24 58 55
24 59 4
24 60 45
24 62 15
24 66 8
24 67 49
24 69 53
25 0 39
25 2 34
25 4 53
25 5 1
25 8 36
25 10 9
25 11 24
25 12 54
25 13 7
25 14 33
25 15 31
25 20 26
25 21 57
25 24 20
25 26 8
25 28 14
25 32 43
25 34 2
25 35 62
25 37 58
25 39 15
25 40 64
25 42 16
25 43 5
25 44 56
25 45 18
25 46 25
25 48 37
25 49 30
25 51 52
25 52 35
25 53 6
25 54 69
25 55 48
25 56 61
25 58 40
25 59 59
25 60 63
25 61 10
25 62 47
25 67 12
25 68 45
25 69 21
26 0 3
26 2 39
26 3 58
26 4 68
26 5 29
26 7 20
26 10 13
26 11 34
26 13 12
26 14 21
26 15 15
26 17 51
26 18 63
26 19 52
26 20 47
26 21 7
26 22 26
26 23 65
26 26 37
26 29 23
26 32 28
26 33 11
26 36 4
26 37 44
26 38 22
26 40 38
26 42 57
26 46 56
26 48 17
26 50 40
26 52 64
26 53 32
26 54 46
26 56 16
26 57 62
26 58 60
26 60 0
26 66 19
26 67 31
26 68 43
26 69 2
27 2 10
27 3 7
27 4 23
27 5 12
27 8 60
27 10 32
27 12 14
27 13 69
27 14 38
27 18 18
27 19 0
27 21 35
27 22 21
27 23 3
27 25 11
27 26 44
27 27 67
27 29 39
27 30 31
27 31 43
27 32 26
27 33 4
27 34 9
27 37 13
27 38 52
27 40 41
27 41 6
27 42 33
27 45 19
27 50 30
27 51 22
27 52 36
27 54 20
27 56 40
27 57 47
27 59 46
27 60 34
27 61 8
27 63 24
27 64 5
27 67 55
27 68 61
27 69 48
28 1 24
28 6 41
28 7 57
28 8 55
28 11 54
28 13 26
28 15 62
28 16 50
28 21 45
28 23 66
28 24 1
28 25 64
28 28 40
28 29 5
28 30 3
28 31 63
28 32 35
28 33 7
28 34 49
28 35 46
28 36 18
28 37 68
28 38 30
28 39 17
28 41 61
28 42 67
28 47 31
28 50 47
28 51 60
28 52 9
28 54 44
28 55 10
28 56 42
28 58 12
28 59 58
28 63 2
28 65 21
28 66 13
28 67 69
28 69 25
29 4 65
29 6 63
29 7 43
29 8 5
29 9 48
29 11 40
29 12 59
29 13 13
29 14 25
29 15 17
29 16 34
29 18 49
29 19 30
29 20 27
29 22 39
29 23 55
29 24 26
29 25 0
29 27 21
29 28 60
29 29 2
29 30 44
29 31 19
29 32 61
29 34 64
29 38 41
29 39 45
29 40 10
29 42 22
29 47 69
29 48 57
29 49 18
29 50 16
29 51 15
29 52 20
29 54 9
29 55 32
29 57 29
29 58 52
29 60 4
29 63 37
29 64 8
29 65 24
29 66 36
29 67 66
29 69 11
30 3 42
30 7 30
30 8 65
30 9 2
30 10 52
30 11 51
30 13 20
30 17 40
30 19 26
30 20 14
30 21 31
30 22 62
30 23 53
30 25 21
30 27 66
30 28 1
30 30 22
30 32 59
30 33 43
30 37 49
30 38 39
30 40 69
30 43 28
30 44 15
30 45 47
30 46 7
30 47 13
30 48 54
30 50 63
30 51 50
30 53 19
30 54 34
30 57 17
30 59 5
30 60 64
30 63 3
30 64 11
30 69 37
31 0 38
31 1 4
31 2 51
31 5 18
31 7 47
31 8 14
31 9 7
31 12 26
31 14 15
31 16 55
31 17 12
31 21 58
31 23 8
31 25 69
31 26 67
31 30 41
31 31 25
31 35 45
31 36 36
31 38 11
31 39 28
31 40 29
31 42 31
31 43 65
31 44 54
31 45 52
31 47 22
31 50 39
31 52 2
31 55 56
31 57 59
31 58 32
31 59 3
31 62 13
31 63 49
31 65 17
31 66 50
31 67 27
31 69 0
32 0 6
32 1 67
32 5 7
32 6 26
32 7 64
32 8 62
32 9 38
32 10 63
32 11 65
32 13 51
32 14 61
32 15 1
32 16 13
32 19 20
32 20 22
32 23 36
32 26 43
32 27 9
32 28 39
32 29 42
32 30 45
32 34 53
32 35 35
32 37 5
32 38 46
32 40 34
32 42 28
32 43 25
32 47 3
32 48 55
32 53 18
32 54 29
32 56 10
32 58 69
32 59 57
32 61 50
32 62 12
32 63 11
32 66 30
32 67 23
32 69 32
33 0 45
33 4 28
33 7 13
33 11 27
33 12 18
33 14 11
33 16 36
33 17 39
33 18 5
33 19 17
33 21 63
33 24 30
33 26 14
33 27 41
33 28 44
33 29 34
33 30 21
33 31 23
33 34 0
33 35 3
33 36 20
33 42 42
33 43 54
33 45 46
33 46 10
33 48 47
33 49 65
33 51 38
33 52 19
33 54 67
33 57 15
33 59 69
33 60 68
33 61 29
33 64 2
33 65 56
33 66 43
33 67 4
33 68 25
33 69 16
34 1 11
34 2 44
34 3 8
34 4 9
34 5 55
34 7 14
34 12 45
34 15 35
34 16 62
34 18 20
34 20 17
34 22 47
34 23 5
34 24 63
34 25 15
34 26 31
34 27 7
34 28 24
34 29 64
34 30 1
34 31 10
34 32 38
34 35 28
34 36 25
34 38 6
34 40 65
34 41 3
34 42 4
34 43 27
34 44 46
34 45 53
34 46 52
34 50 34
34 51 69
34 52 61
34 53 68
34 54 48
34 55 39
34 57 66
34 58 36
34 59 54
34 60 29
34 61 30
34 62 41
34 63 26
34 64 49
34 65 16
34 66 40
34 69 13
35 1 35
35 5 8
35 6 22
35 7 28
35 9 23
35 10 61
35 11 18
35 13 16
35 16 69
35 19 46
35 22 2
35 23 32
35 24 6
35 25 14
35 28 25
35 30 67
35 32 11
35 33 63
35 34 48
35 35 50
35 39 12
35 40 0
35 41 19
35 43 7
35 45 42
35 46 17
35 49 44
35 50 64
35 51 59
35 53 10
35 54 41
35 55 29
35 57 51
35 60 27
35 61 15
35 62 31
35 66 4
35 68 20
35 69 68
36 0 29
36 2 42
36 3 43
36 5 6
36 6 0
36 7 54
36 8 46
36 9 1
36 10 19
36 13 62
36 14 7
36 19 22
36 22 56
36 23 68
36 24 45
36 26 3
36 28 13
36 30 63
36 32 53
36 33 26
36 34 52
36 39 10
36 44 60
36 46 9
36 47 17
36 49 12
36 51 37
36 53 25
36 57 50
36 59 2
36 60 31
36 61 55
36 63 36
36 64 14
36 65 11
36 66 20
36 69 69
37 0 9
37 2 4
37 3 68
37 4 41
37 6 2
37 7 31
37 10 38
37 11 32
37 13 1
37 15 27
37 16 25
37 18 35
37 20 42
37 21 6
37 24 17
37 25 3
37 27 20
37 28 36
37 30 5
37 31 15
37 32 47
37 33 58
37 34 24
37 36 60
37 38 64
37 40 23
37 41 16
37 42 45
37 43 0
37 44 51
37 45 10
37 46 40
37 47 34
37 48 53
37 49 48
37 50 50
37 51 14
37 52 44
37 54 57
37 56 43
37 59 12
37 61 18
37 62 54
37 64 67
37 68 55
38 0 40
38 2 20
38 4 56
38 5 52
38 6 11
38 7 26
38 8 34
38 9 14
38 12 69
38 13 64
38 15 53
38 16 51
38 17 57
38 19 25
38 23 28
38 24 7
38 25 12
38 26 63
38 27 19
38 28 8
38 29 4
38 30 49
38 34 47
38 35 38
38 38 66
38 39 13
38 40 68
38 41 59
38 43 23
38 44 44
38 45 29
38 46 24
38 48 58
38 50 36
38 54 15
38 55 22
38 57 32
38 59 45
38 65 65
38 66 3
38 67 60
38 69 33
39 1 15
39 2 3
39 3 40
39 5 16
39 6 12
39 7 41
39 8 39
39 10 59
39 11 25
39 12 8
39 14 0
39 15 46
39 17 30
39 18 37
39 19 9
39 22 68
39 25 45
39 26 53
39 27 2
39 28 10
39 30 61
39 31 50
39 32 31
39 33 32
39 34 55
39 37 6
39 38 34
39 39 44
39 41 47
39 42 23
39 43 56
39 44 35
39 45 67
39 47 58
39 48 5
39 50 42
39 51 65
39 53 69
39 56 28
39 57 1
39 59 27
39 61 20
39 62 14
39 63 19
39 64 7
39 65 57
39 67 18
39 68 4
39 69 22
40 0 18
40 3 57
40 4 26
40 7 34
40 8 33
40 9 40
40 13 4
40 14 69
40 15 49
40 16 6
40 17 43
40 19 66
40 20 39
40 21 54
40 23 37
40 24 65
40 26 50
40 27 14
40 28 52
40 31 56
40 34 51
40 37 59
40 38 5
40 39 31
40 40 13
40 41 38
40 44 17
40 46 30
40 47 28
40 48 46
40 49 1
40 50 20
40 51 36
40 52 60
40 53 15
40 54 3
40 55 27
40 56 0
40 58 41
40 59 11
40 60 32
40 61 35
40 62 9
40 63 23
40 64 47
40 66 61
40 69 8
41 0 65
41 1 45
41 3 33
41 5 9
41 6 32
41 8 51
41 9 56
41 10 69
41 13 35
41 17 28
41 18 21
41 20 64
41 22 11
41 24 46
41 25 17
41 26 20
41 28 66
41 30 13
41 31 36
41 32 40
41 34 38
41 37 37
41 38 44
41 39 23
41 40 4
41 42 68
41 43 14
41 45 54
41 47 43
41 48 2
41 49 24
41 50 0
41 51 19
41 52 49
41 53 22
41 54 60
41 56 31
41 57 34
41 58 3
41 62 6
41 64 18
41 65 25
41 66 27
41 67 52
41 69 67
42 0 26
42 3 29
42 4 59
42 7 2
42 9 35
42 10 42
42 11 55
42 12 1
42 15 14
42 17 31
42 19 43
42 21 23
42 22 18
42 23 30
42 25 46
42 28 68
42 32 57
42 33 52
42 35 12
42 37 16
42 39 9
42 40 5
42 41 7
42 42 11
42 43 62
42 44 8
42 47 40
42 55 64
42 56 65
42 62 38
42 66 17
42 67 44
42 69 49
43 0 8
43 2 57
43 5 33
43 6 59
43 8 63
43 10 40
43 11 68
43 12 29
43 13 65
43 16 56
43 20 66
43 22 51
43 23 50
43 24 39
43 25 58
43 26 30
43 27 5
43 29 35
43 30 23
43 31 27
43 32 2
43 33 24
43 34 61
43 35 67
43 36 54
43 39 37
43 40 15
43 41 13
43 42 47
43 43 32
43 44 3
43 45 4
43 46 38
43 47 12
43 48 69
43 51 44
43 53 46
43 56 14
43 57 64
43 59 7
43 60 16
43 62 1
43 63 31
43 65 18
43 66 62
43 67 26
43 68 17
44 1 55
44 2 65
44 3 34
44 4 20
44 5 68
44 8 19
44 10 66
44 11 16
44 12 12
44 13 8
44 15 51
44 16 33
44 21 28
44 22 61
44 26 39
44 27 56
44 28 37
44 29 13
44 30 17
44 31 45
44 33 59
44 35 22
44 36 42
44 37 3
44 41 69
44 42 35
44 43 30
44 44 41
44 45 0
44 46 31
44 48 7
44 50 25
44 51 46
44 52 52
44 53 40
44 54 50
44 55 60
44 56 9
44 57 26
44 58 57
44 60 43
44 61 54
44 62 58
44 64 53
44 65 4
44 66 38
44 69 5
45 1 13
45 2 29
45 4 49
45 5 42
45 6 10
45 8 37
45 9 26
45 10 43
45 11 30
45 14 64
45 17 0
45 18 6
45 20 51
45 21 62
45 22 69
45 23 54
45 25 59
45 26 66
45 27 35
45 28 23
45 30 47
45 31 55
45 32 19
45 33 53
45 34 40
45 35 60
45 36 15
45 39 56
45 40 52
45 41 48
45 43 63
45 45 7
45 47 8
45 48 11
45 51 31
45 52 4
45 55 34
45 56 12
45 57 20
45 58 21
45 62 18
45 64 32
45 65 36
45 67 39
45 68 5
45 69 50
46 1 9
46 4 27
46 5 25
46 6 40
46 7 42
46 9 15
46 10 23
46 11 60
46 13 66
46 14 14
46 15 33
46 18 2
46 19 47
46 21 56
46 23 43
46 26 62
46 27 61
46 28 35
46 31 67
46 33 34
46 36 59
46 40 36
46 41 10
46 43 58
46 44 52
46 45 1
46 47 5
46 48 29
46 49 51
46 51 20
46 52 65
46 54 18
46 55 38
46 56 69
46 60 3
46 61 28
46 63 41
46 64 26
46 65 19
46 67 50
46 69 57
47 0 44
47 1 46
47 2 49
47 3 23
47 4 57
47 5 56
47 7 22
47 9 37
47 10 2
47 11 6
47 12 52
47 13 39
47 15 3
47 17 50
47 19 19
47 20 29
47 23 61
47 24 48
47 25 65
47 28 41
47 29 60
47 31 1
47 33 62
47 34 10
47 36 51
47 37 31
47 38 69
47 40 24
47 42 32
47 45 63
47 46 43
47 47 55
47 48 20
47 50 53
47 53 38
47 54 66
47 56 8
47 59 17
47 60 40
47 61 26
47 63 14
47 64 21
47 65 13
47 66 33
48 2 24
48 3 14
48 5 53
48 6 20
48 8 38
48 9 61
48 11 12
48 12 50
48 13 18
48 14 34
48 18 30
48 20 19
48 23 40
48 25 63
48 26 47
48 30 16
48 31 28
48 35 57
48 36 11
48 37 62
48 38 26
48 39 3
48 40 25
48 43 17
48 44 4
48 48 65
48 50 8
48 53 36
48 54 35
48 55 31
48 57 9
48 66 67
48 67 29
48 68 37
49 1 36
49 2 5
49 3 26
49 6 3
49 9 54
49 10 57
49 12 47
49 13 11
49 14 41
49 15 19
49 18 27
49 22 35
49 24 12
49 26 22
49 28 34
49 30 64
49 31 21
49 32 4
49 33 51
49 36 31
49 38 29
49 39 18
49 41 28
49 42 24
49 43 49
49 44 30
49 46 20
49 47 53
49 48 6
49 50 60
49 51 0
49 53 63
49 55 69
49 58 65
49 59 16
49 61 43
49 64 56
49 65 62
49 67 10
49 69 1
50 1 3
50 2 30
50 4 22
50 5 4
50 6 13
50 7 39
50 9 36
50 11 8
50 12 5
50 13 41
50 17 65
50 18 46
50 19 16
50 21 37
50 24 23
50 25 42
50 28 33
50 33 56
50 39 47
50 40 21
50 44 57
50 45 50
50 46 27
50 48 64
50 49 19
50 53 48
50 54 31
50 55 9
50 57 61
50 58 1
50 59 24
50 65 35
50 66 34
50 67 63
50 68 58
50 69 38
51 0 17
51 1 32
51 2 54
51 3 5
51 4 64
51 5 47
51 6 39
51 7 0
51 10 3
51 11 31
51 12 22
51 14 60
51 15 57
51 17 4
51 18 53
51 19 10
51 20 36
51 21 48
51 22 9
51 23 20
51 24 18
51 25 23
51 27 40
51 28 12
51 32 44
51 34 28
51 35 49
51 36 2
51 37 15
51 38 16
51 40 35
51 41 8
51 43 26
51 44 1
51 45 30
51 47 61
51 48 34
51 49 43
51 52 6
51 53 52
51 54 11
51 55 59
51 57 27
51 58 25
51 60 66
51 61 14
51 62 33
51 64 65
51 65 37
51 66 41
51 67 38
51 69 7
52 1 62
52 2 1
52 3 53
52 4 40
52 5 66
52 6 8
52 9 5
52 10 67
52 16 28
52 17 68
52 19 14
52 20 3
52 22 43
52 24 50
52 25 25
52 26 33
52 28 19
52 30 52
52 31 38
52 34 41
52 38 47
52 39 36
52 40 31
52 42 9
52 43 69
52 44 42
52 45 56
52 46 32
52 47 18
52 51 58
52 52 29
52 54 6
52 56 23
52 57 55
52 58 34
52 59 35
52 60 61
52 61 51
52 62 64
52 63 60
52 64 57
52 66 44
52 67 0
52 68 48
52 69 4
53 0 2
53 1 48
53 7 56
53 10 60
53 12 13
53 13 23
53 14 66
53 15 11
53 17 55
53 18 32
53 20 34
53 21 65
53 23 16
53 25 28
53 26 27
53 27 64
53 29 12
53 30 4
53 31 40
53 33 45
53 34 25
53 35 31
53 36 52
53 37 41
53 39 1
53 40 57
53 48 24
53 50 5
53 51 17
53 52 53
53 53 26
53 54 0
53 55 63
53 57 22
53 58 7
53 59 37
53 60 62
53 61 68
53 63 39
53 64 29
53 65 42
53 68 59
54 0 37
54 2 53
54 4 66
54 5 41
54 7 45
54 9 39
54 10 6
54 13 42
54 15 65
54 16 31
54 17 56
54 19 55
54 21 34
54 22 14
54 23 23
54 24 64
54 26 48
54 28 4
54 30 40
54 31 33
54 32 52
54 33 47
54 35 10
54 37 30
54 38 25
54 42 62
54 44 2
54 45 20
54 46 19
54 48 49
54 49 26
54 52 38
54 54 13
54 59 0
54 61 22
54 62 68
54 63 16
54 64 51
54 65 50
54 68 3
54 69 44
55 0 56
55 1 39
55 2 33
55 3 6
55 7 19
55 8 18
55 10 47
55 11 52
55 12 30
55 16 65
55 19 31
55 20 28
55 21 4
55 23 2
55 24 27
55 26 41
55 27 50
55 29 7
55 30 66
55 32 37
55 33 40
55 34 22
55 35 36
55 36 69
55 37 51
55 40 1
55 41 64
55 44 24
55 46 63
55 47 59
55 48 45
55 55 55
55 56 58
55 57 53
55 59 42
55 61 62
55 62 35
55 66 60
55 67 9
55 68 13
56 1 20
56 2 15
56 4 0
56 7 66
56 8 54
56 9 25
56 12 34
56 14 18
56 15 26
56 18 4
56 19 37
56 20 69
56 21 55
56 22 33
56 25 49
56 26 7
56 27 63
56 28 9
56 29 68
56 31 58
56 32 6
56 34 8
56 36 62
56 40 51
56 41 45
56 42 12
56 43 52
56 45 23
56 47 35
56 48 28
56 49 36
56 52 46
56 54 21
56 55 47
56 60 39
56 61 48
56 62 57
56 63 53
56 64 17
56 66 31
57 2 27
57 3 39
57 5 49
57 6 14
57 7 36
57 11 10
57 12 68
57 13 15
57 14 28
57 15 69
57 16 29
57 18 65
57 19 60
57 22 48
57 23 58
57 26 45
57 27 57
57 29 26
57 30 0
57 32 55
57 33 54
57 34 31
57 36 16
57 39 64
57 43 22
57 44 61
57 45 8
57 48 62
57 49 35
57 50 3
57 51 41
57 52 63
57 53 11
57 54 1
57 55 24
57 56 5
57 57 42
57 58 19
57 60 37
57 61 56
57 62 66
57 63 13
57 64 43
57 66 12
57 67 20
57 68 44
58 1 54
58 3 11
58 5 43
58 6 9
58 7 10
58 9 65
58 10 17
58 17 45
58 18 16
58 22 50
58 23 14
58 24 69
58 26 25
58 29 55
58 30 57
58 33 36
58 34 42
58 35 21
58 38 31
58 39 26
58 43 4
58 45 15
58 46 2
58 47 24
58 49 5
58 51 35
58 54 58
58 56 33
58 58 38
58 60 44
58 61 32
58 62 28
58 63 68
58 66 59
58 67 40
58 68 12
58 69 60
59 1 27
59 2 17
59 4 25
59 6 47
59 7 12
59 11 11
59 12 10
59 13 31
59 16 42
59 17 59
59 18 7
59 20 9
59 22 54
59 23 22
59 24 4
59 25 38
59 26 24
59 27 3
59 29 6
59 30 51
59 32 20
59 33 65
59 34 15
59 36 1
59 40 53
59 44 49
59 47 21
59 50 29
59 53 62
59 56 19
59 57 33
59 58 16
59 59 60
59 64 48
59 68 66
60 0 69
60 1 60
60 2 11
60 3 16
60 4 4
60 5 39
60 6 52
60 8 31
60 9 42
60 10 54
60 11 66
60 12 19
60 13 10
60 15 47
60 16 14
60 17 3
60 20 67
60 21 38
60 23 33
60 24 56
60 27 68
60 28 64
60 30 15
60 31 57
60 33 44
60 34 50
60 35 20
60 36 58
60 38 62
60 39 61
60 40 49
60 41 9
60 42 65
60 43 1
60 44 29
60 45 6
60 48 21
60 52 7
60 53 55
60 56 53
60 58 0
60 59 36
60 60 35
60 61 46
60 62 59
60 63 40
60 65 12
60 67 13
60 68 41
60 69 26
61 0 35
61 3 47
61 4 63
61 6 4
61 7 23
61 8 25
61 10 53
61 12 33
61 13 58
61 15 28
61 16 20
61 18 57
61 19 68
61 20 15
61 22 64
61 24 38
61 26 61
61 29 22
61 30 39
61 31 69
61 38 32
61 39 59
61 41 12
61 42 21
61 43 48
61 44 55
61 46 51
61 47 46
61 49 10
61 52 16
61 53 17
61 56 45
61 58 50
61 60 36
61 65 54
61 66 0
61 67 1
61 69 14
62 1 8
62 5 54
62 6 34
62 7 37
62 10 65
62 11 5
62 12 43
62 13 46
62 14 44
62 15 59
62 18 9
62 19 41
62 20 24
62 21 64
62 22 4
62 23 57
62 24 0
62 25 66
62 27 55
62 32 7
62 33 19
62 35 56
62 37 20
62 38 38
62 39 33
62 42 53
62 43 2
62 44 68
62 47 11
62 48 60
62 49 25
62 51 40
62 52 15
62 54 23
62 56 35
62 57 3
62 58 28
62 59 49
62 62 30
62 64 52
62 65 22
62 66 63
62 68 18
63 0 27
63 1 31
63 2 68
63 3 48
63 11 1
63 12 15
63 13 53
63 14 26
63 15 56
63 16 24
63 17 29
63 18 14
63 19 63
63 22 45
63 23 12
63 25 52
63 26 64
63 27 51
63 28 3
63 30 36
63 31 46
63 32 33
63 33 39
63 35 23
63 36 47
63 38 43
63 40 28
63 41 40
63 42 5
63 43 50
63 46 22
63 47 30
63 49 38
63 51 49
63 53 21
63 54 10
63 55 57
63 57 6
63 58 37
63 59 62
63 61 0
63 62 2
63 63 7
63 65 60
63 66 65
63 68 67
64 3 27
64 4 39
64 5 30
64 6 5
64 7 55
64 12 58
64 14 47
64 15 24
64 18 40
64 20 33
64 21 51
64 22 7
64 23 63
64 24 11
64 25 62
64 26 52
64 30 6
64 31 53
64 32 12
64 33 1
64 34 26
64 35 65
64 37 9
64 40 20
64 45 31
64 46 46
64 47 64
64 48 50
64 49 13
64 52 0
64 56 36
64 61 59
64 63 17
64 64 23
64 66 42
64 67 14
64 68 68
64 69 3
65 1 64
65 3 50
65 5 69
65 8 61
65 10 0
65 11 19
65 13 49
65 14 45
65 17 48
65 18 13
65 21 25
65 22 29
65 23 60
65 28 53
65 29 11
65 31 8
65 33 9
65 34 20
65 35 41
65 37 56
65 44 67
65 47 44
65 52 34
65 53 66
65 55 37
65 56 27
65 57 28
65 59 14
65 68 10
65 69 54
66 0 7
66 1 40
66 2 50
66 3 56
66 5 31
66 6 65
66 7 60
66 9 9
66 11 29
66 12 36
66 13 57
66 16 10
66 17 15
66 18 67
66 19 48
66 21 16
66 24 13
66 25 27
66 27 38
66 31 30
66 35 19
66 36 35
66 37 47
66 39 68
66 41 26
66 44 64
66 48 23
66 49 34
66 51 61
66 52 14
66 53 4
66 54 33
66 55 51
66 56 1
66 57 2
66 58 22
66 61 25
66 64 41
66 66 18
66 68 42
66 69 63
67 1 38
67 2 13
67 3 41
67 5 28
67 7 63
67 9 50
67 12 20
67 13 22
67 14 17
67 15 21
67 16 54
67 19 40
67 21 5
67 22 60
67 24 29
67 25 33
67 26 10
67 28 48
67 29 53
67 32 42
67 33 3
67 34 66
67 35 2
67 36 64
67 37 26
67 38 67
67 42 0
67 44 9
67 46 12
67 48 61
67 49 39
67 50 43
67 53 44
67 54 24
67 56 62
67 57 25
67 58 47
67 59 19
67 60 14
67 62 69
67 63 4
67 65 32
67 66 58
67 67 34
67 69 55
68 0 16
68 2 12
68 4 2
68 7 15
68 8 47
68 9 53
68 15 20
68 20 68
68 21 17
68 22 52
68 23 62
68 26 65
68 28 26
68 31 51
68 33 66
68 34 21
68 35 14
68 38 27
68 40 39
68 41 60
68 42 48
68 43 43
68 45 3
68 47 57
68 48 0
68 54 36
68 58 23
68 59 40
68 60 1
68 61 24
68 64 35
68 65 7
68 67 11
68 68 29
68 69 18
69 0 12
69 3 25
69 5 65
69 6 64
69 9 19
69 10 39
69 12 62
69 13 54
69 15 9
69 17 37
69 19 44
69 21 53
69 22 17
69 23 35
69 24 41
69 25 2
69 26 36
69 29 31
69 30 33
69 31 68
69 34 59
69 38 3
69 40 48
69 42 49
69 45 14
69 46 15
69 49 21
69 50 46
69 52 40
69 54 38
69 56 20
69 57 5
69 59 55
69 60 11
69 61 1
69 64 22
69 65 30
69 67 47
69 68 52
69 69 23
