60
0 0 44
0 1 0
0 12 36
0 14 10
0 17 12
0 25 14
0 26 26
0 29 55
0 32 1
0 39 16
0 43 33
0 49 46
0 51 25
0 57 51
0 58 49
1 0 0
1 1 47
1 3 38
1 6 1
1 8 2
1 9 22
1 10 43
1 15 42
1 17 32
1 22 19
1 27 20
1 29 18
1 30 15
1 36 57
1 43 26
1 49 55
1 50 58
1 54 27
1 55 44
1 57 21
1 58 52
1 59 23
2 0 35
2 2 50
2 4 55
2 5 27
2 9 58
2 10 8
2 11 19
2 15 40
2 17 36
2 18 2
2 20 34
2 24 25
2 31 42
2 32 33
2 39 24
2 41 39
2 43 1
2 44 49
2 47 12
2 50 47
2 51 23
2 53 11
2 56 15
2 58 45
3 4 32
3 14 28
3 15 36
3 17 14
3 18 29
3 24 37
3 27 57
3 29 45
3 32 24
3 35 46
3 36 8
3 38 50
3 45 42
3 50 39
3 53 6
3 54 9
4 1 32
4 6 41
4 13 14
4 16 15
4 21 1
4 25 8
4 27 16
4 30 46
4 35 0
4 40 4
4 47 59
4 51 2
4 53 51
4 58 56
5 4 40
5 6 7
5 10 29
5 13 53
5 21 3
5 28 47
5 30 4
5 35 52
5 38 5
5 40 28
5 42 49
5 44 16
5 47 58
5 49 42
5 51 12
5 52 9
5 53 41
5 55 50
5 56 45
6 2 4
6 3 20
6 11 26
6 13 50
6 16 57
6 18 40
6 20 17
6 23 29
6 24 35
6 29 54
6 30 13
6 34 55
6 37 7
6 38 38
6 39 49
6 48 32
6 49 34
6 51 18
6 55 2
6 58 14
7 1 38
7 4 23
7 6 15
7 7 20
7 9 41
7 15 45
7 17 30
7 22 51
7 24 26
7 27 50
7 28 49
7 29 4
7 30 14
7 32 52
7 39 7
7 40 59
7 46 48
7 48 0
7 50 9
7 51 54
7 57 6
8 0 24
8 4 1
8 5 43
8 11 45
8 19 50
8 23 42
8 29 9
8 31 39
8 39 47
8 41 11
8 43 48
8 56 33
8 57 54
8 58 21
9 7 37
9 11 4
9 22 54
9 26 7
9 27 1
9 29 20
9 30 42
9 33 13
9 39 32
9 45 40
9 47 57
9 50 29
9 52 59
9 54 22
9 56 49
9 59 30
10 3 32
10 5 55
10 7 30
10 8 26
10 11 17
10 12 46
10 14 24
10 17 2
10 23 43
10 24 38
10 26 50
10 28 9
10 32 57
10 37 29
10 39 27
10 42 25
10 44 28
10 46 1
10 47 53
10 52 48
10 54 39
10 55 0
10 58 5
11 0 40
11 6 57
11 7 8
11 11 37
11 26 38
11 27 49
11 30 51
11 31 15
11 33 45
11 35 27
11 39 5
11 42 3
11 46 54
11 52 0
11 54 13
11 55 34
11 56 30
11 59 20
12 4 16
12 6 21
12 8 56
12 9 55
12 17 42
12 20 18
12 21 11
12 22 1
12 24 19
12 26 12
12 32 40
12 37 41
12 39 25
12 43 0
12 51 6
12 56 27
13 1 42
13 2 28
13 10 37
13 11 56
13 12 49
13 16 50
13 21 48
13 22 9
13 24 54
13 26 40
13 27 51
13 28 32
13 35 33
13 37 27
13 40 16
13 41 8
13 42 11
13 43 38
13 44 6
13 48 25
13 49 3
13 53 19
13 54 35
13 55 20
13 57 53
14 0 6
14 1 12
14 3 8
14 4 31
14 6 20
14 8 3
14 9 16
14 11 1
14 12 26
14 13 52
14 14 46
14 15 21
14 19 37
14 22 14
14 23 57
14 26 9
14 29 51
14 30 11
14 31 0
14 32 4
14 33 47
14 36 5
14 40 25
14 41 30
14 45 45
14 48 18
14 51 35
14 52 39
14 57 10
15 6 3
15 11 12
15 25 56
15 27 54
15 29 32
15 30 8
15 33 9
15 34 49
15 37 34
15 40 6
15 44 26
15 56 53
16 16 18
16 19 55
16 23 26
16 30 31
16 31 58
16 34 11
16 36 47
16 40 33
16 41 51
16 47 34
16 51 15
16 53 37
16 56 6
16 57 8
17 2 10
17 3 41
17 5 46
17 6 31
17 10 9
17 11 43
17 14 21
17 17 6
17 21 56
17 25 47
17 28 36
17 30 1
17 31 40
17 32 45
17 42 37
17 45 49
17 46 33
17 50 57
17 51 32
17 58 34
18 2 51
18 8 28
18 11 27
18 13 39
18 14 37
18 15 59
18 21 26
18 23 2
18 30 49
18 47 15
18 50 44
18 52 41
18 59 22
19 7 9
19 10 21
19 13 19
19 14 50
19 16 29
19 29 48
19 30 56
19 32 38
19 35 54
19 36 49
19 40 18
19 44 24
19 51 16
19 57 35
19 58 51
20 1 45
20 4 44
20 13 56
20 34 25
20 40 20
20 42 24
20 43 46
20 46 43
20 48 51
20 49 1
20 51 38
20 54 7
20 57 31
21 1 2
21 5 32
21 8 30
21 13 42
21 16 59
21 18 12
21 22 3
21 31 20
21 32 53
21 33 4
21 37 51
21 38 56
21 43 54
21 45 37
21 47 9
21 48 22
21 49 57
21 50 11
21 53 33
21 57 40
21 58 41
22 3 39
22 4 51
22 11 28
22 12 50
22 16 26
22 24 31
22 31 59
22 36 3
22 38 54
22 39 17
22 42 13
22 43 41
22 44 4
22 45 38
22 47 55
22 48 46
22 52 37
22 58 16
23 1 4
23 6 22
23 8 49
23 10 55
23 11 47
23 14 30
23 16 16
23 19 38
23 25 41
23 26 44
23 36 18
23 38 35
23 40 29
23 44 39
23 46 52
23 53 13
23 56 7
23 57 45
24 3 43
24 4 22
24 6 46
24 8 6
24 11 44
24 12 1
24 14 57
24 21 33
24 23 27
24 24 41
24 26 59
24 29 31
24 37 50
24 40 12
24 42 15
24 43 11
24 47 10
24 51 51
24 54 5
24 57 13
24 59 9
25 0 31
25 17 40
25 19 48
25 23 41
25 33 12
25 34 27
25 35 15
25 41 19
25 44 52
25 46 49
25 49 53
25 50 34
25 52 36
25 54 43
25 56 35
26 1 36
26 5 11
26 8 51
26 17 9
26 22 43
26 29 59
26 30 16
26 32 10
26 34 18
26 35 13
26 47 8
26 51 22
26 54 24
26 57 7
26 58 29
26 59 28
27 0 25
27 5 49
27 9 52
27 11 20
27 12 44
27 13 30
27 14 38
27 18 23
27 20 16
27 21 14
27 32 22
27 33 53
27 34 31
27 35 3
27 37 19
27 38 10
27 44 8
27 47 6
27 51 24
27 52 35
27 53 2
27 54 37
27 58 32
28 3 49
28 8 15
28 11 7
28 12 56
28 13 35
28 15 48
28 20 55
28 33 50
28 34 58
28 38 11
28 39 38
28 40 30
28 41 41
28 42 2
28 43 45
28 45 6
28 46 13
28 49 27
28 53 52
29 0 36
29 6 44
29 9 32
29 14 25
29 18 0
29 19 26
29 20 12
29 21 34
29 27 48
29 28 46
29 31 29
29 40 21
29 44 59
29 47 20
29 48 55
29 54 50
30 2 26
30 4 20
30 6 18
30 15 47
30 20 21
30 22 5
30 25 35
30 28 53
30 31 14
30 35 41
30 37 0
30 45 23
30 50 27
30 53 12
30 55 9
30 56 32
30 59 31
31 3 44
31 5 35
31 11 59
31 12 28
31 13 13
31 16 34
31 18 56
31 19 5
31 21 53
31 22 15
31 23 23
31 28 21
31 30 37
31 32 49
31 36 30
31 46 39
31 47 54
31 51 11
31 52 51
31 53 26
31 54 41
31 59 45
32 1 48
32 2 9
32 3 4
32 4 52
32 7 58
32 8 54
32 9 27
32 12 2
32 16 25
32 22 50
32 29 47
32 30 35
32 45 31
32 54 10
32 56 16
33 5 51
33 7 40
33 9 21
33 10 46
33 16 52
33 18 25
33 20 10
33 21 15
33 22 39
33 23 38
33 36 27
33 40 8
33 42 6
33 43 55
33 51 26
33 52 1
34 0 15
34 6 43
34 10 44
34 11 3
34 13 55
34 15 30
34 22 38
34 27 28
34 31 25
34 32 9
34 33 57
34 36 11
34 37 37
34 38 46
34 39 8
34 41 53
34 43 47
34 44 33
34 47 48
34 50 35
34 56 10
34 57 52
35 3 33
35 7 43
35 10 50
35 12 39
35 14 17
35 17 53
35 18 38
35 27 44
35 32 29
35 36 21
35 37 4
35 40 35
35 41 45
35 42 41
35 49 15
35 56 1
35 59 13
36 1 3
36 4 50
36 5 33
36 8 4
36 14 40
36 15 22
36 16 48
36 21 10
36 23 20
36 24 29
36 28 59
36 30 6
36 35 34
36 36 32
36 42 52
36 44 51
36 46 18
36 49 58
36 56 43
37 0 7
37 2 32
37 4 9
37 11 41
37 17 29
37 19 21
37 22 58
37 24 55
37 32 5
37 38 20
37 41 18
37 46 47
37 58 25
38 0 16
38 6 47
38 10 23
38 15 54
38 16 36
38 31 26
38 33 1
38 42 56
38 43 21
38 45 51
38 50 25
38 51 53
38 55 33
38 56 37
38 58 15
39 4 30
39 5 8
39 7 47
39 13 6
39 15 19
39 16 24
39 21 22
39 28 38
39 35 45
39 38 3
39 39 23
39 42 5
40 1 17
40 8 42
40 10 5
40 18 6
40 20 50
40 22 37
40 28 11
40 30 27
40 31 32
40 36 2
40 38 57
40 40 55
40 44 1
40 48 38
40 50 24
40 53 18
40 55 47
41 0 46
41 6 39
41 8 41
41 9 37
41 10 0
41 15 8
41 16 31
41 20 45
41 26 25
41 28 29
41 31 43
41 33 22
41 41 7
41 43 9
41 45 32
41 47 40
41 50 54
41 52 57
41 59 55
42 5 36
42 8 10
42 11 50
42 13 38
42 14 7
42 15 1
42 21 55
42 22 35
42 23 11
42 29 22
42 32 23
42 36 42
42 38 12
42 41 46
42 43 59
42 47 5
42 49 37
42 52 58
42 53 27
42 54 17
42 55 30
42 56 52
42 57 25
42 59 49
43 2 31
43 10 12
43 13 21
43 14 49
43 17 59
43 19 27
43 20 7
43 21 25
43 23 4
43 26 15
43 30 58
43 33 36
43 37 42
43 38 6
43 42 1
43 43 56
43 45 24
43 46 16
43 47 23
43 51 50
43 55 38
43 56 39
43 57 14
44 0 27
44 5 59
44 10 28
44 13 26
44 15 50
44 23 47
44 25 38
44 31 44
44 33 20
44 34 33
44 36 13
44 38 48
44 40 23
44 41 0
44 43 32
44 53 40
44 58 19
44 59 34
45 1 9
45 3 56
45 4 37
45 7 31
45 9 19
45 10 51
45 14 29
45 18 3
45 20 20
45 22 33
45 23 35
45 25 21
45 29 42
45 53 36
45 59 58
46 6 13
46 8 7
46 11 52
46 12 43
46 13 24
46 17 47
46 18 1
46 19 34
46 20 35
46 25 25
46 28 12
46 30 50
46 31 57
46 33 26
46 37 16
46 40 41
46 46 51
46 50 30
46 54 23
46 59 32
47 6 17
47 7 33
47 9 18
47 15 35
47 19 36
47 20 54
47 21 59
47 28 51
47 29 5
47 40 22
47 42 12
47 43 15
47 46 44
47 47 30
47 49 0
47 50 6
47 53 9
47 58 2
47 59 25
48 5 23
48 10 52
48 11 34
48 15 43
48 17 10
48 19 49
48 25 6
48 32 51
48 36 56
48 44 48
48 45 59
48 49 8
48 52 27
48 53 29
48 58 47
49 0 4
49 1 52
49 2 11
49 3 31
49 5 16
49 8 43
49 9 5
49 12 33
49 16 32
49 21 49
49 25 2
49 32 0
49 34 38
49 36 44
49 37 1
49 38 30
49 41 56
49 43 7
49 47 19
49 58 20
50 0 59
50 4 15
50 13 32
50 15 25
50 19 44
50 21 20
50 22 17
50 25 27
50 34 46
50 37 11
50 39 33
50 42 35
50 46 26
50 47 41
50 52 10
50 55 6
50 58 3
51 5 3
51 7 50
51 14 23
51 15 16
51 24 39
51 29 15
51 30 43
51 32 44
51 33 41
51 34 8
51 35 9
51 37 46
51 38 47
51 40 32
51 42 51
51 45 10
51 49 54
51 52 22
51 55 53
52 0 50
52 6 27
52 20 15
52 21 9
52 26 33
52 31 36
52 37 6
52 38 25
52 39 40
52 40 51
52 44 53
52 54 11
52 55 16
52 59 37
53 2 7
53 15 27
53 22 24
53 25 9
53 30 20
53 32 16
53 33 52
53 36 19
53 40 53
53 41 36
53 44 0
53 47 49
53 51 41
53 53 17
53 56 21
53 58 43
54 3 59
54 5 14
54 8 35
54 9 9
54 12 42
54 13 25
54 23 36
54 25 52
54 26 37
54 31 56
54 32 46
54 34 20
54 41 2
54 43 3
54 44 45
54 45 48
54 51 5
54 53 22
54 55 10
54 56 19
54 58 31
55 0 1
55 2 30
55 3 48
55 8 40
55 10 14
55 12 6
55 13 12
55 17 7
55 32 15
55 34 36
55 41 27
55 43 29
55 44 21
55 47 16
55 58 39
55 59 11
56 10 24
56 15 10
56 16 19
56 17 13
56 19 30
56 20 26
56 21 43
56 24 28
56 28 25
56 31 33
56 32 59
56 40 17
56 41 9
56 42 16
56 43 35
56 50 36
56 51 44
56 52 21
56 57 41
56 58 22
57 1 40
57 6 38
57 7 2
57 8 25
57 11 10
57 12 55
57 20 3
57 21 32
57 23 0
57 25 4
57 31 19
57 36 29
57 42 9
57 45 43
57 46 35
57 47 47
57 49 59
57 53 48
57 54 6
58 0 23
58 3 24
58 5 48
58 7 22
58 10 42
58 11 54
58 12 18
58 17 55
58 23 3
58 27 38
58 29 34
58 38 2
58 39 56
58 41 43
58 44 17
58 46 9
58 50 12
58 52 53
58 53 46
58 56 8
58 57 44
59 2 57
59 4 33
59 7 36
59 20 4
59 28 55
59 29 41
59 31 49
59 32 17
59 36 50
59 40 56
59 43 27
59 44 7
59 58 53
