70
0 1 30
0 2 63
0 4 8
0 8 4
0 11 12
0 14 28
0 15 27
0 24 7
0 27 40
0 30 21
0 31 39
0 34 55
0 35 2
0 38 60
0 39 6
0 50 46
0 53 26
0 55 45
0 56 0
0 61 9
0 62 54
0 63 67
1 4 47
1 6 67
1 9 4
1 11 52
1 19 62
1 21 69
1 23 15
1 27 51
1 30 58
1 42 28
1 44 0
1 45 1
1 47 38
1 51 48
1 55 49
1 57 68
1 61 54
1 62 9
1 64 57
1 68 13
1 69 6
2 6 9
2 7 40
2 9 63
2 10 68
2 12 56
2 14 0
2 18 44
2 20 48
2 23 51
2 28 34
2 29 43
2 35 22
2 43 5
2 44 47
2 45 65
2 49 8
2 54 7
2 55 42
2 57 41
2 61 25
2 68 26
3 1 29
3 3 20
3 5 28
3 7 15
3 8 23
3 13 46
3 15 19
3 20 55
3 21 33
3 22 42
3 26 44
3 29 63
3 30 51
3 33 7
3 34 60
3 39 4
3 40 3
3 43 54
3 44 22
3 47 18
3 50 1
3 52 32
3 53 13
3 54 21
3 56 39
3 57 45
3 64 35
3 67 48
4 0 31
4 1 7
4 8 44
4 9 5
4 13 47
4 14 18
4 18 45
4 20 37
4 21 46
4 26 56
4 31 61
4 32 2
4 35 58
4 40 20
4 50 16
4 51 26
4 62 13
4 65 29
4 67 0
5 8 32
5 9 52
5 12 28
5 18 46
5 21 60
5 23 18
5 29 41
5 30 17
5 31 3
5 35 37
5 36 67
5 38 61
5 39 29
5 45 14
5 53 25
5 56 57
5 59 15
5 64 11
5 67 50
5 69 27
6 0 55
6 1 63
6 7 34
6 11 45
6 13 25
6 14 65
6 16 15
6 18 23
6 23 49
6 24 3
6 25 40
6 28 54
6 36 58
6 40 2
6 42 14
6 45 67
6 48 60
6 50 59
6 53 17
6 54 35
6 59 29
6 65 53
6 66 26
6 68 57
7 4 18
7 8 50
7 9 24
7 17 21
7 19 63
7 23 42
7 31 22
7 35 51
7 37 19
7 38 40
7 40 38
7 51 12
7 53 30
7 60 35
8 2 67
8 8 13
8 9 1
8 10 5
8 12 42
8 13 68
8 15 37
8 20 19
8 21 54
8 22 45
8 29 28
8 32 16
8 33 43
8 34 15
8 35 26
8 39 34
8 42 31
8 48 14
8 53 0
8 60 50
9 1 41
9 5 35
9 9 11
9 11 64
9 23 34
9 25 47
9 28 1
9 36 53
9 37 28
9 38 48
9 41 18
9 42 29
9 48 5
9 49 50
9 54 63
9 55 37
9 58 0
9 67 42
10 1 61
10 5 42
10 7 41
10 12 3
10 15 8
10 16 44
10 19 45
10 28 56
10 29 66
10 31 27
10 32 34
10 34 9
10 37 51
10 40 57
10 41 13
10 44 69
10 53 37
10 59 40
10 60 24
10 68 30
11 5 8
11 6 28
11 7 45
11 8 14
11 9 6
11 13 53
11 17 30
11 18 62
11 28 39
11 35 12
11 37 64
11 42 27
11 44 1
11 50 29
11 54 57
11 56 43
11 61 60
11 63 31
11 66 24
12 0 33
12 1 69
12 10 48
12 11 51
12 12 37
12 13 31
12 15 9
12 19 10
12 20 16
12 21 45
12 23 28
12 27 2
12 28 20
12 29 14
12 30 23
12 33 60
12 40 50
12 42 13
12 44 54
12 46 68
12 47 0
12 49 61
12 54 12
12 55 59
12 56 32
12 59 34
13 4 12
13 8 62
13 13 28
13 17 43
13 20 35
13 22 18
13 23 68
13 26 69
13 30 36
13 33 5
13 34 3
13 36 61
13 38 11
13 41 60
13 43 48
13 48 16
13 49 39
13 51 37
13 61 67
13 63 8
13 67 26
13 68 64
14 4 38
14 6 7
14 7 65
14 10 32
14 18 66
14 20 46
14 21 23
14 22 31
14 24 47
14 33 19
14 38 18
14 43 36
14 44 25
14 46 39
14 47 51
14 51 35
14 52 33
14 55 5
14 64 29
14 65 58
14 67 10
15 1 50
15 5 57
15 6 46
15 8 33
15 9 60
15 11 0
15 12 47
15 22 37
15 23 38
15 24 13
15 28 18
15 29 21
15 34 64
15 35 35
15 36 3
15 39 11
15 40 40
15 44 9
15 45 39
15 47 67
15 53 66
15 56 5
15 57 17
15 63 27
15 68 51
16 1 14
16 3 38
16 5 13
16 7 8
16 11 67
16 13 66
16 14 24
16 17 17
16 22 51
16 28 69
16 33 2
16 35 41
16 40 43
16 44 23
16 60 20
16 69 22
17 2 62
17 6 27
17 9 49
17 10 15
17 16 48
17 34 18
17 37 34
17 45 17
17 47 50
17 50 65
17 55 25
17 56 56
17 58 16
17 62 52
17 63 51
17 67 32
18 1 20
18 7 51
18 10 14
18 20 31
18 22 60
18 28 40
18 31 66
18 33 67
18 34 54
18 38 28
18 39 52
18 41 45
18 42 30
18 43 24
18 47 1
18 50 35
18 59 33
18 60 39
18 62 12
18 64 9
18 66 23
19 3 40
19 4 44
19 8 34
19 15 32
19 20 0
19 21 68
19 24 57
19 25 42
19 28 10
19 30 16
19 31 54
19 41 19
19 46 52
19 52 62
19 56 67
19 60 37
19 61 49
19 64 50
19 65 9
19 69 64
20 0 15
20 4 55
20 5 27
20 6 40
20 7 30
20 10 17
20 15 42
20 19 46
20 27 33
20 30 39
20 38 35
20 40 41
20 54 24
20 55 18
20 58 45
20 59 0
20 62 22
20 63 47
20 65 54
20 67 8
20 69 68
21 2 68
21 5 9
21 8 17
21 10 3
21 11 58
21 17 35
21 19 53
21 20 44
21 21 36
21 23 67
21 24 39
21 25 5
21 31 18
21 32 27
21 40 34
21 43 63
21 45 12
21 47 46
21 48 10
21 50 23
21 51 52
21 54 20
21 65 19
21 66 28
22 6 64
22 11 46
22 19 1
22 22 0
22 23 39
22 31 60
22 33 50
22 36 68
22 38 12
22 42 58
22 44 56
22 46 4
22 50 40
22 55 66
22 61 42
22 62 17
22 64 23
22 66 19
23 0 46
23 1 42
23 2 38
23 3 26
23 4 65
23 6 13
23 10 57
23 25 69
23 30 1
23 36 15
23 45 8
23 47 32
23 49 33
23 51 49
23 55 60
23 57 9
23 58 35
23 62 37
23 64 48
23 68 39
24 5 30
24 8 27
24 11 48
24 12 22
24 14 46
24 16 66
24 18 47
24 19 0
24 24 50
24 29 16
24 32 35
24 33 3
24 35 40
24 38 69
24 40 7
24 43 49
24 44 24
24 45 31
24 48 32
24 53 1
24 54 17
24 61 44
24 63 37
24 69 41
25 1 40
25 5 10
25 8 47
25 10 7
25 17 2
25 22 13
25 24 15
25 27 26
25 28 52
25 29 5
25 34 22
25 39 33
25 42 43
25 43 37
25 46 44
25 47 25
25 49 12
25 52 41
25 53 31
25 61 21
25 62 57
26 1 65
26 4 54
26 5 67
26 12 62
26 15 14
26 22 58
26 24 56
26 26 9
26 29 31
26 33 35
26 40 25
26 41 52
26 43 69
26 47 17
26 49 24
26 52 21
26 55 11
26 57 1
26 59 50
26 60 63
26 63 13
26 64 59
26 65 26
27 3 33
27 6 48
27 7 39
27 17 45
27 24 55
27 27 9
27 30 19
27 33 51
27 35 53
27 39 47
27 40 13
27 42 6
27 47 69
27 51 20
27 58 59
27 59 61
27 61 24
27 62 36
27 64 34
27 66 43
27 67 21
28 0 40
28 3 45
28 13 6
28 15 47
28 17 19
28 18 4
28 19 23
28 20 17
28 22 44
28 23 50
28 26 54
28 29 7
28 34 52
28 35 65
28 36 20
28 37 37
28 40 26
28 41 64
28 46 13
28 47 15
28 50 22
28 52 12
28 56 25
28 57 10
28 61 69
28 65 57
28 67 66
28 68 55
29 4 51
29 6 41
29 7 12
29 11 62
29 21 5
29 27 58
29 28 21
29 29 20
29 32 1
29 33 54
29 41 29
29 43 32
29 46 28
29 47 68
29 50 45
29 55 69
29 57 30
29 58 2
29 66 57
29 67 7
30 2 23
30 4 46
30 6 4
30 12 30
30 13 35
30 17 31
30 19 67
30 29 39
30 37 2
30 46 21
30 55 7
30 59 41
30 65 64
30 66 51
30 67 6
30 68 48
30 69 14
31 0 60
31 4 69
31 11 23
31 12 61
31 15 52
31 20 42
31 23 8
31 25 26
31 28 13
31 29 17
31 37 20
31 38 5
31 41 65
31 47 37
31 51 27
31 52 6
31 57 46
31 63 24
31 66 53
32 0 21
32 3 9
32 5 37
32 6 59
32 8 3
32 11 13
32 19 29
32 22 57
32 23 54
32 24 44
32 29 1
32 35 19
32 40 27
32 41 51
32 45 62
32 54 66
32 55 58
32 56 11
32 57 32
32 66 49
32 68 47
33 3 61
33 4 60
33 5 24
33 6 51
33 8 41
33 9 27
33 11 50
33 13 49
33 14 59
33 15 21
33 21 35
33 23 45
33 25 6
33 29 33
33 31 7
33 33 55
33 36 52
33 39 63
33 44 15
33 45 34
33 49 9
33 50 69
33 53 2
33 56 8
33 59 22
33 61 17
33 63 3
33 64 16
33 69 54
34 0 59
34 3 39
34 5 36
34 8 40
34 11 42
34 14 44
34 15 69
34 24 28
34 31 24
34 34 50
34 35 25
34 41 66
34 44 18
34 47 13
34 49 65
34 54 54
34 59 60
34 61 26
34 62 33
34 66 14
34 67 55
34 69 5
35 7 57
35 11 6
35 18 27
35 24 58
35 27 1
35 38 25
35 40 33
35 41 23
35 44 68
35 46 48
35 49 62
35 50 49
35 52 46
35 60 5
35 68 14
35 69 19
36 0 65
36 3 24
36 5 66
36 7 58
36 8 1
36 10 0
36 14 67
36 16 51
36 19 43
36 23 69
36 24 54
36 30 15
36 33 17
36 34 5
36 38 26
36 39 37
36 42 56
36 43 10
36 44 4
36 46 53
36 47 21
36 55 40
36 61 46
36 66 13
36 69 2
37 5 33
37 6 24
37 8 52
37 10 44
37 11 32
37 20 23
37 22 8
37 26 26
37 29 6
37 31 30
37 34 68
37 37 46
37 40 9
37 42 61
37 49 1
37 52 45
37 53 5
37 55 48
37 59 62
37 63 40
38 2 56
38 5 58
38 7 26
38 9 23
38 16 47
38 18 6
38 21 9
38 28 5
38 40 14
38 43 12
38 45 2
38 46 46
38 47 60
38 49 40
38 58 21
38 66 20
39 0 7
39 2 21
39 4 22
39 8 25
39 10 8
39 12 33
39 17 26
39 30 24
39 32 39
39 42 60
39 44 38
39 46 49
39 51 63
39 52 17
39 57 3
39 58 5
39 60 13
39 62 45
39 63 18
39 65 6
39 67 29
40 0 44
40 1 10
40 2 37
40 3 47
40 5 20
40 16 49
40 18 65
40 21 4
40 22 54
40 23 24
40 24 18
40 25 36
40 28 31
40 30 9
40 33 66
40 43 67
40 45 64
40 56 12
40 62 16
40 65 63
40 66 59
40 67 62
41 9 12
41 11 33
41 15 50
41 16 27
41 18 54
41 20 62
41 21 25
41 27 38
41 32 5
41 33 32
41 38 14
41 39 2
41 44 3
41 46 59
41 49 34
41 54 1
41 56 42
41 57 37
41 60 23
41 65 49
42 0 54
42 2 43
42 4 13
42 6 14
42 11 41
42 13 7
42 14 50
42 16 25
42 21 66
42 23 5
42 26 32
42 29 67
42 34 61
42 39 19
42 41 37
42 46 33
42 48 44
42 51 17
42 52 52
42 54 62
42 60 9
42 63 56
42 65 3
43 1 43
43 3 57
43 5 5
43 6 45
43 8 55
43 10 26
43 11 65
43 13 29
43 16 14
43 18 35
43 19 48
43 22 34
43 29 22
43 32 41
43 39 68
43 46 7
43 47 44
43 51 38
43 52 25
43 58 11
43 64 66
43 65 16
43 68 8
43 69 17
44 6 66
44 9 0
44 12 34
44 13 54
44 15 43
44 17 36
44 21 14
44 26 1
44 29 32
44 38 37
44 39 40
44 43 3
44 46 41
44 51 18
44 52 10
44 54 64
44 60 44
44 61 19
44 64 20
45 5 40
45 15 51
45 16 23
45 17 8
45 24 5
45 28 14
45 34 53
45 35 9
45 36 13
45 42 26
45 45 49
45 47 62
45 49 11
45 58 36
45 61 6
45 66 48
45 67 34
45 68 2
45 69 3
46 1 49
46 3 54
46 6 10
46 8 48
46 9 64
46 11 5
46 13 44
46 14 6
46 16 29
46 17 63
46 20 40
46 21 31
46 25 2
46 27 50
46 37 8
46 41 67
46 43 59
46 45 56
46 48 12
46 49 51
46 53 60
46 57 28
46 60 17
46 61 37
46 62 1
46 63 46
46 64 33
46 65 41
46 68 9
47 2 24
47 5 52
47 10 60
47 14 48
47 25 4
47 26 22
47 27 20
47 38 19
47 39 66
47 42 9
47 49 41
47 51 45
47 52 64
47 58 63
47 61 53
47 62 59
48 0 57
48 3 23
48 8 2
48 9 15
48 11 66
48 14 11
48 15 49
48 16 58
48 18 40
48 20 5
48 21 16
48 31 67
48 33 1
48 34 28
48 36 30
48 38 27
48 44 13
48 45 18
48 46 29
48 48 41
48 49 32
48 53 51
48 60 26
48 62 38
48 64 61
48 68 56
48 69 46
49 0 23
49 6 47
49 8 57
49 14 22
49 17 28
49 18 39
49 20 12
49 35 4
49 45 21
49 49 37
49 51 58
49 53 55
49 56 68
49 58 50
49 59 3
49 64 18
49 67 40
50 9 21
50 10 33
50 14 10
50 15 3
50 17 16
50 20 50
50 26 36
50 29 57
50 30 25
50 34 51
50 35 0
50 36 42
50 37 60
50 39 38
50 40 58
50 41 12
50 43 9
50 50 11
50 52 4
50 53 44
50 66 6
51 6 32
51 12 25
51 14 56
51 16 57
51 22 50
51 23 41
51 24 6
51 27 3
51 31 45
51 32 21
51 36 39
51 43 17
51 45 13
51 47 30
51 49 44
51 51 55
51 54 18
51 55 2
51 59 31
51 63 5
51 64 68
51 65 20
52 1 31
52 3 49
52 9 54
52 12 18
52 13 34
52 23 48
52 25 0
52 26 58
52 31 41
52 34 10
52 38 16
52 39 17
52 43 25
52 49 43
52 50 67
52 54 8
52 56 27
52 62 20
52 64 6
52 65 30
52 66 44
52 67 46
53 1 52
53 2 1
53 4 50
53 23 23
53 25 9
53 29 34
53 31 13
53 35 69
53 36 26
53 43 20
53 55 51
53 56 47
53 63 42
53 67 17
54 4 24
54 10 21
54 16 13
54 23 19
54 24 33
54 25 59
54 26 50
54 30 61
54 36 16
54 38 64
54 39 22
54 45 45
54 46 42
54 59 32
54 60 11
54 63 20
54 68 28
54 69 57
55 0 20
55 2 52
55 7 2
55 15 23
55 17 10
55 18 5
55 19 6
55 25 13
55 27 18
55 33 41
55 34 38
55 38 58
55 41 44
55 43 11
55 45 61
55 47 16
55 57 60
55 59 7
55 61 27
55 65 24
56 4 41
56 9 20
56 11 18
56 15 6
56 17 44
56 18 29
56 19 13
56 21 50
56 22 55
56 24 62
56 29 51
56 31 59
56 38 4
56 39 53
56 40 24
56 43 22
56 44 32
56 52 11
56 60 33
56 65 37
56 66 58
56 69 63
57 1 32
57 6 37
57 7 16
57 9 30
57 11 15
57 12 53
57 13 21
57 14 54
57 22 47
57 25 28
57 27 41
57 30 31
57 31 14
57 34 66
57 35 57
57 36 23
57 40 51
57 44 11
57 47 24
57 48 67
57 53 62
57 54 0
57 55 29
57 57 22
57 60 6
57 61 45
57 67 44
57 69 26
58 1 66
58 3 11
58 7 55
58 9 43
58 10 30
58 11 19
58 13 2
58 18 60
58 19 24
58 25 56
58 27 35
58 32 10
58 40 28
58 44 46
58 51 47
58 56 54
59 1 1
59 6 53
59 9 50
59 10 56
59 14 13
59 20 60
59 28 33
59 31 19
59 35 59
59 42 32
59 56 69
59 60 36
59 67 57
59 69 39
60 0 69
60 3 56
60 8 26
60 9 29
60 10 59
60 11 1
60 15 66
60 16 33
60 21 42
60 22 2
60 26 13
60 27 8
60 29 3
60 30 22
60 32 12
60 36 27
60 38 49
60 44 58
60 45 36
60 48 54
60 49 17
60 51 50
60 54 52
60 57 35
60 58 20
60 59 4
60 62 47
60 66 18
60 68 10
61 3 32
61 6 68
61 7 5
61 12 31
61 13 63
61 16 34
61 22 38
61 23 11
61 26 15
61 30 59
61 32 62
61 34 17
61 35 54
61 36 9
61 40 29
61 41 25
61 45 48
61 46 22
61 47 6
61 56 4
61 57 57
61 59 43
61 60 52
61 64 12
62 4 27
62 5 23
62 6 21
62 9 35
62 10 49
62 13 55
62 19 50
62 20 26
62 24 11
62 25 29
62 31 33
62 33 6
62 34 59
62 37 53
62 38 13
62 41 8
62 43 56
62 45 47
62 48 28
62 51 16
62 53 20
62 54 45
62 59 57
62 61 39
62 69 0
63 3 37
63 11 28
63 12 38
63 14 5
63 18 59
63 20 8
63 21 15
63 28 9
63 34 26
63 38 29
63 39 54
63 40 0
63 41 46
63 43 27
63 45 40
63 46 66
63 48 69
63 49 60
63 50 47
63 52 51
63 53 53
64 0 41
64 1 25
64 2 14
64 9 17
64 12 35
64 19 60
64 25 24
64 30 6
64 34 33
64 35 32
64 37 62
64 47 40
64 48 52
64 56 38
64 57 19
64 61 31
64 63 45
64 68 63
65 0 3
65 4 30
65 6 16
65 8 69
65 9 7
65 11 56
65 12 24
65 21 44
65 23 46
65 24 23
65 26 41
65 33 12
65 38 51
65 41 20
65 42 2
65 43 18
65 45 42
65 46 60
65 50 9
65 58 64
65 64 15
65 67 53
65 69 37
66 1 6
66 3 7
66 6 58
66 8 12
66 18 69
66 20 14
66 24 31
66 28 19
66 39 9
66 41 30
66 44 60
66 50 2
66 51 5
66 55 46
66 56 21
66 60 28
66 61 43
66 63 34
66 64 41
66 65 11
66 66 63
66 67 18
66 68 4
67 5 22
67 18 2
67 20 1
67 29 62
67 31 50
67 34 41
67 35 16
67 36 64
67 39 27
67 40 18
67 43 30
67 45 24
67 51 60
67 52 26
67 55 54
67 57 44
67 59 46
67 61 65
67 62 7
67 67 67
68 1 27
68 7 9
68 10 51
68 12 60
68 18 1
68 19 59
68 20 6
68 21 40
68 23 66
68 32 64
68 34 48
68 35 49
68 36 25
68 37 35
68 38 39
68 44 63
68 59 37
68 66 68
69 2 15
69 5 49
69 6 25
69 7 22
69 12 16
69 20 64
69 24 63
69 28 17
69 31 47
69 38 55
69 41 11
69 43 51
69 49 27
69 52 19
69 59 18
69 60 59
69 67 58
