60
0 2 26
0 3 54
0 10 34
0 11 43
0 12 39
0 13 40
0 16 59
0 17 20
0 22 3
0 23 24
0 24 22
0 26 4
0 28 2
0 30 30
0 32 11
0 33 21
0 40 55
0 48 27
0 52 18
0 54 14
0 55 37
0 56 41
0 59 44
1 1 4
1 3 50
1 6 13
1 9 23
1 11 59
1 16 0
1 20 5
1 21 58
1 24 31
1 26 49
1 34 38
1 35 1
1 39 30
1 40 22
1 42 29
1 46 15
1 50 53
1 51 2
1 52 40
1 53 10
1 54 44
1 56 52
2 0 28
2 2 17
2 3 16
2 6 6
2 7 15
2 11 21
2 17 53
2 20 11
2 22 32
2 23 45
2 25 41
2 26 3
2 27 7
2 31 38
2 34 54
2 36 19
2 38 33
2 43 2
2 44 24
2 47 27
2 48 52
2 50 1
2 53 9
2 54 22
2 55 26
3 3 20
3 4 34
3 10 16
3 12 3
3 14 11
3 15 5
3 16 45
3 23 33
3 28 37
3 29 0
3 30 1
3 32 21
3 34 57
3 35 49
3 38 9
3 39 35
3 40 4
3 43 14
3 45 18
3 47 22
3 48 53
3 49 15
3 52 39
3 53 23
3 56 46
4 0 44
4 2 47
4 4 33
4 7 8
4 8 39
4 9 56
4 12 7
4 13 9
4 19 53
4 24 34
4 25 45
4 27 0
4 28 32
4 33 35
4 37 46
4 38 25
4 42 48
4 43 29
4 49 38
4 51 17
4 52 13
4 55 41
4 56 57
4 59 10
5 1 42
5 7 55
5 8 50
5 9 49
5 10 9
5 13 29
5 16 24
5 17 8
5 20 12
5 21 7
5 22 17
5 24 33
5 26 43
5 27 27
5 32 57
5 33 18
5 40 46
5 46 34
5 50 44
5 53 6
5 54 41
5 55 35
6 0 55
6 1 35
6 2 7
6 6 48
6 9 45
6 12 58
6 14 12
6 15 34
6 18 31
6 19 21
6 24 23
6 26 33
6 29 4
6 32 32
6 35 20
6 36 14
6 37 53
6 39 13
6 45 54
6 49 17
6 52 41
6 54 56
6 55 40
6 56 29
7 1 7
7 2 44
7 3 29
7 5 33
7 7 1
7 8 3
7 11 53
7 12 21
7 16 16
7 17 54
7 21 8
7 23 6
7 30 28
7 31 35
7 32 43
7 33 38
7 35 22
7 37 24
7 41 45
7 42 58
7 45 13
7 46 17
7 47 9
7 48 56
7 49 14
7 50 31
7 51 5
7 57 23
7 58 12
8 0 0
8 2 31
8 4 2
8 7 49
8 10 55
8 15 54
8 17 18
8 18 37
8 21 47
8 23 4
8 25 30
8 26 56
8 27 5
8 28 58
8 30 33
8 33 20
8 34 32
8 36 48
8 37 51
8 38 22
8 39 3
8 42 40
8 44 9
8 46 1
8 50 7
8 51 52
8 53 24
8 59 39
9 4 44
9 7 22
9 8 38
9 10 52
9 12 20
9 13 28
9 16 37
9 17 16
9 19 1
9 20 13
9 21 49
9 23 10
9 26 46
9 28 17
9 29 25
9 30 3
9 31 36
9 33 7
9 34 33
9 35 54
9 38 12
9 39 59
9 41 4
9 49 43
9 50 42
9 51 26
9 52 31
9 53 5
9 55 56
9 56 2
9 57 48
10 0 33
10 1 34
10 4 41
10 5 30
10 8 36
10 13 24
10 17 13
10 19 51
10 33 5
10 34 50
10 35 47
10 36 38
10 40 17
10 41 26
10 47 39
10 49 19
10 50 56
10 54 1
10 59 43
11 7 7
11 8 48
11 12 4
11 14 0
11 15 14
11 17 3
11 18 30
11 19 33
11 20 41
11 21 2
11 22 23
11 26 47
11 27 34
11 28 50
11 30 16
11 31 10
11 36 35
11 37 37
11 42 32
11 45 20
11 48 39
11 53 27
11 55 13
11 56 25
12 0 38
12 2 9
12 3 14
12 5 37
12 7 17
12 21 4
12 24 27
12 25 36
12 29 3
12 32 59
12 34 44
12 36 25
12 39 20
12 40 29
12 42 49
12 43 55
12 44 6
12 47 1
12 50 35
12 51 33
12 55 8
12 56 0
12 57 24
12 59 45
13 0 41
13 2 14
13 3 15
13 4 16
13 9 10
13 14 21
13 24 54
13 26 23
13 27 3
13 31 49
13 33 29
13 36 34
13 37 8
13 38 45
13 39 6
13 42 2
13 44 7
13 48 36
13 49 13
13 50 30
13 52 11
13 56 18
13 58 4
14 3 1
14 5 25
14 8 44
14 11 24
14 13 45
14 16 46
14 17 0
14 19 23
14 23 22
14 26 29
14 29 2
14 31 27
14 32 17
14 33 14
14 39 4
14 40 7
14 41 48
14 43 43
14 44 36
14 46 11
14 48 20
14 49 6
14 50 16
14 51 53
14 53 41
14 56 37
14 59 40
15 0 5
15 1 13
15 2 25
15 3 11
15 4 47
15 5 21
15 7 0
15 8 16
15 9 20
15 11 46
15 12 23
15 13 53
15 15 49
15 19 27
15 25 9
15 26 15
15 28 43
15 31 30
15 32 36
15 37 26
15 40 38
15 44 17
15 53 32
15 59 54
16 0 58
16 1 59
16 3 48
16 6 52
16 8 23
16 10 49
16 12 17
16 13 54
16 14 19
16 16 57
16 18 27
16 19 41
16 23 43
16 24 14
16 27 22
16 31 37
16 34 5
16 38 44
16 44 40
16 48 38
16 49 3
16 50 51
16 52 4
16 53 33
16 54 18
17 0 24
17 4 25
17 5 43
17 6 34
17 7 54
17 8 2
17 10 57
17 14 48
17 15 13
17 18 42
17 19 11
17 28 0
17 32 30
17 36 3
17 43 6
17 46 38
17 48 17
17 50 28
17 55 44
17 56 50
17 58 26
17 59 23
18 4 53
18 6 9
18 11 8
18 12 47
18 16 18
18 18 52
18 19 22
18 20 56
18 21 30
18 26 17
18 31 59
18 38 3
18 39 37
18 41 21
18 42 14
18 44 34
18 47 26
18 48 28
18 49 29
19 0 47
19 3 52
19 6 23
19 7 3
19 11 27
19 13 20
19 14 30
19 15 8
19 17 58
19 18 54
19 19 39
19 23 40
19 24 57
19 26 2
19 32 53
19 34 12
19 38 4
19 39 9
19 40 31
19 41 25
19 42 10
19 45 44
19 46 41
19 49 34
19 52 55
19 53 36
19 56 1
19 58 49
19 59 32
20 1 39
20 3 26
20 7 19
20 11 15
20 12 36
20 16 31
20 18 29
20 19 3
20 20 4
20 24 49
20 28 14
20 35 27
20 39 22
20 45 40
20 46 48
20 50 47
20 51 46
20 56 8
21 2 24
21 5 53
21 8 22
21 10 36
21 11 12
21 12 10
21 13 37
21 15 30
21 17 57
21 23 14
21 24 56
21 26 7
21 37 50
21 40 41
21 42 11
21 43 15
21 44 33
21 45 3
21 46 18
21 47 51
21 50 19
21 56 28
22 1 5
22 2 43
22 3 27
22 4 24
22 5 3
22 8 14
22 10 51
22 11 42
22 14 35
22 16 53
22 17 48
22 18 38
22 21 12
22 22 19
22 29 40
22 32 20
22 33 32
22 34 46
22 37 7
22 41 2
22 42 44
22 48 30
22 50 57
22 51 59
23 0 12
23 1 18
23 2 10
23 4 27
23 5 46
23 7 14
23 9 8
23 12 52
23 14 59
23 16 28
23 17 55
23 19 17
23 27 4
23 28 56
23 30 45
23 31 50
23 33 47
23 34 49
23 35 31
23 37 41
23 41 0
23 47 33
23 49 24
23 55 42
23 56 36
23 58 40
23 59 58
24 0 22
24 3 37
24 4 50
24 5 57
24 9 19
24 12 45
24 13 1
24 14 33
24 15 35
24 16 52
24 17 29
24 18 48
24 19 0
24 22 13
24 24 38
24 25 26
24 26 41
24 27 10
24 28 8
24 30 24
24 36 40
24 40 20
24 46 9
24 47 43
24 49 25
24 50 32
24 51 18
24 54 34
25 0 17
25 2 2
25 6 44
25 7 23
25 8 59
25 9 26
25 14 4
25 15 24
25 16 47
25 18 0
25 19 29
25 22 12
25 25 20
25 27 52
25 30 25
25 31 6
25 36 37
25 39 5
25 41 54
25 42 8
25 44 1
25 45 56
25 46 14
25 47 31
25 50 39
25 52 7
25 58 35
26 11 32
26 12 42
26 13 5
26 15 53
26 18 44
26 22 39
26 23 13
26 26 50
26 28 19
26 30 38
26 36 31
26 43 12
26 45 1
26 49 35
26 51 16
26 52 25
26 53 37
26 54 27
26 55 34
26 56 33
26 57 3
26 58 47
27 0 6
27 1 26
27 2 33
27 4 1
27 5 7
27 6 36
27 7 21
27 8 52
27 10 50
27 13 8
27 14 42
27 15 29
27 20 25
27 22 20
27 31 0
27 38 14
27 41 40
27 42 34
27 47 11
27 51 4
27 55 45
28 1 31
28 3 36
28 7 56
28 14 10
28 15 20
28 16 51
28 20 50
28 22 1
28 23 23
28 25 8
28 26 11
28 27 15
28 32 37
28 34 29
28 36 52
28 40 32
28 43 18
28 48 46
28 49 33
28 51 48
28 54 40
28 56 12
28 58 34
29 6 42
29 7 4
29 8 53
29 10 21
29 16 35
29 18 16
29 20 8
29 22 54
29 23 52
29 26 19
29 29 13
29 33 30
29 35 24
29 37 10
29 38 28
29 39 33
29 44 51
29 45 41
29 46 32
29 48 6
29 54 49
29 55 15
29 59 50
30 4 18
30 6 16
30 7 13
30 8 10
30 9 7
30 10 0
30 13 14
30 16 1
30 17 35
30 18 24
30 21 48
30 25 2
30 27 45
30 30 29
30 31 8
30 32 56
30 34 47
30 37 57
30 44 26
30 45 31
30 47 55
30 48 44
30 49 23
30 52 50
30 54 37
30 55 9
30 58 25
31 0 35
31 1 53
31 3 4
31 4 30
31 12 5
31 14 41
31 15 32
31 19 15
31 20 45
31 21 9
31 22 51
31 25 16
31 26 18
31 29 43
31 30 47
31 34 34
31 40 37
31 45 7
31 46 58
31 50 0
31 54 36
31 55 21
31 56 23
31 57 40
31 58 39
32 4 55
32 8 34
32 9 13
32 11 17
32 13 43
32 14 23
32 15 25
32 16 3
32 18 8
32 19 44
32 20 15
32 27 31
32 32 28
32 35 18
32 39 50
32 40 45
32 45 12
32 47 47
32 48 41
32 51 40
32 53 14
32 55 59
32 56 53
33 4 11
33 8 51
33 9 14
33 10 58
33 13 47
33 14 27
33 16 49
33 17 19
33 20 34
33 23 26
33 25 35
33 27 37
33 29 53
33 30 5
33 31 45
33 33 43
33 35 59
33 37 3
33 39 56
33 42 15
33 43 54
33 49 10
33 51 42
33 52 12
33 55 17
33 56 31
33 59 7
34 0 34
34 4 22
34 11 9
34 12 57
34 13 10
34 16 25
34 18 7
34 20 17
34 24 40
34 27 56
34 28 47
34 30 43
34 31 3
34 35 30
34 38 32
34 42 41
34 43 51
34 44 19
34 47 20
34 48 35
34 51 12
34 55 50
34 56 21
34 57 11
35 2 4
35 4 58
35 8 30
35 17 43
35 19 10
35 20 21
35 22 26
35 24 29
35 25 25
35 27 53
35 29 57
35 30 31
35 40 24
35 42 59
35 43 34
35 45 9
35 49 44
35 50 46
35 55 39
35 56 11
36 0 51
36 6 11
36 8 56
36 16 54
36 17 2
36 23 18
36 26 35
36 27 55
36 29 50
36 31 47
36 37 34
36 38 41
36 40 25
36 46 40
36 47 46
36 48 48
36 53 30
36 54 6
36 59 14
37 3 2
37 4 23
37 6 7
37 10 13
37 12 0
37 15 33
37 22 27
37 24 47
37 28 54
37 29 37
37 30 42
37 31 53
37 36 32
37 37 11
37 38 59
37 40 19
37 41 24
37 43 44
37 46 16
37 48 5
37 50 17
37 51 49
37 52 29
37 53 51
37 55 10
38 0 20
38 2 15
38 4 54
38 8 1
38 10 33
38 11 23
38 16 42
38 17 28
38 19 45
38 26 24
38 30 13
38 31 58
38 33 26
38 34 4
38 37 25
38 38 29
38 39 34
38 47 18
38 49 37
38 51 27
38 53 55
38 58 32
39 0 25
39 1 10
39 5 22
39 6 18
39 12 44
39 17 40
39 18 46
39 19 35
39 21 50
39 25 56
39 29 48
39 30 39
39 31 29
39 33 53
39 34 1
39 39 26
39 41 14
39 43 32
39 47 58
39 48 42
39 51 23
39 52 9
40 3 13
40 4 49
40 8 7
40 12 25
40 17 42
40 18 2
40 19 52
40 21 14
40 24 21
40 25 53
40 29 36
40 30 37
40 37 17
40 39 27
40 40 6
40 41 32
40 42 28
40 45 15
40 47 44
40 51 54
40 52 24
40 53 35
40 56 5
40 57 8
40 59 9
41 0 11
41 2 52
41 4 48
41 6 24
41 7 10
41 10 23
41 14 36
41 19 28
41 22 42
41 24 55
41 25 6
41 26 59
41 28 45
41 29 14
41 30 40
41 31 46
41 33 37
41 34 39
41 36 57
41 37 18
41 39 8
41 41 44
41 43 50
41 48 1
41 52 43
41 56 38
41 57 5
41 58 33
41 59 21
42 2 53
42 3 24
42 4 35
42 12 56
42 14 17
42 20 36
42 23 8
42 25 21
42 28 55
42 33 57
42 36 26
42 38 16
42 42 39
42 44 22
42 46 46
42 47 50
42 48 31
42 53 2
42 56 27
42 57 0
42 58 37
43 3 35
43 7 38
43 10 47
43 11 55
43 13 23
43 14 15
43 16 12
43 21 36
43 22 14
43 25 51
43 29 29
43 32 45
43 41 6
43 44 44
43 46 59
43 48 49
43 49 27
43 50 5
43 53 58
43 55 46
43 56 13
43 59 34
44 1 23
44 4 51
44 6 0
44 13 57
44 16 48
44 18 43
44 22 21
44 23 44
44 24 46
44 25 24
44 29 59
44 30 9
44 33 6
44 39 41
44 41 31
44 44 10
44 46 53
44 50 12
44 52 47
44 54 39
44 56 26
44 59 8
45 6 37
45 8 24
45 14 49
45 17 15
45 18 41
45 22 53
45 24 5
45 25 28
45 27 47
45 28 29
45 30 7
45 31 56
45 32 48
45 34 35
45 36 59
45 39 43
45 42 13
45 43 9
45 47 0
45 49 16
45 51 11
45 52 32
45 57 30
46 0 57
46 2 21
46 3 40
46 5 20
46 6 12
46 8 0
46 9 53
46 10 24
46 11 16
46 16 30
46 17 23
46 18 9
46 20 43
46 23 42
46 24 2
46 28 22
46 30 55
46 32 18
46 34 31
46 36 50
46 40 13
46 41 35
46 43 59
46 45 45
46 47 28
46 49 47
46 51 19
46 54 11
46 56 14
47 0 56
47 2 51
47 4 12
47 16 14
47 22 49
47 23 20
47 28 4
47 30 26
47 32 25
47 33 34
47 34 23
47 36 47
47 45 17
47 46 50
47 47 45
47 48 21
47 49 53
47 50 36
47 51 15
47 52 44
47 56 30
47 58 42
48 0 40
48 3 0
48 6 46
48 7 35
48 12 59
48 13 6
48 14 55
48 15 38
48 18 11
48 19 9
48 21 43
48 23 51
48 24 18
48 27 50
48 28 1
48 29 32
48 34 28
48 39 31
48 42 23
48 45 47
48 46 45
48 47 53
48 51 24
48 53 57
48 58 5
48 59 33
49 0 23
49 2 13
49 4 38
49 6 14
49 15 18
49 16 21
49 17 25
49 19 34
49 20 29
49 21 31
49 23 41
49 26 16
49 28 26
49 29 7
49 30 36
49 32 4
49 35 40
49 43 56
49 44 12
49 47 3
49 49 50
49 51 39
49 52 8
49 54 20
49 59 6
50 6 8
50 7 32
50 8 46
50 10 44
50 12 49
50 13 31
50 20 42
50 23 29
50 25 27
50 29 52
50 34 48
50 35 45
50 36 43
50 37 5
50 38 51
50 40 53
50 42 33
50 43 41
50 50 15
50 51 38
50 52 0
50 53 7
50 55 1
50 58 55
51 1 24
51 2 55
51 5 1
51 7 45
51 11 20
51 18 49
51 19 26
51 21 13
51 25 23
51 27 57
51 29 17
51 31 22
51 32 12
51 35 48
51 40 40
51 43 42
51 44 5
51 45 33
51 46 7
51 48 11
51 50 21
51 54 16
51 55 53
51 58 8
52 3 9
52 4 0
52 6 17
52 7 37
52 11 44
52 13 33
52 14 28
52 16 40
52 19 30
52 23 12
52 29 35
52 33 31
52 35 46
52 37 29
52 44 20
52 48 26
52 49 58
52 52 21
52 54 48
52 56 43
53 1 47
53 3 56
53 4 17
53 5 35
53 6 51
53 8 4
53 12 19
53 14 32
53 21 18
53 22 16
53 23 36
53 24 0
53 26 38
53 28 20
53 29 55
53 30 58
53 31 33
53 36 53
53 38 13
53 42 7
53 46 6
53 48 45
53 52 2
53 54 10
53 56 22
54 0 45
54 4 8
54 8 20
54 10 10
54 12 11
54 15 58
54 16 36
54 19 6
54 22 7
54 23 15
54 25 52
54 27 44
54 34 40
54 35 26
54 38 55
54 39 16
54 41 30
54 42 43
54 45 37
54 47 21
54 50 34
54 52 59
54 55 0
54 57 22
54 59 19
55 7 36
55 9 25
55 17 11
55 18 26
55 19 31
55 21 53
55 22 24
55 25 54
55 33 17
55 36 51
55 37 9
55 38 40
55 40 16
55 43 38
55 45 19
55 46 47
55 47 29
55 49 20
55 50 45
55 53 0
55 55 23
55 56 49
55 59 27
56 1 1
56 2 20
56 4 3
56 5 4
56 7 34
56 10 54
56 19 7
56 23 32
56 25 14
56 26 21
56 27 36
56 30 23
56 31 57
56 34 0
56 36 8
56 37 33
56 38 42
56 39 2
56 40 51
56 48 12
56 50 52
56 54 58
56 55 27
56 56 47
56 58 24
57 4 37
57 8 26
57 10 27
57 12 43
57 14 3
57 16 2
57 18 19
57 19 13
57 20 58
57 22 22
57 27 23
57 28 46
57 30 10
57 32 47
57 34 17
57 36 11
57 37 28
57 40 12
57 44 45
57 45 29
57 46 21
57 50 40
57 52 36
57 53 1
57 56 16
57 57 59
58 5 36
58 7 43
58 11 56
58 12 22
58 16 58
58 18 51
58 19 38
58 22 59
58 23 35
58 24 15
58 26 54
58 28 33
58 32 10
58 36 9
58 40 44
58 42 5
58 48 2
58 52 53
58 57 32
58 59 47
59 0 42
59 3 32
59 4 7
59 5 0
59 10 53
59 12 48
59 14 43
59 15 31
59 17 41
59 18 59
59 20 51
59 23 2
59 25 57
59 29 8
59 32 50
59 34 30
59 40 58
59 41 9
59 43 25
59 44 52
59 45 49
59 46 35
59 47 19
59 51 56
59 55 29
59 56 44
