70
0 2 25
0 3 32
0 5 19
0 8 62
0 9 43
0 15 39
0 19 28
0 20 7
0 25 16
0 29 42
0 30 66
0 39 9
0 43 34
0 47 6
0 49 18
0 50 46
0 51 24
0 55 53
0 61 54
0 62 52
0 63 41
0 64 31
0 67 11
1 2 1
1 3 12
1 7 9
1 8 69
1 10 20
1 12 40
1 13 48
1 16 58
1 27 22
1 29 67
1 32 10
1 33 24
1 34 44
1 35 54
1 38 36
1 41 57
1 61 51
1 66 43
2 3 62
2 6 2
2 8 18
2 17 24
2 20 31
2 22 12
2 23 45
2 24 53
2 30 37
2 34 42
2 39 59
2 42 66
2 48 6
2 50 39
2 54 16
2 55 27
2 59 32
2 62 17
2 68 46
3 8 16
3 14 19
3 15 32
3 18 11
3 22 15
3 23 10
3 24 31
3 26 67
3 28 5
3 35 41
3 40 40
3 48 56
3 49 6
3 57 17
3 58 38
3 62 58
3 65 25
3 68 57
4 4 32
4 5 57
4 6 24
4 10 41
4 19 55
4 20 46
4 22 28
4 26 63
4 29 19
4 30 1
4 33 66
4 34 49
4 35 7
4 36 50
4 38 29
4 39 56
4 40 39
4 43 45
4 44 47
4 45 2
4 47 38
4 49 36
4 50 12
4 52 16
4 54 13
4 56 52
4 61 23
4 62 14
4 69 54
5 1 57
5 5 27
5 6 58
5 9 29
5 15 33
5 16 56
5 24 59
5 33 10
5 41 15
5 47 12
5 50 45
5 66 49
6 3 55
6 7 24
6 13 12
6 19 64
6 21 7
6 23 36
6 27 58
6 29 53
6 31 51
6 33 16
6 36 29
6 37 66
6 42 2
6 45 69
6 49 3
6 51 65
6 53 61
6 54 26
6 55 56
6 56 42
6 62 47
7 0 8
7 1 5
7 3 34
7 7 25
7 10 2
7 11 6
7 12 36
7 13 24
7 14 9
7 16 48
7 17 49
7 21 23
7 22 17
7 25 58
7 27 41
7 28 35
7 29 50
7 30 57
7 33 43
7 35 38
7 36 54
7 47 61
7 48 12
7 54 64
7 56 27
7 64 40
7 66 13
7 67 7
7 69 26
8 8 29
8 11 23
8 13 59
8 24 65
8 28 15
8 30 38
8 36 33
8 38 11
8 43 19
8 49 25
8 50 14
8 56 31
8 59 6
8 62 45
8 66 35
9 2 7
9 4 13
9 5 15
9 10 46
9 13 41
9 19 25
9 21 33
9 23 23
9 24 16
9 25 29
9 26 10
9 27 51
9 30 56
9 31 18
9 34 0
9 37 5
9 38 44
9 39 1
9 44 19
9 47 22
9 48 14
9 56 30
9 59 28
9 62 48
9 63 58
9 67 43
10 0 9
10 4 68
10 7 0
10 12 46
10 13 58
10 14 4
10 21 13
10 26 21
10 32 19
10 34 64
10 39 22
10 43 2
10 48 10
10 57 59
10 58 14
10 59 63
10 60 41
10 64 16
10 65 26
10 68 8
10 69 50
11 2 21
11 3 30
11 12 33
11 14 64
11 20 3
11 21 27
11 27 2
11 32 68
11 36 14
11 38 25
11 40 62
11 48 55
11 50 37
11 53 65
11 55 22
11 58 9
11 61 35
11 64 5
11 65 69
11 67 48
12 3 25
12 6 16
12 16 41
12 17 33
12 18 23
12 20 61
12 31 69
12 35 30
12 42 58
12 43 67
12 44 8
12 45 42
12 54 56
12 55 34
12 57 62
12 58 0
12 61 2
12 68 3
13 2 3
13 8 2
13 10 49
13 24 61
13 25 56
13 29 58
13 41 35
13 42 18
13 46 50
13 49 21
13 50 1
13 52 15
13 53 39
13 60 20
13 69 41
14 2 28
14 12 65
14 17 1
14 29 59
14 34 27
14 36 37
14 42 64
14 46 17
14 50 26
14 53 66
14 55 20
14 58 39
14 59 13
14 61 50
14 67 68
14 69 2
15 7 32
15 16 62
15 17 57
15 18 29
15 19 58
15 20 27
15 24 48
15 26 14
15 28 46
15 32 24
15 33 28
15 35 15
15 36 41
15 40 51
15 43 56
15 45 40
15 47 4
15 49 69
15 53 31
15 56 38
15 57 67
15 58 68
15 60 30
15 66 8
16 4 12
16 5 69
16 9 36
16 10 65
16 14 21
16 15 11
16 19 18
16 21 44
16 24 68
16 30 27
16 31 50
16 33 64
16 36 63
16 39 53
16 43 3
16 44 28
16 45 33
16 49 15
16 54 55
16 59 45
16 61 57
16 64 58
16 65 1
17 2 59
17 6 18
17 10 43
17 11 48
17 12 22
17 13 53
17 15 47
17 19 9
17 20 42
17 22 0
17 24 32
17 27 45
17 36 44
17 47 68
17 50 50
17 60 52
17 61 4
17 63 17
17 65 7
17 67 16
17 68 39
18 1 44
18 2 14
18 4 38
18 5 30
18 8 4
18 14 55
18 15 24
18 17 36
18 19 33
18 20 39
18 22 46
18 26 51
18 27 66
18 28 2
18 30 41
18 33 60
18 38 42
18 46 48
18 53 16
18 59 26
18 67 8
19 5 62
19 6 42
19 8 31
19 19 37
19 20 21
19 23 48
19 24 18
19 33 22
19 34 19
19 35 44
19 41 68
19 47 60
19 48 50
19 50 61
19 56 51
19 62 46
19 63 7
19 68 49
20 0 68
20 3 40
20 4 66
20 13 16
20 14 33
20 16 4
20 18 25
20 19 39
20 20 15
20 21 42
20 22 51
20 25 37
20 27 63
20 29 35
20 30 9
20 33 2
20 36 18
20 37 53
20 40 45
20 42 12
20 46 46
20 48 58
20 51 38
20 55 62
20 62 21
20 67 54
21 0 69
21 2 4
21 6 28
21 9 58
21 15 57
21 18 32
21 19 60
21 21 62
21 22 41
21 23 19
21 32 61
21 36 36
21 40 5
21 49 13
21 51 31
21 55 63
21 60 34
21 62 30
21 64 54
21 65 47
21 69 29
22 1 8
22 10 58
22 15 30
22 18 12
22 21 47
22 23 53
22 26 16
22 28 55
22 29 56
22 33 62
22 36 27
22 40 49
22 41 26
22 53 15
22 56 34
22 68 52
23 2 50
23 4 55
23 6 30
23 11 44
23 12 6
23 13 20
23 18 58
23 26 23
23 27 26
23 28 13
23 32 35
23 35 19
23 37 41
23 49 34
23 50 56
23 51 40
23 52 49
23 53 21
23 54 46
23 66 9
23 68 60
24 1 49
24 3 9
24 4 8
24 13 57
24 14 0
24 18 21
24 19 16
24 25 67
24 28 50
24 31 68
24 33 6
24 34 43
24 36 53
24 37 39
24 38 4
24 39 23
24 56 19
24 60 37
24 66 47
24 69 36
25 1 25
25 6 51
25 7 63
25 8 27
25 11 68
25 12 67
25 15 49
25 26 69
25 27 64
25 29 16
25 41 4
25 45 52
25 58 28
25 62 55
25 63 32
25 65 14
25 66 53
25 69 43
26 2 27
26 5 5
26 18 31
26 19 1
26 23 59
26 31 9
26 33 44
26 38 15
26 40 36
26 41 61
26 48 69
26 51 23
26 53 48
26 59 33
26 60 54
27 4 17
27 7 50
27 9 63
27 11 51
27 12 14
27 16 31
27 18 41
27 26 54
27 27 32
27 32 22
27 36 15
27 37 25
27 38 62
27 40 57
27 41 9
27 44 46
27 52 6
27 53 20
27 54 67
27 55 30
27 57 47
27 59 5
27 61 64
27 63 8
27 65 21
27 67 10
27 68 38
28 0 2
28 1 9
28 2 22
28 9 10
28 12 1
28 13 52
28 17 0
28 18 44
28 21 29
28 23 13
28 27 33
28 29 61
28 31 43
28 33 21
28 34 5
28 36 4
28 38 53
28 40 50
28 42 15
28 44 6
28 49 28
28 51 68
28 54 66
28 56 57
28 65 8
28 69 19
29 0 57
29 1 39
29 8 24
29 13 38
29 14 56
29 15 31
29 16 50
29 18 19
29 20 10
29 22 30
29 29 69
29 33 67
29 36 49
29 38 52
29 39 65
29 40 15
29 42 16
29 44 27
29 46 64
29 50 17
29 51 62
29 66 4
29 69 7
30 1 46
30 2 32
30 3 16
30 4 60
30 9 41
30 13 33
30 14 31
30 15 10
30 22 50
30 26 64
30 30 3
30 32 65
30 34 57
30 40 54
30 42 4
30 49 59
30 51 51
30 52 21
30 53 28
30 54 23
30 55 7
30 58 17
30 59 56
30 65 15
30 69 49
31 0 46
31 3 35
31 6 33
31 8 49
31 10 42
31 17 9
31 25 2
31 30 61
31 31 65
31 37 64
31 38 56
31 39 43
31 42 10
31 49 47
31 51 5
31 52 41
31 64 62
31 65 29
31 69 3
32 7 52
32 10 62
32 11 65
32 19 36
32 20 14
32 21 24
32 22 40
32 27 60
32 30 13
32 31 10
32 32 1
32 37 50
32 38 6
32 39 28
32 42 26
32 44 67
32 46 45
32 47 17
32 57 44
32 58 32
32 59 27
32 60 61
32 66 18
32 67 19
32 68 59
32 69 47
33 0 12
33 1 47
33 2 9
33 6 32
33 11 3
33 17 5
33 21 65
33 23 28
33 30 14
33 33 42
33 37 54
33 52 48
33 53 4
33 61 52
33 62 62
33 63 27
33 69 57
34 3 6
34 5 24
34 7 27
34 11 28
34 18 2
34 19 40
34 21 1
34 23 34
34 24 30
34 26 39
34 28 47
34 31 60
34 35 3
34 36 57
34 47 10
34 61 26
34 67 38
35 0 64
35 2 58
35 3 15
35 6 14
35 8 13
35 9 65
35 10 26
35 14 52
35 17 66
35 18 8
35 20 59
35 23 55
35 30 39
35 35 53
35 36 68
35 37 67
35 39 45
35 44 49
35 45 18
35 47 0
35 48 51
35 51 9
35 52 22
35 55 2
35 59 40
35 61 16
35 64 10
35 65 38
36 1 7
36 4 16
36 5 20
36 11 33
36 12 28
36 15 0
36 19 15
36 20 29
36 22 58
36 24 45
36 26 62
36 30 11
36 33 3
36 41 60
36 42 67
36 43 18
36 46 19
36 47 26
36 49 38
36 55 41
36 56 32
36 58 49
36 60 23
36 63 22
36 64 53
36 65 43
37 3 23
37 4 67
37 7 18
37 8 65
37 12 0
37 14 8
37 15 42
37 16 3
37 18 6
37 20 63
37 21 38
37 23 58
37 28 30
37 32 52
37 41 62
37 43 32
37 49 46
37 50 29
37 58 69
37 60 66
37 65 33
37 68 22
38 1 55
38 2 24
38 5 6
38 11 30
38 15 22
38 18 40
38 25 14
38 28 38
38 29 65
38 38 12
38 39 3
38 41 10
38 46 25
38 54 54
38 64 20
38 67 56
39 5 58
39 17 10
39 18 37
39 23 11
39 24 51
39 27 20
39 30 26
39 31 41
39 37 6
39 43 16
39 44 24
39 47 23
39 53 49
39 58 60
39 59 55
39 63 66
39 64 44
39 65 59
39 66 32
39 68 61
40 5 59
40 6 39
40 11 57
40 15 4
40 23 65
40 31 29
40 32 41
40 34 28
40 35 12
40 37 36
40 41 69
40 43 26
40 45 48
40 48 61
40 50 55
40 53 64
40 58 42
40 60 46
40 62 25
40 63 43
40 64 51
40 65 18
41 0 66
41 1 33
41 5 46
41 6 23
41 7 42
41 12 51
41 14 68
41 21 48
41 24 3
41 35 56
41 36 45
41 37 62
41 39 57
41 40 14
41 45 28
41 51 47
41 53 53
41 54 15
41 56 60
41 57 63
41 58 12
41 59 49
41 60 65
41 64 13
41 67 32
42 2 45
42 5 52
42 8 55
42 9 30
42 10 14
42 11 5
42 16 16
42 17 29
42 21 41
42 23 31
42 24 40
42 27 7
42 30 65
42 31 49
42 32 58
42 34 62
42 36 26
42 37 10
42 46 3
42 47 8
42 58 67
42 59 35
42 60 56
42 63 39
42 64 43
43 11 8
43 12 27
43 14 39
43 15 41
43 17 69
43 18 49
43 19 61
43 22 37
43 28 53
43 46 0
43 51 1
43 56 67
43 60 16
43 66 46
43 68 32
43 69 45
44 1 19
44 4 30
44 16 51
44 17 27
44 20 49
44 24 12
44 25 10
44 26 32
44 27 39
44 34 41
44 35 14
44 38 20
44 45 26
44 53 3
44 54 17
44 56 45
44 57 69
44 59 46
45 1 15
45 2 43
45 3 17
45 11 22
45 22 38
45 25 59
45 26 19
45 27 6
45 28 41
45 33 56
45 41 47
45 43 53
45 47 9
45 53 40
45 54 35
45 55 26
45 57 10
45 58 18
45 59 24
45 61 5
45 69 33
46 1 10
46 9 19
46 10 33
46 20 28
46 21 61
46 24 5
46 25 13
46 34 20
46 37 35
46 47 55
46 49 41
46 51 42
46 53 30
46 54 24
46 57 12
46 59 18
46 60 9
46 61 62
46 63 29
46 68 26
46 69 23
47 1 11
47 2 2
47 4 40
47 8 32
47 9 28
47 12 31
47 14 36
47 21 6
47 23 25
47 31 55
47 37 3
47 38 59
47 40 30
47 43 8
47 44 50
47 46 26
47 50 33
47 51 10
47 56 63
47 62 57
47 63 20
47 64 39
47 67 27
48 3 18
48 5 3
48 8 67
48 9 16
48 12 9
48 18 48
48 19 65
48 22 62
48 26 25
48 27 61
48 30 49
48 33 12
48 40 19
48 46 2
48 47 44
48 50 35
48 52 17
48 65 37
48 69 53
49 0 32
49 2 56
49 6 64
49 7 48
49 10 16
49 16 33
49 40 67
49 43 57
49 46 4
49 48 18
49 49 0
49 57 41
49 60 58
49 67 42
50 3 67
50 7 56
50 9 23
50 10 24
50 12 32
50 13 28
50 14 40
50 15 5
50 21 12
50 22 61
50 23 57
50 25 8
50 33 50
50 38 51
50 39 36
50 40 25
50 43 15
50 46 7
50 47 1
50 52 2
50 54 42
50 57 37
50 59 10
50 62 11
50 63 59
50 64 4
51 4 21
51 7 55
51 11 35
51 12 34
51 13 62
51 15 8
51 17 23
51 20 51
51 24 37
51 25 25
51 26 24
51 27 10
51 29 68
51 30 29
51 36 7
51 46 41
51 48 17
51 52 3
51 53 67
51 57 33
51 58 31
51 67 18
52 4 65
52 12 39
52 14 1
52 15 63
52 19 51
52 20 18
52 21 11
52 24 4
52 25 21
52 27 5
52 30 6
52 31 7
52 32 62
52 35 10
52 37 20
52 41 38
52 43 22
52 46 59
52 49 54
52 54 0
52 57 60
52 58 50
52 59 61
52 69 46
53 1 43
53 2 38
53 6 50
53 12 11
53 14 13
53 18 66
53 20 0
53 22 59
53 23 20
53 24 2
53 27 54
53 29 5
53 35 26
53 36 46
53 37 21
53 42 65
53 44 45
53 50 57
53 51 39
53 52 55
53 53 8
53 57 28
53 59 9
53 66 34
54 2 37
54 5 25
54 10 68
54 14 3
54 16 10
54 20 30
54 24 60
54 27 57
54 29 63
54 31 38
54 36 56
54 43 17
54 48 48
54 51 8
54 52 29
54 55 69
54 65 16
54 69 40
55 0 10
55 1 40
55 4 15
55 15 3
55 16 1
55 21 64
55 25 57
55 27 65
55 29 14
55 30 67
55 32 28
55 35 69
55 37 7
55 40 38
55 45 43
55 48 8
55 58 53
55 59 21
55 60 12
55 65 30
55 66 66
56 2 49
56 3 44
56 7 53
56 8 10
56 11 61
56 14 37
56 15 21
56 20 41
56 21 3
56 24 47
56 35 8
56 40 18
56 43 12
56 47 19
56 50 20
56 51 29
56 54 50
56 55 0
56 59 25
56 68 1
56 69 56
57 1 24
57 2 52
57 12 4
57 22 23
57 24 62
57 26 3
57 27 21
57 28 17
57 29 32
57 31 6
57 32 7
57 33 48
57 36 55
57 50 44
57 51 49
57 53 1
57 54 51
57 58 46
57 64 18
57 65 68
57 66 58
57 69 9
58 4 37
58 6 68
58 7 8
58 8 39
58 11 41
58 12 50
58 16 9
58 19 69
58 22 36
58 28 33
58 29 0
58 31 53
58 33 58
58 40 34
58 42 57
58 43 13
58 44 5
58 59 17
59 0 58
59 5 67
59 10 66
59 12 10
59 15 29
59 18 33
59 32 37
59 37 28
59 40 53
59 42 39
59 45 15
59 46 32
59 47 11
59 49 51
59 61 12
59 64 35
59 69 16
60 1 6
60 2 36
60 4 31
60 6 27
60 7 69
60 11 9
60 14 18
60 16 54
60 20 37
60 22 43
60 28 12
60 30 10
60 32 26
60 43 50
60 51 52
60 52 65
60 54 48
60 59 16
60 64 17
60 65 24
60 66 60
61 3 58
61 4 19
61 10 10
61 13 29
61 20 16
61 23 8
61 27 13
61 28 14
61 34 66
61 35 18
61 37 24
61 38 23
61 41 1
61 42 6
61 45 37
61 48 44
61 51 55
61 52 46
61 53 17
61 54 61
61 56 65
61 57 48
61 60 50
61 61 41
61 62 49
61 63 68
62 2 57
62 3 63
62 7 62
62 8 47
62 12 12
62 13 23
62 21 18
62 23 26
62 29 24
62 33 34
62 38 43
62 39 60
62 41 27
62 42 51
62 43 11
62 54 4
62 56 10
62 58 59
62 61 46
62 62 65
62 63 30
62 67 25
62 68 42
62 69 22
63 19 38
63 22 42
63 23 43
63 24 24
63 26 66
63 28 45
63 32 47
63 33 36
63 35 50
63 39 7
63 50 18
63 55 58
63 58 61
63 64 19
63 65 62
63 68 28
63 69 63
64 4 41
64 5 61
64 6 11
64 10 50
64 13 65
64 15 67
64 17 25
64 20 17
64 21 39
64 23 68
64 26 48
64 31 12
64 35 20
64 36 40
64 40 47
64 43 66
64 44 32
64 47 7
64 49 22
64 53 19
64 56 3
64 63 14
64 64 30
64 67 37
64 69 15
65 2 10
65 4 56
65 5 18
65 11 47
65 17 22
65 18 38
65 25 9
65 26 29
65 29 43
65 35 28
65 36 67
65 38 60
65 47 53
65 54 6
65 55 54
65 56 44
65 60 49
65 63 26
66 1 50
66 2 13
66 13 22
66 20 47
66 25 38
66 31 32
66 33 8
66 35 37
66 36 10
66 38 30
66 40 31
66 41 6
66 44 40
66 47 29
66 48 3
66 51 44
66 64 33
66 68 20
66 69 25
67 0 14
67 2 41
67 3 53
67 4 63
67 7 44
67 10 54
67 14 27
67 22 39
67 24 28
67 25 32
67 28 25
67 29 10
67 31 47
67 33 17
67 36 19
67 53 58
67 58 43
67 63 16
67 66 38
68 6 3
68 7 21
68 8 57
68 10 45
68 11 42
68 12 8
68 14 60
68 15 12
68 25 50
68 30 17
68 33 68
68 34 4
68 38 49
68 41 65
68 42 54
68 43 46
68 45 66
68 53 56
68 58 7
68 62 51
68 65 53
68 68 43
69 0 47
69 2 18
69 3 28
69 6 44
69 9 39
69 10 27
69 16 12
69 17 34
69 30 21
69 31 31
69 34 25
69 35 40
69 37 42
69 38 26
69 41 2
69 44 13
69 45 19
69 46 29
69 52 53
69 54 1
69 58 58
69 59 66
69 62 33
69 64 22
69 67 50
69 68 55
