60
0 0 41
0 3 9
0 4 54
0 5 24
0 6 23
0 7 57
0 9 30
0 10 10
0 11 45
0 12 42
0 13 27
0 14 26
0 15 21
0 16 53
0 17 29
0 18 4
0 19 59
0 20 0
0 21 31
0 22 1
0 23 52
0 24 13
0 25 5
0 26 55
0 27 22
0 28 34
0 29 7
0 32 11
0 33 58
0 34 3
0 35 39
0 36 48
0 40 19
0 41 35
0 43 43
0 44 12
0 45 32
0 47 6
0 48 8
0 49 20
0 50 38
0 52 46
0 53 56
0 55 2
0 56 18
0 57 16
0 58 49
0 59 47
1 0 33
1 2 31
1 3 44
1 4 6
1 5 53
1 6 37
1 8 36
1 9 50
1 10 21
1 11 3
1 12 13
1 14 38
1 15 15
1 16 23
1 18 45
1 19 34
1 20 4
1 21 32
1 22 27
1 23 41
1 26 9
1 28 10
1 30 57
1 31 20
1 32 48
1 33 35
1 34 46
1 35 49
1 36 52
1 37 7
1 38 25
1 41 12
1 42 42
1 44 1
1 45 43
1 46 40
1 47 55
1 48 14
1 49 26
1 50 2
1 51 22
1 53 16
1 56 0
1 57 54
1 58 28
1 59 5
2 0 30
2 1 17
2 2 49
2 3 28
2 4 2
2 6 7
2 7 23
2 9 13
2 10 27
2 11 40
2 12 9
2 13 4
2 15 48
2 16 6
2 17 21
2 18 32
2 19 54
2 20 29
2 21 46
2 22 24
2 24 10
2 25 57
2 27 38
2 28 42
2 29 11
2 30 8
2 31 33
2 32 26
2 33 5
2 34 37
2 35 19
2 36 39
2 37 44
2 38 16
2 39 3
2 40 43
2 42 58
2 43 15
2 44 14
2 45 18
2 46 34
2 47 45
2 48 25
2 49 31
2 51 41
2 52 52
2 53 20
2 54 47
2 55 36
2 56 53
2 57 50
2 58 35
2 59 1
3 0 38
3 1 10
3 2 51
3 3 40
3 5 25
3 6 59
3 7 50
3 8 43
3 9 44
3 10 2
3 12 23
3 13 11
3 14 39
3 16 52
3 17 5
3 18 9
3 19 0
3 20 58
3 21 1
3 22 17
3 23 37
3 24 3
3 25 33
3 27 14
3 28 19
3 29 18
3 30 41
3 31 24
3 32 55
3 33 48
3 34 32
3 35 22
3 36 57
3 37 46
3 38 56
3 39 29
3 40 4
3 41 36
3 42 16
3 43 30
3 44 42
3 45 49
3 46 31
3 47 15
3 49 45
3 50 26
3 51 13
3 53 53
3 54 8
3 55 35
3 56 6
3 58 20
4 0 53
4 1 13
4 2 1
4 3 35
4 4 12
4 5 4
4 6 58
4 7 22
4 8 18
4 9 32
4 11 28
4 12 54
4 14 31
4 15 24
4 16 45
4 17 51
4 18 41
4 19 6
4 21 47
4 23 9
4 24 37
4 27 30
4 29 55
4 30 48
4 31 10
4 32 0
4 36 23
4 37 19
4 38 40
4 39 39
4 42 21
4 43 33
4 44 56
4 45 44
4 46 25
4 48 5
4 50 43
4 51 42
4 52 29
4 54 38
4 55 3
4 56 16
4 58 57
4 59 49
5 0 5
5 1 36
5 2 21
5 3 18
5 5 3
5 6 47
5 7 42
5 8 58
5 9 57
5 10 35
5 11 25
5 14 51
5 15 31
5 18 52
5 19 9
5 21 39
5 22 55
5 23 59
5 24 4
5 26 53
5 28 54
5 29 29
5 31 38
5 32 16
5 33 12
5 34 34
5 35 46
5 36 2
5 39 20
5 40 40
5 41 26
5 43 7
5 44 43
5 45 27
5 46 15
5 48 13
5 49 8
5 51 11
5 52 17
5 53 24
5 54 23
5 55 56
5 56 49
5 57 1
5 58 50
5 59 30
6 0 4
6 2 17
6 4 1
6 5 10
6 6 29
6 7 52
6 8 13
6 9 49
6 11 14
6 12 34
6 13 45
6 16 27
6 17 31
6 18 44
6 19 46
6 20 42
6 21 28
6 22 40
6 23 57
6 24 48
6 25 3
6 26 41
6 27 33
6 28 2
6 29 39
6 30 22
6 31 8
6 32 37
6 33 51
6 34 23
6 35 43
6 36 30
6 37 16
6 38 26
6 39 54
6 40 35
6 41 50
6 42 25
6 43 53
6 44 36
6 45 0
6 46 19
6 47 12
6 48 24
6 49 32
6 50 20
6 51 18
6 52 38
6 53 5
6 54 15
6 55 9
6 56 21
6 59 58
7 0 56
7 1 25
7 3 30
7 4 50
7 5 54
7 6 33
7 7 58
7 8 29
7 9 53
7 10 26
7 11 55
7 13 6
7 14 8
7 16 0
7 17 49
7 19 35
7 20 1
7 22 36
7 23 27
7 24 46
7 25 9
7 26 51
7 27 37
7 28 3
7 29 41
7 31 28
7 32 40
7 33 34
7 34 59
7 35 23
7 36 44
7 37 4
7 38 48
7 39 16
7 40 31
7 41 45
7 42 47
7 43 52
7 44 2
7 45 12
7 48 10
7 51 14
7 52 11
7 53 15
7 55 42
7 56 32
7 57 24
7 58 19
7 59 22
8 0 25
8 1 47
8 2 33
8 3 49
8 4 41
8 5 27
8 9 2
8 10 1
8 11 16
8 12 35
8 13 43
8 15 11
8 16 39
8 17 19
8 18 0
8 20 32
8 21 5
8 22 45
8 23 20
8 24 55
8 26 34
8 28 37
8 29 15
8 30 4
8 31 50
8 32 30
8 33 40
8 34 36
8 35 13
8 36 46
8 37 3
8 38 59
8 39 53
8 40 57
8 41 8
8 43 31
8 44 21
8 45 48
8 48 7
8 49 56
8 50 18
8 51 58
8 53 17
8 54 12
8 55 10
8 56 38
8 57 29
8 58 52
8 59 26
9 0 29
9 1 22
9 2 59
9 3 17
9 4 36
9 5 23
9 6 44
9 7 15
9 8 34
9 9 8
9 10 16
9 11 2
9 13 33
9 14 43
9 15 7
9 16 47
9 17 45
9 18 11
9 19 28
9 21 6
9 22 49
9 23 25
9 24 58
9 27 51
9 28 14
9 29 19
9 31 27
9 32 54
9 33 20
9 34 55
9 35 48
9 37 13
9 39 10
9 40 0
9 41 18
9 42 5
9 43 24
9 46 37
9 47 26
9 48 35
9 49 3
9 51 9
9 52 4
9 54 57
9 55 39
9 56 31
9 58 12
9 59 40
10 0 20
10 1 1
10 2 35
10 3 8
10 4 32
10 8 45
10 9 58
10 10 15
10 11 52
10 12 55
10 13 24
10 14 33
10 15 47
10 17 41
10 19 18
10 20 22
10 21 54
10 23 28
10 25 56
10 27 12
10 28 38
10 29 23
10 31 43
10 32 10
10 34 4
10 35 36
10 36 40
10 37 51
10 38 50
10 39 31
10 40 17
10 41 30
10 42 3
10 43 44
10 44 53
10 45 42
10 46 2
10 47 29
10 48 16
10 49 27
10 50 46
10 51 5
10 52 26
10 53 6
10 54 49
10 55 21
10 58 9
10 59 39
11 0 26
11 1 37
11 2 20
11 3 6
11 4 27
11 5 49
11 6 43
11 7 30
11 8 28
11 9 48
11 10 40
11 11 32
11 12 16
11 14 47
11 16 10
11 17 14
11 19 45
11 22 3
11 23 33
11 24 57
11 25 38
11 26 18
11 28 17
11 29 46
11 30 25
11 31 4
11 32 50
11 33 56
11 34 21
11 35 59
11 36 15
11 37 5
11 39 58
11 40 13
11 41 42
11 42 55
11 43 41
11 45 35
11 46 1
11 48 23
11 49 24
11 50 22
11 52 44
11 53 12
11 54 54
11 55 19
11 56 34
11 57 11
11 58 39
12 0 10
12 1 24
12 3 19
12 4 58
12 5 15
12 6 34
12 7 8
12 9 17
12 10 29
12 11 4
12 12 22
12 13 30
12 15 49
12 16 41
12 18 59
12 19 14
12 20 47
12 21 16
12 22 57
12 25 35
12 26 7
12 27 11
12 28 1
12 29 36
12 30 2
12 31 13
12 33 44
12 34 0
12 35 28
12 36 9
12 37 12
12 39 26
12 40 53
12 42 32
12 43 51
12 44 45
12 45 3
12 46 39
12 47 20
12 48 43
12 49 21
12 50 50
12 51 38
12 53 31
12 54 27
12 55 40
12 57 42
12 59 18
13 1 26
13 2 29
13 3 12
13 4 21
13 5 39
13 6 6
13 7 43
13 8 41
13 10 58
13 11 46
13 12 38
13 13 3
13 14 45
13 16 51
13 17 20
13 20 27
13 21 11
13 22 42
13 23 31
13 24 17
13 25 53
13 26 15
13 27 19
13 28 59
13 30 40
13 31 47
13 32 22
13 33 54
13 35 30
13 36 50
13 39 32
13 40 18
13 41 24
13 42 36
13 43 14
13 44 33
13 45 9
13 46 48
13 47 10
13 49 16
13 50 13
13 51 44
13 52 2
13 53 52
13 54 5
13 56 1
13 57 55
13 58 7
13 59 35
14 0 46
14 1 19
14 3 2
14 4 31
14 5 57
14 6 13
14 7 45
14 8 32
14 9 15
14 10 43
14 11 1
14 12 48
14 14 22
14 15 17
14 16 42
14 17 56
14 18 23
14 19 4
14 20 37
14 22 39
14 23 30
14 24 6
14 26 16
14 27 55
14 28 49
14 29 12
14 31 40
14 33 27
14 34 26
14 35 38
14 36 25
14 39 5
14 41 53
14 42 33
14 43 21
14 45 29
14 46 0
14 47 11
14 48 3
14 49 36
14 50 9
14 51 59
14 52 10
14 53 41
14 56 24
14 57 14
14 58 44
14 59 52
15 0 35
15 1 2
15 2 22
15 3 52
15 4 8
15 5 33
15 6 49
15 7 47
15 8 19
15 9 26
15 10 5
15 11 57
15 12 12
15 13 9
15 15 27
15 16 7
15 17 10
15 18 34
15 20 25
15 21 17
15 22 15
15 23 39
15 24 40
15 25 46
15 26 38
15 27 29
15 28 45
15 29 14
15 31 1
15 32 51
15 34 30
15 35 53
15 36 16
15 37 54
15 38 18
15 39 11
15 40 48
15 41 59
15 44 50
15 45 58
15 47 21
15 49 42
15 50 24
15 51 23
15 52 43
15 54 36
15 55 0
15 56 55
15 57 28
15 58 37
15 59 44
16 0 28
16 1 0
16 2 27
16 3 33
16 4 35
16 5 34
16 6 26
16 7 29
16 8 54
16 9 36
16 10 46
16 11 58
16 12 49
16 13 18
16 14 24
16 15 5
16 16 56
16 18 48
16 20 59
16 21 42
16 22 7
16 23 21
16 24 38
16 25 44
16 26 8
16 27 50
16 28 9
16 29 10
16 30 12
16 31 37
16 32 39
16 33 22
16 34 14
16 35 6
16 37 17
16 38 1
16 41 41
16 43 25
16 44 31
16 45 51
16 46 47
16 47 13
16 49 40
16 50 55
16 52 57
16 53 45
16 54 52
16 56 43
16 57 19
16 58 53
16 59 32
17 0 24
17 1 55
17 6 22
17 7 38
17 8 31
17 9 9
17 10 7
17 11 49
17 12 26
17 13 14
17 14 57
17 15 37
17 16 5
17 18 29
17 21 50
17 22 32
17 23 18
17 24 30
17 27 42
17 28 13
17 29 4
17 30 0
17 31 53
17 32 33
17 34 35
17 35 8
17 36 59
17 37 41
17 38 2
17 39 46
17 40 28
17 42 52
17 43 6
17 44 11
17 45 10
17 46 36
17 47 3
17 48 51
17 49 12
17 51 27
17 52 58
17 53 48
17 54 39
17 56 25
17 58 54
17 59 34
18 1 40
18 2 4
18 3 31
18 4 34
18 6 0
18 7 55
18 8 42
18 10 50
18 11 7
18 12 29
18 14 28
18 15 1
18 16 54
18 17 16
18 18 33
18 20 46
18 21 57
18 22 10
18 23 12
18 24 49
18 26 24
18 27 20
18 28 44
18 29 51
18 30 5
18 31 11
18 33 53
18 34 9
18 36 17
18 37 48
18 38 23
18 39 8
18 40 6
18 42 35
18 43 27
18 44 30
18 45 38
18 46 18
18 47 47
18 48 19
18 49 14
18 50 39
18 51 32
18 52 37
18 53 59
18 54 2
18 55 43
18 56 58
18 57 3
18 58 22
18 59 36
19 0 11
19 2 24
19 3 16
19 4 57
19 5 5
19 6 4
19 7 9
19 8 39
19 9 55
19 12 51
19 13 40
19 14 54
19 15 30
19 16 38
19 17 35
19 19 22
19 20 43
19 21 56
19 22 53
19 23 6
19 24 26
19 25 32
19 26 3
19 27 59
19 29 21
19 30 45
19 31 46
19 32 47
19 33 50
19 34 29
19 35 12
19 36 19
19 37 15
19 38 17
19 42 18
19 44 41
19 45 2
19 46 27
19 47 34
19 48 44
19 49 10
19 50 49
19 51 0
19 52 36
19 53 33
19 54 1
19 55 52
19 56 14
19 57 37
19 58 31
19 59 48
20 0 49
20 1 53
20 2 50
20 4 9
20 5 35
20 6 40
20 7 31
20 10 20
20 11 38
20 13 34
20 14 17
20 16 22
20 17 18
20 18 28
20 19 37
20 20 51
20 21 41
20 22 21
20 24 16
20 26 58
20 27 5
20 28 15
20 29 8
20 31 12
20 32 56
20 33 36
20 34 48
20 35 11
20 36 29
20 37 30
20 38 57
20 39 0
20 40 27
20 41 25
20 42 54
20 44 10
20 45 23
20 47 14
20 48 6
20 49 19
20 52 59
20 54 26
20 55 46
20 57 47
20 58 42
20 59 4
21 0 0
21 2 23
21 3 53
21 6 24
21 7 16
21 8 59
21 9 51
21 10 39
21 11 11
21 12 28
21 13 20
21 14 58
21 16 31
21 18 1
21 19 7
21 20 15
21 21 35
21 23 3
21 24 14
21 25 10
21 26 2
21 27 26
21 28 57
21 29 30
21 32 18
21 34 5
21 35 52
21 36 8
21 37 47
21 38 38
21 39 42
21 40 41
21 41 6
21 42 4
21 43 12
21 44 29
21 45 17
21 47 56
21 48 46
21 49 34
21 50 45
21 53 54
21 54 55
21 55 49
21 56 19
21 58 48
22 3 41
22 5 36
22 6 10
22 7 11
22 9 29
22 10 6
22 11 8
22 12 14
22 13 31
22 14 23
22 15 4
22 16 48
22 17 25
22 18 50
22 19 42
22 20 7
22 21 37
22 22 38
22 23 5
22 24 24
22 25 49
22 26 21
22 27 17
22 28 56
22 29 57
22 30 44
22 32 15
22 33 2
22 34 13
22 35 3
22 36 20
22 38 54
22 39 1
22 40 30
22 41 47
22 43 58
22 45 55
22 46 45
22 47 52
22 48 18
22 49 35
22 50 19
22 51 46
22 53 22
22 54 51
22 55 28
22 56 27
23 0 54
23 1 45
23 3 58
23 4 4
23 5 31
23 6 16
23 7 17
23 8 47
23 9 11
23 11 42
23 14 53
23 17 1
23 18 13
23 19 3
23 20 57
23 21 24
23 22 29
23 23 46
23 24 52
23 26 37
23 28 12
23 29 48
23 31 6
23 32 21
23 33 38
23 34 2
23 35 51
23 36 41
23 38 9
23 39 59
23 40 14
23 41 56
23 42 44
23 43 19
23 44 0
23 45 36
23 46 35
23 48 15
23 49 39
23 50 8
23 51 55
23 52 25
23 55 23
23 56 30
23 58 10
23 59 50
24 0 14
24 2 36
24 3 20
24 4 37
24 5 32
24 9 46
24 10 30
24 11 48
24 12 0
24 13 57
24 14 21
24 15 8
24 16 44
24 17 22
24 18 35
24 21 2
24 22 52
24 23 10
24 27 47
24 28 50
24 29 28
24 30 56
24 31 54
24 32 38
24 33 59
24 34 1
24 36 49
24 37 6
24 38 34
24 39 24
24 40 15
24 42 9
24 43 29
24 44 23
24 46 53
24 48 45
24 49 41
24 50 25
24 51 26
24 52 12
24 53 55
24 54 16
24 55 13
24 56 42
24 57 17
24 58 18
24 59 51
25 0 9
25 1 57
25 2 52
25 3 3
25 4 11
25 5 46
25 6 15
25 7 26
25 8 48
25 9 41
25 10 24
25 11 19
25 12 45
25 13 51
25 14 5
25 15 0
25 16 32
25 17 27
25 19 58
25 21 25
25 24 12
25 25 55
25 26 31
25 27 40
25 28 35
25 29 53
25 30 36
25 31 42
25 32 6
25 34 54
25 36 38
25 37 59
25 39 13
25 40 22
25 42 7
25 43 18
25 44 47
25 46 20
25 47 16
25 48 50
25 49 44
25 52 1
25 53 8
25 54 56
25 55 17
25 56 4
25 57 33
25 58 34
25 59 28
26 0 27
26 1 39
26 2 32
26 3 55
26 4 22
26 5 51
26 7 40
26 9 4
26 10 49
26 11 37
26 12 8
26 13 44
26 14 13
26 15 14
26 16 46
26 17 7
26 19 48
26 21 34
26 22 26
26 24 28
26 25 25
26 26 30
26 27 3
26 28 33
26 29 45
26 30 23
26 31 18
26 32 2
26 33 9
26 34 11
26 37 57
26 39 43
26 41 31
26 42 10
26 43 42
26 45 6
26 47 35
26 48 54
26 49 29
26 50 53
26 51 12
26 52 56
26 53 21
26 55 15
26 56 36
26 57 5
26 58 59
26 59 38
27 0 36
27 1 46
27 3 43
27 4 16
27 5 40
27 6 56
27 7 1
27 8 9
27 10 8
27 11 34
27 12 6
27 14 49
27 15 52
27 16 21
27 17 48
27 18 14
27 19 29
27 21 12
27 23 42
27 24 53
27 26 57
27 27 18
27 28 0
27 29 3
27 30 39
27 31 2
27 32 28
27 33 19
27 35 32
27 36 4
27 38 13
27 39 37
27 40 38
27 42 23
27 43 47
27 44 44
27 46 33
27 47 50
27 48 59
27 49 30
27 51 45
27 52 20
27 54 22
27 55 31
27 56 26
27 57 35
27 58 25
27 59 55
28 0 19
28 1 14
28 2 41
28 4 3
28 5 48
28 6 21
28 7 39
28 8 7
28 9 47
28 10 42
28 11 54
28 12 40
28 13 59
28 14 32
28 16 4
28 17 8
28 18 55
28 19 2
28 21 10
28 22 16
28 23 13
28 24 35
28 25 45
28 26 22
28 27 0
28 28 51
28 29 6
28 30 53
28 31 23
28 32 44
28 33 1
28 34 38
28 35 24
28 36 43
28 38 30
28 39 52
28 40 5
28 41 33
28 43 56
28 45 20
28 46 9
28 47 31
28 49 15
28 50 37
28 51 50
28 52 18
28 53 49
28 55 57
28 56 12
28 57 34
29 1 28
29 2 46
29 3 21
29 4 48
29 6 20
29 8 16
29 9 6
29 10 55
29 11 12
29 12 31
29 13 32
29 14 3
29 15 45
29 16 8
29 17 59
29 18 30
29 20 5
29 21 13
29 22 0
29 23 38
29 24 27
29 25 15
29 26 23
29 27 2
29 28 22
29 29 58
29 30 42
29 31 36
29 32 52
29 34 33
29 36 54
29 37 35
29 38 24
29 39 44
29 40 10
29 41 51
29 42 17
29 43 4
29 44 34
29 45 47
29 46 11
29 48 57
29 49 1
29 50 41
29 51 19
29 52 7
29 55 18
29 56 29
29 57 40
29 59 43
30 0 42
30 1 54
30 2 6
30 3 34
30 4 28
30 5 2
30 6 48
30 7 3
30 8 57
30 9 18
30 10 17
30 11 51
30 12 32
30 13 21
30 14 56
30 15 58
30 16 25
30 18 22
30 19 43
30 20 20
30 21 45
30 22 8
30 23 40
30 24 19
30 25 1
30 26 10
30 27 49
30 28 47
30 29 59
30 30 27
30 31 30
30 33 13
30 34 15
30 35 5
30 36 26
30 37 33
30 38 31
30 40 12
30 42 46
30 44 35
30 45 50
30 46 14
30 48 52
30 49 4
30 51 29
30 52 53
30 55 41
30 56 39
30 57 36
30 58 38
30 59 16
31 0 52
31 1 9
31 2 25
31 3 50
31 4 17
31 6 30
31 7 20
31 10 31
31 11 59
31 12 53
31 13 35
31 14 46
31 15 26
31 16 40
31 19 24
31 20 48
31 21 22
31 22 58
31 23 4
31 24 47
31 25 28
31 26 19
31 27 13
31 28 5
31 29 42
31 30 43
31 31 29
31 32 27
31 33 18
31 34 39
31 35 44
31 36 21
31 37 11
31 40 16
31 41 2
31 43 8
31 46 51
31 47 0
31 49 33
31 50 3
31 51 36
31 53 7
31 54 41
31 55 45
31 56 37
31 57 56
31 58 15
31 59 23
32 0 32
32 2 15
32 4 26
32 6 46
32 8 6
32 10 4
32 11 56
32 12 59
32 13 7
32 14 19
32 15 44
32 16 17
32 18 38
32 19 41
32 20 11
32 21 55
32 22 43
32 23 47
32 24 8
32 26 36
32 27 57
32 28 18
32 29 35
32 30 29
32 31 31
32 32 58
32 33 33
32 35 1
32 36 14
32 37 2
32 38 27
32 39 49
32 41 22
32 42 50
32 43 28
32 44 39
32 46 3
32 47 9
32 48 0
32 49 13
32 51 34
32 52 48
32 53 25
32 54 21
32 55 54
32 56 51
32 57 23
32 58 30
32 59 42
33 0 18
33 1 21
33 2 26
33 3 13
33 4 46
33 6 2
33 8 4
33 9 1
33 11 43
33 12 47
33 13 16
33 14 15
33 15 22
33 16 49
33 17 37
33 18 19
33 19 50
33 20 44
33 22 51
33 23 55
33 25 40
33 26 27
33 27 45
33 28 48
33 29 54
33 30 59
33 31 35
33 33 24
33 34 31
33 35 0
33 36 34
33 37 8
33 38 10
33 39 17
33 41 7
33 42 6
33 43 32
33 47 33
33 48 42
33 49 23
33 50 36
33 51 57
33 52 30
33 53 58
33 54 53
33 55 14
33 56 52
33 57 20
33 58 11
33 59 56
34 0 23
34 1 35
34 2 43
34 4 53
34 5 11
34 6 12
34 8 38
34 9 14
34 11 30
34 12 15
34 13 28
34 14 42
34 16 9
34 17 52
34 18 54
34 19 32
34 20 40
34 21 59
34 22 33
34 23 48
34 27 41
34 28 39
34 29 16
34 30 24
34 31 56
34 32 31
34 33 25
34 35 2
34 36 6
34 37 27
34 38 51
34 39 36
34 40 3
34 41 20
34 43 5
34 44 4
34 46 26
34 47 18
34 48 47
34 49 50
34 51 1
34 53 46
34 54 7
34 56 10
34 57 57
34 58 55
35 0 55
35 1 52
35 2 13
35 3 22
35 4 56
35 5 58
35 6 35
35 7 14
35 9 25
35 10 0
35 11 39
35 12 21
35 13 50
35 14 1
35 15 6
35 16 36
35 17 2
35 18 20
35 19 30
35 22 18
35 23 23
35 24 29
35 25 48
35 26 40
35 27 10
35 28 46
35 29 24
35 30 28
35 31 51
35 34 16
35 35 9
35 36 27
35 37 26
35 38 3
35 39 12
35 40 44
35 41 11
35 42 53
35 43 54
35 44 17
35 45 7
35 46 42
35 47 49
35 48 37
35 49 38
35 50 34
35 52 31
35 53 57
35 54 4
35 55 59
35 56 15
35 57 45
35 58 32
35 59 19
36 0 1
36 2 8
36 3 37
36 4 14
36 5 19
36 7 35
36 9 33
36 10 52
36 11 13
36 13 38
36 14 59
36 15 42
36 18 40
36 20 49
36 21 48
36 22 2
36 23 43
36 24 50
36 25 4
36 26 28
36 27 25
36 28 24
36 30 11
36 31 7
36 32 5
36 33 31
36 36 53
36 39 9
36 40 51
36 41 3
36 43 45
36 45 34
36 47 41
36 50 47
36 53 36
36 54 29
36 56 44
36 58 46
36 59 15
37 0 43
37 1 8
37 2 14
37 3 57
37 4 59
37 5 18
37 6 41
37 7 5
37 8 20
37 9 31
37 10 34
37 11 23
37 12 37
37 13 0
37 14 25
37 16 1
37 17 33
37 18 21
37 21 30
37 22 9
37 23 11
37 24 36
37 25 2
37 26 29
37 27 6
37 28 32
37 29 38
37 30 35
37 31 49
37 32 19
37 33 16
37 34 47
37 35 4
37 36 7
37 37 40
37 38 39
37 39 27
37 40 54
37 41 46
37 42 12
37 43 55
37 44 24
37 45 28
37 46 58
37 47 22
37 48 56
37 49 52
37 50 48
37 51 15
37 55 26
37 57 51
37 58 45
37 59 13
38 0 17
38 1 41
38 2 0
38 3 23
38 5 7
38 6 1
38 7 12
38 8 56
38 9 37
38 11 44
38 12 11
38 13 13
38 14 29
38 15 57
38 16 24
38 17 50
38 18 27
38 19 38
38 20 52
38 21 40
38 22 59
38 23 26
38 25 51
38 26 46
38 28 55
38 29 34
38 31 22
38 32 42
38 33 32
38 35 10
38 36 3
38 37 25
38 38 5
38 39 28
38 40 47
38 41 54
38 42 2
38 43 35
38 44 6
38 45 8
38 46 49
38 47 53
38 48 36
38 49 9
38 50 4
38 52 15
38 53 19
38 54 14
38 55 48
38 56 33
38 57 31
38 58 43
38 59 21
39 5 16
39 6 17
39 7 13
39 9 10
39 10 19
39 11 22
39 13 52
39 14 35
39 15 20
39 16 30
39 17 54
39 18 31
39 19 12
39 20 55
39 21 9
39 22 56
39 23 53
39 24 41
39 26 50
39 28 27
39 29 26
39 30 49
39 31 34
39 32 14
39 33 23
39 34 18
39 35 21
39 36 5
39 37 58
39 38 42
39 39 15
39 41 1
39 42 8
39 44 59
39 45 25
39 46 44
39 47 38
39 48 29
39 49 47
39 50 28
39 51 51
39 52 45
39 53 39
39 54 3
39 55 7
39 56 57
39 57 32
39 58 36
39 59 2
40 0 7
40 1 42
40 2 11
40 3 5
40 4 29
40 5 43
40 6 57
40 7 28
40 8 0
40 9 16
40 10 25
40 11 36
40 12 2
40 13 53
40 14 40
40 15 3
40 16 58
40 17 17
40 18 24
40 19 23
40 20 8
40 23 14
40 25 50
40 26 45
40 27 9
40 28 30
40 29 37
40 30 15
40 32 13
40 34 56
40 37 20
40 38 52
40 39 21
40 41 48
40 43 1
40 45 19
40 49 6
40 50 31
40 51 49
40 52 34
40 53 27
40 54 35
40 56 22
40 58 4
40 59 10
41 0 22
41 1 6
41 2 18
41 3 27
41 4 20
41 5 47
41 6 32
41 7 10
41 8 15
41 9 12
41 10 57
41 11 50
41 12 25
41 14 30
41 15 41
41 18 2
41 19 1
41 21 38
41 22 14
41 23 35
41 24 9
41 25 26
41 26 49
41 29 56
41 30 16
41 32 45
41 34 28
41 35 31
41 37 24
41 38 58
41 39 19
41 40 23
41 42 34
41 43 36
41 44 51
41 47 8
41 48 11
41 49 5
41 51 39
41 52 21
41 53 42
41 54 33
41 55 37
41 56 46
41 57 4
41 58 29
41 59 7
42 0 8
42 1 49
42 2 3
42 3 38
42 4 44
42 5 0
42 7 21
42 9 20
42 13 23
42 14 6
42 15 50
42 17 26
42 19 11
42 20 28
42 21 18
42 22 5
42 23 16
42 25 22
42 26 42
42 27 36
42 28 58
42 29 52
42 30 47
42 31 19
42 34 12
42 35 45
42 36 32
42 38 41
42 39 2
42 40 9
42 41 34
42 42 1
42 44 15
42 45 31
42 46 17
42 47 4
42 48 27
42 49 25
42 50 56
42 52 54
42 53 35
42 54 59
42 55 55
42 56 48
42 57 43
42 58 13
42 59 57
43 1 51
43 2 2
43 3 0
43 4 13
43 5 29
43 6 27
43 7 59
43 8 8
43 9 42
43 10 38
43 11 9
43 12 5
43 13 48
43 14 4
43 15 36
43 16 55
43 19 31
43 20 12
43 21 3
43 22 41
43 24 25
43 26 44
43 29 43
43 30 26
43 31 14
43 33 37
43 36 35
43 38 22
43 39 56
43 40 1
43 41 16
43 42 57
43 43 11
43 44 46
43 45 33
43 47 30
43 48 53
43 50 32
43 52 23
43 53 18
43 54 24
43 55 47
43 56 7
43 57 52
43 58 21
44 0 15
44 1 31
44 2 55
44 3 11
44 4 51
44 5 30
44 6 5
44 8 17
44 9 34
44 10 56
44 12 36
44 13 22
44 14 20
44 16 26
44 17 46
44 18 12
44 19 57
44 20 18
44 22 6
44 23 7
44 24 44
44 25 58
44 26 59
44 27 4
44 30 52
44 31 3
44 32 9
44 33 10
44 34 27
44 35 42
44 36 45
44 37 21
44 38 28
44 39 14
44 40 29
44 43 23
44 45 40
44 46 16
44 47 48
44 48 2
44 49 43
44 50 35
44 53 37
44 54 13
44 55 38
44 56 50
44 57 25
44 58 1
44 59 24
45 1 12
45 2 19
45 3 36
45 5 17
45 6 31
45 7 37
45 8 46
45 9 7
45 10 41
45 11 5
45 13 8
45 14 14
45 16 16
45 17 58
45 18 51
45 19 27
45 20 56
45 22 4
45 23 2
45 25 18
45 26 0
45 27 43
45 29 13
45 30 9
45 31 59
45 32 35
45 33 55
45 34 44
45 36 22
45 37 52
45 38 32
45 39 50
45 40 26
45 41 21
45 43 49
45 44 40
45 45 30
45 46 10
45 47 54
45 48 39
45 49 53
45 50 42
45 52 33
45 53 1
45 55 6
45 57 48
45 58 24
45 59 20
46 0 39
46 1 23
46 2 12
46 3 47
46 4 18
46 6 45
46 7 6
46 8 55
46 9 21
46 11 17
46 12 41
46 13 49
46 14 2
46 15 35
46 16 29
46 17 42
46 19 36
46 20 34
46 21 14
46 22 19
46 23 54
46 24 56
46 25 27
46 26 33
46 27 1
46 28 28
46 29 5
46 30 50
46 31 0
46 32 8
46 33 52
46 34 43
46 35 15
46 36 13
46 37 32
46 38 11
46 39 38
46 40 37
46 41 4
46 42 26
46 45 46
46 48 58
46 49 57
46 50 40
46 52 3
46 53 10
46 54 31
46 56 20
46 58 51
46 59 59
47 0 51
47 2 16
47 3 48
47 4 23
47 5 26
47 6 28
47 7 27
47 8 30
47 9 52
47 10 14
47 12 58
47 14 37
47 15 19
47 16 59
47 17 13
47 19 47
47 20 10
47 21 15
47 22 44
47 24 54
47 25 29
47 26 1
47 27 8
47 28 4
47 30 38
47 31 55
47 32 17
47 33 21
47 34 53
47 35 25
47 37 36
47 38 49
47 39 18
47 40 33
47 42 45
47 43 50
47 44 22
47 45 11
47 46 43
47 47 42
47 48 12
47 49 2
47 50 57
47 51 24
47 52 40
47 53 34
47 54 9
47 55 20
47 56 41
47 57 39
48 0 12
48 1 29
48 2 57
48 3 51
48 4 10
48 5 37
48 6 38
48 7 0
48 8 52
48 9 27
48 10 47
48 11 26
48 12 19
48 13 39
48 14 44
48 16 50
48 17 15
48 18 53
48 19 55
48 20 41
48 21 33
48 22 23
48 23 17
48 24 42
48 25 59
48 26 13
48 29 20
48 30 14
48 31 16
48 32 36
48 33 45
48 34 40
48 35 54
48 36 28
48 37 18
48 38 6
48 39 30
48 40 34
48 41 58
48 42 31
48 43 48
48 44 9
48 45 24
48 46 56
48 47 1
48 48 4
48 51 21
48 52 49
48 53 11
48 54 25
48 55 22
48 56 2
48 58 3
48 59 46
49 0 31
49 1 7
49 2 56
49 3 29
49 4 39
49 5 55
49 7 36
49 10 51
49 11 18
49 12 30
49 13 37
49 14 10
49 16 13
49 17 34
49 19 53
49 20 2
49 21 44
49 23 45
49 24 15
49 28 16
49 29 9
49 31 57
49 32 43
49 33 42
49 34 24
49 35 35
49 36 58
49 37 1
49 38 47
49 39 6
49 40 50
49 43 38
49 44 48
49 45 26
49 46 52
49 47 46
49 48 21
49 49 49
49 51 33
49 52 0
49 54 11
49 57 59
49 58 27
50 2 47
50 3 26
50 4 45
50 5 52
50 10 12
50 11 0
50 12 10
50 13 42
50 14 18
50 15 16
50 16 20
50 17 32
50 18 36
50 20 38
50 22 54
50 23 8
50 24 51
50 26 43
50 27 27
50 28 21
50 29 1
50 30 30
50 32 53
50 35 37
50 36 31
50 37 55
50 40 56
50 41 57
50 42 40
50 43 9
50 44 49
50 45 14
50 46 7
50 47 44
50 48 41
50 49 46
50 51 48
50 52 50
50 53 23
50 54 17
50 55 29
50 56 5
50 57 15
50 58 33
50 59 3
51 0 57
51 1 32
51 3 39
51 4 49
51 5 6
51 6 50
51 7 4
51 8 2
51 9 45
51 11 29
51 12 43
51 13 56
51 16 19
51 17 12
51 18 3
51 19 52
51 20 35
51 22 30
51 23 24
51 24 1
51 25 14
51 26 54
51 27 15
51 28 53
51 29 40
51 30 10
51 31 5
51 33 41
51 35 18
51 37 31
51 38 44
51 39 47
51 40 36
51 42 59
51 43 26
51 44 13
51 45 16
51 46 21
51 47 7
51 48 9
51 49 37
51 54 48
51 55 25
51 56 17
51 58 8
51 59 11
52 0 37
52 1 4
52 2 34
52 3 25
52 4 38
52 5 41
52 6 42
52 8 27
52 9 59
52 12 39
52 13 1
52 14 12
52 15 51
52 17 9
52 18 16
52 20 19
52 25 23
52 26 11
52 27 24
52 28 31
52 29 33
52 31 52
52 32 20
52 33 8
52 36 36
52 37 56
52 38 7
52 39 35
52 42 0
52 43 46
52 47 17
52 49 22
52 50 30
52 52 28
52 53 29
52 57 53
52 58 26
52 59 45
53 0 58
53 1 43
53 2 39
53 3 54
53 4 40
53 5 1
53 6 11
53 7 46
53 8 53
53 9 0
53 10 13
53 11 41
53 13 25
53 15 59
53 16 15
53 17 24
53 18 26
53 19 8
53 20 16
53 21 20
53 22 28
53 23 51
53 24 32
53 26 35
53 27 23
53 28 6
53 29 2
53 32 34
53 33 7
53 34 52
53 36 18
53 37 49
53 38 55
53 39 57
53 40 21
53 41 44
53 42 37
53 43 10
53 44 19
53 50 14
53 51 47
53 52 5
53 53 30
53 54 42
53 55 27
53 56 9
53 58 56
53 59 12
54 0 2
54 1 16
54 2 9
54 4 5
54 5 8
54 8 11
54 9 19
54 10 45
54 11 47
54 12 50
54 13 55
54 14 0
54 15 13
54 16 12
54 17 4
54 19 10
54 20 3
54 21 53
54 23 36
54 25 31
54 27 32
54 28 52
54 29 44
54 32 57
54 33 46
54 34 49
54 36 24
54 37 38
54 38 21
54 40 42
54 41 15
54 42 48
54 43 17
54 44 37
54 45 41
54 46 59
54 47 43
54 48 33
54 50 27
54 51 6
54 52 35
54 53 14
54 56 28
54 57 18
54 58 23
54 59 29
55 0 47
55 1 18
55 2 45
55 3 7
55 6 36
55 7 51
55 8 14
55 10 3
55 11 24
55 12 4
55 13 10
55 14 11
55 16 2
55 17 23
55 18 49
55 19 26
55 20 50
55 21 8
55 22 12
55 23 1
55 24 21
55 25 0
55 26 48
55 27 16
55 30 6
55 31 15
55 32 32
55 33 29
55 35 57
55 36 37
55 38 46
55 40 20
55 41 38
55 42 30
55 43 39
55 44 5
55 45 59
55 46 22
55 47 19
55 48 55
55 52 9
55 53 40
55 54 34
55 55 53
55 56 35
56 0 44
56 1 30
56 2 58
56 4 42
56 6 18
56 7 19
56 9 35
56 10 54
56 12 46
56 15 23
56 16 11
56 18 15
56 19 33
56 20 39
56 21 52
56 22 13
56 23 29
56 24 59
56 25 24
56 26 25
56 27 56
56 28 26
56 29 22
56 30 1
56 31 21
56 32 3
56 33 57
56 34 50
56 35 41
56 36 47
56 37 53
56 38 4
56 39 48
56 41 43
56 42 27
56 43 16
56 44 20
56 45 45
56 46 12
56 47 2
56 49 55
56 50 6
56 51 37
56 52 51
56 54 28
56 55 34
56 56 8
56 59 9
57 1 44
57 3 42
57 4 24
57 5 50
57 6 53
57 7 25
57 8 37
57 10 59
57 11 6
57 12 17
57 14 48
57 16 35
57 18 18
57 19 13
57 20 26
57 21 19
57 22 46
57 23 58
57 24 43
57 25 11
57 26 52
57 27 31
57 28 36
57 29 49
57 32 1
57 36 55
57 37 29
57 38 0
57 39 45
57 40 32
57 41 23
57 42 20
57 44 54
57 45 22
57 46 8
57 47 5
57 48 38
57 49 51
57 50 15
57 52 14
57 53 9
57 54 10
57 55 33
57 57 27
57 58 2
57 59 41
58 0 48
58 1 38
58 2 10
58 3 56
58 4 19
58 5 14
58 6 55
58 7 33
58 8 21
58 9 43
58 11 27
58 12 18
58 14 16
58 15 54
58 16 34
58 17 28
58 19 44
58 20 30
58 22 31
58 25 39
58 26 6
58 27 52
58 28 29
58 29 50
58 30 17
58 31 9
58 32 4
58 33 26
58 34 42
58 35 20
58 36 12
58 38 8
58 40 45
58 42 51
58 45 53
58 46 13
58 47 57
58 48 40
58 49 59
58 50 1
58 51 35
58 52 24
58 53 47
58 54 46
58 56 23
58 57 2
58 58 41
59 2 28
59 3 24
59 7 44
59 8 3
59 9 39
59 10 33
59 11 53
59 12 7
59 14 27
59 15 12
59 17 38
59 19 20
59 20 54
59 21 58
59 22 35
59 23 34
59 24 31
59 25 36
59 27 21
59 28 23
59 30 19
59 31 17
59 34 25
59 35 40
59 36 10
59 37 42
59 38 15
59 39 4
59 41 29
59 42 56
59 43 57
59 44 26
59 45 1
59 46 46
59 47 37
59 49 18
59 51 52
59 52 41
59 53 13
59 54 32
59 55 8
59 56 11
59 58 16
59 59 6
