70
0 6 53
0 12 31
0 15 16
0 17 58
0 18 14
0 20 2
0 23 57
0 27 18
0 33 43
0 42 0
0 43 56
0 44 35
0 46 21
0 49 45
0 53 15
0 56 62
0 62 8
1 1 4
1 12 26
1 17 66
1 19 17
1 29 25
1 40 14
1 54 63
1 59 23
1 64 20
1 65 55
1 66 3
1 68 41
2 0 45
2 11 49
2 16 41
2 20 52
2 22 42
2 28 43
2 32 38
2 35 9
2 37 40
2 45 63
2 49 21
2 51 66
2 53 26
2 56 29
2 57 48
2 60 14
2 65 2
3 4 29
3 21 43
3 31 33
3 32 13
3 34 31
3 36 57
3 42 54
3 46 37
3 48 46
3 49 19
3 54 48
3 56 11
3 63 51
3 67 25
3 69 35
4 1 10
4 4 68
4 6 66
4 8 47
4 10 35
4 15 9
4 17 19
4 32 11
4 33 5
4 37 0
4 38 54
4 42 22
4 43 23
4 45 58
4 46 4
4 49 56
4 64 48
4 67 53
4 68 63
5 0 29
5 7 11
5 11 13
5 13 33
5 14 31
5 16 27
5 19 26
5 21 17
5 26 62
5 27 41
5 31 30
5 35 12
5 37 15
5 39 50
5 44 10
5 47 25
5 54 39
5 56 44
5 57 57
5 59 40
5 64 4
5 65 47
5 68 6
6 6 0
6 8 53
6 10 32
6 13 58
6 15 4
6 16 20
6 19 54
6 21 66
6 23 48
6 30 29
6 39 60
6 42 17
6 43 52
6 51 31
6 53 51
6 59 5
6 62 1
6 66 23
6 69 25
7 3 65
7 4 5
7 7 19
7 8 44
7 9 3
7 10 51
7 11 38
7 14 54
7 15 10
7 19 56
7 22 33
7 23 23
7 27 14
7 28 50
7 30 8
7 33 67
7 41 18
7 43 6
7 44 20
7 45 41
7 53 13
7 55 45
7 57 0
7 58 34
7 67 17
8 1 14
8 2 60
8 6 43
8 8 58
8 10 5
8 12 67
8 19 0
8 23 56
8 29 4
8 30 18
8 39 15
8 44 44
8 49 27
8 51 2
8 58 11
8 59 38
8 61 53
8 63 49
8 64 59
8 66 45
9 1 43
9 3 8
9 8 19
9 9 22
9 15 48
9 16 37
9 17 61
9 18 52
9 25 42
9 27 45
9 30 46
9 31 65
9 40 29
9 41 30
9 50 39
9 54 41
9 55 4
9 59 27
9 64 9
9 67 7
9 68 1
10 1 47
10 3 51
10 8 35
10 9 57
10 13 55
10 14 41
10 16 38
10 27 24
10 31 8
10 32 28
10 35 48
10 36 56
10 39 61
10 47 13
10 48 40
10 53 3
10 54 33
10 56 45
10 57 18
10 58 14
10 60 46
10 64 63
10 69 37
11 0 51
11 4 21
11 6 56
11 9 30
11 10 37
11 12 34
11 20 33
11 24 68
11 28 61
11 29 66
11 30 57
11 31 24
11 40 48
11 48 31
11 49 6
11 50 63
11 53 17
11 54 19
11 56 27
11 61 40
11 63 18
12 2 49
12 4 53
12 6 13
12 10 64
12 11 29
12 12 22
12 14 58
12 16 8
12 26 42
12 30 26
12 33 48
12 35 60
12 37 36
12 39 34
12 40 28
12 41 27
12 45 51
12 52 57
12 56 17
12 62 54
12 65 67
12 66 4
12 67 63
13 4 15
13 6 59
13 8 40
13 11 34
13 13 52
13 17 8
13 20 16
13 21 54
13 22 11
13 24 10
13 25 47
13 26 69
13 30 60
13 31 32
13 36 1
13 40 67
13 43 64
13 49 42
13 54 38
13 58 46
13 60 66
13 61 61
13 64 2
13 65 62
13 68 50
14 1 65
14 3 15
14 5 31
14 9 21
14 14 42
14 15 44
14 20 26
14 22 57
14 24 37
14 25 38
14 26 68
14 30 23
14 35 53
14 37 46
14 38 27
14 40 49
14 41 62
14 46 39
14 47 20
14 51 43
14 53 14
14 61 25
14 65 69
14 66 54
14 69 24
15 0 10
15 1 51
15 2 41
15 3 22
15 4 2
15 7 8
15 9 12
15 17 47
15 19 5
15 20 27
15 25 69
15 26 19
15 33 6
15 35 13
15 36 7
15 39 57
15 43 38
15 44 52
15 52 21
15 55 54
15 63 65
15 68 30
16 3 23
16 4 42
16 8 48
16 11 32
16 16 10
16 23 9
16 26 55
16 31 27
16 33 69
16 37 58
16 39 51
16 44 63
16 50 33
16 52 8
16 60 2
16 61 28
16 63 47
16 65 56
16 67 41
16 69 65
17 7 13
17 9 1
17 10 49
17 20 63
17 25 36
17 27 9
17 28 37
17 30 55
17 46 14
17 47 8
17 48 32
17 52 12
17 54 47
17 56 6
17 61 56
17 62 21
17 67 48
17 68 53
17 69 17
18 2 24
18 6 6
18 9 35
18 12 53
18 13 29
18 19 64
18 22 3
18 23 7
18 25 56
18 27 28
18 33 17
18 36 12
18 38 1
18 39 45
18 41 21
18 43 68
18 46 54
18 51 22
18 66 57
18 67 67
18 69 26
19 1 21
19 2 18
19 4 41
19 6 8
19 8 67
19 9 6
19 11 65
19 13 50
19 17 11
19 19 62
19 33 35
19 37 7
19 39 3
19 42 47
19 43 48
19 44 64
19 46 49
19 48 12
19 55 34
19 58 17
19 61 27
19 62 22
19 63 56
19 65 0
19 67 39
19 69 45
20 4 64
20 12 27
20 13 2
20 16 51
20 19 52
20 20 24
20 22 66
20 27 13
20 32 49
20 37 18
20 43 34
20 44 33
20 45 39
20 47 4
20 48 15
20 59 31
20 63 20
20 65 54
21 0 37
21 4 47
21 9 20
21 13 12
21 16 32
21 18 53
21 26 22
21 28 7
21 35 6
21 36 27
21 40 31
21 42 11
21 51 65
21 55 41
21 60 28
21 61 13
21 63 0
21 64 3
21 67 43
21 68 24
21 69 57
22 2 55
22 3 58
22 4 20
22 5 11
22 6 47
22 10 18
22 15 7
22 17 65
22 18 9
22 23 40
22 24 25
22 38 35
22 40 3
22 41 56
22 43 27
22 45 12
22 46 51
22 47 23
22 51 29
22 57 53
22 60 4
22 65 66
22 66 34
23 0 24
23 15 13
23 26 45
23 27 68
23 36 31
23 38 49
23 39 58
23 42 34
23 45 61
23 50 42
23 60 50
23 63 38
23 65 4
24 6 28
24 14 5
24 15 42
24 17 53
24 21 20
24 27 26
24 31 43
24 43 1
24 47 66
24 49 68
24 50 52
24 53 7
24 57 16
24 60 40
24 61 17
24 66 11
24 68 62
25 0 55
25 1 32
25 2 30
25 7 53
25 10 66
25 11 1
25 14 4
25 15 33
25 19 28
25 24 7
25 25 20
25 28 46
25 29 56
25 34 3
25 36 35
25 37 38
25 42 18
25 45 22
25 49 26
25 53 42
25 54 17
25 57 14
25 60 69
25 61 63
25 68 36
26 2 57
26 5 49
26 7 45
26 9 26
26 10 62
26 14 23
26 16 44
26 17 5
26 19 53
26 22 1
26 23 66
26 25 2
26 26 21
26 27 65
26 31 17
26 32 18
26 34 33
26 39 46
26 44 3
26 45 34
26 48 14
26 52 67
26 55 27
26 59 63
26 60 25
26 61 4
26 63 48
26 68 69
27 4 16
27 5 67
27 8 5
27 9 43
27 14 60
27 15 45
27 16 1
27 22 63
27 23 61
27 27 11
27 28 8
27 29 18
27 30 38
27 32 4
27 34 0
27 35 17
27 38 52
27 39 10
27 40 64
27 46 55
27 52 30
27 55 24
27 56 56
27 59 62
27 61 32
27 67 6
27 68 23
28 3 5
28 19 34
28 20 51
28 21 65
28 27 67
28 28 39
28 29 63
28 34 69
28 36 29
28 40 11
28 42 3
28 43 49
28 44 41
28 46 48
28 49 52
28 56 37
28 57 33
28 60 35
28 65 26
28 68 21
29 0 57
29 1 37
29 5 21
29 6 3
29 8 17
29 10 65
29 11 15
29 14 27
29 15 25
29 20 28
29 21 33
29 23 51
29 24 2
29 29 54
29 36 5
29 40 19
29 44 62
29 50 29
29 52 40
29 53 31
29 54 20
29 57 30
29 60 42
29 63 10
29 65 13
29 66 46
29 67 23
30 2 17
30 11 60
30 16 46
30 17 41
30 19 21
30 22 8
30 25 16
30 27 55
30 33 3
30 40 9
30 41 44
30 42 37
30 44 19
30 45 40
30 47 65
30 51 47
30 68 58
31 3 41
31 5 12
31 13 66
31 16 35
31 25 3
31 26 6
31 29 2
31 37 5
31 38 33
31 40 58
31 46 27
31 50 20
31 51 69
31 55 51
31 58 36
31 64 26
32 5 30
32 16 34
32 17 62
32 18 31
32 24 33
32 26 53
32 31 55
32 32 67
32 34 45
32 42 1
32 50 18
32 58 0
32 68 47
32 69 61
33 7 14
33 8 68
33 9 67
33 10 46
33 13 17
33 17 4
33 21 11
33 32 41
33 42 26
33 43 50
33 47 64
33 53 63
33 54 62
33 56 65
33 61 44
33 62 6
33 63 60
33 64 56
33 65 12
33 67 0
34 4 52
34 6 51
34 7 18
34 18 44
34 20 3
34 23 47
34 27 54
34 28 17
34 30 16
34 37 34
34 43 62
34 49 46
34 53 10
34 54 4
34 55 63
34 57 31
34 59 21
34 67 33
35 6 2
35 8 34
35 11 37
35 15 31
35 16 21
35 20 41
35 27 64
35 40 59
35 43 14
35 47 1
35 56 52
35 57 67
35 59 12
36 0 21
36 2 63
36 5 65
36 7 50
36 9 9
36 10 2
36 19 4
36 22 54
36 24 19
36 27 12
36 29 32
36 36 68
36 37 44
36 38 59
36 41 17
36 43 8
36 44 60
36 46 31
36 47 42
36 48 29
36 50 24
36 51 34
36 52 64
36 56 69
36 58 41
36 59 18
36 60 30
36 63 25
37 1 33
37 3 25
37 6 48
37 9 68
37 10 69
37 13 15
37 14 62
37 17 56
37 19 65
37 20 37
37 22 50
37 23 21
37 24 23
37 25 28
37 35 31
37 36 63
37 41 10
37 46 60
37 48 13
37 49 53
37 55 22
37 56 7
37 58 18
37 63 11
37 64 64
38 6 39
38 8 22
38 11 18
38 16 40
38 19 24
38 25 46
38 26 56
38 28 57
38 30 32
38 33 45
38 34 25
38 36 48
38 41 51
38 47 69
38 51 10
38 52 33
38 55 0
38 62 65
38 67 20
39 0 14
39 4 36
39 6 16
39 7 58
39 8 56
39 12 17
39 15 66
39 17 6
39 18 40
39 20 62
39 24 11
39 29 20
39 31 35
39 34 32
39 40 5
39 43 24
39 45 9
39 54 10
39 55 68
39 62 60
39 67 42
40 3 31
40 5 57
40 6 49
40 7 69
40 8 59
40 10 1
40 14 21
40 18 8
40 22 46
40 23 52
40 26 67
40 27 6
40 28 19
40 34 17
40 42 68
40 45 2
40 51 32
40 52 9
40 54 44
40 55 26
40 56 35
40 60 56
40 67 58
40 68 0
41 0 61
41 1 27
41 4 49
41 5 5
41 13 23
41 17 45
41 20 58
41 21 48
41 22 0
41 31 53
41 42 24
41 44 68
41 47 3
41 48 6
41 49 50
41 50 47
41 53 9
41 54 54
41 61 69
41 63 41
41 66 63
42 6 15
42 9 31
42 13 8
42 15 12
42 16 43
42 18 47
42 20 53
42 21 57
42 26 44
42 32 62
42 33 54
42 35 37
42 36 3
42 37 6
42 40 42
42 43 0
42 49 13
42 50 60
42 53 22
42 60 9
42 67 10
43 5 2
43 11 47
43 14 49
43 17 63
43 19 6
43 20 8
43 25 57
43 26 4
43 31 52
43 35 25
43 36 17
43 38 24
43 39 65
43 42 29
43 47 61
43 48 34
43 50 51
43 54 58
43 58 68
43 59 53
43 60 18
43 62 41
43 63 45
43 65 7
44 1 67
44 3 62
44 9 37
44 10 12
44 11 21
44 14 61
44 21 5
44 24 47
44 27 27
44 31 14
44 37 56
44 46 52
44 48 50
44 53 40
44 54 57
44 63 28
44 65 35
45 2 40
45 5 51
45 6 46
45 11 67
45 12 38
45 22 43
45 24 27
45 28 4
45 30 12
45 32 64
45 34 49
45 37 42
45 38 39
45 44 14
45 47 45
45 50 55
45 54 5
45 58 47
45 59 25
45 67 60
46 1 52
46 2 27
46 18 22
46 21 25
46 22 19
46 24 66
46 28 59
46 31 47
46 33 44
46 34 9
46 36 36
46 44 23
46 45 30
46 47 37
46 49 20
46 53 49
46 55 3
46 56 48
46 61 31
46 62 61
46 65 6
46 67 51
46 68 38
47 4 69
47 6 36
47 7 17
47 11 7
47 19 49
47 31 48
47 38 64
47 40 2
47 41 28
47 44 56
47 45 42
47 48 54
47 49 11
47 50 14
47 51 13
47 52 1
47 59 34
47 60 19
47 61 67
47 63 35
47 64 23
47 65 20
48 5 41
48 6 55
48 12 15
48 18 24
48 20 65
48 21 12
48 22 18
48 23 64
48 24 32
48 27 50
48 30 14
48 31 0
48 35 20
48 37 48
48 38 60
48 39 19
48 43 5
48 46 28
48 53 68
48 57 59
48 63 29
48 64 45
48 67 26
49 2 1
49 10 26
49 19 25
49 27 62
49 28 49
49 31 36
49 32 34
49 42 66
49 46 7
49 48 68
49 57 28
49 59 9
49 67 50
49 68 14
50 4 17
50 9 24
50 11 12
50 13 43
50 16 50
50 17 69
50 20 59
50 22 68
50 23 54
50 26 27
50 30 45
50 32 32
50 34 20
50 35 29
50 41 53
50 42 51
50 43 58
50 45 48
50 48 64
50 50 28
50 55 35
50 57 49
50 61 9
50 62 13
50 64 55
50 65 40
50 69 34
51 0 19
51 1 23
51 4 35
51 5 55
51 8 12
51 15 69
51 20 4
51 23 3
51 24 45
51 26 40
51 29 53
51 35 21
51 36 49
51 44 54
51 46 61
51 49 62
51 50 38
51 56 15
51 60 0
51 61 42
51 64 34
51 65 32
51 66 56
51 67 46
52 0 15
52 1 69
52 7 64
52 10 3
52 12 5
52 13 36
52 14 11
52 19 12
52 22 67
52 31 37
52 34 63
52 41 35
52 42 46
52 43 16
52 44 58
52 51 50
52 52 4
52 54 34
52 60 33
52 66 29
52 67 27
53 0 34
53 9 0
53 11 55
53 13 48
53 14 2
53 21 4
53 27 47
53 31 31
53 36 11
53 39 33
53 45 27
53 48 37
53 57 12
53 62 9
53 65 21
53 66 38
54 4 44
54 8 30
54 15 56
54 16 7
54 17 31
54 22 47
54 23 26
54 26 63
54 27 60
54 28 53
54 35 58
54 38 38
54 44 29
54 45 25
54 46 24
54 48 43
54 58 23
54 60 36
54 64 35
54 65 28
55 0 18
55 6 11
55 13 32
55 15 51
55 17 55
55 31 26
55 32 46
55 37 49
55 41 50
55 43 12
55 44 37
55 49 67
55 50 21
55 55 8
55 58 58
55 65 57
55 66 30
56 3 20
56 6 37
56 7 36
56 8 32
56 9 66
56 11 23
56 12 12
56 15 61
56 17 42
56 22 40
56 23 55
56 24 15
56 25 59
56 29 34
56 35 0
56 41 9
56 43 17
56 47 58
56 53 5
56 54 29
56 57 6
56 61 22
56 63 3
56 64 41
56 67 45
56 68 39
57 3 27
57 9 42
57 14 1
57 16 26
57 17 14
57 18 67
57 21 32
57 25 23
57 29 65
57 34 28
57 37 10
57 42 13
57 48 38
57 49 24
57 52 2
57 56 19
57 57 58
57 58 6
57 59 57
57 61 11
57 65 45
57 67 12
57 69 50
58 0 48
58 1 44
58 5 36
58 13 7
58 15 1
58 23 4
58 26 47
58 28 2
58 43 40
58 46 6
58 51 25
58 52 68
58 55 12
58 63 26
58 64 60
58 67 24
59 1 60
59 2 52
59 5 15
59 6 5
59 13 65
59 15 26
59 16 68
59 18 6
59 25 61
59 26 3
59 30 63
59 37 16
59 39 8
59 44 46
59 50 37
59 53 33
59 54 45
59 59 0
59 64 31
59 65 53
59 66 42
59 67 34
59 68 32
59 69 62
60 4 18
60 9 32
60 10 17
60 11 58
60 13 64
60 17 20
60 18 38
60 21 34
60 25 0
60 27 63
60 28 24
60 32 57
60 43 65
60 48 47
60 49 69
60 50 13
60 54 43
60 55 16
60 62 10
60 63 5
60 68 49
61 1 61
61 2 39
61 3 26
61 6 52
61 8 8
61 9 4
61 10 7
61 12 44
61 13 41
61 14 30
61 16 0
61 17 2
61 21 60
61 28 68
61 32 33
61 36 69
61 41 19
61 42 9
61 43 22
61 46 32
61 49 47
61 53 45
61 58 64
61 59 13
61 67 1
61 68 42
62 2 19
62 4 27
62 6 17
62 15 52
62 19 23
62 20 32
62 21 53
62 24 18
62 28 65
62 31 50
62 34 60
62 35 38
62 43 33
62 44 7
62 45 24
62 50 49
62 53 59
62 56 10
62 57 4
62 65 34
62 67 47
62 69 43
63 2 48
63 3 9
63 4 1
63 5 10
63 9 69
63 10 0
63 12 59
63 15 49
63 16 5
63 18 65
63 23 27
63 27 33
63 29 57
63 34 30
63 35 16
63 38 2
63 39 24
63 41 67
63 45 54
63 51 6
63 55 40
63 56 63
63 62 37
63 64 11
63 67 44
64 1 9
64 4 30
64 5 38
64 6 45
64 11 57
64 13 62
64 15 50
64 20 17
64 28 34
64 34 7
64 37 27
64 38 53
64 47 32
64 54 26
64 55 23
64 60 15
64 61 41
64 63 68
64 65 44
64 66 8
65 0 33
65 8 50
65 9 53
65 18 27
65 20 47
65 21 30
65 25 55
65 34 64
65 37 25
65 38 17
65 44 9
65 46 10
65 48 39
65 49 15
65 54 6
65 61 48
65 63 31
65 64 5
65 67 66
65 68 61
66 1 1
66 12 52
66 17 37
66 19 41
66 26 8
66 35 42
66 36 58
66 38 44
66 39 49
66 42 35
66 44 38
66 48 16
66 49 36
66 52 65
66 54 46
66 66 15
67 1 26
67 2 34
67 18 15
67 22 56
67 29 28
67 33 38
67 37 68
67 38 16
67 40 44
67 41 58
67 45 20
67 47 48
67 52 60
67 53 43
67 54 13
67 56 32
67 60 53
67 61 18
67 64 65
67 67 3
67 68 5
67 69 8
68 4 33
68 6 41
68 10 40
68 13 5
68 17 34
68 18 42
68 21 9
68 26 49
68 27 3
68 31 15
68 32 23
68 33 10
68 37 47
68 39 63
68 40 53
68 41 2
68 43 20
68 44 67
68 46 62
68 47 28
68 51 17
68 63 13
68 64 18
68 65 11
68 66 64
68 68 29
69 0 26
69 1 66
69 4 12
69 5 54
69 12 25
69 13 67
69 14 17
69 18 35
69 20 45
69 23 8
69 25 60
69 27 40
69 29 50
69 33 0
69 41 43
69 43 39
69 44 28
69 45 1
69 56 36
69 57 65
69 59 24
69 62 55
69 65 51
69 66 49
69 68 22
69 69 33
