60
0 0 4
0 4 57
0 5 33
0 7 19
0 11 14
0 13 23
0 16 2
0 18 46
0 19 35
0 20 51
0 24 10
0 25 26
0 26 36
0 28 43
0 35 12
0 36 1
0 39 25
0 40 39
0 43 50
0 45 22
0 46 24
0 48 3
0 51 32
0 52 52
0 54 44
0 55 58
1 6 32
1 7 4
1 8 20
1 9 0
1 11 43
1 12 3
1 14 53
1 15 57
1 30 41
1 32 17
1 36 30
1 38 59
1 39 54
1 41 5
1 45 40
1 46 58
1 48 45
1 49 56
1 52 48
1 53 50
1 55 47
1 56 13
1 57 8
1 59 15
2 7 3
2 8 43
2 10 28
2 11 54
2 13 21
2 16 9
2 18 38
2 20 8
2 21 19
2 23 0
2 25 17
2 26 13
2 27 25
2 28 52
2 29 14
2 30 51
2 33 59
2 35 57
2 40 44
2 43 1
2 47 41
2 50 48
2 51 31
2 55 40
2 56 45
2 57 5
2 58 20
3 0 59
3 1 13
3 6 47
3 7 6
3 8 45
3 13 34
3 16 21
3 17 15
3 19 31
3 21 18
3 26 49
3 30 35
3 31 24
3 32 50
3 36 36
3 37 27
3 39 14
3 43 8
3 52 39
3 57 55
4 1 42
4 7 30
4 9 51
4 11 22
4 13 32
4 16 23
4 18 44
4 25 4
4 27 19
4 29 0
4 30 57
4 33 36
4 38 55
4 39 34
4 41 48
4 42 11
4 43 56
4 47 27
4 54 25
4 55 14
4 58 29
4 59 53
5 0 3
5 1 55
5 3 9
5 4 58
5 6 33
5 10 0
5 11 57
5 15 32
5 19 6
5 20 25
5 23 53
5 30 13
5 33 18
5 37 2
5 39 51
5 43 37
5 45 56
5 50 19
5 51 41
5 56 52
5 59 14
6 1 12
6 2 45
6 3 48
6 4 0
6 6 10
6 11 13
6 12 5
6 14 41
6 15 36
6 17 32
6 20 20
6 26 9
6 30 37
6 35 58
6 45 28
6 48 49
6 49 29
6 57 18
6 58 33
7 2 48
7 4 3
7 6 30
7 8 46
7 9 55
7 10 16
7 11 44
7 12 31
7 21 36
7 22 1
7 27 12
7 29 45
7 31 41
7 33 47
7 39 0
7 41 32
7 43 42
7 45 6
7 47 13
7 49 15
7 52 53
7 53 18
7 54 54
7 55 9
8 0 45
8 1 26
8 2 28
8 3 8
8 10 40
8 14 23
8 15 16
8 21 48
8 22 43
8 25 39
8 27 18
8 30 4
8 32 41
8 35 32
8 36 17
8 38 51
8 39 6
8 43 10
8 44 5
8 45 49
8 46 44
8 47 1
8 52 12
8 54 13
8 56 7
8 59 50
9 3 41
9 6 25
9 7 59
9 10 15
9 11 7
9 12 23
9 13 33
9 20 52
9 21 34
9 23 19
9 24 22
9 26 48
9 27 54
9 31 57
9 36 44
9 37 40
9 38 26
9 39 1
9 40 58
9 42 46
9 43 39
9 51 38
9 52 13
9 55 31
9 57 4
9 58 47
10 1 17
10 3 30
10 5 31
10 6 56
10 7 38
10 10 45
10 12 19
10 13 52
10 18 14
10 20 47
10 22 25
10 23 24
10 27 50
10 30 44
10 31 12
10 32 32
10 35 26
10 37 37
10 38 58
10 39 36
10 41 33
10 46 20
10 48 54
10 49 1
10 50 23
10 51 9
10 54 41
10 56 21
10 59 40
11 2 20
11 4 53
11 5 7
11 9 39
11 13 27
11 16 41
11 17 4
11 19 55
11 22 31
11 26 24
11 33 57
11 34 59
11 35 37
11 37 51
11 38 9
11 39 19
11 41 40
11 42 12
11 44 23
11 51 44
11 54 16
11 56 18
11 59 36
12 0 49
12 1 22
12 4 50
12 9 20
12 13 41
12 14 55
12 16 54
12 18 32
12 19 21
12 21 46
12 25 18
12 28 29
12 34 17
12 38 24
12 40 40
12 41 47
12 42 14
12 50 44
12 53 7
12 56 43
12 57 51
13 2 8
13 3 55
13 6 29
13 7 44
13 8 27
13 10 50
13 18 22
13 19 18
13 23 38
13 32 0
13 34 41
13 44 31
13 46 14
13 47 49
13 49 20
13 50 9
13 53 16
13 54 19
13 57 40
14 1 57
14 4 38
14 5 1
14 7 10
14 8 37
14 9 41
14 12 40
14 16 53
14 18 3
14 19 17
14 21 13
14 22 9
14 23 42
14 24 47
14 25 36
14 26 32
14 27 51
14 28 25
14 29 6
14 33 21
14 35 29
14 37 44
14 38 11
14 39 27
14 40 4
14 41 52
14 42 50
14 45 54
14 46 22
14 49 59
14 55 49
14 56 20
14 58 39
14 59 31
15 0 29
15 6 23
15 7 39
15 9 14
15 16 47
15 17 50
15 21 51
15 22 15
15 23 40
15 24 52
15 26 25
15 27 33
15 29 36
15 32 12
15 33 20
15 34 3
15 36 56
15 39 31
15 44 43
15 47 45
15 52 35
15 53 54
15 55 0
15 57 34
15 58 2
16 0 21
16 1 46
16 2 4
16 6 3
16 8 10
16 10 20
16 15 44
16 18 40
16 20 57
16 21 12
16 25 7
16 31 58
16 32 45
16 36 59
16 38 8
16 41 37
16 44 30
16 46 50
16 48 51
16 49 9
16 51 28
16 54 27
16 55 32
16 59 52
17 0 57
17 2 37
17 3 56
17 5 13
17 7 43
17 8 30
17 15 15
17 16 26
17 17 5
17 21 33
17 22 53
17 24 6
17 31 40
17 35 20
17 39 47
17 41 4
17 42 1
17 46 28
17 47 42
17 49 50
17 53 8
17 55 38
17 56 23
18 0 14
18 2 54
18 3 50
18 7 25
18 13 59
18 20 19
18 22 33
18 23 6
18 24 44
18 26 17
18 27 56
18 29 53
18 30 31
18 31 52
18 35 11
18 37 35
18 39 41
18 41 22
18 43 21
18 44 40
18 48 48
18 51 57
18 56 9
18 58 8
19 0 43
19 1 0
19 2 3
19 7 31
19 9 53
19 12 38
19 13 29
19 14 45
19 15 23
19 17 26
19 20 10
19 21 21
19 25 40
19 29 33
19 31 8
19 32 7
19 36 35
19 39 56
19 40 22
19 41 16
19 42 2
19 43 58
19 44 9
19 46 18
19 48 36
19 49 52
19 50 13
19 52 6
19 53 57
19 54 32
20 0 31
20 1 14
20 2 46
20 4 36
20 8 44
20 11 8
20 12 55
20 13 18
20 16 12
20 17 20
20 22 23
20 25 3
20 27 58
20 35 59
20 38 19
20 39 5
20 44 33
20 49 40
20 50 52
20 52 16
20 55 7
20 59 28
21 0 30
21 1 51
21 2 11
21 3 5
21 4 19
21 5 58
21 10 7
21 11 52
21 14 8
21 18 36
21 21 4
21 26 37
21 27 43
21 28 21
21 30 6
21 31 3
21 34 31
21 35 27
21 37 0
21 40 41
21 41 18
21 46 47
21 52 26
21 55 28
21 58 14
21 59 55
22 0 39
22 3 57
22 7 18
22 8 25
22 9 9
22 14 52
22 15 7
22 17 21
22 18 1
22 20 55
22 24 19
22 25 6
22 27 44
22 28 54
22 42 0
22 44 36
22 45 46
22 51 40
22 55 12
22 57 15
22 58 27
22 59 34
23 3 18
23 7 51
23 8 38
23 10 53
23 11 10
23 15 1
23 21 32
23 22 20
23 24 33
23 26 46
23 27 17
23 35 4
23 38 25
23 44 56
23 49 31
23 51 12
23 52 44
23 53 36
23 57 0
23 58 49
23 59 2
24 1 2
24 2 14
24 7 16
24 8 8
24 9 17
24 11 33
24 15 12
24 16 40
24 18 48
24 20 43
24 22 0
24 25 58
24 27 28
24 28 44
24 29 29
24 30 50
24 31 45
24 32 31
24 34 4
24 39 39
24 40 18
24 46 54
24 48 13
24 56 30
24 58 38
25 6 2
25 7 34
25 10 42
25 12 51
25 18 58
25 19 16
25 21 24
25 23 12
25 24 50
25 25 44
25 28 37
25 32 20
25 33 39
25 36 32
25 41 28
25 42 54
25 44 41
25 45 30
25 46 13
25 49 46
25 51 11
25 52 59
25 54 26
25 57 47
25 58 35
25 59 8
26 3 10
26 5 3
26 6 13
26 9 44
26 14 51
26 17 29
26 18 49
26 23 20
26 24 41
26 25 19
26 30 33
26 31 16
26 34 38
26 36 42
26 38 52
26 41 43
26 42 57
26 43 54
26 44 7
26 47 46
26 49 53
26 52 21
26 53 26
26 55 25
26 56 58
26 58 55
26 59 30
27 0 7
27 1 29
27 3 58
27 11 3
27 15 21
27 17 14
27 18 57
27 19 59
27 21 38
27 22 35
27 23 56
27 29 17
27 30 2
27 31 54
27 32 40
27 33 27
27 39 20
27 40 9
27 41 19
27 48 33
27 50 12
27 52 23
27 55 1
27 56 46
28 0 1
28 2 30
28 4 31
28 11 23
28 13 48
28 15 42
28 20 37
28 21 28
28 22 2
28 23 18
28 25 43
28 27 38
28 28 40
28 32 8
28 33 54
28 35 14
28 37 41
28 38 21
28 44 52
28 45 55
28 46 27
28 47 15
28 48 29
28 50 0
28 52 17
28 53 49
28 54 47
28 59 13
29 5 10
29 9 16
29 10 21
29 12 54
29 14 13
29 15 39
29 22 47
29 23 2
29 27 37
29 28 22
29 30 1
29 35 36
29 40 20
29 42 33
29 46 6
29 50 4
29 51 34
29 52 43
29 58 44
29 59 24
30 1 32
30 5 36
30 9 31
30 11 29
30 14 18
30 16 58
30 20 44
30 21 16
30 23 3
30 24 8
30 27 7
30 34 5
30 36 25
30 43 33
30 44 0
30 49 23
30 51 39
30 52 37
30 59 22
31 1 44
31 3 52
31 4 43
31 5 35
31 6 5
31 9 26
31 12 48
31 13 49
31 17 16
31 18 55
31 19 9
31 20 58
31 22 4
31 25 56
31 26 18
31 30 38
31 33 37
31 38 6
31 40 8
31 43 29
31 44 53
31 47 57
31 48 23
31 49 27
31 54 10
31 55 22
31 59 20
32 3 11
32 9 47
32 11 58
32 12 30
32 13 10
32 18 52
32 20 15
32 26 34
32 28 13
32 30 20
32 31 44
32 34 32
32 35 45
32 37 39
32 38 31
32 40 46
32 43 12
32 52 3
32 56 37
32 57 28
33 0 8
33 1 21
33 3 16
33 6 4
33 11 35
33 12 20
33 13 43
33 14 59
33 16 28
33 19 30
33 20 40
33 22 26
33 25 52
33 26 12
33 28 15
33 31 36
33 33 0
33 34 19
33 36 57
33 37 48
33 40 24
33 41 27
33 42 9
33 45 45
33 49 41
33 50 3
33 53 25
33 55 55
33 59 39
34 2 41
34 3 38
34 5 29
34 7 13
34 8 51
34 9 37
34 10 44
34 12 42
34 15 34
34 22 27
34 24 4
34 27 6
34 33 3
34 36 20
34 37 7
34 44 48
34 45 19
34 47 50
34 54 0
34 57 59
35 3 3
35 4 41
35 5 14
35 6 57
35 7 48
35 8 32
35 13 19
35 18 27
35 19 7
35 21 58
35 22 6
35 24 43
35 27 31
35 31 30
35 32 39
35 33 11
35 34 54
35 35 47
35 36 45
35 38 1
35 39 38
35 43 59
35 45 33
35 49 49
35 50 55
35 55 18
35 56 5
35 59 37
36 7 23
36 12 6
36 15 52
36 21 45
36 22 39
36 23 17
36 25 20
36 26 43
36 30 28
36 32 10
36 34 16
36 37 1
36 38 0
36 40 57
36 45 27
36 47 34
36 49 32
36 50 50
36 51 51
36 53 12
36 56 29
36 59 25
37 2 2
37 4 13
37 5 26
37 12 0
37 16 42
37 23 51
37 27 1
37 28 24
37 29 50
37 32 52
37 35 44
37 42 55
37 50 39
37 54 59
37 55 36
37 58 16
38 0 25
38 1 45
38 6 8
38 7 52
38 12 12
38 14 39
38 15 3
38 24 55
38 25 14
38 26 0
38 28 48
38 33 41
38 36 27
38 37 36
38 38 28
38 43 22
38 49 30
38 50 47
38 51 10
38 52 32
38 54 53
38 56 26
38 59 56
39 1 34
39 2 55
39 4 40
39 5 17
39 8 19
39 9 38
39 10 29
39 14 31
39 16 6
39 18 0
39 26 3
39 27 5
39 29 46
39 31 11
39 34 18
39 37 47
39 43 15
39 44 50
39 46 51
39 54 35
39 55 10
39 56 12
39 57 13
39 58 23
40 1 48
40 7 37
40 8 31
40 10 32
40 11 55
40 19 3
40 20 22
40 26 33
40 34 0
40 41 25
40 42 59
40 47 10
40 48 39
40 49 34
40 53 52
40 54 56
40 58 4
41 1 3
41 5 40
41 9 45
41 17 36
41 18 43
41 28 12
41 32 25
41 34 53
41 35 39
41 40 48
41 42 44
41 43 16
41 45 35
41 46 1
41 48 41
41 50 26
41 52 51
41 55 29
41 57 23
42 1 37
42 4 12
42 5 25
42 7 2
42 11 6
42 13 38
42 14 1
42 15 28
42 16 15
42 18 59
42 19 10
42 20 24
42 24 45
42 25 47
42 26 20
42 28 16
42 30 22
42 32 48
42 33 14
42 35 43
42 37 3
42 38 4
42 40 7
42 41 44
42 43 55
42 50 42
42 52 31
42 56 40
42 57 36
42 58 50
42 59 49
43 0 10
43 1 31
43 8 4
43 9 25
43 10 54
43 12 44
43 13 17
43 14 43
43 15 0
43 17 35
43 20 39
43 22 14
43 24 58
43 25 33
43 26 41
43 27 53
43 28 32
43 29 26
43 32 49
43 33 45
43 38 56
43 44 6
43 45 5
43 46 57
43 47 3
43 49 37
43 52 34
43 53 15
43 56 22
43 57 9
44 1 5
44 2 9
44 4 24
44 9 28
44 10 12
44 11 37
44 16 55
44 17 2
44 20 23
44 23 31
44 25 15
44 29 49
44 30 26
44 33 48
44 36 33
44 37 20
44 38 54
44 39 46
44 40 34
44 43 52
44 44 38
44 45 43
44 50 18
44 53 6
44 57 50
44 58 3
45 2 58
45 4 39
45 9 4
45 10 38
45 12 14
45 14 54
45 15 6
45 17 46
45 18 19
45 21 47
45 22 48
45 25 55
45 27 11
45 30 42
45 31 22
45 33 25
45 37 30
45 39 44
45 42 21
45 43 36
45 46 56
45 50 28
45 54 43
45 59 16
46 0 35
46 6 46
46 7 5
46 8 22
46 9 58
46 11 32
46 14 6
46 15 54
46 16 17
46 17 55
46 20 45
46 21 59
46 23 13
46 25 57
46 26 56
46 27 52
46 31 33
46 35 15
46 36 14
46 37 49
46 44 39
46 50 41
46 53 47
46 58 0
46 59 48
47 0 52
47 1 15
47 2 12
47 5 44
47 9 59
47 10 46
47 11 9
47 12 53
47 16 48
47 18 47
47 20 1
47 23 8
47 27 10
47 32 43
47 36 31
47 38 5
47 41 6
47 42 19
47 47 4
47 49 57
47 51 13
47 52 36
47 54 58
47 58 28
48 1 18
48 4 59
48 5 20
48 7 32
48 11 21
48 12 46
48 18 53
48 19 56
48 22 50
48 23 37
48 26 47
48 27 26
48 29 31
48 35 54
48 36 10
48 38 30
48 40 36
48 42 4
48 43 41
48 45 44
48 46 33
48 47 28
48 49 6
48 50 25
48 53 38
48 54 52
48 55 51
48 56 14
48 58 42
49 2 40
49 5 43
49 9 32
49 14 58
49 15 4
49 19 22
49 21 9
49 23 46
49 25 50
49 26 7
49 28 14
49 33 10
49 36 6
49 37 28
49 41 8
49 46 35
49 50 5
49 51 42
49 53 1
49 55 57
49 56 34
49 57 52
50 3 46
50 5 49
50 6 36
50 7 54
50 9 2
50 10 14
50 11 1
50 12 8
50 14 50
50 15 25
50 17 42
50 18 51
50 23 27
50 25 21
50 27 20
50 28 3
50 29 47
50 31 7
50 35 35
50 37 53
50 39 59
50 45 12
50 49 33
50 52 22
50 56 19
50 58 57
51 8 3
51 10 56
51 16 16
51 18 41
51 19 43
51 20 31
51 22 7
51 23 1
51 24 42
51 28 58
51 34 35
51 36 55
51 37 24
51 38 44
51 40 5
51 45 59
51 46 4
51 47 52
51 50 38
51 52 28
51 53 29
51 58 19
52 0 44
52 2 43
52 3 6
52 8 47
52 10 52
52 12 27
52 13 54
52 14 26
52 15 50
52 16 35
52 20 0
52 21 15
52 25 49
52 27 23
52 29 24
52 30 39
52 31 31
52 32 57
52 33 42
52 38 32
52 43 11
52 46 12
52 47 22
52 49 10
52 50 17
52 53 3
52 54 21
52 55 34
52 57 2
52 58 30
53 0 24
53 6 49
53 7 42
53 8 55
53 11 18
53 12 28
53 13 56
53 14 2
53 16 52
53 19 53
53 22 32
53 25 54
53 29 7
53 32 46
53 33 9
53 35 19
53 39 50
53 40 47
53 45 34
53 47 20
53 48 31
53 49 44
53 53 37
53 57 6
54 5 45
54 6 41
54 7 49
54 11 28
54 12 24
54 15 22
54 18 12
54 19 2
54 24 14
54 26 21
54 30 16
54 32 47
54 33 7
54 34 56
54 38 27
54 40 3
54 42 43
54 43 35
54 46 46
54 49 17
54 57 19
55 7 1
55 10 59
55 16 4
55 17 3
55 18 54
55 20 5
55 21 22
55 24 9
55 26 30
55 30 23
55 31 25
55 32 51
55 35 46
55 36 24
55 38 17
55 44 29
55 51 0
55 52 47
55 53 19
55 56 49
55 58 13
56 3 22
56 4 35
56 6 1
56 9 23
56 12 16
56 17 11
56 19 45
56 24 32
56 28 51
56 30 5
56 34 12
56 47 6
56 48 38
56 53 21
56 57 14
57 2 27
57 10 33
57 13 0
57 16 46
57 19 57
57 20 13
57 21 43
57 24 28
57 28 2
57 29 56
57 30 15
57 31 39
57 35 3
57 39 9
57 41 11
57 45 31
57 48 22
57 50 34
57 52 10
57 53 30
57 54 48
57 55 50
57 57 25
57 59 29
58 0 32
58 3 36
58 4 27
58 5 18
58 7 57
58 9 8
58 10 58
58 12 50
58 13 53
58 18 9
58 23 28
58 25 24
58 28 56
58 29 10
58 33 31
58 34 25
58 38 46
58 39 16
58 40 11
58 41 45
58 42 39
58 45 2
58 47 59
58 49 13
58 52 40
58 53 5
58 55 4
58 59 35
59 2 44
59 6 21
59 7 27
59 9 43
59 12 45
59 18 37
59 19 29
59 22 24
59 23 58
59 24 16
59 25 32
59 27 42
59 30 46
59 31 59
59 35 23
59 36 22
59 37 31
59 40 14
59 41 39
59 42 48
59 45 15
59 46 30
59 47 25
59 51 26
59 56 8
59 58 9
