70
0 0 46
0 1 0
0 2 65
0 8 27
0 10 54
0 13 21
0 16 29
0 18 20
0 21 26
0 26 67
0 35 43
0 36 10
0 43 19
0 50 9
0 51 2
0 54 12
0 61 59
0 63 14
1 1 58
1 2 0
1 4 65
1 5 35
1 8 47
1 10 2
1 13 23
1 14 7
1 16 13
1 20 10
1 21 11
1 24 63
1 25 52
1 33 68
1 35 51
1 37 25
1 43 66
1 45 33
1 47 17
1 49 6
1 53 62
1 55 22
1 58 37
1 60 39
1 61 24
1 65 3
1 68 1
1 69 21
2 1 22
2 5 69
2 15 54
2 19 35
2 20 24
2 26 46
2 38 17
2 41 15
2 43 27
2 46 52
2 47 43
2 50 36
2 51 57
2 57 67
2 59 39
2 60 41
2 62 50
2 64 18
2 65 48
3 3 64
3 9 5
3 13 25
3 14 1
3 16 69
3 18 33
3 21 15
3 24 21
3 28 7
3 29 29
3 31 44
3 43 14
3 44 38
3 45 4
3 49 65
3 50 56
3 54 30
3 59 53
3 64 9
3 67 67
4 3 39
4 8 48
4 12 23
4 25 61
4 26 17
4 27 55
4 30 59
4 32 12
4 38 67
4 39 45
4 41 58
4 42 4
4 45 32
4 47 53
4 48 19
4 50 57
4 51 30
4 52 68
4 53 25
4 58 18
4 62 13
5 1 44
5 4 43
5 5 20
5 9 54
5 15 49
5 18 28
5 19 69
5 20 11
5 30 31
5 31 65
5 35 52
5 40 66
5 45 46
5 47 8
5 49 19
5 52 9
5 56 63
5 58 26
5 61 2
6 0 47
6 2 38
6 3 5
6 6 35
6 10 22
6 11 41
6 16 27
6 19 66
6 20 16
6 27 11
6 29 68
6 32 54
6 33 57
6 35 55
6 36 25
6 38 32
6 39 59
6 41 46
6 54 20
6 56 31
6 58 6
6 61 53
6 66 67
7 0 67
7 5 28
7 6 36
7 7 24
7 12 46
7 17 15
7 19 33
7 22 65
7 38 54
7 44 55
7 48 63
7 49 22
7 52 49
7 53 13
7 56 62
7 57 2
7 58 5
7 60 6
7 61 23
7 66 39
8 2 27
8 6 50
8 10 39
8 13 69
8 16 22
8 20 45
8 21 4
8 23 51
8 26 43
8 32 16
8 33 15
8 35 8
8 45 66
8 60 33
8 61 31
8 63 67
8 68 7
9 4 53
9 18 21
9 22 4
9 23 30
9 24 16
9 28 63
9 30 69
9 33 66
9 36 20
9 45 24
9 48 12
9 52 48
9 59 47
9 62 5
9 69 29
10 0 24
10 2 35
10 5 9
10 7 42
10 10 55
10 12 1
10 14 29
10 15 50
10 17 56
10 22 2
10 24 43
10 25 11
10 32 5
10 38 16
10 39 40
10 41 36
10 46 22
10 49 27
10 52 39
10 57 53
10 58 41
10 64 17
10 65 61
10 66 4
10 67 7
10 69 3
11 0 52
11 2 64
11 4 11
11 6 22
11 9 65
11 10 47
11 17 36
11 23 17
11 24 26
11 26 24
11 28 2
11 34 53
11 35 57
11 37 19
11 48 14
11 49 66
11 52 44
11 56 13
11 58 68
11 59 20
11 60 21
11 66 56
11 69 54
12 0 1
12 1 66
12 2 19
12 5 5
12 6 55
12 15 13
12 20 34
12 22 40
12 24 47
12 26 62
12 36 39
12 41 14
12 44 46
12 45 3
12 56 64
12 57 36
12 58 11
12 60 53
12 64 48
13 1 33
13 4 66
13 6 37
13 8 14
13 10 60
13 12 11
13 14 59
13 15 65
13 16 8
13 20 7
13 22 63
13 23 38
13 25 42
13 28 9
13 29 55
13 32 53
13 50 17
13 51 20
13 55 29
13 59 50
13 60 44
13 62 54
13 63 58
13 66 68
14 1 49
14 4 55
14 9 39
14 10 64
14 15 27
14 21 54
14 24 58
14 25 43
14 26 8
14 27 6
14 30 65
14 32 61
14 33 4
14 40 18
14 43 21
14 44 53
14 46 69
14 48 37
14 52 25
14 54 24
14 58 32
14 60 23
14 62 30
14 64 67
14 65 1
14 66 35
14 67 47
15 7 38
15 8 29
15 16 17
15 17 35
15 25 5
15 31 36
15 32 62
15 33 50
15 34 31
15 35 63
15 42 18
15 47 33
15 50 16
15 54 46
15 58 25
15 59 49
16 4 31
16 9 24
16 12 41
16 15 38
16 21 62
16 23 57
16 25 58
16 26 22
16 33 35
16 34 6
16 39 68
16 40 54
16 49 30
16 52 27
16 55 18
16 57 51
16 63 29
17 3 47
17 5 10
17 6 41
17 9 69
17 14 40
17 15 15
17 17 55
17 18 53
17 20 19
17 29 51
17 30 32
17 32 49
17 37 61
17 39 23
17 40 44
17 41 57
17 42 6
17 44 3
17 48 65
17 49 46
17 50 37
17 52 0
17 53 2
17 54 43
17 55 21
17 58 42
17 64 1
17 65 45
17 67 34
18 0 14
18 14 51
18 18 60
18 21 8
18 22 3
18 27 5
18 28 54
18 29 6
18 32 29
18 35 67
18 37 52
18 39 36
18 42 0
18 46 39
18 47 7
18 49 55
18 54 66
18 55 65
18 62 19
18 65 11
19 4 19
19 5 14
19 6 29
19 8 33
19 10 57
19 14 2
19 15 8
19 16 5
19 24 42
19 27 17
19 28 31
19 29 16
19 30 68
19 32 67
19 35 64
19 37 56
19 41 49
19 42 52
19 45 10
19 54 39
19 55 45
19 59 65
19 60 54
19 68 21
20 6 57
20 7 4
20 14 9
20 15 59
20 16 15
20 17 10
20 28 39
20 32 68
20 33 64
20 36 7
20 39 44
20 40 37
20 43 6
20 59 42
20 68 32
21 2 5
21 11 50
21 16 28
21 20 67
21 22 52
21 24 6
21 25 3
21 27 22
21 29 41
21 32 55
21 35 15
21 36 60
21 37 62
21 39 18
21 42 24
21 43 36
21 44 10
21 48 45
21 50 31
21 52 4
21 53 17
21 58 44
21 61 51
21 66 14
21 67 11
22 1 17
22 2 48
22 4 33
22 7 59
22 14 20
22 15 29
22 17 2
22 28 65
22 29 50
22 31 62
22 35 42
22 42 46
22 47 39
22 48 27
22 51 40
22 52 43
22 53 6
22 54 28
22 56 49
22 61 26
22 64 7
22 65 63
22 68 54
22 69 5
23 7 49
23 9 40
23 10 43
23 11 16
23 12 55
23 15 68
23 17 5
23 22 66
23 23 1
23 26 36
23 29 17
23 34 57
23 41 64
23 48 20
23 49 53
23 57 7
23 58 51
23 62 38
23 63 18
23 68 23
24 7 36
24 8 15
24 10 44
24 15 19
24 16 34
24 18 29
24 25 26
24 32 32
24 33 0
24 34 23
24 36 42
24 40 9
24 41 30
24 43 10
24 46 17
24 56 20
24 60 35
24 62 46
24 63 11
25 9 20
25 14 62
25 22 16
25 23 7
25 24 68
25 31 60
25 33 28
25 38 12
25 42 21
25 44 42
25 47 40
25 50 59
25 54 32
25 56 30
25 59 4
25 61 14
25 66 50
26 2 1
26 11 31
26 17 25
26 23 20
26 26 39
26 27 32
26 32 46
26 33 23
26 34 7
26 38 63
26 40 0
26 42 5
26 45 13
26 51 42
26 52 60
26 57 58
26 59 41
26 60 34
26 62 6
26 64 68
26 69 43
27 3 57
27 5 22
27 9 60
27 13 45
27 14 36
27 15 31
27 19 55
27 20 40
27 24 23
27 25 46
27 27 21
27 30 28
27 31 19
27 33 7
27 37 58
27 39 14
27 40 34
27 41 68
27 45 64
27 48 10
27 50 1
27 52 53
27 53 66
27 55 42
27 56 41
27 58 9
27 60 4
27 61 27
27 62 32
27 65 26
27 67 33
28 0 53
28 5 15
28 15 69
28 17 28
28 19 17
28 21 29
28 22 47
28 23 54
28 26 66
28 27 38
28 28 55
28 37 14
28 38 52
28 41 41
28 45 11
28 47 6
28 48 42
28 49 23
28 51 56
28 54 33
28 60 36
28 62 27
28 63 68
28 64 34
28 68 31
28 69 67
29 11 44
29 12 58
29 21 63
29 22 42
29 24 62
29 26 4
29 27 19
29 28 10
29 37 57
29 42 55
29 43 30
29 45 0
29 46 2
29 48 68
29 51 49
29 52 1
29 63 37
29 66 16
29 67 12
30 4 44
30 10 31
30 12 65
30 13 48
30 14 54
30 15 42
30 17 47
30 18 63
30 19 22
30 20 43
30 32 30
30 33 16
30 34 58
30 36 45
30 38 61
30 41 17
30 46 24
30 47 49
30 48 7
30 49 10
30 50 29
30 52 6
30 57 8
30 58 4
30 59 67
30 61 13
30 68 59
30 69 2
31 0 30
31 2 33
31 5 57
31 6 44
31 7 10
31 8 46
31 14 60
31 17 4
31 19 62
31 20 42
31 23 37
31 25 28
31 34 15
31 36 27
31 44 36
31 59 7
31 65 16
31 67 58
31 68 14
32 5 68
32 16 21
32 17 54
32 18 45
32 21 57
32 25 31
32 36 48
32 37 23
32 39 47
32 40 38
32 41 51
32 43 49
32 44 4
32 45 7
32 46 36
32 47 42
32 48 69
32 53 53
32 54 16
32 57 9
32 59 25
32 62 11
32 65 12
32 66 44
32 67 14
32 68 40
33 0 64
33 3 3
33 5 65
33 6 69
33 10 59
33 12 66
33 15 45
33 17 32
33 18 9
33 27 33
33 33 20
33 38 50
33 40 8
33 42 41
33 43 34
33 46 56
33 47 31
33 55 61
33 57 6
33 58 17
33 60 47
33 64 36
33 65 40
33 66 19
33 67 51
33 68 63
34 2 66
34 3 7
34 5 18
34 7 16
34 8 42
34 9 58
34 12 10
34 15 11
34 19 57
34 22 56
34 24 9
34 25 34
34 32 40
34 33 13
34 41 2
34 42 19
34 44 43
34 46 35
34 47 15
34 52 41
34 53 54
34 54 69
34 56 44
34 57 0
34 58 20
34 65 14
34 68 39
35 8 65
35 9 49
35 11 30
35 13 60
35 15 40
35 16 48
35 22 31
35 24 29
35 30 47
35 32 37
35 33 32
35 34 34
35 35 35
35 44 57
35 47 27
35 48 46
35 50 63
35 53 10
35 54 51
35 55 56
35 56 15
35 58 54
35 59 8
35 64 22
36 8 64
36 12 68
36 14 15
36 21 16
36 24 4
36 26 34
36 31 23
36 35 3
36 36 0
36 52 62
36 60 31
37 0 26
37 3 10
37 9 15
37 10 14
37 12 27
37 18 12
37 26 25
37 27 7
37 31 13
37 34 11
37 40 30
37 42 20
37 48 1
37 58 52
38 0 4
38 1 10
38 3 38
38 21 2
38 22 35
38 25 20
38 30 56
38 31 28
38 33 42
38 35 59
38 38 62
38 40 40
38 43 24
38 45 9
38 46 0
38 47 51
38 54 67
38 56 29
38 59 68
38 61 5
38 63 64
38 69 32
39 1 3
39 5 2
39 7 51
39 13 64
39 14 8
39 17 6
39 18 30
39 19 24
39 21 61
39 24 20
39 25 25
39 28 38
39 33 41
39 34 55
39 38 46
39 42 27
39 43 28
39 48 18
39 52 56
39 58 65
39 62 23
39 65 32
39 67 59
39 68 60
40 1 55
40 3 69
40 4 68
40 6 53
40 8 35
40 13 13
40 14 44
40 18 6
40 22 60
40 24 14
40 28 3
40 37 20
40 38 8
40 40 29
40 45 65
40 51 26
40 54 52
40 58 12
40 60 42
40 63 62
40 67 46
41 3 61
41 5 53
41 6 18
41 7 67
41 12 3
41 18 49
41 19 25
41 22 17
41 23 55
41 26 57
41 28 1
41 29 56
41 30 11
41 48 43
41 52 42
41 57 64
41 58 45
41 60 27
41 67 15
41 69 28
42 0 50
42 2 67
42 3 30
42 7 43
42 8 68
42 12 59
42 17 53
42 28 49
42 34 19
42 36 29
42 45 21
42 49 35
42 54 27
42 55 24
42 61 4
42 63 34
43 1 60
43 2 25
43 4 56
43 5 67
43 6 24
43 10 46
43 11 6
43 14 37
43 15 61
43 22 28
43 25 57
43 26 58
43 27 20
43 30 1
43 41 26
43 42 36
43 44 39
43 45 29
43 47 48
43 50 27
43 53 11
43 54 38
43 60 52
43 61 15
43 62 4
43 64 16
43 65 59
44 1 36
44 2 31
44 5 58
44 7 64
44 8 60
44 11 7
44 18 39
44 20 65
44 28 24
44 29 15
44 30 4
44 36 5
44 42 37
44 44 13
44 46 67
44 53 22
44 54 47
44 56 14
44 57 1
44 58 49
44 59 62
44 67 45
45 3 31
45 6 3
45 9 17
45 14 19
45 16 54
45 20 36
45 26 30
45 27 37
45 28 64
45 30 48
45 36 11
45 40 56
45 43 15
45 46 43
45 47 35
45 50 40
45 53 47
45 58 38
45 62 0
45 69 60
46 1 65
46 3 28
46 10 67
46 12 21
46 14 45
46 15 44
46 22 7
46 23 66
46 27 41
46 29 53
46 30 55
46 33 17
46 35 9
46 40 22
46 41 0
46 45 31
46 46 33
46 47 54
46 53 43
46 55 46
46 56 58
46 59 27
46 61 32
46 66 59
47 0 27
47 2 69
47 13 67
47 16 49
47 19 32
47 20 47
47 26 63
47 29 34
47 30 26
47 32 57
47 37 5
47 38 56
47 40 16
47 43 3
47 52 51
47 56 0
47 57 45
47 63 36
47 65 17
48 0 21
48 2 26
48 5 42
48 11 61
48 15 39
48 20 66
48 22 24
48 26 53
48 27 52
48 28 23
48 30 7
48 32 64
48 42 1
48 45 57
48 47 25
48 49 4
48 50 19
48 54 56
48 63 45
48 66 29
49 1 31
49 2 50
49 5 12
49 6 60
49 9 61
49 10 30
49 11 27
49 12 22
49 14 11
49 15 26
49 21 68
49 32 28
49 36 19
49 40 43
49 42 7
49 49 62
49 51 41
49 55 14
49 56 2
49 57 39
49 59 15
49 67 4
50 3 44
50 5 51
50 7 68
50 20 14
50 21 56
50 23 61
50 25 62
50 26 10
50 30 43
50 35 19
50 44 67
50 52 63
50 55 7
50 57 3
50 61 11
50 62 20
50 66 52
50 69 15
51 4 30
51 9 11
51 14 23
51 15 57
51 18 27
51 26 51
51 30 15
51 32 35
51 36 14
51 55 0
51 56 9
51 57 24
52 4 41
52 5 32
52 6 63
52 9 33
52 12 61
52 14 58
52 15 47
52 24 25
52 26 42
52 31 45
52 32 27
52 34 8
52 36 4
52 39 10
52 40 3
52 44 68
52 49 16
52 53 26
52 57 19
52 68 44
53 1 27
53 5 47
53 8 13
53 9 3
53 10 32
53 11 2
53 17 58
53 19 44
53 22 62
53 25 59
53 27 57
53 28 6
53 34 67
53 37 36
53 40 33
53 44 54
53 45 45
53 47 46
53 55 26
53 61 1
53 65 21
53 66 31
53 69 4
54 0 44
54 2 12
54 3 54
54 7 60
54 12 20
54 16 58
54 29 64
54 32 48
54 33 6
54 38 35
54 43 68
54 46 40
54 48 28
54 49 0
54 54 14
54 56 52
54 58 27
54 61 16
54 64 57
55 0 38
55 2 59
55 5 21
55 6 17
55 8 0
55 9 2
55 11 63
55 14 14
55 16 55
55 17 24
55 20 50
55 21 66
55 26 11
55 33 18
55 35 46
55 44 15
55 49 34
55 50 23
55 53 28
55 55 36
55 56 56
55 57 32
55 58 53
55 60 65
55 63 8
55 66 10
55 68 29
56 0 58
56 1 61
56 3 11
56 5 8
56 10 6
56 23 43
56 24 35
56 26 64
56 28 52
56 31 49
56 32 34
56 34 56
56 42 3
56 51 33
56 60 62
56 67 41
57 0 62
57 2 18
57 5 61
57 6 21
57 7 25
57 9 44
57 11 26
57 15 64
57 18 23
57 19 49
57 22 68
57 24 57
57 27 15
57 30 46
57 32 1
57 39 34
57 41 31
57 43 2
57 44 29
57 46 4
57 55 3
57 59 11
57 62 69
57 66 28
57 68 42
58 0 63
58 1 11
58 8 37
58 11 12
58 13 34
58 23 62
58 26 9
58 29 33
58 31 1
58 33 39
58 38 22
58 48 41
58 53 18
58 57 54
58 60 49
58 65 47
58 68 4
59 3 59
59 4 28
59 5 52
59 9 56
59 11 9
59 13 3
59 22 34
59 23 53
59 24 11
59 26 1
59 30 37
59 36 6
59 40 14
59 47 22
59 62 60
59 64 2
59 67 44
60 4 48
60 5 59
60 6 19
60 9 53
60 10 11
60 13 54
60 20 15
60 21 50
60 27 49
60 34 20
60 37 27
60 38 60
60 44 31
60 46 46
60 47 28
60 49 29
60 51 34
60 53 37
60 56 12
60 58 24
60 59 57
60 61 56
60 66 25
60 68 22
61 0 66
61 4 69
61 5 4
61 6 65
61 12 34
61 16 2
61 23 32
61 27 62
61 30 17
61 31 39
61 33 49
61 34 35
61 47 21
61 48 44
61 59 14
61 60 0
61 66 1
62 7 55
62 10 17
62 14 22
62 16 61
62 23 60
62 25 56
62 26 3
62 27 4
62 28 35
62 35 20
62 38 41
62 39 9
62 40 52
62 46 31
62 47 19
62 49 51
62 54 6
62 63 0
62 68 49
63 1 19
63 3 50
63 5 16
63 6 9
63 8 43
63 9 42
63 10 21
63 12 57
63 16 6
63 19 15
63 22 41
63 24 36
63 32 69
63 33 63
63 43 29
63 49 38
63 54 68
63 55 52
63 56 26
63 65 25
63 69 53
64 6 1
64 7 54
64 15 16
64 17 29
64 20 37
64 22 13
64 24 50
64 28 45
64 31 69
64 36 12
64 43 51
64 44 2
64 45 27
64 50 24
64 59 48
64 60 46
64 61 68
64 62 8
64 69 19
65 1 20
65 3 40
65 5 24
65 7 62
65 12 60
65 13 51
65 15 66
65 16 4
65 19 61
65 21 14
65 28 44
65 44 25
65 47 65
65 53 16
65 58 56
65 59 26
65 61 57
65 67 2
66 9 35
66 10 58
66 12 13
66 13 12
66 23 23
66 25 0
66 27 28
66 28 61
66 30 42
66 38 49
66 40 11
66 42 53
66 43 60
66 45 43
66 49 5
66 51 27
66 55 41
66 56 59
66 61 37
67 0 5
67 2 4
67 3 33
67 5 6
67 6 12
67 7 23
67 9 8
67 15 36
67 19 50
67 26 47
67 27 61
67 28 68
67 32 18
67 34 29
67 35 62
67 38 19
67 49 32
67 54 26
67 55 13
67 60 57
67 61 58
67 62 59
67 64 51
67 69 1
68 3 42
68 4 40
68 16 26
68 18 19
68 29 62
68 30 45
68 34 27
68 35 31
68 40 39
68 42 54
68 44 47
68 46 53
68 50 55
68 58 7
68 69 17
69 0 6
69 1 57
69 2 11
69 5 36
69 9 59
69 13 37
69 14 42
69 15 22
69 17 33
69 22 8
69 24 28
69 28 62
69 31 17
69 33 65
69 35 4
69 36 16
69 40 46
69 46 27
69 47 64
69 52 29
69 55 53
69 56 54
69 59 18
69 60 51
69 64 49
69 68 47
