60
0 0 36
0 2 30
0 3 7
0 4 25
0 5 55
0 6 33
0 10 5
0 12 2
0 15 49
0 18 50
0 21 17
0 22 37
0 23 3
0 24 19
0 25 6
0 32 18
0 35 23
0 36 10
0 37 8
0 38 12
0 40 47
0 42 27
0 44 21
0 48 42
1 1 2
1 3 10
1 4 36
1 5 29
1 8 17
1 10 11
1 11 15
1 14 22
1 17 43
1 20 13
1 21 34
1 22 42
1 23 59
1 24 12
1 26 1
1 29 54
1 34 25
1 39 37
1 43 6
1 44 32
1 48 55
1 49 18
1 50 50
1 53 21
1 54 49
1 59 30
2 1 33
2 7 34
2 8 26
2 11 40
2 17 36
2 21 22
2 22 48
2 23 10
2 38 16
2 43 57
2 44 52
2 48 4
2 52 24
2 53 29
2 54 46
2 55 23
2 56 8
3 1 19
3 4 2
3 5 59
3 6 52
3 9 36
3 14 6
3 16 53
3 19 21
3 20 48
3 22 28
3 37 25
3 39 40
3 40 56
3 43 16
3 46 46
3 49 41
3 54 39
4 2 59
4 9 6
4 10 39
4 13 24
4 18 36
4 19 37
4 22 13
4 26 14
4 27 50
4 28 54
4 29 48
4 31 15
4 34 28
4 35 47
4 39 27
4 42 53
4 46 2
4 57 55
5 2 46
5 5 7
5 7 49
5 14 34
5 19 3
5 21 18
5 23 23
5 24 17
5 27 59
5 28 19
5 30 32
5 33 0
5 35 21
5 36 16
5 37 27
5 40 44
5 42 36
5 43 53
5 53 26
5 56 48
6 2 16
6 3 9
6 8 47
6 12 40
6 14 21
6 27 32
6 31 41
6 33 5
6 38 31
6 42 39
6 43 56
6 44 24
6 53 12
6 58 20
7 0 48
7 6 24
7 9 14
7 10 22
7 13 40
7 19 20
7 21 57
7 23 29
7 26 41
7 27 52
7 34 51
7 37 46
7 39 21
7 41 42
7 43 39
7 44 56
7 48 54
7 50 1
7 51 3
7 54 25
7 57 26
8 1 42
8 2 32
8 7 52
8 10 7
8 14 54
8 22 18
8 25 38
8 28 2
8 38 3
8 43 17
8 44 37
8 46 31
9 0 9
9 10 19
9 12 49
9 17 1
9 19 0
9 23 40
9 24 35
9 25 37
9 27 22
9 29 21
9 30 31
9 32 48
9 41 57
9 42 54
9 43 7
9 46 26
9 52 52
9 53 17
9 55 20
10 0 49
10 3 39
10 6 12
10 17 45
10 18 52
10 25 40
10 27 14
10 28 11
10 33 3
10 50 54
10 59 23
11 3 54
11 5 48
11 8 55
11 12 51
11 15 53
11 17 7
11 18 27
11 21 31
11 22 38
11 23 49
11 27 39
11 28 46
11 34 44
11 37 37
11 47 8
11 49 12
11 57 16
12 0 16
12 5 46
12 10 26
12 11 29
12 12 58
12 14 36
12 15 25
12 16 17
12 21 21
12 27 6
12 35 10
12 36 0
12 38 27
12 46 13
12 52 20
12 53 50
12 59 19
13 0 10
13 2 49
13 7 17
13 9 1
13 11 9
13 16 7
13 17 41
13 23 36
13 24 52
13 27 47
13 29 35
13 35 0
13 40 40
13 48 24
13 50 18
13 55 59
13 59 37
14 0 32
14 5 40
14 12 36
14 15 22
14 19 55
14 23 21
14 24 27
14 25 26
14 27 15
14 36 57
14 45 6
14 46 12
14 48 19
14 56 59
14 58 33
15 10 23
15 13 17
15 15 40
15 16 56
15 17 26
15 20 22
15 23 35
15 29 42
15 30 9
15 32 21
15 34 29
15 35 50
15 39 13
15 42 34
15 46 18
15 50 43
15 52 44
15 55 19
15 57 0
16 4 52
16 6 32
16 8 28
16 12 47
16 16 25
16 18 19
16 20 55
16 23 45
16 25 5
16 26 0
16 27 29
16 32 9
16 34 12
16 44 42
16 47 37
16 53 56
16 58 11
16 59 39
17 4 54
17 5 28
17 6 19
17 8 0
17 10 29
17 14 3
17 20 20
17 22 14
17 25 12
17 34 23
17 36 15
17 38 9
17 39 36
17 43 22
17 44 44
17 47 46
17 51 21
17 55 43
18 3 11
18 5 41
18 6 16
18 14 53
18 15 14
18 18 18
18 23 4
18 25 48
18 28 36
18 30 39
18 35 37
18 36 34
18 40 54
18 44 57
18 45 24
18 48 10
18 53 2
19 1 10
19 2 27
19 7 32
19 11 45
19 14 8
19 18 44
19 21 40
19 27 49
19 30 11
19 31 34
19 32 41
19 35 26
19 36 39
19 39 28
19 41 12
19 46 54
19 47 43
19 49 35
19 50 17
19 52 37
19 54 24
19 57 13
20 2 43
20 10 59
20 16 1
20 19 7
20 21 38
20 28 21
20 30 29
20 32 25
20 33 56
20 34 32
20 35 49
20 37 9
20 41 34
20 43 11
20 49 5
20 58 48
20 59 41
21 2 44
21 4 9
21 6 20
21 15 41
21 17 31
21 21 23
21 23 33
21 30 17
21 32 3
21 35 58
21 39 32
21 45 15
21 50 52
21 51 51
22 4 38
22 8 46
22 12 23
22 16 11
22 21 52
22 25 32
22 28 35
22 29 45
22 30 42
22 32 16
22 34 22
22 38 57
22 42 21
22 45 40
22 51 28
22 57 19
23 0 6
23 3 16
23 5 20
23 6 47
23 7 9
23 8 13
23 10 57
23 12 38
23 14 12
23 24 24
23 25 34
23 32 44
23 33 7
23 36 3
23 38 29
23 40 48
23 42 45
23 44 19
23 45 42
23 53 25
23 59 8
24 0 54
24 1 23
24 3 44
24 10 20
24 14 42
24 15 48
24 17 53
24 18 40
24 21 13
24 23 9
24 27 55
24 28 3
24 30 27
24 31 38
24 37 14
24 39 11
24 40 25
24 50 39
24 51 29
24 52 0
24 54 34
24 59 32
25 0 44
25 1 48
25 2 19
25 11 28
25 17 9
25 18 35
25 29 26
25 31 8
25 47 59
25 53 20
25 58 15
26 1 36
26 3 35
26 4 40
26 10 54
26 14 47
26 18 51
26 19 11
26 21 0
26 22 49
26 24 3
26 27 46
26 31 22
26 37 59
26 42 42
26 43 52
26 47 30
26 48 25
26 50 26
26 51 41
26 54 18
26 57 34
27 2 58
27 5 50
27 9 26
27 11 35
27 13 52
27 14 39
27 19 18
27 20 30
27 25 14
27 26 2
27 29 11
27 34 47
27 35 59
27 38 40
27 42 41
27 45 31
27 48 56
27 49 8
27 51 32
27 52 54
27 53 38
27 56 34
28 0 20
28 5 47
28 11 32
28 13 31
28 15 52
28 17 38
28 22 21
28 27 11
28 32 17
28 34 53
28 36 49
28 41 45
28 42 3
28 44 35
28 45 29
28 50 55
28 52 22
28 57 12
28 58 19
29 1 27
29 5 39
29 9 49
29 15 13
29 16 0
29 19 36
29 22 26
29 26 15
29 31 3
29 33 30
29 34 18
29 51 59
29 52 57
29 56 58
29 57 5
29 58 34
30 0 56
30 4 16
30 9 18
30 13 58
30 18 37
30 21 41
30 32 29
30 36 31
30 42 32
30 44 22
30 49 9
30 51 7
30 52 39
30 54 54
30 55 42
30 56 45
30 57 53
31 2 20
31 4 13
31 18 0
31 22 55
31 23 26
31 24 25
31 25 47
31 28 12
31 29 3
31 31 4
31 32 37
31 33 23
31 36 2
31 38 59
31 42 14
31 44 31
31 45 30
31 46 35
31 50 9
31 52 38
31 58 24
32 1 32
32 2 11
32 5 12
32 6 40
32 8 37
32 11 23
32 12 56
32 13 0
32 16 52
32 18 29
32 23 34
32 30 49
32 35 20
32 36 47
32 37 18
32 43 10
32 44 30
32 47 26
32 50 21
32 52 9
32 53 45
32 57 43
33 0 17
33 4 5
33 6 45
33 9 9
33 10 52
33 16 41
33 17 58
33 18 15
33 22 11
33 25 42
33 27 37
33 29 25
33 32 23
33 34 20
33 40 7
33 41 13
33 48 36
33 53 53
33 54 0
33 55 10
34 1 7
34 5 6
34 11 20
34 12 17
34 13 22
34 14 45
34 16 3
34 31 47
34 33 19
34 35 34
34 39 31
34 44 50
34 45 23
34 46 56
34 47 5
34 48 13
34 50 24
34 52 36
34 56 12
34 57 27
35 4 24
35 6 46
35 9 40
35 10 41
35 12 29
35 13 23
35 16 12
35 18 43
35 19 6
35 24 13
35 26 33
35 27 10
35 30 1
35 35 30
35 40 58
35 49 44
35 55 54
35 57 25
36 11 7
36 12 13
36 24 26
36 25 2
36 29 6
36 35 48
36 37 47
36 38 18
36 45 55
36 46 9
36 49 57
36 50 53
37 4 30
37 5 1
37 6 42
37 11 26
37 16 47
37 23 56
37 24 2
37 30 21
37 32 20
37 35 43
37 36 41
37 42 22
37 44 29
37 45 5
37 48 31
37 49 10
37 50 3
37 54 23
37 59 14
38 5 52
38 6 13
38 10 6
38 11 5
38 18 2
38 19 29
38 20 42
38 22 0
38 25 3
38 29 44
38 34 40
38 41 41
38 49 7
38 52 49
38 55 31
38 57 50
38 59 53
39 2 48
39 4 23
39 5 14
39 12 0
39 15 3
39 17 47
39 18 58
39 19 42
39 20 12
39 31 10
39 33 36
39 41 20
39 42 29
39 43 43
39 44 16
39 45 33
39 47 57
39 48 38
39 50 6
39 52 1
40 0 58
40 3 19
40 4 49
40 7 18
40 9 3
40 16 29
40 17 35
40 21 30
40 23 12
40 24 47
40 28 28
40 29 24
40 32 6
40 35 15
40 38 56
40 41 43
40 42 51
40 43 55
40 44 4
40 46 39
40 48 1
40 49 23
40 52 5
40 58 16
41 2 37
41 5 53
41 12 6
41 13 26
41 17 28
41 21 27
41 23 19
41 25 54
41 28 44
41 33 39
41 34 36
41 36 58
41 37 10
41 38 32
41 41 18
41 43 45
41 47 29
41 50 56
41 51 42
41 54 2
41 55 12
41 57 38
41 59 21
42 2 33
42 4 29
42 5 13
42 8 18
42 10 44
42 18 41
42 19 46
42 25 9
42 26 51
42 27 16
42 33 8
42 35 57
42 39 15
42 41 22
42 43 30
42 49 39
42 56 26
42 58 37
43 0 52
43 1 6
43 4 48
43 5 35
43 10 31
43 12 27
43 13 59
43 18 22
43 19 8
43 27 33
43 34 42
43 38 43
43 42 49
43 46 1
43 47 47
43 54 56
43 55 15
43 58 53
44 0 43
44 1 1
44 4 20
44 6 25
44 7 37
44 9 30
44 15 0
44 17 4
44 18 7
44 20 24
44 22 10
44 25 59
44 34 11
44 39 44
44 40 13
44 45 8
44 46 53
44 47 49
44 48 23
44 52 6
44 57 40
44 58 2
44 59 56
45 7 6
45 13 11
45 15 51
45 16 38
45 17 21
45 21 14
45 24 20
45 33 17
45 35 9
45 41 15
45 44 40
45 46 3
45 47 13
46 0 21
46 6 15
46 8 24
46 12 25
46 14 16
46 15 46
46 17 14
46 20 57
46 21 36
46 28 20
46 29 32
46 36 55
46 37 1
46 41 4
46 45 18
46 46 33
46 50 44
46 51 23
46 54 45
47 2 52
47 4 31
47 9 7
47 12 30
47 19 27
47 21 54
47 24 44
47 29 17
47 38 13
47 43 48
47 44 41
47 45 53
47 48 43
47 50 23
48 0 26
48 5 22
48 7 2
48 8 36
48 9 48
48 14 59
48 16 14
48 18 23
48 20 41
48 21 39
48 22 25
48 24 0
48 26 4
48 29 51
48 30 40
48 34 54
48 36 29
48 37 20
48 43 28
48 48 53
48 51 50
48 53 5
48 54 42
48 56 18
48 57 47
49 0 37
49 3 41
49 9 54
49 10 14
49 12 42
49 15 50
49 16 35
49 19 32
49 20 23
49 25 30
49 26 39
49 32 58
49 37 22
49 39 52
49 42 40
49 43 44
49 45 25
49 50 20
49 52 33
49 53 28
49 57 36
49 59 15
50 2 29
50 10 40
50 41 9
50 47 4
50 48 46
50 56 14
51 0 38
51 1 52
51 13 53
51 14 37
51 17 57
51 23 43
51 24 45
51 27 19
51 32 5
51 40 41
51 45 32
51 46 22
51 49 17
51 50 33
51 56 47
51 57 3
51 58 44
52 1 47
52 3 6
52 4 34
52 5 18
52 6 1
52 8 58
52 18 56
52 20 11
52 26 40
52 31 42
52 37 33
52 38 37
52 40 17
52 42 20
52 44 54
52 50 16
52 53 7
52 59 52
53 9 56
53 12 37
53 15 55
53 16 42
53 18 31
53 19 43
53 26 21
53 30 23
53 31 7
53 32 52
53 39 33
53 40 39
53 41 48
53 47 51
53 48 29
54 0 57
54 4 12
54 6 53
54 7 14
54 10 48
54 11 11
54 13 21
54 15 23
54 18 45
54 24 7
54 28 10
54 33 59
54 37 4
54 41 24
54 44 6
54 46 52
54 47 18
54 57 1
54 59 20
55 2 42
55 4 27
55 5 32
55 16 49
55 24 4
55 25 45
55 26 6
55 29 20
55 36 12
55 40 52
55 48 30
55 50 10
55 55 21
56 0 2
56 3 13
56 4 41
56 6 48
56 12 5
56 15 26
56 16 15
56 18 54
56 19 14
56 22 7
56 26 45
56 34 21
56 39 19
56 40 49
56 42 52
56 44 34
56 46 55
56 48 28
56 50 38
56 55 25
57 4 8
57 7 58
57 8 38
57 14 5
57 18 55
57 19 49
57 24 22
57 26 54
57 27 41
57 37 28
57 38 23
57 44 13
57 45 4
57 46 51
57 49 25
57 51 19
57 53 6
57 55 37
57 57 7
58 7 21
58 9 15
58 12 28
58 23 41
58 25 25
58 29 27
58 32 34
58 33 14
58 34 6
58 35 22
58 38 10
58 39 18
58 40 5
58 46 23
58 52 8
59 0 47
59 7 54
59 12 46
59 14 1
59 17 10
59 20 17
59 21 49
59 25 13
59 27 58
59 28 50
59 29 40
59 32 2
59 44 20
59 46 0
59 51 57
