70
0 1 36
0 2 24
0 3 41
0 5 34
0 6 9
0 8 33
0 10 65
0 11 61
0 13 55
0 17 27
0 19 30
0 21 2
0 22 5
0 24 3
0 25 66
0 27 57
0 29 59
0 30 11
0 31 46
0 32 56
0 33 44
0 34 49
0 35 4
0 36 17
0 37 32
0 39 68
0 40 0
0 42 48
0 44 13
0 46 43
0 47 12
0 49 26
0 50 39
0 51 19
0 52 37
0 54 6
0 55 16
0 56 14
0 57 69
0 60 50
0 61 7
0 62 63
0 65 58
0 67 8
0 68 25
1 0 11
1 1 18
1 2 34
1 3 56
1 6 64
1 8 21
1 9 43
1 10 50
1 11 3
1 12 65
1 13 48
1 14 39
1 17 46
1 18 49
1 20 24
1 21 6
1 23 15
1 24 12
1 25 35
1 27 27
1 30 32
1 32 14
1 34 68
1 35 62
1 37 29
1 38 63
1 40 20
1 42 23
1 43 25
1 44 31
1 49 36
1 51 44
1 52 53
1 54 60
1 57 16
1 60 55
1 61 59
1 64 9
1 65 4
1 66 2
1 67 5
1 68 47
2 0 0
2 1 1
2 3 68
2 4 31
2 5 49
2 6 52
2 7 66
2 9 13
2 10 43
2 11 57
2 12 47
2 13 8
2 14 4
2 15 61
2 17 18
2 19 11
2 20 35
2 21 60
2 22 36
2 23 44
2 26 33
2 27 69
2 32 20
2 33 34
2 34 32
2 35 65
2 37 7
2 38 10
2 42 46
2 43 54
2 44 24
2 45 53
2 49 63
2 50 58
2 52 15
2 53 30
2 54 27
2 56 51
2 57 29
2 58 17
2 59 5
2 60 25
2 61 67
2 62 22
2 64 6
2 66 62
2 67 14
2 68 9
2 69 3
3 1 13
3 2 5
3 3 61
3 4 40
3 5 60
3 6 59
3 8 56
3 9 31
3 10 49
3 11 11
3 13 36
3 14 30
3 15 57
3 16 22
3 17 33
3 18 24
3 19 67
3 21 27
3 23 26
3 24 38
3 26 3
3 27 55
3 28 17
3 29 50
3 30 51
3 32 48
3 33 35
3 34 21
3 36 47
3 37 65
3 38 39
3 39 45
3 40 69
3 41 6
3 43 9
3 44 34
3 45 15
3 46 20
3 47 62
3 48 63
3 50 41
3 52 68
3 57 64
3 58 2
3 59 25
3 61 1
3 62 58
3 63 46
3 64 37
3 66 32
3 68 10
3 69 0
4 0 68
4 1 45
4 2 43
4 3 12
4 4 64
4 6 5
4 7 28
4 8 36
4 9 4
4 12 48
4 13 67
4 14 2
4 15 52
4 16 53
4 17 3
4 18 38
4 20 37
4 21 41
4 22 65
4 23 54
4 24 66
4 25 40
4 26 14
4 27 29
4 28 59
4 30 42
4 32 11
4 33 46
4 36 0
4 39 62
4 40 18
4 41 47
4 45 19
4 48 1
4 50 23
4 51 32
4 53 63
4 54 58
4 55 56
4 57 13
4 58 25
4 59 6
4 60 17
4 61 15
4 63 55
4 64 39
4 66 26
4 68 49
4 69 7
5 0 67
5 1 54
5 2 15
5 3 27
5 4 33
5 5 51
5 6 56
5 9 16
5 12 43
5 14 50
5 15 58
5 17 49
5 18 31
5 20 21
5 23 39
5 24 0
5 25 41
5 26 30
5 27 32
5 28 4
5 29 24
5 30 20
5 31 55
5 33 6
5 34 5
5 35 37
5 36 45
5 37 38
5 38 35
5 39 11
5 40 62
5 42 68
5 43 13
5 45 7
5 46 3
5 47 26
5 49 46
5 50 53
5 51 2
5 53 44
5 56 47
5 57 19
5 58 48
5 59 66
5 60 65
5 61 40
5 62 36
5 63 10
5 64 34
5 65 14
5 66 22
5 67 1
5 69 23
6 0 41
6 1 58
6 2 29
6 3 6
6 4 26
6 5 64
6 6 28
6 7 49
6 8 30
6 10 57
6 11 19
6 12 34
6 13 24
6 14 52
6 15 27
6 16 47
6 17 14
6 18 36
6 19 3
6 21 4
6 22 60
6 23 2
6 24 17
6 25 42
6 26 61
6 27 51
6 28 50
6 30 22
6 31 68
6 32 40
6 35 38
6 36 13
6 37 67
6 39 66
6 43 18
6 47 15
6 48 45
6 49 1
6 51 12
6 52 32
6 53 7
6 54 11
6 56 33
6 57 46
6 58 35
6 60 43
6 61 23
6 62 54
6 63 0
6 64 59
6 65 65
6 66 56
6 67 39
6 68 31
6 69 9
7 0 43
7 1 30
7 4 5
7 5 18
7 6 20
7 10 54
7 11 24
7 12 64
7 14 7
7 15 38
7 16 66
7 18 1
7 19 13
7 20 59
7 22 8
7 23 62
7 24 29
7 25 25
7 26 23
7 27 4
7 28 46
7 29 15
7 31 11
7 32 61
7 34 19
7 35 50
7 37 39
7 39 56
7 40 28
7 41 31
7 42 0
7 43 37
7 45 44
7 47 36
7 48 53
7 49 22
7 50 68
7 52 52
7 54 63
7 55 2
7 57 65
7 58 33
7 59 21
7 61 48
7 62 17
7 63 3
7 64 10
7 65 32
7 66 14
7 68 16
7 69 58
8 0 17
8 2 6
8 3 18
8 4 32
8 5 9
8 6 67
8 7 11
8 8 1
8 9 22
8 16 30
8 18 44
8 19 36
8 26 65
8 27 34
8 28 58
8 29 14
8 30 7
8 31 66
8 32 12
8 33 56
8 34 63
8 39 19
8 40 47
8 41 2
8 42 59
8 44 16
8 45 26
8 46 28
8 47 49
8 48 52
8 49 38
8 50 50
8 51 23
8 52 33
8 53 29
8 54 15
8 58 53
8 60 24
8 61 69
8 62 37
8 64 45
8 65 62
8 66 3
8 67 64
9 0 27
9 1 20
9 2 21
9 3 58
9 4 28
9 5 29
9 6 41
9 8 32
9 9 46
9 10 52
9 11 51
9 15 43
9 16 37
9 17 34
9 18 62
9 19 69
9 24 48
9 27 54
9 30 23
9 31 65
9 32 3
9 33 26
9 34 24
9 35 53
9 39 22
9 41 39
9 42 13
9 43 14
9 44 4
9 46 44
9 47 45
9 48 66
9 49 50
9 50 67
9 51 60
9 53 25
9 54 56
9 55 42
9 56 15
9 58 12
9 59 47
9 60 40
9 61 61
9 62 10
9 63 63
9 64 57
9 65 31
9 67 36
9 69 6
10 1 34
10 2 62
10 3 8
10 4 37
10 5 21
10 9 47
10 11 10
10 12 32
10 14 28
10 15 20
10 16 5
10 18 65
10 19 54
10 21 57
10 24 16
10 25 39
10 26 66
10 28 48
10 29 42
10 30 68
10 32 24
10 35 40
10 37 17
10 38 33
10 40 41
10 42 53
10 43 19
10 44 55
10 45 56
10 46 9
10 47 3
10 48 43
10 49 11
10 51 35
10 52 6
10 54 45
10 55 59
10 58 31
10 59 30
10 60 44
10 61 14
10 62 64
10 64 26
10 66 51
10 67 61
10 68 0
10 69 29
11 0 38
11 2 27
11 3 46
11 4 51
11 5 22
11 6 34
11 7 56
11 8 66
11 9 42
11 11 37
11 13 2
11 14 43
11 15 19
11 19 65
11 20 47
11 21 31
11 22 13
11 23 21
11 24 68
11 25 4
11 26 50
11 27 23
11 29 18
11 30 14
11 31 45
11 32 7
11 33 54
11 34 8
11 35 16
11 36 63
11 37 1
11 39 41
11 40 24
11 43 33
11 44 59
11 45 25
11 46 67
11 47 29
11 48 3
11 49 40
11 50 9
11 51 58
11 53 10
11 54 30
11 55 52
11 57 28
11 58 57
11 59 55
11 60 32
11 61 44
11 62 53
11 64 69
11 65 5
11 68 62
12 0 5
12 2 7
12 4 30
12 5 13
12 7 52
12 9 8
12 10 59
12 11 36
12 12 25
12 13 64
12 14 9
12 15 21
12 18 51
12 19 43
12 20 3
12 24 49
12 26 57
12 27 14
12 28 15
12 29 32
12 33 60
12 34 18
12 35 31
12 36 67
12 37 54
12 38 69
12 39 38
12 40 19
12 41 58
12 42 2
12 43 24
12 44 44
12 45 1
12 46 39
12 47 50
12 48 23
12 50 34
12 51 61
12 53 16
12 54 46
12 56 4
12 57 42
12 59 22
12 60 6
12 61 53
12 63 17
12 64 63
12 65 28
12 66 37
12 67 48
12 68 27
12 69 65
13 0 25
13 1 16
13 2 8
13 3 45
13 5 32
13 8 47
13 9 39
13 10 61
13 11 56
13 12 2
13 13 62
13 14 24
13 15 11
13 16 65
13 18 57
13 19 58
13 20 31
13 21 49
13 22 48
13 23 40
13 24 14
13 25 27
13 26 64
13 27 41
13 28 63
13 29 53
13 30 30
13 31 37
13 34 26
13 36 4
13 37 35
13 38 44
13 42 43
13 43 20
13 44 50
13 45 38
13 46 36
13 47 33
13 48 34
13 50 59
13 51 5
13 52 19
13 53 68
13 54 51
13 55 69
13 56 42
13 57 54
13 58 9
13 60 10
13 61 29
13 62 13
13 63 7
13 64 3
13 66 6
13 67 52
13 68 21
14 0 37
14 1 68
14 3 44
14 5 58
14 6 11
14 7 47
14 8 39
14 13 54
14 15 69
14 16 8
14 18 33
14 19 17
14 20 6
14 22 24
14 24 62
14 26 59
14 27 25
14 29 3
14 30 0
14 31 1
14 34 56
14 36 31
14 37 34
14 38 45
14 39 64
14 41 49
14 44 10
14 46 30
14 48 42
14 49 28
14 52 20
14 54 66
14 55 48
14 57 40
14 61 13
14 62 27
14 63 16
14 64 19
14 65 15
14 66 21
14 68 51
15 0 44
15 4 67
15 5 8
15 6 51
15 7 22
15 8 31
15 9 58
15 10 6
15 11 9
15 13 43
15 14 56
15 15 63
15 16 20
15 17 24
15 22 21
15 23 25
15 24 37
15 26 55
15 27 59
15 29 29
15 31 0
15 32 15
15 33 53
15 34 39
15 35 54
15 37 49
15 38 65
15 39 57
15 41 11
15 42 26
15 43 4
15 46 47
15 47 60
15 49 66
15 51 1
15 53 41
15 55 62
15 57 48
15 58 42
15 60 34
15 61 50
15 63 19
15 64 30
15 66 23
15 68 45
16 0 55
16 1 63
16 2 33
16 3 60
16 4 25
16 5 1
16 6 43
16 7 24
16 9 15
16 11 59
16 12 58
16 14 6
16 16 27
16 17 30
16 18 12
16 20 23
16 21 19
16 22 7
16 24 50
16 25 54
16 27 52
16 28 0
16 29 13
16 33 61
16 34 28
16 35 56
16 36 38
16 37 68
16 38 2
16 39 65
16 40 10
16 41 44
16 42 4
16 43 31
16 44 66
16 46 29
16 47 37
16 48 32
16 49 48
16 50 57
16 51 41
16 52 46
16 53 22
16 54 67
16 55 47
16 56 20
16 58 3
16 59 53
16 60 45
16 64 16
16 65 49
16 66 36
16 67 40
16 68 5
16 69 21
17 0 40
17 2 26
17 3 34
17 4 24
17 5 66
17 8 4
17 9 50
17 10 36
17 11 20
17 12 5
17 15 13
17 17 47
17 18 56
17 19 29
17 20 60
17 22 58
17 23 42
17 24 57
17 25 68
17 26 53
17 27 39
17 28 31
17 30 18
17 31 9
17 32 64
17 33 52
17 34 35
17 37 63
17 38 27
17 40 16
17 41 10
17 43 62
17 44 51
17 46 15
17 49 41
17 50 0
17 51 49
17 52 67
17 53 65
17 54 33
17 57 55
17 59 11
17 61 17
17 63 32
17 64 28
17 65 23
17 67 38
18 0 32
18 1 48
18 4 3
18 5 25
18 6 29
18 9 12
18 10 28
18 11 33
18 14 23
18 15 16
18 16 18
18 18 13
18 19 22
18 20 55
18 21 11
18 22 30
18 24 39
18 25 14
18 26 26
18 27 49
18 28 34
18 29 63
18 32 41
18 34 42
18 35 36
18 36 51
18 37 10
18 38 68
18 39 27
18 40 17
18 41 15
18 42 52
18 44 20
18 46 5
18 47 66
18 48 64
18 49 21
18 50 31
18 51 4
18 53 58
18 54 62
18 55 7
18 56 6
18 58 50
18 59 45
18 62 9
18 63 67
18 64 1
18 66 40
18 67 69
18 69 57
19 1 61
19 2 67
19 3 32
19 4 41
19 7 8
19 8 62
19 9 34
19 10 20
19 16 56
19 17 51
19 19 27
19 20 13
19 22 23
19 23 66
19 24 5
19 25 19
19 26 9
19 27 40
19 28 16
19 29 69
19 30 44
19 32 54
19 33 10
19 35 18
19 37 26
19 38 4
19 39 60
19 40 64
19 41 29
19 42 28
19 43 7
19 44 52
19 45 30
19 46 11
19 48 55
19 49 24
19 52 50
19 54 38
19 55 31
19 57 14
19 59 36
19 60 15
19 62 21
19 63 57
19 67 3
19 68 39
19 69 25
20 0 9
20 1 2
20 2 13
20 3 40
20 4 36
20 5 41
20 6 4
20 7 15
20 8 64
20 9 7
20 10 11
20 11 14
20 12 8
20 14 42
20 15 6
20 17 38
20 20 46
20 21 56
20 22 17
20 26 54
20 27 1
20 29 35
20 30 55
20 31 21
20 32 68
20 34 62
20 35 24
20 36 58
20 37 37
20 38 0
20 40 5
20 41 61
20 42 65
20 43 16
20 44 30
20 45 18
20 47 25
20 49 29
20 51 69
20 53 48
20 54 50
20 55 63
20 57 34
20 58 67
20 59 59
20 60 3
20 62 32
20 63 44
20 66 12
20 67 53
21 0 42
21 1 0
21 2 1
21 3 28
21 4 65
21 5 45
21 7 50
21 8 9
21 9 68
21 11 46
21 12 57
21 13 47
21 15 14
21 16 23
21 21 63
21 22 62
21 26 58
21 27 3
21 28 38
21 29 48
21 30 39
21 31 64
21 35 44
21 36 6
21 37 36
21 39 21
21 41 67
21 42 12
21 43 15
21 44 2
21 45 60
21 46 66
21 51 33
21 52 34
21 53 35
21 54 7
21 59 4
21 60 51
21 62 31
21 63 29
21 64 53
21 67 30
21 68 32
21 69 8
22 0 35
22 1 43
22 2 22
22 4 59
22 6 19
22 7 20
22 8 25
22 9 67
22 11 5
22 12 33
22 15 34
22 16 68
22 17 9
22 19 38
22 21 13
22 22 51
22 24 32
22 25 6
22 26 2
22 28 52
22 30 53
22 31 28
22 32 8
22 33 41
22 34 58
22 36 64
22 39 12
22 40 39
22 42 7
22 43 49
22 44 11
22 45 0
22 46 27
22 47 57
22 48 44
22 49 16
22 50 17
22 52 18
22 53 14
22 54 61
22 55 37
22 56 69
22 57 24
22 58 21
22 59 54
22 61 31
22 64 48
22 65 29
22 68 40
22 69 42
23 3 4
23 5 16
23 7 5
23 8 68
23 10 19
23 11 22
23 12 7
23 16 1
23 19 63
23 21 50
23 23 28
23 24 13
23 25 23
23 26 25
23 27 61
23 28 51
23 29 8
23 30 66
23 31 49
23 32 34
23 36 36
23 37 62
23 38 67
23 39 55
23 40 43
23 42 30
23 44 12
23 45 57
23 46 58
23 48 17
23 49 3
23 50 6
23 51 65
23 53 53
23 55 26
23 56 32
23 59 69
23 61 54
23 62 46
23 63 40
23 65 2
23 66 18
23 67 37
23 68 20
23 69 44
24 1 53
24 2 60
24 5 63
24 6 0
24 8 50
24 9 45
24 14 27
24 15 54
24 16 55
24 17 26
24 19 32
24 20 18
24 21 3
24 22 42
24 23 41
24 24 47
24 25 62
24 26 68
24 27 19
24 29 20
24 30 9
24 31 69
24 32 58
24 34 40
24 35 23
24 36 46
24 37 11
24 38 7
24 41 37
24 45 48
24 47 39
24 48 65
24 50 56
24 53 59
24 54 64
24 57 4
24 60 36
24 61 28
24 62 35
24 63 30
24 64 52
24 65 57
24 67 33
24 68 24
24 69 66
25 0 21
25 1 32
25 2 46
25 4 68
25 5 62
25 6 17
25 7 44
25 9 26
25 10 58
25 11 48
25 12 12
25 13 1
25 14 29
25 15 31
25 16 40
25 17 55
25 18 39
25 20 15
25 24 9
25 25 8
25 26 49
25 27 45
25 28 24
25 30 67
25 34 30
25 44 7
25 45 65
25 46 63
25 47 10
25 48 0
25 49 18
25 50 69
25 51 53
25 53 13
25 55 11
25 57 20
25 59 16
25 61 56
25 62 28
25 63 42
25 65 60
25 66 33
25 67 23
25 68 57
26 0 63
26 2 66
26 3 10
26 5 23
26 6 8
26 7 30
26 8 38
26 9 44
26 10 17
26 11 7
26 13 35
26 14 69
26 15 62
26 17 25
26 19 34
26 20 67
26 21 51
26 22 39
26 23 65
26 24 36
26 25 26
26 26 41
26 27 24
26 28 42
26 29 19
26 30 31
26 31 12
26 33 59
26 34 61
26 35 49
26 36 55
26 37 56
26 38 6
26 40 68
26 41 32
26 43 53
26 47 58
26 51 0
26 52 22
26 53 52
26 54 13
26 55 20
26 58 14
26 59 29
26 60 5
26 61 33
26 62 47
26 63 1
26 65 43
26 67 15
26 68 2
27 3 37
27 4 29
27 5 39
27 7 68
27 8 5
27 10 0
27 11 1
27 12 41
27 14 62
27 15 15
27 16 69
27 17 42
27 18 3
27 19 45
27 20 4
27 22 52
27 23 7
27 24 27
27 25 20
27 26 38
27 27 8
27 28 40
27 30 46
27 32 19
27 36 9
27 38 56
27 39 59
27 40 48
27 41 65
27 43 6
27 44 18
27 45 49
27 46 50
27 48 16
27 49 10
27 50 43
27 51 24
27 52 2
27 53 66
27 54 54
27 55 12
27 57 35
27 58 28
27 59 63
27 60 21
27 63 34
27 64 60
27 65 36
27 66 58
27 67 13
27 68 26
27 69 64
28 0 20
28 2 53
28 3 57
28 6 7
28 9 30
28 13 60
28 15 66
28 17 69
28 18 18
28 19 49
28 20 48
28 21 26
28 23 43
28 27 0
28 29 10
28 30 24
28 31 16
28 34 64
28 35 9
28 38 32
28 39 47
28 40 21
28 42 41
28 43 40
28 44 19
28 45 6
28 46 25
28 48 33
28 49 44
28 51 37
28 52 54
28 53 1
28 54 14
28 56 61
28 57 38
28 58 4
28 59 3
28 60 68
28 61 34
28 62 39
28 63 13
28 64 29
28 65 67
28 66 11
28 67 50
28 69 55
29 0 64
29 1 37
29 2 55
29 4 48
29 5 7
29 6 3
29 8 18
29 9 56
29 10 23
29 12 26
29 13 27
29 15 4
29 16 49
29 17 2
29 18 11
29 19 33
29 21 69
29 22 9
29 24 24
29 25 36
29 27 22
29 28 12
29 29 68
29 30 21
29 32 5
29 33 17
29 34 16
29 36 53
29 38 61
29 41 43
29 42 51
29 43 46
29 46 59
29 47 38
29 51 20
29 53 0
29 54 10
29 55 66
29 57 58
29 58 15
29 60 30
29 61 57
29 62 34
29 63 39
29 64 32
29 65 47
29 66 50
29 68 19
29 69 60
30 0 39
30 1 38
30 3 30
30 4 69
30 5 42
30 6 40
30 8 54
30 9 11
30 10 3
30 11 60
30 12 6
30 16 29
30 20 10
30 21 8
30 22 53
30 23 12
30 24 18
30 27 31
30 28 20
30 29 62
30 30 33
30 31 48
30 32 1
30 33 14
30 35 2
30 36 24
30 38 55
30 41 23
30 43 47
30 44 49
30 45 45
30 46 32
30 47 46
30 48 13
30 49 56
30 50 52
30 51 63
30 54 28
30 55 22
30 56 50
30 57 51
30 59 0
30 60 64
30 61 41
30 62 16
30 64 66
30 67 9
30 68 34
31 1 52
31 2 64
31 4 53
31 6 39
31 7 13
31 8 24
31 9 14
31 10 45
31 11 30
31 12 46
31 13 37
31 14 49
31 15 25
31 16 38
31 18 47
31 19 5
31 20 42
31 24 21
31 25 61
31 26 0
31 27 10
31 28 56
31 29 65
31 32 22
31 33 16
31 34 11
31 35 6
31 36 8
31 37 57
31 39 51
31 40 9
31 41 36
31 42 29
31 43 17
31 44 32
31 45 41
31 46 18
31 47 19
31 48 35
31 49 69
31 50 66
31 52 44
31 53 3
31 55 50
31 56 60
31 57 68
31 58 27
31 59 15
31 64 58
31 67 31
31 68 67
31 69 63
32 0 6
32 1 3
32 3 16
32 4 2
32 6 63
32 7 51
32 9 5
32 10 56
32 11 26
32 12 49
32 13 45
32 16 34
32 18 21
32 20 33
32 22 44
32 23 59
32 25 65
32 27 9
32 29 11
32 31 10
32 33 27
32 34 60
32 35 39
32 36 25
32 39 54
32 40 23
32 41 28
32 42 36
32 43 55
32 44 0
32 45 32
32 46 1
32 47 40
32 48 8
32 49 53
32 52 42
32 53 57
32 56 58
32 57 31
32 58 18
32 61 22
32 62 41
32 63 43
32 65 24
32 66 52
32 68 38
32 69 67
33 0 16
33 2 38
33 4 47
33 5 53
33 6 15
33 7 69
33 8 48
33 9 25
33 10 10
33 11 52
33 12 45
33 15 3
33 16 61
33 17 64
33 20 62
33 21 36
33 23 9
33 24 55
33 25 21
33 26 24
33 27 66
33 28 37
33 30 27
33 31 41
33 32 17
33 33 29
33 34 0
33 35 12
33 36 30
33 37 5
33 38 51
33 39 63
33 40 35
33 41 46
33 42 31
33 44 40
33 46 34
33 47 1
33 48 60
33 49 59
33 52 56
33 53 49
33 55 44
33 56 57
33 57 50
33 58 8
33 59 43
33 60 2
33 61 18
33 62 6
33 63 11
33 64 68
33 66 13
33 67 65
33 68 14
34 0 60
34 1 41
34 2 10
34 3 67
34 6 42
34 8 19
34 11 39
34 13 51
34 14 48
34 15 44
34 16 45
34 18 14
34 20 69
34 22 35
34 23 34
34 24 52
34 25 53
34 26 62
34 27 18
34 32 63
34 33 36
34 35 0
34 37 46
34 38 13
34 39 15
34 40 58
34 41 68
34 42 22
34 43 30
34 45 2
34 46 55
34 48 21
34 49 6
34 51 59
34 52 27
34 55 54
34 56 49
34 57 43
34 58 7
34 60 57
34 62 66
34 63 24
34 64 20
34 67 11
34 68 17
35 1 39
35 2 69
35 5 65
35 6 47
35 7 25
35 9 55
35 10 4
35 11 16
35 13 58
35 14 15
35 15 9
35 16 59
35 17 11
35 18 28
35 19 7
35 20 8
35 21 0
35 22 6
35 23 46
35 24 44
35 27 42
35 28 41
35 29 49
35 30 17
35 33 45
35 34 66
35 35 29
35 36 32
35 37 50
35 39 34
35 40 30
35 41 60
35 43 56
35 44 43
35 45 54
35 46 62
35 49 37
35 50 2
35 51 68
35 52 13
35 54 31
35 55 3
35 56 10
35 57 12
35 60 35
35 62 18
35 63 14
35 64 21
35 65 63
35 66 61
35 67 22
35 68 48
36 0 4
36 1 21
36 2 39
36 3 35
36 5 54
36 6 48
36 8 44
36 10 15
36 11 63
36 12 59
36 13 61
36 16 9
36 20 19
36 22 43
36 23 49
36 25 2
36 26 28
36 27 6
36 29 5
36 31 7
36 32 10
36 34 52
36 35 30
36 38 41
36 39 20
36 40 42
36 41 64
36 42 32
36 44 17
36 45 27
36 47 8
36 48 47
36 49 12
36 50 29
36 51 40
36 53 24
36 54 26
36 55 60
36 57 36
36 58 55
36 59 14
36 60 13
36 61 37
36 63 58
36 64 25
36 69 22
37 0 36
37 1 8
37 2 40
37 3 53
37 4 17
37 8 58
37 10 32
37 11 4
37 14 0
37 15 26
37 16 41
37 17 52
37 18 59
37 19 61
37 20 12
37 21 35
37 23 10
37 24 63
37 25 34
37 27 15
37 28 3
37 30 43
37 31 51
37 32 39
37 33 2
37 34 6
37 35 69
37 36 65
37 38 50
37 40 25
37 41 48
37 43 44
37 44 22
37 46 37
37 47 11
37 48 68
37 49 47
37 51 14
37 52 16
37 53 38
37 55 49
37 56 13
37 57 18
37 58 23
37 59 31
37 61 62
37 62 20
37 63 60
37 64 67
37 65 66
37 67 7
37 68 30
37 69 45
38 0 57
38 1 19
38 2 16
38 3 52
38 4 20
38 5 37
38 6 26
38 7 9
38 11 0
38 12 11
38 13 17
38 15 32
38 16 6
38 17 10
38 20 65
38 23 51
38 24 56
38 25 58
38 27 63
38 28 60
38 29 27
38 31 5
38 32 25
38 34 55
38 35 21
38 36 7
38 38 22
38 39 36
38 42 15
38 44 14
38 45 68
38 47 13
38 49 54
38 50 3
38 51 46
38 52 28
38 54 2
38 55 67
38 56 30
38 57 23
38 59 49
38 61 4
38 63 12
38 64 64
38 65 44
38 67 59
38 68 42
38 69 50
39 0 2
39 2 17
39 3 33
39 4 1
39 5 0
39 6 13
39 7 27
39 8 43
39 9 63
39 10 26
39 11 8
39 12 62
39 15 50
39 16 67
39 17 23
39 18 7
39 20 45
39 22 38
39 24 42
39 25 30
39 26 32
39 27 20
39 28 55
39 29 36
39 30 19
39 32 44
39 33 40
39 35 34
39 36 56
39 37 4
39 39 5
39 40 66
39 41 3
39 43 60
39 46 65
39 47 48
39 48 51
39 49 31
39 50 28
39 51 25
39 52 49
39 53 11
39 54 18
39 56 68
39 57 15
39 60 9
39 61 6
39 62 57
39 63 22
39 64 47
39 65 61
39 66 29
39 67 16
39 68 35
40 0 33
40 1 25
40 2 20
40 3 49
40 5 56
40 7 34
40 8 35
40 11 43
40 13 53
40 15 51
40 16 7
40 17 13
40 18 27
40 21 5
40 23 11
40 24 64
40 26 69
40 27 67
40 28 8
40 29 52
40 30 48
40 31 24
40 34 12
40 35 32
40 36 66
40 38 19
40 39 10
40 40 6
40 41 18
40 43 2
40 46 42
40 47 68
40 48 22
40 49 61
40 52 23
40 53 21
40 57 62
40 62 0
40 64 55
40 65 3
40 66 65
40 67 58
40 68 37
40 69 36
41 0 3
41 1 59
41 2 52
41 3 19
41 6 12
41 8 42
41 11 23
41 13 20
41 14 1
41 15 36
41 16 13
41 17 68
41 18 34
41 19 47
41 21 22
41 22 46
41 25 10
41 26 51
41 29 0
41 30 29
41 31 14
41 32 4
41 33 65
41 35 55
41 36 28
41 38 31
41 40 27
41 41 56
41 42 44
41 43 63
41 44 45
41 45 66
41 46 17
41 47 64
41 48 50
41 51 11
41 53 6
41 54 25
41 55 40
41 56 37
41 58 30
41 59 62
41 61 8
41 62 60
41 63 54
41 66 39
41 67 24
41 68 43
41 69 49
42 0 19
42 1 62
42 2 12
42 3 7
42 4 63
42 5 47
42 6 31
42 8 8
42 9 49
42 10 53
42 11 69
42 12 14
42 13 33
42 14 11
42 16 50
42 17 5
42 19 20
42 20 2
42 21 45
42 22 66
42 23 32
42 24 15
42 25 55
42 26 13
42 27 26
42 28 43
42 30 6
42 31 18
42 32 27
42 33 42
42 34 36
42 36 37
42 37 3
42 38 46
42 41 25
42 43 39
42 45 52
42 46 64
42 47 54
42 48 24
42 49 30
42 51 16
42 52 10
42 53 56
42 54 57
42 55 34
42 57 22
42 60 48
42 61 60
42 62 4
42 65 21
42 68 1
42 69 68
43 0 62
43 3 38
43 4 55
43 5 26
43 8 6
43 9 32
43 10 7
43 13 65
43 14 18
43 15 10
43 16 63
43 17 37
43 18 17
43 21 23
43 27 21
43 29 40
43 30 45
43 34 3
43 37 24
43 38 12
43 39 8
43 40 46
43 41 50
43 42 69
43 43 67
43 44 57
43 45 20
43 46 14
43 47 4
43 48 27
43 49 15
43 50 5
43 52 64
43 53 60
43 54 36
43 55 35
43 56 41
43 57 44
43 59 68
43 61 2
43 62 59
43 63 33
43 64 13
43 65 54
43 66 0
43 68 61
43 69 47
44 0 34
44 1 5
44 2 63
44 3 26
44 4 7
44 6 50
44 7 65
44 8 10
44 9 23
44 10 8
44 11 12
44 13 0
44 14 46
44 15 22
44 17 28
44 19 62
44 20 58
44 22 19
44 23 17
44 24 30
44 25 3
44 26 43
44 27 16
44 29 66
44 30 57
44 31 27
44 33 47
44 35 1
44 36 60
44 37 33
44 38 24
44 40 49
44 41 45
44 42 39
44 46 61
44 47 6
44 48 31
44 49 67
44 51 13
44 52 29
44 57 21
44 58 56
44 59 37
44 60 20
44 61 68
44 62 25
44 64 36
44 67 54
44 68 59
45 1 49
45 2 42
45 3 62
45 4 56
45 5 31
45 6 18
45 7 36
45 8 55
45 9 60
45 12 20
45 14 41
45 16 33
45 17 8
45 18 10
45 19 68
45 21 24
45 23 57
45 25 15
45 28 7
45 30 65
45 32 45
45 33 69
45 35 58
45 38 59
45 39 48
45 40 14
45 41 35
45 42 47
45 43 12
45 44 9
45 46 26
45 47 0
45 48 19
45 50 32
45 51 21
45 52 4
45 54 53
45 55 27
45 56 29
45 57 6
45 61 11
45 62 30
45 63 5
45 64 23
45 65 37
45 66 34
45 67 46
45 68 52
46 1 14
46 4 42
46 5 20
46 9 38
46 10 68
46 11 47
46 12 50
46 13 56
46 14 21
46 15 60
46 16 16
46 17 12
46 19 53
46 21 48
46 22 67
46 24 25
46 25 52
46 28 5
46 29 6
46 30 62
46 31 57
46 32 30
46 33 11
46 34 29
46 35 59
46 36 43
46 37 58
46 38 49
46 39 31
46 40 33
46 41 9
46 43 8
46 44 36
46 45 3
46 47 2
46 50 35
46 51 28
46 52 39
46 53 55
46 54 44
46 55 0
46 56 1
46 57 7
46 58 26
46 60 19
46 61 63
46 63 64
46 65 45
46 67 34
46 68 54
46 69 40
47 0 51
47 2 18
47 3 39
47 4 6
47 6 45
47 7 32
47 8 40
47 10 42
47 11 68
47 12 28
47 14 34
47 16 52
47 17 41
47 18 26
47 19 2
47 23 37
47 24 61
47 25 44
47 26 60
47 27 5
47 33 13
47 34 17
47 39 43
47 40 1
47 41 27
47 42 63
47 46 23
47 47 22
47 48 25
47 49 58
47 51 67
47 52 62
47 54 49
47 55 36
47 56 48
47 57 59
47 59 56
47 60 14
47 61 65
47 62 33
47 63 21
47 66 24
47 69 10
48 0 23
48 1 26
48 3 11
48 5 67
48 7 37
48 9 17
48 14 32
48 16 58
48 19 50
48 20 53
48 22 10
48 25 31
48 26 34
48 27 47
48 28 61
48 30 59
48 31 6
48 32 49
48 33 9
48 36 20
48 37 66
48 38 30
48 39 4
48 41 57
48 42 19
48 43 22
48 44 1
48 45 21
48 46 54
48 48 14
48 50 46
48 51 39
48 53 27
48 54 69
48 56 40
48 60 38
48 62 5
48 63 28
48 64 65
48 65 12
48 67 62
48 68 36
48 69 13
49 1 55
49 3 20
49 4 46
49 5 59
49 6 66
49 7 39
49 8 52
49 10 51
49 14 35
49 15 37
49 16 25
49 18 30
49 19 15
49 20 14
49 21 65
49 22 0
49 26 11
49 28 27
49 29 43
49 31 60
49 32 50
49 33 8
49 35 63
49 36 44
49 37 64
49 39 40
49 40 2
49 42 6
49 44 3
49 45 47
49 47 31
49 48 18
49 49 57
49 51 56
49 52 12
49 55 28
49 56 17
49 57 45
49 58 36
49 60 1
49 61 24
49 62 62
49 63 41
49 65 13
49 68 33
49 69 61
50 0 69
50 1 24
50 3 25
50 4 23
50 6 10
50 7 53
50 8 45
50 9 0
50 10 46
50 11 28
50 12 52
50 13 19
50 14 13
50 15 39
50 16 54
50 18 20
50 20 43
50 22 64
50 23 48
50 24 7
50 25 60
50 28 2
50 29 41
50 30 1
50 33 22
50 34 57
50 36 12
50 38 62
50 42 5
50 43 29
50 44 65
50 45 11
50 46 33
50 47 14
50 48 61
50 50 38
50 52 21
50 54 16
50 55 9
50 57 30
50 58 49
50 59 40
50 60 58
50 61 66
50 62 26
50 63 68
50 64 8
50 65 56
50 68 15
50 69 51
51 0 45
51 4 13
51 5 10
51 6 6
51 8 17
51 9 57
51 11 65
51 14 12
51 15 2
51 16 14
51 17 60
51 18 53
51 20 16
51 24 26
51 25 32
51 26 20
51 27 68
51 28 69
51 29 7
51 30 25
51 32 67
51 33 21
51 34 47
51 35 35
51 36 62
51 38 54
51 39 24
51 41 33
51 43 28
51 44 42
51 46 0
51 47 30
51 48 4
51 49 51
51 50 40
51 51 9
51 52 38
51 53 64
51 55 5
51 56 52
51 57 11
51 59 34
51 60 18
51 61 46
51 63 59
51 65 19
51 66 15
51 67 63
51 68 58
51 69 27
52 0 61
52 2 3
52 3 14
52 5 48
52 6 22
52 7 41
52 8 34
52 10 21
52 13 52
52 16 44
52 18 35
52 19 51
52 20 26
52 21 66
52 22 63
52 23 6
52 24 2
52 25 11
52 26 19
52 27 17
52 28 53
52 31 30
52 33 7
52 34 1
52 35 60
52 37 0
52 38 9
52 40 4
52 41 12
52 42 8
52 43 58
52 45 13
52 46 31
52 47 69
52 48 28
52 49 65
52 50 25
52 51 42
52 52 24
52 53 40
52 54 68
52 55 32
52 56 5
52 57 37
52 58 10
52 60 33
52 62 50
52 63 18
52 64 54
52 65 38
52 66 57
52 67 47
52 68 29
52 69 62
53 1 56
53 5 44
53 6 68
53 7 6
53 8 22
53 11 13
53 12 38
53 13 23
53 14 61
53 15 30
53 16 36
53 18 55
53 19 59
53 20 50
53 21 53
53 22 37
53 24 10
53 25 63
53 27 28
53 29 17
53 30 54
53 33 39
53 34 2
53 35 25
53 36 48
53 37 12
53 38 43
53 39 29
53 41 41
53 42 11
53 43 5
53 47 20
53 48 57
53 49 8
53 51 15
53 52 40
53 54 9
53 56 64
53 57 27
53 58 47
53 59 19
53 60 16
53 62 42
53 63 49
53 64 46
53 65 0
53 66 4
53 67 32
53 69 26
54 0 50
54 1 6
54 4 12
54 5 3
54 6 60
54 7 40
54 8 2
54 9 65
54 11 58
54 12 44
54 13 69
54 15 28
54 16 51
54 18 52
54 19 14
54 20 29
54 21 43
54 23 63
54 24 11
54 25 64
54 26 47
54 27 33
54 29 54
54 31 15
54 32 35
54 33 32
54 35 13
54 36 22
54 37 20
54 39 9
54 40 37
54 41 5
54 43 1
54 44 38
54 46 53
54 47 61
54 51 45
54 52 57
54 56 55
54 58 68
54 59 41
54 61 16
54 64 42
54 66 67
54 67 0
54 68 18
54 69 39
55 0 24
55 4 35
55 5 11
55 7 23
55 8 0
55 9 61
55 12 36
55 13 14
55 15 17
55 16 12
55 17 45
55 18 54
55 19 60
55 21 21
55 26 67
55 28 30
55 29 31
55 30 69
55 33 4
55 35 5
55 38 38
55 39 13
55 40 8
55 43 3
55 45 63
55 46 7
55 47 34
55 48 62
55 51 52
55 55 68
55 56 9
55 58 32
55 60 53
55 63 6
55 66 64
55 67 55
55 68 50
56 0 46
56 3 59
56 5 61
56 6 55
56 7 2
56 8 27
56 9 24
56 11 64
56 12 54
56 14 58
56 16 57
56 17 53
56 19 16
56 20 56
56 21 32
56 22 18
56 23 47
56 24 60
56 25 48
56 27 11
56 29 33
56 30 12
56 31 17
56 32 31
56 33 37
56 34 14
56 35 45
56 36 69
56 40 15
56 42 50
56 43 52
56 45 9
56 46 49
56 47 63
56 49 13
56 50 62
56 51 66
56 53 20
56 54 21
56 56 23
56 57 25
56 58 65
56 59 26
56 60 67
56 61 10
56 62 29
56 63 38
56 64 51
56 66 5
57 1 7
57 2 14
57 3 9
57 4 10
57 5 68
57 6 54
57 8 13
57 10 39
57 13 25
57 14 38
57 16 4
57 17 50
57 18 58
57 19 23
57 20 30
57 22 11
57 23 33
57 25 69
57 26 21
57 27 44
57 29 34
57 30 63
57 31 32
57 32 6
57 33 12
57 34 59
57 35 64
57 36 57
57 37 2
57 38 52
57 39 53
57 40 31
57 41 55
57 42 45
57 43 36
57 45 22
57 46 16
57 47 67
57 48 41
57 50 20
57 51 18
57 52 1
57 53 42
57 54 17
57 56 27
57 58 62
57 59 48
57 60 28
57 62 65
57 63 61
57 64 24
57 65 51
57 68 60
57 69 19
58 1 17
58 2 19
58 3 5
58 4 11
58 5 15
58 6 21
58 7 48
58 9 27
58 10 37
58 11 44
58 12 60
58 13 13
58 14 3
58 16 10
58 19 39
58 20 52
58 21 16
58 22 32
58 23 55
58 24 4
58 25 0
58 27 43
58 28 25
58 29 9
58 30 61
58 31 26
58 32 29
58 33 38
58 35 20
58 36 68
58 37 28
58 38 14
58 39 30
58 40 67
58 42 66
58 43 57
58 44 54
58 45 34
58 46 46
58 47 47
58 49 35
58 51 22
58 52 63
58 53 36
58 54 40
58 55 41
58 56 24
58 57 1
58 58 51
58 59 2
58 60 59
58 61 42
58 62 12
58 63 62
58 64 33
58 65 8
58 67 56
58 68 65
59 1 51
59 2 41
59 3 47
59 5 55
59 6 32
59 7 42
59 8 49
59 9 62
59 10 60
59 11 27
59 13 66
59 14 63
59 16 21
59 18 4
59 20 11
59 21 25
59 22 56
59 23 30
59 25 46
59 26 1
59 27 2
59 28 14
59 29 44
59 30 26
59 31 67
59 34 15
59 35 68
59 36 54
59 37 23
59 38 58
59 39 39
59 40 29
59 43 45
59 44 35
59 46 40
59 47 16
59 49 7
59 51 36
59 52 8
59 53 34
59 54 12
59 56 18
59 58 20
59 59 38
59 60 22
59 61 0
59 62 52
59 63 9
59 64 50
59 65 6
59 66 59
59 67 17
60 1 22
60 2 4
60 3 43
60 4 0
60 5 57
60 7 17
60 8 63
60 9 66
60 10 41
60 11 31
60 12 40
60 13 38
60 15 29
60 18 32
60 19 37
60 20 25
60 21 34
60 22 26
60 23 68
60 24 6
60 25 12
60 28 18
60 29 1
60 33 50
60 34 48
60 37 42
60 40 3
60 41 16
60 42 55
60 44 58
60 45 67
60 46 19
60 48 11
60 50 61
60 53 8
60 54 47
60 55 21
60 56 59
60 59 52
60 60 27
60 61 39
60 65 9
60 66 45
60 67 51
60 68 69
61 0 8
61 2 56
61 3 15
61 4 44
61 5 24
61 7 7
61 8 20
61 9 1
61 10 34
61 11 6
61 14 55
61 15 41
61 18 63
61 19 57
61 20 32
61 21 40
61 22 33
61 23 19
61 24 69
61 25 51
61 26 39
61 28 54
61 32 43
61 33 25
61 34 67
61 35 11
61 36 52
61 37 45
61 38 37
61 39 3
61 40 50
61 41 62
61 42 9
61 43 42
61 44 46
61 45 28
61 47 27
61 50 36
61 52 65
61 53 18
61 54 29
61 56 26
61 57 47
61 58 61
61 60 49
61 62 68
61 63 53
61 64 14
61 65 10
61 66 66
61 67 2
61 69 59
62 1 10
62 2 68
62 3 3
62 5 19
62 7 62
62 9 21
62 10 69
62 11 53
62 12 55
62 13 49
62 14 47
62 15 33
62 16 32
62 17 16
62 18 9
62 19 6
62 20 34
62 22 41
62 23 22
62 24 51
62 25 67
62 26 4
62 27 38
62 29 37
62 31 43
62 34 45
62 35 42
62 36 1
62 38 60
62 39 44
62 40 65
62 46 52
62 47 18
62 48 58
62 49 17
62 51 31
62 54 8
62 55 57
62 56 2
62 58 66
62 60 46
62 61 27
62 62 40
62 64 56
62 65 30
62 66 35
62 67 25
62 68 11
62 69 12
63 0 53
63 1 29
63 2 37
63 3 42
63 4 9
63 5 36
63 6 2
63 8 3
63 9 69
63 10 67
63 11 50
63 12 30
63 14 57
63 15 65
63 16 43
63 18 25
63 19 12
63 20 49
63 22 22
63 23 58
63 25 13
63 28 68
63 29 26
63 32 21
63 33 24
63 35 28
63 36 11
63 37 16
63 38 23
63 39 61
63 40 34
63 41 0
63 42 1
63 43 10
63 44 39
63 47 5
63 48 59
63 50 27
63 51 7
63 53 46
63 54 32
63 55 64
63 56 8
63 58 63
63 60 60
63 62 38
63 63 4
63 64 17
63 65 33
63 66 41
63 67 6
63 68 44
64 0 30
64 1 15
64 2 11
64 3 64
64 4 38
64 5 27
64 6 14
64 7 26
64 10 29
64 11 32
64 13 6
64 15 35
64 16 60
64 17 20
64 18 23
64 19 25
64 20 36
64 23 16
64 25 37
64 26 31
64 29 46
64 31 54
64 32 0
64 33 68
64 34 9
64 36 21
64 37 47
64 40 22
64 41 51
64 42 40
64 43 61
64 46 24
64 51 10
64 52 41
64 53 69
64 55 53
64 56 3
64 57 67
64 58 43
64 59 1
64 61 52
64 62 2
64 64 62
64 65 55
64 66 44
64 69 18
65 1 4
65 2 54
65 3 55
65 4 49
65 5 30
65 8 60
65 9 3
65 10 33
65 12 42
65 13 41
65 15 1
65 17 57
65 18 37
65 20 51
65 21 46
65 22 25
65 23 56
65 26 10
65 27 64
65 28 6
65 29 61
65 30 2
65 31 63
65 32 65
65 33 66
65 34 50
65 35 14
65 36 18
65 37 40
65 39 26
65 40 32
65 41 17
65 42 67
65 43 27
65 44 23
65 45 69
65 46 68
65 47 9
65 48 12
65 50 45
65 52 31
65 53 15
65 54 43
65 55 13
65 57 39
65 58 19
65 59 7
65 60 0
65 61 58
65 64 35
65 67 21
65 69 53
66 0 49
66 2 31
66 3 48
66 4 61
66 7 58
66 8 23
66 9 40
66 10 55
66 12 0
66 13 5
66 14 36
66 15 59
66 19 21
66 21 28
66 22 47
66 23 3
66 24 8
66 25 1
66 26 12
66 27 30
66 32 9
66 34 44
66 35 26
66 36 14
66 37 18
66 38 11
66 39 37
66 40 53
66 41 42
66 42 62
66 43 34
66 44 25
66 45 16
66 47 56
66 48 39
66 49 60
66 50 10
66 51 54
66 52 66
66 53 50
66 54 24
66 55 65
66 57 63
66 58 45
66 59 33
66 60 52
66 61 20
66 62 15
66 63 27
66 64 4
66 65 7
66 66 43
66 69 46
67 0 10
67 1 50
67 2 23
67 3 21
67 4 54
67 6 58
67 7 1
67 9 59
67 10 13
67 11 38
67 12 17
67 15 68
67 16 64
67 18 46
67 19 42
67 20 27
67 21 20
67 22 55
67 24 31
67 25 9
67 26 15
67 27 65
67 28 19
67 29 28
67 31 52
67 32 47
67 34 43
67 35 22
67 37 44
67 38 26
67 40 40
67 41 24
67 44 63
67 45 51
67 46 6
67 47 53
67 49 2
67 50 11
67 51 57
67 53 33
67 54 34
67 56 56
67 57 60
67 58 37
67 59 12
67 60 62
67 61 36
67 62 8
67 63 66
67 64 18
67 66 7
67 67 67
67 68 4
68 0 13
68 1 65
68 2 25
68 4 14
68 5 38
68 6 24
68 8 51
68 10 2
68 11 40
68 12 19
68 13 32
68 14 16
68 15 47
68 17 66
68 19 56
68 20 64
68 21 67
68 24 1
68 26 6
68 27 60
68 29 12
68 30 34
68 31 23
68 33 5
68 34 31
68 35 17
68 36 27
68 37 8
68 38 18
68 39 35
68 42 20
68 46 45
68 48 46
68 49 42
68 50 22
68 52 58
68 54 48
68 58 29
68 59 61
68 60 11
68 61 49
68 63 36
68 65 41
68 68 63
68 69 69
69 0 28
69 1 42
69 2 49
69 3 50
69 4 34
69 5 14
69 7 46
69 8 59
69 9 51
69 10 38
69 11 2
69 13 16
69 17 21
69 18 67
69 19 40
69 20 7
69 21 55
69 25 18
69 28 36
69 30 8
69 33 43
69 34 13
69 35 61
69 36 23
69 39 25
69 40 26
69 41 4
69 42 10
69 43 11
69 44 53
69 45 62
69 49 33
69 51 64
69 52 5
69 53 47
69 54 0
69 55 15
69 56 54
69 57 32
69 58 22
69 59 17
69 60 69
69 61 30
69 62 56
69 63 52
69 64 31
69 66 60
69 67 29
69 68 68
69 69 37
