70
0 0 30
0 1 46
0 3 7
0 4 63
0 5 22
0 6 41
0 7 8
0 8 16
0 9 51
0 10 42
0 11 27
0 12 36
0 13 12
0 15 52
0 16 54
0 17 6
0 19 18
0 20 69
0 21 40
0 23 5
0 24 53
0 25 61
0 26 0
0 27 10
0 28 32
0 32 43
0 33 2
0 34 64
0 35 49
0 36 26
0 37 45
0 39 59
0 40 50
0 42 67
0 43 47
0 44 29
0 45 56
0 46 3
0 47 28
0 49 35
0 50 1
0 51 13
0 52 23
0 53 25
0 54 39
0 55 55
0 56 62
0 57 68
0 58 11
0 59 4
0 60 15
0 62 21
0 63 48
0 64 60
0 65 37
0 66 14
0 67 9
0 68 19
1 1 64
1 2 51
1 3 6
1 4 57
1 5 33
1 7 34
1 8 62
1 9 24
1 10 17
1 12 69
1 13 31
1 15 9
1 17 7
1 18 42
1 19 40
1 20 47
1 21 56
1 23 21
1 24 28
1 26 61
1 27 1
1 28 68
1 29 29
1 30 63
1 31 48
1 32 13
1 33 26
1 34 53
1 35 16
1 36 12
1 37 41
1 38 54
1 39 37
1 40 27
1 41 49
1 43 45
1 44 44
1 45 5
1 46 8
1 47 2
1 48 43
1 49 25
1 50 66
1 51 23
1 52 20
1 53 14
1 54 32
1 55 60
1 56 55
1 57 18
1 58 22
1 60 52
1 62 50
1 63 0
1 64 11
1 65 19
1 67 59
2 0 14
2 1 17
2 2 0
2 3 4
2 4 41
2 5 35
2 7 18
2 8 56
2 10 48
2 11 8
2 12 54
2 13 69
2 14 27
2 15 57
2 16 23
2 18 9
2 19 29
2 20 63
2 21 42
2 22 53
2 23 39
2 25 47
2 26 26
2 27 22
2 28 15
2 29 11
2 30 55
2 31 37
2 32 7
2 33 68
2 34 43
2 35 31
2 36 10
2 37 25
2 39 6
2 41 30
2 42 58
2 43 46
2 46 44
2 47 62
2 48 19
2 49 65
2 50 49
2 51 45
2 52 38
2 53 28
2 55 67
2 57 16
2 58 2
2 59 51
2 60 3
2 62 33
2 63 52
2 64 13
2 65 24
2 66 60
2 67 34
2 68 5
2 69 50
3 0 41
3 1 29
3 3 68
3 4 13
3 5 1
3 6 49
3 7 39
3 9 43
3 10 19
3 11 66
3 13 61
3 14 28
3 15 42
3 16 2
3 17 50
3 18 17
3 19 9
3 20 0
3 22 56
3 24 63
3 25 26
3 26 6
3 28 3
3 29 24
3 32 5
3 34 37
3 36 52
3 38 20
3 39 22
3 40 14
3 41 59
3 42 40
3 43 57
3 45 54
3 46 38
3 48 55
3 49 60
3 50 69
3 51 15
3 52 51
3 53 7
3 55 34
3 56 11
3 57 36
3 58 35
3 59 44
3 60 10
3 62 48
3 63 65
3 65 27
3 66 62
3 67 53
3 68 18
3 69 31
4 0 7
4 1 23
4 2 25
4 3 67
4 4 28
4 5 3
4 6 43
4 7 49
4 8 1
4 9 39
4 10 37
4 13 54
4 14 20
4 15 63
4 16 34
4 17 55
4 18 40
4 19 19
4 20 57
4 21 10
4 23 6
4 24 21
4 25 52
4 26 51
4 27 47
4 28 53
4 29 50
4 30 62
4 31 66
4 32 18
4 33 46
4 34 0
4 35 5
4 36 4
4 37 17
4 39 27
4 40 11
4 42 35
4 43 9
4 44 38
4 45 59
4 47 58
4 48 12
4 50 32
4 51 61
4 53 13
4 54 29
4 55 31
4 56 14
4 58 69
4 60 22
4 61 56
4 62 68
4 63 2
4 65 41
4 66 26
4 67 42
4 68 15
4 69 33
5 0 45
5 1 39
5 2 15
5 4 31
5 5 19
5 6 1
5 7 44
5 8 38
5 9 26
5 10 66
5 11 60
5 12 40
5 13 51
5 14 16
5 15 49
5 16 21
5 18 23
5 19 63
5 20 33
5 22 62
5 23 14
5 27 13
5 28 25
5 29 34
5 30 68
5 31 67
5 32 29
5 33 3
5 34 69
5 35 64
5 36 65
5 37 12
5 38 5
5 40 46
5 41 61
5 43 58
5 46 36
5 47 52
5 48 20
5 49 18
5 51 42
5 52 59
5 53 11
5 54 24
5 55 0
5 56 7
5 57 35
5 58 8
5 59 17
5 60 6
5 61 55
5 65 48
5 66 57
5 67 50
5 68 54
5 69 30
6 0 19
6 1 28
6 2 5
6 3 62
6 4 18
6 6 31
6 7 45
6 10 65
6 12 35
6 13 13
6 14 33
6 15 47
6 16 55
6 17 24
6 21 17
6 22 20
6 23 67
6 24 34
6 25 69
6 26 56
6 27 59
6 29 7
6 30 21
6 31 14
6 32 36
6 33 1
6 34 16
6 35 22
6 36 39
6 37 49
6 38 58
6 39 63
6 40 44
6 41 40
6 42 42
6 44 54
6 45 0
6 46 11
6 48 4
6 50 52
6 51 46
6 52 32
6 53 23
6 55 29
6 56 64
6 57 57
6 59 9
6 60 61
6 61 2
6 63 50
6 64 30
6 65 66
6 66 38
6 67 25
6 68 51
6 69 12
7 0 8
7 1 37
7 2 4
7 3 1
7 5 17
7 6 19
7 8 60
7 11 57
7 12 38
7 13 43
7 16 27
7 19 24
7 20 45
7 21 9
7 23 3
7 24 67
7 25 58
7 26 25
7 27 36
7 28 26
7 29 6
7 30 49
7 31 11
7 32 51
7 34 14
7 35 65
7 37 34
7 39 21
7 40 56
7 41 32
7 42 50
7 43 7
7 44 22
7 45 63
7 46 23
7 47 20
7 48 41
7 49 2
7 50 12
7 51 31
7 56 10
7 57 55
7 58 16
7 59 61
7 60 5
7 61 0
7 62 54
7 63 29
7 64 15
7 65 53
7 66 18
7 67 48
7 68 69
7 69 40
8 1 47
8 2 36
8 3 34
8 4 51
8 6 59
8 7 21
8 8 7
8 9 2
8 10 30
8 11 31
8 12 27
8 13 55
8 14 9
8 15 10
8 16 17
8 17 54
8 18 33
8 19 22
8 20 67
8 21 45
8 23 26
8 24 52
8 25 12
8 26 43
8 27 0
8 28 49
8 30 29
8 31 60
8 32 68
8 33 41
8 34 20
8 35 23
8 36 63
8 37 65
8 38 19
8 39 42
8 40 58
8 41 46
8 42 11
8 43 40
8 45 13
8 46 32
8 47 15
8 48 62
8 51 16
8 53 3
8 55 5
8 58 44
8 59 37
8 60 1
8 61 61
8 62 64
8 63 57
8 64 8
8 65 14
8 66 50
8 67 28
8 68 25
9 0 44
9 2 35
9 4 22
9 5 21
9 6 24
9 7 17
9 8 52
9 9 33
9 10 12
9 11 40
9 13 65
9 14 34
9 15 43
9 16 50
9 17 42
9 18 6
9 20 53
9 21 13
9 22 11
9 23 68
9 24 36
9 25 57
9 26 39
9 27 48
9 28 45
9 29 58
9 30 26
9 31 46
9 32 66
9 33 60
9 34 23
9 36 20
9 37 67
9 38 51
9 39 69
9 40 15
9 41 8
9 42 3
9 43 62
9 44 55
9 45 16
9 46 29
9 48 18
9 49 54
9 51 10
9 53 4
9 54 49
9 55 19
9 56 56
9 57 14
9 58 59
9 59 5
9 61 1
9 62 25
9 63 31
9 64 0
9 65 32
9 66 9
9 68 47
9 69 28
10 1 38
10 2 8
10 3 69
10 5 65
10 6 6
10 7 30
10 8 43
10 9 11
10 12 5
10 13 3
10 14 63
10 15 58
10 16 36
10 17 16
10 18 25
10 19 39
10 21 20
10 23 1
10 25 13
10 26 35
10 27 64
10 28 56
10 31 27
10 33 61
10 34 15
10 35 54
10 38 41
10 39 51
10 40 37
10 41 21
10 42 68
10 43 2
10 44 62
10 45 49
10 48 17
10 49 29
10 50 34
10 51 26
10 52 50
10 53 9
10 54 59
10 55 10
10 56 32
10 57 22
10 58 48
10 59 52
10 60 67
10 61 42
10 62 19
10 63 12
10 64 28
10 65 46
10 66 24
10 67 55
10 68 45
10 69 7
11 0 42
11 1 62
11 2 20
11 3 41
11 4 11
11 5 47
11 6 37
11 8 35
11 9 28
11 11 14
11 12 9
11 15 33
11 17 52
11 19 30
11 20 2
11 21 26
11 22 68
11 24 6
11 25 38
11 26 19
11 27 31
11 29 51
11 30 65
11 31 18
11 32 64
11 33 34
11 35 8
11 36 1
11 37 13
11 38 44
11 40 40
11 41 66
11 42 27
11 43 63
11 44 57
11 45 15
11 46 60
11 48 5
11 49 7
11 50 50
11 52 4
11 53 16
11 55 36
11 56 58
11 57 10
11 58 45
11 59 3
11 61 43
11 62 29
11 63 32
11 64 25
11 65 69
11 66 23
11 67 21
11 68 67
11 69 22
12 1 52
12 5 9
12 7 38
12 10 7
12 12 46
12 13 30
12 14 67
12 15 50
12 16 18
12 17 44
12 18 21
12 19 57
12 21 19
12 22 29
12 23 60
12 26 33
12 27 25
12 28 65
12 29 47
12 30 15
12 31 31
12 32 42
12 33 12
12 34 62
12 36 49
12 37 56
12 38 4
12 39 55
12 40 1
12 41 23
12 42 34
12 44 63
12 45 64
12 46 28
12 47 11
12 49 40
12 51 2
12 52 22
12 54 8
12 56 41
12 57 58
12 58 39
12 59 45
12 61 17
12 62 14
12 63 13
12 64 27
12 65 26
12 66 32
12 67 37
12 68 36
12 69 43
13 2 46
13 3 12
13 5 68
13 6 39
13 7 16
13 8 57
13 9 44
13 10 43
13 11 2
13 13 8
13 14 62
13 15 24
13 16 1
13 18 45
13 19 69
13 20 66
13 21 33
13 23 52
13 24 42
13 25 34
13 27 65
13 28 11
13 29 63
13 31 0
13 33 30
13 34 25
13 36 58
13 37 29
13 38 40
13 39 18
13 40 4
13 41 51
13 42 21
13 43 48
13 44 35
13 45 50
13 46 54
13 48 37
13 50 23
13 51 60
13 52 9
13 53 41
13 54 14
13 55 6
13 56 17
13 57 27
13 58 61
13 60 7
13 62 32
13 64 36
13 65 31
13 67 5
13 68 56
13 69 53
14 1 36
14 3 17
14 5 69
14 6 56
14 8 4
14 9 32
14 10 8
14 11 12
14 13 62
14 14 0
14 17 19
14 18 66
14 19 67
14 20 60
14 21 35
14 24 68
14 26 44
14 27 24
14 29 39
14 30 42
14 31 15
14 32 65
14 33 63
14 35 51
14 36 13
14 37 18
14 38 3
14 39 61
14 40 38
14 41 45
14 43 49
14 44 46
14 45 11
14 46 43
14 47 64
14 48 2
14 50 59
14 51 47
14 52 57
14 53 48
14 54 20
14 55 23
14 56 21
14 57 29
14 58 10
14 59 27
14 61 22
14 62 16
14 64 54
14 65 58
14 66 30
14 67 14
14 68 50
14 69 26
15 0 49
15 1 48
15 2 59
15 3 35
15 4 21
15 5 60
15 6 2
15 8 61
15 9 45
15 10 23
15 11 42
15 12 47
15 13 25
15 15 40
15 16 12
15 17 58
15 18 16
15 19 0
15 20 37
15 21 4
15 22 43
15 23 31
15 24 65
15 25 56
15 26 20
15 27 53
15 29 8
15 30 1
15 31 52
15 32 54
15 33 69
15 34 51
15 35 13
15 37 63
15 38 28
15 39 32
15 41 34
15 42 24
15 43 11
15 44 5
15 45 3
15 46 57
15 47 6
15 48 66
15 49 15
15 50 67
15 52 19
15 53 27
15 55 39
15 56 9
15 57 7
15 58 50
15 60 18
15 62 10
15 63 30
15 64 26
15 67 62
15 69 68
16 0 47
16 1 27
16 2 23
16 3 55
16 4 0
16 5 20
16 6 10
16 7 61
16 8 6
16 9 52
16 11 32
16 12 18
16 13 48
16 14 12
16 16 39
16 18 41
16 21 31
16 22 30
16 23 17
16 24 60
16 26 42
16 27 29
16 29 21
16 30 66
16 31 3
16 32 58
16 34 59
16 35 37
16 36 68
16 37 54
16 38 38
16 39 19
16 40 7
16 41 57
16 42 69
16 43 22
16 45 8
16 47 36
16 49 49
16 52 14
16 53 45
16 54 28
16 55 51
16 56 1
16 58 53
16 59 50
16 60 26
16 61 13
16 62 2
16 63 62
16 64 63
16 65 43
16 66 40
16 67 65
16 68 64
17 0 62
17 1 3
17 3 65
17 4 10
17 5 56
17 6 34
17 7 19
17 8 20
17 9 63
17 10 47
17 11 48
17 12 50
17 14 60
17 17 57
17 18 14
17 20 49
17 21 15
17 22 54
17 27 55
17 28 39
17 29 45
17 31 25
17 32 4
17 33 52
17 35 59
17 36 41
17 37 68
17 39 46
17 40 8
17 43 29
17 44 6
17 45 7
17 47 22
17 48 23
17 49 9
17 51 24
17 53 53
17 54 5
17 55 38
17 57 66
17 58 26
17 60 40
17 61 32
17 62 17
17 63 42
17 64 12
17 65 61
17 67 31
17 68 33
17 69 2
18 0 34
18 1 56
18 2 24
18 4 39
18 5 11
18 6 48
18 8 54
18 9 67
18 10 13
18 12 6
18 13 21
18 14 40
18 15 20
18 17 46
18 18 3
18 19 38
18 20 50
18 23 62
18 26 16
18 28 28
18 29 32
18 30 57
18 31 12
18 32 49
18 34 61
18 35 52
18 37 58
18 38 45
18 39 60
18 40 5
18 41 64
18 42 53
18 43 27
18 44 68
18 45 42
18 46 18
18 48 51
18 50 9
18 51 4
18 52 43
18 53 63
18 54 0
18 55 66
18 56 15
18 58 41
18 59 10
18 60 47
18 61 23
18 62 55
18 63 25
18 64 2
18 65 36
18 66 65
18 69 29
19 0 38
19 2 16
19 3 59
19 4 8
19 5 0
19 6 4
19 7 41
19 8 15
19 9 50
19 10 53
19 12 67
19 13 45
19 14 52
19 15 23
19 18 10
19 19 68
19 20 13
19 21 54
19 23 48
19 24 64
19 25 11
19 27 20
19 28 17
19 29 35
19 31 21
19 32 1
19 33 56
19 34 19
19 35 7
19 36 43
19 37 6
19 38 55
19 40 42
19 41 22
19 42 5
19 43 65
19 45 9
19 46 61
19 47 47
19 48 57
19 49 27
19 51 14
19 52 31
19 53 18
19 56 30
19 57 3
19 58 63
19 59 36
19 60 33
19 61 58
19 62 66
19 63 60
19 65 62
19 67 39
19 69 24
20 0 24
20 1 1
20 3 63
20 4 5
20 5 4
20 6 8
20 7 62
20 8 55
20 9 22
20 10 36
20 11 41
20 12 21
20 13 6
20 15 2
20 16 28
20 17 15
20 18 43
20 19 34
20 20 12
20 21 37
20 23 35
20 24 11
20 26 52
20 27 57
20 28 48
20 29 68
20 30 31
20 31 32
20 32 27
20 33 66
20 34 13
20 35 67
20 36 50
20 37 20
20 38 64
20 40 16
20 41 9
20 43 53
20 44 30
20 45 23
20 46 58
20 47 46
20 49 59
20 50 7
20 51 44
20 52 26
20 53 10
20 54 42
20 55 45
20 56 40
20 58 25
20 59 0
20 60 56
20 61 69
20 62 47
20 63 17
20 64 65
20 65 38
20 67 49
20 68 29
20 69 39
21 0 26
21 1 16
21 4 32
21 7 66
21 8 64
21 10 50
21 13 17
21 14 53
21 17 27
21 18 36
21 19 3
21 20 22
21 21 57
21 23 30
21 24 15
21 25 46
21 26 55
21 27 33
21 28 43
21 30 61
21 31 40
21 32 28
21 35 42
21 36 18
21 37 10
21 38 2
21 42 37
21 43 68
21 44 31
21 45 58
21 46 35
21 47 5
21 48 56
21 49 0
21 50 48
21 51 65
21 52 34
21 53 60
21 56 4
21 57 44
21 58 20
21 59 19
21 60 9
21 61 24
21 62 1
21 63 69
21 66 41
21 67 6
21 68 13
21 69 21
22 0 37
22 3 13
22 4 55
22 5 10
22 6 68
22 7 67
22 8 11
22 9 20
22 11 7
22 12 22
22 13 4
22 14 61
22 15 39
22 16 49
22 17 21
22 19 6
22 20 1
22 21 53
22 22 24
22 23 47
22 24 14
22 25 64
22 26 45
22 27 52
22 28 30
22 29 44
22 30 60
22 31 69
22 32 33
22 33 32
22 34 31
22 35 66
22 36 56
22 37 15
22 38 34
22 39 8
22 40 0
22 41 19
22 43 35
22 44 23
22 46 46
22 47 59
22 49 5
22 50 58
22 52 25
22 53 51
22 54 16
22 55 17
22 56 26
22 57 54
22 58 3
22 59 48
22 60 42
22 61 36
22 62 28
22 63 43
22 64 62
22 65 9
22 66 2
22 67 12
22 68 63
23 0 4
23 1 68
23 2 58
23 3 5
23 4 3
23 5 24
23 6 63
23 8 28
23 9 61
23 10 55
23 11 59
23 14 41
23 15 14
23 16 33
23 17 1
23 18 44
23 22 47
23 23 23
23 24 18
23 26 62
23 27 15
23 29 43
23 31 35
23 32 37
23 33 64
23 34 46
23 35 56
23 37 16
23 38 48
23 39 0
23 40 53
23 41 50
23 43 32
23 45 29
23 47 19
23 50 10
23 51 17
23 52 60
23 54 12
23 55 2
23 56 38
23 57 8
23 60 31
23 61 67
23 62 34
23 63 45
23 64 69
23 65 30
23 66 11
23 67 36
23 69 42
24 0 22
24 1 69
24 2 29
24 3 9
24 4 49
24 5 40
24 7 50
24 8 37
24 10 14
24 13 36
24 14 26
24 16 13
24 17 33
24 18 48
24 19 43
24 21 1
24 22 21
24 24 47
24 25 59
24 26 10
24 27 58
24 30 64
24 31 4
24 32 2
24 35 17
24 37 35
24 38 62
24 39 65
24 41 20
24 43 25
24 44 53
24 45 30
24 46 45
24 48 32
24 49 28
24 50 18
24 51 5
24 52 56
24 53 19
24 55 42
24 56 51
24 58 52
24 59 23
24 60 68
24 61 38
24 62 61
24 65 15
24 66 55
24 67 57
24 68 24
24 69 11
25 0 65
25 1 57
25 2 45
25 3 15
25 4 35
25 5 31
25 6 28
25 7 48
25 9 25
25 10 9
25 11 54
25 12 49
25 13 19
25 14 5
25 15 29
25 16 53
25 17 11
25 18 32
25 19 55
25 20 21
25 21 44
25 22 10
25 23 36
25 24 13
25 25 27
25 26 18
25 27 62
25 28 20
25 29 40
25 30 8
25 31 26
25 32 39
25 33 6
25 35 4
25 36 14
25 37 30
25 38 33
25 40 34
25 41 52
25 43 1
25 44 37
25 45 51
25 46 17
25 48 47
25 49 46
25 50 16
25 52 61
25 53 67
25 54 60
25 56 59
25 57 0
25 58 23
25 59 22
25 60 58
25 61 7
25 62 42
25 63 68
25 64 41
25 65 63
25 66 64
25 67 2
25 68 38
25 69 66
26 0 48
26 1 26
26 2 27
26 3 31
26 4 23
26 7 58
26 8 33
26 9 34
26 10 21
26 13 32
26 14 59
26 16 66
26 17 29
26 19 47
26 20 65
26 21 60
26 22 7
26 23 2
26 24 61
26 25 43
26 27 35
26 28 37
26 29 46
26 30 56
26 31 36
26 32 55
26 33 10
26 34 5
26 36 30
26 37 14
26 38 13
26 39 4
26 40 9
26 41 18
26 43 8
26 44 52
26 45 53
26 46 6
26 47 39
26 48 45
26 49 24
26 50 62
26 53 15
26 54 63
26 55 41
26 57 49
26 58 28
26 59 68
26 60 17
26 62 3
26 63 51
26 64 44
26 65 40
26 66 0
26 67 67
26 68 12
26 69 64
27 1 9
27 4 26
27 5 42
27 7 37
27 8 17
27 9 56
27 10 62
27 11 5
27 12 66
27 13 58
27 14 2
27 15 27
27 16 43
27 19 46
27 20 52
27 22 1
27 23 38
27 24 55
27 25 19
27 26 30
27 27 32
27 28 14
27 29 13
27 31 29
27 32 21
27 33 44
27 34 3
27 35 0
27 36 51
27 37 59
27 38 18
27 39 41
27 40 24
27 41 67
27 42 23
27 43 10
27 44 34
27 46 4
27 47 60
27 48 8
27 49 69
27 50 45
27 51 11
27 53 65
27 54 22
27 55 53
27 56 6
27 57 63
27 58 68
27 59 28
27 60 54
27 61 12
27 63 33
27 64 48
27 66 7
27 67 20
27 68 61
28 0 51
28 1 6
28 2 43
28 3 39
28 6 60
28 7 11
28 8 50
28 9 57
28 10 64
28 11 45
28 12 0
28 13 23
28 15 21
28 16 61
28 18 28
28 19 2
28 20 36
28 21 12
28 22 17
28 23 27
28 24 8
28 26 15
28 27 68
28 29 66
28 30 52
28 31 22
28 32 31
28 33 55
28 34 49
28 35 3
28 36 53
28 37 47
28 38 32
28 39 56
28 40 20
28 44 7
28 45 37
28 46 63
28 47 1
28 48 35
28 50 25
28 51 33
28 52 29
28 53 24
28 54 38
28 55 62
28 56 48
28 58 5
28 59 54
28 60 41
28 61 4
28 62 46
28 63 44
28 64 19
28 66 59
28 67 40
28 69 9
29 0 60
29 2 33
29 3 2
29 4 65
29 5 66
29 6 15
29 7 69
29 8 30
29 9 31
29 10 41
29 12 13
29 13 46
29 14 23
29 15 1
29 16 11
29 17 56
29 18 55
29 20 19
29 21 36
29 23 44
29 25 48
29 27 18
29 28 58
29 29 59
29 30 40
29 32 12
29 33 50
29 34 57
29 35 43
29 36 37
29 38 9
29 39 16
29 40 17
29 41 68
29 42 38
29 43 26
29 44 14
29 45 25
29 47 21
29 48 61
29 50 64
29 51 32
29 52 3
29 53 52
29 54 35
29 56 5
29 57 53
29 58 34
29 59 20
29 60 63
29 61 45
29 62 6
29 63 7
29 64 10
29 65 67
29 66 8
29 68 62
29 69 51
30 0 1
30 1 34
30 2 62
30 3 37
30 5 50
30 6 16
30 7 28
30 8 45
30 9 49
30 10 69
30 11 19
30 12 58
30 13 20
30 14 17
30 16 9
30 17 36
30 18 60
30 20 35
30 21 24
30 22 42
30 24 46
30 25 65
30 26 12
30 27 61
30 29 30
30 30 27
30 31 56
30 32 0
30 33 57
30 34 6
30 35 48
30 36 2
30 37 22
30 38 14
30 39 54
30 41 39
30 42 59
30 43 31
30 44 4
30 45 26
30 47 10
30 48 53
30 49 33
30 50 5
30 51 63
30 52 15
30 53 68
30 54 67
30 55 40
30 56 47
30 57 41
30 58 7
30 59 38
30 60 43
30 61 25
30 62 18
30 63 11
30 64 52
30 65 13
30 66 44
30 67 32
30 68 23
31 0 35
31 2 32
31 3 26
31 5 57
31 6 11
31 7 4
31 8 12
31 9 3
31 10 28
31 11 64
31 12 30
31 13 40
31 14 15
31 15 18
31 16 24
31 17 48
31 18 7
31 19 44
31 20 6
31 21 41
31 22 8
31 24 50
31 25 55
31 26 60
31 28 47
31 29 62
31 30 2
31 31 5
31 32 17
31 33 58
31 34 9
31 35 63
31 37 39
31 38 66
31 40 61
31 42 33
31 43 23
31 44 25
31 48 13
31 49 45
31 50 54
31 52 52
31 53 34
31 55 69
31 56 67
31 57 20
31 59 46
31 60 51
31 61 27
31 62 38
31 64 37
31 66 68
31 67 56
31 68 16
31 69 59
32 0 46
32 2 68
32 4 25
32 5 52
32 6 26
32 7 15
32 8 18
32 10 5
32 11 43
32 12 28
32 13 34
32 14 55
32 18 62
32 19 60
32 21 38
32 22 23
32 23 10
32 24 16
32 25 22
32 26 48
32 28 27
32 29 33
32 30 11
32 32 8
32 33 54
32 34 66
32 35 53
32 36 3
32 37 19
32 38 57
32 39 36
32 40 2
32 41 14
32 42 44
32 45 61
32 46 1
32 47 9
32 48 64
32 49 39
32 50 6
32 51 30
32 52 12
32 53 31
32 55 24
32 56 49
32 57 67
32 58 13
32 59 69
32 60 50
32 61 47
32 63 63
32 64 21
32 65 35
32 67 58
32 68 7
32 69 32
33 0 5
33 1 13
33 2 66
33 3 53
33 4 60
33 5 58
33 6 23
33 7 54
33 8 2
33 9 64
33 10 6
33 11 52
33 13 24
33 14 22
33 15 12
33 16 26
33 17 51
33 18 47
33 19 65
33 22 15
33 23 29
33 24 62
33 25 0
33 26 57
33 27 4
33 28 69
33 30 14
33 31 19
33 32 59
33 33 37
33 34 68
33 35 30
33 36 21
33 37 9
33 38 46
33 39 38
33 40 18
33 42 45
33 44 20
33 45 33
33 46 34
33 47 44
33 48 28
33 49 50
33 50 31
33 51 8
33 52 35
33 55 25
33 56 42
33 57 61
33 58 43
33 60 27
33 61 39
33 62 67
33 63 36
33 64 16
33 65 55
33 67 1
33 68 49
33 69 17
34 0 21
34 1 50
34 2 7
34 4 42
34 5 64
34 6 57
34 7 51
34 9 23
34 10 39
34 11 33
34 12 1
34 13 5
34 14 29
34 15 61
34 16 60
34 17 25
34 18 38
34 19 32
34 20 18
34 21 16
34 22 4
34 23 46
34 24 12
34 25 20
34 29 14
34 30 9
34 33 36
34 34 41
34 36 34
34 38 63
34 43 54
34 44 10
34 45 6
34 46 52
34 47 17
34 48 67
34 49 53
34 51 0
34 52 11
34 53 62
34 55 43
34 56 2
34 57 69
34 59 47
34 60 59
34 61 28
34 62 45
34 63 66
34 64 3
34 65 65
34 66 48
35 0 29
35 1 33
35 2 10
35 4 38
35 5 37
35 6 5
35 7 23
35 8 24
35 9 46
35 12 39
35 13 53
35 14 49
35 15 59
35 16 31
35 17 0
35 18 15
35 21 62
35 22 22
35 23 4
35 25 42
35 26 66
35 27 3
35 28 21
35 29 48
35 31 41
35 32 34
35 35 19
35 36 60
35 37 1
35 38 27
35 39 47
35 40 64
35 42 51
35 43 69
35 44 61
35 45 18
35 46 26
35 47 43
35 48 6
35 49 57
35 50 30
35 51 50
35 52 67
35 53 35
35 54 13
35 55 8
35 56 20
35 57 65
35 59 12
35 60 14
35 63 9
35 64 7
35 65 2
35 66 56
35 69 63
36 1 5
36 2 14
36 4 27
36 6 62
36 7 47
36 8 34
36 9 42
36 10 52
36 11 61
36 12 10
36 13 16
36 17 23
36 19 7
36 20 48
36 21 50
36 22 12
36 23 19
36 24 41
36 25 24
36 26 2
36 27 39
36 28 29
36 30 0
36 31 64
36 32 32
36 33 67
36 35 21
36 37 46
36 43 37
36 45 36
36 46 55
36 47 4
36 49 13
36 50 20
36 51 56
36 52 6
36 53 66
36 54 57
36 55 3
36 56 31
36 57 59
36 58 51
36 59 26
36 60 25
36 61 9
36 62 35
36 63 18
36 64 45
36 65 22
36 67 17
36 68 1
36 69 44
37 0 20
37 1 60
37 2 39
37 3 61
37 4 7
37 5 67
37 6 44
37 7 59
37 9 16
37 10 57
37 11 56
37 12 11
37 13 29
37 14 8
37 15 5
37 16 40
37 17 18
37 18 4
37 20 10
37 22 41
37 23 64
37 24 17
37 25 35
37 26 69
37 28 34
37 29 23
37 30 12
37 31 49
37 32 53
37 36 27
37 37 31
37 38 37
37 40 45
37 41 38
37 42 48
37 43 13
37 44 21
37 46 51
37 47 54
37 48 46
37 49 52
37 50 42
37 51 62
37 52 66
37 53 2
37 54 1
37 55 63
37 56 50
37 57 9
37 58 30
37 59 55
37 60 24
37 61 14
37 62 65
37 64 43
37 66 22
37 68 68
37 69 3
38 1 15
38 2 37
38 3 36
38 4 62
38 5 12
38 6 54
38 7 2
38 9 48
38 10 24
38 11 22
38 12 8
38 13 38
38 14 35
38 15 4
38 16 68
38 17 65
38 18 18
38 20 59
38 22 61
38 23 20
38 24 26
38 25 3
38 27 21
38 28 51
38 29 60
38 30 34
38 31 17
38 32 19
38 33 40
38 34 29
38 35 25
38 36 9
38 37 5
38 39 28
38 40 63
38 41 42
38 44 47
38 45 39
38 46 41
38 47 53
38 48 7
38 49 32
38 50 14
38 51 64
38 52 0
38 53 58
38 54 33
38 55 52
38 56 27
38 58 6
38 59 1
38 60 55
38 61 30
38 62 31
38 63 67
38 64 66
38 66 45
38 67 46
38 68 10
39 0 11
39 1 65
39 3 32
39 4 66
39 5 18
39 6 29
39 7 7
39 8 13
39 9 35
39 10 54
39 12 19
39 14 10
39 15 53
39 17 63
39 18 30
39 19 48
39 20 51
39 22 33
39 23 15
39 24 45
39 26 58
39 28 23
39 29 55
39 30 4
39 31 28
39 32 50
39 33 42
39 34 2
39 35 9
39 36 24
39 37 21
39 39 20
39 40 26
39 41 36
39 42 6
39 43 43
39 45 62
39 46 68
39 47 40
39 48 44
39 49 31
39 52 17
39 53 38
39 57 47
39 58 64
39 59 8
39 60 57
39 61 46
39 62 12
39 63 1
39 65 56
39 66 49
39 68 37
39 69 34
40 0 39
40 3 25
40 4 1
40 5 43
40 6 50
40 7 26
40 8 41
40 9 5
40 10 15
40 11 9
40 12 12
40 13 28
40 15 66
40 16 7
40 17 62
40 18 51
40 19 23
40 21 27
40 22 65
40 23 49
40 24 0
40 25 63
40 26 31
40 27 34
40 29 17
40 30 36
40 32 69
40 33 14
40 34 35
40 35 40
40 36 48
40 37 2
40 38 68
40 39 11
40 40 6
40 44 33
40 46 64
40 47 13
40 48 42
40 49 61
40 52 55
40 53 46
40 54 52
40 55 37
40 56 3
40 58 54
40 59 57
40 61 10
40 62 24
40 64 32
40 65 59
40 66 67
40 67 8
40 69 47
41 0 2
41 1 55
41 2 31
41 3 23
41 4 50
41 6 58
41 7 3
41 8 51
41 9 36
41 10 44
41 11 62
41 12 25
41 13 11
41 14 6
41 17 12
41 19 28
41 21 49
41 23 22
41 24 5
41 25 30
41 26 17
41 27 26
41 28 60
41 29 69
41 30 35
41 31 16
41 32 67
41 33 4
41 34 18
41 35 29
41 36 54
41 37 57
41 38 0
41 39 45
41 40 43
41 41 63
41 42 20
41 43 21
41 44 48
41 46 56
41 48 34
41 49 42
41 50 8
41 51 9
41 52 27
41 53 59
41 57 39
41 58 15
41 59 64
41 60 46
41 61 37
41 63 38
41 64 1
41 65 68
41 66 13
41 67 61
41 69 65
42 0 31
42 1 11
42 2 42
42 3 10
42 4 56
42 5 23
42 7 46
42 9 7
42 10 2
42 11 37
42 12 44
42 13 27
42 14 3
42 15 69
42 17 61
42 19 36
42 20 39
42 21 6
42 22 55
42 23 9
42 25 50
42 28 19
42 29 57
42 31 63
42 32 30
42 33 0
42 34 38
42 35 62
42 36 25
42 37 66
42 38 16
42 39 53
42 40 52
42 41 47
42 42 54
42 44 24
42 45 40
42 46 20
42 47 8
42 48 65
42 49 34
42 50 60
42 52 64
42 53 1
42 54 68
42 55 15
42 56 33
42 57 28
42 58 49
42 59 32
42 61 48
42 62 5
42 64 67
42 65 51
42 67 45
42 68 35
42 69 18
43 1 22
43 2 17
43 3 64
43 4 59
43 5 62
43 9 38
43 13 50
43 14 11
43 15 28
43 16 3
43 17 69
43 18 0
43 19 8
43 20 34
43 21 18
43 22 37
43 23 43
43 24 48
43 25 44
43 27 46
43 28 7
43 29 41
43 30 24
43 31 54
43 32 23
43 34 56
43 35 12
43 36 57
43 37 51
43 38 67
43 39 30
43 41 25
43 42 39
43 44 2
43 46 49
43 49 10
43 50 13
43 51 1
43 52 42
43 53 20
43 54 21
43 55 47
43 56 45
43 57 6
43 58 29
43 60 66
43 61 68
43 62 52
43 63 61
43 64 35
43 66 31
43 67 19
43 68 58
43 69 60
44 0 50
44 2 41
44 5 8
44 6 22
44 7 20
44 8 42
44 9 15
44 10 35
44 11 29
44 12 65
44 13 39
44 14 32
44 15 30
44 17 3
44 19 49
44 20 17
44 21 64
44 22 45
44 24 24
44 25 16
44 26 14
44 28 10
44 29 61
44 30 33
44 31 44
44 32 46
44 33 11
44 34 60
44 35 18
44 36 67
44 37 23
44 38 59
44 39 68
44 41 1
44 42 2
44 43 36
44 45 69
44 47 55
44 48 0
44 49 4
44 50 26
44 51 43
44 52 63
44 54 62
44 55 48
44 57 56
44 58 9
44 59 53
44 60 13
44 61 52
44 62 7
44 65 6
44 67 47
44 68 34
44 69 5
45 0 10
45 1 8
45 2 13
45 3 33
45 4 6
45 5 45
45 7 24
45 8 39
45 9 0
45 10 1
45 11 26
45 13 67
45 14 37
45 17 40
45 18 2
45 19 66
45 20 31
45 21 23
45 22 58
45 23 12
45 24 3
45 26 21
45 27 17
45 28 44
45 29 20
45 30 59
45 31 55
45 32 63
45 34 30
45 35 57
45 38 47
45 39 5
45 40 68
45 41 27
45 42 64
45 45 38
45 46 69
45 47 49
45 49 36
45 50 61
45 52 16
45 53 32
45 54 43
45 56 18
45 57 62
45 58 42
45 59 56
45 60 53
45 61 60
45 62 11
45 65 7
45 66 51
45 68 48
45 69 54
46 0 52
46 4 19
46 5 13
46 6 9
46 8 31
46 9 47
46 11 25
46 12 3
46 13 42
46 15 45
46 16 32
46 17 38
46 18 37
46 19 4
46 20 62
46 21 58
46 22 0
46 24 51
46 25 10
46 26 54
46 28 22
46 30 7
46 31 2
46 32 24
46 33 35
46 34 8
46 35 44
46 37 55
46 38 29
46 39 34
46 40 65
46 41 48
46 43 39
46 45 17
46 49 30
46 50 28
46 52 5
46 53 56
46 54 61
46 56 66
46 57 33
46 58 18
46 60 12
46 61 53
46 62 43
46 63 20
46 64 57
46 65 11
46 66 15
46 67 23
46 68 21
46 69 14
47 0 54
47 1 18
47 2 53
47 3 22
47 4 43
47 5 2
47 6 46
47 7 64
47 9 30
47 11 4
47 12 24
47 14 13
47 15 51
47 16 45
47 17 47
47 18 68
47 20 26
47 21 5
47 23 7
47 24 20
47 25 17
47 28 12
47 29 27
47 31 62
47 32 41
47 33 16
47 34 58
47 36 44
47 37 37
47 38 39
47 39 25
47 40 31
47 41 56
47 42 57
47 44 42
47 45 32
47 46 33
47 47 65
47 48 36
47 49 67
47 50 3
47 51 48
47 52 21
47 53 50
47 54 6
47 55 11
47 56 52
47 57 15
47 58 55
47 59 60
47 60 34
47 61 63
47 62 59
47 63 8
47 64 49
47 65 23
47 66 35
47 68 66
48 0 13
48 2 6
48 4 2
48 7 55
48 8 65
48 9 8
48 11 28
48 12 61
48 13 7
48 14 31
48 15 34
48 16 5
48 17 14
48 18 69
48 19 41
48 20 16
48 21 46
48 22 35
48 23 33
48 24 4
48 25 21
48 26 9
48 27 54
48 28 50
48 29 1
48 30 23
48 31 42
48 32 52
48 33 22
48 34 40
48 36 45
48 37 43
48 38 17
48 39 26
48 40 10
48 41 24
48 42 62
48 43 67
48 44 66
48 45 48
48 46 37
48 47 18
48 48 63
48 50 57
48 51 58
48 52 36
48 54 27
48 55 59
48 56 29
48 57 64
48 58 32
48 61 51
48 62 15
48 63 39
48 64 56
48 65 49
48 66 25
48 67 68
48 68 0
48 69 19
49 2 56
49 3 40
49 4 58
49 5 7
49 6 45
49 7 32
49 8 66
49 9 1
49 10 25
49 11 46
49 12 53
49 13 9
49 14 21
49 16 52
49 18 65
49 20 61
49 21 63
49 22 57
49 23 13
49 24 38
49 27 37
49 28 54
49 29 31
49 31 51
49 32 20
49 35 11
49 36 5
49 37 3
49 38 6
49 40 48
49 41 15
49 42 47
49 43 30
49 44 17
49 45 68
49 46 62
49 47 16
49 48 33
49 49 14
49 50 0
49 51 59
49 52 8
49 53 55
49 54 50
49 56 39
49 57 42
49 58 19
49 59 34
49 60 36
49 61 64
49 62 26
49 63 41
49 65 4
49 66 29
49 67 18
49 68 60
50 1 25
50 2 34
50 3 19
50 5 36
50 6 55
50 7 0
50 8 3
50 11 51
50 12 16
50 13 57
50 14 14
50 15 32
50 16 8
50 17 60
50 18 46
50 20 42
50 21 21
50 22 39
50 23 63
50 26 41
50 27 67
50 28 66
50 29 28
50 30 17
50 31 23
50 32 15
50 33 48
50 34 22
50 35 27
50 36 7
50 37 64
50 38 12
50 39 24
50 40 13
50 41 54
50 42 26
50 43 52
50 44 11
50 45 10
50 46 9
50 47 69
50 48 31
50 49 38
50 50 29
50 52 58
50 53 49
50 54 18
50 55 4
50 56 44
50 57 1
50 58 40
50 59 30
50 60 65
50 61 62
50 62 37
50 63 35
50 64 50
50 65 45
50 66 47
50 67 43
50 68 53
50 69 6
51 0 43
51 1 49
51 3 46
51 5 29
51 6 38
51 7 35
51 8 53
51 9 41
51 10 61
51 11 50
51 12 20
51 13 15
51 14 64
51 15 62
51 16 30
51 18 22
51 19 45
51 20 27
51 21 55
51 22 63
51 23 58
51 24 9
51 25 2
51 27 11
51 28 31
51 29 52
51 30 18
51 31 68
51 32 6
51 33 51
51 34 10
51 35 26
51 36 59
51 37 42
51 38 65
51 39 7
51 40 36
51 41 28
51 42 19
51 43 56
51 44 0
51 45 60
51 46 14
51 47 37
51 48 25
51 49 44
51 50 47
51 51 39
51 52 40
51 53 54
51 54 17
51 55 16
51 56 69
51 58 67
51 59 24
51 60 8
51 61 57
51 62 13
51 63 23
51 65 12
51 66 34
51 67 4
51 68 32
51 69 1
52 0 17
52 1 10
52 4 45
52 5 41
52 6 65
52 8 9
52 9 21
52 10 11
52 11 53
52 12 37
52 13 64
52 14 30
52 15 26
52 16 20
52 17 68
52 19 13
52 20 7
52 21 3
52 23 34
52 24 39
52 25 62
52 26 5
52 27 44
52 28 18
52 31 6
52 32 40
52 33 38
52 34 27
52 35 24
52 36 66
52 37 36
52 38 60
52 42 25
52 43 15
52 44 16
52 46 42
52 47 32
52 49 63
52 50 33
52 51 69
52 52 48
52 53 47
52 54 56
52 55 61
52 57 12
52 58 31
52 60 23
52 61 19
52 62 4
52 63 14
52 64 59
52 67 51
52 68 55
52 69 49
53 1 31
53 6 64
53 7 33
53 8 47
53 9 53
53 11 65
53 12 51
53 13 22
53 14 56
53 15 8
53 16 67
53 18 29
53 19 62
53 20 55
53 21 28
53 22 3
53 23 40
53 24 19
53 25 6
53 26 36
53 27 41
53 28 5
53 29 16
53 31 50
53 33 15
53 34 48
53 35 34
53 36 69
53 39 13
53 44 27
53 45 43
53 46 24
53 47 23
53 48 39
53 49 26
53 50 68
53 51 20
53 52 7
53 53 37
53 54 2
53 55 58
53 56 25
53 57 52
53 60 35
53 61 44
53 62 49
53 64 17
53 65 42
53 66 21
53 68 57
53 69 0
54 0 64
54 2 52
54 3 58
54 4 48
54 5 55
54 6 61
54 10 22
54 12 17
54 13 2
54 14 65
54 15 36
54 17 53
54 18 19
54 19 16
54 20 68
54 21 8
54 22 60
54 25 31
54 26 27
54 27 50
54 28 63
54 29 49
54 30 67
54 31 30
54 32 44
54 35 45
54 36 15
54 37 40
54 38 69
54 40 62
54 42 41
54 44 43
54 45 35
54 46 0
54 48 14
54 50 56
54 52 28
54 55 32
54 56 57
54 58 47
54 59 18
54 60 29
54 61 3
54 62 39
54 64 6
54 65 54
54 66 20
54 67 13
54 68 9
54 69 37
55 1 54
55 2 9
55 3 20
55 4 68
55 5 63
55 7 10
55 8 21
55 9 37
55 10 58
55 11 11
55 12 2
55 13 26
55 14 66
55 15 65
55 17 13
55 18 50
55 19 25
55 20 30
55 23 59
55 24 23
55 26 32
55 28 40
55 29 4
55 31 1
55 32 60
55 33 29
55 35 33
55 36 47
55 37 0
55 38 49
55 39 14
55 40 39
55 41 35
55 42 12
55 43 24
55 44 18
55 45 28
55 46 53
55 47 41
55 48 48
55 50 44
55 51 27
55 53 61
55 54 3
55 57 5
55 58 46
55 59 31
55 61 8
55 63 55
55 64 42
55 65 34
55 66 16
55 67 69
55 68 43
55 69 52
56 0 12
56 2 2
56 3 21
56 4 64
56 5 5
56 6 35
56 7 31
56 8 36
56 9 14
56 10 51
56 11 47
56 14 39
56 16 56
56 17 45
56 19 50
56 20 28
56 21 61
56 22 48
56 23 57
56 26 34
56 27 9
56 30 46
56 31 65
56 32 16
56 34 26
56 35 20
56 37 27
56 38 15
56 39 67
56 40 32
56 41 6
56 43 42
56 44 8
56 46 19
56 47 33
56 48 22
56 49 11
56 50 63
56 51 55
56 52 68
56 54 53
56 55 7
56 56 54
56 57 4
56 58 0
56 59 66
56 60 38
56 61 29
56 62 69
56 63 3
56 65 60
56 66 1
56 67 30
56 68 59
56 69 25
57 0 23
57 2 30
57 4 40
57 5 39
57 6 27
57 7 60
57 9 54
57 11 17
57 12 34
57 13 56
57 14 42
57 15 48
57 16 47
57 17 31
57 18 24
57 19 12
57 20 29
57 21 51
57 22 50
57 23 66
57 24 33
57 25 9
57 27 8
57 28 61
57 30 3
57 31 38
57 32 26
57 33 7
57 34 52
57 35 10
57 37 32
57 38 53
57 39 62
57 40 35
57 41 13
57 42 14
57 43 55
57 44 59
57 45 41
57 47 57
57 48 49
57 49 19
57 50 11
57 52 18
57 53 22
57 56 0
57 57 2
57 58 4
57 59 67
57 60 44
57 61 5
57 62 63
57 64 64
57 65 25
57 66 28
57 67 15
58 1 66
58 2 19
58 4 12
58 5 38
58 6 13
58 7 5
58 9 58
58 10 10
58 11 55
58 12 31
58 13 63
58 14 50
58 15 35
58 16 25
58 17 41
58 18 57
58 19 26
58 20 40
58 22 16
58 23 24
58 24 37
58 25 68
58 27 49
58 28 52
58 29 9
58 30 39
58 31 53
58 33 59
58 34 4
58 37 11
58 38 23
58 39 48
58 40 51
58 42 0
58 43 64
58 45 46
58 46 15
58 47 7
58 48 1
58 49 17
58 50 22
58 51 67
58 54 65
58 55 56
58 56 34
58 57 43
58 58 21
58 59 62
58 61 18
58 64 20
58 65 8
58 66 42
58 69 45
59 0 55
59 2 28
59 3 27
59 4 47
59 5 30
59 7 36
59 8 48
59 9 19
59 10 63
59 11 13
59 12 62
59 13 66
59 14 25
59 15 56
59 16 16
59 17 34
59 18 61
59 19 14
59 20 3
59 21 0
59 23 37
59 24 7
59 25 49
59 26 23
59 27 38
59 28 57
59 29 15
59 30 5
59 32 11
59 33 43
59 34 42
59 35 68
59 36 35
59 37 44
59 39 1
59 41 60
59 42 9
59 43 4
59 44 32
59 45 45
59 46 10
59 49 12
59 50 2
59 51 51
59 52 33
59 53 21
59 54 54
59 55 22
59 56 46
59 57 31
59 58 17
59 60 69
59 63 24
59 64 40
59 65 64
59 66 39
59 67 52
59 68 20
60 1 63
60 2 50
60 3 52
60 4 15
60 7 27
60 8 22
60 9 60
60 10 0
60 11 39
60 13 10
60 15 7
60 16 37
60 17 8
60 19 56
60 21 34
60 22 59
60 23 41
60 24 40
60 25 54
60 26 68
60 27 23
60 28 64
60 29 5
60 30 32
60 31 43
60 32 25
60 34 44
60 36 61
60 37 62
60 38 24
60 39 58
60 41 26
60 42 28
60 43 66
60 45 55
60 46 30
60 47 12
60 48 29
60 49 16
60 50 65
60 51 49
60 53 69
60 54 48
60 55 57
60 56 36
60 57 13
60 58 38
60 59 2
60 60 20
60 61 31
60 62 51
60 63 21
60 64 53
60 66 6
60 68 11
61 0 57
61 1 42
61 6 12
61 7 40
61 8 14
61 9 9
61 10 49
61 11 35
61 13 68
61 15 60
61 16 51
61 17 28
61 19 58
61 20 64
61 21 52
61 22 32
61 23 18
61 24 25
61 25 36
61 27 66
61 28 2
61 29 54
61 30 41
61 31 61
61 32 10
61 33 27
61 34 55
61 36 46
61 37 69
61 38 7
61 39 23
61 40 22
61 41 65
61 42 8
61 43 19
61 48 21
61 50 24
61 52 45
61 53 26
61 54 34
61 55 30
61 56 63
61 57 48
61 58 37
61 59 29
61 60 4
61 61 6
61 62 0
61 63 47
61 64 33
61 65 17
61 66 53
61 67 11
61 69 67
62 0 25
62 2 54
62 3 14
62 4 24
62 5 61
62 6 33
62 8 44
62 9 69
62 11 10
62 12 4
62 13 60
62 14 48
62 15 0
62 16 6
62 17 30
62 18 34
62 19 37
62 20 38
62 22 51
62 23 65
62 24 66
62 25 28
62 26 7
62 28 8
62 31 39
62 32 57
62 33 13
62 34 67
62 35 55
62 36 16
62 37 53
62 39 50
62 41 11
62 42 17
62 43 59
62 44 9
62 45 1
62 46 22
62 48 15
62 49 41
62 50 43
62 51 18
62 53 64
62 54 58
62 55 21
62 56 35
62 57 40
62 58 12
62 60 32
62 61 49
62 62 20
62 63 27
62 65 52
62 66 5
62 67 26
62 69 62
63 0 0
63 1 58
63 2 26
63 3 11
63 4 14
63 5 28
63 7 13
63 8 63
63 10 27
63 11 38
63 12 59
63 13 33
63 14 47
63 15 55
63 16 57
63 17 49
63 18 39
63 19 52
63 20 9
63 21 43
63 23 61
63 26 65
63 27 5
63 28 46
63 31 7
63 34 50
63 35 6
63 36 8
63 38 10
63 39 29
63 40 67
63 42 66
63 43 3
63 44 51
63 45 34
63 46 12
63 47 45
63 48 69
63 49 37
63 50 53
63 51 40
63 52 41
63 53 17
63 54 36
63 55 54
63 56 23
63 57 25
63 59 42
63 60 64
63 63 4
63 65 18
63 68 44
63 69 16
64 0 59
64 1 7
64 2 55
64 3 0
64 4 17
64 5 51
64 6 20
64 8 46
64 9 29
64 10 31
64 11 44
64 13 18
64 15 38
64 16 62
64 17 32
64 18 5
64 19 21
64 20 56
64 21 11
64 22 25
64 23 42
64 24 30
64 26 28
64 28 24
64 29 67
64 31 10
64 33 45
64 34 36
64 35 1
64 36 6
64 37 8
64 39 9
64 40 66
64 42 52
64 43 61
64 44 15
64 45 57
64 46 65
64 47 34
64 48 16
64 49 48
64 51 54
64 53 43
64 54 19
64 55 35
64 56 13
64 57 50
64 59 40
64 60 49
64 61 26
64 62 60
64 63 64
64 64 14
64 66 58
64 67 63
64 68 4
64 69 23
65 1 44
65 2 65
65 3 49
65 4 34
65 5 27
65 6 25
65 7 1
65 8 0
65 9 17
65 10 45
65 12 63
65 14 54
65 15 16
65 16 69
65 17 2
65 18 12
65 19 35
65 20 23
65 21 22
65 22 6
65 23 56
65 24 31
65 25 51
65 26 67
65 27 14
65 28 4
65 29 26
65 30 48
65 31 9
65 32 3
65 33 33
65 34 7
65 35 15
65 36 32
65 38 61
65 39 52
65 40 47
65 41 5
65 42 55
65 44 60
65 45 66
65 46 50
65 47 42
65 48 10
65 49 8
65 50 38
65 51 19
65 52 37
65 53 29
65 54 40
65 55 13
65 56 43
65 58 62
65 59 41
65 60 11
65 61 21
65 62 30
65 63 53
65 64 68
65 65 20
65 66 36
65 67 64
65 68 39
66 0 68
66 1 59
66 3 30
66 4 36
66 5 49
66 6 69
66 7 42
66 8 67
66 9 55
66 11 18
66 14 57
66 15 15
66 16 65
66 17 17
66 18 13
66 19 61
66 21 29
66 24 35
66 26 46
66 27 60
66 28 33
66 29 19
66 30 22
66 32 38
66 34 32
66 35 2
66 36 64
66 38 50
66 40 3
66 41 41
66 42 4
66 43 51
66 44 26
66 45 14
66 46 31
66 48 58
66 49 43
66 50 21
66 51 66
66 52 44
66 53 5
66 54 10
66 55 1
66 56 53
66 57 11
66 58 56
66 59 39
66 60 37
66 61 16
66 63 28
66 64 9
66 65 0
66 66 52
66 67 24
66 68 6
66 69 27
67 0 18
67 1 35
67 3 48
67 4 46
67 5 16
67 6 0
67 7 6
67 8 29
67 9 13
67 11 3
67 12 52
67 13 1
67 14 51
67 15 22
67 16 64
67 17 5
67 19 59
67 20 15
67 22 44
67 23 32
67 25 67
67 26 11
67 27 63
67 28 42
67 29 2
67 31 47
67 32 62
67 33 19
67 34 24
67 35 60
67 36 38
67 38 43
67 39 57
67 42 31
67 46 27
67 47 68
67 48 30
67 49 56
67 51 37
67 52 10
67 53 8
67 54 45
67 55 9
67 56 65
67 57 17
67 58 14
67 59 25
67 60 39
67 61 34
67 62 58
67 63 40
67 64 23
67 65 21
67 66 66
67 67 54
67 68 26
67 69 36
68 0 67
68 1 51
68 2 47
68 5 34
68 6 7
68 10 26
68 11 49
68 12 29
68 13 41
68 14 68
68 16 63
68 17 22
68 18 8
68 19 31
68 20 11
68 21 39
68 22 69
68 23 45
68 24 56
68 25 66
68 29 36
68 31 57
68 33 23
68 35 32
68 36 17
68 37 52
68 38 42
68 39 64
68 40 60
68 41 0
68 42 16
68 43 20
68 44 40
68 45 24
68 47 30
68 48 38
68 49 21
68 52 46
68 53 6
68 54 9
68 55 18
68 56 37
68 58 58
68 59 43
68 60 62
68 61 54
68 62 27
68 63 5
68 64 55
68 65 3
68 66 61
68 67 35
68 68 14
68 69 4
69 0 63
69 1 67
69 2 11
69 4 37
69 5 53
69 6 36
69 8 5
69 9 18
69 10 59
69 11 21
69 14 7
69 15 6
69 16 44
69 17 10
69 19 20
69 21 65
69 22 64
69 23 55
69 24 43
69 25 60
69 26 8
69 28 0
69 29 22
69 30 19
69 31 58
69 33 39
69 34 34
69 35 50
69 36 42
69 38 52
69 39 15
69 40 69
69 41 31
69 43 28
69 44 12
69 45 2
69 46 13
69 47 48
69 48 3
69 49 23
69 50 17
69 51 25
69 52 24
69 53 30
69 54 26
69 55 14
69 56 68
69 59 33
69 60 16
69 61 40
69 63 49
69 64 29
69 65 47
69 66 27
69 67 66
69 68 41
69 69 61
