60
0 2 13
0 3 46
0 4 33
0 7 31
0 13 32
0 14 19
0 15 15
0 19 40
0 21 24
0 23 6
0 31 8
0 32 20
0 36 54
0 38 49
0 39 57
0 40 30
0 41 3
0 42 45
0 43 11
0 44 52
0 45 10
0 53 23
0 57 43
1 1 48
1 2 10
1 3 1
1 4 35
1 5 52
1 7 55
1 12 23
1 14 17
1 18 5
1 22 20
1 23 49
1 24 46
1 27 8
1 29 3
1 30 43
1 31 58
1 32 16
1 33 9
1 35 4
1 36 40
1 46 27
1 49 25
1 53 53
1 55 29
1 59 24
2 0 25
2 3 2
2 5 27
2 9 0
2 12 55
2 13 10
2 14 20
2 18 35
2 19 42
2 21 53
2 27 57
2 29 9
2 36 21
2 37 44
2 41 11
2 47 30
2 50 36
2 56 54
3 1 6
3 3 58
3 4 41
3 6 50
3 8 15
3 9 16
3 10 38
3 18 48
3 19 32
3 21 54
3 22 9
3 23 26
3 24 47
3 25 30
3 32 33
3 33 18
3 34 11
3 35 21
3 36 44
3 37 23
3 39 13
3 40 34
3 42 59
3 43 52
3 46 28
3 47 8
3 49 53
3 52 42
3 54 37
3 55 7
3 58 4
4 4 3
4 5 34
4 6 49
4 11 17
4 13 50
4 16 11
4 19 21
4 25 19
4 32 55
4 34 6
4 37 24
4 39 58
4 41 1
4 42 51
4 44 47
4 46 18
4 52 7
4 53 48
4 56 9
4 58 41
5 0 31
5 4 6
5 7 7
5 8 34
5 10 1
5 21 44
5 22 35
5 29 47
5 31 57
5 32 41
5 40 15
5 41 40
5 42 5
5 43 29
5 44 39
5 48 52
5 58 33
6 0 9
6 1 0
6 6 15
6 7 22
6 8 44
6 9 17
6 11 58
6 13 24
6 17 2
6 20 34
6 23 20
6 24 35
6 27 36
6 28 45
6 32 25
6 47 10
6 49 37
6 52 30
6 53 56
6 54 48
6 55 54
6 56 26
6 57 28
6 59 39
7 0 7
7 1 46
7 3 23
7 9 21
7 10 9
7 13 57
7 16 17
7 20 59
7 21 36
7 27 29
7 33 50
7 36 35
7 37 41
7 44 1
7 48 10
7 53 44
7 55 5
7 57 54
7 59 8
8 0 52
8 1 31
8 7 3
8 13 43
8 14 2
8 16 9
8 21 0
8 22 16
8 23 11
8 26 29
8 27 26
8 28 57
8 29 40
8 35 34
8 36 58
8 42 21
8 44 56
8 45 28
8 47 53
8 52 14
8 55 49
8 56 51
8 57 36
9 0 21
9 1 43
9 2 11
9 5 24
9 9 52
9 10 26
9 13 16
9 15 17
9 16 46
9 18 14
9 19 28
9 20 3
9 21 47
9 24 30
9 26 23
9 29 25
9 33 36
9 34 7
9 35 55
9 38 42
9 39 41
9 40 5
9 42 53
9 44 45
9 46 33
9 47 13
9 48 9
9 50 6
9 52 10
9 55 51
9 57 35
10 0 2
10 2 37
10 3 56
10 6 31
10 11 51
10 14 6
10 15 58
10 18 10
10 24 55
10 25 20
10 34 38
10 38 9
10 42 22
10 50 48
10 53 0
10 55 40
11 1 23
11 3 52
11 5 59
11 6 33
11 7 20
11 9 58
11 11 35
11 12 29
11 18 22
11 19 48
11 22 12
11 23 38
11 24 17
11 26 14
11 32 56
11 35 39
11 38 4
11 42 30
11 44 31
11 45 47
11 46 9
11 47 27
11 48 36
11 49 13
11 51 10
11 52 41
11 53 43
11 55 46
11 56 5
12 0 33
12 3 39
12 5 26
12 12 2
12 17 31
12 18 1
12 22 47
12 23 35
12 27 14
12 28 42
12 30 57
12 31 7
12 32 28
12 34 12
12 35 16
12 39 6
12 40 46
12 41 48
12 42 8
12 44 23
12 45 17
12 50 15
12 52 58
12 53 27
12 55 18
12 59 59
13 0 19
13 1 18
13 2 21
13 3 47
13 4 26
13 5 49
13 10 50
13 14 48
13 16 33
13 20 13
13 22 15
13 23 24
13 27 40
13 29 39
13 30 38
13 31 25
13 37 14
13 39 36
13 49 4
13 50 29
13 51 34
13 54 17
13 55 6
13 57 58
13 58 20
13 59 53
14 5 25
14 7 54
14 8 37
14 12 56
14 14 51
14 16 32
14 18 21
14 27 35
14 29 45
14 30 2
14 32 38
14 34 42
14 38 44
14 40 43
14 42 57
14 45 14
14 49 28
14 50 39
14 51 23
14 54 16
14 55 33
14 59 40
15 1 53
15 3 51
15 5 18
15 6 17
15 7 23
15 9 47
15 10 0
15 13 44
15 14 33
15 17 45
15 18 25
15 19 15
15 21 21
15 25 11
15 28 52
15 32 48
15 43 32
15 45 26
15 46 30
15 47 6
15 53 19
15 55 43
15 57 10
15 58 24
16 2 41
16 3 35
16 4 34
16 5 46
16 6 47
16 9 57
16 12 50
16 14 15
16 18 45
16 19 26
16 20 31
16 21 11
16 22 17
16 26 40
16 28 43
16 30 53
16 32 22
16 33 29
16 34 9
16 35 30
16 38 13
16 40 0
16 41 18
16 42 25
16 45 44
16 47 32
16 52 54
16 53 28
16 56 16
16 57 52
17 1 38
17 4 36
17 6 22
17 7 28
17 8 40
17 12 51
17 13 21
17 14 12
17 15 26
17 16 8
17 18 33
17 19 52
17 20 50
17 23 1
17 26 3
17 27 2
17 31 31
17 34 16
17 42 10
17 43 49
17 44 17
17 46 43
17 47 18
17 48 42
18 3 49
18 4 37
18 5 54
18 6 23
18 8 9
18 9 6
18 10 12
18 11 7
18 21 48
18 25 59
18 27 28
18 28 29
18 29 1
18 36 14
18 40 16
18 42 19
18 43 55
18 46 50
18 48 45
18 50 3
18 51 13
18 57 31
18 59 11
19 2 36
19 3 17
19 6 9
19 7 18
19 11 8
19 12 58
19 14 1
19 16 39
19 21 46
19 22 2
19 23 7
19 26 15
19 36 22
19 40 38
19 41 56
19 42 35
19 44 50
19 45 32
19 48 49
19 49 27
19 50 12
19 52 31
20 2 52
20 5 13
20 8 51
20 10 10
20 14 25
20 15 41
20 19 31
20 27 33
20 29 49
20 31 22
20 37 28
20 38 19
20 40 58
20 43 56
20 44 57
20 46 6
20 50 8
20 52 48
20 54 15
20 56 34
21 0 1
21 1 45
21 6 51
21 7 42
21 9 24
21 10 15
21 12 31
21 16 50
21 17 38
21 21 40
21 24 33
21 26 20
21 27 3
21 28 36
21 33 47
21 35 5
21 36 2
21 37 11
21 38 35
21 39 7
21 40 6
21 41 27
21 47 58
21 48 17
21 50 25
21 51 16
21 53 26
21 54 34
21 55 55
21 58 44
22 0 59
22 5 30
22 7 39
22 8 43
22 9 8
22 11 10
22 14 49
22 15 13
22 18 6
22 22 57
22 29 20
22 32 1
22 33 45
22 35 36
22 39 2
22 42 55
22 47 50
22 52 56
22 53 58
22 54 38
22 55 32
22 56 17
23 0 53
23 5 15
23 6 29
23 7 4
23 9 3
23 12 37
23 17 44
23 18 39
23 20 0
23 25 34
23 27 27
23 29 58
23 30 49
23 34 23
23 36 13
23 45 22
23 46 55
23 47 54
23 48 25
23 51 28
23 53 38
23 54 2
23 56 35
23 57 7
24 0 43
24 3 12
24 4 51
24 9 56
24 10 27
24 13 41
24 14 35
24 15 23
24 17 55
24 18 40
24 24 28
24 26 53
24 27 21
24 28 13
24 29 36
24 32 5
24 37 9
24 38 6
24 41 52
24 45 39
24 46 54
24 48 34
24 49 38
24 50 10
24 51 45
24 52 50
24 54 29
24 56 46
24 59 57
25 2 5
25 3 24
25 8 11
25 11 44
25 14 13
25 15 45
25 22 28
25 28 47
25 30 36
25 31 17
25 37 33
25 38 7
25 39 16
25 40 54
25 41 0
25 42 4
25 43 12
25 44 41
25 47 23
25 49 9
25 53 18
25 54 3
25 56 32
25 59 15
26 0 20
26 7 59
26 13 56
26 20 48
26 25 2
26 26 57
26 27 44
26 28 4
26 29 43
26 31 46
26 32 13
26 33 39
26 34 41
26 35 17
26 37 58
26 38 54
26 39 21
26 45 23
26 48 32
26 58 11
27 1 30
27 3 33
27 5 41
27 7 8
27 11 3
27 15 19
27 18 36
27 19 38
27 20 40
27 23 37
27 25 13
27 29 14
27 32 34
27 35 26
27 36 27
27 37 56
27 40 20
27 43 25
27 46 0
27 47 35
27 50 7
27 51 29
27 52 47
27 53 12
27 58 1
27 59 54
28 3 8
28 4 28
28 7 50
28 8 36
28 9 11
28 10 34
28 13 2
28 15 52
28 17 39
28 20 17
28 22 1
28 25 53
28 26 13
28 28 48
28 31 24
28 36 5
28 39 44
28 40 35
28 41 9
28 42 56
28 43 27
28 45 7
28 49 23
28 50 43
28 51 18
28 52 15
28 55 59
28 56 19
28 57 33
29 3 40
29 4 31
29 8 52
29 11 13
29 12 0
29 14 32
29 17 48
29 23 27
29 25 38
29 27 37
29 32 30
29 36 12
29 37 34
29 38 29
29 39 59
29 45 43
29 49 50
29 50 46
29 53 41
29 55 14
29 57 42
29 58 36
30 3 32
30 9 53
30 11 1
30 15 9
30 16 15
30 18 12
30 22 31
30 23 28
30 24 3
30 25 42
30 26 6
30 28 49
30 30 33
30 31 21
30 33 23
30 34 30
30 35 48
30 37 2
30 40 18
30 43 47
30 46 11
30 47 34
30 49 57
30 50 38
30 52 8
30 53 35
30 55 44
31 0 44
31 2 45
31 4 15
31 7 19
31 9 34
31 14 54
31 15 16
31 16 5
31 17 49
31 18 43
31 19 0
31 27 48
31 28 37
31 30 21
31 31 56
31 32 53
31 33 30
31 37 36
31 38 39
31 39 32
31 40 13
31 46 57
31 47 31
31 49 12
31 51 9
31 54 51
31 55 38
31 56 41
31 58 46
31 59 22
32 0 50
32 3 16
32 4 24
32 5 23
32 7 47
32 8 32
32 9 43
32 12 8
32 14 38
32 17 5
32 25 33
32 26 2
32 28 41
32 31 9
32 32 42
32 33 20
32 35 56
32 36 19
32 37 49
32 39 55
32 40 12
32 42 52
32 45 1
32 52 27
32 54 26
32 55 34
32 56 21
33 3 18
33 4 47
33 7 2
33 8 31
33 11 37
33 13 22
33 14 45
33 15 44
33 19 53
33 20 56
33 21 15
33 26 24
33 28 46
33 34 32
33 38 1
33 40 41
33 41 4
33 42 48
33 46 7
33 48 30
33 49 8
33 50 5
33 51 59
33 52 49
33 55 23
33 57 27
34 0 29
34 6 26
34 11 4
34 12 11
34 13 54
34 14 46
34 15 43
34 16 38
34 18 3
34 23 52
34 24 49
34 25 41
34 26 33
34 27 34
34 28 56
34 29 31
34 30 42
34 32 7
34 36 39
34 46 45
34 51 15
34 52 40
34 53 5
34 55 12
34 58 30
35 5 32
35 7 38
35 9 12
35 11 0
35 12 34
35 17 17
35 21 50
35 22 45
35 23 36
35 24 39
35 25 28
35 28 59
35 29 48
35 31 44
35 32 54
35 39 4
35 42 16
35 44 51
35 50 21
35 52 3
35 54 22
35 59 7
36 1 9
36 2 17
36 5 51
36 6 57
36 7 24
36 8 48
36 17 34
36 18 41
36 19 8
36 21 2
36 25 35
36 26 59
36 27 32
36 28 22
36 29 11
36 35 38
36 43 4
36 47 28
36 54 14
36 57 46
36 59 30
37 1 52
37 4 12
37 5 40
37 9 1
37 11 5
37 22 41
37 23 23
37 26 56
37 28 17
37 29 2
37 31 47
37 34 53
37 37 48
37 39 33
37 41 21
37 42 36
37 44 11
37 45 4
37 48 0
37 49 32
37 50 14
37 51 39
37 53 54
37 55 19
37 57 22
38 0 11
38 1 32
38 5 2
38 9 45
38 14 9
38 15 35
38 16 7
38 19 51
38 20 21
38 22 59
38 23 42
38 25 29
38 30 3
38 31 16
38 32 24
38 33 28
38 34 22
38 35 37
38 41 50
38 45 0
38 46 20
38 51 4
38 57 56
38 58 13
39 0 15
39 1 36
39 2 24
39 3 25
39 4 0
39 5 37
39 6 7
39 13 27
39 14 44
39 16 52
39 34 55
39 36 49
39 38 23
39 41 13
39 45 35
39 47 2
39 49 56
39 53 14
39 58 40
40 2 4
40 4 44
40 7 29
40 9 30
40 11 55
40 18 24
40 19 27
40 20 16
40 21 14
40 25 48
40 28 39
40 29 59
40 32 36
40 34 31
40 36 43
40 37 8
40 39 37
40 41 35
40 42 46
40 51 42
40 53 50
40 57 19
40 59 9
41 2 58
41 3 14
41 8 12
41 10 44
41 15 28
41 22 54
41 24 18
41 26 5
41 28 8
41 29 26
41 30 41
41 31 50
41 37 15
41 40 2
41 41 17
41 43 48
41 44 38
41 45 16
41 50 27
41 53 45
41 55 56
41 59 37
42 2 16
42 3 27
42 4 21
42 6 34
42 7 58
42 9 55
42 10 40
42 12 22
42 13 49
42 19 23
42 24 31
42 25 39
42 28 1
42 30 24
42 39 43
42 40 32
42 41 42
42 42 26
42 43 17
42 45 36
42 49 35
42 51 46
42 53 30
42 55 3
42 57 0
42 59 51
43 2 49
43 3 11
43 4 43
43 5 39
43 7 6
43 8 42
43 12 33
43 13 1
43 14 41
43 17 16
43 18 20
43 19 30
43 20 55
43 24 12
43 25 17
43 28 38
43 30 48
43 32 51
43 34 8
43 36 59
43 38 46
43 40 36
43 43 45
43 46 40
43 47 9
43 49 0
43 57 23
44 0 26
44 2 40
44 9 37
44 11 33
44 12 16
44 17 56
44 21 27
44 22 44
44 25 7
44 29 18
44 35 11
44 36 17
44 37 4
44 41 8
44 44 43
44 45 19
44 46 24
44 51 51
44 53 46
44 58 2
45 3 13
45 7 35
45 9 39
45 10 4
45 13 6
45 16 19
45 17 37
45 19 22
45 21 9
45 22 50
45 24 7
45 25 12
45 26 8
45 28 34
45 29 52
45 30 59
45 31 41
45 34 47
45 36 55
45 37 45
45 39 5
45 40 23
45 41 49
45 46 26
45 49 2
45 50 40
45 51 33
45 53 29
45 57 20
45 58 43
46 2 26
46 3 7
46 6 40
46 9 27
46 12 30
46 15 29
46 19 5
46 20 32
46 21 3
46 24 10
46 26 19
46 28 28
46 29 34
46 40 17
46 41 23
46 43 15
46 44 21
46 46 12
46 50 54
46 54 39
46 55 47
46 56 42
46 59 35
47 7 14
47 11 23
47 13 19
47 14 55
47 18 11
47 19 59
47 23 47
47 25 0
47 28 27
47 34 56
47 36 24
47 37 43
47 39 3
47 41 15
47 42 20
47 45 9
47 48 33
47 51 30
47 54 28
47 58 5
48 0 47
48 1 44
48 6 24
48 7 45
48 8 33
48 10 21
48 13 28
48 18 34
48 19 2
48 20 35
48 21 56
48 24 59
48 26 43
48 36 42
48 42 27
48 43 57
48 44 48
48 45 12
48 46 19
48 48 50
48 52 9
48 54 46
48 55 39
48 57 41
48 59 13
49 0 18
49 1 15
49 4 13
49 10 55
49 12 9
49 14 39
49 16 14
49 17 26
49 19 7
49 24 20
49 25 40
49 34 5
49 36 48
49 40 24
49 41 41
49 43 43
49 46 35
49 49 34
49 50 56
49 51 37
49 53 32
49 56 27
49 58 16
49 59 33
50 3 41
50 4 29
50 6 14
50 9 22
50 13 25
50 14 43
50 15 36
50 21 26
50 26 52
50 29 4
50 36 10
50 37 42
50 39 27
50 41 51
50 43 5
50 47 59
50 49 30
50 51 17
50 53 16
51 0 39
51 1 55
51 5 12
51 7 32
51 13 18
51 18 2
51 21 23
51 23 46
51 26 28
51 27 41
51 28 9
51 29 38
51 32 59
51 37 17
51 45 13
51 46 3
51 49 19
51 55 53
51 56 30
51 57 16
52 4 40
52 5 5
52 6 16
52 7 25
52 9 19
52 10 7
52 15 55
52 16 35
52 17 14
52 19 24
52 24 36
52 30 30
52 32 6
52 33 2
52 34 27
52 37 10
52 39 46
52 41 26
52 44 37
52 46 31
52 50 44
52 51 11
52 52 23
52 53 42
52 54 18
52 57 38
52 58 22
52 59 20
53 9 42
53 10 8
53 11 59
53 14 23
53 18 53
53 19 16
53 20 6
53 24 34
53 25 24
53 26 4
53 32 0
53 33 11
53 34 19
53 36 37
53 37 35
53 38 43
53 39 40
53 40 1
53 41 58
53 44 27
53 45 30
53 49 51
53 50 57
53 54 31
53 57 48
53 58 55
53 59 17
54 1 37
54 2 23
54 3 50
54 5 28
54 7 46
54 10 57
54 11 26
54 12 42
54 13 9
54 14 11
54 19 47
54 21 10
54 30 25
54 32 32
54 34 1
54 37 0
54 38 18
54 41 29
54 42 40
54 44 49
54 45 21
54 46 34
54 49 41
54 51 31
54 52 19
54 53 59
54 59 4
55 1 27
55 2 39
55 3 43
55 4 32
55 5 11
55 6 37
55 8 8
55 9 46
55 12 28
55 15 48
55 18 49
55 19 33
55 20 12
55 22 21
55 23 31
55 26 38
55 31 53
55 37 54
55 42 42
55 43 22
55 45 6
55 52 35
55 55 36
55 56 59
55 57 13
56 0 54
56 1 7
56 4 25
56 10 51
56 12 52
56 15 2
56 17 12
56 21 38
56 29 0
56 30 29
56 32 31
56 35 35
56 37 37
56 38 30
56 42 34
56 44 4
56 45 20
56 47 17
56 50 55
56 55 42
56 58 59
56 59 26
57 5 9
57 6 43
57 7 57
57 9 33
57 10 45
57 14 42
57 15 46
57 19 4
57 20 7
57 21 35
57 22 5
57 24 40
57 25 55
57 28 21
57 29 44
57 32 14
57 33 3
57 35 32
57 37 51
57 38 36
57 39 54
57 40 52
57 43 18
57 46 48
57 47 37
57 48 29
57 50 23
57 52 26
57 57 12
57 59 19
58 4 9
58 13 35
58 14 26
58 16 42
58 20 8
58 22 10
58 23 57
58 25 47
58 29 51
58 30 6
58 35 40
58 37 13
58 43 46
58 53 33
58 56 37
58 57 49
58 58 12
59 0 12
59 3 19
59 7 49
59 11 31
59 15 51
59 17 35
59 18 37
59 20 36
59 25 52
59 29 55
59 31 15
59 37 29
59 38 21
59 39 1
59 44 5
59 46 23
59 48 14
59 51 53
59 54 9
59 58 45
