60
0 2 12
0 3 50
0 4 2
0 5 32
0 6 57
0 9 21
0 10 7
0 11 51
0 12 35
0 13 25
0 14 53
0 15 23
0 16 36
0 17 41
0 18 13
0 19 29
0 20 20
0 24 33
0 25 34
0 27 59
0 31 14
0 32 15
0 33 4
0 35 47
0 36 37
0 37 26
0 38 27
0 39 11
0 40 54
0 41 17
0 42 48
0 43 42
0 44 39
0 45 6
0 46 38
0 48 52
0 50 16
0 51 43
0 52 18
0 53 24
0 55 3
0 56 49
0 57 8
0 58 28
0 59 44
1 2 31
1 3 20
1 4 17
1 10 6
1 12 36
1 13 29
1 14 32
1 16 15
1 18 28
1 19 16
1 20 5
1 21 58
1 23 49
1 25 39
1 28 13
1 29 52
1 30 37
1 31 22
1 32 11
1 33 44
1 35 30
1 36 57
1 37 40
1 39 51
1 40 9
1 41 43
1 42 12
1 43 7
1 44 21
1 45 56
1 46 55
1 47 10
1 48 3
1 49 25
1 50 53
1 52 19
1 54 33
1 55 35
1 56 18
1 57 38
1 59 42
2 0 19
2 1 28
2 2 29
2 5 54
2 6 25
2 7 20
2 8 30
2 9 41
2 10 0
2 12 4
2 13 57
2 14 26
2 15 53
2 16 42
2 17 37
2 18 8
2 19 47
2 20 46
2 22 7
2 23 14
2 24 45
2 25 12
2 26 1
2 28 31
2 29 56
2 30 34
2 31 5
2 32 9
2 34 22
2 35 39
2 36 11
2 37 35
2 38 16
2 39 49
2 40 58
2 41 3
2 42 43
2 45 55
2 46 6
2 47 27
2 48 21
2 49 13
2 51 18
2 53 50
2 54 59
2 58 48
2 59 24
3 0 6
3 1 48
3 2 21
3 3 59
3 4 19
3 8 56
3 9 14
3 10 33
3 11 29
3 12 16
3 13 2
3 16 41
3 17 55
3 18 45
3 19 49
3 20 47
3 21 7
3 22 1
3 23 24
3 24 43
3 25 30
3 26 44
3 28 32
3 29 3
3 30 0
3 31 38
3 33 18
3 34 58
3 35 26
3 37 50
3 38 17
3 41 8
3 44 46
3 45 40
3 46 23
3 47 5
3 48 27
3 49 54
3 50 13
3 51 35
3 52 36
3 53 12
3 55 57
3 57 9
3 59 52
4 0 43
4 2 57
4 5 16
4 6 3
4 10 2
4 11 1
4 12 12
4 13 15
4 16 23
4 17 0
4 18 14
4 20 27
4 22 41
4 23 50
4 26 54
4 27 10
4 28 44
4 29 24
4 30 5
4 31 26
4 32 31
4 33 56
4 34 52
4 35 58
4 36 39
4 37 59
4 38 30
4 39 55
4 40 7
4 41 6
4 42 51
4 43 11
4 44 53
4 45 19
4 46 22
4 47 34
4 48 28
4 50 36
4 52 29
4 53 42
4 54 18
4 55 33
4 56 20
4 58 38
4 59 49
5 0 40
5 1 8
5 2 19
5 4 18
5 5 45
5 8 10
5 9 42
5 11 15
5 12 26
5 14 23
5 15 34
5 17 48
5 18 47
5 20 41
5 21 13
5 22 31
5 24 30
5 25 36
5 26 58
5 27 22
5 28 54
5 29 17
5 31 57
5 33 37
5 34 29
5 35 9
5 38 11
5 40 24
5 41 38
5 42 2
5 43 27
5 44 3
5 46 59
5 47 35
5 48 39
5 49 7
5 51 1
5 52 0
5 53 21
5 55 32
5 56 43
5 58 6
5 59 5
6 2 55
6 3 39
6 4 30
6 6 58
6 7 8
6 8 16
6 9 44
6 10 26
6 11 27
6 12 23
6 13 10
6 14 29
6 16 14
6 17 57
6 19 36
6 24 18
6 26 42
6 29 48
6 30 41
6 32 28
6 33 21
6 34 40
6 35 2
6 36 51
6 38 52
6 39 1
6 40 22
6 44 32
6 45 20
6 46 4
6 49 19
6 50 50
6 52 11
6 53 17
6 56 9
6 57 12
6 58 7
6 59 47
7 0 35
7 1 55
7 2 34
7 3 42
7 4 53
7 7 11
7 9 29
7 10 9
7 12 24
7 13 54
7 14 10
7 17 17
7 18 59
7 20 39
7 21 18
7 22 12
7 23 31
7 24 58
7 26 16
7 27 25
7 28 57
7 29 4
7 30 43
7 32 41
7 33 13
7 34 36
7 37 47
7 38 49
7 40 38
7 41 15
7 42 52
7 43 0
7 45 3
7 46 32
7 47 48
7 49 46
7 50 5
7 52 30
7 53 28
7 54 27
7 55 56
7 57 23
7 58 22
7 59 51
8 1 16
8 2 32
8 3 24
8 4 6
8 5 36
8 8 43
8 9 25
8 10 13
8 11 14
8 12 5
8 14 51
8 15 50
8 16 35
8 17 52
8 18 2
8 19 30
8 22 0
8 24 59
8 25 31
8 26 41
8 27 11
8 29 42
8 30 7
8 31 9
8 33 58
8 34 45
8 35 37
8 36 48
8 37 53
8 39 34
8 40 28
8 41 49
8 42 44
8 43 4
8 44 47
8 45 18
8 47 20
8 49 12
8 51 3
8 52 10
8 53 26
8 54 39
8 57 46
8 58 56
8 59 8
9 0 42
9 1 27
9 2 18
9 3 16
9 4 25
9 7 17
9 8 21
9 9 47
9 11 39
9 12 38
9 13 46
9 15 12
9 16 32
9 17 28
9 18 41
9 20 55
9 21 48
9 22 23
9 23 37
9 24 9
9 25 19
9 26 5
9 27 0
9 28 45
9 29 30
9 30 54
9 31 40
9 32 35
9 34 15
9 36 59
9 38 2
9 40 52
9 41 36
9 42 11
9 44 10
9 45 57
9 47 33
9 48 50
9 50 58
9 51 44
9 52 8
9 53 43
9 56 3
9 57 34
10 0 48
10 4 0
10 7 18
10 9 37
10 10 30
10 11 34
10 12 39
10 13 3
10 15 20
10 17 26
10 18 58
10 19 12
10 20 35
10 23 51
10 24 21
10 25 42
10 26 25
10 27 57
10 28 6
10 29 45
10 30 49
10 31 10
10 32 29
10 34 53
10 35 14
10 37 22
10 38 32
10 39 2
10 40 8
10 41 59
10 42 24
10 44 23
10 45 9
10 49 40
10 50 15
10 52 4
10 57 27
10 58 13
10 59 11
11 0 57
11 1 58
11 2 33
11 4 14
11 5 27
11 6 10
11 7 13
11 8 11
11 9 31
11 10 25
11 11 0
11 12 41
11 14 9
11 15 32
11 16 43
11 17 40
11 18 23
11 20 12
11 21 26
11 22 17
11 23 20
11 25 51
11 26 19
11 28 50
11 29 46
11 31 56
11 34 2
11 35 38
11 36 24
11 37 6
11 39 8
11 40 4
11 41 47
11 42 35
11 44 52
11 48 22
11 49 39
11 50 1
11 51 59
11 52 44
11 53 53
11 54 15
11 55 48
11 56 28
11 58 36
12 0 36
12 1 17
12 2 0
12 3 27
12 5 39
12 7 10
12 8 23
12 9 18
12 10 34
12 13 48
12 14 3
12 16 30
12 17 32
12 18 56
12 19 53
12 20 43
12 23 22
12 25 47
12 26 7
12 27 42
12 29 38
12 34 49
12 35 51
12 38 9
12 39 50
12 40 35
12 41 4
12 42 19
12 43 26
12 44 25
12 45 13
12 46 33
12 48 29
12 49 24
12 50 57
12 51 14
12 52 40
12 53 8
12 56 41
12 57 28
12 58 2
12 59 20
13 1 41
13 2 10
13 6 4
13 7 24
13 8 51
13 10 42
13 11 18
13 12 2
13 14 58
13 15 26
13 16 34
13 17 21
13 18 33
13 19 31
13 22 8
13 23 43
13 24 36
13 25 48
13 26 14
13 29 55
13 31 15
13 32 56
13 33 49
13 35 17
13 36 25
13 37 11
13 38 59
13 39 9
13 42 57
13 43 6
13 44 40
13 45 53
13 46 52
13 48 47
13 49 5
13 50 20
13 51 7
13 52 22
13 53 35
13 54 30
13 55 50
13 56 45
13 57 39
13 58 23
13 59 46
14 0 32
14 1 14
14 2 9
14 3 53
14 5 33
14 6 7
14 9 59
14 10 57
14 11 45
14 12 8
14 13 5
14 14 43
14 15 29
14 16 17
14 17 51
14 18 0
14 21 3
14 22 56
14 24 47
14 25 20
14 26 49
14 28 34
14 31 35
14 32 2
14 34 54
14 37 4
14 38 28
14 41 58
14 42 22
14 43 48
14 45 11
14 46 27
14 48 46
14 50 30
14 51 52
14 52 1
14 53 6
14 54 10
14 55 36
14 57 41
14 59 19
15 0 8
15 2 47
15 3 46
15 4 50
15 6 59
15 9 15
15 11 25
15 12 56
15 14 4
15 15 58
15 16 16
15 17 9
15 18 52
15 19 38
15 21 21
15 22 19
15 23 44
15 24 27
15 26 23
15 28 1
15 30 13
15 32 20
15 33 22
15 34 5
15 35 33
15 36 36
15 38 35
15 40 57
15 42 7
15 43 29
15 44 34
15 45 28
15 47 49
15 48 17
15 49 37
15 50 24
15 51 39
15 52 48
15 53 3
15 55 10
15 56 42
15 59 41
16 1 10
16 3 17
16 4 13
16 5 4
16 7 35
16 8 44
16 9 7
16 10 52
16 11 11
16 12 37
16 14 30
16 17 36
16 19 19
16 20 29
16 23 45
16 24 46
16 25 40
16 26 26
16 28 55
16 29 53
16 30 16
16 31 48
16 32 38
16 34 14
16 35 22
16 37 0
16 39 54
16 40 42
16 41 51
16 42 34
16 43 56
16 44 59
16 45 1
16 46 15
16 47 28
16 48 32
16 49 2
16 52 21
16 54 47
16 55 27
16 56 25
17 0 29
17 1 34
17 3 3
17 5 17
17 7 48
17 8 46
17 11 2
17 12 28
17 13 59
17 14 0
17 15 6
17 16 31
17 17 27
17 19 26
17 21 45
17 25 25
17 28 30
17 29 13
17 30 4
17 31 12
17 32 22
17 33 11
17 34 57
17 36 53
17 37 36
17 38 14
17 39 42
17 40 49
17 41 37
17 42 47
17 43 8
17 46 43
17 47 56
17 48 38
17 49 32
17 52 33
17 53 58
17 54 1
17 57 18
17 58 19
17 59 54
18 0 47
18 1 18
18 2 42
18 3 32
18 4 20
18 7 49
18 8 0
18 9 26
18 10 21
18 11 59
18 12 43
18 13 22
18 17 38
18 18 51
18 20 28
18 23 1
18 24 40
18 25 35
18 26 36
18 27 56
18 30 55
18 32 16
18 33 8
18 34 11
18 35 24
18 38 12
18 39 45
18 40 53
18 41 44
18 43 10
18 44 29
18 45 7
18 46 19
18 47 46
18 49 17
18 50 23
18 51 13
18 53 37
18 54 41
18 57 48
18 58 15
19 0 7
19 2 49
19 3 34
19 4 4
19 6 24
19 9 17
19 10 41
19 13 6
19 14 55
19 15 45
19 16 37
19 17 43
19 18 40
19 20 50
19 21 46
19 22 42
19 23 2
19 24 44
19 25 16
19 26 35
19 27 38
19 28 20
19 29 11
19 32 47
19 33 14
19 34 31
19 35 3
19 37 27
19 38 22
19 40 51
19 42 23
19 44 28
19 45 5
19 46 10
19 47 54
19 48 57
19 50 9
19 51 21
19 53 48
19 54 32
19 55 12
19 56 0
19 58 33
20 0 45
20 1 6
20 2 24
20 3 23
20 4 29
20 5 21
20 6 20
20 8 12
20 9 46
20 10 39
20 11 33
20 12 7
20 13 11
20 15 40
20 16 47
20 17 1
20 18 34
20 19 42
20 21 36
20 22 48
20 24 52
20 25 13
20 26 9
20 28 49
20 29 26
20 30 28
20 31 44
20 32 4
20 33 35
20 34 16
20 36 54
20 37 19
20 38 53
20 40 43
20 41 30
20 42 50
20 44 38
20 45 2
20 46 56
20 48 51
20 49 59
20 50 3
20 51 25
20 52 31
20 53 27
20 54 57
20 56 8
20 58 17
20 59 15
21 0 2
21 1 40
21 2 36
21 3 29
21 8 4
21 9 30
21 10 43
21 11 42
21 12 46
21 13 39
21 14 52
21 16 33
21 18 32
21 19 57
21 21 22
21 22 6
21 23 17
21 25 41
21 26 24
21 28 56
21 29 18
21 30 19
21 31 37
21 32 25
21 33 27
21 34 48
21 36 9
21 38 15
21 39 5
21 41 28
21 45 0
21 46 20
21 47 51
21 48 13
21 49 53
21 50 47
21 56 26
21 57 7
21 59 21
22 1 24
22 2 38
22 3 57
22 4 28
22 6 22
22 7 59
22 9 32
22 10 27
22 11 23
22 12 14
22 13 49
22 14 13
22 17 19
22 18 17
22 19 56
22 20 53
22 21 47
22 22 46
22 23 30
22 24 10
22 25 26
22 27 43
22 28 42
22 29 29
22 30 36
22 31 3
22 32 21
22 35 48
22 37 12
22 38 34
22 39 52
22 40 5
22 41 1
22 43 33
22 44 11
22 45 31
22 50 6
22 51 16
22 52 20
22 55 7
22 57 54
22 58 39
22 59 2
23 0 49
23 1 23
23 2 27
23 3 22
23 4 36
23 7 40
23 8 3
23 10 18
23 12 42
23 14 20
23 16 50
23 17 4
23 18 38
23 19 41
23 22 9
23 24 7
23 25 11
23 26 57
23 28 29
23 30 48
23 31 39
23 32 0
23 33 34
23 34 37
23 35 56
23 36 19
23 37 45
23 38 24
23 39 53
23 41 2
23 42 8
23 43 17
23 44 33
23 47 58
23 48 26
23 49 28
23 51 12
23 52 51
23 53 32
23 54 31
23 56 47
23 57 55
23 59 25
24 0 33
24 1 56
24 2 8
24 4 51
24 6 42
24 8 7
24 9 3
24 10 49
24 12 22
24 13 19
24 15 16
24 16 28
24 17 20
24 19 58
24 20 6
24 22 59
24 23 4
24 24 5
24 26 17
24 27 24
24 29 0
24 30 40
24 31 32
24 32 18
24 34 12
24 35 53
24 38 57
24 39 39
24 40 21
24 41 26
24 42 31
24 45 34
24 48 10
24 49 38
24 50 35
24 52 37
24 55 25
24 56 27
24 57 1
24 58 50
24 59 36
25 0 4
25 2 16
25 4 38
25 5 10
25 6 18
25 7 43
25 9 5
25 10 40
25 11 21
25 13 28
25 14 11
25 15 27
25 17 45
25 19 59
25 20 7
25 23 6
25 24 2
25 26 3
25 27 51
25 29 36
25 31 34
25 33 0
25 36 17
25 37 23
25 39 22
25 42 13
25 43 15
25 44 24
25 47 44
25 49 35
25 51 48
25 54 52
25 55 1
25 56 12
25 57 50
25 58 37
26 0 51
26 2 30
26 3 18
26 4 49
26 6 6
26 7 22
26 8 38
26 9 52
26 10 8
26 11 10
26 12 45
26 13 21
26 14 5
26 15 17
26 19 44
26 20 54
26 21 35
26 22 37
26 23 56
26 24 34
26 25 23
26 26 15
26 27 41
26 28 14
26 29 1
26 30 42
26 31 36
26 33 3
26 34 43
26 35 27
26 36 26
26 39 32
26 40 13
26 41 31
26 42 20
26 44 0
26 45 48
26 46 2
26 47 39
26 51 55
26 53 4
26 55 24
26 57 59
26 58 9
26 59 28
27 1 46
27 2 37
27 3 4
27 5 18
27 6 33
27 8 17
27 10 53
27 11 52
27 13 27
27 14 25
27 15 39
27 16 20
27 17 14
27 19 3
27 20 13
27 22 38
27 23 10
27 24 29
27 25 55
27 28 19
27 29 44
27 30 56
27 31 49
27 32 36
27 33 59
27 36 21
27 37 41
27 41 24
27 42 26
27 43 23
27 44 2
27 45 51
27 46 34
27 48 12
27 49 57
27 50 7
27 51 40
27 53 1
27 54 5
27 55 54
27 56 58
27 57 45
27 59 35
28 0 1
28 1 20
28 2 22
28 3 9
28 5 5
28 6 35
28 8 14
28 11 41
28 13 30
28 14 2
28 15 57
28 18 4
28 19 34
28 20 3
28 22 53
28 25 59
28 28 17
28 29 27
28 30 18
28 32 54
28 34 46
28 35 6
28 36 16
28 37 25
28 38 10
28 39 44
28 40 47
28 41 7
28 43 43
28 44 12
28 46 36
28 50 49
28 51 51
28 52 52
28 54 21
28 55 40
28 56 37
28 57 19
28 58 32
28 59 45
29 0 38
29 2 53
29 3 26
29 4 39
29 5 2
29 6 5
29 7 51
29 8 20
29 11 49
29 12 57
29 13 44
29 16 18
29 17 3
29 18 12
29 19 40
29 21 8
29 23 36
29 26 46
29 27 32
29 31 58
29 32 42
29 33 41
29 34 17
29 35 23
29 40 19
29 41 45
29 42 21
29 43 34
29 45 50
29 48 14
29 49 16
29 50 59
29 51 28
29 52 55
29 53 13
29 56 7
29 57 33
29 59 56
30 1 32
30 2 4
30 3 51
30 4 24
30 5 37
30 6 45
30 7 58
30 8 2
30 9 57
30 10 44
30 11 47
30 12 48
30 13 38
30 14 36
30 15 46
30 16 1
30 17 6
30 18 35
30 19 28
30 20 9
30 21 40
30 22 13
30 23 34
30 24 55
30 25 56
30 26 12
30 29 20
30 30 53
30 31 43
30 33 31
30 34 42
30 36 14
30 37 39
30 38 3
30 39 26
30 43 25
30 44 8
30 45 17
30 47 7
30 49 21
30 51 5
30 52 50
30 53 41
30 54 49
30 55 18
30 56 54
30 57 22
30 59 29
31 0 21
31 1 42
31 3 30
31 4 54
31 5 48
31 6 11
31 7 57
31 8 29
31 10 19
31 11 3
31 12 10
31 13 53
31 14 28
31 16 26
31 17 31
31 18 55
31 21 52
31 22 40
31 23 58
31 24 23
31 25 33
31 29 5
31 30 24
31 31 4
31 32 12
31 33 51
31 35 43
31 36 6
31 37 2
31 38 50
31 39 41
31 40 34
31 41 46
31 42 39
31 44 37
31 46 14
31 47 17
31 49 44
31 50 45
31 51 56
31 52 47
31 54 7
31 59 22
32 1 37
32 2 25
32 3 15
32 4 11
32 7 42
32 8 1
32 9 27
32 10 10
32 11 28
32 12 18
32 15 9
32 17 39
32 19 24
32 21 49
32 22 36
32 24 17
32 25 29
32 26 34
32 27 44
32 29 32
32 30 47
32 34 26
32 35 4
32 36 23
32 37 43
32 38 21
32 39 14
32 40 12
32 41 35
32 43 22
32 44 31
32 46 40
32 47 45
32 48 53
32 49 52
32 52 46
32 53 55
32 54 13
32 55 20
32 56 5
32 57 6
32 58 51
32 59 3
33 0 39
33 1 54
33 2 14
33 3 8
33 5 47
33 6 2
33 7 29
33 9 40
33 10 28
33 11 44
33 13 13
33 14 19
33 16 59
33 18 20
33 19 25
33 22 21
33 24 41
33 25 18
33 26 10
33 27 16
33 29 12
33 30 22
33 31 23
33 32 1
33 33 43
33 34 7
33 35 50
33 36 34
33 38 0
33 39 38
33 44 48
33 46 49
33 47 52
33 48 42
33 52 3
33 54 51
33 56 53
33 57 30
33 58 11
34 0 46
34 7 7
34 8 34
34 9 38
34 10 50
34 13 23
34 14 45
34 15 31
34 17 22
34 18 16
34 19 2
34 20 36
34 21 30
34 22 39
34 23 11
34 25 14
34 26 32
34 27 1
34 28 3
34 31 24
34 33 57
34 35 12
34 37 52
34 38 33
34 40 18
34 41 48
34 42 59
34 46 28
34 47 13
34 48 49
34 49 41
34 50 10
34 52 5
34 53 25
34 54 0
34 56 35
34 57 4
34 58 26
34 59 40
35 2 39
35 3 36
35 5 26
35 8 33
35 9 13
35 10 17
35 11 16
35 12 49
35 14 56
35 15 28
35 16 5
35 18 29
35 19 32
35 20 40
35 21 9
35 22 24
35 24 22
35 26 27
35 27 4
35 31 41
35 32 6
35 33 25
35 36 2
35 37 15
35 38 46
35 39 19
35 40 31
35 42 14
35 43 30
35 44 57
35 45 12
35 46 35
35 47 50
35 49 43
35 50 37
35 51 54
35 52 7
35 53 45
35 54 48
35 56 38
35 59 59
36 1 21
36 2 28
36 4 7
36 5 38
36 6 31
36 9 36
36 12 0
36 15 22
36 16 40
36 17 2
36 18 3
36 19 23
36 21 53
36 24 56
36 25 10
36 27 30
36 29 43
36 30 52
36 31 13
36 34 6
36 35 54
36 38 26
36 39 27
36 41 18
36 42 16
36 43 1
36 45 46
36 50 51
36 51 42
36 52 59
36 53 11
36 54 14
36 55 39
36 56 57
36 58 20
37 0 26
37 2 46
37 3 58
37 4 8
37 8 40
37 9 9
37 12 32
37 14 37
37 15 25
37 16 6
37 17 18
37 19 21
37 20 30
37 21 38
37 23 48
37 24 13
37 25 28
37 26 31
37 27 20
37 28 4
37 29 41
37 30 14
37 31 54
37 32 3
37 34 55
37 35 11
37 38 51
37 40 36
37 41 10
37 43 50
37 44 5
37 46 42
37 48 2
37 49 22
37 50 39
37 51 57
37 52 35
37 53 23
37 54 56
37 57 47
37 58 44
37 59 17
38 0 14
38 1 33
38 2 45
38 3 10
38 5 30
38 6 39
38 7 36
38 8 42
38 9 51
38 10 58
38 11 24
38 12 44
38 13 26
38 14 41
38 15 0
38 16 3
38 17 11
38 19 8
38 20 1
38 21 19
38 22 34
38 24 35
38 25 46
38 26 53
38 27 54
38 28 38
38 31 27
38 34 28
38 35 18
38 37 29
38 38 20
38 39 23
38 41 13
38 42 5
38 43 52
38 45 22
38 46 21
38 47 47
38 48 43
38 49 50
38 50 31
38 51 32
38 52 6
38 53 57
38 55 15
38 56 48
38 57 17
38 58 49
38 59 55
39 2 50
39 3 40
39 4 34
39 8 24
39 10 16
39 11 48
39 12 11
39 14 54
39 16 51
39 19 4
39 21 28
39 23 0
39 24 57
39 26 43
39 28 25
39 30 21
39 31 59
39 32 52
39 33 12
39 35 42
39 37 49
39 38 1
39 40 17
39 41 19
39 42 30
39 44 58
39 45 45
39 48 56
39 49 14
39 50 44
39 51 6
39 52 26
39 53 33
39 56 46
39 58 8
39 59 32
40 0 18
40 1 2
40 2 11
40 3 0
40 4 3
40 5 24
40 7 25
40 8 19
40 9 56
40 10 31
40 11 58
40 12 47
40 13 9
40 14 59
40 15 42
40 16 27
40 17 12
40 18 53
40 19 35
40 22 26
40 24 8
40 25 45
40 26 22
40 27 17
40 29 23
40 31 6
40 32 34
40 34 4
40 35 36
40 38 40
40 39 10
40 41 32
40 44 44
40 46 37
40 47 14
40 49 29
40 50 38
40 51 33
40 52 16
40 53 54
40 56 52
40 58 55
41 0 23
41 1 0
41 2 6
41 5 9
41 6 28
41 8 57
41 9 12
41 10 5
41 11 46
41 13 14
41 14 44
41 18 31
41 19 50
41 20 51
41 21 16
41 24 48
41 26 45
41 27 19
41 30 32
41 31 17
41 32 43
41 34 39
41 36 10
41 38 56
41 40 33
41 42 18
41 45 52
41 47 29
41 49 34
41 51 53
41 52 27
41 53 2
41 55 13
41 57 35
41 58 4
41 59 38
42 0 56
42 1 36
42 2 5
42 3 37
42 4 10
42 7 54
42 8 52
42 10 59
42 11 57
42 12 33
42 16 21
42 17 34
42 18 11
42 19 17
42 20 19
42 21 0
42 23 39
42 25 38
42 26 4
42 27 48
42 30 50
42 31 20
42 33 6
42 35 32
42 36 40
42 37 58
42 39 3
42 41 42
42 42 49
42 43 12
42 44 15
42 45 30
42 48 35
42 49 8
42 50 28
42 52 53
42 53 22
42 54 43
42 57 31
42 58 46
42 59 16
43 0 25
43 2 48
43 4 58
43 6 17
43 7 32
43 8 5
43 9 20
43 11 19
43 12 3
43 13 31
43 14 15
43 16 13
43 18 9
43 19 43
43 20 11
43 21 57
43 22 22
43 23 26
43 24 6
43 26 0
43 27 14
43 28 16
43 30 44
43 31 47
43 32 53
43 34 1
43 35 21
43 36 35
43 38 4
43 39 40
43 42 27
43 44 49
43 45 39
43 46 8
43 48 41
43 49 51
43 50 42
43 51 36
43 52 45
43 54 12
43 55 2
43 56 33
43 57 29
43 59 23
44 0 13
44 1 51
44 4 45
44 6 16
44 7 26
44 8 22
44 9 53
44 10 12
44 13 55
44 14 31
44 15 35
44 17 56
44 19 11
44 23 41
44 24 19
44 27 27
44 30 59
44 31 30
44 32 14
44 33 52
44 34 50
44 35 28
44 37 5
44 39 7
44 41 39
44 42 46
44 43 40
44 45 32
44 48 36
44 50 29
44 53 44
44 56 17
44 57 24
44 58 43
44 59 10
45 0 17
45 1 45
45 3 7
45 4 59
45 5 51
45 7 6
45 8 18
45 9 24
45 10 32
45 11 12
45 13 35
45 14 16
45 16 44
45 18 1
45 19 20
45 20 38
45 21 34
45 22 10
45 24 14
45 27 40
45 29 8
45 30 31
45 31 28
45 35 49
45 37 57
45 40 2
45 41 0
45 42 55
45 44 4
45 46 58
45 47 3
45 48 11
45 49 36
45 50 26
45 53 56
45 54 29
45 55 52
45 56 21
45 57 42
45 58 25
45 59 33
46 0 34
46 2 59
46 3 49
46 5 23
46 6 32
46 8 47
46 10 51
46 12 1
46 15 44
46 17 53
46 20 21
46 21 42
46 23 7
46 24 28
46 25 37
46 27 46
46 28 58
46 31 29
46 32 45
46 33 5
46 34 56
46 36 33
46 37 17
46 39 6
46 40 55
46 41 12
46 42 4
46 43 3
46 44 43
46 45 25
46 46 41
46 47 0
46 48 16
46 50 2
46 52 54
46 53 18
46 54 9
46 55 11
46 56 24
46 58 35
46 59 57
47 0 41
47 2 2
47 3 48
47 4 21
47 6 34
47 7 19
47 8 59
47 9 23
47 10 29
47 11 6
47 12 55
47 13 52
47 14 27
47 15 11
47 16 10
47 18 36
47 19 14
47 20 42
47 22 30
47 23 12
47 24 26
47 26 28
47 28 24
47 29 22
47 30 45
47 31 51
47 32 50
47 33 20
47 34 35
47 35 7
47 36 18
47 37 1
47 39 43
47 40 39
47 42 53
47 44 9
47 45 38
47 46 25
47 47 8
47 48 44
47 49 3
47 50 17
47 51 47
47 52 56
47 53 0
47 54 46
47 55 58
47 57 57
47 59 37
48 0 53
48 2 40
48 3 52
48 4 16
48 8 37
48 10 20
48 11 9
48 13 41
48 14 42
48 15 38
48 17 30
48 18 54
48 19 51
48 20 14
48 21 55
48 22 28
48 23 33
48 24 3
48 25 50
48 27 18
48 28 10
48 30 29
48 31 8
48 32 13
48 33 15
48 34 47
48 35 35
48 38 44
48 39 58
48 40 32
48 41 57
48 42 25
48 43 24
48 45 36
48 46 26
48 47 23
48 48 48
48 49 11
48 50 46
48 52 49
48 53 59
48 54 17
48 55 6
48 58 5
48 59 34
49 1 4
49 4 47
49 5 6
49 6 12
49 9 49
49 10 11
49 11 32
49 16 54
49 17 29
49 18 10
49 22 45
49 24 20
49 25 52
49 26 2
49 28 36
49 29 51
49 30 1
49 31 53
49 33 23
49 34 30
49 36 7
49 37 42
49 38 48
49 39 25
49 40 26
49 41 22
49 42 33
49 43 19
49 44 35
49 45 59
49 46 24
49 47 15
49 48 40
49 49 0
49 51 46
49 52 41
49 53 34
49 55 16
49 56 14
49 57 13
49 58 57
49 59 9
50 1 53
50 2 17
50 6 36
50 7 56
50 8 15
50 9 50
50 13 1
50 14 46
50 15 49
50 16 9
50 17 33
50 18 44
50 19 18
50 22 35
50 24 31
50 25 54
50 27 26
50 30 27
50 31 7
50 34 3
50 36 20
50 37 14
50 38 38
50 39 13
50 40 10
50 41 21
50 45 43
50 46 48
50 47 2
50 48 4
50 51 58
50 52 32
50 53 52
50 54 19
50 55 29
50 56 55
50 57 25
50 58 34
50 59 39
51 0 50
51 1 1
51 2 58
51 3 44
51 4 27
51 5 20
51 6 26
51 8 39
51 9 28
51 11 56
51 12 40
51 13 34
51 15 15
51 16 48
51 18 37
51 20 17
51 21 51
51 22 4
51 24 49
51 25 32
51 26 52
51 27 36
51 28 35
51 31 55
51 32 33
51 33 29
51 35 0
51 36 3
51 39 57
51 40 46
51 41 11
51 42 45
51 43 53
51 45 10
51 46 54
51 47 21
51 48 23
51 51 41
51 53 5
51 56 19
51 57 14
51 59 7
52 1 7
52 2 52
52 3 41
52 4 43
52 5 42
52 8 26
52 9 11
52 12 29
52 13 56
52 14 49
52 16 25
52 18 5
52 19 6
52 20 32
52 21 44
52 23 3
52 24 0
52 25 9
52 26 8
52 29 59
52 30 58
52 31 45
52 33 54
52 34 33
52 35 34
52 37 48
52 41 20
52 44 55
52 45 14
52 46 17
52 47 4
52 48 15
52 49 31
52 50 19
52 51 23
52 52 28
52 54 24
52 55 51
52 56 22
52 57 53
52 58 21
52 59 1
53 0 27
53 1 3
53 2 26
53 4 22
53 5 35
53 6 30
53 10 15
53 12 53
53 13 7
53 14 1
53 15 47
53 17 54
53 18 18
53 19 46
53 21 2
53 22 20
53 23 5
53 25 57
53 27 28
53 28 11
53 29 49
53 30 23
53 31 42
53 32 24
53 36 8
53 37 13
53 40 44
53 41 14
53 42 32
53 43 55
53 44 41
53 45 33
53 46 39
53 48 45
53 49 9
53 50 56
53 52 17
53 53 19
53 54 50
53 56 29
53 58 58
53 59 31
54 0 55
54 1 22
54 3 45
54 6 43
54 7 37
54 8 31
54 9 54
54 14 35
54 15 7
54 17 42
54 19 9
54 20 2
54 22 44
54 24 12
54 25 49
54 26 13
54 27 39
54 28 52
54 29 14
54 30 33
54 32 48
54 33 19
54 34 51
54 36 32
54 41 50
54 43 36
54 44 17
54 46 5
54 48 18
54 49 27
54 52 58
54 53 38
54 55 59
54 56 6
54 57 20
54 58 41
54 59 0
55 0 5
55 1 47
55 2 44
55 3 14
55 4 40
55 5 11
55 8 49
55 9 19
55 10 23
55 11 53
55 12 27
55 13 24
55 14 6
55 16 7
55 18 48
55 19 0
55 20 26
55 22 54
55 23 28
55 25 1
55 26 51
55 27 8
55 29 57
55 31 52
55 32 10
55 33 38
55 34 13
55 35 45
55 36 42
55 39 17
55 40 59
55 44 20
55 45 15
55 48 55
55 49 4
55 51 29
55 52 43
55 53 39
55 54 37
55 55 22
55 57 2
55 58 3
55 59 50
56 0 11
56 1 29
56 2 35
56 4 57
56 5 50
56 6 46
56 9 33
56 10 37
56 14 24
56 15 2
56 16 22
56 17 8
56 19 45
56 20 4
56 21 17
56 22 3
56 23 55
56 24 53
56 26 40
56 27 12
56 28 15
56 29 10
56 30 20
56 32 32
56 33 28
56 35 5
56 36 56
56 37 51
56 38 31
56 39 59
56 43 18
56 44 42
56 45 54
56 46 16
56 49 23
56 50 48
56 51 49
56 54 34
56 57 52
57 1 49
57 4 41
57 7 5
57 9 1
57 10 55
57 12 59
57 14 21
57 15 52
57 16 29
57 17 35
57 19 27
57 21 12
57 22 32
57 23 18
57 25 6
57 26 50
57 29 25
57 31 31
57 32 7
57 33 47
57 34 10
57 35 13
57 36 30
57 38 19
57 39 0
57 42 38
57 43 14
57 44 56
57 45 8
57 47 57
57 48 37
57 49 42
57 50 22
57 51 15
57 53 16
57 54 44
57 56 36
57 57 3
57 59 26
58 0 59
58 3 38
58 4 1
58 5 19
58 6 52
58 7 16
58 8 53
58 10 4
58 11 26
58 13 32
58 14 57
58 15 8
58 17 25
58 18 30
58 20 58
58 21 6
58 22 49
58 23 29
58 24 50
58 25 22
58 28 2
58 29 33
58 30 17
58 31 11
58 32 46
58 33 40
58 34 41
58 36 15
58 38 7
58 39 36
58 40 37
58 41 5
58 42 9
58 44 18
58 45 27
58 46 3
58 48 54
58 49 20
58 51 0
58 52 23
58 54 45
58 55 28
58 56 56
58 57 44
58 59 12
59 1 59
59 2 56
59 3 35
59 4 9
59 5 22
59 7 4
59 8 50
59 9 58
59 10 1
59 11 8
59 12 21
59 13 33
59 14 17
59 15 41
59 16 2
59 18 26
59 19 7
59 21 20
59 22 11
59 25 27
59 26 39
59 27 53
59 28 43
59 30 6
59 33 32
59 34 18
59 35 57
59 36 0
59 37 10
59 39 46
59 41 29
59 42 3
59 43 28
59 44 14
59 45 23
59 46 12
59 47 36
59 48 5
59 49 47
59 50 55
59 51 24
59 52 13
59 53 15
59 54 42
59 57 40
59 58 31
59 59 48
