70
0 4 0
0 5 32
0 12 9
0 20 29
0 21 3
0 24 62
0 27 64
0 34 49
0 35 59
0 38 1
0 42 11
0 46 39
0 47 13
0 48 10
0 49 42
0 53 25
0 54 7
0 59 54
0 62 50
0 67 35
1 3 32
1 6 31
1 7 48
1 9 18
1 10 66
1 11 56
1 15 15
1 22 24
1 27 19
1 29 57
1 32 59
1 33 60
1 38 58
1 39 61
1 42 29
1 43 54
1 45 12
1 50 36
1 52 16
1 54 68
1 55 4
1 59 8
1 64 2
1 68 43
2 3 27
2 4 47
2 6 64
2 13 52
2 14 63
2 20 67
2 21 19
2 23 33
2 26 29
2 27 5
2 28 28
2 34 35
2 36 50
2 40 20
2 43 13
2 48 12
2 51 62
2 52 14
2 55 36
2 56 45
2 62 58
2 66 4
3 3 38
3 6 52
3 11 59
3 13 18
3 16 17
3 18 24
3 27 56
3 30 69
3 33 9
3 40 19
3 43 10
3 44 36
3 48 68
3 50 39
3 57 5
3 62 47
3 63 35
3 69 55
4 2 37
4 3 10
4 10 43
4 11 64
4 16 29
4 22 51
4 24 34
4 26 9
4 28 54
4 29 69
4 30 33
4 32 41
4 51 20
4 65 63
4 66 46
5 4 16
5 12 61
5 15 43
5 26 52
5 27 3
5 30 63
5 33 10
5 35 67
5 41 19
5 42 42
5 43 17
5 46 11
5 56 65
5 57 32
5 59 51
5 61 47
5 62 20
5 63 30
5 69 9
6 4 65
6 11 58
6 15 69
6 17 68
6 19 19
6 20 59
6 25 16
6 30 48
6 31 51
6 35 36
6 36 63
6 39 25
6 43 43
6 49 62
6 62 61
6 64 8
7 1 54
7 5 66
7 13 10
7 19 60
7 20 42
7 22 33
7 24 3
7 27 9
7 34 43
7 35 32
7 36 2
7 37 17
7 38 50
7 41 23
7 43 55
7 50 67
7 51 65
7 53 49
7 55 69
7 56 37
7 58 31
7 60 30
7 63 12
7 66 61
8 0 65
8 1 4
8 4 50
8 12 54
8 17 26
8 24 39
8 25 27
8 29 30
8 33 40
8 36 58
8 38 33
8 39 36
8 45 41
8 47 64
8 50 42
8 58 56
8 60 19
8 67 59
9 2 25
9 8 22
9 12 34
9 13 29
9 15 33
9 16 50
9 23 37
9 29 46
9 32 14
9 38 60
9 43 62
9 44 23
9 47 20
9 48 65
9 49 24
9 51 42
9 55 39
9 64 48
9 69 21
10 2 67
10 3 62
10 10 54
10 12 38
10 14 50
10 19 40
10 21 52
10 31 0
10 32 17
10 33 61
10 37 13
10 39 41
10 40 23
10 44 51
10 45 25
10 50 68
10 54 24
10 55 2
10 56 49
10 58 53
10 59 36
10 60 56
10 68 4
10 69 15
11 2 2
11 6 22
11 7 65
11 16 18
11 17 43
11 19 61
11 20 24
11 23 10
11 24 28
11 25 13
11 30 3
11 32 66
11 33 37
11 34 14
11 38 16
11 40 56
11 42 5
11 44 27
11 47 30
11 49 47
11 50 59
11 52 31
11 56 68
11 59 33
11 60 69
11 62 46
11 67 9
12 2 30
12 8 5
12 13 39
12 18 66
12 19 17
12 24 43
12 31 62
12 33 0
12 37 7
12 45 26
12 49 49
12 54 31
12 56 20
12 58 29
12 68 8
13 4 33
13 5 62
13 6 50
13 8 59
13 9 27
13 14 36
13 20 16
13 21 28
13 22 56
13 28 63
13 32 52
13 36 35
13 37 15
13 40 37
13 42 43
13 44 53
13 45 8
13 46 2
13 47 25
13 48 39
13 51 5
13 53 10
13 56 23
13 58 61
13 61 65
13 63 1
13 68 47
14 6 27
14 8 51
14 16 47
14 17 24
14 18 57
14 19 6
14 21 65
14 25 45
14 30 50
14 36 42
14 38 9
14 40 62
14 47 2
14 48 32
14 53 69
14 54 39
14 59 12
14 60 46
14 61 34
14 63 8
14 65 67
15 4 63
15 5 38
15 13 2
15 14 9
15 16 27
15 17 41
15 19 47
15 23 13
15 24 0
15 28 17
15 30 24
15 36 52
15 38 10
15 39 54
15 43 46
15 48 4
15 49 20
15 51 53
15 53 36
15 55 66
15 58 44
15 64 42
15 68 33
16 3 36
16 6 32
16 11 3
16 12 69
16 14 48
16 28 23
16 30 59
16 36 47
16 45 10
16 46 35
16 47 49
16 58 17
17 4 58
17 6 42
17 16 69
17 19 0
17 20 36
17 22 15
17 23 29
17 28 48
17 35 26
17 43 39
17 45 54
17 48 31
17 51 18
17 56 67
17 57 46
17 60 59
17 62 57
17 64 5
18 0 55
18 2 50
18 3 40
18 5 8
18 10 67
18 13 32
18 14 15
18 16 54
18 23 31
18 24 68
18 28 62
18 30 34
18 31 12
18 33 69
18 36 10
18 38 37
18 44 57
18 45 5
18 46 7
18 50 25
18 51 64
18 54 44
18 56 11
18 60 51
18 62 19
18 63 33
18 67 30
18 69 26
19 0 23
19 3 41
19 10 26
19 12 6
19 13 0
19 15 28
19 18 48
19 20 53
19 21 57
19 22 47
19 29 61
19 33 30
19 37 59
19 39 12
19 42 25
19 50 69
19 52 66
19 54 63
19 57 20
19 58 18
19 60 58
19 65 64
19 67 62
20 1 50
20 4 42
20 9 39
20 11 68
20 13 34
20 16 19
20 20 6
20 22 16
20 26 45
20 31 1
20 32 60
20 37 37
20 38 8
20 40 57
20 41 20
20 45 9
20 51 11
20 52 35
20 53 0
20 55 67
20 61 23
20 63 25
20 66 15
21 6 55
21 7 15
21 8 7
21 12 13
21 13 63
21 16 5
21 17 19
21 18 53
21 20 33
21 21 35
21 22 17
21 31 48
21 33 22
21 34 18
21 40 31
21 41 61
21 43 26
21 52 24
21 53 29
21 55 60
21 58 69
21 62 32
21 67 65
21 68 2
22 0 32
22 2 49
22 4 9
22 6 35
22 8 58
22 13 66
22 14 28
22 20 65
22 21 1
22 30 42
22 32 3
22 35 43
22 37 47
22 38 25
22 43 22
22 45 16
22 59 61
22 62 30
23 3 6
23 7 54
23 8 14
23 11 29
23 14 55
23 18 18
23 21 66
23 23 28
23 27 69
23 29 68
23 39 62
23 43 12
23 45 1
23 46 43
23 49 2
23 56 25
23 59 3
23 60 53
23 61 26
23 62 67
23 65 41
24 2 39
24 5 7
24 10 6
24 12 22
24 13 20
24 14 49
24 17 58
24 19 59
24 20 51
24 22 43
24 24 48
24 30 55
24 38 41
24 43 27
24 44 45
24 45 32
24 46 24
24 47 44
24 48 67
24 52 9
24 57 19
24 58 8
24 60 28
24 63 23
24 65 4
24 68 69
24 69 17
25 3 68
25 9 1
25 12 23
25 13 47
25 14 29
25 17 52
25 19 18
25 21 39
25 23 22
25 28 8
25 29 2
25 30 14
25 35 5
25 42 40
25 43 15
25 47 46
25 53 17
25 55 65
25 56 63
25 58 37
25 59 21
25 61 7
25 65 11
25 67 0
25 69 50
26 2 31
26 4 25
26 5 13
26 7 33
26 8 1
26 10 62
26 12 47
26 14 2
26 15 46
26 17 30
26 18 19
26 22 10
26 29 20
26 36 43
26 39 65
26 40 51
26 43 59
26 46 54
26 55 55
26 58 28
26 63 32
26 66 48
26 67 23
26 69 45
27 1 61
27 4 21
27 5 4
27 8 43
27 11 16
27 14 45
27 17 50
27 18 23
27 20 56
27 26 1
27 30 47
27 31 27
27 38 51
27 40 2
27 42 20
27 43 40
27 44 6
27 46 37
27 49 65
27 51 66
27 57 67
27 60 12
27 62 62
27 65 49
27 68 3
28 3 47
28 5 60
28 10 22
28 12 42
28 17 13
28 18 6
28 22 50
28 26 19
28 27 48
28 28 45
28 32 34
28 34 55
28 35 15
28 37 62
28 41 25
28 43 64
28 46 10
28 55 1
28 61 67
28 63 63
28 66 5
29 0 41
29 1 1
29 8 26
29 10 21
29 11 7
29 12 17
29 15 23
29 16 45
29 20 2
29 23 67
29 26 59
29 28 15
29 32 18
29 43 28
29 44 9
29 46 65
29 48 25
29 49 52
29 53 33
29 58 40
29 59 34
29 66 8
29 69 27
30 0 8
30 3 17
30 5 69
30 6 37
30 8 32
30 11 33
30 12 49
30 13 6
30 20 27
30 26 4
30 30 58
30 36 36
30 38 14
30 42 57
30 45 38
30 47 3
30 51 7
30 54 54
30 59 22
30 63 48
30 64 19
30 65 68
30 66 1
30 68 23
31 4 29
31 5 27
31 7 32
31 13 59
31 18 36
31 21 13
31 22 2
31 24 33
31 32 25
31 35 68
31 36 20
31 38 44
31 43 6
31 44 52
31 46 41
31 48 37
31 56 46
31 61 0
31 63 67
31 64 34
31 68 64
32 5 61
32 6 16
32 10 40
32 12 3
32 22 68
32 24 27
32 25 19
32 27 2
32 28 13
32 29 66
32 31 47
32 32 22
32 45 49
32 57 24
32 59 28
32 61 30
32 64 65
32 66 29
32 69 53
33 0 6
33 1 29
33 2 43
33 6 28
33 9 33
33 12 10
33 13 36
33 15 38
33 18 60
33 22 54
33 28 40
33 49 68
33 51 51
33 52 41
33 54 55
33 55 61
33 58 63
33 61 22
33 63 20
33 68 13
34 2 13
34 3 37
34 9 62
34 10 44
34 16 42
34 19 50
34 20 68
34 22 57
34 24 51
34 25 8
34 29 47
34 30 36
34 33 21
34 43 35
34 44 11
34 46 4
34 47 39
34 50 60
34 56 69
34 62 17
34 63 55
34 65 26
34 67 53
35 1 67
35 3 25
35 8 39
35 9 15
35 22 58
35 28 29
35 30 2
35 37 33
35 38 18
35 54 50
35 60 64
36 2 53
36 6 56
36 7 8
36 12 35
36 13 15
36 16 65
36 22 69
36 25 67
36 27 11
36 28 19
36 35 14
36 36 40
36 39 46
36 41 7
36 47 23
36 51 61
36 52 55
36 54 6
36 61 36
36 64 21
36 65 38
36 69 54
37 1 59
37 2 41
37 4 68
37 8 21
37 13 67
37 17 36
37 18 33
37 19 32
37 20 64
37 24 4
37 28 46
37 29 38
37 32 15
37 35 7
37 38 17
37 39 39
37 41 50
37 43 34
37 49 18
37 52 47
37 54 9
37 56 54
37 59 43
37 61 40
37 63 61
37 69 6
38 2 27
38 3 50
38 8 13
38 13 54
38 24 41
38 32 9
38 36 45
38 37 20
38 38 19
38 43 56
38 45 33
38 46 28
38 48 14
38 49 64
38 54 59
38 63 26
38 65 43
38 67 47
38 69 36
39 0 19
39 1 0
39 5 24
39 8 52
39 15 21
39 18 47
39 20 9
39 25 3
39 31 38
39 32 23
39 33 42
39 34 44
39 38 64
39 39 32
39 46 40
39 53 45
39 54 27
39 57 8
39 58 26
39 60 16
39 61 49
39 64 54
39 65 37
39 67 61
39 68 57
39 69 51
40 1 7
40 4 60
40 6 69
40 10 59
40 11 62
40 28 37
40 31 67
40 32 54
40 33 20
40 35 51
40 39 13
40 47 11
40 50 19
40 65 25
40 67 8
41 0 3
41 3 69
41 6 44
41 9 12
41 14 22
41 18 42
41 20 15
41 21 32
41 22 20
41 33 25
41 38 54
41 47 18
41 48 60
41 57 28
41 60 23
41 62 56
41 64 67
41 65 45
41 69 61
42 0 67
42 1 25
42 5 59
42 6 49
42 10 58
42 11 48
42 12 56
42 21 41
42 30 0
42 32 50
42 34 65
42 36 29
42 38 28
42 39 9
42 41 10
42 48 38
42 49 6
42 52 62
42 53 39
42 57 33
42 59 32
42 64 30
42 69 18
43 6 21
43 11 5
43 13 53
43 22 52
43 29 51
43 30 16
43 36 31
43 37 44
43 39 8
43 40 12
43 46 25
43 49 13
43 53 24
43 61 54
43 62 27
43 63 36
43 64 66
43 65 0
43 66 62
44 3 59
44 8 66
44 9 53
44 12 36
44 17 33
44 26 18
44 27 49
44 32 10
44 37 55
44 38 23
44 42 44
44 43 47
44 44 41
44 46 13
44 47 35
44 48 62
44 51 37
44 61 20
45 0 44
45 1 27
45 3 33
45 7 7
45 12 11
45 14 66
45 15 59
45 16 12
45 20 25
45 23 40
45 35 20
45 52 46
45 57 3
45 62 5
45 64 24
45 65 19
45 66 22
46 1 5
46 4 67
46 7 40
46 24 53
46 30 68
46 32 51
46 35 18
46 43 38
46 50 15
46 54 56
46 61 55
47 0 69
47 3 7
47 4 12
47 5 51
47 11 25
47 21 11
47 29 43
47 31 10
47 41 34
47 44 48
47 45 61
47 48 47
47 52 36
47 53 4
47 54 16
47 59 41
47 64 33
47 66 67
48 3 8
48 6 65
48 10 41
48 11 30
48 12 14
48 18 26
48 21 45
48 23 49
48 24 64
48 31 22
48 32 48
48 38 63
48 39 68
48 41 38
48 42 19
48 45 47
48 49 15
48 52 25
48 58 5
48 61 18
48 64 61
48 65 10
48 66 20
48 69 13
49 2 8
49 5 57
49 10 64
49 17 54
49 26 23
49 30 1
49 37 50
49 39 7
49 41 0
49 44 44
49 45 58
49 47 51
49 49 35
49 50 22
49 54 34
49 55 38
49 57 56
49 62 10
49 67 41
49 68 15
50 0 40
50 1 57
50 2 35
50 8 63
50 10 42
50 15 36
50 20 49
50 23 60
50 26 50
50 27 62
50 31 29
50 34 59
50 37 61
50 38 15
50 39 21
50 46 8
50 47 58
50 56 66
50 58 55
50 67 5
51 0 63
51 3 67
51 6 29
51 8 53
51 9 69
51 14 39
51 15 40
51 18 16
51 20 21
51 23 34
51 25 58
51 27 15
51 29 8
51 31 25
51 33 49
51 35 60
51 36 28
51 39 45
51 42 61
51 47 47
51 56 12
51 58 7
51 59 13
51 62 55
51 63 41
51 64 14
52 4 46
52 6 33
52 7 20
52 10 2
52 11 14
52 21 61
52 23 56
52 25 57
52 27 26
52 30 28
52 31 68
52 39 4
52 41 48
52 46 16
52 53 31
52 54 51
52 58 49
52 61 6
52 65 24
52 69 34
53 1 38
53 2 40
53 3 52
53 5 64
53 11 42
53 12 8
53 18 69
53 22 32
53 23 25
53 25 65
53 32 11
53 33 51
53 44 14
53 46 48
53 47 12
53 48 24
53 50 33
53 53 59
53 55 6
53 60 17
53 63 47
53 64 29
53 66 30
53 69 60
54 8 68
54 11 40
54 13 41
54 14 53
54 18 5
54 19 14
54 22 9
54 26 56
54 27 37
54 28 12
54 30 35
54 34 39
54 35 61
54 36 24
54 40 0
54 46 36
54 48 2
54 49 25
54 50 34
54 64 32
54 66 58
55 0 7
55 3 63
55 4 54
55 5 1
55 7 66
55 8 20
55 10 35
55 14 19
55 19 48
55 26 55
55 31 56
55 34 9
55 35 40
55 36 61
55 42 64
55 46 58
55 54 53
55 56 24
55 62 31
55 68 67
56 4 59
56 10 9
56 11 17
56 12 12
56 13 48
56 15 22
56 18 25
56 19 35
56 20 60
56 22 37
56 23 11
56 26 42
56 27 50
56 28 56
56 31 24
56 32 62
56 33 36
56 40 34
56 45 51
56 49 45
56 50 16
56 52 43
56 54 21
56 57 68
56 58 66
56 60 47
56 64 0
57 5 39
57 7 22
57 15 27
57 20 69
57 21 62
57 28 65
57 29 53
57 30 25
57 35 1
57 37 12
57 42 33
57 43 14
57 44 40
57 45 6
57 47 54
57 51 56
57 53 13
57 55 21
57 56 60
57 57 16
57 59 45
57 61 43
57 62 59
57 64 44
57 67 51
58 1 69
58 2 9
58 3 35
58 6 26
58 8 37
58 18 21
58 19 64
58 25 28
58 26 61
58 28 25
58 30 8
58 31 34
58 32 46
58 33 12
58 34 51
58 36 17
58 37 32
58 38 13
58 44 65
58 46 19
58 51 40
58 56 0
58 60 18
58 63 53
58 66 47
58 69 52
59 1 18
59 12 53
59 21 69
59 23 65
59 24 42
59 28 39
59 35 13
59 37 68
59 39 14
59 40 41
59 53 16
59 54 2
59 56 64
59 58 67
59 59 35
59 64 58
59 65 6
60 0 16
60 1 33
60 4 22
60 6 8
60 11 12
60 15 25
60 17 10
60 24 7
60 26 26
60 30 41
60 31 60
60 35 45
60 37 34
60 38 11
60 45 57
60 49 55
60 52 32
60 59 49
60 61 42
60 62 63
61 12 57
61 17 17
61 19 12
61 38 35
61 40 60
61 43 25
61 45 21
61 46 14
61 54 66
61 59 39
61 66 68
61 67 7
61 68 28
62 2 66
62 3 2
62 5 30
62 6 61
62 11 0
62 16 22
62 19 39
62 21 60
62 22 13
62 29 26
62 33 52
62 36 44
62 41 40
62 42 17
62 46 21
62 47 14
62 52 54
62 53 43
62 58 9
62 60 45
62 65 1
62 66 10
62 67 38
63 0 31
63 2 51
63 3 0
63 12 55
63 15 62
63 16 41
63 18 14
63 19 29
63 21 42
63 23 8
63 24 30
63 30 61
63 34 5
63 35 2
63 42 16
63 44 18
63 47 7
63 48 23
63 50 52
63 52 65
63 55 40
63 57 21
63 64 59
63 66 63
64 3 54
64 7 61
64 9 41
64 12 16
64 15 68
64 21 55
64 34 2
64 38 66
64 39 53
64 47 0
64 54 18
64 58 60
64 59 19
64 61 64
64 67 12
64 68 6
64 69 24
65 1 26
65 4 19
65 7 55
65 8 47
65 13 22
65 18 12
65 20 23
65 24 25
65 25 11
65 30 27
65 40 49
65 42 63
65 46 50
65 47 16
65 48 58
65 49 21
65 51 46
65 52 40
65 53 54
65 57 48
65 58 14
65 60 37
65 63 52
65 64 7
66 0 33
66 3 20
66 4 49
66 6 3
66 7 57
66 10 4
66 12 39
66 17 34
66 20 30
66 21 22
66 22 25
66 25 38
66 30 44
66 31 7
66 33 62
66 34 53
66 36 68
66 37 54
66 39 63
66 40 32
66 41 45
66 44 15
66 55 0
66 57 10
66 58 11
66 61 69
66 64 51
66 65 28
66 66 50
66 68 5
67 2 24
67 5 25
67 9 3
67 12 33
67 14 51
67 30 10
67 40 6
67 43 9
67 51 4
67 52 11
67 56 56
67 62 12
67 63 7
67 65 54
68 1 3
68 3 13
68 16 24
68 19 2
68 21 10
68 26 44
68 28 61
68 31 14
68 35 48
68 37 6
68 40 67
68 42 56
68 44 20
68 47 33
68 68 21
68 69 25
69 0 52
69 1 2
69 2 16
69 11 19
69 12 63
69 18 30
69 20 46
69 21 0
69 23 21
69 37 53
69 38 7
69 40 1
69 41 64
69 42 14
69 45 23
69 51 12
69 53 28
69 54 13
69 56 33
69 61 8
69 65 15
69 66 57
69 67 32
69 69 69
