60
0 2 2
0 4 47
0 6 7
0 7 35
0 8 53
0 9 12
0 10 56
0 13 9
0 15 49
0 16 22
0 17 11
0 18 30
0 19 25
0 22 58
0 23 13
0 24 55
0 26 23
0 27 14
0 28 21
0 29 27
0 30 29
0 33 38
0 34 8
0 35 37
0 36 19
0 37 39
0 41 52
0 45 36
0 48 16
0 49 40
0 50 17
0 51 24
0 52 28
0 53 0
0 54 5
0 55 32
0 56 57
0 57 3
0 58 41
1 0 24
1 1 22
1 2 5
1 4 31
1 5 58
1 6 16
1 7 37
1 11 27
1 17 17
1 18 2
1 19 3
1 20 53
1 21 21
1 22 38
1 23 15
1 24 48
1 25 42
1 30 4
1 31 46
1 32 51
1 33 36
1 34 50
1 35 59
1 38 19
1 39 23
1 40 9
1 42 18
1 43 45
1 44 35
1 45 25
1 46 47
1 48 20
1 50 43
1 52 14
1 53 30
1 54 32
1 55 8
1 57 7
1 59 40
2 0 20
2 2 14
2 3 16
2 4 1
2 6 55
2 7 4
2 8 24
2 9 11
2 10 43
2 13 31
2 15 0
2 18 7
2 19 5
2 20 30
2 21 23
2 22 52
2 24 36
2 25 18
2 27 59
2 28 25
2 34 33
2 35 13
2 37 32
2 38 8
2 39 47
2 40 49
2 41 12
2 42 35
2 43 19
2 44 48
2 45 51
2 47 28
2 48 50
2 49 56
2 50 29
2 53 46
2 55 6
2 56 10
2 57 9
3 0 46
3 4 43
3 5 8
3 7 1
3 8 27
3 9 7
3 10 55
3 11 49
3 14 30
3 15 59
3 16 14
3 17 19
3 19 32
3 20 47
3 22 35
3 23 28
3 24 58
3 25 50
3 27 57
3 28 45
3 30 36
3 31 39
3 32 53
3 33 6
3 34 51
3 35 16
3 37 15
3 38 54
3 40 12
3 41 42
3 42 44
3 43 22
3 44 5
3 45 23
3 47 13
3 48 38
3 49 25
3 50 21
3 51 52
3 52 11
3 54 26
3 56 0
3 57 29
4 0 41
4 2 17
4 3 42
4 4 5
4 5 3
4 6 36
4 7 27
4 8 20
4 10 34
4 11 4
4 12 59
4 14 26
4 15 24
4 19 44
4 20 46
4 21 6
4 23 9
4 24 39
4 25 54
4 26 8
4 28 23
4 30 31
4 31 28
4 36 40
4 37 56
4 38 38
4 39 51
4 41 35
4 42 37
4 43 11
4 44 12
4 45 14
4 46 16
4 48 21
4 51 13
4 52 45
4 53 2
4 55 29
4 56 47
4 59 50
5 0 28
5 1 53
5 3 13
5 4 22
5 5 51
5 6 12
5 8 3
5 10 37
5 11 21
5 12 54
5 15 27
5 17 4
5 21 2
5 23 43
5 24 41
5 28 1
5 29 14
5 30 33
5 39 36
5 40 16
5 41 34
5 42 7
5 43 39
5 47 24
5 48 29
5 50 20
5 51 5
5 54 0
5 58 59
5 59 31
6 0 55
6 1 47
6 4 39
6 5 7
6 9 8
6 10 14
6 11 15
6 14 17
6 15 57
6 16 11
6 18 18
6 19 20
6 20 58
6 22 16
6 23 52
6 25 36
6 26 45
6 28 51
6 30 6
6 31 10
6 32 26
6 37 25
6 38 46
6 41 43
6 44 31
6 45 29
6 46 42
6 47 19
6 48 0
6 49 54
6 50 44
6 52 21
6 53 12
6 54 22
6 56 48
6 57 4
6 58 50
7 0 30
7 2 24
7 3 15
7 5 45
7 7 17
7 8 7
7 9 21
7 11 29
7 12 0
7 13 53
7 14 27
7 16 43
7 17 38
7 18 16
7 19 22
7 20 37
7 22 3
7 23 54
7 24 35
7 25 49
7 26 51
7 28 36
7 32 48
7 33 23
7 35 5
7 36 10
7 37 11
7 39 55
7 40 25
7 43 59
7 44 41
7 45 33
7 46 44
7 47 50
7 48 52
7 50 4
7 51 31
7 52 6
7 53 14
7 54 8
7 55 1
7 56 2
7 57 13
7 58 42
7 59 57
8 0 35
8 1 40
8 2 55
8 4 7
8 6 51
8 7 8
8 8 9
8 9 14
8 11 34
8 12 27
8 13 28
8 15 21
8 16 45
8 17 31
8 22 47
8 23 56
8 25 4
8 29 39
8 30 30
8 31 5
8 32 2
8 35 3
8 36 18
8 39 0
8 40 10
8 41 41
8 42 59
8 43 20
8 44 46
8 45 58
8 46 48
8 48 36
8 49 38
8 50 23
8 51 50
8 52 42
8 53 16
8 54 17
8 55 24
8 56 43
8 57 57
8 58 29
8 59 13
9 0 16
9 1 42
9 2 22
9 3 9
9 4 13
9 6 44
9 8 6
9 9 32
9 10 36
9 11 3
9 12 39
9 13 2
9 14 45
9 16 57
9 17 59
9 18 40
9 19 46
9 20 5
9 24 54
9 26 29
9 28 55
9 29 20
9 32 1
9 33 37
9 35 48
9 36 23
9 43 14
9 44 43
9 46 24
9 47 35
9 48 58
9 49 33
9 51 51
9 52 52
9 53 50
9 54 12
9 55 19
9 56 56
9 58 11
10 0 23
10 1 34
10 2 46
10 3 25
10 4 48
10 5 37
10 8 55
10 9 42
10 10 12
10 13 22
10 14 54
10 15 13
10 16 44
10 18 19
10 19 28
10 21 0
10 22 30
10 23 58
10 24 43
10 25 38
10 27 21
10 28 15
10 30 35
10 31 6
10 33 5
10 34 41
10 35 1
10 37 18
10 38 3
10 39 8
10 41 59
10 42 20
10 44 57
10 45 47
10 47 36
10 49 29
10 50 39
10 52 10
10 53 56
10 54 4
10 55 26
10 56 51
11 0 57
11 1 20
11 2 32
11 3 59
11 4 30
11 6 23
11 8 16
11 9 39
11 10 21
11 11 33
11 13 15
11 14 44
11 15 29
11 17 7
11 19 36
11 20 56
11 22 13
11 25 48
11 26 0
11 27 5
11 29 51
11 30 9
11 31 19
11 32 3
11 33 58
11 35 42
11 36 25
11 37 8
11 38 17
11 39 10
11 40 14
11 41 45
11 43 43
11 44 47
11 45 28
11 47 4
11 48 27
11 49 34
11 50 31
11 51 11
11 52 12
11 53 41
11 54 49
11 55 50
11 57 37
12 0 0
12 1 16
12 2 10
12 3 11
12 4 42
12 5 15
12 6 47
12 7 3
12 8 52
12 10 9
12 12 36
12 15 53
12 16 30
12 17 1
12 19 4
12 21 57
12 22 25
12 23 33
12 24 13
12 25 45
12 27 34
12 28 32
12 29 19
12 30 21
12 31 43
12 32 50
12 34 59
12 36 24
12 38 27
12 39 26
12 40 35
12 43 5
12 44 54
12 45 48
12 46 22
12 49 28
12 50 18
12 51 17
12 52 8
12 53 58
12 54 38
12 56 41
12 57 55
12 58 20
13 0 51
13 1 59
13 2 53
13 3 39
13 5 32
13 6 33
13 11 25
13 13 18
13 14 19
13 15 36
13 17 56
13 18 44
13 20 38
13 21 15
13 22 57
13 24 0
13 27 6
13 31 34
13 32 14
13 33 46
13 34 3
13 35 8
13 36 12
13 37 52
13 38 2
13 39 43
13 40 50
13 43 55
13 45 7
13 46 23
13 47 45
13 48 37
13 49 47
13 51 21
13 52 16
13 53 9
13 54 41
13 55 49
13 56 30
13 57 58
13 58 17
13 59 4
14 0 29
14 1 17
14 2 45
14 3 44
14 4 15
14 5 59
14 8 21
14 9 37
14 10 31
14 11 41
14 12 6
14 13 51
14 14 56
14 15 4
14 17 23
14 18 5
14 20 54
14 21 42
14 22 34
14 23 38
14 24 19
14 25 25
14 27 20
14 28 28
14 29 8
14 31 36
14 32 33
14 33 39
14 34 0
14 36 2
14 38 7
14 40 11
14 41 47
14 42 12
14 43 57
14 46 58
14 47 18
14 48 9
14 51 49
14 52 35
14 53 3
14 54 52
14 56 27
14 57 1
14 58 55
14 59 26
15 0 8
15 1 1
15 3 21
15 4 2
15 5 14
15 6 28
15 7 40
15 9 49
15 10 13
15 11 24
15 13 33
15 14 34
15 15 7
15 16 4
15 18 55
15 19 56
15 20 35
15 22 50
15 24 47
15 25 30
15 27 25
15 28 0
15 29 38
15 30 59
15 31 3
15 32 46
15 33 26
15 34 10
15 35 17
15 38 51
15 39 29
15 40 54
15 41 15
15 42 23
15 44 53
15 46 11
15 47 12
15 48 32
15 49 9
15 50 37
15 51 44
15 52 39
15 53 19
15 54 42
15 55 18
15 56 45
15 58 36
15 59 58
16 0 12
16 1 11
16 3 3
16 4 21
16 5 23
16 6 25
16 8 13
16 9 10
16 10 54
16 11 42
16 13 40
16 14 31
16 15 37
16 16 27
16 17 15
16 19 47
16 20 55
16 21 39
16 22 8
16 24 26
16 25 6
16 27 44
16 28 22
16 29 32
16 30 34
16 38 36
16 39 30
16 40 45
16 42 9
16 43 33
16 45 50
16 46 51
16 50 14
16 52 29
16 54 16
16 55 38
16 58 19
16 59 59
17 0 44
17 1 21
17 3 23
17 5 19
17 6 0
17 8 5
17 11 17
17 12 38
17 13 57
17 14 28
17 16 26
17 17 46
17 18 22
17 20 48
17 21 4
17 22 11
17 23 10
17 24 30
17 25 43
17 26 41
17 27 16
17 29 59
17 30 58
17 32 42
17 34 13
17 35 25
17 37 9
17 38 1
17 39 32
17 40 51
17 43 36
17 46 52
17 48 54
17 49 7
17 50 55
17 51 33
17 52 34
17 53 24
17 54 47
17 55 2
17 56 8
17 57 20
18 1 55
18 2 11
18 3 4
18 4 59
18 5 18
18 6 50
18 7 29
18 8 14
18 9 41
18 10 20
18 13 36
18 14 22
18 17 44
18 20 24
18 22 32
18 23 27
18 25 2
18 27 8
18 28 39
18 30 46
18 31 23
18 32 12
18 34 25
18 35 52
18 36 30
18 37 26
18 38 40
18 40 33
18 42 56
18 46 15
18 47 53
18 48 48
18 49 1
18 50 45
18 51 19
18 52 47
18 53 51
18 54 34
18 55 7
18 57 5
19 0 4
19 2 59
19 3 50
19 7 45
19 8 33
19 9 29
19 10 32
19 11 51
19 12 41
19 13 6
19 14 21
19 16 40
19 18 42
19 19 13
19 20 43
19 21 56
19 22 0
19 25 26
19 26 35
19 27 54
19 29 23
19 30 44
19 32 38
19 33 47
19 34 57
19 35 46
19 36 22
19 37 10
19 38 31
19 39 27
19 40 24
19 41 28
19 42 2
19 43 52
19 45 17
19 46 19
19 48 3
19 51 36
19 52 7
19 54 20
19 55 15
19 57 11
19 58 12
20 0 25
20 1 44
20 2 7
20 4 34
20 5 1
20 6 38
20 7 43
20 8 51
20 9 59
20 10 2
20 13 48
20 14 23
20 16 31
20 18 33
20 20 8
20 22 15
20 23 35
20 24 11
20 25 28
20 26 18
20 27 46
20 28 5
20 29 40
20 30 39
20 31 16
20 32 41
20 34 4
20 35 14
20 37 0
20 39 3
20 41 29
20 42 19
20 43 47
20 44 32
20 45 13
20 46 26
20 47 6
20 48 30
20 49 42
20 50 56
20 51 12
20 53 54
20 54 45
20 55 57
20 56 49
20 57 22
20 58 10
20 59 37
21 4 44
21 5 41
21 7 59
21 8 23
21 11 13
21 12 14
21 14 32
21 15 18
21 16 21
21 17 53
21 18 20
21 20 22
21 21 49
21 22 6
21 23 50
21 25 29
21 26 34
21 27 39
21 28 3
21 29 12
21 30 38
21 31 15
21 32 45
21 33 19
21 35 11
21 36 37
21 39 24
21 40 52
21 41 58
21 42 30
21 44 16
21 47 31
21 48 10
21 50 47
21 52 33
21 53 36
21 54 9
21 55 54
21 56 28
21 57 25
21 58 2
22 1 26
22 2 13
22 3 36
22 4 41
22 8 10
22 10 33
22 11 59
22 12 12
22 13 5
22 14 55
22 15 35
22 16 24
22 19 23
22 20 2
22 21 53
22 22 37
22 24 46
22 25 3
22 26 38
22 27 58
22 28 19
22 31 56
22 33 50
22 34 17
22 36 34
22 38 18
22 39 11
22 42 54
22 43 15
22 45 40
22 51 57
22 53 1
22 54 28
22 55 47
22 56 25
22 57 42
22 58 49
22 59 29
23 0 2
23 2 56
23 4 38
23 5 26
23 7 31
23 8 18
23 9 45
23 11 23
23 12 44
23 14 50
23 15 32
23 16 59
23 19 37
23 20 34
23 21 14
23 22 20
23 23 47
23 25 27
23 26 19
23 27 55
23 28 30
23 31 7
23 32 35
23 33 33
23 34 6
23 35 41
23 36 1
23 39 42
23 40 48
23 42 11
23 43 25
23 44 3
23 45 4
23 46 9
23 47 57
23 48 49
23 49 22
23 50 28
23 51 43
23 52 24
23 54 13
23 55 46
23 56 29
23 58 58
24 2 18
24 3 37
24 5 49
24 6 46
24 7 50
24 8 39
24 9 57
24 10 27
24 11 30
24 12 3
24 13 24
24 15 45
24 16 58
24 17 16
24 20 20
24 21 17
24 22 44
24 23 53
24 25 12
24 27 42
24 28 56
24 29 48
24 31 32
24 33 4
24 35 26
24 36 33
24 40 55
24 41 23
24 42 36
24 43 7
24 45 21
24 46 14
24 47 9
24 48 59
24 50 19
24 51 0
24 54 29
24 55 52
25 1 24
25 2 42
25 3 22
25 6 19
25 7 49
25 8 37
25 12 46
25 14 51
25 15 15
25 16 41
25 18 38
25 19 6
25 20 1
25 21 31
25 22 43
25 23 32
25 25 44
25 26 39
25 28 8
25 29 0
25 31 14
25 32 58
25 33 35
25 34 5
25 35 56
25 36 21
25 37 12
25 38 9
25 39 59
25 40 18
25 42 16
25 43 10
25 45 11
25 46 27
25 47 23
25 48 55
25 50 50
25 51 29
25 52 3
25 55 33
25 56 13
25 57 17
25 58 40
25 59 52
26 1 14
26 2 25
26 4 52
26 5 12
26 7 10
26 8 57
26 9 58
26 10 8
26 11 35
26 12 33
26 13 45
26 16 3
26 17 6
26 20 17
26 21 26
26 22 24
26 24 51
26 25 37
26 26 40
26 28 18
26 29 50
26 31 20
26 32 59
26 34 2
26 35 34
26 37 28
26 39 16
26 43 30
26 46 32
26 47 38
26 50 54
26 51 42
26 52 15
26 53 5
26 55 48
26 56 1
26 57 41
26 58 23
26 59 43
27 0 42
27 1 45
27 3 17
27 4 58
27 5 9
27 6 20
27 7 51
27 9 50
27 10 3
27 12 10
27 13 12
27 15 6
27 19 7
27 20 57
27 22 14
27 23 22
27 24 24
27 25 55
27 26 2
27 27 56
27 29 1
27 31 44
27 32 31
27 33 43
27 34 46
27 35 15
27 37 35
27 38 48
27 39 28
27 40 40
27 41 11
27 42 33
27 43 29
27 44 23
27 45 34
27 46 4
27 47 41
27 48 8
27 51 38
27 53 18
27 55 36
27 59 30
28 0 53
28 1 6
28 3 43
28 4 57
28 6 27
28 7 48
28 10 28
28 11 14
28 12 20
28 14 39
28 16 8
28 17 12
28 18 37
28 19 2
28 20 9
28 22 40
28 23 7
28 24 17
28 26 56
28 27 19
28 28 33
28 29 10
28 33 11
28 34 38
28 35 58
28 38 59
28 40 36
28 41 21
28 42 25
28 43 49
28 44 44
28 49 32
28 50 52
28 52 13
28 53 35
28 54 50
28 55 0
28 56 31
28 58 18
28 59 45
29 0 39
29 3 10
29 5 13
29 6 42
29 7 9
29 9 0
29 10 45
29 11 32
29 13 41
29 15 16
29 16 48
29 17 28
29 19 29
29 20 21
29 21 43
29 22 12
29 23 1
29 24 34
29 25 35
29 26 49
29 28 27
29 29 44
29 33 24
29 35 2
29 36 54
29 37 20
29 38 5
29 39 57
29 40 26
29 41 46
29 43 50
29 44 18
29 45 3
29 46 17
29 48 4
29 49 31
29 50 25
29 51 37
29 52 30
29 53 7
29 55 55
29 57 53
29 58 56
29 59 22
30 0 59
30 1 35
30 3 52
30 5 50
30 6 48
30 7 26
30 9 55
30 10 49
30 12 25
30 15 58
30 17 10
30 18 54
30 19 27
30 22 46
30 23 16
30 24 15
30 25 21
30 26 12
30 27 29
30 28 14
30 30 41
30 31 0
30 32 56
30 33 7
30 34 11
30 35 45
30 36 31
30 37 34
30 38 32
30 40 5
30 41 22
30 43 24
30 44 37
30 47 47
30 48 57
30 50 33
30 54 51
30 56 53
31 1 27
31 2 31
31 3 54
31 4 51
31 5 0
31 6 22
31 7 16
31 8 4
31 9 35
31 10 58
31 11 39
31 12 21
31 16 37
31 17 42
31 18 32
31 19 11
31 20 6
31 24 44
31 25 47
31 26 46
31 27 30
31 28 13
31 29 34
31 30 18
31 31 45
31 33 29
31 34 43
31 35 19
31 36 5
31 37 49
31 38 55
31 39 15
31 42 3
31 45 26
31 46 53
31 47 59
31 48 14
31 49 41
31 50 24
31 51 40
31 52 1
31 53 17
31 54 2
31 57 8
31 59 28
32 0 56
32 2 37
32 3 19
32 4 10
32 6 49
32 7 11
32 8 8
32 9 53
32 10 16
32 11 9
32 13 20
32 14 43
32 15 50
32 17 25
32 18 41
32 21 22
32 22 45
32 23 34
32 24 21
32 25 1
32 26 4
32 27 15
32 28 46
32 29 5
32 30 55
32 31 13
32 34 36
32 36 38
32 37 7
32 38 28
32 40 30
32 41 14
32 42 17
32 43 54
32 44 6
32 45 42
32 46 31
32 47 29
32 49 18
32 50 48
32 52 2
32 53 59
32 54 35
32 55 51
32 56 32
32 57 12
32 59 44
33 0 21
33 1 7
33 2 44
33 4 9
33 5 17
33 7 54
33 9 24
33 10 10
33 11 18
33 13 23
33 14 3
33 16 29
33 17 45
33 18 8
33 20 13
33 22 39
33 23 46
33 25 19
33 26 14
33 27 0
33 28 48
33 29 15
33 30 43
33 33 51
33 35 36
33 38 22
33 40 42
33 41 31
33 44 27
33 45 55
33 46 33
33 48 40
33 49 4
33 52 53
33 53 11
33 54 1
33 55 41
33 57 35
33 59 20
34 0 58
34 1 54
34 2 12
34 3 53
34 6 29
34 7 28
34 8 35
34 9 17
34 10 57
34 11 10
34 13 19
34 14 8
34 15 14
34 19 9
34 20 59
34 21 27
34 22 49
34 23 3
34 24 50
34 28 7
34 29 21
34 30 5
34 31 51
34 32 40
34 33 52
34 34 47
34 35 24
34 36 43
34 37 1
34 38 37
34 41 6
34 44 13
34 45 16
34 48 41
34 50 36
34 53 55
34 55 31
34 56 18
34 57 34
34 58 45
35 0 32
35 1 10
35 2 27
35 4 25
35 5 53
35 6 57
35 9 3
35 12 2
35 14 47
35 15 38
35 16 51
35 17 9
35 18 43
35 20 33
35 21 41
35 22 19
35 24 16
35 25 14
35 26 20
35 28 35
35 29 31
35 31 42
35 32 55
35 33 12
35 34 39
35 35 23
35 36 17
35 38 29
35 39 37
35 41 50
35 42 24
35 43 13
35 44 30
35 45 1
35 47 7
35 51 59
35 52 58
35 54 44
35 55 5
35 56 21
35 57 28
35 58 8
35 59 15
36 1 31
36 3 40
36 5 4
36 6 59
36 8 54
36 9 52
36 10 30
36 11 1
36 13 8
36 14 5
36 15 22
36 16 2
36 19 53
36 21 10
36 22 36
36 24 25
36 25 13
36 26 3
36 28 17
36 31 48
36 33 34
36 35 57
36 36 51
36 37 21
36 38 49
36 39 33
36 40 47
36 41 55
36 42 29
36 45 19
36 46 12
36 47 11
36 48 35
36 49 27
36 52 18
36 54 14
36 55 58
36 57 26
36 58 0
37 0 14
37 1 58
37 3 6
37 4 24
37 5 57
37 6 4
37 8 30
37 9 33
37 10 40
37 13 35
37 14 48
37 15 25
37 17 18
37 18 45
37 19 34
37 20 29
37 22 55
37 24 7
37 25 20
37 27 47
37 28 31
37 29 26
37 30 11
37 31 41
37 32 10
37 33 53
37 35 39
37 38 42
37 39 5
37 40 3
37 42 50
37 43 8
37 45 38
37 48 2
37 49 17
37 51 56
37 53 37
37 54 27
37 56 15
37 57 43
37 59 16
38 0 37
38 1 8
38 2 51
38 4 11
38 5 43
38 7 57
38 9 47
38 10 25
38 11 56
38 12 18
38 13 34
38 14 53
38 15 10
38 16 54
38 19 16
38 20 36
38 24 4
38 25 52
38 26 5
38 28 20
38 29 30
38 30 24
38 31 31
38 32 6
38 33 9
38 34 29
38 35 35
38 36 55
38 37 59
38 39 49
38 40 17
38 41 3
38 43 21
38 44 38
38 45 0
38 46 50
38 47 26
38 48 22
38 49 39
38 50 7
38 51 46
38 53 48
38 55 27
38 57 45
39 0 54
39 2 30
39 3 34
39 4 36
39 6 39
39 7 42
39 8 58
39 10 35
39 12 13
39 13 29
39 14 52
39 15 41
39 16 50
39 18 51
39 19 59
39 23 55
39 24 2
39 25 7
39 27 38
39 28 43
39 29 24
39 30 49
39 31 12
39 32 15
39 34 22
39 35 10
39 36 46
39 41 33
39 42 28
39 43 32
39 45 57
39 47 27
39 48 44
39 49 6
39 50 11
39 51 48
39 52 4
39 53 31
39 54 23
39 55 9
39 56 3
39 57 18
39 58 21
39 59 19
40 1 48
40 2 34
40 3 57
40 4 27
40 5 21
40 6 40
40 7 47
40 8 28
40 9 4
40 10 44
40 11 11
40 14 16
40 17 0
40 18 14
40 19 17
40 20 41
40 21 58
40 22 51
40 25 46
40 26 6
40 27 13
40 28 9
40 30 8
40 33 18
40 34 31
40 35 20
40 37 54
40 38 23
40 40 59
40 41 53
40 42 45
40 43 56
40 44 49
40 45 52
40 46 25
40 47 37
40 50 15
40 51 39
40 52 32
40 55 22
40 56 12
40 57 50
40 58 38
40 59 7
41 0 13
41 1 15
41 2 6
41 3 32
41 4 49
41 5 34
41 6 37
41 7 24
41 8 31
41 9 40
41 11 20
41 12 4
41 13 46
41 14 9
41 15 54
41 16 7
41 17 27
41 19 42
41 21 19
41 22 21
41 23 26
41 24 38
41 26 30
41 28 2
41 29 36
41 30 1
41 31 50
41 32 16
41 33 48
41 34 28
41 35 33
41 36 52
41 37 53
41 38 45
41 39 56
41 41 8
41 42 39
41 43 44
41 44 55
41 45 59
41 46 5
41 47 17
41 48 43
41 49 3
41 50 41
41 51 14
41 52 25
41 53 29
41 54 58
41 55 35
41 56 22
41 58 51
41 59 0
42 0 3
42 1 29
42 2 43
42 4 12
42 6 58
42 8 46
42 9 51
42 10 0
42 11 50
42 12 1
42 13 21
42 14 41
42 15 17
42 16 19
42 17 40
42 18 36
42 19 57
42 22 28
42 24 49
42 26 37
42 29 56
42 30 26
42 32 39
42 33 30
42 34 35
42 36 14
42 37 38
42 38 52
42 39 54
42 40 6
42 43 31
42 44 7
42 45 45
42 46 18
42 47 5
42 48 47
42 50 59
42 53 23
42 54 15
42 57 33
42 58 53
42 59 42
43 0 22
43 2 49
43 3 35
43 4 16
43 6 52
43 8 32
43 10 53
43 11 8
43 12 40
43 13 47
43 14 38
43 15 56
43 16 10
43 17 26
43 19 55
43 20 11
43 21 46
43 23 6
43 25 5
43 26 27
43 27 45
43 28 50
43 29 29
43 30 0
43 31 1
43 32 30
43 33 28
43 34 24
43 36 44
43 40 19
43 42 48
43 43 37
43 45 2
43 46 34
43 47 20
43 48 17
43 49 59
43 51 54
43 53 39
43 54 31
43 55 12
43 57 21
43 58 25
43 59 18
44 0 33
44 1 46
44 2 1
44 4 3
44 5 6
44 7 2
44 8 0
44 9 27
44 10 26
44 11 16
44 12 8
44 13 55
44 15 19
44 16 32
44 19 14
44 20 10
44 22 18
44 24 52
44 25 53
44 32 4
44 34 20
44 35 29
44 36 7
44 37 36
44 40 37
44 41 57
44 42 51
44 43 28
44 44 56
44 45 15
44 46 35
44 47 43
44 48 25
44 49 21
44 50 49
44 51 58
44 53 42
44 54 24
44 56 5
44 57 23
44 58 9
44 59 11
45 1 12
45 2 0
45 3 14
45 4 26
45 5 39
45 6 43
45 7 33
45 9 13
45 10 47
45 12 52
45 13 37
45 15 28
45 16 9
45 17 49
45 18 59
45 19 24
45 21 8
45 22 23
45 23 25
45 24 32
45 25 41
45 26 48
45 29 3
45 30 50
45 31 18
45 32 36
45 33 1
45 34 55
45 35 27
45 38 44
45 39 20
45 40 29
45 41 38
45 42 22
45 43 6
45 44 17
45 45 10
45 47 21
45 48 42
45 49 19
45 51 45
45 52 40
45 53 34
45 54 54
45 55 4
45 57 2
45 58 7
45 59 5
46 0 45
46 2 28
46 3 46
46 4 20
46 5 29
46 6 14
46 9 36
46 11 7
46 12 47
46 13 49
46 14 24
46 15 40
46 17 57
46 18 1
46 21 9
46 22 4
46 23 30
46 24 3
46 25 51
46 28 11
46 29 18
46 30 16
46 31 8
46 33 59
46 35 0
46 36 41
46 37 2
46 38 33
46 39 31
46 41 37
46 44 42
46 45 5
46 46 43
46 47 55
46 48 56
46 52 22
46 53 6
46 55 10
46 56 38
46 57 44
46 58 15
46 59 25
47 1 0
47 2 29
47 3 55
47 7 53
47 8 12
47 9 23
47 15 52
47 16 28
47 17 35
47 18 58
47 21 50
47 22 2
47 23 59
47 26 9
47 27 1
47 28 49
47 29 43
47 31 30
47 32 18
47 35 40
47 36 6
47 37 17
47 38 13
47 39 4
47 40 31
47 41 24
47 43 16
47 44 21
47 46 41
47 47 8
47 48 51
47 51 26
47 52 44
47 53 20
47 55 37
47 56 33
47 58 14
48 0 11
48 1 49
48 2 23
48 3 56
48 4 18
48 5 46
48 7 30
48 8 45
48 9 19
48 10 5
48 11 6
48 12 35
48 13 38
48 14 20
48 16 36
48 17 22
48 18 50
48 19 43
48 20 15
48 22 29
48 24 59
48 25 8
48 26 26
48 29 28
48 31 37
48 32 9
48 34 52
48 36 57
48 37 55
48 38 14
48 40 58
48 41 40
48 42 31
48 43 42
48 45 39
48 46 54
48 48 33
48 49 24
48 50 27
48 51 53
48 53 21
48 54 7
48 57 48
48 58 47
48 59 10
49 0 38
49 1 33
49 2 40
49 3 2
49 5 5
49 6 53
49 7 18
49 10 50
49 13 52
49 14 11
49 15 34
49 17 51
49 18 23
49 19 35
49 20 14
49 23 42
49 24 20
49 29 47
49 31 22
49 32 32
49 34 12
49 36 59
49 37 13
49 39 41
49 41 4
49 42 1
49 43 26
49 46 0
49 49 37
49 50 10
49 52 31
49 53 25
49 55 45
49 56 17
49 57 27
49 58 30
49 59 8
50 0 48
50 3 0
50 6 35
50 9 34
50 11 45
50 12 15
50 13 32
50 15 46
50 18 4
50 19 58
50 20 23
50 22 27
50 23 36
50 24 53
50 27 26
50 28 16
50 29 7
50 31 38
50 33 2
50 34 30
50 36 20
50 37 57
50 39 44
50 40 22
50 41 9
50 42 5
50 43 17
50 44 51
50 45 12
50 46 49
50 47 42
50 48 1
50 49 43
50 50 8
50 51 28
50 52 54
50 53 33
50 54 59
50 55 3
50 56 52
50 57 40
50 58 24
50 59 41
51 0 10
51 1 51
51 2 26
51 4 17
51 6 1
51 7 34
51 9 54
51 12 30
51 16 47
51 18 13
51 21 11
51 22 33
51 23 18
51 24 27
51 25 9
51 26 42
51 27 7
51 29 6
51 30 20
51 32 28
51 34 21
51 35 4
51 36 53
51 37 41
51 39 2
51 40 56
51 41 49
51 42 58
51 43 0
51 44 8
51 45 44
51 46 59
51 47 52
51 48 19
51 49 23
51 51 25
51 55 43
51 56 39
51 57 46
51 58 16
51 59 14
52 0 9
52 1 36
52 3 20
52 4 0
52 5 44
52 6 45
52 7 38
52 9 22
52 10 11
52 11 52
52 12 56
52 14 1
52 15 8
52 16 18
52 17 2
52 19 51
52 21 54
52 22 41
52 23 5
52 25 34
52 26 31
52 27 40
52 28 4
52 30 3
52 31 24
52 32 25
52 33 16
52 35 55
52 36 15
52 37 29
52 38 35
52 39 21
52 40 53
52 42 26
52 43 23
52 45 37
52 46 10
52 47 33
52 48 28
52 50 46
52 52 43
52 54 30
52 55 17
52 56 6
52 57 14
52 58 57
52 59 47
53 0 40
53 3 47
53 4 14
53 5 35
53 6 31
53 7 15
53 10 24
53 11 37
53 12 50
53 13 56
53 14 6
53 16 55
53 17 36
53 18 48
53 19 33
53 20 45
53 21 7
53 23 41
53 26 16
53 28 44
53 29 4
53 31 25
53 33 42
53 35 18
53 36 39
53 37 3
53 38 12
53 39 52
53 40 43
53 42 21
53 43 53
53 44 2
53 45 8
53 46 1
53 49 51
53 51 32
53 52 46
53 54 10
53 55 23
53 57 0
53 58 5
54 0 52
54 1 2
54 2 3
54 4 55
54 5 56
54 6 5
54 7 0
54 8 49
54 9 48
54 10 38
54 12 43
54 14 4
54 15 23
54 16 20
54 19 12
54 21 18
54 22 54
54 23 14
54 24 9
54 26 10
54 27 51
54 29 35
54 30 45
54 31 59
54 32 37
54 33 25
54 34 16
54 35 31
54 36 11
54 39 7
54 42 8
54 45 22
54 47 15
54 48 6
54 53 26
54 55 34
54 57 32
54 58 44
54 59 53
55 0 49
55 1 25
55 4 53
55 8 1
55 9 46
55 10 15
55 11 19
55 12 48
55 13 4
55 14 0
55 15 30
55 16 34
55 17 29
55 18 3
55 19 38
55 20 7
55 21 36
55 23 21
55 25 58
55 27 37
55 28 10
55 29 13
55 30 23
55 31 54
55 32 57
55 33 32
55 35 50
55 36 35
55 38 16
55 40 2
55 41 17
55 42 41
55 43 18
55 44 11
55 46 28
55 47 44
55 48 12
55 51 9
55 52 51
55 54 43
55 55 59
55 56 20
55 57 24
55 58 6
55 59 56
56 0 34
56 1 30
56 2 19
56 3 5
56 5 48
56 7 52
56 8 29
56 11 12
56 13 50
56 15 1
56 17 41
56 18 27
56 19 45
56 22 31
56 23 24
56 24 8
56 25 56
56 26 11
56 28 42
56 29 46
56 30 2
56 31 58
56 33 55
56 34 37
56 35 28
56 37 33
56 38 21
56 40 20
56 41 36
56 42 15
56 43 51
56 46 13
56 47 0
56 48 7
56 49 53
56 51 47
56 52 57
56 53 10
56 54 18
56 55 44
56 57 59
56 59 9
57 1 43
57 2 36
57 4 32
57 5 40
57 6 21
57 7 5
57 8 48
57 10 52
57 11 0
57 12 29
57 13 26
57 14 33
57 15 11
57 16 39
57 18 6
57 19 49
57 20 19
57 23 51
57 24 18
57 25 23
57 26 17
57 27 31
57 28 59
57 30 37
57 32 20
57 33 13
57 35 54
57 36 50
57 41 27
57 42 57
57 43 1
57 45 53
57 48 46
57 49 45
57 50 9
57 52 55
57 53 38
57 55 14
57 57 30
57 59 12
58 0 19
58 1 52
58 2 16
58 3 51
58 4 50
58 5 24
58 6 6
58 7 41
58 8 40
58 9 18
58 10 4
58 11 43
58 12 28
58 13 42
58 14 10
58 15 48
58 19 8
58 20 12
58 21 59
58 22 26
58 23 23
58 24 33
58 26 32
58 27 9
58 28 37
58 29 11
58 30 25
58 32 49
58 34 45
58 35 7
58 36 58
58 37 14
58 38 47
58 40 34
58 41 54
58 43 27
58 45 31
58 47 1
58 48 5
58 49 0
58 50 2
58 51 30
58 52 20
58 53 44
58 54 36
58 58 13
59 7 19
59 8 41
59 10 59
59 11 28
59 12 7
59 13 44
59 14 46
59 15 43
59 17 39
59 19 30
59 20 52
59 22 48
59 23 4
59 24 31
59 25 33
59 26 36
59 28 54
59 29 53
59 30 14
59 32 29
59 34 56
59 35 49
59 36 3
59 37 23
59 38 57
59 39 12
59 41 5
59 43 40
59 44 22
59 47 10
59 49 26
59 50 1
59 51 18
59 52 37
59 53 15
59 54 25
59 55 16
59 56 42
59 57 51
59 58 32
