70
0 0 30
0 1 14
0 9 52
0 12 49
0 14 19
0 15 60
0 17 21
0 18 42
0 19 13
0 20 23
0 28 67
0 29 61
0 35 7
0 42 1
0 46 69
0 51 11
0 57 40
0 58 66
0 59 9
0 60 20
0 65 47
1 0 19
1 1 68
1 5 37
1 12 16
1 23 9
1 26 55
1 29 20
1 30 34
1 32 62
1 34 3
1 41 27
1 43 44
1 50 66
1 56 50
1 61 57
1 65 63
1 66 45
2 3 0
2 4 60
2 5 10
2 6 31
2 11 9
2 14 42
2 17 18
2 18 11
2 20 40
2 26 26
2 28 27
2 29 48
2 39 2
2 45 38
2 46 58
2 49 53
2 51 63
2 54 39
2 55 30
2 62 62
2 64 28
2 66 15
2 69 35
3 1 17
3 4 8
3 5 13
3 10 45
3 15 40
3 24 68
3 33 61
3 34 35
3 38 18
3 40 32
3 44 53
3 48 41
3 51 28
3 57 16
3 59 10
3 66 64
3 68 49
4 0 13
4 1 47
4 11 22
4 12 40
4 15 67
4 22 57
4 24 16
4 26 19
4 29 37
4 30 20
4 34 32
4 44 21
4 45 62
4 49 52
4 53 64
4 63 28
4 65 53
4 66 29
4 69 10
5 8 16
5 11 2
5 12 38
5 14 67
5 15 18
5 25 39
5 26 21
5 30 60
5 31 61
5 32 50
5 34 63
5 35 11
5 36 44
5 38 8
5 40 19
5 41 43
5 42 54
5 43 13
5 46 23
5 49 45
5 50 1
5 52 69
5 65 55
5 69 28
6 3 51
6 4 36
6 6 42
6 10 55
6 13 33
6 16 3
6 21 22
6 24 24
6 29 9
6 30 46
6 37 8
6 38 23
6 41 68
6 43 31
6 44 40
6 50 54
6 59 61
6 60 15
6 61 49
6 69 12
7 0 55
7 6 48
7 7 16
7 10 22
7 11 15
7 13 5
7 23 13
7 25 20
7 31 31
7 32 41
7 34 39
7 35 37
7 36 29
7 41 25
7 47 54
7 48 66
7 49 17
7 50 11
7 52 24
7 53 65
7 56 47
7 61 63
7 63 12
7 64 38
7 65 45
8 0 5
8 3 45
8 5 15
8 7 49
8 8 28
8 10 24
8 14 23
8 15 41
8 19 62
8 20 52
8 23 17
8 32 36
8 37 12
8 39 21
8 40 26
8 41 34
8 46 57
8 48 16
8 49 68
8 52 58
8 53 35
8 54 42
8 56 7
8 57 13
8 58 33
8 61 31
8 68 38
9 0 63
9 4 11
9 5 45
9 13 25
9 15 42
9 17 34
9 18 55
9 22 46
9 23 4
9 25 53
9 26 17
9 33 31
9 34 14
9 36 8
9 42 37
9 45 68
9 48 30
9 49 41
9 50 21
9 53 50
9 55 35
9 56 26
9 63 62
9 64 60
9 66 16
10 2 7
10 7 9
10 13 44
10 17 16
10 22 30
10 23 48
10 25 68
10 29 27
10 40 45
10 46 50
10 53 14
11 5 23
11 11 53
11 12 7
11 14 27
11 15 38
11 18 60
11 20 58
11 23 25
11 26 42
11 32 64
11 33 17
11 34 46
11 36 9
11 40 63
11 47 39
11 48 36
11 50 31
11 53 28
11 54 59
11 55 14
11 56 2
11 61 19
11 64 4
11 66 48
11 67 35
11 68 69
11 69 24
12 2 55
12 3 60
12 5 40
12 9 46
12 14 5
12 22 63
12 32 39
12 34 19
12 45 51
12 46 14
12 47 20
12 48 3
12 58 9
12 60 18
12 64 66
13 0 68
13 1 28
13 14 36
13 23 0
13 25 43
13 26 2
13 28 32
13 35 47
13 43 60
13 47 9
13 49 56
13 52 57
13 56 3
13 57 21
13 66 39
14 1 29
14 3 3
14 6 51
14 11 48
14 12 66
14 15 55
14 18 8
14 19 15
14 20 4
14 26 23
14 28 49
14 31 26
14 35 69
14 37 32
14 38 53
14 41 46
14 52 13
14 55 41
14 59 20
14 61 65
14 63 9
14 65 34
14 69 47
15 3 21
15 6 43
15 8 11
15 11 69
15 14 8
15 15 13
15 18 3
15 26 34
15 32 66
15 35 68
15 37 40
15 39 5
15 40 42
15 43 20
15 44 7
15 49 50
15 52 18
15 53 33
15 61 47
15 63 59
15 69 46
16 1 2
16 4 37
16 7 6
16 15 48
16 17 64
16 20 25
16 25 44
16 35 43
16 38 19
16 39 7
16 42 17
16 46 65
16 47 27
16 50 35
16 58 39
16 62 3
16 64 50
16 66 11
16 68 51
17 0 61
17 10 46
17 13 63
17 14 3
17 15 10
17 16 66
17 19 67
17 20 30
17 23 44
17 30 68
17 37 33
17 39 8
17 44 31
17 45 60
17 55 65
17 58 6
17 59 1
17 66 2
17 67 19
17 69 62
18 0 15
18 5 60
18 6 61
18 7 35
18 15 39
18 16 22
18 18 58
18 24 3
18 27 0
18 33 12
18 42 25
18 43 41
18 45 66
18 53 37
18 58 51
18 60 47
18 61 52
18 62 65
18 66 1
19 0 10
19 9 58
19 11 64
19 14 13
19 16 26
19 22 8
19 26 29
19 27 28
19 28 16
19 34 67
19 38 63
19 40 18
19 43 37
19 44 36
19 45 59
19 46 6
19 51 34
19 56 24
19 58 61
19 61 17
19 67 57
19 68 11
19 69 45
20 2 40
20 5 2
20 9 60
20 11 20
20 14 31
20 15 64
20 16 11
20 17 61
20 20 50
20 22 1
20 23 69
20 27 46
20 28 54
20 31 16
20 33 35
20 34 45
20 39 62
20 40 14
20 41 56
20 45 58
20 46 3
20 57 30
20 59 23
20 61 41
21 2 14
21 3 2
21 4 16
21 6 57
21 8 32
21 24 51
21 32 27
21 33 46
21 43 8
21 45 21
21 46 13
21 51 29
21 63 61
21 64 3
21 65 64
21 69 17
22 3 30
22 6 66
22 7 65
22 17 63
22 26 60
22 32 16
22 44 13
22 48 38
23 3 59
23 4 69
23 6 33
23 7 38
23 8 17
23 15 36
23 16 41
23 22 66
23 26 5
23 27 30
23 29 1
23 31 64
23 36 48
23 38 20
23 41 23
23 46 0
23 47 16
23 50 7
23 51 18
23 52 54
23 54 63
23 56 39
23 58 29
23 64 27
23 65 9
23 66 46
24 7 62
24 8 7
24 12 6
24 13 9
24 17 22
24 21 66
24 27 31
24 28 56
24 29 30
24 30 65
24 34 54
24 35 1
24 39 41
24 43 42
24 47 19
24 54 51
24 55 28
24 56 29
24 58 55
24 59 4
24 69 53
25 0 39
25 2 34
25 5 1
25 12 54
25 13 7
25 15 31
25 20 26
25 24 20
25 26 8
25 28 14
25 32 43
25 34 2
25 35 62
25 42 16
25 45 18
25 46 25
25 48 37
25 49 30
25 51 52
25 59 59
25 60 63
25 61 10
25 62 47
25 67 12
25 68 45
26 3 58
26 5 29
26 10 13
26 11 34
26 13 12
26 20 47
26 23 65
26 29 23
26 32 28
26 36 4
26 40 38
26 48 17
26 52 64
26 57 62
26 60 0
26 66 19
26 68 43
26 69 2
27 3 7
27 4 23
27 8 60
27 10 32
27 12 14
27 13 69
27 14 38
27 19 0
27 21 35
27 25 11
27 26 44
27 27 67
27 29 39
27 31 43
27 32 26
27 34 9
27 40 41
27 41 6
27 42 33
27 45 19
27 50 30
27 52 36
27 54 20
27 57 47
27 63 24
27 64 5
28 6 41
28 7 57
28 8 55
28 13 26
28 16 50
28 24 1
28 28 40
28 30 3
28 31 63
28 32 35
28 33 7
28 34 49
28 36 18
28 37 68
28 39 17
28 47 31
28 50 47
28 56 42
28 65 21
28 67 69
28 69 25
29 7 43
29 9 48
29 12 59
29 15 17
29 22 39
29 23 55
29 24 26
29 25 0
29 27 21
29 28 60
29 31 19
29 39 45
29 40 10
29 42 22
29 48 57
29 49 18
29 50 16
29 54 9
29 55 32
29 58 52
29 65 24
29 66 36
29 67 66
30 11 51
30 13 20
30 17 40
30 19 26
30 21 31
30 22 62
30 25 21
30 27 66
30 30 22
30 32 59
30 33 43
30 43 28
30 45 47
30 48 54
30 57 17
30 59 5
30 60 64
30 64 11
31 7 47
31 14 15
31 16 55
31 21 58
31 40 29
31 50 39
31 55 56
31 63 49
31 66 50
32 7 64
32 8 62
32 9 38
32 11 65
32 14 61
32 15 1
32 16 13
32 19 20
32 20 22
32 27 9
32 29 42
32 30 45
32 35 35
32 38 46
32 42 28
32 43 25
32 48 55
32 54 29
32 58 69
32 59 57
32 61 50
32 62 12
32 66 30
32 69 32
33 7 13
33 11 27
33 12 18
33 14 11
33 16 36
33 18 5
33 19 17
33 26 14
33 27 41
33 28 44
33 35 3
33 36 20
33 42 42
33 45 46
33 49 65
33 52 19
33 54 67
33 57 15
33 61 29
33 64 2
33 66 43
33 68 25
34 4 9
34 5 55
34 7 14
34 12 45
34 15 35
34 18 20
34 25 15
34 28 24
34 29 64
34 35 28
34 36 25
34 40 65
34 43 27
34 44 46
34 53 68
34 58 36
34 59 54
34 60 29
34 61 30
34 62 41
34 63 26
34 64 49
34 66 40
34 69 13
35 1 35
35 5 8
35 6 22
35 16 69
35 19 46
35 23 32
35 28 25
35 30 67
35 33 63
35 34 48
35 40 0
35 43 7
35 45 42
35 46 17
35 51 59
35 55 29
35 57 51
35 62 31
35 66 4
35 68 20
35 69 68
36 0 29
36 2 42
36 5 6
36 7 54
36 8 46
36 9 1
36 14 7
36 19 22
36 22 56
36 23 68
36 28 13
36 30 63
36 39 10
36 46 9
36 47 17
36 49 12
36 53 25
36 60 31
36 61 55
36 63 36
36 66 20
37 2 4
37 3 68
37 4 41
37 7 31
37 15 27
37 16 25
37 21 6
37 27 20
37 28 36
37 31 15
37 33 58
37 34 24
37 36 60
37 40 23
37 42 45
37 43 0
37 45 10
37 46 40
37 50 50
37 51 14
37 54 57
37 59 12
37 64 67
37 68 55
38 0 40
38 4 56
38 5 52
38 12 69
38 15 53
38 23 28
38 25 12
38 26 63
38 27 19
38 28 8
38 30 49
38 35 38
38 39 13
38 41 59
38 46 24
38 50 36
38 54 15
38 57 32
38 65 65
38 66 3
38 67 60
39 2 3
39 3 40
39 6 12
39 7 41
39 8 39
39 11 25
39 14 0
39 18 37
39 19 9
39 22 68
39 28 10
39 31 50
39 33 32
39 34 55
39 37 6
39 39 44
39 42 23
39 43 56
39 51 65
39 56 28
39 57 1
39 59 27
39 62 14
39 63 19
39 64 7
39 67 18
39 69 22
40 3 57
40 4 26
40 8 33
40 9 40
40 17 43
40 21 54
40 26 50
40 31 56
40 34 51
40 37 59
40 38 5
40 39 31
40 44 17
40 49 1
40 50 20
40 51 36
40 52 60
40 54 3
40 55 27
40 56 0
40 59 11
40 61 35
40 62 9
40 63 23
40 66 61
40 69 8
41 1 45
41 5 9
41 8 51
41 10 69
41 13 35
41 17 28
41 20 64
41 22 11
41 24 46
41 25 17
41 26 20
41 28 66
41 30 13
41 32 40
41 38 44
41 45 54
41 49 24
41 51 19
41 52 49
41 53 22
41 58 3
41 66 27
41 67 52
42 0 26
42 3 29
42 4 59
42 7 2
42 9 35
42 11 55
42 12 1
42 21 23
42 22 18
42 28 68
42 32 57
42 35 12
42 37 16
42 39 9
42 40 5
42 42 11
42 47 40
42 55 64
42 56 65
42 67 44
42 69 49
43 0 8
43 8 63
43 10 40
43 11 68
43 20 66
43 22 51
43 24 39
43 26 30
43 27 5
43 32 2
43 34 61
43 35 67
43 36 54
43 42 47
43 47 12
43 48 69
43 51 44
43 59 7
43 60 16
43 62 1
43 65 18
43 66 62
43 68 17
44 1 55
44 3 34
44 5 68
44 10 66
44 13 8
44 16 33
44 30 17
44 35 22
44 36 42
44 42 35
44 43 30
44 44 41
44 45 0
44 46 31
44 50 25
44 56 9
44 57 26
44 58 57
44 61 54
44 64 53
45 1 13
45 2 29
45 4 49
45 8 37
45 9 26
45 11 30
45 14 64
45 22 69
45 27 35
45 28 23
45 30 47
45 31 55
45 39 56
45 40 52
45 41 48
45 43 63
45 45 7
45 48 11
45 52 4
45 55 34
45 56 12
45 58 21
45 62 18
45 65 36
45 67 39
45 69 50
46 4 27
46 6 40
46 9 15
46 10 23
46 13 66
46 23 43
46 26 62
46 27 61
46 28 35
46 31 67
46 33 34
46 36 59
46 43 58
46 45 1
46 49 51
46 55 38
46 60 3
46 61 28
46 64 26
46 67 50
46 69 57
47 0 44
47 1 46
47 3 23
47 5 56
47 7 22
47 9 37
47 15 3
47 17 50
47 20 29
47 23 61
47 24 48
47 29 60
47 36 51
47 37 31
47 40 24
47 45 63
47 47 55
47 53 38
47 54 66
47 63 14
47 64 21
47 65 13
47 66 33
48 8 38
48 12 50
48 13 18
48 20 19
48 23 40
48 26 47
48 30 16
48 31 28
48 36 11
48 38 26
48 43 17
48 44 4
48 53 36
48 54 35
48 68 37
49 6 3
49 9 54
49 14 41
49 18 27
49 28 34
49 30 64
49 31 21
49 33 51
49 38 29
49 42 24
49 43 49
49 44 30
49 46 20
49 51 0
49 53 63
49 55 69
49 59 16
49 61 43
49 65 62
49 67 10
50 1 3
50 2 30
50 5 4
50 6 13
50 7 39
50 9 36
50 17 65
50 19 16
50 33 56
50 45 50
50 46 27
50 48 64
50 53 48
50 54 31
50 58 1
50 59 24
50 65 35
50 68 58
51 2 54
51 4 64
51 5 47
51 6 39
51 12 22
51 15 57
51 18 53
51 19 10
51 20 36
51 22 9
51 25 23
51 27 40
51 28 12
51 32 44
51 37 15
51 38 16
51 40 35
51 41 8
51 44 1
51 45 30
51 47 61
51 49 43
51 52 6
51 53 52
51 58 25
51 60 66
51 65 37
51 66 41
51 67 38
52 2 1
52 4 40
52 6 8
52 10 67
52 17 68
52 19 14
52 20 3
52 22 43
52 25 25
52 26 33
52 28 19
52 31 38
52 34 41
52 39 36
52 45 56
52 51 58
52 54 6
52 56 23
52 57 55
52 60 61
52 61 51
52 63 60
52 67 0
52 68 48
53 1 48
53 10 60
53 12 13
53 13 23
53 14 66
53 15 11
53 17 55
53 18 32
53 20 34
53 21 65
53 23 16
53 25 28
53 30 4
53 31 40
53 34 25
53 35 31
53 36 52
53 39 1
53 50 5
53 53 26
53 57 22
53 60 62
53 63 39
53 65 42
54 0 37
54 7 45
54 9 39
54 13 42
54 19 55
54 21 34
54 24 64
54 31 33
54 33 47
54 35 10
54 37 30
54 45 20
54 46 19
54 52 38
54 54 13
54 61 22
54 62 68
54 63 16
54 68 3
54 69 44
55 0 56
55 2 33
55 3 6
55 7 19
55 8 18
55 10 47
55 11 52
55 12 30
55 16 65
55 19 31
55 21 4
55 23 2
55 24 27
55 27 50
55 30 66
55 32 37
55 34 22
55 41 64
55 44 24
55 46 63
55 47 59
55 55 55
56 4 0
56 8 54
56 15 26
56 19 37
56 21 55
56 26 7
56 29 68
56 31 58
56 32 6
56 36 62
56 40 51
56 45 23
56 47 35
56 49 36
56 54 21
56 55 47
56 60 39
56 63 53
56 66 31
57 2 27
57 3 39
57 6 14
57 7 36
57 11 10
57 12 68
57 13 15
57 14 28
57 15 69
57 16 29
57 22 48
57 23 58
57 26 45
57 27 57
57 30 0
57 33 54
57 36 16
57 43 22
57 50 3
57 53 11
57 54 1
57 56 5
57 57 42
57 58 19
57 61 56
57 66 12
58 6 9
58 10 17
58 18 16
58 22 50
58 23 14
58 33 36
58 34 42
58 38 31
58 39 26
58 49 5
58 51 35
58 58 38
58 61 32
58 62 28
58 63 68
58 68 12
58 69 60
59 7 12
59 11 11
59 17 59
59 26 24
59 29 6
59 33 65
59 53 62
59 57 33
59 59 60
60 0 69
60 1 60
60 3 16
60 5 39
60 6 52
60 9 42
60 11 66
60 13 10
60 15 47
60 16 14
60 17 3
60 20 67
60 24 56
60 35 20
60 36 58
60 38 62
60 39 61
60 43 1
60 44 29
60 48 21
60 52 7
60 53 55
60 59 36
60 60 35
60 61 46
60 65 12
61 3 47
61 4 63
61 6 4
61 7 23
61 8 25
61 10 53
61 12 33
61 15 28
61 18 57
61 19 68
61 24 38
61 29 22
61 30 39
61 31 69
61 42 21
61 43 48
61 46 51
61 47 46
61 49 10
61 52 16
61 53 17
61 67 1
61 69 14
62 5 54
62 7 37
62 10 65
62 11 5
62 13 46
62 14 44
62 19 41
62 21 64
62 22 4
62 23 57
62 24 0
62 25 66
62 32 7
62 35 56
62 38 38
62 42 53
62 44 68
62 47 11
62 48 60
62 49 25
62 52 15
62 54 23
62 57 3
62 59 49
62 65 22
62 66 63
63 3 48
63 11 1
63 12 15
63 17 29
63 22 45
63 23 12
63 26 64
63 30 36
63 31 46
63 32 33
63 33 39
63 35 23
63 43 50
63 54 10
63 55 57
63 57 6
63 58 37
63 63 7
63 65 60
63 66 65
63 68 67
64 3 27
64 4 39
64 5 30
64 7 55
64 12 58
64 14 47
64 15 24
64 20 33
64 21 51
64 22 7
64 23 63
64 24 11
64 26 52
64 31 53
64 32 12
64 33 1
64 35 65
64 52 0
64 56 36
64 61 59
64 63 17
64 66 42
64 69 3
65 10 0
65 11 19
65 14 45
65 17 48
65 18 13
65 29 11
65 31 8
65 33 9
65 34 20
65 37 56
65 47 44
65 52 34
65 53 66
65 56 27
65 59 14
66 3 56
66 11 29
66 13 57
66 16 10
66 18 67
66 19 48
66 24 13
66 35 19
66 36 35
66 39 68
66 41 26
66 49 34
66 52 14
66 53 4
66 56 1
66 57 2
66 64 41
66 66 18
67 1 38
67 2 13
67 3 41
67 12 20
67 13 22
67 14 17
67 15 21
67 21 5
67 22 60
67 24 29
67 25 33
67 26 10
67 28 48
67 32 42
67 35 2
67 42 0
67 44 9
67 46 12
67 48 61
67 56 62
67 57 25
67 58 47
67 63 4
67 65 32
67 66 58
68 2 12
68 8 47
68 9 53
68 15 20
68 21 17
68 26 65
68 28 26
68 31 51
68 38 27
68 40 39
68 43 43
68 54 36
68 58 23
68 61 24
68 65 7
68 69 18
69 0 12
69 3 25
69 5 65
69 6 64
69 12 62
69 15 9
69 25 2
69 26 36
69 30 33
69 31 68
69 34 59
69 38 3
69 45 14
69 46 15
69 49 21
69 52 40
69 56 20
69 57 5
69 60 11
69 61 1
69 67 47
