60
0 3 21
0 7 26
0 12 24
0 19 48
0 22 58
0 26 6
0 28 44
0 30 37
0 40 22
0 42 41
0 47 0
0 48 34
0 52 12
0 53 50
0 54 10
0 56 52
0 58 13
1 0 29
1 1 53
1 2 56
1 4 54
1 6 12
1 7 31
1 18 52
1 20 59
1 23 5
1 37 57
1 40 46
1 47 6
1 48 8
1 50 24
1 52 11
2 1 47
2 9 31
2 11 1
2 14 3
2 15 18
2 16 39
2 17 57
2 19 50
2 22 37
2 28 26
2 29 25
2 31 5
2 32 48
2 37 44
2 39 24
2 42 23
2 45 53
2 46 29
2 49 45
2 50 34
2 52 22
2 59 11
3 0 6
3 1 4
3 5 43
3 6 24
3 8 26
3 10 41
3 16 38
3 22 3
3 26 34
3 27 46
3 29 23
3 31 13
3 33 18
3 42 55
3 48 51
3 49 47
3 50 31
3 51 15
3 55 30
4 1 46
4 6 59
4 7 11
4 10 33
4 13 55
4 14 0
4 15 41
4 20 1
4 23 17
4 24 4
4 29 53
4 33 5
4 42 20
4 49 38
4 52 40
4 55 28
5 6 34
5 7 35
5 8 14
5 13 12
5 16 16
5 19 44
5 29 45
5 37 36
5 41 37
5 48 43
5 49 29
5 52 28
5 56 33
6 4 59
6 8 7
6 13 16
6 21 3
6 22 0
6 23 19
6 24 44
6 28 28
6 31 45
6 32 24
6 33 56
6 35 29
6 37 13
6 40 42
6 43 5
6 45 10
6 46 54
6 49 50
6 54 9
6 55 11
6 57 26
6 58 1
7 0 32
7 3 6
7 13 7
7 14 41
7 17 22
7 18 28
7 28 47
7 29 57
7 30 34
7 31 39
7 32 38
7 33 17
7 34 56
7 36 53
7 42 4
7 54 37
7 56 10
7 59 12
8 3 0
8 10 3
8 11 54
8 12 16
8 21 22
8 24 41
8 30 53
8 31 27
8 37 26
8 38 47
8 39 28
8 45 57
8 49 4
8 51 40
9 0 47
9 6 15
9 17 41
9 18 25
9 19 31
9 21 23
9 28 4
9 30 27
9 33 24
9 35 35
9 40 9
9 41 26
9 50 58
9 52 56
9 56 8
9 58 55
10 1 45
10 4 8
10 6 10
10 9 51
10 11 24
10 16 1
10 18 3
10 23 55
10 25 6
10 26 59
10 30 23
10 32 31
10 34 32
10 37 0
10 38 5
10 42 50
10 47 26
10 50 19
10 56 57
10 57 13
11 1 14
11 5 17
11 6 39
11 9 41
11 10 36
11 11 10
11 13 27
11 16 2
11 19 9
11 20 29
11 24 38
11 28 49
11 31 52
11 32 19
11 36 32
11 39 48
11 40 34
11 55 46
11 58 18
11 59 24
12 0 9
12 8 36
12 10 0
12 14 7
12 22 18
12 26 40
12 27 6
12 34 31
12 35 17
12 37 39
12 40 59
12 42 2
12 43 37
12 49 15
12 53 5
13 1 8
13 3 31
13 6 13
13 24 20
13 25 36
13 26 2
13 28 7
13 29 32
13 30 12
13 32 29
13 35 33
13 38 17
13 41 28
13 42 26
13 47 59
13 51 21
13 56 18
14 0 4
14 2 28
14 5 42
14 10 7
14 12 58
14 13 45
14 21 36
14 22 59
14 32 20
14 35 9
14 37 52
14 40 35
14 42 32
14 44 18
14 46 46
14 50 1
14 51 48
14 52 50
14 59 8
15 4 53
15 8 8
15 9 44
15 17 49
15 18 33
15 21 27
15 23 42
15 29 2
15 30 48
15 32 26
15 36 10
15 40 36
15 50 13
15 55 37
16 6 28
16 7 13
16 13 31
16 14 33
16 15 29
16 17 38
16 20 43
16 26 5
16 34 47
16 40 44
16 41 42
16 44 16
16 48 46
16 49 32
16 52 26
16 55 9
16 58 11
16 59 51
17 0 59
17 2 31
17 3 32
17 12 22
17 21 26
17 24 19
17 26 20
17 29 10
17 36 9
17 38 24
17 39 5
17 44 41
17 45 38
17 48 57
17 49 33
17 51 16
17 53 4
17 55 50
17 57 27
17 58 53
18 2 25
18 5 21
18 7 34
18 9 52
18 12 47
18 15 53
18 17 40
18 23 28
18 27 27
18 28 59
18 29 17
18 30 41
18 32 30
18 33 13
18 38 0
18 41 32
18 54 50
18 56 37
18 57 44
18 59 18
19 1 52
19 2 3
19 7 47
19 11 59
19 15 39
19 23 44
19 25 50
19 28 27
19 37 1
19 39 8
19 43 18
19 50 32
19 53 49
20 1 23
20 3 19
20 4 34
20 7 21
20 13 49
20 14 46
20 17 50
20 18 18
20 19 17
20 26 28
20 27 24
20 30 4
20 37 25
20 38 16
20 40 20
20 41 54
20 43 44
20 51 59
20 52 3
20 58 42
20 59 10
21 0 34
21 2 51
21 7 32
21 10 56
21 11 55
21 14 18
21 17 36
21 28 40
21 30 16
21 33 22
21 35 20
21 40 58
21 41 24
21 54 33
21 55 19
21 56 13
21 57 5
22 0 46
22 1 54
22 8 11
22 11 18
22 16 4
22 20 5
22 22 25
22 24 10
22 29 41
22 30 19
22 33 36
22 40 47
22 43 35
22 45 49
22 50 16
22 57 24
22 59 34
23 0 3
23 5 4
23 13 1
23 14 16
23 17 55
23 18 9
23 25 0
23 26 14
23 28 19
23 32 21
23 37 17
23 40 27
23 41 58
23 42 8
23 44 39
24 0 17
24 2 23
24 3 57
24 6 4
24 7 7
24 8 27
24 12 15
24 15 13
24 17 0
24 21 14
24 23 37
24 24 46
24 25 58
24 26 47
24 27 20
24 31 55
24 39 18
24 48 41
24 51 42
24 57 33
25 0 57
25 1 58
25 5 28
25 12 10
25 17 35
25 21 8
25 22 54
25 31 53
25 33 51
25 44 12
25 47 38
25 51 46
25 53 1
25 54 41
26 1 18
26 5 25
26 7 56
26 8 54
26 10 47
26 11 42
26 13 9
26 17 52
26 19 55
26 21 48
26 27 12
26 28 1
26 49 22
26 52 2
26 53 14
26 55 3
26 56 19
26 57 46
27 13 57
27 14 8
27 17 6
27 18 39
27 19 19
27 23 14
27 31 24
27 32 35
27 36 33
27 41 27
27 44 51
27 48 30
27 49 52
27 54 58
27 57 1
28 0 22
28 9 18
28 11 45
28 13 6
28 16 10
28 18 17
28 22 30
28 26 43
28 28 38
28 33 31
28 36 11
28 38 52
28 42 51
28 48 59
28 49 39
28 54 25
28 56 20
29 1 31
29 3 12
29 4 10
29 6 44
29 17 51
29 19 49
29 25 29
29 31 33
29 34 4
29 35 3
29 37 56
29 38 14
29 46 16
29 48 23
29 50 9
29 57 39
29 58 19
30 3 18
30 4 57
30 5 26
30 7 37
30 10 11
30 11 5
30 16 34
30 25 56
30 28 33
30 29 49
30 30 54
30 31 8
30 32 46
30 38 21
30 39 0
30 43 14
30 44 29
30 49 19
30 51 9
30 52 30
30 56 17
30 58 20
31 0 55
31 3 45
31 6 3
31 7 59
31 9 11
31 10 1
31 11 48
31 14 4
31 16 19
31 18 2
31 20 8
31 29 31
31 33 29
31 37 9
31 42 40
31 45 34
31 46 18
31 48 42
31 51 20
32 6 37
32 10 55
32 13 48
32 15 33
32 17 19
32 19 10
32 22 47
32 24 27
32 28 45
32 37 20
32 39 16
32 46 28
32 49 18
32 59 17
33 0 23
33 14 57
33 17 15
33 18 36
33 20 19
33 29 16
33 35 51
33 39 3
33 40 30
33 44 35
33 50 26
33 52 42
33 55 49
33 58 5
34 3 17
34 9 57
34 11 56
34 12 13
34 16 11
34 20 16
34 21 28
34 22 36
34 25 59
34 26 39
34 29 14
34 36 2
34 39 33
34 41 43
34 42 46
34 43 45
34 46 38
34 47 53
34 53 20
34 59 3
35 0 27
35 2 43
35 5 20
35 6 5
35 14 21
35 21 31
35 22 35
35 24 42
35 25 4
35 27 14
35 28 13
35 29 34
35 32 44
35 35 23
35 36 24
35 37 51
35 43 32
35 47 55
35 49 37
35 52 49
35 53 46
35 57 18
35 59 36
36 5 36
36 8 10
36 17 4
36 20 7
36 23 31
36 28 58
36 35 39
36 41 40
36 43 22
36 44 28
36 46 34
36 49 42
36 52 33
36 53 25
37 4 32
37 5 14
37 12 28
37 13 4
37 15 9
37 16 45
37 17 5
37 18 56
37 21 17
37 24 39
37 28 43
37 30 6
37 32 27
37 33 8
37 38 15
37 40 50
37 41 20
37 43 30
37 44 24
37 45 42
37 49 12
37 51 3
37 54 59
38 2 16
38 3 46
38 5 31
38 9 49
38 11 40
38 15 12
38 16 33
38 20 23
38 21 57
38 23 22
38 26 52
38 28 53
38 32 28
38 34 44
38 36 14
38 39 55
38 40 6
38 41 39
38 43 29
38 52 32
38 55 27
38 56 42
38 57 48
39 0 11
39 2 20
39 4 42
39 5 19
39 10 40
39 12 49
39 13 24
39 16 50
39 18 8
39 20 30
39 21 46
39 26 57
39 30 59
39 31 35
39 33 3
39 38 36
39 39 52
39 41 25
39 49 17
39 50 53
39 52 48
40 9 0
40 12 37
40 13 2
40 20 57
40 21 51
40 22 19
40 23 36
40 24 32
40 29 35
40 31 54
40 33 34
40 34 14
40 35 59
40 36 16
40 37 21
40 42 52
40 51 24
40 52 58
40 54 55
40 55 15
40 57 56
40 58 33
40 59 13
41 3 59
41 6 25
41 19 58
41 22 51
41 26 50
41 30 1
41 31 23
41 37 32
41 40 11
41 41 8
41 42 33
41 45 46
41 47 57
41 49 28
41 51 14
41 55 2
42 4 36
42 5 30
42 8 39
42 14 29
42 19 45
42 21 37
42 22 11
42 24 31
42 25 13
42 28 42
42 30 22
42 31 20
42 35 40
42 37 4
42 40 5
42 43 41
42 45 1
42 48 48
42 51 19
43 0 54
43 4 13
43 7 46
43 9 53
43 11 41
43 16 35
43 19 28
43 29 8
43 34 7
43 40 21
43 49 23
43 50 15
43 51 32
43 52 38
44 6 57
44 8 49
44 9 28
44 11 25
44 18 42
44 19 52
44 20 24
44 27 18
44 30 31
44 34 0
44 41 2
44 44 11
44 46 37
44 50 40
44 53 59
45 3 7
45 6 1
45 11 9
45 13 39
45 16 22
45 18 40
45 19 5
45 21 29
45 24 48
45 25 35
45 33 46
45 35 10
45 36 25
45 37 18
45 43 58
45 49 56
45 51 43
45 52 52
45 53 3
45 54 44
45 55 21
45 58 15
45 59 54
46 8 19
46 13 3
46 14 25
46 15 30
46 27 35
46 29 9
46 35 5
46 43 27
46 44 4
46 52 20
46 54 16
47 0 13
47 1 25
47 3 10
47 4 37
47 6 42
47 12 9
47 18 38
47 22 29
47 23 50
47 32 14
47 33 27
47 36 59
47 37 35
47 39 19
47 42 56
47 51 23
47 52 15
47 59 33
48 2 59
48 3 11
48 6 41
48 11 53
48 15 24
48 20 47
48 25 26
48 38 8
48 41 34
48 45 18
48 46 31
48 53 32
48 54 36
48 58 9
48 59 1
49 1 59
49 2 47
49 16 41
49 19 40
49 20 46
49 26 9
49 28 23
49 31 19
49 35 44
49 41 29
49 43 56
49 48 4
49 50 25
49 51 0
49 53 35
49 54 34
49 55 24
49 57 53
50 1 42
50 2 54
50 6 16
50 7 29
50 8 1
50 10 30
50 15 46
50 19 6
50 25 43
50 27 59
50 29 52
50 30 8
50 31 57
50 32 53
50 35 50
50 41 9
50 42 17
50 47 18
50 48 45
50 52 39
50 54 23
50 55 44
50 56 2
51 1 10
51 5 46
51 8 18
51 9 27
51 13 0
51 17 29
51 22 16
51 24 33
51 25 19
51 26 44
51 27 21
51 32 3
51 33 42
51 35 53
51 41 59
51 44 14
51 45 41
51 46 23
51 47 15
51 51 35
51 56 4
51 58 31
52 0 45
52 1 36
52 5 9
52 6 47
52 7 4
52 13 18
52 14 28
52 16 56
52 21 54
52 26 8
52 29 26
52 30 46
52 34 16
52 36 57
52 37 31
52 49 5
52 51 41
52 52 7
52 53 11
52 54 1
52 59 42
53 4 49
53 8 13
53 10 2
53 12 12
53 15 34
53 16 7
53 17 8
53 18 32
53 19 21
53 22 24
53 23 20
53 27 57
53 32 22
53 40 14
53 42 11
53 43 19
53 44 33
53 46 4
53 47 48
53 49 59
53 57 3
53 59 28
54 8 59
54 9 24
54 10 34
54 11 29
54 14 54
54 26 46
54 27 37
54 34 48
54 43 36
54 44 21
54 51 31
54 57 58
55 2 53
55 4 40
55 6 51
55 8 9
55 11 58
55 13 23
55 15 1
55 17 20
55 20 27
55 21 16
55 25 47
55 27 48
55 29 0
55 30 3
55 31 25
55 32 2
55 33 21
55 35 34
55 36 45
55 38 29
55 39 22
55 41 15
55 42 31
55 47 7
55 52 13
55 55 17
56 0 0
56 1 39
56 4 50
56 6 58
56 11 27
56 13 37
56 14 52
56 19 56
56 29 44
56 31 18
56 32 40
56 38 53
56 46 14
56 55 45
56 57 15
57 2 48
57 3 36
57 11 37
57 18 6
57 20 11
57 21 2
57 25 32
57 27 56
57 28 8
57 36 19
57 39 51
57 40 43
57 43 53
57 50 7
57 52 1
57 54 46
57 57 50
58 2 21
58 5 52
58 10 44
58 15 28
58 20 4
58 22 42
58 23 6
58 28 10
58 29 40
58 34 8
58 37 23
58 38 43
58 39 31
58 44 9
58 45 2
58 48 56
58 50 57
58 51 33
58 52 36
58 59 20
59 1 28
59 2 24
59 4 33
59 8 35
59 10 13
59 12 6
59 15 47
59 20 40
59 25 39
59 26 31
59 31 49
59 32 10
59 35 22
59 36 37
59 52 57
59 55 29
59 58 25
59 59 48
