60
0 4 25
0 6 24
0 9 59
0 10 53
0 12 42
0 19 21
0 22 28
0 25 40
0 26 57
0 32 1
0 39 19
0 40 22
0 41 39
0 46 30
0 47 46
0 50 31
0 52 12
0 53 26
0 55 11
0 57 38
0 59 29
1 4 24
1 6 55
1 10 26
1 12 51
1 13 40
1 14 30
1 17 5
1 21 17
1 23 34
1 28 42
1 32 10
1 33 12
1 34 27
1 35 52
1 37 22
1 39 37
1 46 31
1 48 38
1 51 7
1 54 46
1 55 20
1 58 44
1 59 25
2 0 11
2 2 26
2 4 17
2 7 19
2 9 12
2 13 27
2 15 39
2 17 36
2 19 32
2 24 45
2 27 59
2 29 38
2 31 24
2 33 8
2 37 50
2 40 58
2 41 3
2 42 20
2 44 57
2 45 9
2 48 16
2 49 29
2 50 14
2 53 40
2 54 43
3 0 23
3 1 13
3 6 49
3 9 29
3 13 0
3 19 6
3 20 37
3 21 36
3 28 8
3 30 25
3 33 35
3 35 22
3 37 38
3 40 12
3 43 34
3 48 59
3 50 55
3 53 21
3 54 16
3 55 24
4 5 41
4 7 52
4 8 57
4 11 16
4 14 37
4 15 32
4 19 40
4 20 36
4 21 35
4 24 49
4 25 22
4 29 17
4 32 8
4 33 38
4 34 13
4 35 46
4 36 33
4 37 53
4 38 21
4 40 56
4 41 20
4 43 24
4 47 29
4 48 48
4 49 10
4 57 1
5 2 56
5 4 1
5 8 46
5 10 11
5 12 19
5 14 2
5 15 25
5 20 38
5 22 43
5 24 28
5 26 42
5 30 10
5 32 27
5 34 24
5 42 59
5 45 41
5 47 12
5 51 8
5 52 15
5 53 58
5 54 30
5 57 6
5 58 17
5 59 54
6 6 15
6 7 47
6 9 9
6 11 39
6 12 58
6 14 0
6 17 50
6 18 51
6 21 38
6 22 42
6 23 5
6 24 36
6 26 37
6 27 8
6 28 24
6 30 30
6 32 25
6 39 21
6 40 2
6 41 14
6 43 18
6 46 4
6 47 11
6 48 52
6 51 1
6 52 43
6 54 32
7 1 1
7 7 56
7 10 50
7 11 43
7 12 18
7 22 5
7 27 0
7 29 25
7 31 28
7 34 20
7 43 53
7 45 23
7 47 58
7 49 13
7 52 41
7 54 24
7 56 52
8 0 0
8 3 37
8 4 51
8 7 15
8 10 3
8 16 41
8 17 39
8 18 27
8 27 28
8 29 50
8 30 23
8 32 40
8 33 42
8 37 24
8 45 21
8 48 31
8 49 54
8 53 8
8 57 11
8 58 13
9 2 48
9 3 33
9 9 23
9 11 42
9 15 18
9 18 56
9 20 30
9 21 13
9 23 9
9 24 31
9 25 26
9 27 16
9 31 36
9 35 41
9 41 29
9 49 57
9 54 21
9 55 12
9 59 58
10 0 9
10 2 16
10 7 59
10 10 46
10 17 31
10 18 11
10 22 1
10 24 33
10 25 41
10 31 27
10 37 40
10 39 20
10 41 2
10 44 5
10 45 25
10 50 17
10 52 24
10 54 36
10 56 54
10 58 43
11 1 9
11 4 23
11 5 48
11 7 46
11 9 42
11 12 31
11 13 33
11 15 14
11 16 53
11 18 59
11 19 28
11 21 20
11 23 39
11 25 27
11 26 8
11 29 49
11 30 44
11 33 36
11 35 18
11 39 17
11 40 38
11 42 21
11 44 32
11 46 19
11 47 0
11 48 57
11 49 40
11 52 11
11 53 51
11 56 43
11 59 35
12 0 2
12 1 22
12 3 38
12 5 32
12 8 42
12 9 7
12 11 18
12 17 33
12 18 40
12 19 51
12 20 0
12 30 50
12 33 17
12 34 31
12 37 45
12 46 35
12 50 53
12 51 56
12 59 52
13 0 51
13 1 23
13 3 42
13 4 21
13 5 40
13 7 33
13 8 36
13 12 2
13 13 6
13 16 37
13 17 20
13 22 25
13 26 38
13 33 1
13 38 7
13 43 57
13 44 16
13 47 22
13 55 26
13 58 9
14 1 45
14 2 51
14 4 30
14 5 57
14 7 54
14 9 53
14 10 18
14 13 25
14 18 35
14 19 23
14 21 41
14 22 48
14 24 4
14 25 42
14 29 13
14 31 55
14 32 46
14 33 0
14 34 29
14 38 43
14 39 2
14 41 8
14 50 20
14 52 56
14 54 22
14 56 12
14 57 10
14 58 27
14 59 32
15 3 34
15 5 24
15 11 28
15 12 10
15 15 23
15 16 38
15 20 53
15 21 50
15 22 15
15 23 17
15 24 11
15 32 44
15 33 13
15 35 7
15 37 5
15 38 12
15 39 40
15 46 8
15 55 46
15 57 19
15 59 18
16 0 10
16 2 57
16 3 43
16 6 29
16 11 32
16 13 4
16 16 7
16 17 17
16 21 15
16 26 39
16 31 11
16 34 12
16 38 2
16 39 3
16 41 50
16 44 35
16 47 26
16 49 21
16 50 24
16 58 28
16 59 47
17 0 12
17 3 18
17 4 33
17 5 4
17 6 32
17 12 14
17 13 36
17 23 2
17 29 54
17 36 0
17 38 37
17 44 47
17 45 50
17 47 35
17 51 59
17 54 8
17 55 13
18 0 16
18 2 24
18 5 5
18 6 31
18 7 50
18 8 11
18 10 8
18 11 36
18 15 55
18 16 27
18 18 41
18 24 58
18 26 44
18 27 42
18 31 33
18 35 25
18 38 0
18 40 20
18 41 37
18 43 54
18 44 34
18 48 47
18 49 15
18 51 28
18 53 12
18 54 38
18 57 56
18 59 3
19 5 36
19 6 44
19 7 3
19 9 54
19 12 46
19 16 17
19 20 43
19 23 11
19 24 47
19 25 31
19 26 0
19 27 2
19 28 51
19 30 22
19 32 33
19 36 5
19 37 6
19 41 53
19 43 58
19 47 13
19 49 41
19 50 1
19 52 40
19 53 20
19 54 29
19 55 25
19 57 50
19 58 14
20 2 32
20 6 42
20 11 55
20 12 13
20 14 44
20 15 10
20 17 14
20 18 50
20 20 17
20 21 3
20 23 35
20 24 53
20 32 52
20 33 45
20 41 24
20 45 54
20 46 21
20 47 57
20 48 37
20 49 11
20 50 51
20 52 19
20 54 33
20 58 38
21 0 34
21 2 12
21 4 55
21 5 31
21 7 32
21 8 18
21 15 44
21 16 28
21 17 3
21 25 0
21 27 45
21 28 25
21 32 49
21 33 24
21 35 4
21 38 46
21 40 53
21 41 54
21 45 58
21 47 47
21 49 14
21 50 39
21 52 59
21 55 7
21 56 21
21 57 33
22 0 48
22 2 54
22 3 50
22 14 45
22 20 27
22 21 8
22 22 58
22 23 55
22 24 17
22 26 10
22 28 9
22 29 42
22 30 31
22 32 18
22 38 40
22 39 23
22 41 33
22 46 41
22 51 4
22 52 7
22 55 57
22 58 56
22 59 26
23 1 30
23 2 41
23 3 39
23 4 49
23 6 54
23 15 9
23 16 1
23 17 4
23 21 51
23 22 37
23 23 21
23 24 12
23 31 34
23 33 6
23 40 16
23 41 13
23 42 26
23 43 42
23 49 36
23 51 33
23 52 5
23 55 47
24 3 5
24 4 50
24 6 58
24 8 6
24 9 15
24 12 29
24 15 0
24 16 40
24 17 16
24 18 47
24 20 52
24 22 18
24 23 37
24 24 38
24 28 53
24 29 1
24 30 9
24 35 23
24 44 17
24 47 21
24 49 32
24 50 34
24 52 27
24 55 4
24 56 11
24 57 13
24 58 48
25 0 44
25 1 53
25 4 36
25 6 35
25 7 18
25 9 6
25 10 40
25 15 29
25 16 15
25 22 11
25 27 31
25 29 24
25 33 57
25 34 7
25 36 3
25 39 14
25 41 0
25 43 28
25 50 8
25 52 37
25 57 25
25 59 48
26 0 13
26 1 4
26 3 21
26 5 16
26 6 17
26 7 48
26 8 53
26 11 6
26 13 28
26 14 12
26 16 20
26 18 19
26 19 52
26 24 34
26 25 10
26 27 44
26 29 0
26 32 45
26 33 32
26 34 23
26 35 14
26 36 27
26 37 43
26 38 47
26 43 46
26 46 39
26 49 58
26 50 38
26 52 8
26 54 35
27 2 37
27 3 20
27 7 5
27 10 23
27 15 27
27 16 48
27 17 8
27 19 13
27 21 0
27 26 7
27 29 47
27 32 15
27 37 18
27 39 57
27 40 25
27 41 35
27 43 40
27 50 46
27 52 29
27 53 19
27 58 59
28 1 6
28 3 1
28 4 10
28 6 47
28 7 9
28 8 7
28 10 57
28 14 36
28 18 46
28 19 18
28 23 3
28 25 30
28 29 31
28 30 58
28 31 14
28 32 17
28 38 28
28 39 42
28 42 25
28 43 50
28 44 4
28 45 15
28 50 0
28 51 38
28 52 53
28 53 13
28 55 59
29 0 38
29 1 8
29 2 18
29 3 32
29 8 31
29 9 44
29 13 23
29 15 12
29 16 24
29 17 49
29 18 2
29 20 57
29 21 33
29 24 35
29 25 11
29 26 53
29 27 13
29 30 54
29 35 39
29 37 25
29 39 56
29 44 29
29 46 43
29 48 20
29 49 27
29 50 30
29 51 0
29 53 10
29 54 14
29 57 7
29 58 52
29 59 59
30 2 19
30 4 40
30 5 18
30 12 23
30 14 1
30 22 22
30 24 55
30 25 28
30 27 33
30 31 12
30 32 57
30 33 47
30 34 39
30 35 0
30 40 3
30 41 52
30 44 7
30 49 38
30 50 37
30 54 26
31 0 4
31 2 47
31 4 43
31 8 26
31 9 20
31 11 50
31 12 12
31 13 35
31 15 19
31 16 34
31 17 57
31 18 39
31 24 25
31 26 49
31 32 21
31 33 56
31 35 9
31 36 17
31 37 51
31 40 44
31 41 31
31 43 10
31 48 40
31 51 24
31 55 8
31 56 16
31 58 29
31 59 46
32 0 43
32 1 48
32 3 57
32 6 56
32 7 45
32 14 41
32 16 18
32 17 10
32 19 24
32 20 13
32 22 47
32 27 46
32 28 36
32 32 51
32 40 4
32 41 27
32 44 38
32 45 20
32 47 23
32 49 2
32 51 11
32 52 52
32 53 5
32 55 54
32 56 31
32 59 19
33 1 54
33 3 49
33 4 19
33 5 21
33 10 35
33 12 40
33 17 9
33 18 55
33 19 29
33 20 14
33 21 27
33 22 16
33 23 59
33 26 15
33 32 37
33 34 28
33 35 3
33 39 36
33 40 30
33 42 6
33 45 22
33 46 24
33 51 47
33 53 1
33 54 44
33 55 39
33 56 53
33 59 23
34 0 52
34 3 53
34 6 8
34 8 54
34 9 43
34 12 45
34 13 55
34 14 28
34 15 24
34 16 16
34 17 7
34 20 46
34 22 26
34 23 12
34 25 14
34 29 44
34 34 11
34 37 37
34 39 33
34 40 34
34 43 17
34 48 2
34 51 32
34 56 51
34 57 15
34 59 13
35 6 0
35 9 52
35 10 5
35 11 12
35 12 54
35 15 51
35 18 43
35 19 7
35 27 25
35 30 37
35 32 4
35 35 13
35 37 48
35 38 57
35 40 33
35 43 36
35 44 11
35 47 17
35 48 26
35 49 3
35 50 59
35 51 40
35 58 6
35 59 20
36 2 5
36 3 56
36 7 31
36 15 35
36 16 11
36 18 45
36 20 26
36 25 50
36 26 12
36 32 38
36 38 16
36 40 24
36 43 22
36 46 20
36 52 30
36 53 34
36 54 52
36 55 14
36 56 1
36 59 0
37 0 40
37 12 41
37 15 6
37 18 28
37 21 16
37 23 43
37 24 54
37 25 38
37 26 11
37 27 14
37 28 52
37 30 46
37 31 45
37 32 53
37 33 5
37 35 10
37 37 12
37 39 58
37 41 15
37 49 9
37 52 42
37 54 55
37 55 33
37 56 44
37 57 49
37 58 1
37 59 37
38 0 3
38 6 26
38 10 7
38 15 30
38 17 59
38 21 58
38 23 50
38 26 21
38 30 51
38 32 36
38 34 33
38 37 4
38 38 34
38 39 10
38 40 11
38 46 47
38 47 20
38 49 55
38 52 31
38 54 57
38 55 19
38 58 53
38 59 12
39 0 58
39 3 51
39 5 39
39 6 21
39 7 27
39 9 32
39 13 8
39 14 20
39 16 25
39 17 2
39 19 26
39 20 15
39 21 24
39 22 46
39 24 18
39 25 56
39 26 28
39 30 59
39 31 31
39 33 44
39 34 50
39 39 54
39 45 16
39 49 5
39 53 55
40 0 25
40 7 44
40 10 31
40 13 32
40 16 33
40 17 55
40 22 39
40 25 48
40 26 4
40 29 41
40 39 45
40 40 14
40 41 42
40 42 52
40 45 27
40 50 28
40 56 22
40 57 43
40 59 17
41 1 34
41 8 33
41 9 41
41 15 4
41 16 26
41 27 3
41 29 28
41 32 32
41 34 57
41 36 35
41 37 47
41 39 8
41 43 56
41 45 12
41 46 1
41 47 7
41 51 2
41 53 27
41 55 30
41 58 40
42 0 37
42 3 29
42 4 4
42 6 27
42 7 23
42 10 36
42 12 47
42 13 19
42 14 35
42 17 53
42 19 31
42 24 13
42 29 34
42 30 24
42 32 30
42 37 1
42 38 33
42 39 48
42 42 44
42 44 49
42 51 14
42 53 9
42 58 21
43 2 23
43 4 44
43 12 24
43 18 32
43 19 58
43 20 19
43 25 25
43 27 47
43 32 59
43 33 41
43 34 53
43 35 42
43 37 21
43 38 20
43 39 12
43 41 1
43 48 33
43 50 35
43 51 5
43 52 57
43 53 4
43 54 48
44 4 38
44 5 59
44 6 45
44 7 49
44 12 34
44 18 13
44 19 8
44 24 30
44 28 3
44 30 36
44 32 42
44 35 37
44 36 18
44 37 35
44 38 50
44 41 55
44 42 28
44 44 53
44 45 24
44 47 41
44 53 33
44 55 31
44 57 20
45 0 46
45 1 33
45 2 35
45 5 26
45 9 28
45 12 49
45 14 50
45 15 59
45 18 53
45 19 43
45 20 51
45 21 34
45 22 31
45 23 6
45 25 44
45 27 57
45 29 5
45 32 39
45 37 41
45 39 55
45 42 40
45 47 52
45 48 15
45 50 19
45 52 0
45 53 32
45 54 10
45 56 9
45 57 4
46 1 55
46 5 11
46 6 12
46 8 21
46 13 52
46 14 34
46 15 37
46 16 32
46 17 42
46 19 27
46 20 9
46 21 19
46 25 36
46 26 51
46 27 40
46 28 43
46 30 35
46 31 22
46 32 2
46 35 59
46 39 1
46 40 13
46 43 4
46 46 53
46 47 25
46 49 44
46 51 41
46 53 16
46 57 14
46 59 49
47 0 5
47 3 52
47 5 9
47 16 4
47 18 23
47 20 39
47 22 3
47 23 49
47 31 57
47 36 44
47 38 26
47 43 21
47 49 19
47 53 59
47 57 48
47 58 11
47 59 51
48 0 50
48 1 21
48 2 45
48 3 3
48 8 27
48 13 20
48 21 57
48 24 26
48 27 30
48 28 28
48 30 5
48 32 56
48 33 34
48 35 47
48 37 29
48 39 38
48 40 6
48 45 43
48 48 42
48 50 4
48 51 39
48 52 18
48 54 23
48 59 16
49 6 50
49 8 40
49 13 11
49 15 53
49 18 58
49 19 57
49 30 8
49 31 9
49 32 6
49 34 0
49 35 54
49 37 55
49 38 36
49 39 24
49 41 48
49 42 23
49 43 41
49 47 32
49 49 35
49 53 7
50 1 19
50 2 4
50 3 46
50 5 45
50 9 27
50 10 48
50 11 40
50 12 52
50 13 53
50 17 18
50 18 54
50 22 57
50 24 59
50 27 12
50 28 14
50 30 26
50 32 23
50 33 22
50 34 21
50 36 24
50 39 11
50 40 0
50 42 30
50 43 29
50 44 43
50 47 28
50 50 56
50 51 25
50 57 58
51 1 0
51 3 25
51 4 5
51 5 54
51 10 32
51 11 33
51 13 10
51 17 22
51 19 53
51 21 12
51 23 30
51 26 24
51 27 37
51 33 11
51 34 4
51 35 38
51 37 52
51 38 8
51 42 43
51 43 48
51 46 34
51 48 36
51 49 28
51 51 45
51 52 9
51 53 2
51 56 58
51 57 26
51 58 47
51 59 15
52 0 57
52 6 43
52 8 52
52 12 33
52 14 22
52 18 30
52 20 59
52 24 14
52 26 48
52 28 56
52 38 6
52 39 47
52 40 50
52 42 8
52 45 46
52 48 58
52 52 26
52 54 45
52 55 36
53 1 24
53 2 33
53 8 14
53 14 56
53 15 17
53 17 13
53 18 3
53 20 47
53 21 42
53 22 35
53 25 43
53 26 1
53 30 57
53 32 48
53 34 37
53 39 29
53 42 2
53 43 16
53 46 18
53 47 40
53 49 12
53 53 6
53 56 55
53 57 28
53 58 51
54 2 9
54 3 59
54 4 3
54 6 57
54 11 4
54 12 36
54 13 31
54 15 46
54 17 24
54 18 1
54 25 20
54 26 54
54 31 38
54 32 13
54 33 29
54 35 28
54 38 49
54 39 53
54 41 11
54 43 27
54 47 34
54 49 18
54 52 14
54 53 41
54 54 37
54 57 8
54 58 42
55 6 33
55 10 30
55 13 18
55 15 52
55 16 31
55 17 40
55 18 0
55 19 54
55 27 17
55 28 10
55 31 47
55 32 14
55 33 4
55 35 50
55 36 34
55 38 11
55 40 1
55 42 38
55 47 44
55 48 41
55 49 56
55 52 55
55 54 28
55 55 22
55 58 2
55 59 45
56 0 33
56 1 12
56 3 31
56 4 32
56 8 25
56 10 24
56 11 56
56 21 23
56 22 59
56 26 40
56 27 26
56 29 6
56 33 51
56 34 42
56 36 47
56 37 30
56 38 17
56 40 57
56 42 11
56 43 52
56 44 20
56 45 14
56 48 35
56 55 9
56 56 36
56 57 0
56 58 3
57 1 59
57 2 46
57 4 7
57 5 8
57 7 57
57 8 23
57 9 38
57 13 21
57 19 4
57 20 55
57 21 25
57 24 16
57 25 34
57 26 36
57 31 58
57 32 41
57 34 51
57 36 19
57 44 42
57 45 40
57 47 10
57 49 33
57 50 6
57 52 39
57 54 5
57 55 32
57 56 30
57 59 1
58 1 20
58 4 45
58 5 15
58 8 30
58 10 56
58 12 1
58 14 21
58 15 54
58 16 57
58 17 41
58 19 49
58 23 8
58 26 34
58 29 33
58 31 6
58 34 19
58 41 17
58 42 18
58 44 24
58 46 12
58 47 50
58 48 28
58 50 58
58 58 46
58 59 5
59 1 37
59 2 22
59 6 41
59 11 17
59 13 14
59 15 13
59 19 3
59 21 18
59 23 38
59 26 23
59 31 54
59 36 39
59 38 48
59 40 8
59 42 1
59 48 11
59 50 42
59 54 12
59 55 52
59 57 21
