70
0 2 19
0 4 54
0 5 41
0 8 3
0 10 27
0 12 34
0 13 56
0 14 38
0 17 23
0 19 2
0 21 63
0 22 55
0 25 62
0 26 51
0 27 52
0 33 67
0 34 29
0 36 66
0 37 61
0 39 57
0 41 12
0 43 18
0 45 15
0 47 43
0 49 48
0 51 35
0 52 53
0 54 69
0 55 10
0 58 32
0 60 44
0 63 26
0 64 24
0 67 65
0 68 42
0 69 21
1 0 49
1 1 65
1 4 21
1 5 20
1 6 48
1 7 25
1 9 2
1 10 6
1 11 56
1 13 59
1 15 15
1 16 64
1 17 47
1 18 5
1 19 19
1 21 31
1 22 44
1 25 9
1 27 0
1 31 8
1 33 61
1 34 36
1 40 18
1 41 1
1 43 51
1 44 3
1 47 68
1 48 32
1 50 33
1 51 13
1 52 41
1 53 14
1 54 43
1 56 42
1 60 16
1 62 23
1 65 30
1 68 11
1 69 66
2 1 44
2 2 41
2 4 68
2 5 40
2 6 53
2 8 59
2 9 64
2 11 32
2 12 69
2 13 19
2 15 27
2 16 36
2 20 12
2 21 8
2 22 15
2 25 6
2 26 13
2 27 18
2 29 56
2 31 28
2 32 61
2 33 50
2 34 60
2 35 62
2 36 43
2 38 20
2 39 26
2 40 35
2 41 54
2 43 47
2 44 11
2 49 38
2 51 30
2 55 66
2 57 10
2 58 25
2 59 2
2 60 63
2 64 37
2 65 48
2 67 55
2 68 31
2 69 16
3 1 1
3 3 20
3 5 18
3 8 33
3 9 53
3 10 13
3 11 28
3 12 9
3 13 57
3 14 58
3 15 45
3 18 67
3 21 10
3 22 66
3 23 26
3 27 68
3 31 55
3 37 22
3 40 65
3 42 29
3 43 19
3 45 62
3 46 48
3 49 49
3 50 38
3 53 59
3 54 56
3 55 23
3 56 51
3 58 42
3 59 17
3 60 4
3 63 63
3 64 30
3 65 11
3 66 12
3 67 69
3 69 32
4 1 24
4 2 2
4 3 61
4 4 6
4 5 35
4 6 66
4 7 21
4 8 48
4 9 44
4 10 68
4 12 1
4 13 16
4 17 55
4 18 9
4 19 22
4 20 41
4 22 3
4 23 52
4 25 20
4 27 17
4 28 40
4 29 69
4 30 43
4 31 18
4 32 19
4 36 54
4 38 8
4 39 42
4 40 63
4 41 13
4 42 15
4 43 14
4 44 51
4 45 47
4 48 49
4 55 57
4 57 64
4 58 31
4 60 46
4 61 29
4 62 32
4 63 62
4 65 59
4 67 56
4 69 50
5 0 69
5 3 0
5 4 50
5 5 11
5 9 12
5 10 64
5 11 68
5 12 16
5 14 7
5 15 62
5 19 31
5 20 33
5 23 44
5 24 23
5 25 21
5 26 14
5 27 39
5 29 52
5 31 27
5 32 4
5 34 54
5 35 66
5 37 10
5 40 59
5 41 28
5 42 53
5 43 1
5 46 47
5 48 2
5 49 18
5 51 29
5 52 60
5 54 32
5 57 49
5 58 26
5 59 5
5 60 48
5 63 40
5 64 42
5 65 51
5 66 57
5 67 20
5 68 45
5 69 67
6 0 33
6 4 69
6 6 55
6 7 60
6 11 36
6 12 21
6 15 2
6 16 61
6 17 53
6 19 0
6 20 45
6 23 10
6 27 30
6 29 7
6 31 11
6 33 62
6 34 42
6 36 28
6 37 54
6 39 31
6 40 17
6 41 63
6 43 49
6 44 65
6 45 52
6 46 32
6 47 66
6 48 37
6 51 14
6 53 15
6 54 41
6 58 48
6 60 64
6 62 5
6 63 57
6 65 26
6 69 6
7 0 31
7 1 62
7 2 30
7 3 56
7 6 8
7 7 27
7 8 2
7 11 63
7 12 65
7 15 61
7 17 5
7 18 20
7 21 14
7 22 51
7 24 13
7 25 54
7 26 64
7 28 15
7 29 53
7 31 66
7 32 16
7 33 39
7 34 45
7 35 38
7 36 40
7 37 41
7 38 9
7 39 50
7 40 24
7 41 32
7 42 44
7 43 34
7 48 0
7 49 68
7 51 22
7 52 49
7 53 26
7 55 4
7 61 59
7 63 21
7 64 3
7 65 52
7 66 37
7 67 57
7 69 46
8 2 12
8 5 66
8 6 64
8 8 20
8 16 4
8 18 8
8 19 28
8 31 17
8 33 36
8 36 33
8 38 55
8 39 5
8 43 69
8 44 21
8 45 24
8 46 53
8 51 27
8 52 58
8 55 30
8 56 32
8 57 15
8 59 31
8 61 14
8 62 6
8 63 34
8 64 40
8 65 16
8 66 18
8 68 48
8 69 44
9 0 17
9 1 11
9 2 53
9 3 1
9 4 29
9 5 55
9 9 39
9 10 10
9 11 19
9 16 52
9 19 48
9 20 58
9 22 47
9 23 60
9 26 37
9 27 62
9 29 42
9 30 46
9 31 65
9 32 40
9 33 64
9 34 22
9 35 31
9 39 63
9 41 20
9 44 43
9 46 2
9 47 28
9 48 3
9 50 21
9 51 9
9 52 44
9 55 35
9 56 14
9 57 7
9 58 15
9 59 6
9 62 0
9 63 61
9 65 66
9 66 33
9 67 16
9 68 18
9 69 30
10 0 60
10 1 34
10 2 27
10 3 66
10 4 53
10 5 6
10 6 31
10 8 45
10 9 68
10 10 65
10 11 37
10 14 30
10 15 59
10 17 18
10 19 62
10 20 44
10 21 36
10 24 42
10 25 22
10 26 7
10 28 41
10 29 29
10 31 56
10 32 38
10 34 23
10 35 19
10 37 69
10 38 48
10 39 33
10 40 32
10 42 49
10 43 13
10 44 46
10 46 5
10 47 9
10 48 25
10 49 24
10 51 67
10 54 1
10 55 16
10 56 11
10 57 63
10 58 55
10 59 47
10 60 40
10 61 10
10 63 58
10 64 54
10 65 17
11 0 59
11 1 38
11 2 0
11 4 19
11 5 7
11 6 24
11 8 29
11 9 4
11 11 67
11 14 11
11 20 27
11 21 58
11 23 66
11 24 64
11 26 62
11 27 15
11 28 14
11 29 16
11 30 63
11 33 23
11 34 47
11 36 34
11 37 39
11 38 57
11 40 2
11 42 18
11 43 55
11 45 32
11 46 6
11 47 10
11 49 54
11 54 37
11 55 44
11 57 21
11 58 5
11 59 26
11 60 49
11 62 42
11 63 20
11 64 68
11 65 61
11 66 35
11 69 69
12 1 16
12 4 15
12 5 23
12 6 10
12 8 42
12 10 46
12 12 66
12 13 27
12 15 44
12 17 13
12 20 51
12 22 49
12 24 52
12 25 29
12 26 18
12 27 35
12 32 36
12 34 57
12 35 21
12 36 0
12 38 59
12 40 58
12 41 26
12 42 61
12 47 33
12 51 43
12 53 69
12 55 14
12 60 11
12 61 32
12 64 56
12 66 63
12 67 30
12 68 65
12 69 38
13 1 31
13 3 27
13 4 1
13 6 68
13 7 63
13 8 5
13 10 52
13 13 0
13 14 21
13 15 30
13 16 20
13 17 48
13 21 57
13 26 16
13 28 29
13 29 13
13 31 46
13 32 51
13 33 60
13 34 6
13 35 36
13 36 55
13 37 58
13 38 28
13 39 59
13 42 10
13 43 11
13 46 3
13 47 37
13 49 41
13 50 39
13 51 69
13 53 44
13 54 17
13 55 33
13 56 19
13 59 40
13 60 23
13 61 4
13 62 38
13 64 62
13 68 15
13 69 65
14 1 43
14 2 7
14 3 12
14 5 51
14 6 60
14 8 54
14 9 0
14 10 15
14 11 6
14 15 47
14 16 40
14 17 67
14 18 26
14 20 30
14 21 24
14 22 46
14 25 18
14 26 39
14 27 20
14 28 4
14 31 45
14 33 31
14 36 11
14 37 50
14 38 61
14 39 13
14 41 14
14 42 58
14 44 64
14 45 23
14 46 10
14 47 59
14 48 28
14 49 44
14 50 8
14 51 38
14 52 19
14 54 35
14 55 27
14 56 34
14 57 69
14 58 52
14 60 5
14 61 9
14 62 63
14 64 57
14 68 17
15 0 61
15 1 54
15 2 66
15 3 18
15 6 63
15 7 30
15 8 57
15 10 33
15 11 39
15 12 64
15 13 29
15 15 43
15 16 46
15 17 68
15 18 62
15 20 5
15 21 13
15 22 10
15 23 40
15 25 2
15 26 53
15 27 69
15 31 1
15 33 3
15 34 44
15 37 38
15 38 31
15 39 37
15 40 36
15 43 9
15 46 65
15 48 23
15 52 35
15 53 51
15 54 28
15 55 17
15 56 4
15 58 27
15 59 48
15 60 45
15 61 6
15 62 50
15 66 67
15 67 12
15 68 55
15 69 25
16 0 12
16 1 64
16 2 46
16 3 6
16 4 7
16 6 65
16 7 61
16 9 18
16 10 28
16 11 45
16 14 56
16 15 32
16 16 59
16 18 4
16 19 43
16 20 69
16 21 3
16 22 50
16 23 62
16 24 8
16 25 38
16 28 25
16 29 35
16 34 30
16 35 48
16 36 21
16 37 34
16 38 42
16 39 14
16 44 24
16 45 57
16 48 68
16 52 33
16 53 58
16 55 54
16 56 29
16 60 53
16 61 20
16 64 0
16 65 23
16 67 60
16 69 41
17 0 32
17 1 39
17 2 29
17 3 13
17 4 16
17 5 10
17 6 42
17 7 35
17 9 45
17 10 19
17 13 36
17 14 22
17 18 55
17 21 40
17 24 48
17 25 56
17 26 59
17 27 1
17 31 37
17 32 8
17 34 20
17 35 2
17 36 3
17 38 53
17 39 52
17 43 67
17 44 5
17 45 30
17 48 60
17 50 4
17 51 18
17 52 14
17 53 0
17 54 31
17 56 28
17 58 57
17 59 41
17 66 54
17 67 61
17 68 12
18 0 26
18 1 61
18 3 57
18 4 20
18 5 21
18 6 15
18 9 58
18 13 9
18 14 13
18 15 31
18 16 38
18 17 28
18 19 53
18 20 63
18 24 50
18 26 44
18 28 68
18 29 40
18 30 69
18 31 51
18 33 43
18 38 24
18 39 4
18 40 54
18 41 22
18 42 60
18 43 3
18 44 10
18 45 35
18 46 30
18 49 55
18 50 67
18 51 47
18 53 34
18 54 25
18 55 12
18 56 16
18 58 19
18 61 56
18 62 48
18 65 18
18 66 5
18 67 66
18 68 6
19 1 35
19 2 14
19 4 45
19 5 28
19 6 7
19 7 49
19 8 22
19 9 20
19 10 26
19 11 60
19 12 30
19 13 48
19 14 9
19 15 38
19 17 27
19 18 54
19 19 36
19 21 15
19 22 33
19 23 41
19 25 34
19 26 25
19 27 12
19 28 10
19 30 19
19 31 63
19 32 44
19 33 13
19 34 4
19 35 64
19 36 2
19 39 51
19 40 1
19 45 61
19 47 53
19 48 57
19 50 47
19 51 0
19 52 59
19 53 29
19 55 40
19 58 46
19 59 24
19 60 17
19 61 42
19 62 58
19 64 65
19 65 37
20 2 43
20 3 65
20 5 53
20 6 49
20 7 22
20 8 63
20 11 10
20 13 67
20 15 34
20 16 29
20 18 60
20 20 24
20 22 2
20 23 5
20 24 39
20 25 40
20 27 41
20 30 59
20 31 62
20 34 25
20 35 14
20 36 51
20 37 44
20 39 12
20 40 7
20 41 56
20 42 17
20 43 45
20 44 68
20 45 64
20 46 16
20 47 58
20 49 21
20 51 23
20 52 47
20 53 38
20 55 55
20 56 18
20 58 30
20 61 69
20 63 36
20 64 13
20 65 4
20 66 19
20 67 15
20 68 3
20 69 11
21 0 46
21 3 31
21 5 4
21 6 47
21 9 49
21 10 25
21 14 35
21 16 58
21 17 7
21 18 63
21 19 40
21 20 19
21 21 30
21 24 22
21 26 68
21 27 50
21 29 45
21 31 14
21 33 24
21 34 55
21 37 32
21 40 16
21 43 44
21 44 62
21 45 18
21 49 64
21 51 17
21 54 11
21 55 69
21 56 0
21 57 3
21 58 21
21 59 61
21 64 34
21 65 1
21 66 65
21 69 13
22 6 21
22 8 11
22 9 55
22 10 49
22 11 31
22 12 3
22 13 20
22 14 16
22 16 2
22 17 15
22 18 48
22 19 54
22 20 25
22 21 66
22 22 43
22 23 24
22 24 41
22 25 57
22 26 47
22 27 59
22 28 42
22 30 68
22 32 60
22 33 9
22 37 53
22 40 69
22 42 56
22 44 6
22 45 36
22 46 34
22 47 32
22 51 37
22 52 5
22 53 40
22 55 19
22 57 58
22 60 10
22 63 30
22 66 52
22 67 44
22 69 23
23 0 39
23 2 54
23 3 40
23 4 66
23 6 35
23 10 20
23 13 63
23 15 7
23 16 42
23 19 58
23 21 47
23 22 21
23 23 50
23 24 5
23 26 33
23 27 53
23 28 59
23 29 18
23 30 1
23 35 27
23 36 6
23 37 62
23 39 55
23 40 3
23 42 12
23 48 69
23 49 4
23 51 68
23 52 28
23 54 0
23 56 65
23 58 2
23 59 60
23 60 22
23 64 29
23 68 30
23 69 26
24 0 58
24 1 28
24 4 22
24 8 53
24 9 6
24 10 57
24 12 0
24 13 51
24 18 10
24 19 45
24 20 60
24 24 18
24 26 56
24 28 46
24 29 36
24 30 14
24 31 30
24 33 37
24 34 21
24 36 32
24 38 27
24 40 39
24 41 40
24 42 48
24 43 7
24 45 11
24 46 64
24 47 44
24 50 23
24 51 55
24 53 41
24 54 47
24 55 67
24 56 8
24 61 43
24 63 33
24 64 61
24 65 54
24 67 24
24 68 35
25 0 45
25 1 57
25 2 32
25 3 55
25 4 28
25 5 52
25 6 16
25 9 27
25 10 50
25 11 65
25 12 8
25 13 23
25 15 4
25 19 11
25 20 35
25 21 39
25 22 34
25 23 37
25 24 9
25 25 19
25 28 31
25 30 51
25 31 41
25 32 67
25 33 12
25 34 69
25 36 59
25 37 13
25 38 38
25 39 6
25 40 0
25 41 30
25 42 42
25 44 29
25 45 60
25 47 36
25 48 24
25 51 56
25 53 33
25 55 46
25 57 62
25 58 17
25 62 64
25 63 14
25 67 2
25 68 21
25 69 3
26 0 25
26 4 59
26 6 3
26 8 27
26 10 48
26 11 26
26 12 58
26 13 24
26 14 5
26 16 57
26 20 50
26 21 9
26 23 42
26 25 30
26 26 46
26 28 13
26 29 12
26 30 18
26 31 4
26 32 28
26 34 33
26 35 40
26 36 20
26 37 36
26 41 19
26 42 35
26 44 55
26 45 2
26 48 45
26 53 49
26 55 15
26 56 60
26 59 1
26 60 43
26 61 52
26 66 47
26 67 23
26 68 68
26 69 0
27 1 26
27 3 22
27 4 14
27 5 17
27 6 59
27 7 42
27 8 6
27 9 38
27 11 11
27 14 15
27 15 65
27 17 51
27 18 45
27 21 48
27 22 37
27 23 36
27 27 31
27 28 24
27 30 8
27 33 0
27 34 19
27 35 9
27 36 1
27 37 60
27 39 53
27 43 39
27 44 41
27 45 28
27 46 21
27 47 40
27 48 52
27 49 61
27 50 46
27 51 50
27 53 54
27 54 3
27 55 13
27 56 35
27 57 4
27 58 68
27 59 25
27 61 30
27 63 43
27 64 44
27 65 56
27 67 32
27 68 64
27 69 63
28 1 30
28 2 48
28 3 10
28 4 34
28 6 39
28 8 0
28 9 42
28 11 23
28 12 46
28 13 62
28 14 43
28 16 33
28 17 22
28 19 21
28 21 38
28 24 3
28 26 45
28 27 60
28 31 64
28 32 66
28 33 68
28 34 56
28 43 17
28 45 53
28 46 49
28 47 67
28 48 61
28 50 55
28 52 37
28 53 11
28 54 59
28 57 16
28 60 1
28 61 24
28 62 54
28 63 13
28 66 32
28 67 9
28 68 47
28 69 28
29 0 53
29 1 49
29 6 5
29 7 55
29 8 1
29 9 41
29 10 11
29 11 20
29 12 36
29 13 18
29 17 54
29 18 46
29 20 26
29 22 67
29 23 21
29 24 0
29 25 69
29 27 34
29 29 3
29 30 39
29 31 16
29 32 6
29 35 33
29 37 27
29 38 51
29 39 60
29 43 35
29 44 47
29 45 13
29 48 56
29 49 14
29 50 32
29 52 9
29 53 4
29 57 31
29 59 66
29 61 28
29 62 17
29 63 37
29 64 22
29 65 44
29 66 40
29 67 29
29 68 58
29 69 43
30 0 51
30 2 5
30 3 17
30 11 69
30 13 43
30 14 8
30 15 42
30 17 14
30 18 40
30 20 49
30 22 61
30 24 59
30 25 4
30 26 31
30 27 56
30 28 3
30 29 23
30 30 62
30 31 26
30 33 7
30 34 48
30 38 10
30 39 38
30 40 9
30 44 2
30 45 54
30 47 27
30 49 52
30 50 12
30 51 32
30 52 25
30 54 34
30 56 53
30 57 39
30 58 33
30 59 36
30 60 37
30 61 66
30 62 15
30 63 41
30 65 55
30 67 11
30 69 58
31 1 32
31 2 38
31 4 17
31 5 13
31 6 62
31 9 67
31 10 34
31 14 55
31 16 28
31 17 56
31 19 57
31 20 22
31 21 20
31 25 25
31 26 12
31 27 42
31 28 66
31 29 30
31 30 41
31 31 68
31 33 18
31 34 27
31 36 9
31 37 37
31 38 4
31 39 19
31 40 61
31 41 3
31 42 33
31 44 16
31 45 40
31 46 59
31 47 50
31 48 5
31 50 15
31 51 52
31 54 26
31 55 39
31 57 23
31 61 54
31 62 65
31 63 24
31 64 10
31 65 2
31 67 47
31 68 29
32 0 68
32 1 40
32 3 14
32 5 25
32 6 6
32 7 23
32 8 34
32 10 66
32 12 53
32 13 3
32 16 56
32 19 13
32 20 15
32 21 2
32 23 19
32 25 33
32 26 22
32 28 7
32 31 42
32 33 45
32 34 31
32 35 47
32 36 41
32 37 55
32 38 16
32 39 62
32 40 11
32 41 35
32 43 20
32 45 5
32 47 46
32 48 44
32 49 28
32 51 60
32 52 38
32 54 48
32 55 52
32 56 67
32 57 9
32 58 12
32 59 57
32 60 61
32 61 65
32 62 59
32 66 1
32 67 51
32 68 8
32 69 36
33 2 22
33 3 69
33 5 46
33 6 29
33 7 44
33 11 43
33 12 67
33 13 12
33 14 2
33 16 15
33 18 34
33 20 9
33 21 68
33 22 48
33 23 30
33 25 7
33 26 36
33 28 51
33 31 0
33 32 1
33 33 32
33 34 3
33 38 26
33 41 66
33 44 31
33 46 57
33 47 64
33 48 47
33 50 37
33 51 42
33 52 21
33 56 41
33 61 62
33 62 18
33 63 23
33 68 54
34 1 10
34 2 1
34 4 12
34 5 31
34 7 28
34 8 30
34 9 43
34 10 41
34 14 45
34 15 57
34 17 21
34 18 0
34 20 56
34 21 51
34 24 66
34 27 36
34 29 24
34 30 67
34 31 20
34 32 35
34 35 60
34 36 48
34 38 65
34 39 17
34 40 37
34 42 22
34 43 6
34 46 27
34 47 23
34 48 4
34 49 47
34 50 14
34 51 19
34 52 26
34 53 16
34 54 63
34 55 9
34 57 32
34 58 29
34 59 18
34 60 58
34 61 15
34 64 46
34 65 42
34 68 59
35 0 29
35 1 22
35 5 42
35 6 13
35 7 69
35 8 16
35 9 7
35 13 14
35 14 31
35 15 12
35 16 34
35 17 37
35 18 68
35 19 38
35 20 6
35 21 26
35 25 48
35 26 23
35 30 55
35 31 44
35 32 49
35 33 52
35 34 65
35 36 61
35 39 54
35 40 56
35 41 5
35 42 45
35 45 8
35 48 15
35 54 20
35 56 2
35 57 53
35 59 19
35 60 9
35 64 33
35 66 60
35 67 28
35 68 51
36 1 67
36 3 11
36 5 64
36 6 40
36 7 66
36 8 60
36 9 54
36 10 21
36 11 57
36 12 55
36 13 42
36 14 10
36 15 20
36 16 31
36 17 1
36 18 61
36 19 14
36 20 23
36 22 16
36 23 29
36 24 43
36 25 44
36 27 27
36 28 38
36 36 65
36 37 7
36 38 47
36 39 28
36 42 32
36 44 36
36 45 46
36 46 51
36 47 48
36 48 33
36 49 3
36 52 39
36 53 6
36 54 62
36 55 18
36 58 24
36 59 4
36 60 0
36 62 68
36 63 5
36 65 15
36 66 25
36 67 17
36 69 45
37 0 14
37 1 66
37 2 58
37 3 23
37 10 4
37 11 47
37 14 40
37 15 3
37 16 27
37 17 65
37 19 8
37 20 67
37 21 53
37 22 68
37 25 11
37 27 43
37 28 45
37 29 59
37 32 48
37 33 29
37 34 16
37 35 69
37 37 21
37 38 18
37 39 56
37 40 5
37 41 44
37 42 54
37 43 50
37 46 12
37 47 0
37 48 64
37 49 37
37 50 57
37 52 42
37 53 52
37 54 30
37 55 25
37 56 38
37 58 36
37 61 55
37 62 19
37 66 6
37 67 13
37 69 7
38 0 52
38 2 56
38 3 5
38 5 32
38 7 24
38 9 29
38 12 6
38 13 28
38 15 18
38 16 11
38 19 3
38 23 48
38 24 34
38 26 60
38 27 57
38 28 54
38 29 49
38 30 4
38 31 40
38 32 58
38 33 25
38 35 35
38 36 12
38 38 46
38 40 21
38 41 67
38 42 66
38 46 13
38 49 31
38 50 42
38 51 59
38 52 62
38 53 63
38 54 44
38 56 61
38 57 51
38 59 27
38 61 0
38 62 22
38 64 50
38 65 68
38 67 36
38 68 69
38 69 37
39 1 36
39 2 50
39 6 67
39 8 19
39 10 0
39 11 5
39 12 32
39 16 37
39 18 18
39 20 42
39 21 43
39 24 65
39 27 51
39 28 1
39 30 66
39 33 58
39 37 20
39 41 21
39 45 31
39 46 62
39 47 41
39 48 63
39 50 52
39 55 26
39 58 44
39 59 8
39 60 56
39 61 40
39 63 45
39 65 60
39 66 13
39 67 34
39 68 38
39 69 4
40 0 55
40 3 36
40 4 35
40 5 49
40 6 17
40 7 20
40 8 47
40 11 33
40 12 37
40 13 5
40 14 44
40 15 68
40 17 10
40 20 46
40 21 42
40 22 24
40 24 6
40 26 29
40 27 23
40 30 50
40 34 18
40 37 15
40 38 54
40 39 21
40 40 31
40 42 63
40 43 59
40 44 7
40 45 14
40 51 16
40 54 51
40 55 56
40 56 64
40 59 22
40 61 45
40 62 40
40 65 8
40 66 69
41 1 19
41 2 21
41 7 10
41 9 22
41 10 29
41 11 7
41 13 40
41 15 56
41 18 59
41 19 17
41 20 11
41 21 55
41 22 36
41 23 3
41 24 63
41 25 46
41 26 15
41 31 69
41 32 2
41 34 52
41 37 28
41 38 37
41 40 30
41 42 0
41 45 44
41 46 8
41 47 62
41 48 13
41 49 33
41 52 20
41 53 9
41 54 58
41 55 47
41 56 6
41 57 66
41 58 16
41 64 5
41 66 31
41 68 4
41 69 54
42 0 18
42 3 3
42 4 55
42 6 32
42 7 52
42 8 67
42 9 17
42 10 42
42 11 34
42 12 61
42 15 35
42 16 39
42 18 37
42 19 44
42 20 14
42 21 28
42 22 60
42 27 54
42 30 11
42 32 43
42 34 51
42 35 12
42 36 10
42 37 30
42 40 40
42 41 68
42 42 13
42 43 48
42 49 8
42 50 24
42 52 46
42 54 53
42 56 56
42 57 57
42 58 22
42 59 69
42 60 2
42 61 31
42 62 20
42 66 38
42 69 1
43 2 59
43 3 44
43 4 65
43 6 50
43 10 16
43 11 35
43 12 49
43 13 37
43 15 19
43 16 60
43 17 58
43 18 11
43 19 29
43 20 1
43 21 21
43 23 6
43 24 24
43 25 51
43 26 4
43 27 38
43 28 0
43 34 7
43 36 31
43 37 12
43 38 22
43 40 10
43 41 52
43 43 42
43 44 53
43 47 18
43 49 46
43 51 20
43 52 54
43 53 23
43 54 67
43 56 40
43 57 33
43 58 3
43 59 30
43 60 13
43 62 69
43 63 32
43 64 45
43 65 14
43 67 27
43 68 66
43 69 8
44 3 62
44 4 38
44 5 43
44 6 56
44 7 13
44 8 10
44 9 69
44 12 23
44 13 17
44 14 54
44 15 60
44 16 7
44 17 64
44 19 55
44 21 67
44 22 4
44 24 35
44 25 5
44 27 11
44 28 58
44 29 57
44 30 33
44 32 24
44 33 20
44 34 68
44 35 51
44 37 45
44 38 32
44 39 15
44 43 30
44 46 31
44 48 40
44 49 1
44 52 6
44 53 27
44 54 14
44 55 28
44 56 44
44 57 50
44 58 37
44 59 59
44 60 52
44 61 26
44 62 9
44 63 18
44 64 16
44 65 36
44 66 21
44 68 63
45 2 23
45 3 52
45 6 44
45 11 17
45 12 26
45 13 21
45 15 8
45 16 30
45 18 58
45 19 46
45 20 34
45 21 45
45 22 62
45 23 31
45 24 27
45 26 35
45 27 4
45 28 55
45 29 63
45 31 48
45 34 2
45 35 42
45 36 53
45 40 22
45 41 11
45 42 3
45 47 13
45 49 5
45 50 50
45 51 39
45 52 40
45 53 57
45 54 64
45 55 32
45 56 10
45 58 51
45 59 43
45 63 68
45 66 49
46 0 54
46 2 33
46 4 60
46 5 27
46 6 37
46 7 31
46 8 62
46 11 18
46 12 5
46 13 10
46 14 53
46 16 3
46 20 28
46 21 4
46 22 7
46 24 2
46 28 52
46 30 35
46 31 25
46 33 6
46 35 39
46 37 48
46 38 44
46 39 47
46 42 68
46 45 21
46 46 23
46 49 50
46 50 16
46 51 11
46 52 12
46 53 19
46 57 56
46 59 46
46 61 34
46 65 64
46 66 66
46 67 8
46 69 9
47 2 39
47 3 15
47 6 1
47 7 2
47 9 9
47 10 63
47 14 36
47 15 13
47 16 19
47 17 17
47 18 69
47 21 32
47 22 25
47 24 68
47 25 16
47 26 66
47 29 43
47 30 22
47 31 61
47 32 11
47 33 33
47 35 46
47 36 14
47 37 0
47 38 21
47 39 8
47 41 31
47 42 50
47 43 60
47 44 58
47 46 55
47 50 34
47 51 5
47 53 18
47 54 12
47 55 42
47 59 44
47 61 38
47 63 56
47 64 51
47 65 65
47 66 28
47 68 24
47 69 35
48 2 31
48 3 39
48 5 22
48 9 14
48 11 61
48 12 47
48 13 52
48 14 12
48 15 21
48 18 33
48 19 18
48 20 36
48 21 0
48 22 56
48 25 27
48 26 58
48 29 6
48 30 32
48 31 7
48 35 50
48 37 43
48 38 68
48 40 15
48 41 10
48 43 62
48 45 45
48 48 29
48 50 54
48 51 51
48 52 66
48 53 42
48 54 9
48 55 5
48 58 4
48 59 64
48 60 28
48 61 35
48 67 41
48 68 49
48 69 20
49 0 63
49 1 37
49 3 68
49 4 11
49 5 39
49 6 19
49 8 61
49 9 40
49 10 45
49 12 51
49 15 14
49 18 44
49 19 66
49 20 38
49 21 64
49 23 58
49 25 31
49 26 28
49 27 24
49 28 35
49 29 33
49 33 27
49 34 8
49 37 42
49 39 30
49 40 4
49 42 57
49 45 41
49 47 69
49 48 10
49 51 53
49 52 0
49 53 55
49 55 34
49 56 54
49 57 48
49 58 43
49 59 13
49 61 1
49 62 62
49 67 26
49 69 17
50 0 30
50 1 4
50 3 32
50 4 63
50 8 15
50 10 62
50 11 2
50 12 13
50 16 43
50 18 12
50 19 41
50 20 65
50 22 18
50 23 17
50 25 55
50 26 11
50 27 45
50 29 22
50 31 24
50 32 54
50 35 1
50 36 36
50 37 9
50 38 29
50 39 69
50 40 47
50 41 8
50 43 25
50 44 67
50 45 66
50 46 33
50 47 35
50 48 59
50 49 40
50 50 19
50 53 21
50 54 57
50 55 48
50 56 20
50 58 56
50 61 51
50 67 68
50 68 34
51 0 41
51 1 45
51 2 68
51 3 25
51 4 36
51 5 33
51 10 39
51 12 44
51 13 22
51 14 6
51 16 62
51 18 38
51 22 13
51 23 55
51 24 11
51 25 47
51 28 27
51 29 20
51 31 52
51 33 15
51 36 26
51 37 31
51 38 14
51 39 29
51 41 51
51 43 37
51 44 49
51 45 7
51 46 42
51 47 56
51 49 23
51 52 24
51 53 10
51 54 2
51 55 50
51 56 63
51 57 60
51 58 54
51 60 34
51 61 58
51 62 57
51 63 67
51 65 32
51 67 35
51 68 61
52 0 28
52 1 21
52 2 62
52 3 46
52 5 60
52 6 61
52 7 37
52 8 52
52 9 34
52 10 8
52 11 48
52 13 30
52 15 51
52 18 66
52 19 15
52 20 54
52 22 42
52 24 38
52 25 13
52 27 16
52 29 9
52 30 40
52 32 29
52 34 63
52 35 41
52 36 24
52 38 35
52 40 44
52 41 58
52 42 27
52 43 26
52 44 33
52 46 45
52 47 6
52 49 65
52 51 36
52 52 10
52 54 50
52 56 31
52 57 25
52 60 7
52 62 47
52 64 55
52 66 0
52 67 59
52 68 32
53 0 44
53 2 52
53 5 67
53 6 58
53 7 7
53 8 23
53 9 65
53 11 50
53 12 15
53 13 49
53 14 57
53 17 30
53 23 28
53 24 26
53 25 53
53 26 8
53 27 21
53 30 12
53 38 45
53 40 46
53 42 5
53 43 33
53 44 35
53 45 20
53 46 19
53 47 54
53 48 27
53 49 66
53 50 56
53 51 31
53 52 2
53 53 1
53 55 64
53 57 34
53 58 14
53 59 68
53 65 62
53 66 43
53 68 36
53 69 40
54 0 42
54 5 56
54 8 36
54 10 31
54 11 21
54 13 60
54 14 25
54 15 69
54 16 26
54 18 6
54 20 17
54 21 27
54 22 57
54 23 68
54 27 10
54 29 65
54 30 58
54 32 46
54 33 8
54 34 53
54 35 55
54 36 39
54 37 64
54 39 16
54 40 19
54 42 43
54 43 40
54 45 3
54 47 47
54 49 22
54 50 28
54 52 4
54 53 12
54 54 18
54 55 29
54 57 11
54 59 52
54 60 24
54 61 44
54 62 30
54 65 0
54 66 45
54 67 62
54 69 61
55 1 13
55 2 49
55 3 19
55 5 63
55 6 52
55 7 39
55 8 25
55 10 32
55 13 31
55 14 27
55 16 16
55 17 45
55 18 50
55 19 59
55 22 29
55 24 10
55 25 67
55 27 5
55 28 43
55 31 12
55 32 37
55 33 69
55 34 9
55 37 18
55 39 24
55 41 7
55 43 64
55 44 66
55 46 44
55 51 48
55 52 8
55 53 22
55 54 40
55 57 30
55 58 23
55 60 35
55 61 57
55 63 47
55 65 3
55 67 38
55 69 55
56 0 65
56 2 69
56 3 42
56 4 67
56 5 0
56 7 29
56 9 51
56 12 17
56 13 44
56 15 16
56 16 63
56 17 60
56 20 13
56 22 54
56 24 32
56 25 58
56 26 6
56 27 9
56 28 28
56 29 41
56 31 19
56 37 25
56 39 46
56 46 15
56 48 50
56 49 7
56 53 5
56 54 38
56 55 31
56 57 24
56 58 1
56 60 3
56 63 53
56 64 36
56 66 11
56 68 22
56 69 34
57 0 1
57 1 48
57 3 58
57 5 68
57 6 27
57 7 53
57 9 66
57 10 40
57 13 61
57 14 18
57 15 54
57 16 12
57 18 43
57 19 63
57 20 59
57 21 16
57 22 30
57 23 46
57 26 38
57 28 26
57 31 10
57 34 11
57 36 19
57 37 57
57 38 13
57 39 35
57 42 36
57 43 52
57 44 17
57 46 0
57 50 51
57 51 6
57 52 34
57 53 25
57 54 65
57 56 39
57 57 47
57 58 69
57 59 45
57 61 5
57 62 33
57 63 29
57 65 49
57 66 42
57 67 3
58 2 11
58 3 35
58 5 50
58 7 43
58 8 66
58 9 30
58 10 12
58 12 68
58 18 52
58 19 5
58 20 55
58 21 33
58 22 23
58 23 38
58 25 63
58 26 9
58 29 47
58 31 54
58 33 26
58 35 28
58 36 56
58 37 6
58 39 64
58 42 37
58 47 65
58 49 67
58 51 24
58 52 13
58 53 53
58 54 46
58 61 48
58 65 40
58 66 22
58 69 31
59 3 28
59 5 34
59 6 0
59 7 47
59 9 60
59 10 23
59 11 64
59 13 65
59 16 35
59 17 39
59 18 31
59 19 42
59 21 61
59 23 32
59 25 1
59 28 8
59 31 38
59 35 25
59 41 16
59 43 36
59 44 26
59 46 56
59 49 17
59 50 11
59 51 4
59 52 48
59 53 68
59 54 24
59 55 22
59 57 54
59 58 7
59 62 51
59 63 69
59 67 63
59 69 18
60 1 15
60 5 57
60 6 9
60 7 5
60 11 49
60 12 42
60 13 25
60 15 10
60 16 48
60 17 12
60 19 50
60 20 20
60 22 40
60 25 3
60 27 14
60 28 17
60 33 30
60 35 24
60 36 37
60 38 69
60 40 43
60 42 59
60 44 28
60 45 65
60 46 63
60 47 45
60 49 51
60 50 1
60 53 61
60 55 58
60 56 55
60 57 0
60 58 64
60 61 60
60 62 26
60 63 38
60 65 27
61 2 47
61 4 44
61 6 26
61 7 6
61 9 31
61 11 51
61 12 4
61 14 32
61 15 63
61 16 54
61 17 36
61 18 23
61 19 35
61 20 21
61 22 19
61 23 65
61 24 61
61 25 15
61 26 20
61 28 30
61 29 50
61 31 3
61 32 33
61 34 13
61 35 37
61 36 58
61 37 11
61 39 68
61 42 46
61 43 5
61 48 42
61 49 62
61 50 53
61 51 34
61 52 64
61 53 28
61 54 55
61 55 59
61 56 45
61 57 52
61 58 9
61 59 56
61 60 18
61 65 69
61 66 8
62 0 0
62 1 46
62 2 25
62 3 2
62 5 54
62 6 30
62 8 31
62 10 51
62 12 56
62 16 6
62 17 43
62 18 36
62 19 33
62 20 8
62 21 18
62 22 59
62 24 12
62 25 28
62 27 32
62 29 26
62 31 35
62 34 24
62 35 67
62 36 7
62 37 17
62 38 41
62 39 61
62 40 60
62 41 42
62 42 9
62 46 66
62 48 21
62 49 10
62 50 63
62 52 55
62 54 13
62 55 53
62 56 47
62 59 34
62 60 15
62 62 4
62 65 38
62 68 37
63 1 63
63 4 46
63 6 33
63 7 68
63 11 44
63 13 41
63 14 50
63 19 23
63 21 11
63 22 31
63 24 53
63 27 40
63 28 12
63 29 54
63 30 29
63 31 57
63 32 34
63 39 45
63 40 48
63 41 37
63 42 14
63 43 38
63 44 32
63 45 42
63 48 62
63 50 25
63 56 26
63 60 51
63 61 47
63 62 39
63 65 58
63 66 36
63 67 7
63 68 27
63 69 24
64 0 35
64 3 26
64 4 23
64 5 48
64 7 34
64 8 24
64 10 53
64 14 51
64 16 13
64 23 63
64 24 57
64 25 61
64 27 19
64 29 4
64 31 43
64 33 44
64 34 59
64 35 68
64 36 42
64 37 66
64 38 58
64 39 2
64 41 0
64 42 40
64 43 32
64 44 27
64 45 33
64 46 22
64 50 18
64 51 15
64 53 65
64 56 36
64 58 28
64 59 12
64 61 49
64 65 47
64 66 10
64 67 5
64 68 9
64 69 39
65 1 59
65 2 60
65 4 42
65 6 43
65 7 11
65 9 35
65 11 62
65 14 69
65 16 22
65 17 57
65 18 3
65 19 4
65 24 33
65 25 0
65 26 30
65 27 26
65 28 56
65 29 1
65 30 47
65 31 21
65 32 20
65 33 46
65 34 5
65 36 18
65 37 51
65 38 40
65 39 44
65 43 2
65 44 23
65 49 9
65 50 31
65 51 45
65 52 63
65 57 36
65 58 67
65 59 15
65 63 28
65 64 64
65 65 6
65 68 53
65 69 19
66 2 67
66 6 11
66 7 58
66 8 56
66 10 44
66 13 8
66 15 28
66 16 23
66 17 49
66 18 29
66 19 64
66 20 31
66 21 59
66 22 20
66 23 57
66 24 4
66 25 52
66 27 46
66 28 9
66 30 0
66 31 47
66 32 62
66 33 34
66 34 39
66 35 43
66 37 63
66 43 10
66 46 50
66 49 60
66 50 41
66 54 6
66 56 30
66 58 13
66 59 14
66 61 33
66 63 17
66 65 19
66 66 51
66 67 42
66 69 12
67 0 6
67 1 2
67 3 45
67 8 40
67 11 14
67 12 27
67 13 15
67 14 52
67 16 32
67 18 39
67 19 26
67 21 25
67 22 41
67 23 1
67 25 59
67 26 48
67 27 44
67 28 47
67 30 7
67 31 9
67 33 17
67 35 56
67 36 67
67 38 62
67 40 51
67 41 18
67 42 4
67 44 13
67 45 34
67 47 5
67 48 54
67 49 42
67 50 0
67 51 64
67 53 8
67 54 23
67 55 36
67 56 22
67 57 65
67 58 63
67 59 58
67 60 21
67 61 11
67 62 55
67 63 16
67 64 53
67 66 29
67 67 37
67 69 68
68 4 40
68 5 29
68 7 12
68 8 4
68 11 25
68 14 60
68 15 58
68 17 69
68 18 65
68 19 9
68 21 50
68 22 1
68 23 34
68 24 28
68 26 61
68 27 55
68 28 44
68 29 31
68 30 5
68 31 49
68 33 54
68 34 32
68 36 57
68 38 11
68 40 33
68 41 48
68 42 6
68 44 38
68 45 63
68 46 35
68 48 16
68 49 30
68 50 66
68 52 52
68 53 47
68 54 42
68 55 2
68 56 17
68 58 0
68 60 27
68 62 45
68 63 22
68 64 59
68 65 10
68 66 24
68 67 21
68 68 62
68 69 14
69 0 34
69 1 20
69 2 4
69 3 54
69 5 62
69 6 57
69 7 59
69 8 14
69 10 3
69 11 52
69 12 12
69 13 13
69 15 66
69 16 24
69 17 9
69 18 27
69 20 48
69 22 69
69 23 51
69 24 55
69 25 26
69 29 2
69 31 31
69 34 37
69 36 22
69 39 11
69 40 42
69 41 53
69 42 41
69 43 8
69 44 40
69 45 38
69 47 15
69 50 49
69 51 63
69 52 68
69 53 30
69 54 16
69 55 43
69 56 21
69 57 45
69 58 61
69 59 39
69 60 6
69 62 44
69 63 65
