60
0 0 11
0 2 20
0 3 35
0 6 55
0 7 27
0 8 36
0 10 41
0 11 18
0 12 22
0 13 8
0 14 50
0 15 46
0 16 26
0 17 30
0 18 6
0 19 48
0 20 28
0 21 44
0 22 19
0 26 4
0 27 57
0 28 7
0 29 9
0 30 25
0 31 13
0 32 43
0 34 3
0 36 1
0 37 15
0 38 47
0 39 56
0 40 29
0 41 54
0 42 32
0 43 53
0 44 21
0 45 58
0 46 39
0 47 52
0 48 37
0 49 42
0 50 24
0 51 12
0 52 51
0 53 34
0 54 17
0 55 2
0 56 49
0 57 31
0 58 10
0 59 5
1 1 41
1 4 26
1 5 13
1 6 5
1 8 17
1 10 37
1 11 53
1 12 38
1 14 8
1 15 20
1 16 14
1 17 6
1 18 12
1 19 18
1 20 42
1 21 50
1 24 2
1 25 54
1 27 32
1 28 29
1 30 51
1 32 56
1 33 36
1 34 35
1 35 10
1 36 58
1 37 34
1 38 39
1 39 16
1 40 33
1 41 49
1 45 24
1 46 40
1 47 30
1 48 48
1 49 44
1 51 27
1 52 52
1 53 46
1 54 9
1 56 11
1 57 0
1 59 25
2 0 4
2 1 56
2 2 2
2 3 8
2 5 48
2 6 38
2 7 45
2 8 16
2 9 30
2 10 0
2 11 10
2 12 5
2 14 43
2 15 57
2 16 15
2 17 37
2 18 31
2 19 52
2 21 59
2 23 3
2 24 29
2 26 23
2 27 54
2 28 58
2 29 22
2 30 14
2 31 41
2 32 50
2 33 39
2 34 40
2 35 42
2 36 35
2 37 24
2 38 49
2 39 18
2 40 19
2 42 7
2 43 20
2 46 47
2 47 51
2 49 6
2 50 36
2 52 44
2 54 26
2 56 1
2 58 12
2 59 34
3 0 1
3 1 52
3 2 51
3 4 44
3 6 0
3 8 55
3 9 57
3 10 11
3 11 26
3 12 58
3 14 20
3 16 43
3 17 49
3 18 36
3 20 8
3 21 54
3 22 37
3 23 23
3 24 22
3 25 17
3 27 38
3 28 35
3 30 48
3 31 56
3 33 33
3 35 47
3 36 21
3 37 40
3 39 39
3 40 5
3 41 12
3 42 50
3 45 59
3 47 16
3 48 10
3 51 15
3 52 45
3 53 30
3 54 19
3 55 25
3 56 18
3 57 29
3 58 32
3 59 13
4 0 33
4 1 43
4 3 42
4 4 19
4 5 32
4 6 48
4 7 20
4 8 46
4 10 53
4 12 25
4 13 35
4 14 51
4 15 11
4 18 18
4 19 24
4 21 12
4 22 2
4 23 7
4 24 1
4 25 5
4 26 22
4 27 39
4 28 49
4 29 14
4 30 15
4 32 41
4 33 10
4 34 45
4 35 54
4 36 50
4 37 3
4 38 13
4 39 34
4 40 55
4 41 9
4 42 29
4 43 23
4 44 28
4 45 21
4 46 27
4 47 56
4 48 0
4 49 38
4 50 30
4 51 47
4 52 57
4 54 59
4 55 26
4 56 6
4 57 8
4 58 40
4 59 4
5 0 0
5 1 9
5 4 39
5 6 26
5 7 8
5 8 52
5 9 40
5 10 25
5 11 12
5 13 56
5 14 7
5 15 28
5 16 5
5 17 35
5 18 10
5 19 29
5 20 34
5 21 46
5 22 54
5 23 24
5 25 13
5 26 3
5 27 20
5 28 4
5 29 16
5 30 45
5 31 49
5 32 32
5 34 58
5 36 41
5 37 33
5 38 19
5 39 37
5 40 43
5 41 44
5 42 2
5 43 30
5 44 59
5 45 15
5 46 50
5 47 31
5 48 21
5 49 22
5 50 53
5 51 38
5 52 36
5 53 11
5 54 18
5 55 1
5 56 55
5 59 17
6 0 9
6 1 2
6 2 38
6 3 46
6 4 20
6 5 54
6 6 33
6 7 43
6 8 41
6 9 48
6 10 26
6 12 23
6 13 6
6 14 4
6 15 10
6 16 31
6 17 5
6 18 24
6 19 1
6 20 18
6 21 11
6 22 13
6 23 58
6 24 57
6 25 35
6 26 12
6 28 47
6 29 44
6 30 40
6 31 36
6 32 29
6 34 16
6 35 34
6 36 25
6 38 7
6 42 59
6 46 53
6 47 19
6 48 14
6 49 15
6 51 30
6 52 56
6 53 27
6 54 22
6 55 45
6 56 37
6 57 17
6 58 21
7 0 22
7 1 16
7 3 38
7 4 59
7 5 27
7 7 30
7 9 10
7 10 17
7 11 14
7 13 18
7 15 35
7 17 54
7 19 11
7 21 43
7 22 57
7 24 15
7 25 33
7 26 31
7 27 3
7 28 20
7 29 21
7 31 45
7 32 4
7 33 7
7 34 6
7 37 37
7 38 1
7 40 36
7 41 2
7 42 26
7 43 41
7 45 29
7 46 58
7 47 42
7 48 34
7 50 48
7 51 0
7 52 49
7 53 55
7 54 12
7 57 19
7 58 9
7 59 40
8 0 26
8 1 23
8 2 4
8 3 54
8 4 38
8 5 45
8 9 15
8 10 49
8 11 36
8 15 31
8 16 6
8 17 47
8 19 41
8 20 11
8 21 1
8 22 18
8 23 9
8 24 37
8 26 55
8 27 22
8 28 34
8 29 56
8 30 42
8 31 30
8 32 21
8 34 8
8 35 29
8 36 53
8 37 2
8 38 10
8 39 44
8 40 25
8 41 3
8 42 17
8 43 32
8 44 7
8 45 51
8 46 16
8 48 52
8 49 20
8 50 13
8 52 24
8 53 58
8 55 27
8 56 35
8 57 48
8 58 50
8 59 0
9 0 42
9 2 34
9 3 36
9 4 35
9 5 1
9 6 46
9 7 6
9 8 57
9 10 52
9 11 40
9 12 59
9 13 7
9 15 15
9 16 16
9 17 38
9 18 27
9 20 51
9 21 5
9 22 10
9 23 44
9 24 4
9 25 24
9 26 18
9 28 50
9 29 53
9 30 49
9 31 9
9 32 17
9 33 55
9 34 2
9 35 20
9 36 3
9 37 39
9 39 12
9 40 56
9 42 43
9 43 19
9 44 22
9 46 33
9 47 13
9 48 25
9 49 45
9 50 29
9 51 48
9 53 8
9 55 37
9 56 23
9 58 14
9 59 31
10 0 32
10 1 3
10 2 35
10 5 29
10 6 50
10 7 0
10 8 51
10 9 55
10 10 47
10 12 4
10 13 46
10 14 58
10 15 21
10 16 53
10 17 15
10 18 40
10 19 9
10 20 25
10 22 59
10 23 11
10 24 26
10 25 57
10 27 10
10 28 1
10 29 19
10 30 23
10 31 16
10 32 48
10 33 37
10 34 12
10 36 8
10 37 54
10 38 24
10 39 43
10 40 45
10 41 36
10 42 44
10 43 18
10 44 27
10 45 5
10 46 49
10 47 34
10 48 41
10 49 13
10 50 52
10 51 31
10 52 42
10 53 22
10 54 30
10 55 6
10 57 56
10 58 33
10 59 39
11 0 16
11 1 32
11 2 47
11 4 15
11 5 42
11 6 3
11 7 12
11 8 11
11 10 21
11 11 17
11 13 36
11 14 30
11 15 8
11 16 9
11 18 23
11 19 5
11 20 56
11 23 29
11 24 53
11 25 28
11 26 2
11 27 4
11 29 48
11 30 26
11 31 40
11 32 18
11 33 58
11 34 22
11 35 6
11 38 54
11 39 10
11 40 7
11 41 27
11 42 24
11 43 52
11 44 44
11 45 37
11 46 46
11 47 0
11 48 57
11 49 31
11 50 34
11 51 14
11 52 35
11 53 50
11 54 45
11 55 33
11 56 59
11 57 39
11 58 49
12 0 45
12 1 17
12 2 33
12 3 52
12 4 3
12 5 35
12 6 6
12 7 38
12 10 40
12 12 12
12 13 37
12 14 15
12 15 5
12 16 39
12 17 20
12 19 50
12 20 9
12 21 18
12 22 58
12 23 25
12 24 55
12 25 41
12 26 29
12 27 48
12 28 54
12 29 10
12 30 57
12 31 22
12 32 16
12 33 49
12 34 59
12 35 53
12 36 46
12 37 21
12 38 56
12 39 47
12 40 26
12 41 8
12 42 23
12 44 31
12 45 7
12 46 11
12 47 24
12 48 19
12 49 2
12 50 27
12 51 43
12 52 32
12 53 36
12 54 44
12 55 51
12 56 4
12 57 14
12 58 42
12 59 30
13 1 8
13 2 28
13 3 21
13 4 18
13 5 4
13 6 30
13 7 9
13 8 15
13 9 0
13 10 38
13 12 42
13 13 2
13 14 40
13 15 29
13 16 7
13 17 22
13 19 47
13 20 43
13 21 26
13 22 31
13 23 57
13 24 13
13 25 56
13 26 48
13 28 59
13 29 33
13 31 39
13 32 23
13 33 25
13 34 41
13 35 16
13 37 46
13 39 5
13 40 49
13 42 20
13 43 24
13 44 32
13 47 27
13 48 58
13 51 52
13 52 14
13 53 37
13 55 53
13 56 51
13 58 11
14 0 36
14 1 46
14 2 7
14 3 59
14 4 4
14 6 21
14 7 14
14 8 26
14 9 58
14 10 18
14 11 30
14 12 20
14 13 53
14 14 34
14 15 2
14 17 17
14 18 52
14 19 44
14 20 27
14 21 45
14 23 54
14 24 42
14 25 50
14 26 11
14 27 47
14 28 40
14 29 41
14 30 1
14 31 19
14 32 37
14 36 10
14 37 32
14 38 55
14 39 0
14 40 28
14 41 29
14 43 15
14 44 43
14 45 23
14 47 57
14 48 49
14 49 16
14 51 39
14 52 9
14 53 48
14 54 6
14 55 31
14 56 24
14 57 22
14 58 35
15 0 10
15 1 5
15 2 22
15 3 56
15 4 49
15 5 50
15 6 27
15 7 17
15 8 53
15 9 31
15 10 39
15 11 34
15 12 11
15 13 54
15 14 32
15 15 44
15 17 36
15 18 7
15 19 30
15 20 4
15 22 12
15 23 14
15 24 45
15 25 18
15 26 42
15 27 29
15 28 41
15 30 6
15 32 55
15 33 51
15 34 47
15 35 13
15 36 43
15 37 26
15 38 25
15 39 3
15 40 40
15 41 20
15 43 33
15 44 8
15 45 35
15 46 28
15 47 46
15 50 1
15 51 24
15 52 48
15 53 52
15 57 16
15 59 15
16 1 0
16 2 1
16 3 9
16 6 51
16 8 12
16 9 34
16 10 43
16 11 44
16 12 26
16 13 15
16 14 46
16 16 24
16 17 48
16 18 57
16 19 16
16 20 14
16 22 50
16 23 30
16 24 10
16 25 19
16 26 36
16 27 21
16 28 22
16 29 5
16 30 54
16 31 33
16 33 31
16 34 37
16 35 27
16 36 7
16 37 38
16 38 40
16 42 11
16 43 25
16 44 47
16 45 13
16 47 8
16 48 18
16 49 4
16 50 35
16 51 58
16 52 17
16 53 42
16 54 23
16 55 49
16 56 32
16 57 3
16 59 20
17 0 55
17 1 38
17 3 33
17 7 19
17 8 44
17 9 39
17 10 9
17 11 22
17 12 56
17 14 37
17 16 13
17 17 24
17 18 30
17 19 3
17 20 47
17 21 17
17 22 21
17 23 2
17 24 18
17 25 23
17 26 58
17 28 57
17 29 7
17 30 46
17 31 50
17 32 31
17 33 12
17 34 10
17 36 20
17 37 1
17 38 11
17 39 28
17 42 35
17 43 45
17 44 25
17 45 26
17 47 32
17 48 51
17 50 15
17 52 27
17 53 29
17 54 4
17 55 34
17 57 36
17 59 43
18 0 28
18 1 51
18 3 13
18 4 1
18 5 43
18 6 58
18 8 42
18 9 18
18 10 16
18 11 45
18 12 48
18 14 27
18 15 52
18 17 40
18 18 35
18 19 57
18 20 20
18 21 56
18 22 24
18 23 41
18 25 3
18 27 19
18 28 26
18 29 36
18 30 38
18 32 2
18 33 50
18 34 54
18 35 4
18 36 33
18 37 11
18 38 17
18 39 22
18 40 21
18 41 53
18 43 8
18 44 23
18 45 30
18 46 59
18 47 14
18 48 31
18 49 10
18 51 55
18 52 34
18 53 12
18 54 49
18 55 15
18 56 9
18 57 32
18 58 44
18 59 46
19 1 20
19 2 9
19 3 32
19 4 10
19 6 44
19 7 49
19 8 23
19 9 7
19 11 54
19 12 19
19 13 47
19 14 24
19 15 6
19 16 22
19 17 58
19 18 50
19 20 29
19 22 56
19 23 28
19 24 0
19 25 25
19 26 59
19 28 3
19 29 27
19 30 4
19 31 15
19 32 52
19 33 42
19 34 48
19 35 45
19 36 18
19 37 36
19 38 21
19 39 11
19 40 30
19 41 13
19 42 16
19 46 1
19 47 12
19 48 35
19 49 17
19 50 33
19 51 5
19 52 37
19 53 39
19 54 34
19 55 14
19 56 41
19 57 51
19 58 43
19 59 53
20 0 49
20 1 18
20 3 20
20 4 41
20 5 9
20 6 2
20 7 23
20 9 45
20 10 57
20 11 6
20 12 47
20 13 29
20 15 42
20 16 21
20 17 16
20 18 5
20 19 56
20 20 35
20 21 4
20 22 33
20 23 53
20 25 0
20 27 34
20 28 14
20 29 46
20 30 32
20 31 27
20 33 48
20 34 55
20 35 36
20 36 28
20 38 50
20 39 1
20 40 38
20 41 31
20 42 15
20 43 40
20 45 54
20 46 51
20 47 17
20 48 24
20 51 7
20 52 39
20 53 25
20 54 8
20 55 12
20 57 52
20 58 58
20 59 11
21 0 15
21 2 30
21 4 45
21 5 12
21 6 36
21 7 56
21 8 19
21 9 2
21 11 50
21 12 52
21 13 59
21 14 1
21 15 39
21 16 28
21 17 42
21 18 21
21 19 46
21 20 53
21 22 35
21 25 26
21 26 32
21 27 11
21 28 13
21 30 41
21 31 17
21 32 7
21 33 3
21 34 57
21 35 24
21 36 27
21 37 31
21 38 8
21 39 29
21 40 51
21 41 10
21 42 54
21 43 14
21 44 9
21 45 38
21 46 25
21 47 23
21 48 43
21 49 18
21 50 49
21 51 16
21 52 55
21 53 33
21 54 48
21 55 0
21 56 44
21 58 34
22 0 5
22 2 15
22 3 11
22 4 21
22 5 40
22 6 54
22 7 24
22 8 34
22 9 56
22 10 2
22 11 3
22 12 30
22 13 57
22 14 35
22 15 12
22 16 48
22 19 31
22 20 59
22 21 39
22 24 47
22 25 8
22 26 37
22 27 50
22 28 44
22 29 23
22 30 18
22 31 10
22 32 22
22 33 32
22 34 42
22 35 28
22 37 52
22 38 0
22 40 14
22 42 6
22 43 9
22 44 38
22 46 7
22 47 43
22 48 4
22 49 58
22 51 46
22 52 29
22 53 13
22 54 51
22 55 36
22 56 33
22 57 45
22 58 53
22 59 49
23 0 18
23 1 15
23 2 11
23 3 23
23 4 9
23 7 35
23 10 58
23 11 29
23 12 27
23 13 1
23 14 45
23 15 56
23 16 38
23 17 44
23 19 36
23 20 49
23 21 33
23 22 40
23 23 0
23 24 19
23 25 48
23 26 46
23 28 28
23 29 20
23 30 3
23 31 32
23 32 8
23 33 13
23 34 43
23 35 26
23 36 54
23 37 55
23 38 22
23 39 21
23 41 34
23 45 4
23 46 57
23 47 41
23 48 30
23 51 6
23 53 7
23 55 17
23 56 5
23 57 50
23 58 39
23 59 14
24 0 8
24 5 39
24 6 17
24 8 45
24 9 42
24 10 23
24 11 1
24 12 36
24 13 34
24 14 44
24 16 51
24 17 56
24 18 19
24 20 2
24 21 32
24 22 11
24 23 10
24 24 40
24 25 30
24 26 50
24 27 37
24 28 38
24 29 0
24 30 13
24 31 46
24 32 47
24 33 9
24 34 29
24 36 14
24 38 58
24 40 6
24 41 26
24 42 41
24 43 22
24 44 49
24 45 16
24 47 5
24 48 3
24 49 48
24 50 31
24 51 35
24 52 59
24 54 27
24 55 21
24 56 25
24 58 24
24 59 33
25 0 58
25 1 31
25 2 19
25 5 11
25 8 54
25 9 32
25 11 39
25 12 17
25 13 30
25 14 21
25 15 24
25 16 36
25 18 20
25 19 2
25 21 53
25 22 29
25 24 41
25 25 52
25 26 9
25 27 16
25 28 55
25 29 3
25 31 7
25 33 15
25 34 0
25 36 45
25 37 6
25 38 51
25 40 10
25 41 14
25 42 28
25 43 43
25 44 33
25 45 12
25 46 26
25 47 25
25 48 38
25 49 23
25 50 5
25 51 50
25 54 37
25 55 18
25 56 56
25 57 13
25 59 59
26 0 37
26 1 58
26 2 50
26 4 42
26 5 14
26 6 1
26 7 11
26 8 43
26 10 30
26 11 41
26 12 44
26 13 22
26 14 3
26 15 13
26 16 17
26 17 21
26 18 9
26 19 54
26 20 52
26 22 39
26 23 4
26 25 47
26 26 10
26 27 53
26 28 33
26 31 51
26 32 45
26 34 38
26 35 40
26 36 29
26 37 35
26 38 34
26 39 25
26 40 57
26 41 19
26 42 49
26 46 36
26 47 15
26 48 12
26 49 56
26 50 8
26 51 32
26 52 16
26 54 55
26 55 5
26 56 27
26 57 24
26 58 7
26 59 18
27 0 6
27 2 40
27 3 57
27 4 28
27 5 10
27 6 19
27 7 53
27 8 22
27 9 13
27 11 31
27 13 52
27 14 42
27 15 47
27 16 33
27 17 45
27 19 38
27 20 24
27 21 35
27 24 14
27 25 16
27 27 7
27 28 12
27 31 43
27 32 51
27 33 26
27 34 30
27 36 0
27 37 27
27 38 46
27 39 32
27 40 23
27 41 1
27 42 48
27 43 29
27 46 15
27 47 9
27 48 39
27 49 41
27 50 4
27 51 37
27 52 2
27 54 20
27 55 44
27 56 34
27 57 58
27 58 25
27 59 54
28 0 2
28 1 54
28 2 55
28 3 58
28 5 49
28 7 48
28 8 7
28 9 6
28 10 3
28 11 5
28 12 40
28 13 24
28 14 29
28 16 27
28 18 38
28 19 12
28 20 1
28 21 34
28 22 15
28 23 39
28 25 36
28 28 17
28 29 30
28 31 59
28 32 0
28 33 56
28 34 52
28 35 50
28 36 32
28 37 14
28 38 43
28 39 4
28 40 42
28 42 53
28 44 51
28 45 19
28 46 44
28 47 28
28 48 20
28 49 26
28 50 37
28 51 22
28 52 46
28 53 18
28 54 11
28 56 21
28 57 10
28 58 31
28 59 57
29 0 31
29 1 39
29 2 54
29 4 56
29 6 22
29 7 1
29 8 4
29 9 36
29 10 50
29 11 38
29 12 24
29 13 32
29 14 41
29 15 0
29 17 25
29 18 43
29 19 13
29 20 16
29 21 8
29 22 27
29 24 59
29 25 14
29 26 15
29 27 44
29 28 30
29 30 9
29 31 23
29 32 3
29 33 46
29 34 34
29 35 55
29 36 47
29 38 53
29 40 18
29 42 5
29 43 12
29 44 10
29 45 49
29 46 21
29 47 37
29 48 28
29 50 40
29 51 20
29 52 26
29 53 45
29 54 29
29 55 7
29 56 52
29 57 35
29 59 6
30 0 17
30 1 44
30 3 43
30 5 25
30 6 45
30 7 16
30 8 21
30 9 54
30 10 4
30 11 46
30 14 55
30 15 41
30 18 49
30 19 0
30 20 22
30 21 7
30 22 9
30 23 38
30 24 23
30 25 39
30 26 8
30 27 33
30 29 52
30 30 36
30 31 35
30 34 1
30 36 42
30 37 50
30 40 13
30 41 5
30 42 12
30 43 6
30 44 56
30 45 28
30 46 30
30 47 40
30 48 15
30 49 59
30 50 51
30 51 19
30 52 58
30 53 10
30 54 57
30 55 47
30 57 27
30 59 48
31 0 41
31 1 27
31 4 54
31 5 58
31 8 29
31 9 33
31 11 48
31 12 2
31 13 20
31 14 13
31 15 25
31 16 3
31 17 14
31 18 0
31 19 23
31 20 55
31 21 21
31 22 42
31 23 34
31 25 49
31 26 47
31 28 11
31 29 26
31 30 35
31 31 37
31 33 18
31 35 19
31 36 4
31 37 44
31 38 6
31 39 15
31 40 31
31 42 1
31 43 38
31 46 32
31 47 45
31 49 12
31 50 10
31 51 51
31 52 43
31 53 17
31 56 8
31 57 57
31 58 52
31 59 9
32 0 23
32 1 57
32 2 43
32 4 13
32 5 16
32 7 37
32 8 6
32 9 1
32 10 14
32 11 7
32 12 35
32 13 21
32 14 47
32 15 36
32 16 44
32 17 0
32 18 17
32 21 52
32 22 49
32 23 51
32 27 25
32 28 31
32 30 2
32 31 58
32 32 39
32 33 19
32 34 9
32 36 22
32 37 42
32 38 45
32 39 33
32 40 50
32 42 30
32 43 10
32 44 54
32 45 41
32 46 8
32 47 3
32 48 5
32 49 32
32 52 20
32 53 24
32 54 28
32 55 56
32 56 38
32 57 40
32 58 27
32 59 12
33 0 14
33 1 40
33 3 34
33 6 59
33 8 2
33 9 35
33 11 25
33 12 13
33 13 31
33 14 5
33 15 48
33 16 41
33 17 50
33 19 4
33 20 54
33 21 22
33 22 30
33 23 16
33 24 36
33 25 7
33 26 24
33 27 43
33 28 19
33 29 38
33 30 33
33 31 20
33 32 1
33 33 52
33 34 27
33 35 57
33 37 51
33 38 28
33 39 53
33 40 47
33 42 10
33 45 17
33 46 37
33 47 21
33 48 23
33 50 12
33 52 15
33 53 56
33 54 58
33 55 42
33 56 26
33 57 18
33 58 45
33 59 8
34 0 30
34 1 6
34 2 26
34 3 37
34 4 12
34 5 17
34 6 9
34 8 20
34 9 5
34 10 28
34 14 52
34 15 22
34 16 40
34 17 46
34 20 10
34 21 25
34 22 34
34 23 27
34 24 32
34 25 43
34 26 51
34 28 23
34 29 47
34 30 31
34 31 11
34 32 57
34 33 24
34 35 7
34 36 48
34 37 58
34 38 14
34 39 59
34 40 53
34 41 56
34 43 39
34 44 1
34 45 36
34 47 18
34 48 16
34 50 55
34 51 45
34 52 8
34 53 41
34 54 2
34 55 54
34 56 50
34 57 33
34 58 3
34 59 29
35 0 50
35 1 45
35 2 32
35 3 5
35 5 36
35 7 33
35 8 40
35 10 10
35 11 23
35 12 31
35 13 16
35 14 19
35 15 30
35 16 1
35 17 51
35 18 48
35 19 27
35 20 38
35 21 0
35 22 44
35 25 53
35 26 25
35 27 6
35 28 8
35 30 20
35 33 34
35 34 39
35 35 58
35 36 11
35 37 49
35 38 57
35 39 7
35 41 41
35 42 18
35 43 13
35 45 56
35 46 52
35 47 59
35 48 17
35 49 14
35 50 21
35 51 4
35 52 12
35 54 43
35 55 29
35 56 47
35 57 26
35 58 28
35 59 55
36 0 13
36 1 33
36 2 37
36 3 12
36 4 51
36 5 18
36 7 34
36 8 27
36 9 29
36 10 15
36 11 47
36 12 7
36 13 39
36 14 0
36 16 57
36 17 10
36 18 58
36 19 14
36 20 26
36 23 22
36 24 17
36 25 46
36 28 6
36 29 8
36 31 25
36 32 20
36 33 43
36 34 24
36 35 31
36 37 4
36 38 9
36 39 52
36 40 11
36 42 45
36 43 56
36 44 16
36 45 32
36 46 2
36 47 49
36 50 50
36 52 5
36 53 54
36 54 36
36 55 40
36 56 28
36 57 38
36 59 35
37 0 44
37 2 41
37 4 0
37 5 28
37 6 37
37 7 54
37 8 58
37 11 15
37 12 34
37 13 49
37 14 16
37 15 7
37 16 30
37 17 8
37 18 51
37 19 19
37 21 48
37 22 52
37 24 21
37 25 6
37 26 17
37 28 5
37 29 45
37 30 11
37 33 59
37 35 14
37 36 55
37 37 13
37 38 23
37 39 9
37 40 20
37 41 50
37 42 56
37 43 4
37 45 33
37 46 31
37 48 2
37 51 10
37 52 40
37 54 46
37 55 32
37 56 3
37 57 12
37 58 22
37 59 24
38 0 57
38 1 30
38 2 25
38 3 1
38 4 58
38 6 10
38 8 24
38 9 49
38 10 19
38 11 8
38 12 32
38 14 14
38 15 34
38 16 47
38 17 59
38 18 29
38 19 40
38 20 15
38 21 37
38 22 51
38 23 45
38 24 54
38 25 31
38 26 41
38 28 36
38 29 4
38 30 27
38 31 55
38 33 21
38 35 39
38 36 44
38 37 9
38 38 35
38 39 38
38 40 52
38 42 3
38 43 11
38 44 42
38 45 18
38 46 13
38 47 53
38 49 0
38 51 17
38 52 23
38 53 43
38 54 16
38 55 48
38 56 2
38 57 6
38 58 56
38 59 50
39 0 51
39 1 53
39 2 3
39 3 40
39 4 27
39 5 24
39 6 16
39 7 31
39 8 38
39 9 23
39 11 21
39 12 55
39 13 10
39 14 33
39 15 18
39 16 59
39 17 9
39 18 56
39 19 39
39 20 44
39 21 14
39 23 46
39 24 12
39 25 20
39 27 17
39 28 2
39 29 50
39 30 30
39 31 26
39 32 5
39 33 29
39 34 32
39 36 57
39 37 47
39 38 15
39 39 8
39 40 54
39 41 37
39 42 36
39 43 49
39 44 48
39 45 1
39 46 19
39 49 28
39 50 25
39 53 4
39 55 11
39 56 22
39 58 13
39 59 45
40 1 48
40 2 58
40 4 47
40 5 21
40 7 44
40 8 14
40 9 41
40 10 36
40 11 55
40 12 6
40 13 9
40 14 59
40 15 38
40 16 50
40 18 46
40 19 10
40 20 32
40 21 31
40 22 43
40 23 18
40 24 25
40 25 51
40 26 56
40 27 45
40 31 1
40 32 54
40 33 5
40 34 11
40 36 30
40 38 27
40 41 52
40 44 39
40 45 2
40 46 3
40 47 33
40 48 13
40 51 26
40 52 22
40 53 57
40 54 53
40 56 12
40 59 16
41 1 11
41 4 43
41 5 31
41 6 42
41 8 35
41 9 20
41 10 7
41 11 4
41 12 8
41 13 55
41 14 18
41 16 34
41 17 53
41 18 13
41 19 51
41 20 33
41 21 24
41 23 32
41 25 44
41 27 14
41 29 49
41 30 19
41 32 6
41 36 2
41 37 57
41 38 5
41 42 37
41 43 50
41 44 41
41 45 46
41 48 45
41 49 52
41 50 22
41 51 40
41 52 1
41 53 59
41 54 39
41 55 30
41 56 29
41 57 25
41 58 15
41 59 26
42 0 46
42 1 25
42 2 42
42 3 3
42 4 16
42 5 52
42 8 10
42 9 12
42 10 32
42 11 24
42 13 45
42 14 31
42 16 4
42 17 33
42 18 26
42 19 28
42 20 39
42 21 2
42 22 5
42 23 40
42 24 58
42 26 57
42 27 18
42 29 11
42 30 29
42 31 14
42 32 44
42 33 22
42 34 21
42 35 8
42 37 30
42 38 37
42 40 27
42 42 34
42 43 48
42 45 9
42 46 41
42 47 54
42 48 36
42 49 19
42 50 38
42 51 53
42 52 50
42 53 0
42 54 13
42 55 59
42 56 7
42 57 49
42 59 51
43 1 50
43 2 5
43 3 45
43 4 31
43 5 26
43 6 49
43 7 57
43 8 25
43 9 8
43 11 11
43 13 41
43 14 38
43 17 52
43 18 28
43 20 13
43 21 58
43 22 4
43 23 59
43 24 33
43 26 40
43 27 36
43 28 43
43 29 42
43 30 39
43 31 12
43 32 9
43 33 27
43 34 23
43 35 56
43 36 6
43 37 0
43 38 48
43 39 51
43 41 21
43 43 2
43 44 15
43 45 34
43 46 54
43 49 29
43 50 19
43 51 18
43 52 47
43 55 35
43 56 30
43 57 44
43 58 1
44 0 54
44 1 35
44 2 49
44 3 16
44 6 57
44 7 39
44 10 13
44 11 58
44 12 51
44 13 17
44 14 26
44 15 4
44 16 42
44 17 18
44 18 15
44 19 53
44 20 5
44 21 9
44 23 12
44 25 22
44 26 0
44 27 28
44 30 10
44 31 52
44 32 36
44 33 11
44 34 33
44 37 19
44 39 20
44 40 34
44 41 40
44 42 8
44 43 46
44 44 6
44 45 43
44 46 56
44 47 2
44 49 24
44 50 45
44 52 3
44 53 32
44 54 38
44 56 14
44 57 1
44 58 37
44 59 23
45 0 21
45 1 34
45 2 46
45 3 44
45 4 48
45 5 55
45 6 32
45 8 59
45 9 24
45 10 12
45 11 0
45 12 18
45 13 40
45 15 49
45 16 8
45 17 7
45 18 47
45 19 25
45 21 19
45 22 17
45 23 6
45 24 39
45 25 9
45 26 43
45 27 58
45 28 27
45 30 50
45 31 53
45 32 42
45 33 23
45 34 56
45 35 1
45 36 37
45 37 45
45 38 38
45 40 3
45 41 22
45 42 33
45 43 5
45 44 4
45 45 10
45 46 35
45 47 20
45 48 54
45 49 36
45 52 41
45 53 26
45 55 13
45 56 16
45 57 15
45 58 29
45 59 52
46 0 48
46 1 55
46 2 6
46 3 27
46 5 7
46 6 40
46 8 1
46 9 16
46 12 9
46 13 58
46 14 36
46 15 14
46 16 49
46 18 39
46 19 15
46 20 57
46 21 51
46 23 56
46 24 31
46 25 4
46 26 28
46 27 8
46 28 45
46 30 37
46 31 0
46 32 11
46 34 5
46 36 26
46 37 18
46 38 29
46 40 24
46 41 59
46 42 52
46 43 17
46 44 19
46 45 20
46 46 43
46 47 47
46 48 44
46 49 25
46 50 32
46 51 3
46 52 38
46 53 2
46 54 33
46 55 50
46 56 54
46 57 21
46 58 41
46 59 22
47 0 59
47 1 26
47 2 45
47 3 41
47 4 17
47 5 34
47 6 14
47 8 8
47 10 1
47 11 51
47 13 38
47 14 9
47 15 40
47 16 18
47 17 27
47 18 3
47 19 58
47 20 37
47 21 10
47 22 0
47 23 49
47 24 50
47 26 52
47 27 15
47 31 5
47 32 30
47 34 28
47 36 23
47 37 16
47 38 32
47 39 36
47 40 48
47 41 25
47 42 21
47 43 7
47 44 53
47 45 31
47 46 22
47 47 4
47 48 29
47 49 57
47 50 46
47 51 11
47 55 20
47 56 39
47 58 19
47 59 44
48 1 49
48 2 48
48 3 30
48 4 24
48 5 19
48 6 8
48 8 47
48 9 9
48 10 59
48 12 41
48 14 25
48 16 35
48 17 32
48 19 7
48 20 0
48 22 28
48 23 52
48 24 43
48 25 11
48 28 16
48 29 39
48 30 12
48 31 34
48 32 10
48 33 44
48 34 20
48 35 51
48 36 40
48 37 5
48 38 42
48 39 17
48 40 58
48 42 14
48 43 37
48 46 23
48 47 36
48 49 3
48 50 6
48 51 21
48 52 33
48 53 38
48 54 31
48 55 22
48 56 46
48 57 53
48 58 55
48 59 2
49 2 23
49 4 37
49 5 41
49 6 28
49 7 15
49 8 49
49 9 4
49 10 20
49 11 43
49 12 33
49 13 14
49 14 39
49 15 3
49 16 56
49 17 11
49 18 25
49 20 30
49 21 16
49 22 38
49 23 21
49 24 52
49 25 2
49 26 6
49 28 32
49 30 0
49 32 26
49 33 35
49 34 13
49 35 44
49 36 24
49 38 31
49 39 48
49 40 17
49 42 57
49 43 36
49 45 42
49 46 12
49 47 7
49 48 40
49 49 54
49 50 59
49 52 10
49 53 5
49 54 47
49 55 46
49 56 45
49 58 18
49 59 27
50 0 56
50 2 14
50 4 29
50 5 15
50 6 7
50 7 40
50 8 5
50 9 51
50 10 45
50 11 16
50 12 3
50 13 28
50 15 17
50 16 10
50 17 12
50 18 32
50 19 34
50 20 19
50 21 55
50 23 20
50 24 27
50 28 39
50 29 13
50 30 52
50 31 2
50 32 49
50 33 1
50 36 38
50 37 43
50 39 41
50 40 35
50 41 46
50 43 0
50 45 47
50 48 8
50 49 50
50 50 23
50 51 36
50 52 11
50 54 25
50 55 58
50 56 42
50 57 54
50 58 57
50 59 21
51 0 47
51 1 7
51 2 52
51 3 2
51 6 13
51 8 50
51 9 21
51 11 56
51 12 45
51 13 27
51 15 58
51 16 54
51 17 29
51 18 34
51 19 42
51 20 6
51 21 36
51 22 26
51 23 48
51 24 11
51 25 55
51 26 19
51 27 35
51 28 46
51 29 28
51 30 43
51 31 18
51 32 15
51 33 16
51 34 17
51 35 9
51 36 12
51 37 10
51 38 20
51 40 4
51 42 39
51 44 5
51 45 8
51 46 38
51 47 1
51 48 33
51 49 40
51 50 14
51 51 41
51 53 31
51 54 32
51 55 3
51 56 57
51 57 59
51 59 37
52 1 28
52 2 16
52 3 19
52 4 36
52 5 22
52 6 41
52 8 31
52 9 37
52 10 6
52 11 52
52 12 10
52 13 12
52 14 23
52 15 9
52 16 55
52 17 1
52 19 21
52 20 50
52 21 27
52 22 48
52 23 15
52 24 34
52 25 59
52 26 20
52 27 49
52 28 0
52 29 18
52 30 24
52 31 4
52 32 58
52 33 45
52 35 11
52 36 5
52 39 13
52 40 46
52 41 42
52 42 25
52 43 51
52 45 57
52 46 29
52 48 32
52 50 56
52 51 8
52 52 30
52 53 53
52 54 40
52 56 43
52 57 2
52 58 54
52 59 47
53 0 40
53 2 18
53 4 57
53 5 38
53 6 31
53 7 52
53 8 56
53 9 47
53 10 27
53 11 9
53 12 39
53 13 13
53 14 17
53 15 51
53 16 20
53 17 3
53 18 37
53 19 8
53 20 48
53 21 30
53 22 14
53 23 26
53 25 32
53 26 53
53 28 25
53 32 35
53 35 12
53 36 15
53 37 7
53 38 59
53 39 50
53 40 2
53 42 58
53 43 1
53 44 45
53 45 44
53 46 34
53 47 6
53 48 55
53 50 41
53 51 33
53 53 19
53 54 54
53 55 10
53 56 36
53 57 11
53 58 5
53 59 28
54 0 12
54 2 8
54 3 29
54 4 5
54 5 37
54 7 36
54 9 27
54 11 33
54 12 28
54 13 23
54 14 22
54 15 26
54 16 0
54 18 53
54 19 59
54 20 45
54 21 49
54 22 3
54 23 17
54 24 24
54 25 1
54 26 44
54 27 40
54 28 48
54 29 51
54 31 31
54 34 18
54 35 43
54 36 52
54 37 25
54 40 16
54 41 47
54 42 42
54 43 58
54 44 34
54 45 14
54 46 9
54 47 50
54 48 46
54 49 11
54 51 56
54 52 6
54 54 15
54 55 38
54 56 10
54 57 7
54 58 20
55 0 24
55 1 36
55 3 6
55 4 46
55 5 20
55 6 11
55 7 18
55 8 30
55 9 26
55 11 32
55 12 0
55 14 48
55 15 27
55 16 58
55 17 28
55 18 55
55 19 33
55 20 12
55 21 42
55 22 45
55 24 9
55 25 34
55 26 21
55 27 2
55 29 35
55 30 53
55 31 3
55 32 38
55 33 41
55 34 14
55 35 5
55 36 39
55 37 56
55 39 54
55 40 1
55 41 43
55 42 31
55 43 59
55 44 37
55 45 22
55 46 17
55 48 47
55 49 51
55 50 16
55 53 40
55 54 7
55 55 57
55 56 15
55 58 8
56 0 43
56 1 37
56 2 31
56 3 10
56 4 53
56 5 44
56 6 39
56 9 52
56 10 33
56 11 27
56 13 48
56 15 50
56 17 34
56 18 54
56 23 5
56 24 38
56 25 42
56 28 18
56 30 47
56 31 29
56 34 15
56 35 35
56 36 56
56 37 59
56 39 19
56 40 9
56 41 30
56 42 55
56 44 0
56 46 45
56 48 1
56 50 58
56 51 25
56 54 41
56 55 24
56 56 17
56 57 28
56 58 51
56 59 36
57 0 25
57 1 13
57 2 56
57 3 14
57 4 11
57 5 23
57 6 52
57 7 59
57 8 18
57 9 44
57 10 31
57 11 28
57 12 29
57 13 0
57 14 6
57 15 32
57 16 46
57 17 39
57 18 16
57 20 17
57 21 47
57 22 53
57 23 55
57 24 51
57 25 58
57 26 49
57 27 42
57 28 10
57 30 5
57 31 54
57 32 33
57 33 30
57 34 4
57 36 34
57 37 41
57 41 57
57 42 9
57 43 35
57 44 12
57 45 50
57 47 22
57 48 7
57 49 27
57 51 2
57 52 19
57 53 20
57 54 1
57 55 8
57 57 37
57 58 36
57 59 38
58 0 39
58 2 12
58 3 31
58 4 33
58 5 5
58 8 9
58 9 50
58 10 55
58 11 20
58 12 46
58 14 28
58 15 19
58 16 45
58 17 43
58 18 22
58 19 37
58 20 7
58 21 23
58 22 25
58 23 36
58 24 49
58 25 38
58 28 24
58 29 15
58 30 58
58 31 47
58 33 17
58 34 53
58 35 2
58 39 26
58 40 0
58 41 32
58 42 27
58 44 40
58 45 6
58 46 48
58 47 29
58 48 11
58 49 30
58 50 44
58 51 57
58 53 51
58 54 42
58 55 4
58 56 13
58 57 41
58 59 1
59 0 34
59 1 24
59 2 17
59 3 55
59 4 40
59 5 30
59 6 18
59 7 58
59 9 14
59 10 22
59 11 59
59 12 37
59 13 51
59 14 57
59 16 11
59 17 19
59 18 4
59 19 49
59 20 41
59 21 29
59 22 16
59 23 1
59 26 38
59 27 52
59 28 53
59 29 32
59 30 7
59 32 13
59 33 28
59 34 25
59 35 46
59 36 9
59 37 12
59 38 36
59 39 31
59 40 44
59 41 15
59 42 47
59 43 27
59 44 20
59 45 3
59 46 10
59 47 26
59 49 39
59 50 2
59 51 23
59 53 35
59 55 43
59 56 0
59 57 5
59 59 42
