70
0 3 43
0 8 64
0 11 40
0 15 53
0 17 4
0 21 21
0 22 36
0 24 69
0 28 6
0 29 48
0 32 28
0 34 34
0 38 30
0 40 9
0 44 39
0 47 32
0 51 10
0 52 37
0 53 62
0 54 1
0 60 65
0 65 22
0 67 19
1 0 9
1 2 30
1 6 18
1 12 15
1 13 49
1 14 48
1 15 57
1 16 43
1 17 52
1 20 0
1 23 20
1 24 55
1 26 21
1 28 39
1 30 59
1 34 31
1 36 69
1 37 32
1 41 40
1 43 54
1 44 51
1 45 3
1 46 53
1 50 14
1 51 67
1 53 37
1 55 36
1 56 5
1 60 60
1 61 35
1 67 13
2 0 4
2 1 3
2 2 31
2 4 52
2 7 26
2 12 47
2 16 32
2 26 62
2 31 48
2 34 15
2 39 43
2 41 1
2 42 8
2 44 12
2 49 11
2 54 67
2 57 50
2 62 24
2 65 63
2 66 57
2 67 9
3 0 31
3 1 47
3 2 50
3 4 0
3 5 62
3 7 58
3 9 46
3 15 33
3 17 38
3 26 20
3 27 15
3 49 22
3 51 21
3 56 48
3 61 54
3 67 56
4 4 16
4 5 31
4 9 36
4 12 42
4 14 67
4 20 68
4 23 59
4 24 35
4 25 39
4 28 26
4 29 43
4 30 49
4 32 40
4 33 18
4 35 21
4 36 47
4 37 24
4 40 53
4 41 10
4 42 61
4 50 19
4 51 11
4 52 33
4 55 25
4 63 1
4 65 32
4 66 65
5 7 42
5 9 50
5 12 20
5 17 51
5 20 21
5 24 4
5 29 64
5 39 66
5 40 31
5 41 43
5 42 69
5 43 36
5 47 38
5 52 34
5 57 48
5 61 27
5 64 55
5 66 18
6 3 47
6 6 52
6 14 69
6 17 20
6 21 54
6 26 38
6 28 29
6 30 23
6 35 14
6 43 37
6 44 25
6 50 5
6 51 39
6 52 0
6 62 36
6 63 9
7 11 4
7 14 40
7 19 46
7 20 59
7 23 54
7 25 34
7 26 49
7 29 65
7 30 33
7 31 68
7 32 27
7 36 51
7 41 36
7 43 21
7 53 41
7 54 11
7 55 42
7 56 6
7 58 57
7 59 64
7 60 9
7 63 43
7 64 28
8 0 35
8 6 28
8 13 69
8 15 60
8 16 52
8 28 34
8 31 9
8 34 12
8 39 29
8 40 55
8 44 62
8 47 36
8 49 57
8 57 0
8 63 47
8 67 5
8 68 27
9 2 37
9 7 59
9 8 33
9 9 3
9 13 36
9 18 32
9 19 7
9 21 20
9 26 69
9 28 56
9 30 24
9 33 6
9 34 19
9 35 22
9 36 68
9 41 60
9 42 46
9 45 43
9 46 57
9 47 51
9 50 18
9 56 45
9 60 2
9 64 27
9 66 8
10 3 68
10 11 42
10 28 15
10 29 2
10 31 16
10 36 19
10 38 33
10 39 60
10 46 25
10 53 43
10 54 12
10 55 64
10 58 67
10 59 35
10 66 21
11 12 64
11 13 30
11 14 43
11 16 55
11 18 66
11 29 62
11 32 14
11 35 7
11 38 51
11 42 2
11 45 48
11 49 6
11 52 44
11 55 27
11 58 18
11 64 58
11 69 69
12 1 65
12 2 21
12 3 16
12 4 59
12 6 46
12 14 61
12 23 62
12 26 7
12 29 42
12 33 48
12 43 34
12 45 32
12 46 26
12 48 3
12 52 63
12 53 67
12 57 24
12 59 2
12 60 44
12 61 9
12 64 49
12 66 40
13 2 43
13 6 16
13 7 49
13 9 56
13 18 6
13 23 1
13 25 28
13 31 36
13 34 5
13 38 0
13 54 40
13 55 57
13 56 69
13 59 26
13 65 66
13 66 46
14 0 40
14 4 28
14 5 9
14 7 11
14 8 1
14 12 38
14 13 23
14 19 42
14 24 60
14 30 0
14 34 59
14 39 19
14 40 22
14 43 32
14 46 64
14 50 55
14 53 7
14 55 62
14 64 5
14 65 13
14 66 3
14 67 65
14 68 63
15 1 15
15 2 4
15 3 20
15 8 39
15 11 8
15 16 61
15 17 9
15 20 38
15 21 48
15 26 57
15 27 2
15 33 25
15 36 32
15 41 65
15 45 63
15 46 1
15 48 68
15 53 34
15 56 51
15 58 54
15 61 50
15 64 37
15 69 10
16 6 56
16 9 62
16 10 7
16 12 27
16 16 0
16 18 31
16 27 21
16 29 4
16 33 68
16 42 23
16 43 69
16 45 6
16 46 2
16 48 49
16 54 18
16 55 50
16 60 17
16 64 26
16 69 55
17 0 15
17 11 45
17 14 66
17 15 16
17 21 14
17 25 25
17 32 64
17 33 49
17 34 44
17 38 53
17 41 6
17 42 67
17 44 42
17 47 40
17 50 34
17 53 32
17 55 47
17 59 23
17 66 48
17 67 18
17 68 21
17 69 27
18 0 28
18 3 30
18 15 40
18 19 17
18 21 3
18 22 57
18 23 58
18 25 29
18 27 34
18 29 44
18 31 8
18 37 5
18 39 45
18 41 49
18 42 22
18 45 53
18 46 63
18 50 6
18 56 52
18 57 10
18 62 4
18 64 69
18 66 67
18 67 27
19 1 5
19 2 3
19 3 64
19 5 29
19 6 7
19 11 11
19 13 50
19 16 38
19 17 45
19 19 15
19 24 54
19 28 14
19 33 44
19 38 66
19 44 69
19 49 59
19 50 16
19 51 61
19 52 43
19 57 67
19 63 65
19 64 56
19 66 13
20 0 34
20 3 56
20 7 38
20 10 24
20 12 44
20 13 31
20 14 54
20 18 9
20 30 7
20 33 28
20 38 17
20 45 2
20 46 0
20 48 6
20 52 8
20 53 58
20 58 10
20 63 16
20 66 19
21 1 64
21 2 7
21 4 58
21 6 66
21 7 46
21 8 6
21 11 10
21 16 45
21 18 16
21 22 14
21 23 22
21 24 40
21 29 28
21 32 0
21 33 55
21 42 47
21 43 43
21 44 21
21 46 38
21 48 67
21 49 41
21 55 12
21 58 19
21 61 57
21 64 31
21 65 49
21 66 54
21 67 39
21 69 56
22 0 64
22 1 6
22 5 47
22 7 10
22 14 5
22 21 39
22 22 23
22 25 14
22 29 54
22 32 17
22 36 61
22 38 28
22 44 43
22 47 52
22 54 31
22 55 48
22 58 58
22 59 12
22 60 30
22 61 0
22 64 60
23 0 68
23 5 3
23 9 41
23 11 46
23 14 64
23 15 51
23 16 58
23 18 49
23 19 57
23 22 38
23 25 2
23 26 5
23 28 61
23 30 53
23 31 35
23 36 55
23 52 19
23 64 20
23 66 30
23 67 62
24 0 60
24 5 17
24 8 54
24 11 50
24 19 26
24 22 42
24 25 37
24 27 31
24 28 2
24 29 63
24 32 39
24 33 46
24 35 52
24 36 62
24 40 36
24 41 34
24 46 20
24 48 25
24 55 9
24 58 66
24 65 69
24 67 32
24 68 55
25 0 32
25 1 59
25 3 40
25 13 21
25 14 30
25 15 41
25 17 24
25 22 43
25 23 45
25 24 37
25 25 3
25 26 0
25 29 36
25 30 29
25 33 10
25 34 51
25 35 56
25 37 16
25 39 14
25 41 61
25 42 49
25 46 11
25 49 20
25 50 64
25 51 69
25 58 44
25 59 1
25 60 66
25 62 62
25 65 39
26 1 38
26 5 65
26 6 23
26 7 53
26 8 27
26 27 4
26 32 44
26 34 54
26 37 61
26 45 31
26 47 45
26 50 69
26 52 39
26 55 60
26 56 63
26 63 19
26 69 14
27 0 13
27 2 58
27 11 67
27 12 53
27 13 40
27 16 7
27 18 22
27 20 23
27 23 55
27 24 59
27 26 46
27 28 43
27 30 57
27 36 42
27 37 25
27 41 50
27 45 8
27 63 37
27 65 2
27 67 34
27 68 44
28 3 62
28 8 17
28 9 43
28 11 65
28 13 34
28 15 28
28 18 59
28 22 63
28 25 27
28 26 58
28 27 39
28 29 40
28 35 61
28 37 64
28 42 15
28 45 66
28 50 44
28 53 23
28 55 51
28 56 35
28 57 37
28 65 19
29 7 28
29 15 42
29 16 18
29 17 29
29 19 33
29 20 58
29 23 66
29 26 1
29 28 19
29 29 46
29 34 50
29 41 8
29 42 55
29 44 54
29 45 11
29 56 62
29 64 45
29 67 3
29 69 60
30 2 25
30 4 48
30 6 3
30 8 31
30 11 55
30 14 27
30 20 15
30 23 14
30 24 18
30 26 61
30 28 24
30 32 67
30 33 13
30 35 5
30 38 29
30 40 66
30 41 9
30 46 4
30 49 37
30 51 6
30 52 53
30 53 2
30 57 64
30 58 45
30 59 47
30 61 10
31 0 3
31 2 39
31 4 41
31 7 9
31 9 49
31 11 57
31 12 60
31 13 24
31 16 11
31 23 33
31 25 56
31 28 17
31 35 65
31 38 18
31 40 21
31 42 12
31 47 7
31 57 2
31 66 59
32 2 52
32 4 5
32 14 34
32 21 46
32 22 41
32 25 53
32 28 42
32 30 1
32 31 29
32 35 62
32 38 14
32 39 10
32 40 58
32 42 43
32 43 17
32 47 21
32 49 64
32 52 36
32 56 56
32 57 15
32 59 63
32 61 3
32 66 23
33 0 38
33 4 66
33 8 26
33 12 31
33 14 59
33 20 6
33 21 63
33 23 56
33 25 7
33 27 8
33 30 60
33 31 22
33 33 52
33 35 0
33 36 9
33 37 43
33 41 15
33 42 11
33 45 33
33 47 3
33 57 62
33 60 28
33 64 65
33 66 49
33 69 35
34 0 62
34 4 56
34 7 45
34 8 29
34 20 25
34 21 34
34 22 58
34 24 41
34 28 38
34 32 30
34 33 61
34 35 39
34 37 35
34 39 42
34 41 27
34 46 18
34 49 67
34 51 31
34 55 22
34 57 5
34 59 59
34 61 23
34 62 60
34 65 21
34 68 68
35 2 6
35 4 46
35 5 43
35 9 1
35 10 13
35 12 23
35 23 60
35 25 52
35 26 22
35 27 37
35 29 14
35 30 38
35 32 35
35 34 49
35 42 0
35 44 34
35 50 20
35 51 66
35 59 21
35 61 36
35 62 55
36 3 24
36 5 44
36 10 20
36 13 65
36 15 3
36 21 12
36 22 26
36 23 30
36 28 50
36 34 6
36 37 45
36 41 54
36 43 22
36 47 46
36 48 56
36 52 42
36 56 13
36 64 57
36 66 58
36 67 23
37 0 67
37 1 66
37 3 44
37 4 43
37 5 57
37 9 11
37 12 62
37 13 0
37 17 15
37 18 47
37 23 42
37 26 68
37 30 22
37 39 34
37 40 1
37 42 39
37 47 20
37 49 16
37 54 24
37 55 63
37 58 60
37 59 48
37 61 13
37 62 69
37 65 31
37 66 32
37 68 41
38 1 33
38 3 63
38 9 59
38 12 56
38 20 1
38 21 62
38 23 9
38 26 4
38 28 51
38 29 41
38 30 3
38 31 10
38 33 12
38 34 21
38 35 11
38 36 44
38 38 45
38 39 13
38 40 60
38 43 8
38 49 19
38 50 22
38 51 48
38 54 0
38 60 29
38 66 36
38 67 30
39 4 13
39 5 25
39 10 49
39 12 69
39 13 35
39 15 63
39 18 14
39 20 39
39 21 41
39 26 47
39 29 0
39 34 67
39 35 64
39 38 32
39 47 59
39 48 36
39 50 53
39 56 26
39 61 60
39 66 50
40 0 16
40 2 56
40 11 39
40 13 54
40 16 67
40 18 36
40 21 9
40 27 61
40 30 41
40 33 51
40 37 21
40 41 31
40 42 65
40 43 5
40 44 18
40 48 64
40 51 7
40 55 68
40 56 25
40 59 17
40 62 12
40 66 52
40 67 37
41 10 63
41 14 12
41 17 61
41 22 47
41 23 8
41 27 60
41 28 52
41 31 41
41 34 42
41 40 44
41 47 54
41 52 66
41 58 16
41 59 53
41 62 2
41 66 9
42 3 1
42 4 34
42 9 44
42 12 51
42 16 9
42 20 49
42 21 4
42 24 46
42 26 48
42 27 53
42 31 26
42 43 25
42 46 42
42 47 60
42 50 56
42 51 50
42 57 18
42 60 36
42 61 28
42 62 32
42 63 40
42 66 2
42 68 5
43 0 23
43 1 46
43 2 18
43 5 39
43 12 34
43 16 50
43 17 67
43 20 26
43 22 54
43 24 44
43 32 41
43 33 33
43 46 52
43 47 17
43 50 1
43 52 56
43 53 29
43 56 4
43 66 5
43 68 66
44 5 27
44 8 15
44 10 30
44 14 22
44 15 7
44 19 12
44 24 9
44 29 39
44 31 64
44 36 18
44 38 46
44 48 29
44 50 63
44 51 24
44 54 2
44 57 14
44 58 50
45 6 31
45 8 67
45 9 10
45 13 29
45 26 40
45 27 68
45 31 17
45 36 6
45 41 18
45 45 26
45 53 28
45 54 39
45 59 57
45 62 19
46 0 6
46 1 58
46 2 57
46 3 33
46 4 61
46 10 21
46 11 5
46 17 53
46 21 44
46 23 31
46 29 35
46 30 62
46 38 42
46 42 63
46 46 67
46 53 27
46 54 19
46 55 55
46 57 20
46 58 40
46 61 22
46 62 18
46 66 28
46 68 2
46 69 65
47 0 52
47 6 53
47 7 24
47 8 0
47 10 39
47 12 21
47 20 12
47 21 49
47 22 31
47 23 63
47 25 50
47 26 59
47 27 54
47 28 37
47 29 58
47 31 33
47 33 26
47 34 45
47 35 47
47 40 17
47 42 25
47 50 13
47 53 65
47 56 34
47 60 10
47 61 62
47 66 7
48 0 42
48 2 49
48 3 35
48 4 19
48 7 52
48 9 24
48 21 26
48 30 8
48 39 3
48 44 44
48 45 57
48 50 48
48 52 27
48 55 2
48 68 9
49 1 51
49 2 16
49 3 9
49 6 25
49 15 35
49 16 8
49 17 46
49 23 68
49 24 24
49 37 49
49 39 7
49 45 19
49 58 63
49 60 34
49 63 27
49 65 55
49 67 6
49 68 23
50 1 63
50 4 39
50 13 56
50 14 15
50 16 42
50 23 18
50 27 30
50 30 34
50 36 35
50 39 16
50 48 59
50 51 33
50 54 28
50 59 4
50 64 36
50 66 60
50 67 47
51 3 52
51 5 55
51 6 35
51 7 25
51 9 16
51 10 65
51 15 12
51 16 37
51 18 46
51 29 34
51 30 28
51 43 15
51 52 6
51 54 68
51 55 26
51 56 53
51 62 54
52 1 43
52 3 51
52 4 50
52 8 4
52 15 54
52 18 64
52 20 32
52 25 0
52 27 17
52 29 31
52 32 68
52 35 28
52 37 10
52 39 26
52 47 33
52 50 46
52 51 36
52 54 6
52 55 34
52 59 41
52 63 5
52 66 38
52 67 49
53 12 63
53 13 25
53 16 54
53 19 21
53 20 29
53 21 35
53 22 53
53 29 68
53 30 52
53 31 65
53 36 49
53 39 48
53 42 13
53 43 3
53 48 60
53 50 42
53 54 4
53 57 43
53 59 10
53 61 15
53 62 30
53 64 66
53 65 38
54 0 66
54 1 8
54 2 59
54 5 50
54 7 22
54 8 13
54 13 3
54 15 6
54 18 56
54 34 25
54 37 31
54 43 48
54 49 43
54 50 27
54 56 54
54 59 34
54 61 41
54 69 11
55 0 46
55 11 20
55 16 63
55 17 17
55 18 0
55 20 24
55 22 34
55 26 14
55 28 54
55 36 36
55 38 35
55 44 60
55 45 7
55 58 51
55 61 16
55 64 23
55 65 57
56 0 22
56 1 40
56 2 48
56 8 36
56 10 12
56 12 65
56 18 35
56 19 1
56 21 52
56 24 42
56 26 23
56 31 28
56 34 63
56 39 41
56 48 26
56 55 11
56 57 60
56 58 55
56 61 17
56 62 8
56 63 14
56 66 24
56 67 43
57 0 69
57 1 42
57 2 53
57 6 2
57 7 39
57 8 51
57 9 33
57 11 13
57 16 48
57 17 28
57 18 40
57 21 60
57 23 26
57 28 27
57 30 64
57 36 52
57 38 50
57 44 56
57 49 34
57 50 59
57 58 11
57 59 37
57 60 67
57 61 4
57 62 1
58 0 55
58 3 17
58 8 23
58 9 9
58 10 53
58 11 31
58 12 28
58 18 25
58 19 3
58 24 34
58 27 24
58 30 63
58 42 37
58 50 12
58 52 62
58 56 58
58 57 21
58 61 69
58 65 50
58 68 49
59 5 41
59 14 3
59 15 46
59 19 28
59 20 27
59 24 65
59 28 11
59 36 0
59 37 6
59 42 31
59 44 19
59 45 56
59 47 42
59 52 13
59 58 64
59 61 34
59 64 9
59 67 68
60 7 5
60 12 16
60 13 48
60 14 4
60 15 27
60 18 24
60 21 40
60 24 51
60 29 22
60 37 63
60 40 52
60 41 67
60 50 38
60 56 3
60 62 20
60 66 69
61 0 11
61 5 69
61 9 67
61 12 9
61 14 20
61 19 25
61 21 8
61 24 29
61 34 1
61 35 54
61 38 41
61 40 39
61 41 24
61 43 50
61 54 55
61 55 59
61 58 47
61 65 34
62 8 19
62 12 11
62 24 38
62 30 30
62 32 3
62 34 69
62 36 17
62 41 33
62 46 51
62 48 43
62 51 41
62 52 31
62 53 49
62 54 21
62 55 65
62 59 67
62 61 63
62 66 35
63 1 55
63 7 66
63 9 42
63 10 33
63 15 29
63 17 23
63 22 59
63 23 49
63 31 34
63 32 50
63 37 62
63 38 65
63 40 47
63 46 16
63 50 30
63 52 38
63 54 56
63 55 52
63 56 44
63 57 12
63 69 68
64 8 66
64 10 22
64 14 53
64 21 50
64 29 29
64 30 56
64 33 62
64 34 23
64 36 8
64 37 4
64 45 40
64 47 18
64 50 41
64 54 69
64 56 24
64 61 2
64 64 32
64 65 60
64 69 52
65 2 27
65 8 57
65 9 35
65 11 2
65 12 18
65 14 60
65 19 66
65 20 10
65 21 0
65 24 52
65 27 43
65 29 19
65 30 51
65 31 44
65 32 13
65 35 32
65 40 62
65 44 36
65 51 17
65 67 38
66 2 20
66 4 21
66 6 33
66 9 32
66 12 14
66 14 31
66 22 13
66 25 16
66 28 30
66 29 26
66 30 67
66 33 53
66 34 65
66 35 63
66 40 51
66 41 0
66 48 1
66 49 69
66 53 46
66 56 64
66 61 42
66 67 8
67 0 41
67 1 57
67 8 40
67 10 45
67 13 61
67 14 37
67 15 62
67 27 27
67 32 42
67 33 67
67 34 46
67 39 0
67 44 23
67 45 36
67 47 6
67 49 47
67 56 12
67 58 8
67 64 19
67 67 69
67 69 29
68 2 41
68 3 4
68 4 18
68 5 45
68 7 1
68 13 16
68 16 59
68 17 19
68 20 11
68 23 21
68 26 51
68 28 8
68 29 33
68 36 29
68 43 14
68 53 0
68 55 6
68 57 3
68 59 25
68 65 15
68 67 7
69 2 34
69 3 7
69 6 36
69 7 15
69 10 59
69 18 41
69 19 30
69 27 12
69 30 4
69 34 38
69 35 48
69 37 1
69 41 28
69 42 21
69 43 10
69 44 64
69 45 52
69 48 51
69 53 13
69 62 23
