60
0 2 52
0 3 20
0 5 19
0 13 0
0 19 18
0 20 15
0 23 35
0 27 8
0 29 11
0 33 12
0 35 21
0 39 5
0 41 36
0 45 34
0 46 55
0 49 16
0 53 50
0 54 9
0 55 43
0 57 23
0 58 30
0 59 1
1 3 9
1 16 30
1 18 17
1 20 47
1 22 34
1 30 32
1 31 3
1 35 4
1 37 54
1 39 33
1 49 8
1 51 24
1 53 40
1 55 38
1 56 35
2 2 51
2 4 53
2 10 8
2 15 38
2 19 43
2 21 54
2 27 24
2 28 44
2 30 9
2 32 47
2 33 33
2 40 1
2 42 31
2 43 58
2 45 5
2 46 14
2 49 41
2 51 45
2 52 11
2 56 39
2 58 13
3 2 56
3 3 29
3 7 19
3 12 4
3 13 9
3 14 53
3 16 34
3 18 55
3 21 47
3 23 57
3 29 44
3 34 16
3 36 10
3 37 52
3 38 59
3 42 18
3 43 5
3 45 33
3 46 37
3 48 51
3 49 21
3 55 42
3 56 20
4 1 32
4 9 21
4 10 40
4 12 14
4 13 59
4 17 41
4 22 3
4 26 8
4 28 43
4 29 25
4 33 1
4 38 5
4 46 39
4 55 27
4 56 47
5 0 10
5 2 19
5 3 0
5 5 57
5 9 3
5 18 8
5 19 41
5 23 39
5 26 56
5 27 6
5 29 5
5 30 12
5 32 51
5 36 28
5 44 16
5 47 17
5 51 15
5 59 9
6 0 55
6 1 9
6 9 42
6 10 1
6 12 5
6 21 15
6 26 4
6 27 48
6 29 41
6 30 59
6 34 52
6 35 58
6 36 36
6 37 35
6 43 40
6 48 38
6 50 25
6 57 12
7 0 44
7 3 47
7 5 16
7 6 10
7 10 33
7 11 12
7 14 8
7 15 23
7 18 2
7 19 53
7 20 38
7 24 56
7 33 7
7 34 17
7 35 11
7 38 27
7 39 40
7 44 31
7 47 49
7 49 55
7 51 43
7 53 22
7 55 3
8 0 7
8 2 20
8 5 28
8 6 1
8 8 27
8 12 40
8 14 55
8 20 8
8 22 33
8 23 24
8 26 38
8 28 35
8 32 46
8 33 30
8 37 36
8 38 41
8 41 53
8 45 25
8 50 13
8 53 15
8 54 11
8 59 21
9 1 48
9 10 45
9 19 30
9 22 29
9 24 41
9 29 7
9 32 13
9 34 56
9 35 50
9 44 19
9 46 57
9 48 31
9 49 26
9 56 51
9 58 58
10 1 23
10 4 3
10 6 55
10 11 19
10 12 11
10 13 1
10 20 59
10 24 57
10 25 43
10 27 51
10 35 35
10 36 38
10 38 13
10 39 41
10 40 10
10 41 47
10 42 4
10 43 31
10 44 58
10 49 5
11 2 53
11 7 29
11 8 45
11 13 54
11 14 48
11 16 2
11 31 43
11 32 6
11 33 51
11 38 14
11 40 30
11 42 58
11 44 35
11 45 26
11 46 23
11 49 3
11 50 57
11 54 31
11 55 39
12 0 26
12 4 2
12 13 29
12 16 7
12 18 33
12 20 19
12 21 24
12 22 18
12 25 31
12 29 9
12 40 47
12 44 41
12 45 49
12 46 48
12 48 6
12 53 34
13 4 32
13 5 23
13 9 18
13 11 8
13 12 24
13 16 47
13 19 46
13 20 10
13 22 26
13 26 39
13 35 5
13 39 51
13 43 43
13 44 28
13 50 42
13 53 31
13 57 52
14 1 38
14 6 46
14 7 34
14 10 5
14 11 23
14 12 33
14 17 26
14 18 45
14 19 48
14 23 49
14 24 19
14 26 30
14 33 56
14 34 8
14 36 27
14 52 59
14 55 16
14 57 10
15 2 22
15 3 39
15 10 37
15 16 59
15 23 44
15 24 7
15 36 15
15 42 42
15 44 26
15 47 11
15 57 9
16 7 39
16 10 27
16 12 7
16 13 57
16 15 33
16 18 53
16 19 26
16 20 37
16 21 17
16 23 20
16 25 59
16 32 31
16 33 8
16 34 34
16 35 44
16 40 32
16 43 51
16 46 58
16 48 11
16 50 24
16 57 14
17 0 19
17 2 48
17 8 7
17 11 6
17 18 30
17 20 39
17 25 27
17 30 37
17 31 20
17 38 33
17 39 15
17 43 28
17 46 25
17 49 11
17 53 44
17 55 49
17 58 57
18 6 50
18 9 24
18 10 30
18 12 48
18 16 23
18 17 49
18 19 19
18 22 13
18 23 9
18 24 31
18 25 15
18 26 16
18 28 5
18 31 11
18 32 53
18 33 52
18 39 17
18 41 29
18 42 38
18 43 41
18 46 40
18 48 7
18 49 58
18 51 21
18 56 32
18 59 4
19 0 22
19 1 17
19 5 43
19 7 6
19 14 44
19 16 45
19 19 33
19 26 36
19 28 32
19 29 27
19 30 14
19 31 18
19 32 35
19 33 31
19 36 16
19 42 9
19 47 34
19 49 20
19 56 10
20 2 29
20 5 34
20 6 2
20 7 11
20 8 57
20 13 58
20 15 5
20 19 42
20 20 45
20 22 25
20 23 15
20 24 44
20 28 31
20 29 28
20 30 24
20 32 26
20 38 37
20 40 8
20 51 22
20 52 27
20 56 49
20 57 30
20 59 53
21 0 59
21 5 48
21 10 10
21 11 33
21 13 25
21 15 19
21 25 41
21 39 29
21 43 55
21 45 42
21 46 47
21 53 24
21 56 18
21 57 13
22 0 28
22 1 24
22 9 38
22 10 19
22 15 16
22 18 29
22 19 11
22 21 2
22 27 54
22 28 39
22 39 32
22 44 37
22 45 40
22 46 43
22 50 8
22 52 15
22 53 46
22 54 51
22 55 9
23 0 43
23 2 6
23 7 33
23 8 59
23 16 53
23 17 32
23 18 50
23 19 25
23 20 54
23 21 36
23 24 17
23 27 21
23 32 44
23 35 22
23 39 31
23 42 40
23 43 13
23 46 45
23 48 14
23 53 58
23 59 24
24 0 54
24 4 9
24 5 21
24 9 7
24 12 31
24 23 33
24 27 16
24 30 44
24 33 29
24 38 19
24 39 55
24 40 56
24 42 5
24 43 53
24 56 13
25 0 20
25 1 52
25 2 44
25 4 31
25 8 29
25 10 38
25 12 56
25 14 49
25 17 11
25 18 59
25 19 54
25 21 53
25 23 42
25 24 28
25 30 35
25 33 45
25 37 46
25 44 0
25 45 8
26 1 39
26 2 57
26 5 13
26 7 3
26 10 24
26 11 55
26 15 27
26 20 9
26 21 20
26 25 12
26 26 35
26 32 34
26 36 45
26 37 48
26 41 5
26 42 0
26 45 31
26 55 54
27 7 52
27 8 10
27 13 21
27 20 48
27 23 30
27 29 1
27 31 31
27 32 12
27 37 7
27 39 35
27 41 4
27 44 46
27 55 29
27 59 40
28 3 35
28 4 54
28 5 32
28 9 45
28 11 39
28 14 40
28 15 18
28 19 1
28 21 9
28 23 5
28 24 24
28 25 26
28 26 58
28 27 47
28 31 56
28 40 16
28 46 31
28 50 14
28 54 3
28 55 53
28 56 28
28 57 48
29 7 38
29 13 32
29 14 17
29 20 7
29 23 26
29 28 1
29 32 45
29 33 39
29 34 49
29 37 34
29 41 25
29 42 57
29 43 8
29 46 16
29 49 51
29 50 23
30 0 40
30 4 35
30 5 0
30 7 44
30 14 22
30 15 43
30 21 23
30 30 38
30 31 51
30 32 33
30 38 30
30 40 12
30 45 15
30 46 32
30 50 6
30 51 57
30 53 49
30 55 4
30 56 56
30 58 8
31 0 37
31 1 11
31 2 15
31 5 18
31 9 59
31 13 33
31 16 50
31 19 2
31 20 41
31 25 7
31 26 27
31 28 53
31 30 13
31 31 49
31 38 3
31 39 56
31 42 47
31 43 54
31 46 35
31 47 48
32 0 18
32 2 23
32 6 4
32 9 49
32 19 7
32 24 8
32 29 6
32 43 30
32 44 51
32 46 9
32 52 53
32 55 1
33 0 15
33 1 4
33 7 5
33 13 43
33 14 20
33 20 11
33 21 0
33 25 49
33 32 9
33 34 31
33 40 33
33 42 44
33 45 45
33 53 26
33 58 19
34 1 58
34 6 27
34 7 49
34 9 57
34 11 26
34 12 47
34 23 54
34 28 24
34 32 48
34 33 36
34 39 19
34 41 37
34 42 52
34 45 41
34 50 33
34 51 39
34 59 59
35 2 13
35 4 4
35 8 56
35 11 31
35 12 22
35 13 20
35 16 41
35 23 59
35 26 1
35 28 2
35 30 16
35 33 57
35 37 32
35 38 17
35 39 48
35 40 11
35 47 24
35 50 19
35 55 47
35 57 5
36 1 56
36 7 25
36 13 28
36 18 41
36 20 22
36 24 5
36 26 47
36 27 43
36 30 4
36 31 8
36 35 48
36 36 21
36 38 23
36 39 57
36 42 33
36 43 52
36 53 45
36 57 59
36 58 2
37 2 21
37 3 52
37 7 56
37 15 41
37 17 30
37 19 44
37 24 22
37 26 19
37 28 57
37 33 35
37 35 3
37 36 8
37 39 26
37 42 12
37 43 2
37 51 51
37 52 10
37 54 45
37 58 11
38 1 26
38 3 40
38 9 47
38 10 53
38 13 19
38 15 6
38 18 21
38 19 37
38 20 57
38 22 48
38 24 59
38 25 20
38 26 18
38 27 17
38 29 24
38 33 25
38 35 38
38 37 15
38 42 36
38 52 8
38 58 50
39 0 5
39 4 20
39 5 45
39 6 19
39 9 51
39 10 41
39 12 3
39 21 8
39 24 4
39 38 0
39 41 13
39 45 35
39 48 24
39 50 29
39 59 50
40 1 5
40 3 25
40 9 8
40 10 54
40 12 44
40 14 28
40 20 1
40 22 9
40 26 40
40 29 30
40 31 37
40 37 21
40 45 19
40 47 42
40 48 48
40 56 27
40 57 33
41 0 49
41 6 25
41 8 16
41 10 44
41 14 35
41 16 14
41 19 9
41 21 57
41 22 12
41 24 50
41 26 53
41 27 37
41 32 41
41 33 27
41 35 10
41 37 40
41 38 42
41 39 30
41 40 4
41 44 7
41 49 1
41 55 15
41 56 11
42 1 57
42 4 51
42 14 33
42 17 44
42 18 26
42 32 39
42 42 37
42 43 34
42 44 24
42 45 27
42 46 2
42 48 15
42 53 0
42 55 59
42 56 3
42 59 13
43 3 24
43 9 36
43 12 26
43 17 37
43 19 50
43 23 21
43 24 9
43 26 12
43 27 32
43 28 28
43 29 3
43 30 19
43 36 41
43 43 4
43 56 45
43 58 35
43 59 6
44 1 42
44 2 17
44 3 13
44 5 38
44 6 15
44 11 57
44 21 1
44 24 54
44 32 19
44 33 46
44 34 30
44 39 24
44 43 59
44 44 33
44 45 3
44 46 11
44 47 20
44 48 27
44 52 37
45 0 6
45 2 47
45 6 43
45 9 19
45 10 20
45 11 37
45 13 55
45 21 30
45 22 42
45 26 44
45 27 11
45 28 0
45 31 5
45 36 53
45 39 10
45 40 7
45 45 16
45 54 38
45 55 23
45 57 22
46 1 10
46 2 1
46 5 42
46 12 30
46 14 19
46 25 24
46 34 9
46 36 46
46 39 45
46 40 25
46 43 0
46 47 8
46 48 16
46 55 7
46 57 56
47 4 48
47 9 32
47 10 58
47 13 38
47 25 8
47 26 50
47 27 31
47 34 41
47 37 30
47 41 54
47 46 49
47 53 57
47 58 52
47 59 33
48 0 50
48 1 3
48 3 46
48 4 1
48 6 35
48 11 53
48 13 41
48 16 24
48 17 47
48 22 21
48 26 54
48 31 52
48 33 2
48 37 43
48 39 14
48 42 23
48 44 9
48 47 37
48 49 39
48 50 7
48 53 20
48 58 25
49 9 16
49 12 59
49 13 6
49 22 51
49 24 38
49 30 25
49 31 26
49 39 34
49 53 37
49 56 9
50 7 18
50 10 57
50 11 25
50 13 15
50 14 14
50 20 53
50 24 11
50 26 28
50 38 29
50 39 59
50 44 36
50 45 32
50 46 54
50 57 55
50 58 37
51 1 55
51 4 17
51 8 0
51 16 3
51 22 30
51 27 22
51 29 54
51 30 8
51 33 16
51 40 19
51 43 49
51 46 41
51 51 40
52 8 39
52 9 43
52 13 56
52 17 50
52 20 33
52 23 32
52 24 51
52 31 41
52 32 58
52 34 22
52 42 34
52 48 26
52 49 14
52 51 18
52 59 45
53 6 53
53 8 54
53 10 11
53 11 50
53 12 37
53 15 40
53 17 15
53 20 13
53 23 19
53 26 46
53 31 36
53 32 10
53 43 56
53 46 28
53 51 27
53 54 18
53 55 57
53 58 1
54 0 32
54 1 22
54 3 7
54 5 52
54 8 3
54 11 15
54 12 9
54 16 19
54 28 8
54 31 58
54 35 27
54 42 25
54 43 26
54 46 29
54 55 11
55 0 14
55 6 42
55 8 31
55 9 40
55 11 38
55 16 32
55 18 49
55 19 34
55 25 4
55 28 18
55 32 57
55 35 9
55 45 46
55 46 20
55 47 21
55 48 54
55 51 10
55 53 23
55 54 13
55 55 55
55 56 6
55 57 45
56 0 17
56 4 37
56 5 59
56 11 56
56 21 25
56 22 58
56 28 45
56 29 31
56 31 27
56 35 49
56 41 21
56 50 34
56 52 16
56 53 3
56 55 50
56 57 36
57 0 51
57 1 43
57 13 12
57 18 11
57 19 21
57 22 27
57 24 48
57 26 0
57 28 54
57 30 55
57 32 24
57 34 20
57 35 39
57 36 35
57 37 25
57 38 38
57 41 2
57 45 59
57 47 10
57 49 36
57 50 16
57 52 34
57 54 44
57 55 37
57 56 5
57 57 58
58 0 57
58 2 25
58 3 43
58 5 15
58 7 16
58 9 35
58 11 27
58 12 19
58 13 52
58 15 4
58 26 59
58 27 9
58 29 51
58 31 22
58 39 21
58 45 7
58 51 53
58 52 24
59 4 13
59 6 57
59 11 51
59 14 27
59 17 19
59 20 34
59 21 38
59 24 30
59 26 11
59 29 49
59 34 25
59 38 7
59 47 43
59 52 56
