60
0 2 17
0 4 21
0 5 59
0 6 52
0 9 33
0 10 1
0 13 6
0 16 54
0 25 47
0 29 39
0 31 8
0 33 55
0 34 19
0 36 0
0 43 4
0 44 41
0 45 49
0 50 15
0 54 9
0 57 34
0 58 25
1 3 53
1 5 5
1 7 36
1 9 20
1 11 26
1 13 19
1 15 30
1 19 1
1 21 12
1 25 17
1 29 35
1 30 0
1 34 7
1 35 9
1 40 43
1 44 25
1 52 47
2 1 57
2 2 21
2 4 36
2 11 20
2 14 8
2 15 34
2 26 16
2 28 42
2 35 54
2 36 51
2 37 56
2 39 52
2 40 32
2 47 2
2 57 14
2 58 0
3 2 9
3 9 17
3 18 45
3 21 47
3 25 25
3 26 5
3 27 1
3 32 16
3 35 18
3 37 2
3 42 36
3 44 6
3 45 50
3 48 53
3 51 27
3 55 22
3 56 19
4 2 27
4 10 29
4 11 15
4 17 51
4 20 55
4 22 28
4 32 24
4 34 20
4 35 17
4 38 0
4 39 32
4 43 19
4 45 16
4 46 2
4 47 57
4 48 31
4 49 40
4 54 41
4 55 39
5 2 33
5 9 3
5 10 4
5 18 55
5 22 40
5 28 1
5 31 27
5 32 43
5 33 51
5 35 15
5 37 42
5 38 17
5 39 46
5 40 37
5 42 48
5 44 18
5 48 21
5 49 5
5 50 30
5 53 49
5 54 57
5 59 6
6 0 46
6 2 48
6 6 16
6 7 51
6 11 57
6 13 18
6 18 36
6 20 59
6 22 23
6 23 5
6 25 35
6 28 55
6 33 45
6 34 53
6 36 15
6 37 34
6 40 44
6 42 29
6 53 6
6 55 37
7 0 12
7 7 52
7 9 2
7 16 31
7 19 24
7 22 46
7 23 25
7 33 48
7 36 5
7 37 28
7 41 49
7 43 45
7 46 0
7 50 19
7 53 8
7 55 47
7 57 30
7 59 9
8 0 59
8 10 46
8 11 8
8 16 20
8 20 17
8 21 2
8 25 31
8 28 43
8 29 51
8 32 3
8 34 21
8 35 32
8 38 25
8 40 29
8 41 13
8 46 28
8 47 6
8 48 47
8 51 45
8 52 16
8 54 49
8 57 1
9 0 40
9 1 37
9 2 43
9 7 46
9 12 35
9 13 25
9 14 1
9 17 23
9 21 31
9 24 5
9 25 51
9 31 52
9 43 44
9 46 11
9 49 10
10 1 35
10 3 43
10 5 49
10 7 19
10 8 16
10 10 3
10 16 55
10 19 44
10 21 28
10 25 30
10 26 8
10 27 17
10 35 48
10 37 32
10 38 4
10 40 18
10 42 47
10 48 9
10 49 13
10 50 50
10 56 53
11 4 19
11 10 38
11 13 10
11 16 22
11 24 14
11 26 24
11 27 8
11 32 1
11 33 59
11 34 36
11 35 26
11 39 18
11 42 39
11 44 45
11 45 0
11 49 32
11 51 31
11 54 6
11 55 57
11 59 52
12 0 7
12 1 40
12 3 30
12 10 18
12 11 9
12 18 8
12 21 49
12 23 6
12 24 27
12 25 1
12 26 21
12 27 44
12 28 46
12 30 47
12 33 0
12 35 52
12 36 25
12 37 13
12 41 29
12 44 20
12 45 14
12 49 53
12 54 35
12 58 56
12 59 43
13 1 1
13 3 18
13 5 19
13 7 17
13 8 41
13 12 59
13 18 21
13 22 20
13 25 45
13 28 51
13 33 29
13 34 24
13 36 22
13 39 57
13 41 30
13 45 5
13 46 40
13 50 11
13 53 33
13 57 25
13 58 53
14 1 56
14 3 52
14 5 42
14 7 16
14 10 31
14 14 43
14 16 44
14 18 51
14 19 20
14 27 37
14 30 9
14 33 11
14 39 33
14 43 28
14 47 35
14 52 40
14 54 32
14 56 14
14 59 24
15 2 53
15 3 25
15 4 24
15 12 51
15 19 23
15 21 3
15 24 8
15 27 54
15 29 50
15 33 49
15 36 16
15 40 35
15 41 10
15 42 41
15 45 17
15 47 0
15 49 57
15 51 37
15 55 43
15 59 32
16 1 30
16 11 12
16 14 49
16 16 11
16 17 39
16 21 51
16 24 7
16 25 26
16 27 41
16 28 24
16 29 46
16 35 6
16 37 17
16 40 27
16 44 57
16 46 52
16 51 47
16 55 18
16 57 32
16 58 20
17 3 41
17 8 51
17 9 9
17 10 40
17 11 43
17 20 8
17 24 31
17 26 20
17 28 22
17 29 27
17 34 18
17 39 17
17 42 38
17 43 48
17 44 49
17 48 11
17 56 6
17 59 30
18 5 23
18 6 45
18 7 14
18 9 46
18 10 24
18 11 32
18 18 19
18 30 8
18 31 12
18 38 16
18 39 34
18 41 55
18 43 15
18 44 26
18 47 11
18 54 58
18 56 44
19 3 42
19 18 50
19 20 47
19 28 38
19 30 18
19 31 41
19 35 1
19 37 45
19 39 44
19 40 7
19 41 27
19 44 40
19 56 59
19 57 51
19 58 28
20 3 40
20 5 1
20 7 6
20 9 26
20 13 47
20 15 22
20 18 42
20 20 16
20 33 15
20 38 55
20 39 24
20 41 5
20 43 25
20 45 48
20 47 50
20 53 12
20 56 0
21 3 38
21 7 13
21 14 31
21 20 35
21 23 45
21 31 20
21 41 19
21 44 50
21 50 14
21 51 53
21 56 49
21 57 44
21 58 24
22 1 11
22 7 3
22 8 45
22 9 0
22 10 23
22 11 40
22 12 36
22 14 32
22 16 24
22 17 8
22 21 1
22 23 30
22 24 35
22 31 43
22 36 9
22 41 18
22 42 27
22 43 17
22 47 15
22 51 48
22 57 52
22 58 6
23 11 25
23 14 22
23 15 3
23 17 58
23 20 26
23 22 35
23 27 55
23 37 9
23 45 6
23 46 50
23 52 46
23 56 1
24 1 0
24 4 25
24 13 1
24 15 38
24 20 34
24 23 13
24 25 6
24 26 56
24 29 47
24 31 55
24 35 24
24 42 20
24 43 46
24 44 44
24 45 26
24 57 59
25 0 13
25 6 30
25 9 56
25 14 3
25 15 45
25 18 52
25 19 8
25 21 16
25 26 36
25 28 40
25 31 25
25 35 28
25 38 49
25 39 37
25 44 9
25 47 7
25 49 0
25 50 41
25 55 2
25 58 10
25 59 31
26 0 56
26 2 59
26 3 16
26 5 4
26 6 10
26 10 52
26 11 37
26 13 12
26 17 45
26 18 49
26 23 48
26 24 21
26 25 36
26 28 19
26 31 30
26 33 17
26 36 55
26 46 6
26 53 34
26 54 5
26 58 43
27 3 20
27 6 56
27 11 47
27 13 11
27 16 50
27 17 0
27 23 28
27 24 18
27 26 23
27 27 21
27 30 26
27 36 30
27 38 13
27 39 5
27 42 8
27 43 27
27 46 17
27 51 34
27 55 15
27 56 3
28 1 54
28 2 42
28 6 29
28 17 36
28 19 10
28 21 52
28 28 45
28 38 15
28 40 25
28 44 13
28 48 23
28 56 58
28 57 0
29 1 25
29 4 46
29 8 24
29 16 15
29 39 40
29 41 54
29 42 1
29 48 28
29 49 35
29 54 53
29 56 12
30 0 8
30 1 2
30 4 7
30 12 1
30 18 16
30 20 44
30 21 50
30 22 6
30 23 15
30 29 37
30 30 36
30 40 3
30 44 38
30 45 21
30 46 30
30 48 41
30 49 42
30 53 53
30 57 46
31 0 29
31 2 47
31 16 52
31 20 33
31 21 40
31 22 55
31 26 44
31 30 1
31 32 48
31 39 14
31 41 12
31 48 56
31 49 22
31 54 36
32 0 16
32 3 5
32 9 43
32 10 30
32 11 27
32 24 32
32 26 26
32 35 11
32 39 15
32 42 51
32 46 53
32 48 1
32 56 48
32 57 45
32 58 39
33 0 35
33 2 45
33 3 37
33 4 11
33 7 22
33 10 26
33 14 41
33 16 28
33 20 12
33 23 32
33 27 10
33 38 19
33 39 58
33 43 57
33 53 47
34 2 54
34 7 50
34 8 57
34 12 24
34 13 8
34 15 44
34 19 9
34 21 19
34 22 59
34 26 41
34 34 47
34 35 23
34 38 14
34 39 16
34 40 28
34 47 56
34 51 13
34 54 31
34 55 32
34 56 25
34 57 58
34 58 36
34 59 27
35 0 42
35 7 21
35 13 26
35 19 58
35 20 54
35 21 0
35 29 55
35 31 4
35 32 8
35 34 37
35 35 31
35 36 43
35 47 23
35 49 56
35 52 24
35 55 48
35 58 45
36 4 28
36 5 55
36 11 44
36 12 22
36 17 21
36 18 35
36 21 57
36 23 58
36 29 20
36 30 16
36 31 51
36 32 25
36 33 32
36 35 27
36 38 23
36 44 52
36 45 4
36 47 1
36 48 13
36 49 39
36 50 26
36 51 14
36 54 37
36 59 33
37 10 37
37 13 46
37 14 39
37 16 47
37 17 48
37 27 49
37 41 40
37 43 53
37 46 19
37 53 56
37 55 55
37 56 28
37 58 23
38 3 1
38 5 40
38 7 15
38 9 54
38 16 53
38 19 41
38 21 5
38 22 7
38 36 8
38 49 28
38 57 20
39 5 11
39 14 50
39 27 48
39 28 16
39 44 17
39 46 47
39 49 7
39 54 56
39 56 18
39 58 22
39 59 1
40 1 23
40 3 0
40 5 32
40 10 49
40 15 39
40 18 37
40 26 11
40 34 57
40 35 33
40 36 26
40 37 5
40 40 15
40 41 17
40 50 58
40 53 31
40 54 12
40 56 40
40 57 16
40 58 27
41 2 26
41 6 4
41 12 25
41 13 52
41 14 18
41 19 11
41 24 24
41 27 7
41 28 17
41 29 36
41 37 16
41 39 8
41 42 12
41 46 1
41 48 20
41 52 56
41 53 42
41 54 40
41 55 6
41 57 15
42 1 33
42 5 51
42 7 31
42 15 53
42 19 16
42 21 8
42 22 29
42 23 46
42 38 42
42 47 19
42 51 52
42 52 4
42 53 59
42 55 20
43 6 1
43 8 0
43 13 2
43 16 12
43 18 48
43 22 47
43 37 40
43 47 4
43 48 15
43 49 59
43 51 6
43 52 3
43 57 10
44 6 40
44 7 53
44 10 56
44 15 12
44 21 33
44 22 13
44 23 42
44 25 57
44 28 52
44 29 28
44 31 47
44 32 35
44 36 44
44 37 20
44 39 31
44 43 9
44 56 37
44 59 26
45 2 56
45 3 21
45 6 54
45 8 18
45 10 34
45 11 17
45 15 19
45 18 30
45 27 22
45 28 6
45 30 51
45 33 9
45 46 43
45 47 44
45 48 58
45 49 31
45 52 36
45 55 50
46 10 43
46 23 29
46 24 10
46 29 0
46 31 40
46 35 47
46 42 22
46 45 41
46 54 2
46 55 38
46 58 19
46 59 18
47 4 31
47 6 50
47 11 33
47 18 4
47 21 58
47 23 20
47 24 29
47 30 6
47 31 21
47 36 11
47 43 43
47 44 2
47 45 12
47 47 41
47 48 38
47 49 54
47 54 25
47 56 7
47 57 27
47 59 19
48 4 43
48 9 36
48 10 25
48 14 6
48 19 48
48 22 57
48 23 52
48 25 29
48 33 13
48 38 30
48 40 20
48 50 35
48 56 21
48 59 41
49 1 38
49 2 37
49 7 59
49 9 44
49 10 57
49 11 0
49 12 13
49 13 15
49 21 20
49 27 39
49 28 49
49 33 2
49 34 1
49 42 53
49 46 46
49 49 48
49 52 52
49 54 8
49 59 47
50 0 57
50 1 16
50 2 19
50 7 32
50 9 27
50 11 45
50 16 4
50 17 1
50 21 7
50 22 26
50 24 43
50 26 17
50 27 28
50 31 13
50 36 3
50 39 56
50 41 42
50 43 50
50 44 39
50 52 49
50 53 38
50 57 36
50 58 48
51 4 32
51 5 10
51 7 40
51 10 48
51 11 29
51 12 27
51 14 51
51 17 46
51 19 21
51 20 38
51 25 43
51 26 0
51 30 49
51 33 1
51 35 2
51 36 58
51 39 4
51 42 56
51 45 15
51 47 59
51 57 23
51 59 42
52 0 10
52 3 45
52 4 6
52 9 28
52 10 59
52 12 53
52 29 34
52 34 51
52 39 35
52 43 56
52 44 42
52 50 1
52 52 31
52 56 5
53 1 27
53 6 44
53 8 43
53 13 28
53 14 10
53 16 46
53 20 31
53 23 26
53 31 0
53 37 53
53 38 24
53 39 25
53 44 55
53 45 32
53 49 20
53 55 11
53 56 50
54 0 32
54 1 59
54 2 8
54 3 14
54 5 21
54 6 42
54 9 22
54 11 38
54 12 26
54 14 35
54 25 2
54 26 3
54 28 15
54 36 40
54 41 44
54 42 19
54 46 51
54 48 18
54 49 9
54 52 43
54 53 0
54 57 47
54 58 49
55 2 24
55 7 30
55 12 54
55 13 45
55 16 2
55 21 35
55 22 51
55 27 46
55 30 40
55 32 9
55 34 3
55 35 42
55 38 32
55 43 47
55 44 28
55 47 25
55 49 27
55 52 34
55 54 39
55 57 29
56 5 7
56 7 28
56 8 14
56 14 42
56 17 38
56 18 29
56 22 44
56 25 41
56 27 43
56 28 34
56 29 59
56 30 31
56 32 47
56 34 49
56 37 1
56 45 33
56 47 12
56 50 21
56 55 51
56 57 24
56 59 0
57 2 2
57 9 40
57 12 30
57 17 44
57 22 33
57 23 53
57 24 26
57 25 37
57 28 4
57 29 45
57 34 50
57 36 47
57 37 19
57 38 41
57 39 48
57 40 8
57 44 46
57 48 25
57 49 6
57 55 1
57 57 42
58 1 58
58 6 46
58 10 13
58 13 38
58 15 41
58 27 0
58 28 33
58 30 52
58 31 19
58 32 21
58 33 5
58 35 50
58 36 17
58 40 26
58 41 14
58 42 23
58 49 1
58 50 28
58 52 6
58 55 25
58 58 12
58 59 53
59 1 45
59 2 49
59 7 9
59 8 4
59 10 2
59 12 12
59 15 5
59 19 42
59 23 18
59 28 35
59 36 31
59 37 25
59 39 13
59 41 15
59 42 14
59 45 11
59 54 20
59 57 19
59 59 22
