70
0 6 46
0 11 28
0 16 32
0 19 2
0 21 3
0 23 20
0 26 53
0 29 12
0 30 50
0 35 0
0 37 55
0 46 38
0 50 30
0 51 37
0 59 64
0 61 34
0 63 4
0 65 14
1 12 35
1 18 29
1 20 20
1 25 11
1 26 25
1 29 19
1 30 9
1 35 17
1 40 23
1 43 2
1 45 64
1 51 43
1 53 32
1 56 66
1 58 34
1 60 6
1 63 8
1 64 61
1 65 31
1 66 55
1 67 46
2 1 50
2 3 20
2 6 17
2 8 10
2 9 43
2 10 23
2 17 61
2 21 56
2 23 42
2 24 40
2 29 66
2 32 37
2 33 36
2 34 69
2 35 65
2 39 34
2 40 11
2 42 3
2 51 51
2 56 32
2 57 14
2 64 63
2 65 45
3 1 44
3 6 6
3 8 34
3 12 64
3 13 8
3 14 62
3 15 66
3 21 12
3 23 26
3 31 7
3 40 39
3 52 58
3 53 50
3 56 28
3 61 23
3 66 1
4 0 1
4 3 19
4 6 56
4 7 66
4 8 57
4 10 10
4 15 11
4 16 42
4 24 30
4 26 33
4 31 65
4 32 50
4 35 39
4 38 35
4 41 48
4 46 63
4 47 62
4 48 7
4 54 25
4 55 22
4 67 2
4 68 23
5 2 60
5 4 26
5 7 50
5 10 51
5 11 16
5 12 53
5 23 35
5 26 8
5 29 49
5 33 15
5 37 63
5 38 45
5 40 14
5 48 12
5 49 19
5 52 10
5 55 39
5 56 56
5 59 40
5 61 37
5 63 38
5 64 34
5 65 62
5 68 66
6 0 8
6 4 36
6 5 11
6 6 20
6 11 37
6 17 16
6 21 30
6 23 64
6 27 13
6 29 47
6 32 66
6 34 50
6 46 19
6 51 44
6 58 68
6 60 38
6 68 24
6 69 17
7 7 17
7 16 44
7 20 63
7 22 59
7 25 27
7 26 10
7 29 67
7 36 52
7 38 69
7 39 32
7 41 58
7 42 53
7 44 15
7 48 29
7 49 54
7 51 40
7 57 11
7 58 39
7 61 9
7 62 66
7 63 47
7 64 23
7 65 7
7 69 33
8 0 22
8 1 52
8 4 12
8 8 69
8 12 63
8 18 42
8 19 27
8 20 4
8 24 24
8 26 16
8 29 62
8 31 36
8 34 39
8 36 66
8 48 45
8 61 46
8 62 11
8 66 65
8 69 25
9 0 27
9 3 37
9 6 61
9 7 47
9 9 29
9 11 65
9 15 17
9 16 23
9 19 36
9 22 48
9 23 44
9 28 14
9 30 4
9 36 69
9 37 1
9 39 22
9 42 63
9 50 62
9 52 56
9 53 13
9 54 68
9 56 30
9 57 39
9 59 20
9 64 53
10 0 57
10 3 14
10 4 31
10 6 4
10 7 15
10 9 20
10 14 60
10 17 8
10 18 50
10 21 39
10 25 13
10 31 62
10 32 54
10 34 3
10 35 67
10 36 26
10 37 10
10 40 33
10 41 6
10 42 30
10 49 66
10 50 68
10 51 61
10 60 7
10 66 52
11 10 55
11 16 6
11 18 19
11 19 60
11 23 18
11 25 39
11 28 32
11 29 15
11 31 69
11 34 45
11 35 43
11 42 66
11 50 58
11 52 23
11 53 67
11 56 10
11 58 62
11 60 61
11 61 50
12 4 54
12 12 69
12 18 61
12 19 8
12 26 7
12 27 19
12 30 67
12 33 34
12 34 33
12 39 2
12 41 1
12 42 5
12 45 57
12 47 64
12 48 26
12 51 12
12 56 59
12 57 50
12 61 58
12 65 21
12 67 3
13 3 67
13 6 68
13 7 31
13 9 49
13 10 28
13 17 40
13 22 4
13 23 53
13 27 3
13 29 46
13 32 36
13 36 12
13 37 38
13 38 17
13 39 13
13 41 27
13 43 32
13 46 69
13 47 35
13 52 48
13 55 21
13 57 62
13 58 64
13 60 63
13 64 22
13 65 30
13 66 19
13 67 45
14 0 16
14 4 66
14 5 27
14 12 15
14 15 12
14 16 5
14 18 9
14 19 6
14 24 11
14 25 22
14 30 53
14 33 59
14 38 25
14 46 3
14 47 49
14 49 35
14 50 65
14 51 68
14 55 67
14 56 24
14 62 56
14 66 4
14 67 28
15 0 48
15 1 15
15 13 24
15 17 44
15 24 31
15 26 18
15 29 1
15 31 34
15 34 2
15 38 20
15 46 59
15 47 36
15 50 69
15 51 27
15 54 13
15 55 23
15 60 66
15 63 65
15 65 39
15 66 49
15 67 50
16 4 41
16 5 19
16 7 14
16 9 61
16 20 16
16 22 1
16 27 58
16 31 46
16 37 69
16 38 52
16 40 3
16 46 12
16 47 7
16 55 11
16 58 6
17 0 25
17 6 3
17 11 15
17 14 26
17 15 30
17 23 38
17 27 10
17 30 21
17 35 6
17 37 11
17 39 48
17 41 45
17 44 27
17 45 18
17 48 58
17 49 17
17 51 31
17 58 49
17 60 8
17 61 57
17 63 62
17 67 54
18 1 53
18 4 17
18 5 9
18 7 32
18 10 19
18 13 68
18 16 56
18 17 2
18 20 35
18 24 43
18 39 45
18 54 66
18 55 65
18 59 21
18 66 62
18 69 1
19 1 56
19 5 41
19 10 6
19 11 26
19 15 57
19 25 42
19 26 30
19 27 4
19 28 1
19 39 23
19 40 38
19 43 63
19 44 37
19 50 45
19 51 19
19 53 7
19 58 67
19 59 39
19 64 33
19 68 0
20 0 43
20 1 20
20 2 54
20 4 65
20 5 23
20 9 52
20 18 16
20 22 51
20 23 55
20 25 30
20 27 21
20 33 7
20 34 38
20 43 48
20 44 42
20 48 31
20 51 69
20 56 67
20 57 18
20 58 58
20 64 15
20 65 4
20 66 32
20 68 14
20 69 34
21 0 46
21 8 11
21 10 64
21 11 57
21 14 27
21 15 19
21 17 58
21 18 37
21 22 49
21 23 48
21 31 39
21 33 52
21 35 22
21 36 43
21 39 4
21 42 59
21 43 30
21 45 13
21 49 41
21 60 9
21 62 29
21 66 51
21 68 10
22 0 53
22 2 27
22 6 45
22 19 57
22 21 41
22 22 66
22 24 2
22 25 29
22 31 30
22 33 49
22 38 44
22 44 9
22 46 10
22 48 54
22 49 37
22 56 58
22 57 40
22 58 59
22 60 43
22 67 47
22 69 23
23 1 49
23 4 29
23 7 39
23 10 33
23 11 50
23 14 51
23 17 67
23 18 44
23 22 20
23 27 66
23 30 2
23 33 42
23 34 1
23 37 56
23 38 54
23 41 15
23 42 34
23 44 12
23 45 30
23 48 52
23 51 60
23 53 14
23 55 62
23 56 27
23 59 47
23 60 16
23 64 69
23 66 43
23 69 13
24 0 66
24 2 59
24 4 7
24 5 49
24 16 11
24 18 57
24 20 39
24 31 19
24 32 24
24 34 34
24 37 23
24 38 62
24 40 56
24 44 29
24 49 58
24 50 51
24 56 26
24 63 32
24 66 46
24 67 30
25 2 8
25 4 37
25 9 47
25 11 63
25 12 49
25 17 50
25 24 18
25 28 4
25 29 23
25 32 28
25 35 29
25 36 45
25 37 51
25 42 27
25 46 30
25 47 0
25 51 66
25 59 69
25 60 25
25 68 44
25 69 35
26 4 22
26 6 23
26 8 55
26 10 7
26 12 48
26 20 24
26 21 17
26 29 69
26 31 27
26 35 59
26 36 1
26 37 9
26 51 33
26 54 4
26 56 45
26 57 13
26 59 8
26 62 68
26 64 41
26 66 63
26 67 15
27 8 53
27 13 56
27 19 52
27 21 46
27 25 0
27 37 16
27 38 28
27 40 66
27 43 37
27 49 55
27 52 54
27 54 69
27 55 40
27 59 51
27 61 4
27 66 50
27 69 41
28 0 20
28 1 57
28 9 44
28 11 9
28 18 1
28 20 11
28 22 41
28 23 0
28 24 62
28 26 59
28 27 12
28 28 56
28 31 16
28 42 55
28 44 38
28 50 23
28 53 17
28 60 19
28 63 13
28 64 64
29 1 7
29 7 23
29 9 51
29 10 35
29 13 16
29 14 65
29 19 10
29 23 54
29 24 27
29 33 0
29 35 40
29 40 12
29 45 37
29 47 17
29 48 53
29 52 38
29 55 43
29 64 9
29 69 20
30 4 59
30 5 50
30 6 14
30 13 54
30 17 6
30 18 23
30 20 15
30 23 7
30 30 47
30 35 19
30 36 2
30 38 64
30 44 45
30 46 62
30 47 25
30 51 58
30 53 55
30 56 20
30 60 46
30 63 44
31 1 29
31 2 1
31 5 30
31 6 39
31 10 46
31 13 15
31 14 32
31 18 17
31 26 51
31 31 26
31 35 37
31 37 47
31 38 11
31 40 57
31 49 64
31 53 38
31 60 22
31 61 43
31 64 44
31 65 48
31 68 69
32 2 31
32 12 43
32 14 49
32 19 69
32 25 45
32 27 62
32 29 44
32 34 66
32 37 67
32 40 13
32 45 28
32 48 47
32 52 40
32 59 6
32 63 42
33 2 69
33 4 25
33 6 44
33 7 11
33 8 4
33 9 2
33 12 26
33 18 15
33 20 43
33 21 34
33 23 32
33 24 23
33 25 3
33 31 68
33 34 13
33 37 61
33 38 42
33 42 50
33 45 62
33 52 67
33 56 22
33 60 30
33 62 36
33 63 63
34 1 12
34 6 15
34 10 57
34 13 7
34 14 66
34 17 48
34 18 32
34 27 29
34 34 31
34 36 5
34 39 1
34 49 21
34 52 26
34 53 43
34 56 23
34 58 2
34 59 11
34 60 13
34 64 37
34 66 59
34 69 30
35 2 51
35 10 27
35 12 29
35 13 22
35 16 35
35 18 38
35 19 20
35 22 2
35 23 47
35 24 49
35 26 56
35 27 36
35 39 11
35 45 7
35 50 24
35 54 42
35 58 40
35 59 62
35 60 33
36 3 59
36 14 34
36 18 69
36 21 57
36 22 31
36 27 60
36 29 2
36 31 50
36 35 58
36 39 63
36 40 51
36 41 4
36 44 64
36 47 46
36 48 21
36 49 29
36 54 65
36 58 61
36 62 23
36 64 39
36 68 16
37 0 44
37 2 37
37 5 67
37 7 42
37 10 13
37 13 59
37 16 64
37 20 47
37 23 50
37 24 56
37 32 27
37 37 65
37 40 16
37 41 32
37 50 66
37 52 39
37 53 5
37 58 69
37 64 4
37 68 26
37 69 52
38 0 34
38 2 56
38 3 36
38 6 38
38 9 28
38 16 63
38 19 67
38 21 66
38 22 25
38 24 54
38 28 29
38 30 52
38 31 33
38 32 13
38 36 46
38 37 58
38 40 9
38 41 7
38 42 68
38 45 32
38 54 20
38 58 53
38 60 51
38 65 57
38 66 37
38 69 60
39 2 66
39 3 65
39 5 61
39 6 32
39 9 7
39 12 27
39 13 4
39 14 46
39 20 12
39 25 17
39 27 11
39 28 48
39 29 38
39 30 56
39 31 18
39 32 40
39 34 16
39 38 37
39 40 43
39 41 54
39 45 44
39 48 69
39 50 2
39 54 60
39 58 23
39 63 52
39 64 0
40 2 20
40 4 8
40 5 1
40 7 9
40 8 36
40 11 17
40 16 60
40 17 31
40 18 28
40 19 65
40 23 67
40 27 44
40 30 39
40 31 57
40 33 18
40 39 66
40 40 26
40 41 2
40 51 22
40 59 16
40 61 55
40 64 12
40 65 23
40 66 68
41 0 54
41 1 28
41 2 55
41 3 45
41 18 31
41 19 32
41 20 66
41 21 53
41 22 64
41 23 21
41 27 7
41 28 8
41 29 29
41 30 36
41 31 10
41 35 68
41 41 43
41 51 11
41 54 24
41 56 3
41 57 20
41 65 17
42 3 64
42 4 32
42 8 24
42 11 67
42 12 68
42 13 23
42 23 19
42 24 42
42 27 39
42 29 17
42 31 0
42 38 8
42 42 6
42 45 35
42 47 30
42 50 37
42 51 56
42 58 21
42 60 53
42 64 10
42 66 54
42 67 7
42 69 4
43 1 43
43 2 62
43 4 57
43 6 47
43 8 0
43 9 67
43 13 30
43 14 52
43 21 5
43 23 11
43 25 26
43 35 44
43 36 64
43 41 38
43 47 53
43 50 22
43 55 16
43 57 54
43 63 36
43 66 33
44 0 59
44 1 11
44 9 63
44 14 48
44 19 34
44 20 62
44 21 38
44 22 35
44 23 13
44 27 31
44 30 6
44 31 23
44 36 42
44 47 10
44 54 45
44 55 14
44 66 39
44 67 33
44 68 8
45 2 57
45 5 18
45 6 53
45 8 7
45 9 33
45 16 58
45 18 55
45 20 26
45 24 5
45 28 65
45 29 34
45 31 21
45 35 56
45 46 24
45 53 47
45 60 11
45 65 6
46 2 30
46 4 4
46 9 6
46 10 43
46 13 31
46 26 1
46 29 52
46 32 3
46 33 13
46 35 12
46 39 54
46 42 45
46 48 50
46 50 64
46 54 9
46 55 27
46 61 33
46 63 15
46 64 36
46 68 68
46 69 69
47 1 26
47 5 48
47 14 39
47 22 55
47 23 28
47 27 42
47 28 30
47 29 8
47 30 51
47 32 33
47 34 17
47 36 65
47 43 66
47 45 41
47 49 62
47 51 59
47 58 38
47 63 27
47 69 44
48 1 18
48 3 46
48 4 43
48 5 16
48 9 69
48 10 62
48 14 54
48 16 51
48 20 44
48 22 27
48 23 24
48 25 66
48 27 23
48 35 41
48 37 50
48 43 11
48 49 53
48 56 40
48 58 0
48 60 68
48 61 49
48 64 7
49 3 69
49 4 20
49 7 22
49 8 54
49 14 55
49 16 15
49 27 49
49 28 17
49 32 9
49 33 1
49 34 36
49 37 12
49 38 58
49 39 10
49 46 32
49 63 11
50 1 5
50 3 13
50 6 24
50 14 23
50 15 65
50 16 69
50 23 60
50 25 52
50 30 41
50 34 68
50 49 42
50 54 22
50 57 49
50 59 55
50 60 20
50 68 50
50 69 39
51 1 35
51 2 12
51 4 49
51 13 33
51 17 23
51 18 4
51 20 22
51 22 37
51 23 3
51 24 9
51 27 47
51 29 6
51 34 44
51 35 8
51 37 39
51 40 1
51 43 38
51 46 57
51 48 68
51 58 48
52 6 10
52 7 16
52 14 42
52 26 68
52 27 9
52 30 8
52 33 48
52 36 28
52 37 33
52 38 18
52 47 4
52 50 39
52 53 6
52 57 52
52 59 50
52 61 19
52 68 13
53 0 69
53 3 15
53 13 5
53 19 58
53 23 2
53 31 22
53 44 21
53 46 42
53 49 4
53 51 18
53 54 37
53 56 34
53 58 47
53 60 67
53 62 0
53 65 13
53 66 25
54 3 61
54 8 63
54 14 56
54 17 42
54 20 14
54 26 13
54 29 53
54 34 46
54 40 45
54 42 20
54 43 34
54 45 51
54 50 28
54 51 17
54 52 1
54 53 31
54 54 0
54 57 67
54 58 24
54 60 36
55 3 62
55 12 30
55 16 18
55 18 60
55 20 17
55 21 63
55 25 4
55 29 11
55 38 24
55 39 61
55 40 48
55 42 2
55 45 6
55 49 52
55 58 22
55 61 12
55 62 8
55 64 55
55 67 53
55 69 32
56 1 4
56 5 46
56 6 25
56 7 7
56 8 19
56 11 68
56 13 10
56 19 38
56 20 33
56 30 44
56 31 64
56 42 14
56 43 43
56 45 69
56 47 28
56 53 12
56 55 34
56 60 41
56 67 18
56 68 49
57 2 45
57 4 56
57 9 14
57 12 8
57 14 25
57 18 0
57 20 50
57 24 22
57 27 63
57 45 66
57 51 39
57 53 3
57 55 46
57 60 58
57 61 15
57 64 40
57 69 5
58 1 23
58 4 67
58 6 31
58 8 64
58 9 15
58 14 12
58 16 22
58 21 35
58 23 41
58 24 61
58 28 2
58 29 21
58 31 52
58 33 25
58 35 46
58 39 39
58 45 43
58 47 20
58 49 5
58 52 32
58 55 59
58 57 53
58 58 14
58 59 27
58 60 29
58 65 47
58 66 11
59 0 51
59 6 13
59 7 59
59 8 14
59 10 34
59 13 44
59 14 31
59 15 28
59 16 65
59 19 11
59 21 60
59 22 22
59 27 15
59 28 39
59 41 46
59 42 8
59 46 26
59 49 1
59 52 9
59 54 47
59 56 42
59 57 30
59 58 18
59 62 38
59 67 37
59 68 29
60 1 48
60 5 35
60 11 47
60 17 41
60 20 38
60 21 59
60 23 22
60 25 9
60 26 0
60 29 40
60 37 26
60 40 30
60 41 5
60 42 37
60 43 13
60 47 63
60 52 33
60 54 17
60 58 20
60 62 18
61 0 4
61 1 30
61 8 59
61 12 52
61 13 58
61 22 47
61 25 38
61 28 67
61 29 20
61 38 26
61 40 0
61 41 9
61 49 13
61 50 31
61 55 17
61 58 35
61 59 2
61 60 39
61 64 25
61 65 24
61 68 22
62 4 50
62 5 39
62 9 22
62 10 37
62 18 6
62 20 55
62 22 13
62 26 26
62 27 64
62 29 35
62 30 16
62 32 62
62 40 44
62 41 69
62 43 1
62 50 42
62 51 48
62 52 18
62 54 40
62 60 34
62 65 54
62 68 33
62 69 47
63 5 7
63 8 33
63 9 53
63 11 32
63 17 68
63 27 56
63 38 13
63 42 65
63 44 47
63 45 5
63 46 35
63 51 6
63 61 24
63 65 52
63 66 60
63 68 30
63 69 55
64 1 38
64 3 55
64 4 53
64 5 60
64 9 21
64 11 29
64 15 33
64 16 3
64 20 68
64 23 56
64 27 20
64 29 9
64 31 45
64 41 16
64 42 40
64 43 41
64 50 44
64 51 67
64 54 48
64 56 17
64 57 15
64 58 10
64 60 23
64 62 52
64 63 43
64 65 34
64 67 0
65 0 61
65 9 1
65 13 21
65 15 43
65 16 27
65 18 46
65 21 24
65 22 56
65 23 36
65 29 57
65 30 63
65 33 45
65 36 54
65 38 41
65 42 32
65 50 5
65 53 39
65 58 31
65 59 3
65 63 7
65 64 28
65 66 53
65 67 67
65 69 49
66 4 69
66 6 12
66 8 44
66 12 66
66 17 13
66 19 28
66 22 58
66 26 31
66 32 8
66 37 34
66 43 67
66 45 3
66 55 60
66 59 17
66 60 45
66 67 38
67 1 21
67 4 64
67 5 51
67 8 30
67 11 48
67 12 60
67 14 16
67 16 61
67 17 53
67 19 50
67 21 43
67 22 36
67 25 2
67 34 52
67 39 69
67 40 8
67 44 46
67 45 22
67 52 55
67 59 49
67 60 27
67 63 6
67 66 34
67 68 15
68 5 36
68 6 52
68 8 66
68 9 45
68 13 0
68 15 42
68 17 59
68 18 3
68 24 47
68 28 18
68 31 60
68 33 5
68 35 50
68 36 31
68 37 22
68 39 28
68 44 11
68 52 37
68 54 26
68 55 7
68 56 65
68 61 44
68 63 40
68 64 30
68 69 19
69 7 26
69 12 56
69 20 13
69 22 53
69 25 46
69 30 58
69 31 66
69 42 19
69 43 36
69 47 69
69 52 21
69 54 57
69 57 59
69 61 7
69 62 5
69 64 38
69 65 49
69 66 61
