70
0 2 64
0 7 68
0 11 7
0 13 22
0 18 63
0 19 49
0 23 65
0 24 27
0 26 55
0 29 69
0 31 38
0 33 5
0 36 37
0 39 33
0 40 21
0 43 8
0 44 15
0 47 34
0 48 28
0 49 1
0 53 59
0 66 42
0 67 53
0 68 56
1 6 46
1 11 16
1 13 52
1 15 53
1 16 30
1 17 61
1 23 43
1 29 38
1 32 39
1 41 47
1 46 59
1 50 10
1 56 7
1 59 25
1 62 6
1 64 36
1 67 19
1 68 0
1 69 13
2 0 67
2 2 18
2 5 14
2 16 1
2 17 45
2 18 32
2 20 7
2 25 51
2 30 21
2 31 2
2 32 49
2 33 66
2 35 8
2 38 56
2 39 42
2 40 53
2 41 24
2 42 15
2 45 55
2 49 54
2 57 26
2 59 48
2 60 58
2 62 60
2 63 40
2 64 28
2 67 59
2 68 50
3 0 24
3 1 63
3 2 2
3 5 5
3 7 19
3 8 57
3 15 35
3 20 36
3 26 22
3 28 58
3 30 26
3 32 38
3 33 65
3 35 13
3 36 10
3 41 1
3 43 29
3 46 47
3 47 59
3 49 55
3 51 66
3 52 31
3 53 15
3 56 54
3 58 3
3 60 48
3 61 67
3 63 46
3 67 18
3 69 50
4 1 62
4 4 26
4 9 22
4 11 8
4 15 28
4 17 53
4 18 35
4 21 9
4 23 61
4 27 21
4 28 25
4 36 65
4 38 57
4 41 67
4 43 31
4 44 11
4 47 12
4 48 32
4 49 41
4 50 17
4 52 4
4 53 40
4 55 56
4 57 58
4 58 42
4 59 14
4 61 48
4 63 24
4 64 23
4 67 43
5 1 39
5 2 48
5 5 47
5 6 8
5 9 65
5 10 28
5 12 4
5 13 12
5 15 11
5 21 17
5 25 56
5 26 5
5 30 16
5 32 14
5 36 25
5 40 42
5 44 57
5 50 13
5 52 38
5 55 27
5 62 53
5 63 68
5 66 2
5 68 52
6 0 68
6 2 23
6 4 20
6 6 18
6 7 62
6 12 61
6 13 32
6 15 57
6 23 19
6 26 37
6 34 8
6 36 63
6 40 13
6 41 39
6 44 51
6 46 33
6 50 54
6 52 55
6 54 43
6 56 21
6 57 65
6 58 27
6 61 52
6 67 36
6 69 4
7 0 10
7 1 16
7 3 54
7 8 48
7 9 42
7 17 38
7 18 34
7 19 43
7 21 32
7 22 53
7 24 50
7 25 29
7 27 14
7 28 12
7 29 27
7 34 33
7 35 56
7 37 65
7 39 52
7 42 35
7 43 44
7 46 9
7 49 30
7 50 11
7 51 63
7 52 49
7 55 15
7 57 19
7 60 39
7 61 7
8 1 21
8 2 38
8 5 28
8 9 20
8 10 61
8 11 66
8 17 26
8 18 27
8 20 51
8 22 42
8 27 53
8 29 44
8 33 2
8 34 15
8 35 49
8 42 30
8 44 0
8 46 63
8 48 65
8 51 33
8 52 7
8 55 58
8 56 50
8 58 6
8 59 32
8 61 17
8 65 19
8 66 5
9 0 57
9 2 47
9 9 39
9 15 13
9 19 6
9 22 52
9 25 41
9 30 38
9 35 62
9 40 26
9 41 59
9 46 22
9 47 46
9 48 67
9 53 49
9 54 68
9 55 50
9 60 11
9 61 12
9 62 18
9 64 55
9 65 14
9 68 32
10 7 52
10 14 63
10 16 31
10 18 41
10 20 1
10 22 46
10 23 47
10 26 56
10 31 14
10 33 3
10 34 18
10 35 20
10 40 15
10 42 48
10 45 53
10 47 43
10 48 19
10 53 7
10 54 38
10 55 65
10 59 62
10 61 26
10 64 9
10 65 33
10 67 66
10 68 4
11 0 54
11 3 23
11 4 2
11 5 65
11 7 9
11 8 28
11 10 66
11 11 15
11 15 59
11 16 5
11 21 44
11 22 61
11 23 63
11 31 7
11 32 1
11 39 11
11 40 4
11 47 35
11 48 62
11 49 14
11 50 68
11 53 30
11 55 25
11 56 20
11 57 21
11 59 10
11 64 32
11 65 42
11 67 34
11 69 19
12 1 44
12 4 37
12 6 43
12 7 69
12 10 6
12 11 48
12 13 62
12 14 16
12 16 7
12 18 66
12 19 56
12 20 25
12 21 30
12 22 19
12 24 17
12 26 13
12 30 51
12 31 46
12 33 12
12 35 33
12 36 23
12 37 5
12 40 63
12 43 61
12 44 27
12 45 0
12 46 26
12 50 4
12 52 35
12 57 67
12 63 45
12 66 8
13 1 15
13 6 10
13 7 60
13 9 38
13 10 55
13 11 56
13 14 64
13 17 54
13 19 1
13 20 32
13 22 57
13 25 39
13 26 51
13 27 34
13 29 37
13 30 11
13 32 18
13 33 45
13 36 27
13 39 61
13 45 62
13 46 68
13 49 59
13 50 50
13 53 43
13 60 26
13 62 25
13 66 6
13 69 47
14 0 30
14 1 29
14 2 67
14 3 39
14 4 44
14 5 61
14 9 69
14 13 43
14 14 66
14 17 60
14 27 4
14 28 55
14 30 20
14 33 27
14 34 52
14 36 54
14 38 58
14 40 64
14 42 45
14 45 48
14 46 42
14 49 6
14 50 19
14 51 56
14 53 10
14 57 53
14 60 34
14 62 40
14 64 17
14 65 13
14 67 47
15 3 36
15 5 54
15 14 3
15 15 45
15 17 41
15 22 40
15 28 37
15 31 35
15 38 12
15 41 64
15 42 7
15 43 15
15 46 44
15 47 47
15 49 8
15 52 10
15 54 18
15 60 49
15 62 4
15 63 38
15 64 50
15 66 60
15 69 63
16 1 69
16 4 64
16 8 4
16 9 2
16 12 25
16 14 35
16 17 23
16 20 40
16 22 37
16 23 24
16 24 48
16 35 19
16 38 33
16 39 55
16 41 8
16 43 57
16 45 67
16 49 15
16 50 20
16 53 27
16 56 60
16 60 3
16 61 54
16 62 22
16 63 32
16 64 14
16 68 68
17 0 58
17 3 45
17 5 6
17 6 67
17 8 8
17 15 14
17 17 27
17 19 59
17 23 5
17 25 38
17 27 52
17 28 61
17 29 54
17 31 23
17 33 42
17 35 64
17 36 15
17 37 13
17 42 53
17 43 36
17 50 16
17 54 49
17 57 18
17 58 43
17 59 47
17 61 68
17 63 57
17 64 60
17 65 22
18 2 42
18 7 31
18 8 13
18 10 3
18 11 52
18 14 40
18 17 19
18 18 57
18 20 66
18 21 41
18 23 49
18 24 47
18 25 43
18 28 4
18 29 34
18 34 29
18 37 20
18 38 2
18 41 62
18 45 37
18 46 46
18 47 58
18 49 23
18 54 21
18 56 36
18 58 44
18 62 8
18 63 25
18 65 28
18 66 38
18 68 64
18 69 10
19 0 19
19 1 66
19 5 38
19 8 69
19 14 57
19 16 6
19 18 0
19 21 55
19 23 1
19 24 64
19 27 47
19 29 24
19 30 7
19 31 41
19 32 8
19 44 25
19 46 31
19 47 4
19 50 2
19 52 9
19 55 34
19 56 61
19 61 18
19 64 42
19 65 49
19 67 58
19 68 20
20 1 3
20 5 17
20 7 33
20 8 43
20 9 32
20 11 30
20 15 16
20 16 23
20 18 45
20 19 64
20 20 59
20 24 0
20 31 25
20 33 55
20 35 34
20 39 20
20 40 19
20 43 37
20 50 29
20 58 11
20 59 5
20 65 7
21 0 61
21 1 31
21 2 3
21 4 30
21 6 12
21 9 41
21 10 29
21 13 55
21 16 19
21 17 28
21 24 56
21 26 10
21 27 7
21 28 47
21 29 1
21 30 4
21 31 11
21 32 53
21 38 34
21 40 58
21 41 23
21 49 66
21 51 9
21 52 46
21 53 22
21 57 44
21 58 5
21 59 59
21 65 21
21 68 43
22 0 65
22 5 56
22 8 61
22 13 63
22 15 55
22 16 18
22 17 67
22 18 46
22 20 0
22 22 35
22 24 54
22 25 23
22 28 8
22 29 36
22 32 13
22 37 2
22 38 69
22 40 47
22 41 51
22 42 41
22 43 28
22 45 20
22 46 21
22 53 39
22 55 38
22 58 60
22 59 11
22 60 5
22 61 53
22 62 32
22 64 15
23 0 17
23 2 5
23 5 24
23 6 61
23 8 20
23 11 58
23 14 10
23 15 12
23 20 13
23 22 11
23 27 2
23 28 30
23 29 18
23 32 67
23 34 62
23 36 42
23 38 38
23 39 8
23 41 45
23 42 56
23 43 7
23 44 63
23 47 0
23 49 46
23 53 26
23 55 52
23 59 27
23 62 29
23 67 21
23 69 49
24 0 18
24 1 19
24 3 69
24 4 51
24 6 28
24 7 0
24 8 2
24 12 42
24 15 20
24 19 65
24 25 63
24 26 66
24 27 62
24 29 14
24 31 64
24 33 10
24 35 24
24 40 44
24 42 6
24 45 61
24 47 16
24 49 7
24 53 41
24 55 35
24 56 12
24 59 37
24 60 43
25 1 45
25 2 33
25 4 0
25 6 39
25 9 3
25 10 32
25 13 49
25 14 20
25 15 5
25 18 47
25 19 24
25 20 21
25 21 36
25 28 53
25 32 7
25 35 48
25 36 4
25 38 52
25 39 69
25 43 46
25 46 61
25 50 26
25 55 19
25 57 38
25 59 23
25 60 14
25 61 27
25 62 51
25 64 6
25 68 67
26 0 5
26 2 6
26 3 10
26 4 9
26 9 21
26 11 20
26 12 12
26 13 16
26 15 61
26 17 68
26 18 4
26 20 19
26 21 2
26 24 35
26 29 3
26 33 50
26 35 26
26 38 66
26 41 48
26 44 55
26 45 44
26 46 27
26 49 43
26 52 28
26 54 32
26 55 47
26 57 46
26 60 36
26 62 52
26 66 34
27 0 20
27 2 4
27 5 53
27 7 25
27 8 46
27 10 60
27 11 21
27 12 56
27 15 50
27 20 18
27 21 27
27 29 9
27 31 42
27 32 55
27 33 61
27 37 45
27 40 28
27 43 13
27 48 63
27 49 68
27 50 15
27 51 52
27 53 36
27 54 57
27 60 23
27 61 43
27 62 67
27 64 64
27 65 2
27 66 62
27 69 0
28 2 12
28 8 24
28 9 4
28 11 34
28 12 23
28 13 19
28 14 52
28 16 43
28 18 61
28 24 26
28 26 68
28 30 37
28 33 60
28 36 20
28 37 54
28 38 8
28 39 28
28 41 17
28 42 27
28 47 1
28 48 39
28 50 66
28 55 57
28 56 58
28 60 35
28 65 41
28 68 5
28 69 48
29 4 19
29 6 64
29 9 6
29 11 69
29 12 39
29 14 49
29 15 1
29 16 3
29 19 44
29 25 59
29 33 68
29 34 46
29 35 22
29 36 38
29 37 36
29 38 4
29 41 12
29 48 0
29 49 17
29 50 32
29 51 31
29 56 16
29 59 57
29 62 55
29 65 52
30 0 64
30 5 29
30 6 27
30 8 41
30 13 5
30 14 56
30 15 54
30 18 65
30 22 20
30 29 59
30 30 48
30 31 9
30 32 52
30 34 69
30 35 46
30 36 55
30 39 32
30 40 40
30 43 53
30 46 17
30 51 45
30 52 3
30 54 13
30 55 31
30 61 25
30 62 1
30 64 37
30 66 28
30 67 33
30 69 36
31 5 51
31 8 18
31 9 49
31 12 32
31 13 58
31 17 11
31 19 63
31 22 17
31 25 62
31 31 45
31 32 20
31 35 35
31 36 40
31 38 65
31 43 30
31 44 6
31 47 55
31 48 41
31 54 3
31 55 8
31 58 15
31 63 52
31 64 61
31 65 48
32 1 27
32 3 7
32 4 17
32 7 55
32 8 67
32 9 19
32 18 13
32 19 37
32 24 46
32 25 4
32 26 40
32 27 58
32 29 11
32 30 24
32 32 6
32 33 28
32 38 29
32 40 45
32 41 30
32 48 1
32 49 64
32 53 56
32 57 20
32 58 31
32 59 42
32 60 21
32 63 50
32 64 53
32 67 5
32 69 15
33 0 63
33 2 53
33 4 12
33 10 42
33 14 4
33 17 29
33 23 16
33 24 19
33 28 11
33 30 10
33 31 50
33 32 15
33 35 0
33 36 56
33 37 32
33 41 68
33 42 8
33 43 38
33 45 43
33 55 69
33 59 21
33 61 37
33 64 30
34 0 47
34 1 26
34 3 53
34 4 31
34 7 11
34 10 24
34 11 9
34 12 58
34 13 23
34 15 44
34 18 22
34 21 35
34 23 33
34 26 57
34 32 56
34 33 36
34 34 7
34 35 27
34 36 61
34 38 14
34 39 45
34 46 16
34 48 51
34 50 30
34 55 5
34 57 43
34 58 37
34 59 67
34 66 52
34 68 18
35 5 44
35 7 42
35 13 34
35 14 55
35 18 26
35 19 66
35 20 8
35 22 69
35 26 65
35 29 67
35 32 23
35 33 56
35 36 24
35 37 0
35 39 22
35 41 4
35 42 28
35 51 30
35 52 32
35 54 54
35 61 57
35 63 43
35 64 20
35 66 35
35 67 17
36 1 53
36 3 35
36 8 32
36 10 49
36 11 42
36 12 69
36 18 37
36 20 20
36 24 44
36 26 43
36 32 58
36 34 16
36 40 31
36 41 26
36 43 60
36 44 45
36 45 59
36 46 18
36 47 51
36 49 29
36 51 4
36 52 8
36 53 6
36 57 39
36 58 9
36 59 15
36 60 55
36 63 11
36 64 22
36 66 14
36 69 5
37 4 5
37 5 64
37 12 35
37 15 46
37 18 20
37 24 63
37 25 45
37 27 8
37 28 48
37 29 2
37 30 53
37 32 26
37 34 42
37 36 30
37 39 7
37 40 23
37 41 19
37 44 38
37 46 32
37 47 66
37 48 14
37 50 49
37 54 10
37 59 13
37 61 1
37 66 65
37 69 62
38 0 59
38 2 37
38 4 33
38 5 10
38 6 36
38 7 7
38 8 56
38 12 8
38 13 57
38 17 5
38 20 38
38 23 27
38 24 65
38 26 61
38 27 24
38 28 14
38 33 63
38 35 31
38 37 40
38 38 49
38 40 9
38 41 25
38 42 50
38 45 39
38 46 15
38 49 34
38 51 69
38 53 67
38 54 20
38 55 41
38 58 19
38 59 53
38 61 11
38 64 58
39 0 33
39 4 1
39 10 41
39 12 27
39 13 15
39 16 21
39 18 38
39 21 12
39 26 59
39 27 11
39 32 68
39 44 39
39 45 65
39 52 50
39 54 30
39 55 22
39 58 40
39 59 61
39 61 28
39 62 5
39 65 4
39 66 31
40 2 51
40 3 28
40 8 60
40 9 50
40 12 16
40 15 65
40 19 38
40 21 33
40 28 67
40 30 22
40 31 12
40 36 6
40 37 47
40 40 49
40 41 44
40 42 31
40 43 19
40 48 35
40 49 25
40 50 43
40 54 66
40 55 46
40 58 0
40 59 26
40 61 3
40 65 20
41 1 61
41 4 58
41 9 66
41 10 19
41 12 29
41 14 5
41 15 41
41 16 28
41 19 50
41 20 65
41 21 14
41 22 64
41 25 36
41 26 53
41 27 39
41 28 1
41 29 33
41 31 68
41 36 0
41 39 35
41 45 49
41 47 23
41 48 15
41 49 9
41 52 47
41 53 48
41 55 12
41 57 55
41 58 22
41 59 4
41 60 69
41 61 40
41 63 31
41 66 30
41 67 3
41 68 2
41 69 16
42 0 22
42 4 41
42 5 35
42 6 63
42 7 24
42 8 45
42 9 16
42 12 44
42 14 26
42 21 11
42 23 48
42 24 62
42 25 10
42 26 27
42 27 61
42 29 0
42 30 28
42 31 13
42 33 25
42 35 50
42 37 46
42 39 15
42 41 66
42 42 20
42 44 64
42 45 52
42 47 30
42 48 38
42 55 55
42 56 43
42 58 1
42 59 9
42 62 57
42 63 18
42 64 21
43 2 43
43 3 19
43 4 15
43 5 12
43 6 66
43 9 46
43 10 69
43 14 60
43 22 67
43 24 14
43 25 57
43 27 3
43 28 51
43 31 21
43 32 65
43 39 16
43 40 11
43 44 20
43 45 58
43 46 50
43 48 27
43 49 52
43 52 56
43 53 45
43 57 0
43 58 32
43 60 62
43 61 61
43 63 29
43 65 35
43 68 23
43 69 37
44 1 28
44 2 55
44 7 49
44 10 11
44 13 66
44 15 30
44 16 58
44 17 42
44 20 39
44 21 15
44 24 51
44 26 46
44 29 64
44 30 29
44 31 31
44 33 69
44 36 5
44 37 50
44 45 24
44 48 56
44 49 61
44 52 57
44 53 47
44 57 63
44 63 27
44 65 43
44 66 33
44 69 60
45 1 1
45 7 67
45 11 17
45 12 54
45 13 21
45 15 69
45 20 30
45 23 45
45 24 43
45 25 66
45 26 2
45 34 47
45 37 26
45 40 29
45 42 34
45 43 24
45 48 57
45 53 63
45 58 51
45 62 28
45 64 7
45 65 65
45 68 60
46 1 37
46 5 41
46 7 44
46 9 9
46 10 23
46 11 51
46 14 65
46 17 69
46 18 50
46 19 68
46 22 15
46 24 61
46 25 49
46 30 47
46 31 10
46 32 22
46 34 20
46 36 60
46 37 33
46 38 3
46 48 29
46 49 16
46 50 31
46 51 67
46 54 11
46 55 54
46 57 12
46 59 43
46 61 62
46 63 5
46 67 39
47 1 68
47 2 40
47 3 18
47 4 28
47 6 13
47 7 59
47 8 22
47 9 44
47 10 34
47 13 35
47 22 48
47 24 45
47 25 53
47 35 1
47 37 60
47 39 4
47 44 54
47 46 57
47 49 2
47 51 32
47 52 42
47 53 64
47 57 6
47 61 5
48 1 2
48 2 20
48 4 60
48 5 68
48 6 31
48 7 54
48 12 45
48 13 9
48 14 41
48 15 27
48 16 47
48 17 63
48 18 56
48 19 51
48 20 12
48 24 58
48 25 33
48 26 30
48 27 64
48 30 44
48 31 26
48 32 0
48 35 38
48 40 57
48 42 16
48 44 35
48 47 7
48 49 39
48 50 1
48 51 14
48 53 29
48 54 4
48 55 18
48 56 10
48 57 52
48 59 6
48 60 13
48 61 24
48 65 36
48 67 55
48 68 15
48 69 42
49 1 57
49 5 18
49 10 10
49 11 54
49 13 67
49 14 15
49 16 8
49 18 39
49 21 56
49 22 21
49 23 69
49 28 20
49 30 66
49 34 49
49 37 44
49 38 28
49 43 9
49 44 29
49 48 7
49 51 16
49 53 14
49 57 32
49 58 45
49 59 30
49 60 61
49 64 26
49 65 12
49 66 63
50 0 2
50 1 10
50 5 20
50 7 66
50 15 67
50 22 33
50 23 15
50 28 34
50 30 36
50 32 12
50 36 18
50 38 60
50 42 46
50 43 45
50 52 68
50 56 30
50 58 57
50 59 29
50 61 50
50 62 21
50 66 24
51 1 50
51 2 59
51 3 1
51 4 56
51 5 40
51 11 13
51 18 19
51 19 5
51 20 6
51 21 28
51 29 45
51 30 63
51 31 48
51 32 51
51 33 22
51 34 61
51 38 0
51 42 24
51 43 65
51 49 10
51 52 43
51 54 15
51 56 31
51 57 37
51 61 8
51 62 41
51 63 16
51 66 68
52 0 46
52 6 7
52 8 55
52 9 56
52 10 21
52 11 49
52 13 28
52 17 20
52 18 12
52 21 65
52 22 14
52 23 9
52 28 5
52 29 61
52 31 57
52 36 33
52 43 27
52 46 51
52 47 13
52 48 30
52 49 40
52 51 48
52 56 47
52 58 8
52 60 16
52 61 41
52 64 4
52 66 37
52 67 52
53 0 37
53 1 7
53 3 11
53 5 45
53 7 63
53 11 26
53 12 6
53 14 50
53 19 34
53 20 60
53 21 59
53 24 52
53 27 43
53 33 57
53 40 12
53 42 55
53 43 0
53 47 54
53 48 2
53 50 8
53 51 47
53 53 61
53 56 67
53 60 68
53 61 69
53 62 39
54 1 55
54 6 20
54 13 40
54 14 25
54 15 19
54 20 16
54 22 9
54 24 68
54 25 64
54 27 65
54 28 56
54 29 52
54 35 10
54 36 62
54 38 48
54 39 44
54 40 33
54 41 61
54 43 58
54 49 67
54 52 5
54 53 8
54 56 15
54 60 32
54 64 38
54 66 17
54 67 41
54 68 57
54 69 18
55 0 4
55 4 24
55 9 63
55 14 69
55 17 13
55 18 54
55 22 8
55 24 49
55 28 36
55 29 39
55 30 64
55 35 45
55 36 51
55 37 11
55 38 16
55 39 38
55 40 34
55 44 32
55 47 3
55 53 25
55 62 31
55 66 1
56 1 11
56 7 38
56 9 28
56 12 40
56 13 50
56 16 34
56 18 23
56 19 39
56 25 12
56 26 14
56 27 15
56 28 59
56 30 65
56 35 29
56 36 49
56 43 3
56 45 32
56 46 69
56 49 4
56 51 27
56 52 45
56 57 57
56 61 60
56 62 24
56 64 2
56 66 19
56 68 17
57 0 42
57 2 58
57 4 38
57 13 6
57 14 2
57 16 61
57 20 49
57 22 32
57 23 41
57 25 0
57 26 36
57 27 1
57 30 3
57 32 48
57 35 18
57 38 27
57 50 14
57 51 19
57 56 34
57 57 8
57 61 44
57 62 66
57 63 13
57 68 51
58 4 61
58 5 22
58 11 50
58 12 60
58 17 17
58 20 56
58 23 31
58 33 30
58 34 67
58 35 57
58 36 34
58 40 65
58 41 20
58 44 7
58 48 43
58 50 23
58 53 18
58 55 32
58 57 69
58 58 59
58 60 33
58 61 19
58 63 3
58 64 41
58 66 66
58 69 6
59 0 53
59 2 11
59 4 50
59 6 29
59 8 58
59 11 10
59 13 14
59 14 7
59 17 32
59 20 28
59 21 48
59 22 4
59 23 23
59 30 5
59 32 30
59 33 13
59 36 12
59 37 22
59 39 56
59 40 25
59 43 34
59 49 21
59 51 2
59 55 37
59 57 1
59 59 55
59 60 41
59 61 35
59 65 68
60 2 61
60 3 4
60 5 9
60 8 7
60 12 11
60 15 37
60 17 49
60 19 32
60 24 2
60 31 66
60 32 25
60 33 34
60 39 43
60 42 17
60 43 35
60 44 5
60 47 15
60 48 60
60 50 62
60 51 65
60 52 59
60 53 33
60 54 0
60 56 64
60 57 10
60 65 29
60 66 13
60 68 53
61 0 36
61 1 4
61 2 16
61 9 30
61 10 17
61 11 33
61 15 51
61 19 10
61 20 45
61 21 39
61 23 46
61 26 0
61 27 26
61 31 65
61 33 8
61 34 64
61 36 44
61 38 41
61 42 69
61 43 56
61 45 38
61 48 68
61 49 20
61 52 23
61 58 14
61 63 34
61 64 31
61 66 9
61 68 47
61 69 67
62 0 6
62 5 7
62 6 49
62 7 64
62 8 23
62 9 26
62 17 15
62 19 57
62 22 55
62 25 46
62 26 67
62 29 48
62 30 54
62 32 3
62 34 25
62 36 50
62 46 24
62 50 61
62 52 16
62 53 35
62 54 34
62 56 51
62 58 41
62 65 53
62 66 4
62 67 8
62 68 33
62 69 66
63 0 7
63 2 30
63 3 68
63 5 1
63 7 13
63 8 47
63 13 33
63 14 53
63 18 15
63 19 54
63 28 60
63 29 65
63 31 44
63 34 2
63 37 56
63 39 66
63 40 35
63 42 67
63 44 23
63 47 39
63 49 12
63 50 21
63 52 34
63 57 3
63 58 18
63 60 20
63 61 29
63 62 42
63 69 59
64 0 23
64 7 41
64 8 9
64 9 37
64 11 5
64 19 25
64 23 7
64 28 26
64 29 43
64 30 45
64 33 39
64 40 24
64 47 60
64 49 11
64 51 42
64 52 30
64 56 49
64 57 64
64 61 4
64 65 62
64 66 12
65 2 56
65 3 3
65 5 39
65 6 24
65 8 26
65 12 51
65 19 33
65 21 54
65 22 65
65 27 18
65 33 20
65 34 6
65 36 17
65 37 57
65 38 11
65 41 10
65 44 52
65 46 5
65 50 38
65 52 62
65 54 8
65 59 68
65 60 7
65 62 49
65 63 47
65 64 12
65 67 28
66 0 16
66 1 0
66 2 34
66 3 63
66 4 53
66 6 25
66 7 6
66 8 30
66 9 67
66 13 31
66 15 15
66 19 11
66 21 37
66 22 24
66 23 38
66 25 55
66 28 19
66 29 23
66 31 8
66 32 61
66 36 22
66 41 14
66 46 43
66 50 7
66 53 60
66 57 47
66 59 54
66 63 42
66 66 32
66 67 44
66 68 49
67 1 65
67 2 62
67 3 15
67 8 52
67 9 54
67 10 31
67 12 21
67 16 13
67 19 67
67 20 61
67 21 5
67 22 68
67 23 20
67 24 41
67 25 28
67 26 48
67 27 36
67 31 24
67 32 16
67 37 19
67 39 40
67 40 50
67 44 2
67 48 8
67 49 33
67 51 57
67 57 4
67 61 59
67 62 3
67 65 47
67 67 22
67 69 27
68 0 11
68 1 46
68 3 41
68 8 64
68 16 48
68 19 61
68 21 69
68 22 25
68 23 35
68 24 3
68 29 47
68 31 39
68 32 27
68 36 16
68 38 15
68 39 6
68 41 40
68 43 62
68 50 28
68 52 0
68 54 52
68 55 14
68 56 9
68 57 34
68 59 65
68 60 63
68 63 33
68 64 67
68 65 31
69 0 28
69 1 40
69 2 57
69 4 47
69 7 21
69 8 34
69 10 44
69 11 1
69 12 48
69 13 38
69 18 59
69 21 10
69 24 30
69 26 11
69 27 23
69 28 54
69 31 52
69 34 32
69 35 66
69 38 37
69 40 22
69 41 43
69 43 64
69 47 50
69 50 12
69 52 2
69 56 18
69 59 7
69 61 0
69 63 8
69 67 20
