70
0 1 0
0 4 59
0 9 20
0 10 29
0 13 66
0 14 25
0 21 52
0 23 35
0 26 6
0 30 51
0 31 62
0 34 37
0 36 57
0 37 55
0 44 38
0 50 53
0 53 44
0 55 68
0 60 26
0 64 1
0 68 28
1 2 36
1 4 22
1 5 67
1 6 26
1 7 44
1 9 45
1 10 69
1 12 24
1 13 14
1 15 16
1 17 31
1 18 33
1 19 19
1 21 48
1 22 34
1 24 39
1 29 21
1 30 20
1 33 7
1 37 41
1 44 28
1 47 17
1 54 52
1 55 59
1 57 2
2 0 38
2 1 65
2 2 40
2 4 25
2 5 37
2 14 62
2 16 0
2 18 61
2 24 14
2 32 32
2 33 54
2 46 43
2 47 5
2 49 9
2 51 50
2 53 10
2 54 21
2 56 56
2 67 33
2 68 66
3 5 42
3 8 16
3 9 24
3 12 4
3 13 20
3 16 32
3 20 64
3 21 53
3 22 52
3 24 68
3 27 14
3 29 29
3 35 1
3 38 46
3 39 38
3 46 31
3 54 10
3 57 57
3 59 51
3 60 17
3 65 60
4 1 60
4 4 12
4 5 19
4 7 18
4 9 28
4 23 57
4 27 16
4 32 55
4 35 34
4 36 66
4 44 10
4 48 40
4 49 46
4 54 29
4 56 38
4 57 44
4 67 6
4 69 47
5 8 19
5 10 32
5 12 55
5 20 3
5 21 24
5 22 57
5 24 33
5 27 4
5 28 16
5 30 39
5 32 51
5 38 26
5 40 31
5 42 65
5 43 50
5 45 56
5 55 17
5 56 18
5 61 60
5 66 13
5 68 62
6 1 20
6 8 64
6 13 17
6 14 5
6 16 6
6 17 38
6 21 14
6 24 54
6 26 65
6 27 61
6 28 59
6 29 55
6 31 66
6 32 3
6 37 44
6 38 63
6 40 28
6 41 8
6 44 47
6 45 31
6 47 12
6 48 10
6 50 16
6 51 15
6 53 60
6 59 29
6 60 33
6 67 24
7 6 27
7 7 59
7 8 5
7 10 4
7 11 43
7 17 66
7 19 53
7 20 12
7 21 9
7 24 11
7 28 50
7 29 1
7 38 55
7 44 67
7 56 40
8 0 60
8 1 13
8 5 24
8 8 66
8 13 32
8 15 7
8 17 68
8 18 30
8 20 10
8 32 33
8 35 21
8 37 38
8 43 51
8 48 28
8 50 52
8 51 9
8 52 19
8 57 31
8 58 12
8 60 41
8 61 35
8 62 1
8 65 59
9 3 9
9 4 68
9 8 43
9 13 65
9 15 57
9 26 66
9 31 18
9 34 23
9 35 58
9 37 34
9 41 12
9 42 8
9 59 40
9 62 41
9 64 54
9 67 30
9 69 63
10 3 12
10 9 61
10 11 4
10 18 8
10 20 22
10 21 31
10 22 36
10 23 41
10 28 5
10 33 19
10 35 11
10 43 44
10 44 32
10 50 14
10 55 29
10 56 60
10 59 62
10 61 37
10 63 57
10 64 39
11 0 45
11 1 5
11 3 17
11 4 35
11 6 51
11 7 3
11 8 44
11 12 13
11 14 53
11 15 6
11 20 65
11 21 40
11 23 64
11 39 19
11 41 43
11 44 61
11 48 38
11 49 18
11 54 59
11 58 56
11 61 1
11 63 27
11 65 29
11 67 69
12 5 5
12 6 11
12 7 14
12 16 44
12 17 12
12 19 61
12 20 2
12 24 36
12 26 48
12 30 28
12 31 27
12 33 69
12 40 21
12 51 30
12 52 39
12 54 18
12 57 47
12 58 34
12 63 55
12 64 23
12 67 10
12 69 7
13 12 29
13 15 22
13 26 10
13 27 3
13 30 19
13 31 48
13 39 27
13 45 46
13 50 13
13 55 37
13 65 1
14 4 57
14 5 39
14 10 7
14 15 33
14 20 23
14 21 67
14 22 63
14 23 5
14 24 20
14 25 10
14 31 65
14 36 26
14 40 46
14 44 37
14 45 6
14 47 62
14 48 66
14 51 13
14 55 55
14 57 14
14 58 30
14 68 60
15 2 7
15 6 64
15 10 28
15 13 31
15 15 39
15 16 57
15 18 63
15 26 25
15 27 13
15 32 30
15 34 5
15 37 29
15 44 41
15 52 59
15 55 10
15 58 1
15 61 15
15 63 24
15 64 38
15 67 45
15 68 61
16 0 25
16 2 39
16 3 50
16 4 53
16 5 20
16 7 66
16 14 52
16 17 35
16 19 6
16 20 28
16 29 57
16 30 22
16 31 1
16 34 13
16 36 59
16 37 47
16 39 24
16 40 55
16 42 31
16 47 9
16 57 26
16 60 42
16 61 2
16 62 15
16 68 36
17 0 5
17 18 19
17 19 67
17 21 0
17 25 42
17 29 18
17 31 28
17 34 32
17 37 6
17 42 38
17 43 46
17 47 57
17 51 63
17 52 25
17 53 66
17 55 27
17 56 47
17 58 24
17 65 11
17 66 50
17 69 20
18 2 68
18 5 35
18 9 17
18 14 60
18 25 14
18 27 51
18 45 2
18 48 24
18 49 16
18 52 61
18 53 64
18 54 67
18 55 23
18 61 12
18 63 4
18 64 20
19 2 49
19 5 57
19 6 59
19 7 16
19 9 25
19 11 40
19 13 6
19 14 64
19 15 60
19 17 36
19 18 2
19 20 34
19 23 61
19 25 47
19 26 33
19 27 19
19 28 12
19 31 7
19 37 9
19 39 35
19 46 46
19 48 69
19 50 23
19 56 65
19 57 11
19 59 20
19 60 14
19 63 32
19 64 29
19 65 66
19 66 53
19 69 58
20 0 34
20 1 47
20 3 43
20 7 25
20 9 16
20 14 35
20 32 59
20 40 27
20 48 13
20 52 50
20 61 11
20 64 52
20 68 29
21 0 18
21 8 27
21 9 36
21 14 12
21 17 54
21 18 20
21 21 60
21 26 22
21 27 47
21 29 14
21 31 40
21 32 42
21 33 1
21 35 57
21 39 29
21 43 64
21 48 6
21 52 8
21 57 43
21 58 38
21 64 26
21 65 31
21 66 66
21 67 34
21 69 25
22 0 15
22 1 16
22 2 61
22 5 59
22 6 45
22 7 63
22 17 9
22 19 23
22 22 38
22 23 37
22 24 64
22 29 66
22 36 7
22 37 65
22 38 53
22 40 6
22 54 32
22 68 27
23 12 37
23 13 64
23 15 65
23 19 32
23 20 19
23 29 20
23 31 47
23 33 61
23 34 15
23 35 18
23 37 3
23 39 57
23 42 40
23 45 53
23 46 17
23 48 11
23 51 10
23 54 66
23 56 9
23 58 45
23 60 27
23 63 43
23 65 56
23 67 50
23 69 35
24 7 64
24 14 17
24 17 18
24 18 13
24 19 26
24 24 41
24 29 45
24 32 36
24 36 63
24 43 69
24 45 43
24 46 25
24 50 30
24 51 59
24 53 57
24 61 66
24 62 31
24 64 7
24 67 22
25 3 29
25 7 45
25 12 11
25 18 27
25 19 21
25 21 61
25 22 54
25 23 14
25 24 16
25 27 55
25 28 36
25 29 40
25 36 20
25 49 44
25 51 24
25 59 30
25 61 58
25 66 48
25 68 32
26 0 41
26 2 45
26 15 5
26 16 26
26 18 38
26 22 7
26 26 47
26 27 23
26 28 21
26 29 9
26 30 11
26 33 27
26 39 40
26 40 20
26 48 32
26 55 30
26 57 34
26 66 12
26 68 49
27 5 26
27 6 1
27 8 42
27 12 18
27 13 69
27 14 59
27 16 33
27 17 17
27 18 6
27 32 63
27 33 40
27 35 4
27 36 38
27 41 45
27 45 12
27 47 27
27 60 7
27 61 51
27 62 20
27 63 49
28 4 18
28 6 25
28 11 49
28 12 61
28 13 4
28 16 22
28 20 13
28 27 67
28 29 6
28 33 31
28 36 55
28 42 60
28 51 5
28 56 37
28 57 20
28 68 34
29 1 11
29 6 20
29 13 49
29 14 27
29 16 51
29 23 28
29 32 17
29 34 63
29 36 23
29 38 25
29 40 56
29 41 31
29 43 39
29 48 43
29 49 67
29 55 40
29 56 46
29 58 21
29 64 45
29 66 62
29 68 68
30 0 11
30 2 17
30 11 59
30 16 8
30 17 46
30 22 40
30 24 12
30 25 66
30 29 61
30 30 30
30 31 42
30 33 47
30 38 69
30 43 54
30 47 20
30 55 24
30 58 28
30 59 64
30 65 0
30 68 37
30 69 10
31 0 67
31 1 21
31 4 14
31 11 20
31 14 58
31 19 64
31 21 57
31 25 43
31 30 15
31 32 39
31 34 56
31 37 49
31 40 18
31 46 42
31 47 28
31 48 46
31 50 45
31 55 12
31 59 25
31 66 31
31 68 47
31 69 32
32 5 18
32 6 12
32 7 67
32 11 61
32 14 50
32 15 52
32 19 35
32 28 57
32 29 63
32 32 7
32 36 25
32 40 58
32 42 27
32 43 28
32 45 14
32 47 41
32 49 10
32 57 69
32 66 5
33 1 26
33 5 7
33 10 48
33 14 10
33 15 43
33 17 55
33 20 35
33 22 23
33 31 50
33 32 13
33 34 11
33 36 12
33 40 53
33 45 62
33 46 1
33 49 15
33 50 69
33 57 38
33 60 46
33 66 4
34 0 2
34 2 35
34 3 1
34 11 56
34 29 36
34 31 54
34 34 40
34 37 4
34 39 49
34 47 38
34 49 60
34 58 50
34 62 61
34 64 14
34 67 64
35 2 4
35 6 65
35 7 55
35 11 28
35 14 11
35 18 16
35 23 69
35 30 66
35 31 45
35 34 7
35 43 9
35 44 5
35 45 30
35 46 29
35 47 33
35 50 49
35 61 20
35 62 68
36 1 38
36 6 3
36 13 33
36 15 21
36 17 65
36 20 62
36 24 34
36 25 17
36 28 19
36 30 68
36 34 67
36 35 53
36 39 26
36 40 60
36 54 8
36 57 28
36 59 0
36 60 12
36 63 40
36 64 56
36 65 32
36 68 6
37 5 17
37 9 32
37 10 22
37 17 14
37 20 33
37 23 45
37 24 66
37 26 16
37 28 56
37 29 4
37 31 60
37 32 10
37 39 43
37 41 36
37 42 28
37 44 7
37 45 39
37 49 27
37 53 40
37 54 35
37 55 8
37 57 12
37 59 65
37 60 30
37 61 13
37 62 69
37 64 24
37 65 23
38 0 58
38 5 27
38 7 15
38 11 14
38 14 38
38 17 56
38 21 7
38 23 19
38 25 46
38 27 41
38 31 55
38 36 4
38 38 23
38 39 33
38 43 20
38 44 26
38 45 69
38 46 66
38 49 22
38 53 30
38 55 21
38 58 53
38 62 34
38 64 36
38 66 6
39 1 57
39 2 60
39 8 59
39 11 45
39 12 65
39 14 22
39 23 62
39 30 12
39 32 43
39 41 5
39 42 4
39 48 41
39 50 28
39 51 38
39 53 33
39 58 7
39 62 11
39 64 48
40 0 68
40 1 49
40 6 10
40 9 44
40 14 23
40 16 56
40 18 67
40 20 20
40 26 53
40 29 42
40 35 54
40 37 60
40 40 50
40 42 43
40 46 65
40 62 19
41 0 57
41 2 55
41 7 68
41 11 23
41 12 43
41 17 19
41 20 36
41 22 20
41 23 27
41 27 54
41 28 15
41 34 26
41 36 2
41 42 16
41 46 51
41 48 67
41 50 41
41 51 49
41 52 42
41 56 63
41 59 53
41 63 60
41 64 37
41 65 65
41 67 11
41 69 12
42 5 61
42 6 38
42 8 9
42 9 64
42 10 46
42 12 54
42 13 42
42 15 8
42 22 56
42 28 51
42 30 53
42 31 59
42 35 67
42 38 14
42 46 28
42 48 65
42 49 19
42 52 0
42 60 3
42 61 21
43 2 47
43 3 5
43 5 11
43 6 34
43 7 33
43 13 36
43 16 23
43 21 62
43 23 51
43 25 2
43 27 31
43 28 4
43 29 25
43 34 27
43 36 60
43 37 12
43 38 24
43 39 1
43 41 7
43 48 15
43 56 50
43 58 57
43 59 9
43 61 28
43 62 35
43 64 22
43 67 40
43 68 54
44 5 63
44 7 56
44 11 12
44 13 59
44 18 17
44 21 16
44 23 31
44 26 27
44 32 35
44 33 4
44 34 60
44 35 26
44 39 36
44 45 38
44 48 8
44 59 66
45 0 64
45 1 15
45 3 20
45 4 56
45 6 5
45 18 52
45 19 31
45 20 50
45 24 24
45 25 38
45 27 10
45 41 63
45 44 68
45 46 4
45 47 19
45 49 17
45 51 36
45 52 12
45 59 14
45 68 7
46 0 56
46 4 10
46 5 4
46 9 15
46 11 58
46 19 50
46 21 11
46 22 66
46 24 8
46 26 13
46 32 6
46 55 25
46 57 52
46 58 9
46 61 16
46 64 57
47 1 23
47 6 54
47 7 41
47 8 60
47 14 13
47 16 18
47 17 30
47 23 12
47 24 6
47 26 57
47 27 1
47 30 43
47 31 63
47 33 20
47 34 38
47 36 28
47 37 69
47 41 27
47 49 32
47 50 40
47 53 53
47 54 14
47 62 9
48 0 17
48 2 51
48 3 53
48 4 55
48 5 38
48 10 9
48 11 42
48 12 60
48 14 28
48 21 36
48 23 23
48 27 59
48 28 65
48 34 66
48 38 57
48 39 48
48 41 2
48 45 41
48 46 50
48 48 45
48 52 30
48 55 5
48 58 47
48 64 67
49 0 62
49 3 57
49 4 34
49 7 54
49 12 27
49 17 13
49 18 15
49 20 8
49 25 28
49 28 35
49 29 16
49 33 64
49 39 25
49 41 39
49 48 59
49 50 67
49 52 4
49 54 38
49 61 47
49 67 43
49 69 3
50 0 35
50 2 69
50 3 65
50 4 20
50 5 34
50 7 21
50 8 18
50 16 3
50 19 30
50 21 42
50 33 59
50 38 43
50 39 2
50 50 9
50 51 62
50 52 28
50 54 6
50 55 15
50 58 33
50 63 26
50 68 50
50 69 57
51 0 59
51 9 50
51 12 42
51 17 33
51 21 12
51 23 65
51 29 26
51 40 30
51 41 29
51 42 35
51 44 48
51 45 44
51 48 5
51 55 46
51 56 21
51 58 14
51 61 53
51 62 24
51 63 0
51 67 7
51 68 9
51 69 27
52 1 2
52 7 60
52 9 27
52 10 50
52 12 41
52 15 4
52 16 67
52 30 34
52 34 0
52 41 48
52 42 6
52 44 51
52 47 56
52 53 62
52 55 47
52 58 66
52 61 42
52 62 30
52 63 46
52 69 59
53 1 34
53 2 28
53 31 14
53 32 38
53 43 45
53 44 27
53 45 57
53 51 3
53 52 31
53 55 9
53 61 19
54 1 24
54 6 42
54 9 68
54 10 59
54 11 31
54 12 50
54 19 40
54 28 55
54 30 0
54 34 41
54 44 2
54 48 47
54 49 45
54 50 17
54 52 63
54 56 69
54 57 32
54 62 58
54 63 29
54 65 39
54 67 14
54 69 56
55 3 35
55 5 8
55 11 22
55 12 69
55 24 32
55 25 25
55 26 9
55 31 67
55 32 5
55 34 18
55 37 37
55 39 54
55 42 66
55 45 42
55 46 62
55 47 24
55 48 31
55 49 64
55 51 56
55 55 28
55 57 50
55 58 41
55 62 33
55 63 34
55 66 0
55 69 6
56 2 44
56 3 24
56 10 53
56 18 35
56 19 52
56 25 33
56 28 69
56 29 5
56 35 12
56 40 23
56 49 28
56 50 4
56 52 13
56 55 38
56 56 32
56 58 61
56 59 60
56 62 42
56 67 37
56 69 15
57 0 33
57 3 28
57 6 32
57 7 12
57 8 6
57 9 59
57 11 54
57 12 66
57 14 36
57 21 51
57 25 62
57 26 50
57 29 10
57 31 44
57 32 65
57 35 16
57 36 21
57 38 7
57 39 9
57 40 47
57 41 34
57 44 43
57 45 49
57 49 40
57 53 48
57 59 13
58 1 17
58 9 63
58 23 32
58 27 8
58 31 51
58 42 37
58 47 40
58 56 59
58 64 49
58 65 47
59 1 4
59 3 60
59 7 32
59 11 26
59 14 44
59 15 59
59 21 23
59 26 68
59 28 6
59 30 8
59 31 33
59 32 49
59 33 48
59 34 52
59 35 15
59 36 64
59 37 13
59 43 30
59 46 37
59 57 61
59 63 51
59 65 42
59 68 53
59 69 31
60 1 48
60 2 46
60 8 12
60 9 23
60 10 54
60 11 13
60 12 35
60 13 28
60 27 15
60 30 64
60 31 8
60 41 17
60 42 26
60 46 53
60 47 6
60 48 0
60 50 20
60 51 60
60 55 57
60 56 36
60 60 22
60 62 67
60 67 55
60 68 14
61 0 21
61 2 66
61 3 2
61 4 62
61 5 10
61 8 22
61 9 14
61 11 44
61 16 50
61 19 16
61 22 47
61 30 65
61 32 27
61 42 7
61 43 40
61 47 58
61 55 18
61 62 29
61 63 13
61 64 34
61 65 45
62 4 38
62 7 22
62 15 62
62 17 4
62 19 7
62 20 6
62 22 21
62 23 10
62 26 2
62 29 0
62 30 41
62 31 16
62 36 52
62 37 14
62 43 25
62 45 26
62 53 42
62 54 3
62 61 46
62 62 39
62 65 28
63 2 10
63 3 55
63 14 67
63 15 20
63 18 41
63 23 13
63 26 42
63 34 30
63 39 12
63 40 61
63 45 36
63 46 7
63 47 69
63 51 47
63 52 17
63 53 22
63 54 24
63 56 4
63 57 39
63 61 40
63 62 63
63 63 16
63 65 26
63 68 0
63 69 21
64 0 19
64 2 53
64 3 58
64 5 55
64 6 28
64 7 23
64 9 11
64 10 41
64 12 14
64 15 44
64 24 17
64 25 39
64 26 21
64 30 46
64 33 56
64 36 9
64 37 27
64 43 10
64 45 3
64 46 30
64 47 35
64 48 2
64 54 69
64 55 26
64 57 64
64 65 63
64 66 1
64 67 42
65 1 40
65 7 43
65 13 19
65 15 50
65 18 66
65 25 26
65 33 2
65 34 62
65 35 10
65 37 57
65 39 61
65 41 21
65 42 30
65 43 68
65 45 47
65 46 45
65 50 65
65 54 25
65 57 56
65 59 27
65 64 46
66 0 12
66 1 43
66 3 59
66 5 0
66 6 41
66 12 53
66 14 19
66 15 61
66 16 27
66 26 20
66 31 29
66 34 2
66 35 32
66 37 22
66 43 42
66 44 17
66 45 11
66 48 50
66 49 37
66 51 7
66 53 54
66 62 45
66 63 63
66 67 49
67 6 16
67 7 29
67 22 42
67 32 57
67 37 35
67 41 66
67 45 58
67 46 44
67 52 7
67 53 23
67 55 62
67 58 51
67 65 69
68 3 46
68 5 68
68 11 25
68 13 21
68 18 3
68 24 30
68 25 56
68 28 28
68 32 8
68 33 39
68 34 61
68 35 60
68 40 2
68 41 10
68 46 20
68 47 65
68 48 57
68 49 54
68 50 27
68 52 52
68 54 43
68 55 16
68 58 11
68 62 49
68 66 38
68 68 40
69 5 29
69 6 2
69 9 30
69 12 12
69 17 16
69 18 24
69 19 51
69 22 64
69 24 27
69 25 69
69 26 18
69 29 43
69 30 61
69 31 9
69 33 68
69 38 5
69 39 39
69 40 34
69 41 38
69 43 0
69 44 31
69 48 1
69 52 15
69 56 10
69 57 6
69 59 8
69 63 21
69 69 45
