70
0 0 56
0 14 29
0 16 26
0 18 21
0 19 34
0 28 30
0 30 65
0 40 44
0 43 2
0 46 32
0 48 59
0 50 10
0 52 43
0 56 46
0 58 5
0 62 49
0 68 39
1 1 11
1 3 13
1 4 33
1 7 24
1 8 37
1 14 39
1 15 51
1 20 6
1 21 21
1 23 61
1 25 9
1 30 60
1 35 14
1 39 42
1 43 34
1 44 68
1 45 54
1 46 23
1 47 27
1 51 43
1 55 8
1 63 63
1 66 58
2 0 21
2 1 61
2 8 10
2 13 39
2 14 69
2 15 49
2 16 48
2 24 43
2 30 33
2 34 66
2 42 2
2 46 46
2 48 56
2 52 17
2 55 54
2 56 30
2 59 26
2 63 52
2 64 8
2 68 25
3 2 8
3 4 59
3 10 44
3 14 51
3 23 22
3 29 39
3 37 16
3 38 61
3 40 37
3 43 13
3 52 50
3 54 42
3 59 48
3 65 56
3 66 25
3 68 57
4 1 33
4 8 65
4 9 27
4 16 18
4 20 22
4 21 43
4 23 1
4 25 47
4 27 9
4 28 52
4 30 37
4 32 68
4 38 19
4 40 59
4 43 8
4 49 13
4 53 40
4 58 30
4 68 20
5 1 16
5 3 60
5 9 50
5 10 63
5 15 65
5 16 58
5 19 57
5 22 44
5 24 69
5 26 11
5 28 17
5 29 53
5 33 20
5 36 48
5 37 43
5 40 47
5 42 26
5 47 40
5 49 66
5 50 37
5 55 35
5 60 13
6 9 36
6 11 16
6 16 67
6 19 66
6 23 17
6 30 50
6 32 63
6 35 49
6 40 51
6 44 7
6 45 40
6 48 57
6 49 64
6 50 32
6 52 39
6 56 53
6 57 31
6 58 14
6 63 15
6 64 11
7 0 59
7 1 20
7 5 11
7 15 14
7 19 68
7 23 15
7 25 25
7 26 44
7 27 60
7 33 65
7 36 38
7 38 21
7 39 55
7 45 30
7 48 40
7 51 24
7 57 48
7 60 2
7 63 64
7 64 7
7 67 57
8 0 39
8 1 40
8 3 30
8 8 66
8 9 47
8 13 44
8 14 57
8 16 62
8 24 58
8 27 34
8 29 46
8 33 3
8 35 68
8 37 1
8 40 19
8 43 67
8 45 52
8 46 12
8 49 61
8 53 0
8 63 29
9 2 16
9 3 14
9 5 24
9 7 28
9 8 62
9 10 5
9 20 0
9 23 39
9 24 60
9 28 48
9 32 40
9 34 67
9 35 26
9 37 21
9 38 29
9 44 64
9 46 34
9 50 12
9 53 44
9 57 45
9 59 66
9 63 54
9 64 43
9 65 36
10 0 35
10 1 45
10 3 19
10 9 10
10 10 69
10 14 14
10 15 55
10 17 15
10 21 17
10 24 29
10 28 5
10 32 2
10 39 40
10 40 49
10 44 50
10 46 57
10 49 8
10 51 37
10 53 28
10 58 42
10 61 32
10 63 38
11 0 24
11 3 32
11 4 13
11 12 16
11 20 29
11 21 33
11 22 60
11 23 10
11 24 28
11 28 35
11 29 50
11 31 65
11 32 64
11 34 1
11 38 52
11 42 31
11 44 59
11 45 43
11 51 40
11 52 56
11 55 11
11 63 45
11 65 27
12 3 23
12 5 1
12 8 49
12 9 3
12 11 55
12 12 56
12 15 40
12 18 7
12 19 67
12 21 20
12 28 6
12 29 38
12 33 36
12 34 68
12 35 52
12 36 44
12 42 60
12 48 51
12 51 66
12 60 34
12 61 9
12 66 10
12 67 4
13 0 3
13 7 47
13 8 33
13 10 59
13 15 48
13 17 45
13 19 9
13 29 27
13 30 53
13 32 46
13 33 56
13 39 35
13 47 16
13 48 23
13 50 61
13 52 62
13 55 68
13 60 55
13 64 26
13 65 10
13 66 22
14 1 2
14 4 68
14 8 60
14 10 23
14 17 17
14 31 16
14 33 61
14 36 9
14 39 53
14 40 66
14 41 47
14 45 65
14 46 50
14 49 51
14 56 44
14 57 62
14 60 25
14 64 57
14 65 24
15 5 52
15 8 16
15 10 58
15 19 47
15 24 50
15 37 64
15 46 18
15 49 27
15 56 54
15 57 53
15 58 33
15 59 15
16 0 9
16 4 26
16 14 50
16 19 42
16 20 57
16 27 47
16 31 59
16 32 60
16 35 34
16 37 36
16 41 3
16 44 46
16 57 1
16 58 21
16 59 37
16 61 11
16 64 32
16 65 14
16 66 29
16 68 54
16 69 39
17 0 67
17 2 47
17 3 3
17 9 12
17 11 44
17 13 15
17 14 27
17 18 2
17 21 48
17 30 4
17 33 60
17 34 10
17 39 20
17 43 36
17 51 18
17 52 64
17 54 37
17 55 56
17 56 42
17 57 34
17 60 9
17 65 62
18 0 11
18 1 62
18 4 43
18 5 36
18 7 17
18 10 42
18 11 18
18 14 54
18 18 45
18 19 3
18 20 56
18 22 46
18 26 16
18 29 19
18 30 23
18 32 9
18 33 21
18 36 12
18 39 4
18 40 1
18 44 40
18 48 49
18 62 33
18 66 44
19 3 17
19 4 32
19 11 3
19 13 33
19 16 44
19 17 7
19 22 37
19 23 46
19 26 25
19 32 38
19 36 23
19 37 42
19 40 20
19 41 66
19 42 22
19 43 41
19 44 36
19 46 56
19 50 69
19 51 0
19 53 4
19 57 67
19 59 51
19 60 58
19 61 34
19 63 30
19 64 28
20 2 9
20 3 68
20 5 27
20 19 55
20 22 50
20 28 31
20 32 8
20 33 35
20 34 26
20 36 2
20 40 22
20 41 19
20 43 18
20 50 53
20 51 34
20 53 51
20 56 66
20 57 52
20 63 44
20 65 16
20 66 0
20 67 67
20 69 20
21 6 48
21 14 17
21 18 43
21 22 41
21 23 51
21 25 7
21 27 58
21 31 66
21 33 32
21 41 28
21 46 13
21 52 23
21 54 21
21 55 63
21 64 20
21 65 46
21 69 1
22 0 4
22 4 15
22 9 55
22 10 50
22 11 66
22 13 30
22 14 31
22 15 17
22 16 42
22 18 62
22 21 12
22 22 14
22 23 54
22 24 56
22 25 60
22 26 40
22 32 57
22 38 32
22 41 29
22 43 3
22 44 24
22 45 13
22 46 8
22 55 46
22 57 41
22 60 48
22 61 38
22 62 52
22 63 10
22 64 22
23 0 23
23 5 0
23 9 58
23 11 39
23 18 26
23 21 63
23 29 43
23 34 45
23 42 62
23 49 56
23 56 8
23 62 65
23 63 57
23 65 11
24 0 0
24 4 69
24 6 31
24 7 6
24 9 37
24 10 40
24 22 55
24 24 1
24 31 39
24 32 12
24 33 41
24 39 17
24 42 15
24 43 66
24 48 27
24 59 34
24 60 44
24 61 63
24 62 7
24 63 53
24 65 23
25 3 26
25 7 52
25 17 69
25 27 49
25 32 24
25 35 59
25 36 47
25 43 64
25 44 33
25 46 63
25 50 36
25 53 3
25 59 25
25 60 1
25 62 45
25 66 28
25 68 60
26 1 13
26 4 25
26 6 4
26 13 40
26 17 5
26 19 0
26 20 33
26 28 12
26 30 15
26 32 50
26 33 38
26 35 69
26 37 34
26 41 49
26 43 51
26 51 8
26 52 41
26 54 3
26 58 55
26 64 63
26 68 62
27 1 63
27 2 50
27 3 31
27 5 64
27 7 44
27 10 25
27 11 4
27 12 65
27 13 67
27 15 34
27 17 52
27 28 58
27 30 35
27 31 27
27 32 5
27 34 59
27 36 43
27 38 49
27 40 68
27 41 12
27 42 69
27 47 60
27 52 55
27 62 9
27 63 37
27 65 42
27 66 18
27 68 17
27 69 51
28 1 15
28 3 44
28 5 65
28 7 25
28 12 37
28 14 28
28 15 56
28 21 66
28 22 53
28 27 31
28 31 68
28 32 7
28 35 10
28 36 14
28 39 39
28 40 32
28 45 6
28 48 41
28 55 18
28 56 9
28 57 8
28 58 46
28 59 24
28 67 27
29 6 17
29 7 42
29 9 4
29 10 11
29 13 28
29 17 40
29 23 48
29 24 25
29 32 53
29 37 8
29 38 27
29 40 58
29 42 7
29 46 36
29 51 15
29 53 49
29 55 38
29 60 14
29 67 37
29 68 64
30 0 61
30 9 31
30 10 41
30 13 11
30 15 37
30 21 10
30 22 1
30 25 38
30 27 67
30 29 57
30 35 17
30 41 27
30 46 48
30 50 19
30 51 51
30 58 34
30 61 66
30 69 62
31 1 12
31 2 48
31 5 56
31 8 27
31 15 7
31 18 51
31 30 52
31 32 37
31 36 42
31 38 9
31 40 8
31 45 55
31 48 19
31 58 44
31 59 41
31 61 28
31 62 64
32 3 2
32 4 66
32 9 44
32 10 61
32 11 7
32 13 69
32 21 14
32 22 10
32 26 39
32 31 42
32 35 12
32 42 20
32 49 24
32 52 57
32 56 56
32 64 9
32 66 3
33 3 52
33 4 27
33 6 7
33 7 37
33 11 47
33 12 5
33 16 2
33 17 31
33 30 41
33 31 4
33 34 54
33 35 50
33 37 3
33 41 14
33 44 32
33 51 20
33 60 26
33 67 12
34 3 24
34 4 22
34 6 68
34 8 58
34 12 36
34 13 38
34 15 66
34 20 15
34 21 65
34 22 51
34 30 54
34 43 17
34 48 28
34 52 42
34 53 19
34 54 62
34 56 0
34 57 23
34 64 53
34 69 8
35 0 22
35 4 52
35 6 5
35 8 4
35 10 46
35 14 66
35 22 29
35 23 68
35 30 8
35 31 47
35 33 17
35 39 34
35 41 18
35 43 42
35 51 55
35 52 9
35 59 56
35 61 26
35 63 43
35 65 61
35 68 10
36 0 17
36 2 58
36 6 21
36 7 67
36 10 20
36 11 57
36 13 48
36 16 64
36 20 27
36 21 16
36 27 12
36 29 13
36 30 11
36 43 65
36 44 44
36 45 3
36 48 26
36 49 25
36 52 1
36 54 30
36 58 23
36 60 19
36 61 36
37 2 25
37 4 54
37 5 10
37 6 43
37 13 12
37 19 27
37 22 9
37 23 31
37 31 55
37 32 16
37 33 67
37 34 47
37 35 62
37 37 7
37 38 37
37 39 64
37 42 65
37 43 28
37 53 17
37 54 51
37 55 23
37 60 61
37 64 56
37 66 21
37 69 0
38 0 48
38 5 57
38 8 54
38 9 17
38 10 18
38 17 11
38 18 34
38 20 64
38 26 5
38 28 23
38 31 61
38 38 20
38 40 10
38 45 49
38 48 36
38 49 37
38 56 33
38 57 50
38 58 0
38 59 58
38 67 63
39 0 49
39 3 15
39 9 52
39 16 5
39 17 68
39 22 61
39 26 58
39 32 4
39 33 40
39 35 42
39 37 13
39 42 55
39 44 56
39 45 17
39 46 64
39 51 22
39 54 36
39 56 27
39 57 11
39 58 16
39 61 21
39 63 62
39 64 6
39 66 63
40 0 40
40 1 30
40 2 32
40 3 58
40 9 39
40 10 28
40 11 67
40 14 9
40 19 62
40 23 3
40 24 11
40 30 27
40 31 12
40 34 34
40 37 65
40 39 48
40 40 31
40 41 56
40 43 10
40 47 59
40 51 60
40 56 7
40 66 47
40 68 22
41 0 29
41 2 1
41 3 57
41 4 30
41 5 35
41 7 62
41 12 9
41 15 21
41 20 48
41 24 49
41 26 67
41 30 5
41 31 20
41 36 8
41 40 55
41 42 43
41 45 53
41 46 45
41 47 68
41 53 27
41 58 40
41 61 13
41 64 58
42 1 14
42 3 48
42 5 63
42 6 36
42 9 45
42 12 47
42 16 21
42 19 25
42 21 29
42 22 67
42 24 10
42 28 28
42 34 41
42 40 39
42 43 31
42 44 55
42 46 0
42 47 51
42 48 6
42 50 56
42 54 24
42 57 59
42 58 54
42 62 61
42 66 49
42 67 22
42 69 58
43 1 55
43 5 28
43 7 40
43 8 8
43 14 34
43 21 6
43 22 39
43 25 51
43 26 2
43 28 67
43 29 37
43 35 29
43 36 50
43 43 19
43 44 66
43 48 25
43 50 13
43 51 5
43 52 32
43 56 68
43 57 60
43 60 30
43 64 10
44 0 63
44 1 26
44 4 36
44 6 32
44 10 60
44 19 13
44 20 14
44 26 9
44 29 28
44 31 11
44 34 8
44 35 25
44 38 35
44 40 56
44 41 42
44 43 4
44 44 53
44 45 12
44 47 66
44 50 51
44 51 46
44 55 43
44 56 20
44 57 38
44 64 45
44 66 61
44 68 15
45 1 59
45 4 49
45 8 61
45 9 26
45 10 43
45 17 9
45 21 19
45 22 30
45 23 20
45 24 41
45 27 35
45 31 51
45 37 27
45 39 2
45 44 10
45 45 4
45 53 66
45 64 48
45 66 8
45 68 44
46 1 9
46 4 6
46 5 30
46 6 61
46 14 62
46 25 2
46 35 22
46 36 32
46 37 38
46 41 16
46 51 44
46 52 19
46 57 10
46 60 64
46 63 31
46 64 40
46 65 57
46 66 5
46 67 1
47 1 10
47 5 68
47 6 66
47 8 1
47 14 47
47 15 58
47 19 60
47 24 22
47 25 14
47 42 33
47 52 20
47 54 69
47 57 61
47 60 42
47 61 2
47 67 25
48 0 52
48 1 28
48 5 55
48 6 8
48 12 43
48 23 23
48 36 1
48 41 36
48 43 9
48 44 20
48 49 58
48 50 38
48 53 12
48 54 27
48 60 63
48 62 69
48 67 53
48 68 42
49 0 1
49 1 27
49 8 50
49 13 51
49 16 25
49 17 56
49 18 30
49 19 65
49 21 26
49 23 44
49 26 43
49 28 69
49 36 58
49 38 17
49 40 16
49 47 64
49 57 63
49 65 22
49 69 18
50 5 51
50 6 23
50 10 16
50 12 22
50 19 15
50 22 25
50 23 13
50 31 48
50 33 39
50 38 50
50 42 68
50 47 0
50 48 43
50 52 27
50 55 59
50 58 12
50 61 57
50 64 49
50 65 35
51 0 66
51 2 64
51 5 53
51 10 19
51 12 25
51 16 27
51 17 18
51 19 43
51 20 54
51 27 23
51 30 26
51 32 44
51 36 51
51 38 58
51 40 7
51 41 55
51 43 32
51 44 13
51 45 11
51 62 62
51 67 40
52 2 51
52 3 37
52 8 45
52 16 4
52 18 53
52 19 21
52 21 8
52 27 59
52 28 26
52 30 0
52 31 6
52 33 46
52 36 60
52 37 54
52 40 57
52 41 30
52 43 7
52 46 20
52 48 34
52 50 18
52 53 63
52 55 44
52 60 29
52 63 55
52 66 52
53 0 54
53 5 50
53 9 51
53 12 3
53 13 10
53 14 41
53 17 6
53 26 30
53 31 8
53 32 61
53 39 47
53 45 42
53 47 46
53 48 14
53 53 45
53 60 40
53 61 5
53 67 35
54 0 26
54 5 58
54 6 62
54 7 1
54 9 28
54 11 23
54 25 0
54 26 64
54 27 19
54 32 52
54 35 13
54 36 7
54 37 32
54 56 61
54 58 10
54 59 6
54 60 20
54 62 56
54 65 33
54 69 45
55 1 18
55 2 12
55 22 15
55 23 58
55 31 54
55 33 16
55 37 9
55 39 0
55 42 11
55 44 57
55 45 38
55 57 28
55 59 62
55 62 53
55 64 23
55 66 66
55 69 17
56 2 60
56 4 38
56 6 25
56 10 4
56 14 24
56 23 9
56 29 48
56 34 28
56 36 54
56 37 57
56 40 15
56 45 39
56 53 64
56 59 35
56 60 31
56 62 14
56 63 26
56 64 52
57 6 58
57 15 24
57 16 33
57 17 63
57 18 9
57 19 18
57 25 30
57 28 64
57 34 23
57 35 35
57 37 20
57 41 22
57 44 65
57 47 52
57 49 48
57 52 10
57 56 1
57 58 28
57 61 68
57 64 39
57 65 60
57 69 25
58 1 19
58 4 23
58 6 54
58 8 56
58 11 41
58 16 24
58 18 68
58 19 32
58 20 7
58 24 9
58 25 15
58 28 40
58 29 42
58 30 64
58 35 1
58 39 31
58 42 12
58 43 50
58 47 5
58 53 55
58 56 45
58 58 63
58 60 3
58 64 21
58 67 58
58 69 28
59 0 62
59 1 67
59 2 18
59 3 25
59 4 42
59 11 0
59 14 43
59 15 53
59 17 10
59 18 14
59 19 6
59 20 59
59 23 19
59 30 38
59 32 13
59 33 68
59 37 35
59 38 24
59 42 63
59 48 37
59 52 34
59 53 69
59 60 46
59 61 45
59 63 61
59 68 36
60 0 14
60 1 39
60 6 47
60 11 37
60 15 5
60 17 24
60 18 56
60 24 35
60 26 0
60 29 18
60 30 34
60 33 51
60 34 27
60 40 30
60 49 12
60 54 33
60 58 19
60 59 42
60 60 49
60 66 15
61 0 42
61 4 46
61 6 1
61 8 63
61 9 5
61 13 64
61 15 11
61 21 36
61 22 33
61 23 12
61 24 48
61 25 29
61 28 41
61 30 19
61 34 9
61 36 22
61 39 18
61 43 24
61 47 3
61 50 6
61 53 37
61 55 49
61 58 50
61 65 21
61 66 55
61 67 51
61 68 67
61 69 66
62 1 29
62 3 59
62 5 13
62 11 20
62 12 15
62 19 50
62 23 24
62 26 69
62 28 57
62 34 60
62 36 18
62 37 5
62 39 49
62 45 2
62 47 26
62 51 1
62 58 8
62 59 33
62 64 12
62 69 68
63 3 64
63 4 17
63 5 6
63 10 10
63 16 15
63 24 8
63 31 58
63 40 41
63 42 32
63 44 43
63 45 16
63 49 20
63 53 56
63 55 55
63 58 31
63 60 45
63 65 28
64 0 65
64 4 47
64 5 49
64 6 40
64 7 33
64 11 24
64 14 8
64 24 2
64 25 35
64 28 56
64 29 22
64 32 26
64 39 29
64 40 46
64 41 63
64 47 41
64 49 15
64 58 37
65 1 32
65 2 68
65 7 19
65 10 27
65 11 69
65 12 48
65 13 66
65 14 67
65 15 20
65 16 36
65 19 45
65 23 38
65 25 33
65 32 62
65 33 30
65 35 43
65 40 9
65 56 39
65 60 17
65 63 56
65 66 46
65 67 49
66 2 2
66 3 69
66 9 25
66 10 31
66 14 40
66 16 13
66 17 34
66 24 55
66 40 6
66 44 45
66 47 62
66 52 63
66 58 65
66 61 59
66 62 35
66 64 0
66 66 37
66 68 68
67 10 7
67 15 35
67 17 26
67 18 19
67 23 43
67 26 61
67 27 45
67 30 1
67 35 32
67 37 12
67 40 27
67 41 50
67 51 68
67 53 15
67 54 48
67 58 11
67 59 22
67 63 8
67 64 3
67 67 69
67 68 49
67 69 37
68 0 27
68 4 14
68 6 15
68 9 38
68 13 52
68 14 5
68 22 28
68 27 63
68 29 10
68 32 3
68 35 7
68 39 45
68 48 66
68 51 35
68 52 37
68 53 2
68 56 55
68 57 29
68 60 33
68 61 6
68 65 41
69 2 29
69 3 34
69 6 69
69 14 18
69 16 30
69 17 51
69 19 11
69 22 38
69 28 10
69 37 55
69 41 33
69 49 57
69 51 63
69 53 13
69 56 58
69 61 35
69 62 1
69 64 17
69 68 3
