70
0 0 0
0 1 58
0 2 18
0 6 26
0 7 22
0 10 15
0 13 31
0 14 16
0 15 14
0 17 34
0 19 64
0 20 51
0 23 55
0 24 24
0 30 27
0 33 62
0 34 42
0 42 43
0 46 21
0 49 60
0 51 28
0 55 32
0 57 53
0 63 6
0 66 63
0 68 68
0 69 65
1 0 42
1 1 22
1 3 37
1 5 5
1 6 66
1 10 52
1 11 29
1 12 59
1 27 8
1 28 15
1 29 43
1 31 65
1 34 0
1 36 62
1 37 58
1 39 23
1 41 56
1 45 4
1 46 3
1 47 46
1 48 16
1 49 64
1 51 20
1 59 55
1 60 24
1 61 36
1 64 1
1 67 17
1 68 60
1 69 11
2 3 3
2 6 48
2 7 45
2 8 43
2 13 38
2 16 34
2 18 18
2 19 21
2 21 29
2 22 17
2 23 51
2 24 69
2 26 32
2 27 23
2 29 46
2 30 8
2 33 31
2 35 42
2 37 24
2 38 53
2 41 35
2 42 11
2 43 52
2 44 65
2 47 14
2 49 68
2 51 30
2 52 50
2 55 60
2 58 59
2 60 39
2 62 61
2 63 1
2 66 27
2 67 26
3 3 38
3 4 48
3 5 53
3 8 6
3 11 61
3 13 0
3 14 29
3 15 39
3 19 32
3 23 58
3 24 17
3 25 36
3 27 14
3 31 60
3 32 57
3 33 15
3 34 22
3 35 52
3 36 41
3 39 11
3 41 27
3 42 19
3 44 12
3 47 37
3 51 56
3 52 46
3 53 31
3 54 16
3 55 49
3 62 54
3 63 40
3 64 33
3 68 21
4 0 34
4 10 5
4 11 26
4 12 22
4 13 25
4 14 32
4 15 69
4 16 7
4 17 66
4 19 45
4 23 50
4 24 59
4 25 1
4 26 38
4 27 28
4 28 53
4 29 64
4 30 55
4 31 16
4 32 43
4 33 19
4 39 48
4 40 62
4 41 31
4 42 51
4 49 37
4 53 61
4 57 60
4 60 6
4 61 46
4 62 24
4 63 0
4 64 29
4 67 18
4 69 21
5 0 22
5 1 48
5 2 58
5 3 24
5 5 10
5 7 59
5 8 36
5 9 26
5 11 68
5 12 45
5 16 4
5 17 65
5 21 49
5 23 8
5 25 55
5 28 64
5 31 44
5 32 60
5 33 3
5 36 30
5 39 25
5 40 34
5 42 61
5 44 53
5 45 13
5 50 50
5 51 21
5 52 9
5 54 27
5 55 39
5 56 31
5 62 29
5 63 42
5 64 63
5 65 32
5 66 14
6 3 49
6 5 62
6 6 27
6 7 3
6 12 58
6 13 61
6 17 43
6 18 60
6 21 9
6 25 12
6 27 15
6 29 0
6 31 36
6 32 47
6 35 64
6 40 14
6 41 24
6 44 33
6 45 6
6 46 39
6 47 19
6 48 28
6 49 5
6 50 41
6 53 54
6 59 25
6 61 37
6 63 50
6 64 10
6 65 57
7 0 3
7 1 30
7 2 15
7 3 55
7 11 37
7 12 11
7 13 32
7 16 31
7 18 49
7 20 60
7 22 64
7 23 57
7 24 44
7 25 48
7 26 41
7 27 36
7 31 19
7 32 46
7 34 34
7 36 43
7 42 26
7 43 23
7 44 1
7 45 8
7 46 65
7 48 50
7 54 42
7 57 54
7 58 6
7 59 35
7 61 29
7 62 25
7 63 21
7 66 39
7 68 38
7 69 22
8 0 55
8 1 31
8 5 40
8 6 32
8 8 14
8 9 28
8 10 8
8 14 68
8 15 5
8 16 50
8 22 39
8 23 15
8 26 43
8 28 26
8 29 42
8 34 4
8 38 9
8 39 37
8 41 49
8 42 29
8 43 62
8 44 47
8 47 48
8 48 18
8 50 34
8 51 11
8 54 69
8 56 22
8 58 19
8 59 6
8 62 44
8 66 1
8 67 64
8 69 33
9 1 27
9 4 18
9 5 35
9 6 39
9 7 55
9 9 45
9 12 20
9 13 12
9 14 6
9 15 25
9 16 51
9 17 40
9 18 46
9 21 47
9 22 21
9 27 1
9 28 34
9 30 66
9 32 28
9 34 24
9 35 14
9 37 13
9 41 5
9 46 32
9 47 3
9 48 65
9 50 57
9 52 7
9 55 43
9 57 44
9 58 50
9 59 49
9 60 22
9 64 48
9 65 42
9 66 9
9 68 69
10 1 34
10 5 25
10 6 37
10 7 28
10 8 32
10 9 12
10 10 14
10 13 7
10 17 60
10 19 43
10 21 6
10 23 21
10 26 39
10 28 9
10 29 45
10 31 22
10 33 18
10 35 58
10 37 47
10 38 33
10 40 20
10 42 38
10 43 5
10 44 2
10 45 36
10 47 67
10 48 41
10 51 51
10 52 69
10 53 66
10 62 27
10 63 49
10 65 31
10 66 13
10 67 11
10 68 62
10 69 24
11 7 15
11 9 21
11 12 7
11 13 22
11 15 68
11 16 47
11 17 14
11 18 5
11 20 58
11 22 6
11 23 64
11 25 44
11 30 52
11 31 61
11 32 2
11 33 54
11 35 32
11 38 51
11 39 26
11 44 34
11 47 53
11 49 28
11 52 20
11 54 35
11 55 27
11 57 65
11 58 39
11 59 57
11 62 45
11 64 0
11 67 33
11 69 50
12 0 30
12 1 38
12 2 51
12 4 69
12 5 65
12 6 33
12 7 14
12 8 49
12 15 40
12 18 25
12 20 17
12 25 10
12 26 21
12 28 32
12 29 12
12 31 26
12 33 39
12 34 19
12 36 59
12 37 6
12 38 57
12 40 35
12 44 45
12 46 1
12 52 24
12 54 2
12 55 5
12 58 29
12 59 27
12 62 8
12 63 13
12 64 9
12 67 55
12 68 28
13 0 32
13 2 55
13 4 30
13 5 16
13 8 64
13 9 36
13 10 39
13 16 26
13 17 0
13 18 19
13 20 63
13 22 25
13 23 3
13 24 11
13 25 18
13 29 28
13 31 49
13 32 52
13 40 67
13 41 17
13 43 22
13 44 37
13 45 50
13 48 29
13 49 51
13 51 15
13 52 31
13 53 42
13 56 62
13 59 24
13 60 58
13 61 12
13 64 41
13 67 53
13 69 34
14 2 45
14 3 43
14 4 12
14 6 62
14 9 17
14 10 6
14 11 55
14 12 27
14 16 22
14 22 38
14 23 16
14 24 35
14 28 20
14 36 34
14 37 18
14 40 25
14 42 52
14 43 11
14 44 29
14 47 0
14 49 14
14 52 65
14 53 67
14 54 5
14 56 50
14 57 1
14 58 3
14 59 66
14 61 4
14 65 49
14 68 59
14 69 54
15 0 63
15 1 12
15 2 9
15 5 61
15 9 35
15 13 19
15 14 1
15 17 48
15 18 8
15 19 22
15 21 58
15 22 45
15 24 10
15 25 3
15 27 38
15 29 33
15 32 14
15 34 16
15 36 64
15 37 62
15 43 25
15 44 69
15 45 65
15 46 68
15 47 24
15 49 27
15 51 49
15 53 4
15 55 17
15 56 40
15 59 44
15 61 13
15 62 23
15 63 11
15 64 26
15 66 21
16 0 13
16 1 17
16 3 60
16 6 56
16 7 50
16 9 6
16 11 1
16 12 25
16 15 51
16 16 18
16 19 49
16 20 64
16 24 57
16 26 3
16 27 31
16 29 23
16 30 29
16 31 5
16 32 4
16 34 38
16 36 48
16 37 20
16 39 43
16 41 30
16 43 7
16 45 2
16 46 15
16 49 62
16 51 39
16 55 44
16 56 45
16 57 32
16 59 40
16 62 65
16 63 28
16 65 58
16 66 0
16 67 9
16 69 14
17 1 53
17 5 54
17 6 38
17 12 29
17 13 27
17 18 68
17 21 23
17 23 2
17 27 42
17 29 49
17 31 32
17 33 34
17 34 67
17 36 36
17 38 16
17 40 11
17 41 33
17 43 63
17 44 26
17 45 25
17 46 56
17 50 9
17 51 18
17 52 41
17 54 61
17 55 64
17 56 17
17 57 10
17 59 22
17 61 7
17 63 60
17 65 6
17 66 65
17 68 52
17 69 55
18 0 10
18 2 4
18 4 66
18 6 59
18 7 48
18 9 14
18 10 21
18 12 40
18 16 69
18 18 43
18 19 16
18 21 2
18 22 51
18 24 15
18 25 65
18 26 56
18 32 6
18 33 22
18 34 7
18 35 53
18 36 49
18 38 20
18 40 18
18 41 63
18 43 29
18 44 5
18 45 68
18 47 30
18 49 24
18 52 54
18 53 36
18 55 25
18 59 1
18 63 12
18 67 52
18 68 45
18 69 62
19 3 2
19 4 0
19 5 18
19 6 61
19 7 35
19 14 13
19 16 25
19 17 50
19 21 34
19 23 38
19 24 52
19 25 47
19 26 19
19 28 58
19 30 60
19 32 26
19 33 7
19 35 30
19 36 51
19 39 41
19 40 43
19 41 12
19 42 45
19 43 20
19 46 54
19 49 39
19 50 11
19 51 16
19 52 4
19 53 28
19 54 32
19 58 23
19 59 8
19 61 22
19 63 15
19 64 37
19 66 67
19 68 44
20 1 5
20 2 25
20 5 41
20 9 68
20 12 61
20 13 35
20 15 8
20 17 39
20 18 44
20 19 53
20 22 13
20 26 63
20 29 20
20 30 9
20 31 27
20 33 50
20 34 36
20 37 56
20 39 40
20 40 51
20 44 7
20 46 42
20 49 15
20 50 52
20 53 10
20 54 38
20 55 11
20 58 66
20 59 48
20 60 32
20 61 69
20 63 62
20 66 28
20 69 26
21 0 35
21 2 47
21 4 3
21 5 8
21 8 58
21 12 24
21 13 69
21 14 49
21 15 38
21 16 42
21 18 12
21 26 33
21 27 52
21 28 63
21 29 44
21 34 39
21 35 50
21 36 32
21 38 60
21 39 19
21 40 10
21 42 14
21 43 55
21 44 30
21 47 11
21 48 61
21 49 25
21 50 23
21 51 5
21 54 28
21 56 15
21 57 6
21 59 31
21 60 17
21 61 16
21 63 22
21 65 1
21 68 43
21 69 40
22 0 27
22 6 22
22 8 59
22 10 34
22 11 13
22 13 40
22 16 32
22 17 63
22 18 14
22 19 6
22 24 33
22 25 17
22 26 26
22 27 56
22 28 30
22 33 66
22 37 28
22 38 41
22 39 3
22 41 42
22 42 12
22 43 36
22 45 45
22 48 24
22 49 38
22 53 15
22 60 53
22 61 44
22 65 16
22 69 69
23 0 62
23 3 59
23 8 52
23 10 58
23 11 49
23 13 34
23 14 43
23 15 26
23 16 44
23 20 10
23 23 56
23 24 61
23 26 53
23 27 66
23 28 38
23 29 48
23 33 0
23 34 18
23 37 21
23 38 35
23 41 1
23 42 37
23 43 2
23 44 39
23 46 69
23 48 7
23 49 20
23 50 46
23 52 32
23 53 19
23 55 31
23 56 55
23 59 11
23 61 64
23 63 68
23 64 36
23 68 29
24 0 36
24 4 31
24 5 4
24 7 63
24 8 34
24 13 45
24 21 27
24 22 22
24 23 43
24 24 51
24 25 23
24 27 49
24 28 25
24 29 55
24 30 30
24 33 14
24 36 33
24 39 20
24 41 47
24 43 28
24 44 13
24 45 3
24 46 46
24 47 57
24 48 21
24 51 29
24 54 39
24 55 40
24 56 32
24 58 62
24 61 11
24 62 0
24 63 37
24 65 26
24 66 69
24 68 19
24 69 53
25 0 4
25 1 69
25 5 23
25 6 44
25 7 21
25 9 61
25 10 55
25 12 42
25 13 36
25 17 6
25 18 38
25 19 2
25 20 15
25 24 50
25 25 57
25 27 20
25 28 46
25 29 54
25 30 58
25 31 37
25 32 56
25 35 8
25 36 67
25 37 29
25 39 22
25 43 13
25 44 59
25 47 32
25 48 66
25 50 19
25 51 35
25 52 62
25 54 51
25 57 31
25 59 3
25 61 27
25 64 47
26 0 41
26 1 61
26 3 52
26 4 51
26 5 32
26 6 23
26 9 44
26 14 66
26 17 47
26 19 37
26 27 25
26 28 17
26 29 18
26 30 21
26 31 62
26 33 48
26 34 8
26 35 28
26 37 46
26 38 14
26 39 69
26 41 39
26 44 10
26 46 35
26 47 29
26 49 13
26 50 31
26 52 22
26 54 24
26 55 4
26 59 67
26 61 34
26 62 59
26 63 9
26 65 60
26 67 38
26 68 40
26 69 58
27 0 15
27 1 8
27 5 69
27 7 46
27 9 62
27 14 42
27 15 19
27 21 43
27 25 27
27 30 1
27 32 37
27 33 11
27 34 60
27 37 32
27 38 26
27 39 39
27 42 67
27 43 53
27 44 4
27 45 48
27 49 36
27 50 54
27 51 9
27 54 68
27 56 41
27 58 25
27 59 10
27 60 51
27 61 31
27 62 20
27 63 29
27 65 21
27 66 61
27 67 65
27 69 13
28 0 24
28 1 15
28 4 45
28 5 67
28 6 29
28 7 9
28 8 39
28 11 46
28 14 57
28 16 35
28 19 55
28 20 47
28 21 63
28 22 58
28 23 25
28 25 42
28 26 51
28 27 37
28 28 48
28 29 60
28 31 59
28 32 8
28 37 65
28 38 44
28 39 34
28 41 10
28 42 17
28 44 66
28 50 28
28 51 64
28 53 7
28 55 68
28 59 26
28 62 13
28 63 4
28 64 18
29 0 59
29 2 22
29 4 8
29 5 48
29 7 37
29 8 1
29 9 55
29 11 11
29 12 65
29 13 60
29 14 51
29 15 34
29 17 13
29 18 23
29 20 57
29 21 5
29 22 33
29 24 66
29 26 0
29 27 10
29 28 31
29 32 63
29 33 32
29 34 27
29 36 52
29 37 16
29 39 42
29 40 56
29 42 9
29 45 26
29 49 6
29 52 25
29 59 54
29 60 64
29 61 28
29 64 12
29 66 19
29 69 67
30 1 63
30 5 7
30 6 47
30 8 61
30 9 18
30 12 46
30 13 52
30 14 45
30 15 41
30 16 68
30 21 36
30 22 69
30 23 4
30 24 39
30 27 5
30 30 62
30 31 29
30 32 67
30 34 3
30 35 19
30 36 28
30 39 49
30 42 34
30 43 17
30 44 11
30 45 0
30 49 43
30 50 13
30 52 8
30 54 30
30 60 57
30 63 38
30 65 12
31 0 19
31 1 0
31 3 17
31 5 9
31 8 5
31 9 1
31 10 42
31 11 60
31 13 53
31 14 30
31 15 62
31 17 35
31 19 4
31 22 46
31 23 27
31 24 40
31 26 36
31 27 57
31 28 69
31 31 11
31 33 37
31 34 61
31 35 16
31 36 22
31 37 25
31 38 34
31 45 32
31 47 10
31 48 59
31 50 65
31 52 6
31 54 41
31 56 68
31 60 50
31 62 49
31 63 39
31 64 20
31 65 8
31 67 24
31 69 23
32 0 38
32 1 52
32 2 32
32 3 45
32 4 47
32 5 36
32 8 41
32 9 64
32 10 54
32 15 23
32 16 53
32 17 33
32 19 65
32 21 50
32 26 61
32 27 6
32 32 20
32 33 46
32 35 40
32 36 58
32 40 42
32 41 55
32 43 26
32 44 56
32 45 5
32 47 44
32 48 48
32 49 7
32 50 27
32 51 37
32 52 59
32 57 11
32 58 13
32 62 10
32 65 66
32 66 68
32 67 35
32 68 25
33 1 21
33 3 61
33 5 22
33 8 18
33 9 46
33 10 51
33 13 10
33 15 53
33 16 27
33 19 67
33 21 37
33 22 29
33 23 12
33 25 34
33 27 55
33 29 59
33 31 6
33 36 60
33 37 52
33 39 62
33 41 2
33 43 64
33 45 20
33 50 3
33 54 48
33 57 40
33 58 31
33 60 13
33 61 33
33 62 7
33 67 4
33 69 66
34 1 4
34 3 15
34 6 28
34 9 0
34 11 65
34 15 22
34 17 69
34 21 45
34 24 25
34 30 39
34 33 6
34 35 49
34 38 64
34 39 58
34 40 44
34 42 35
34 43 51
34 45 17
34 46 47
34 47 40
34 48 43
34 49 57
34 51 24
34 54 14
34 55 67
34 57 34
34 58 9
34 59 7
34 60 37
34 62 53
34 63 46
34 64 27
35 2 59
35 3 8
35 4 9
35 6 14
35 8 50
35 9 15
35 10 47
35 13 49
35 15 0
35 19 33
35 21 44
35 23 18
35 24 34
35 26 48
35 28 6
35 34 17
35 35 62
35 36 27
35 38 43
35 39 65
35 43 46
35 44 52
35 49 66
35 50 67
35 51 61
35 53 53
35 54 19
35 55 1
35 59 23
35 60 5
35 61 25
35 64 42
35 65 39
36 3 39
36 5 52
36 9 59
36 12 62
36 13 43
36 14 56
36 15 17
36 18 30
36 19 63
36 21 53
36 24 58
36 30 16
36 31 33
36 32 34
36 34 2
36 35 46
36 38 65
36 40 37
36 41 51
36 42 3
36 44 27
36 45 7
36 47 12
36 49 21
36 52 23
36 53 57
36 57 9
36 60 40
36 62 67
36 64 45
36 65 5
36 66 35
36 69 15
37 0 18
37 2 40
37 3 20
37 4 64
37 5 45
37 12 26
37 13 66
37 15 12
37 16 56
37 17 29
37 21 16
37 22 60
37 24 14
37 26 13
37 36 17
37 37 54
37 38 28
37 39 32
37 43 19
37 44 55
37 46 53
37 47 47
37 48 34
37 51 25
37 52 67
37 53 44
37 54 59
37 55 8
37 56 1
37 58 46
37 59 21
37 60 2
37 62 69
37 64 49
37 65 0
37 67 37
37 69 38
38 2 24
38 3 10
38 4 11
38 5 66
38 8 23
38 10 4
38 13 2
38 15 9
38 16 40
38 18 41
38 19 13
38 20 46
38 22 48
38 24 20
38 25 16
38 27 61
38 28 28
38 32 3
38 37 19
38 39 29
38 41 68
38 43 33
38 44 60
38 46 59
38 47 8
38 48 14
38 50 17
38 53 32
38 54 49
38 57 5
38 58 63
38 59 0
38 60 7
38 62 6
38 63 52
38 65 51
38 66 25
38 67 50
38 69 30
39 0 28
39 3 57
39 4 14
39 5 51
39 7 44
39 9 23
39 14 52
39 16 65
39 17 15
39 18 22
39 24 27
39 26 34
39 28 50
39 30 47
39 32 36
39 36 68
39 38 55
39 39 64
39 40 6
39 41 21
39 42 49
39 45 42
39 46 18
39 47 41
39 48 11
39 49 1
39 52 26
39 54 40
39 55 62
39 57 45
39 60 69
39 61 39
39 62 33
39 64 61
39 66 48
39 68 4
39 69 63
40 0 54
40 7 58
40 8 26
40 10 49
40 12 36
40 13 16
40 15 52
40 17 44
40 18 59
40 19 48
40 25 38
40 27 7
40 29 69
40 31 64
40 33 53
40 38 12
40 39 15
40 40 31
40 43 10
40 44 46
40 46 8
40 52 2
40 54 67
40 55 35
40 56 9
40 57 68
40 58 37
40 61 50
40 62 42
40 63 32
40 68 14
40 69 3
41 0 40
41 3 69
41 6 52
41 7 33
41 10 35
41 12 31
41 15 59
41 16 43
41 18 67
41 19 27
41 23 23
41 24 1
41 26 29
41 28 42
41 30 13
41 32 41
41 33 64
41 35 4
41 37 9
41 38 50
41 39 24
41 40 65
41 41 46
41 42 20
41 44 36
41 45 44
41 47 18
41 49 26
41 51 10
41 55 61
41 58 8
41 59 30
41 60 12
41 61 5
41 64 11
41 65 22
41 67 19
41 68 34
42 0 9
42 1 59
42 2 28
42 3 46
42 7 32
42 10 44
42 11 63
42 12 10
42 14 47
42 18 13
42 19 60
42 20 36
42 24 45
42 25 14
42 28 7
42 30 53
42 33 16
42 34 11
42 36 29
42 38 42
42 43 6
42 44 64
42 45 56
42 47 31
42 48 30
42 49 52
42 52 40
42 53 35
42 55 24
42 56 8
42 57 12
42 58 5
42 59 41
42 62 17
42 65 68
42 67 21
42 69 0
43 1 47
43 2 50
43 3 23
43 4 24
43 5 29
43 6 35
43 7 19
43 9 9
43 11 2
43 13 6
43 14 22
43 18 45
43 20 8
43 23 54
43 24 60
43 25 15
43 26 18
43 27 46
43 30 57
43 33 38
43 34 62
43 35 25
43 36 7
43 40 48
43 41 4
43 42 65
43 44 63
43 45 28
43 49 53
43 51 3
43 54 1
43 55 21
43 57 17
43 58 56
43 59 64
43 60 61
43 61 40
43 63 59
43 64 52
43 65 44
44 0 1
44 1 37
44 2 52
44 3 40
44 4 26
44 5 38
44 8 48
44 9 10
44 13 23
44 14 60
44 15 54
44 16 21
44 17 64
44 19 35
44 21 20
44 24 63
44 30 24
44 35 15
44 38 2
44 39 66
44 40 27
44 44 0
44 46 31
44 52 3
44 56 42
44 64 68
44 65 17
44 68 13
45 1 67
45 2 23
45 3 51
45 4 7
45 5 0
45 9 41
45 11 62
45 12 33
45 13 54
45 14 28
45 16 59
45 18 58
45 19 20
45 20 66
45 22 15
45 23 19
45 25 60
45 26 64
45 28 4
45 30 50
45 31 52
45 36 26
45 40 61
45 42 25
45 43 27
45 44 8
45 45 16
45 47 49
45 48 68
45 51 34
45 53 14
45 54 3
45 56 39
45 57 47
45 58 35
45 59 18
45 60 42
45 62 31
45 65 13
46 1 44
46 3 16
46 4 63
46 5 31
46 6 11
46 8 46
46 11 35
46 13 26
46 14 69
46 15 61
46 20 14
46 21 22
46 23 13
46 26 57
46 27 12
46 33 28
46 36 65
46 40 39
46 43 68
46 47 27
46 51 66
46 52 53
46 53 2
46 55 23
46 56 10
46 60 49
46 62 34
46 63 58
46 64 40
47 4 22
47 5 21
47 6 10
47 7 30
47 9 38
47 10 63
47 12 23
47 15 7
47 17 25
47 19 31
47 20 1
47 22 54
47 23 14
47 24 18
47 25 29
47 26 35
47 28 40
47 32 39
47 33 49
47 36 55
47 38 67
47 42 32
47 45 53
47 46 5
47 49 58
47 50 20
47 51 59
47 52 16
47 54 65
47 55 34
47 59 46
47 60 8
47 61 62
47 66 47
47 67 41
47 68 12
48 1 3
48 3 30
48 5 57
48 7 7
48 8 66
48 9 43
48 11 16
48 12 12
48 13 14
48 14 48
48 15 31
48 17 17
48 18 64
48 22 11
48 24 46
48 27 22
48 28 68
48 29 61
48 30 41
48 31 4
48 35 51
48 36 53
48 38 6
48 40 13
48 41 26
48 42 2
48 44 18
48 45 49
48 46 37
48 49 65
48 51 44
48 52 39
48 53 45
48 54 58
48 56 56
48 57 29
48 58 15
48 60 54
48 62 9
48 68 50
49 1 66
49 2 39
49 4 53
49 5 56
49 7 65
49 9 16
49 11 51
49 12 49
49 13 50
49 17 3
49 18 9
49 22 7
49 26 10
49 27 18
49 28 36
49 30 34
49 31 43
49 33 13
49 35 45
49 36 1
49 37 64
49 41 19
49 42 41
49 43 60
49 49 31
49 51 32
49 54 26
49 55 55
49 56 25
49 61 17
49 62 37
49 65 59
49 66 58
49 68 23
50 0 66
50 1 11
50 2 2
50 3 22
50 4 65
50 5 49
50 6 67
50 7 29
50 12 51
50 14 34
50 16 39
50 19 36
50 21 32
50 22 5
50 23 41
50 24 31
50 28 0
50 29 26
50 30 48
50 33 30
50 34 64
50 39 17
50 42 40
50 43 18
50 44 61
50 45 55
50 47 38
50 49 45
50 51 13
50 52 57
50 53 46
50 55 52
50 56 58
50 57 14
50 59 9
50 63 23
50 64 16
50 67 8
51 0 48
51 4 13
51 6 12
51 7 54
51 8 30
51 9 40
51 10 1
51 12 56
51 14 36
51 16 49
51 17 4
51 20 9
51 21 11
51 23 44
51 24 68
51 26 7
51 27 45
51 29 10
51 32 24
51 33 23
51 35 17
51 38 66
51 39 31
51 41 18
51 44 6
51 48 52
51 50 21
51 54 64
51 57 63
51 58 47
51 61 57
51 63 8
51 64 55
51 69 60
52 0 67
52 1 26
52 2 13
52 6 43
52 7 62
52 8 29
52 10 17
52 11 45
52 14 2
52 16 11
52 17 27
52 18 24
52 19 61
52 20 53
52 23 5
52 26 54
52 27 44
52 28 47
52 30 69
52 32 49
52 39 9
52 41 38
52 44 40
52 45 60
52 46 0
52 47 65
52 51 4
52 56 6
52 62 52
52 63 57
52 65 28
52 67 30
52 69 48
53 1 42
53 3 18
53 4 62
53 5 44
53 6 36
53 9 49
53 12 4
53 14 25
53 15 30
53 17 1
53 18 56
53 20 40
53 24 54
53 26 28
53 28 22
53 29 14
53 31 69
53 32 23
53 36 15
53 39 68
53 41 34
53 43 66
53 45 35
53 47 39
53 49 48
53 51 38
53 53 3
53 55 7
53 57 21
53 59 43
53 60 20
53 61 52
53 62 19
53 64 57
53 65 65
53 69 31
54 0 23
54 1 14
54 2 38
54 3 34
54 8 11
54 10 59
54 11 24
54 14 5
54 15 37
54 17 36
54 18 3
54 20 65
54 21 18
54 22 57
54 26 4
54 28 51
54 29 6
54 30 10
54 31 68
54 33 56
54 35 7
54 36 39
54 37 50
54 41 40
54 43 21
54 45 54
54 47 60
54 49 16
54 51 52
54 52 17
54 56 2
54 59 58
54 61 42
54 63 31
54 64 64
54 66 53
54 67 0
54 69 12
55 1 18
55 2 61
55 3 9
55 4 6
55 5 19
55 8 16
55 10 48
55 11 22
55 12 0
55 13 13
55 15 32
55 16 33
55 18 42
55 19 3
55 21 62
55 23 36
55 28 59
55 30 7
55 31 14
55 33 21
55 35 29
55 43 30
55 44 15
55 50 51
55 51 43
55 58 41
55 60 11
55 61 47
55 62 50
55 63 45
55 64 23
55 65 40
55 66 44
55 67 12
55 68 24
55 69 64
56 0 50
56 3 67
56 4 46
56 6 5
56 8 65
56 11 21
56 14 39
56 18 66
56 22 24
56 24 9
56 26 20
56 27 59
56 28 62
56 30 19
56 31 23
56 32 0
56 35 37
56 36 69
56 37 3
56 39 10
56 45 18
56 47 17
56 51 45
56 52 34
56 53 60
56 54 4
56 56 38
56 58 51
56 59 14
56 62 55
56 64 53
56 65 64
56 68 16
57 0 68
57 2 5
57 4 67
57 5 20
57 8 47
57 11 4
57 12 14
57 15 10
57 17 42
57 18 53
57 21 35
57 22 31
57 23 33
57 24 30
57 28 61
57 30 32
57 31 39
57 33 41
57 35 59
57 37 69
57 38 13
57 44 28
57 51 17
57 52 66
57 53 37
57 54 9
57 55 50
57 57 51
57 59 34
57 63 3
57 65 48
57 67 62
58 0 49
58 1 40
58 4 42
58 5 12
58 6 25
58 8 37
58 9 33
58 10 0
58 11 48
58 13 46
58 14 24
58 15 58
58 16 9
58 17 20
58 18 29
58 20 16
58 24 6
58 28 10
58 30 51
58 33 43
58 35 21
58 40 32
58 41 60
58 45 34
58 48 69
58 50 36
58 51 23
58 52 13
58 56 66
58 57 67
58 58 45
58 59 53
58 60 68
58 65 54
58 67 22
58 68 5
58 69 19
59 0 17
59 2 65
59 3 63
59 5 42
59 6 9
59 7 4
59 9 29
59 11 69
59 13 5
59 14 59
59 15 21
59 17 61
59 18 15
59 21 1
59 22 53
59 28 12
59 32 31
59 33 52
59 35 10
59 37 23
59 39 54
59 41 37
59 42 22
59 44 57
59 48 36
59 51 60
59 59 32
59 60 18
59 62 43
59 63 67
59 65 34
59 66 6
60 0 44
60 6 69
60 9 39
60 10 24
60 15 13
60 16 58
60 17 18
60 18 27
60 20 37
60 21 60
60 22 56
60 23 20
60 25 52
60 26 23
60 27 34
60 28 33
60 29 66
60 31 54
60 32 25
60 34 10
60 38 29
60 39 59
60 41 11
60 43 0
60 44 51
60 45 9
60 46 43
60 48 32
60 50 30
60 51 6
60 56 61
60 57 16
60 58 7
60 60 15
60 62 46
60 63 64
60 64 62
60 66 3
60 68 2
61 2 37
61 3 65
61 4 54
61 5 59
61 6 0
61 9 13
61 11 39
61 13 48
61 14 64
61 16 5
61 21 67
61 22 55
61 24 3
61 26 66
61 29 21
61 30 42
61 32 7
61 33 68
61 34 15
61 35 38
61 40 33
61 44 23
61 45 46
61 46 24
61 47 34
61 48 60
61 49 69
61 50 43
61 51 1
61 52 10
61 53 11
61 54 12
61 56 52
61 58 53
61 59 17
61 60 19
61 62 62
61 64 28
61 66 26
62 2 35
62 3 5
62 4 49
62 7 18
62 8 17
62 10 22
62 11 40
62 15 63
62 16 67
62 17 62
62 19 7
62 23 34
62 24 37
62 29 1
62 34 69
62 41 65
62 45 31
62 46 57
62 48 3
62 49 23
62 52 68
62 53 9
62 54 15
62 56 13
62 59 28
62 61 10
62 62 32
62 64 50
62 68 47
63 0 60
63 2 46
63 3 19
63 7 12
63 11 0
63 13 11
63 16 13
63 17 52
63 18 31
63 22 50
63 23 28
63 25 7
63 26 40
63 27 30
63 29 16
63 31 42
63 37 15
63 41 8
63 46 61
63 49 32
63 50 24
63 51 48
63 54 47
63 55 37
63 57 59
63 59 29
63 60 10
63 61 6
63 62 36
63 64 51
63 65 67
63 66 22
64 0 12
64 2 11
64 3 58
64 6 24
64 7 64
64 8 15
64 9 32
64 10 33
64 11 6
64 26 44
64 27 47
64 30 26
64 32 17
64 34 53
64 36 20
64 37 5
64 38 40
64 39 38
64 40 69
64 41 23
64 43 42
64 44 43
64 46 4
64 47 68
64 48 49
64 49 55
64 50 39
64 51 14
64 54 63
64 56 0
64 59 61
64 60 31
64 61 60
64 62 2
64 64 22
64 67 27
64 68 57
64 69 45
65 2 7
65 7 40
65 9 3
65 11 31
65 14 35
65 18 6
65 21 46
65 27 33
65 30 64
65 32 58
65 35 36
65 41 0
65 42 1
65 43 50
65 44 14
65 46 19
65 48 42
65 50 26
65 53 23
65 54 22
65 55 41
65 56 29
65 58 48
65 60 45
65 61 53
65 62 63
65 63 30
65 64 17
65 67 10
65 68 39
66 0 39
66 1 55
66 3 27
66 5 13
66 6 63
66 8 28
66 9 52
66 14 46
66 15 64
66 19 0
66 22 10
66 23 60
66 24 4
66 27 21
66 28 37
66 30 20
66 31 50
66 34 68
66 35 65
66 36 38
66 37 66
66 39 53
66 41 29
66 45 62
66 48 12
66 50 44
66 56 26
66 63 51
66 64 32
66 68 31
67 5 47
67 6 58
67 7 43
67 8 40
67 9 53
67 10 9
67 12 54
67 14 50
67 15 48
67 18 65
67 22 37
67 23 69
67 25 59
67 27 51
67 28 5
67 29 3
67 30 61
67 31 34
67 32 16
67 35 0
67 36 46
67 38 1
67 39 52
67 40 2
67 47 36
67 49 42
67 51 57
67 52 29
67 54 13
67 55 12
67 58 17
67 59 39
67 60 14
67 63 33
67 65 18
67 68 55
67 69 56
68 0 58
68 4 15
68 7 6
68 8 67
68 9 37
68 10 2
68 11 12
68 12 28
68 17 22
68 23 10
68 24 47
68 26 69
68 27 53
68 34 9
68 35 20
68 36 3
68 37 68
68 38 5
68 39 7
68 42 64
68 44 32
68 47 52
68 48 38
68 50 8
68 58 0
68 59 51
68 60 59
68 61 56
68 62 48
68 64 44
68 67 39
68 68 46
68 69 1
69 3 31
69 4 61
69 5 63
69 6 20
69 7 27
69 8 10
69 12 16
69 13 39
69 14 21
69 16 1
69 17 5
69 18 32
69 21 3
69 22 34
69 23 17
69 25 6
69 26 58
69 28 55
69 32 68
69 39 67
69 40 8
69 41 64
69 42 69
69 43 56
69 46 62
69 47 59
69 51 12
69 53 25
69 56 36
69 58 14
69 61 45
69 63 41
69 64 7
69 65 37
69 66 57
69 67 13
69 68 15
69 69 51
