60
0 0 37
0 1 34
0 2 48
0 4 6
0 5 13
0 6 21
0 8 38
0 9 5
0 11 53
0 12 4
0 13 1
0 14 44
0 15 56
0 17 0
0 18 29
0 19 58
0 20 31
0 21 25
0 22 22
0 23 24
0 25 51
0 26 43
0 28 33
0 32 19
0 33 8
0 35 42
0 38 7
0 39 39
0 40 3
0 41 57
0 42 35
0 44 18
0 45 47
0 46 10
0 47 23
0 49 15
0 50 50
0 51 16
0 52 27
0 54 32
0 57 2
1 0 55
1 1 51
1 2 14
1 3 31
1 4 48
1 6 33
1 7 40
1 8 5
1 9 11
1 10 3
1 11 57
1 14 12
1 15 9
1 16 46
1 19 41
1 20 47
1 21 32
1 22 37
1 23 27
1 24 59
1 25 10
1 27 13
1 28 25
1 30 49
1 31 56
1 33 54
1 34 29
1 35 19
1 36 35
1 38 43
1 39 45
1 42 58
1 43 50
1 44 53
1 47 30
1 48 44
1 49 4
1 50 22
1 51 15
1 53 21
1 54 38
1 55 23
1 57 0
1 58 8
1 59 39
2 0 13
2 1 43
2 2 5
2 3 53
2 4 47
2 5 42
2 6 59
2 7 28
2 8 26
2 9 7
2 11 49
2 12 16
2 17 44
2 19 37
2 20 38
2 21 50
2 22 46
2 23 12
2 24 22
2 26 32
2 27 9
2 29 27
2 30 2
2 31 55
2 32 54
2 33 0
2 37 11
2 38 23
2 39 1
2 40 56
2 41 4
2 44 48
2 45 15
2 46 31
2 48 52
2 49 45
2 51 57
2 52 58
2 53 34
2 54 3
2 55 35
2 57 33
2 58 10
3 0 45
3 1 53
3 2 50
3 4 13
3 5 59
3 6 32
3 7 56
3 8 44
3 10 9
3 11 12
3 13 41
3 14 25
3 15 10
3 16 20
3 17 3
3 18 40
3 20 36
3 21 23
3 24 5
3 26 54
3 27 51
3 28 57
3 29 17
3 30 55
3 31 22
3 32 18
3 33 38
3 34 33
3 35 39
3 36 24
3 38 47
3 41 6
3 43 29
3 45 48
3 47 34
3 48 21
3 49 1
3 51 52
3 52 35
3 54 4
3 56 43
3 57 30
3 58 16
3 59 19
4 0 5
4 2 42
4 3 33
4 5 38
4 7 25
4 9 0
4 10 34
4 11 16
4 12 47
4 14 37
4 15 29
4 16 50
4 17 57
4 18 14
4 19 59
4 20 54
4 23 4
4 24 30
4 27 28
4 28 39
4 29 35
4 30 48
4 31 46
4 32 13
4 33 58
4 34 44
4 35 27
4 36 9
4 39 24
4 40 20
4 41 19
4 42 56
4 43 40
4 48 32
4 49 26
4 50 18
4 52 23
4 53 53
4 58 52
4 59 45
5 0 6
5 1 26
5 2 44
5 3 10
5 4 4
5 5 47
5 6 18
5 7 1
5 8 2
5 10 53
5 12 12
5 13 23
5 14 48
5 17 11
5 20 17
5 21 15
5 22 40
5 23 16
5 25 54
5 27 36
5 29 55
5 35 31
5 36 13
5 37 32
5 39 59
5 40 25
5 41 58
5 42 49
5 44 52
5 45 39
5 47 20
5 48 14
5 50 8
5 51 28
5 52 42
5 53 38
5 56 21
5 57 19
5 58 7
6 0 22
6 1 24
6 3 59
6 4 20
6 5 4
6 6 15
6 7 23
6 9 39
6 10 50
6 11 11
6 12 44
6 13 27
6 14 47
6 17 31
6 18 55
6 19 1
6 20 52
6 22 49
6 23 48
6 24 54
6 25 35
6 27 33
6 29 16
6 30 12
6 31 43
6 33 32
6 34 2
6 35 46
6 36 37
6 38 21
6 39 18
6 41 36
6 42 53
6 45 5
6 47 25
6 48 30
6 50 29
6 51 0
6 52 51
6 54 28
6 55 14
6 57 45
6 58 40
6 59 8
7 1 36
7 2 11
7 3 47
7 4 37
7 5 0
7 6 41
7 8 24
7 9 48
7 10 39
7 11 3
7 12 55
7 16 33
7 17 8
7 21 6
7 22 53
7 23 56
7 25 44
7 26 25
7 29 57
7 32 49
7 33 35
7 34 51
7 35 10
7 36 32
7 38 19
7 39 42
7 40 43
7 42 27
7 43 17
7 44 22
7 46 29
7 47 4
7 49 21
7 51 13
7 52 45
7 53 9
7 54 52
7 55 15
7 57 14
7 58 2
7 59 38
8 2 16
8 4 9
8 5 20
8 6 42
8 7 46
8 9 4
8 12 52
8 14 33
8 15 39
8 17 50
8 18 12
8 19 14
8 22 48
8 23 54
8 24 41
8 25 49
8 27 15
8 29 18
8 30 22
8 32 43
8 34 25
8 35 6
8 36 19
8 37 3
8 38 11
8 39 34
8 41 53
8 42 21
8 43 32
8 44 59
8 45 1
8 46 44
8 47 17
8 48 26
8 49 2
8 50 10
8 52 30
8 53 23
8 55 8
8 57 37
8 58 5
8 59 27
9 0 8
9 1 19
9 4 26
9 7 34
9 9 1
9 10 4
9 11 46
9 12 14
9 13 39
9 14 58
9 17 54
9 18 33
9 20 50
9 22 55
9 23 53
9 24 0
9 26 59
9 27 27
9 28 3
9 29 22
9 30 5
9 31 35
9 33 11
9 35 20
9 37 9
9 38 57
9 39 12
9 40 6
9 41 10
9 43 24
9 44 29
9 46 36
9 51 44
9 52 17
9 53 13
9 54 37
9 57 21
10 0 11
10 1 59
10 2 29
10 4 18
10 6 17
10 7 58
10 8 30
10 9 53
10 11 6
10 12 56
10 13 26
10 14 20
10 15 31
10 16 0
10 17 37
10 20 43
10 21 9
10 23 19
10 24 8
10 26 7
10 29 47
10 30 4
10 32 28
10 33 39
10 34 52
10 35 13
10 37 41
10 38 42
10 39 48
10 41 12
10 42 22
10 43 55
10 44 10
10 45 40
10 50 23
10 51 49
10 52 16
10 53 25
10 54 27
10 57 36
10 58 51
10 59 1
11 1 39
11 3 43
11 4 1
11 6 24
11 7 50
11 8 28
11 9 14
11 11 31
11 12 40
11 13 19
11 14 55
11 15 37
11 17 58
11 19 27
11 20 22
11 21 8
11 22 11
11 23 25
11 24 45
11 25 56
11 26 6
11 27 54
11 28 46
11 29 53
11 30 30
11 31 3
11 33 4
11 34 26
11 35 32
11 36 23
11 37 21
11 39 41
11 40 9
11 41 0
11 43 35
11 45 34
11 46 57
11 47 5
11 49 47
11 50 2
11 52 49
11 54 17
11 56 42
11 59 48
12 0 46
12 1 12
12 2 55
12 3 8
12 4 25
12 5 27
12 6 40
12 7 43
12 8 23
12 9 54
12 10 49
12 12 31
12 13 7
12 14 51
12 16 58
12 18 3
12 19 38
12 20 9
12 22 56
12 23 33
12 24 35
12 25 26
12 26 20
12 27 47
12 28 32
12 29 6
12 31 19
12 32 0
12 34 45
12 37 42
12 38 2
12 39 52
12 40 13
12 42 34
12 45 28
12 46 4
12 47 36
12 49 24
12 50 57
12 51 53
12 52 21
12 53 16
12 55 11
12 58 37
12 59 50
13 0 43
13 2 13
13 3 56
13 4 22
13 5 31
13 7 41
13 9 2
13 10 38
13 11 10
13 13 17
13 15 8
13 16 6
13 18 30
13 20 12
13 21 21
13 23 20
13 25 15
13 26 5
13 28 27
13 29 58
13 31 25
13 32 57
13 34 47
13 37 19
13 38 48
13 39 36
13 42 54
13 43 14
13 45 0
13 46 50
13 47 37
13 48 3
13 50 28
13 51 18
13 53 39
13 54 16
13 55 29
13 56 53
13 58 23
13 59 11
14 0 56
14 1 8
14 2 19
14 3 38
14 4 5
14 5 29
14 6 57
14 8 54
14 9 36
14 10 58
14 11 44
14 12 13
14 13 43
14 15 14
14 16 2
14 18 34
14 19 22
14 20 24
14 21 45
14 22 17
14 24 21
14 26 0
14 28 55
14 29 46
14 31 7
14 32 20
14 34 6
14 35 37
14 36 53
14 38 30
14 39 4
14 40 27
14 41 9
14 43 10
14 44 28
14 45 41
14 46 26
14 47 15
14 48 35
14 50 49
14 52 48
14 53 12
14 54 1
14 55 25
14 56 11
14 57 23
14 58 42
15 1 46
15 4 32
15 5 12
15 6 48
15 9 52
15 10 1
15 11 13
15 13 24
15 14 0
15 17 27
15 18 53
15 19 50
15 22 30
15 23 55
15 24 7
15 25 2
15 26 41
15 27 49
15 28 35
15 30 6
15 31 51
15 32 15
15 33 10
15 34 8
15 35 40
15 36 39
15 37 20
15 40 54
15 42 59
15 45 37
15 46 16
15 49 25
15 50 47
15 53 43
15 54 31
15 56 18
15 58 56
15 59 4
16 0 52
16 1 32
16 3 7
16 4 42
16 6 14
16 7 47
16 8 27
16 9 21
16 12 41
16 13 58
16 14 22
16 15 13
16 16 36
16 19 5
16 22 8
16 23 34
16 24 25
16 26 55
16 27 6
16 29 15
16 31 2
16 33 18
16 34 23
16 35 0
16 36 51
16 38 16
16 40 59
16 41 28
16 42 30
16 44 44
16 45 53
16 47 38
16 49 17
16 51 1
16 52 56
16 53 57
16 55 54
16 56 50
16 57 31
16 59 10
17 2 9
17 3 3
17 5 21
17 7 18
17 8 39
17 9 37
17 10 6
17 11 41
17 12 28
17 13 48
17 14 26
17 15 55
17 16 25
17 17 22
17 18 32
17 20 46
17 21 33
17 22 23
17 23 30
17 25 0
17 26 44
17 27 19
17 28 40
17 29 45
17 31 49
17 37 17
17 39 50
17 40 52
17 41 13
17 43 20
17 44 35
17 45 8
17 46 7
17 47 31
17 48 24
17 49 36
17 51 12
17 52 54
17 54 57
17 55 4
17 58 14
17 59 43
18 1 50
18 2 23
18 3 36
18 4 41
18 6 20
18 7 27
18 8 6
18 9 31
18 10 42
18 11 9
18 12 18
18 13 21
18 15 15
18 17 4
18 18 54
18 21 29
18 22 44
18 23 7
18 24 33
18 25 57
18 26 45
18 27 40
18 29 30
18 32 10
18 33 46
18 35 26
18 36 59
18 37 2
18 39 43
18 43 22
18 46 17
18 47 58
18 48 12
18 50 1
18 51 3
18 52 37
18 53 49
18 54 34
18 55 51
18 56 5
18 57 56
18 58 0
18 59 28
19 1 38
19 2 30
19 4 21
19 7 16
19 8 10
19 9 51
19 11 19
19 12 32
19 18 23
19 19 12
19 20 4
19 21 40
19 22 42
19 23 58
19 25 22
19 26 14
19 27 1
19 30 27
19 32 48
19 33 43
19 34 31
19 35 56
19 36 0
19 37 35
19 39 15
19 41 11
19 42 46
19 43 41
19 44 45
19 46 8
19 48 13
19 50 33
19 51 37
19 52 29
19 53 5
19 54 39
19 55 18
19 56 25
19 57 34
19 58 3
19 59 53
20 1 17
20 2 10
20 3 14
20 4 53
20 5 2
20 7 6
20 9 27
20 10 13
20 13 11
20 14 54
20 15 35
20 16 16
20 17 55
20 18 41
20 21 7
20 22 4
20 23 9
20 25 1
20 26 21
20 27 37
20 28 20
20 29 8
20 30 58
20 32 52
20 33 48
20 34 56
20 35 25
20 36 12
20 37 28
20 39 57
20 40 31
20 41 44
20 42 18
20 43 34
20 45 36
20 47 50
20 48 51
20 49 32
20 50 46
20 51 33
20 53 30
20 54 26
20 55 3
20 57 5
20 59 22
21 0 28
21 2 3
21 3 4
21 4 15
21 5 58
21 7 12
21 11 36
21 12 42
21 13 14
21 14 9
21 15 19
21 16 29
21 17 26
21 18 43
21 19 24
21 20 37
21 21 52
21 24 2
21 27 41
21 28 8
21 33 49
21 35 23
21 36 48
21 37 22
21 38 34
21 39 51
21 40 44
21 42 57
21 43 53
21 44 25
21 45 7
21 47 40
21 49 5
21 50 31
21 52 1
21 53 10
21 55 27
21 56 46
21 58 32
21 59 21
22 0 58
22 1 11
22 2 8
22 5 3
22 6 28
22 7 7
22 8 4
22 10 48
22 11 52
22 12 53
22 13 59
22 14 18
22 15 51
22 16 17
22 19 55
22 20 13
22 22 43
22 23 47
22 25 45
22 26 35
22 27 10
22 29 14
22 31 30
22 32 21
22 34 36
22 37 12
22 38 0
22 39 38
22 40 16
22 42 26
22 43 39
22 45 20
22 46 15
22 48 23
22 50 32
22 51 42
22 55 6
22 57 46
22 58 54
22 59 37
23 0 23
23 1 44
23 2 36
23 3 35
23 4 43
23 5 19
23 6 52
23 8 3
23 10 8
23 11 29
23 12 7
23 13 32
23 14 13
23 16 4
23 18 31
23 19 33
23 21 14
23 22 51
23 25 38
23 27 2
23 28 47
23 30 53
23 31 58
23 32 1
23 33 24
23 34 54
23 38 12
23 40 46
23 41 34
23 42 10
23 43 28
23 46 22
23 47 56
23 48 17
23 49 30
23 50 9
23 52 55
23 53 6
23 56 49
23 57 40
23 58 27
23 59 59
24 0 50
24 1 7
24 3 42
24 4 45
24 7 44
24 8 8
24 10 21
24 11 18
24 12 1
24 13 29
24 14 27
24 15 43
24 16 48
24 17 23
24 19 52
24 20 35
24 21 49
24 22 39
24 23 32
24 24 28
24 25 20
24 26 19
24 27 53
24 29 31
24 30 54
24 31 11
24 32 55
24 36 22
24 37 4
24 39 46
24 40 40
24 41 47
24 42 6
24 43 0
24 44 13
24 45 17
24 47 26
24 48 56
24 51 9
24 53 14
24 54 58
24 55 37
24 56 3
24 57 16
24 59 41
25 1 33
25 2 56
25 3 39
25 5 46
25 6 10
25 7 22
25 8 34
25 9 40
25 10 31
25 11 2
25 12 17
25 13 28
25 16 49
25 19 48
25 20 5
25 21 59
25 22 32
25 23 8
25 24 50
25 26 3
25 27 25
25 29 29
25 30 26
25 31 21
25 34 0
25 35 16
25 36 11
25 37 47
25 39 14
25 40 53
25 42 13
25 43 52
25 44 30
25 45 6
25 46 27
25 47 18
25 49 44
25 50 37
25 53 15
25 54 12
25 57 58
25 58 24
25 59 57
26 1 6
26 2 52
26 3 21
26 4 8
26 5 53
26 6 3
26 8 14
26 9 47
26 10 29
26 11 39
26 12 37
26 13 9
26 15 12
26 16 57
26 17 32
26 18 15
26 20 11
26 21 2
26 22 19
26 23 35
26 24 43
26 25 50
26 29 7
26 30 46
26 31 28
26 32 26
26 36 27
26 37 45
26 38 10
26 39 20
26 40 51
26 42 41
26 43 16
26 44 42
26 46 55
26 47 13
26 48 38
26 49 23
26 50 40
26 51 34
26 52 18
26 54 59
26 55 58
26 56 54
26 57 25
26 58 33
26 59 5
27 3 5
27 6 29
27 8 56
27 9 15
27 12 48
27 13 25
27 14 45
27 15 32
27 17 6
27 18 11
27 19 18
27 20 59
27 22 20
27 23 23
27 24 9
27 25 3
27 27 24
27 29 0
27 30 43
27 31 26
27 32 33
27 33 42
27 35 41
27 37 55
27 39 44
27 41 38
27 42 19
27 43 27
27 44 21
27 46 47
27 47 52
27 48 8
27 50 12
27 51 31
27 55 10
27 56 30
27 59 2
28 0 44
28 1 14
28 7 45
28 8 15
28 9 18
28 10 20
28 11 24
28 12 43
28 14 8
28 16 23
28 17 10
28 18 0
28 20 21
28 21 16
28 22 2
28 23 37
28 26 26
28 27 58
28 30 31
28 31 38
28 32 25
28 34 42
28 36 56
28 39 32
28 40 17
28 41 27
28 42 36
28 45 46
28 47 49
28 48 6
28 49 55
28 51 39
28 52 3
28 53 7
28 54 48
28 55 47
28 56 22
28 57 41
28 59 13
29 1 58
29 2 4
29 4 34
29 5 50
29 6 39
29 8 45
29 9 44
29 10 22
29 11 37
29 12 11
29 13 42
29 17 29
29 18 21
29 19 30
29 20 16
29 22 7
29 23 52
29 24 3
29 25 17
29 27 23
29 28 14
29 30 36
29 31 40
29 32 59
29 33 26
29 34 46
29 35 48
29 36 33
29 37 54
29 38 49
29 39 25
29 40 5
29 42 32
29 44 8
29 46 56
29 47 28
29 49 20
29 50 6
29 54 41
29 56 9
29 57 27
29 58 13
29 59 15
30 1 52
30 2 54
30 3 9
30 4 19
30 5 8
30 6 31
30 7 3
30 8 32
30 9 23
30 10 51
30 11 14
30 12 27
30 14 17
30 16 30
30 17 45
30 18 38
30 20 1
30 26 56
30 29 25
30 30 29
30 32 11
30 34 4
30 35 22
30 36 41
30 37 10
30 38 40
30 39 21
30 40 55
30 41 15
30 46 5
30 47 53
30 49 37
30 50 34
30 51 2
30 52 39
30 53 58
30 54 44
30 55 0
30 59 33
31 0 35
31 2 25
31 4 24
31 6 9
31 9 32
31 10 46
31 11 30
31 12 20
31 13 33
31 14 6
31 16 10
31 17 56
31 19 2
31 20 57
31 22 58
31 25 52
31 26 37
31 27 21
31 28 23
31 29 12
31 30 13
31 31 4
31 32 47
31 33 44
31 34 18
31 35 38
31 36 29
31 38 5
31 39 16
31 40 0
31 41 3
31 42 14
31 43 8
31 46 19
31 48 15
31 49 40
31 50 53
31 51 54
31 52 36
31 53 1
31 55 31
31 56 7
31 57 48
31 58 28
32 2 26
32 3 54
32 4 58
32 5 57
32 6 2
32 8 17
32 10 59
32 11 56
32 12 25
32 13 36
32 14 23
32 15 33
32 16 44
32 17 46
32 19 21
32 20 8
32 23 10
32 25 7
32 26 48
32 27 31
32 28 12
32 29 4
32 30 15
32 32 14
32 34 27
32 35 49
32 36 5
32 37 18
32 38 20
32 40 1
32 41 50
32 42 9
32 44 37
32 45 32
32 46 42
32 47 35
32 48 11
32 49 29
32 50 13
32 52 22
32 54 19
32 55 55
32 57 38
32 58 41
33 0 31
33 3 13
33 6 22
33 7 15
33 8 40
33 11 55
33 13 8
33 14 46
33 15 17
33 16 59
33 19 19
33 21 57
33 23 44
33 24 42
33 25 5
33 26 39
33 27 52
33 28 10
33 29 38
33 30 25
33 31 20
33 36 28
33 37 58
33 38 54
33 42 1
33 43 51
33 44 9
33 45 33
33 46 21
33 47 24
33 48 41
33 50 36
33 51 43
33 53 27
33 55 53
33 57 26
33 58 30
33 59 3
34 0 54
34 1 27
34 2 31
34 3 57
34 4 50
34 5 24
34 6 0
34 7 42
34 8 35
34 10 37
34 11 17
34 12 58
34 13 30
34 16 41
34 17 52
34 19 7
34 20 53
34 22 33
34 23 18
34 25 46
34 27 59
34 28 2
34 29 23
34 31 48
34 34 21
34 35 34
34 36 36
34 37 43
34 38 1
34 39 29
34 41 25
34 42 28
34 44 20
34 45 3
34 46 11
34 47 45
34 50 44
34 51 26
34 52 38
34 54 6
34 55 13
34 56 14
34 57 10
34 58 15
34 59 40
35 0 16
35 1 2
35 2 28
35 5 9
35 7 54
35 8 18
35 9 56
35 11 58
35 12 35
35 13 3
35 14 34
35 15 27
35 17 39
35 18 22
35 22 21
35 23 0
35 25 48
35 26 49
35 28 59
35 29 13
35 30 8
35 32 30
35 33 12
35 34 7
35 35 1
35 38 51
35 39 23
35 40 26
35 41 41
35 43 38
35 44 40
35 46 53
35 48 5
35 49 50
35 51 32
35 52 57
35 53 37
35 55 44
35 57 42
36 0 17
36 4 49
36 5 41
36 7 33
36 8 43
36 10 25
36 11 34
36 13 45
36 14 15
36 15 57
36 16 3
36 17 42
36 18 13
36 19 28
36 20 58
36 21 30
36 23 38
36 24 18
36 25 55
36 26 29
36 28 9
36 30 21
36 31 0
36 32 37
36 34 16
36 35 8
36 37 40
36 38 32
36 40 7
36 42 39
36 43 44
36 44 27
36 45 12
36 46 20
36 47 11
36 51 35
36 55 36
36 57 47
36 58 48
36 59 46
37 0 33
37 2 49
37 4 0
37 5 14
37 8 31
37 9 8
37 10 15
37 11 47
37 12 46
37 13 40
37 14 28
37 15 6
37 17 21
37 18 37
37 19 9
37 22 3
37 24 52
37 25 24
37 26 16
37 28 30
37 30 38
37 31 34
37 33 5
37 35 12
37 36 58
37 37 44
37 38 13
37 39 10
37 40 22
37 41 55
37 43 18
37 44 41
37 45 43
37 46 54
37 47 39
37 48 57
37 49 48
37 50 45
37 51 25
37 54 2
37 55 56
37 56 17
37 57 35
37 58 26
37 59 20
38 0 4
38 1 9
38 2 20
38 3 37
38 5 43
38 6 54
38 7 35
38 8 58
38 10 5
38 12 2
38 13 44
38 14 32
38 16 56
38 18 8
38 19 53
38 20 18
38 21 17
38 23 28
38 25 6
38 26 51
38 28 16
38 29 10
38 30 59
38 31 23
38 32 22
38 33 14
38 34 40
38 35 36
38 36 7
38 37 39
38 38 26
38 39 27
38 41 52
38 42 12
38 43 47
38 44 19
38 45 29
38 46 13
38 47 48
38 48 49
38 51 46
38 52 0
38 53 31
38 54 42
38 55 21
38 56 34
38 57 50
38 58 11
38 59 24
39 0 34
39 1 3
39 4 44
39 5 33
39 6 56
39 7 2
39 8 46
39 11 8
39 12 51
39 13 0
39 14 4
39 15 25
39 16 15
39 18 36
39 20 23
39 21 26
39 25 37
39 26 42
39 27 50
39 30 52
39 31 9
39 32 41
39 33 27
39 35 45
39 36 57
39 40 19
39 41 48
39 42 55
39 44 12
39 45 30
39 48 54
39 49 14
39 50 35
39 52 13
39 53 29
39 54 5
39 55 39
39 56 32
39 57 20
39 59 7
40 0 27
40 1 20
40 3 48
40 4 17
40 5 10
40 7 8
40 11 1
40 12 15
40 13 37
40 15 7
40 16 32
40 17 16
40 18 49
40 19 35
40 20 25
40 21 5
40 22 29
40 23 43
40 24 44
40 26 12
40 28 13
40 29 26
40 34 3
40 36 54
40 38 59
40 39 33
40 42 23
40 44 0
40 46 52
40 48 34
40 49 38
40 52 53
40 53 40
40 55 28
40 57 55
41 0 42
41 1 54
41 4 33
41 5 17
41 6 30
41 7 14
41 8 41
41 9 38
41 10 52
41 12 39
41 13 16
41 14 21
41 15 47
41 18 9
41 20 2
41 21 4
41 22 13
41 23 45
41 24 11
41 25 36
41 26 27
41 27 7
41 28 22
41 32 12
41 33 40
41 35 3
41 36 15
41 37 56
41 38 8
41 40 10
41 41 32
41 42 51
41 44 1
41 45 58
41 46 28
41 47 0
41 48 46
41 49 18
41 51 5
41 52 50
41 54 25
41 56 6
41 57 49
42 1 37
42 2 32
42 4 14
42 5 40
42 6 58
42 7 13
42 8 33
42 9 57
42 10 27
42 11 25
42 12 34
42 13 4
42 14 35
42 16 1
42 19 6
42 20 10
42 23 49
42 25 53
42 26 15
42 28 26
42 32 44
42 35 55
42 36 21
42 38 46
42 39 19
42 41 29
42 42 0
42 44 56
42 45 16
42 46 23
42 47 54
42 48 47
42 49 22
42 50 59
42 51 45
42 52 41
42 54 8
42 55 9
42 57 18
42 58 43
43 0 26
43 2 27
43 3 23
43 5 18
43 6 11
43 8 12
43 10 24
43 11 4
43 12 59
43 14 36
43 17 34
43 18 5
43 19 49
43 20 33
43 21 46
43 22 41
43 23 51
43 24 32
43 25 58
43 26 2
43 27 17
43 28 42
43 29 1
43 31 47
43 32 3
43 33 53
43 34 20
43 36 6
43 37 57
43 38 9
43 39 28
43 40 14
43 41 45
43 42 37
43 44 15
43 45 38
43 47 21
43 49 43
43 52 10
43 53 48
43 54 56
43 55 52
43 56 0
43 57 7
43 58 44
43 59 31
44 1 57
44 2 43
44 3 44
44 5 36
44 6 47
44 9 16
44 10 28
44 11 21
44 13 54
44 14 24
44 15 42
44 16 22
44 17 35
44 18 58
44 21 53
44 22 6
44 24 37
44 25 30
44 26 23
44 27 29
44 29 52
44 30 19
44 31 59
44 32 17
44 33 1
44 34 15
44 35 9
44 36 8
44 37 38
44 38 18
44 39 26
44 40 33
44 41 46
44 42 7
44 43 45
44 44 4
44 45 11
44 46 39
44 47 12
44 48 20
44 50 5
44 54 13
44 55 49
44 57 32
44 58 31
45 0 25
45 1 40
45 2 41
45 3 19
45 4 31
45 5 37
45 7 24
45 10 47
45 12 21
45 13 10
45 14 2
45 16 12
45 17 49
45 19 26
45 20 7
45 21 11
45 22 28
45 24 13
45 26 36
45 27 44
45 28 5
45 29 50
45 31 16
45 32 46
45 33 9
45 34 22
45 35 29
45 36 42
45 37 30
45 39 3
45 40 4
45 41 8
45 42 15
45 43 56
45 44 54
45 47 32
45 48 18
45 49 6
45 50 0
45 51 58
45 52 33
45 53 45
45 54 53
45 55 1
45 57 43
45 58 38
46 0 9
46 1 45
46 4 28
46 6 34
46 7 37
46 10 41
46 11 5
46 12 3
46 13 18
46 14 19
46 15 49
46 16 7
46 17 13
46 19 10
46 20 51
46 21 48
46 22 52
46 23 40
46 24 36
46 26 53
46 27 57
46 28 56
46 29 39
46 31 15
46 32 8
46 33 21
46 34 12
46 37 6
46 41 24
46 43 25
46 44 23
46 49 46
46 50 27
46 51 29
46 53 17
46 54 35
46 55 33
46 58 20
46 59 14
47 0 32
47 1 13
47 2 46
47 6 36
47 7 53
47 9 34
47 11 26
47 13 52
47 14 10
47 15 21
47 18 7
47 19 8
47 20 28
47 21 38
47 24 23
47 26 58
47 28 41
47 29 40
47 30 1
47 32 45
47 33 15
47 34 50
47 36 31
47 38 35
47 39 54
47 40 29
47 41 51
47 42 43
47 43 37
47 46 12
47 47 14
47 48 48
47 49 19
47 50 16
47 51 55
47 52 11
47 53 0
47 54 33
47 55 24
47 59 42
48 0 21
48 1 42
48 4 52
48 5 54
48 6 26
48 7 9
48 8 0
48 10 11
48 12 24
48 13 12
48 14 59
48 15 22
48 16 8
48 17 19
48 18 50
48 19 39
48 21 18
48 22 14
48 24 15
48 25 41
48 26 4
48 28 43
48 32 36
48 33 47
48 34 10
48 35 17
48 36 25
48 37 23
48 38 28
48 40 32
48 42 3
48 43 46
48 45 2
48 49 31
48 50 38
48 51 48
48 52 6
48 53 20
48 54 49
48 56 1
48 59 56
49 0 14
49 2 24
49 4 57
49 6 8
49 7 59
49 8 37
49 12 36
49 13 46
49 14 29
49 16 53
49 17 5
49 18 44
49 19 42
49 20 15
49 21 0
49 22 16
49 23 1
49 24 4
49 25 43
49 27 48
49 28 58
49 29 41
49 30 35
49 31 27
49 32 39
49 34 34
49 35 7
49 36 20
49 37 13
49 38 50
49 39 9
49 44 6
49 45 22
49 46 40
49 47 55
49 49 12
49 53 32
49 55 30
49 56 56
49 57 11
49 58 45
49 59 18
50 1 31
50 3 2
50 4 54
50 8 20
50 10 56
50 12 30
50 13 38
50 14 52
50 15 58
50 16 51
50 17 25
50 20 45
50 22 27
50 24 12
50 25 47
50 26 40
50 27 46
50 28 48
50 29 28
50 31 39
50 32 5
50 33 19
50 34 1
50 37 14
50 38 53
50 39 6
50 40 42
50 43 3
50 44 55
50 45 13
50 47 44
50 48 0
50 49 11
50 52 8
50 53 22
50 54 18
50 57 9
50 58 50
50 59 16
51 2 0
51 3 34
51 4 51
51 5 52
51 6 49
51 7 20
51 8 9
51 9 58
51 11 43
51 12 38
51 13 15
51 14 5
51 15 40
51 17 18
51 18 19
51 20 42
51 21 35
51 22 26
51 23 41
51 25 32
51 26 46
51 27 8
51 28 24
51 29 3
51 30 17
51 31 50
51 32 16
51 34 11
51 39 37
51 41 30
51 42 45
51 43 1
51 48 33
51 49 53
51 50 7
51 52 44
51 53 54
51 54 10
51 55 22
51 58 47
51 59 12
52 0 41
52 1 18
52 2 7
52 3 51
52 4 46
52 5 32
52 7 39
52 8 11
52 9 20
52 10 26
52 11 0
52 12 57
52 13 53
52 14 56
52 15 2
52 17 1
52 19 34
52 21 22
52 22 54
52 25 9
52 27 3
52 28 15
52 29 48
52 31 44
52 33 13
52 34 30
52 35 43
52 36 49
52 37 37
52 40 50
52 41 42
52 42 17
52 43 59
52 46 58
52 47 10
52 48 31
52 49 35
52 50 21
52 51 36
52 52 4
52 54 45
52 55 40
52 56 33
52 57 52
52 58 12
52 59 55
53 0 20
53 1 41
53 2 1
53 3 46
53 4 2
53 8 48
53 9 49
53 13 47
53 14 53
53 15 28
53 16 37
53 17 17
53 18 24
53 20 0
53 21 12
53 22 35
53 25 23
53 26 9
53 27 16
53 30 14
53 31 18
53 32 40
53 33 6
53 34 32
53 35 44
53 36 10
53 37 51
53 39 55
53 40 15
53 41 59
53 42 8
53 43 54
53 46 43
53 47 19
53 48 58
53 50 11
53 53 3
53 54 30
53 56 36
53 57 22
53 58 21
53 59 26
54 1 29
54 2 21
54 3 32
54 4 12
54 5 48
54 6 19
54 7 51
54 9 33
54 10 23
54 11 22
54 13 31
54 14 7
54 15 44
54 16 13
54 17 40
54 18 10
54 19 0
54 20 34
54 21 27
54 23 15
54 24 14
54 25 8
54 28 4
54 30 39
54 33 52
54 34 35
54 35 30
54 36 38
54 38 41
54 40 2
54 41 26
54 42 50
54 43 9
54 44 16
54 46 37
54 47 3
54 48 53
54 49 28
54 50 17
54 51 11
54 52 20
54 53 55
54 54 43
54 57 6
54 58 58
55 0 7
55 1 30
55 2 18
55 3 27
55 4 56
55 8 49
55 13 34
55 14 42
55 15 38
55 16 54
55 17 14
55 20 3
55 21 41
55 22 9
55 23 22
55 24 40
55 25 29
55 28 52
55 30 11
55 32 4
55 33 51
55 34 17
55 35 47
55 36 2
55 37 24
55 38 37
55 39 53
55 40 57
55 41 33
55 42 44
55 43 48
55 44 58
55 45 55
55 46 32
55 47 16
55 51 20
55 52 12
55 53 36
55 54 21
55 56 59
55 57 15
55 58 1
55 59 35
56 2 51
56 3 1
56 4 59
56 8 19
56 9 26
56 11 42
56 12 6
56 13 2
56 14 43
56 15 18
56 16 28
56 17 24
56 18 45
56 19 16
56 21 54
56 23 36
56 24 10
56 25 13
56 26 33
56 27 38
56 31 32
56 32 53
56 33 30
56 34 9
56 35 15
56 38 31
56 39 40
56 40 21
56 41 37
56 43 7
56 46 46
56 47 22
56 48 50
56 49 27
56 51 23
56 53 44
56 54 47
56 55 41
56 58 35
57 0 3
57 1 16
57 2 39
57 3 12
57 4 38
57 6 37
57 7 17
57 8 36
57 9 46
57 11 54
57 13 35
57 14 40
57 15 30
57 19 32
57 20 56
57 21 43
57 22 59
57 23 2
57 26 34
57 27 42
57 28 0
57 29 11
57 30 57
57 31 10
57 34 24
57 35 53
57 36 47
57 37 48
57 38 58
57 40 23
57 42 52
57 43 13
57 44 7
57 45 44
57 46 25
57 48 27
57 49 8
57 52 15
57 53 26
57 55 20
57 56 19
57 57 4
57 58 29
57 59 49
58 0 15
58 1 55
58 4 23
58 5 1
58 6 13
58 7 48
58 8 53
58 9 30
58 10 19
58 11 59
58 12 0
58 13 49
58 15 11
58 16 47
58 17 20
58 18 6
58 21 58
58 22 31
58 23 21
58 25 34
58 26 8
58 28 45
58 30 10
58 31 12
58 32 50
58 33 37
58 36 3
58 37 52
58 39 17
58 40 41
58 42 5
58 43 42
58 44 46
58 45 9
58 46 2
58 48 29
58 49 54
58 50 43
58 51 14
58 53 33
58 54 40
58 55 16
58 56 28
58 58 18
58 59 25
59 1 10
59 3 22
59 4 29
59 6 27
59 7 32
59 8 51
59 12 19
59 13 56
59 14 11
59 15 3
59 16 18
59 17 28
59 19 54
59 20 41
59 21 44
59 23 17
59 25 33
59 26 13
59 27 5
59 28 31
59 29 49
59 30 40
59 32 58
59 33 20
59 34 43
59 39 2
59 40 30
59 42 16
59 46 45
59 47 6
59 49 57
59 50 15
59 51 4
59 52 59
59 53 47
59 54 55
59 56 37
