60
0 1 12
0 2 26
0 3 54
0 5 47
0 7 25
0 8 31
0 9 58
0 10 34
0 11 43
0 12 39
0 13 40
0 14 45
0 16 59
0 17 20
0 18 28
0 19 42
0 22 3
0 23 24
0 24 22
0 25 5
0 26 4
0 27 48
0 28 2
0 30 30
0 31 51
0 32 11
0 33 21
0 34 52
0 35 7
0 36 56
0 37 49
0 40 55
0 41 17
0 42 16
0 45 35
0 47 6
0 48 27
0 49 32
0 50 8
0 51 1
0 52 18
0 53 13
0 54 14
0 55 37
0 56 41
0 57 50
0 59 44
1 1 4
1 2 54
1 3 50
1 4 32
1 5 34
1 6 13
1 7 9
1 8 41
1 9 23
1 10 56
1 11 59
1 12 26
1 13 7
1 14 47
1 15 45
1 16 0
1 19 12
1 20 5
1 21 58
1 22 8
1 23 55
1 24 31
1 25 37
1 26 49
1 29 21
1 30 48
1 32 19
1 33 42
1 34 38
1 35 1
1 36 39
1 37 35
1 38 43
1 39 30
1 40 22
1 41 27
1 42 29
1 43 33
1 45 57
1 46 15
1 47 16
1 48 24
1 50 53
1 51 2
1 52 40
1 53 10
1 54 44
1 56 52
1 57 20
2 0 28
2 1 58
2 2 17
2 3 16
2 6 6
2 7 15
2 10 42
2 11 21
2 12 8
2 13 4
2 14 29
2 15 0
2 16 50
2 17 53
2 18 35
2 19 49
2 20 11
2 21 56
2 22 32
2 23 45
2 24 20
2 25 41
2 26 3
2 27 7
2 28 51
2 30 14
2 31 38
2 32 31
2 33 13
2 34 54
2 36 19
2 38 33
2 39 25
2 41 5
2 42 12
2 43 2
2 44 24
2 45 55
2 47 27
2 48 52
2 49 57
2 50 1
2 51 10
2 53 9
2 54 22
2 55 26
2 56 48
2 57 47
2 59 36
3 0 52
3 1 8
3 2 36
3 3 20
3 4 34
3 5 38
3 6 30
3 10 16
3 11 31
3 12 3
3 14 11
3 15 5
3 16 45
3 17 6
3 19 56
3 20 48
3 21 24
3 22 47
3 23 33
3 24 19
3 25 12
3 28 37
3 29 0
3 30 1
3 31 44
3 32 21
3 33 40
3 34 57
3 35 49
3 37 55
3 38 9
3 39 35
3 40 4
3 41 10
3 42 42
3 43 14
3 44 43
3 45 18
3 46 54
3 47 22
3 48 53
3 49 15
3 50 2
3 52 39
3 53 23
3 54 32
3 55 25
3 56 46
3 57 51
3 59 59
4 0 44
4 1 6
4 2 47
4 3 30
4 4 33
4 5 23
4 6 54
4 7 8
4 8 39
4 9 56
4 10 59
4 11 5
4 12 7
4 13 9
4 14 24
4 15 36
4 16 15
4 19 53
4 20 40
4 21 28
4 22 52
4 23 37
4 24 34
4 25 45
4 26 31
4 27 0
4 28 32
4 29 20
4 30 49
4 31 19
4 32 51
4 33 35
4 35 14
4 36 22
4 37 46
4 38 25
4 41 43
4 42 48
4 43 29
4 44 4
4 45 16
4 46 3
4 49 38
4 50 50
4 51 17
4 52 13
4 53 12
4 55 41
4 56 57
4 57 26
4 58 11
4 59 10
5 0 3
5 1 42
5 2 48
5 3 38
5 4 31
5 5 59
5 7 55
5 8 50
5 9 49
5 10 9
5 11 37
5 13 29
5 16 24
5 17 8
5 18 36
5 19 47
5 20 12
5 21 7
5 22 17
5 24 33
5 25 0
5 26 43
5 27 27
5 28 15
5 30 53
5 32 57
5 33 18
5 36 2
5 37 14
5 38 52
5 39 51
5 40 46
5 43 23
5 44 39
5 45 58
5 46 34
5 48 4
5 49 28
5 50 44
5 51 45
5 52 1
5 53 6
5 54 41
5 55 35
5 56 20
6 0 55
6 1 35
6 2 7
6 4 9
6 5 26
6 6 48
6 8 6
6 9 45
6 10 3
6 12 58
6 13 42
6 14 12
6 15 34
6 16 10
6 18 31
6 19 21
6 20 57
6 21 52
6 23 27
6 24 23
6 25 39
6 26 33
6 27 59
6 29 4
6 30 8
6 31 1
6 32 32
6 33 28
6 35 20
6 36 14
6 37 53
6 39 13
6 41 11
6 43 0
6 44 30
6 45 54
6 47 5
6 49 17
6 51 44
6 52 41
6 53 25
6 54 56
6 55 40
6 56 29
6 58 2
6 59 16
7 0 32
7 1 7
7 2 44
7 3 29
7 4 40
7 5 33
7 7 1
7 8 3
7 9 36
7 11 53
7 12 21
7 14 25
7 15 15
7 16 16
7 17 54
7 18 4
7 19 59
7 21 8
7 23 6
7 24 26
7 25 47
7 26 37
7 27 42
7 28 49
7 29 27
7 30 28
7 31 35
7 32 43
7 33 38
7 35 22
7 36 20
7 37 24
7 39 11
7 40 0
7 41 45
7 42 58
7 43 46
7 45 13
7 46 17
7 47 9
7 48 56
7 49 14
7 50 31
7 51 5
7 53 50
7 54 55
7 57 23
7 58 12
8 0 0
8 2 31
8 4 2
8 5 8
8 6 27
8 7 49
8 8 42
8 9 12
8 10 55
8 15 54
8 17 18
8 18 37
8 19 50
8 20 44
8 21 47
8 22 45
8 23 4
8 25 30
8 26 56
8 27 5
8 28 58
8 30 33
8 32 35
8 33 20
8 34 32
8 35 36
8 36 48
8 37 51
8 38 22
8 39 3
8 40 10
8 41 29
8 42 40
8 44 9
8 46 1
8 47 34
8 48 43
8 49 46
8 50 7
8 51 52
8 52 15
8 53 24
8 54 25
8 56 17
8 57 14
8 58 13
8 59 39
9 1 14
9 2 58
9 3 18
9 4 44
9 6 57
9 7 22
9 8 38
9 9 51
9 10 52
9 12 20
9 13 28
9 14 39
9 16 37
9 17 16
9 18 21
9 19 1
9 20 13
9 21 49
9 23 10
9 25 40
9 26 46
9 27 11
9 28 17
9 29 25
9 30 3
9 31 36
9 32 15
9 33 7
9 34 33
9 35 54
9 37 32
9 38 12
9 39 59
9 40 8
9 41 4
9 42 45
9 47 23
9 48 34
9 49 43
9 50 42
9 51 26
9 52 31
9 53 5
9 54 0
9 55 56
9 56 2
9 57 48
9 59 53
10 0 33
10 1 34
10 2 23
10 4 41
10 5 30
10 6 45
10 8 36
10 9 54
10 10 11
10 11 7
10 13 24
10 14 57
10 15 27
10 17 13
10 18 53
10 19 51
10 20 28
10 21 21
10 23 46
10 25 44
10 26 14
10 27 25
10 28 18
10 29 42
10 30 22
10 31 31
10 32 49
10 33 5
10 34 50
10 35 47
10 36 38
10 37 15
10 38 20
10 39 58
10 40 17
10 41 26
10 43 16
10 47 39
10 49 19
10 50 56
10 51 8
10 54 1
10 55 6
10 56 55
10 57 29
10 58 52
10 59 43
11 2 42
11 3 31
11 4 6
11 5 11
11 7 7
11 8 48
11 9 17
11 10 26
11 12 4
11 13 51
11 14 0
11 15 14
11 16 22
11 17 3
11 18 30
11 19 33
11 20 41
11 21 2
11 22 23
11 23 9
11 24 28
11 25 1
11 26 47
11 27 34
11 28 50
11 29 24
11 30 16
11 31 10
11 32 29
11 33 46
11 34 58
11 35 44
11 36 35
11 37 37
11 38 21
11 41 8
11 42 32
11 43 40
11 45 20
11 46 5
11 48 39
11 49 45
11 51 43
11 53 27
11 54 19
11 55 13
11 56 25
11 57 57
12 0 38
12 1 21
12 2 9
12 3 14
12 4 15
12 5 37
12 7 17
12 8 18
12 9 50
12 11 11
12 12 34
12 13 12
12 14 46
12 15 42
12 16 7
12 18 13
12 21 4
12 24 27
12 25 36
12 26 28
12 29 3
12 30 19
12 32 59
12 34 44
12 35 51
12 36 25
12 37 16
12 39 20
12 40 29
12 41 52
12 42 49
12 43 55
12 44 6
12 47 1
12 48 22
12 49 41
12 50 35
12 51 33
12 53 40
12 54 54
12 55 8
12 56 0
12 57 24
12 58 31
12 59 45
13 0 41
13 1 48
13 2 14
13 3 15
13 4 16
13 5 5
13 6 1
13 7 42
13 8 35
13 9 10
13 10 32
13 11 51
13 12 55
13 14 21
13 15 37
13 17 46
13 18 40
13 19 20
13 22 25
13 23 50
13 24 54
13 25 59
13 26 23
13 27 3
13 28 27
13 31 49
13 32 44
13 33 29
13 34 43
13 35 17
13 36 34
13 37 8
13 38 45
13 39 6
13 40 33
13 41 53
13 42 2
13 43 22
13 44 7
13 45 24
13 46 52
13 47 38
13 48 36
13 49 13
13 50 30
13 52 11
13 53 19
13 54 31
13 55 58
13 56 18
13 57 56
13 58 4
13 59 26
14 0 21
14 2 59
14 3 1
14 4 52
14 5 25
14 6 49
14 8 44
14 9 9
14 10 8
14 11 24
14 12 15
14 13 45
14 14 54
14 16 46
14 17 0
14 18 34
14 19 23
14 22 56
14 23 22
14 24 12
14 25 13
14 26 29
14 29 2
14 30 51
14 31 27
14 32 17
14 33 14
14 35 50
14 37 47
14 39 4
14 40 7
14 41 48
14 43 43
14 44 36
14 46 11
14 48 20
14 49 6
14 50 16
14 51 53
14 53 41
14 54 38
14 55 5
14 56 37
14 57 55
14 58 3
14 59 40
15 0 5
15 1 13
15 2 25
15 3 11
15 4 47
15 5 21
15 6 50
15 7 0
15 8 16
15 9 20
15 10 41
15 11 46
15 12 23
15 13 53
15 14 22
15 15 49
15 16 56
15 18 6
15 19 27
15 20 10
15 21 3
15 23 58
15 24 24
15 25 9
15 26 15
15 28 43
15 29 34
15 30 57
15 31 30
15 32 36
15 37 26
15 39 45
15 40 38
15 41 59
15 42 4
15 44 17
15 45 8
15 46 33
15 51 51
15 52 14
15 53 32
15 54 29
15 56 35
15 57 12
15 58 7
15 59 54
16 0 58
16 1 59
16 3 48
16 4 29
16 5 2
16 6 52
16 7 26
16 8 23
16 9 35
16 10 49
16 12 17
16 13 54
16 14 19
16 15 28
16 16 57
16 18 27
16 19 41
16 20 20
16 21 42
16 22 11
16 23 43
16 24 14
16 26 8
16 27 22
16 28 30
16 29 31
16 31 37
16 34 5
16 35 53
16 36 12
16 37 45
16 38 44
16 40 47
16 43 21
16 44 40
16 45 25
16 46 0
16 47 36
16 48 38
16 49 3
16 50 51
16 51 6
16 52 4
16 53 33
16 54 18
16 55 55
16 57 15
17 0 24
17 1 9
17 2 5
17 3 45
17 4 25
17 5 43
17 6 34
17 7 54
17 8 2
17 9 15
17 10 57
17 11 22
17 13 58
17 14 48
17 15 13
17 16 55
17 18 42
17 19 11
17 20 49
17 21 20
17 22 36
17 24 37
17 25 31
17 26 32
17 28 0
17 29 56
17 31 7
17 32 30
17 34 8
17 35 52
17 36 3
17 37 4
17 39 53
17 40 21
17 41 12
17 42 18
17 43 6
17 45 59
17 46 38
17 47 40
17 48 17
17 49 39
17 50 28
17 51 41
17 52 16
17 55 44
17 56 50
17 58 26
17 59 23
18 0 7
18 1 27
18 2 35
18 4 53
18 5 15
18 6 9
18 7 24
18 8 32
18 9 2
18 11 8
18 12 47
18 13 41
18 14 1
18 16 18
18 17 36
18 18 52
18 19 22
18 20 56
18 21 30
18 22 5
18 23 25
18 24 45
18 25 58
18 26 17
18 27 20
18 28 44
18 29 46
18 31 59
18 33 55
18 34 19
18 36 42
18 38 3
18 39 37
18 41 21
18 42 14
18 44 34
18 45 6
18 46 31
18 47 26
18 48 28
18 49 29
18 50 10
18 52 48
18 53 11
18 54 57
18 55 38
18 58 16
18 59 0
19 0 47
19 1 15
19 3 52
19 4 5
19 6 23
19 7 3
19 8 33
19 9 21
19 10 29
19 11 27
19 12 38
19 13 20
19 14 30
19 15 8
19 16 17
19 17 58
19 18 54
19 19 39
19 20 59
19 21 37
19 22 43
19 23 40
19 24 57
19 26 2
19 27 46
19 28 6
19 29 11
19 30 50
19 32 53
19 33 48
19 34 12
19 35 13
19 36 45
19 37 56
19 38 4
19 39 9
19 40 31
19 41 25
19 42 10
19 43 26
19 44 42
19 45 44
19 46 41
19 47 35
19 48 16
19 49 34
19 50 14
19 52 55
19 53 36
19 56 1
19 58 49
19 59 32
20 1 39
20 3 26
20 5 24
20 6 21
20 7 19
20 8 25
20 10 37
20 11 15
20 12 36
20 15 55
20 16 31
20 17 44
20 18 29
20 19 3
20 20 4
20 22 28
20 24 49
20 25 11
20 26 9
20 27 13
20 28 14
20 30 32
20 31 18
20 32 0
20 33 41
20 34 6
20 35 27
20 37 20
20 39 22
20 41 51
20 43 10
20 45 40
20 46 48
20 47 42
20 48 33
20 50 47
20 51 46
20 52 58
20 53 34
20 55 7
20 56 8
20 57 43
20 58 23
20 59 30
21 0 8
21 1 40
21 2 24
21 3 44
21 4 42
21 5 53
21 6 32
21 7 47
21 8 22
21 10 36
21 11 12
21 12 10
21 13 37
21 14 58
21 15 30
21 16 39
21 17 57
21 19 4
21 20 0
21 21 1
21 23 14
21 24 56
21 26 7
21 27 35
21 28 31
21 30 20
21 33 9
21 34 59
21 37 50
21 38 49
21 40 41
21 41 16
21 42 11
21 43 15
21 44 33
21 45 3
21 46 18
21 47 51
21 48 23
21 50 19
21 51 25
21 52 17
21 53 54
21 56 28
21 58 29
21 59 48
22 0 13
22 1 5
22 2 43
22 3 27
22 4 24
22 5 3
22 6 10
22 7 11
22 8 14
22 9 34
22 10 51
22 11 42
22 12 31
22 13 55
22 14 35
22 15 26
22 16 53
22 17 48
22 18 38
22 19 37
22 20 6
22 21 12
22 22 19
22 23 39
22 26 36
22 27 49
22 28 25
22 29 40
22 30 0
22 32 20
22 33 32
22 34 46
22 35 28
22 36 16
22 37 7
22 40 9
22 41 2
22 42 44
22 43 47
22 45 23
22 46 29
22 47 8
22 48 30
22 49 21
22 50 57
22 51 59
22 52 33
22 53 45
22 54 4
22 56 56
22 57 17
22 58 22
22 59 1
23 0 12
23 1 18
23 2 10
23 4 27
23 5 46
23 6 35
23 7 14
23 8 19
23 9 8
23 10 15
23 12 52
23 14 59
23 15 44
23 16 28
23 17 55
23 18 39
23 19 17
23 22 34
23 24 32
23 25 3
23 27 4
23 28 56
23 29 9
23 30 45
23 31 50
23 33 47
23 34 49
23 35 31
23 36 30
23 37 41
23 38 26
23 40 23
23 41 0
23 42 22
23 43 11
23 44 13
23 45 5
23 46 2
23 47 33
23 48 25
23 49 24
23 50 37
23 51 29
23 52 54
23 53 20
23 55 42
23 56 36
23 58 40
23 59 58
24 0 22
24 2 28
24 3 37
24 4 50
24 5 57
24 6 5
24 7 53
24 9 19
24 10 14
24 12 45
24 13 1
24 14 33
24 15 35
24 16 52
24 17 29
24 18 48
24 19 0
24 20 31
24 22 13
24 23 56
24 24 38
24 25 26
24 26 41
24 27 10
24 28 8
24 29 23
24 30 24
24 33 4
24 35 21
24 36 40
24 37 36
24 38 11
24 39 47
24 40 20
24 41 58
24 42 27
24 46 9
24 47 43
24 48 15
24 49 25
24 50 32
24 51 18
24 53 17
24 54 34
24 55 12
24 57 6
24 58 51
24 59 42
25 0 17
25 1 51
25 2 2
25 4 10
25 6 44
25 7 23
25 8 59
25 9 26
25 12 33
25 13 30
25 14 4
25 15 24
25 16 47
25 17 32
25 18 0
25 19 29
25 20 22
25 21 46
25 22 12
25 23 48
25 24 42
25 25 20
25 26 40
25 27 52
25 28 16
25 30 25
25 31 6
25 33 36
25 35 11
25 36 37
25 37 58
25 38 38
25 39 5
25 40 3
25 41 54
25 42 8
25 43 13
25 44 1
25 45 56
25 46 14
25 47 31
25 48 50
25 49 49
25 50 39
25 51 9
25 52 7
25 53 15
25 54 53
25 55 28
25 56 19
25 57 34
25 58 35
26 0 43
26 1 0
26 4 46
26 8 21
26 10 18
26 11 32
26 12 42
26 13 5
26 14 51
26 15 53
26 16 11
26 18 44
26 19 40
26 20 55
26 21 41
26 22 39
26 23 13
26 24 17
26 26 50
26 28 19
26 29 49
26 30 38
26 31 9
26 32 58
26 34 15
26 35 57
26 36 31
26 37 6
26 39 36
26 41 7
26 42 30
26 43 12
26 45 1
26 49 35
26 50 59
26 51 16
26 52 25
26 53 37
26 54 27
26 55 34
26 56 33
26 57 3
26 58 47
27 0 6
27 1 26
27 2 33
27 3 53
27 4 1
27 5 7
27 6 36
27 7 21
27 8 52
27 9 32
27 10 50
27 11 38
27 12 18
27 13 8
27 14 42
27 15 29
27 16 27
27 17 47
27 18 10
27 19 46
27 20 25
27 21 57
27 22 20
27 23 59
27 24 35
27 25 19
27 26 30
27 27 51
27 29 12
27 30 2
27 31 0
27 32 22
27 33 3
27 34 24
27 37 44
27 38 14
27 40 48
27 41 40
27 42 34
27 43 58
27 44 37
27 45 43
27 46 23
27 47 11
27 48 55
27 49 56
27 50 13
27 51 4
27 52 28
27 53 39
27 54 5
27 55 45
27 57 31
27 58 54
27 59 17
28 1 31
28 2 45
28 3 36
28 4 13
28 5 9
28 6 28
28 7 56
28 8 57
28 9 4
28 10 7
28 11 58
28 12 24
28 13 22
28 14 10
28 15 20
28 16 51
28 17 30
28 18 5
28 19 16
28 20 50
28 21 6
28 22 1
28 23 23
28 24 25
28 25 8
28 26 11
28 27 15
28 28 3
28 29 47
28 30 27
28 31 14
28 32 37
28 33 0
28 34 29
28 35 38
28 36 52
28 37 21
28 40 32
28 41 42
28 42 26
28 43 18
28 47 41
28 48 46
28 49 33
28 51 48
28 52 19
28 54 40
28 56 12
28 57 39
28 58 34
29 0 46
29 2 40
29 6 42
29 7 4
29 8 53
29 9 0
29 10 21
29 12 14
29 13 26
29 15 47
29 16 35
29 18 16
29 19 57
29 20 8
29 21 55
29 22 54
29 23 52
29 25 29
29 26 19
29 27 38
29 29 13
29 32 1
29 33 30
29 34 22
29 35 24
29 36 18
29 37 10
29 38 28
29 39 33
29 40 2
29 41 56
29 43 45
29 44 51
29 45 41
29 46 32
29 48 6
29 50 23
29 52 27
29 53 44
29 54 49
29 55 15
29 56 34
29 57 58
29 58 36
29 59 50
30 0 59
30 2 41
30 4 18
30 6 16
30 7 13
30 8 10
30 9 7
30 10 0
30 11 4
30 12 54
30 13 14
30 14 34
30 15 43
30 16 1
30 17 35
30 18 24
30 19 36
30 20 30
30 21 48
30 22 33
30 23 21
30 24 51
30 25 2
30 26 27
30 27 45
30 29 39
30 30 29
30 31 8
30 32 56
30 33 19
30 34 47
30 35 58
30 36 28
30 37 57
30 38 5
30 39 17
30 40 52
30 42 6
30 43 20
30 44 26
30 45 31
30 46 49
30 47 55
30 48 44
30 49 23
30 50 11
30 51 32
30 52 50
30 53 3
30 54 37
30 55 9
30 56 40
30 57 53
30 58 25
30 59 38
31 0 35
31 1 53
31 3 4
31 4 30
31 5 42
31 6 25
31 7 28
31 10 46
31 11 33
31 12 5
31 14 41
31 15 32
31 16 29
31 17 59
31 18 50
31 19 15
31 20 45
31 21 9
31 22 51
31 23 11
31 24 44
31 25 16
31 26 18
31 27 24
31 28 38
31 29 43
31 30 47
31 31 12
31 32 54
31 33 22
31 34 34
31 36 55
31 39 19
31 40 37
31 41 3
31 42 17
31 43 1
31 44 56
31 45 7
31 46 58
31 47 48
31 48 14
31 49 26
31 50 0
31 51 31
31 52 20
31 54 36
31 55 21
31 56 23
31 57 40
31 58 39
32 1 16
32 2 32
32 3 46
32 4 55
32 5 10
32 6 22
32 8 34
32 9 13
32 11 17
32 12 6
32 13 43
32 14 23
32 15 25
32 16 3
32 17 1
32 18 8
32 19 44
32 20 15
32 21 26
32 22 0
32 24 11
32 25 49
32 26 5
32 27 31
32 29 33
32 31 42
32 32 28
32 34 7
32 35 18
32 36 58
32 38 35
32 39 50
32 40 45
32 41 57
32 42 19
32 43 37
32 45 12
32 46 4
32 47 47
32 48 41
32 49 48
32 50 38
32 51 40
32 53 14
32 54 24
32 55 59
32 56 53
32 57 9
32 58 21
33 1 38
33 2 39
33 3 23
33 4 11
33 5 13
33 6 40
33 7 20
33 8 51
33 9 14
33 10 58
33 11 0
33 12 50
33 13 47
33 14 27
33 15 41
33 16 49
33 17 19
33 18 32
33 19 2
33 20 34
33 21 22
33 22 55
33 23 26
33 25 35
33 26 6
33 27 37
33 29 53
33 30 5
33 31 45
33 33 43
33 34 25
33 35 59
33 37 3
33 39 56
33 40 30
33 41 33
33 42 15
33 43 54
33 46 24
33 47 4
33 49 10
33 50 29
33 51 42
33 52 12
33 53 48
33 54 46
33 55 17
33 56 31
33 58 18
33 59 7
34 0 34
34 2 38
34 3 39
34 4 22
34 7 59
34 8 29
34 11 9
34 12 57
34 13 10
34 14 8
34 16 25
34 17 33
34 18 7
34 20 17
34 24 40
34 26 55
34 27 56
34 28 47
34 30 43
34 31 3
34 33 15
34 34 13
34 35 30
34 38 32
34 39 14
34 40 27
34 41 49
34 42 41
34 43 51
34 44 19
34 45 48
34 46 28
34 47 20
34 48 35
34 50 58
34 51 12
34 52 46
34 53 52
34 54 23
34 55 50
34 56 21
34 57 11
34 58 45
34 59 37
35 0 48
35 1 52
35 2 4
35 3 17
35 4 58
35 5 54
35 6 2
35 7 16
35 8 30
35 10 22
35 11 40
35 13 18
35 14 38
35 17 43
35 18 1
35 19 10
35 20 21
35 22 26
35 24 29
35 25 25
35 26 12
35 27 53
35 28 5
35 29 57
35 30 31
35 31 28
35 32 14
35 35 35
35 36 15
35 37 0
35 38 6
35 40 24
35 41 36
35 42 59
35 43 34
35 44 47
35 45 9
35 46 8
35 47 37
35 49 44
35 50 46
35 51 50
35 52 45
35 53 42
35 54 33
35 55 39
35 56 11
35 57 49
35 59 56
36 0 51
36 1 37
36 3 33
36 4 43
36 5 17
36 6 11
36 7 57
36 8 56
36 9 28
36 11 3
36 12 27
36 13 49
36 16 54
36 17 2
36 19 8
36 20 32
36 21 16
36 23 18
36 24 58
36 26 35
36 27 55
36 29 50
36 30 15
36 31 47
36 32 24
36 34 26
36 35 42
36 37 34
36 38 41
36 40 25
36 41 13
36 42 52
36 44 0
36 45 39
36 46 40
36 47 46
36 48 48
36 50 20
36 51 36
36 52 5
36 53 30
36 54 6
36 55 22
36 56 45
36 58 44
36 59 14
37 0 4
37 1 25
37 2 1
37 3 2
37 4 23
37 5 40
37 6 7
37 7 31
37 8 43
37 9 41
37 10 13
37 11 57
37 12 0
37 13 39
37 14 26
37 15 33
37 16 6
37 18 56
37 20 14
37 21 34
37 22 27
37 23 3
37 24 47
37 26 48
37 27 8
37 28 54
37 29 37
37 30 42
37 31 53
37 36 32
37 37 11
37 38 59
37 39 28
37 40 19
37 41 24
37 42 20
37 43 44
37 44 21
37 45 52
37 46 16
37 48 5
37 49 36
37 50 17
37 51 49
37 52 29
37 53 51
37 55 10
37 56 15
37 59 22
38 0 20
38 2 15
38 3 47
38 4 54
38 5 39
38 6 19
38 7 46
38 8 1
38 10 33
38 11 23
38 12 12
38 14 5
38 15 52
38 16 42
38 17 28
38 19 45
38 21 38
38 23 49
38 24 7
38 26 24
38 27 30
38 28 48
38 29 16
38 30 13
38 31 58
38 33 26
38 34 4
38 35 0
38 36 44
38 37 25
38 38 29
38 39 34
38 40 11
38 42 53
38 43 35
38 44 41
38 45 36
38 47 18
38 49 37
38 51 27
38 53 55
38 56 59
38 57 2
38 58 32
38 59 31
39 0 25
39 1 10
39 2 49
39 3 34
39 5 22
39 6 18
39 7 12
39 8 55
39 10 6
39 11 45
39 12 44
39 13 17
39 14 37
39 15 16
39 16 43
39 17 40
39 18 46
39 19 35
39 20 19
39 21 50
39 23 57
39 25 56
39 26 52
39 27 21
39 29 48
39 30 39
39 31 29
39 32 33
39 33 53
39 34 1
39 35 2
39 36 41
39 38 7
39 39 26
39 40 54
39 41 14
39 42 38
39 43 32
39 44 3
39 45 51
39 46 27
39 47 58
39 48 42
39 51 23
39 52 9
39 54 59
39 55 47
39 56 4
39 57 36
39 58 20
39 59 13
40 2 29
40 3 13
40 4 49
40 5 31
40 6 38
40 7 40
40 8 7
40 9 22
40 10 48
40 11 19
40 12 25
40 13 34
40 14 16
40 15 50
40 16 23
40 17 42
40 18 2
40 19 52
40 21 14
40 22 46
40 24 21
40 25 53
40 27 18
40 29 36
40 30 37
40 31 43
40 33 11
40 34 45
40 37 17
40 39 27
40 40 6
40 41 32
40 42 28
40 43 30
40 44 57
40 45 15
40 47 44
40 48 58
40 49 59
40 50 4
40 51 54
40 52 24
40 53 35
40 54 12
40 55 33
40 56 5
40 57 8
40 58 41
40 59 9
41 0 11
41 1 17
41 2 52
41 3 12
41 4 48
41 5 27
41 6 24
41 7 10
41 9 3
41 10 23
41 11 26
41 12 29
41 14 36
41 17 22
41 18 47
41 19 28
41 20 54
41 21 35
41 22 42
41 23 34
41 24 55
41 25 6
41 26 59
41 28 45
41 29 14
41 30 40
41 31 46
41 32 16
41 33 37
41 34 39
41 35 25
41 36 57
41 37 18
41 38 30
41 39 8
41 40 49
41 41 44
41 42 31
41 43 50
41 44 32
41 45 4
41 46 13
41 47 7
41 48 1
41 49 2
41 50 41
41 52 43
41 53 53
41 54 9
41 55 51
41 56 38
41 57 5
41 58 33
41 59 21
42 1 30
42 2 53
42 3 24
42 4 35
42 6 43
42 8 12
42 9 44
42 10 4
42 12 56
42 13 38
42 14 17
42 15 9
42 17 5
42 18 20
42 19 14
42 20 36
42 21 59
42 23 8
42 24 6
42 25 21
42 26 45
42 28 55
42 29 15
42 30 41
42 31 25
42 32 13
42 33 57
42 35 29
42 36 26
42 38 16
42 40 42
42 42 39
42 43 52
42 44 22
42 46 46
42 47 50
42 48 31
42 49 40
42 53 2
42 56 27
42 57 0
42 58 37
43 0 30
43 1 41
43 2 11
43 3 35
43 4 56
43 6 31
43 7 38
43 8 17
43 9 43
43 10 47
43 11 55
43 12 53
43 13 23
43 14 15
43 16 12
43 17 24
43 20 16
43 21 36
43 22 14
43 23 28
43 24 8
43 25 51
43 26 10
43 27 54
43 28 40
43 29 29
43 31 20
43 32 45
43 35 19
43 37 52
43 38 48
43 39 42
43 41 6
43 43 39
43 44 44
43 46 59
43 47 25
43 48 49
43 49 27
43 50 5
43 51 37
43 52 57
43 53 58
43 54 3
43 55 46
43 56 13
43 57 7
43 59 34
44 0 16
44 1 23
44 2 18
44 4 51
44 6 0
44 7 33
44 8 28
44 9 30
44 10 17
44 13 57
44 16 48
44 17 4
44 18 43
44 19 19
44 21 45
44 22 21
44 23 44
44 24 46
44 25 24
44 26 58
44 27 14
44 28 52
44 29 59
44 30 9
44 31 54
44 33 6
44 34 55
44 35 15
44 36 27
44 37 2
44 38 37
44 39 41
44 40 56
44 41 31
44 43 36
44 44 10
44 45 42
44 46 53
44 47 49
44 49 11
44 50 12
44 51 34
44 52 47
44 53 22
44 54 39
44 55 32
44 56 26
44 58 1
44 59 8
45 3 42
45 4 21
45 6 37
45 7 27
45 8 24
45 14 49
45 16 19
45 17 15
45 18 41
45 19 55
45 21 44
45 22 53
45 24 5
45 25 28
45 27 47
45 28 29
45 29 6
45 30 7
45 31 56
45 32 48
45 33 54
45 34 35
45 35 4
45 36 59
45 37 12
45 38 1
45 39 43
45 40 39
45 41 22
45 42 13
45 43 9
45 44 23
45 45 14
45 47 0
45 49 16
45 50 25
45 51 11
45 52 32
45 53 38
45 55 57
45 57 30
45 59 18
46 0 57
46 2 21
46 3 40
46 5 20
46 6 12
46 7 5
46 8 0
46 9 53
46 10 24
46 11 16
46 12 37
46 15 46
46 16 30
46 17 23
46 18 9
46 19 32
46 20 43
46 21 25
46 22 6
46 23 42
46 24 2
46 25 48
46 26 51
46 27 17
46 28 22
46 30 55
46 31 39
46 32 18
46 33 8
46 34 31
46 36 50
46 38 34
46 39 44
46 40 13
46 41 35
46 43 59
46 45 45
46 46 36
46 47 28
46 48 29
46 49 47
46 50 33
46 51 19
46 53 56
46 54 11
46 55 4
46 56 14
46 57 52
47 0 56
47 1 54
47 2 51
47 3 7
47 4 12
47 5 6
47 7 58
47 9 57
47 11 28
47 12 13
47 13 3
47 15 10
47 16 14
47 19 43
47 21 27
47 22 49
47 23 20
47 24 16
47 26 0
47 27 32
47 28 4
47 30 26
47 31 48
47 32 25
47 33 34
47 34 23
47 35 39
47 36 47
47 37 59
47 39 40
47 40 5
47 41 38
47 42 24
47 43 31
47 44 8
47 45 17
47 46 50
47 47 45
47 48 21
47 49 53
47 50 36
47 51 15
47 52 44
47 54 2
47 55 11
47 56 30
47 58 42
47 59 55
48 0 40
48 2 27
48 3 0
48 5 19
48 6 46
48 7 35
48 9 42
48 10 12
48 11 41
48 12 59
48 13 6
48 14 55
48 15 38
48 18 11
48 19 9
48 20 37
48 21 43
48 22 48
48 23 51
48 24 18
48 25 10
48 26 26
48 27 50
48 28 1
48 29 32
48 31 21
48 34 28
48 37 13
48 39 31
48 40 36
48 41 20
48 42 23
48 44 25
48 45 47
48 46 45
48 47 53
48 49 22
48 50 3
48 51 24
48 52 49
48 53 57
48 54 30
48 55 14
48 56 58
48 58 5
48 59 33
49 0 23
49 1 19
49 2 13
49 3 55
49 4 38
49 5 58
49 6 14
49 7 51
49 8 5
49 9 47
49 11 52
49 12 1
49 14 44
49 15 18
49 16 21
49 17 25
49 18 22
49 19 34
49 20 29
49 21 31
49 22 9
49 23 41
49 24 43
49 26 16
49 28 26
49 29 7
49 30 36
49 31 15
49 32 4
49 33 49
49 35 40
49 39 24
49 40 57
49 42 0
49 43 56
49 44 12
49 45 2
49 46 37
49 47 3
49 48 10
49 49 50
49 51 39
49 52 8
49 53 28
49 54 20
49 55 30
49 56 32
49 57 45
49 58 59
49 59 6
50 0 19
50 2 37
50 4 14
50 6 8
50 7 32
50 8 46
50 10 44
50 11 2
50 12 49
50 13 31
50 14 18
50 17 56
50 18 3
50 19 25
50 20 42
50 23 29
50 25 27
50 26 57
50 29 52
50 30 17
50 31 26
50 32 23
50 33 10
50 34 48
50 35 45
50 36 43
50 37 5
50 38 51
50 39 39
50 40 53
50 41 47
50 42 33
50 43 41
50 47 12
50 50 15
50 51 38
50 52 0
50 53 7
50 54 28
50 55 1
50 57 54
50 58 55
50 59 20
51 1 24
51 2 55
51 5 1
51 6 29
51 7 45
51 10 28
51 11 20
51 12 30
51 15 19
51 16 4
51 17 51
51 18 49
51 19 26
51 20 2
51 21 13
51 22 31
51 23 0
51 24 41
51 25 23
51 27 57
51 29 17
51 31 22
51 32 12
51 33 58
51 34 14
51 35 48
51 36 46
51 37 54
51 38 36
51 40 40
51 41 37
51 42 47
51 43 42
51 44 5
51 45 33
51 46 7
51 48 11
51 50 21
51 53 43
51 54 16
51 55 53
51 56 3
51 57 27
51 58 8
51 59 25
52 0 39
52 1 49
52 2 56
52 3 9
52 4 0
52 5 45
52 6 17
52 7 37
52 9 11
52 10 38
52 11 44
52 12 32
52 13 33
52 14 28
52 16 40
52 18 15
52 19 30
52 22 41
52 23 12
52 26 25
52 29 35
52 30 6
52 32 34
52 33 31
52 34 36
52 35 46
52 36 54
52 37 29
52 38 24
52 39 52
52 40 59
52 42 51
52 44 20
52 45 10
52 46 19
52 48 26
52 49 58
52 50 55
52 51 22
52 52 21
52 53 18
52 54 48
52 55 3
52 56 43
52 57 42
52 58 57
52 59 5
53 0 14
53 1 47
53 2 30
53 3 56
53 4 17
53 5 35
53 6 51
53 7 52
53 8 4
53 10 40
53 11 29
53 12 19
53 13 25
53 14 32
53 15 11
53 17 34
53 18 12
53 19 54
53 20 9
53 21 18
53 22 16
53 23 36
53 24 0
53 25 50
53 26 38
53 27 41
53 28 20
53 29 55
53 30 58
53 31 33
53 32 3
53 34 42
53 35 8
53 36 53
53 37 23
53 38 13
53 41 39
53 42 7
53 45 27
53 46 6
53 48 45
53 52 2
53 53 21
53 54 10
53 55 24
53 56 22
54 0 45
54 2 46
54 3 25
54 4 8
54 7 39
54 8 20
54 9 48
54 10 10
54 11 49
54 12 11
54 13 32
54 14 2
54 15 58
54 16 36
54 17 31
54 19 6
54 21 5
54 22 7
54 23 15
54 24 13
54 25 52
54 26 1
54 27 44
54 28 12
54 29 51
54 30 18
54 31 17
54 32 41
54 34 40
54 35 26
54 36 23
54 38 55
54 39 16
54 41 30
54 42 43
54 43 4
54 44 29
54 45 37
54 46 56
54 47 21
54 48 9
54 50 34
54 51 14
54 52 59
54 54 35
54 55 0
54 57 22
54 58 53
54 59 19
55 0 37
55 1 56
55 2 12
55 5 14
55 6 58
55 7 36
55 8 13
55 9 25
55 14 50
55 15 48
55 16 5
55 17 11
55 18 26
55 19 31
55 20 33
55 21 53
55 22 24
55 23 7
55 24 4
55 25 54
55 26 22
55 29 10
55 31 52
55 32 42
55 33 17
55 34 2
55 35 43
55 36 51
55 37 9
55 38 40
55 39 18
55 40 16
55 41 55
55 43 38
55 44 15
55 45 19
55 46 47
55 47 29
55 49 20
55 50 45
55 52 35
55 53 0
55 54 8
55 55 23
55 56 49
55 57 41
55 58 6
55 59 27
56 0 49
56 1 1
56 2 20
56 3 43
56 4 3
56 5 4
56 6 15
56 7 34
56 8 37
56 9 31
56 10 54
56 12 9
56 16 41
56 18 55
56 19 7
56 20 39
56 22 40
56 23 32
56 24 48
56 25 14
56 26 21
56 27 36
56 28 53
56 29 19
56 30 23
56 31 57
56 32 6
56 34 0
56 35 56
56 36 8
56 37 33
56 38 42
56 39 2
56 40 51
56 42 50
56 43 5
56 45 11
56 46 25
56 47 59
56 48 12
56 49 18
56 50 52
56 52 22
56 53 26
56 54 58
56 55 27
56 56 47
56 58 24
56 59 46
57 0 53
57 1 32
57 3 41
57 4 37
57 5 49
57 8 26
57 9 38
57 10 27
57 11 48
57 12 43
57 14 3
57 15 51
57 16 2
57 17 9
57 18 19
57 19 13
57 20 58
57 21 33
57 22 22
57 23 31
57 26 42
57 27 23
57 28 46
57 29 30
57 30 10
57 31 4
57 32 47
57 33 25
57 34 17
57 36 11
57 37 28
57 38 39
57 39 7
57 40 12
57 42 55
57 43 24
57 44 45
57 45 29
57 46 21
57 47 54
57 48 0
57 50 40
57 51 20
57 52 36
57 53 1
57 55 52
57 56 16
57 57 59
57 58 14
58 5 36
58 6 4
58 7 43
58 9 37
58 10 25
58 11 56
58 12 22
58 13 21
58 14 14
58 16 58
58 17 27
58 18 51
58 19 38
58 21 11
58 22 59
58 23 35
58 24 15
58 25 46
58 26 54
58 27 28
58 28 33
58 29 18
58 30 52
58 31 16
58 32 10
58 33 23
58 34 3
58 35 12
58 36 9
58 37 40
58 38 57
58 39 0
58 40 44
58 41 41
58 42 5
58 43 7
58 45 34
58 48 2
58 52 53
58 53 31
58 56 24
58 57 32
58 58 48
58 59 47
59 0 42
59 1 45
59 2 34
59 3 32
59 4 7
59 5 0
59 6 55
59 9 39
59 10 53
59 11 14
59 12 48
59 14 43
59 15 31
59 16 38
59 17 41
59 18 59
59 19 5
59 20 51
59 22 37
59 23 2
59 25 57
59 26 20
59 27 12
59 28 23
59 29 8
59 31 40
59 32 50
59 34 30
59 35 33
59 36 21
59 37 22
59 38 27
59 40 58
59 41 9
59 42 36
59 43 25
59 44 52
59 45 49
59 46 35
59 47 19
59 48 47
59 49 1
59 51 56
59 54 13
59 55 29
59 56 44
59 57 28
59 59 4
