70
0 0 53
0 1 69
0 3 68
0 5 1
0 6 27
0 10 48
0 13 54
0 21 36
0 22 2
0 24 21
0 27 57
0 30 10
0 32 0
0 33 49
0 35 45
0 38 19
0 39 51
0 40 42
0 41 40
0 46 61
0 47 6
0 51 8
0 52 29
0 56 24
0 57 12
0 59 7
0 60 9
0 64 60
0 65 41
1 3 30
1 4 59
1 5 18
1 12 39
1 16 20
1 18 8
1 20 26
1 28 31
1 29 43
1 31 64
1 32 44
1 33 51
1 37 6
1 41 49
1 47 61
1 49 38
1 50 55
1 54 63
1 58 4
1 60 45
1 61 19
1 63 15
1 65 7
1 66 35
1 69 58
2 2 59
2 9 17
2 10 4
2 17 46
2 18 28
2 19 19
2 27 55
2 28 25
2 29 32
2 31 24
2 33 38
2 37 2
2 38 65
2 39 13
2 42 50
2 43 36
2 46 16
2 48 1
2 51 56
2 53 7
2 54 29
2 58 61
2 59 54
2 60 58
2 62 53
2 65 23
2 69 57
3 3 46
3 4 28
3 5 49
3 6 5
3 8 16
3 11 15
3 12 42
3 14 61
3 17 27
3 18 43
3 19 30
3 23 55
3 24 51
3 27 12
3 31 66
3 32 36
3 33 65
3 34 45
3 35 38
3 38 59
3 39 68
3 42 21
3 44 35
3 46 31
3 47 63
3 49 47
3 50 6
3 53 69
3 59 4
3 65 32
3 66 10
3 69 34
4 0 54
4 1 46
4 3 17
4 4 24
4 10 35
4 12 1
4 14 26
4 20 63
4 22 8
4 24 18
4 27 36
4 29 39
4 30 4
4 31 50
4 36 62
4 38 10
4 39 28
4 40 32
4 41 29
4 45 11
4 47 19
4 49 61
4 53 33
4 59 59
4 61 67
4 62 27
4 63 52
4 66 58
4 68 41
5 0 25
5 1 48
5 3 36
5 4 68
5 8 28
5 11 35
5 15 24
5 19 43
5 20 39
5 21 23
5 23 47
5 24 67
5 26 42
5 27 26
5 28 38
5 29 51
5 33 54
5 35 12
5 36 66
5 37 11
5 39 31
5 40 17
5 41 61
5 43 41
5 46 2
5 47 34
5 50 33
5 52 52
5 55 5
5 56 49
5 57 64
5 59 10
5 63 46
5 68 13
5 69 20
6 6 33
6 8 8
6 10 13
6 12 29
6 16 51
6 19 23
6 21 21
6 22 5
6 24 62
6 26 65
6 34 28
6 37 12
6 40 52
6 43 50
6 46 38
6 51 27
6 56 58
6 58 16
6 64 45
7 0 1
7 5 45
7 6 64
7 9 8
7 12 21
7 13 30
7 15 41
7 16 18
7 20 48
7 21 32
7 22 7
7 24 65
7 25 60
7 28 54
7 32 57
7 33 52
7 34 20
7 36 11
7 37 63
7 39 59
7 42 29
7 45 38
7 46 40
7 48 34
7 49 43
7 51 37
7 52 50
7 54 5
7 55 58
7 57 55
7 60 28
7 62 49
7 64 13
7 65 9
7 66 4
7 69 17
8 4 66
8 5 55
8 7 48
8 11 64
8 12 31
8 14 40
8 18 46
8 21 0
8 22 3
8 23 35
8 24 42
8 26 13
8 28 16
8 33 26
8 35 10
8 41 57
8 43 6
8 45 36
8 47 23
8 48 63
8 51 44
8 53 15
8 54 62
8 59 38
8 60 25
8 62 8
8 63 39
8 64 67
8 67 56
8 68 21
9 8 27
9 10 26
9 14 58
9 15 51
9 16 9
9 20 61
9 22 14
9 24 68
9 26 18
9 27 23
9 28 0
9 29 1
9 31 56
9 33 46
9 34 60
9 37 43
9 42 42
9 44 28
9 45 5
9 46 7
9 50 24
9 51 57
9 55 21
9 57 10
9 59 37
9 62 15
9 63 29
9 68 50
10 0 26
10 1 38
10 2 43
10 8 64
10 9 65
10 12 10
10 13 62
10 17 34
10 23 1
10 25 55
10 28 51
10 29 0
10 30 9
10 31 37
10 32 28
10 34 18
10 36 50
10 37 44
10 38 47
10 46 60
10 49 36
10 51 23
10 53 19
10 57 59
10 61 56
10 63 20
10 64 53
10 68 11
11 1 36
11 2 16
11 8 22
11 9 13
11 10 60
11 12 50
11 14 29
11 19 10
11 31 49
11 35 20
11 37 67
11 38 23
11 41 68
11 43 57
11 44 6
11 47 12
11 48 37
11 56 54
11 57 30
11 59 43
11 61 64
11 63 65
11 66 59
11 69 3
12 3 41
12 4 45
12 6 9
12 9 34
12 10 64
12 11 56
12 12 2
12 13 1
12 15 37
12 18 54
12 20 53
12 22 32
12 25 25
12 26 3
12 27 19
12 28 27
12 32 47
12 37 58
12 39 69
12 41 67
12 42 59
12 46 42
12 49 21
12 56 33
12 61 63
12 64 18
12 66 55
13 1 59
13 3 61
13 6 67
13 9 48
13 10 20
13 11 36
13 13 21
13 15 30
13 16 8
13 19 25
13 22 27
13 26 15
13 27 62
13 29 11
13 35 22
13 40 51
13 41 13
13 45 35
13 46 37
13 47 39
13 49 5
13 50 43
13 51 4
13 52 38
13 54 3
13 56 56
13 57 63
13 59 49
13 61 2
13 64 69
14 0 60
14 2 56
14 3 14
14 5 64
14 7 7
14 11 34
14 12 35
14 17 38
14 18 51
14 19 45
14 24 1
14 27 11
14 30 16
14 34 43
14 36 20
14 37 42
14 38 4
14 39 8
14 43 40
14 46 47
14 53 3
14 56 2
14 58 19
14 63 37
14 68 54
15 3 13
15 5 24
15 6 17
15 11 37
15 12 62
15 14 21
15 24 8
15 25 69
15 26 40
15 27 18
15 29 35
15 32 33
15 35 16
15 36 65
15 37 57
15 42 46
15 43 42
15 45 10
15 48 11
15 49 15
15 51 64
15 52 22
15 53 6
15 54 34
15 62 38
15 64 9
15 66 63
15 68 1
16 0 28
16 1 31
16 2 32
16 3 57
16 7 20
16 10 19
16 12 24
16 13 44
16 15 33
16 16 35
16 18 58
16 19 56
16 23 29
16 25 65
16 27 66
16 30 51
16 32 14
16 39 27
16 40 16
16 42 68
16 46 34
16 48 36
16 51 49
16 55 63
16 56 9
16 58 53
16 59 62
16 61 12
16 63 55
16 67 26
17 1 6
17 10 30
17 11 14
17 15 35
17 16 10
17 20 21
17 21 40
17 27 53
17 28 18
17 33 12
17 34 19
17 35 33
17 36 26
17 37 0
17 43 52
17 46 51
17 49 32
17 54 37
17 55 43
17 60 36
17 64 38
17 65 22
17 66 56
17 68 57
18 2 68
18 3 51
18 4 5
18 6 6
18 10 18
18 14 37
18 21 64
18 22 1
18 23 59
18 25 19
18 27 65
18 30 49
18 31 63
18 34 36
18 37 50
18 39 57
18 40 7
18 46 48
18 51 20
18 52 62
18 55 14
18 57 67
18 60 54
18 61 58
18 65 34
18 67 52
19 0 9
19 2 39
19 3 47
19 4 23
19 9 5
19 13 33
19 14 51
19 16 62
19 20 49
19 25 44
19 26 28
19 27 3
19 31 18
19 34 31
19 40 26
19 43 61
19 44 30
19 46 20
19 49 13
19 51 7
19 52 4
19 53 43
19 54 58
19 60 60
19 66 65
19 67 45
20 0 22
20 4 18
20 5 56
20 7 53
20 8 12
20 9 27
20 10 59
20 13 35
20 15 49
20 17 7
20 18 38
20 19 15
20 20 37
20 21 48
20 25 50
20 28 34
20 30 28
20 32 61
20 36 69
20 38 31
20 39 0
20 46 57
20 51 55
20 52 60
20 53 24
20 54 51
20 58 40
20 59 29
20 61 36
20 65 8
20 69 26
21 0 44
21 1 1
21 3 49
21 5 36
21 6 35
21 7 19
21 8 30
21 9 50
21 14 9
21 15 53
21 18 10
21 28 26
21 35 61
21 36 48
21 39 18
21 42 58
21 45 62
21 56 21
21 65 27
22 0 43
22 1 67
22 2 33
22 4 35
22 11 22
22 28 3
22 33 18
22 34 11
22 37 48
22 42 8
22 46 26
22 47 31
22 48 44
22 50 51
22 53 68
22 54 17
22 59 69
22 60 40
22 61 27
22 63 14
22 67 49
23 1 57
23 2 0
23 3 5
23 5 25
23 7 16
23 8 2
23 9 9
23 12 15
23 13 60
23 16 37
23 17 32
23 19 17
23 23 50
23 24 59
23 31 12
23 33 7
23 36 21
23 37 38
23 40 8
23 42 39
23 43 14
23 44 27
23 45 51
23 47 53
23 48 61
23 49 58
23 50 54
23 51 18
23 52 36
23 61 6
23 63 23
23 67 1
23 68 48
24 0 48
24 4 21
24 5 58
24 8 4
24 12 18
24 18 14
24 20 68
24 22 62
24 24 49
24 29 9
24 30 35
24 41 44
24 43 1
24 44 60
24 46 15
24 55 29
24 57 13
24 58 47
24 60 26
24 61 50
24 63 67
24 65 61
24 68 16
24 69 40
25 4 4
25 7 28
25 8 36
25 12 22
25 13 32
25 15 2
25 16 57
25 19 42
25 21 34
25 24 7
25 25 30
25 27 20
25 31 54
25 34 8
25 35 18
25 36 46
25 39 40
25 40 21
25 42 19
25 43 17
25 44 38
25 45 69
25 46 58
25 49 23
25 50 45
25 52 48
25 55 66
25 60 29
25 62 9
25 63 43
25 64 1
25 65 53
25 67 12
25 69 44
26 0 21
26 1 35
26 2 29
26 3 24
26 6 31
26 9 25
26 10 12
26 12 67
26 13 42
26 16 16
26 18 50
26 20 20
26 24 0
26 25 57
26 26 61
26 30 1
26 31 8
26 33 10
26 36 55
26 40 69
26 41 51
26 42 52
26 45 40
26 47 36
26 49 22
26 51 17
26 52 19
26 53 28
26 55 32
26 56 23
26 58 2
26 62 48
26 64 15
26 65 56
26 66 27
27 1 49
27 2 47
27 6 60
27 9 61
27 10 69
27 11 26
27 12 23
27 19 32
27 21 11
27 24 35
27 26 55
27 27 27
27 28 4
27 29 6
27 32 64
27 35 37
27 36 3
27 44 43
27 47 68
27 48 17
27 49 62
27 56 59
27 61 45
27 62 12
27 65 15
27 66 40
27 68 30
28 3 63
28 8 11
28 12 19
28 14 44
28 18 22
28 21 60
28 27 17
28 30 55
28 32 3
28 36 1
28 37 25
28 38 54
28 42 4
28 43 18
28 52 61
28 54 9
28 55 56
28 58 32
28 61 38
28 63 8
28 65 5
29 2 12
29 3 58
29 6 68
29 8 21
29 9 2
29 10 14
29 13 41
29 14 47
29 15 44
29 16 54
29 18 23
29 19 3
29 20 43
29 22 34
29 30 36
29 32 9
29 34 6
29 35 63
29 37 69
29 38 0
29 39 22
29 40 49
29 41 46
29 42 27
29 44 39
29 45 66
29 46 13
29 50 7
29 52 37
29 56 55
29 59 51
29 60 67
29 64 62
29 65 29
29 67 10
30 1 62
30 5 19
30 6 34
30 8 9
30 9 45
30 10 25
30 12 11
30 13 13
30 15 66
30 16 36
30 18 21
30 19 26
30 23 6
30 26 52
30 30 7
30 33 60
30 34 65
30 36 42
30 37 28
30 44 53
30 53 30
30 54 20
30 57 4
30 61 57
30 62 61
30 63 27
30 64 44
30 66 43
30 67 55
30 68 39
31 0 64
31 2 41
31 5 29
31 7 25
31 12 68
31 16 11
31 17 18
31 18 57
31 19 59
31 20 66
31 21 7
31 23 17
31 24 53
31 29 37
31 30 8
31 31 32
31 32 5
31 34 1
31 38 24
31 42 38
31 46 30
31 47 27
31 50 50
31 53 55
31 54 67
31 55 51
31 56 42
31 57 58
31 60 21
31 64 65
31 66 26
32 2 4
32 4 48
32 7 34
32 10 31
32 13 68
32 16 41
32 17 40
32 18 26
32 24 20
32 29 53
32 30 60
32 33 19
32 35 17
32 40 18
32 42 61
32 46 8
32 50 62
32 51 28
32 52 65
32 53 37
32 55 6
32 57 52
32 59 27
32 61 15
32 62 23
32 63 10
32 66 45
32 67 33
32 68 12
33 2 17
33 3 43
33 4 41
33 6 50
33 7 10
33 8 49
33 10 54
33 12 36
33 13 34
33 16 25
33 18 9
33 19 65
33 24 28
33 25 2
33 27 31
33 28 57
33 30 45
33 31 1
33 33 67
33 37 59
33 38 53
33 42 69
33 50 23
33 55 47
33 56 64
33 57 38
33 59 61
33 60 68
33 61 62
33 63 58
33 65 20
33 66 19
33 67 8
34 0 2
34 1 51
34 5 22
34 10 29
34 11 18
34 13 59
34 16 46
34 17 14
34 18 4
34 20 52
34 21 15
34 24 17
34 25 37
34 27 69
34 28 33
34 34 48
34 36 58
34 37 60
34 38 6
34 39 45
34 40 56
34 42 23
34 44 57
34 46 65
34 49 53
34 50 9
34 53 10
34 56 34
34 58 25
34 64 5
34 66 68
34 67 62
35 1 13
35 3 66
35 4 8
35 5 26
35 8 44
35 12 46
35 13 61
35 17 39
35 21 28
35 25 54
35 26 1
35 27 49
35 36 16
35 37 20
35 39 23
35 40 5
35 41 62
35 43 30
35 51 50
35 55 57
35 56 53
35 57 33
35 60 47
35 61 22
35 64 21
35 68 45
36 0 36
36 3 3
36 7 54
36 10 39
36 11 24
36 14 32
36 18 1
36 21 49
36 23 10
36 26 56
36 29 40
36 30 22
36 31 2
36 35 35
36 37 30
36 38 9
36 39 53
36 40 6
36 43 11
36 45 44
36 47 42
36 49 45
36 50 57
36 53 41
36 55 20
36 56 0
36 58 60
36 61 48
36 63 18
36 68 67
37 0 24
37 1 29
37 8 69
37 13 66
37 16 22
37 26 34
37 34 54
37 35 23
37 36 25
37 37 39
37 41 10
37 42 33
37 43 49
37 45 8
37 47 47
37 49 42
37 50 30
37 51 58
37 52 3
37 54 13
37 57 17
37 62 52
37 63 11
37 67 64
37 69 59
38 5 33
38 7 27
38 8 52
38 10 61
38 12 47
38 16 4
38 17 3
38 20 30
38 23 53
38 25 59
38 26 12
38 28 62
38 29 14
38 33 37
38 35 26
38 36 43
38 40 34
38 41 38
38 45 7
38 46 66
38 47 51
38 48 50
38 50 58
38 53 56
38 54 44
38 59 2
38 60 13
38 62 6
38 63 9
39 0 68
39 1 56
39 2 38
39 3 60
39 5 23
39 7 59
39 8 50
39 9 29
39 13 51
39 15 17
39 18 6
39 19 18
39 20 45
39 21 9
39 25 43
39 27 35
39 28 22
39 29 8
39 30 61
39 33 69
39 36 0
39 40 33
39 41 3
39 42 57
39 43 21
39 47 54
39 48 46
39 53 42
39 54 26
39 61 41
39 66 12
39 67 53
40 2 36
40 3 69
40 7 52
40 8 13
40 10 21
40 11 6
40 12 54
40 17 58
40 18 7
40 19 67
40 21 57
40 29 66
40 31 68
40 32 62
40 33 43
40 35 53
40 36 9
40 39 47
40 40 38
40 41 15
40 42 49
40 45 31
40 48 12
40 50 20
40 52 10
40 54 23
40 57 56
40 58 45
40 59 1
40 61 59
40 63 5
40 64 42
40 65 30
40 67 24
41 0 63
41 2 49
41 4 56
41 5 27
41 8 37
41 9 12
41 10 43
41 11 1
41 14 11
41 15 8
41 17 52
41 20 54
41 22 24
41 23 16
41 25 36
41 31 48
41 34 61
41 35 59
41 37 47
41 38 41
41 41 14
41 42 13
41 44 62
41 46 53
41 48 22
41 50 38
41 53 40
41 54 7
41 55 67
41 66 60
41 67 46
42 0 67
42 1 22
42 2 5
42 5 32
42 8 10
42 11 2
42 12 13
42 14 19
42 20 11
42 21 50
42 22 35
42 24 39
42 29 57
42 30 3
42 32 12
42 34 30
42 35 36
42 37 49
42 40 47
42 42 26
42 43 48
42 45 16
42 46 69
42 50 34
42 52 56
42 54 31
42 55 61
42 64 28
42 67 21
43 1 28
43 2 50
43 3 32
43 5 20
43 7 43
43 9 44
43 13 18
43 17 54
43 20 27
43 21 38
43 23 60
43 25 13
43 26 29
43 29 10
43 33 40
43 34 66
43 35 3
43 41 5
43 43 63
43 47 4
43 50 61
43 51 65
43 53 64
43 54 68
43 56 47
43 57 31
43 58 23
43 65 62
43 68 69
44 3 64
44 4 16
44 6 38
44 10 40
44 11 59
44 14 12
44 15 28
44 26 50
44 28 66
44 29 31
44 31 39
44 35 24
44 37 9
44 42 55
44 46 25
44 47 30
44 59 60
44 62 67
44 63 6
44 68 17
44 69 2
45 0 14
45 4 58
45 6 36
45 7 15
45 8 40
45 9 66
45 14 59
45 15 5
45 21 63
45 22 43
45 25 41
45 26 47
45 27 60
45 30 33
45 31 11
45 32 2
45 34 55
45 39 1
45 44 22
45 48 29
45 50 67
45 52 6
45 53 50
45 56 4
45 57 28
45 59 42
46 2 18
46 5 48
46 6 41
46 7 1
46 9 4
46 11 44
46 14 69
46 15 29
46 22 55
46 27 14
46 28 50
46 29 45
46 33 33
46 34 12
46 39 64
46 40 2
46 44 63
46 45 3
46 46 11
46 47 26
46 50 16
46 51 9
46 52 30
46 53 39
46 54 8
46 56 19
46 57 15
46 58 34
46 60 27
46 63 13
46 66 52
46 67 38
47 0 46
47 1 68
47 5 10
47 6 61
47 9 1
47 12 4
47 15 59
47 17 22
47 18 44
47 19 11
47 27 45
47 30 43
47 38 21
47 39 29
47 42 20
47 43 25
47 46 14
47 47 15
47 48 47
47 49 63
47 50 64
47 52 54
47 62 69
47 63 30
48 1 45
48 2 67
48 6 20
48 7 5
48 8 48
48 17 37
48 20 59
48 22 16
48 23 33
48 24 13
48 25 8
48 27 30
48 28 64
48 30 46
48 32 63
48 36 2
48 38 34
48 43 4
48 45 52
48 48 0
48 55 44
48 57 21
48 59 22
48 62 55
48 66 25
48 69 19
49 4 20
49 5 44
49 8 41
49 9 55
49 12 27
49 14 52
49 16 69
49 18 34
49 22 59
49 23 28
49 26 32
49 32 58
49 37 62
49 38 45
49 39 65
49 42 60
49 44 19
49 45 21
49 49 14
49 50 42
49 51 16
49 54 12
49 55 39
49 56 38
49 59 11
49 61 33
49 64 8
49 67 35
50 0 47
50 1 2
50 2 42
50 4 0
50 6 49
50 7 37
50 10 22
50 11 19
50 14 13
50 18 62
50 20 23
50 24 57
50 30 44
50 34 69
50 36 10
50 38 16
50 40 43
50 48 26
50 50 59
50 51 60
50 52 32
50 54 66
50 55 40
50 56 50
50 59 68
50 60 38
50 61 55
50 64 29
50 65 24
50 66 36
50 69 7
51 1 41
51 3 22
51 8 20
51 10 66
51 13 24
51 14 62
51 16 40
51 17 9
51 22 12
51 24 27
51 30 69
51 32 54
51 35 51
51 41 2
51 43 16
51 45 58
51 47 57
51 49 28
51 55 26
51 59 30
51 61 61
51 66 34
51 67 47
52 2 2
52 3 44
52 10 36
52 13 20
52 16 19
52 17 47
52 20 32
52 21 58
52 22 56
52 23 49
52 26 57
52 28 61
52 29 16
52 30 23
52 31 13
52 34 5
52 35 64
52 36 45
52 40 48
52 42 10
52 46 50
52 47 65
52 49 12
52 52 17
52 55 34
52 56 68
52 58 3
52 62 62
52 63 38
53 0 34
53 2 48
53 7 64
53 8 19
53 10 28
53 15 3
53 17 57
53 23 56
53 24 60
53 26 33
53 31 22
53 37 8
53 39 35
53 41 45
53 43 53
53 46 55
53 47 14
53 48 10
53 49 0
53 50 2
53 53 51
53 54 6
53 62 54
53 64 36
54 4 32
54 5 42
54 7 6
54 13 47
54 14 56
54 16 7
54 17 43
54 25 31
54 27 9
54 30 64
54 35 34
54 36 30
54 37 41
54 38 27
54 45 18
54 46 63
54 48 69
54 49 2
54 50 65
54 51 21
54 55 54
54 58 12
54 59 50
54 61 25
54 65 45
54 66 51
54 67 14
54 68 15
55 4 27
55 6 63
55 7 65
55 8 51
55 9 53
55 14 4
55 15 25
55 17 28
55 18 19
55 21 47
55 23 3
55 27 68
55 28 56
55 30 6
55 32 50
55 37 21
55 38 5
55 41 60
55 42 43
55 46 54
55 47 40
55 48 45
55 49 39
55 50 69
55 52 66
55 54 2
55 57 49
55 58 58
55 59 48
55 63 36
55 65 18
55 66 62
55 68 20
56 2 34
56 3 52
56 4 42
56 6 11
56 7 36
56 8 43
56 9 46
56 12 49
56 14 25
56 16 3
56 20 60
56 22 13
56 26 63
56 27 50
56 29 24
56 35 29
56 36 67
56 37 4
56 39 61
56 43 47
56 53 20
56 58 26
56 60 65
56 62 32
56 63 0
56 64 51
56 65 59
56 67 31
57 4 60
57 8 34
57 11 21
57 14 28
57 15 7
57 17 20
57 25 61
57 27 33
57 28 53
57 29 26
57 32 1
57 36 54
57 37 24
57 38 39
57 39 37
57 42 0
57 43 13
57 46 68
57 47 3
57 49 35
57 50 4
57 52 43
57 55 23
57 56 36
57 62 44
58 0 7
58 1 16
58 2 9
58 6 1
58 7 21
58 8 5
58 11 54
58 12 57
58 19 44
58 24 52
58 28 8
58 29 47
58 30 48
58 36 40
58 39 14
58 42 18
58 45 42
58 49 66
58 51 69
58 52 11
58 55 64
58 57 29
58 58 62
58 62 51
58 65 0
59 3 34
59 5 47
59 6 51
59 9 63
59 11 40
59 12 28
59 13 4
59 17 44
59 18 49
59 19 60
59 21 2
59 22 9
59 23 61
59 25 1
59 30 56
59 32 16
59 34 46
59 36 13
59 38 29
59 39 6
59 40 10
59 41 36
59 43 37
59 44 32
59 47 20
59 49 48
59 52 18
59 54 39
59 61 35
59 65 52
59 69 43
60 3 0
60 5 14
60 9 21
60 12 30
60 13 16
60 18 29
60 25 10
60 28 15
60 30 5
60 31 20
60 34 23
60 35 1
60 37 13
60 40 55
60 41 54
60 42 32
60 45 9
60 46 52
60 48 2
60 49 33
60 50 17
60 52 57
60 53 34
60 56 43
60 61 28
60 65 35
60 66 69
60 68 44
61 0 29
61 7 63
61 10 16
61 14 15
61 16 0
61 17 13
61 25 66
61 34 64
61 36 49
61 44 31
61 45 60
61 47 37
61 52 59
61 53 44
61 54 21
61 56 39
61 57 24
61 67 50
62 1 63
62 4 11
62 6 19
62 8 45
62 11 65
62 16 42
62 18 12
62 19 7
62 21 14
62 22 15
62 36 29
62 37 46
62 38 3
62 39 9
62 43 55
62 44 2
62 46 67
62 47 44
62 49 59
62 52 13
62 53 57
62 54 61
62 55 10
62 56 22
62 63 33
62 64 32
62 69 41
63 0 27
63 8 17
63 10 63
63 12 8
63 13 39
63 14 66
63 15 9
63 17 67
63 18 33
63 20 19
63 24 69
63 28 59
63 29 22
63 31 55
63 33 13
63 35 41
63 36 18
63 37 31
63 41 37
63 42 3
63 47 5
63 50 48
63 55 25
63 56 46
63 57 68
63 65 60
63 67 29
64 0 49
64 4 69
64 5 57
64 8 68
64 12 51
64 13 64
64 14 18
64 18 63
64 20 16
64 23 23
64 24 10
64 25 33
64 29 36
64 30 50
64 33 34
64 35 7
64 36 39
64 40 35
64 41 32
64 44 4
64 50 1
64 51 29
64 55 37
64 56 14
64 57 9
64 59 19
64 62 40
64 63 45
64 64 17
64 66 15
64 67 27
65 1 34
65 3 59
65 7 50
65 8 56
65 12 48
65 15 67
65 17 41
65 19 49
65 30 58
65 31 28
65 34 52
65 36 68
65 39 54
65 44 33
65 46 46
65 47 1
65 49 69
65 50 40
65 55 0
65 56 6
65 57 32
65 62 2
65 65 43
65 68 35
66 1 39
66 4 9
66 6 16
66 11 62
66 14 23
66 16 21
66 17 56
66 18 67
66 20 2
66 22 47
66 27 40
66 28 48
66 29 41
66 32 69
66 33 0
66 34 49
66 36 24
66 38 44
66 41 25
66 43 43
66 45 6
66 47 38
66 48 51
66 53 27
66 60 42
66 61 52
66 62 58
66 63 34
66 65 63
66 68 68
66 69 14
67 0 13
67 1 42
67 2 8
67 5 21
67 6 3
67 8 53
67 16 67
67 18 30
67 19 47
67 21 1
67 22 54
67 25 18
67 26 51
67 27 38
67 31 9
67 32 10
67 33 58
67 34 17
67 35 15
67 46 45
67 47 11
67 49 24
67 50 36
67 55 62
67 56 7
67 58 49
67 59 20
67 64 46
67 65 4
67 67 65
67 68 56
68 3 10
68 5 16
68 9 26
68 11 29
68 12 5
68 14 45
68 17 19
68 18 48
68 21 65
68 23 37
68 24 66
68 27 34
68 30 40
68 32 56
68 34 38
68 39 44
68 40 59
68 44 23
68 45 57
68 47 7
68 51 41
68 52 67
68 54 42
68 55 36
68 56 1
68 59 32
68 60 24
68 64 25
68 65 54
68 67 43
68 68 58
69 2 66
69 6 24
69 8 7
69 10 67
69 12 32
69 15 60
69 18 69
69 22 41
69 27 54
69 29 18
69 31 16
69 33 55
69 45 46
69 52 45
69 55 68
69 56 8
69 57 61
69 59 52
69 67 63
69 69 38
