70
0 0 17
0 1 65
0 2 30
0 3 14
0 4 54
0 5 39
0 6 43
0 7 37
0 8 10
0 11 46
0 12 11
0 13 36
0 14 9
0 15 6
0 17 62
0 19 45
0 20 38
0 21 56
0 22 29
0 23 12
0 25 50
0 26 19
0 27 59
0 28 61
0 30 34
0 31 69
0 32 44
0 33 24
0 35 60
0 36 26
0 37 66
0 39 25
0 40 5
0 41 55
0 43 27
0 44 7
0 45 8
0 46 16
0 48 67
0 49 40
0 50 21
0 51 28
0 53 0
0 54 31
0 55 22
0 56 64
0 57 13
0 59 68
0 61 48
0 62 1
0 63 57
0 64 41
0 66 49
0 67 47
0 68 63
0 69 33
1 0 0
1 1 7
1 2 69
1 4 13
1 5 63
1 6 67
1 7 41
1 8 35
1 9 47
1 10 6
1 12 53
1 13 39
1 15 20
1 16 29
1 17 5
1 18 32
1 19 37
1 21 26
1 22 43
1 23 55
1 24 15
1 25 48
1 26 30
1 27 44
1 29 12
1 30 2
1 31 11
1 32 59
1 33 22
1 35 24
1 37 21
1 39 33
1 40 3
1 41 34
1 42 23
1 45 58
1 46 65
1 48 17
1 49 18
1 50 31
1 51 51
1 52 25
1 53 38
1 54 60
1 55 64
1 58 27
1 59 62
1 60 9
1 64 28
1 65 10
1 66 40
1 68 14
1 69 56
2 0 13
2 1 56
2 2 25
2 3 52
2 5 51
2 7 28
2 8 7
2 9 59
2 10 10
2 11 16
2 12 5
2 16 15
2 17 14
2 18 43
2 20 55
2 21 61
2 22 67
2 23 35
2 24 58
2 25 26
2 27 24
2 28 60
2 29 66
2 30 62
2 31 6
2 34 47
2 35 3
2 36 40
2 38 69
2 39 19
2 40 39
2 41 18
2 42 34
2 43 54
2 44 37
2 45 0
2 46 2
2 47 12
2 48 4
2 49 11
2 50 57
2 51 30
2 52 9
2 53 31
2 54 22
2 55 50
2 56 32
2 57 23
2 59 64
2 60 63
2 61 44
2 62 29
2 63 38
2 65 1
2 66 42
2 67 41
2 68 45
2 69 8
3 0 25
3 1 61
3 2 27
3 3 22
3 4 57
3 5 42
3 6 11
3 7 3
3 9 21
3 10 35
3 13 41
3 15 30
3 17 66
3 18 38
3 20 65
3 23 51
3 24 33
3 26 45
3 27 58
3 29 4
3 30 20
3 31 64
3 32 63
3 33 13
3 34 36
3 35 54
3 36 62
3 38 37
3 40 14
3 42 32
3 43 60
3 44 10
3 45 39
3 46 34
3 47 15
3 48 40
3 49 67
3 50 56
3 52 28
3 55 31
3 56 46
3 57 2
3 58 6
3 60 55
3 61 52
3 62 18
3 65 50
3 66 69
3 68 24
3 69 53
4 0 58
4 1 33
4 3 54
4 4 24
4 5 10
4 8 42
4 10 14
4 11 32
4 12 34
4 13 64
4 15 50
4 18 6
4 19 46
4 21 27
4 24 12
4 25 39
4 28 41
4 30 51
4 31 56
4 32 69
4 34 19
4 35 21
4 36 55
4 37 15
4 38 66
4 39 28
4 40 22
4 41 65
4 42 7
4 43 8
4 46 52
4 47 30
4 49 44
4 52 47
4 53 62
4 54 20
4 55 23
4 56 31
4 57 26
4 58 40
4 59 38
4 60 49
4 61 4
4 62 13
4 63 2
4 64 63
4 65 5
4 67 35
4 68 60
4 69 45
5 0 10
5 1 20
5 2 22
5 5 9
5 6 23
5 7 42
5 8 41
5 9 7
5 10 57
5 11 50
5 12 19
5 13 4
5 14 5
5 17 32
5 18 40
5 19 66
5 20 16
5 21 6
5 22 56
5 23 43
5 24 25
5 25 37
5 26 35
5 27 27
5 28 26
5 29 39
5 30 64
5 31 12
5 32 14
5 33 8
5 34 52
5 35 61
5 36 68
5 37 2
5 39 48
5 42 33
5 43 53
5 44 29
5 45 15
5 46 13
5 47 1
5 48 28
5 49 17
5 50 3
5 51 0
5 52 58
5 53 34
5 54 49
5 55 51
5 56 55
5 57 65
5 58 45
5 59 30
5 61 36
5 62 60
5 63 31
5 65 24
5 67 67
5 68 62
5 69 47
6 0 4
6 1 35
6 2 41
6 3 45
6 4 25
6 6 40
6 7 32
6 9 49
6 10 62
6 11 28
6 12 51
6 13 9
6 14 37
6 15 42
6 16 20
6 17 11
6 18 33
6 21 50
6 27 14
6 28 8
6 29 53
6 30 27
6 31 1
6 34 67
6 35 19
6 36 18
6 37 55
6 38 3
6 40 30
6 43 23
6 44 68
6 45 31
6 46 56
6 47 59
6 48 54
6 49 57
6 50 38
6 51 48
6 53 63
6 54 12
6 56 43
6 57 58
6 58 66
6 59 44
6 60 22
6 61 39
6 62 17
6 63 0
6 64 34
6 65 52
6 66 65
6 68 13
6 69 61
7 0 39
7 2 24
7 3 44
7 4 32
7 5 36
7 6 46
7 7 59
7 9 15
7 10 21
7 11 29
7 12 8
7 13 66
7 14 42
7 16 57
7 17 49
7 19 18
7 20 34
7 22 4
7 23 22
7 24 61
7 25 2
7 26 3
7 27 41
7 30 38
7 31 43
7 33 47
7 34 16
7 35 68
7 38 27
7 39 9
7 40 31
7 41 13
7 42 11
7 43 1
7 44 69
7 45 33
7 46 60
7 48 6
7 49 37
7 50 51
7 51 7
7 52 30
7 54 14
7 55 56
7 57 10
7 58 26
7 59 35
7 61 40
7 62 64
7 63 58
7 64 20
7 65 54
7 66 5
7 67 50
7 69 19
8 1 59
8 2 23
8 4 60
8 5 48
8 6 50
8 8 56
8 9 29
8 10 7
8 11 51
8 12 0
8 13 12
8 14 15
8 16 27
8 17 52
8 18 41
8 19 16
8 20 42
8 21 4
8 24 22
8 25 30
8 26 11
8 28 14
8 29 28
8 30 46
8 31 44
8 33 45
8 35 63
8 36 66
8 38 26
8 39 67
8 40 55
8 41 24
8 42 9
8 43 2
8 44 49
8 46 18
8 47 61
8 48 21
8 49 39
8 50 54
8 51 10
8 52 43
8 53 17
8 54 62
8 56 58
8 57 8
8 58 68
8 60 3
8 61 6
8 62 69
8 63 5
8 64 65
8 65 33
8 66 32
8 67 36
8 69 64
9 1 31
9 2 0
9 3 58
9 4 48
9 6 45
9 9 64
9 11 37
9 12 18
9 13 61
9 14 30
9 15 39
9 16 11
9 17 7
9 18 66
9 19 62
9 20 32
9 21 22
9 22 6
9 23 52
9 24 17
9 25 55
9 26 41
9 27 5
9 28 24
9 29 26
9 30 43
9 31 27
9 32 42
9 33 68
9 34 15
9 35 10
9 36 34
9 37 59
9 38 38
9 39 44
9 40 53
9 41 19
9 42 1
9 43 16
9 44 47
9 45 67
9 46 57
9 47 20
9 48 12
9 50 65
9 51 2
9 52 14
9 53 21
9 55 28
9 56 36
9 57 50
9 59 46
9 60 56
9 62 4
9 64 54
9 66 33
9 67 8
9 68 29
9 69 23
10 0 68
10 1 15
10 4 16
10 5 69
10 6 2
10 7 22
10 8 21
10 9 5
10 10 53
10 13 26
10 14 43
10 15 44
10 18 11
10 19 24
10 20 36
10 21 30
10 22 3
10 23 10
10 24 19
10 25 35
10 26 47
10 27 61
10 28 18
10 29 45
10 30 28
10 31 60
10 34 63
10 35 40
10 36 23
10 39 7
10 41 52
10 42 42
10 43 56
10 44 9
10 45 65
10 46 49
10 47 34
10 48 55
10 49 13
10 50 62
10 52 38
10 53 54
10 55 17
10 56 39
10 57 0
10 58 32
10 59 14
10 61 12
10 62 50
10 63 6
10 64 37
10 65 48
10 66 29
10 69 25
11 0 2
11 3 65
11 5 21
11 7 52
11 8 60
11 9 12
11 10 46
11 11 66
11 12 35
11 13 63
11 14 28
11 15 23
11 16 44
11 17 64
11 18 3
11 19 40
11 20 4
11 21 7
11 22 11
11 23 57
11 24 51
11 27 31
11 28 50
11 29 68
11 30 0
11 31 24
11 32 36
11 33 62
11 34 17
11 35 42
11 36 67
11 37 14
11 38 32
11 39 55
11 40 26
11 42 45
11 45 49
11 47 19
11 48 30
11 49 29
11 50 39
11 52 15
11 53 13
11 55 8
11 56 54
11 57 48
11 58 33
11 60 43
11 64 56
11 65 47
11 66 61
11 68 41
11 69 9
12 0 45
12 1 30
12 2 40
12 3 18
12 4 8
12 5 65
12 6 32
12 7 36
12 8 66
12 9 52
12 10 16
12 11 53
12 12 29
12 13 3
12 15 5
12 16 19
12 17 10
12 18 12
12 19 23
12 20 0
12 21 63
12 22 62
12 23 34
12 24 1
12 25 59
12 26 38
12 27 26
12 29 47
12 30 56
12 31 41
12 33 37
12 34 35
12 35 6
12 36 13
12 37 60
12 39 39
12 40 61
12 41 51
12 43 24
12 44 58
12 45 48
12 47 28
12 48 33
12 49 42
12 50 14
12 51 11
12 52 20
12 53 55
12 54 68
12 55 54
12 56 22
12 57 43
12 58 25
12 60 69
12 61 15
12 62 7
12 64 21
12 65 64
12 66 4
12 67 9
12 68 2
12 69 46
13 0 62
13 2 52
13 3 37
13 4 30
13 5 13
13 6 44
13 8 27
13 9 46
13 10 50
13 11 48
13 12 49
13 13 23
13 14 14
13 15 11
13 16 63
13 17 17
13 19 58
13 20 9
13 21 53
13 22 19
13 23 1
13 24 28
13 26 65
13 27 51
13 28 54
13 29 6
13 31 5
13 32 2
13 34 22
13 36 4
13 37 32
13 38 33
13 39 8
13 40 12
13 41 3
13 43 68
13 44 45
13 46 39
13 47 21
13 50 59
13 51 29
13 52 7
13 53 18
13 54 38
13 55 15
13 56 69
13 57 67
13 59 57
13 60 24
13 61 10
13 62 35
13 63 41
13 64 64
13 66 56
13 67 25
13 68 43
14 0 53
14 1 62
14 2 1
14 3 0
14 6 25
14 7 58
14 10 4
14 12 23
14 14 48
14 16 30
14 17 12
14 18 45
14 19 55
14 20 41
14 22 37
14 23 9
14 24 6
14 25 24
14 26 66
14 27 64
14 28 40
14 30 8
14 31 34
14 32 46
14 35 57
14 36 38
14 37 31
14 38 42
14 39 36
14 40 13
14 41 16
14 42 63
14 43 51
14 44 39
14 45 43
14 46 67
14 47 47
14 48 22
14 51 3
14 53 28
14 54 5
14 55 2
14 56 29
14 57 17
14 58 7
14 60 68
14 61 49
14 62 61
14 63 69
14 65 59
14 66 20
14 68 21
14 69 35
15 2 19
15 4 6
15 5 61
15 6 62
15 7 56
15 8 17
15 11 41
15 12 67
15 13 5
15 14 24
15 16 58
15 17 31
15 18 57
15 21 55
15 22 50
15 24 45
15 26 59
15 27 63
15 28 25
15 29 34
15 30 47
15 31 26
15 32 20
15 33 60
15 34 40
15 36 15
15 37 65
15 38 4
15 39 21
15 40 10
15 41 12
15 42 69
15 43 44
15 44 13
15 46 53
15 47 42
15 48 7
15 49 28
15 51 1
15 54 51
15 57 22
15 58 43
15 59 39
15 60 48
15 61 37
15 62 54
15 63 11
15 64 16
15 66 52
15 67 29
15 68 30
15 69 3
16 0 69
16 1 39
16 5 15
16 7 34
16 8 13
16 9 22
16 10 24
16 11 21
16 12 42
16 13 51
16 14 54
16 16 43
16 17 50
16 18 59
16 19 1
16 20 35
16 21 68
16 22 32
16 23 38
16 24 36
16 26 17
16 27 23
16 28 16
16 29 58
16 30 60
16 31 45
16 33 9
16 35 49
16 36 19
16 37 46
16 38 52
16 40 29
16 41 30
16 42 12
16 43 26
16 46 40
16 47 3
16 48 57
16 49 53
16 50 5
16 51 47
16 52 37
16 56 48
16 57 61
16 58 44
16 59 0
16 60 20
16 61 28
16 62 55
16 63 56
16 64 27
16 65 65
16 66 31
16 67 33
16 68 10
16 69 18
17 0 29
17 1 55
17 2 59
17 4 40
17 7 49
17 8 24
17 9 17
17 10 51
17 11 43
17 12 27
17 13 58
17 16 5
17 17 28
17 18 22
17 20 47
17 21 57
17 22 18
17 23 68
17 24 11
17 25 12
17 26 63
17 27 13
17 28 69
17 29 1
17 30 65
17 32 9
17 33 44
17 34 23
17 35 46
17 36 25
17 37 62
17 38 36
17 39 66
17 40 41
17 41 8
17 42 6
17 43 30
17 45 20
17 46 15
17 47 32
17 48 52
17 49 2
17 50 34
17 51 39
17 52 64
17 53 16
17 54 54
17 55 45
17 56 4
17 57 37
17 59 42
17 61 21
17 62 48
17 63 33
17 64 14
17 65 26
17 66 19
17 67 53
17 69 38
18 0 1
18 1 13
18 2 14
18 3 35
18 5 55
18 7 20
18 9 4
18 10 56
18 11 44
18 12 7
18 13 31
18 14 40
18 17 24
18 18 34
18 19 52
18 20 15
18 22 64
18 23 0
18 25 46
18 26 51
18 27 39
18 28 59
18 29 33
18 30 37
18 31 65
18 32 16
18 35 8
18 36 30
18 37 25
18 40 58
18 41 22
18 43 21
18 44 54
18 47 49
18 48 2
18 50 28
18 52 27
18 53 36
18 54 50
18 55 60
18 56 9
18 57 47
18 58 5
18 59 17
18 60 41
18 61 42
18 62 38
18 64 26
18 66 48
18 68 11
19 0 22
19 1 1
19 2 35
19 3 6
19 4 59
19 5 49
19 6 16
19 8 28
19 9 48
19 10 38
19 11 40
19 12 68
19 15 33
19 16 62
19 17 8
19 18 21
19 19 53
19 20 66
19 21 9
19 22 61
19 23 26
19 24 23
19 25 63
19 26 67
19 27 52
19 28 2
19 29 55
19 31 3
19 32 47
19 34 37
19 35 25
19 36 5
19 37 57
19 38 20
19 39 34
19 41 7
19 42 50
19 43 4
19 44 30
19 45 41
19 46 0
19 49 69
19 50 13
19 51 17
19 53 45
19 54 10
19 55 42
19 56 56
19 58 51
19 59 18
19 61 32
19 62 27
19 63 15
19 64 60
19 65 43
19 66 64
19 67 14
19 68 31
19 69 65
20 0 15
20 1 18
20 2 38
20 3 57
20 4 50
20 5 17
20 6 49
20 7 14
20 8 22
20 9 0
20 11 61
20 12 24
20 13 43
20 15 37
20 16 46
20 19 60
20 20 45
20 21 62
20 24 67
20 26 28
20 27 42
20 29 44
20 30 48
20 31 21
20 33 2
20 34 26
20 35 16
20 36 20
20 37 9
20 38 56
20 39 58
20 40 32
20 41 27
20 42 5
20 43 36
20 44 63
20 47 39
20 48 69
20 49 19
20 50 4
20 51 6
20 52 55
20 53 10
20 54 13
20 55 47
20 56 41
20 57 53
20 58 3
20 59 8
20 60 25
20 61 1
20 62 68
20 63 65
20 64 52
20 65 29
20 66 54
20 68 34
21 0 67
21 1 37
21 2 39
21 3 38
21 4 65
21 5 31
21 6 7
21 7 29
21 8 52
21 9 60
21 10 40
21 11 3
21 12 30
21 14 10
21 15 2
21 16 36
21 17 57
21 18 1
21 19 51
21 20 44
21 21 46
21 22 49
21 23 14
21 24 62
21 25 8
21 26 69
21 27 15
21 28 53
21 29 64
21 30 61
21 31 54
21 32 19
21 33 26
21 34 48
21 35 20
21 37 22
21 38 63
21 39 4
21 40 17
21 41 68
21 43 47
21 44 55
21 45 50
21 46 45
21 48 23
21 49 33
21 50 0
21 51 12
21 52 41
21 53 35
21 54 24
21 55 66
21 56 34
21 57 42
21 59 11
21 60 28
21 62 21
21 64 9
21 65 56
21 66 25
21 67 58
21 68 5
21 69 27
22 0 14
22 2 45
22 3 56
22 4 17
22 5 41
22 6 27
22 7 30
22 8 43
22 10 64
22 11 36
22 13 52
22 14 3
22 16 25
22 17 58
22 19 20
22 21 8
22 22 40
22 23 4
22 24 35
22 25 65
22 26 12
22 27 49
22 29 15
22 30 16
22 32 61
22 33 32
22 36 42
22 37 11
22 38 50
22 39 68
22 40 60
22 43 38
22 44 5
22 45 10
22 46 1
22 48 37
22 50 7
22 51 44
22 52 59
22 53 69
22 55 29
22 57 24
22 58 19
22 59 47
22 60 26
22 61 54
22 62 6
22 64 23
22 65 39
22 66 2
22 67 22
22 69 21
23 0 16
23 2 64
23 3 27
23 4 15
23 6 53
23 7 54
23 8 1
23 9 28
23 10 2
23 11 49
23 12 21
23 13 17
23 15 9
23 16 10
23 18 67
23 21 29
23 22 23
23 24 13
23 25 5
23 26 62
23 28 4
23 29 22
23 30 55
23 31 47
23 32 26
23 34 39
23 35 56
23 36 35
23 37 50
23 38 68
23 39 30
23 40 18
23 41 20
23 42 51
23 43 40
23 45 45
23 47 33
23 50 69
23 51 63
23 52 19
23 55 24
23 57 46
23 59 32
23 60 31
23 62 3
23 64 12
23 66 58
23 67 52
23 68 65
23 69 41
24 0 51
24 1 28
24 3 3
24 4 64
24 5 44
24 7 63
24 8 54
24 9 2
24 10 43
24 11 69
24 12 62
24 15 29
24 16 4
24 17 48
24 18 58
24 19 61
24 20 59
24 21 35
24 22 60
24 24 38
24 25 15
24 26 49
24 27 7
24 28 56
24 30 41
24 31 52
24 32 30
24 33 10
24 34 8
24 35 17
24 36 37
24 37 13
24 39 42
24 40 47
24 41 11
24 42 39
24 43 33
24 44 65
24 45 66
24 46 68
24 47 27
24 48 9
24 49 20
24 51 50
24 52 21
24 53 6
24 54 36
24 55 53
24 57 57
24 58 67
24 59 5
24 61 25
24 62 12
24 63 26
24 65 31
24 66 55
24 67 19
24 68 0
24 69 32
25 0 49
25 1 45
25 2 9
25 3 53
25 4 29
25 7 55
25 8 62
25 11 68
25 12 16
25 13 25
25 14 27
25 15 54
25 16 59
25 17 30
25 18 24
25 19 21
25 20 26
25 21 44
25 22 35
25 24 2
25 25 7
25 27 32
25 28 37
25 29 67
25 30 5
25 31 15
25 32 40
25 33 18
25 34 14
25 35 41
25 36 50
25 37 56
25 39 31
25 40 38
25 42 22
25 43 13
25 44 48
25 45 63
25 46 10
25 47 4
25 48 43
25 49 0
25 51 34
25 52 65
25 53 51
25 54 66
25 55 57
25 57 39
25 58 61
25 59 69
25 60 23
25 61 64
25 63 8
25 65 11
25 66 46
25 67 12
25 68 36
26 0 3
26 1 8
26 3 62
26 4 45
26 5 32
26 8 64
26 9 56
26 10 12
26 11 2
26 12 47
26 13 18
26 14 38
26 15 58
26 16 34
26 17 63
26 19 69
26 20 43
26 21 13
26 22 26
26 23 27
26 24 68
26 25 29
26 26 20
26 27 50
26 28 48
26 29 16
26 30 40
26 31 35
26 32 15
26 33 65
26 34 46
26 35 53
26 36 22
26 37 5
26 39 23
26 40 28
26 41 41
26 43 55
26 44 51
26 47 14
26 49 49
26 50 9
26 52 4
26 53 42
26 56 7
26 57 21
26 58 24
26 59 54
26 60 67
26 61 61
26 62 36
26 63 19
26 64 17
26 66 37
26 67 66
26 68 52
26 69 11
27 1 36
27 2 44
27 3 29
27 4 52
27 5 23
27 8 55
27 10 34
27 12 59
27 13 1
27 15 47
27 16 31
27 17 42
27 18 61
27 19 4
27 20 49
27 22 8
27 23 28
27 24 53
27 25 17
27 26 68
27 27 33
27 28 13
27 30 15
27 31 39
27 32 38
27 33 57
27 34 69
27 35 5
27 36 7
27 39 11
27 41 60
27 43 19
27 44 26
27 47 10
27 48 35
27 49 30
27 50 58
27 51 25
27 52 62
27 53 20
27 54 32
27 55 27
27 56 3
27 57 63
27 58 12
27 60 51
27 61 50
27 62 22
27 63 66
27 64 45
27 65 16
27 66 24
27 68 18
27 69 40
28 0 35
28 1 29
28 2 42
28 3 30
28 4 47
28 5 0
28 7 45
28 8 58
28 9 1
28 10 20
28 11 27
28 12 22
28 14 64
28 15 61
28 17 15
28 18 2
28 19 34
28 21 65
28 22 63
28 23 11
28 24 3
28 26 31
28 27 37
28 29 62
28 30 50
28 31 9
28 33 38
28 34 12
28 35 55
28 36 10
28 38 7
28 39 5
28 40 21
28 41 43
28 42 59
28 43 32
28 44 16
28 45 26
28 46 51
28 47 54
28 49 36
28 50 25
28 51 8
28 53 49
28 54 40
28 55 44
28 56 14
28 57 4
28 59 56
28 60 46
28 61 53
28 62 23
28 63 18
28 64 67
28 65 68
28 67 24
28 68 17
28 69 52
29 0 46
29 1 66
29 3 36
29 5 53
29 6 51
29 7 0
29 10 65
29 11 11
29 13 44
29 14 29
29 15 17
29 16 14
29 18 54
29 19 27
29 20 58
29 21 47
29 23 25
29 25 6
29 26 50
29 28 7
29 29 69
29 30 19
29 31 49
29 32 39
29 33 30
29 34 13
29 35 26
29 36 63
29 37 4
29 40 23
29 41 56
29 42 35
29 43 57
29 44 21
29 45 5
29 46 62
29 47 22
29 52 61
29 53 3
29 55 48
29 56 15
29 57 31
29 58 28
29 59 60
29 60 52
29 63 24
29 66 34
29 67 10
29 68 33
30 1 10
30 2 26
30 4 31
30 5 46
30 6 21
30 8 51
30 10 0
30 11 60
30 12 65
30 13 15
30 14 59
30 15 35
30 16 17
30 17 45
30 19 42
30 20 67
30 21 32
30 22 12
30 23 48
30 25 41
30 26 16
30 27 62
30 28 6
30 29 13
30 31 55
30 32 37
30 33 28
30 34 20
30 35 64
30 37 3
30 38 14
30 39 27
30 40 40
30 41 54
30 42 52
30 43 7
30 44 44
30 45 69
30 46 25
30 47 50
30 49 58
30 50 2
30 51 18
30 52 29
30 53 56
30 55 30
30 58 22
30 59 1
30 62 24
30 63 4
30 64 19
30 65 53
30 66 36
30 68 9
30 69 66
31 0 23
31 1 42
31 2 28
31 4 35
31 5 26
31 6 41
31 7 12
31 8 5
31 9 50
31 11 22
31 13 57
31 15 66
31 16 56
31 17 21
31 18 13
31 19 59
31 20 52
31 21 69
31 22 0
31 23 67
31 24 31
31 25 51
31 26 61
31 27 40
31 28 47
31 29 20
31 32 7
31 33 15
31 34 27
31 35 65
31 36 16
31 38 9
31 39 10
31 40 25
31 41 38
31 42 18
31 43 43
31 45 62
31 46 37
31 48 63
31 49 60
31 50 68
31 51 54
31 53 30
31 55 6
31 57 29
31 58 55
31 60 32
31 61 34
31 62 2
31 63 14
31 64 4
31 67 48
31 69 49
32 1 0
32 3 60
32 4 39
32 5 3
32 6 57
32 7 66
32 8 26
32 9 6
32 10 58
32 11 1
32 14 61
32 15 18
32 16 37
32 18 63
32 19 36
32 20 33
32 21 17
32 22 14
32 23 62
32 25 69
32 26 7
32 27 2
32 28 19
32 32 65
32 34 11
32 35 22
32 36 8
32 37 54
32 39 56
32 40 42
32 41 50
32 42 4
32 43 41
32 45 12
32 46 43
32 47 25
32 49 64
32 51 55
32 52 51
32 53 52
32 55 68
32 57 9
32 58 46
32 59 45
32 60 10
32 61 27
32 62 31
32 65 38
32 66 53
32 67 16
32 68 59
32 69 24
33 0 33
33 1 51
33 2 12
33 3 50
33 6 54
33 7 43
33 8 69
33 10 23
33 11 0
33 13 11
33 14 63
33 16 47
33 17 65
33 18 56
33 20 60
33 21 39
33 23 16
33 24 64
33 25 42
33 27 6
33 28 17
33 29 36
33 30 44
33 32 52
33 34 57
33 35 62
33 36 49
33 39 22
33 41 21
33 43 46
33 44 38
33 45 19
33 46 66
33 48 3
33 50 48
33 51 45
33 52 18
33 53 9
33 56 13
33 57 40
33 58 4
33 60 15
33 62 37
33 66 26
33 67 32
33 68 35
33 69 31
34 0 12
34 1 68
34 2 3
34 3 32
34 4 9
34 5 56
34 6 17
34 8 61
34 9 36
34 10 28
34 11 34
34 12 66
34 13 69
34 14 55
34 15 43
34 16 54
34 17 37
34 18 48
34 19 64
34 20 13
34 21 45
34 22 47
34 24 5
34 25 20
34 26 42
34 30 67
34 31 29
34 32 6
34 33 19
34 34 60
34 35 58
34 37 16
34 38 65
34 39 15
34 40 52
34 41 10
34 42 30
34 43 18
34 44 8
34 45 59
34 47 26
34 48 25
34 49 62
34 50 33
34 51 53
34 52 57
34 53 39
34 54 1
34 55 4
34 56 38
34 57 7
34 58 23
34 60 14
34 61 11
34 62 40
34 63 35
34 65 41
34 66 44
34 67 27
34 68 22
34 69 0
35 0 31
35 1 54
35 2 58
35 3 28
35 4 10
35 5 33
35 6 59
35 7 50
35 8 34
35 9 53
35 11 12
35 12 44
35 13 2
35 14 26
35 15 27
35 16 18
35 17 9
35 18 52
35 20 24
35 21 25
35 22 39
35 23 37
35 24 43
35 25 38
35 26 4
35 27 16
35 28 23
35 29 35
35 30 7
35 31 66
35 32 55
35 33 46
35 35 67
35 36 11
35 37 63
35 38 21
35 39 0
35 40 36
35 41 57
35 42 61
35 45 30
35 48 32
35 49 3
35 50 29
35 51 20
35 52 45
35 53 60
35 54 42
35 55 69
35 56 6
35 57 41
35 58 64
35 59 15
35 60 40
35 61 19
35 63 13
35 64 47
35 66 51
35 68 48
35 69 1
36 1 2
36 2 65
36 3 59
36 4 66
36 6 52
36 8 31
36 9 45
36 11 35
36 12 32
36 13 53
36 14 21
36 15 28
36 16 8
36 17 22
36 18 5
36 19 13
36 20 25
36 22 55
36 23 47
36 24 26
36 25 0
36 26 33
36 28 67
36 29 54
36 31 19
36 32 4
36 33 42
36 34 10
36 35 29
36 36 9
36 37 20
36 38 60
36 39 41
36 40 49
36 41 40
36 43 11
36 45 1
36 46 61
36 47 68
36 48 56
36 50 36
36 51 23
36 52 34
36 53 46
36 54 57
36 55 63
36 56 16
36 57 38
36 59 6
36 60 12
36 61 14
36 62 51
36 64 69
36 65 7
36 66 17
36 67 37
36 69 15
37 0 36
37 1 41
37 3 31
37 4 4
37 5 28
37 6 68
37 7 23
37 8 30
37 9 51
37 10 17
37 11 45
37 12 58
37 13 38
37 14 19
37 15 49
37 16 50
37 17 55
37 20 69
37 21 3
37 22 52
37 23 24
37 24 56
37 26 6
37 27 43
37 28 46
37 29 10
37 30 42
37 32 8
37 35 11
37 36 64
37 37 12
37 38 53
37 39 18
37 40 48
37 41 33
37 43 14
37 44 15
37 45 13
37 46 54
37 47 9
37 48 61
37 50 47
37 52 0
37 53 40
37 54 39
37 55 21
37 56 57
37 58 2
37 59 22
37 60 7
37 61 5
37 63 1
37 64 44
37 65 34
37 67 20
37 68 16
38 1 25
38 2 49
38 3 39
38 5 34
38 6 31
38 8 68
38 9 20
38 10 69
38 12 45
38 13 50
38 14 46
38 15 48
38 16 24
38 17 2
38 18 4
38 19 33
38 20 63
38 21 66
38 22 42
38 23 21
38 24 55
38 26 56
38 27 30
38 28 43
38 29 29
38 30 54
38 32 18
38 35 12
38 36 27
38 37 51
38 38 67
38 39 38
38 40 65
38 41 26
38 42 10
38 43 59
38 44 60
38 46 23
38 47 11
38 48 5
38 50 19
38 51 35
38 52 53
38 53 57
38 54 44
38 57 52
38 58 16
38 60 58
38 61 7
38 62 8
38 63 61
38 64 22
38 65 40
38 66 13
38 67 0
38 68 64
39 0 18
39 1 52
39 2 10
39 3 15
39 4 56
39 5 29
39 6 39
39 8 36
39 9 58
39 10 44
39 11 13
39 12 9
39 13 47
39 14 34
39 16 33
39 17 53
39 18 28
39 19 32
39 21 11
39 22 1
39 24 46
39 25 4
39 26 48
39 27 67
39 29 51
39 30 6
39 31 40
39 32 57
39 33 43
39 34 30
39 35 66
39 40 62
39 41 69
39 42 24
39 43 12
39 44 41
39 46 26
39 47 2
39 48 14
39 49 7
39 50 45
39 51 49
39 52 68
39 53 64
39 54 65
39 56 60
39 57 35
39 58 50
39 60 38
39 61 63
39 62 5
39 64 25
39 65 37
39 67 54
39 69 22
40 0 11
40 1 44
40 2 46
40 3 10
40 4 68
40 5 27
40 6 26
40 7 21
40 8 19
40 10 32
40 11 39
40 12 2
40 15 4
40 16 13
40 17 20
40 18 7
40 20 57
40 22 65
40 23 41
40 24 48
40 25 3
40 26 5
40 27 9
40 28 64
40 29 31
40 30 23
40 31 28
40 33 6
40 34 25
40 35 45
40 37 43
40 38 35
40 40 54
40 41 17
40 42 47
40 43 34
40 44 1
40 45 36
40 47 56
40 48 0
40 49 66
40 50 53
40 51 40
40 54 67
40 55 18
40 56 59
40 58 29
40 59 24
40 60 16
40 61 55
40 62 33
40 63 51
40 64 30
40 65 8
40 66 60
40 68 50
40 69 69
41 0 28
41 1 40
41 2 56
41 4 58
41 5 16
41 6 69
41 7 65
41 8 3
41 9 14
41 10 60
41 11 30
41 13 42
41 14 47
41 15 31
41 16 67
41 17 26
41 18 36
41 19 48
41 20 39
41 21 59
41 23 13
41 24 10
41 25 1
41 26 43
41 27 21
41 28 51
41 30 9
41 31 63
41 32 22
41 33 29
41 34 44
41 35 27
41 38 19
41 39 12
41 40 8
41 41 4
41 43 5
41 44 24
41 45 34
41 46 46
41 47 66
41 49 23
41 50 6
41 51 41
41 52 35
41 53 50
41 54 0
41 55 20
41 56 18
41 57 32
41 58 53
41 59 55
41 60 33
41 61 17
41 62 11
41 63 52
41 64 57
41 65 15
41 66 45
41 67 62
41 69 7
42 0 41
42 2 20
42 3 25
42 4 19
42 5 43
42 6 9
42 7 7
42 9 62
42 10 13
42 12 14
42 13 68
42 14 4
42 15 16
42 16 42
42 17 38
42 18 30
42 19 12
42 21 23
42 22 2
42 23 40
42 25 21
42 26 53
42 27 17
42 28 36
42 29 27
42 30 26
42 31 50
42 32 60
42 33 52
42 34 33
42 35 37
42 36 39
42 37 10
42 38 0
42 39 46
42 41 31
42 42 65
42 43 58
42 44 61
42 47 24
42 48 34
42 49 51
42 50 55
42 51 15
42 52 56
42 53 22
42 54 18
42 55 11
42 56 35
42 57 1
42 58 57
42 59 66
42 60 59
42 61 45
42 62 49
42 63 3
42 64 29
42 66 6
42 67 64
42 69 54
43 0 50
43 1 27
43 4 0
43 5 54
43 7 19
43 8 33
43 9 65
43 10 1
43 11 20
43 12 60
43 13 13
43 14 51
43 15 14
43 16 48
43 18 68
43 19 25
43 20 56
43 21 36
43 22 46
43 24 9
43 26 29
43 29 18
43 31 42
43 32 10
43 33 5
43 34 43
43 36 28
43 39 24
43 41 2
43 42 58
43 43 67
43 44 52
43 45 40
43 46 35
43 47 63
43 49 61
43 51 59
43 54 26
43 55 49
43 57 44
43 58 38
43 59 21
43 60 6
43 61 66
43 62 41
43 63 37
43 64 31
43 65 69
43 66 7
43 67 39
43 69 55
44 2 7
44 3 26
44 5 1
44 7 11
44 9 18
44 10 47
44 11 38
44 13 27
44 15 13
44 17 43
44 19 10
44 20 62
44 21 52
44 23 54
44 24 59
44 26 37
44 27 66
44 28 29
44 29 42
44 30 30
44 31 53
44 32 28
44 33 55
44 34 21
44 35 33
44 36 56
44 37 58
44 38 6
44 41 15
44 42 3
44 43 50
44 44 19
44 45 9
44 47 16
44 48 44
44 50 64
44 51 68
44 52 67
44 53 61
44 54 17
44 55 35
44 56 24
44 57 25
44 58 48
44 59 49
44 60 45
44 62 14
44 63 63
44 64 39
44 65 36
44 66 8
44 69 5
45 0 64
45 1 17
45 2 4
45 4 5
45 6 33
45 7 57
45 8 44
45 9 26
45 10 49
45 11 25
45 12 69
45 13 48
45 14 13
45 16 3
45 18 10
45 19 38
45 21 21
45 22 20
45 23 56
45 24 29
45 25 28
45 26 22
45 27 11
45 30 45
45 32 54
45 34 66
45 36 60
45 38 43
45 39 16
45 40 37
45 41 0
45 42 41
45 44 62
45 46 32
45 48 59
45 49 27
45 50 63
45 51 36
45 52 52
45 53 58
45 54 19
45 55 12
45 57 68
45 58 14
45 60 53
45 62 30
45 63 46
45 64 18
45 65 51
45 66 47
45 67 7
45 68 42
45 69 34
46 0 9
46 1 53
46 2 51
46 3 21
46 4 22
46 5 25
46 6 66
46 8 45
46 9 35
46 11 59
46 12 13
46 13 34
46 14 7
46 15 60
46 16 39
46 17 1
46 18 47
46 19 6
46 20 3
46 21 16
46 22 24
46 23 49
46 24 54
46 25 10
46 26 23
46 27 56
46 28 38
46 29 32
46 30 68
46 31 61
46 32 64
46 33 50
46 34 58
46 35 44
46 37 52
46 39 14
46 40 43
46 41 37
46 42 31
46 44 17
46 45 18
46 46 55
46 47 5
46 48 62
46 49 46
46 50 20
46 51 27
46 52 63
46 55 41
46 56 42
46 58 11
46 59 4
46 60 0
46 62 67
46 63 29
46 64 2
46 65 57
46 66 30
46 67 28
46 68 26
46 69 48
47 0 47
47 1 21
47 2 15
47 3 11
47 4 38
47 5 68
47 7 48
47 8 53
47 9 66
47 10 25
47 12 17
47 13 32
47 14 35
47 15 40
47 16 45
47 18 69
47 19 41
47 21 34
47 22 36
47 23 61
47 24 37
47 26 52
47 27 29
47 28 9
47 29 30
47 30 33
47 31 31
47 32 51
47 33 1
47 35 14
47 36 12
47 38 10
47 39 50
47 41 64
47 42 49
47 43 28
47 44 0
47 45 7
47 47 55
47 49 8
47 50 24
47 51 4
47 52 60
47 53 26
47 54 2
47 55 16
47 57 20
47 58 63
47 59 13
47 60 57
47 61 62
47 62 19
47 63 54
47 64 59
47 65 46
47 67 23
47 69 43
48 0 48
48 3 33
48 4 34
48 5 4
48 8 57
48 9 43
48 12 20
48 13 35
48 14 25
48 15 26
48 16 40
48 17 13
48 18 37
48 20 10
48 21 42
48 22 17
48 23 18
48 24 52
48 25 67
48 26 46
48 27 22
48 28 65
48 30 49
48 31 32
48 32 5
48 33 14
48 34 56
48 35 0
48 36 24
48 37 27
48 40 19
48 41 45
48 42 21
48 43 69
48 44 2
48 45 29
48 46 38
48 47 7
48 49 54
48 50 23
48 51 58
48 52 6
48 54 9
48 55 39
48 56 8
48 57 3
48 58 41
48 59 51
48 60 66
48 62 53
48 63 12
48 64 15
48 66 16
48 67 55
48 68 44
48 69 59
49 0 27
49 1 26
49 2 57
49 4 67
49 6 10
49 7 4
49 8 8
49 9 63
49 10 31
49 12 6
49 13 19
49 14 69
49 15 21
49 16 65
49 17 56
49 19 14
49 20 54
49 21 2
49 22 28
49 24 40
49 25 16
49 26 34
49 27 12
49 28 11
49 29 7
49 30 66
49 31 58
49 32 1
49 34 62
49 36 45
49 37 53
49 39 13
49 40 20
49 41 47
49 42 29
49 43 0
49 44 33
49 46 41
49 47 17
49 48 50
49 51 24
49 52 22
49 53 48
49 54 64
49 55 9
49 57 49
49 58 36
49 60 39
49 61 59
49 62 43
49 63 60
49 64 42
49 65 61
49 66 38
49 68 37
49 69 44
50 0 37
50 1 46
50 3 61
50 4 63
50 5 5
50 6 34
50 7 15
50 8 65
50 9 38
50 10 41
50 11 54
50 13 0
50 14 32
50 15 10
50 16 49
50 17 33
50 18 18
50 19 11
50 20 53
50 21 64
50 22 45
50 24 47
50 25 22
50 26 21
50 27 36
50 28 52
50 29 24
50 30 58
50 32 43
50 33 48
50 34 28
50 35 30
50 36 3
50 37 40
50 38 23
50 39 6
50 40 7
50 41 59
50 42 14
50 43 35
50 44 27
50 45 2
50 46 4
50 48 20
50 49 26
50 50 8
50 52 12
50 53 66
50 54 25
50 55 13
50 57 55
50 58 17
50 59 31
50 61 56
50 62 16
50 63 9
50 64 1
50 65 19
50 66 62
50 67 60
50 68 68
50 69 39
51 0 5
51 1 22
51 3 41
51 4 61
51 5 57
51 6 42
51 7 17
51 9 31
51 10 55
51 11 62
51 12 12
51 13 24
51 14 2
51 15 51
51 16 16
51 17 18
51 18 9
51 19 15
51 20 7
51 21 58
51 23 60
51 25 13
51 26 0
51 27 69
51 28 10
51 29 43
51 30 4
51 31 36
51 32 34
51 33 49
51 34 29
51 35 59
51 36 47
51 38 45
51 39 54
51 40 27
51 41 28
51 42 40
51 43 64
51 45 3
51 46 21
51 47 23
51 48 46
51 50 66
51 51 65
51 52 39
51 53 44
51 54 35
51 55 19
51 56 33
51 57 14
51 58 52
51 59 26
51 60 37
51 61 68
51 62 20
51 63 67
51 64 53
51 65 25
51 66 1
51 67 11
51 68 8
52 0 55
52 1 32
52 2 53
52 3 51
52 4 69
52 5 11
52 6 56
52 7 62
52 8 59
52 9 41
52 10 30
52 11 52
52 12 28
52 13 37
52 16 38
52 17 6
52 20 19
52 21 67
52 22 9
52 23 45
52 25 61
52 26 8
52 27 57
52 28 20
52 29 50
52 30 3
52 31 48
52 33 66
52 34 2
52 35 36
52 36 31
52 38 54
52 39 60
52 40 16
52 41 58
52 42 68
52 43 15
52 46 24
52 47 29
52 48 65
52 49 63
52 50 40
52 51 33
52 52 5
52 53 23
52 54 43
52 55 46
52 56 0
52 57 34
52 59 27
52 60 13
52 61 22
52 62 47
52 64 35
52 65 4
52 66 10
52 67 17
52 68 49
53 0 57
53 2 43
53 3 55
53 4 41
53 6 38
53 7 5
53 8 67
53 9 27
53 10 61
53 11 15
53 13 8
53 14 17
53 15 45
53 16 66
53 17 34
53 18 25
53 19 28
53 20 18
53 21 49
53 22 44
53 23 42
53 24 20
53 25 53
53 26 64
53 28 58
53 30 13
53 31 7
53 32 11
53 33 16
53 35 50
53 37 68
53 38 29
53 39 62
53 40 69
53 42 60
53 43 63
53 44 12
53 45 51
53 46 59
53 48 47
53 50 46
53 52 2
53 53 4
53 55 36
53 56 26
53 57 33
53 58 10
53 59 23
53 60 65
53 61 31
53 62 39
53 63 30
53 64 0
53 65 21
53 66 35
53 67 3
53 68 56
53 69 14
54 0 66
54 1 11
54 2 13
54 3 43
54 4 14
54 6 5
54 7 33
54 8 6
54 9 3
54 10 52
54 11 4
54 12 46
54 13 29
54 14 68
54 16 60
54 17 19
54 18 44
54 19 30
54 20 64
54 21 28
54 22 38
54 23 39
54 24 8
54 25 31
54 26 32
54 27 47
54 28 0
54 30 63
54 32 56
54 33 12
54 35 69
54 36 54
54 37 49
54 38 57
54 39 37
54 40 50
54 41 23
54 42 26
54 43 9
54 44 20
54 46 42
54 47 41
54 49 16
54 50 35
54 51 61
54 52 36
54 54 45
54 55 65
54 56 62
54 57 18
54 58 58
54 59 7
54 60 17
54 62 15
54 63 10
54 65 22
54 66 21
54 67 34
54 69 2
55 0 56
55 1 3
55 2 6
55 3 4
55 4 11
55 5 37
55 6 29
55 7 46
55 8 40
55 9 13
55 10 19
55 12 10
55 14 23
55 15 34
55 16 22
55 20 30
55 21 48
55 22 27
55 23 58
55 24 16
55 25 44
55 26 54
55 27 65
55 28 21
55 30 52
55 32 50
55 33 0
55 34 64
55 35 32
55 36 57
55 38 41
55 39 51
55 40 45
55 41 63
55 42 62
55 43 20
55 44 36
55 45 24
55 46 12
55 47 38
55 48 31
55 49 59
55 50 43
55 51 26
55 52 49
55 53 33
55 54 55
55 55 5
55 56 68
55 57 69
55 58 15
55 60 47
55 61 60
55 63 53
55 65 14
55 66 39
55 68 28
55 69 42
56 0 43
56 2 8
56 3 69
56 4 49
56 5 2
56 6 63
56 7 18
56 8 32
56 9 24
56 10 68
56 11 14
56 12 15
56 15 65
56 16 7
56 17 39
56 18 62
56 19 47
56 20 37
56 21 33
56 22 21
56 23 5
56 24 44
56 26 26
56 29 48
56 30 53
56 31 22
56 32 29
56 33 40
56 35 51
56 36 41
56 40 66
56 41 61
56 42 28
56 43 6
56 45 16
56 46 19
56 47 67
56 48 38
56 49 52
56 52 11
56 53 25
56 54 27
56 55 1
56 56 20
56 57 45
56 59 12
56 60 30
56 61 58
56 62 46
56 63 23
56 64 36
56 65 9
56 66 50
56 67 31
56 68 4
56 69 13
57 0 42
57 1 50
57 3 19
57 5 59
57 6 0
57 8 2
57 9 9
57 10 11
57 11 65
57 12 39
57 14 52
57 15 46
57 16 55
57 18 26
57 19 7
57 21 20
57 23 44
57 24 66
57 25 60
57 26 40
57 27 28
57 28 5
57 29 49
57 30 29
57 31 67
57 32 41
57 33 3
57 34 38
57 35 15
57 36 17
57 38 48
57 39 69
57 40 63
57 41 62
57 42 54
57 43 10
57 44 57
57 45 22
57 46 64
57 47 31
57 48 16
57 49 24
57 51 37
57 52 8
57 54 30
57 55 14
57 57 27
57 59 25
57 60 34
57 61 33
57 62 45
57 63 21
57 64 58
57 65 18
57 66 43
57 67 13
58 1 43
58 2 62
58 3 47
58 4 3
58 5 19
58 6 36
58 8 29
58 9 25
58 10 66
58 11 63
58 12 56
58 13 40
58 15 22
58 16 35
58 17 61
58 18 55
58 19 50
58 20 14
58 21 41
58 22 54
58 23 17
58 24 24
58 25 9
58 26 57
58 28 68
58 29 38
58 30 69
58 31 8
58 32 0
58 34 49
58 35 39
58 37 33
58 39 1
58 40 15
58 41 67
58 42 53
58 43 42
58 44 46
58 45 4
58 48 60
58 50 30
58 51 52
58 52 32
58 53 59
58 54 16
58 55 34
58 56 27
58 57 11
58 58 13
58 60 64
58 62 58
58 63 48
58 64 51
58 65 23
58 66 12
58 68 6
58 69 20
59 0 24
59 1 12
59 3 1
59 5 66
59 6 8
59 7 2
59 8 4
59 9 30
59 12 64
59 13 16
59 15 62
59 16 0
59 17 69
59 18 14
59 19 65
59 20 11
59 21 18
59 23 63
59 24 41
59 25 45
59 26 25
59 27 53
59 28 44
59 29 57
59 30 32
59 31 13
59 32 23
59 33 56
59 34 9
59 35 7
59 36 6
59 37 48
59 38 28
59 39 43
59 40 51
59 41 29
59 42 17
59 43 61
59 44 67
59 45 46
59 47 60
59 49 47
59 50 26
59 52 40
59 53 5
59 55 59
59 59 52
59 60 35
59 61 3
59 62 34
59 63 27
59 64 33
59 65 49
59 66 68
59 67 38
59 68 15
59 69 36
60 0 54
60 2 17
60 3 20
60 4 53
60 7 35
60 9 11
60 11 58
60 12 41
60 13 59
60 14 36
60 15 32
60 16 52
60 18 49
60 19 0
60 20 23
60 21 5
60 22 31
60 23 64
60 24 65
60 25 68
60 26 39
60 27 4
60 28 15
60 30 14
60 31 2
60 32 62
60 33 33
60 34 7
60 35 34
60 37 24
60 39 45
60 41 25
60 42 27
60 43 66
60 45 56
60 46 8
60 47 43
60 48 18
60 50 67
60 51 21
60 52 13
60 53 29
60 54 63
60 55 37
60 56 12
60 57 30
60 58 60
60 59 40
60 60 44
60 61 57
60 62 9
60 63 55
60 64 50
60 66 28
60 67 46
60 68 19
61 1 4
61 2 16
61 3 5
61 5 12
61 6 37
61 7 68
61 8 0
61 9 42
61 11 67
61 14 62
61 15 38
61 16 23
61 17 35
61 18 29
61 19 8
61 20 1
61 21 54
61 22 58
61 24 21
61 26 55
61 27 25
61 28 22
61 29 63
61 30 17
61 31 20
61 32 33
61 33 41
61 36 48
61 37 34
61 38 24
61 39 2
61 40 6
61 41 66
61 42 19
61 43 39
61 44 40
61 45 60
61 46 7
61 48 15
61 49 43
61 50 61
61 51 69
61 52 10
61 53 65
61 54 11
61 55 52
61 56 53
61 59 50
61 60 36
61 61 9
61 62 44
61 63 32
61 64 13
61 65 28
61 66 14
61 67 59
61 68 27
62 1 16
62 2 33
62 5 64
62 6 15
62 8 25
62 9 54
62 10 39
62 11 18
62 12 57
62 13 21
62 14 53
62 15 19
62 16 26
62 17 0
62 18 42
62 19 43
62 20 17
62 21 51
62 22 48
62 23 20
62 25 49
62 26 13
62 27 55
62 29 37
62 30 31
62 31 38
62 32 35
62 34 41
62 36 58
62 37 29
62 38 62
62 39 47
62 41 14
62 42 36
62 45 52
62 46 5
62 47 45
62 48 24
62 49 10
62 50 22
62 51 32
62 52 50
62 53 67
62 55 61
62 56 11
62 57 6
62 59 28
62 60 2
62 61 69
62 62 56
62 63 40
62 64 66
62 65 12
62 66 63
62 67 65
62 68 7
62 69 68
63 0 19
63 1 5
63 2 31
63 3 49
63 4 36
63 5 22
63 7 9
63 8 37
63 9 69
63 11 64
63 13 46
63 14 50
63 16 28
63 17 67
63 18 23
63 20 20
63 22 7
63 23 6
63 24 63
63 25 58
63 26 14
63 27 0
63 29 17
63 30 24
63 31 16
63 32 45
63 33 61
63 34 59
63 36 2
63 38 25
63 39 57
63 40 33
63 41 42
63 42 56
63 43 48
63 44 3
63 45 32
63 46 11
63 47 51
63 48 8
63 49 1
63 50 41
63 51 66
63 52 44
63 54 29
63 55 55
63 56 30
63 57 62
63 58 47
63 59 53
63 60 21
63 61 35
63 62 10
63 66 15
63 67 4
63 68 38
63 69 60
64 0 38
64 4 20
64 5 8
64 7 64
64 9 44
64 10 22
64 11 24
64 15 56
64 16 12
64 18 65
64 19 54
64 20 51
64 21 31
64 22 5
64 24 34
64 26 1
64 29 11
64 30 10
64 31 57
64 32 3
64 34 61
64 35 9
64 36 53
64 37 42
64 38 13
64 39 49
64 40 35
64 41 36
64 42 15
64 43 52
64 44 50
64 46 63
64 47 48
64 49 68
64 50 18
64 51 62
64 52 23
64 53 41
64 54 47
64 55 7
64 56 25
64 57 16
64 58 21
64 59 58
64 60 19
64 61 29
64 62 59
64 63 17
64 64 55
64 65 67
64 66 0
64 67 30
64 68 32
64 69 26
65 1 49
65 2 5
65 3 12
65 5 62
65 6 30
65 7 26
65 8 20
65 10 33
65 11 31
65 13 28
65 14 8
65 15 64
65 16 21
65 17 4
65 18 16
65 20 29
65 21 19
65 22 22
65 24 57
65 25 43
65 28 34
65 29 65
65 30 1
65 31 59
65 32 68
65 33 54
65 35 13
65 36 44
65 37 47
65 38 39
65 39 32
65 40 46
65 42 38
65 43 25
65 45 11
65 46 36
65 47 53
65 48 58
65 49 41
65 50 50
65 51 14
65 52 17
65 54 56
65 55 40
65 56 37
65 58 0
65 59 61
65 60 27
65 61 2
65 62 63
65 63 45
65 64 24
65 65 55
65 66 23
65 67 69
65 68 66
65 69 6
66 0 60
66 1 6
66 2 47
66 4 33
66 5 18
66 6 55
66 7 8
66 8 50
66 9 34
66 10 67
66 11 57
66 13 22
66 15 3
66 16 2
66 17 54
66 18 19
66 19 39
66 21 15
66 22 13
66 23 53
66 24 4
66 25 52
66 26 9
66 28 42
66 29 5
66 30 25
66 31 46
66 32 32
66 34 45
66 36 29
66 37 7
66 38 12
66 39 40
66 41 35
66 42 48
66 44 56
66 45 23
66 46 17
66 47 36
66 48 51
66 49 21
66 50 49
66 51 64
66 52 31
66 54 61
66 55 26
66 56 10
66 57 59
66 60 1
66 63 28
66 64 11
66 65 30
66 66 66
66 67 44
66 68 58
66 69 37
67 0 20
67 1 67
67 2 55
67 3 48
67 4 28
67 5 35
67 6 47
67 8 15
67 9 39
67 10 5
67 11 56
67 12 25
67 13 10
67 14 57
67 15 63
67 16 51
67 17 41
67 18 53
67 19 49
67 21 37
67 22 66
67 23 8
67 24 14
67 25 34
67 27 19
67 28 30
67 29 46
67 30 11
67 32 58
67 33 59
67 34 54
67 35 38
67 36 65
67 37 45
67 39 29
67 41 44
67 43 22
67 44 18
67 45 27
67 46 3
67 47 40
67 49 4
67 50 60
67 51 13
67 53 1
67 54 33
67 55 43
67 56 21
67 58 31
67 61 23
67 62 52
67 63 7
67 64 62
67 65 32
67 66 9
68 0 52
68 1 19
68 3 42
68 4 26
68 5 38
68 7 10
68 8 18
68 9 67
68 10 54
68 11 23
68 12 31
68 13 30
68 15 7
68 16 1
68 17 16
68 18 50
68 19 35
68 20 40
68 22 33
68 23 15
68 24 27
68 26 44
68 27 68
68 29 2
68 30 21
68 31 0
68 32 12
68 34 6
68 35 28
68 36 59
68 37 8
68 39 53
68 40 34
68 41 49
68 44 25
68 45 37
68 46 47
68 47 69
68 48 45
68 49 22
68 50 11
68 51 5
68 53 24
68 54 46
68 55 58
68 56 51
68 57 56
68 58 9
68 59 48
68 60 60
68 62 62
68 63 36
68 64 3
68 65 20
68 66 41
68 68 57
68 69 17
69 0 44
69 1 24
69 2 36
69 3 66
69 4 43
69 5 45
69 6 60
69 8 11
69 9 8
69 10 29
69 12 33
69 13 7
69 14 41
69 15 69
69 16 9
69 17 27
69 18 20
69 20 12
69 21 1
69 23 65
69 25 19
69 26 58
69 27 18
69 29 40
69 30 59
69 31 4
69 32 67
69 33 23
69 34 53
69 35 48
69 37 61
69 39 35
69 41 39
69 42 25
69 43 17
69 44 34
69 48 64
69 49 14
69 50 16
69 51 56
69 53 47
69 55 62
69 56 2
69 57 28
69 58 54
69 59 63
69 60 5
69 61 38
69 62 42
69 64 32
69 65 3
69 67 6
69 68 55
69 69 51
