60
0 0 55
0 1 32
0 2 12
0 3 23
0 4 58
0 5 8
0 6 22
0 8 42
0 9 38
0 10 33
0 11 35
0 12 41
0 13 52
0 14 44
0 16 16
0 17 30
0 18 40
0 19 17
0 21 49
0 22 59
0 23 39
0 24 3
0 25 50
0 27 34
0 32 9
0 34 25
0 36 46
0 37 18
0 38 26
0 39 7
0 41 10
0 42 27
0 43 19
0 44 45
0 45 14
0 46 29
0 47 57
0 48 21
0 49 11
0 50 47
0 52 4
0 53 54
0 54 31
0 55 53
0 58 2
1 0 22
1 2 47
1 10 48
1 11 24
1 12 37
1 14 55
1 15 30
1 16 58
1 17 50
1 18 42
1 19 25
1 20 6
1 21 20
1 23 35
1 24 33
1 25 45
1 26 39
1 27 1
1 28 21
1 29 15
1 30 46
1 31 26
1 32 18
1 33 11
1 34 31
1 35 17
1 36 59
1 38 8
1 39 16
1 41 23
1 49 44
1 50 14
1 52 56
1 54 32
1 56 27
1 57 2
1 58 9
1 59 7
2 1 41
2 2 31
2 3 6
2 4 0
2 9 19
2 10 2
2 11 27
2 13 50
2 16 20
2 17 4
2 18 43
2 19 24
2 24 52
2 25 59
2 27 56
2 28 47
2 31 57
2 32 1
2 34 14
2 35 40
2 36 22
2 39 48
2 40 42
2 41 33
2 42 54
2 43 37
2 45 28
2 46 10
2 47 7
2 48 45
2 49 9
2 50 13
2 51 49
2 52 44
2 53 34
2 54 23
2 55 29
2 56 15
2 57 55
2 58 30
2 59 39
3 0 6
3 4 40
3 5 13
3 7 50
3 8 30
3 9 46
3 10 22
3 11 41
3 12 57
3 13 0
3 17 43
3 18 32
3 19 16
3 20 49
3 22 10
3 24 59
3 25 28
3 26 5
3 27 31
3 28 37
3 29 8
3 31 52
3 32 23
3 33 35
3 34 29
3 35 2
3 36 45
3 39 51
3 40 56
3 41 17
3 42 9
3 44 14
3 45 53
3 46 34
3 47 39
3 48 12
3 49 21
3 50 48
3 51 27
3 52 54
3 53 11
3 54 3
3 58 1
3 59 58
4 0 12
4 2 27
4 3 25
4 5 28
4 6 18
4 7 20
4 8 47
4 10 38
4 13 33
4 14 14
4 15 0
4 17 11
4 19 43
4 20 58
4 21 8
4 23 57
4 24 2
4 25 6
4 26 45
4 27 30
4 29 3
4 32 32
4 33 50
4 35 56
4 37 19
4 38 5
4 39 42
4 40 29
4 41 54
4 43 26
4 44 35
4 45 9
4 46 24
4 48 23
4 49 51
4 50 10
4 51 55
4 52 52
4 54 17
4 55 46
4 56 16
4 57 4
4 58 21
5 1 53
5 2 6
5 6 43
5 8 1
5 9 47
5 11 25
5 12 22
5 15 52
5 16 23
5 20 7
5 21 42
5 22 27
5 23 2
5 26 17
5 30 32
5 31 55
5 33 8
5 34 48
5 35 49
5 36 10
5 39 46
5 40 50
5 43 4
5 44 57
5 45 56
5 46 36
5 47 38
5 48 41
5 49 37
5 50 18
5 51 21
5 52 26
5 53 39
5 54 58
5 55 11
5 56 29
5 57 31
5 58 54
6 0 7
6 1 58
6 2 24
6 4 22
6 5 57
6 7 14
6 9 5
6 10 29
6 11 18
6 15 42
6 16 47
6 17 20
6 19 4
6 20 43
6 21 51
6 23 21
6 25 0
6 26 26
6 27 32
6 28 12
6 29 53
6 31 13
6 32 48
6 33 44
6 34 8
6 35 19
6 36 11
6 38 6
6 39 1
6 43 56
6 44 50
6 45 15
6 47 9
6 48 16
6 50 2
6 51 35
6 52 31
6 53 59
6 54 45
6 55 3
6 56 41
6 58 36
7 1 59
7 2 11
7 3 55
7 6 48
7 7 36
7 10 51
7 11 52
7 12 20
7 14 0
7 17 16
7 18 6
7 20 33
7 21 15
7 22 7
7 23 19
7 24 56
7 26 44
7 27 28
7 28 38
7 30 37
7 31 41
7 32 47
7 33 30
7 34 35
7 35 50
7 36 58
7 38 21
7 39 29
7 41 43
7 42 39
7 43 12
7 44 31
7 45 18
7 47 23
7 48 53
7 50 45
7 51 17
7 53 27
7 54 10
7 56 49
7 57 34
7 58 13
7 59 32
8 0 11
8 1 50
8 2 58
8 3 49
8 4 21
8 5 3
8 6 10
8 7 39
8 8 46
8 9 18
8 10 35
8 11 38
8 12 45
8 13 8
8 15 31
8 16 48
8 21 43
8 22 47
8 23 44
8 24 6
8 28 25
8 29 13
8 30 20
8 31 30
8 33 57
8 35 14
8 36 27
8 37 42
8 39 0
8 40 36
8 42 28
8 43 53
8 44 22
8 46 56
8 47 41
8 48 55
8 49 29
8 50 37
8 51 26
8 53 24
8 54 1
8 55 54
8 57 5
8 58 4
8 59 40
9 0 19
9 1 56
9 3 10
9 4 51
9 5 54
9 6 45
9 7 13
9 8 26
9 9 31
9 11 1
9 12 35
9 13 25
9 14 47
9 15 55
9 16 22
9 17 46
9 18 20
9 19 2
9 20 5
9 22 52
9 23 12
9 24 49
9 25 16
9 26 50
9 27 41
9 28 34
9 29 36
9 31 48
9 32 3
9 33 37
9 34 28
9 35 44
9 36 17
9 37 43
9 38 59
9 39 24
9 41 18
9 44 53
9 46 9
9 47 11
9 48 40
9 52 15
9 53 4
9 54 27
9 55 32
9 57 0
9 58 14
10 0 40
10 1 31
10 2 36
10 3 34
10 4 44
10 5 0
10 6 51
10 7 18
10 9 43
10 10 26
10 11 8
10 12 15
10 13 1
10 14 23
10 16 32
10 18 52
10 19 55
10 20 11
10 21 47
10 22 21
10 23 9
10 25 37
10 28 20
10 29 30
10 31 49
10 33 58
10 34 56
10 36 57
10 37 5
10 38 4
10 40 24
10 41 38
10 42 14
10 43 46
10 44 33
10 46 48
10 48 54
10 49 59
10 50 17
10 51 50
10 52 13
10 53 3
10 54 28
10 55 22
10 56 35
10 57 7
11 1 2
11 3 12
11 4 9
11 5 51
11 6 59
11 7 56
11 9 3
11 10 30
11 11 13
11 12 7
11 13 24
11 14 11
11 15 27
11 16 37
11 17 1
11 18 49
11 19 50
11 21 29
11 22 54
11 25 47
11 26 28
11 27 8
11 29 26
11 30 36
11 31 20
11 32 53
11 33 25
11 34 21
11 37 52
11 39 35
11 41 5
11 43 44
11 44 55
11 45 23
11 46 38
11 47 33
11 49 4
11 51 41
11 52 58
11 53 43
11 54 16
11 55 6
11 57 39
12 0 52
12 2 9
12 3 53
12 6 20
12 7 31
12 9 33
12 10 15
12 11 5
12 14 8
12 17 28
12 18 26
12 22 29
12 24 57
12 26 37
12 27 44
12 28 11
12 29 50
12 30 56
12 31 22
12 33 41
12 35 55
12 36 34
12 37 40
12 40 49
12 43 6
12 44 58
12 45 1
12 47 45
12 48 4
12 49 24
12 50 35
12 51 42
12 53 36
12 54 7
12 55 39
12 57 51
12 58 38
13 1 12
13 2 16
13 6 4
13 8 48
13 10 32
13 13 27
13 14 56
13 15 36
13 16 35
13 17 51
13 18 5
13 20 24
13 23 23
13 24 45
13 25 52
13 26 9
13 27 58
13 28 41
13 29 19
13 30 18
13 31 59
13 35 37
13 36 2
13 39 20
13 40 34
13 42 29
13 43 50
13 45 17
13 48 14
13 49 10
13 50 43
13 51 8
13 52 46
13 53 25
13 54 57
13 55 1
13 57 53
14 0 42
14 1 40
14 3 38
14 4 33
14 6 11
14 7 29
14 9 57
14 10 10
14 11 19
14 13 34
14 14 43
14 15 37
14 17 22
14 18 0
14 19 3
14 20 23
14 24 17
14 25 31
14 26 41
14 28 45
14 30 59
14 31 27
14 32 26
14 33 56
14 35 30
14 36 25
14 37 1
14 39 14
14 42 50
14 43 52
14 44 2
14 45 32
14 46 12
14 48 7
14 52 28
14 54 24
14 55 44
14 56 46
14 57 8
14 58 5
14 59 20
15 0 3
15 1 6
15 3 45
15 4 14
15 5 39
15 7 35
15 8 44
15 9 56
15 10 43
15 11 50
15 12 10
15 13 40
15 14 59
15 16 11
15 17 32
15 18 57
15 20 12
15 23 42
15 24 48
15 25 8
15 27 52
15 28 23
15 31 21
15 32 7
15 33 34
15 34 55
15 35 4
15 36 9
15 37 41
15 40 33
15 41 31
15 42 2
15 43 47
15 44 54
15 45 36
15 47 24
15 51 16
15 52 30
15 53 13
15 54 53
15 55 58
15 56 38
15 57 19
15 58 46
16 0 59
16 2 50
16 5 44
16 6 31
16 7 42
16 8 5
16 10 37
16 11 6
16 13 2
16 15 49
16 16 3
16 17 54
16 18 56
16 20 46
16 21 32
16 23 41
16 24 35
16 25 1
16 26 29
16 30 57
16 32 4
16 33 23
16 34 18
16 35 11
16 36 39
16 37 53
16 38 15
16 39 30
16 40 52
16 41 16
16 44 19
16 45 43
16 46 25
16 47 10
16 50 33
16 51 51
16 53 8
16 56 7
16 58 55
16 59 26
17 0 53
17 1 36
17 2 18
17 3 41
17 4 7
17 5 34
17 8 39
17 9 58
17 11 47
17 12 9
17 15 28
17 18 38
17 19 30
17 20 0
17 21 12
17 22 4
17 23 32
17 24 26
17 25 55
17 27 20
17 28 27
17 29 5
17 31 23
17 32 40
17 35 16
17 36 48
17 37 33
17 41 42
17 42 13
17 43 45
17 45 6
17 46 52
17 47 59
17 48 31
17 51 44
17 53 35
17 54 56
17 55 8
17 56 17
17 57 54
17 59 3
18 0 31
18 1 42
18 2 59
18 3 26
18 8 37
18 10 17
18 12 32
18 14 3
18 15 16
18 19 46
18 20 51
18 21 57
18 22 6
18 23 55
18 24 30
18 25 58
18 27 22
18 28 49
18 29 25
18 30 50
18 32 12
18 33 53
18 35 33
18 36 20
18 37 24
18 38 0
18 41 40
18 42 18
18 43 2
18 44 48
18 45 38
18 46 54
18 47 8
18 50 1
18 52 10
18 53 19
18 54 39
18 55 4
18 57 14
18 58 11
18 59 21
19 0 35
19 1 54
19 4 46
19 5 1
19 6 16
19 7 19
19 8 10
19 9 22
19 10 42
19 12 36
19 13 41
19 14 26
19 16 14
19 17 6
19 18 44
19 19 34
19 20 3
19 21 38
19 23 43
19 24 18
19 25 24
19 26 58
19 27 50
19 28 55
19 29 52
19 30 29
19 31 5
19 33 45
19 34 0
19 35 8
19 40 4
19 41 27
19 42 57
19 43 23
19 45 13
19 47 37
19 48 48
19 49 25
19 51 7
19 52 9
19 53 56
19 54 59
19 55 21
19 56 2
19 57 17
19 58 28
19 59 47
20 0 2
20 3 14
20 4 10
20 5 27
20 7 23
20 8 56
20 9 36
20 10 47
20 12 59
20 16 44
20 17 8
20 18 34
20 19 15
20 20 50
20 22 58
20 23 49
20 26 43
20 27 55
20 28 13
20 29 42
20 30 48
20 31 12
20 32 33
20 34 7
20 35 46
20 36 26
20 39 32
20 40 21
20 41 25
20 43 51
20 44 30
20 46 4
20 47 3
20 48 38
20 51 1
20 52 6
20 54 18
20 57 37
20 58 16
20 59 52
21 0 30
21 1 10
21 3 15
21 5 20
21 8 59
21 9 54
21 11 3
21 12 43
21 13 51
21 16 29
21 17 37
21 18 14
21 19 19
21 20 47
21 22 28
21 23 4
21 24 36
21 26 35
21 29 9
21 30 41
21 31 42
21 33 5
21 34 44
21 35 27
21 36 24
21 38 58
21 39 52
21 40 26
21 43 33
21 44 17
21 45 8
21 47 40
21 49 56
21 51 22
21 52 53
21 54 13
21 55 16
21 56 32
21 57 45
21 58 12
21 59 46
22 0 57
22 2 2
22 3 27
22 4 43
22 5 24
22 6 36
22 8 7
22 9 45
22 11 59
22 12 55
22 13 38
22 14 37
22 15 41
22 16 21
22 17 31
22 18 4
22 21 13
22 22 5
22 23 11
22 25 20
22 27 48
22 28 33
22 29 12
22 31 28
22 32 44
22 33 6
22 34 30
22 35 9
22 36 23
22 37 54
22 38 19
22 39 50
22 40 0
22 41 56
22 43 35
22 45 39
22 46 58
22 47 25
22 48 34
22 49 26
22 50 3
22 51 18
22 52 22
22 53 10
22 54 46
22 55 17
22 56 42
22 57 16
22 58 29
23 1 16
23 2 49
23 4 56
23 5 42
23 6 24
23 8 33
23 9 8
23 10 7
23 11 21
23 13 30
23 14 22
23 16 55
23 17 14
23 19 47
23 20 1
23 21 48
23 22 40
23 23 5
23 24 34
23 25 41
23 27 53
23 28 54
23 29 10
23 31 29
23 32 25
23 33 31
23 34 6
23 35 32
23 37 9
23 38 38
23 39 26
23 40 28
23 42 51
23 43 59
23 44 27
23 48 20
23 50 19
23 51 13
23 53 45
23 55 18
23 59 43
24 0 34
24 2 0
24 3 56
24 5 5
24 6 8
24 7 49
24 8 17
24 9 51
24 10 44
24 11 28
24 12 13
24 13 10
24 15 19
24 17 25
24 18 22
24 19 36
24 20 16
24 22 20
24 23 50
24 24 7
24 25 35
24 26 2
24 27 37
24 28 18
24 29 27
24 30 38
24 31 11
24 32 42
24 34 24
24 37 46
24 38 43
24 40 53
24 41 32
24 42 12
24 43 40
24 45 31
24 46 21
24 48 52
24 49 30
24 50 26
24 51 6
24 52 23
24 55 55
24 56 39
24 57 29
25 0 37
25 3 22
25 7 0
25 9 27
25 10 54
25 11 46
25 13 9
25 14 17
25 15 56
25 17 29
25 18 24
25 20 30
25 21 14
25 22 50
25 23 52
25 24 42
25 26 7
25 27 40
25 28 44
25 29 43
25 30 1
25 31 58
25 32 8
25 34 53
25 35 57
25 36 12
25 37 31
25 38 3
25 39 5
25 40 25
25 42 21
25 43 48
25 47 35
25 49 20
25 50 16
25 51 2
25 52 32
25 54 36
25 56 51
26 1 48
26 3 59
26 4 36
26 5 41
26 6 9
26 7 11
26 8 19
26 10 25
26 11 16
26 12 23
26 13 4
26 14 54
26 15 18
26 17 55
26 18 45
26 19 26
26 20 56
26 21 52
26 22 34
26 23 24
26 24 44
26 25 12
26 26 40
26 28 50
26 29 46
26 30 14
26 31 7
26 32 28
26 34 2
26 35 29
26 36 38
26 37 58
26 38 13
26 39 47
26 40 31
26 42 3
26 43 22
26 44 10
26 45 27
26 46 32
26 47 30
26 49 53
26 54 35
26 55 51
26 56 43
26 57 15
26 58 17
27 1 13
27 3 29
27 4 26
27 5 52
27 6 39
27 8 36
27 9 14
27 10 34
27 11 44
27 12 27
27 13 42
27 14 49
27 15 33
27 16 9
27 17 24
27 18 47
27 20 59
27 21 7
27 23 18
27 24 54
27 25 17
27 26 21
27 27 43
27 28 2
27 29 45
27 31 31
27 34 51
27 35 35
27 36 53
27 37 56
27 38 10
27 39 55
27 41 12
27 43 1
27 45 58
27 47 28
27 48 32
27 49 50
27 50 5
27 51 38
27 52 0
27 54 37
27 55 19
27 57 20
27 59 15
28 0 18
28 1 29
28 2 17
28 3 52
28 4 4
28 5 32
28 6 0
28 7 16
28 8 20
28 9 53
28 11 30
28 12 25
28 13 46
28 14 5
28 15 40
28 16 6
28 17 47
28 18 33
28 19 35
28 21 24
28 22 51
28 23 31
28 24 58
28 25 38
28 26 34
28 28 19
28 29 39
28 30 22
28 33 7
28 34 57
28 35 28
28 37 14
28 38 1
28 39 21
28 41 2
28 43 3
28 44 26
28 45 44
28 46 42
28 47 15
28 49 27
28 50 41
28 51 9
28 52 49
28 55 50
28 58 48
28 59 11
29 1 25
29 3 43
29 5 49
29 7 41
29 8 8
29 10 40
29 12 26
29 13 31
29 14 42
29 15 44
29 16 24
29 17 21
29 18 46
29 19 9
29 22 0
29 23 14
29 24 13
29 25 2
29 26 27
29 27 35
29 28 29
29 29 6
29 30 5
29 32 20
29 33 59
29 35 18
29 36 50
29 39 37
29 40 39
29 41 57
29 42 56
29 46 16
29 47 58
29 49 45
29 50 38
29 51 53
29 52 19
29 57 10
29 58 15
29 59 36
30 1 9
30 2 21
30 3 8
30 4 42
30 6 27
30 7 45
30 11 43
30 12 12
30 13 17
30 14 50
30 15 24
30 16 31
30 17 10
30 18 1
30 19 11
30 20 18
30 22 49
30 24 16
30 25 32
30 26 33
30 27 36
30 28 51
30 30 55
30 32 39
30 33 14
30 34 47
30 36 56
30 37 37
30 38 35
30 39 38
30 40 48
30 41 41
30 42 20
30 44 44
30 46 23
30 47 26
30 49 7
30 52 3
30 53 57
30 54 4
30 55 59
30 58 34
30 59 54
31 0 24
31 1 4
31 2 13
31 3 50
31 4 17
31 6 5
31 7 8
31 8 28
31 9 25
31 11 2
31 12 14
31 13 47
31 14 35
31 15 9
31 16 42
31 19 21
31 20 39
31 22 56
31 24 37
31 25 46
31 26 3
31 27 15
31 28 52
31 29 18
31 32 54
31 33 29
31 34 34
31 37 51
31 38 20
31 39 12
31 41 7
31 44 49
31 45 11
31 47 53
31 48 19
31 50 44
31 51 32
31 52 38
31 54 26
31 55 43
31 58 59
32 3 5
32 4 16
32 6 3
32 7 24
32 8 55
32 9 52
32 11 22
32 13 26
32 14 40
32 15 50
32 16 39
32 17 23
32 19 44
32 20 20
32 23 17
32 24 29
32 25 21
32 26 38
32 27 47
32 28 53
32 29 37
32 31 18
32 33 42
32 35 43
32 36 6
32 37 10
32 38 48
32 39 15
32 40 9
32 41 34
32 42 32
32 43 11
32 44 0
32 45 30
32 46 51
32 47 49
32 48 27
32 49 14
32 50 56
32 51 46
32 53 12
32 54 54
32 58 35
32 59 2
33 0 44
33 2 26
33 3 16
33 4 35
33 6 30
33 7 33
33 8 57
33 9 55
33 10 1
33 12 6
33 14 32
33 15 58
33 16 50
33 17 7
33 20 52
33 21 17
33 22 23
33 23 59
33 25 4
33 26 0
33 28 40
33 29 29
33 30 10
33 32 49
33 34 41
33 35 47
33 37 20
33 39 36
33 40 37
33 41 9
33 45 12
33 46 13
33 48 43
33 49 3
33 50 39
33 51 31
33 52 11
33 53 42
33 54 19
33 55 45
33 56 53
33 57 24
33 58 27
33 59 25
34 0 39
34 1 33
34 5 30
34 7 7
34 9 28
34 10 20
34 11 58
34 12 50
34 14 34
34 15 1
34 16 25
34 17 12
34 18 29
34 19 56
34 20 21
34 21 26
34 25 49
34 28 46
34 30 27
34 31 8
34 32 19
34 34 32
34 37 6
34 38 22
34 39 45
34 41 55
34 43 16
34 44 41
34 46 18
34 47 13
34 48 36
34 51 3
34 53 44
34 54 42
34 55 14
34 56 4
34 57 11
34 59 31
35 0 38
35 1 0
35 3 46
35 4 27
35 6 7
35 7 57
35 8 52
35 9 23
35 11 29
35 12 2
35 13 19
35 15 43
35 17 39
35 18 30
35 19 58
35 20 28
35 21 11
35 22 8
35 23 56
35 24 32
35 25 48
35 26 18
35 27 3
35 28 1
35 29 21
35 33 24
35 34 54
35 37 26
35 38 45
35 40 55
35 42 59
35 43 17
35 44 20
35 45 16
35 46 31
35 47 50
35 48 15
35 49 12
35 50 9
35 56 25
35 58 47
35 59 4
36 0 8
36 4 23
36 5 56
36 8 9
36 10 53
36 11 37
36 14 19
36 15 32
36 16 49
36 17 27
36 18 36
36 19 13
36 22 12
36 23 3
36 26 30
36 27 29
36 28 10
36 30 31
36 31 15
36 32 55
36 33 4
36 34 5
36 35 0
36 37 59
36 38 47
36 40 17
36 41 20
36 43 58
36 44 25
36 46 46
36 47 16
36 49 18
36 50 52
36 52 7
36 54 34
36 56 1
36 58 26
36 59 24
37 0 54
37 1 47
37 2 43
37 3 19
37 4 20
37 5 55
37 6 34
37 7 48
37 9 1
37 10 6
37 12 0
37 13 11
37 15 22
37 16 12
37 18 2
37 19 31
37 20 44
37 21 23
37 22 32
37 25 14
37 26 4
37 28 24
37 29 35
37 30 33
37 32 5
37 34 58
37 35 21
37 36 8
37 37 16
37 38 9
37 39 28
37 40 59
37 42 42
37 43 49
37 45 41
37 46 50
37 47 56
37 48 3
37 49 17
37 50 25
37 51 40
37 52 27
37 53 26
37 55 36
37 57 18
37 58 7
37 59 30
38 1 37
38 2 23
38 3 39
38 4 49
38 7 25
38 8 38
38 9 40
38 10 3
38 11 51
38 12 8
38 15 35
38 16 0
38 18 13
38 19 1
38 21 9
38 24 31
38 25 5
38 26 42
38 27 4
38 28 14
38 31 34
38 32 15
38 34 10
38 35 53
38 36 18
38 37 45
38 38 33
38 39 22
38 40 32
38 42 7
38 43 20
38 44 24
38 45 52
38 46 43
38 49 58
38 50 11
38 55 30
38 58 41
39 0 32
39 1 23
39 2 30
39 3 47
39 4 25
39 5 59
39 6 1
39 7 43
39 9 4
39 10 13
39 13 54
39 14 28
39 16 56
39 18 58
39 19 18
39 20 45
39 22 11
39 23 37
39 24 55
39 26 8
39 27 42
39 28 17
39 30 49
39 31 44
39 32 6
39 33 38
39 34 3
39 35 10
39 36 7
39 39 19
39 41 46
39 42 15
39 44 29
39 45 20
39 46 41
39 47 21
39 48 50
39 49 52
39 52 39
39 53 14
39 55 57
39 56 5
39 58 24
39 59 9
40 0 5
40 3 9
40 5 43
40 6 55
40 7 53
40 8 41
40 9 50
40 11 49
40 13 28
40 14 21
40 15 20
40 16 34
40 17 18
40 18 8
40 22 42
40 23 27
40 24 39
40 29 59
40 32 22
40 34 1
40 35 38
40 37 44
40 38 56
40 40 57
40 41 35
40 42 52
40 43 13
40 46 45
40 50 23
40 51 36
40 52 16
40 54 25
40 55 0
40 56 48
40 58 40
40 59 19
41 0 1
41 1 28
41 2 19
41 3 58
41 4 34
41 5 36
41 6 54
41 7 9
41 8 2
41 9 30
41 11 14
41 13 18
41 15 51
41 16 43
41 17 53
41 18 55
41 21 5
41 24 38
41 25 15
41 26 10
41 28 7
41 29 32
41 31 17
41 32 16
41 33 49
41 35 48
41 37 39
41 38 57
41 39 11
41 40 35
41 41 22
41 42 26
41 43 41
41 44 47
41 46 27
41 47 6
41 48 24
41 49 46
41 51 12
41 53 40
41 56 23
41 57 42
41 59 59
42 1 20
42 2 15
42 3 51
42 5 47
42 6 32
42 7 22
42 10 18
42 12 16
42 13 7
42 14 38
42 15 21
42 16 17
42 17 49
42 18 27
42 22 1
42 24 0
42 25 36
42 27 10
42 28 5
42 29 57
42 30 13
42 32 50
42 36 14
42 37 23
42 39 56
42 40 44
42 42 24
42 43 8
42 44 4
42 45 40
42 46 59
42 50 31
42 51 34
42 52 43
42 54 6
42 57 58
42 58 37
42 59 29
43 0 56
43 1 57
43 2 1
43 3 3
43 4 32
43 6 28
43 8 24
43 11 48
43 12 33
43 13 58
43 15 34
43 17 52
43 18 31
43 19 54
43 20 27
43 21 55
43 22 38
43 23 51
43 24 47
43 25 30
43 26 36
43 28 39
43 29 11
43 30 8
43 33 0
43 34 19
43 35 26
43 36 29
43 37 17
43 38 41
43 40 46
43 43 42
43 46 15
43 47 20
43 48 35
43 49 6
43 50 7
43 51 10
43 52 50
43 54 49
43 55 9
43 56 40
43 57 43
43 59 23
44 0 43
44 1 15
44 2 41
44 3 37
44 4 31
44 5 29
44 6 50
44 7 47
44 8 58
44 9 9
44 11 23
44 12 38
44 13 5
44 16 30
44 17 44
44 19 40
44 20 22
44 21 54
44 22 17
44 24 11
44 25 25
44 26 55
44 27 6
44 28 59
44 30 3
44 31 53
44 32 27
44 34 52
44 35 13
44 39 39
44 40 12
44 41 4
44 46 7
44 47 18
44 48 2
44 49 34
44 50 8
44 51 24
44 53 0
44 54 51
44 56 57
44 57 21
44 59 35
45 0 50
45 1 51
45 2 53
45 3 13
45 4 48
45 5 17
45 6 49
45 7 55
45 9 26
45 10 58
45 12 24
45 13 22
45 18 11
45 19 29
45 20 34
45 22 2
45 23 36
45 25 40
45 26 6
45 27 16
45 28 56
45 29 14
45 30 30
45 32 37
45 34 9
45 35 39
45 38 7
45 39 23
45 40 5
45 41 44
45 42 4
45 45 57
45 46 0
45 48 59
45 50 20
45 53 46
45 54 12
45 56 8
45 57 47
45 58 32
45 59 45
46 0 16
46 5 40
46 6 37
46 7 38
46 8 14
46 10 19
46 14 48
46 16 33
46 17 17
46 18 28
46 19 51
46 20 2
46 21 3
46 23 6
46 24 43
46 25 7
46 26 13
46 27 46
46 28 8
46 32 36
46 34 4
46 35 5
46 37 27
46 39 25
46 40 1
46 41 45
46 42 10
46 43 57
46 44 12
46 46 30
46 47 31
46 48 58
46 49 55
46 51 0
46 52 34
46 53 32
46 54 20
46 55 15
46 57 26
46 58 49
46 59 42
47 0 46
47 3 21
47 5 37
47 6 41
47 7 10
47 9 15
47 10 12
47 12 44
47 14 9
47 15 6
47 17 59
47 18 35
47 19 7
47 20 8
47 21 50
47 23 47
47 24 4
47 25 13
47 26 16
47 28 22
47 31 38
47 32 14
47 33 51
47 35 20
47 38 52
47 41 30
47 42 17
47 43 31
47 45 5
47 47 1
47 48 26
47 52 42
47 53 2
47 55 40
47 56 19
48 0 47
48 4 2
48 6 40
48 7 52
48 9 44
48 10 14
48 13 45
48 14 24
48 15 13
48 16 10
48 17 35
48 18 3
48 20 55
48 21 27
48 22 43
48 23 33
48 25 19
48 26 48
48 27 12
48 28 57
48 29 56
48 30 54
48 32 58
48 33 16
48 34 39
48 35 59
48 36 37
48 37 4
48 39 18
48 40 8
48 41 50
48 42 34
48 43 7
48 46 26
48 47 32
48 49 41
48 51 15
48 53 51
48 54 38
48 55 28
48 58 53
48 59 49
49 0 14
49 1 27
49 2 5
49 3 1
49 6 58
49 7 26
49 8 49
49 9 24
49 11 40
49 12 53
49 13 23
49 15 59
49 17 33
49 18 16
49 19 39
49 21 36
49 22 18
49 25 56
49 26 46
49 29 22
49 31 25
49 32 21
49 33 20
49 34 42
49 35 12
49 36 31
49 37 55
49 38 29
49 40 41
49 41 11
49 42 47
49 44 37
49 45 3
49 46 35
49 49 28
49 51 19
49 52 51
49 55 7
49 56 13
49 57 32
49 58 6
50 0 58
50 1 34
50 2 56
50 3 7
50 5 2
50 6 42
50 9 12
50 10 39
50 11 0
50 12 1
50 13 49
50 14 52
50 15 29
50 16 8
50 17 5
50 21 4
50 22 41
50 23 28
50 24 40
50 25 10
50 26 24
50 28 35
50 29 44
50 30 17
50 31 43
50 32 31
50 33 46
50 34 33
50 38 55
50 39 54
50 40 18
50 41 14
50 42 23
50 43 9
50 44 15
50 47 51
50 48 13
50 49 32
50 50 6
50 52 48
50 53 53
50 55 37
50 56 36
50 58 3
51 2 42
51 4 50
51 6 33
51 7 46
51 8 12
51 10 21
51 12 52
51 13 3
51 14 57
51 17 34
51 18 25
51 20 36
51 21 37
51 22 22
51 24 20
51 25 44
51 26 19
51 27 51
51 28 0
51 29 17
51 30 53
51 31 32
51 32 59
51 33 1
51 35 23
51 36 30
51 38 39
51 39 43
51 40 7
51 41 48
51 42 16
51 43 14
51 44 6
51 45 35
51 46 5
51 47 27
51 49 31
51 50 49
51 51 58
51 52 47
51 53 9
51 54 8
51 56 10
51 57 40
51 58 56
51 59 55
52 0 23
52 1 21
52 2 40
52 3 32
52 4 28
52 5 4
52 6 56
52 7 17
52 11 53
52 12 19
52 13 44
52 14 27
52 15 54
52 18 50
52 19 8
52 20 26
52 21 46
52 22 48
52 23 7
52 24 5
52 25 43
52 26 49
52 28 58
52 29 38
52 30 45
52 31 35
52 34 16
52 35 51
52 36 0
52 37 34
52 39 9
52 40 22
52 41 6
52 42 36
52 43 15
52 45 59
52 46 1
52 47 29
52 48 25
52 49 42
52 51 20
52 52 41
52 53 37
52 54 33
52 55 47
52 58 18
53 0 48
53 2 55
53 3 11
53 4 29
53 5 7
53 6 35
53 7 51
53 8 4
53 9 21
53 10 28
53 11 31
53 12 40
53 13 53
53 14 36
53 18 18
53 20 15
53 23 26
53 25 39
53 26 57
53 27 19
53 29 34
53 30 47
53 33 17
53 34 46
53 39 13
53 40 54
53 42 25
53 43 32
53 44 9
53 45 33
53 46 6
53 47 43
53 48 30
53 49 49
53 50 59
53 51 45
53 52 1
53 53 20
53 54 44
53 55 2
53 57 52
53 58 42
53 59 27
54 0 27
54 1 38
54 2 57
54 3 20
54 4 39
54 8 50
54 9 29
54 10 55
54 11 17
54 12 54
54 14 58
54 15 45
54 16 7
54 18 51
54 19 12
54 20 4
54 24 10
54 25 11
54 26 1
54 27 49
54 29 28
54 30 43
54 31 46
54 32 0
54 33 3
54 34 15
54 35 6
54 36 42
54 38 2
54 39 33
54 40 16
54 46 19
54 49 13
54 51 59
54 52 35
54 54 30
54 56 14
54 57 23
54 58 44
54 59 41
55 1 45
55 2 32
55 3 0
55 6 6
55 7 54
55 9 20
55 10 8
55 11 10
55 13 13
55 14 1
55 15 3
55 17 57
55 18 48
55 19 49
55 20 41
55 21 22
55 22 16
55 23 30
55 24 21
55 26 31
55 27 33
55 28 4
55 30 26
55 31 24
55 32 46
55 36 40
55 37 50
55 38 37
55 39 17
55 41 47
55 42 55
55 43 39
55 47 42
55 48 56
55 50 53
55 51 25
55 52 36
55 54 2
55 57 35
55 58 43
56 0 41
56 1 1
56 2 3
56 3 4
56 5 10
56 8 27
56 9 37
56 10 9
56 12 49
56 13 16
56 14 6
56 16 40
56 19 52
56 20 29
56 21 21
56 22 44
56 23 53
56 24 24
56 25 42
56 27 7
56 28 32
56 30 34
56 31 50
56 33 36
56 34 20
56 35 31
56 36 43
56 37 35
56 38 11
56 40 19
56 41 59
56 42 0
56 43 18
56 44 39
56 46 22
56 47 12
56 48 51
56 49 8
56 51 28
56 52 5
56 54 14
56 55 56
56 58 23
56 59 33
57 0 20
57 1 35
57 2 28
57 4 6
57 5 50
57 6 23
57 10 46
57 12 30
57 14 18
57 15 12
57 16 41
57 17 38
57 18 53
57 19 57
57 21 0
57 22 13
57 28 36
57 29 49
57 31 39
57 33 32
57 36 19
57 37 25
57 38 27
57 41 15
57 42 11
57 43 10
57 49 47
57 50 4
57 52 33
57 53 21
57 55 24
57 56 34
57 59 37
58 1 17
58 5 23
58 6 21
58 7 4
58 8 16
58 9 7
58 10 59
58 13 37
58 14 39
58 15 14
58 17 36
58 18 41
58 19 0
58 21 2
58 22 15
58 23 58
58 24 19
58 25 27
58 26 32
58 27 11
58 28 30
58 30 9
58 33 13
58 34 50
58 35 42
58 38 18
58 39 34
58 40 20
58 41 8
58 42 31
58 44 46
58 45 45
58 46 40
58 47 48
58 48 6
58 50 22
58 51 57
58 54 5
58 56 52
58 57 38
58 58 25
59 0 13
59 1 46
59 2 10
59 3 30
59 4 53
59 5 12
59 6 17
59 8 32
59 10 31
59 11 11
59 15 57
59 16 28
59 17 56
59 18 37
59 20 42
59 21 59
59 23 22
59 24 50
59 28 43
59 29 47
59 30 6
59 31 4
59 33 55
59 34 38
59 36 3
59 37 48
59 40 58
59 41 49
59 43 5
59 44 40
59 45 26
59 46 8
59 47 2
59 48 39
59 49 23
59 50 54
59 51 52
59 52 29
59 53 7
59 54 21
59 55 27
59 58 0
59 59 16
