70
0 0 13
0 1 59
0 3 54
0 4 7
0 5 36
0 6 8
0 8 18
0 9 21
0 12 66
0 14 56
0 16 16
0 17 60
0 18 1
0 19 15
0 22 44
0 25 37
0 27 39
0 28 53
0 29 46
0 30 32
0 31 57
0 36 14
0 37 40
0 38 17
0 39 41
0 40 50
0 41 49
0 42 67
0 43 2
0 44 38
0 46 51
0 49 68
0 52 12
0 53 62
0 55 65
0 56 47
0 57 3
0 58 43
0 59 42
0 60 45
0 61 24
0 62 19
0 63 11
0 64 6
0 65 58
0 66 23
0 67 5
0 68 64
0 69 63
1 0 0
1 1 17
1 2 54
1 3 2
1 4 44
1 6 1
1 7 6
1 8 12
1 10 56
1 11 24
1 13 45
1 15 25
1 17 18
1 18 11
1 19 43
1 21 20
1 23 4
1 24 64
1 25 65
1 26 28
1 27 41
1 28 5
1 29 26
1 30 29
1 31 7
1 33 69
1 36 63
1 37 32
1 38 42
1 39 19
1 40 60
1 41 47
1 42 51
1 43 57
1 45 55
1 47 10
1 48 58
1 49 38
1 50 31
1 53 46
1 55 33
1 57 34
1 60 49
1 63 27
1 64 8
1 66 37
1 68 50
1 69 52
2 1 5
2 2 31
2 5 12
2 6 11
2 8 26
2 9 16
2 12 41
2 13 38
2 14 52
2 15 59
2 16 68
2 18 34
2 19 42
2 21 27
2 22 9
2 24 56
2 25 54
2 26 39
2 27 29
2 29 55
2 31 17
2 33 20
2 34 6
2 36 43
2 37 24
2 38 2
2 40 64
2 41 61
2 42 1
2 43 22
2 44 33
2 45 13
2 46 57
2 47 67
2 48 4
2 49 62
2 52 36
2 53 45
2 54 51
2 56 0
2 57 19
2 59 49
2 60 14
2 61 44
2 62 48
2 65 66
2 66 10
2 67 58
2 68 23
2 69 69
3 0 10
3 1 22
3 2 33
3 3 0
3 5 39
3 6 57
3 7 48
3 11 21
3 13 62
3 14 69
3 15 36
3 16 23
3 17 8
3 18 35
3 19 26
3 20 41
3 21 60
3 22 18
3 23 17
3 24 58
3 25 32
3 26 54
3 29 40
3 30 16
3 31 53
3 32 59
3 33 67
3 34 30
3 35 55
3 37 4
3 39 1
3 40 24
3 42 25
3 45 43
3 46 44
3 47 38
3 49 66
3 51 28
3 53 13
3 56 34
3 57 2
3 58 3
3 60 52
3 61 64
3 62 14
3 63 42
3 64 9
3 65 47
3 66 50
3 67 56
3 68 15
3 69 29
4 1 27
4 2 1
4 6 42
4 8 53
4 10 15
4 16 26
4 21 28
4 22 37
4 24 25
4 25 63
4 26 47
4 27 49
4 28 39
4 29 65
4 31 13
4 32 20
4 33 21
4 34 16
4 36 4
4 37 35
4 38 50
4 39 48
4 40 51
4 41 29
4 42 17
4 43 11
4 44 34
4 45 33
4 47 61
4 50 60
4 52 69
4 53 2
4 54 14
4 55 18
4 57 64
4 58 46
4 59 24
4 60 19
4 62 22
4 64 58
4 65 52
4 66 3
4 67 43
4 69 6
5 0 18
5 1 4
5 2 34
5 3 6
5 4 63
5 5 67
5 7 7
5 8 44
5 9 14
5 10 59
5 11 40
5 12 52
5 14 58
5 16 1
5 17 51
5 18 68
5 20 29
5 22 21
5 24 15
5 27 17
5 28 25
5 29 19
5 31 27
5 32 37
5 33 30
5 34 33
5 36 3
5 39 28
5 40 38
5 41 62
5 42 60
5 43 12
5 45 42
5 47 9
5 48 69
5 53 66
5 55 11
5 56 65
5 57 35
5 59 32
5 60 26
5 61 45
5 62 57
5 63 55
5 64 10
5 65 36
5 67 53
5 68 16
6 0 21
6 1 8
6 3 48
6 6 53
6 8 50
6 10 52
6 11 11
6 12 30
6 13 44
6 15 57
6 16 33
6 17 24
6 18 2
6 19 20
6 20 23
6 22 58
6 23 13
6 25 14
6 26 68
6 29 63
6 30 47
6 31 60
6 33 12
6 34 34
6 35 4
6 36 40
6 37 0
6 39 5
6 40 54
6 41 45
6 42 6
6 43 66
6 44 35
6 46 64
6 49 49
6 51 59
6 52 29
6 54 7
6 55 28
6 56 37
6 59 56
6 60 62
6 62 9
6 64 43
6 65 10
6 66 38
6 67 41
6 68 67
7 0 67
7 3 52
7 4 17
7 5 69
7 6 62
7 7 45
7 9 25
7 10 19
7 11 1
7 12 24
7 13 29
7 14 23
7 15 7
7 16 14
7 17 20
7 19 4
7 20 48
7 21 42
7 22 40
7 23 66
7 25 21
7 26 3
7 27 47
7 29 54
7 30 5
7 32 15
7 34 68
7 36 38
7 37 61
7 38 6
7 40 30
7 42 53
7 43 33
7 44 8
7 45 58
7 46 16
7 47 35
7 48 64
7 49 9
7 50 65
7 53 26
7 54 50
7 56 51
7 61 34
7 63 2
7 64 31
7 66 57
7 67 11
7 68 37
7 69 27
8 0 30
8 1 9
8 5 68
8 6 14
8 7 12
8 8 6
8 10 4
8 12 7
8 13 48
8 14 51
8 15 55
8 16 41
8 18 47
8 20 8
8 23 10
8 25 2
8 27 35
8 28 44
8 29 56
8 30 19
8 31 58
8 32 57
8 33 36
8 34 31
8 37 64
8 38 60
8 39 46
8 40 42
8 41 63
8 42 38
8 44 25
8 45 37
8 50 5
8 51 13
8 52 17
8 53 61
8 54 40
8 55 24
8 56 43
8 57 53
8 58 50
8 59 33
8 60 29
8 61 20
8 62 45
8 64 52
8 65 67
8 66 11
8 67 54
8 68 28
8 69 34
9 1 34
9 2 18
9 3 42
9 5 19
9 6 39
9 8 35
9 9 46
9 10 44
9 15 8
9 16 63
9 17 10
9 18 66
9 20 60
9 21 3
9 22 1
9 23 32
9 24 27
9 25 49
9 26 64
9 27 43
9 28 23
9 29 67
9 30 28
9 31 15
9 32 65
9 34 7
9 37 56
9 39 2
9 40 41
9 41 40
9 43 26
9 44 37
9 45 16
9 46 30
9 47 52
9 48 55
9 51 24
9 52 9
9 53 48
9 55 21
9 56 61
9 57 12
9 58 13
9 59 57
9 61 68
9 63 20
9 65 6
9 67 45
9 69 31
10 0 36
10 1 15
10 2 42
10 3 61
10 4 60
10 5 58
10 6 63
10 10 23
10 11 66
10 12 44
10 13 46
10 14 26
10 15 0
10 16 43
10 17 17
10 19 41
10 20 38
10 21 55
10 22 34
10 26 52
10 27 67
10 28 37
10 30 59
10 32 7
10 33 33
10 35 5
10 36 62
10 37 48
10 39 31
10 41 65
10 42 69
10 45 2
10 47 14
10 50 51
10 51 50
10 52 16
10 54 21
10 55 68
10 56 1
10 57 10
10 58 12
10 62 25
10 63 19
10 64 24
10 67 13
10 68 53
10 69 20
11 0 45
11 3 31
11 4 22
11 5 41
11 6 54
11 7 67
11 8 68
11 9 4
11 10 30
11 11 3
11 14 19
11 15 1
11 17 61
11 18 42
11 19 37
11 21 6
11 23 29
11 24 13
11 25 11
11 26 51
11 28 52
11 30 66
11 31 63
11 32 2
11 37 38
11 40 9
11 41 69
11 44 10
11 45 56
11 47 5
11 48 32
11 49 35
11 50 64
11 52 65
11 53 60
11 55 36
11 56 59
11 58 20
11 59 34
11 60 16
11 62 58
11 63 14
11 64 27
11 65 17
11 66 55
11 67 8
11 68 12
12 1 55
12 2 29
12 3 14
12 4 69
12 5 52
12 7 42
12 8 45
12 9 47
12 10 38
12 12 51
12 13 68
12 14 16
12 15 46
12 16 50
12 18 43
12 20 36
12 21 35
12 22 20
12 23 40
12 24 30
12 25 3
12 26 56
12 27 57
12 28 63
12 29 2
12 30 15
12 31 41
12 33 18
12 34 65
12 35 28
12 39 44
12 40 33
12 41 21
12 42 61
12 44 64
12 45 5
12 48 1
12 49 60
12 52 66
12 53 39
12 55 13
12 56 32
12 58 4
12 60 22
12 61 67
12 62 53
12 63 62
12 64 23
12 69 9
13 0 38
13 1 65
13 2 63
13 3 49
13 4 16
13 5 11
13 7 24
13 8 10
13 9 3
13 10 53
13 11 13
13 12 14
13 13 28
13 14 59
13 15 33
13 17 9
13 19 21
13 20 27
13 22 32
13 23 41
13 24 45
13 26 1
13 30 36
13 31 6
13 32 35
13 33 25
13 34 55
13 35 20
13 36 42
13 37 37
13 38 61
13 39 54
13 40 67
13 42 56
13 44 43
13 46 18
13 47 69
13 49 47
13 50 52
13 51 4
13 52 30
13 53 64
13 54 68
13 56 26
13 58 31
13 59 48
13 60 34
13 61 2
13 62 40
13 63 50
13 64 46
13 65 12
13 66 8
13 67 17
13 68 7
14 0 43
14 1 19
14 2 65
14 3 46
14 4 30
14 5 32
14 6 34
14 8 33
14 9 48
14 11 6
14 12 55
14 16 18
14 20 31
14 21 56
14 22 54
14 25 52
14 29 1
14 30 42
14 31 20
14 33 22
14 34 51
14 37 2
14 39 4
14 40 59
14 41 68
14 42 13
14 43 53
14 44 27
14 45 66
14 46 41
14 48 0
14 50 9
14 51 49
14 52 28
14 53 16
14 54 44
14 55 58
14 57 67
14 58 69
14 59 60
14 60 25
14 61 3
14 62 11
14 64 45
14 65 21
14 66 40
15 0 1
15 2 2
15 3 34
15 4 27
15 5 14
15 6 68
15 7 23
15 10 32
15 12 57
15 13 54
15 14 42
15 15 37
15 17 46
15 18 50
15 19 40
15 20 61
15 22 56
15 24 33
15 26 38
15 28 24
15 30 63
15 31 31
15 32 0
15 35 49
15 36 44
15 37 62
15 38 15
15 39 64
15 41 60
15 42 16
15 43 28
15 44 6
15 45 39
15 46 21
15 47 13
15 48 59
15 50 3
15 51 25
15 53 69
15 54 29
15 55 5
15 56 18
15 57 20
15 59 17
15 60 55
15 61 30
15 62 12
15 63 36
15 64 47
15 65 53
15 67 48
15 68 58
16 1 32
16 2 47
16 3 35
16 5 10
16 6 36
16 7 52
16 8 21
16 9 8
16 10 20
16 11 63
16 13 12
16 14 28
16 16 58
16 19 1
16 20 22
16 21 9
16 22 66
16 23 49
16 24 3
16 27 7
16 29 17
16 31 42
16 33 39
16 35 62
16 38 27
16 39 50
16 40 14
16 42 31
16 43 54
16 44 23
16 45 67
16 46 43
16 47 60
16 50 56
16 51 65
16 52 44
16 53 15
16 54 5
16 55 30
16 56 48
16 58 24
16 60 0
16 62 46
16 63 26
16 64 19
16 65 51
16 68 33
16 69 40
17 0 64
17 1 40
17 3 16
17 5 49
17 6 55
17 7 66
17 9 17
17 11 31
17 12 18
17 13 6
17 15 15
17 17 38
17 21 47
17 22 60
17 23 62
17 24 4
17 25 29
17 26 58
17 27 30
17 28 67
17 30 7
17 31 19
17 32 56
17 33 32
17 35 61
17 36 52
17 37 46
17 40 0
17 41 2
17 45 28
17 46 35
17 47 42
17 48 21
17 49 20
17 50 57
17 52 26
17 53 68
17 55 27
17 56 9
17 58 63
17 61 5
17 62 34
17 63 44
17 66 24
17 68 25
18 0 56
18 1 58
18 2 28
18 3 30
18 4 15
18 6 38
18 8 9
18 9 36
18 10 27
18 12 17
18 13 66
18 15 48
18 16 22
18 17 2
18 18 14
18 19 19
18 20 26
18 21 44
18 22 23
18 23 54
18 24 50
18 26 55
18 27 59
18 28 20
18 29 0
18 30 64
18 32 16
18 37 43
18 38 25
18 40 61
18 41 3
18 43 40
18 46 62
18 48 52
18 49 57
18 50 21
18 52 13
18 53 67
18 54 42
18 55 35
18 56 12
18 58 53
18 59 8
18 60 37
18 62 33
18 63 68
18 64 5
18 66 41
18 67 1
18 68 4
19 0 4
19 1 47
19 2 22
19 4 36
19 5 46
19 8 1
19 10 50
19 12 13
19 13 55
19 16 25
19 17 57
19 18 21
19 19 45
19 21 63
19 22 27
19 23 59
19 24 48
19 25 44
19 26 60
19 28 56
19 30 12
19 31 64
19 32 34
19 34 10
19 35 7
19 36 0
19 37 29
19 38 19
19 40 16
19 42 5
19 43 67
19 45 3
19 46 17
19 47 40
19 50 2
19 51 53
19 52 23
19 53 9
19 54 24
19 56 15
19 57 62
19 60 31
19 61 43
19 62 66
19 63 8
19 65 35
19 66 49
19 67 52
19 68 38
20 0 37
20 2 69
20 3 23
20 4 13
20 5 5
20 6 31
20 7 19
20 9 44
20 10 45
20 11 52
20 12 36
20 13 39
20 14 53
20 15 9
20 18 24
20 20 28
20 23 58
20 24 29
20 25 42
20 27 15
20 28 10
20 29 7
20 30 41
20 33 55
20 34 17
20 35 66
20 36 50
20 38 64
20 39 51
20 40 2
20 41 12
20 42 20
20 45 38
20 46 54
20 47 34
20 48 22
20 49 26
20 50 6
20 51 3
20 52 57
20 53 49
20 54 27
20 55 32
20 56 14
20 58 56
20 59 47
20 62 67
20 63 0
20 64 18
20 65 65
20 67 4
20 68 63
21 0 23
21 1 63
21 2 11
21 4 59
21 6 16
21 10 6
21 11 22
21 12 58
21 14 64
21 15 66
21 16 38
21 17 41
21 18 8
21 19 55
21 20 67
21 21 7
21 24 60
21 25 0
21 26 45
21 28 27
21 29 28
21 32 36
21 33 65
21 35 25
21 36 37
21 37 26
21 38 62
21 39 39
21 40 4
21 41 53
21 42 47
21 44 48
21 47 30
21 48 34
21 49 61
21 50 33
21 51 20
21 53 40
21 54 15
21 55 19
21 56 35
21 57 21
21 58 10
21 59 3
21 60 50
21 61 13
21 62 24
21 63 54
21 64 42
21 65 49
21 66 18
21 67 32
21 68 68
21 69 1
22 5 65
22 6 29
22 7 47
22 9 10
22 10 1
22 11 15
22 12 54
22 13 58
22 14 4
22 15 62
22 16 31
22 17 16
22 18 37
22 19 33
22 20 0
22 21 68
22 22 45
22 24 57
22 26 34
22 27 5
22 29 48
22 30 51
22 32 6
22 33 23
22 34 25
22 35 21
22 36 30
22 37 14
22 38 24
22 39 61
22 41 67
22 42 35
22 43 9
22 44 19
22 45 49
22 46 53
22 47 59
22 48 56
22 49 7
22 50 44
22 52 52
22 53 11
22 55 20
22 56 22
22 57 17
22 58 55
22 60 3
22 62 8
22 64 63
22 68 69
22 69 32
23 0 46
23 1 69
23 3 58
23 4 8
23 5 9
23 6 51
23 7 21
23 9 60
23 10 43
23 11 35
23 12 56
23 13 5
23 14 2
23 15 38
23 16 19
23 17 59
23 18 31
23 19 61
23 20 7
23 21 50
23 22 14
23 23 39
23 28 13
23 29 32
23 32 17
23 33 3
23 34 1
23 35 6
23 38 44
23 40 57
23 41 15
23 42 49
23 44 4
23 45 47
23 46 25
23 49 30
23 50 22
23 51 36
23 53 41
23 54 34
23 57 26
23 58 40
23 59 55
23 60 28
23 61 37
23 62 20
23 66 45
23 67 12
23 69 11
24 1 28
24 2 12
24 3 21
24 4 54
24 5 56
24 6 27
24 9 51
24 11 18
24 12 48
24 13 49
24 14 45
24 16 2
24 18 16
24 19 32
24 20 50
24 21 26
24 23 47
24 25 58
24 26 5
24 27 37
24 28 9
24 29 43
24 30 46
24 31 61
24 33 4
24 35 36
24 37 15
24 40 52
24 41 20
24 42 24
24 43 65
24 45 8
24 46 7
24 47 55
24 48 60
24 49 22
24 51 57
24 52 10
24 53 31
24 60 13
24 61 39
24 62 41
24 63 29
24 64 3
24 65 64
24 66 59
24 67 14
24 68 44
24 69 35
25 1 64
25 2 0
25 3 56
25 4 34
25 6 45
25 8 24
25 9 53
25 13 52
25 14 62
25 15 42
25 17 40
25 18 27
25 20 43
25 21 19
25 22 67
25 25 15
25 26 14
25 27 58
25 28 46
25 29 10
25 30 39
25 32 54
25 33 35
25 36 60
25 37 16
25 38 8
25 40 37
25 42 29
25 43 6
25 44 11
25 45 21
25 46 36
25 47 23
25 48 48
25 50 17
25 51 51
25 53 5
25 54 47
25 56 13
25 58 9
25 60 65
25 63 32
25 64 20
25 65 18
25 66 69
25 67 61
25 68 41
25 69 38
26 0 52
26 1 24
26 2 17
26 3 40
26 4 45
26 6 15
26 7 36
26 8 37
26 9 56
26 10 39
26 11 30
26 12 60
26 15 65
26 17 23
26 19 25
26 21 4
26 22 48
26 27 9
26 28 38
26 29 49
26 31 10
26 32 62
26 33 7
26 34 20
26 36 34
26 38 53
26 39 8
26 41 27
26 42 68
26 43 58
26 44 13
26 45 14
26 49 33
26 50 11
26 51 2
26 52 19
26 53 57
26 55 61
26 56 16
26 59 54
26 60 1
26 64 0
26 65 44
26 67 35
26 68 3
26 69 51
27 0 55
27 3 7
27 4 62
27 6 12
27 8 5
27 9 38
27 11 17
27 12 34
27 13 21
27 15 49
27 16 28
27 18 67
27 20 6
27 21 53
27 22 10
27 23 48
27 25 33
27 26 69
27 29 16
27 30 35
27 31 68
27 32 19
27 33 11
27 35 14
27 36 15
27 37 59
27 39 66
27 40 56
27 41 42
27 43 32
27 45 29
27 46 61
27 48 25
27 49 1
27 50 30
27 51 52
27 52 3
27 53 20
27 54 45
27 55 2
27 56 4
27 58 27
27 60 18
27 62 23
27 64 41
27 66 22
27 67 24
27 68 43
27 69 46
28 0 58
28 3 44
28 4 0
28 5 59
28 6 43
28 7 11
28 8 3
28 9 54
28 11 60
28 12 25
28 13 57
28 14 24
28 16 67
28 17 15
28 19 48
28 20 14
28 21 32
28 22 7
28 27 45
28 29 53
28 32 50
28 33 40
28 35 19
28 36 49
28 37 23
28 39 35
28 40 34
28 41 33
28 42 12
28 43 37
28 46 13
28 47 47
28 49 4
28 51 38
28 52 22
28 53 42
28 54 63
28 55 29
28 56 5
28 57 55
28 58 51
28 59 61
28 60 39
28 61 36
28 65 8
28 66 20
28 68 18
28 69 65
29 1 1
29 2 39
29 3 60
29 6 69
29 7 61
29 8 51
29 9 40
29 13 56
29 14 41
29 15 28
29 17 49
29 19 54
29 21 67
29 22 30
29 24 7
29 25 25
29 26 31
29 27 52
29 29 3
29 30 68
29 31 66
29 32 47
29 35 17
29 37 53
29 38 14
29 39 22
29 40 48
29 42 32
29 43 19
29 44 36
29 45 24
29 46 26
29 48 15
29 49 27
29 50 50
29 51 58
29 52 35
29 53 10
29 54 59
29 55 44
29 56 2
29 57 38
29 58 34
29 59 16
29 60 43
29 61 33
29 62 65
29 64 11
29 65 23
29 66 21
29 67 29
29 69 8
30 2 23
30 3 11
30 4 40
30 7 54
30 8 32
30 10 26
30 11 67
30 12 42
30 18 6
30 19 14
30 21 69
30 22 65
30 25 13
30 26 19
30 27 3
30 28 50
30 31 29
30 33 43
30 36 55
30 37 58
30 38 38
30 39 16
30 40 10
30 43 15
30 45 18
30 46 12
30 48 33
30 50 68
30 51 17
30 52 20
30 53 53
30 54 28
30 55 51
30 56 25
30 57 39
30 58 47
30 59 41
30 61 22
30 62 36
30 63 52
30 64 1
30 65 57
30 66 48
30 68 56
30 69 5
31 2 48
31 3 63
31 4 29
31 6 60
31 7 25
31 8 7
31 9 50
31 12 38
31 13 16
31 14 37
31 15 12
31 16 69
31 17 68
31 19 27
31 20 19
31 22 42
31 23 36
31 25 28
31 26 6
31 27 1
31 29 4
31 30 0
31 32 46
31 33 24
31 34 41
31 36 18
31 37 22
31 38 34
31 39 33
31 41 30
31 42 15
31 43 10
31 45 52
31 46 3
31 47 11
31 48 57
31 49 39
31 53 54
31 55 14
31 56 21
31 57 51
31 58 44
31 59 58
31 61 23
31 62 17
31 63 5
31 64 59
31 65 9
31 66 66
31 67 31
31 69 61
32 0 9
32 3 3
32 4 18
32 6 5
32 7 57
32 8 16
32 9 63
32 10 14
32 11 10
32 12 27
32 13 33
32 16 8
32 17 34
32 18 30
32 22 51
32 24 11
32 25 26
32 27 6
32 28 43
32 29 36
32 30 65
32 31 54
32 32 69
32 35 23
32 36 20
32 38 55
32 39 21
32 40 66
32 41 13
32 42 40
32 43 0
32 44 32
32 45 7
32 46 24
32 47 68
32 48 53
32 50 37
32 51 22
32 52 38
32 53 28
32 55 12
32 57 42
32 60 67
32 61 19
32 63 48
32 64 49
32 65 15
32 67 60
32 68 45
32 69 56
33 1 31
33 3 22
33 4 58
33 5 16
33 6 65
33 7 60
33 8 46
33 9 55
33 10 9
33 11 50
33 13 59
33 14 44
33 15 27
33 19 30
33 20 32
33 21 37
33 23 42
33 25 47
33 29 13
33 31 1
33 32 53
33 33 0
33 34 66
33 37 57
33 44 41
33 46 45
33 47 51
33 48 43
33 53 8
33 55 63
33 56 7
33 58 26
33 59 67
33 60 24
33 61 14
33 62 54
33 63 64
33 64 36
33 65 33
33 67 25
33 69 15
34 0 24
34 1 57
34 3 59
34 7 55
34 8 42
34 9 39
34 10 58
34 11 20
34 12 8
34 13 63
34 14 54
34 15 45
34 16 40
34 17 69
34 18 18
34 19 56
34 20 52
34 21 66
34 22 46
34 23 43
34 25 68
34 26 49
34 27 38
34 29 21
34 31 3
34 32 67
34 33 48
34 34 19
34 38 47
34 40 23
34 41 1
34 42 0
34 43 50
34 44 53
34 45 15
34 46 29
34 47 16
34 48 41
34 49 44
34 50 28
34 51 60
34 52 6
34 53 33
34 55 17
34 56 11
34 57 32
34 59 5
34 60 64
34 61 10
34 62 35
34 64 65
34 65 4
34 66 31
34 67 30
34 68 22
35 0 19
35 1 42
35 3 51
35 4 6
35 5 64
35 6 37
35 7 1
35 8 58
35 9 29
35 10 3
35 12 45
35 13 20
35 14 50
35 15 16
35 16 55
35 17 25
35 19 5
35 20 62
35 21 23
35 22 24
35 23 0
35 24 67
35 25 57
35 26 8
35 27 33
35 31 44
35 33 26
35 34 56
35 35 47
35 36 21
35 37 63
35 38 68
35 39 10
35 42 22
35 43 34
35 44 12
35 45 9
35 46 69
35 47 27
35 49 53
35 51 7
35 52 18
35 55 54
35 56 46
35 57 15
35 58 38
35 59 52
35 60 48
35 62 13
35 63 39
35 65 14
35 66 61
35 68 32
36 2 45
36 4 53
36 5 21
36 6 66
36 10 61
36 13 11
36 14 49
36 15 54
36 18 48
36 20 20
36 21 29
36 22 16
36 23 69
36 25 31
36 26 62
36 27 32
36 28 57
36 29 30
36 30 44
36 32 5
36 33 28
36 35 1
36 37 7
36 38 0
36 41 56
36 42 59
36 43 42
36 45 40
36 46 37
36 48 14
36 50 38
36 52 51
36 53 3
36 55 46
36 56 52
36 57 24
36 58 67
36 59 50
36 61 27
36 62 15
36 64 60
36 65 25
36 67 55
37 2 52
37 3 69
37 5 15
37 7 51
37 8 65
37 9 27
37 10 21
37 12 35
37 14 3
37 15 64
37 16 56
37 17 4
37 18 28
37 21 36
37 22 53
37 25 23
37 28 17
37 29 60
37 30 57
37 31 34
37 32 26
37 33 1
37 34 54
37 36 8
37 39 55
37 40 12
37 42 33
37 43 62
37 44 29
37 45 63
37 47 45
37 50 43
37 51 40
37 52 49
37 54 25
37 55 66
37 56 67
37 57 30
37 58 68
37 59 39
37 60 61
37 61 58
37 62 10
37 63 9
37 64 50
37 65 20
37 67 2
37 68 31
37 69 0
38 0 47
38 3 62
38 5 33
38 6 40
38 9 24
38 11 51
38 12 21
38 13 23
38 14 9
38 15 53
38 17 11
38 18 32
38 20 58
38 21 49
38 22 0
38 23 31
38 24 43
38 25 55
38 27 66
38 28 18
38 29 14
38 31 69
38 32 27
38 33 64
38 34 42
38 35 13
38 36 25
38 42 8
38 43 60
38 45 35
38 46 1
38 47 54
38 48 7
38 49 2
38 50 46
38 54 16
38 55 41
38 56 44
38 57 52
38 58 15
38 59 22
38 60 63
38 62 38
38 63 6
38 64 37
38 65 39
38 66 68
38 67 57
38 68 17
38 69 30
39 0 17
39 1 21
39 2 58
39 3 41
39 4 31
39 5 13
39 6 18
39 8 15
39 9 64
39 10 57
39 11 2
39 12 37
39 13 61
39 18 55
39 22 26
39 24 22
39 25 24
39 27 34
39 28 32
39 31 62
39 32 45
39 33 47
39 34 40
39 35 30
39 37 3
39 38 52
39 40 1
39 41 4
39 42 65
39 43 59
39 45 0
39 46 67
39 48 29
39 49 23
39 50 7
39 51 35
39 53 43
39 56 49
39 57 33
39 58 5
39 59 11
39 60 54
39 62 60
39 63 56
39 65 42
39 66 16
39 69 28
40 0 5
40 1 29
40 3 50
40 4 35
40 5 1
40 6 25
40 7 20
40 8 14
40 10 60
40 11 32
40 12 12
40 13 9
40 14 31
40 15 40
40 16 49
40 17 0
40 18 41
40 19 58
40 20 21
40 21 39
40 22 4
40 24 23
40 25 10
40 27 11
40 28 34
40 29 51
40 30 2
40 31 38
40 32 55
40 34 47
40 35 26
40 37 69
40 39 27
40 40 63
40 42 43
40 43 45
40 44 7
40 45 54
40 46 68
40 48 3
40 49 64
40 50 59
40 54 46
40 55 48
40 56 30
40 58 57
40 59 19
40 60 36
40 61 56
40 62 62
40 63 65
40 64 15
40 65 28
40 66 44
40 67 22
40 68 8
40 69 42
41 2 21
41 3 67
41 6 56
41 9 43
41 10 31
41 11 62
41 12 0
41 14 68
41 17 26
41 18 7
41 19 46
41 20 51
41 21 48
41 22 17
41 26 30
41 27 2
41 28 33
41 29 5
41 30 6
41 32 41
41 33 49
41 34 29
41 39 69
41 40 11
41 41 24
41 42 66
41 43 44
41 44 22
41 45 50
41 46 55
41 47 19
41 48 47
41 49 45
41 53 58
41 54 52
41 55 34
41 56 63
41 57 18
41 58 65
41 59 1
41 60 59
41 61 4
41 66 15
41 67 64
41 68 35
41 69 25
42 0 61
42 1 50
42 2 14
42 4 9
42 7 69
42 8 59
42 9 32
42 10 16
42 12 10
42 14 25
42 16 3
42 18 63
42 19 31
42 22 41
42 24 28
42 26 21
42 27 53
42 28 55
42 29 44
42 30 27
42 31 52
42 32 42
42 34 11
42 36 13
42 37 66
42 38 33
42 42 23
42 44 24
42 45 62
42 46 20
42 47 39
42 48 8
42 50 49
42 51 0
42 52 68
42 53 36
42 54 18
42 59 4
42 60 40
42 61 60
42 63 45
42 65 5
42 66 19
42 67 15
42 68 47
43 1 10
43 3 19
43 5 24
43 6 6
43 7 62
43 8 13
43 9 31
43 11 55
43 13 35
43 14 67
43 16 45
43 17 43
43 18 15
43 19 69
43 21 33
43 23 52
43 24 41
43 25 36
43 26 42
43 27 28
43 28 61
43 29 12
43 31 21
43 32 48
43 33 14
43 34 18
43 35 38
43 36 32
43 37 60
43 38 46
43 40 8
43 41 57
43 42 3
43 43 39
43 44 5
43 45 26
43 46 22
43 48 49
43 49 40
43 50 0
43 51 30
43 52 11
43 53 29
43 57 37
43 58 2
43 59 66
43 60 51
43 62 27
43 65 1
43 67 59
43 68 9
43 69 44
44 0 59
44 2 6
44 3 20
44 7 33
44 8 67
44 9 61
44 10 40
44 11 47
44 12 22
44 13 26
44 14 21
44 16 39
44 17 14
44 18 13
44 19 53
44 20 30
44 21 45
44 23 51
44 26 17
44 27 4
44 28 15
44 29 57
44 30 1
44 31 46
44 33 66
44 35 48
44 36 54
44 37 65
44 38 18
44 39 43
44 40 36
44 41 16
44 42 37
44 45 68
44 46 10
44 47 28
44 48 12
44 49 0
44 50 25
44 51 62
44 52 41
44 54 32
44 58 19
44 59 69
44 64 56
44 65 11
44 66 35
44 67 49
44 68 27
44 69 55
45 0 42
45 1 6
45 2 26
45 3 12
45 4 43
45 6 49
45 7 9
45 8 34
45 9 59
45 10 0
45 13 30
45 14 36
45 16 46
45 17 64
45 19 23
45 20 24
45 21 62
45 23 44
45 24 16
45 26 40
45 27 65
45 28 8
45 29 22
45 31 47
45 32 51
45 33 41
45 34 50
45 35 31
45 36 56
45 38 11
45 39 7
45 41 14
45 42 18
45 43 21
45 46 58
45 47 57
45 48 5
45 51 37
45 55 53
45 60 35
45 61 17
45 62 68
45 63 60
45 64 25
45 65 69
45 66 1
45 68 2
45 69 4
46 1 53
46 2 19
46 3 5
46 4 56
46 6 47
46 8 49
46 10 8
46 11 54
46 12 23
46 13 37
46 15 51
46 16 35
46 17 36
46 19 17
46 20 12
46 21 38
46 22 68
46 23 26
46 24 34
46 26 7
46 27 0
46 28 11
46 29 64
46 30 43
46 34 13
46 35 57
46 36 66
46 38 65
46 41 58
46 42 21
46 43 24
46 44 52
46 45 1
46 46 14
46 47 18
46 48 62
46 49 67
46 51 42
46 53 25
46 55 39
46 56 69
46 58 59
46 59 28
46 60 33
46 61 61
46 62 3
46 63 15
46 65 32
46 67 9
46 69 16
47 0 40
47 1 7
47 2 38
47 3 25
47 5 34
47 6 64
47 7 63
47 11 58
47 14 60
47 16 6
47 19 3
47 22 33
47 23 1
47 24 24
47 25 41
47 27 68
47 28 0
47 29 59
47 30 26
47 34 21
47 36 2
47 37 54
47 39 14
47 40 27
47 41 35
47 43 23
47 44 45
47 45 69
47 46 49
47 47 48
47 48 61
47 49 18
47 50 19
47 52 50
47 53 30
47 54 43
47 55 15
47 57 66
47 58 8
47 60 17
47 61 28
47 62 56
47 64 57
47 65 62
47 68 42
47 69 53
48 0 44
48 1 18
48 2 5
48 4 38
48 5 42
48 6 35
48 7 37
48 8 47
48 9 26
48 10 63
48 11 28
48 12 64
48 13 65
48 14 14
48 15 69
48 16 24
48 17 31
48 18 33
48 19 34
48 20 10
48 21 22
48 23 55
48 24 46
48 25 6
48 26 12
48 27 48
48 28 68
48 29 61
48 36 67
48 37 17
48 38 16
48 39 45
48 40 3
48 41 25
48 43 20
48 44 39
48 45 51
48 47 15
48 48 36
48 49 19
48 53 21
48 56 41
48 57 27
48 59 53
48 60 23
48 61 57
48 62 7
48 63 66
48 64 2
48 66 4
48 67 0
48 69 49
49 0 31
49 2 40
49 3 24
49 5 4
49 6 0
49 7 41
49 8 36
49 12 5
49 14 6
49 15 3
49 16 11
49 17 62
49 18 49
49 19 28
49 20 39
49 21 10
49 25 56
49 26 16
49 27 12
49 28 1
49 29 33
49 30 22
49 31 48
49 33 52
49 34 61
49 35 46
49 37 8
49 38 29
49 39 59
49 40 7
49 41 50
49 42 9
49 44 60
49 45 17
49 47 43
49 51 21
49 53 47
49 54 55
49 56 58
49 57 45
49 58 25
49 60 68
49 62 42
49 63 34
49 64 53
49 65 30
49 68 65
50 1 16
50 2 15
50 3 4
50 4 12
50 5 7
50 6 44
50 8 20
50 9 28
50 10 2
50 13 47
50 14 1
50 15 60
50 16 0
50 17 56
50 18 45
50 21 13
50 22 39
50 24 21
50 26 29
50 28 35
50 29 66
50 31 40
50 32 32
50 33 6
50 34 58
50 35 3
50 37 68
50 38 26
50 41 22
50 42 54
50 44 49
50 45 65
50 47 46
50 48 24
50 49 34
50 50 55
50 53 51
50 54 41
50 56 33
50 58 30
50 60 8
50 61 25
50 62 5
50 64 67
50 65 19
50 69 37
51 0 65
51 2 50
51 5 61
51 6 67
51 7 56
51 9 15
51 10 41
51 11 4
51 12 6
51 13 51
51 14 34
51 16 13
51 17 44
51 19 49
51 20 40
51 22 38
51 23 20
51 24 66
51 26 57
51 29 24
51 31 30
51 32 9
51 34 63
51 35 52
51 36 29
51 37 36
51 38 58
51 39 0
51 41 8
51 44 18
51 46 31
51 47 37
51 48 10
51 52 2
51 53 22
51 54 39
51 55 47
51 56 19
51 57 14
51 59 7
51 61 69
51 63 43
51 64 32
51 66 42
51 68 62
51 69 33
52 0 41
52 2 51
52 3 65
52 4 10
52 5 57
52 7 35
52 9 49
52 11 56
52 13 67
52 15 24
52 16 42
52 18 23
52 19 0
52 20 45
52 22 6
52 23 38
52 24 68
52 25 9
52 26 33
52 27 27
52 28 16
52 29 20
52 30 21
52 34 5
52 35 64
52 38 4
52 39 15
52 40 13
52 41 37
52 42 34
52 44 1
52 45 31
52 46 60
52 48 63
52 50 58
52 52 46
52 53 32
52 54 69
52 55 62
52 58 52
52 59 18
52 60 44
52 61 26
52 64 28
52 65 2
52 67 66
52 68 19
52 69 54
53 0 2
53 1 51
53 2 9
53 3 10
53 4 24
53 6 22
53 7 16
53 11 53
53 12 65
53 14 57
53 15 34
53 16 52
53 18 3
53 19 66
53 20 55
53 21 54
53 22 36
53 23 15
53 24 8
53 25 7
53 26 44
53 27 25
53 30 38
53 31 5
53 32 29
53 33 63
53 34 43
53 36 23
53 37 33
53 38 41
53 39 42
53 41 26
53 42 4
53 43 13
53 44 58
53 45 64
53 47 31
53 48 19
53 49 37
53 50 35
53 51 39
53 52 61
53 53 27
53 54 1
53 56 6
53 57 47
53 58 32
53 59 59
53 60 46
53 63 30
53 64 14
53 65 45
53 68 0
53 69 60
54 0 11
54 1 35
54 2 44
54 4 4
54 5 38
54 6 28
54 8 66
54 9 20
54 10 67
54 11 43
54 12 19
54 14 40
54 15 18
54 16 29
54 18 54
54 22 12
54 23 7
54 26 48
54 27 23
54 28 22
54 29 37
54 30 61
54 31 45
54 32 33
54 33 56
54 34 15
54 35 16
54 37 27
54 38 5
54 39 30
54 40 26
54 41 51
54 44 21
54 47 50
54 48 2
54 49 63
54 50 36
54 51 55
54 52 25
54 53 65
54 54 10
54 55 52
54 56 62
54 57 49
54 58 17
54 61 46
54 62 64
54 64 39
54 65 68
54 67 6
54 68 59
54 69 3
55 0 57
55 1 20
55 2 24
55 3 43
55 4 14
55 7 28
55 9 68
55 10 62
55 11 41
55 12 15
55 13 53
55 14 65
55 15 17
55 16 32
55 18 60
55 19 8
55 20 56
55 21 40
55 22 52
55 24 59
55 25 61
55 26 22
55 27 55
55 28 51
55 32 49
55 33 2
55 34 36
55 36 69
55 37 31
55 39 37
55 42 58
55 44 3
55 45 19
55 46 47
55 48 67
55 49 21
55 50 4
55 51 33
55 52 64
55 55 0
55 58 45
55 59 46
55 60 7
55 61 54
55 62 6
55 63 18
55 66 12
55 67 26
55 68 5
55 69 50
56 0 49
56 1 13
56 2 30
56 3 37
56 4 66
56 6 21
56 7 5
56 9 12
56 10 51
56 11 61
56 12 32
56 13 43
56 15 20
56 18 56
56 19 16
56 20 64
56 22 47
56 23 14
56 24 63
56 25 22
56 26 46
56 27 60
56 28 3
56 30 33
56 31 24
56 32 68
56 33 9
56 34 44
56 36 28
56 37 18
56 39 67
56 40 55
56 45 11
56 47 17
56 49 10
56 50 15
56 51 31
56 52 34
56 53 7
56 54 6
56 55 38
56 56 57
56 58 62
56 59 2
56 61 52
56 63 1
56 64 54
56 65 0
56 66 58
56 68 39
56 69 19
57 0 32
57 1 62
57 2 8
57 3 15
57 4 28
57 5 45
57 6 46
57 8 63
57 10 22
57 11 14
57 12 43
57 14 38
57 17 33
57 19 65
57 20 3
57 23 50
57 24 5
57 25 53
57 28 36
57 29 29
57 30 10
57 32 21
57 34 4
57 35 51
57 37 6
57 38 20
57 39 58
57 40 25
57 41 7
57 44 55
57 46 52
57 49 13
57 50 18
57 51 66
57 52 31
57 54 2
57 55 56
57 56 40
57 57 68
57 58 37
57 59 27
57 60 41
57 61 0
57 63 12
57 65 61
57 67 47
58 0 27
58 3 36
58 6 24
58 8 17
58 9 0
58 11 48
58 12 61
58 13 2
58 14 11
58 15 26
58 18 65
58 20 16
58 21 31
58 23 33
58 24 49
58 25 60
58 26 18
58 27 14
58 29 25
58 30 8
58 31 22
58 32 58
58 33 68
58 34 45
58 35 56
58 36 51
58 37 34
58 38 12
58 39 40
58 40 15
58 41 39
58 43 69
58 44 63
58 45 6
58 46 19
58 47 3
58 48 50
58 49 32
58 50 67
58 51 47
58 53 35
58 55 4
58 56 20
58 58 1
58 59 30
58 63 13
58 64 64
58 65 43
58 66 54
58 68 29
59 2 67
59 3 9
59 4 41
59 5 28
59 7 58
59 8 4
59 9 66
59 10 35
59 11 46
59 12 16
59 14 30
59 16 12
59 19 51
59 20 37
59 21 25
59 23 5
59 24 18
59 28 47
59 29 39
59 31 32
59 32 14
59 33 34
59 34 24
59 35 0
59 36 10
59 38 69
59 39 49
59 40 17
59 41 36
59 42 57
59 44 31
59 45 45
59 46 65
59 49 11
59 50 40
59 51 63
59 52 1
59 53 6
59 54 22
59 55 60
59 56 42
59 57 59
59 58 54
59 60 38
59 62 2
59 63 33
59 64 61
59 66 64
59 69 48
60 1 3
60 2 49
60 3 47
60 6 2
60 8 62
60 9 52
60 10 33
60 11 16
60 12 53
60 13 60
60 15 50
60 17 5
60 18 0
60 19 67
60 20 1
60 21 34
60 22 55
60 23 65
60 25 19
60 26 59
60 28 69
60 30 20
60 31 37
60 32 39
60 33 57
60 34 22
60 35 45
60 36 35
60 38 48
60 39 17
60 42 44
60 43 7
60 44 15
60 45 36
60 46 4
60 47 25
60 48 42
60 49 14
60 50 27
60 51 41
60 53 18
60 56 23
60 57 58
60 59 38
60 61 9
60 62 61
60 63 10
60 64 40
60 65 29
60 66 63
60 67 46
60 68 24
60 69 12
61 0 62
61 1 67
61 2 37
61 3 68
61 6 59
61 7 3
61 8 28
61 9 42
61 10 34
61 11 12
61 12 26
61 14 63
61 15 41
61 17 35
61 18 40
61 19 7
61 20 69
61 21 16
61 22 31
61 23 53
61 24 61
61 26 15
61 27 8
61 30 4
61 32 60
61 33 19
61 37 13
61 38 56
61 43 51
61 44 17
61 45 20
61 47 1
61 48 39
61 52 58
61 54 9
61 55 43
61 56 66
61 58 22
61 59 21
61 62 32
61 63 38
61 64 29
61 65 46
61 66 52
61 67 44
61 68 30
61 69 36
62 0 16
62 1 25
62 2 36
62 3 38
62 4 48
62 5 53
62 6 41
62 9 19
62 11 64
62 12 63
62 14 10
62 15 43
62 17 28
62 18 57
62 19 39
62 21 30
62 22 13
62 23 11
62 25 1
62 26 20
62 27 42
62 28 65
62 29 62
62 30 3
62 31 0
62 32 44
62 33 58
62 34 8
62 35 54
62 36 22
62 38 23
62 39 9
62 40 47
62 41 34
62 42 52
62 43 55
62 45 59
62 47 66
62 49 56
62 51 14
62 52 45
62 54 33
62 55 7
62 56 68
62 57 4
62 58 29
62 59 26
62 60 15
62 61 35
62 62 51
62 63 31
62 65 27
62 66 60
63 0 29
63 1 61
63 2 32
63 4 67
63 5 18
63 7 64
63 8 69
63 9 2
63 10 49
63 11 33
63 12 47
63 14 0
63 16 37
63 18 17
63 19 68
63 20 11
63 21 59
63 22 15
63 23 12
63 24 53
63 25 48
63 26 41
63 27 20
63 28 28
63 29 52
63 30 24
63 31 25
63 32 22
63 33 50
63 36 65
63 37 5
63 40 35
63 41 66
63 42 19
63 43 8
63 45 27
63 46 6
63 47 4
63 48 51
63 49 46
63 50 23
63 51 1
63 55 10
63 57 13
63 58 60
63 60 9
63 61 42
63 62 30
63 63 58
63 65 54
63 66 43
63 67 16
63 68 21
63 69 7
64 1 36
64 2 7
64 5 48
64 8 22
64 9 58
64 10 46
64 11 9
64 13 31
64 14 13
64 15 6
64 16 17
64 17 65
64 19 44
64 20 68
64 23 27
64 25 5
64 26 32
64 28 40
64 30 25
64 31 39
64 33 45
64 34 3
64 35 15
64 36 16
64 37 47
64 38 67
64 40 49
64 41 19
64 42 30
64 43 61
64 45 53
64 47 2
64 48 35
64 53 12
64 55 55
64 56 54
64 57 29
64 58 64
64 59 10
64 60 57
64 61 63
64 63 37
64 65 38
64 67 23
64 68 34
64 69 41
65 2 56
65 3 55
65 4 33
65 5 50
65 7 43
65 10 66
65 11 45
65 13 1
65 15 19
65 18 12
65 19 63
65 20 2
65 21 18
65 22 69
65 23 67
65 27 44
65 28 29
65 30 13
65 31 35
65 32 38
65 34 59
65 36 17
65 40 65
65 41 10
65 43 48
65 44 14
65 48 16
65 49 36
65 50 42
65 51 27
65 53 23
65 54 49
65 55 3
65 56 60
65 57 22
65 59 68
65 60 58
65 61 32
65 64 51
65 65 31
65 69 26
66 1 60
66 3 18
66 4 65
66 5 25
66 6 7
66 7 22
66 9 37
66 10 5
66 11 19
66 13 42
66 15 52
66 16 9
66 17 54
66 19 11
66 20 35
66 21 12
66 23 64
66 25 62
66 26 43
66 27 16
66 28 21
66 29 69
66 30 30
66 31 59
66 32 28
66 34 46
66 35 53
66 36 39
66 37 50
66 38 57
66 43 27
66 47 20
66 50 48
66 51 68
66 52 63
66 53 17
66 54 4
66 55 49
66 56 45
66 58 33
66 59 36
66 60 6
66 63 23
66 64 13
66 65 56
66 66 26
66 67 34
66 68 1
66 69 67
67 0 12
67 2 4
67 4 1
67 5 35
67 6 52
67 10 42
67 11 68
67 12 31
67 13 15
67 15 11
67 16 48
67 18 69
67 19 64
67 21 2
67 22 49
67 26 0
67 27 24
67 28 58
67 30 9
67 31 51
67 33 60
67 34 62
67 35 50
67 36 61
67 37 10
67 38 30
67 39 3
67 42 27
67 43 38
67 45 23
67 46 40
67 47 44
67 48 45
67 52 7
67 53 37
67 54 53
67 56 28
67 59 25
67 62 39
67 63 59
67 66 36
67 67 65
67 68 26
67 69 13
68 2 55
68 4 64
68 5 17
68 6 30
68 9 13
68 10 7
68 13 50
68 14 32
68 15 35
68 16 62
68 17 67
68 20 59
68 21 0
68 22 3
68 24 31
68 25 12
68 26 4
68 27 63
68 28 19
68 30 11
68 31 33
68 32 1
68 33 5
68 34 48
68 36 46
68 37 25
68 40 6
68 42 26
68 43 41
68 45 10
68 46 28
68 48 38
68 49 15
68 51 43
68 54 60
68 55 23
68 56 53
68 57 8
68 58 36
68 60 66
68 63 49
68 64 22
68 65 37
68 66 29
68 68 51
69 0 14
69 1 12
69 3 27
69 4 68
69 5 54
69 8 8
69 10 24
69 11 44
69 12 40
69 13 22
69 14 7
69 15 32
69 16 51
69 18 52
69 19 50
69 20 25
69 21 57
69 22 5
69 23 34
69 25 17
69 26 2
69 27 31
69 28 66
69 29 41
69 31 67
69 32 3
69 33 10
69 34 23
69 37 28
69 38 21
69 39 38
69 42 46
69 43 30
69 45 60
69 46 0
69 47 6
69 48 26
69 51 61
69 53 4
69 55 42
69 56 55
69 57 36
69 58 49
69 59 15
69 60 69
69 61 47
69 62 43
69 63 35
69 64 16
69 65 63
69 66 13
69 67 19
69 68 11
69 69 45
