70
0 0 59
0 2 31
0 5 11
0 6 49
0 7 67
0 8 60
0 9 34
0 12 15
0 15 9
0 16 47
0 17 13
0 23 56
0 24 2
0 26 69
0 27 29
0 31 45
0 33 24
0 34 37
0 35 36
0 36 1
0 37 68
0 42 57
0 44 55
0 46 6
0 47 48
0 49 3
0 50 53
0 51 10
0 52 58
0 53 8
0 54 39
0 56 4
0 57 51
0 58 20
0 59 52
0 60 17
0 62 28
0 64 38
0 65 19
0 66 27
0 67 21
0 69 23
1 1 66
1 4 32
1 5 65
1 6 56
1 9 52
1 14 58
1 15 42
1 18 64
1 20 0
1 25 34
1 26 12
1 27 28
1 31 17
1 33 19
1 35 49
1 36 44
1 39 21
1 41 62
1 42 5
1 45 60
1 46 55
1 50 27
1 51 11
1 52 26
1 55 6
1 56 13
1 59 46
1 60 38
1 61 48
1 64 69
1 65 3
1 68 54
2 0 47
2 1 20
2 3 31
2 5 25
2 6 27
2 8 32
2 9 40
2 10 45
2 11 43
2 12 17
2 13 56
2 14 59
2 17 57
2 18 12
2 19 49
2 22 38
2 23 29
2 24 18
2 26 21
2 27 54
2 28 35
2 29 34
2 31 44
2 34 55
2 35 42
2 41 30
2 43 6
2 44 33
2 45 2
2 46 36
2 47 37
2 48 24
2 49 15
2 50 26
2 51 28
2 52 0
2 53 60
2 54 48
2 56 11
2 57 19
2 59 41
2 62 53
2 63 69
2 64 7
2 65 52
2 67 5
2 68 65
2 69 8
3 2 56
3 5 38
3 6 37
3 7 53
3 9 20
3 10 44
3 11 61
3 12 58
3 14 52
3 15 67
3 16 39
3 17 23
3 19 54
3 20 59
3 22 22
3 24 10
3 27 13
3 28 65
3 29 21
3 30 29
3 32 62
3 34 15
3 35 34
3 36 25
3 42 31
3 43 45
3 44 12
3 45 26
3 46 24
3 48 8
3 49 11
3 50 0
3 53 42
3 55 41
3 56 55
3 57 5
3 58 19
3 59 32
3 62 16
3 63 27
3 66 30
3 67 17
3 68 64
3 69 3
4 0 10
4 1 26
4 2 25
4 3 29
4 4 63
4 7 46
4 8 14
4 10 15
4 11 47
4 12 41
4 13 57
4 15 22
4 16 60
4 17 31
4 19 58
4 20 5
4 21 69
4 22 59
4 26 44
4 27 39
4 28 28
4 29 51
4 30 54
4 31 40
4 32 32
4 33 34
4 35 17
4 37 27
4 39 38
4 40 3
4 41 56
4 43 20
4 44 2
4 45 64
4 46 67
4 47 7
4 49 48
4 53 9
4 56 37
4 59 12
4 60 50
4 61 11
4 63 33
4 64 68
4 65 36
4 66 13
4 67 19
4 68 55
5 0 2
5 2 69
5 5 42
5 6 19
5 9 14
5 10 4
5 11 33
5 12 12
5 13 45
5 14 63
5 16 28
5 18 60
5 19 53
5 20 39
5 21 44
5 23 57
5 24 17
5 25 51
5 28 31
5 30 46
5 32 8
5 33 9
5 36 49
5 38 61
5 39 1
5 41 29
5 43 67
5 44 56
5 45 5
5 48 16
5 49 7
5 50 30
5 51 64
5 52 40
5 55 15
5 56 0
5 57 62
5 58 10
5 61 27
5 62 43
5 64 36
5 65 48
5 69 52
6 2 3
6 3 67
6 4 7
6 7 36
6 8 21
6 10 12
6 13 4
6 14 50
6 15 30
6 17 58
6 18 54
6 19 13
6 20 68
6 21 61
6 22 65
6 23 37
6 25 27
6 28 38
6 30 11
6 32 69
6 33 33
6 34 35
6 35 26
6 38 18
6 41 24
6 43 43
6 47 1
6 48 25
6 49 2
6 51 17
6 52 14
6 54 34
6 55 28
6 56 66
6 57 57
6 58 6
6 59 20
6 60 32
6 61 63
6 62 55
6 63 42
6 64 46
6 65 16
7 0 36
7 1 67
7 4 22
7 7 41
7 9 21
7 11 52
7 12 64
7 15 12
7 16 32
7 19 9
7 21 26
7 22 60
7 23 31
7 24 68
7 25 43
7 26 59
7 28 40
7 29 18
7 30 1
7 31 7
7 36 6
7 38 63
7 39 58
7 40 51
7 41 53
7 42 47
7 44 24
7 45 13
7 46 35
7 47 11
7 49 57
7 50 46
7 51 34
7 52 4
7 54 14
7 55 8
7 56 23
7 57 54
7 59 16
7 61 61
7 62 66
7 64 45
7 65 69
7 66 15
7 68 28
8 1 49
8 2 18
8 3 21
8 5 24
8 6 22
8 10 17
8 11 26
8 12 16
8 13 8
8 15 58
8 16 29
8 18 10
8 19 30
8 20 13
8 23 32
8 24 50
8 25 41
8 26 0
8 27 52
8 28 47
8 30 45
8 32 55
8 34 1
8 36 27
8 37 38
8 38 48
8 42 40
8 43 57
8 44 53
8 46 37
8 47 66
8 48 56
8 49 12
8 51 63
8 57 3
8 59 34
8 60 2
8 61 15
8 64 20
8 65 7
8 66 14
8 67 68
8 68 5
8 69 46
9 1 48
9 2 11
9 3 45
9 5 22
9 6 60
9 8 61
9 9 28
9 10 30
9 16 18
9 18 20
9 20 16
9 22 7
9 24 0
9 26 52
9 28 64
9 30 19
9 31 66
9 33 37
9 34 9
9 35 35
9 36 29
9 39 54
9 42 56
9 43 1
9 44 27
9 45 41
9 48 33
9 49 5
9 50 67
9 52 17
9 55 53
9 60 46
9 61 58
9 62 31
9 65 39
9 66 42
9 67 12
10 0 30
10 1 65
10 2 40
10 3 37
10 5 58
10 6 55
10 8 50
10 9 68
10 12 49
10 14 23
10 15 52
10 16 22
10 17 63
10 19 60
10 20 34
10 22 2
10 23 1
10 24 46
10 25 9
10 27 53
10 28 6
10 31 29
10 32 12
10 33 28
10 37 41
10 38 25
10 39 44
10 40 18
10 41 42
10 42 69
10 43 17
10 46 57
10 47 32
10 48 54
10 50 5
10 53 15
10 54 11
10 55 61
10 56 10
10 58 39
10 59 67
10 60 26
10 62 38
10 65 27
10 66 43
10 69 0
11 3 42
11 4 19
11 5 69
11 6 57
11 11 21
11 14 66
11 15 3
11 17 53
11 20 25
11 21 63
11 25 45
11 26 43
11 27 17
11 28 68
11 31 1
11 32 38
11 33 5
11 34 0
11 36 64
11 37 8
11 39 22
11 41 26
11 42 12
11 44 18
11 45 33
11 46 16
11 48 58
11 52 20
11 54 47
11 55 29
11 56 32
11 58 59
11 60 9
11 61 6
11 63 49
11 65 34
11 66 7
11 67 36
11 69 50
12 0 69
12 1 45
12 2 46
12 5 37
12 6 28
12 8 1
12 9 43
12 12 30
12 14 32
12 15 6
12 16 19
12 17 15
12 20 51
12 22 55
12 24 23
12 25 68
12 26 39
12 29 31
12 30 58
12 31 26
12 32 13
12 33 10
12 36 47
12 38 36
12 39 57
12 41 49
12 42 65
12 43 54
12 44 4
12 45 38
12 47 59
12 49 33
12 51 14
12 53 48
12 54 2
12 55 20
12 58 29
12 60 40
12 61 53
12 62 42
12 63 63
12 64 25
12 68 60
12 69 66
13 2 59
13 3 47
13 5 63
13 6 2
13 7 0
13 9 44
13 14 39
13 16 11
13 17 61
13 18 18
13 19 66
13 20 58
13 21 21
13 22 13
13 24 37
13 25 7
13 26 15
13 27 32
13 31 55
13 32 41
13 34 46
13 36 16
13 37 35
13 39 43
13 41 45
13 42 9
13 43 4
13 46 5
13 50 52
13 52 38
13 53 6
13 54 25
13 55 64
13 56 62
13 58 49
13 59 27
13 60 22
13 61 51
13 62 48
13 64 56
13 65 24
13 66 23
13 69 14
14 2 38
14 3 66
14 4 12
14 7 61
14 8 8
14 9 63
14 10 48
14 11 0
14 13 27
14 14 43
14 17 68
14 18 57
14 19 41
14 20 45
14 22 9
14 24 58
14 25 62
14 26 53
14 29 32
14 30 17
14 31 2
14 34 29
14 36 46
14 38 55
14 39 34
14 40 42
14 41 50
14 43 7
14 46 13
14 47 5
14 48 31
14 49 52
14 51 33
14 55 60
14 56 49
14 57 20
14 58 16
14 60 21
14 64 24
14 66 4
14 68 18
15 0 46
15 2 61
15 3 59
15 4 31
15 6 66
15 10 19
15 11 35
15 12 14
15 14 64
15 15 16
15 17 48
15 20 7
15 21 45
15 23 42
15 24 6
15 25 63
15 26 5
15 27 55
15 29 28
15 32 17
15 36 20
15 37 43
15 39 69
15 42 50
15 44 13
15 48 37
15 50 22
15 51 27
15 53 57
15 55 9
15 57 44
15 58 15
15 59 39
15 60 3
15 61 12
15 62 2
15 64 0
15 65 10
16 0 34
16 2 55
16 3 16
16 4 17
16 5 66
16 8 2
16 10 5
16 12 39
16 14 31
16 16 57
16 18 14
16 20 40
16 21 56
16 23 12
16 24 28
16 25 47
16 26 64
16 27 19
16 28 63
16 30 65
16 31 53
16 32 27
16 33 58
16 34 60
16 35 0
16 37 13
16 39 3
16 40 25
16 42 15
16 43 46
16 44 49
16 46 51
16 49 36
16 50 1
16 51 8
16 52 11
16 53 59
16 54 9
16 55 24
16 59 69
16 62 67
16 64 6
16 66 68
16 67 18
16 68 37
17 2 28
17 3 33
17 5 18
17 6 8
17 7 34
17 11 19
17 12 24
17 13 30
17 14 11
17 15 44
17 18 36
17 19 50
17 20 20
17 21 49
17 22 57
17 24 59
17 26 6
17 27 42
17 30 62
17 32 37
17 33 13
17 36 52
17 38 5
17 39 27
17 40 9
17 43 55
17 44 67
17 47 51
17 48 1
17 51 7
17 52 48
17 54 15
17 55 38
17 58 2
17 59 40
17 60 60
17 61 25
17 63 45
17 65 56
17 66 22
17 68 32
18 1 43
18 2 16
18 4 23
18 5 26
18 6 53
18 7 12
18 12 50
18 16 49
18 17 64
18 18 6
18 19 33
18 20 69
18 21 58
18 22 20
18 23 48
18 24 57
18 27 59
18 28 9
18 31 42
18 32 15
18 34 68
18 35 56
18 36 67
18 37 2
18 39 32
18 40 46
18 42 66
18 43 27
18 52 18
18 53 39
18 57 13
18 58 14
18 59 63
18 61 31
18 63 30
18 64 62
18 66 52
18 67 38
18 68 24
19 0 15
19 2 33
19 5 1
19 6 6
19 7 66
19 9 62
19 11 2
19 13 14
19 14 30
19 15 61
19 17 39
19 18 9
19 19 32
19 20 17
19 22 49
19 25 54
19 29 38
19 32 44
19 33 48
19 35 25
19 36 57
19 37 26
19 40 28
19 42 46
19 43 58
19 45 7
19 47 3
19 48 53
19 50 43
19 51 12
19 57 29
19 61 22
19 62 34
19 64 21
19 65 51
19 67 27
19 68 45
20 0 56
20 1 9
20 3 60
20 7 6
20 9 61
20 10 37
20 11 66
20 12 34
20 14 26
20 15 51
20 16 15
20 17 22
20 18 68
20 20 53
20 30 69
20 31 5
20 32 18
20 33 8
20 34 16
20 37 49
20 39 45
20 41 14
20 43 19
20 44 44
20 45 43
20 46 54
20 50 58
20 51 42
20 52 31
20 53 32
20 54 59
20 55 21
20 59 17
20 60 67
20 61 52
20 62 1
20 63 64
20 64 40
20 65 28
20 66 25
20 67 55
21 0 44
21 3 41
21 4 47
21 6 3
21 9 64
21 11 37
21 14 34
21 16 59
21 19 4
21 21 67
21 23 39
21 25 16
21 26 31
21 27 5
21 30 20
21 32 0
21 36 26
21 37 11
21 38 52
21 39 28
21 42 6
21 44 1
21 45 54
21 46 32
21 47 69
21 48 57
21 49 17
21 52 49
21 54 42
21 55 14
21 56 35
21 58 46
21 59 38
21 62 24
21 63 22
21 65 63
21 68 43
21 69 10
22 0 17
22 2 67
22 3 54
22 5 48
22 6 58
22 7 14
22 8 12
22 10 28
22 12 36
22 13 64
22 14 21
22 18 16
22 21 8
22 22 33
22 24 5
22 26 47
22 27 43
22 28 4
22 30 53
22 33 59
22 34 30
22 36 11
22 37 0
22 39 51
22 43 68
22 44 66
22 46 26
22 47 49
22 48 63
22 50 7
22 51 39
22 52 10
22 53 27
22 54 13
22 56 41
22 59 44
22 62 9
22 63 29
22 66 69
22 67 65
22 68 1
23 0 3
23 2 52
23 3 46
23 4 59
23 6 18
23 7 23
23 9 32
23 10 24
23 11 38
23 12 65
23 13 66
23 15 49
23 17 26
23 18 31
23 22 10
23 26 20
23 29 5
23 31 67
23 34 12
23 37 48
23 38 54
23 39 2
23 42 36
23 43 50
23 44 69
23 45 61
23 46 64
23 47 42
23 52 43
23 53 0
23 54 63
23 55 27
23 57 28
23 58 47
23 61 8
23 62 40
23 65 1
23 66 19
23 67 22
23 68 25
23 69 41
24 2 60
24 3 44
24 5 13
24 7 68
24 10 56
24 11 25
24 13 39
24 14 14
24 16 12
24 17 50
24 18 26
24 19 59
24 23 0
24 24 32
24 26 57
24 27 15
24 28 7
24 32 35
24 34 63
24 37 23
24 38 1
24 39 17
24 41 27
24 42 22
24 43 62
24 44 52
24 45 37
24 46 53
24 48 21
24 49 34
24 50 64
24 52 24
24 57 69
24 61 41
24 62 20
24 63 6
24 64 54
24 66 51
24 67 11
24 68 19
25 0 0
25 1 64
25 4 38
25 8 11
25 9 69
25 12 28
25 17 9
25 19 51
25 20 2
25 24 16
25 25 42
25 28 49
25 29 41
25 31 31
25 32 43
25 33 23
25 35 46
25 36 37
25 38 66
25 39 53
25 42 24
25 44 57
25 46 50
25 47 44
25 48 18
25 49 65
25 50 25
25 51 1
25 53 3
25 55 56
25 56 27
25 57 32
25 60 54
25 63 59
25 64 34
25 67 58
25 68 30
25 69 15
26 0 16
26 2 63
26 4 0
26 6 43
26 8 13
26 9 60
26 10 33
26 14 53
26 15 48
26 16 21
26 18 56
26 19 62
26 20 6
26 21 55
26 22 18
26 23 9
26 24 61
26 25 64
26 29 52
26 31 24
26 32 40
26 34 10
26 36 12
26 37 17
26 38 14
26 39 36
26 41 20
26 42 23
26 43 11
26 45 49
26 46 25
26 47 58
26 48 19
26 50 42
26 51 2
26 52 37
26 53 65
26 55 1
26 56 38
26 60 34
26 63 7
26 68 47
26 69 39
27 0 37
27 1 24
27 3 27
27 4 44
27 5 10
27 6 21
27 8 45
27 9 4
27 10 11
27 13 28
27 14 55
27 15 14
27 16 48
27 17 59
27 18 49
27 19 34
27 20 22
27 21 52
27 22 56
27 23 25
27 25 38
27 26 61
27 29 69
27 30 3
27 31 41
27 33 29
27 34 58
27 35 40
27 36 5
27 39 23
27 42 16
27 43 66
27 44 63
27 46 18
27 48 9
27 49 26
27 50 47
27 51 32
27 52 39
27 53 62
27 54 0
27 56 2
27 58 7
27 60 64
27 63 67
27 66 35
27 67 42
27 69 57
28 0 67
28 2 45
28 6 17
28 7 49
28 11 4
28 13 1
28 14 46
28 16 2
28 17 19
28 18 3
28 19 5
28 20 9
28 21 11
28 23 44
28 25 8
28 26 58
28 28 51
28 29 56
28 30 42
28 31 63
28 32 24
28 34 50
28 40 27
28 42 39
28 43 65
28 44 32
28 45 68
28 46 22
28 47 21
28 48 26
28 49 54
28 50 48
28 51 15
28 54 6
28 55 13
28 57 10
28 58 38
28 59 29
28 62 14
28 63 66
28 65 57
28 66 28
29 0 7
29 2 26
29 6 35
29 7 43
29 8 67
29 9 30
29 10 16
29 12 18
29 13 46
29 14 62
29 17 42
29 20 60
29 22 66
29 24 21
29 25 14
29 26 38
29 28 44
29 29 57
29 30 32
29 31 37
29 32 61
29 39 68
29 40 20
29 41 0
29 46 45
29 48 6
29 49 49
29 54 36
29 55 65
29 56 24
29 57 56
29 64 53
29 65 59
29 66 31
29 67 8
29 68 63
29 69 11
30 0 38
30 2 30
30 3 28
30 4 5
30 5 14
30 7 51
30 12 0
30 13 47
30 14 41
30 15 59
30 16 37
30 20 44
30 21 15
30 23 66
30 26 24
30 27 48
30 28 2
30 29 26
30 31 4
30 33 1
30 34 62
30 36 58
30 37 54
30 38 53
30 41 31
30 43 29
30 45 45
30 46 49
30 48 11
30 52 63
30 53 21
30 54 57
30 56 69
30 58 22
30 59 55
30 60 16
30 62 65
30 63 3
30 66 50
30 68 10
30 69 25
31 0 55
31 1 53
31 2 64
31 3 5
31 5 3
31 6 11
31 7 38
31 8 28
31 11 68
31 12 43
31 13 22
31 16 42
31 17 18
31 18 7
31 20 30
31 21 16
31 24 9
31 26 50
31 27 57
31 29 45
31 30 39
31 31 20
31 33 66
31 36 4
31 38 10
31 39 19
31 40 13
31 41 25
31 42 26
31 45 46
31 46 31
31 51 54
31 52 61
31 55 0
31 56 1
31 57 2
31 58 40
31 59 15
31 61 21
31 63 62
31 64 67
31 66 60
31 68 34
32 0 5
32 3 7
32 4 45
32 9 33
32 10 6
32 11 32
32 12 10
32 13 69
32 15 68
32 17 16
32 19 40
32 20 63
32 24 56
32 27 38
32 30 13
32 31 62
32 32 47
32 35 53
32 36 31
32 37 44
32 38 50
32 39 8
32 40 54
32 41 23
32 42 18
32 45 22
32 47 9
32 49 1
32 53 2
32 54 51
32 55 39
32 56 30
32 57 35
32 58 21
32 59 19
32 61 14
32 63 28
32 64 64
32 65 41
32 66 29
32 67 34
32 68 58
32 69 26
33 0 66
33 2 41
33 3 24
33 5 33
33 6 31
33 7 44
33 8 0
33 10 39
33 11 48
33 12 25
33 13 59
33 14 61
33 17 38
33 18 45
33 19 27
33 20 11
33 21 50
33 23 64
33 25 57
33 26 54
33 27 40
33 29 37
33 30 49
33 31 21
33 32 60
33 36 14
33 37 7
33 38 68
33 39 65
33 42 19
33 43 16
33 46 52
33 47 29
33 49 42
33 50 34
33 52 22
33 53 10
33 56 28
33 57 58
33 58 9
33 64 2
33 66 55
33 68 56
33 69 62
34 4 56
34 6 36
34 7 27
34 8 38
34 13 44
34 15 11
34 17 52
34 19 63
34 24 40
34 25 31
34 28 37
34 29 30
34 30 68
34 31 8
34 34 54
34 35 57
34 36 17
34 37 33
34 38 3
34 43 32
34 44 26
34 45 65
34 50 50
34 51 4
34 53 41
34 55 7
34 56 46
34 58 13
34 59 18
34 60 49
34 61 28
34 64 61
34 66 1
34 67 66
34 68 35
35 1 15
35 4 16
35 5 41
35 9 51
35 12 21
35 13 55
35 14 38
35 15 5
35 18 37
35 19 47
35 20 54
35 21 43
35 22 61
35 26 22
35 28 36
35 29 0
35 30 7
35 34 6
35 35 65
35 36 3
35 37 31
35 38 8
35 39 52
35 40 48
35 43 53
35 46 34
35 47 33
35 48 50
35 50 69
35 53 66
35 54 44
35 55 62
35 57 59
35 58 26
35 59 2
35 60 35
35 62 32
35 64 57
35 65 42
35 68 68
35 69 29
36 0 18
36 1 39
36 3 4
36 4 28
36 6 38
36 8 27
36 10 60
36 12 7
36 16 66
36 17 3
36 21 68
36 22 53
36 23 22
36 24 44
36 25 46
36 27 41
36 29 17
36 30 37
36 31 10
36 33 40
36 34 57
36 35 1
36 36 59
36 38 42
36 39 55
36 40 63
36 42 2
36 43 51
36 44 48
36 45 30
36 46 69
36 47 26
36 48 13
36 49 20
36 50 32
36 51 45
36 54 52
36 55 54
36 56 47
36 58 58
36 59 8
36 60 36
36 61 49
36 63 31
36 64 9
36 65 0
36 66 21
36 67 33
37 0 39
37 3 15
37 4 11
37 5 27
37 6 68
37 8 48
37 9 22
37 11 24
37 12 61
37 14 29
37 15 25
37 18 53
37 21 51
37 22 41
37 23 3
37 25 18
37 26 46
37 27 60
37 28 59
37 29 40
37 31 49
37 36 55
37 37 21
37 38 45
37 40 58
37 42 13
37 45 32
37 46 30
37 47 57
37 48 42
37 49 47
37 50 4
37 53 31
37 54 5
37 56 6
37 57 9
37 58 43
37 59 64
37 62 26
37 63 56
37 65 14
37 66 62
37 67 54
37 68 17
38 1 41
38 2 12
38 3 48
38 4 26
38 5 16
38 6 1
38 7 18
38 8 34
38 11 50
38 12 29
38 15 24
38 16 52
38 17 8
38 18 15
38 19 20
38 20 37
38 21 32
38 23 23
38 24 51
38 25 30
38 26 63
38 27 56
38 29 3
38 30 67
38 31 36
38 32 45
38 33 21
38 35 11
38 38 43
38 42 27
38 43 49
38 49 6
38 50 31
38 51 35
38 57 33
38 58 54
38 60 14
38 61 10
38 63 60
38 64 55
38 66 66
38 68 61
38 69 69
39 1 21
39 3 49
39 4 58
39 6 69
39 7 24
39 8 68
39 12 31
39 13 5
39 15 56
39 16 43
39 17 54
39 18 35
39 23 34
39 24 42
39 25 55
39 27 46
39 28 67
39 29 20
39 30 50
39 31 9
39 33 53
39 34 22
39 35 61
39 36 40
39 38 39
39 39 59
39 40 33
39 41 66
39 43 2
39 44 3
39 45 28
39 46 15
39 47 41
39 52 45
39 56 65
39 58 23
39 59 13
39 61 38
39 63 12
39 64 10
39 67 37
39 68 14
39 69 27
40 0 52
40 2 47
40 5 5
40 7 22
40 10 51
40 14 20
40 15 40
40 16 26
40 18 66
40 20 18
40 21 14
40 22 11
40 23 58
40 24 48
40 25 69
40 27 8
40 29 67
40 31 57
40 36 21
40 37 6
40 39 56
40 46 61
40 47 16
40 48 15
40 50 55
40 51 24
40 53 36
40 54 33
40 62 0
40 63 46
40 66 3
40 68 41
40 69 59
41 0 4
41 2 10
41 3 69
41 6 59
41 8 33
41 10 42
41 12 6
41 14 56
41 16 51
41 17 49
41 18 24
41 20 8
41 21 41
41 24 25
41 27 7
41 30 15
41 33 43
41 35 45
41 36 54
41 37 3
41 38 0
41 41 16
41 43 31
41 44 29
41 45 11
41 49 19
41 52 30
41 53 61
41 56 53
41 58 57
41 59 28
41 60 23
41 61 68
41 62 18
41 63 5
41 64 48
41 65 46
41 66 63
41 67 26
42 3 65
42 4 60
42 5 30
42 6 52
42 10 53
42 11 63
42 12 66
42 16 3
42 18 59
42 19 37
42 20 42
42 22 27
42 23 61
42 24 4
42 26 51
42 27 1
42 28 8
42 30 24
42 31 64
42 32 49
42 33 12
42 36 50
42 37 18
42 41 43
42 43 47
42 45 21
42 49 44
42 52 19
42 53 7
42 54 56
42 55 17
42 57 25
42 65 13
42 68 6
43 1 36
43 5 8
43 7 35
43 8 59
43 9 56
43 10 46
43 11 20
43 13 51
43 14 69
43 15 7
43 19 44
43 20 24
43 21 47
43 22 5
43 23 68
43 24 52
43 25 4
43 26 28
43 27 50
43 29 42
43 30 21
43 31 43
43 32 66
43 33 61
43 34 67
43 35 2
43 36 39
43 37 57
43 38 58
43 40 15
43 41 55
43 42 60
43 43 63
43 44 38
43 45 1
43 47 27
43 48 34
43 51 31
43 52 54
43 53 45
43 56 3
43 57 6
43 58 11
43 60 37
43 61 23
43 62 22
43 63 40
43 64 29
43 66 16
43 68 9
44 0 24
44 1 12
44 2 36
44 3 25
44 4 37
44 5 39
44 7 16
44 8 30
44 9 57
44 10 29
44 13 67
44 14 42
44 15 10
44 17 21
44 22 6
44 24 55
44 25 53
44 26 45
44 28 52
44 29 50
44 32 64
44 33 32
44 35 20
44 36 69
44 37 51
44 40 44
44 41 18
44 42 68
44 47 2
44 48 49
44 51 0
44 52 15
44 53 35
44 54 22
44 58 27
44 60 62
44 61 13
44 63 26
44 64 66
44 65 40
44 66 65
44 67 31
45 0 11
45 1 37
45 3 53
45 4 15
45 5 64
45 8 23
45 9 17
45 11 16
45 14 4
45 15 39
45 16 6
45 17 28
45 18 41
45 19 31
45 20 14
45 22 42
45 24 36
45 25 67
45 26 40
45 29 63
45 30 43
45 31 13
45 32 52
45 33 45
45 34 59
45 35 48
45 36 8
45 37 9
45 38 2
45 39 35
45 40 10
45 41 38
45 43 56
45 46 66
45 48 69
45 53 24
45 54 20
45 55 55
45 56 26
45 57 47
45 59 50
45 60 29
45 61 19
45 62 60
45 63 25
45 64 49
45 65 32
45 66 44
45 67 0
45 68 62
45 69 51
46 1 10
46 2 13
46 4 48
46 6 41
46 7 60
46 9 2
46 10 34
46 11 57
46 13 26
46 14 67
46 16 68
46 17 30
46 20 1
46 26 29
46 29 9
46 32 59
46 33 44
46 35 3
46 37 32
46 38 56
46 39 24
46 40 40
46 47 15
46 51 46
46 53 11
46 54 66
46 56 52
46 57 22
46 60 12
46 61 39
46 62 64
46 63 0
46 64 5
46 66 17
46 67 7
46 68 53
47 2 8
47 3 17
47 6 47
47 8 44
47 14 27
47 16 36
47 17 0
47 18 50
47 21 33
47 22 31
47 23 21
47 25 40
47 27 3
47 29 22
47 32 9
47 33 68
47 34 48
47 37 34
47 40 16
47 42 52
47 44 23
47 45 53
47 46 41
47 47 35
47 49 45
47 51 51
47 55 25
47 56 20
47 57 49
47 61 42
47 63 14
47 65 11
47 67 59
47 68 66
47 69 7
48 0 25
48 1 61
48 3 55
48 4 46
48 6 62
48 7 42
48 8 17
48 9 41
48 12 51
48 13 58
48 14 0
48 15 45
48 17 7
48 19 69
48 20 12
48 24 53
48 27 2
48 28 26
48 29 29
48 32 3
48 34 21
48 35 28
48 37 66
48 38 15
48 41 48
48 42 20
48 43 38
48 44 5
48 46 9
48 49 13
48 50 63
48 51 67
48 52 59
48 54 68
48 55 30
48 56 54
48 59 56
48 64 27
48 65 33
48 66 11
48 68 31
48 69 34
49 1 63
49 2 32
49 4 49
49 6 25
49 9 3
49 12 54
49 14 5
49 15 50
49 17 4
49 20 29
49 24 15
49 26 14
49 27 67
49 28 66
49 29 47
49 31 28
49 32 33
49 33 41
49 34 7
49 35 18
49 36 45
49 37 30
49 38 6
49 39 13
49 41 40
49 42 44
49 43 48
49 44 16
49 46 17
49 47 23
49 49 61
49 50 60
49 51 19
49 55 11
49 56 56
49 57 26
49 58 69
49 60 55
49 61 59
49 62 68
49 63 9
49 64 37
49 65 8
49 66 57
49 68 42
49 69 64
50 2 7
50 6 9
50 7 28
50 8 26
50 9 59
50 10 3
50 12 45
50 16 58
50 17 46
50 19 56
50 20 4
50 21 24
50 22 21
50 23 27
50 28 33
50 29 35
50 30 22
50 31 6
50 32 54
50 33 2
50 37 5
50 38 19
50 39 12
50 40 0
50 41 1
50 43 25
50 44 14
50 45 10
50 48 29
50 49 66
50 50 16
50 52 47
50 56 18
50 57 36
50 59 42
50 60 61
50 61 44
50 64 17
50 65 53
50 66 48
50 67 50
50 68 39
50 69 13
51 0 61
51 2 22
51 3 51
51 4 36
51 5 17
51 6 64
51 7 21
51 9 58
51 10 54
51 12 57
51 14 25
51 15 20
51 16 4
51 17 66
51 20 28
51 21 46
51 23 38
51 24 3
51 25 11
51 26 10
51 28 48
51 30 26
51 31 39
51 32 5
51 34 34
51 35 30
51 37 47
51 40 62
51 46 44
51 47 12
51 48 60
51 49 14
51 50 18
51 52 41
51 54 19
51 55 32
51 58 42
51 59 1
51 60 56
51 61 2
51 62 63
51 63 8
51 65 49
51 66 53
51 67 52
52 1 58
52 5 45
52 7 47
52 8 42
52 11 44
52 12 2
52 13 61
52 14 10
52 15 4
52 19 19
52 22 1
52 29 12
52 32 46
52 35 15
52 36 18
52 37 53
52 38 64
52 39 49
52 42 7
52 43 23
52 44 43
52 51 38
52 53 68
52 54 69
52 55 34
52 56 67
52 58 66
52 59 59
52 60 48
52 61 65
52 62 17
52 63 16
52 64 3
52 65 37
52 68 0
52 69 5
53 0 50
53 1 29
53 3 20
53 4 6
53 5 55
53 6 0
53 7 40
53 8 18
53 9 23
53 10 62
53 13 3
53 14 13
53 16 33
53 18 4
53 19 12
53 20 47
53 21 39
53 22 69
53 23 16
53 24 38
53 25 1
53 30 57
53 32 34
53 34 51
53 35 9
53 37 56
53 39 41
53 43 28
53 44 64
53 46 65
53 47 19
53 48 35
53 49 59
53 50 49
53 51 66
53 52 2
53 53 67
53 55 52
53 56 5
53 59 14
53 61 45
53 66 32
53 69 61
54 1 32
54 2 53
54 3 57
54 4 8
54 7 29
54 8 41
54 10 25
54 12 38
54 13 50
54 15 17
54 16 56
54 18 27
54 20 52
54 21 34
54 24 11
54 25 3
54 26 33
54 28 1
54 32 39
54 33 55
54 37 19
54 38 23
54 40 31
54 43 10
54 45 12
54 46 21
54 48 43
54 50 44
54 51 58
54 53 4
54 54 16
54 56 48
54 57 42
54 60 59
54 61 46
54 65 15
54 66 9
54 68 20
55 2 34
55 3 1
55 4 9
55 7 58
55 8 40
55 10 7
55 13 31
55 14 45
55 15 18
55 16 50
55 18 38
55 20 48
55 22 19
55 24 66
55 25 28
55 26 27
55 28 17
55 29 62
55 31 14
55 32 10
55 33 4
55 36 42
55 37 16
55 39 6
55 40 24
55 42 8
55 43 60
55 45 55
55 46 33
55 47 22
55 50 11
55 51 49
55 53 47
55 54 61
55 56 59
55 57 23
55 58 67
55 61 3
55 63 15
55 65 5
55 68 51
55 69 54
56 1 35
56 2 21
56 3 13
56 5 15
56 6 61
56 7 7
56 8 66
56 13 38
56 14 44
56 15 54
56 18 43
56 21 27
56 23 65
56 24 69
56 25 52
56 27 63
56 30 10
56 32 50
56 33 57
56 35 68
56 36 2
56 38 62
56 39 5
56 40 8
56 42 28
56 43 0
56 44 34
56 46 58
56 47 39
56 48 47
56 53 16
56 54 26
56 55 33
56 56 36
56 57 60
56 59 31
56 60 30
56 61 56
56 63 4
56 64 51
56 65 22
56 66 24
56 69 40
57 4 39
57 5 31
57 6 51
57 10 0
57 11 28
57 12 69
57 14 7
57 15 57
57 16 34
57 17 6
57 18 17
57 20 23
57 21 66
57 22 24
57 23 59
57 25 48
57 28 10
57 29 58
57 30 14
57 31 3
57 32 1
57 34 64
57 35 13
57 36 56
57 39 47
57 40 19
57 41 22
57 42 41
57 43 44
57 46 63
57 49 46
57 51 25
57 53 53
57 54 43
57 56 50
57 57 30
57 58 45
57 59 9
57 61 55
57 63 11
57 65 18
57 67 61
57 69 12
58 0 65
58 1 42
58 2 24
58 3 22
58 4 2
58 6 10
58 9 55
58 14 1
58 15 69
58 17 29
58 18 28
58 20 50
58 21 37
58 22 62
58 23 5
58 24 33
58 25 6
58 26 32
58 28 0
58 31 35
58 33 54
58 34 27
58 35 8
58 37 40
58 38 59
58 40 39
58 42 43
58 46 48
58 47 34
58 48 36
58 49 30
58 51 41
58 52 21
58 53 44
58 54 38
58 57 53
58 58 64
58 60 7
58 67 3
58 68 12
59 0 6
59 1 46
59 4 57
59 5 35
59 6 50
59 9 48
59 11 22
59 12 8
59 13 18
59 14 3
59 16 0
59 17 40
59 18 63
59 20 31
59 21 12
59 22 47
59 23 55
59 25 26
59 26 49
59 27 21
59 28 61
59 29 14
59 31 32
59 32 53
59 33 20
59 34 66
59 35 27
59 37 60
59 38 51
59 39 4
59 40 64
59 42 54
59 46 68
59 47 13
59 49 38
59 50 28
59 52 16
59 56 43
59 57 34
59 59 62
59 61 7
59 64 15
59 66 36
60 1 19
60 2 50
60 6 16
60 7 4
60 8 49
60 11 67
60 12 26
60 15 0
60 16 61
60 18 47
60 19 15
60 20 46
60 21 5
60 23 35
60 24 30
60 27 66
60 28 34
60 29 24
60 30 60
60 31 23
60 32 11
60 33 52
60 34 69
60 35 63
60 37 59
60 38 37
60 40 56
60 41 2
60 43 22
60 45 29
60 46 38
60 48 65
60 51 13
60 52 3
60 54 27
60 56 14
60 57 55
60 58 12
60 59 7
60 60 41
60 62 58
60 63 68
60 64 1
60 65 31
60 66 10
60 68 8
61 1 56
61 3 23
61 6 32
61 8 37
61 10 49
61 12 5
61 13 68
61 14 24
61 18 29
61 19 55
61 20 38
61 21 13
61 22 28
61 24 43
61 25 0
61 26 65
61 28 60
61 29 27
61 31 48
61 34 42
61 35 6
61 36 61
61 37 58
61 41 51
61 43 12
61 46 1
61 49 50
61 50 39
61 53 18
61 55 31
61 56 44
61 57 52
61 59 30
61 61 26
61 62 8
61 63 57
61 64 22
61 66 20
61 67 63
61 68 7
61 69 36
62 2 9
62 5 59
62 6 4
62 7 31
62 8 15
62 13 63
62 14 2
62 17 69
62 18 61
62 19 67
62 20 27
62 21 60
62 22 32
62 23 54
62 28 45
62 31 58
62 32 42
62 33 49
62 35 41
62 36 34
62 38 46
62 39 14
62 41 52
62 44 62
62 45 57
62 46 7
62 47 64
62 48 17
62 49 51
62 50 3
62 52 25
62 55 43
62 56 39
62 58 48
62 59 68
62 60 10
62 63 50
62 64 11
62 67 56
62 68 38
62 69 24
63 0 58
63 3 64
63 4 69
63 5 44
63 6 45
63 7 57
63 8 63
63 9 7
63 10 2
63 13 0
63 14 28
63 15 66
63 16 24
63 17 20
63 18 62
63 22 3
63 23 26
63 24 22
63 25 5
63 27 61
63 29 16
63 30 18
63 31 34
63 32 68
63 33 30
63 35 14
63 36 33
63 37 42
63 39 46
63 40 17
63 43 9
63 44 51
63 46 27
63 47 52
63 48 41
63 49 53
63 50 15
63 51 47
63 52 56
63 53 25
63 54 32
63 56 21
63 57 43
63 58 8
63 59 36
63 60 31
63 61 67
63 62 49
63 63 38
63 64 39
63 65 54
63 66 59
64 2 65
64 3 35
64 4 66
64 5 7
64 6 63
64 7 9
64 8 46
64 9 50
64 10 13
64 13 25
64 14 54
64 15 43
64 18 51
64 19 57
64 20 10
64 22 58
64 25 23
64 30 31
64 31 38
64 33 47
64 34 17
64 35 22
64 36 0
64 37 69
64 38 27
64 39 33
64 40 41
64 41 67
64 42 61
64 43 5
64 44 15
64 45 18
64 46 11
64 51 29
64 53 1
64 59 4
64 60 19
64 62 21
64 63 44
64 64 59
64 65 26
64 66 40
64 68 2
64 69 37
65 0 40
65 1 57
65 5 9
65 6 34
65 7 45
65 8 52
65 9 31
65 12 37
65 13 6
65 16 69
65 18 21
65 19 3
65 20 26
65 21 64
65 23 19
65 25 56
65 28 42
65 30 48
65 32 20
65 33 14
65 36 35
65 38 24
65 39 29
65 40 5
65 41 68
65 43 59
65 44 61
65 45 8
65 46 12
65 47 67
65 48 23
65 49 22
65 50 10
65 54 46
65 55 44
65 56 16
65 57 15
65 58 65
65 59 25
65 60 39
65 61 62
65 62 7
65 63 53
65 64 30
65 66 38
65 68 11
66 0 26
66 1 28
66 2 58
66 4 25
66 5 60
66 7 20
66 8 36
66 9 11
66 12 44
66 17 17
66 21 19
66 23 63
66 25 33
66 27 62
66 28 46
66 29 49
66 30 5
66 31 59
66 33 18
66 34 24
66 36 65
66 39 9
66 40 1
66 41 57
66 45 51
66 46 56
66 47 30
66 50 35
66 51 53
66 52 64
66 53 14
66 54 54
66 55 50
66 59 66
66 60 27
66 61 47
66 63 48
66 68 67
67 0 41
67 2 5
67 3 34
67 4 35
67 5 36
67 7 1
67 8 62
67 9 53
67 11 42
67 13 11
67 16 45
67 17 37
67 19 25
67 21 65
67 25 21
67 26 19
67 27 27
67 28 39
67 29 2
67 30 55
67 34 43
67 35 69
67 37 29
67 38 57
67 39 30
67 41 10
67 43 24
67 44 60
67 45 16
67 46 46
67 48 44
67 49 9
67 51 22
67 52 28
67 54 50
67 55 3
67 56 68
67 58 61
67 60 4
67 61 40
67 62 6
67 65 12
67 66 33
67 67 20
67 68 13
67 69 58
68 1 7
68 2 49
68 3 12
68 5 46
68 6 40
68 7 26
68 8 31
68 9 24
68 11 11
68 13 35
68 18 42
68 19 65
68 22 39
68 25 2
68 26 4
68 27 58
68 28 29
68 30 34
68 32 21
68 33 0
68 34 19
68 35 62
68 36 36
68 38 69
68 39 66
68 41 32
68 42 38
68 43 13
68 45 56
68 46 59
68 48 20
68 53 37
68 57 16
68 58 17
68 59 61
68 60 63
68 61 1
68 62 52
68 63 55
68 64 47
68 65 44
68 66 64
68 67 28
68 68 22
68 69 48
69 0 21
69 2 54
69 4 40
69 5 56
69 6 44
69 7 8
69 11 53
69 12 3
69 13 52
69 14 47
69 15 33
69 17 34
69 18 25
69 19 18
69 21 4
69 22 48
69 23 67
69 28 55
69 29 59
69 30 0
69 31 46
69 32 6
69 33 26
69 34 45
69 36 38
69 37 14
69 38 22
69 39 42
69 43 30
69 45 9
69 46 10
69 47 62
69 49 29
69 50 57
69 53 69
69 55 51
69 59 11
69 60 15
69 61 43
69 62 23
69 63 41
69 66 5
69 67 32
69 68 36
