70
0 3 12
0 4 65
0 7 31
0 8 3
0 9 11
0 11 24
0 13 4
0 15 54
0 16 46
0 17 58
0 22 9
0 24 26
0 25 28
0 28 66
0 29 32
0 30 61
0 32 7
0 33 37
0 36 36
0 38 60
0 39 22
0 40 42
0 42 15
0 43 8
0 49 59
0 54 21
0 56 67
0 60 13
0 64 27
0 68 14
1 2 29
1 7 14
1 9 45
1 10 12
1 12 55
1 15 59
1 19 35
1 20 64
1 23 34
1 25 58
1 27 7
1 31 52
1 32 31
1 35 66
1 36 2
1 39 44
1 42 41
1 44 68
1 46 61
1 47 8
1 49 37
1 55 9
1 62 5
1 63 23
1 66 67
1 67 38
1 69 33
2 1 34
2 3 3
2 4 57
2 5 32
2 6 64
2 9 59
2 10 43
2 11 46
2 15 23
2 17 60
2 20 0
2 23 42
2 27 52
2 29 7
2 30 51
2 32 39
2 36 33
2 38 11
2 42 53
2 44 56
2 46 44
2 50 16
2 52 14
2 54 66
2 55 27
2 57 22
2 59 13
2 68 50
3 4 62
3 5 35
3 10 63
3 12 52
3 13 56
3 14 9
3 15 53
3 17 57
3 22 51
3 23 24
3 26 11
3 30 19
3 32 36
3 34 38
3 36 47
3 42 67
3 43 45
3 44 30
3 45 17
3 54 59
3 58 6
3 63 16
3 64 48
3 67 64
3 68 43
4 1 43
4 4 67
4 7 39
4 9 63
4 10 56
4 12 31
4 15 4
4 16 47
4 19 48
4 20 20
4 21 17
4 23 27
4 24 38
4 33 58
4 35 41
4 36 16
4 38 36
4 41 18
4 58 7
4 61 59
4 64 5
4 65 65
4 66 25
4 68 11
5 2 17
5 5 50
5 9 18
5 11 35
5 12 61
5 14 15
5 15 68
5 20 46
5 21 6
5 23 25
5 30 40
5 31 20
5 33 38
5 34 37
5 40 24
5 41 31
5 44 26
5 46 69
5 49 62
5 55 53
5 57 16
5 58 13
5 59 42
5 60 11
5 63 10
5 67 32
6 0 63
6 2 1
6 3 23
6 6 38
6 7 29
6 8 47
6 9 26
6 11 69
6 12 8
6 16 59
6 17 18
6 18 49
6 20 44
6 22 52
6 26 15
6 32 6
6 33 43
6 35 10
6 40 53
6 43 57
6 44 27
6 45 25
6 46 39
6 52 24
6 53 5
6 54 7
6 59 14
6 60 45
6 64 35
6 67 60
6 69 51
7 1 30
7 5 22
7 8 24
7 11 49
7 13 36
7 14 5
7 17 48
7 21 46
7 22 3
7 23 55
7 29 38
7 30 2
7 34 28
7 35 27
7 36 59
7 38 44
7 39 26
7 43 64
7 44 51
7 50 68
7 53 7
7 59 41
7 60 31
7 62 20
7 63 18
7 64 42
7 65 8
7 67 61
7 68 23
7 69 58
8 2 50
8 6 18
8 7 9
8 12 7
8 24 13
8 26 3
8 27 32
8 28 63
8 29 59
8 32 44
8 34 16
8 41 57
8 43 43
8 51 33
8 54 28
8 59 58
8 62 40
8 63 45
8 66 4
8 68 55
8 69 29
9 1 13
9 4 60
9 5 25
9 8 19
9 18 40
9 22 31
9 25 53
9 26 18
9 27 15
9 29 20
9 31 66
9 33 9
9 35 12
9 39 7
9 44 55
9 45 49
9 47 39
9 48 50
9 55 47
9 56 38
9 63 22
9 65 23
9 66 37
9 67 16
9 69 28
10 1 23
10 4 38
10 7 52
10 10 53
10 14 14
10 20 39
10 23 59
10 24 67
10 28 49
10 31 58
10 34 48
10 36 10
10 48 4
10 50 54
10 52 57
10 57 0
10 58 12
10 59 27
10 66 65
11 0 24
11 1 14
11 2 8
11 3 58
11 4 6
11 6 57
11 7 43
11 8 59
11 9 22
11 10 11
11 11 30
11 19 37
11 21 40
11 22 67
11 23 56
11 24 41
11 25 35
11 26 21
11 30 63
11 32 17
11 35 48
11 38 9
11 43 32
11 47 25
11 49 46
11 51 45
11 52 50
11 53 51
11 54 12
11 55 49
11 56 68
11 58 4
11 59 31
11 65 44
11 68 47
12 0 22
12 1 31
12 3 32
12 4 4
12 5 39
12 7 50
12 11 54
12 13 47
12 17 13
12 22 56
12 23 9
12 24 44
12 25 17
12 26 7
12 28 57
12 30 0
12 31 8
12 33 20
12 34 61
12 37 46
12 39 62
12 42 60
12 43 27
12 44 45
12 45 41
12 51 63
12 53 53
12 55 6
12 56 26
12 58 30
12 62 68
12 65 19
12 66 36
12 67 59
13 1 35
13 3 49
13 4 66
13 5 3
13 7 54
13 12 64
13 14 44
13 20 18
13 21 2
13 23 7
13 25 41
13 26 58
13 29 8
13 30 14
13 31 19
13 32 5
13 33 61
13 37 16
13 46 57
13 48 68
13 50 1
13 54 13
13 55 56
13 58 31
13 59 37
13 60 59
13 62 17
13 63 51
13 64 39
13 65 6
13 66 60
13 68 27
14 0 7
14 3 27
14 5 42
14 6 40
14 8 4
14 13 14
14 14 63
14 15 47
14 17 62
14 19 45
14 20 61
14 21 48
14 22 53
14 26 10
14 28 38
14 29 6
14 30 34
14 32 32
14 35 16
14 36 41
14 37 25
14 39 35
14 40 5
14 42 2
14 45 13
14 47 49
14 48 23
14 49 18
14 63 68
14 64 17
14 65 58
14 66 56
14 67 46
14 69 66
15 1 1
15 4 56
15 7 53
15 8 55
15 13 33
15 16 8
15 17 44
15 19 60
15 24 24
15 26 16
15 28 67
15 30 12
15 31 3
15 32 37
15 35 11
15 37 21
15 40 57
15 44 40
15 45 5
15 46 51
15 47 13
15 48 20
15 54 50
15 55 38
15 58 52
15 60 7
15 61 46
15 62 42
15 66 26
15 67 68
15 69 25
16 1 5
16 3 26
16 4 52
16 6 39
16 7 58
16 12 49
16 13 43
16 14 66
16 15 60
16 16 51
16 19 63
16 20 17
16 23 36
16 24 3
16 26 42
16 27 41
16 29 46
16 31 7
16 36 22
16 40 37
16 45 55
16 49 61
16 50 24
16 51 4
16 53 21
16 61 29
16 64 67
16 66 16
16 68 53
16 69 47
17 0 37
17 2 56
17 3 21
17 5 49
17 7 18
17 8 69
17 10 31
17 20 13
17 22 29
17 23 3
17 35 60
17 37 64
17 38 2
17 39 6
17 42 38
17 47 32
17 48 16
17 49 44
17 50 52
17 51 1
17 56 58
17 59 46
17 61 35
17 68 39
18 8 44
18 10 22
18 11 59
18 12 11
18 13 6
18 14 52
18 15 7
18 16 13
18 18 53
18 19 55
18 23 8
18 26 38
18 27 39
18 32 35
18 33 45
18 35 15
18 42 19
18 44 16
18 49 30
18 51 18
18 53 68
18 58 17
18 61 41
18 66 62
18 67 58
19 2 51
19 4 26
19 6 66
19 9 9
19 13 16
19 14 39
19 22 50
19 23 38
19 26 46
19 28 34
19 30 15
19 31 36
19 39 55
19 42 54
19 43 7
19 44 18
19 46 58
19 48 28
19 49 21
19 50 37
19 51 8
19 53 23
19 57 44
19 59 49
19 62 33
19 64 64
20 1 8
20 11 23
20 15 43
20 17 46
20 18 22
20 20 57
20 22 13
20 26 52
20 29 69
20 31 49
20 33 21
20 35 47
20 37 63
20 38 0
20 43 18
20 44 1
20 48 32
20 52 65
20 59 2
20 63 12
20 65 16
21 0 27
21 4 31
21 5 63
21 6 12
21 11 56
21 12 3
21 14 41
21 15 14
21 18 45
21 20 23
21 21 15
21 22 10
21 26 24
21 28 50
21 29 62
21 32 67
21 35 9
21 37 1
21 40 38
21 43 11
21 46 46
21 47 61
21 49 5
21 53 44
21 55 66
21 56 18
21 59 52
21 66 7
21 67 28
22 0 14
22 5 43
22 9 32
22 10 9
22 12 18
22 15 34
22 16 1
22 17 8
22 19 17
22 23 20
22 25 48
22 28 54
22 29 53
22 30 36
22 32 64
22 33 63
22 34 57
22 35 35
22 38 40
22 42 23
22 43 60
22 44 47
22 45 4
22 46 38
22 47 0
22 49 66
22 50 62
22 51 19
22 53 13
22 54 68
22 55 11
22 59 5
22 61 67
22 63 25
22 66 21
23 0 43
23 4 33
23 6 6
23 7 35
23 10 25
23 21 31
23 23 30
23 25 11
23 26 68
23 33 52
23 35 24
23 36 39
23 41 67
23 47 48
23 50 12
23 51 49
23 57 56
23 58 15
23 60 23
23 64 65
23 65 45
23 66 51
23 67 29
23 69 9
24 3 18
24 4 23
24 6 42
24 9 19
24 11 12
24 13 28
24 14 54
24 16 32
24 20 66
24 22 61
24 23 4
24 25 68
24 26 27
24 28 52
24 29 25
24 30 29
24 32 38
24 34 45
24 37 11
24 38 5
24 39 10
24 40 51
24 41 33
24 43 59
24 44 24
24 47 15
24 49 56
24 50 22
24 52 0
24 58 1
24 61 69
24 62 30
24 63 36
24 64 60
24 66 48
24 68 64
25 5 18
25 8 66
25 12 12
25 14 40
25 15 56
25 17 3
25 19 52
25 20 47
25 24 28
25 26 59
25 37 54
25 39 41
25 41 22
25 42 58
25 44 33
25 45 0
25 46 2
25 49 27
25 55 68
25 57 11
25 60 61
25 63 49
25 65 57
25 69 20
26 0 29
26 4 69
26 5 36
26 6 53
26 7 19
26 14 7
26 15 51
26 16 45
26 17 12
26 19 32
26 20 59
26 21 42
26 26 35
26 29 17
26 30 31
26 33 56
26 35 68
26 37 33
26 38 50
26 43 0
26 44 15
26 46 34
26 50 61
26 58 63
26 59 24
26 60 48
26 61 26
26 62 44
26 63 39
26 64 13
26 67 25
26 68 60
27 3 41
27 6 16
27 9 68
27 13 26
27 15 66
27 23 2
27 25 64
27 26 8
27 27 27
27 29 54
27 31 51
27 33 10
27 34 63
27 35 5
27 36 14
27 37 56
27 39 52
27 47 20
27 51 23
27 55 18
27 57 29
27 58 45
27 60 47
27 64 49
27 66 58
28 0 32
28 2 15
28 3 57
28 4 16
28 10 24
28 19 14
28 20 43
28 21 20
28 23 44
28 24 36
28 25 1
28 26 22
28 27 19
28 28 28
28 29 33
28 33 54
28 35 53
28 37 47
28 38 37
28 40 41
28 41 30
28 42 7
28 45 50
28 47 51
28 53 59
28 56 8
28 59 4
28 60 40
28 62 13
28 67 65
28 68 61
29 0 68
29 8 33
29 9 8
29 13 25
29 16 35
29 18 7
29 20 54
29 22 11
29 24 48
29 26 44
29 28 41
29 29 49
29 33 57
29 36 30
29 38 45
29 39 12
29 41 20
29 44 3
29 46 37
29 48 0
29 54 15
29 60 32
29 62 39
29 65 1
29 68 17
30 5 65
30 6 5
30 7 2
30 10 26
30 11 45
30 13 63
30 16 42
30 20 24
30 30 30
30 32 41
30 33 68
30 35 33
30 37 52
30 44 49
30 46 17
30 53 10
30 55 7
30 66 32
30 69 23
31 0 35
31 2 52
31 4 3
31 6 13
31 10 40
31 17 56
31 19 46
31 20 45
31 24 7
31 25 31
31 27 48
31 32 11
31 33 51
31 36 49
31 38 25
31 40 44
31 42 59
31 43 68
31 44 14
31 47 9
31 51 17
31 53 32
31 55 41
31 56 61
31 59 28
31 60 50
31 64 58
31 66 64
31 68 54
31 69 69
32 0 9
32 1 26
32 3 67
32 11 33
32 12 16
32 14 57
32 17 69
32 21 56
32 23 35
32 24 5
32 27 1
32 28 30
32 29 14
32 31 59
32 32 65
32 33 31
32 34 64
32 36 32
32 37 61
32 38 52
32 42 42
32 44 19
32 49 36
32 50 27
32 52 49
32 53 17
32 55 37
32 58 40
32 64 10
32 65 11
32 69 8
33 2 33
33 3 47
33 9 40
33 10 69
33 15 52
33 16 12
33 19 27
33 22 0
33 26 57
33 27 8
33 36 45
33 38 59
33 39 43
33 40 55
33 43 15
33 44 35
33 49 26
33 50 32
33 51 5
33 52 61
33 55 16
33 57 42
33 59 11
33 60 63
33 62 2
33 64 23
33 68 51
33 69 31
34 0 33
34 3 5
34 4 35
34 8 53
34 11 44
34 12 69
34 14 32
34 16 34
34 21 28
34 24 61
34 26 45
34 31 24
34 32 52
34 35 26
34 36 58
34 40 56
34 47 6
34 48 39
34 49 13
34 52 63
34 54 2
34 56 42
34 58 27
34 60 3
34 62 31
34 63 46
34 64 22
34 65 64
34 66 66
35 0 26
35 1 16
35 4 50
35 5 20
35 7 7
35 8 42
35 9 14
35 17 32
35 18 25
35 23 28
35 26 69
35 27 64
35 28 46
35 30 38
35 33 2
35 37 58
35 40 11
35 44 0
35 45 68
35 46 36
35 47 43
35 48 54
35 49 63
35 55 39
35 57 9
35 58 33
35 62 67
35 63 57
35 65 22
35 66 24
35 69 62
36 1 45
36 3 25
36 4 30
36 7 11
36 10 16
36 12 50
36 17 6
36 21 26
36 22 7
36 25 61
36 26 63
36 28 56
36 33 12
36 36 51
36 39 27
36 42 18
36 43 24
36 46 23
36 50 66
36 53 29
36 56 43
36 58 55
36 60 49
36 62 59
36 66 3
36 69 37
37 0 11
37 4 63
37 6 34
37 12 39
37 17 49
37 19 1
37 20 33
37 22 60
37 23 50
37 24 40
37 25 51
37 28 4
37 32 3
37 33 0
37 37 15
37 41 36
37 45 23
37 46 35
37 48 38
37 49 28
37 50 59
37 52 9
37 53 18
37 54 16
37 55 30
37 58 5
37 65 41
38 4 37
38 5 45
38 6 68
38 16 33
38 19 58
38 22 57
38 26 26
38 27 31
38 28 60
38 32 61
38 35 62
38 36 38
38 38 63
38 39 34
38 40 52
38 41 43
38 42 21
38 43 14
38 44 64
38 49 20
38 53 16
38 56 54
38 61 27
38 64 47
39 1 3
39 2 41
39 3 66
39 5 61
39 8 51
39 9 17
39 10 52
39 11 28
39 15 38
39 24 16
39 26 64
39 28 36
39 29 60
39 30 4
39 33 32
39 34 46
39 35 58
39 39 1
39 41 49
39 45 54
39 46 9
39 50 45
39 51 0
39 52 31
39 53 24
39 56 34
39 57 40
39 60 18
39 62 37
39 63 33
39 65 59
39 67 27
39 69 53
40 1 46
40 3 8
40 4 2
40 5 52
40 8 31
40 9 34
40 13 10
40 19 62
40 20 28
40 24 18
40 25 49
40 26 4
40 31 15
40 33 13
40 37 44
40 43 33
40 45 53
40 48 5
40 50 55
40 53 22
40 55 51
40 56 37
40 60 17
40 63 7
40 65 42
41 9 28
41 13 7
41 15 11
41 17 14
41 19 66
41 24 64
41 27 0
41 30 57
41 31 25
41 43 50
41 49 4
41 52 16
41 54 3
41 58 24
41 60 19
41 61 20
41 62 35
41 64 30
41 65 52
41 68 69
42 0 50
42 7 64
42 8 62
42 14 22
42 16 69
42 17 45
42 19 54
42 20 55
42 23 66
42 24 46
42 25 25
42 27 61
42 28 42
42 36 7
42 39 36
42 47 37
42 48 17
42 50 34
42 51 2
42 54 58
42 55 43
42 57 18
42 62 4
42 65 56
43 3 14
43 5 33
43 6 20
43 8 50
43 10 61
43 11 43
43 12 25
43 14 24
43 15 48
43 20 40
43 21 66
43 22 42
43 23 49
43 27 35
43 28 17
43 29 21
43 32 34
43 42 68
43 43 54
43 45 59
43 46 0
43 48 1
43 51 30
43 52 12
43 56 23
43 57 62
43 58 57
43 60 56
43 64 53
43 65 55
43 68 63
44 0 40
44 6 15
44 9 51
44 10 68
44 11 27
44 14 65
44 16 3
44 17 31
44 18 43
44 19 38
44 20 26
44 22 22
44 26 67
44 27 24
44 33 35
44 35 69
44 36 17
44 38 41
44 42 4
44 45 9
44 46 52
44 51 57
44 58 2
44 60 60
45 0 49
45 1 44
45 2 3
45 4 59
45 5 21
45 6 47
45 8 67
45 9 65
45 14 53
45 15 24
45 18 41
45 19 40
45 27 55
45 31 29
45 34 52
45 36 19
45 38 22
45 39 2
45 41 60
45 43 23
45 44 4
45 47 63
45 53 35
45 57 54
45 60 43
45 62 15
45 67 66
45 68 16
46 0 65
46 1 25
46 4 45
46 5 14
46 6 55
46 8 61
46 10 46
46 17 33
46 20 34
46 21 1
46 22 5
46 23 11
46 25 24
46 30 50
46 34 18
46 35 56
46 36 42
46 37 13
46 39 51
46 41 37
46 42 31
46 44 41
46 45 21
46 46 48
46 54 53
46 55 32
46 62 52
46 67 23
47 2 58
47 5 37
47 7 3
47 10 60
47 11 11
47 12 10
47 13 9
47 15 12
47 16 44
47 17 36
47 23 54
47 25 19
47 27 51
47 29 57
47 32 22
47 35 40
47 37 55
47 38 61
47 40 13
47 41 38
47 42 46
47 43 28
47 46 16
47 47 5
47 48 8
47 50 50
47 56 25
47 58 48
47 59 68
47 60 62
47 64 18
47 66 14
47 67 42
47 68 20
48 0 69
48 3 31
48 4 55
48 7 41
48 9 62
48 12 5
48 14 42
48 15 57
48 16 19
48 17 37
48 18 2
48 21 68
48 22 34
48 24 50
48 26 61
48 29 26
48 32 29
48 33 14
48 34 49
48 35 51
48 36 54
48 37 17
48 41 23
48 42 27
48 43 40
48 44 28
48 46 25
48 48 7
48 50 53
48 51 9
48 55 0
48 58 21
48 59 43
48 61 66
48 66 38
48 67 30
48 69 59
49 0 58
49 1 27
49 2 2
49 4 41
49 6 22
49 7 55
49 10 20
49 12 56
49 13 67
49 16 54
49 17 39
49 18 52
49 22 35
49 24 62
49 28 3
49 29 4
49 30 25
49 32 40
49 34 69
49 38 43
49 39 28
49 41 14
49 45 16
49 47 45
49 48 12
49 49 32
49 51 51
49 52 7
49 53 0
49 56 66
49 60 15
49 64 57
49 66 8
50 0 16
50 6 28
50 7 33
50 10 10
50 13 57
50 16 0
50 19 23
50 20 52
50 23 13
50 24 32
50 26 62
50 27 18
50 31 54
50 33 46
50 35 7
50 37 41
50 39 37
50 42 66
50 46 20
50 48 34
50 50 49
50 53 58
50 56 27
50 59 51
50 63 59
50 68 38
51 1 48
51 3 11
51 4 15
51 9 66
51 12 20
51 15 33
51 16 58
51 17 28
51 22 16
51 24 56
51 26 19
51 27 67
51 28 8
51 31 21
51 34 47
51 35 43
51 36 4
51 37 18
51 38 46
51 39 42
51 44 23
51 45 38
51 46 63
51 47 55
51 48 40
51 53 12
51 54 25
51 59 0
51 60 9
51 68 22
51 69 65
52 1 22
52 3 13
52 7 1
52 9 10
52 10 29
52 12 6
52 14 3
52 16 65
52 21 44
52 25 43
52 26 31
52 27 54
52 30 8
52 32 14
52 34 59
52 35 0
52 39 46
52 40 50
52 44 7
52 47 66
52 48 52
52 49 67
52 50 63
52 52 42
52 57 5
52 64 37
52 65 9
52 67 62
52 69 36
53 0 56
53 1 66
53 5 1
53 7 40
53 11 20
53 12 46
53 13 30
53 14 34
53 17 15
53 18 27
53 26 9
53 32 48
53 36 57
53 39 59
53 42 33
53 44 5
53 45 29
53 48 25
53 51 37
53 55 21
53 56 0
53 59 44
53 62 14
53 63 58
54 0 39
54 3 68
54 7 51
54 10 5
54 13 29
54 15 30
54 17 50
54 20 38
54 21 49
54 24 34
54 25 7
54 27 22
54 30 45
54 33 47
54 34 58
54 35 64
54 39 61
54 42 37
54 44 6
54 53 25
54 55 46
54 59 57
54 61 9
54 65 36
54 69 41
55 1 51
55 4 39
55 6 45
55 8 65
55 9 5
55 14 21
55 18 60
55 20 10
55 24 8
55 25 13
55 28 26
55 32 53
55 35 63
55 36 9
55 40 23
55 41 4
55 42 20
55 43 17
55 46 43
55 47 68
55 49 38
55 50 42
55 52 55
55 56 35
55 57 15
55 58 58
55 60 64
55 63 44
55 64 0
55 66 49
55 67 14
56 0 31
56 1 56
56 5 26
56 6 58
56 7 12
56 8 20
56 12 65
56 15 69
56 16 11
56 17 43
56 19 7
56 27 66
56 28 24
56 30 39
56 33 53
56 34 9
56 36 63
56 39 40
56 41 16
56 42 6
56 43 42
56 46 32
56 49 48
56 51 35
56 53 38
56 56 33
56 62 22
56 63 13
57 1 9
57 3 46
57 4 1
57 8 13
57 9 48
57 13 65
57 15 8
57 18 57
57 20 11
57 21 38
57 24 33
57 28 21
57 30 16
57 33 27
57 35 50
57 38 68
57 40 17
57 45 24
57 46 5
57 47 54
57 52 10
57 54 55
57 59 19
57 60 67
57 61 36
57 62 12
57 63 37
57 64 44
57 67 18
57 69 7
58 2 62
58 8 40
58 16 56
58 17 16
58 21 5
58 23 61
58 27 17
58 32 30
58 33 19
58 34 23
58 36 53
58 39 18
58 41 39
58 45 10
58 46 21
58 49 64
58 50 2
58 51 48
58 54 57
58 56 20
58 64 33
59 1 4
59 8 25
59 12 45
59 13 41
59 15 55
59 16 48
59 18 46
59 20 7
59 21 58
59 22 49
59 28 31
59 31 32
59 33 34
59 35 18
59 37 3
59 38 65
59 41 66
59 42 5
59 44 36
59 46 13
59 49 69
59 50 8
59 54 19
59 55 44
59 56 12
59 58 64
59 59 26
59 61 30
59 62 47
59 63 50
59 66 33
60 1 18
60 2 40
60 6 37
60 10 39
60 11 51
60 17 10
60 18 67
60 19 65
60 26 0
60 28 59
60 30 24
60 34 27
60 35 31
60 40 68
60 42 13
60 43 3
60 44 25
60 50 41
60 54 36
60 55 19
60 58 60
60 59 23
60 62 50
60 68 29
60 69 63
61 4 21
61 5 5
61 7 69
61 9 58
61 11 4
61 14 17
61 16 49
61 18 16
61 19 30
61 22 44
61 24 25
61 25 27
61 26 33
61 28 35
61 29 37
61 31 60
61 36 64
61 41 0
61 42 12
61 43 61
61 45 14
61 46 24
61 47 57
61 54 23
61 56 6
61 60 29
61 62 10
61 63 66
61 64 32
61 67 55
61 68 1
61 69 22
62 0 3
62 3 39
62 4 7
62 9 56
62 10 0
62 13 60
62 14 27
62 17 54
62 20 48
62 24 49
62 26 43
62 31 16
62 32 50
62 35 4
62 37 23
62 38 20
62 39 57
62 42 44
62 50 17
62 54 5
62 55 14
62 57 33
62 61 58
62 64 45
62 66 28
62 68 2
62 69 52
63 7 17
63 8 68
63 10 7
63 11 15
63 12 37
63 19 24
63 20 3
63 22 64
63 27 11
63 31 61
63 37 50
63 38 4
63 39 23
63 40 28
63 41 13
63 47 27
63 48 62
63 54 67
63 56 40
63 57 51
63 58 44
63 61 57
63 65 69
63 66 18
63 67 5
63 68 59
63 69 16
64 1 39
64 2 20
64 3 17
64 7 60
64 8 52
64 9 23
64 10 18
64 12 48
64 13 46
64 14 58
64 21 0
64 22 6
64 25 30
64 29 68
64 30 22
64 32 49
64 35 61
64 36 66
64 37 42
64 39 32
64 41 26
64 45 27
64 52 5
64 56 41
64 57 35
64 58 67
64 60 44
64 62 16
64 65 50
64 68 21
64 69 19
65 3 16
65 5 19
65 6 54
65 7 46
65 10 32
65 12 58
65 14 62
65 15 9
65 22 24
65 25 63
65 27 68
65 28 6
65 32 43
65 34 31
65 35 67
65 36 28
65 39 69
65 45 42
65 46 60
65 47 36
65 49 65
65 50 26
65 51 53
65 54 38
65 56 59
65 61 55
65 63 8
65 65 21
65 67 34
66 1 57
66 2 32
66 3 64
66 8 8
66 10 67
66 11 21
66 15 19
66 17 17
66 18 20
66 21 61
66 24 12
66 25 69
66 27 14
66 29 3
66 30 59
66 31 45
66 32 24
66 36 13
66 37 43
66 39 53
66 40 66
66 41 9
66 46 40
66 55 42
66 56 62
66 61 31
66 62 48
66 63 56
66 65 15
66 66 0
67 0 25
67 1 65
67 3 38
67 4 40
67 5 16
67 8 63
67 10 3
67 11 52
67 16 24
67 20 22
67 22 27
67 23 6
67 26 34
67 29 5
67 30 9
67 31 18
67 35 14
67 36 12
67 39 19
67 41 55
67 42 10
67 44 31
67 45 47
67 48 42
67 50 44
67 54 11
67 57 48
67 60 0
67 61 64
67 68 4
67 69 56
68 1 60
68 11 29
68 14 33
68 16 17
68 19 59
68 20 8
68 23 10
68 26 54
68 27 21
68 28 23
68 30 43
68 32 68
68 35 6
68 42 63
68 45 28
68 46 55
68 47 30
68 48 57
68 53 14
68 57 53
68 61 47
68 62 19
68 64 25
68 65 5
68 66 46
68 69 42
69 0 13
69 2 30
69 4 29
69 5 66
69 9 24
69 10 42
69 16 36
69 19 4
69 21 34
69 25 0
69 26 1
69 29 45
69 34 55
69 36 5
69 38 69
69 41 6
69 42 61
69 43 22
69 45 62
69 49 19
69 50 58
69 54 47
69 56 28
69 62 56
69 67 15
