70
0 1 19
0 2 9
0 5 10
0 10 26
0 13 36
0 14 42
0 17 48
0 18 68
0 19 13
0 21 56
0 23 24
0 24 54
0 26 63
0 28 61
0 32 7
0 33 67
0 35 33
0 37 16
0 38 14
0 39 15
0 40 27
0 42 35
0 44 49
0 46 3
0 47 25
0 51 47
0 52 51
0 53 6
0 55 58
0 60 52
0 63 28
0 64 32
0 65 12
0 68 23
0 69 20
1 2 53
1 4 27
1 6 15
1 8 47
1 10 17
1 11 29
1 12 14
1 13 24
1 15 52
1 17 42
1 18 28
1 24 1
1 26 3
1 29 20
1 31 18
1 33 37
1 36 58
1 41 11
1 42 67
1 43 55
1 47 50
1 49 2
1 52 10
1 53 35
1 55 16
1 56 23
1 57 40
1 62 41
1 64 4
1 66 12
1 67 13
2 1 35
2 2 56
2 4 53
2 5 64
2 6 38
2 7 2
2 8 61
2 10 30
2 11 28
2 12 52
2 16 40
2 17 44
2 20 29
2 21 20
2 22 8
2 24 26
2 26 47
2 27 32
2 28 51
2 29 62
2 30 60
2 31 3
2 33 18
2 34 4
2 35 45
2 36 12
2 37 17
2 38 58
2 39 59
2 42 37
2 43 57
2 44 22
2 46 14
2 47 41
2 48 11
2 49 42
2 50 54
2 51 13
2 53 46
2 54 1
2 56 34
2 57 63
2 58 65
2 60 5
2 61 15
2 63 66
2 64 49
2 65 48
2 66 67
2 67 27
3 1 56
3 3 13
3 6 14
3 7 60
3 10 49
3 15 53
3 18 37
3 19 3
3 20 57
3 22 34
3 23 51
3 24 21
3 26 33
3 27 38
3 29 54
3 32 9
3 33 68
3 34 46
3 38 19
3 41 29
3 46 52
3 49 6
3 52 41
3 53 59
3 55 39
3 59 42
3 60 22
3 62 44
3 63 64
3 64 25
3 68 26
4 2 30
4 3 22
4 4 44
4 6 0
4 12 13
4 22 66
4 25 67
4 27 29
4 30 68
4 32 18
4 34 16
4 35 10
4 36 45
4 39 49
4 40 35
4 41 57
4 42 58
4 43 12
4 44 54
4 47 15
4 49 62
4 50 37
4 52 20
4 53 27
4 56 24
4 57 4
4 58 21
4 60 32
4 61 46
4 62 11
4 64 5
4 68 56
4 69 43
5 1 50
5 3 54
5 6 68
5 7 51
5 10 39
5 13 8
5 14 37
5 15 55
5 16 17
5 18 6
5 20 62
5 22 45
5 23 49
5 24 46
5 28 40
5 31 59
5 33 61
5 36 20
5 37 25
5 38 69
5 40 56
5 41 34
5 44 35
5 49 26
5 50 38
5 53 43
5 55 44
5 56 60
5 66 32
5 67 28
5 69 9
6 0 9
6 3 48
6 9 67
6 12 50
6 14 31
6 20 5
6 22 12
6 23 38
6 24 13
6 26 41
6 29 1
6 31 7
6 34 2
6 36 29
6 39 51
6 40 18
6 42 21
6 43 40
6 47 58
6 49 11
6 50 52
6 53 63
6 55 69
6 56 64
6 59 45
6 60 26
6 64 47
6 66 16
6 68 54
6 69 53
7 0 58
7 1 20
7 2 67
7 3 36
7 4 24
7 5 46
7 8 29
7 9 59
7 11 23
7 12 48
7 14 18
7 18 33
7 19 38
7 25 68
7 27 45
7 31 39
7 33 47
7 35 37
7 40 9
7 43 64
7 45 60
7 49 12
7 50 41
7 51 6
7 53 42
7 54 35
7 56 32
7 57 43
7 58 34
7 60 69
7 61 4
7 62 17
7 63 44
7 66 1
7 67 15
7 68 28
8 1 65
8 2 48
8 3 45
8 4 20
8 6 23
8 8 13
8 9 25
8 11 51
8 16 61
8 17 34
8 18 43
8 19 46
8 22 31
8 23 44
8 24 66
8 27 18
8 33 36
8 37 69
8 38 16
8 39 56
8 40 24
8 42 50
8 43 6
8 44 11
8 46 58
8 47 27
8 52 49
8 53 28
8 54 0
8 55 10
8 60 42
8 62 22
8 63 67
8 64 63
8 66 30
8 69 59
9 0 62
9 2 3
9 3 50
9 5 42
9 7 34
9 8 44
9 11 16
9 12 20
9 16 28
9 17 66
9 18 30
9 23 55
9 26 57
9 27 9
9 29 40
9 31 5
9 34 67
9 35 1
9 39 27
9 40 29
9 43 26
9 47 4
9 53 33
9 54 43
9 58 12
9 62 10
9 63 45
9 65 22
9 67 61
9 68 24
10 2 5
10 6 47
10 9 46
10 12 55
10 14 16
10 15 51
10 16 20
10 18 3
10 19 58
10 22 53
10 28 64
10 32 27
10 33 49
10 34 24
10 35 54
10 37 36
10 39 0
10 42 12
10 46 2
10 47 6
10 49 34
10 50 10
10 58 11
10 66 59
10 68 61
11 0 44
11 1 59
11 2 43
11 4 50
11 6 5
11 7 4
11 8 3
11 9 10
11 14 56
11 15 32
11 17 1
11 18 45
11 20 67
11 21 60
11 22 23
11 24 18
11 25 6
11 28 69
11 29 46
11 31 66
11 37 11
11 41 52
11 42 63
11 43 31
11 46 9
11 50 34
11 52 21
11 54 7
11 55 68
11 57 25
11 59 37
11 63 61
11 64 36
11 65 0
11 66 26
12 0 22
12 1 6
12 4 16
12 6 42
12 10 51
12 13 43
12 14 7
12 15 48
12 16 0
12 17 18
12 19 49
12 23 34
12 25 62
12 28 45
12 32 10
12 33 57
12 34 17
12 35 47
12 36 24
12 37 52
12 39 58
12 42 2
12 43 63
12 44 65
12 46 56
12 47 14
12 49 19
12 50 3
12 51 60
12 52 15
12 54 8
12 57 11
12 58 38
12 62 64
12 63 33
12 65 13
13 2 61
13 4 60
13 11 32
13 15 42
13 16 2
13 17 69
13 18 10
13 20 12
13 23 8
13 26 51
13 27 68
13 29 64
13 32 41
13 33 63
13 34 6
13 35 66
13 36 1
13 37 58
13 39 33
13 41 22
13 42 31
13 46 54
13 49 57
13 51 3
13 52 24
13 54 55
13 55 9
13 56 25
13 57 53
13 58 7
13 59 34
13 61 14
13 65 30
13 66 36
13 68 65
14 0 21
14 2 19
14 3 11
14 5 26
14 7 35
14 8 63
14 10 32
14 11 60
14 13 54
14 15 23
14 19 65
14 20 59
14 21 46
14 22 57
14 26 56
14 28 24
14 34 48
14 36 18
14 38 37
14 39 14
14 40 61
14 42 4
14 45 9
14 46 34
14 56 44
14 57 55
14 59 1
14 60 64
14 61 6
14 62 2
15 1 54
15 2 44
15 3 35
15 4 66
15 5 24
15 7 26
15 9 48
15 11 46
15 12 2
15 13 7
15 14 51
15 17 31
15 22 30
15 23 50
15 24 33
15 25 60
15 26 52
15 28 55
15 30 65
15 34 38
15 38 15
15 39 1
15 40 59
15 41 36
15 42 29
15 43 14
15 46 25
15 50 56
15 52 32
15 56 9
15 57 22
15 58 28
15 59 10
15 61 68
15 62 53
15 63 41
15 64 17
15 66 69
15 67 12
15 68 64
16 0 61
16 2 52
16 4 39
16 5 45
16 6 4
16 9 36
16 10 10
16 11 20
16 12 25
16 14 48
16 15 9
16 16 7
16 18 35
16 20 51
16 21 31
16 23 40
16 24 15
16 26 49
16 27 63
16 31 47
16 32 38
16 34 62
16 35 5
16 37 23
16 38 59
16 39 43
16 41 28
16 42 64
16 43 46
16 44 32
16 45 55
16 46 67
16 48 57
16 51 14
16 54 50
16 56 41
16 57 19
16 58 54
16 59 13
16 60 33
16 61 34
16 62 18
16 64 27
16 65 8
16 67 21
16 68 3
16 69 42
17 2 40
17 4 3
17 5 30
17 6 56
17 10 41
17 11 43
17 14 67
17 18 13
17 20 52
17 22 62
17 24 6
17 30 69
17 31 11
17 32 12
17 33 26
17 35 24
17 36 34
17 40 42
17 41 0
17 42 20
17 45 29
17 47 23
17 55 37
17 57 2
17 58 57
17 60 46
17 61 25
17 63 65
17 64 19
17 65 10
18 1 27
18 2 31
18 5 13
18 7 65
18 9 4
18 10 62
18 11 10
18 12 67
18 13 12
18 16 3
18 17 39
18 21 68
18 22 35
18 26 16
18 28 9
18 32 66
18 35 32
18 40 17
18 42 25
18 44 18
18 45 20
18 46 61
18 49 46
18 55 11
18 57 8
18 58 26
18 60 47
18 61 2
18 63 50
18 64 55
18 69 21
19 0 54
19 2 39
19 4 38
19 7 69
19 8 66
19 12 31
19 15 6
19 16 11
19 17 67
19 18 61
19 20 45
19 22 43
19 26 0
19 29 49
19 30 56
19 32 16
19 34 53
19 36 42
19 38 46
19 42 14
19 43 8
19 44 64
19 48 2
19 49 59
19 50 47
19 55 12
19 56 29
19 57 20
19 59 9
19 60 51
19 62 30
19 63 13
19 64 35
19 67 60
19 69 28
20 1 7
20 2 35
20 3 9
20 6 34
20 7 61
20 10 53
20 13 25
20 14 8
20 16 22
20 19 30
20 20 6
20 23 16
20 24 63
20 26 31
20 27 1
20 28 10
20 29 42
20 30 47
20 32 65
20 35 48
20 39 29
20 45 54
20 50 32
20 51 20
20 52 60
20 54 64
20 55 27
20 56 51
20 57 66
20 61 43
20 62 40
20 65 2
20 66 24
20 68 52
21 1 14
21 6 31
21 7 42
21 9 20
21 11 8
21 13 61
21 14 68
21 16 5
21 18 66
21 20 24
21 21 18
21 22 49
21 24 7
21 25 57
21 29 9
21 30 33
21 34 51
21 35 63
21 36 40
21 37 29
21 40 48
21 41 12
21 43 32
21 44 36
21 45 4
21 50 19
21 51 55
21 53 39
21 57 13
21 59 59
21 62 65
21 63 54
21 64 67
21 65 28
21 67 3
21 68 10
21 69 34
22 1 47
22 5 4
22 6 46
22 10 58
22 11 19
22 14 14
22 18 1
22 19 48
22 20 56
22 21 63
22 23 67
22 26 6
22 29 32
22 30 45
22 33 10
22 36 25
22 38 5
22 39 24
22 40 7
22 41 68
22 43 11
22 44 3
22 46 15
22 50 40
22 51 12
22 52 27
22 53 37
22 54 16
22 55 20
22 56 66
22 58 55
22 60 57
22 63 35
22 65 69
22 68 18
23 2 69
23 4 33
23 9 43
23 10 67
23 14 3
23 16 37
23 17 64
23 18 4
23 19 26
23 21 38
23 22 15
23 23 63
23 25 34
23 26 30
23 27 49
23 31 36
23 32 58
23 33 31
23 34 59
23 35 17
23 38 22
23 40 52
23 43 13
23 44 14
23 45 40
23 47 62
23 50 27
23 55 29
23 57 56
23 66 65
23 69 60
24 0 27
24 1 45
24 3 40
24 5 44
24 6 32
24 12 58
24 16 16
24 20 4
24 21 69
24 22 9
24 28 17
24 29 66
24 30 49
24 35 68
24 36 53
24 37 50
24 38 13
24 39 21
24 40 30
24 43 22
24 45 14
24 48 43
24 51 59
24 52 23
24 56 11
24 59 46
24 60 41
24 61 42
24 62 3
24 63 19
24 65 51
24 68 6
25 0 66
25 2 26
25 4 41
25 7 47
25 9 56
25 10 28
25 11 45
25 14 58
25 16 38
25 19 20
25 20 60
25 24 19
25 25 37
25 26 18
25 29 16
25 31 14
25 32 44
25 33 64
25 34 43
25 38 34
25 40 55
25 41 5
25 42 9
25 43 61
25 45 53
25 46 6
25 47 46
25 48 40
25 49 32
25 51 65
25 52 4
25 53 50
25 54 31
25 55 63
25 58 23
25 59 69
25 60 1
25 63 36
25 65 35
25 66 13
25 67 68
26 3 10
26 4 51
26 9 9
26 10 47
26 11 39
26 12 68
26 15 2
26 18 57
26 19 15
26 20 64
26 23 60
26 31 24
26 35 29
26 37 55
26 41 6
26 47 18
26 48 58
26 49 49
26 50 53
26 51 37
26 55 25
26 57 62
26 58 69
26 60 8
26 61 30
26 62 23
26 64 59
26 68 12
26 69 27
27 0 19
27 1 58
27 2 29
27 3 3
27 5 65
27 7 30
27 10 31
27 11 5
27 14 9
27 15 49
27 16 48
27 19 11
27 20 40
27 23 43
27 24 2
27 25 33
27 26 44
27 27 36
27 29 39
27 31 26
27 32 67
27 34 23
27 36 69
27 37 7
27 45 6
27 46 47
27 47 22
27 49 37
27 50 4
27 51 63
27 52 34
27 54 53
27 55 56
27 57 21
27 58 8
27 60 12
27 62 68
27 66 50
27 67 38
27 68 14
28 0 15
28 1 40
28 4 11
28 7 43
28 8 45
28 9 0
28 17 59
28 21 22
28 24 28
28 25 5
28 26 50
28 27 6
28 28 52
28 29 23
28 30 32
28 33 55
28 36 61
28 38 68
28 45 12
28 46 16
28 52 58
28 56 7
28 57 46
28 62 24
28 66 8
28 67 47
28 68 34
29 2 38
29 3 68
29 6 54
29 7 57
29 8 55
29 9 35
29 11 26
29 15 29
29 17 52
29 18 19
29 19 45
29 20 47
29 21 30
29 24 36
29 28 16
29 31 41
29 32 69
29 33 1
29 35 44
29 36 59
29 38 12
29 40 63
29 41 13
29 43 17
29 44 53
29 46 66
29 49 15
29 51 10
29 53 4
29 54 60
29 55 65
29 58 14
29 59 20
29 60 3
29 63 58
29 67 40
29 68 33
30 0 18
30 1 52
30 2 34
30 3 33
30 8 60
30 11 64
30 12 10
30 17 17
30 19 12
30 20 2
30 24 31
30 25 50
30 27 26
30 28 22
30 30 54
30 31 62
30 33 25
30 36 56
30 37 20
30 39 19
30 40 47
30 42 0
30 43 69
30 45 43
30 49 3
30 55 41
30 58 6
30 60 38
30 61 29
30 62 46
30 64 44
30 65 16
30 66 11
30 67 51
30 69 23
31 2 66
31 3 15
31 4 29
31 5 22
31 6 27
31 12 19
31 13 10
31 15 68
31 16 52
31 18 18
31 24 9
31 26 26
31 28 13
31 30 39
31 36 0
31 38 36
31 39 23
31 42 6
31 44 45
31 46 20
31 47 11
31 49 21
31 51 43
31 52 40
31 55 5
31 57 31
31 58 47
31 59 25
31 60 30
31 64 56
31 67 58
31 69 35
32 0 64
32 1 67
32 3 42
32 4 7
32 7 68
32 8 34
32 9 12
32 11 69
32 12 4
32 13 2
32 14 19
32 15 38
32 18 50
32 22 3
32 23 5
32 26 62
32 29 28
32 31 8
32 32 60
32 33 51
32 34 27
32 35 6
32 36 14
32 38 53
32 40 10
32 41 39
32 42 30
32 43 21
32 44 33
32 45 63
32 47 36
32 48 66
32 49 31
32 51 0
32 53 54
32 60 24
32 61 58
32 62 47
32 64 61
32 65 17
32 67 9
32 68 57
32 69 26
33 0 55
33 2 8
33 4 31
33 5 52
33 9 33
33 10 36
33 12 56
33 14 21
33 19 18
33 20 68
33 21 1
33 22 14
33 24 48
33 25 59
33 28 50
33 29 2
33 30 3
33 31 63
33 32 26
33 34 32
33 36 44
33 38 30
33 39 46
33 40 64
33 41 65
33 42 41
33 44 34
33 45 11
33 47 60
33 48 54
33 50 58
33 52 12
33 55 51
33 58 5
33 61 39
33 65 45
33 68 29
34 1 12
34 2 24
34 3 2
34 6 17
34 9 7
34 10 69
34 11 14
34 12 26
34 16 53
34 18 15
34 25 29
34 31 68
34 32 40
34 34 5
34 43 66
34 44 20
34 46 57
34 48 51
34 51 32
34 54 58
34 60 23
34 65 19
34 67 16
34 69 64
35 1 22
35 2 28
35 4 40
35 7 12
35 10 37
35 11 49
35 13 3
35 14 57
35 16 19
35 17 46
35 19 6
35 20 16
35 26 29
35 27 21
35 33 65
35 36 10
35 38 1
35 39 34
35 40 43
35 41 63
35 42 60
35 43 59
35 44 31
35 45 2
35 50 23
35 51 54
35 53 18
35 54 48
35 55 30
35 58 0
35 59 51
35 60 15
35 62 45
35 64 50
35 65 61
36 0 67
36 2 59
36 4 26
36 5 62
36 7 54
36 8 58
36 9 29
36 12 47
36 13 5
36 14 52
36 15 35
36 16 24
36 18 12
36 19 25
36 23 39
36 24 37
36 25 16
36 28 11
36 30 31
36 31 32
36 33 27
36 37 64
36 39 63
36 40 34
36 41 56
36 44 28
36 45 17
36 46 1
36 47 65
36 49 66
36 50 60
36 53 38
36 54 2
36 56 68
36 57 18
36 58 15
36 59 3
36 61 51
36 63 23
36 64 13
36 67 0
36 69 55
37 1 34
37 3 37
37 5 47
37 11 17
37 12 46
37 13 6
37 14 33
37 16 55
37 17 11
37 18 54
37 19 23
37 20 44
37 21 15
37 23 58
37 27 41
37 32 39
37 33 29
37 34 12
37 36 63
37 37 10
37 40 1
37 44 13
37 47 45
37 48 27
37 51 42
37 52 36
37 53 48
37 56 62
37 58 68
37 60 16
37 62 59
37 63 52
37 64 69
37 66 43
37 69 31
38 2 21
38 3 14
38 6 57
38 8 43
38 9 45
38 12 24
38 13 0
38 14 17
38 15 34
38 23 47
38 24 62
38 29 48
38 32 35
38 34 20
38 36 4
38 37 28
38 38 27
38 39 60
38 40 41
38 41 66
38 42 49
38 46 10
38 47 16
38 50 69
38 53 23
38 54 15
38 55 61
38 58 2
38 61 67
38 62 50
38 65 68
38 68 63
39 1 43
39 3 30
39 6 8
39 8 0
39 9 17
39 11 22
39 12 34
39 13 52
39 14 4
39 15 60
39 17 47
39 18 41
39 19 57
39 20 33
39 22 67
39 24 25
39 25 65
39 26 69
39 27 64
39 29 53
39 31 27
39 33 42
39 36 31
39 40 45
39 42 62
39 43 19
39 45 13
39 48 36
39 51 1
39 53 51
39 54 40
39 55 3
39 56 18
39 57 6
39 58 49
39 61 9
39 62 32
39 63 46
39 67 54
40 0 40
40 2 36
40 3 1
40 4 55
40 6 65
40 7 20
40 8 25
40 9 27
40 10 66
40 11 18
40 12 11
40 13 37
40 14 34
40 16 29
40 19 43
40 21 59
40 25 52
40 28 15
40 31 28
40 32 51
40 34 30
40 35 56
40 37 41
40 40 13
40 42 39
40 47 67
40 48 31
40 50 9
40 52 45
40 54 69
40 55 35
40 59 23
40 61 17
40 62 4
40 65 26
40 67 8
40 68 62
41 2 11
41 3 32
41 4 65
41 8 16
41 9 62
41 10 29
41 12 39
41 13 9
41 14 25
41 17 4
41 18 42
41 23 10
41 24 35
41 29 15
41 30 55
41 31 67
41 33 58
41 35 2
41 41 61
41 42 23
41 43 52
41 49 51
41 53 34
41 54 54
41 55 14
41 58 44
41 59 50
41 60 56
41 62 69
41 64 68
41 65 37
41 68 53
42 0 23
42 3 12
42 5 28
42 6 9
42 7 41
42 8 6
42 10 3
42 12 38
42 13 17
42 14 2
42 19 63
42 20 61
42 22 10
42 23 62
42 24 67
42 26 37
42 30 19
42 34 66
42 35 20
42 38 39
42 39 18
42 41 35
42 43 15
42 44 4
42 47 54
42 50 11
42 51 36
42 54 34
42 58 56
42 59 30
42 63 55
42 67 32
42 69 16
43 0 32
43 1 9
43 3 67
43 5 5
43 8 54
43 9 13
43 12 66
43 13 20
43 14 1
43 19 42
43 22 33
43 23 3
43 25 45
43 26 27
43 27 16
43 31 25
43 32 68
43 37 46
43 41 21
43 42 55
43 45 69
43 46 18
43 48 7
43 60 50
43 61 28
43 64 48
43 65 52
43 66 2
43 69 14
44 4 10
44 6 37
44 7 40
44 8 26
44 13 14
44 14 41
44 17 57
44 19 68
44 20 1
44 21 4
44 22 56
44 24 32
44 27 50
44 29 44
44 30 29
44 33 11
44 35 16
44 36 17
44 44 39
44 45 25
44 48 33
44 50 46
44 51 19
44 52 9
44 53 62
44 56 58
44 57 23
44 59 67
44 60 65
44 62 7
44 64 2
44 65 55
44 66 42
44 68 51
44 69 5
45 0 16
45 2 68
45 4 12
45 7 24
45 11 54
45 12 18
45 13 50
45 15 28
45 16 57
45 18 11
45 22 64
45 25 7
45 26 43
45 27 55
45 28 48
45 29 25
45 30 61
45 34 63
45 35 31
45 37 9
45 38 49
45 43 47
45 44 17
45 45 67
45 46 60
45 47 69
45 49 35
45 50 29
45 51 66
45 52 59
45 53 44
45 55 15
45 58 51
45 61 52
45 62 38
45 63 62
45 65 27
45 66 39
45 67 22
45 69 41
46 0 52
46 4 68
46 6 2
46 7 1
46 11 40
46 13 56
46 14 60
46 15 16
46 17 13
46 18 22
46 21 6
46 23 54
46 27 5
46 29 61
46 30 11
46 33 32
46 38 9
46 41 20
46 45 41
46 52 25
46 53 15
46 55 17
46 57 69
46 59 49
46 60 43
46 61 10
46 62 0
46 63 29
46 65 33
46 66 57
46 67 67
47 4 1
47 6 16
47 7 48
47 8 42
47 9 15
47 10 43
47 11 12
47 12 5
47 14 32
47 15 31
47 17 24
47 18 2
47 22 11
47 24 52
47 25 69
47 27 59
47 29 38
47 30 0
47 32 3
47 35 25
47 38 26
47 40 4
47 44 41
47 46 8
47 47 34
47 48 39
47 50 62
47 51 28
47 52 55
47 53 21
47 55 33
47 56 40
47 58 18
47 59 6
47 65 57
47 68 50
48 0 3
48 2 57
48 3 16
48 4 46
48 5 54
48 6 60
48 8 41
48 14 59
48 17 61
48 18 8
48 19 50
48 20 49
48 23 21
48 28 58
48 31 69
48 32 1
48 33 53
48 38 4
48 40 40
48 41 9
48 43 39
48 49 7
48 50 13
48 51 11
48 52 29
48 53 31
48 54 32
48 55 62
48 56 2
48 57 64
48 60 37
48 63 12
48 64 14
48 65 63
48 66 27
48 68 35
49 4 61
49 6 44
49 10 55
49 12 54
49 16 35
49 18 14
49 19 27
49 21 43
49 22 65
49 26 15
49 31 49
49 32 4
49 34 18
49 35 7
49 37 21
49 38 31
49 40 20
49 42 46
49 43 36
49 44 2
49 45 45
49 46 42
49 47 3
49 48 52
49 49 1
49 50 33
49 51 40
49 54 24
49 55 32
49 56 16
49 58 9
49 61 37
49 62 39
49 65 6
50 0 69
50 1 53
50 2 62
50 4 35
50 6 29
50 7 22
50 9 37
50 15 64
50 21 13
50 22 39
50 23 25
50 25 9
50 27 58
50 30 27
50 33 12
50 37 30
50 38 56
50 39 57
50 41 48
50 42 47
50 47 26
50 48 55
50 50 5
50 51 50
50 53 68
50 54 67
50 55 42
50 57 59
50 58 36
50 59 31
50 60 17
50 63 3
50 66 23
51 0 1
51 2 64
51 3 56
51 5 43
51 6 48
51 7 38
51 9 63
51 16 6
51 17 5
51 18 51
51 21 54
51 23 28
51 25 66
51 26 67
51 27 0
51 29 27
51 32 8
51 33 13
51 36 23
51 37 22
51 38 11
51 39 62
51 40 49
51 42 3
51 44 30
51 45 18
51 46 7
51 47 33
51 50 14
51 51 53
51 54 26
51 55 60
51 57 50
51 58 39
51 59 35
51 60 45
51 63 34
52 0 26
52 1 46
52 3 7
52 6 55
52 7 52
52 9 58
52 10 1
52 15 4
52 16 27
52 17 3
52 19 19
52 20 35
52 21 45
52 22 47
52 24 30
52 27 12
52 28 43
52 30 53
52 31 48
52 33 44
52 35 28
52 36 9
52 37 39
52 38 51
52 39 32
52 40 16
52 45 66
52 46 36
52 47 2
52 48 62
52 49 25
52 50 59
52 52 65
52 53 8
52 54 56
52 56 6
52 58 31
52 59 64
52 60 40
52 61 20
52 63 14
52 65 18
52 68 15
53 3 29
53 4 6
53 5 66
53 8 24
53 10 68
53 11 62
53 12 16
53 15 8
53 16 56
53 17 58
53 21 32
53 24 38
53 28 31
53 34 26
53 35 53
53 37 2
53 38 42
53 40 69
53 43 43
53 47 49
53 48 25
53 49 9
53 50 45
53 52 22
53 53 0
53 54 5
53 57 36
53 62 57
53 63 1
53 65 40
53 66 37
53 67 64
53 68 11
53 69 63
54 1 13
54 4 2
54 5 27
54 6 63
54 7 14
54 10 0
54 11 21
54 12 45
54 13 69
54 14 54
54 17 29
54 19 59
54 20 50
54 22 26
54 23 6
54 25 55
54 29 22
54 30 7
54 32 33
54 34 8
54 35 43
54 36 28
54 39 36
54 40 5
54 41 42
54 42 1
54 43 58
54 45 16
54 46 39
54 48 44
54 49 61
54 50 25
54 52 52
54 54 47
54 55 66
54 56 35
54 57 9
54 58 19
54 59 11
54 61 12
54 64 64
54 66 18
54 69 57
55 0 36
55 1 64
55 2 41
55 3 34
55 4 54
55 7 59
55 9 1
55 11 55
55 12 15
55 20 3
55 23 4
55 24 44
55 26 38
55 29 65
55 33 23
55 34 45
55 37 5
55 38 18
55 39 30
55 40 53
55 41 7
55 43 2
55 46 0
55 47 68
55 48 10
55 49 60
55 52 57
55 54 42
55 55 13
55 56 12
55 57 16
55 58 66
55 60 25
55 61 31
55 63 51
55 66 19
55 67 50
55 69 6
56 2 4
56 3 46
56 5 38
56 8 15
56 9 65
56 10 60
56 13 19
56 16 33
56 18 26
56 27 44
56 28 32
56 29 14
56 30 43
56 31 42
56 32 34
56 33 9
56 34 35
56 35 50
56 36 27
56 38 20
56 41 31
56 42 40
56 43 7
56 44 57
56 45 22
56 50 16
56 51 62
56 52 69
56 54 11
56 56 56
56 57 30
56 59 21
56 61 54
56 62 1
56 63 6
56 65 5
56 66 29
56 67 63
56 68 58
56 69 36
57 1 66
57 3 51
57 5 68
57 6 12
57 8 2
57 9 16
57 10 54
57 14 65
57 15 13
57 16 69
57 17 8
57 20 18
57 22 5
57 24 40
57 27 31
57 28 59
57 30 30
57 31 4
57 32 47
57 36 35
57 37 32
57 39 25
57 40 0
57 41 53
57 43 67
57 44 43
57 45 10
57 46 48
57 48 26
57 50 61
57 51 44
57 52 38
57 54 46
57 58 24
57 63 39
57 64 58
57 66 64
57 68 41
58 0 20
58 2 42
58 3 24
58 4 19
58 6 18
58 13 35
58 17 25
58 22 37
58 24 51
58 25 1
58 26 23
58 28 68
58 30 17
58 33 16
58 34 0
58 35 30
58 36 26
58 41 55
58 43 41
58 44 46
58 45 34
58 46 4
58 47 21
58 49 14
58 50 50
58 51 69
58 53 29
58 54 65
58 55 31
58 67 33
58 69 39
59 0 51
59 1 37
59 6 66
59 9 49
59 11 25
59 13 64
59 17 43
59 19 39
59 20 53
59 21 35
59 22 36
59 24 41
59 26 58
59 28 65
59 29 33
59 30 62
59 32 28
59 33 3
59 34 11
59 35 40
59 37 56
59 38 32
59 39 42
59 41 59
59 45 50
59 49 5
59 50 7
59 52 26
59 54 19
59 55 22
59 56 15
59 57 61
59 58 29
59 60 34
59 62 60
59 66 47
59 67 46
59 68 4
60 0 2
60 2 16
60 3 31
60 4 25
60 7 7
60 9 38
60 11 59
60 12 43
60 15 45
60 16 9
60 17 36
60 18 44
60 21 28
60 22 61
60 24 29
60 25 13
60 27 57
60 31 54
60 32 5
60 37 3
60 38 66
60 43 30
60 44 6
60 45 26
60 47 42
60 48 47
60 50 20
60 51 22
60 53 69
60 55 55
60 57 27
60 61 19
60 62 12
60 63 21
60 65 14
60 68 39
61 0 14
61 2 18
61 7 21
61 10 57
61 12 63
61 14 22
61 17 23
61 18 49
61 21 53
61 22 19
61 23 29
61 24 11
61 25 36
61 26 7
61 28 25
61 29 35
61 30 6
61 33 20
61 34 3
61 35 12
61 36 50
61 39 5
61 40 2
61 45 32
61 47 44
61 48 46
61 49 24
61 50 15
61 51 26
61 52 17
61 54 39
61 55 34
61 59 41
61 60 61
61 61 1
61 62 42
61 63 37
61 66 31
61 69 10
62 1 55
62 3 66
62 5 33
62 6 64
62 8 23
62 14 28
62 15 67
62 17 14
62 19 60
62 24 0
62 26 9
62 27 52
62 28 29
62 29 34
62 30 21
62 34 61
62 36 51
62 38 44
62 39 40
62 41 17
62 47 35
62 49 53
62 50 63
62 52 39
62 53 16
62 54 59
62 57 65
62 59 56
62 62 43
62 63 68
62 64 30
62 66 4
62 67 26
62 68 31
63 0 17
63 3 58
63 6 28
63 7 0
63 8 53
63 9 51
63 13 33
63 14 6
63 16 47
63 17 30
63 18 63
63 19 36
63 21 67
63 25 26
63 28 44
63 29 12
63 31 43
63 32 42
63 34 37
63 35 23
63 36 19
63 37 61
63 38 10
63 42 57
63 45 5
63 46 41
63 52 62
63 53 13
63 54 22
63 56 55
63 60 14
63 67 20
63 68 45
63 69 48
64 0 63
64 2 49
64 5 9
64 7 44
64 8 31
64 9 69
64 10 11
64 11 67
64 13 45
64 15 54
64 16 26
64 17 37
64 18 48
64 19 21
64 23 64
64 26 53
64 28 28
64 30 25
64 31 17
64 36 16
64 37 51
64 40 36
64 44 15
64 45 23
64 46 30
64 48 35
64 49 39
64 50 55
64 51 56
64 52 19
64 53 7
64 55 50
64 56 13
64 57 12
64 58 41
64 61 62
64 64 1
64 68 43
65 2 6
65 6 39
65 7 33
65 9 57
65 11 44
65 12 41
65 15 10
65 17 27
65 22 42
65 23 45
65 27 53
65 30 24
65 33 43
65 34 54
65 35 61
65 41 67
65 43 48
65 45 15
65 47 66
65 52 68
65 55 4
65 56 3
65 57 35
65 58 50
65 60 49
65 62 56
65 64 34
65 65 31
65 66 55
65 67 69
65 69 1
66 2 13
66 3 43
66 6 6
66 8 32
66 10 21
66 11 53
66 13 18
66 15 30
66 17 12
66 18 69
66 19 10
66 20 9
66 21 42
66 23 26
66 24 64
66 25 22
66 27 19
66 28 41
66 31 2
66 32 23
66 33 62
66 34 7
66 35 59
66 37 24
66 39 4
66 41 58
66 44 16
66 46 37
66 47 47
66 48 50
66 51 34
66 52 44
66 53 20
66 54 29
66 56 61
66 59 52
66 63 27
66 67 55
66 68 0
67 1 61
67 3 18
67 4 14
67 6 26
67 8 5
67 10 15
67 12 60
67 17 19
67 21 34
67 22 48
67 24 53
67 26 10
67 27 22
67 28 67
67 30 9
67 31 33
67 37 27
67 38 47
67 41 51
67 42 69
67 43 35
67 44 56
67 45 64
67 46 12
67 48 32
67 50 57
67 53 36
67 54 30
67 56 0
67 57 44
67 59 63
67 62 20
67 64 16
67 68 66
68 0 37
68 1 18
68 2 20
68 3 41
68 5 7
68 7 28
68 8 51
68 10 14
68 11 63
68 13 21
68 14 47
68 16 50
68 18 36
68 20 17
68 26 46
68 27 40
68 28 39
68 30 57
68 31 61
68 32 6
68 34 68
68 36 15
68 39 22
68 41 27
68 44 23
68 47 13
68 53 49
68 55 45
68 57 67
68 59 0
68 61 55
68 63 42
68 67 65
68 69 52
69 0 34
69 1 51
69 7 64
69 10 7
69 12 69
69 16 30
69 23 35
69 26 14
69 30 18
69 31 55
69 34 13
69 35 4
69 36 3
69 37 62
69 38 25
69 39 6
69 45 46
69 46 26
69 47 9
69 49 54
69 51 16
69 52 11
69 54 37
69 56 1
69 58 17
69 59 15
69 60 53
69 65 50
69 66 60
