60
0 1 24
0 4 54
0 11 15
0 13 25
0 16 33
0 18 34
0 19 49
0 21 16
0 22 56
0 25 39
0 29 0
0 33 2
0 34 28
0 43 29
0 45 42
0 47 3
0 48 8
0 49 13
0 51 11
1 5 49
1 10 47
1 14 19
1 15 2
1 23 32
1 25 43
1 27 50
1 36 31
1 48 56
1 49 42
1 50 45
1 51 17
1 52 34
1 54 59
1 58 7
2 0 16
2 1 52
2 4 24
2 7 15
2 9 56
2 19 17
2 28 46
2 31 25
2 32 29
2 33 13
2 47 19
2 49 58
2 51 55
2 54 10
2 56 53
2 57 30
3 2 1
3 5 6
3 8 39
3 12 14
3 18 28
3 24 16
3 26 13
3 35 18
3 38 35
3 41 17
3 43 49
3 48 53
3 49 32
3 51 12
3 52 55
3 56 22
4 0 56
4 6 3
4 7 34
4 8 50
4 10 10
4 12 11
4 16 47
4 17 29
4 18 45
4 23 37
4 25 15
4 26 18
4 30 8
4 31 55
4 35 41
4 36 39
4 37 9
4 38 49
4 42 22
4 44 25
4 45 46
4 46 4
4 52 5
4 55 38
4 58 51
4 59 27
5 1 14
5 4 58
5 5 2
5 6 9
5 7 55
5 8 47
5 13 0
5 15 16
5 19 12
5 24 10
5 25 18
5 31 57
5 36 52
5 38 4
5 40 27
5 47 29
5 50 49
5 51 56
5 54 13
5 57 21
6 3 29
6 4 53
6 10 42
6 14 6
6 17 8
6 21 40
6 23 10
6 24 24
6 26 45
6 28 50
6 30 52
6 32 35
6 39 39
6 43 20
6 44 43
6 49 14
6 50 21
6 56 38
6 57 11
6 58 33
7 2 55
7 3 39
7 4 5
7 6 59
7 7 17
7 9 52
7 10 28
7 12 6
7 13 46
7 19 51
7 22 29
7 29 58
7 33 57
7 34 36
7 36 15
7 42 3
7 44 45
7 48 54
7 51 48
7 53 7
7 54 56
7 55 16
7 58 35
7 59 14
8 1 16
8 3 52
8 6 36
8 13 45
8 15 32
8 16 15
8 19 46
8 21 49
8 27 20
8 33 30
8 36 22
8 39 0
8 41 57
8 42 24
8 47 50
8 48 4
8 53 2
8 54 11
9 1 45
9 3 9
9 5 16
9 11 18
9 12 50
9 13 53
9 15 51
9 17 59
9 19 30
9 26 29
9 28 22
9 29 6
9 32 36
9 33 32
9 34 13
9 43 48
9 54 47
10 4 49
10 6 24
10 7 10
10 10 7
10 12 37
10 14 38
10 15 11
10 24 13
10 27 22
10 31 3
10 32 6
10 36 45
10 41 35
10 42 44
10 43 59
10 47 8
10 55 1
10 58 5
11 1 35
11 4 20
11 11 51
11 15 45
11 17 4
11 21 50
11 31 38
11 33 47
11 39 33
11 40 16
11 41 7
11 43 12
11 49 29
11 50 8
11 52 52
11 53 39
11 56 15
12 0 0
12 2 34
12 8 28
12 10 8
12 11 48
12 16 38
12 24 37
12 28 44
12 36 11
12 38 47
12 39 20
12 42 2
12 44 27
12 45 57
12 47 32
13 0 9
13 1 1
13 4 11
13 5 21
13 6 14
13 9 51
13 13 15
13 15 59
13 22 37
13 26 31
13 27 10
13 29 40
13 30 39
13 37 5
13 38 33
13 39 49
13 41 46
13 51 34
13 52 8
13 54 4
13 55 54
13 58 53
14 4 34
14 8 56
14 10 38
14 15 18
14 20 19
14 28 47
14 32 17
14 38 10
14 51 45
14 55 25
14 58 3
14 59 52
15 2 58
15 9 7
15 12 8
15 21 43
15 26 40
15 28 6
15 29 31
15 30 18
15 32 23
15 37 47
15 39 38
15 42 32
15 48 45
15 49 22
15 54 41
16 0 8
16 4 33
16 5 59
16 7 47
16 11 57
16 13 34
16 14 17
16 19 32
16 24 15
16 27 35
16 32 45
16 33 23
16 41 42
16 47 52
16 53 21
16 56 51
16 57 26
17 3 53
17 5 23
17 6 40
17 9 48
17 17 36
17 18 8
17 23 14
17 25 11
17 26 49
17 28 15
17 29 2
17 31 19
17 34 29
17 40 0
17 41 44
17 42 42
17 43 26
17 46 31
17 53 9
17 54 16
18 1 50
18 3 54
18 8 48
18 9 14
18 10 33
18 12 25
18 21 53
18 22 11
18 24 46
18 29 57
18 32 18
18 40 34
18 48 59
18 56 28
19 17 3
19 19 11
19 20 15
19 21 20
19 29 5
19 30 59
19 33 48
19 35 4
19 37 58
19 40 9
19 42 54
19 47 1
19 50 32
19 52 39
19 59 47
20 6 15
20 8 44
20 10 25
20 15 47
20 16 37
20 22 27
20 26 21
20 28 8
20 32 57
20 33 41
20 34 38
20 38 53
20 42 14
20 45 5
20 46 33
20 51 42
20 52 4
20 53 6
20 54 28
20 55 13
20 59 20
21 0 15
21 1 7
21 4 31
21 5 50
21 6 16
21 8 38
21 10 3
21 13 13
21 15 10
21 18 54
21 20 27
21 26 4
21 28 5
21 33 25
21 35 52
21 37 2
21 40 24
21 41 14
21 42 51
21 43 58
21 44 34
21 45 20
21 51 40
21 54 6
21 57 49
21 59 30
22 0 57
22 1 19
22 2 42
22 4 37
22 5 14
22 8 22
22 13 44
22 14 29
22 20 48
22 21 25
22 22 45
22 23 17
22 34 10
22 36 18
22 41 56
22 43 31
22 46 55
22 51 23
22 54 38
22 56 8
22 59 7
23 1 28
23 2 44
23 5 52
23 11 30
23 15 55
23 16 27
23 18 56
23 19 15
23 25 53
23 28 29
23 32 39
23 35 16
23 37 24
23 38 45
23 39 4
23 45 3
23 49 49
23 50 2
23 51 37
23 52 38
23 53 51
23 58 43
24 0 26
24 4 0
24 5 9
24 10 20
24 14 53
24 20 58
24 24 4
24 27 1
24 29 15
24 32 27
24 36 17
24 40 29
24 42 50
24 45 16
24 48 37
24 56 48
24 58 12
25 1 20
25 4 32
25 12 42
25 22 58
25 27 44
25 37 1
25 46 0
25 47 10
25 48 25
25 50 7
25 56 19
26 5 11
26 6 5
26 12 7
26 14 18
26 18 35
26 19 40
26 20 39
26 23 45
26 25 56
26 31 24
26 32 1
26 35 20
26 36 46
26 39 50
26 40 25
26 42 59
26 49 3
26 54 43
27 0 3
27 2 10
27 9 32
27 10 44
27 19 4
27 20 6
27 25 45
27 26 26
27 32 43
27 45 40
27 47 34
27 50 28
27 54 50
27 57 52
27 59 17
28 5 12
28 8 4
28 10 59
28 11 39
28 18 3
28 24 31
28 26 47
28 30 57
28 32 49
28 37 18
28 47 16
28 51 1
28 52 32
28 53 25
28 56 52
28 58 58
29 0 10
29 4 4
29 11 26
29 15 3
29 17 5
29 19 21
29 20 52
29 22 14
29 30 0
29 31 36
29 34 46
29 35 59
29 40 8
29 48 55
29 50 42
29 52 43
29 55 34
29 56 41
29 57 24
30 6 27
30 7 11
30 12 43
30 16 24
30 21 44
30 27 48
30 31 52
30 37 7
30 39 40
30 41 59
30 42 31
30 45 6
30 51 39
30 54 8
31 0 47
31 1 37
31 6 12
31 7 26
31 9 29
31 14 50
31 19 16
31 22 39
31 30 23
31 31 43
31 33 11
31 37 32
31 38 51
31 43 19
31 52 24
31 57 46
31 58 42
32 3 11
32 5 54
32 6 50
32 10 40
32 15 20
32 21 18
32 27 8
32 28 57
32 33 31
32 36 34
32 37 42
32 38 26
32 39 15
32 43 17
32 46 7
32 49 21
32 55 33
32 57 44
33 1 32
33 9 10
33 10 21
33 16 34
33 17 49
33 19 42
33 21 1
33 30 47
33 37 8
33 40 50
33 44 6
33 45 17
33 54 52
33 55 30
34 1 26
34 2 11
34 4 42
34 5 0
34 6 32
34 21 19
34 28 10
34 29 33
34 33 35
34 35 45
34 36 5
34 40 23
34 43 9
34 47 37
34 51 43
34 55 51
34 57 58
34 58 13
35 1 13
35 2 0
35 3 43
35 7 45
35 8 42
35 9 18
35 10 49
35 17 57
35 18 10
35 19 2
35 26 11
35 29 44
35 32 32
35 40 54
35 49 7
35 57 22
35 59 37
36 7 33
36 9 25
36 14 8
36 17 44
36 18 40
36 26 59
36 29 32
36 33 7
36 41 50
36 42 23
36 46 58
36 50 26
36 52 49
36 53 48
36 54 34
36 58 20
37 0 42
37 4 57
37 5 39
37 11 52
37 14 26
37 17 0
37 18 36
37 19 33
37 21 58
37 34 45
37 35 6
37 43 43
37 44 4
37 45 18
37 51 10
37 53 46
38 0 53
38 1 4
38 2 36
38 4 46
38 6 57
38 9 2
38 10 43
38 12 49
38 15 17
38 16 56
38 17 14
38 18 6
38 25 8
38 29 41
38 39 52
38 43 13
38 49 51
38 56 10
38 57 16
38 59 44
39 9 39
39 10 9
39 18 47
39 21 17
39 25 1
39 26 57
39 29 36
39 31 54
39 33 18
39 37 37
39 42 7
39 44 14
39 49 11
39 51 31
39 55 8
39 58 23
40 0 1
40 1 49
40 4 25
40 8 10
40 9 45
40 11 53
40 12 28
40 14 55
40 15 8
40 21 48
40 22 7
40 23 20
40 28 52
40 29 9
40 30 44
40 38 58
40 42 29
40 43 54
40 47 18
40 50 11
40 53 59
40 54 14
40 59 15
41 0 59
41 2 51
41 3 30
41 4 40
41 5 55
41 9 15
41 16 48
41 19 0
41 23 16
41 29 13
41 30 28
41 31 5
41 40 26
41 43 14
41 47 11
41 48 34
41 50 23
41 52 29
41 53 35
41 54 22
41 55 57
41 57 56
42 7 52
42 15 12
42 19 56
42 21 8
42 23 33
42 24 59
42 26 16
42 31 4
42 33 10
42 35 13
42 37 48
42 42 46
42 43 24
42 44 29
42 46 30
42 57 54
43 1 0
43 2 48
43 6 54
43 8 11
43 9 3
43 12 59
43 15 5
43 17 25
43 21 27
43 25 14
43 29 52
43 31 7
43 37 30
43 38 50
43 40 21
43 41 22
43 43 38
43 48 29
43 58 46
44 0 20
44 1 2
44 2 45
44 3 25
44 4 30
44 9 23
44 15 15
44 16 5
44 18 46
44 20 24
44 22 1
44 25 42
44 27 47
44 28 27
44 33 58
44 34 11
44 43 44
44 44 41
44 47 57
44 51 7
44 53 18
45 0 58
45 2 43
45 5 48
45 9 44
45 10 0
45 11 12
45 13 42
45 19 23
45 25 59
45 27 49
45 29 25
45 32 34
45 33 53
45 35 11
45 37 46
45 41 18
45 43 52
45 44 24
45 46 41
45 51 57
45 52 33
45 57 2
46 8 24
46 9 50
46 10 41
46 12 38
46 14 10
46 16 23
46 18 25
46 24 52
46 26 19
46 29 16
46 30 1
46 38 36
46 40 57
46 43 45
46 44 51
46 45 34
46 47 49
46 54 5
46 58 11
47 1 33
47 2 6
47 10 1
47 11 50
47 25 55
47 28 0
47 43 23
47 44 21
47 45 27
47 46 36
47 47 24
47 56 9
48 0 35
48 13 16
48 15 0
48 16 10
48 17 27
48 20 29
48 24 50
48 27 31
48 30 42
48 35 14
48 36 49
48 37 20
48 39 7
48 45 45
48 47 33
48 54 36
48 55 46
48 56 18
48 57 47
48 59 4
49 0 37
49 3 40
49 4 16
49 7 21
49 9 42
49 11 17
49 20 5
49 23 58
49 24 47
49 27 11
49 32 2
49 38 55
49 41 29
49 43 28
49 50 36
49 53 54
49 56 39
49 58 50
50 2 50
50 5 5
50 7 31
50 8 35
50 9 1
50 12 0
50 15 29
50 17 33
50 33 16
50 35 28
50 37 10
50 40 58
50 43 32
50 45 47
50 47 21
50 52 45
50 53 55
50 56 42
51 5 18
51 10 55
51 12 36
51 24 53
51 29 7
51 31 33
51 43 46
51 44 15
51 45 11
51 46 56
51 47 25
51 49 1
51 53 16
51 56 31
52 0 13
52 1 22
52 3 38
52 4 23
52 8 52
52 11 42
52 13 8
52 20 43
52 31 16
52 39 5
52 46 29
52 52 18
52 56 25
53 7 29
53 9 38
53 12 35
53 24 11
53 27 52
53 28 7
53 29 14
53 32 50
53 33 42
53 36 0
53 47 59
53 48 40
53 49 6
53 50 53
53 54 49
53 55 17
53 56 2
53 59 16
54 1 23
54 4 9
54 5 25
54 7 54
54 9 49
54 11 14
54 17 31
54 19 43
54 24 6
54 25 7
54 27 5
54 28 28
54 40 44
54 43 2
54 44 22
54 46 40
54 48 19
54 50 13
54 53 37
54 57 55
55 0 25
55 1 56
55 4 22
55 17 1
55 18 11
55 19 7
55 20 55
55 22 59
55 24 42
55 27 12
55 32 31
55 35 57
55 38 20
55 39 43
55 54 23
55 57 37
55 58 2
56 0 11
56 2 54
56 5 10
56 9 24
56 10 58
56 13 57
56 14 27
56 21 14
56 24 56
56 27 19
56 31 30
56 32 48
56 36 7
56 38 41
56 40 52
56 41 28
56 43 50
56 45 44
56 49 35
56 54 3
56 58 37
57 1 10
57 3 0
57 5 7
57 13 22
57 20 3
57 25 9
57 27 40
57 28 45
57 29 38
57 30 33
57 32 41
57 34 18
57 37 17
57 38 13
57 41 54
57 44 20
57 46 21
58 1 36
58 4 18
58 6 37
58 7 23
58 10 11
58 16 53
58 17 24
58 24 9
58 27 28
58 28 2
58 31 26
58 32 14
58 35 1
58 39 25
58 40 41
58 43 0
58 44 32
58 46 44
58 48 27
58 49 19
58 51 46
58 53 17
58 56 57
58 58 29
59 4 59
59 7 43
59 8 33
59 15 42
59 16 12
59 23 7
59 24 54
59 26 48
59 27 45
59 35 3
59 37 11
59 39 37
59 44 0
59 45 38
59 48 23
59 49 15
59 50 51
59 57 14
