60
0 0 9
0 2 35
0 3 53
0 4 33
0 7 49
0 8 59
0 11 44
0 12 4
0 13 18
0 14 5
0 15 39
0 16 30
0 17 41
0 18 8
0 19 23
0 20 56
0 21 27
0 23 36
0 24 57
0 25 25
0 26 45
0 27 24
0 28 50
0 30 1
0 32 3
0 34 0
0 36 38
0 37 46
0 38 12
0 39 58
0 41 13
0 42 32
0 43 26
0 44 22
0 45 17
0 47 16
0 48 10
0 50 6
0 51 42
0 52 51
0 53 47
0 55 21
0 56 55
0 57 28
0 58 34
0 59 31
1 0 3
1 1 38
1 3 36
1 5 22
1 6 54
1 8 18
1 9 30
1 12 46
1 13 40
1 15 42
1 16 8
1 17 39
1 18 27
1 19 43
1 20 50
1 21 9
1 22 6
1 24 11
1 25 5
1 26 10
1 27 51
1 28 52
1 29 26
1 31 0
1 32 14
1 36 20
1 38 53
1 39 55
1 40 59
1 41 44
1 42 57
1 43 1
1 44 21
1 45 48
1 47 29
1 48 32
1 49 4
1 50 13
1 51 37
1 52 12
1 53 28
1 54 35
1 56 45
1 57 15
1 58 19
1 59 25
2 0 47
2 1 15
2 2 8
2 4 55
2 6 37
2 8 51
2 10 4
2 11 11
2 12 32
2 13 31
2 15 25
2 16 34
2 18 39
2 20 30
2 21 2
2 22 14
2 23 7
2 24 40
2 25 44
2 26 12
2 27 17
2 29 23
2 31 49
2 32 54
2 33 16
2 35 10
2 36 53
2 37 35
2 38 42
2 39 29
2 40 33
2 42 9
2 44 46
2 45 20
2 46 0
2 47 26
2 48 22
2 49 38
2 50 28
2 51 6
2 52 19
2 53 56
2 55 5
2 57 59
2 58 1
2 59 48
3 2 14
3 4 39
3 5 18
3 7 59
3 8 55
3 9 53
3 10 46
3 11 50
3 12 41
3 14 11
3 16 23
3 18 13
3 19 6
3 20 16
3 21 38
3 22 48
3 23 3
3 24 9
3 25 37
3 27 32
3 28 54
3 31 57
3 32 12
3 33 28
3 34 17
3 35 51
3 36 24
3 37 36
3 38 0
3 39 4
3 40 52
3 41 58
3 42 43
3 43 30
3 45 10
3 46 26
3 47 8
3 48 1
3 49 27
3 50 31
3 51 19
3 54 40
3 55 34
3 56 29
3 57 47
3 58 22
4 0 35
4 1 17
4 4 38
4 7 33
4 8 15
4 9 19
4 10 50
4 12 53
4 13 7
4 14 51
4 15 23
4 16 16
4 19 36
4 20 52
4 21 21
4 23 1
4 24 3
4 27 48
4 29 34
4 30 49
4 32 47
4 33 27
4 34 8
4 35 31
4 36 44
4 37 18
4 38 56
4 42 2
4 43 59
4 44 24
4 45 39
4 49 43
4 50 40
4 52 9
4 53 20
4 54 32
4 55 29
4 56 4
4 57 22
4 58 28
4 59 45
5 0 50
5 1 23
5 2 42
5 4 6
5 5 25
5 6 8
5 7 45
5 8 30
5 9 15
5 10 22
5 11 38
5 13 29
5 15 0
5 16 57
5 17 4
5 18 7
5 20 5
5 21 1
5 22 13
5 23 52
5 24 47
5 25 33
5 26 26
5 28 49
5 29 44
5 30 11
5 31 36
5 32 10
5 33 53
5 34 58
5 35 12
5 36 17
5 38 43
5 39 24
5 41 21
5 42 20
5 43 3
5 45 56
5 46 9
5 47 41
5 49 48
5 50 37
5 51 54
5 52 59
5 54 2
5 56 35
5 58 51
5 59 39
6 0 40
6 1 34
6 2 53
6 3 4
6 4 58
6 5 26
6 6 0
6 7 47
6 8 56
6 9 9
6 10 7
6 11 42
6 12 24
6 13 46
6 14 25
6 15 22
6 16 13
6 18 18
6 19 32
6 20 17
6 21 45
6 22 31
6 23 55
6 24 35
6 25 41
6 28 6
6 29 28
6 30 8
6 31 16
6 35 36
6 36 39
6 37 30
6 38 44
6 39 20
6 43 21
6 44 33
6 45 54
6 48 12
6 49 50
6 50 11
6 52 27
6 53 29
6 54 23
6 55 14
6 56 57
6 57 48
6 58 37
6 59 2
7 1 29
7 2 16
7 3 42
7 4 41
7 5 9
7 6 44
7 8 3
7 9 52
7 10 20
7 11 21
7 12 6
7 13 53
7 15 51
7 16 48
7 17 23
7 19 28
7 23 47
7 24 13
7 26 43
7 27 15
7 28 10
7 29 17
7 30 31
7 32 35
7 33 2
7 35 40
7 36 18
7 37 5
7 38 1
7 39 56
7 40 58
7 41 49
7 42 12
7 43 57
7 45 36
7 46 39
7 47 7
7 48 33
7 49 45
7 50 59
7 51 8
7 52 34
7 54 30
7 55 54
7 56 0
7 58 14
8 0 5
8 1 13
8 2 59
8 3 51
8 4 18
8 5 29
8 6 56
8 7 39
8 8 37
8 9 28
8 10 0
8 11 22
8 12 11
8 13 57
8 14 9
8 15 19
8 16 46
8 17 48
8 18 15
8 19 41
8 22 21
8 23 17
8 24 10
8 25 34
8 27 30
8 28 36
8 29 58
8 30 40
8 31 53
8 32 2
8 33 4
8 34 23
8 35 27
8 36 26
8 37 3
8 38 55
8 39 44
8 40 45
8 41 31
8 42 6
8 43 52
8 44 14
8 45 42
8 47 20
8 48 16
8 49 8
8 50 50
8 51 32
8 52 33
8 53 25
8 54 1
8 55 24
8 56 7
8 57 43
8 58 54
8 59 47
9 0 13
9 1 44
9 2 12
9 3 49
9 4 30
9 6 36
9 8 7
9 9 4
9 12 0
9 15 8
9 16 14
9 17 59
9 19 42
9 20 1
9 22 23
9 24 26
9 26 50
9 28 35
9 29 15
9 31 18
9 34 2
9 36 34
9 37 32
9 38 27
9 39 17
9 40 46
9 41 54
9 42 28
9 43 11
9 45 29
9 46 21
9 47 33
9 48 6
9 49 51
9 50 38
9 51 57
9 52 3
9 54 53
9 56 58
9 57 52
9 58 55
9 59 19
10 0 2
10 1 45
10 2 24
10 3 13
10 6 53
10 7 10
10 9 33
10 10 16
10 11 30
10 13 27
10 16 6
10 17 31
10 18 1
10 19 22
10 21 56
10 22 9
10 23 11
10 24 12
10 25 54
10 26 55
10 27 41
10 28 26
10 29 59
10 30 48
10 31 50
10 32 40
10 33 14
10 34 25
10 36 3
10 37 42
10 39 18
10 41 4
10 43 34
10 44 52
10 45 32
10 47 0
10 48 44
10 49 29
10 50 35
10 51 43
10 52 46
10 53 7
10 54 20
10 55 23
10 56 37
10 57 51
10 59 38
11 0 25
11 1 6
11 2 49
11 3 21
11 4 10
11 5 44
11 8 22
11 9 47
11 10 17
11 11 27
11 13 4
11 14 0
11 15 16
11 16 51
11 17 15
11 18 31
11 19 58
11 20 53
11 21 52
11 22 18
11 23 48
11 25 19
11 26 41
11 27 55
11 28 13
11 29 29
11 30 56
11 31 14
11 32 24
11 33 42
11 34 34
11 35 45
11 36 28
11 37 8
11 38 33
11 39 37
11 40 54
11 41 9
11 43 35
11 44 3
11 45 12
11 47 40
11 48 50
11 49 32
11 50 36
11 51 2
11 52 43
11 53 23
11 54 7
11 55 26
11 56 1
11 57 57
11 58 46
11 59 59
12 1 42
12 2 46
12 5 17
12 6 24
12 7 54
12 8 8
12 10 10
12 11 20
12 12 43
12 13 6
12 14 28
12 15 7
12 16 22
12 17 55
12 18 37
12 19 57
12 20 34
12 21 16
12 22 4
12 23 56
12 25 52
12 26 59
12 28 53
12 29 41
12 31 3
12 32 1
12 36 30
12 37 27
12 38 5
12 39 50
12 40 9
12 42 44
12 43 19
12 44 2
12 45 0
12 46 45
12 47 39
12 48 35
12 49 36
12 50 26
12 51 11
12 52 29
12 53 13
12 54 33
12 55 31
12 56 48
12 57 25
12 58 32
12 59 23
13 1 31
13 2 55
13 3 33
13 4 59
13 5 28
13 6 32
13 7 21
13 8 46
13 11 49
13 12 25
13 13 22
13 14 14
13 15 58
13 16 9
13 17 10
13 18 47
13 19 3
13 20 6
13 21 12
13 22 45
13 23 27
13 24 52
13 25 38
13 27 18
13 28 29
13 29 7
13 30 35
13 32 50
13 33 1
13 34 20
13 35 44
13 37 39
13 38 26
13 39 40
13 40 8
13 41 56
13 42 5
13 43 15
13 44 19
13 45 51
13 50 2
13 51 30
13 52 4
13 53 42
13 54 17
13 58 0
13 59 13
14 0 26
14 1 48
14 3 45
14 4 32
14 6 18
14 7 27
14 8 50
14 9 31
14 10 2
14 11 43
14 12 19
14 13 23
14 15 11
14 16 0
14 18 40
14 19 53
14 20 13
14 21 28
14 23 30
14 26 17
14 27 4
14 28 34
14 30 55
14 31 12
14 32 5
14 33 6
14 34 51
14 35 56
14 36 52
14 37 49
14 38 7
14 42 21
14 43 37
14 44 39
14 45 38
14 48 42
14 49 47
14 50 58
14 51 25
14 53 35
14 54 59
14 56 8
14 57 9
14 58 44
15 1 21
15 2 31
15 3 2
15 4 34
15 7 52
15 8 19
15 9 0
15 10 35
15 11 10
15 12 26
15 13 1
15 14 47
15 15 53
15 16 3
15 17 57
15 18 45
15 19 18
15 20 43
15 21 59
15 22 28
15 23 22
15 25 17
15 26 44
15 27 56
15 28 8
15 29 49
15 31 30
15 32 9
15 34 6
15 35 54
15 37 33
15 38 16
15 39 25
15 40 32
15 41 23
15 42 11
15 44 40
15 45 41
15 46 27
15 47 55
15 48 4
15 49 13
15 50 48
15 51 29
15 52 39
15 53 51
15 54 5
15 55 42
15 57 12
15 58 38
15 59 37
16 0 24
16 1 47
16 2 36
16 3 8
16 4 42
16 5 15
16 6 23
16 7 1
16 8 2
16 9 10
16 10 27
16 11 9
16 12 14
16 13 34
16 15 30
16 16 37
16 17 21
16 18 17
16 19 48
16 20 38
16 21 54
16 22 58
16 23 18
16 24 49
16 25 26
16 26 19
16 27 35
16 28 51
16 29 22
16 30 0
16 33 43
16 34 57
16 35 55
16 36 59
16 37 41
16 38 3
16 39 53
16 40 56
16 41 28
16 43 46
16 44 12
16 45 40
16 47 32
16 49 33
16 51 7
16 53 39
16 54 31
16 55 50
16 56 44
16 58 4
16 59 6
17 0 23
17 1 19
17 2 13
17 3 55
17 5 50
17 8 10
17 9 20
17 10 8
17 11 3
17 12 18
17 13 49
17 14 38
17 15 27
17 16 29
17 17 37
17 18 53
17 19 26
17 20 12
17 21 51
17 22 59
17 24 16
17 26 9
17 27 44
17 28 17
17 30 54
17 31 24
17 32 52
17 33 58
17 34 56
17 35 2
17 36 1
17 38 57
17 39 33
17 40 11
17 41 39
17 42 4
17 43 7
17 44 30
17 45 6
17 46 15
17 47 35
17 50 5
17 51 41
17 52 36
17 53 14
17 55 22
17 56 25
17 57 45
17 58 31
17 59 40
18 3 43
18 4 20
18 5 1
18 6 57
18 10 23
18 11 33
18 12 55
18 13 44
18 16 7
18 17 32
18 18 38
18 19 49
18 22 2
18 23 25
18 24 19
18 25 30
18 26 6
18 27 9
18 28 56
18 29 0
18 30 59
18 31 5
18 33 8
18 34 12
18 35 52
18 36 29
18 37 21
18 38 48
18 39 47
18 40 35
18 41 22
18 42 37
18 43 53
18 44 15
18 45 58
18 46 42
18 47 18
18 48 31
18 50 14
18 51 46
18 52 26
18 53 34
18 54 36
18 55 28
18 56 54
18 57 3
18 58 39
18 59 17
19 0 33
19 1 51
19 2 37
19 3 9
19 4 7
19 6 25
19 7 58
19 8 27
19 9 2
19 10 36
19 11 4
19 12 38
19 14 15
19 17 18
19 18 44
19 19 56
19 20 39
19 22 41
19 24 46
19 25 50
19 26 20
19 27 54
19 29 55
19 31 45
19 32 23
19 33 29
19 34 19
19 37 14
19 38 30
19 42 17
19 43 13
19 45 49
19 46 31
19 48 28
19 49 53
19 50 43
19 52 32
19 53 22
19 54 48
19 55 1
19 56 34
19 57 26
19 58 52
19 59 3
20 0 10
20 1 35
20 2 23
20 3 16
20 4 14
20 6 50
20 7 8
20 8 33
20 9 56
20 10 44
20 11 55
20 12 28
20 14 13
20 15 26
20 16 2
20 17 17
20 19 59
20 21 4
20 22 7
20 23 15
20 24 48
20 25 32
20 26 51
20 27 52
20 30 41
20 31 54
20 32 36
20 33 30
20 35 0
20 37 22
20 39 1
20 40 34
20 41 29
20 42 45
20 43 42
20 44 37
20 45 43
20 46 25
20 47 19
20 48 18
20 49 58
20 51 3
20 52 49
20 53 24
20 54 11
20 55 9
20 57 38
20 58 27
20 59 53
21 0 37
21 2 40
21 3 5
21 4 12
21 5 41
21 6 6
21 7 7
21 8 23
21 10 59
21 11 35
21 12 9
21 13 28
21 14 53
21 15 17
21 16 24
21 17 2
21 18 30
21 19 29
21 20 42
21 21 10
21 22 56
21 23 54
21 24 38
21 25 48
21 26 33
21 27 46
21 28 14
21 29 8
21 31 58
21 32 55
21 33 26
21 34 3
21 35 15
21 38 31
21 39 19
21 40 25
21 41 16
21 42 47
21 43 50
21 44 4
21 47 43
21 48 39
21 49 34
21 52 44
21 53 49
21 54 27
21 55 36
21 56 22
21 58 45
21 59 51
22 0 31
22 1 33
22 3 10
22 4 43
22 5 32
22 6 9
22 8 13
22 9 27
22 10 54
22 12 44
22 13 26
22 14 19
22 15 55
22 16 17
22 17 8
22 18 52
22 19 38
22 20 18
22 22 34
22 23 12
22 24 53
22 25 6
22 28 45
22 29 3
22 30 47
22 32 30
22 33 37
22 34 40
22 35 4
22 36 56
22 38 51
22 39 0
22 40 15
22 41 59
22 43 39
22 45 16
22 46 23
22 47 48
22 48 20
22 49 14
22 51 24
22 52 7
22 53 57
22 54 28
22 55 11
22 56 46
22 57 42
22 58 35
23 0 15
23 1 46
23 2 26
23 3 52
23 4 16
23 5 54
23 6 4
23 7 12
23 8 34
23 10 28
23 11 45
23 12 37
23 13 33
23 14 10
23 15 9
23 16 25
23 18 6
23 19 39
23 20 49
23 21 14
23 22 3
23 24 0
23 25 53
23 26 13
23 27 50
23 28 27
23 29 1
23 30 42
23 31 32
23 32 51
23 33 5
23 34 59
23 37 57
23 38 11
23 39 43
23 42 38
23 44 7
23 45 24
23 46 29
23 47 30
23 48 21
23 49 19
23 50 18
23 51 44
23 53 31
23 54 8
23 57 55
23 58 47
24 0 48
24 1 43
24 2 47
24 3 30
24 5 33
24 6 13
24 7 26
24 9 18
24 10 58
24 11 32
24 12 5
24 13 3
24 14 8
24 15 31
24 16 56
24 17 6
24 18 29
24 19 34
24 20 0
24 21 20
24 23 41
24 24 59
24 25 46
24 26 49
24 28 44
24 29 45
24 30 53
24 31 55
24 32 7
24 33 35
24 34 15
24 35 28
24 36 54
24 37 50
24 38 9
24 40 21
24 41 51
24 42 27
24 43 12
24 45 25
24 46 37
24 47 17
24 48 24
24 49 11
24 51 14
24 52 23
24 53 16
24 54 19
24 55 38
24 56 42
24 57 40
24 59 1
25 1 50
25 2 19
25 4 11
25 5 5
25 6 17
25 7 53
25 9 13
25 10 38
25 11 18
25 12 33
25 13 55
25 14 1
25 15 2
25 16 15
25 17 27
25 18 57
25 20 24
25 21 23
25 22 36
25 23 37
25 24 42
25 25 39
25 27 22
25 29 48
25 30 46
25 31 43
25 33 9
25 34 41
25 35 58
25 36 0
25 37 47
25 38 32
25 39 59
25 40 7
25 41 20
25 44 29
25 46 51
25 47 10
25 48 52
25 49 49
25 50 44
25 52 6
25 53 40
25 55 3
25 56 14
25 57 35
25 58 26
25 59 28
26 0 32
26 1 3
26 2 2
26 3 0
26 4 9
26 6 40
26 7 23
26 8 47
26 9 44
26 10 19
26 11 28
26 12 36
26 13 25
26 14 24
26 15 38
26 16 43
26 17 45
26 18 50
26 19 16
26 21 42
26 23 33
26 26 14
26 27 59
26 29 13
26 30 4
26 31 15
26 32 48
26 33 17
26 34 55
26 35 11
26 36 51
26 37 54
26 38 49
26 39 57
26 42 35
26 43 5
26 44 26
26 45 22
26 46 34
26 47 21
26 49 31
26 50 56
26 51 52
26 52 20
26 53 46
26 54 29
26 57 30
26 58 41
26 59 58
27 0 27
27 2 9
27 3 24
27 4 3
27 5 11
27 6 16
27 7 4
27 8 39
27 9 55
27 11 23
27 12 35
27 13 51
27 15 56
27 16 36
27 17 12
27 20 31
27 22 57
27 25 14
27 26 52
27 27 33
27 31 37
27 34 48
27 35 5
27 36 45
27 38 34
27 39 2
27 40 49
27 41 19
27 42 25
27 43 17
27 44 6
27 45 7
27 46 47
27 47 22
27 48 13
27 50 20
27 51 53
27 52 8
27 53 58
27 54 21
27 55 44
27 56 26
27 57 1
27 58 29
27 59 32
28 0 16
28 1 59
28 2 56
28 3 41
28 4 17
28 6 52
28 7 48
28 9 43
28 10 1
28 11 24
28 12 57
28 13 2
28 14 31
28 15 45
28 16 55
28 17 51
28 18 49
28 19 13
28 20 26
28 22 5
28 23 20
28 24 50
28 25 47
28 26 15
28 27 36
28 28 46
28 30 18
28 31 39
28 32 32
28 34 29
28 35 30
28 36 21
28 37 12
28 38 25
28 39 23
28 40 14
28 41 42
28 43 44
28 44 58
28 45 37
28 46 4
28 47 6
28 48 27
28 49 28
28 50 34
28 52 10
28 54 3
28 55 35
28 56 53
28 57 8
28 58 11
28 59 9
29 0 57
29 1 20
29 2 45
29 3 32
29 4 40
29 5 52
29 6 12
29 8 28
29 9 23
29 10 26
29 11 14
29 12 15
29 13 43
29 14 54
29 15 41
29 16 33
29 17 49
29 18 56
29 20 2
29 21 35
29 22 27
29 23 29
29 25 51
29 26 36
29 27 10
29 28 1
29 30 30
29 31 22
29 32 31
29 33 13
29 34 5
29 36 37
29 37 9
29 38 4
29 39 8
29 40 55
29 41 6
29 42 42
29 43 25
29 46 19
29 47 11
29 49 46
29 50 16
29 51 58
29 54 0
29 55 59
29 56 3
29 57 39
29 58 50
29 59 44
30 1 10
30 2 27
30 3 11
30 4 24
30 5 37
30 6 59
30 7 29
30 8 21
30 10 30
30 11 52
30 12 3
30 13 12
30 14 50
30 15 54
30 16 20
30 17 53
30 18 32
30 20 28
30 23 9
30 25 23
30 30 44
30 31 35
30 32 56
30 33 57
30 35 14
30 36 22
30 37 51
30 38 19
30 39 48
30 40 13
30 41 18
30 42 49
30 43 43
30 45 1
30 46 55
30 47 34
30 48 0
30 49 2
30 50 8
30 51 26
30 54 15
30 55 45
30 56 47
30 58 33
30 59 4
31 1 55
31 2 32
31 4 29
31 5 0
31 6 22
31 7 51
31 8 44
31 10 34
31 12 1
31 13 38
31 14 49
31 15 59
31 17 43
31 19 14
31 20 48
31 22 53
31 23 21
31 24 15
31 25 16
31 26 37
31 27 28
31 28 5
31 29 24
31 31 7
31 32 39
31 33 12
31 34 27
31 35 41
31 38 35
31 39 46
31 41 50
31 42 56
31 44 10
31 45 57
31 46 18
31 48 45
31 50 9
31 51 17
31 52 54
31 53 52
31 54 47
31 55 8
31 56 19
31 57 58
31 58 3
31 59 11
32 0 29
32 2 21
32 3 27
32 4 26
32 5 58
32 6 45
32 7 44
32 8 4
32 10 5
32 11 17
32 12 54
32 13 16
32 14 32
32 15 57
32 17 14
32 19 0
32 20 55
32 21 41
32 22 20
32 23 35
32 24 43
32 25 59
32 26 23
32 27 8
32 28 2
32 29 50
32 31 31
32 32 46
32 33 22
32 34 30
32 36 12
32 37 15
32 38 18
32 39 42
32 40 51
32 41 11
32 43 36
32 44 25
32 47 47
32 48 37
32 49 1
32 50 33
32 51 34
32 52 40
32 53 9
32 54 10
32 56 38
32 57 56
32 58 49
32 59 52
33 1 18
33 2 48
33 3 19
33 4 21
33 5 16
33 7 30
33 9 50
33 10 42
33 11 46
33 12 27
33 13 45
33 14 57
33 16 35
33 17 36
33 18 0
33 19 33
33 20 7
33 22 52
33 23 51
33 24 1
33 26 40
33 27 13
33 28 59
33 29 38
33 30 6
33 31 4
33 32 41
33 33 3
33 35 34
33 36 43
33 38 17
33 39 22
33 40 26
33 42 29
33 47 23
33 48 25
33 49 12
33 50 53
33 51 39
33 52 5
33 53 54
33 54 56
33 55 2
33 56 49
33 57 44
33 58 8
33 59 20
34 1 2
34 2 18
34 3 47
34 4 0
34 5 35
34 6 5
34 7 16
34 8 41
34 9 32
34 10 55
34 12 52
34 14 4
34 16 50
34 17 22
34 18 23
34 19 31
34 20 44
34 22 25
34 23 13
34 24 34
34 25 12
34 26 30
34 28 19
34 29 27
34 31 33
34 32 15
34 33 48
34 34 54
34 35 20
34 36 10
34 37 56
34 39 21
34 41 37
34 42 26
34 43 29
34 44 45
34 45 53
34 47 49
34 48 58
34 49 40
34 50 57
34 51 36
34 53 11
34 54 43
34 55 39
34 57 6
34 58 7
34 59 14
35 0 21
35 1 30
35 2 28
35 3 29
35 5 4
35 6 10
35 7 56
35 8 38
35 9 16
35 10 3
35 11 26
35 12 7
35 13 39
35 14 22
35 15 46
35 17 25
35 18 48
35 19 19
35 21 55
35 22 47
35 23 40
35 24 33
35 25 31
35 26 35
35 27 23
35 28 41
35 32 11
35 33 49
35 34 1
35 37 2
35 38 37
35 39 34
35 40 18
35 42 53
35 43 24
35 45 52
35 46 8
35 47 57
35 48 51
35 49 20
35 50 42
35 51 15
35 52 45
35 53 50
35 54 6
35 55 12
35 57 0
35 58 59
35 59 5
36 0 4
36 1 41
36 2 7
36 3 34
36 5 10
36 6 11
36 7 3
36 10 9
36 11 16
36 12 39
36 13 59
36 16 47
36 17 29
36 18 42
36 19 51
36 20 22
36 21 37
36 22 54
36 23 49
36 24 20
36 25 15
36 26 5
36 27 6
36 28 32
36 29 33
36 31 26
36 32 13
36 33 25
36 34 44
36 38 23
36 39 31
36 40 28
36 41 35
36 42 48
36 43 8
36 44 0
36 45 46
36 46 43
36 48 57
36 50 30
36 51 12
36 53 55
36 54 58
36 55 53
36 56 21
36 57 2
36 58 40
36 59 36
37 0 53
37 2 39
37 4 49
37 5 45
37 7 55
37 8 31
37 9 42
37 10 48
37 11 19
37 12 23
37 13 41
37 14 56
37 15 15
37 16 18
37 17 47
37 18 46
37 19 5
37 21 34
37 22 24
37 23 0
37 25 3
37 26 29
37 27 11
37 28 28
37 29 12
37 31 8
37 32 26
37 34 14
37 35 32
37 36 35
37 37 25
37 38 59
37 40 37
37 42 30
37 43 2
37 44 13
37 46 16
37 49 7
37 50 54
37 51 21
37 52 50
37 55 20
37 56 40
37 57 36
37 58 9
37 59 57
38 0 59
38 3 3
38 4 36
38 6 34
38 7 40
38 8 5
38 9 12
38 10 15
38 11 0
38 12 50
38 13 58
38 15 37
38 16 53
38 18 14
38 19 1
38 21 47
38 22 10
38 23 43
38 24 54
38 25 56
38 26 32
38 27 26
38 28 55
38 29 30
38 32 21
38 33 44
38 35 19
38 36 13
38 37 23
38 39 11
38 40 31
38 42 18
38 43 9
38 44 16
38 45 35
38 46 41
38 48 49
38 49 57
38 50 24
38 52 42
38 53 45
38 55 51
38 57 17
38 58 25
38 59 8
39 0 56
39 1 32
39 2 51
39 6 43
39 7 18
39 8 6
39 9 49
39 11 31
39 13 15
39 15 34
39 16 59
39 17 16
39 18 36
39 19 11
39 20 54
39 21 40
39 22 30
39 23 26
39 24 4
39 27 20
39 28 7
39 29 39
39 30 25
39 31 28
39 32 42
39 33 52
39 34 10
39 35 23
39 36 8
39 37 0
39 38 45
39 39 9
39 40 29
39 41 47
39 42 14
39 43 58
39 44 35
39 45 19
39 46 44
39 47 37
39 48 46
39 49 5
39 50 1
39 51 48
39 52 53
39 53 41
39 54 50
39 55 17
39 56 13
39 57 33
39 58 57
39 59 21
40 0 19
40 1 28
40 2 25
40 4 57
40 6 48
40 7 0
40 8 35
40 10 39
40 11 41
40 12 16
40 14 36
40 15 4
40 16 54
40 17 50
40 18 20
40 19 27
40 20 47
40 21 32
40 22 40
40 23 53
40 24 44
40 26 2
40 27 21
40 28 23
40 31 6
40 32 8
40 33 31
40 34 13
40 37 59
40 38 22
40 39 51
40 40 38
40 42 33
40 44 43
40 45 9
40 47 58
40 48 56
40 49 18
40 50 55
40 52 37
40 53 15
40 54 49
40 55 30
40 56 12
40 59 34
41 0 18
41 2 52
41 3 14
41 4 31
41 5 23
41 8 24
41 9 8
41 11 48
41 12 29
41 13 30
41 14 43
41 15 1
41 16 27
41 17 40
41 18 26
41 19 9
41 20 58
41 21 57
41 22 55
41 23 4
41 24 32
41 29 56
41 30 17
41 31 44
41 33 51
41 34 42
41 35 59
41 36 47
41 37 53
41 39 38
41 40 19
41 41 46
41 42 34
41 43 6
41 44 50
41 45 15
41 46 35
41 49 25
41 50 41
41 51 20
41 52 22
41 53 0
41 55 10
41 57 11
41 58 21
42 1 4
42 2 44
42 3 56
42 4 25
42 5 30
42 6 38
42 7 28
42 8 42
42 9 48
42 10 37
42 11 7
42 13 52
42 14 40
42 15 47
42 16 11
42 17 33
42 19 20
42 20 15
42 21 46
42 22 29
42 23 6
42 25 49
42 26 39
42 27 0
42 28 3
42 30 5
42 31 51
42 32 43
42 33 59
42 34 26
42 35 8
42 36 16
42 37 13
42 38 10
42 39 36
42 40 53
42 41 34
42 42 31
42 43 54
42 44 27
42 45 2
42 46 58
42 47 45
42 49 35
42 50 19
42 51 50
42 52 57
42 53 12
42 54 41
42 55 55
42 57 14
42 58 17
43 0 43
43 1 12
43 2 0
43 3 22
43 4 48
43 5 21
43 6 29
43 7 6
43 9 35
43 10 40
43 11 59
43 12 42
43 13 10
43 14 58
43 15 50
43 17 54
43 19 45
43 21 18
43 22 37
43 23 5
43 24 8
43 25 7
43 26 57
43 27 47
43 28 15
43 29 25
43 30 16
43 31 46
43 32 17
43 33 20
43 34 31
43 35 39
43 36 11
43 37 34
43 38 13
43 39 3
43 40 44
43 41 33
43 42 1
43 43 32
43 44 23
43 45 30
43 46 2
43 47 14
43 52 24
43 53 53
43 54 9
43 55 27
43 57 4
43 58 36
43 59 55
44 0 0
44 1 37
44 2 43
44 3 39
44 4 53
44 5 49
44 8 29
44 9 54
44 10 32
44 11 34
44 12 59
44 13 13
44 14 52
44 15 18
44 16 42
44 17 44
44 19 25
44 20 23
44 21 31
44 23 45
44 24 7
44 25 35
44 26 4
44 27 57
44 28 21
44 30 26
44 31 19
44 32 27
44 35 33
44 38 40
44 39 16
44 40 12
44 41 1
44 42 8
44 43 48
44 44 17
44 45 3
44 46 6
44 47 46
44 48 38
44 49 30
44 50 47
44 51 9
44 52 56
44 53 2
44 54 14
44 55 15
44 57 5
44 58 20
45 0 38
45 1 39
45 2 11
45 3 48
45 4 47
45 5 36
45 6 21
45 7 9
45 8 25
45 9 6
45 10 52
45 11 12
45 13 14
45 14 42
45 15 43
45 16 49
45 17 13
45 18 33
45 19 15
45 20 20
45 23 23
45 24 45
45 25 18
45 26 46
45 27 58
45 28 31
45 29 57
45 30 28
45 31 29
45 32 34
45 33 32
45 34 4
45 35 24
45 36 19
45 39 35
45 41 2
45 43 22
45 44 51
45 45 8
45 47 1
45 48 26
45 49 54
45 50 7
45 51 16
45 53 3
45 54 37
45 55 0
45 59 56
46 0 12
46 1 52
46 2 10
46 3 25
46 4 46
46 6 31
46 7 42
46 8 32
46 9 3
46 10 21
46 12 30
46 13 8
46 14 23
46 15 14
46 16 45
46 17 0
46 19 4
46 20 40
46 21 44
46 23 28
46 25 27
46 27 7
46 28 37
46 29 35
46 30 39
46 31 47
46 32 19
46 33 11
46 35 29
46 36 58
46 38 50
46 39 5
46 40 20
46 41 48
46 44 38
46 45 33
46 46 56
46 48 54
46 49 15
46 52 41
46 53 43
46 54 26
46 55 49
46 56 2
46 57 24
46 59 18
47 0 39
47 1 40
47 2 33
47 3 37
47 5 34
47 6 15
47 7 35
47 9 51
47 10 56
47 11 25
47 12 58
47 13 21
47 14 12
47 15 48
47 17 19
47 18 43
47 19 52
47 20 59
47 21 13
47 22 1
47 23 8
47 24 17
47 25 57
47 26 47
47 27 27
47 28 22
47 29 42
47 30 36
47 31 38
47 33 45
47 34 50
47 35 26
47 36 7
47 37 20
47 38 14
47 39 49
47 40 3
47 41 5
47 42 23
47 43 28
47 44 54
47 45 55
47 46 53
47 47 9
47 48 41
47 49 16
47 50 10
47 51 18
47 52 0
47 53 6
47 54 46
47 55 4
47 56 24
47 57 32
47 58 30
47 59 29
48 0 45
48 1 36
48 2 20
48 3 1
48 4 37
48 5 13
48 6 33
48 7 57
48 8 16
48 9 5
48 10 41
48 14 55
48 17 11
48 18 35
48 19 44
48 20 25
48 21 58
48 22 12
48 23 14
48 25 43
48 26 18
48 28 4
48 29 51
48 30 22
48 31 42
48 33 39
48 34 53
48 35 49
48 36 15
48 37 29
48 38 46
48 39 52
48 40 48
48 41 32
48 42 24
48 44 9
48 45 26
48 46 7
48 49 59
48 50 3
48 51 56
48 52 28
48 54 38
48 55 6
48 56 17
48 57 27
48 58 23
48 59 54
49 0 51
49 1 58
49 2 3
49 4 56
49 8 0
49 10 6
49 11 15
49 13 54
49 16 1
49 17 26
49 18 10
49 20 32
49 21 11
49 22 50
49 23 39
49 25 36
49 26 8
49 28 12
49 29 9
49 30 57
49 31 34
49 32 25
49 33 55
49 34 43
49 35 53
49 36 31
49 37 24
49 38 38
49 39 41
49 40 4
49 41 7
49 42 52
49 43 40
49 44 20
49 45 14
49 46 17
49 47 28
49 48 2
49 49 44
49 50 23
49 51 47
49 52 30
49 53 5
49 54 45
49 55 18
49 56 27
49 57 29
49 58 48
49 59 33
50 0 42
50 1 26
50 2 15
50 3 17
50 5 19
50 6 51
50 7 14
50 8 48
50 10 57
50 11 8
50 15 6
50 16 12
50 18 28
50 19 10
50 20 27
50 21 36
50 22 11
50 23 44
50 24 31
50 25 1
50 26 53
50 27 38
50 28 33
50 29 4
50 30 50
50 31 20
50 32 58
50 33 34
50 34 32
50 35 25
50 36 49
50 37 52
50 38 39
50 39 30
50 41 3
50 42 0
50 43 16
50 44 56
50 46 22
50 47 54
50 48 47
50 50 45
50 51 40
50 52 35
50 53 37
50 55 41
50 57 7
50 58 18
50 59 46
51 0 58
51 2 5
51 3 54
51 4 4
51 5 3
51 6 20
51 8 9
51 10 45
51 11 53
51 12 31
51 13 48
51 14 37
51 15 35
51 16 19
51 17 34
51 18 21
51 19 12
51 20 29
51 21 33
51 22 0
51 23 46
51 24 18
51 25 42
51 26 28
51 27 14
51 28 38
51 30 10
51 31 56
51 32 6
51 33 40
51 35 1
51 36 25
51 37 44
51 42 55
51 43 49
51 44 59
51 46 24
51 47 27
51 49 26
51 51 22
51 53 32
51 54 39
51 57 13
51 58 2
51 59 15
52 0 6
52 1 56
52 3 15
52 5 47
52 6 1
52 8 45
52 9 34
52 10 12
52 11 39
52 12 17
52 13 35
52 14 20
52 15 32
52 16 26
52 17 28
52 19 7
52 20 8
52 21 53
52 23 31
52 24 2
52 25 10
52 26 0
52 27 29
52 28 9
52 29 37
52 31 23
52 32 57
52 34 33
52 35 46
52 36 42
52 37 16
52 38 54
52 41 40
52 42 3
52 43 18
52 44 48
52 45 21
52 46 5
52 47 52
52 48 59
52 49 55
52 50 25
52 52 11
52 53 30
52 54 4
52 55 13
52 56 51
52 57 19
52 58 24
52 59 43
53 0 49
53 1 57
53 3 23
53 4 19
53 5 27
53 6 46
53 7 20
53 8 52
53 10 18
53 11 58
53 12 22
53 13 42
53 14 26
53 15 44
53 16 5
53 18 12
53 20 14
53 21 48
53 22 8
53 24 6
53 25 29
53 26 31
53 27 3
53 28 24
53 29 54
53 31 21
53 34 47
53 35 9
53 37 37
53 38 15
53 39 32
53 40 41
53 42 59
53 43 38
53 44 28
53 45 11
53 46 1
53 47 56
53 48 55
53 49 39
53 51 10
53 54 51
53 55 43
53 56 33
53 57 50
53 58 16
53 59 0
54 2 22
54 3 50
54 5 53
54 7 32
54 8 43
54 9 59
54 10 13
54 11 2
54 12 51
54 13 5
54 14 29
54 17 58
54 18 25
54 20 3
54 21 19
54 22 46
54 23 57
54 24 37
54 25 4
54 26 48
54 29 20
54 30 27
54 31 11
54 34 39
54 36 33
54 37 55
54 39 45
54 40 17
54 41 14
54 42 36
54 43 47
54 44 34
54 45 23
54 46 54
54 47 42
54 48 40
54 49 6
54 51 31
54 52 21
54 53 10
54 54 16
54 55 52
54 56 9
54 58 56
54 59 30
55 0 55
55 1 1
55 2 6
55 3 26
55 4 27
55 5 12
55 6 3
55 8 58
55 9 22
55 10 11
55 11 51
55 12 45
55 14 30
55 15 29
55 16 52
55 17 7
55 18 19
55 19 2
55 20 33
55 21 17
55 22 49
55 24 14
55 25 0
55 26 24
55 27 37
55 28 57
55 30 23
55 31 41
55 32 59
55 33 56
55 36 9
55 38 20
55 39 15
55 40 47
55 41 43
55 42 46
55 44 42
55 45 28
55 46 40
55 48 34
55 50 39
55 51 13
55 52 18
55 53 8
55 54 44
55 55 25
55 56 5
55 57 54
55 58 53
55 59 16
56 0 8
56 1 49
56 2 30
56 4 35
56 5 38
56 9 24
56 10 14
56 11 29
56 12 34
56 13 37
56 14 7
56 16 32
56 17 3
56 19 46
56 20 4
56 21 22
56 22 43
56 23 42
56 24 39
56 25 28
56 26 56
56 27 12
56 28 20
56 30 52
56 31 59
56 32 33
56 33 54
56 35 57
56 37 48
56 38 2
56 40 36
56 41 45
56 43 51
56 44 47
56 45 31
56 46 10
56 50 0
56 52 58
56 53 44
56 54 13
56 55 16
56 56 11
56 57 23
57 0 52
57 4 15
57 5 31
57 6 49
57 7 5
57 10 47
57 11 36
57 12 48
57 13 0
57 14 6
57 15 28
57 16 41
57 18 3
57 19 40
57 20 11
57 21 43
57 22 16
57 23 50
57 24 56
57 25 13
57 26 34
57 27 1
57 29 21
57 31 17
57 32 37
57 34 45
57 35 22
57 37 7
57 38 8
57 39 14
57 43 27
57 44 55
57 45 44
57 46 30
57 47 51
57 48 29
57 49 9
57 51 33
57 53 59
57 54 18
57 55 19
57 57 20
57 58 12
57 59 26
58 0 44
58 1 24
58 2 54
58 3 12
58 5 42
58 6 55
58 7 15
58 8 20
58 9 26
58 10 51
58 12 56
58 13 32
58 14 59
58 15 5
58 16 39
58 17 30
58 18 11
58 19 37
58 21 3
58 22 33
58 24 41
58 25 40
58 26 16
58 27 53
58 29 14
58 30 34
58 31 9
58 32 29
58 33 21
58 34 7
58 35 17
58 36 2
58 38 47
58 40 6
58 41 25
58 42 10
58 43 0
58 44 1
58 45 27
58 46 50
58 47 38
58 48 36
58 49 22
58 50 46
58 51 23
58 52 31
58 53 18
58 55 58
58 56 52
58 57 49
58 58 43
58 59 35
59 0 46
59 1 9
59 2 17
59 3 28
59 6 2
59 7 24
59 8 49
59 9 21
59 10 25
59 11 54
59 12 8
59 13 19
59 15 20
59 16 40
59 18 4
59 20 36
59 22 35
59 23 59
59 24 55
59 25 22
59 26 42
59 27 39
59 28 43
59 29 31
59 30 37
59 31 13
59 32 53
59 33 38
59 34 16
59 35 7
59 37 45
59 38 29
59 39 10
59 40 57
59 41 30
59 42 51
59 43 23
59 44 32
59 45 5
59 46 48
59 48 11
59 49 3
59 51 1
59 53 26
59 54 34
59 55 33
59 56 6
59 58 58
59 59 12
