70
0 0 69
0 3 12
0 4 28
0 8 49
0 10 30
0 13 32
0 16 15
0 17 21
0 19 62
0 26 47
0 30 68
0 31 4
0 36 53
0 42 55
0 47 25
0 50 35
0 53 5
0 54 3
0 55 57
0 58 67
0 60 54
0 63 56
0 69 39
1 14 52
1 15 19
1 16 34
1 21 40
1 23 20
1 32 5
1 33 16
1 34 46
1 36 57
1 39 62
1 49 18
1 53 58
1 54 10
1 55 22
1 58 64
1 66 35
1 68 56
1 69 49
2 0 22
2 2 18
2 4 42
2 10 11
2 11 37
2 13 60
2 20 27
2 23 25
2 25 55
2 31 24
2 36 68
2 37 21
2 38 61
2 46 28
2 48 47
2 49 15
2 52 50
2 53 33
2 55 66
2 58 13
2 60 0
2 62 35
2 63 6
2 67 5
2 68 3
2 69 64
3 1 41
3 2 50
3 3 60
3 7 22
3 8 59
3 9 0
3 12 43
3 14 35
3 15 63
3 17 1
3 19 20
3 21 45
3 24 53
3 26 32
3 29 16
3 30 15
3 33 9
3 46 69
3 47 68
3 52 49
3 54 6
3 55 4
3 60 61
3 64 23
3 68 36
4 7 27
4 13 57
4 18 60
4 19 56
4 24 37
4 31 0
4 32 24
4 39 31
4 43 39
4 44 40
4 45 62
4 52 19
4 54 51
4 57 26
4 59 34
4 60 21
4 66 33
4 69 67
5 0 44
5 1 61
5 4 29
5 6 66
5 7 59
5 14 49
5 17 23
5 18 34
5 20 26
5 21 52
5 22 63
5 26 9
5 27 41
5 30 2
5 33 47
5 35 0
5 36 25
5 38 15
5 40 36
5 43 13
5 45 24
5 46 54
5 47 32
5 49 48
5 51 18
5 54 14
5 59 5
5 62 8
5 68 51
6 1 21
6 2 29
6 3 3
6 5 38
6 12 55
6 19 63
6 23 49
6 26 54
6 29 17
6 30 39
6 33 26
6 35 12
6 36 41
6 37 2
6 40 46
6 41 64
6 42 9
6 44 15
6 45 5
6 46 57
6 47 33
6 51 66
6 53 44
6 54 24
6 56 56
6 59 36
6 60 23
6 62 65
6 64 16
6 65 35
6 67 22
6 69 13
7 0 26
7 2 68
7 3 41
7 7 7
7 8 42
7 16 6
7 18 32
7 26 4
7 34 50
7 36 23
7 37 51
7 39 11
7 43 57
7 47 65
7 52 5
7 54 20
7 62 38
7 66 37
8 0 10
8 1 23
8 8 65
8 10 68
8 14 4
8 19 30
8 27 42
8 28 69
8 35 11
8 39 41
8 46 32
8 50 67
8 56 0
8 57 6
8 61 45
8 63 57
8 66 25
8 67 26
9 3 47
9 9 26
9 15 59
9 19 64
9 20 25
9 25 8
9 26 38
9 27 58
9 29 22
9 30 18
9 31 65
9 34 66
9 38 23
9 40 0
9 41 28
9 42 20
9 44 46
9 47 36
9 58 42
9 61 34
9 64 13
9 65 63
9 66 69
9 69 29
10 0 36
10 1 0
10 5 67
10 11 15
10 14 63
10 17 30
10 19 19
10 23 40
10 26 62
10 36 65
10 38 12
10 39 1
10 43 42
10 45 51
10 52 3
10 59 68
10 64 29
10 65 46
10 66 39
11 0 32
11 2 6
11 15 10
11 23 69
11 27 21
11 29 50
11 30 36
11 36 11
11 37 28
11 39 14
11 42 7
11 54 15
11 55 26
11 64 17
12 13 36
12 14 27
12 15 16
12 18 11
12 19 1
12 21 14
12 24 45
12 26 69
12 27 5
12 30 19
12 31 39
12 32 41
12 33 59
12 34 48
12 35 61
12 36 0
12 38 42
12 39 60
12 40 50
12 41 54
12 48 3
12 52 32
12 54 38
12 61 20
12 62 55
12 64 4
12 67 2
13 2 54
13 3 0
13 9 30
13 14 17
13 15 47
13 20 6
13 24 59
13 26 41
13 32 38
13 37 68
13 39 29
13 41 40
13 42 35
13 46 45
13 47 5
13 49 44
13 51 69
13 52 21
13 56 31
13 57 34
13 58 25
13 59 24
13 64 10
13 66 52
14 2 41
14 6 14
14 8 4
14 11 12
14 15 3
14 16 39
14 17 56
14 18 19
14 20 54
14 24 67
14 29 36
14 32 9
14 34 24
14 36 10
14 37 5
14 38 48
14 39 66
14 41 0
14 46 21
14 48 62
14 53 31
14 60 47
14 62 22
14 64 32
14 68 28
15 4 53
15 7 29
15 12 44
15 14 68
15 16 1
15 28 3
15 34 27
15 37 31
15 42 2
15 58 10
15 63 25
15 64 47
15 66 46
16 3 37
16 7 51
16 16 7
16 17 50
16 23 62
16 24 38
16 26 11
16 32 27
16 33 24
16 37 20
16 40 52
16 42 47
16 45 41
16 47 60
16 48 28
16 52 35
16 61 40
17 1 46
17 3 57
17 8 8
17 9 43
17 10 49
17 15 30
17 17 58
17 20 38
17 21 23
17 23 41
17 28 39
17 29 4
17 30 29
17 39 47
17 42 12
17 45 61
17 47 52
17 49 19
17 52 14
17 56 50
17 58 68
17 59 16
17 60 59
17 61 51
17 63 60
17 67 7
18 1 15
18 4 58
18 6 24
18 13 50
18 14 21
18 17 3
18 23 26
18 28 49
18 29 40
18 37 33
18 41 16
18 43 46
18 48 45
18 51 43
18 54 9
18 55 39
18 58 41
18 59 48
18 67 6
18 68 47
19 8 31
19 15 14
19 20 35
19 21 43
19 24 5
19 31 58
19 32 10
19 39 22
19 45 47
19 48 64
19 61 9
19 66 42
19 67 48
20 9 45
20 13 43
20 14 8
20 15 46
20 18 10
20 24 66
20 28 7
20 29 69
20 30 59
20 31 37
20 35 62
20 36 40
20 37 55
20 38 22
20 46 35
20 54 52
20 56 61
20 64 44
20 65 34
20 69 12
21 1 19
21 3 53
21 5 60
21 13 7
21 17 52
21 20 64
21 22 33
21 23 17
21 28 0
21 32 42
21 34 25
21 41 45
21 49 56
21 50 40
21 55 30
21 56 51
21 57 31
21 60 67
21 62 24
21 63 65
21 65 4
21 69 66
22 2 62
22 5 10
22 13 37
22 15 26
22 16 43
22 17 0
22 21 68
22 26 50
22 28 53
22 30 21
22 32 18
22 36 20
22 41 3
22 42 61
22 43 1
22 44 44
22 45 67
22 46 66
22 48 52
22 49 28
22 57 27
22 60 41
23 1 9
23 2 3
23 13 24
23 14 42
23 20 29
23 23 23
23 25 16
23 28 25
23 29 58
23 33 66
23 37 45
23 40 33
23 41 8
23 43 54
23 44 47
23 45 18
23 46 37
23 48 0
23 49 7
23 56 64
23 62 68
23 63 67
23 64 31
23 66 27
23 68 2
24 5 69
24 20 56
24 22 22
24 27 62
24 28 41
24 31 68
24 33 61
24 35 4
24 38 14
24 42 31
24 43 21
24 44 13
24 52 18
24 53 66
24 54 55
24 61 60
24 62 47
24 64 11
24 66 20
25 13 31
25 14 56
25 16 60
25 24 64
25 28 63
25 30 42
25 37 13
25 40 18
25 42 48
25 43 16
25 53 43
25 55 28
25 56 26
25 58 9
25 63 14
25 66 30
26 7 11
26 9 36
26 12 12
26 14 62
26 16 44
26 25 22
26 26 57
26 30 41
26 38 29
26 50 26
26 52 9
26 53 23
26 54 28
26 61 49
26 66 51
26 67 16
27 7 10
27 9 44
27 12 51
27 32 66
27 35 25
27 39 63
27 41 42
27 47 64
27 48 49
27 49 3
27 50 54
27 51 57
27 52 12
27 56 1
27 58 18
27 61 33
27 65 27
27 67 65
27 69 17
28 0 39
28 5 0
28 12 26
28 18 44
28 25 9
28 33 11
28 34 68
28 35 45
28 38 35
28 39 61
28 40 63
28 41 20
28 42 29
28 47 2
28 53 62
28 56 48
28 63 53
28 65 65
29 2 16
29 4 9
29 5 24
29 6 12
29 14 14
29 20 63
29 27 68
29 34 65
29 36 26
29 46 29
29 47 40
29 48 32
29 50 8
29 51 55
29 52 7
29 54 25
29 56 17
29 60 50
29 62 37
29 67 43
29 68 5
30 1 7
30 10 59
30 14 44
30 15 69
30 22 43
30 23 55
30 27 33
30 29 32
30 30 8
30 35 49
30 40 1
30 51 13
30 55 5
30 65 37
31 0 34
31 7 17
31 11 46
31 16 42
31 19 8
31 23 29
31 27 35
31 29 5
31 31 6
31 32 57
31 36 69
31 39 3
31 40 67
31 41 55
31 43 23
31 44 39
31 45 38
31 46 1
31 49 20
31 50 63
31 53 10
31 54 49
31 58 28
31 60 53
31 62 61
31 63 9
31 68 58
32 4 22
32 7 30
32 9 20
32 14 33
32 21 69
32 23 21
32 26 14
32 29 55
32 31 27
32 34 37
32 35 16
32 36 24
32 49 66
32 50 47
32 56 6
32 60 13
32 66 1
32 68 23
33 4 32
33 7 18
33 13 62
33 15 13
33 20 34
33 24 16
33 25 42
33 26 55
33 29 23
33 30 57
33 32 49
33 34 44
33 37 43
33 40 45
33 42 69
33 44 33
33 54 30
33 61 65
33 62 56
33 65 14
33 68 35
33 69 37
34 5 34
34 13 26
34 17 13
34 25 17
34 28 4
34 34 38
34 38 31
34 44 5
34 58 37
34 60 20
34 61 41
34 62 57
34 64 7
34 69 15
35 0 25
35 1 34
35 6 33
35 7 2
35 8 53
35 9 31
35 10 60
35 11 39
35 13 67
35 20 43
35 23 22
35 24 20
35 28 26
35 34 4
35 35 42
35 36 1
35 41 17
35 43 50
35 46 47
35 58 21
35 60 38
35 63 10
35 68 6
36 0 68
36 7 20
36 27 50
36 31 35
36 32 43
36 36 42
36 37 53
36 38 3
36 43 66
36 46 44
36 49 0
36 52 31
36 54 27
36 57 47
36 58 26
36 59 19
36 60 18
36 62 23
36 63 1
36 64 65
36 66 63
37 0 55
37 4 23
37 8 13
37 10 0
37 13 61
37 16 67
37 18 24
37 23 63
37 27 38
37 28 29
37 31 30
37 33 53
37 34 21
37 37 58
37 45 39
37 51 20
37 53 54
37 57 50
37 63 68
38 1 2
38 2 1
38 3 35
38 6 40
38 7 48
38 10 62
38 12 3
38 14 50
38 16 66
38 24 27
38 26 34
38 28 58
38 33 44
38 34 42
38 37 38
38 39 16
38 41 53
38 46 60
38 48 9
38 49 39
38 53 22
38 56 68
38 57 25
38 60 55
38 61 21
38 62 26
38 63 37
38 64 15
38 66 31
38 68 13
39 1 58
39 3 8
39 4 54
39 8 57
39 12 59
39 15 23
39 17 6
39 19 49
39 21 24
39 24 29
39 26 48
39 28 27
39 34 13
39 41 7
39 45 28
39 46 68
39 47 69
39 49 12
39 51 4
39 55 31
39 60 25
39 64 46
40 2 10
40 7 38
40 8 26
40 10 6
40 14 22
40 17 62
40 21 4
40 25 58
40 33 50
40 35 28
40 42 17
40 43 49
40 47 55
40 49 31
40 53 13
40 57 11
40 65 25
41 0 28
41 8 15
41 11 24
41 12 36
41 14 5
41 17 41
41 18 7
41 24 10
41 26 66
41 28 52
41 33 54
41 36 45
41 38 4
41 44 26
41 46 43
41 49 57
41 51 67
41 57 65
41 58 55
41 65 62
41 66 2
41 67 51
42 2 37
42 3 10
42 4 47
42 7 16
42 9 6
42 12 60
42 15 52
42 22 45
42 23 14
42 26 29
42 28 42
42 42 65
42 47 43
42 49 11
42 53 27
42 54 68
42 59 38
42 63 58
42 66 41
43 0 47
43 2 43
43 5 68
43 6 48
43 7 69
43 8 30
43 9 52
43 10 22
43 15 41
43 17 27
43 25 44
43 30 32
43 31 8
43 33 17
43 36 50
43 43 10
43 44 25
43 46 12
43 48 23
43 50 11
43 51 33
43 52 15
43 54 34
43 56 19
43 57 66
43 58 36
43 62 3
43 66 18
43 68 4
44 5 37
44 6 50
44 10 35
44 11 33
44 12 28
44 17 45
44 19 48
44 30 52
44 37 7
44 43 24
44 46 0
44 48 2
44 49 49
44 51 68
44 57 41
44 67 21
45 2 67
45 4 60
45 5 9
45 12 19
45 14 41
45 19 40
45 20 65
45 24 18
45 26 28
45 30 50
45 34 52
45 40 51
45 45 53
45 47 14
45 55 33
45 56 34
45 57 62
45 63 54
45 69 58
46 2 44
46 3 25
46 9 33
46 13 38
46 16 24
46 24 21
46 25 64
46 28 43
46 32 4
46 35 54
46 37 67
46 38 57
46 42 41
46 44 1
46 52 26
46 55 65
46 60 17
46 65 53
46 68 22
46 69 28
47 0 57
47 8 50
47 14 58
47 15 24
47 16 19
47 19 39
47 20 49
47 26 68
47 39 38
47 42 66
47 43 31
47 49 63
47 52 0
47 55 42
47 56 62
47 60 3
47 61 48
47 67 14
48 3 28
48 5 55
48 8 36
48 9 40
48 11 6
48 13 8
48 14 65
48 15 25
48 16 10
48 17 63
48 19 61
48 22 3
48 24 26
48 27 2
48 35 27
48 36 47
48 38 43
48 39 21
48 42 33
48 44 59
48 45 34
48 51 32
48 53 19
48 56 7
48 58 16
48 59 58
48 61 0
48 64 37
48 66 57
48 68 11
49 12 4
49 17 29
49 22 42
49 29 46
49 33 23
49 36 18
49 40 38
49 41 58
49 42 63
49 43 32
49 44 8
49 47 45
49 49 62
49 50 44
49 53 60
49 61 59
49 62 10
50 0 9
50 2 48
50 3 50
50 8 64
50 12 42
50 13 25
50 25 36
50 27 24
50 28 34
50 32 39
50 33 4
50 35 37
50 38 33
50 39 58
50 43 7
50 44 3
50 45 69
50 47 16
50 50 60
50 54 0
50 60 6
50 63 12
51 1 31
51 2 2
51 6 5
51 9 34
51 15 48
51 19 24
51 24 58
51 28 32
51 30 35
51 32 29
51 34 57
51 36 64
51 50 39
51 54 37
51 62 43
51 64 20
51 67 49
52 0 51
52 5 40
52 8 27
52 9 48
52 19 17
52 22 11
52 23 13
52 26 22
52 28 24
52 29 15
52 31 31
52 33 55
52 35 29
52 42 64
52 47 42
52 50 38
52 51 23
52 60 10
52 64 5
52 65 3
52 69 43
53 1 68
53 3 42
53 9 7
53 12 69
53 13 23
53 14 64
53 15 58
53 19 54
53 21 20
53 23 6
53 26 63
53 27 8
53 30 26
53 33 10
53 34 61
53 35 56
53 37 66
53 38 38
53 41 18
53 45 35
53 53 51
53 57 0
53 62 21
53 67 19
53 69 27
54 8 40
54 11 48
54 12 30
54 16 58
54 22 25
54 31 67
54 32 64
54 37 29
54 39 59
54 44 32
54 49 2
54 50 51
54 51 42
54 56 43
54 57 69
54 58 35
54 59 22
54 61 44
54 62 41
54 65 13
55 16 5
55 17 49
55 18 48
55 19 14
55 20 33
55 22 30
55 24 4
55 25 26
55 36 35
55 40 65
55 41 12
55 44 58
55 46 39
55 51 6
55 55 45
55 56 23
55 63 32
55 64 68
55 69 24
56 1 39
56 3 68
56 8 28
56 11 56
56 12 16
56 15 18
56 21 5
56 22 14
56 23 50
56 34 40
56 35 36
56 40 61
56 42 62
56 49 26
56 50 0
56 51 31
56 52 64
56 59 7
56 60 12
56 64 59
56 68 9
57 0 24
57 2 40
57 4 21
57 6 65
57 8 38
57 12 45
57 17 64
57 18 16
57 20 55
57 24 6
57 27 13
57 28 35
57 42 22
57 46 63
57 55 10
57 59 44
57 61 27
57 62 52
57 68 15
58 0 46
58 2 23
58 5 63
58 7 13
58 11 22
58 13 4
58 15 54
58 19 18
58 20 7
58 21 60
58 24 55
58 25 12
58 27 40
58 28 38
58 38 20
58 41 14
58 43 29
58 53 21
58 63 51
58 64 34
58 67 25
59 0 67
59 3 44
59 5 17
59 6 39
59 7 58
59 9 59
59 14 2
59 23 64
59 29 28
59 32 20
59 35 3
59 44 50
59 46 24
59 48 57
59 51 37
59 60 9
59 61 11
59 65 68
59 66 7
60 3 5
60 4 48
60 7 60
60 15 33
60 16 18
60 23 7
60 28 2
60 29 42
60 30 11
60 36 29
60 38 59
60 43 61
60 51 26
60 53 40
60 55 13
60 56 28
60 61 43
60 67 46
60 69 65
61 2 26
61 8 54
61 13 13
61 14 24
61 17 43
61 18 35
61 24 61
61 28 11
61 35 63
61 40 12
61 41 59
61 48 37
61 51 48
61 61 7
61 62 31
61 63 44
61 66 34
61 67 60
61 68 69
62 0 54
62 9 24
62 13 64
62 14 53
62 16 26
62 17 32
62 20 23
62 21 19
62 27 43
62 32 31
62 34 12
62 35 13
62 38 51
62 39 55
62 45 0
62 46 2
62 47 48
62 54 41
62 58 39
62 61 3
62 67 28
63 1 32
63 2 66
63 6 27
63 7 44
63 8 21
63 10 28
63 16 38
63 18 18
63 20 13
63 21 12
63 22 34
63 25 15
63 31 54
63 32 17
63 33 62
63 34 26
63 35 2
63 38 39
63 45 14
63 47 59
63 49 65
63 50 20
63 53 45
63 54 69
63 61 68
63 65 43
63 67 3
63 68 29
64 1 64
64 2 52
64 4 45
64 5 28
64 13 69
64 19 58
64 22 68
64 25 53
64 26 20
64 32 36
64 37 26
64 39 13
64 44 9
64 46 3
64 47 4
64 53 30
64 57 43
64 60 35
65 2 12
65 6 8
65 10 44
65 11 30
65 14 20
65 15 45
65 16 40
65 18 62
65 19 4
65 25 46
65 29 25
65 31 42
65 39 48
65 43 60
65 47 49
65 49 23
65 51 36
65 52 27
65 56 39
65 57 2
65 58 53
65 64 58
66 1 24
66 2 34
66 4 41
66 5 20
66 6 10
66 9 28
66 10 3
66 11 53
66 13 17
66 14 43
66 16 61
66 21 6
66 22 37
66 26 31
66 29 27
66 32 13
66 33 14
66 36 51
66 41 47
66 44 35
66 46 46
66 47 19
66 50 45
66 51 52
66 54 42
66 56 11
66 61 57
66 62 4
66 67 38
66 69 48
67 2 13
67 5 66
67 10 24
67 12 61
67 14 6
67 19 47
67 23 11
67 24 3
67 25 5
67 26 18
67 31 60
67 32 56
67 35 7
67 39 30
67 41 52
67 43 48
67 48 67
67 52 2
67 53 32
67 59 14
67 60 37
67 63 22
67 66 59
67 67 1
68 3 23
68 6 2
68 11 3
68 12 66
68 14 34
68 16 8
68 18 17
68 21 46
68 22 47
68 25 48
68 27 69
68 29 63
68 30 56
68 32 30
68 33 5
68 36 21
68 48 1
68 51 19
68 54 18
68 56 9
68 59 45
68 63 38
68 68 68
69 2 58
69 8 61
69 9 29
69 18 66
69 19 11
69 21 17
69 23 45
69 29 33
69 38 41
69 40 28
69 45 46
69 46 22
69 50 32
69 51 65
69 57 64
69 61 24
69 66 0
69 67 34
