60
0 0 49
0 1 56
0 2 57
0 3 45
0 4 42
0 5 2
0 6 0
0 8 14
0 12 29
0 14 25
0 17 30
0 18 12
0 20 4
0 22 47
0 24 52
0 25 19
0 26 44
0 27 55
0 29 10
0 30 31
0 32 3
0 33 16
0 35 59
0 36 5
0 39 27
0 40 54
0 41 11
0 42 6
0 43 26
0 44 28
0 45 20
0 46 36
0 48 7
0 50 37
0 51 48
0 52 58
0 53 24
0 55 23
0 56 51
0 57 17
0 58 50
0 59 34
1 2 47
1 3 2
1 6 55
1 7 57
1 8 22
1 9 45
1 10 13
1 11 4
1 12 39
1 13 42
1 14 50
1 16 52
1 17 32
1 18 49
1 19 54
1 20 34
1 23 0
1 25 1
1 28 23
1 30 19
1 31 44
1 34 3
1 37 7
1 38 41
1 40 59
1 41 8
1 42 27
1 44 53
1 45 21
1 46 35
1 47 6
1 48 29
1 49 51
1 50 15
1 52 20
1 53 30
1 54 17
1 55 11
1 57 18
1 58 58
1 59 46
2 0 44
2 1 0
2 2 14
2 3 38
2 4 51
2 5 26
2 8 4
2 9 48
2 10 31
2 11 37
2 12 56
2 13 36
2 15 55
2 16 17
2 19 30
2 21 33
2 22 23
2 23 6
2 24 45
2 26 2
2 28 39
2 30 15
2 31 42
2 32 53
2 33 29
2 34 1
2 35 57
2 37 46
2 38 58
2 39 50
2 42 49
2 43 9
2 44 21
2 45 54
2 50 24
2 51 7
2 52 41
2 53 11
2 54 52
2 55 47
2 56 18
2 57 59
2 59 20
3 0 15
3 1 11
3 2 21
3 3 53
3 4 31
3 6 30
3 7 1
3 8 17
3 9 4
3 10 56
3 11 34
3 12 5
3 13 7
3 14 18
3 15 44
3 16 10
3 17 9
3 18 25
3 19 26
3 20 45
3 21 47
3 22 52
3 24 46
3 25 33
3 26 0
3 27 12
3 28 27
3 29 36
3 30 48
3 31 39
3 32 35
3 33 20
3 34 13
3 35 51
3 37 43
3 39 32
3 40 50
3 41 42
3 42 2
3 43 24
3 44 22
3 45 57
3 46 49
3 47 38
3 48 55
3 50 8
3 51 16
3 52 14
3 54 3
3 55 19
3 57 58
3 58 28
3 59 41
4 0 51
4 2 49
4 4 59
4 5 12
4 7 5
4 9 32
4 11 8
4 12 50
4 13 9
4 14 36
4 15 26
4 16 56
4 18 30
4 20 7
4 22 39
4 23 46
4 24 58
4 25 57
4 26 29
4 28 34
4 29 42
4 30 22
4 31 48
4 33 19
4 36 6
4 37 1
4 39 15
4 40 27
4 41 55
4 43 18
4 45 28
4 47 41
4 48 0
4 49 33
4 50 23
4 51 52
4 52 3
4 53 35
4 55 44
4 56 31
4 59 13
5 1 51
5 2 39
5 3 23
5 6 10
5 7 15
5 8 53
5 10 42
5 11 17
5 12 57
5 13 31
5 15 9
5 16 16
5 17 22
5 18 6
5 19 37
5 21 20
5 22 4
5 23 1
5 24 35
5 27 36
5 28 30
5 29 49
5 30 46
5 31 3
5 32 7
5 33 12
5 34 54
5 36 32
5 37 52
5 38 44
5 40 14
5 43 11
5 44 13
5 45 55
5 47 18
5 49 27
5 50 45
5 51 38
5 52 2
5 53 28
5 54 25
5 58 48
6 1 12
6 2 50
6 4 41
6 5 56
6 6 45
6 9 9
6 10 5
6 12 32
6 13 26
6 14 17
6 15 38
6 16 55
6 17 1
6 18 24
6 19 58
6 20 53
6 21 18
6 22 42
6 23 21
6 24 4
6 25 34
6 27 37
6 28 48
6 29 59
6 32 49
6 33 6
6 34 29
6 35 20
6 37 8
6 38 10
6 39 57
6 40 30
6 41 54
6 42 25
6 44 36
6 45 40
6 46 19
6 47 39
6 50 46
6 52 52
6 53 13
6 57 28
6 58 51
6 59 3
7 0 0
7 2 45
7 3 6
7 5 31
7 7 49
7 8 9
7 9 54
7 10 48
7 12 58
7 13 27
7 14 22
7 15 2
7 17 17
7 18 46
7 19 23
7 20 37
7 22 20
7 23 34
7 24 10
7 25 14
7 26 8
7 27 11
7 28 44
7 32 13
7 33 32
7 34 4
7 35 50
7 37 26
7 39 59
7 40 28
7 41 7
7 42 35
7 43 56
7 44 15
7 45 25
7 46 18
7 47 43
7 48 5
7 49 52
7 52 55
7 53 51
7 55 40
7 56 53
7 57 3
7 58 39
8 0 5
8 1 9
8 2 41
8 3 21
8 4 12
8 7 29
8 8 35
8 9 24
8 11 30
8 13 59
8 14 14
8 15 49
8 16 18
8 18 16
8 19 36
8 20 46
8 21 3
8 22 15
8 23 26
8 24 0
8 25 37
8 27 53
8 30 13
8 33 50
8 34 27
8 35 23
8 36 54
8 39 6
8 41 38
8 42 51
8 43 44
8 44 19
8 45 45
8 46 56
8 48 20
8 49 25
8 50 7
8 51 34
8 55 33
8 57 10
9 0 11
9 1 34
9 2 24
9 3 59
9 4 58
9 6 25
9 8 18
9 9 22
9 10 17
9 11 36
9 13 56
9 14 20
9 15 1
9 17 51
9 18 45
9 20 15
9 21 6
9 22 44
9 25 9
9 28 7
9 29 19
9 30 47
9 31 50
9 32 43
9 33 3
9 34 52
9 35 38
9 36 2
9 37 49
9 38 29
9 39 14
9 42 31
9 43 23
9 44 4
9 45 5
9 46 32
9 48 33
9 51 57
9 52 0
9 53 21
9 55 55
9 56 54
9 57 41
9 58 8
9 59 42
10 0 30
10 1 27
10 2 37
10 3 46
10 4 55
10 6 41
10 7 20
10 10 22
10 11 19
10 13 6
10 14 47
10 15 45
10 17 12
10 18 13
10 19 18
10 20 44
10 21 42
10 22 58
10 23 31
10 24 33
10 25 28
10 27 50
10 28 26
10 29 43
10 33 52
10 34 17
10 35 48
10 36 24
10 37 36
10 38 21
10 40 56
10 41 53
10 42 11
10 43 35
10 45 49
10 46 51
10 47 2
10 48 54
10 50 34
10 52 29
10 54 1
10 56 57
10 59 38
11 0 13
11 1 24
11 2 46
11 3 12
11 6 27
11 8 6
11 9 41
11 10 0
11 12 15
11 14 38
11 15 36
11 16 49
11 18 26
11 19 8
11 20 56
11 22 11
11 24 42
11 25 20
11 27 45
11 31 33
11 33 53
11 34 39
11 35 55
11 36 23
11 38 16
11 39 25
11 40 18
11 41 47
11 42 5
11 43 43
11 44 58
11 46 57
11 48 48
11 49 2
11 51 21
11 52 28
11 53 54
11 54 7
11 55 22
11 56 10
11 57 35
11 58 30
12 0 45
12 1 19
12 2 9
12 3 4
12 6 11
12 7 31
12 10 16
12 11 42
12 13 0
12 14 3
12 15 50
12 16 23
12 17 15
12 18 39
12 20 33
12 23 51
12 24 26
12 25 25
12 28 36
12 29 32
12 30 14
12 31 13
12 35 29
12 36 27
12 37 48
12 39 12
12 41 58
12 42 43
12 43 21
12 45 41
12 49 55
12 51 35
12 52 7
12 53 17
12 56 24
12 57 47
12 58 59
12 59 54
13 0 26
13 1 6
13 2 11
13 3 35
13 4 8
13 5 51
13 6 49
13 7 17
13 8 25
13 9 20
13 11 5
13 12 42
13 14 43
13 15 13
13 16 30
13 17 55
13 19 38
13 21 34
13 22 32
13 24 39
13 25 10
13 26 18
13 27 33
13 28 19
13 30 9
13 32 41
13 33 14
13 34 57
13 36 21
13 37 28
13 41 12
13 44 1
13 45 22
13 46 4
13 48 59
13 49 44
13 50 27
13 51 53
13 54 24
13 55 37
13 56 15
13 57 29
13 58 3
13 59 23
14 2 28
14 3 57
14 5 40
14 6 15
14 7 24
14 8 32
14 9 49
14 10 34
14 11 46
14 12 59
14 13 39
14 14 33
14 15 52
14 16 41
14 18 5
14 19 7
14 21 26
14 22 54
14 23 13
14 24 30
14 26 25
14 28 3
14 31 20
14 33 43
14 34 38
14 37 4
14 38 17
14 39 55
14 40 11
14 41 9
14 43 22
14 44 10
14 46 21
14 47 12
14 48 14
14 49 45
14 50 44
14 51 42
14 53 37
14 54 29
14 55 27
14 56 47
14 58 53
15 0 14
15 3 52
15 4 20
15 5 36
15 7 10
15 9 7
15 10 6
15 11 28
15 12 26
15 14 12
15 15 41
15 16 53
15 18 27
15 22 45
15 23 43
15 24 24
15 28 18
15 29 22
15 30 35
15 31 8
15 33 34
15 34 16
15 35 25
15 36 11
15 37 15
15 39 49
15 40 19
15 41 50
15 42 44
15 43 3
15 44 59
15 45 9
15 46 30
15 47 40
15 48 21
15 49 1
15 50 29
15 51 4
15 52 42
15 53 56
15 55 17
15 56 37
15 57 33
15 59 48
16 0 17
16 1 37
16 2 0
16 3 13
16 4 39
16 6 7
16 7 18
16 9 12
16 10 21
16 11 25
16 12 41
16 13 57
16 14 4
16 15 27
16 16 35
16 17 59
16 20 19
16 21 50
16 22 3
16 23 28
16 26 24
16 27 52
16 30 26
16 31 5
16 33 23
16 34 58
16 35 53
16 36 56
16 38 8
16 39 43
16 40 44
16 41 46
16 42 42
16 44 40
16 45 34
16 48 49
16 49 9
16 50 51
16 52 16
16 55 48
16 56 11
16 58 6
17 0 4
17 1 23
17 2 54
17 5 27
17 6 26
17 7 52
17 8 43
17 9 25
17 10 45
17 13 2
17 14 0
17 15 18
17 16 37
17 18 51
17 19 11
17 20 21
17 21 48
17 22 24
17 25 12
17 27 31
17 28 41
17 29 57
17 30 17
17 32 9
17 33 35
17 34 6
17 35 8
17 36 33
17 38 40
17 39 10
17 40 5
17 41 13
17 42 28
17 43 32
17 45 16
17 48 39
17 51 49
17 52 38
17 53 58
17 54 22
17 55 46
17 56 50
17 57 42
17 58 44
17 59 59
18 1 2
18 3 15
18 4 57
18 5 13
18 6 39
18 7 53
18 8 0
18 10 7
18 11 22
18 12 17
18 13 50
18 14 30
18 15 35
18 17 3
18 18 9
18 19 4
18 20 25
18 22 49
18 23 20
18 24 8
18 25 56
18 26 32
18 27 14
18 28 10
18 29 24
18 30 36
18 33 27
18 35 44
18 36 47
18 38 59
18 39 42
18 40 23
18 41 48
18 42 33
18 43 52
18 44 41
18 45 6
18 47 26
18 48 16
18 49 18
18 51 11
18 55 51
18 58 37
18 59 28
19 0 41
19 5 58
19 6 38
19 9 55
19 10 28
19 11 39
19 12 11
19 13 52
19 14 37
19 15 4
19 16 57
19 17 44
19 18 43
19 19 29
19 21 17
19 22 40
19 23 22
19 24 50
19 25 15
19 26 45
19 29 34
19 30 25
19 32 21
19 33 31
19 34 10
19 35 2
19 36 49
19 37 12
19 38 47
19 39 20
19 40 35
19 41 6
19 42 36
19 43 53
19 44 27
19 45 32
19 46 7
19 47 23
19 48 9
19 49 0
19 52 24
19 53 1
19 54 56
19 56 33
19 57 54
19 58 14
20 0 36
20 2 44
20 3 47
20 4 22
20 6 58
20 8 34
20 9 8
20 10 59
20 11 12
20 13 10
20 14 7
20 15 32
20 17 35
20 21 41
20 22 5
20 23 40
20 26 46
20 27 28
20 28 24
20 29 9
20 30 18
20 32 33
20 33 45
20 35 14
20 36 37
20 38 52
20 39 23
20 40 55
20 41 3
20 42 15
20 43 16
20 45 48
20 46 26
20 47 27
20 49 50
20 50 53
20 53 20
20 54 11
20 55 54
20 56 29
20 57 57
20 58 4
20 59 25
21 0 58
21 1 43
21 3 22
21 4 7
21 6 31
21 7 19
21 10 50
21 11 18
21 15 0
21 18 57
21 21 24
21 22 10
21 23 55
21 24 12
21 25 42
21 28 15
21 29 4
21 30 59
21 31 9
21 32 16
21 34 56
21 35 17
21 36 13
21 37 21
21 38 38
21 39 47
21 40 1
21 41 37
21 42 23
21 44 20
21 46 41
21 47 52
21 48 35
21 52 25
21 53 5
21 54 2
21 55 53
21 56 32
22 0 20
22 2 16
22 3 42
22 4 27
22 7 50
22 9 1
22 10 33
22 11 52
22 12 43
22 13 12
22 15 10
22 16 4
22 17 13
22 19 35
22 20 24
22 21 25
22 22 46
22 23 7
22 24 14
22 26 51
22 33 30
22 35 49
22 36 9
22 37 39
22 38 5
22 39 36
22 40 38
22 41 34
22 42 0
22 44 3
22 46 23
22 47 47
22 48 32
22 50 17
22 51 58
22 52 44
22 53 26
22 54 45
22 55 57
22 56 8
22 57 55
22 58 22
23 0 57
23 1 10
23 2 1
23 3 48
23 4 28
23 6 54
23 7 11
23 8 47
23 9 26
23 10 52
23 11 27
23 12 21
23 14 31
23 15 17
23 16 42
23 18 33
23 21 22
23 22 36
23 24 44
23 25 39
23 26 59
23 27 56
23 33 38
23 34 20
23 35 15
23 37 30
23 38 34
23 39 0
23 40 45
23 41 49
23 42 32
23 43 29
23 44 9
23 45 14
23 47 24
23 49 6
23 50 19
23 51 43
23 52 4
23 53 25
23 54 55
23 57 46
23 59 50
24 4 11
24 5 18
24 6 37
24 7 35
24 9 38
24 13 43
24 14 56
24 16 3
24 17 36
24 18 0
24 20 57
24 21 44
24 22 29
24 23 33
24 25 48
24 27 59
24 28 52
24 29 2
24 30 49
24 31 34
24 32 17
24 33 15
24 34 28
24 36 51
24 37 5
24 38 54
24 40 40
24 41 20
24 42 39
24 43 31
24 44 16
24 45 47
24 46 10
24 48 23
24 49 24
24 50 30
24 52 53
24 55 25
24 57 8
24 58 55
24 59 14
25 0 33
25 1 4
25 2 30
25 3 9
25 6 57
25 7 56
25 8 45
25 9 31
25 12 2
25 14 15
25 15 53
25 16 50
25 17 0
25 19 5
25 26 58
25 30 40
25 33 49
25 36 48
25 37 29
25 39 21
25 40 51
25 43 37
25 44 6
25 45 1
25 46 22
25 47 54
25 48 44
25 49 8
25 51 17
25 52 39
25 53 16
25 55 32
25 56 13
25 57 23
25 58 42
25 59 27
26 0 16
26 2 43
26 3 0
26 4 4
26 6 44
26 7 32
26 8 48
26 9 35
26 11 9
26 13 51
26 14 21
26 16 46
26 18 40
26 19 42
26 20 1
26 21 36
26 22 7
26 26 28
26 27 17
26 28 57
26 30 10
26 31 41
26 32 27
26 34 31
26 35 34
26 36 22
26 37 20
26 38 12
26 41 25
26 43 19
26 45 59
26 46 38
26 48 2
26 51 47
26 52 50
26 53 39
26 54 6
26 55 26
26 56 56
26 57 30
26 59 15
27 0 29
27 1 53
27 2 18
27 4 6
27 5 11
27 8 49
27 9 13
27 10 20
27 11 3
27 12 24
27 13 19
27 15 16
27 16 40
27 17 14
27 18 38
27 20 58
27 22 50
27 24 23
27 25 27
27 26 42
27 27 21
27 29 12
27 31 57
27 33 5
27 34 2
27 37 31
27 38 45
27 39 4
27 40 43
27 44 17
27 46 48
27 47 32
27 48 22
27 49 36
27 51 39
27 52 26
27 53 34
27 54 37
27 55 0
27 56 52
27 57 56
27 59 55
28 0 34
28 1 40
28 2 17
28 3 10
28 4 37
28 5 53
28 6 42
28 7 28
28 9 43
28 10 46
28 11 7
28 13 14
28 14 23
28 15 19
28 18 41
28 19 24
28 20 31
28 21 59
28 23 35
28 24 57
28 25 55
28 26 15
28 28 12
28 29 30
28 31 36
28 32 26
28 33 0
28 34 48
28 35 18
28 39 3
28 40 58
28 41 45
28 42 47
28 43 25
28 45 33
28 47 8
28 51 13
28 52 27
28 53 52
28 54 49
28 55 16
28 56 20
28 57 22
28 58 32
29 1 49
29 2 36
29 4 33
29 5 43
29 7 0
29 8 44
29 9 3
29 10 35
29 11 32
29 13 4
29 14 59
29 17 47
29 18 29
29 20 41
29 21 31
29 22 21
29 24 27
29 25 38
29 26 16
29 27 6
29 28 50
29 30 55
29 31 24
29 33 42
29 34 22
29 35 13
29 36 15
29 38 25
29 41 56
29 42 18
29 43 58
29 44 11
29 47 17
29 48 28
29 49 37
29 50 12
29 51 54
29 52 57
29 53 53
29 54 20
29 57 5
29 59 52
30 1 52
30 2 51
30 3 43
30 4 9
30 5 7
30 6 53
30 8 33
30 11 23
30 12 3
30 14 45
30 15 57
30 16 19
30 17 37
30 18 8
30 19 34
30 20 14
30 21 13
30 22 16
30 23 5
30 25 4
30 27 1
30 28 22
30 29 20
30 30 32
30 31 0
30 33 56
30 34 49
30 35 58
30 36 55
30 37 10
30 38 26
30 39 28
30 41 31
30 42 12
30 44 48
30 45 35
30 46 27
30 47 11
30 48 15
30 50 50
30 52 46
30 55 6
30 56 36
30 57 24
30 58 38
31 0 18
31 1 21
31 2 3
31 5 42
31 6 59
31 7 33
31 8 19
31 9 16
31 11 24
31 12 25
31 13 34
31 14 26
31 15 43
31 17 7
31 18 55
31 20 27
31 21 39
31 22 17
31 24 29
31 25 52
31 26 23
31 27 10
31 28 37
31 29 1
31 31 47
31 32 8
31 34 51
31 35 36
31 36 40
31 37 50
31 38 0
31 39 53
31 40 12
31 41 32
31 43 20
31 46 44
31 47 15
31 48 38
31 51 45
31 52 6
31 54 30
31 55 35
31 56 28
31 57 14
31 58 5
32 0 56
32 2 48
32 3 3
32 6 36
32 7 55
32 9 19
32 10 24
32 11 29
32 13 20
32 14 6
32 15 25
32 16 21
32 17 8
32 18 35
32 20 30
32 22 22
32 26 7
32 27 23
32 29 58
32 30 27
32 33 47
32 34 44
32 35 42
32 37 41
32 39 13
32 42 50
32 43 49
32 44 34
32 45 10
32 46 54
32 47 4
32 50 43
32 52 37
32 54 38
32 56 26
32 57 1
32 58 46
33 2 23
33 4 2
33 5 6
33 7 25
33 8 55
33 9 44
33 10 57
33 11 45
33 12 34
33 13 47
33 14 16
33 15 31
33 16 33
33 18 14
33 19 17
33 20 20
33 21 38
33 22 1
33 23 59
33 24 41
33 25 30
33 26 40
33 27 48
33 28 21
33 29 18
33 30 8
33 31 27
33 33 24
33 35 32
33 36 46
33 37 0
33 39 52
33 40 4
33 41 36
33 42 58
33 48 13
33 49 28
33 50 22
33 52 10
33 54 51
33 56 3
33 57 43
33 58 26
33 59 7
34 0 43
34 2 15
34 3 8
34 4 29
34 5 39
34 6 23
34 7 22
34 8 36
34 9 52
34 11 2
34 13 1
34 14 9
34 16 26
34 17 25
34 18 54
34 19 49
34 21 55
34 22 6
34 23 58
34 24 53
34 25 31
34 27 3
34 28 14
34 29 48
34 30 34
34 31 32
34 32 18
34 34 11
34 36 10
34 40 21
34 41 17
34 44 46
34 47 51
34 50 59
34 51 24
34 52 12
34 53 44
34 54 16
34 55 41
34 57 4
34 58 45
35 0 38
35 1 33
35 4 46
35 6 52
35 8 58
35 10 27
35 12 53
35 14 2
35 15 47
35 16 20
35 17 16
35 18 36
35 19 56
35 21 29
35 22 43
35 23 45
35 24 1
35 25 21
35 26 11
35 28 40
35 29 3
35 31 12
35 34 7
35 35 39
35 36 0
35 37 18
35 38 30
35 39 48
35 42 24
35 43 59
35 45 37
35 48 42
35 49 49
35 50 25
35 51 5
35 52 8
35 54 4
35 56 22
35 58 35
35 59 17
36 3 58
36 4 45
36 5 30
36 8 8
36 9 51
36 10 55
36 12 49
36 13 38
36 14 53
36 15 11
36 17 19
36 18 59
36 19 44
36 20 6
36 21 40
36 22 27
36 23 50
36 24 22
36 25 26
36 27 47
36 28 28
36 29 54
36 30 23
36 32 56
36 33 48
36 34 42
36 37 57
36 39 2
36 41 16
36 42 29
36 43 10
36 45 15
36 46 46
36 47 20
36 48 31
36 49 39
36 50 33
36 53 14
36 55 34
36 56 25
36 58 9
36 59 18
37 1 8
37 2 38
37 3 32
37 5 9
37 6 35
37 7 34
37 8 13
37 9 42
37 12 36
37 13 58
37 14 10
37 15 30
37 16 45
37 20 18
37 25 6
37 26 57
37 29 23
37 33 25
37 34 15
37 35 22
37 37 51
37 38 3
37 39 44
37 40 52
37 41 2
37 42 53
37 43 1
37 44 56
37 46 55
37 48 46
37 49 43
37 52 48
37 53 29
37 54 39
37 55 49
37 56 41
37 58 0
37 59 31
38 0 19
38 1 41
38 2 56
38 3 16
38 4 18
38 8 3
38 9 29
38 10 12
38 13 55
38 14 58
38 17 33
38 18 1
38 19 52
38 22 31
38 24 2
38 26 13
38 27 43
38 29 53
38 30 5
38 31 49
38 32 51
38 34 30
38 36 39
38 37 24
38 38 22
38 39 38
38 42 34
38 43 14
38 44 25
38 45 8
38 46 59
38 50 0
38 53 45
38 54 35
38 56 6
38 57 48
38 58 40
38 59 37
39 0 24
39 1 22
39 2 53
39 4 23
39 5 38
39 9 39
39 13 8
39 14 49
39 15 21
39 16 54
39 17 11
39 18 56
39 19 55
39 21 10
39 25 0
39 27 19
39 29 46
39 31 26
39 34 33
39 36 30
39 37 35
39 39 45
39 40 20
39 41 4
39 42 1
39 43 36
39 44 57
39 45 42
39 46 58
39 48 12
39 49 47
39 50 32
39 51 44
39 52 17
39 53 15
39 54 48
39 55 2
39 57 34
39 58 29
39 59 5
40 0 55
40 1 50
40 2 12
40 3 5
40 5 54
40 6 47
40 7 45
40 10 39
40 11 51
40 12 18
40 13 40
40 14 44
40 16 48
40 18 53
40 19 32
40 20 36
40 21 7
40 22 9
40 24 3
40 25 35
40 26 10
40 28 29
40 29 6
40 30 20
40 31 31
40 32 2
40 33 46
40 35 26
40 38 23
40 39 11
40 40 16
40 41 57
40 42 8
40 44 30
40 45 38
40 46 24
40 48 25
40 50 4
40 51 1
40 52 33
40 53 0
40 54 58
40 57 37
41 1 57
41 2 42
41 3 50
41 4 44
41 5 16
41 6 43
41 7 41
41 10 36
41 12 38
41 14 34
41 18 18
41 19 39
41 21 49
41 22 35
41 24 32
41 25 8
41 27 26
41 28 4
41 30 3
41 31 19
41 32 52
41 33 7
41 34 23
41 35 0
41 36 58
41 37 45
41 38 15
41 39 46
41 40 2
41 45 13
41 46 29
41 48 24
41 50 20
41 51 12
41 52 22
41 53 9
41 54 33
41 55 30
41 56 55
41 57 51
41 59 10
42 0 12
42 3 17
42 4 26
42 5 19
42 7 39
42 9 57
42 11 47
42 12 6
42 14 29
42 15 15
42 18 2
42 19 27
42 20 35
42 24 34
42 26 52
42 27 54
42 28 49
42 29 13
42 30 11
42 32 50
42 33 28
42 34 25
42 37 59
42 38 32
42 39 5
42 40 7
42 41 0
42 42 4
42 44 42
42 46 45
42 47 30
42 48 40
42 49 48
42 51 36
42 53 18
42 55 24
42 58 1
42 59 21
43 0 2
43 1 32
43 2 19
43 3 41
43 4 38
43 5 35
43 6 21
43 7 12
43 8 20
43 9 0
43 11 26
43 12 33
43 14 42
43 16 31
43 17 10
43 18 34
43 19 22
43 20 16
43 21 15
43 22 30
43 23 14
43 24 13
43 25 43
43 26 4
43 28 45
43 29 39
43 30 53
43 31 37
43 36 52
43 38 50
43 39 51
43 40 8
43 41 59
43 42 40
43 43 17
43 44 55
43 45 58
43 46 5
43 49 57
43 50 1
43 51 9
43 53 27
43 54 46
43 56 49
43 57 36
43 58 23
43 59 24
44 0 22
44 1 7
44 2 5
44 3 39
44 4 1
44 6 18
44 7 36
44 8 2
44 10 9
44 11 55
44 12 35
44 14 41
44 16 14
44 17 48
44 20 10
44 21 45
44 24 43
44 28 13
44 30 57
44 31 4
44 32 44
44 33 51
44 34 12
44 36 59
44 37 34
44 39 26
44 40 53
44 41 15
44 42 54
44 44 38
44 45 11
44 46 25
44 48 6
44 50 40
44 52 32
44 53 3
44 55 29
44 56 21
44 58 52
45 1 20
45 2 34
45 3 24
45 5 0
45 6 17
45 7 42
45 8 59
45 10 37
45 11 44
45 12 55
45 13 41
45 14 46
45 16 27
45 17 39
45 18 3
45 19 10
45 22 19
45 23 29
45 26 5
45 27 4
45 28 43
45 29 25
45 33 18
45 36 35
45 37 16
45 38 48
45 39 54
45 40 6
45 42 9
45 43 7
45 45 52
45 47 50
45 50 11
45 51 26
45 52 36
45 53 31
45 54 15
45 56 14
45 57 12
45 58 57
45 59 56
46 0 7
46 1 42
46 2 20
46 3 56
46 6 13
46 7 26
46 8 50
46 9 27
46 11 53
46 12 22
46 13 25
46 15 23
46 17 54
46 18 28
46 20 29
46 21 32
46 22 59
46 24 5
46 25 46
46 27 44
46 29 17
46 30 45
46 32 34
46 33 58
46 34 36
46 36 12
46 37 37
46 38 33
46 39 39
46 40 31
46 43 0
46 44 35
46 45 18
46 46 47
46 48 57
46 49 38
46 50 49
46 52 15
46 53 48
46 55 14
46 56 43
46 57 11
46 58 10
47 0 54
47 1 44
47 4 24
47 5 50
47 6 2
47 8 21
47 9 14
47 10 18
47 13 28
47 14 39
47 16 34
47 19 20
47 20 48
47 22 51
47 23 12
47 24 16
47 25 7
47 28 46
47 29 0
47 30 58
47 31 35
47 33 17
47 34 55
47 35 9
47 36 4
47 37 42
47 40 3
47 41 40
47 42 13
47 43 15
47 44 23
47 45 53
47 46 52
47 47 25
47 49 29
47 52 5
47 53 38
47 54 32
47 56 1
47 57 49
47 58 19
47 59 45
48 0 35
48 1 17
48 2 52
48 3 20
48 4 10
48 6 51
48 7 13
48 8 24
48 9 53
48 10 30
48 11 43
48 12 45
48 15 34
48 16 9
48 18 21
48 20 26
48 21 57
48 22 12
48 23 44
48 24 15
48 25 58
48 26 38
48 29 40
48 30 33
48 31 2
48 32 32
48 33 4
48 34 5
48 35 19
48 36 42
48 40 0
48 42 59
48 45 46
48 46 3
48 47 48
48 48 41
48 49 22
48 50 55
48 51 37
48 52 11
48 54 27
48 55 50
48 57 25
49 0 53
49 7 38
49 8 1
49 9 37
49 10 49
49 11 13
49 12 54
49 13 24
49 14 11
49 15 48
49 17 4
49 18 15
49 19 51
49 21 21
49 22 55
49 24 6
49 26 9
49 27 27
49 29 41
49 30 16
49 31 17
49 32 36
49 33 10
49 35 52
49 36 3
49 37 44
49 38 14
49 41 35
49 42 57
49 43 34
49 44 7
49 46 8
49 47 46
49 48 56
49 50 42
49 51 19
49 53 23
49 54 31
49 55 20
49 56 30
49 57 45
49 59 2
50 0 10
50 1 28
50 2 58
50 4 43
50 5 37
50 6 20
50 8 40
50 9 17
50 10 44
50 11 15
50 15 14
50 19 59
50 20 23
50 23 48
50 24 47
50 25 18
50 28 5
50 29 27
50 30 38
50 31 1
50 32 6
50 33 36
50 34 50
50 35 16
50 36 26
50 37 53
50 38 55
50 39 35
50 40 46
50 42 30
50 43 13
50 44 33
50 45 51
50 46 0
50 47 29
50 52 19
50 55 9
50 57 7
50 58 21
50 59 32
51 0 3
51 3 19
51 4 15
51 6 6
51 8 42
51 11 56
51 12 20
51 14 1
51 17 38
51 18 48
51 19 16
51 21 0
51 23 10
51 24 28
51 28 54
51 29 11
51 30 52
51 31 14
51 34 32
51 36 31
51 37 25
51 38 27
51 39 37
51 40 36
51 41 39
51 42 46
51 43 4
51 44 24
51 45 44
51 46 2
51 47 59
51 48 26
51 50 9
51 51 22
51 53 12
51 54 50
51 55 43
51 56 34
51 57 53
51 58 41
52 1 30
52 3 55
52 4 52
52 5 3
52 6 34
52 8 15
52 9 50
52 10 32
52 11 41
52 13 23
52 15 51
52 20 38
52 21 54
52 22 57
52 23 9
52 24 18
52 26 53
52 27 42
52 28 58
52 30 1
52 32 20
52 33 59
52 34 14
52 35 47
52 37 6
52 39 17
52 41 21
52 43 39
52 44 44
52 45 31
52 46 43
52 47 37
52 51 0
52 52 45
52 53 22
52 54 13
52 55 12
52 56 40
52 57 19
52 58 36
52 59 26
53 0 39
53 1 29
53 2 7
53 4 25
53 5 46
53 6 40
53 7 58
53 9 33
53 10 43
53 11 20
53 12 28
53 14 13
53 15 12
53 16 15
53 17 49
53 19 57
53 20 51
53 21 35
53 22 14
53 23 27
53 25 3
53 27 8
53 28 42
53 29 50
53 30 0
53 31 52
53 32 31
53 33 2
53 34 41
53 35 5
53 36 16
53 37 23
53 38 4
53 39 34
53 40 10
53 42 21
53 43 30
53 44 26
53 45 24
53 46 9
53 47 36
53 48 47
53 49 17
53 50 38
53 52 59
53 55 45
53 56 48
53 57 44
53 59 53
54 0 28
54 1 15
54 2 26
54 3 11
54 4 54
54 5 21
54 6 12
54 7 7
54 8 16
54 9 2
54 11 49
54 13 18
54 14 55
54 19 13
54 20 52
54 21 8
54 22 37
54 23 17
54 24 20
54 26 43
54 27 38
54 29 35
54 30 44
54 31 46
54 32 0
54 33 22
54 34 59
54 35 56
54 36 25
54 38 57
54 39 24
54 40 41
54 41 27
54 42 14
54 43 45
54 44 50
54 45 39
54 46 6
54 48 1
54 50 48
54 51 29
54 52 34
54 53 36
54 54 9
54 56 58
54 58 31
55 0 47
55 2 27
55 3 34
55 4 48
55 5 24
55 6 32
55 7 59
55 13 5
55 14 57
55 15 46
55 17 41
55 18 17
55 20 39
55 21 58
55 22 25
55 25 11
55 26 33
55 27 20
55 28 38
55 30 7
55 31 56
55 32 10
55 33 55
55 34 8
55 35 4
55 36 53
55 39 18
55 43 40
55 46 1
55 48 36
55 49 26
55 50 6
55 52 9
55 56 42
55 57 0
55 59 35
56 0 27
56 1 59
56 2 40
56 3 54
56 6 8
56 7 47
56 8 46
56 12 16
56 13 30
56 14 19
56 16 38
56 18 23
56 19 43
56 20 49
56 21 9
56 22 48
56 23 52
56 24 25
56 25 32
56 26 35
56 27 22
56 28 2
56 29 15
56 30 12
56 31 58
56 33 57
56 34 0
56 36 20
56 37 11
56 38 42
56 40 29
56 44 45
56 46 37
56 47 55
56 48 50
56 49 13
56 50 10
56 51 3
56 53 4
56 54 26
56 55 28
56 56 44
56 58 33
56 59 6
57 0 9
57 1 25
57 2 55
57 3 30
57 4 3
57 5 22
57 6 1
57 7 21
57 9 6
57 10 8
57 14 48
57 18 52
57 19 33
57 20 5
57 21 46
57 22 0
57 24 36
57 27 35
57 28 32
57 29 44
57 30 4
57 32 47
57 33 37
57 34 45
57 35 41
57 37 40
57 39 16
57 42 26
57 43 38
57 44 39
57 45 27
57 46 15
57 47 42
57 52 31
57 53 19
57 54 12
57 56 23
57 57 13
57 59 43
58 0 50
58 1 3
58 2 2
58 6 19
58 8 7
58 9 46
58 10 26
58 13 45
58 14 32
58 16 6
58 19 15
58 20 40
58 21 14
58 25 13
58 28 17
58 29 28
58 31 25
58 32 42
58 35 11
58 38 56
58 39 30
58 40 49
58 43 51
58 44 47
58 46 16
58 48 52
58 49 12
58 51 23
58 52 18
58 53 55
58 54 34
58 55 21
58 56 38
58 59 4
59 0 52
59 1 26
59 2 33
59 3 28
59 4 17
59 7 14
59 8 23
59 9 11
59 11 58
59 13 15
59 14 51
59 15 29
59 16 39
59 17 56
59 19 47
59 20 32
59 22 53
59 23 41
59 25 5
59 27 34
59 28 1
59 29 37
59 31 59
59 32 25
59 34 24
59 35 3
59 37 55
59 42 10
59 43 57
59 44 2
59 46 42
59 47 13
59 48 18
59 49 30
59 50 36
59 51 27
59 52 49
59 53 43
59 54 0
59 55 38
59 56 46
59 58 7
59 59 40
