70
0 0 38
0 1 27
0 2 60
0 4 25
0 5 61
0 8 8
0 9 67
0 10 26
0 12 66
0 14 3
0 16 21
0 17 56
0 18 12
0 19 45
0 20 20
0 21 65
0 22 68
0 23 69
0 24 52
0 26 50
0 27 51
0 31 57
0 32 48
0 33 55
0 35 32
0 36 43
0 37 53
0 38 9
0 39 37
0 40 58
0 41 7
0 42 64
0 43 36
0 47 10
0 48 5
0 49 30
0 52 13
0 53 54
0 54 40
0 55 17
0 56 46
0 58 11
0 60 1
0 61 28
0 62 39
0 63 15
0 64 2
0 65 34
1 5 18
1 6 47
1 7 33
1 8 61
1 10 34
1 12 28
1 13 42
1 14 15
1 15 65
1 16 39
1 17 2
1 21 50
1 24 58
1 25 63
1 27 46
1 29 19
1 30 36
1 33 4
1 34 5
1 35 37
1 40 23
1 41 60
1 42 45
1 43 51
1 44 48
1 45 52
1 47 53
1 48 64
1 49 12
1 51 27
1 53 59
1 54 26
1 55 57
1 59 21
1 60 9
1 62 54
1 63 56
1 69 35
2 1 62
2 5 21
2 6 12
2 8 50
2 9 13
2 10 66
2 11 33
2 13 68
2 14 53
2 15 18
2 16 25
2 18 35
2 19 14
2 21 16
2 22 67
2 24 46
2 25 5
2 31 0
2 32 55
2 33 51
2 34 26
2 35 44
2 37 56
2 41 49
2 42 34
2 43 9
2 44 42
2 46 31
2 48 11
2 49 19
2 51 36
2 52 3
2 53 37
2 54 17
2 55 69
2 56 28
2 58 59
2 59 48
2 62 64
2 63 54
2 64 29
2 66 1
2 67 58
2 68 20
2 69 7
3 1 13
3 2 50
3 3 3
3 4 21
3 5 48
3 6 66
3 8 69
3 9 8
3 10 5
3 11 51
3 13 40
3 14 28
3 15 23
3 17 27
3 19 26
3 20 16
3 21 30
3 22 63
3 23 67
3 24 9
3 25 10
3 26 0
3 28 59
3 29 34
3 30 68
3 32 29
3 33 60
3 34 56
3 36 61
3 37 43
3 38 7
3 39 24
3 40 2
3 41 37
3 44 45
3 46 38
3 47 35
3 50 44
3 53 46
3 57 54
3 61 17
3 64 57
3 67 62
3 68 65
3 69 58
4 2 41
4 3 26
4 4 44
4 5 12
4 6 15
4 10 7
4 11 37
4 12 0
4 13 33
4 14 9
4 15 22
4 16 13
4 19 31
4 20 1
4 21 23
4 23 46
4 25 50
4 28 67
4 29 8
4 31 52
4 37 35
4 39 36
4 41 29
4 42 60
4 43 4
4 44 24
4 45 45
4 46 2
4 47 32
4 48 19
4 49 55
4 51 16
4 52 14
4 54 38
4 56 56
4 57 51
4 58 20
4 59 3
4 60 47
4 61 69
4 64 10
4 65 30
4 69 5
5 1 28
5 2 29
5 4 53
5 6 39
5 8 48
5 11 46
5 14 32
5 15 6
5 19 15
5 21 69
5 25 0
5 28 20
5 29 16
5 33 10
5 34 66
5 35 31
5 36 36
5 37 19
5 38 63
5 39 61
5 40 45
5 43 30
5 44 21
5 48 35
5 49 17
5 50 24
5 51 42
5 54 1
5 55 43
5 57 52
5 58 54
5 60 11
5 61 47
5 64 38
5 65 26
5 68 67
5 69 60
6 2 43
6 3 47
6 5 29
6 6 55
6 7 21
6 8 35
6 11 30
6 12 14
6 13 45
6 14 51
6 15 3
6 18 69
6 20 19
6 21 6
6 23 9
6 26 4
6 27 37
6 29 11
6 30 58
6 31 41
6 32 0
6 33 31
6 35 50
6 36 67
6 38 60
6 41 34
6 42 61
6 44 59
6 46 15
6 49 56
6 51 25
6 52 53
6 53 68
6 54 49
6 55 1
6 56 20
6 62 28
6 63 22
6 67 36
7 0 67
7 1 60
7 2 15
7 3 45
7 5 41
7 8 54
7 9 63
7 10 13
7 11 44
7 13 9
7 14 59
7 15 37
7 16 12
7 18 65
7 19 18
7 21 14
7 23 39
7 24 31
7 25 61
7 27 20
7 28 19
7 30 3
7 32 36
7 33 2
7 34 68
7 35 53
7 36 22
7 37 21
7 39 10
7 40 55
7 41 51
7 45 35
7 46 28
7 49 42
7 50 25
7 51 49
7 52 57
7 53 17
7 54 8
7 55 0
7 58 23
7 59 58
7 60 38
7 61 32
7 62 66
7 63 6
7 64 62
7 65 47
7 66 24
7 67 4
7 68 30
7 69 34
8 0 59
8 2 28
8 3 58
8 4 18
8 5 57
8 6 4
8 9 30
8 12 46
8 14 17
8 16 23
8 18 26
8 19 42
8 20 60
8 22 53
8 23 56
8 25 32
8 26 33
8 27 48
8 28 29
8 31 12
8 33 43
8 35 24
8 36 52
8 39 50
8 40 6
8 41 69
8 43 21
8 45 22
8 47 19
8 48 54
8 49 11
8 50 55
8 52 38
8 55 36
8 58 44
8 59 8
8 60 15
8 62 49
8 63 31
8 65 68
8 66 41
8 67 39
8 68 14
9 0 19
9 3 14
9 5 42
9 6 53
9 7 59
9 8 0
9 9 32
9 10 57
9 12 64
9 13 15
9 14 56
9 15 46
9 17 58
9 18 28
9 21 40
9 22 26
9 24 37
9 26 67
9 27 18
9 28 49
9 32 4
9 33 52
9 37 10
9 38 8
9 39 34
9 40 62
9 41 41
9 43 7
9 45 38
9 46 51
9 50 27
9 51 69
9 52 43
9 53 66
9 55 9
9 57 35
9 58 12
9 60 29
9 61 13
9 62 3
9 64 23
9 65 17
9 68 54
9 69 21
10 2 53
10 3 33
10 5 14
10 6 19
10 8 12
10 11 17
10 12 40
10 13 43
10 15 42
10 17 37
10 19 62
10 20 3
10 21 56
10 22 5
10 23 22
10 25 64
10 26 51
10 28 35
10 29 68
10 31 18
10 32 67
10 34 32
10 36 8
10 37 49
10 38 61
10 39 59
10 41 23
10 44 66
10 46 27
10 49 25
10 50 7
10 52 46
10 56 6
10 60 58
10 61 65
10 62 11
10 63 34
10 64 9
10 65 44
10 66 31
10 67 60
10 68 57
10 69 20
11 0 13
11 1 69
11 2 57
11 4 41
11 5 34
11 7 32
11 8 26
11 10 60
11 11 3
11 12 29
11 13 28
11 14 10
11 15 25
11 19 54
11 20 47
11 22 65
11 27 16
11 28 36
11 29 14
11 31 49
11 36 66
11 37 11
11 40 19
11 42 23
11 45 64
11 48 1
11 49 4
11 50 6
11 51 58
11 53 40
11 55 52
11 57 5
11 58 9
11 59 44
11 61 24
11 62 27
11 63 17
11 64 53
11 66 67
11 68 8
11 69 18
12 0 56
12 3 61
12 7 68
12 8 47
12 11 38
12 15 69
12 16 26
12 17 60
12 18 0
12 20 12
12 21 35
12 22 34
12 24 14
12 25 21
12 26 6
12 28 40
12 30 9
12 31 25
12 32 28
12 33 24
12 34 4
12 36 11
12 37 18
12 39 44
12 41 62
12 42 36
12 43 1
12 44 63
12 45 33
12 46 58
12 48 17
12 50 46
12 51 20
12 53 32
12 54 52
12 55 15
12 56 2
12 58 48
12 59 43
12 60 65
12 62 16
12 64 64
12 66 23
12 67 8
12 68 22
12 69 53
13 0 44
13 1 6
13 3 22
13 4 17
13 5 49
13 6 68
13 7 56
13 9 64
13 10 18
13 12 45
13 15 2
13 17 54
13 18 8
13 19 61
13 20 63
13 26 55
13 27 66
13 29 9
13 31 40
13 32 15
13 33 3
13 34 16
13 40 48
13 41 67
13 45 31
13 46 25
13 47 33
13 48 60
13 50 42
13 51 51
13 52 10
13 53 19
13 54 34
13 55 38
13 56 27
13 61 58
13 62 65
13 64 59
13 65 28
13 68 5
14 3 55
14 4 28
14 5 31
14 7 67
14 11 8
14 14 18
14 15 12
14 17 6
14 20 11
14 21 19
14 24 7
14 25 52
14 28 10
14 29 30
14 30 65
14 31 35
14 33 39
14 34 44
14 35 4
14 36 46
14 37 9
14 38 58
14 39 21
14 40 54
14 41 36
14 43 57
14 44 38
14 45 23
14 47 45
14 48 43
14 49 62
14 50 48
14 52 33
14 53 42
14 55 66
14 56 13
14 57 16
14 58 41
14 59 56
14 61 1
14 63 27
14 68 25
15 0 37
15 2 67
15 3 12
15 5 62
15 7 35
15 8 43
15 9 28
15 10 39
15 11 14
15 12 13
15 15 40
15 18 44
15 19 25
15 23 4
15 24 61
15 25 18
15 26 59
15 27 8
15 28 23
15 30 50
15 32 34
15 36 54
15 37 51
15 38 0
15 39 47
15 42 10
15 43 46
15 45 42
15 46 19
15 48 36
15 49 6
15 54 65
15 55 7
15 56 32
15 57 11
15 58 58
15 59 38
15 60 45
15 66 21
15 68 2
16 1 65
16 3 56
16 5 5
16 6 46
16 7 28
16 9 21
16 10 14
16 12 4
16 13 29
16 14 43
16 15 67
16 17 45
16 19 50
16 20 8
16 22 13
16 23 19
16 26 58
16 28 24
16 29 61
16 30 48
16 31 60
16 32 62
16 33 69
16 35 33
16 36 40
16 37 38
16 39 55
16 40 51
16 41 20
16 43 66
16 48 53
16 49 44
16 50 35
16 52 16
16 54 36
16 56 41
16 58 2
16 61 31
16 62 15
16 64 47
16 65 37
16 66 30
16 67 25
16 69 32
17 0 5
17 1 12
17 2 39
17 5 19
17 6 9
17 8 57
17 9 16
17 10 25
17 12 56
17 13 51
17 14 66
17 15 64
17 16 8
17 17 46
17 19 4
17 20 31
17 23 24
17 25 67
17 27 23
17 28 22
17 29 27
17 30 35
17 31 30
17 32 53
17 36 29
17 37 13
17 39 17
17 40 40
17 41 0
17 42 1
17 43 62
17 46 55
17 53 58
17 57 69
17 59 28
17 64 7
17 67 61
17 68 11
18 0 20
18 3 38
18 5 25
18 6 54
18 7 49
18 8 40
18 10 23
18 11 58
18 12 37
18 13 69
18 14 21
18 16 51
18 17 19
18 18 48
18 20 18
18 21 7
18 22 2
18 23 36
18 25 6
18 26 16
18 28 53
18 29 44
18 30 1
18 31 34
18 32 68
18 33 67
18 34 27
18 38 13
18 40 56
18 41 17
18 43 24
18 44 8
18 46 41
18 47 11
18 48 26
18 49 39
18 50 4
18 51 33
18 52 47
18 53 15
18 54 10
18 55 59
18 56 22
18 58 52
18 59 9
18 60 42
18 62 50
18 63 30
18 64 0
18 65 35
18 66 28
18 67 55
18 68 46
18 69 64
19 0 22
19 2 64
19 3 18
19 6 24
19 8 25
19 10 43
19 11 16
19 12 39
19 13 52
19 16 0
19 19 46
19 20 65
19 21 1
19 22 32
19 27 31
19 29 41
19 33 44
19 35 56
19 37 57
19 38 20
19 40 26
19 42 11
19 43 6
19 44 49
19 45 27
19 46 30
19 47 14
19 54 28
19 57 67
19 58 3
19 59 42
19 60 53
19 64 15
19 65 55
19 66 50
19 68 62
19 69 8
20 0 48
20 1 24
20 2 37
20 3 7
20 5 35
20 6 34
20 7 13
20 8 4
20 9 40
20 10 63
20 11 12
20 12 30
20 13 5
20 14 31
20 17 21
20 18 52
20 19 23
20 20 49
20 21 67
20 23 8
20 25 3
20 26 38
20 28 54
20 29 39
20 32 61
20 33 11
20 34 51
20 39 69
20 40 32
20 41 6
20 42 42
20 43 45
20 44 27
20 45 53
20 47 66
20 51 44
20 52 17
20 54 19
20 55 62
20 57 65
20 62 47
20 63 58
20 64 22
20 65 33
20 69 2
21 1 67
21 2 25
21 3 66
21 4 47
21 5 30
21 6 13
21 8 10
21 9 38
21 10 58
21 12 62
21 13 24
21 15 7
21 16 16
21 17 5
21 18 39
21 20 55
21 21 36
21 22 21
21 23 52
21 25 9
21 26 64
21 27 33
21 29 69
21 30 59
21 31 46
21 32 44
21 33 56
21 34 49
21 35 42
21 37 15
21 38 12
21 41 65
21 42 6
21 43 0
21 46 20
21 47 40
21 48 34
21 49 68
21 51 18
21 52 51
21 54 53
21 57 4
21 58 17
21 59 57
21 61 61
21 63 45
21 64 26
21 66 43
21 67 14
21 68 35
22 0 49
22 3 28
22 5 54
22 8 32
22 9 22
22 10 65
22 12 31
22 13 19
22 14 26
22 16 45
22 18 27
22 19 41
22 20 48
22 22 56
22 23 20
22 24 55
22 25 69
22 26 13
22 27 10
22 28 57
22 30 0
22 31 29
22 32 38
22 35 7
22 36 21
22 37 34
22 39 1
22 40 37
22 44 2
22 46 39
22 47 9
22 50 60
22 51 62
22 52 42
22 54 51
22 61 46
22 62 24
22 63 64
22 64 50
22 65 8
22 66 44
22 68 17
22 69 4
23 2 12
23 3 11
23 4 7
23 5 40
23 7 0
23 8 68
23 9 43
23 11 49
23 12 65
23 14 54
23 15 47
23 16 36
23 17 44
23 18 64
23 21 31
23 22 61
23 23 5
23 24 25
23 26 10
23 28 32
23 29 18
23 30 46
23 35 3
23 36 15
23 37 8
23 38 39
23 39 62
23 41 58
23 44 23
23 46 48
23 47 42
23 49 50
23 50 51
23 51 26
23 54 67
23 55 14
23 56 33
23 60 30
23 61 4
23 62 37
23 63 20
23 64 60
23 67 63
24 0 26
24 1 18
24 2 21
24 4 66
24 5 45
24 7 36
24 9 39
24 10 50
24 13 25
24 14 24
24 16 30
24 17 12
24 18 41
24 19 57
24 22 54
24 23 53
24 24 20
24 25 15
24 27 61
24 28 52
24 29 38
24 34 46
24 36 2
24 37 33
24 38 29
24 39 56
24 40 59
24 44 69
24 46 67
24 50 16
24 52 7
24 54 0
24 55 44
24 57 1
24 58 19
24 59 62
24 62 10
24 63 48
24 64 65
24 66 8
24 67 28
24 69 42
25 0 3
25 2 40
25 3 50
25 4 39
25 5 55
25 6 57
25 9 46
25 10 29
25 14 62
25 16 48
25 17 25
25 18 63
25 19 47
25 21 9
25 25 44
25 26 30
25 27 22
25 28 6
25 29 67
25 30 69
25 36 49
25 38 24
25 39 26
25 40 41
25 41 1
25 42 5
25 46 37
25 47 43
25 48 31
25 49 35
25 50 34
25 53 60
25 54 64
25 55 42
25 56 4
25 57 10
25 59 7
25 61 0
25 63 14
25 64 11
25 66 65
25 67 17
25 69 68
26 0 60
26 1 41
26 4 33
26 5 52
26 6 50
26 9 29
26 12 18
26 13 35
26 14 57
26 19 2
26 20 53
26 22 22
26 24 65
26 25 42
26 26 49
26 27 56
26 28 13
26 30 62
26 32 17
26 34 1
26 35 46
26 36 31
26 37 66
26 38 32
26 39 40
26 40 7
26 42 28
26 48 37
26 51 6
26 52 64
26 53 11
26 54 43
26 55 51
26 58 68
26 61 55
26 63 3
26 64 8
26 65 59
26 67 45
26 68 58
26 69 25
27 0 18
27 2 49
27 5 16
27 6 59
27 10 2
27 11 31
27 12 23
27 13 62
27 18 24
27 19 13
27 20 15
27 22 11
27 23 58
27 24 64
27 25 20
27 26 60
27 29 22
27 33 61
27 34 39
27 37 65
27 38 68
27 39 0
27 40 69
27 41 55
27 46 6
27 51 8
27 54 41
27 55 32
27 57 53
27 60 36
27 61 25
27 63 52
27 64 42
27 65 9
27 68 19
28 0 8
28 1 33
28 7 14
28 8 30
28 9 65
28 10 48
28 11 4
28 13 18
28 14 64
28 15 49
28 16 50
28 17 23
28 18 58
28 22 17
28 24 43
28 25 55
28 27 60
28 30 6
28 32 10
28 33 12
28 39 3
28 41 16
28 42 25
28 43 19
28 44 39
28 45 40
28 46 66
28 49 37
28 51 57
28 53 69
28 54 68
28 55 63
28 56 24
28 57 28
28 59 27
28 62 41
28 65 45
28 67 31
28 68 7
28 69 52
29 3 51
29 6 8
29 8 38
29 9 55
29 10 54
29 11 48
29 12 61
29 13 31
29 14 23
29 16 10
29 18 59
29 19 52
29 21 46
29 23 33
29 25 49
29 26 42
29 30 14
29 32 45
29 33 13
29 34 20
29 36 56
29 37 4
29 39 9
29 40 17
29 42 24
29 44 35
29 45 7
29 46 11
29 47 69
29 48 50
29 49 22
29 50 0
29 51 66
29 52 68
29 55 3
29 56 36
29 57 60
29 58 37
29 61 27
29 63 40
29 64 21
29 66 57
29 67 53
30 1 34
30 3 43
30 4 37
30 8 59
30 15 27
30 18 17
30 19 51
30 23 61
30 24 48
30 25 36
30 26 63
30 29 20
30 30 67
30 31 14
30 32 46
30 34 60
30 36 69
30 37 39
30 38 31
30 39 33
30 40 50
30 42 65
30 43 55
30 46 40
30 47 44
30 48 13
30 50 52
30 51 28
30 57 15
30 62 26
30 63 47
30 64 1
30 66 64
30 67 38
30 68 32
31 1 30
31 3 35
31 5 64
31 6 23
31 8 27
31 11 25
31 12 69
31 13 48
31 14 39
31 15 1
31 16 18
31 17 61
31 18 34
31 19 53
31 20 22
31 21 58
31 22 47
31 24 51
31 26 36
31 27 52
31 28 2
31 29 17
31 30 63
31 36 6
31 37 5
31 39 54
31 40 24
31 42 55
31 43 20
31 44 67
31 45 0
31 47 62
31 52 60
31 55 56
31 56 38
31 59 68
31 60 12
31 63 41
31 67 21
31 68 28
32 1 50
32 2 2
32 4 0
32 6 58
32 7 39
32 8 19
32 10 8
32 12 5
32 13 36
32 15 38
32 16 31
32 17 9
32 18 21
32 19 69
32 21 33
32 22 35
32 23 66
32 25 68
32 26 40
32 27 57
32 30 18
32 34 34
32 35 13
32 36 44
32 37 55
32 38 45
32 39 28
32 41 3
32 42 4
32 46 26
32 48 41
32 49 64
32 50 1
32 51 22
32 53 6
32 56 30
32 58 56
32 59 24
32 62 59
32 64 14
32 67 29
32 68 61
32 69 54
33 1 46
33 4 6
33 7 64
33 8 9
33 12 8
33 13 67
33 14 65
33 16 22
33 17 0
33 19 63
33 20 30
33 22 29
33 23 25
33 24 38
33 25 16
33 26 62
33 27 44
33 28 26
33 29 24
33 31 28
33 33 36
33 34 13
33 35 21
33 37 68
33 39 58
33 40 14
33 42 12
33 44 56
33 47 41
33 48 23
33 49 32
33 50 5
33 51 4
33 52 2
33 53 51
33 54 54
33 56 60
33 57 45
33 58 47
33 60 40
33 62 7
33 63 57
33 64 48
33 65 18
33 66 49
33 68 15
33 69 31
34 0 68
34 1 26
34 2 52
34 4 60
34 6 11
34 7 1
34 9 58
34 10 61
34 11 53
34 13 14
34 15 29
34 21 57
34 22 42
34 23 32
34 24 33
34 27 59
34 31 67
34 32 30
34 33 46
34 34 64
34 35 41
34 36 65
34 37 25
34 39 45
34 41 24
34 42 56
34 44 40
34 47 13
34 48 0
34 49 8
34 50 38
34 52 6
34 54 7
34 55 37
34 57 55
34 59 66
34 62 34
34 63 4
34 67 10
34 68 31
34 69 39
35 0 1
35 1 23
35 2 4
35 3 36
35 4 63
35 5 6
35 6 67
35 7 40
35 8 29
35 9 5
35 10 52
35 11 34
35 12 2
35 14 44
35 15 39
35 16 49
35 17 26
35 18 66
35 19 48
35 24 13
35 26 22
35 27 65
35 30 8
35 31 51
35 32 42
35 34 59
35 37 50
35 38 47
35 39 68
35 41 64
35 42 18
35 45 9
35 46 33
35 47 56
35 48 12
35 50 11
35 51 7
35 53 14
35 54 62
35 57 46
35 59 41
35 63 60
35 64 43
35 68 24
35 69 16
36 0 47
36 1 7
36 2 51
36 3 31
36 4 30
36 6 56
36 7 3
36 8 22
36 9 15
36 10 59
36 11 64
36 12 34
36 13 4
36 15 41
36 20 24
36 21 43
36 24 60
36 26 18
36 27 6
36 30 57
36 31 1
36 33 19
36 34 61
36 35 14
36 36 68
36 37 17
36 38 69
36 40 9
36 43 23
36 45 54
36 46 8
36 48 42
36 50 2
36 51 37
36 54 32
36 55 11
36 56 26
36 57 13
36 58 27
36 59 49
36 61 38
36 63 50
36 64 33
36 66 63
36 67 20
36 68 10
37 0 11
37 1 61
37 3 67
37 5 28
37 9 45
37 12 10
37 13 64
37 14 42
37 15 20
37 16 1
37 18 32
37 19 29
37 20 54
37 21 44
37 22 15
37 24 6
37 25 58
37 26 66
37 27 25
37 28 69
37 29 50
37 30 39
37 35 5
37 38 21
37 40 27
37 41 46
37 42 19
37 43 33
37 45 3
37 47 47
37 48 4
37 49 38
37 50 9
37 51 68
37 52 34
37 53 53
37 54 18
37 55 55
37 56 8
37 57 23
37 58 63
37 59 16
37 61 57
37 62 56
37 63 12
37 64 17
37 66 60
37 67 2
37 69 30
38 0 35
38 3 52
38 4 46
38 5 17
38 6 60
38 7 42
38 8 20
38 12 44
38 13 54
38 15 59
38 16 43
38 18 23
38 20 9
38 22 48
38 25 2
38 27 14
38 28 31
38 29 15
38 30 45
38 32 57
38 34 62
38 35 22
38 36 41
38 38 25
38 40 1
38 44 18
38 48 7
38 50 39
38 51 61
38 52 19
38 53 0
38 56 37
38 57 26
38 60 51
38 61 40
38 62 38
38 64 55
38 69 66
39 2 33
39 4 32
39 5 46
39 6 5
39 10 69
39 11 24
39 13 10
39 15 57
39 16 59
39 17 47
39 18 51
39 19 65
39 21 25
39 22 41
39 23 54
39 24 12
39 25 22
39 26 44
39 27 11
39 28 68
39 29 13
39 30 64
39 32 19
39 40 18
39 41 26
39 42 38
39 43 53
39 44 50
39 45 66
39 46 35
39 47 49
39 48 8
39 50 14
39 51 48
39 52 29
39 54 4
39 55 28
39 56 63
39 59 6
39 60 27
39 61 20
39 62 17
39 64 56
39 65 52
39 67 30
39 68 45
39 69 36
40 0 66
40 1 25
40 2 48
40 3 63
40 4 52
40 5 15
40 6 3
40 7 51
40 9 34
40 19 9
40 20 40
40 23 2
40 25 8
40 26 11
40 30 28
40 31 45
40 32 12
40 34 30
40 38 38
40 39 67
40 40 61
40 41 31
40 42 22
40 43 56
40 44 53
40 45 37
40 46 14
40 47 57
40 48 59
40 49 43
40 50 29
40 51 23
40 53 39
40 56 35
40 58 5
40 60 24
40 61 54
40 63 0
40 64 44
40 65 65
40 66 26
40 68 6
41 2 62
41 3 32
41 4 8
41 5 38
41 7 24
41 8 67
41 9 41
41 10 55
41 13 50
41 14 6
41 15 53
41 16 35
41 17 20
41 18 9
41 19 16
41 20 39
41 23 11
41 24 22
41 27 0
41 28 3
41 29 57
41 30 51
41 31 47
41 32 2
41 33 14
41 34 31
41 35 45
41 37 48
41 38 36
41 40 64
41 42 33
41 43 68
41 44 58
41 45 26
41 46 17
41 47 30
41 48 61
41 55 5
41 56 25
41 57 29
41 58 10
41 59 60
41 60 4
41 61 15
41 66 69
41 67 7
41 69 46
42 0 16
42 1 0
42 2 6
42 5 58
42 7 34
42 12 3
42 14 63
42 16 47
42 17 33
42 18 31
42 19 56
42 20 10
42 21 20
42 28 14
42 32 39
42 33 26
42 34 25
42 35 23
42 37 40
42 38 30
42 40 36
42 42 17
42 43 18
42 44 46
42 45 29
42 46 43
42 47 27
42 48 9
42 50 61
42 51 60
42 52 69
42 55 13
42 56 65
42 57 24
42 58 22
42 59 52
42 60 41
42 61 35
42 62 51
42 63 59
42 64 37
42 65 42
42 68 4
43 1 16
43 3 60
43 7 54
43 9 57
43 11 45
43 12 43
43 13 23
43 15 14
43 16 20
43 17 49
43 18 2
43 19 34
43 20 33
43 23 21
43 26 25
43 27 7
43 28 17
43 29 63
43 33 5
43 36 9
43 37 22
43 39 11
43 41 32
43 42 30
43 43 61
43 45 50
43 46 10
43 47 68
43 48 28
43 51 47
43 53 52
43 54 59
43 55 48
43 57 0
43 59 13
43 63 42
43 66 38
43 67 6
43 68 3
43 69 24
44 1 21
44 3 40
44 5 43
44 6 6
44 7 23
44 8 5
44 9 10
44 10 42
44 11 29
44 15 52
44 18 49
44 21 18
44 23 44
44 26 20
44 27 69
44 29 58
44 30 60
44 31 65
44 32 22
44 33 62
44 35 66
44 37 31
44 38 41
44 40 12
44 44 7
44 46 54
44 47 36
44 48 38
44 52 15
44 53 4
44 55 64
44 56 48
44 57 14
44 60 16
44 68 51
45 0 36
45 1 47
45 3 30
45 4 13
45 5 7
45 7 46
45 8 56
45 9 31
45 10 64
45 11 19
45 13 44
45 14 4
45 15 62
45 16 11
45 19 22
45 20 32
45 23 45
45 26 35
45 27 29
45 28 66
45 29 26
45 32 58
45 34 50
45 37 27
45 38 43
45 41 12
45 43 49
45 49 23
45 52 24
45 53 28
45 54 9
45 55 16
45 56 14
45 58 1
45 59 37
45 60 5
45 61 3
45 63 18
45 65 10
45 66 54
45 69 57
46 0 9
46 1 59
46 3 8
46 5 33
46 7 19
46 8 7
46 9 47
46 10 36
46 11 13
46 13 34
46 16 38
46 21 62
46 22 18
46 24 35
46 28 44
46 31 10
46 32 3
46 33 30
46 36 14
46 38 27
46 39 4
46 41 54
46 42 51
46 43 40
46 44 26
46 45 20
46 46 57
46 47 67
46 50 68
46 51 0
46 52 11
46 53 29
46 54 42
46 55 39
46 56 55
46 59 1
46 61 37
46 62 5
46 63 24
46 64 69
46 66 58
46 67 64
46 68 66
47 1 53
47 3 59
47 4 22
47 6 20
47 7 45
47 9 36
47 10 40
47 11 60
47 12 32
47 13 3
47 16 14
47 18 46
47 19 21
47 21 29
47 24 30
47 25 54
47 26 7
47 27 12
47 28 42
47 30 11
47 31 26
47 34 35
47 35 34
47 37 23
47 38 1
47 39 19
47 40 52
47 41 2
47 42 63
47 46 13
47 47 31
47 48 39
47 50 50
47 51 41
47 55 8
47 56 0
47 57 25
47 58 16
47 59 18
47 61 5
47 63 62
47 66 10
47 67 69
47 68 47
48 3 15
48 5 32
48 7 57
48 8 66
48 9 6
48 10 46
48 11 2
48 13 30
48 18 20
48 21 28
48 23 40
48 29 59
48 31 53
48 33 35
48 35 12
48 38 54
48 39 7
48 40 33
48 41 61
48 45 19
48 46 64
48 49 69
48 52 22
48 54 39
48 56 45
48 57 44
48 59 0
48 60 10
48 61 60
48 65 25
48 66 47
48 67 9
49 0 10
49 1 51
49 3 2
49 6 44
49 7 55
49 8 1
49 9 3
49 11 23
49 13 61
49 17 53
49 18 50
49 20 0
49 22 25
49 25 48
49 26 57
49 27 43
49 28 30
49 30 32
49 32 41
49 34 8
49 36 45
49 37 29
49 38 15
49 39 27
49 46 42
49 47 38
49 48 65
49 50 40
49 51 12
49 52 62
49 57 59
49 58 4
49 59 26
49 60 6
49 62 14
49 63 11
49 65 64
49 67 35
49 68 69
49 69 9
50 0 31
50 2 47
50 3 37
50 4 20
50 5 44
50 6 62
50 8 55
50 9 14
50 10 1
50 11 9
50 12 36
50 13 11
50 16 58
50 17 43
50 19 19
50 20 61
50 22 23
50 24 42
50 27 49
50 29 54
50 30 7
50 31 63
50 32 5
50 34 57
50 35 25
50 36 0
50 38 4
50 39 32
50 43 52
50 44 15
50 46 59
50 48 51
50 50 12
50 52 67
50 53 38
50 55 26
50 58 18
50 59 33
50 61 6
50 62 69
50 63 28
50 64 30
50 66 48
50 68 68
50 69 45
51 0 51
51 1 54
51 2 18
51 3 62
51 4 65
51 5 20
51 7 12
51 9 27
51 11 28
51 12 26
51 13 21
51 15 34
51 16 44
51 17 35
51 19 33
51 22 6
51 24 4
51 26 19
51 27 55
51 28 37
51 30 16
51 32 63
51 33 53
51 34 40
51 35 60
51 37 64
51 38 49
51 39 2
51 40 11
51 41 45
51 44 25
51 45 61
51 46 69
51 47 0
51 49 24
51 55 68
51 57 66
51 58 38
51 60 22
51 61 41
51 63 8
51 64 46
51 65 15
51 66 59
51 68 42
52 0 27
52 1 5
52 4 1
52 6 69
52 7 4
52 8 28
52 9 60
52 10 68
52 13 39
52 14 22
52 16 67
52 17 55
52 19 0
52 20 58
52 21 32
52 22 3
52 23 42
52 26 2
52 27 34
52 28 25
52 30 30
52 32 50
52 35 57
52 36 64
52 39 6
52 41 35
52 42 9
52 47 26
52 48 62
52 49 21
52 50 54
52 52 40
52 53 13
52 54 66
52 55 18
52 56 44
52 57 17
52 59 61
52 63 19
52 64 12
52 65 56
53 1 64
53 4 38
53 5 50
53 7 8
53 8 11
53 9 4
53 10 44
53 11 61
53 12 15
53 13 41
53 14 40
53 17 65
53 18 67
53 19 66
53 20 25
53 22 10
53 23 6
53 24 59
53 25 29
53 26 21
53 29 47
53 30 13
53 35 19
53 36 28
53 40 3
53 41 18
53 42 46
53 43 31
53 45 58
53 46 22
53 47 52
53 49 14
53 50 32
53 52 36
53 53 9
53 54 55
53 55 33
53 57 49
53 58 34
53 59 23
53 60 60
53 62 30
53 64 39
53 65 1
54 0 69
54 1 14
54 3 21
54 4 31
54 5 3
54 6 18
54 7 16
54 11 1
54 12 58
54 13 2
54 14 37
54 16 29
54 18 55
54 22 4
54 25 39
54 26 5
54 28 50
54 29 64
54 30 40
54 31 27
54 34 53
54 35 17
54 36 38
54 38 23
54 40 68
54 42 20
54 43 41
54 44 62
54 46 56
54 48 44
54 49 51
54 53 47
54 56 59
54 57 36
54 58 46
54 59 63
54 62 13
54 64 32
54 65 19
54 66 52
54 67 0
54 68 9
54 69 61
55 0 14
55 1 11
55 3 1
55 4 34
55 5 27
55 9 19
55 11 59
55 12 68
55 14 8
55 15 51
55 17 22
55 21 64
55 23 50
55 24 44
55 26 65
55 28 4
55 29 37
55 30 38
55 32 54
55 34 23
55 39 25
55 43 60
55 45 48
55 48 67
55 51 45
55 52 28
55 53 10
55 54 20
55 55 61
55 56 9
55 59 47
55 61 66
55 63 36
55 66 55
55 67 3
55 68 40
56 1 2
56 2 26
56 3 68
56 4 12
56 5 0
56 6 36
56 9 20
56 14 11
56 15 10
56 17 42
56 18 18
56 21 53
56 22 30
56 23 49
56 24 69
56 25 19
56 26 3
56 27 32
56 28 58
56 32 51
56 33 34
56 35 16
56 36 5
56 37 24
56 39 39
56 41 59
56 42 35
56 43 22
56 44 6
56 45 17
56 46 63
56 50 64
56 51 1
56 52 55
56 53 57
56 54 33
56 56 40
56 57 9
56 58 65
56 59 4
56 64 31
56 65 21
56 66 45
56 67 27
56 68 29
56 69 43
57 0 7
57 1 8
57 4 3
57 7 29
57 9 23
57 13 17
57 14 48
57 19 60
57 21 27
57 22 38
57 24 26
57 25 51
57 26 24
57 27 40
57 30 61
57 31 54
57 34 69
57 35 59
57 36 12
57 37 58
57 39 66
57 40 13
57 41 25
57 44 20
57 45 32
57 47 18
57 51 5
57 52 31
57 53 1
57 58 42
57 59 19
57 62 2
57 63 9
57 64 52
57 65 4
57 66 15
57 68 0
57 69 10
58 0 39
58 2 3
58 4 26
58 5 9
58 7 11
58 8 17
58 9 35
58 13 53
58 14 12
58 16 6
58 18 54
58 19 38
58 20 66
58 21 24
58 23 37
58 24 32
58 25 59
58 28 28
58 29 42
58 30 44
58 33 57
58 34 36
58 35 51
58 36 58
58 37 67
58 38 10
58 39 13
58 40 47
58 42 8
58 43 14
58 44 61
58 46 52
58 50 18
58 54 5
58 55 20
58 58 25
58 60 7
58 61 23
58 62 4
58 66 56
58 68 41
58 69 33
59 0 2
59 3 65
59 4 57
59 6 38
59 8 36
59 9 26
59 11 18
59 12 27
59 14 45
59 15 28
59 16 61
59 18 62
59 19 5
59 20 37
59 21 48
59 22 40
59 25 66
59 26 46
59 27 35
59 29 0
59 30 19
59 33 47
59 34 33
59 35 39
59 36 60
59 38 34
59 39 14
59 41 44
59 42 53
59 43 54
59 45 68
59 46 3
59 47 51
59 48 55
59 49 20
59 50 56
59 53 49
59 54 15
59 59 29
59 61 42
59 62 8
59 66 16
59 67 11
59 68 23
59 69 59
60 0 17
60 3 5
60 4 54
60 5 4
60 6 14
60 7 10
60 8 46
60 9 44
60 11 43
60 12 12
60 13 63
60 18 36
60 19 3
60 22 49
60 23 47
60 24 29
60 26 1
60 27 53
60 28 9
60 30 55
60 33 7
60 34 65
60 35 26
60 37 6
60 41 22
60 42 58
60 44 34
60 46 61
60 47 60
60 49 66
60 52 59
60 55 19
60 56 52
60 59 40
60 60 50
60 63 32
60 65 24
60 67 41
60 68 48
60 69 15
61 3 16
61 5 39
61 7 31
61 10 0
61 12 67
61 14 61
61 15 21
61 18 22
61 21 60
61 25 37
61 26 41
61 27 17
61 28 1
61 33 59
61 35 48
61 36 50
61 38 35
61 39 65
61 40 49
61 42 43
61 44 12
61 46 4
61 47 64
61 48 32
61 51 56
61 52 44
61 53 3
61 56 15
61 57 68
61 58 26
61 59 45
61 60 19
61 61 8
61 62 57
61 63 29
61 64 6
61 66 20
61 69 28
62 1 44
62 2 46
62 5 60
62 6 16
62 7 69
62 8 52
62 13 56
62 16 3
62 17 1
62 18 19
62 24 68
62 25 24
62 26 37
62 27 36
62 29 2
62 30 25
62 31 58
62 32 32
62 34 41
62 35 8
62 36 10
62 38 17
62 43 13
62 44 47
62 45 28
62 46 21
62 47 59
62 52 61
62 53 30
62 54 63
62 55 40
62 57 48
62 58 39
62 59 12
62 64 4
62 66 14
62 67 22
63 0 15
63 1 20
63 2 61
63 3 46
63 4 51
63 6 37
63 7 66
63 9 68
63 10 45
63 13 65
63 15 8
63 20 59
63 24 40
63 25 38
63 29 35
63 30 26
63 31 21
63 32 23
63 33 17
63 34 22
63 36 4
63 37 28
63 38 53
63 39 5
63 41 47
63 43 27
63 45 24
63 51 52
63 52 54
63 53 33
63 54 12
63 56 1
63 57 18
63 58 0
63 59 32
63 60 13
63 62 25
63 63 10
63 64 19
63 65 2
63 67 34
63 68 60
63 69 14
64 1 19
64 4 58
64 5 10
64 6 40
64 7 7
64 8 37
64 9 18
64 11 26
64 14 14
64 15 4
64 17 16
64 18 56
64 23 28
64 25 47
64 26 8
64 27 21
64 30 31
64 32 6
64 33 68
64 36 55
64 38 59
64 40 34
64 41 9
64 43 29
64 47 12
64 48 49
64 49 53
64 50 17
64 51 65
64 54 61
64 55 30
64 56 3
64 57 62
64 58 45
64 62 60
64 63 67
64 64 36
64 65 13
64 66 25
64 67 23
64 68 50
65 0 65
65 3 25
65 5 8
65 7 27
65 8 21
65 9 56
65 13 16
65 15 55
65 18 60
65 23 18
65 24 54
65 26 68
65 30 17
65 32 52
65 33 50
65 40 10
65 42 67
65 43 38
65 44 11
65 45 4
65 46 1
65 47 23
65 48 46
65 49 7
65 52 12
65 55 31
65 59 39
65 60 33
65 61 9
65 62 42
65 63 44
65 65 0
65 66 34
66 1 4
66 2 58
66 3 64
66 6 28
66 17 51
66 18 6
66 21 15
66 22 8
66 23 35
66 24 18
66 26 26
66 27 38
66 28 60
66 30 53
66 33 23
66 35 67
66 36 17
66 37 0
66 39 49
66 40 30
66 43 42
66 44 41
66 45 16
66 46 44
66 48 45
66 50 21
66 53 63
66 54 27
66 57 32
66 58 62
66 59 31
66 60 52
66 61 56
66 62 55
66 64 5
66 65 36
66 66 11
66 67 24
66 69 37
67 0 30
67 1 42
67 2 45
67 5 65
67 8 2
67 9 52
67 10 22
67 12 1
67 13 57
67 15 43
67 16 56
67 19 58
67 21 61
67 23 68
67 24 62
67 25 26
67 27 19
67 28 0
67 32 8
67 33 33
67 37 47
67 39 48
67 40 66
67 41 39
67 43 69
67 46 23
67 47 4
67 49 31
67 50 15
67 51 3
67 53 27
67 54 35
67 55 53
67 57 37
67 60 20
67 63 38
67 65 63
67 66 40
67 67 50
68 0 0
68 5 53
68 8 63
68 14 68
68 15 36
68 17 14
68 19 64
68 20 50
68 21 59
68 23 30
68 27 4
68 28 56
68 29 48
68 31 19
68 34 58
68 35 47
68 36 35
68 37 54
68 38 37
68 40 65
68 41 15
68 42 40
68 43 44
68 45 41
68 46 60
68 47 25
68 48 2
68 50 62
68 51 11
68 55 46
68 56 12
68 57 43
68 60 34
68 61 45
68 62 6
68 64 67
68 65 16
68 67 52
68 68 21
68 69 69
69 0 50
69 1 68
69 3 0
69 6 51
69 10 53
69 11 66
69 12 25
69 15 56
69 16 33
69 17 69
69 18 14
69 19 6
69 22 36
69 24 57
69 25 40
69 27 30
69 29 43
69 30 10
69 31 42
69 32 11
69 33 22
69 34 55
69 36 26
69 37 45
69 38 65
69 43 64
69 44 37
69 45 46
69 46 32
69 47 1
69 48 27
69 49 49
69 51 9
69 52 20
69 54 16
69 55 2
69 57 8
69 59 54
69 60 3
69 63 63
69 66 12
69 67 19
69 69 38
