60
0 0 47
0 1 24
0 3 40
0 4 26
0 5 17
0 6 15
0 7 30
0 8 32
0 9 35
0 10 25
0 12 41
0 13 59
0 16 20
0 17 4
0 18 7
0 19 11
0 20 33
0 21 48
0 24 31
0 26 23
0 27 16
0 29 28
0 30 52
0 34 2
0 35 37
0 36 6
0 37 1
0 38 51
0 39 9
0 40 0
0 41 57
0 44 10
0 46 5
0 47 46
0 48 39
0 49 27
0 50 34
0 51 43
0 52 8
0 53 22
0 54 58
0 56 14
0 58 29
1 0 7
1 2 45
1 4 55
1 6 48
1 8 53
1 11 38
1 13 39
1 14 30
1 16 58
1 19 25
1 20 59
1 21 19
1 23 54
1 24 11
1 26 14
1 28 47
1 29 27
1 30 8
1 31 46
1 32 18
1 33 36
1 35 17
1 36 1
1 37 12
1 38 13
1 40 2
1 43 6
1 48 21
1 49 9
1 50 3
1 51 16
1 52 57
1 53 50
1 55 24
1 56 34
1 57 44
1 58 23
1 59 52
2 0 31
2 1 26
2 2 23
2 8 48
2 9 15
2 11 2
2 12 0
2 13 30
2 14 33
2 19 27
2 20 49
2 21 50
2 22 10
2 24 34
2 25 42
2 26 58
2 28 20
2 29 59
2 30 16
2 32 39
2 34 38
2 35 28
2 36 5
2 39 6
2 40 8
2 41 41
2 42 19
2 43 4
2 45 14
2 50 47
2 51 3
2 55 57
2 58 24
2 59 12
3 1 56
3 3 35
3 4 49
3 5 28
3 6 54
3 14 5
3 16 10
3 17 8
3 18 38
3 19 37
3 21 15
3 22 9
3 23 22
3 24 40
3 27 50
3 29 41
3 30 14
3 31 30
3 35 26
3 38 3
3 41 20
3 43 34
3 44 55
3 45 31
3 47 1
3 48 0
3 49 45
3 50 4
3 51 24
3 54 13
3 55 47
3 57 52
4 0 29
4 1 49
4 2 53
4 3 15
4 5 50
4 8 5
4 11 6
4 12 36
4 14 17
4 15 22
4 17 25
4 19 42
4 23 52
4 24 37
4 27 13
4 28 1
4 29 35
4 30 55
4 34 28
4 35 57
4 37 59
4 38 23
4 39 12
4 40 10
4 43 9
4 46 0
4 48 16
4 49 40
4 50 51
4 52 3
4 54 21
4 56 18
4 57 34
4 59 48
5 1 22
5 2 11
5 3 17
5 5 34
5 7 44
5 9 0
5 10 7
5 11 50
5 13 46
5 14 26
5 16 24
5 17 5
5 18 53
5 19 20
5 20 30
5 21 16
5 22 8
5 24 51
5 25 52
5 26 45
5 27 39
5 28 49
5 31 12
5 32 54
5 33 6
5 34 4
5 37 23
5 39 1
5 40 48
5 41 2
5 45 40
5 46 41
5 47 58
5 53 36
5 55 13
5 57 19
5 58 37
6 3 29
6 4 37
6 5 3
6 6 52
6 9 11
6 10 42
6 12 32
6 13 50
6 14 20
6 17 58
6 19 33
6 21 41
6 23 45
6 26 1
6 28 22
6 29 55
6 30 51
6 33 59
6 35 48
6 39 54
6 41 38
6 43 25
6 44 43
6 46 16
6 49 17
6 50 10
6 51 4
6 52 7
6 54 24
6 55 9
6 56 15
6 58 31
6 59 40
7 0 3
7 1 46
7 3 20
7 4 7
7 5 57
7 8 10
7 10 2
7 11 23
7 13 22
7 15 40
7 16 31
7 17 59
7 19 16
7 22 53
7 23 36
7 25 54
7 28 52
7 29 12
7 32 1
7 33 8
7 35 18
7 38 47
7 39 4
7 40 32
7 43 27
7 45 19
7 46 15
7 47 14
7 48 58
7 50 37
7 51 51
7 53 33
7 54 35
7 55 34
7 59 43
8 0 24
8 1 55
8 2 46
8 3 8
8 4 36
8 6 28
8 7 10
8 9 40
8 10 57
8 13 16
8 14 21
8 15 49
8 19 19
8 24 48
8 25 11
8 26 0
8 27 41
8 29 51
8 31 43
8 32 4
8 33 56
8 35 58
8 36 38
8 37 54
8 38 14
8 40 12
8 41 23
8 42 32
8 43 47
8 46 53
8 47 22
8 48 5
8 51 20
8 55 52
8 56 3
8 57 42
8 58 1
8 59 29
9 1 15
9 2 49
9 3 32
9 4 42
9 5 36
9 7 0
9 8 4
9 9 10
9 12 19
9 14 29
9 15 14
9 16 57
9 17 47
9 19 13
9 22 7
9 24 16
9 25 5
9 26 53
9 30 21
9 31 37
9 32 58
9 33 43
9 35 33
9 36 25
9 37 55
9 38 44
9 40 20
9 43 45
9 44 39
9 45 46
9 46 52
9 48 50
9 49 59
9 51 11
9 53 18
9 55 3
9 56 56
9 57 27
9 58 40
9 59 1
10 1 1
10 2 17
10 3 31
10 5 53
10 7 18
10 8 46
10 10 48
10 13 5
10 14 3
10 15 44
10 16 47
10 17 34
10 18 42
10 20 7
10 23 28
10 25 16
10 27 2
10 28 56
10 29 22
10 30 37
10 32 12
10 33 38
10 34 8
10 35 49
10 36 11
10 37 0
10 38 41
10 39 21
10 42 45
10 43 52
10 46 39
10 47 36
10 48 10
10 50 32
10 51 15
10 54 14
10 55 33
10 57 35
10 58 30
11 1 13
11 2 14
11 3 30
11 4 54
11 5 32
11 7 26
11 8 36
11 12 3
11 13 9
11 14 38
11 15 10
11 16 23
11 17 40
11 18 0
11 19 6
11 20 17
11 21 5
11 23 31
11 24 21
11 27 53
11 29 19
11 30 41
11 34 12
11 35 11
11 39 15
11 40 56
11 42 47
11 43 2
11 44 33
11 46 44
11 47 25
11 48 29
11 50 16
11 51 49
11 53 43
11 55 55
11 56 20
11 57 1
11 58 8
11 59 18
12 0 22
12 1 32
12 2 16
12 5 49
12 6 7
12 7 55
12 9 56
12 11 27
12 12 30
12 14 31
12 15 33
12 16 9
12 17 46
12 18 58
12 20 29
12 21 11
12 22 40
12 23 18
12 24 19
12 25 37
12 26 15
12 31 50
12 34 51
12 36 39
12 38 24
12 40 23
12 42 59
12 48 14
12 51 2
12 53 41
12 56 21
12 59 36
13 2 24
13 3 5
13 6 58
13 8 55
13 10 23
13 12 7
13 13 1
13 14 14
13 15 9
13 16 17
13 17 30
13 18 18
13 23 37
13 24 50
13 27 34
13 28 51
13 32 0
13 33 49
13 34 45
13 36 28
13 37 15
13 38 46
13 39 56
13 40 43
13 42 42
13 45 3
13 46 35
13 52 31
13 53 8
13 58 57
14 0 59
14 1 50
14 3 6
14 5 40
14 6 13
14 7 22
14 8 28
14 10 8
14 13 20
14 14 15
14 16 7
14 17 37
14 18 43
14 19 56
14 21 30
14 23 27
14 24 45
14 26 44
14 28 4
14 30 29
14 31 33
14 32 2
14 33 32
14 37 17
14 41 34
14 43 3
14 44 25
14 45 42
14 48 26
14 52 23
14 53 14
14 55 35
14 57 57
14 58 46
15 0 4
15 1 18
15 3 9
15 4 59
15 5 25
15 8 24
15 9 54
15 10 12
15 13 40
15 14 46
15 16 37
15 18 36
15 22 28
15 23 38
15 25 43
15 27 55
15 29 8
15 31 16
15 32 22
15 33 57
15 34 26
15 35 30
15 38 29
15 41 39
15 42 27
15 43 35
15 47 20
15 48 52
15 52 17
15 53 7
15 54 1
15 55 50
15 56 49
15 57 23
15 58 0
16 1 48
16 2 22
16 3 44
16 4 38
16 5 19
16 6 57
16 8 35
16 10 1
16 11 47
16 15 6
16 16 50
16 17 42
16 20 5
16 21 14
16 24 55
16 25 40
16 27 11
16 29 25
16 30 12
16 32 51
16 33 3
16 35 10
16 38 15
16 39 17
16 40 45
16 42 13
16 43 20
16 44 4
16 45 21
16 46 8
16 47 29
16 48 28
16 49 34
16 50 31
16 52 24
16 53 23
16 55 16
16 57 33
16 58 59
17 0 41
17 1 44
17 2 13
17 3 28
17 6 9
17 8 34
17 10 45
17 11 17
17 12 53
17 13 23
17 14 59
17 15 2
17 16 29
17 17 14
17 21 27
17 22 51
17 24 10
17 25 33
17 32 36
17 33 50
17 35 42
17 36 49
17 39 20
17 41 8
17 42 18
17 47 48
17 50 46
17 53 16
17 55 0
17 56 24
17 57 5
17 58 19
18 0 18
18 1 40
18 2 12
18 3 36
18 4 43
18 5 0
18 7 34
18 8 54
18 9 6
18 10 39
18 11 31
18 12 29
18 13 35
18 16 11
18 20 28
18 22 25
18 23 57
18 27 30
18 31 48
18 32 53
18 33 52
18 36 4
18 39 26
18 40 58
18 41 15
18 42 14
18 43 1
18 44 41
18 46 55
18 47 33
18 48 51
18 49 56
18 51 50
18 52 47
18 54 19
18 55 42
18 56 2
19 1 20
19 2 21
19 3 16
19 6 37
19 7 41
19 10 11
19 11 24
19 14 55
19 18 45
19 19 57
19 20 27
19 21 9
19 23 30
19 24 25
19 27 32
19 28 10
19 31 31
19 32 28
19 33 13
19 34 14
19 36 36
19 37 6
19 38 58
19 39 0
19 40 5
19 41 17
19 42 26
19 43 50
19 44 8
19 45 56
19 46 19
19 47 34
19 49 48
19 51 22
19 52 40
19 54 42
19 57 43
19 58 44
19 59 35
20 1 27
20 2 30
20 3 47
20 4 5
20 7 16
20 8 20
20 9 29
20 10 33
20 11 49
20 12 54
20 14 19
20 15 42
20 17 48
20 18 35
20 19 18
20 20 36
20 21 39
20 25 22
20 26 32
20 30 40
20 31 56
20 33 24
20 34 50
20 35 52
20 38 25
20 39 46
20 40 28
20 41 43
20 42 12
20 43 51
20 44 13
20 45 6
20 47 9
20 48 34
20 49 10
20 50 11
20 51 59
20 52 58
20 54 7
20 55 23
20 56 38
20 58 21
20 59 57
21 0 13
21 1 31
21 6 50
21 7 1
21 12 8
21 13 49
21 15 16
21 16 33
21 17 28
21 20 39
21 24 4
21 25 2
21 26 21
21 28 6
21 32 35
21 37 45
21 40 34
21 41 18
21 42 17
21 43 58
21 44 14
21 45 57
21 46 46
21 47 19
21 48 56
21 49 42
21 50 27
21 54 54
21 55 11
21 56 32
21 59 47
22 0 33
22 1 58
22 2 59
22 5 48
22 6 47
22 7 43
22 10 36
22 11 15
22 12 44
22 13 19
22 14 8
22 15 21
22 16 32
22 17 29
22 18 51
22 19 23
22 20 38
22 21 28
22 22 17
22 25 26
22 26 55
22 27 1
22 29 45
22 30 20
22 31 0
22 34 34
22 35 25
22 37 40
22 38 7
22 39 11
22 40 30
22 42 37
22 45 41
22 48 3
22 49 16
22 50 24
22 51 9
22 52 13
22 53 12
22 56 5
22 57 50
22 59 31
23 0 20
23 1 2
23 2 29
23 3 37
23 4 53
23 6 40
23 7 58
23 10 15
23 11 4
23 12 23
23 13 14
23 14 25
23 15 52
23 16 51
23 17 1
23 18 28
23 19 0
23 20 21
23 22 3
23 23 6
23 24 5
23 25 12
23 27 10
23 28 44
23 32 38
23 39 48
23 40 57
23 41 7
23 42 55
23 44 35
23 46 43
23 49 8
23 51 42
23 52 45
23 53 32
23 54 33
23 55 30
23 56 27
23 57 24
23 59 56
24 1 14
24 4 19
24 7 23
24 8 7
24 10 44
24 11 41
24 12 39
24 13 0
24 14 13
24 17 15
24 21 31
24 22 32
24 26 37
24 27 8
24 28 24
24 29 52
24 30 18
24 32 34
24 34 25
24 35 9
24 36 16
24 39 55
24 40 50
24 41 48
24 45 4
24 46 6
24 47 26
24 49 57
24 50 58
24 51 46
24 53 47
24 54 45
24 55 36
24 56 22
24 58 10
24 59 53
25 0 42
25 2 35
25 3 10
25 4 50
25 5 8
25 6 30
25 7 12
25 11 3
25 12 26
25 13 27
25 14 24
25 16 28
25 19 55
25 22 46
25 23 59
25 24 7
25 25 6
25 26 9
25 30 44
25 35 20
25 36 2
25 37 21
25 38 16
25 39 53
25 41 40
25 42 41
25 43 57
25 44 32
25 45 47
25 46 54
25 47 13
25 48 33
25 49 22
25 51 48
25 52 29
25 53 34
25 55 5
25 57 4
25 58 49
25 59 58
26 0 32
26 2 15
26 3 24
26 5 29
26 6 6
26 7 56
26 9 27
26 10 10
26 11 42
26 12 21
26 13 44
26 14 2
26 15 43
26 16 40
26 17 31
26 25 1
26 29 3
26 30 54
26 31 35
26 33 58
26 34 33
26 40 14
26 41 26
26 42 20
26 45 5
26 49 51
26 50 52
26 51 13
26 52 36
26 53 30
26 57 39
27 0 30
27 6 56
27 7 39
27 8 40
27 9 47
27 11 51
27 12 50
27 14 57
27 15 36
27 18 19
27 20 18
27 22 35
27 23 42
27 24 54
27 25 28
27 26 49
27 28 15
27 30 7
27 32 59
27 33 11
27 34 44
27 35 1
27 36 34
27 39 31
27 43 41
27 44 23
27 45 17
27 46 32
27 47 38
27 48 37
27 54 29
27 55 25
27 56 33
27 58 52
28 3 57
28 4 41
28 5 11
28 6 44
28 7 49
28 8 33
28 9 31
28 10 34
28 12 55
28 17 38
28 18 59
28 19 48
28 20 52
28 21 17
28 22 54
28 23 1
28 24 46
28 27 7
28 29 2
28 30 28
28 32 29
28 33 9
28 35 50
28 37 19
28 40 6
28 41 24
28 44 26
28 46 21
28 47 10
28 48 4
28 50 40
28 52 14
28 53 3
28 55 12
28 56 42
28 57 47
28 59 16
29 0 14
29 2 41
29 3 56
29 5 16
29 6 39
29 7 47
29 10 59
29 11 25
29 12 28
29 13 34
29 14 11
29 17 13
29 20 20
29 21 53
29 22 29
29 23 46
29 25 36
29 27 57
29 28 27
29 29 49
29 30 5
29 32 23
29 33 44
29 36 10
29 39 58
29 40 18
29 42 6
29 43 8
29 47 21
29 48 48
29 50 26
29 51 54
29 55 38
29 58 7
29 59 15
30 1 21
30 2 55
30 3 41
30 5 47
30 6 42
30 7 31
30 9 46
30 10 43
30 12 9
30 14 37
30 17 33
30 18 44
30 22 16
30 24 49
30 25 15
30 26 4
30 27 23
30 28 34
30 29 36
30 30 0
30 31 59
30 32 20
30 34 13
30 36 17
30 37 30
30 39 3
30 43 48
30 44 51
30 46 56
30 47 40
30 48 8
30 49 58
30 51 32
30 53 54
30 55 7
30 56 6
31 0 10
31 1 34
31 2 47
31 3 51
31 4 12
31 5 4
31 6 19
31 10 9
31 14 39
31 19 28
31 20 31
31 21 46
31 22 42
31 24 24
31 25 58
31 28 21
31 29 17
31 30 35
31 31 55
31 32 30
31 33 16
31 34 15
31 35 45
31 37 18
31 38 52
31 39 38
31 40 7
31 41 1
31 43 13
31 44 44
31 49 50
31 51 37
31 52 26
31 54 32
31 59 14
32 0 1
32 1 53
32 2 56
32 3 4
32 8 26
32 9 50
32 10 51
32 11 12
32 12 11
32 14 34
32 15 0
32 16 45
32 17 35
32 18 23
32 19 14
32 20 37
32 25 29
32 28 19
32 29 57
32 31 47
32 32 9
32 33 27
32 35 13
32 36 22
32 37 10
32 40 52
32 41 16
32 43 5
32 44 38
32 45 28
32 48 44
32 49 15
32 50 8
32 51 21
32 52 32
32 53 40
32 55 49
32 56 25
32 57 17
33 0 55
33 1 35
33 2 51
33 3 14
33 5 56
33 6 27
33 12 6
33 13 21
33 14 1
33 15 23
33 16 43
33 18 11
33 19 41
33 20 22
33 21 29
33 22 4
33 23 48
33 24 26
33 26 59
33 28 46
33 29 58
33 31 15
33 32 52
33 33 31
33 34 17
33 36 53
33 40 36
33 41 9
33 42 57
33 44 49
33 46 30
33 48 47
33 52 54
33 53 2
33 54 20
33 55 18
33 56 37
33 58 12
34 2 40
34 8 59
34 9 45
34 10 19
34 11 48
34 12 58
34 14 16
34 17 3
34 20 44
34 22 39
34 23 15
34 25 25
34 26 12
34 30 10
34 32 57
34 33 0
34 34 47
34 37 26
34 38 17
34 39 22
34 40 24
34 42 1
34 43 11
34 44 46
34 47 41
34 48 38
34 49 49
34 50 7
34 51 6
34 54 53
34 55 56
34 57 32
35 0 58
35 1 0
35 2 27
35 3 43
35 5 23
35 6 33
35 7 25
35 9 34
35 12 31
35 15 12
35 16 15
35 18 6
35 19 3
35 20 51
35 22 50
35 23 40
35 26 24
35 27 20
35 28 36
35 31 26
35 32 42
35 33 18
35 35 21
35 38 1
35 39 16
35 40 39
35 41 29
35 42 48
35 43 54
35 47 37
35 50 13
35 54 59
35 55 28
35 57 7
36 0 38
36 4 44
36 5 7
36 7 20
36 8 52
36 12 27
36 14 47
36 15 59
36 16 55
36 20 46
36 23 34
36 24 13
36 25 45
36 28 17
36 29 26
36 30 11
36 32 56
36 33 41
36 34 54
36 35 19
36 37 36
36 38 42
36 39 40
36 41 35
36 42 28
36 43 12
36 44 50
36 45 0
36 50 22
36 52 18
36 54 51
36 56 16
36 58 6
36 59 39
37 0 48
37 1 33
37 2 32
37 4 14
37 5 54
37 6 34
37 7 24
37 8 41
37 9 49
37 12 16
37 13 6
37 15 50
37 17 17
37 18 4
37 19 38
37 21 36
37 22 47
37 25 18
37 27 19
37 28 12
37 29 13
37 31 40
37 32 21
37 33 23
37 34 56
37 35 5
37 37 9
37 39 37
37 40 22
37 41 52
37 43 44
37 46 10
37 47 2
37 48 31
37 50 59
37 51 0
37 52 27
37 54 43
37 55 26
37 56 28
37 57 15
37 58 11
37 59 30
38 0 11
38 1 4
38 2 6
38 3 58
38 4 24
38 5 52
38 6 16
38 7 53
38 8 45
38 9 48
38 10 20
38 11 33
38 16 44
38 17 18
38 19 8
38 20 26
38 22 19
38 23 0
38 24 56
38 27 21
38 28 23
38 29 37
38 30 30
38 31 41
38 32 32
38 34 46
38 35 34
38 40 29
38 41 28
38 43 39
38 47 59
38 51 40
38 52 5
38 53 27
38 55 10
38 56 1
38 58 35
38 59 54
39 0 19
39 4 1
39 5 21
39 6 59
39 9 28
39 11 52
39 13 7
39 15 31
39 16 56
39 18 30
39 19 40
39 20 50
39 21 57
39 22 6
39 23 24
39 24 23
39 25 55
39 28 48
39 31 32
39 32 14
39 33 15
39 34 16
39 35 36
39 36 41
39 39 27
39 40 3
39 43 33
39 44 20
39 45 37
39 46 17
39 50 5
39 54 10
39 55 54
39 56 26
39 58 39
40 0 0
40 1 42
40 2 58
40 3 7
40 4 34
40 6 51
40 9 21
40 10 18
40 11 29
40 12 22
40 13 32
40 14 4
40 15 37
40 17 36
40 18 13
40 20 9
40 21 44
40 23 10
40 25 46
40 28 25
40 29 40
40 30 39
40 33 54
40 35 43
40 36 47
40 37 53
40 40 38
40 41 45
40 43 55
40 45 12
40 48 49
40 49 31
40 50 17
40 51 57
40 52 50
40 53 19
40 54 8
40 55 59
40 56 48
40 57 14
40 58 16
40 59 23
41 0 12
41 6 38
41 7 15
41 8 49
41 9 36
41 11 5
41 12 35
41 14 43
41 15 8
41 16 53
41 17 10
41 20 16
41 22 33
41 24 1
41 26 18
41 27 37
41 29 56
41 32 31
41 35 47
41 36 42
41 37 52
41 38 6
41 39 7
41 40 19
41 41 44
41 42 0
41 45 51
41 46 40
41 47 23
41 54 34
41 57 3
42 0 44
42 1 47
42 3 42
42 4 57
42 7 40
42 8 14
42 9 1
42 11 39
42 13 15
42 16 38
42 17 50
42 19 17
42 20 43
42 21 22
42 24 29
42 25 31
42 28 18
42 30 26
42 31 6
42 33 48
42 36 32
42 37 7
42 38 12
42 40 59
42 41 54
42 43 23
42 44 21
42 47 49
42 48 19
42 49 37
42 50 53
42 51 56
42 55 27
42 56 30
43 3 12
43 4 9
43 5 35
43 7 52
43 8 22
43 9 55
43 11 37
43 13 3
43 14 36
43 16 4
43 18 1
43 19 31
43 23 32
43 25 47
43 26 7
43 27 18
43 28 38
43 30 49
43 34 19
43 36 8
43 37 13
43 40 41
43 41 21
43 42 39
43 45 44
43 49 23
43 50 42
43 51 26
43 54 2
43 55 58
43 57 48
44 0 54
44 2 18
44 4 28
44 6 12
44 8 2
44 9 9
44 10 5
44 11 1
44 13 48
44 15 26
44 16 49
44 17 0
44 19 59
44 20 15
44 22 24
44 28 43
44 29 33
44 30 32
44 33 7
44 34 35
44 36 56
44 37 39
44 39 8
44 45 25
44 46 50
44 47 51
44 49 52
44 50 57
44 51 10
44 52 46
44 53 58
44 54 6
44 56 53
44 57 31
44 58 42
44 59 27
45 0 57
45 3 13
45 5 51
45 8 21
45 9 26
45 10 52
45 12 37
45 15 11
45 17 45
45 18 10
45 19 34
45 20 24
45 21 3
45 22 27
45 24 53
45 25 35
45 26 16
45 28 40
45 29 29
45 31 18
45 32 5
45 33 17
45 34 48
45 39 14
45 40 55
45 42 4
45 44 58
45 45 9
45 46 7
45 50 1
45 51 30
45 53 44
45 54 41
45 55 15
45 56 8
45 57 22
45 59 6
46 0 9
46 1 3
46 4 22
46 5 30
46 6 11
46 7 27
46 10 24
46 11 32
46 12 57
46 13 55
46 16 41
46 17 16
46 18 21
46 19 26
46 21 18
46 23 8
46 25 20
46 26 10
46 31 45
46 32 48
46 33 46
46 34 31
46 35 53
46 36 33
46 39 59
46 40 35
46 41 50
46 45 54
46 47 15
46 48 25
46 55 51
46 56 19
46 58 47
46 59 13
47 2 9
47 5 27
47 6 21
47 8 42
47 9 41
47 11 10
47 13 24
47 16 30
47 17 20
47 20 48
47 22 38
47 23 58
47 24 36
47 25 53
47 26 35
47 28 5
47 30 43
47 31 39
47 32 26
47 33 12
47 35 3
47 39 51
47 40 49
47 43 56
47 44 7
47 45 33
47 46 13
47 47 8
47 48 15
47 50 2
47 51 19
47 52 52
47 54 44
47 55 45
47 58 55
48 1 51
48 4 47
48 7 36
48 8 3
48 9 42
48 10 35
48 11 57
48 12 59
48 13 26
48 14 49
48 16 1
48 17 44
48 18 8
48 19 45
48 24 58
48 25 19
48 26 48
48 27 12
48 29 20
48 30 24
48 31 38
48 32 37
48 33 40
48 34 5
48 35 6
48 37 11
48 43 21
48 44 52
48 45 15
48 46 34
48 49 30
48 50 0
48 53 56
48 54 55
48 55 46
48 56 54
48 57 28
48 58 4
48 59 50
49 0 45
49 1 5
49 3 22
49 5 31
49 8 15
49 9 3
49 11 54
49 12 17
49 15 53
49 16 21
49 19 32
49 22 0
49 23 13
49 24 9
49 25 41
49 26 42
49 31 14
49 34 39
49 35 16
49 36 27
49 37 50
49 38 40
49 39 57
49 41 36
49 42 8
49 45 1
49 46 12
49 47 28
49 48 30
49 49 46
49 52 4
49 54 25
49 55 19
49 56 47
49 57 18
49 58 34
49 59 7
50 1 8
50 4 23
50 7 3
50 9 37
50 13 25
50 14 48
50 15 55
50 17 32
50 20 56
50 21 4
50 24 22
50 26 28
50 28 50
50 29 21
50 31 44
50 37 49
50 38 20
50 39 5
50 41 59
50 42 38
50 43 16
50 44 34
50 47 27
50 48 57
50 49 29
50 50 6
50 52 15
50 53 0
50 54 30
50 56 10
51 3 19
51 7 8
51 10 49
51 11 34
51 12 33
51 15 46
51 16 13
51 19 39
51 21 58
51 23 41
51 27 3
51 28 7
51 32 16
51 33 28
51 34 10
51 36 30
51 37 2
51 39 29
51 40 21
51 41 53
51 42 44
51 43 32
51 44 56
51 45 26
51 46 59
51 48 6
51 49 11
51 52 35
51 54 27
51 56 4
51 57 55
51 59 24
52 0 6
52 4 52
52 5 12
52 6 1
52 9 25
52 12 4
52 16 48
52 19 46
52 20 8
52 21 40
52 22 18
52 23 55
52 24 33
52 25 57
52 28 14
52 30 53
52 31 34
52 32 47
52 33 20
52 37 38
52 38 37
52 40 13
52 41 3
52 42 15
52 45 22
52 47 5
52 51 41
52 52 39
52 53 9
52 54 49
52 56 35
53 0 8
53 1 16
53 2 57
53 3 0
53 4 21
53 6 45
53 8 6
53 13 33
53 14 23
53 16 34
53 17 27
53 19 52
53 20 32
53 21 1
53 25 7
53 27 9
53 28 35
53 30 15
53 32 49
53 34 40
53 35 39
53 36 12
53 37 58
53 38 19
53 39 47
53 40 11
53 42 43
53 43 42
53 44 31
53 45 29
53 46 2
53 47 17
53 52 20
53 54 50
53 55 37
53 56 44
53 57 59
53 59 22
54 0 52
54 3 21
54 5 9
54 6 17
54 8 25
54 11 22
54 14 41
54 19 4
54 21 34
54 22 49
54 23 16
54 24 18
54 26 36
54 28 0
54 29 42
54 30 50
54 31 8
54 32 6
54 38 31
54 39 39
54 41 33
54 42 58
54 43 29
54 44 37
54 45 30
54 46 27
54 48 53
54 50 45
54 52 28
54 53 15
54 54 46
54 59 2
55 0 49
55 1 7
55 3 52
55 5 33
55 7 13
55 9 19
55 11 26
55 12 56
55 14 42
55 16 14
55 25 21
55 26 46
55 28 45
55 29 5
55 31 28
55 32 3
55 33 37
55 34 59
55 35 29
55 36 20
55 38 0
55 39 2
55 40 17
55 43 15
55 44 57
55 47 12
55 49 53
55 50 41
55 51 34
55 52 44
55 53 51
55 54 31
55 56 58
56 0 5
56 1 39
56 4 27
56 5 15
56 10 21
56 11 43
56 12 14
56 14 12
56 19 29
56 20 3
56 21 59
56 22 44
56 24 28
56 25 9
56 27 40
56 29 50
56 30 58
56 32 10
56 33 34
56 34 22
56 35 38
56 36 7
56 37 16
56 40 37
56 43 30
56 45 36
56 47 0
56 49 54
56 50 20
56 51 55
56 52 1
56 56 31
56 58 17
56 59 41
57 0 27
57 1 28
57 2 3
57 3 48
57 4 4
57 6 23
57 7 59
57 8 30
57 9 12
57 11 56
57 12 43
57 14 6
57 15 54
57 18 15
57 19 36
57 21 37
57 25 10
57 28 8
57 29 18
57 30 9
57 32 40
57 35 7
57 37 29
57 38 33
57 39 44
57 40 53
57 41 14
57 43 0
57 44 24
57 45 58
57 46 45
57 48 22
57 49 41
57 50 35
57 51 38
57 52 25
57 53 42
57 54 39
57 55 31
57 57 26
57 58 5
57 59 46
58 1 52
58 3 11
58 4 56
58 6 41
58 8 16
58 9 32
58 10 3
58 11 46
58 12 10
58 13 13
58 14 18
58 15 17
58 16 8
58 17 24
58 18 2
58 20 1
58 21 47
58 22 12
58 23 53
58 24 44
58 29 31
58 30 19
58 31 23
58 33 35
58 36 54
58 37 51
58 40 33
58 41 58
58 42 9
58 44 30
58 45 34
58 46 36
58 47 6
58 50 49
58 51 14
58 53 57
58 55 43
58 56 0
58 58 22
58 59 21
59 0 40
59 1 19
59 2 8
59 3 38
59 4 17
59 5 42
59 7 46
59 8 58
59 11 11
59 12 45
59 13 37
59 14 53
59 15 35
59 18 27
59 21 33
59 23 7
59 24 32
59 25 23
59 26 51
59 28 9
59 29 1
59 30 34
59 31 2
59 33 30
59 34 57
59 36 24
59 37 48
59 39 50
59 41 25
59 45 59
59 46 4
59 48 20
59 51 28
59 52 41
59 55 6
59 56 39
59 58 56
59 59 3
