60
0 0 6
0 1 55
0 2 23
0 6 8
0 7 37
0 9 27
0 10 19
0 12 20
0 15 28
0 18 33
0 22 44
0 25 56
0 26 2
0 30 45
0 31 51
0 32 15
0 33 47
0 34 59
0 36 38
0 37 31
0 39 9
0 41 5
0 46 41
0 47 10
0 51 53
0 52 36
0 54 4
1 0 36
1 2 16
1 3 35
1 8 37
1 10 49
1 12 26
1 13 42
1 14 25
1 18 54
1 20 4
1 25 45
1 27 43
1 28 21
1 29 57
1 30 48
1 31 41
1 32 27
1 35 39
1 36 15
1 39 8
1 42 52
1 43 6
1 45 30
1 47 11
1 48 56
1 51 9
1 52 0
1 53 38
1 57 2
2 1 2
2 4 38
2 5 30
2 11 54
2 18 31
2 20 44
2 21 48
2 22 21
2 29 16
2 30 29
2 32 14
2 33 13
2 35 10
2 40 56
2 41 28
2 44 32
2 46 35
2 48 19
2 49 22
2 50 52
2 52 37
2 53 45
2 54 39
2 56 49
2 57 11
2 58 12
2 59 55
3 4 30
3 5 48
3 6 1
3 8 45
3 9 20
3 11 24
3 12 35
3 15 39
3 16 41
3 18 38
3 19 55
3 22 15
3 23 26
3 24 42
3 26 59
3 27 19
3 28 10
3 31 3
3 33 57
3 35 44
3 36 43
3 38 7
3 41 6
3 42 11
3 44 37
3 46 0
3 49 13
3 51 16
3 52 58
3 56 33
4 0 45
4 2 17
4 4 13
4 6 4
4 7 52
4 8 31
4 9 28
4 11 9
4 12 7
4 13 41
4 14 59
4 15 10
4 22 37
4 23 3
4 26 0
4 27 18
4 28 33
4 29 50
4 30 36
4 31 49
4 32 35
4 34 5
4 35 26
4 36 42
4 38 21
4 39 1
4 42 27
4 43 20
4 47 38
4 48 44
4 49 23
4 50 15
4 52 43
4 59 8
5 5 16
5 6 30
5 8 23
5 13 57
5 17 0
5 19 26
5 26 52
5 27 33
5 33 7
5 34 4
5 35 53
5 36 46
5 37 56
5 39 37
5 43 13
5 45 14
5 47 55
5 48 17
5 56 42
5 58 6
6 3 10
6 4 24
6 5 45
6 8 30
6 17 32
6 18 49
6 20 37
6 23 40
6 27 20
6 28 52
6 35 36
6 36 1
6 38 22
6 39 11
6 40 16
6 41 47
6 46 3
6 47 51
6 50 25
6 51 28
6 53 2
6 54 43
6 55 50
6 56 12
6 57 13
6 59 53
7 0 2
7 1 54
7 2 12
7 3 7
7 6 40
7 7 4
7 8 17
7 9 59
7 10 50
7 11 10
7 12 41
7 14 6
7 16 3
7 17 31
7 18 35
7 27 32
7 28 55
7 29 13
7 31 11
7 36 8
7 38 38
7 39 28
7 41 34
7 44 29
7 45 48
7 49 46
7 53 26
7 55 19
7 57 27
7 59 43
8 0 27
8 1 14
8 3 54
8 6 38
8 7 44
8 9 39
8 14 26
8 16 47
8 18 25
8 19 3
8 21 50
8 23 15
8 28 49
8 30 17
8 31 55
8 33 36
8 35 12
8 38 23
8 39 35
8 40 59
8 45 33
8 47 5
8 48 48
8 50 43
8 51 57
8 56 31
8 57 37
8 58 34
8 59 9
9 0 58
9 1 30
9 3 13
9 6 42
9 8 54
9 11 26
9 12 24
9 13 43
9 14 45
9 15 14
9 16 1
9 19 11
9 21 49
9 22 53
9 24 50
9 26 8
9 28 20
9 29 2
9 30 38
9 31 0
9 32 51
9 33 35
9 34 17
9 36 44
9 37 59
9 38 41
9 39 23
9 40 22
9 41 12
9 42 28
9 49 3
9 50 29
9 55 9
9 56 34
9 59 7
10 0 59
10 1 18
10 2 11
10 4 22
10 6 58
10 7 21
10 9 7
10 15 34
10 17 27
10 18 43
10 24 49
10 25 24
10 27 50
10 29 29
10 30 1
10 31 13
10 32 55
10 34 32
10 36 17
10 38 5
10 39 26
10 40 53
10 41 9
10 45 25
10 47 35
10 53 10
10 55 45
11 2 10
11 3 39
11 4 9
11 11 31
11 13 48
11 15 37
11 16 16
11 17 50
11 18 14
11 19 30
11 20 18
11 21 12
11 22 43
11 23 21
11 24 13
11 25 52
11 27 56
11 28 23
11 31 15
11 33 55
11 34 1
11 35 58
11 38 28
11 39 36
11 43 4
11 44 42
11 47 29
11 48 27
11 49 7
11 50 32
11 51 20
11 56 26
11 57 41
11 58 49
11 59 47
12 2 32
12 3 6
12 4 57
12 5 35
12 6 49
12 7 34
12 9 47
12 10 4
12 14 51
12 16 0
12 17 15
12 25 53
12 27 38
12 28 36
12 30 25
12 31 1
12 32 3
12 33 42
12 35 33
12 37 39
12 40 24
12 42 8
12 44 43
12 48 41
12 51 2
12 52 21
12 54 55
12 56 23
12 57 10
13 0 39
13 3 1
13 5 28
13 6 41
13 8 3
13 10 51
13 11 58
13 14 11
13 16 40
13 19 7
13 21 27
13 22 23
13 23 29
13 26 38
13 27 24
13 31 47
13 32 18
13 35 8
13 37 4
13 39 14
13 40 6
13 41 49
13 42 37
13 45 32
13 46 10
13 50 16
13 53 59
13 54 22
13 56 50
14 0 56
14 1 46
14 2 31
14 3 37
14 4 25
14 5 15
14 10 52
14 16 8
14 17 45
14 22 34
14 28 40
14 35 5
14 39 24
14 40 39
14 41 48
14 42 19
14 45 57
14 47 49
14 48 1
14 49 6
14 52 12
14 54 18
14 55 36
14 56 47
14 57 3
14 58 10
15 3 16
15 5 41
15 6 27
15 7 19
15 9 5
15 11 30
15 15 33
15 16 11
15 17 34
15 18 26
15 20 35
15 21 10
15 22 14
15 25 57
15 26 18
15 27 39
15 28 43
15 32 40
15 33 17
15 34 45
15 35 56
15 37 22
15 40 0
15 43 12
15 44 47
15 47 28
15 49 15
15 51 51
15 52 59
15 54 13
15 57 4
15 58 1
16 0 15
16 2 57
16 8 20
16 11 17
16 12 40
16 13 8
16 14 2
16 15 3
16 19 52
16 20 51
16 21 29
16 22 39
16 26 54
16 30 10
16 35 23
16 40 49
16 43 36
16 44 48
16 45 56
16 46 13
16 47 58
16 49 12
16 50 0
16 55 16
16 57 31
17 1 29
17 2 5
17 4 2
17 5 6
17 6 53
17 8 40
17 10 25
17 11 44
17 12 18
17 13 11
17 14 43
17 15 57
17 16 39
17 17 37
17 19 4
17 21 32
17 22 38
17 23 45
17 25 14
17 26 41
17 28 3
17 30 13
17 31 35
17 33 58
17 34 22
17 35 47
17 36 7
17 37 1
17 38 10
17 40 28
17 41 55
17 43 48
17 44 16
17 45 8
17 46 34
17 48 51
17 51 59
17 53 27
17 54 15
17 55 0
18 0 19
18 1 5
18 2 2
18 3 46
18 6 13
18 7 29
18 10 40
18 11 38
18 12 51
18 14 39
18 15 0
18 16 20
18 18 3
18 21 9
18 22 7
18 23 32
18 25 33
18 28 30
18 31 57
18 32 28
18 33 12
18 34 31
18 35 24
18 37 54
18 38 26
18 41 35
18 42 17
18 43 15
18 45 18
18 46 55
18 50 1
18 51 37
18 52 53
18 53 21
18 54 56
19 1 15
19 3 45
19 5 5
19 6 20
19 7 59
19 9 37
19 10 35
19 11 52
19 13 33
19 16 30
19 22 25
19 25 48
19 26 1
19 29 12
19 30 23
19 32 6
19 33 24
19 35 18
19 37 8
19 39 40
19 40 43
19 41 58
19 46 36
19 47 41
19 48 34
19 51 42
19 52 56
19 53 31
19 56 2
19 58 22
20 0 13
20 2 33
20 7 42
20 10 45
20 11 23
20 13 2
20 16 32
20 17 6
20 21 26
20 22 12
20 24 53
20 25 54
20 26 40
20 27 3
20 28 47
20 31 29
20 34 36
20 35 38
20 40 57
20 42 18
20 44 7
20 45 43
20 47 50
20 48 21
20 54 58
20 56 20
20 58 55
21 2 6
21 3 20
21 4 14
21 5 40
21 7 18
21 8 29
21 10 34
21 11 1
21 13 10
21 14 28
21 16 42
21 20 59
21 22 51
21 23 5
21 25 15
21 26 3
21 27 55
21 30 53
21 33 8
21 34 50
21 35 17
21 36 58
21 39 39
21 41 36
21 42 44
21 45 9
21 48 32
21 49 49
21 50 26
21 51 22
21 52 57
21 54 7
21 56 35
21 59 0
22 0 4
22 1 10
22 2 28
22 4 47
22 6 2
22 9 56
22 10 11
22 12 0
22 13 23
22 15 46
22 19 34
22 21 7
22 22 5
22 24 59
22 26 21
22 28 50
22 29 55
22 30 52
22 31 38
22 32 25
22 33 18
22 35 35
22 37 58
22 38 45
22 41 3
22 42 15
22 43 37
22 44 53
22 47 17
22 49 36
22 52 20
22 53 42
22 55 8
22 58 26
22 59 14
23 1 43
23 2 51
23 7 11
23 9 32
23 11 8
23 18 19
23 21 42
23 25 20
23 26 35
23 27 41
23 29 48
23 32 12
23 35 4
23 36 37
23 38 17
23 39 6
23 41 25
23 42 0
23 44 13
23 45 31
23 46 16
23 47 59
23 50 30
23 51 14
23 53 22
23 54 26
23 56 10
23 57 47
24 0 23
24 2 40
24 4 19
24 8 38
24 14 42
24 19 15
24 22 35
24 24 58
24 27 30
24 32 53
24 34 44
24 35 9
24 37 12
24 39 52
24 40 5
24 41 8
24 44 3
24 46 1
24 47 0
24 49 37
24 52 50
24 53 29
24 54 2
24 56 21
24 59 20
25 0 51
25 1 24
25 2 50
25 6 6
25 8 15
25 12 27
25 14 49
25 18 55
25 20 1
25 23 8
25 24 10
25 26 12
25 27 26
25 28 7
25 29 23
25 30 21
25 32 22
25 33 56
25 35 41
25 38 14
25 40 30
25 41 20
25 42 29
25 43 2
25 44 59
25 45 53
25 49 38
25 50 3
25 52 39
25 53 34
25 54 35
25 55 25
25 56 44
25 58 11
25 59 33
26 0 30
26 1 44
26 4 55
26 5 39
26 7 26
26 11 36
26 14 32
26 15 4
26 16 59
26 18 56
26 20 14
26 21 11
26 22 54
26 23 52
26 24 20
26 25 27
26 27 13
26 29 41
26 34 10
26 37 18
26 40 42
26 45 50
26 46 19
26 48 58
26 49 17
26 51 47
26 55 53
26 58 40
26 59 25
27 0 41
27 2 25
27 3 56
27 4 31
27 5 49
27 6 44
27 7 43
27 9 6
27 10 37
27 11 39
27 12 22
27 14 10
27 17 7
27 19 48
27 20 16
27 21 53
27 23 34
27 24 11
27 27 47
27 28 29
27 29 1
27 30 54
27 31 18
27 39 59
27 40 26
27 41 33
27 45 42
27 46 28
27 48 14
27 49 45
27 51 27
27 52 23
27 58 15
27 59 58
28 3 26
28 8 6
28 15 56
28 17 18
28 18 52
28 19 28
28 20 53
28 22 22
28 23 50
28 25 39
28 26 9
28 27 25
28 28 2
28 31 20
28 35 3
28 36 33
28 37 46
28 39 55
28 40 13
28 43 54
28 46 38
28 47 44
28 49 35
28 52 14
28 56 37
28 58 0
29 0 33
29 6 52
29 9 50
29 10 32
29 11 2
29 12 17
29 13 0
29 14 8
29 17 13
29 22 42
29 23 35
29 24 45
29 26 26
29 29 20
29 30 43
29 31 58
29 33 59
29 35 19
29 36 34
29 39 44
29 40 12
29 41 7
29 42 39
29 43 10
29 44 56
29 51 30
29 53 53
29 54 27
29 55 4
29 56 6
29 57 29
30 2 18
30 4 40
30 7 10
30 10 43
30 12 2
30 17 42
30 18 58
30 19 9
30 21 54
30 26 11
30 27 28
30 28 59
30 29 31
30 35 45
30 37 19
30 38 44
30 42 41
30 44 34
30 46 22
30 49 51
30 51 23
30 53 50
30 55 17
30 56 38
30 57 49
30 58 39
30 59 26
31 0 32
31 1 50
31 2 27
31 4 18
31 8 43
31 9 8
31 10 54
31 13 38
31 14 19
31 15 31
31 17 20
31 18 22
31 20 23
31 22 30
31 23 16
31 24 47
31 26 49
31 28 12
31 29 36
31 30 2
31 31 9
31 32 5
31 33 15
31 34 55
31 35 34
31 41 0
31 45 28
31 49 41
31 51 25
31 52 35
31 54 44
31 55 14
31 59 56
32 0 38
32 2 4
32 3 55
32 8 53
32 9 14
32 12 15
32 13 27
32 19 12
32 20 30
32 22 58
32 23 44
32 24 5
32 26 36
32 27 22
32 29 34
32 30 26
32 32 52
32 33 2
32 39 3
32 41 29
32 42 47
32 43 7
32 46 18
32 47 57
32 49 48
32 50 46
32 51 49
32 52 19
32 57 16
33 1 52
33 2 0
33 3 2
33 4 48
33 5 51
33 6 34
33 7 8
33 8 56
33 12 10
33 14 14
33 16 33
33 18 6
33 21 18
33 22 1
33 24 46
33 30 19
33 31 22
33 32 54
33 33 27
33 34 21
33 39 29
33 42 20
33 43 41
33 45 13
33 47 53
33 51 24
33 54 30
33 56 58
33 58 16
33 59 32
34 0 28
34 2 22
34 3 34
34 5 12
34 7 25
34 8 48
34 10 13
34 14 55
34 16 46
34 18 10
34 19 58
34 20 54
34 23 43
34 24 40
34 26 7
34 28 15
34 29 38
34 32 0
34 34 35
34 36 18
34 37 23
34 39 50
34 40 20
34 41 27
34 42 53
34 46 49
34 49 4
34 53 24
34 56 9
34 57 21
34 59 16
35 3 17
35 6 29
35 8 44
35 12 37
35 14 27
35 15 30
35 19 25
35 22 36
35 23 42
35 24 0
35 26 45
35 27 16
35 30 20
35 31 39
35 32 32
35 34 40
35 36 47
35 37 3
35 38 19
35 39 41
35 40 46
35 43 1
35 48 13
35 49 2
35 52 38
35 53 33
35 56 24
35 57 50
36 0 52
36 3 22
36 9 16
36 13 13
36 14 33
36 15 29
36 19 37
36 20 32
36 21 59
36 23 27
36 24 17
36 25 51
36 26 48
36 27 5
36 28 35
36 30 44
36 31 45
36 32 8
36 34 9
36 35 43
36 44 49
36 47 30
36 49 57
36 50 24
36 53 41
36 56 53
36 59 54
37 1 23
37 2 26
37 3 24
37 6 19
37 7 0
37 9 34
37 11 12
37 13 54
37 15 55
37 16 13
37 17 28
37 19 10
37 20 29
37 23 53
37 25 6
37 28 38
37 33 30
37 34 25
37 35 51
37 38 1
37 41 16
37 42 36
37 43 56
37 46 37
37 47 45
37 48 52
37 53 14
37 55 18
37 57 59
37 59 41
38 2 36
38 3 11
38 4 58
38 5 52
38 7 33
38 10 48
38 11 15
38 12 50
38 14 7
38 21 39
38 22 17
38 23 4
38 27 21
38 30 14
38 31 27
38 35 2
38 37 40
38 41 59
38 42 16
38 45 22
38 47 42
38 51 13
38 52 9
38 55 44
38 58 29
38 59 6
39 0 1
39 2 45
39 5 20
39 11 34
39 12 5
39 13 15
39 16 2
39 17 17
39 20 46
39 22 41
39 24 14
39 25 49
39 26 23
39 28 9
39 33 4
39 35 6
39 36 16
39 37 7
39 39 51
39 42 43
39 44 35
39 45 27
39 50 12
39 51 39
39 52 26
39 53 19
39 55 22
39 56 29
39 57 53
39 58 47
39 59 18
40 2 38
40 5 14
40 6 43
40 8 10
40 12 13
40 14 18
40 15 52
40 16 27
40 19 16
40 20 17
40 21 51
40 26 44
40 28 54
40 29 4
40 32 59
40 34 58
40 37 24
40 39 45
40 40 33
40 44 8
40 47 56
40 49 9
40 50 21
40 52 41
40 53 47
40 54 29
40 55 5
40 57 42
41 0 40
41 1 22
41 4 51
41 7 49
41 8 55
41 9 54
41 10 26
41 15 43
41 16 58
41 20 45
41 21 36
41 23 31
41 24 18
41 25 34
41 26 6
41 27 14
41 28 28
41 29 3
41 33 0
41 35 20
41 36 19
41 39 33
41 40 41
41 41 11
41 48 16
41 49 5
41 52 25
41 55 52
41 57 23
41 58 37
41 59 2
42 0 47
42 2 20
42 3 59
42 4 39
42 5 19
42 7 22
42 8 21
42 11 56
42 15 13
42 16 49
42 18 45
42 19 44
42 20 36
42 21 37
42 22 16
42 23 30
42 26 31
42 29 32
42 32 24
42 33 48
42 34 6
42 36 26
42 37 43
42 38 0
42 39 12
42 40 17
42 41 38
42 42 58
42 44 18
42 45 10
42 46 8
42 47 46
42 48 3
42 50 7
42 51 11
42 52 5
42 53 23
42 54 52
43 4 50
43 6 0
43 8 51
43 9 30
43 12 49
43 13 24
43 14 38
43 16 21
43 17 59
43 19 27
43 23 2
43 25 18
43 26 25
43 27 10
43 28 56
43 29 46
43 30 12
43 32 43
43 34 34
43 35 57
43 36 54
43 37 13
43 40 44
43 43 22
43 48 5
43 52 45
43 54 42
43 55 37
43 56 16
43 57 20
43 58 19
44 1 56
44 3 23
44 5 22
44 6 11
44 8 8
44 9 45
44 11 21
44 12 14
44 14 36
44 15 44
44 16 51
44 17 39
44 20 52
44 21 19
44 22 55
44 23 9
44 26 30
44 28 4
44 30 0
44 37 10
44 40 1
44 41 17
44 42 34
44 44 2
44 47 37
44 52 32
44 53 18
44 54 3
44 56 41
44 59 49
45 0 46
45 6 59
45 12 31
45 14 12
45 16 14
45 17 16
45 18 4
45 19 18
45 21 58
45 24 1
45 25 30
45 28 27
45 30 55
45 35 52
45 37 28
45 38 53
45 39 20
45 44 45
45 49 11
45 51 3
45 52 48
45 54 33
45 55 54
45 56 32
45 58 7
45 59 5
46 0 26
46 1 45
46 4 49
46 5 8
46 7 50
46 11 40
46 12 38
46 13 51
46 14 53
46 16 10
46 19 47
46 26 39
46 30 31
46 31 16
46 33 5
46 34 52
46 37 42
46 38 37
46 40 4
46 43 25
46 45 12
46 46 30
46 50 57
46 53 36
46 55 23
46 57 34
47 0 21
47 1 13
47 2 34
47 3 12
47 4 41
47 8 58
47 11 45
47 12 3
47 15 19
47 16 53
47 17 11
47 20 6
47 24 44
47 25 47
47 27 1
47 29 28
47 31 46
47 32 29
47 33 43
47 34 27
47 36 39
47 37 25
47 38 56
47 40 2
47 41 14
47 42 10
47 43 49
47 45 37
47 46 9
47 47 23
47 52 22
47 54 8
47 55 20
47 57 48
47 58 38
48 2 58
48 3 51
48 4 36
48 5 50
48 6 15
48 7 30
48 12 55
48 13 35
48 16 23
48 18 42
48 19 22
48 21 0
48 25 28
48 27 27
48 29 18
48 30 47
48 31 26
48 32 46
48 35 25
48 36 57
48 37 2
48 41 45
48 43 31
48 45 54
48 49 59
48 50 34
48 51 52
48 53 1
48 54 9
48 56 5
48 57 17
48 58 48
49 1 11
49 2 41
49 3 25
49 4 8
49 9 53
49 11 46
49 12 23
49 14 3
49 15 54
49 16 22
49 17 38
49 18 34
49 19 36
49 20 43
49 21 44
49 24 15
49 28 17
49 29 24
49 32 50
49 35 27
49 39 19
49 42 55
49 43 30
49 45 20
49 47 9
49 49 58
49 52 10
49 53 0
49 55 2
49 56 45
49 58 52
49 59 51
50 0 29
50 1 31
50 2 30
50 6 28
50 8 41
50 11 14
50 12 56
50 14 9
50 15 25
50 17 22
50 18 20
50 19 33
50 20 10
50 21 16
50 22 19
50 26 51
50 27 53
50 28 24
50 30 59
50 32 26
50 36 36
50 37 15
50 39 47
50 40 45
50 41 23
50 42 1
50 43 5
50 44 57
50 46 4
50 50 13
50 51 21
50 52 17
50 57 38
50 58 35
51 5 47
51 6 22
51 7 36
51 9 43
51 10 24
51 12 4
51 18 7
51 22 29
51 24 38
51 25 25
51 27 52
51 29 39
51 30 27
51 31 42
51 33 46
51 38 33
51 39 2
51 41 30
51 43 26
51 45 17
51 48 37
51 49 10
51 51 41
51 52 11
51 54 6
51 55 56
51 58 21
52 0 22
52 6 25
52 7 41
52 8 7
52 12 32
52 13 44
52 14 56
52 15 38
52 18 16
52 19 6
52 23 1
52 25 5
52 28 39
52 29 47
52 30 33
52 31 21
52 32 37
52 35 40
52 36 31
52 38 51
52 39 10
52 40 55
52 41 13
52 42 35
52 44 30
52 45 45
52 49 42
52 50 8
52 52 2
52 53 46
52 57 19
52 58 9
53 2 59
53 3 57
53 6 17
53 7 14
53 8 49
53 9 22
53 11 3
53 12 29
53 14 24
53 15 11
53 17 21
53 18 40
53 23 18
53 25 1
53 28 51
53 29 10
53 30 39
53 31 34
53 32 31
53 33 45
53 35 55
53 36 0
53 40 35
53 42 12
53 43 42
53 47 19
53 48 36
53 49 54
53 51 6
53 53 37
53 55 7
53 56 15
53 59 38
54 3 32
54 5 42
54 6 5
54 10 10
54 15 15
54 16 43
54 18 8
54 21 52
54 23 23
54 27 29
54 28 26
54 29 37
54 31 30
54 32 56
54 36 22
54 37 33
54 38 11
54 39 18
54 40 27
54 43 51
54 45 46
54 46 45
54 48 38
54 50 4
54 51 36
54 52 16
54 53 28
54 54 20
54 55 3
54 58 57
55 2 19
55 6 47
55 7 23
55 8 9
55 9 13
55 10 1
55 11 55
55 12 16
55 13 49
55 16 34
55 18 12
55 19 54
55 20 38
55 23 48
55 24 57
55 25 41
55 28 42
55 29 25
55 31 8
55 32 20
55 33 52
55 34 51
55 35 14
55 40 10
55 41 15
55 42 26
55 49 32
55 50 40
55 52 7
55 53 6
55 55 21
55 56 22
55 58 4
55 59 45
56 0 42
56 8 33
56 10 17
56 12 8
56 14 15
56 15 9
56 16 24
56 17 4
56 18 30
56 19 59
56 20 34
56 24 31
56 25 58
56 30 22
56 31 6
56 33 16
56 34 23
56 35 32
56 38 50
56 40 52
56 41 51
56 43 47
56 44 39
56 45 19
56 46 20
56 48 26
56 49 44
56 54 54
56 55 49
56 58 3
57 2 37
57 7 24
57 8 36
57 10 56
57 18 28
57 21 2
57 24 52
57 27 9
57 30 41
57 31 32
57 34 19
57 44 22
57 45 16
57 46 54
57 50 23
57 51 10
57 53 7
57 56 48
57 58 20
58 4 53
58 5 18
58 6 23
58 7 6
58 9 29
58 10 38
58 11 42
58 12 1
58 13 19
58 14 50
58 19 56
58 21 25
58 23 33
58 24 8
58 25 46
58 28 45
58 31 10
58 32 7
58 33 26
58 34 2
58 35 21
58 37 51
58 43 59
58 48 55
58 52 3
58 53 16
58 54 48
58 57 28
58 58 27
58 59 17
59 6 24
59 7 12
59 8 4
59 10 41
59 12 21
59 13 37
59 14 47
59 15 36
59 16 45
59 17 33
59 18 11
59 21 8
59 22 6
59 24 3
59 26 10
59 29 7
59 30 30
59 31 2
59 32 1
59 34 38
59 36 49
59 37 53
59 40 31
59 42 50
59 45 55
59 46 40
59 49 16
59 50 44
59 51 56
59 56 59
59 59 19
