60
0 7 17
0 11 25
0 13 9
0 16 19
0 19 8
0 20 13
0 22 10
0 26 39
0 29 14
0 31 54
0 33 11
0 35 36
0 37 48
0 39 51
0 47 6
0 54 40
0 57 58
1 0 15
1 3 56
1 5 43
1 9 33
1 13 3
1 15 59
1 16 11
1 18 51
1 19 17
1 24 23
1 25 4
1 27 21
1 29 55
1 38 57
1 39 16
1 41 6
1 43 12
1 45 40
1 47 47
1 48 35
1 55 27
1 58 5
1 59 30
2 4 1
2 6 53
2 7 25
2 13 52
2 16 43
2 17 2
2 20 34
2 21 21
2 24 57
2 26 36
2 29 5
2 30 6
2 39 33
2 41 16
2 44 19
2 47 22
2 56 46
2 59 50
3 1 27
3 3 17
3 4 4
3 5 50
3 11 46
3 13 21
3 14 41
3 15 11
3 19 24
3 25 8
3 30 25
3 32 12
3 37 38
3 38 42
3 40 0
3 41 56
3 42 53
3 49 34
3 51 18
3 52 55
3 55 23
3 59 40
4 0 3
4 2 52
4 5 33
4 10 45
4 11 0
4 13 39
4 15 35
4 20 16
4 21 24
4 22 2
4 23 27
4 26 51
4 28 49
4 29 30
4 30 32
4 31 59
4 34 1
4 37 31
4 38 18
4 39 5
4 42 43
4 47 20
4 53 26
5 9 10
5 11 55
5 13 4
5 15 22
5 40 48
5 41 42
5 45 7
5 46 50
5 57 18
6 0 50
6 3 2
6 5 55
6 9 5
6 10 37
6 12 10
6 19 38
6 22 42
6 31 34
6 32 22
6 33 3
6 40 49
6 41 11
6 43 21
6 45 33
6 47 52
6 51 44
7 2 57
7 5 40
7 8 46
7 11 39
7 12 48
7 15 2
7 18 19
7 19 10
7 20 6
7 22 45
7 24 49
7 25 32
7 26 14
7 28 5
7 33 18
7 35 58
7 37 24
7 43 53
7 47 28
7 50 44
7 57 1
7 58 22
8 1 16
8 3 45
8 5 52
8 12 34
8 16 25
8 20 23
8 21 59
8 27 41
8 35 12
8 39 46
8 40 40
8 42 29
8 47 19
8 49 51
8 50 17
8 56 15
8 58 28
9 0 34
9 3 7
9 7 56
9 14 55
9 15 12
9 17 27
9 18 40
9 20 28
9 21 13
9 24 20
9 36 36
9 41 43
9 47 21
9 57 57
10 1 37
10 4 2
10 12 0
10 13 15
10 17 12
10 19 32
10 20 20
10 21 53
10 22 49
10 33 38
10 34 16
10 35 21
10 43 45
10 45 27
10 48 39
10 49 3
10 51 48
10 53 7
10 54 56
11 1 39
11 2 3
11 3 35
11 7 53
11 11 50
11 12 23
11 16 58
11 22 44
11 24 7
11 25 16
11 26 28
11 29 6
11 33 14
11 34 56
11 35 15
11 36 12
11 38 45
11 47 32
11 48 24
11 50 5
11 52 10
11 53 33
11 58 43
12 5 11
12 10 5
12 14 10
12 35 8
12 38 56
12 49 58
12 52 17
12 53 2
12 57 20
13 6 26
13 9 53
13 14 58
13 19 4
13 26 41
13 30 45
13 31 0
13 34 22
13 35 55
13 40 47
13 47 59
13 52 16
13 53 32
13 54 44
13 55 12
13 57 28
13 58 21
14 3 22
14 4 30
14 5 6
14 9 8
14 17 7
14 18 50
14 25 24
14 36 0
14 40 51
14 43 38
14 55 53
14 56 31
14 58 27
14 59 20
15 2 25
15 5 16
15 7 23
15 11 21
15 13 26
15 15 18
15 16 30
15 23 57
15 24 3
15 25 46
15 31 14
15 33 34
15 37 10
15 38 2
15 41 24
15 42 54
15 47 1
15 49 37
15 50 0
15 53 6
15 54 5
15 56 7
16 1 9
16 8 11
16 10 28
16 11 58
16 12 53
16 16 7
16 23 26
16 29 27
16 31 18
16 34 32
16 35 39
16 36 22
16 41 12
16 44 8
16 45 19
16 46 30
16 47 55
16 55 48
16 58 42
16 59 5
17 0 47
17 1 6
17 4 15
17 6 59
17 7 1
17 8 38
17 14 31
17 17 53
17 18 30
17 24 52
17 28 16
17 34 45
17 36 50
17 38 28
17 39 20
17 40 36
17 43 56
17 45 43
17 46 33
17 47 12
17 49 0
17 52 46
17 56 55
18 4 50
18 9 58
18 11 7
18 15 46
18 18 8
18 21 44
18 22 54
18 23 14
18 29 48
18 31 30
18 36 40
18 38 25
18 40 27
18 43 28
18 47 24
18 48 13
18 50 3
18 51 4
18 52 35
18 53 56
18 59 37
19 0 4
19 5 42
19 6 38
19 7 21
19 8 36
19 10 32
19 13 2
19 15 47
19 16 54
19 17 29
19 21 43
19 25 48
19 29 24
19 33 27
19 38 14
19 46 0
19 50 28
19 51 1
19 55 13
20 3 16
20 8 17
20 12 43
20 16 44
20 17 5
20 18 37
20 26 46
20 27 10
20 28 51
20 31 29
20 32 59
20 45 55
20 51 56
20 55 11
20 57 15
21 1 12
21 5 28
21 16 29
21 19 21
21 21 3
21 30 59
21 38 8
21 39 54
21 44 26
21 48 16
21 49 18
21 51 20
21 52 11
21 54 51
21 57 47
21 59 23
22 1 54
22 6 11
22 7 2
22 8 21
22 9 59
22 12 25
22 15 33
22 18 18
22 22 38
22 24 39
22 25 12
22 26 49
22 28 14
22 30 52
22 31 58
22 32 19
22 36 42
22 37 47
22 41 48
22 46 3
22 48 29
22 49 5
22 50 45
23 3 59
23 4 19
23 12 15
23 14 47
23 15 43
23 18 22
23 23 17
23 24 37
23 27 40
23 28 4
23 38 46
23 41 39
23 43 51
23 44 3
23 46 24
23 48 14
23 52 58
23 55 5
23 56 50
23 58 44
23 59 28
24 0 11
24 3 19
24 4 5
24 6 35
24 12 20
24 18 23
24 19 16
24 21 22
24 25 43
24 26 12
24 30 50
24 34 31
24 35 47
24 37 55
24 40 1
24 45 51
24 47 13
24 48 21
24 49 10
24 51 9
24 53 27
24 58 48
25 0 53
25 3 8
25 7 39
25 12 40
25 13 20
25 19 45
25 20 33
25 24 15
25 26 18
25 28 58
25 33 42
25 34 11
25 37 59
25 43 48
25 46 51
25 47 41
25 49 25
25 54 30
25 56 21
26 4 33
26 6 34
26 7 49
26 25 45
26 29 42
26 41 32
26 48 19
26 49 56
26 51 30
26 53 9
26 54 0
26 59 13
27 6 44
27 8 47
27 13 12
27 14 25
27 25 57
27 29 29
27 34 36
27 36 43
27 39 0
27 43 20
27 44 27
27 46 56
27 47 7
27 51 19
27 52 4
27 58 3
28 1 26
28 5 8
28 8 52
28 9 19
28 24 10
28 28 23
28 29 9
28 30 58
28 32 14
28 33 56
28 34 25
28 36 18
28 44 4
28 45 6
28 47 45
28 50 11
28 51 31
28 52 37
28 55 22
28 57 36
28 59 59
29 1 51
29 2 45
29 4 40
29 5 20
29 7 7
29 8 30
29 10 26
29 12 12
29 18 27
29 20 47
29 23 33
29 27 22
29 31 28
29 41 31
29 44 56
29 48 50
30 6 18
30 9 46
30 11 16
30 13 51
30 18 34
30 19 35
30 21 0
30 25 37
30 32 6
30 33 57
30 38 54
30 44 40
30 45 59
30 49 22
30 52 7
30 53 19
30 56 43
30 59 1
31 1 56
31 3 41
31 6 5
31 7 26
31 8 45
31 16 24
31 20 3
31 23 8
31 29 59
31 33 29
31 34 33
31 35 53
31 36 44
31 41 20
31 44 32
31 49 47
31 52 21
31 53 18
31 54 43
31 59 0
32 4 21
32 6 9
32 12 3
32 13 43
32 16 8
32 17 40
32 19 46
32 20 44
32 27 0
32 28 28
32 30 1
32 32 37
32 35 42
32 38 36
32 48 33
32 55 39
33 3 53
33 4 44
33 5 9
33 14 39
33 16 48
33 19 50
33 21 25
33 25 40
33 39 31
33 40 24
33 45 42
33 48 32
33 54 34
33 56 11
33 58 17
34 4 43
34 10 12
34 15 15
34 18 56
34 20 49
34 22 14
34 23 23
34 30 29
34 32 48
34 36 59
34 39 37
34 40 22
34 45 20
34 48 1
34 51 42
34 56 51
34 58 53
35 0 58
35 2 33
35 3 55
35 8 9
35 10 18
35 11 59
35 13 6
35 14 13
35 15 30
35 17 52
35 18 28
35 22 56
35 26 5
35 31 38
35 32 46
35 34 14
35 35 40
35 43 54
35 46 41
35 52 43
35 53 35
35 57 24
35 59 7
36 0 48
36 1 58
36 3 9
36 4 56
36 5 27
36 19 52
36 20 24
36 29 18
36 30 5
36 35 20
36 36 31
36 37 36
36 38 34
36 39 53
36 40 30
36 49 43
36 59 39
37 1 42
37 4 11
37 10 50
37 12 21
37 13 41
37 25 20
37 26 54
37 29 45
37 34 44
37 40 28
37 43 2
37 45 56
37 46 58
37 56 34
38 1 21
38 2 27
38 4 22
38 6 23
38 9 49
38 10 53
38 11 40
38 14 26
38 21 8
38 22 24
38 23 1
38 25 42
38 26 32
38 29 39
38 30 51
38 31 16
38 37 0
38 39 34
38 40 9
38 42 7
38 45 25
38 46 14
38 55 30
38 56 52
38 58 38
39 4 28
39 5 49
39 9 56
39 10 51
39 14 59
39 17 30
39 18 45
39 29 40
39 31 8
39 32 24
39 35 33
39 37 26
39 39 52
39 46 57
39 50 18
39 53 11
39 54 39
40 3 14
40 6 7
40 8 20
40 9 6
40 11 52
40 12 35
40 13 8
40 15 56
40 17 15
40 18 24
40 21 31
40 23 28
40 29 25
40 30 12
40 31 10
40 36 39
40 44 58
40 47 4
40 59 22
41 0 40
41 1 41
41 4 59
41 7 44
41 11 4
41 13 29
41 14 36
41 15 38
41 18 0
41 19 33
41 21 20
41 22 37
41 25 56
41 46 47
41 47 54
41 50 46
41 56 1
41 58 9
42 4 0
42 10 41
42 13 30
42 16 50
42 21 17
42 31 35
42 41 59
42 47 26
42 50 8
42 51 40
42 54 33
42 56 19
43 2 17
43 3 0
43 7 58
43 9 26
43 10 40
43 14 16
43 15 28
43 16 20
43 20 38
43 21 5
43 28 8
43 29 51
43 31 4
43 36 49
43 42 6
43 43 50
43 49 33
43 53 25
43 54 27
43 56 9
43 57 46
43 59 24
44 6 1
44 11 18
44 15 32
44 18 9
44 21 42
44 23 37
44 27 48
44 28 11
44 32 44
44 34 49
44 37 25
44 50 59
44 51 13
44 56 33
44 57 17
45 0 59
45 5 38
45 14 27
45 16 46
45 18 21
45 19 19
45 20 40
45 30 53
45 34 29
45 37 37
45 40 31
45 44 5
45 49 48
45 50 24
45 51 57
45 55 51
46 2 5
46 4 46
46 9 45
46 10 22
46 13 13
46 14 23
46 15 57
46 16 51
46 20 9
46 27 19
46 29 32
46 30 3
46 39 1
46 40 26
46 45 4
46 53 21
46 55 55
47 2 35
47 3 21
47 6 12
47 7 30
47 11 8
47 12 33
47 14 28
47 20 25
47 24 29
47 26 56
47 29 37
47 30 57
47 34 13
47 39 47
47 41 27
47 43 0
47 45 48
47 48 18
47 50 31
47 55 10
47 59 54
48 2 32
48 6 33
48 7 50
48 8 57
48 13 53
48 17 26
48 18 48
48 21 54
48 23 58
48 28 59
48 32 9
48 43 13
48 46 1
48 50 20
48 57 31
48 58 56
48 59 55
49 2 36
49 3 23
49 6 3
49 7 40
49 8 33
49 9 21
49 10 34
49 12 14
49 13 56
49 17 13
49 18 57
49 22 55
49 33 15
49 36 45
49 43 1
49 45 49
49 48 52
49 50 37
49 52 39
49 57 16
49 58 25
49 59 10
50 2 20
50 4 53
50 13 49
50 15 24
50 18 7
50 19 48
50 23 19
50 25 11
50 30 44
50 35 5
50 40 18
50 47 31
50 49 55
50 50 21
50 52 34
50 54 16
50 55 42
50 56 2
51 2 50
51 18 5
51 21 26
51 28 34
51 35 16
51 50 43
51 55 6
51 56 35
52 2 43
52 5 34
52 7 19
52 9 17
52 11 33
52 12 51
52 14 49
52 16 6
52 17 8
52 28 0
52 31 23
52 32 3
52 33 7
52 36 2
52 42 37
52 44 20
52 46 40
52 48 46
52 51 50
52 52 25
52 54 14
52 57 35
53 1 3
53 4 12
53 7 59
53 13 33
53 19 42
53 20 32
53 21 46
53 22 40
53 27 43
53 29 53
53 32 20
53 34 51
53 41 17
53 52 38
53 56 57
53 59 21
54 0 36
54 3 12
54 7 8
54 8 56
54 13 45
54 21 49
54 22 9
54 34 42
54 38 50
54 44 24
54 46 15
54 49 19
54 52 2
54 55 29
54 59 33
55 1 35
55 2 48
55 6 22
55 8 43
55 12 1
55 13 58
55 14 11
55 15 49
55 35 59
55 38 31
55 39 55
55 42 27
55 49 14
55 50 29
55 57 19
55 59 32
56 5 21
56 18 39
56 19 28
56 20 35
56 22 30
56 31 2
56 32 42
56 36 25
56 39 19
56 40 29
56 42 11
56 54 24
56 57 10
57 3 31
57 5 51
57 8 44
57 12 26
57 15 27
57 16 53
57 18 29
57 21 23
57 22 47
57 24 36
57 26 20
57 29 46
57 37 43
57 40 37
57 44 38
57 47 14
57 48 25
57 49 13
57 51 33
57 55 21
57 58 54
58 0 42
58 8 16
58 16 41
58 18 3
58 21 58
58 22 18
58 27 36
58 32 53
58 33 40
58 34 5
58 35 54
58 36 34
58 39 4
58 40 19
58 44 0
58 48 45
58 50 10
58 52 1
58 55 31
58 56 47
59 2 9
59 4 54
59 12 57
59 17 37
59 18 38
59 25 35
59 31 31
59 33 48
59 34 34
59 35 52
59 37 33
59 38 23
59 40 46
59 41 4
59 44 50
59 49 59
59 50 6
59 52 12
59 53 44
59 58 24
