60
0 0 36
0 1 29
0 2 30
0 3 7
0 4 25
0 5 55
0 6 33
0 7 59
0 8 11
0 9 34
0 10 5
0 12 2
0 14 32
0 15 49
0 16 20
0 18 50
0 19 39
0 20 28
0 21 17
0 22 37
0 23 3
0 24 19
0 25 6
0 26 16
0 29 46
0 31 31
0 32 18
0 35 23
0 36 10
0 37 8
0 38 12
0 39 35
0 40 47
0 41 40
0 42 27
0 43 1
0 44 21
0 46 15
0 47 48
0 48 42
0 49 13
0 51 9
0 53 41
0 55 51
0 56 52
0 57 4
0 58 57
0 59 22
1 1 2
1 2 0
1 3 10
1 4 36
1 5 29
1 8 17
1 9 41
1 10 11
1 11 15
1 12 7
1 14 22
1 17 43
1 18 57
1 19 23
1 20 13
1 21 34
1 22 42
1 23 59
1 24 12
1 25 28
1 26 1
1 27 31
1 28 51
1 29 54
1 30 20
1 34 25
1 37 58
1 38 35
1 39 37
1 40 24
1 41 53
1 43 6
1 44 32
1 45 39
1 46 8
1 47 19
1 48 55
1 49 18
1 50 50
1 51 47
1 53 21
1 54 49
1 55 48
1 59 30
2 0 11
2 1 33
2 2 1
2 7 34
2 8 26
2 11 40
2 12 19
2 17 36
2 18 59
2 21 22
2 22 48
2 23 10
2 29 56
2 30 2
2 33 54
2 34 49
2 38 16
2 42 13
2 43 57
2 44 52
2 48 4
2 49 6
2 50 27
2 51 39
2 52 24
2 53 29
2 54 46
2 55 23
2 56 8
2 59 17
3 0 18
3 1 19
3 3 26
3 4 2
3 5 59
3 6 52
3 7 24
3 9 36
3 11 10
3 12 14
3 14 6
3 15 57
3 16 53
3 18 12
3 19 21
3 20 48
3 21 11
3 22 28
3 25 29
3 26 17
3 27 20
3 28 37
3 29 4
3 30 3
3 32 43
3 37 25
3 38 47
3 39 40
3 40 56
3 43 16
3 44 58
3 46 46
3 49 41
3 50 30
3 51 13
3 52 34
3 54 39
3 57 8
3 58 42
3 59 45
4 0 42
4 1 44
4 2 59
4 4 4
4 5 56
4 8 29
4 9 6
4 10 39
4 11 25
4 12 3
4 13 24
4 14 58
4 16 8
4 18 36
4 19 37
4 22 13
4 24 11
4 25 21
4 26 14
4 27 50
4 28 54
4 29 48
4 31 15
4 33 57
4 34 28
4 35 47
4 37 41
4 38 22
4 39 27
4 42 53
4 45 52
4 46 2
4 47 20
4 48 5
4 53 10
4 54 7
4 57 55
4 58 45
5 0 5
5 2 46
5 3 31
5 4 6
5 5 7
5 7 49
5 8 52
5 11 47
5 13 37
5 14 34
5 15 56
5 18 24
5 19 3
5 20 38
5 21 18
5 23 23
5 24 17
5 26 9
5 27 59
5 28 19
5 29 22
5 30 32
5 31 14
5 32 15
5 33 0
5 34 45
5 35 21
5 36 16
5 37 27
5 39 39
5 40 44
5 41 2
5 42 36
5 43 53
5 44 12
5 45 57
5 51 33
5 52 55
5 53 26
5 54 43
5 55 13
5 56 48
6 0 28
6 2 16
6 3 9
6 4 58
6 5 30
6 7 23
6 8 47
6 12 40
6 13 45
6 14 21
6 15 54
6 17 52
6 20 29
6 27 32
6 30 33
6 31 41
6 32 46
6 33 5
6 35 6
6 36 4
6 38 31
6 39 8
6 42 39
6 43 56
6 44 24
6 46 43
6 47 7
6 48 2
6 49 48
6 52 18
6 53 12
6 55 22
6 58 20
6 59 59
7 0 48
7 6 24
7 9 14
7 10 22
7 13 40
7 17 49
7 19 20
7 20 37
7 21 57
7 23 29
7 24 43
7 26 41
7 27 52
7 28 38
7 32 33
7 34 51
7 36 13
7 37 46
7 39 21
7 41 42
7 43 39
7 44 56
7 45 0
7 47 58
7 48 54
7 49 30
7 50 1
7 51 3
7 54 25
7 56 35
7 57 26
8 1 42
8 2 32
8 4 47
8 6 30
8 7 52
8 9 44
8 10 7
8 11 4
8 14 54
8 16 22
8 17 55
8 20 36
8 22 18
8 23 57
8 24 53
8 25 38
8 27 51
8 28 2
8 29 34
8 30 10
8 32 11
8 35 1
8 36 20
8 38 3
8 43 17
8 44 37
8 46 31
8 47 23
8 49 33
8 50 14
8 55 39
8 56 0
8 57 48
8 58 41
9 0 9
9 3 24
9 4 18
9 5 5
9 6 39
9 10 19
9 12 49
9 17 1
9 18 14
9 19 0
9 21 29
9 22 23
9 23 40
9 24 35
9 25 37
9 27 22
9 29 21
9 30 31
9 31 32
9 32 48
9 34 10
9 35 13
9 39 42
9 41 57
9 42 54
9 43 7
9 45 47
9 46 26
9 48 58
9 51 8
9 52 52
9 53 17
9 55 20
9 57 41
9 58 3
10 0 49
10 2 36
10 3 39
10 6 12
10 7 46
10 9 50
10 12 21
10 14 4
10 17 45
10 18 52
10 24 55
10 25 40
10 26 59
10 27 14
10 28 11
10 29 29
10 33 3
10 36 6
10 39 25
10 44 33
10 47 0
10 48 9
10 50 54
10 52 53
10 53 24
10 55 56
10 59 23
11 1 14
11 3 54
11 5 48
11 6 18
11 8 55
11 12 51
11 14 29
11 15 53
11 17 7
11 18 27
11 21 31
11 22 38
11 23 49
11 27 39
11 28 46
11 29 1
11 31 23
11 34 44
11 35 24
11 37 37
11 40 35
11 41 30
11 44 43
11 45 58
11 47 8
11 48 47
11 49 12
11 52 32
11 54 15
11 55 11
11 57 16
11 58 40
12 0 16
12 2 47
12 3 48
12 5 46
12 6 23
12 7 11
12 10 26
12 11 29
12 12 58
12 13 49
12 14 36
12 15 25
12 16 17
12 19 12
12 20 2
12 21 21
12 24 14
12 27 6
12 29 30
12 30 15
12 34 4
12 35 10
12 36 0
12 37 52
12 38 27
12 39 9
12 43 32
12 45 44
12 46 13
12 47 53
12 49 34
12 52 20
12 53 50
12 54 35
12 58 18
12 59 19
13 0 10
13 2 49
13 5 54
13 6 57
13 7 17
13 9 1
13 11 9
13 13 43
13 16 7
13 17 41
13 23 36
13 24 52
13 26 53
13 27 47
13 29 35
13 32 50
13 35 0
13 36 25
13 37 19
13 38 15
13 39 22
13 40 40
13 41 56
13 44 45
13 47 21
13 48 24
13 49 3
13 50 18
13 52 4
13 54 55
13 55 59
13 56 44
13 59 37
14 0 32
14 1 25
14 3 1
14 5 40
14 7 20
14 8 44
14 9 23
14 10 17
14 12 36
14 14 35
14 15 22
14 18 3
14 19 55
14 21 42
14 23 21
14 24 27
14 25 26
14 27 15
14 31 11
14 32 56
14 35 4
14 36 57
14 39 41
14 43 0
14 45 6
14 46 12
14 48 19
14 49 45
14 50 13
14 53 58
14 54 53
14 56 59
14 58 33
15 0 3
15 1 16
15 4 1
15 7 33
15 8 25
15 9 47
15 10 23
15 12 8
15 13 17
15 15 40
15 16 56
15 17 26
15 19 51
15 20 22
15 23 35
15 24 32
15 25 4
15 28 31
15 29 42
15 30 9
15 32 21
15 34 29
15 35 50
15 38 38
15 39 13
15 42 34
15 43 2
15 44 59
15 45 48
15 46 18
15 50 43
15 52 44
15 55 19
15 56 24
15 57 0
15 58 52
15 59 55
16 0 33
16 4 52
16 5 34
16 6 32
16 8 28
16 9 4
16 11 43
16 12 47
16 16 25
16 18 19
16 19 10
16 20 55
16 22 41
16 23 45
16 25 5
16 26 0
16 27 29
16 28 27
16 30 24
16 32 9
16 33 21
16 34 12
16 35 35
16 36 8
16 37 38
16 38 20
16 44 42
16 45 46
16 47 37
16 49 49
16 51 36
16 52 15
16 53 56
16 55 7
16 56 54
16 58 11
16 59 39
17 2 2
17 4 54
17 5 28
17 6 19
17 7 7
17 8 0
17 9 45
17 10 29
17 11 56
17 14 3
17 18 13
17 19 33
17 20 20
17 22 14
17 23 47
17 25 12
17 30 30
17 31 6
17 32 59
17 34 23
17 36 15
17 38 9
17 39 36
17 40 18
17 41 1
17 43 22
17 44 44
17 46 40
17 47 46
17 48 26
17 51 21
17 53 27
17 54 58
17 55 43
17 59 25
18 0 8
18 1 58
18 2 56
18 3 11
18 5 41
18 6 16
18 8 51
18 11 17
18 14 53
18 15 14
18 16 32
18 18 18
18 19 59
18 21 50
18 23 4
18 24 6
18 25 48
18 28 36
18 30 39
18 31 9
18 32 38
18 33 42
18 35 37
18 36 34
18 37 23
18 38 52
18 39 0
18 40 54
18 44 57
18 45 24
18 48 10
18 49 20
18 53 2
18 56 43
19 1 10
19 2 27
19 3 46
19 4 15
19 6 58
19 7 32
19 10 56
19 11 45
19 14 8
19 17 30
19 18 44
19 19 19
19 21 40
19 22 22
19 23 18
19 24 21
19 25 7
19 27 49
19 30 11
19 31 34
19 32 41
19 33 2
19 35 26
19 36 39
19 37 53
19 38 4
19 39 28
19 41 12
19 42 55
19 43 36
19 44 25
19 45 38
19 46 54
19 47 43
19 48 14
19 49 35
19 50 17
19 51 20
19 52 37
19 53 47
19 54 24
19 55 52
19 57 13
20 2 43
20 8 54
20 10 59
20 12 33
20 13 6
20 16 1
20 17 15
20 18 42
20 19 7
20 20 16
20 21 38
20 22 3
20 24 46
20 25 57
20 26 55
20 28 21
20 30 29
20 31 26
20 32 25
20 33 56
20 34 32
20 35 49
20 37 9
20 39 2
20 41 34
20 43 11
20 49 5
20 51 52
20 52 47
20 58 48
20 59 41
21 2 44
21 3 37
21 4 9
21 5 10
21 6 20
21 9 11
21 10 25
21 11 22
21 12 12
21 13 48
21 15 41
21 17 31
21 18 8
21 19 50
21 21 23
21 23 33
21 24 18
21 25 55
21 29 38
21 30 17
21 32 3
21 33 43
21 35 58
21 37 29
21 39 32
21 42 0
21 44 5
21 45 15
21 46 4
21 47 45
21 48 6
21 50 52
21 51 51
21 59 35
22 1 41
22 2 53
22 4 38
22 7 1
22 8 46
22 11 8
22 12 23
22 13 5
22 15 43
22 16 11
22 17 18
22 18 26
22 21 52
22 24 34
22 25 32
22 28 35
22 29 45
22 30 42
22 31 24
22 32 16
22 33 47
22 34 22
22 38 57
22 39 3
22 42 21
22 45 40
22 46 20
22 47 25
22 49 56
22 50 48
22 51 28
22 55 0
22 56 6
22 57 19
22 59 51
23 0 6
23 1 21
23 3 16
23 5 20
23 6 47
23 7 9
23 8 13
23 9 10
23 10 57
23 12 38
23 14 12
23 16 23
23 17 50
23 19 35
23 20 14
23 24 24
23 25 34
23 28 33
23 29 41
23 32 44
23 33 7
23 34 1
23 35 11
23 36 3
23 38 29
23 40 48
23 41 28
23 42 45
23 43 18
23 44 19
23 45 42
23 46 49
23 50 4
23 51 53
23 53 25
23 54 37
23 59 8
24 0 54
24 1 23
24 3 44
24 8 50
24 9 24
24 10 20
24 12 26
24 14 42
24 15 48
24 17 53
24 18 40
24 19 17
24 20 43
24 21 13
24 22 57
24 23 9
24 24 28
24 27 55
24 28 3
24 30 27
24 31 38
24 33 6
24 37 14
24 38 51
24 39 11
24 40 25
24 41 21
24 44 2
24 45 10
24 49 4
24 50 39
24 51 29
24 52 0
24 54 34
24 55 8
24 57 45
24 58 49
24 59 32
25 0 44
25 1 48
25 2 19
25 3 45
25 4 17
25 7 3
25 11 28
25 17 9
25 18 35
25 19 47
25 23 37
25 26 58
25 28 39
25 29 26
25 31 8
25 32 4
25 37 12
25 38 11
25 39 43
25 40 29
25 45 51
25 46 14
25 47 59
25 49 40
25 50 7
25 53 20
25 58 15
26 1 36
26 3 35
26 4 40
26 9 33
26 10 54
26 14 47
26 15 15
26 16 57
26 17 20
26 18 51
26 19 11
26 21 0
26 22 49
26 23 5
26 24 3
26 25 24
26 26 37
26 27 46
26 31 22
26 32 28
26 34 27
26 37 59
26 38 17
26 42 42
26 43 52
26 45 9
26 47 30
26 48 25
26 50 26
26 51 41
26 53 32
26 54 18
26 56 55
26 57 34
27 0 25
27 2 58
27 4 10
27 5 50
27 8 5
27 9 26
27 10 43
27 11 35
27 13 52
27 14 39
27 16 4
27 17 0
27 19 18
27 20 30
27 22 45
27 23 55
27 25 14
27 26 2
27 29 11
27 31 49
27 34 47
27 35 59
27 38 40
27 39 6
27 41 19
27 42 41
27 43 20
27 45 31
27 48 56
27 49 8
27 51 32
27 52 54
27 53 38
27 55 57
27 56 34
27 57 37
27 59 48
28 0 20
28 1 13
28 5 47
28 6 8
28 7 36
28 10 58
28 11 32
28 13 31
28 15 52
28 16 24
28 17 38
28 18 34
28 20 39
28 21 37
28 22 21
28 23 1
28 24 9
28 25 44
28 27 11
28 29 5
28 32 17
28 34 53
28 36 49
28 37 6
28 39 56
28 41 45
28 42 3
28 44 35
28 45 29
28 47 2
28 50 55
28 52 22
28 53 43
28 55 41
28 57 12
28 58 19
28 59 16
29 0 22
29 1 27
29 3 14
29 5 39
29 7 45
29 9 49
29 15 13
29 16 0
29 17 11
29 18 16
29 19 36
29 21 43
29 22 26
29 23 2
29 25 33
29 26 15
29 31 3
29 32 35
29 33 30
29 34 18
29 35 40
29 36 24
29 37 42
29 39 7
29 40 20
29 43 23
29 44 51
29 46 10
29 50 46
29 51 59
29 52 57
29 56 58
29 57 5
29 58 34
30 0 56
30 4 16
30 5 15
30 9 18
30 10 49
30 13 58
30 18 37
30 19 40
30 20 3
30 21 41
30 23 6
30 24 1
30 26 36
30 27 30
30 30 19
30 31 59
30 32 29
30 34 38
30 36 31
30 37 2
30 38 46
30 42 32
30 44 22
30 45 17
30 47 35
30 48 34
30 49 9
30 51 7
30 52 39
30 54 54
30 55 42
30 56 45
30 57 53
31 0 1
31 1 43
31 2 20
31 4 13
31 6 56
31 8 33
31 9 5
31 10 8
31 14 40
31 15 39
31 16 34
31 17 51
31 18 0
31 19 52
31 21 53
31 22 55
31 23 26
31 24 25
31 25 47
31 27 54
31 28 12
31 29 3
31 31 4
31 32 37
31 33 23
31 34 48
31 36 2
31 37 15
31 38 59
31 40 6
31 42 14
31 44 31
31 45 30
31 46 35
31 47 32
31 50 9
31 52 38
31 53 11
31 54 17
31 58 24
32 1 32
32 2 11
32 5 12
32 6 40
32 8 37
32 11 23
32 12 56
32 13 0
32 15 5
32 16 52
32 17 16
32 18 29
32 20 53
32 23 34
32 25 39
32 28 6
32 29 14
32 30 49
32 31 57
32 33 41
32 34 33
32 35 20
32 36 47
32 37 18
32 38 28
32 39 1
32 40 36
32 43 10
32 44 30
32 46 59
32 47 26
32 49 58
32 50 21
32 52 9
32 53 45
32 56 2
32 57 43
32 58 50
33 0 17
33 4 5
33 5 16
33 6 45
33 9 9
33 10 52
33 11 6
33 12 22
33 15 44
33 16 41
33 17 58
33 18 15
33 20 1
33 21 48
33 22 11
33 25 42
33 26 35
33 27 37
33 29 25
33 30 28
33 31 21
33 32 23
33 34 20
33 35 56
33 39 34
33 40 7
33 41 13
33 42 38
33 44 18
33 46 29
33 48 36
33 49 46
33 51 43
33 53 53
33 54 0
33 55 10
33 58 12
33 59 33
34 0 29
34 1 7
34 5 6
34 6 2
34 7 25
34 9 37
34 11 20
34 12 17
34 13 22
34 14 45
34 15 30
34 16 3
34 17 59
34 18 9
34 19 16
34 20 54
34 23 42
34 24 33
34 25 43
34 27 40
34 30 8
34 31 47
34 33 19
34 34 52
34 35 34
34 36 28
34 38 48
34 39 31
34 42 11
34 44 50
34 45 23
34 46 56
34 47 5
34 48 13
34 49 55
34 50 24
34 51 18
34 52 36
34 56 12
34 57 27
35 4 24
35 6 46
35 8 53
35 9 40
35 10 41
35 12 29
35 13 23
35 15 21
35 16 12
35 17 42
35 18 43
35 19 6
35 20 45
35 22 32
35 24 13
35 25 18
35 26 33
35 27 10
35 28 22
35 30 1
35 32 39
35 33 9
35 35 30
35 37 0
35 38 7
35 40 58
35 44 28
35 46 38
35 48 20
35 49 44
35 51 37
35 55 54
35 57 25
35 58 17
35 59 27
36 0 24
36 2 3
36 4 51
36 5 43
36 9 21
36 11 7
36 12 13
36 13 41
36 14 25
36 15 59
36 20 8
36 22 27
36 23 58
36 24 26
36 25 2
36 26 31
36 27 23
36 28 42
36 29 6
36 30 22
36 33 20
36 34 15
36 35 48
36 37 47
36 38 18
36 39 17
36 44 36
36 45 55
36 46 9
36 47 52
36 49 57
36 50 53
36 51 11
36 54 4
36 58 29
37 0 19
37 1 57
37 4 30
37 5 1
37 6 42
37 8 40
37 9 38
37 10 36
37 11 26
37 13 7
37 14 49
37 16 47
37 17 6
37 20 46
37 22 12
37 23 56
37 24 2
37 25 51
37 26 11
37 29 59
37 30 21
37 32 20
37 33 35
37 34 24
37 35 43
37 36 41
37 37 32
37 38 8
37 40 0
37 42 22
37 43 13
37 44 29
37 45 5
37 47 16
37 48 31
37 49 10
37 50 3
37 51 45
37 52 25
37 54 23
37 55 9
37 59 14
38 0 45
38 1 20
38 4 46
38 5 52
38 6 13
38 8 59
38 10 6
38 11 5
38 12 4
38 13 30
38 15 16
38 18 2
38 19 29
38 20 42
38 22 0
38 25 3
38 26 12
38 28 32
38 29 44
38 33 22
38 34 40
38 37 48
38 38 25
38 41 41
38 43 8
38 44 47
38 46 37
38 49 7
38 51 1
38 52 49
38 53 55
38 54 27
38 55 31
38 56 28
38 57 50
38 58 21
38 59 53
39 2 48
39 3 40
39 4 23
39 5 14
39 12 0
39 13 25
39 14 17
39 15 3
39 16 55
39 17 47
39 18 58
39 19 42
39 20 12
39 21 26
39 23 53
39 25 46
39 26 18
39 27 7
39 29 28
39 31 10
39 33 36
39 35 19
39 38 49
39 40 31
39 41 20
39 42 29
39 43 43
39 44 16
39 45 33
39 47 57
39 48 38
39 49 52
39 50 6
39 52 1
39 56 21
39 58 59
40 0 58
40 2 25
40 3 19
40 4 49
40 5 8
40 7 18
40 9 3
40 10 38
40 11 33
40 12 45
40 13 13
40 14 9
40 16 29
40 17 35
40 20 27
40 21 30
40 23 12
40 24 47
40 27 2
40 28 28
40 29 24
40 30 57
40 32 6
40 33 40
40 35 15
40 37 21
40 38 56
40 40 10
40 41 43
40 42 51
40 43 55
40 44 4
40 45 34
40 46 39
40 48 1
40 49 23
40 50 37
40 51 14
40 52 5
40 56 32
40 58 16
40 59 36
41 0 51
41 2 37
41 4 59
41 5 53
41 7 40
41 8 23
41 11 0
41 12 6
41 13 26
41 17 28
41 18 25
41 21 27
41 23 19
41 24 30
41 25 54
41 27 9
41 28 44
41 29 47
41 30 16
41 33 39
41 34 36
41 36 58
41 37 10
41 38 32
41 39 24
41 41 18
41 42 43
41 43 45
41 44 55
41 45 35
41 47 29
41 48 49
41 50 56
41 51 42
41 52 11
41 54 2
41 55 12
41 56 22
41 57 38
41 59 21
42 2 33
42 4 29
42 5 13
42 7 28
42 8 18
42 10 44
42 12 53
42 16 6
42 18 41
42 19 46
42 23 50
42 25 9
42 26 51
42 27 16
42 28 4
42 29 52
42 30 0
42 33 8
42 34 19
42 35 57
42 36 23
42 38 42
42 39 15
42 40 14
42 41 22
42 42 59
42 43 30
42 45 36
42 46 32
42 47 38
42 48 11
42 49 39
42 50 2
42 52 17
42 55 45
42 56 26
42 58 37
42 59 10
43 0 52
43 1 6
43 4 48
43 5 35
43 10 31
43 12 27
43 13 59
43 15 58
43 18 22
43 19 8
43 20 26
43 22 40
43 24 10
43 25 23
43 27 33
43 29 0
43 31 19
43 32 36
43 33 24
43 34 42
43 35 16
43 38 43
43 42 49
43 43 38
43 46 1
43 47 47
43 50 11
43 53 18
43 54 56
43 55 15
43 56 41
43 58 53
43 59 7
44 0 43
44 1 1
44 3 21
44 4 20
44 6 25
44 7 37
44 8 14
44 9 30
44 11 19
44 14 52
44 15 0
44 16 16
44 17 4
44 18 7
44 20 24
44 21 5
44 22 10
44 23 54
44 24 36
44 25 59
44 26 28
44 32 31
44 34 11
44 39 44
44 40 13
44 42 26
44 44 27
44 45 8
44 46 53
44 47 49
44 48 23
44 50 29
44 51 35
44 52 6
44 53 48
44 54 51
44 55 33
44 56 38
44 57 40
44 58 2
44 59 56
45 3 36
45 6 10
45 7 6
45 11 34
45 13 11
45 14 27
45 15 51
45 16 38
45 17 21
45 19 2
45 21 14
45 22 44
45 23 16
45 24 20
45 25 35
45 27 43
45 28 26
45 30 52
45 31 33
45 33 17
45 35 9
45 36 5
45 39 49
45 41 15
45 42 18
45 44 40
45 45 7
45 46 3
45 47 13
45 52 46
45 53 0
45 55 4
45 56 23
45 57 29
46 0 21
46 3 28
46 6 15
46 8 24
46 9 2
46 10 34
46 12 25
46 14 16
46 15 46
46 16 30
46 17 14
46 18 47
46 20 57
46 21 36
46 22 50
46 24 37
46 27 35
46 28 20
46 29 32
46 30 59
46 33 53
46 36 55
46 37 1
46 38 19
46 41 4
46 44 0
46 45 18
46 46 33
46 47 27
46 50 44
46 51 23
46 52 48
46 53 31
46 54 45
46 55 3
46 59 49
47 0 50
47 2 52
47 3 29
47 4 31
47 5 25
47 7 19
47 9 7
47 10 4
47 12 30
47 14 26
47 16 46
47 19 27
47 21 54
47 24 44
47 29 17
47 31 28
47 34 34
47 37 39
47 38 13
47 39 14
47 40 33
47 41 59
47 42 24
47 43 48
47 44 41
47 45 53
47 46 45
47 47 12
47 48 43
47 50 23
47 51 5
47 52 35
47 56 16
47 59 3
48 0 26
48 5 22
48 7 2
48 8 36
48 9 48
48 10 55
48 11 49
48 12 52
48 13 56
48 14 59
48 16 14
48 17 8
48 18 23
48 19 1
48 20 41
48 21 39
48 22 25
48 23 30
48 24 0
48 25 15
48 26 4
48 29 51
48 30 40
48 34 54
48 36 29
48 37 20
48 41 3
48 42 19
48 43 28
48 46 44
48 48 53
48 50 35
48 51 50
48 53 5
48 54 42
48 55 58
48 56 18
48 57 47
48 58 10
49 0 37
49 1 24
49 3 41
49 5 11
49 8 6
49 9 54
49 10 14
49 12 42
49 15 50
49 16 35
49 19 32
49 20 23
49 21 3
49 22 4
49 25 30
49 26 39
49 28 45
49 32 58
49 33 18
49 36 21
49 37 22
49 39 52
49 41 5
49 42 40
49 43 44
49 44 9
49 45 25
49 46 34
49 47 56
49 48 27
49 49 47
49 50 20
49 52 33
49 53 28
49 54 1
49 56 13
49 57 36
49 59 15
50 2 29
50 4 11
50 9 0
50 10 40
50 12 59
50 15 42
50 16 31
50 18 49
50 20 7
50 21 2
50 23 25
50 24 51
50 27 45
50 29 50
50 34 58
50 38 30
50 41 9
50 42 10
50 43 37
50 45 20
50 46 21
50 47 4
50 48 46
50 50 41
50 51 16
50 52 27
50 56 14
50 58 5
50 59 38
51 0 38
51 1 52
51 4 50
51 5 2
51 6 27
51 9 8
51 10 28
51 11 12
51 13 53
51 14 37
51 15 11
51 16 18
51 17 57
51 19 54
51 21 59
51 23 43
51 24 45
51 27 19
51 28 58
51 32 5
51 33 4
51 38 24
51 40 41
51 41 25
51 42 35
51 45 32
51 46 22
51 48 21
51 49 17
51 50 33
51 51 56
51 52 26
51 56 47
51 57 3
51 58 44
52 1 47
52 3 6
52 4 34
52 5 18
52 6 1
52 8 58
52 10 21
52 11 55
52 17 13
52 18 56
52 20 11
52 25 36
52 26 40
52 30 53
52 31 42
52 32 30
52 33 29
52 34 26
52 35 8
52 37 33
52 38 37
52 40 17
52 42 20
52 43 14
52 44 54
52 45 41
52 47 24
52 50 16
52 51 15
52 53 7
52 55 5
52 56 4
52 59 52
53 5 19
53 6 54
53 7 38
53 8 1
53 9 56
53 10 10
53 11 57
53 12 37
53 15 55
53 16 42
53 18 31
53 19 43
53 24 16
53 26 21
53 30 23
53 31 7
53 32 52
53 33 28
53 34 35
53 37 13
53 38 50
53 39 33
53 40 39
53 41 48
53 42 15
53 43 3
53 44 46
53 45 14
53 46 6
53 47 51
53 48 29
53 50 58
53 51 4
53 52 41
53 53 34
53 55 36
53 56 53
53 58 22
54 0 57
54 2 28
54 4 12
54 5 51
54 6 53
54 7 14
54 9 42
54 10 48
54 11 11
54 12 35
54 13 21
54 14 41
54 15 23
54 18 45
54 22 43
54 24 7
54 25 22
54 28 10
54 31 37
54 32 26
54 33 59
54 36 40
54 37 4
54 41 24
54 42 9
54 43 25
54 44 6
54 45 19
54 46 52
54 47 18
54 54 5
54 57 1
54 58 36
54 59 20
55 2 42
55 3 53
55 4 27
55 5 32
55 8 8
55 9 58
55 12 9
55 14 15
55 15 19
55 16 49
55 18 38
55 20 59
55 22 2
55 24 4
55 25 45
55 26 6
55 29 20
55 30 13
55 31 39
55 32 0
55 34 17
55 36 12
55 40 52
55 41 37
55 45 1
55 46 36
55 48 30
55 50 10
55 54 16
55 55 21
55 58 28
56 0 2
56 3 13
56 4 41
56 6 48
56 10 16
56 11 59
56 12 5
56 13 47
56 14 57
56 15 26
56 16 15
56 18 54
56 19 14
56 20 58
56 21 12
56 22 7
56 25 17
56 26 45
56 27 24
56 31 35
56 32 53
56 34 21
56 38 6
56 39 19
56 40 49
56 42 52
56 43 9
56 44 34
56 45 37
56 46 55
56 48 28
56 50 38
56 53 3
56 54 8
56 55 25
57 0 12
57 4 8
57 5 0
57 6 44
57 7 58
57 8 38
57 9 43
57 11 42
57 13 46
57 14 5
57 15 24
57 18 55
57 19 49
57 20 33
57 21 10
57 23 52
57 24 22
57 25 31
57 26 54
57 27 41
57 28 14
57 30 56
57 32 40
57 33 34
57 37 28
57 38 23
57 39 45
57 41 39
57 43 59
57 44 13
57 45 4
57 46 51
57 49 25
57 51 19
57 52 2
57 53 6
57 55 37
57 57 7
57 59 50
58 1 55
58 6 26
58 7 21
58 8 49
58 9 15
58 10 9
58 12 28
58 13 42
58 14 7
58 15 37
58 18 53
58 19 56
58 23 41
58 25 25
58 26 43
58 29 27
58 31 12
58 32 34
58 33 14
58 34 6
58 35 22
58 36 45
58 37 16
58 38 10
58 39 18
58 40 5
58 41 47
58 46 23
58 47 31
58 51 40
58 52 8
58 53 13
58 57 30
59 0 47
59 1 38
59 2 51
59 5 33
59 7 54
59 8 4
59 9 32
59 10 30
59 12 46
59 13 19
59 14 1
59 15 35
59 16 44
59 17 10
59 19 24
59 20 17
59 21 49
59 24 42
59 25 13
59 27 58
59 28 50
59 29 40
59 30 6
59 32 2
59 33 12
59 36 53
59 37 56
59 41 52
59 44 20
59 46 0
59 47 15
59 49 27
59 50 5
59 51 57
59 55 14
59 57 18
59 58 43
