60
0 0 42
0 4 11
0 6 26
0 8 28
0 10 50
0 11 23
0 16 9
0 17 8
0 18 4
0 23 24
0 24 3
0 27 57
0 29 29
0 37 16
0 39 6
0 41 59
0 44 41
0 46 56
0 50 22
0 52 17
0 56 18
0 57 36
0 58 38
1 3 43
1 6 52
1 8 21
1 11 49
1 12 29
1 15 26
1 16 45
1 19 35
1 20 28
1 21 50
1 24 32
1 25 48
1 29 55
1 30 40
1 32 25
1 34 22
1 38 54
1 43 3
1 47 7
1 49 38
1 50 56
1 53 37
1 54 41
1 55 36
1 59 1
2 0 22
2 1 19
2 4 39
2 7 5
2 8 26
2 15 49
2 16 40
2 17 52
2 19 17
2 21 36
2 23 46
2 24 1
2 30 14
2 37 47
2 38 18
2 39 45
2 40 37
2 43 2
2 44 33
2 45 3
2 46 21
2 50 11
2 51 15
2 52 38
2 53 13
2 54 29
2 55 41
3 0 12
3 1 47
3 2 23
3 8 32
3 9 18
3 13 46
3 14 31
3 17 55
3 21 41
3 25 43
3 27 1
3 29 56
3 30 21
3 38 49
3 39 48
3 40 24
3 41 52
3 43 20
3 44 44
3 46 35
3 47 29
3 49 59
3 50 2
3 59 40
4 0 45
4 3 19
4 5 34
4 9 8
4 12 20
4 13 41
4 15 31
4 16 30
4 17 4
4 18 48
4 23 57
4 24 58
4 25 24
4 34 7
4 35 40
4 36 16
4 38 47
4 40 15
4 41 35
4 43 14
4 51 52
4 56 29
5 7 45
5 8 37
5 9 42
5 15 55
5 17 57
5 19 44
5 23 5
5 24 34
5 26 21
5 31 28
5 32 41
5 33 31
5 36 40
5 38 59
5 41 46
5 49 9
5 52 49
5 54 2
5 58 53
6 4 40
6 7 41
6 10 59
6 12 13
6 14 29
6 17 28
6 18 18
6 24 5
6 26 26
6 30 15
6 32 55
6 34 8
6 39 24
6 40 47
6 41 11
6 42 25
6 49 0
6 50 32
6 51 48
6 52 43
6 54 19
6 56 22
6 59 21
7 0 19
7 2 46
7 3 8
7 5 41
7 6 21
7 8 48
7 9 6
7 10 1
7 12 33
7 14 3
7 18 30
7 19 15
7 20 31
7 23 23
7 24 52
7 30 26
7 34 55
7 36 45
7 37 29
7 38 39
7 43 44
7 44 11
7 45 16
7 48 53
7 50 9
7 52 5
7 54 58
7 56 14
7 57 10
7 58 20
8 2 0
8 3 37
8 6 11
8 9 56
8 10 51
8 11 18
8 12 40
8 15 45
8 18 14
8 21 4
8 22 24
8 25 28
8 26 49
8 27 29
8 33 21
8 38 23
8 39 30
8 42 8
8 43 58
8 46 6
8 48 22
8 49 57
8 57 12
9 1 29
9 3 11
9 5 44
9 8 46
9 9 28
9 13 34
9 15 16
9 16 10
9 18 26
9 19 2
9 23 8
9 28 1
9 29 43
9 30 37
9 31 38
9 33 42
9 34 45
9 35 58
9 39 59
9 42 15
9 45 30
9 46 36
9 47 4
9 48 0
9 49 50
9 54 23
9 56 3
9 57 33
9 59 18
10 0 48
10 1 45
10 2 55
10 3 2
10 4 21
10 9 49
10 14 24
10 18 40
10 24 39
10 25 59
10 30 58
10 33 29
10 36 19
10 43 22
10 44 16
10 46 43
10 47 41
10 48 28
10 50 18
10 52 46
10 53 9
10 55 35
10 56 5
11 2 35
11 5 48
11 6 24
11 7 42
11 8 50
11 9 25
11 16 7
11 17 15
11 18 56
11 19 41
11 24 54
11 25 39
11 27 38
11 28 33
11 29 32
11 40 14
11 43 45
11 44 49
11 45 21
11 46 22
11 47 59
11 48 13
11 49 27
11 53 34
11 54 40
11 55 10
11 56 26
11 57 29
11 58 6
12 0 10
12 5 31
12 8 33
12 14 28
12 15 30
12 18 47
12 20 20
12 21 2
12 24 50
12 25 13
12 27 54
12 30 0
12 34 58
12 35 17
12 36 49
12 42 26
12 45 38
12 48 25
12 49 42
12 50 5
12 53 29
12 54 24
13 7 23
13 9 57
13 10 5
13 12 34
13 13 48
13 17 42
13 19 0
13 21 53
13 22 25
13 23 35
13 24 47
13 32 40
13 33 6
13 35 39
13 36 15
13 37 28
13 38 27
13 41 2
13 46 58
13 47 33
13 49 30
13 50 16
13 52 7
13 55 3
13 56 37
13 57 59
13 58 26
13 59 24
14 2 29
14 3 22
14 13 55
14 15 58
14 16 28
14 18 0
14 19 18
14 20 37
14 21 13
14 22 20
14 23 11
14 26 7
14 28 30
14 36 12
14 37 49
14 38 4
14 41 10
14 45 25
14 49 23
14 51 35
14 54 45
14 55 44
15 1 0
15 2 38
15 3 49
15 4 55
15 6 12
15 8 52
15 14 2
15 16 1
15 22 8
15 23 56
15 24 53
15 29 58
15 31 40
15 32 14
15 33 17
15 37 5
15 38 21
15 40 50
15 41 6
15 46 28
15 53 47
15 55 39
15 56 16
15 57 30
15 58 4
16 0 37
16 2 2
16 5 17
16 6 34
16 7 20
16 19 8
16 27 43
16 30 51
16 33 48
16 34 30
16 36 13
16 39 23
16 42 47
16 52 55
17 1 5
17 3 52
17 5 47
17 7 17
17 8 8
17 11 16
17 15 40
17 17 11
17 18 19
17 20 34
17 21 21
17 22 7
17 26 0
17 28 25
17 30 42
17 34 36
17 36 4
17 37 54
17 42 55
17 44 48
17 45 51
17 51 44
17 55 50
17 56 53
17 58 46
18 5 20
18 10 15
18 16 34
18 19 40
18 22 3
18 27 18
18 28 47
18 29 48
18 30 25
18 33 45
18 35 44
18 36 9
18 37 32
18 40 22
18 41 58
18 43 8
18 44 17
18 45 49
18 46 51
18 48 30
18 50 50
18 55 13
18 56 46
18 57 21
19 1 13
19 3 0
19 6 41
19 8 4
19 9 53
19 11 24
19 13 26
19 14 32
19 16 57
19 17 16
19 23 40
19 30 54
19 31 30
19 37 19
19 40 38
19 42 10
19 43 1
19 47 39
19 48 21
19 49 45
19 50 59
19 51 37
19 52 18
20 8 7
20 9 30
20 10 21
20 11 27
20 12 4
20 14 8
20 17 25
20 18 35
20 19 9
20 20 46
20 21 14
20 30 17
20 32 12
20 34 16
20 37 43
20 38 10
20 39 57
20 40 56
20 41 50
20 42 44
20 43 37
20 45 34
20 46 55
20 47 51
20 51 54
20 55 24
20 56 45
20 57 18
20 59 22
21 4 3
21 5 16
21 10 23
21 12 18
21 15 56
21 16 8
21 17 10
21 19 53
21 22 4
21 25 58
21 31 49
21 32 29
21 44 25
21 46 46
21 50 43
21 51 14
21 53 57
21 55 12
21 57 51
21 58 48
21 59 44
22 3 55
22 8 13
22 9 29
22 10 3
22 13 0
22 22 18
22 23 26
22 25 22
22 27 23
22 31 41
22 34 49
22 37 35
22 39 37
22 41 17
22 48 11
22 49 2
22 50 20
22 53 58
22 57 47
22 58 15
22 59 54
23 0 30
23 4 25
23 9 17
23 10 28
23 12 46
23 15 48
23 16 0
23 17 29
23 19 20
23 21 18
23 22 10
23 27 44
23 30 22
23 35 50
23 36 7
23 41 45
23 46 34
23 51 58
23 52 54
23 56 43
24 1 41
24 4 20
24 6 15
24 11 0
24 19 14
24 20 53
24 22 17
24 24 44
24 27 24
24 28 39
24 29 30
24 30 1
24 31 18
24 32 43
24 33 28
24 34 5
24 36 22
24 37 58
24 40 51
24 42 50
24 45 4
24 49 6
24 50 3
24 51 47
24 53 7
24 57 40
25 0 23
25 1 31
25 2 54
25 5 10
25 7 49
25 9 15
25 15 20
25 16 19
25 17 59
25 24 46
25 27 41
25 28 13
25 32 2
25 33 44
25 36 25
25 39 55
25 40 7
25 42 35
25 44 8
25 49 51
25 50 39
25 52 1
25 54 56
25 55 21
25 59 17
26 1 38
26 2 27
26 4 48
26 5 54
26 6 17
26 9 2
26 11 46
26 13 30
26 14 5
26 16 50
26 17 13
26 26 4
26 32 59
26 34 20
26 45 1
26 46 25
26 48 26
26 50 40
26 51 16
26 53 33
26 54 12
26 55 31
26 56 41
26 58 23
27 0 25
27 1 17
27 2 45
27 3 33
27 6 39
27 7 11
27 8 56
27 11 51
27 13 36
27 14 16
27 18 37
27 19 49
27 28 32
27 29 7
27 30 31
27 31 35
27 32 38
27 34 53
27 39 12
27 40 9
27 43 59
27 44 34
27 45 13
27 46 47
27 48 27
27 49 43
27 50 48
27 52 6
27 55 52
27 57 4
27 58 14
28 1 59
28 2 40
28 4 17
28 6 7
28 12 45
28 14 39
28 15 25
28 16 15
28 33 11
28 34 48
28 38 9
28 40 46
28 42 36
28 43 47
28 45 2
28 53 43
28 57 23
29 1 20
29 2 8
29 4 24
29 5 49
29 7 10
29 10 55
29 11 15
29 12 56
29 15 13
29 16 6
29 17 50
29 18 3
29 20 54
29 21 11
29 25 29
29 27 39
29 28 4
29 29 17
29 31 44
29 33 14
29 34 28
29 35 16
29 36 59
29 37 18
29 39 41
29 44 22
29 49 35
29 53 51
29 55 26
29 56 31
29 58 0
30 0 18
30 3 45
30 6 31
30 9 35
30 10 53
30 12 44
30 21 28
30 23 47
30 24 48
30 25 34
30 27 16
30 30 36
30 31 25
30 35 51
30 40 43
30 41 30
30 47 50
30 50 7
30 51 38
30 52 19
30 53 8
30 54 4
30 55 14
30 56 20
31 3 42
31 5 21
31 7 44
31 9 9
31 11 54
31 12 25
31 14 34
31 17 40
31 23 7
31 24 45
31 25 10
31 27 46
31 28 29
31 31 24
31 34 12
31 38 57
31 40 18
31 43 28
31 44 52
31 48 15
31 51 50
31 52 0
31 53 19
31 54 27
31 57 17
31 59 6
32 0 58
32 1 3
32 3 14
32 5 6
32 6 13
32 8 34
32 15 54
32 16 37
32 17 44
32 20 26
32 22 49
32 26 50
32 30 52
32 31 0
32 33 30
32 34 25
32 35 53
32 37 59
32 40 55
32 45 28
32 46 23
32 48 57
32 50 1
32 52 47
32 54 22
32 55 45
33 1 43
33 6 14
33 8 3
33 9 33
33 11 32
33 12 48
33 13 23
33 14 10
33 16 42
33 17 17
33 18 58
33 20 47
33 25 51
33 28 57
33 30 30
33 33 49
33 36 53
33 37 12
33 40 27
33 42 52
33 43 7
33 45 11
33 51 41
33 52 26
33 54 8
33 56 24
33 58 16
33 59 5
34 0 28
34 1 46
34 3 31
34 4 37
34 10 45
34 11 34
34 12 49
34 16 12
34 19 13
34 20 4
34 21 23
34 25 54
34 28 17
34 29 26
34 30 24
34 32 5
34 33 3
34 34 59
34 35 48
34 37 56
34 38 41
34 41 0
34 42 19
34 44 36
34 53 10
35 0 55
35 3 16
35 6 47
35 8 57
35 13 54
35 14 58
35 19 12
35 21 27
35 22 53
35 30 7
35 32 44
35 33 9
35 35 8
35 37 42
35 40 33
35 43 31
35 44 32
35 48 50
35 49 49
35 52 39
35 55 19
35 58 17
36 0 43
36 1 1
36 5 30
36 6 27
36 12 3
36 15 14
36 19 33
36 21 35
36 24 36
36 28 58
36 34 54
36 36 46
36 39 8
36 42 6
36 45 32
36 46 53
36 50 23
36 56 28
36 57 13
36 58 45
37 2 25
37 4 50
37 6 53
37 14 41
37 17 12
37 22 56
37 24 11
37 25 14
37 26 27
37 32 19
37 33 0
37 36 20
37 38 58
37 39 18
37 43 35
37 46 49
37 47 45
37 52 44
37 57 9
38 0 29
38 2 41
38 6 8
38 7 2
38 9 58
38 12 16
38 17 24
38 18 22
38 23 17
38 24 9
38 25 27
38 28 0
38 29 20
38 30 6
38 31 33
38 32 45
38 33 35
38 34 18
38 37 25
38 38 53
38 41 39
38 43 13
38 49 36
38 54 57
38 56 10
38 58 28
38 59 14
39 1 44
39 3 46
39 5 56
39 7 43
39 8 1
39 9 31
39 11 6
39 15 34
39 16 39
39 19 5
39 20 49
39 21 32
39 25 8
39 26 36
39 33 22
39 38 48
39 42 29
39 44 40
39 45 15
39 49 11
39 50 19
39 55 16
39 56 55
39 57 24
39 59 20
40 6 20
40 8 43
40 9 13
40 10 2
40 12 24
40 14 30
40 15 39
40 17 32
40 18 6
40 20 41
40 21 12
40 25 7
40 37 17
40 42 57
40 43 15
40 44 54
40 47 0
40 56 23
40 57 44
40 58 55
41 1 25
41 7 53
41 8 14
41 11 41
41 16 48
41 17 38
41 18 33
41 19 39
41 20 35
41 21 42
41 22 29
41 23 0
41 25 23
41 36 57
41 40 26
41 44 45
41 46 52
41 50 49
41 51 21
41 54 37
41 55 4
41 58 43
41 59 59
42 0 35
42 3 7
42 5 27
42 6 19
42 11 52
42 12 55
42 15 51
42 22 59
42 24 17
42 26 34
42 27 14
42 31 47
42 32 13
42 34 33
42 40 57
42 41 40
42 43 24
42 57 1
43 0 16
43 1 35
43 8 0
43 16 58
43 17 51
43 19 38
43 20 59
43 22 11
43 23 28
43 26 53
43 27 4
43 28 20
43 29 52
43 32 37
43 33 54
43 38 19
43 41 21
43 42 17
43 43 5
43 44 10
43 46 48
43 51 34
43 53 44
43 55 27
43 57 22
43 58 25
44 1 51
44 3 57
44 8 16
44 9 0
44 10 56
44 13 38
44 17 21
44 19 29
44 21 5
44 22 34
44 31 22
44 33 20
44 36 1
44 40 36
44 41 47
44 43 11
44 46 33
44 47 28
44 51 59
44 55 18
44 58 58
45 5 1
45 8 44
45 9 5
45 13 10
45 15 21
45 18 45
45 19 51
45 20 2
45 21 6
45 25 35
45 27 11
45 31 53
45 35 18
45 39 40
45 41 54
45 43 52
45 45 24
45 47 34
45 52 56
45 55 58
45 57 57
46 0 11
46 4 30
46 8 59
46 9 3
46 10 33
46 11 26
46 12 1
46 13 17
46 15 50
46 16 51
46 18 34
46 20 6
46 26 13
46 28 21
46 30 5
46 33 39
46 34 9
46 35 27
46 38 44
46 46 2
46 47 22
46 49 15
46 50 4
46 52 23
46 54 48
46 56 40
46 58 42
47 3 59
47 4 10
47 5 51
47 6 16
47 7 48
47 9 45
47 10 0
47 12 47
47 14 19
47 15 37
47 16 11
47 19 56
47 22 58
47 23 6
47 31 15
47 32 28
47 33 33
47 34 17
47 35 21
47 38 2
47 40 44
47 41 3
47 44 5
47 52 29
47 53 30
47 56 54
47 58 24
48 0 0
48 1 8
48 3 53
48 8 20
48 9 26
48 10 47
48 12 23
48 15 59
48 16 31
48 17 43
48 18 16
48 19 24
48 23 52
48 26 46
48 29 19
48 30 4
48 33 58
48 35 29
48 37 57
48 38 34
48 39 54
48 41 28
48 42 13
48 46 11
48 49 39
48 53 36
48 59 9
49 1 54
49 2 17
49 6 30
49 7 40
49 8 39
49 10 38
49 17 27
49 21 24
49 22 12
49 23 1
49 24 20
49 25 18
49 28 43
49 29 16
49 30 11
49 33 7
49 34 47
49 37 48
49 38 28
49 39 58
49 41 36
49 43 25
49 45 35
49 49 29
49 51 23
49 52 13
49 55 9
49 56 49
49 57 0
49 58 8
49 59 2
50 1 4
50 2 6
50 4 57
50 9 22
50 13 49
50 14 27
50 17 19
50 18 2
50 19 36
50 21 30
50 24 24
50 29 40
50 30 29
50 32 18
50 39 38
50 44 28
50 46 5
50 49 17
50 53 21
50 55 0
50 57 45
50 58 54
51 2 50
51 4 14
51 7 54
51 8 11
51 14 4
51 17 58
51 19 52
51 22 45
51 23 53
51 25 2
51 30 46
51 31 56
51 35 59
51 38 20
51 42 48
51 46 42
51 47 44
51 48 55
51 49 1
51 51 29
51 53 35
51 57 49
51 58 18
51 59 31
52 2 11
52 6 35
52 7 47
52 8 19
52 9 16
52 13 21
52 15 23
52 17 37
52 20 51
52 23 48
52 25 6
52 29 24
52 36 5
52 37 45
52 39 20
52 40 40
52 42 28
52 45 44
52 51 36
52 53 31
52 54 50
52 56 58
52 58 29
52 59 3
53 0 14
53 6 10
53 9 37
53 12 52
53 14 44
53 19 46
53 20 17
53 23 55
53 34 0
53 37 21
53 39 16
53 40 48
53 41 42
53 49 3
53 50 34
53 51 5
53 53 41
54 1 28
54 2 52
54 5 29
54 8 49
54 11 8
54 12 58
54 13 16
54 15 19
54 17 34
54 20 42
54 25 21
54 26 43
54 31 45
54 33 15
54 35 10
54 37 37
54 40 20
54 42 53
54 44 3
54 45 59
54 46 13
54 47 9
54 48 35
54 51 17
54 53 32
54 54 7
54 58 12
55 1 15
55 3 18
55 4 43
55 5 28
55 6 58
55 7 56
55 9 50
55 12 14
55 17 0
55 21 55
55 24 12
55 26 39
55 28 31
55 34 52
55 37 33
55 39 3
55 41 27
55 44 47
55 47 23
55 48 41
55 49 5
55 54 16
55 55 48
55 56 11
55 57 42
56 1 52
56 2 20
56 6 25
56 7 6
56 9 36
56 16 21
56 18 59
56 19 11
56 21 31
56 24 27
56 30 8
56 32 23
56 36 3
56 37 22
56 45 18
56 46 37
56 48 16
56 55 49
56 56 4
56 57 43
56 59 28
57 2 30
57 4 7
57 6 44
57 7 25
57 11 21
57 12 28
57 23 59
57 24 51
57 25 36
57 29 11
57 31 27
57 32 16
57 36 24
57 40 5
57 42 20
57 50 8
57 53 6
57 54 0
57 57 55
57 58 49
58 10 41
58 11 59
58 12 39
58 14 54
58 23 58
58 24 8
58 25 56
58 26 40
58 28 53
58 35 47
58 36 17
58 37 38
58 38 45
58 44 0
58 45 7
58 46 14
58 49 46
58 50 21
58 51 28
58 54 31
58 55 11
59 0 21
59 3 40
59 5 52
59 7 28
59 8 23
59 9 19
59 10 26
59 13 42
59 16 16
59 17 49
59 20 36
59 21 34
59 22 54
59 23 2
59 24 43
59 27 5
59 29 45
59 31 58
59 34 44
59 35 55
59 36 30
59 40 8
59 42 12
59 43 27
59 44 1
59 47 38
59 50 33
59 52 25
59 53 53
59 54 11
59 59 56
