70
0 0 39
0 1 16
0 2 6
0 4 10
0 7 17
0 9 4
0 12 23
0 14 3
0 21 65
0 22 21
0 25 32
0 29 8
0 34 58
0 36 45
0 40 18
0 44 36
0 46 14
0 53 59
0 56 2
0 58 48
0 64 44
0 65 22
0 66 33
0 67 11
1 0 66
1 1 65
1 8 25
1 11 28
1 14 1
1 19 44
1 20 45
1 24 52
1 30 30
1 31 57
1 37 3
1 38 2
1 39 15
1 45 48
1 50 12
1 51 21
1 55 68
1 57 53
1 60 55
1 62 9
1 64 18
1 67 5
2 1 62
2 15 32
2 18 38
2 23 60
2 25 0
2 27 20
2 29 67
2 30 31
2 39 11
2 44 51
2 47 45
2 48 44
2 54 52
2 55 40
2 56 58
2 59 28
2 63 68
2 68 25
3 2 34
3 8 61
3 9 37
3 11 2
3 13 3
3 17 41
3 28 24
3 30 68
3 31 56
3 33 50
3 36 31
3 37 47
3 40 65
3 51 58
3 52 44
3 57 49
3 60 0
3 63 69
4 0 37
4 1 33
4 10 5
4 12 25
4 15 50
4 16 39
4 21 28
4 23 4
4 26 44
4 31 14
4 40 24
4 52 51
4 53 10
4 54 61
4 55 0
4 60 62
4 63 46
4 64 13
4 65 16
4 69 64
5 2 37
5 7 64
5 9 0
5 10 48
5 11 44
5 14 52
5 17 3
5 22 50
5 23 25
5 28 68
5 37 59
5 38 43
5 39 27
5 40 45
5 43 31
5 44 32
5 50 49
5 52 46
5 55 15
5 56 62
5 58 8
5 63 39
5 66 9
6 0 32
6 1 35
6 4 49
6 7 65
6 12 47
6 15 8
6 25 3
6 27 38
6 28 28
6 32 56
6 33 40
6 34 55
6 40 1
6 42 67
6 44 21
6 52 66
6 57 39
6 59 52
6 64 26
6 66 17
6 67 62
7 2 13
7 10 58
7 11 65
7 16 2
7 18 37
7 20 19
7 22 45
7 23 50
7 28 20
7 34 33
7 35 48
7 36 57
7 39 60
7 44 15
7 51 38
7 52 3
7 56 11
7 57 26
7 60 59
7 64 32
7 66 62
7 67 25
8 0 2
8 2 10
8 7 16
8 12 46
8 13 22
8 17 34
8 18 1
8 26 12
8 29 47
8 30 43
8 32 27
8 36 44
8 45 63
8 47 64
8 50 21
8 52 17
8 53 9
8 56 38
8 63 37
8 65 62
8 66 5
8 67 69
9 0 10
9 4 36
9 5 34
9 12 61
9 24 68
9 25 42
9 27 51
9 28 30
9 29 56
9 37 16
9 38 55
9 40 13
9 41 8
9 44 53
9 46 21
9 47 38
9 48 66
9 49 4
9 61 67
9 62 35
9 64 62
9 67 33
10 4 25
10 7 44
10 16 3
10 17 39
10 19 0
10 26 55
10 30 32
10 33 68
10 36 18
10 37 54
10 45 51
10 50 19
10 52 53
10 55 37
10 56 45
10 57 24
10 59 63
10 61 29
10 62 41
10 63 56
10 65 35
10 67 49
11 0 11
11 3 68
11 5 40
11 7 45
11 19 43
11 23 35
11 26 66
11 32 64
11 33 21
11 36 33
11 44 5
11 45 39
11 50 59
11 52 20
11 57 31
11 60 25
11 63 58
11 68 27
11 69 53
12 6 30
12 8 50
12 14 57
12 15 22
12 17 15
12 18 18
12 21 48
12 30 28
12 31 51
12 32 44
12 34 25
12 35 19
12 36 60
12 42 63
12 43 6
12 45 17
12 52 45
12 54 49
12 58 68
12 60 31
12 61 4
12 63 10
12 68 58
13 1 40
13 3 49
13 4 54
13 6 59
13 9 11
13 13 48
13 14 37
13 16 5
13 17 20
13 18 32
13 31 25
13 33 3
13 34 22
13 44 33
13 55 1
13 56 12
13 61 17
13 67 53
14 4 14
14 7 53
14 9 5
14 10 59
14 18 63
14 19 26
14 26 45
14 27 62
14 28 2
14 29 37
14 30 65
14 33 54
14 41 43
14 43 21
14 45 24
14 49 69
14 50 25
14 52 23
14 60 20
14 61 12
14 62 30
14 64 35
14 67 18
14 68 41
14 69 0
15 3 2
15 9 18
15 10 42
15 11 10
15 13 7
15 15 14
15 16 19
15 17 33
15 18 65
15 19 66
15 32 60
15 35 43
15 38 59
15 39 28
15 42 11
15 45 57
15 48 55
15 49 48
15 52 63
15 53 40
15 56 20
15 63 53
15 64 34
16 5 39
16 18 15
16 23 20
16 24 18
16 25 30
16 27 54
16 39 31
16 42 53
16 47 57
16 48 43
16 51 2
16 53 68
16 59 10
16 60 8
16 62 37
16 66 48
17 3 9
17 4 2
17 6 61
17 7 68
17 8 1
17 12 60
17 13 58
17 15 24
17 19 53
17 23 34
17 27 41
17 31 15
17 35 54
17 36 43
17 45 30
17 47 21
17 48 37
17 50 6
17 52 28
17 64 12
17 65 19
17 67 52
17 69 45
18 6 18
18 7 20
18 8 24
18 9 69
18 10 22
18 19 25
18 24 19
18 26 2
18 36 42
18 39 17
18 41 1
18 52 11
18 53 29
18 57 28
18 63 54
19 0 60
19 2 39
19 3 24
19 6 12
19 7 56
19 8 13
19 9 34
19 11 14
19 24 27
19 25 43
19 28 50
19 32 68
19 34 0
19 38 52
19 39 33
19 45 47
19 48 65
19 51 53
19 57 2
19 58 28
19 60 36
19 62 66
19 63 41
19 64 61
19 66 26
19 68 45
20 0 47
20 7 34
20 8 33
20 14 45
20 21 21
20 25 37
20 28 17
20 33 11
20 34 42
20 36 30
20 37 18
20 41 60
20 45 5
20 49 56
20 58 14
20 60 39
20 61 27
20 69 31
21 7 10
21 12 39
21 14 67
21 25 66
21 26 26
21 28 32
21 30 51
21 35 18
21 38 64
21 41 54
21 42 7
21 44 40
21 45 31
21 46 63
21 51 68
21 56 42
21 57 13
21 60 44
21 62 29
21 65 8
21 68 38
22 3 14
22 7 1
22 15 38
22 16 55
22 18 35
22 19 30
22 20 53
22 24 23
22 31 60
22 33 0
22 35 22
22 38 17
22 39 37
22 41 69
22 43 25
22 48 16
22 51 46
22 63 34
22 67 42
23 3 7
23 4 33
23 8 64
23 10 52
23 13 8
23 19 39
23 22 11
23 23 67
23 26 21
23 30 48
23 31 6
23 32 57
23 36 1
23 39 2
23 40 22
23 42 27
23 45 45
23 49 51
23 52 41
23 56 69
23 58 19
23 63 35
23 65 5
23 67 54
24 3 67
24 4 69
24 11 60
24 13 30
24 16 65
24 20 46
24 33 31
24 34 34
24 39 47
24 40 15
24 41 44
24 42 48
24 49 59
24 51 45
24 56 10
24 57 12
24 60 11
24 61 22
24 62 33
24 65 55
24 66 57
24 69 19
25 3 5
25 5 8
25 10 65
25 11 67
25 17 62
25 19 19
25 20 21
25 21 31
25 22 17
25 24 25
25 25 49
25 29 6
25 31 34
25 32 50
25 35 61
25 36 4
25 38 44
25 39 3
25 41 22
25 42 52
25 47 18
25 50 15
25 53 24
25 54 29
25 56 36
25 58 37
25 59 59
25 65 68
25 68 23
25 69 56
26 2 2
26 3 51
26 4 30
26 6 8
26 8 59
26 9 20
26 11 7
26 14 31
26 16 10
26 17 40
26 18 34
26 29 46
26 32 33
26 34 56
26 37 1
26 41 15
26 42 43
26 51 39
26 53 38
26 55 3
26 57 42
26 58 52
26 60 41
26 64 17
27 1 30
27 3 64
27 5 25
27 9 19
27 11 17
27 16 47
27 18 62
27 19 27
27 22 26
27 23 65
27 27 23
27 29 63
27 35 57
27 36 51
27 39 22
27 46 11
27 48 40
27 51 52
27 52 48
27 55 42
27 58 55
27 64 41
27 65 34
27 66 44
28 2 40
28 9 16
28 17 21
28 18 46
28 24 43
28 26 42
28 32 54
28 35 60
28 41 2
28 48 20
28 52 14
28 53 45
28 58 58
28 59 56
28 61 33
28 64 4
29 27 9
29 32 18
29 33 46
29 36 54
29 37 62
29 41 65
29 44 45
29 48 39
29 51 51
29 54 14
29 59 38
29 61 31
29 62 52
29 65 33
29 66 41
30 1 69
30 8 62
30 11 43
30 12 24
30 15 48
30 18 59
30 19 61
30 22 22
30 23 29
30 27 0
30 28 7
30 30 40
30 35 28
30 36 17
30 38 66
30 39 8
30 42 14
30 44 56
30 51 32
30 60 42
30 68 37
31 0 42
31 7 32
31 9 53
31 10 18
31 12 69
31 15 52
31 16 62
31 21 38
31 22 49
31 29 48
31 30 57
31 39 50
31 42 26
31 43 33
31 46 43
31 47 41
31 49 20
31 54 22
31 56 6
31 57 37
31 65 14
31 66 68
31 68 65
31 69 66
32 0 68
32 14 15
32 17 26
32 19 9
32 20 67
32 22 38
32 26 10
32 30 54
32 33 45
32 35 2
32 40 40
32 41 64
32 42 17
32 43 18
32 48 19
32 49 32
32 53 62
32 57 29
32 69 69
33 1 26
33 7 14
33 11 55
33 13 69
33 25 6
33 29 59
33 32 41
33 33 38
33 36 9
33 44 17
33 46 37
33 53 36
33 57 46
33 61 47
33 67 22
33 69 3
34 1 31
34 3 53
34 6 57
34 7 35
34 8 39
34 13 44
34 15 30
34 17 61
34 26 6
34 28 0
34 30 50
34 31 4
34 33 25
34 34 26
34 35 23
34 36 16
34 38 27
34 40 10
34 44 60
34 56 29
34 57 36
34 59 37
34 62 13
34 66 19
34 68 40
34 69 33
35 1 19
35 4 62
35 6 41
35 7 13
35 10 56
35 14 61
35 15 49
35 20 59
35 25 64
35 30 69
35 35 34
35 38 63
35 42 3
35 44 7
35 56 39
35 57 21
35 58 24
35 61 58
35 62 20
35 67 45
36 5 23
36 6 58
36 10 0
36 11 1
36 13 24
36 20 5
36 24 65
36 25 51
36 37 33
36 38 60
36 40 9
36 44 55
36 49 52
36 57 67
36 59 47
36 60 69
36 61 26
36 62 6
36 65 3
36 66 10
36 68 4
37 7 48
37 8 22
37 9 3
37 10 61
37 20 52
37 22 51
37 23 45
37 24 30
37 27 11
37 32 32
37 40 63
37 41 68
37 44 37
37 45 60
37 47 59
37 50 47
37 53 8
37 54 17
37 64 53
37 65 7
37 66 34
37 67 64
38 1 57
38 4 44
38 17 37
38 20 1
38 21 45
38 22 24
38 27 42
38 30 46
38 32 53
38 34 54
38 43 26
38 46 33
38 49 50
38 51 10
38 53 43
38 58 56
38 60 58
38 65 32
39 0 33
39 3 45
39 5 30
39 7 40
39 10 11
39 11 57
39 14 64
39 21 5
39 24 4
39 25 23
39 26 53
39 31 47
39 33 9
39 34 49
39 39 35
39 41 0
39 49 17
39 50 46
39 53 12
39 55 41
39 64 19
39 65 39
39 66 3
39 67 16
39 69 8
40 3 50
40 5 54
40 9 42
40 11 47
40 17 25
40 21 37
40 22 64
40 23 56
40 26 43
40 28 55
40 29 34
40 31 26
40 38 6
40 39 7
40 45 19
40 47 65
40 55 30
40 56 13
40 59 5
40 62 36
40 64 68
40 66 40
40 67 66
40 69 14
41 10 49
41 15 27
41 17 28
41 21 22
41 22 1
41 23 24
41 25 38
41 26 5
41 30 25
41 37 8
41 39 19
41 48 2
41 50 42
41 53 57
41 55 63
41 59 31
42 0 5
42 5 24
42 6 46
42 8 38
42 9 43
42 14 34
42 16 11
42 19 21
42 21 4
42 23 22
42 25 68
42 29 33
42 34 18
42 36 66
42 42 13
42 47 35
42 48 0
42 49 62
42 53 64
42 56 28
42 57 14
42 64 9
42 66 51
42 69 57
43 5 67
43 6 55
43 8 66
43 12 15
43 15 23
43 16 21
43 17 0
43 23 12
43 28 69
43 29 60
43 36 64
43 41 10
43 45 40
43 48 3
43 55 11
43 57 45
43 60 43
43 61 51
43 64 65
43 65 53
43 69 61
44 4 56
44 5 52
44 6 44
44 7 60
44 8 26
44 10 37
44 12 17
44 16 1
44 24 45
44 27 47
44 35 38
44 37 0
44 47 2
44 48 42
44 49 36
44 52 58
44 56 24
44 58 9
44 61 65
44 63 13
44 69 7
45 0 64
45 5 58
45 6 53
45 8 52
45 9 31
45 12 30
45 13 63
45 14 65
45 21 47
45 23 7
45 24 1
45 29 2
45 33 34
45 41 16
45 42 12
45 44 27
45 45 55
45 46 17
45 47 3
45 48 29
45 49 5
45 50 36
45 52 0
45 54 40
45 59 42
45 60 32
45 65 41
45 67 39
46 0 50
46 2 21
46 4 48
46 5 51
46 9 22
46 15 56
46 16 30
46 17 35
46 18 4
46 23 10
46 28 11
46 31 42
46 32 0
46 39 63
46 46 69
46 57 27
46 65 9
46 67 46
46 68 5
47 2 12
47 5 19
47 11 41
47 12 29
47 14 40
47 17 68
47 20 48
47 24 64
47 25 4
47 29 31
47 30 33
47 38 13
47 43 16
47 48 14
47 49 45
47 50 60
47 54 26
47 55 36
47 57 32
47 58 38
47 61 18
47 63 50
47 64 54
48 3 22
48 5 48
48 6 68
48 8 55
48 10 33
48 12 1
48 16 34
48 18 47
48 26 49
48 29 17
48 35 67
48 36 46
48 39 41
48 41 36
48 42 6
48 46 19
48 51 24
48 57 15
48 58 13
48 68 43
48 69 5
49 5 21
49 11 45
49 12 41
49 13 14
49 19 38
49 20 10
49 22 52
49 25 16
49 31 27
49 32 43
49 34 64
49 35 42
49 40 33
49 41 39
49 42 23
49 43 15
49 45 50
49 46 25
49 59 22
49 62 8
49 65 44
49 68 32
50 3 29
50 8 67
50 10 19
50 11 8
50 12 22
50 14 33
50 16 54
50 26 40
50 27 3
50 28 31
50 34 2
50 37 28
50 44 62
50 45 43
50 51 23
50 53 11
50 57 17
50 64 1
50 65 0
51 1 12
51 7 69
51 8 11
51 10 14
51 11 32
51 12 37
51 13 28
51 14 22
51 18 44
51 22 29
51 25 47
51 27 25
51 33 27
51 39 36
51 41 66
51 43 43
51 44 59
51 45 10
51 46 15
51 48 67
51 50 16
51 51 57
51 56 65
51 57 8
51 59 19
51 62 45
52 1 29
52 2 14
52 5 16
52 7 50
52 8 68
52 11 35
52 17 59
52 18 60
52 20 12
52 29 40
52 31 66
52 32 23
52 40 41
52 42 65
52 58 15
52 61 19
52 66 61
53 2 31
53 3 17
53 8 35
53 10 21
53 12 6
53 15 33
53 16 24
53 17 58
53 20 62
53 32 36
53 33 55
53 37 30
53 41 5
53 46 13
53 48 47
53 52 59
53 54 3
53 60 68
53 61 45
53 63 25
53 68 10
53 69 16
54 0 27
54 3 41
54 7 9
54 18 33
54 20 65
54 22 7
54 30 58
54 34 45
54 36 56
54 43 34
54 44 0
54 54 48
54 56 5
54 57 38
54 61 2
54 63 32
54 66 1
54 67 3
55 0 14
55 2 28
55 4 24
55 7 8
55 8 9
55 9 33
55 10 3
55 12 45
55 13 21
55 16 48
55 24 56
55 25 15
55 26 18
55 29 65
55 35 26
55 36 63
55 38 46
55 42 50
55 43 59
55 46 40
55 55 43
55 57 10
55 58 5
55 59 29
55 61 32
56 2 64
56 4 13
56 5 45
56 8 6
56 10 20
56 15 57
56 18 67
56 19 11
56 20 18
56 26 68
56 31 33
56 38 19
56 40 16
56 43 56
56 47 69
56 56 41
56 59 35
56 63 26
56 64 55
56 65 17
56 67 7
56 69 34
57 5 14
57 8 12
57 10 68
57 11 16
57 14 24
57 17 46
57 18 6
57 20 33
57 21 41
57 23 28
57 25 55
57 31 58
57 39 21
57 40 4
57 41 61
57 42 18
57 46 36
57 63 62
57 69 50
58 4 45
58 5 63
58 8 3
58 20 55
58 22 57
58 23 68
58 24 7
58 26 25
58 30 38
58 34 69
58 35 31
58 50 58
58 51 64
58 52 36
58 55 32
58 62 53
58 63 60
58 65 20
58 68 51
59 4 12
59 8 27
59 9 30
59 12 54
59 13 15
59 16 63
59 24 67
59 25 59
59 28 5
59 30 29
59 34 47
59 38 7
59 39 45
59 42 10
59 45 64
59 46 66
59 47 68
59 51 41
59 55 65
59 64 22
59 65 42
59 69 24
60 0 18
60 7 41
60 9 40
60 11 12
60 13 9
60 24 21
60 25 11
60 27 58
60 32 7
60 35 47
60 38 48
60 41 45
60 42 4
60 43 10
60 47 55
60 51 50
60 55 60
60 59 66
61 1 49
61 4 38
61 6 69
61 13 29
61 16 14
61 19 15
61 28 53
61 34 1
61 35 17
61 40 20
61 42 31
61 46 0
61 47 61
61 48 68
61 50 26
61 58 43
61 62 21
61 63 2
62 1 44
62 4 42
62 5 47
62 9 26
62 16 36
62 19 60
62 22 9
62 25 22
62 26 17
62 36 50
62 38 32
62 41 18
62 42 68
62 43 61
62 53 58
62 62 57
62 64 3
63 1 54
63 11 64
63 13 49
63 28 40
63 29 38
63 30 60
63 32 30
63 33 19
63 35 9
63 37 17
63 46 2
63 47 48
63 48 46
63 50 34
63 51 44
63 53 13
63 56 50
63 63 61
63 65 28
63 68 69
64 3 11
64 5 43
64 14 48
64 15 20
64 18 13
64 23 49
64 30 21
64 32 46
64 37 68
64 38 34
64 54 47
64 60 6
64 63 64
64 67 44
64 68 2
65 5 41
65 7 36
65 9 61
65 10 27
65 11 9
65 18 39
65 20 56
65 26 14
65 28 66
65 31 40
65 33 33
65 34 24
65 38 42
65 39 62
65 47 32
65 48 21
65 52 19
65 54 45
65 58 16
65 61 43
65 65 6
65 66 23
65 67 57
65 69 2
66 1 68
66 6 42
66 9 23
66 10 26
66 11 54
66 16 60
66 17 2
66 19 45
66 22 39
66 23 61
66 28 67
66 29 0
66 30 16
66 32 3
66 33 53
66 41 46
66 45 36
66 51 30
66 53 19
66 55 47
66 58 22
66 61 41
66 65 49
66 66 21
66 67 17
66 69 11
67 0 46
67 2 1
67 7 57
67 11 5
67 12 68
67 16 67
67 18 55
67 20 30
67 25 33
67 27 40
67 34 19
67 40 3
67 47 4
67 50 18
67 56 61
67 57 22
67 61 11
67 62 50
67 64 48
68 1 13
68 7 58
68 8 56
68 9 60
68 14 29
68 17 42
68 18 45
68 22 44
68 23 46
68 25 39
68 32 20
68 38 36
68 41 67
68 44 19
68 48 54
68 51 31
68 53 65
68 56 48
68 58 27
68 69 51
69 1 9
69 3 54
69 10 64
69 11 25
69 19 41
69 21 17
69 23 47
69 26 39
69 28 15
69 33 62
69 46 18
69 48 48
69 52 29
69 54 63
69 60 27
69 63 1
69 64 0
69 65 36
