60
0 1 15
0 2 32
0 4 52
0 7 59
0 9 54
0 10 33
0 11 38
0 12 9
0 13 43
0 15 36
0 17 3
0 18 28
0 20 31
0 23 17
0 24 29
0 25 16
0 26 19
0 29 40
0 35 41
0 36 5
0 38 23
0 39 46
0 45 8
0 46 58
0 48 30
0 51 51
0 57 45
1 4 41
1 5 27
1 9 38
1 11 57
1 12 56
1 14 10
1 17 53
1 18 22
1 19 7
1 20 59
1 21 23
1 23 46
1 27 51
1 30 8
1 31 16
1 33 18
1 34 31
1 36 3
1 39 29
1 40 32
1 41 2
1 43 24
1 46 4
1 47 30
1 49 50
1 50 55
1 51 19
1 52 25
1 56 44
1 57 34
2 0 6
2 1 2
2 3 22
2 5 17
2 8 50
2 11 26
2 12 48
2 13 19
2 14 59
2 16 12
2 17 56
2 19 28
2 20 21
2 22 42
2 23 4
2 24 47
2 25 0
2 27 43
2 28 38
2 29 25
2 30 10
2 32 39
2 33 3
2 35 1
2 36 36
2 40 46
2 41 15
2 43 20
2 47 44
2 49 16
2 51 11
2 53 55
2 54 23
2 57 8
3 0 15
3 3 59
3 4 1
3 7 26
3 8 56
3 14 52
3 15 53
3 16 18
3 17 23
3 19 25
3 24 31
3 27 33
3 28 45
3 29 13
3 30 30
3 31 55
3 32 27
3 34 6
3 36 8
3 43 54
3 45 37
3 46 5
3 47 12
3 52 7
3 53 14
3 54 36
3 55 19
3 56 38
3 57 21
3 58 16
4 0 14
4 2 20
4 4 23
4 8 36
4 11 0
4 12 44
4 16 9
4 17 52
4 18 15
4 19 42
4 21 34
4 22 58
4 24 56
4 28 53
4 29 37
4 31 4
4 32 8
4 35 12
4 37 41
4 38 49
4 40 57
4 41 35
4 42 32
4 44 38
4 45 2
4 46 6
4 47 45
4 48 29
4 49 22
4 50 16
4 51 5
4 54 33
4 58 26
5 0 44
5 6 38
5 7 35
5 10 21
5 11 29
5 16 34
5 18 9
5 19 57
5 22 11
5 23 53
5 24 42
5 26 6
5 28 56
5 29 10
5 31 2
5 35 25
5 36 16
5 40 30
5 41 33
5 43 41
5 44 52
5 50 3
5 51 58
5 57 54
5 58 55
5 59 37
6 0 0
6 2 28
6 3 42
6 4 53
6 7 7
6 11 49
6 12 40
6 13 9
6 15 21
6 17 44
6 20 23
6 25 10
6 26 37
6 30 26
6 31 45
6 32 6
6 33 1
6 34 50
6 35 29
6 38 25
6 39 19
6 41 22
6 42 41
6 45 38
6 46 2
6 51 13
6 52 46
6 53 18
6 54 14
6 56 57
6 57 47
6 58 58
6 59 48
7 0 11
7 1 8
7 2 58
7 3 33
7 4 39
7 6 47
7 7 41
7 8 13
7 9 56
7 11 1
7 12 0
7 14 12
7 16 50
7 19 31
7 22 53
7 24 59
7 25 24
7 26 52
7 27 37
7 28 46
7 29 18
7 30 49
7 31 5
7 32 2
7 33 42
7 36 43
7 40 38
7 44 35
7 47 48
7 48 16
7 49 25
7 52 55
7 53 26
7 56 27
7 57 23
7 58 21
7 59 57
8 0 26
8 2 12
8 4 42
8 7 53
8 11 56
8 12 18
8 19 51
8 20 24
8 22 44
8 23 58
8 27 50
8 30 52
8 31 7
8 35 48
8 39 0
8 40 54
8 41 32
8 43 31
8 44 21
8 49 29
8 51 37
8 53 20
8 54 38
8 55 15
8 57 11
8 58 36
9 4 47
9 5 46
9 8 11
9 10 12
9 13 45
9 14 26
9 18 0
9 20 16
9 23 54
9 24 34
9 25 14
9 28 31
9 30 36
9 36 25
9 38 33
9 41 3
9 42 56
9 43 1
9 44 7
9 47 58
9 48 13
9 51 27
9 52 51
9 55 38
9 56 19
9 58 8
10 5 29
10 7 12
10 10 8
10 11 21
10 13 28
10 17 43
10 18 5
10 19 56
10 20 50
10 21 26
10 25 47
10 30 22
10 31 58
10 33 55
10 34 7
10 36 41
10 37 49
10 38 1
10 39 40
10 40 4
10 44 25
10 46 52
10 47 19
10 49 23
10 50 37
10 52 24
10 53 48
10 54 17
10 57 59
10 58 39
11 6 51
11 7 2
11 8 35
11 9 27
11 10 26
11 11 13
11 15 40
11 16 38
11 17 48
11 18 37
11 23 1
11 25 15
11 26 53
11 27 59
11 28 8
11 29 12
11 32 29
11 33 33
11 37 10
11 39 31
11 40 22
11 41 5
11 43 47
11 46 7
11 49 0
11 50 34
11 51 54
11 53 28
11 55 17
11 58 24
11 59 30
12 0 51
12 5 36
12 7 23
12 8 19
12 9 43
12 13 56
12 14 37
12 16 29
12 18 13
12 19 55
12 20 18
12 21 3
12 22 4
12 24 35
12 25 41
12 28 12
12 30 46
12 31 39
12 35 47
12 37 54
12 38 31
12 40 45
12 42 10
12 44 5
12 46 42
12 47 33
12 48 53
12 50 49
12 51 28
12 52 38
12 53 7
12 56 58
12 57 9
13 0 58
13 4 38
13 11 32
13 12 59
13 16 20
13 17 19
13 18 14
13 20 42
13 22 34
13 23 16
13 24 54
13 26 12
13 28 25
13 29 46
13 30 11
13 31 27
13 35 44
13 37 13
13 39 49
13 41 17
13 42 30
13 43 4
13 46 47
13 48 10
13 49 40
13 53 39
13 54 22
13 57 6
13 59 41
14 1 26
14 3 58
14 5 34
14 6 55
14 7 37
14 9 59
14 13 50
14 16 43
14 17 39
14 21 0
14 25 2
14 26 1
14 29 23
14 31 8
14 33 46
14 35 57
14 36 19
14 37 9
14 38 21
14 41 31
14 42 36
14 46 28
14 48 12
14 49 41
14 50 35
14 51 49
14 55 44
14 58 3
14 59 38
15 0 28
15 1 19
15 6 50
15 7 36
15 9 4
15 10 48
15 12 58
15 13 35
15 15 1
15 16 45
15 17 27
15 19 38
15 21 49
15 23 9
15 25 59
15 28 54
15 30 37
15 31 34
15 32 32
15 35 18
15 38 5
15 40 21
15 41 10
15 42 22
15 44 51
15 46 24
15 47 16
15 49 2
15 51 23
15 52 41
15 53 42
15 54 47
15 57 17
16 0 27
16 1 7
16 2 38
16 3 26
16 5 3
16 7 55
16 8 33
16 9 32
16 14 0
16 19 29
16 20 43
16 21 18
16 23 24
16 25 23
16 28 9
16 31 31
16 33 53
16 37 46
16 38 50
16 40 8
16 41 11
16 45 59
16 46 34
16 48 47
16 51 17
16 57 36
16 58 42
16 59 56
17 2 25
17 3 35
17 4 46
17 6 22
17 7 51
17 9 19
17 11 15
17 13 37
17 16 4
17 18 49
17 21 56
17 22 13
17 23 20
17 24 50
17 25 29
17 28 27
17 29 32
17 31 10
17 32 17
17 34 1
17 36 44
17 40 9
17 41 52
17 42 28
17 43 6
17 45 12
17 46 45
17 47 0
17 48 54
17 50 18
17 52 5
17 54 59
17 56 26
18 0 57
18 1 43
18 2 9
18 3 6
18 5 10
18 7 19
18 10 3
18 11 36
18 12 11
18 14 45
18 15 27
18 24 4
18 27 44
18 34 32
18 40 31
18 41 55
18 42 47
18 43 37
18 45 13
18 47 5
18 50 58
18 51 50
18 55 51
18 56 7
18 57 42
19 1 14
19 2 50
19 4 18
19 5 42
19 6 0
19 8 28
19 9 13
19 13 46
19 18 57
19 19 16
19 21 4
19 23 37
19 25 12
19 26 38
19 32 22
19 34 24
19 35 59
19 36 32
19 39 2
19 40 36
19 42 5
19 46 43
19 48 51
19 49 6
19 57 49
19 58 34
19 59 26
20 1 53
20 3 28
20 4 16
20 5 59
20 7 56
20 10 40
20 14 48
20 19 1
20 20 3
20 21 10
20 22 35
20 24 41
20 25 57
20 27 42
20 30 13
20 31 6
20 33 54
20 35 24
20 38 55
20 40 17
20 45 25
20 47 27
20 51 20
20 52 47
20 53 5
20 55 8
20 58 15
20 59 2
21 0 23
21 2 41
21 5 44
21 6 43
21 7 1
21 9 22
21 10 30
21 11 46
21 12 31
21 16 6
21 17 15
21 19 13
21 21 28
21 22 7
21 26 59
21 27 45
21 31 32
21 32 24
21 34 38
21 39 54
21 43 9
21 44 19
21 48 18
21 49 49
21 50 50
21 51 21
21 52 37
21 53 51
21 54 52
21 55 35
21 59 8
22 0 25
22 2 47
22 5 40
22 6 7
22 11 34
22 14 15
22 15 2
22 18 55
22 19 45
22 22 3
22 24 28
22 25 6
22 27 35
22 29 52
22 33 37
22 34 46
22 38 8
22 39 5
22 41 57
22 42 38
22 44 53
22 46 49
22 49 20
22 53 21
22 54 50
22 55 16
22 56 42
22 57 32
23 1 36
23 3 8
23 5 58
23 6 42
23 7 11
23 8 16
23 9 30
23 14 17
23 16 33
23 17 32
23 18 2
23 21 43
23 22 19
23 24 57
23 25 1
23 29 48
23 30 0
23 33 38
23 35 6
23 37 55
23 40 47
23 41 51
23 42 59
23 44 10
23 45 50
23 48 39
23 50 14
23 51 9
23 54 35
23 56 5
23 57 20
23 58 40
23 59 21
24 0 20
24 4 40
24 5 11
24 6 2
24 7 32
24 12 53
24 19 17
24 20 57
24 21 31
24 22 16
24 24 13
24 25 21
24 26 3
24 27 38
24 32 10
24 36 27
24 38 29
24 39 36
24 40 58
24 43 46
24 45 35
24 47 1
24 52 4
24 53 59
24 54 54
24 55 14
24 57 48
25 0 38
25 3 50
25 5 33
25 6 30
25 7 39
25 10 6
25 12 36
25 14 29
25 15 8
25 18 12
25 19 49
25 20 51
25 22 59
25 23 28
25 24 24
25 26 23
25 28 7
25 29 21
25 31 42
25 32 0
25 34 13
25 35 4
25 37 27
25 40 11
25 41 26
25 43 34
25 46 15
25 47 43
25 48 44
25 49 46
25 50 22
25 51 16
25 54 3
26 0 45
26 2 30
26 6 57
26 7 58
26 9 29
26 15 41
26 17 24
26 18 10
26 22 20
26 24 6
26 25 4
26 26 43
26 28 14
26 29 16
26 31 51
26 33 22
26 34 37
26 36 38
26 37 33
26 38 36
26 44 47
26 46 1
26 48 52
26 50 15
26 52 0
26 54 21
26 55 59
26 57 44
26 58 48
26 59 35
27 0 32
27 3 37
27 7 10
27 8 51
27 9 42
27 11 28
27 12 29
27 14 19
27 15 47
27 16 14
27 19 30
27 23 57
27 24 49
27 26 34
27 27 8
27 29 24
27 31 3
27 37 38
27 39 15
27 41 6
27 43 17
27 44 1
27 47 2
27 53 25
27 57 58
27 59 59
28 0 18
28 1 28
28 7 9
28 8 46
28 9 23
28 10 38
28 11 33
28 13 8
28 15 37
28 21 42
28 24 32
28 26 51
28 27 15
28 28 0
28 31 14
28 32 3
28 33 52
28 35 10
28 36 58
28 37 47
28 38 39
28 39 48
28 41 50
28 43 22
28 44 56
28 46 59
28 48 5
28 49 12
28 52 13
28 53 54
28 54 29
28 56 55
28 58 30
29 3 51
29 6 24
29 8 26
29 10 13
29 12 49
29 15 33
29 17 54
29 18 39
29 19 4
29 20 6
29 23 36
29 24 16
29 25 52
29 26 11
29 27 53
29 28 43
29 32 59
29 35 34
29 37 30
29 39 50
29 43 8
29 45 31
29 46 57
29 49 21
29 50 45
29 51 38
29 52 35
29 55 25
29 56 40
29 58 29
30 3 21
30 7 14
30 8 10
30 10 31
30 11 6
30 13 25
30 15 13
30 20 8
30 23 7
30 26 17
30 28 33
30 29 15
30 30 54
30 31 22
30 32 44
30 34 12
30 36 2
30 39 45
30 41 36
30 42 20
30 43 53
30 44 3
30 48 42
30 51 57
30 53 24
30 54 46
30 55 58
30 56 0
31 2 43
31 3 16
31 5 18
31 6 37
31 7 40
31 8 58
31 9 24
31 11 52
31 13 57
31 14 32
31 15 0
31 20 53
31 21 25
31 22 33
31 23 38
31 25 39
31 26 2
31 28 26
31 29 56
31 30 27
31 31 41
31 32 48
31 36 47
31 37 35
31 38 59
31 39 10
31 40 20
31 41 7
31 42 1
31 44 6
31 45 54
31 47 55
31 49 13
31 51 14
31 52 45
31 58 11
32 1 0
32 3 46
32 4 49
32 8 34
32 9 6
32 10 14
32 11 45
32 13 29
32 16 23
32 17 33
32 21 2
32 22 55
32 23 27
32 25 9
32 28 47
32 29 28
32 30 32
32 32 58
32 33 43
32 35 53
32 36 11
32 41 13
32 43 42
32 45 20
32 48 37
32 49 36
32 50 57
32 51 22
32 53 40
32 55 48
32 57 12
32 58 44
32 59 54
33 0 46
33 1 22
33 2 36
33 3 40
33 4 14
33 8 15
33 9 11
33 10 20
33 11 54
33 13 16
33 15 10
33 17 57
33 20 29
33 21 53
33 24 19
33 27 5
33 30 4
33 33 24
33 35 42
33 36 26
33 41 0
33 47 50
33 49 27
33 52 8
33 54 37
33 55 55
33 56 21
33 58 25
33 59 52
34 4 55
34 6 20
34 7 25
34 9 18
34 10 34
34 11 47
34 12 12
34 14 28
34 15 44
34 16 7
34 17 58
34 19 11
34 21 15
34 22 10
34 23 6
34 25 45
34 26 14
34 27 3
34 31 13
34 32 23
34 33 56
34 37 40
34 38 24
34 39 37
34 40 42
34 41 46
34 48 19
34 50 0
34 51 39
34 52 49
34 53 57
34 55 54
34 59 1
35 2 33
35 3 7
35 8 25
35 9 9
35 11 48
35 12 8
35 14 18
35 16 36
35 17 42
35 18 30
35 19 43
35 22 46
35 23 2
35 24 12
35 26 27
35 27 22
35 33 32
35 34 28
35 35 14
35 36 29
35 37 45
35 38 20
35 43 26
35 45 1
35 46 40
35 47 15
35 51 53
35 52 23
35 54 57
35 55 37
35 56 34
35 57 0
35 58 56
35 59 11
36 3 38
36 4 59
36 5 49
36 6 29
36 10 53
36 11 51
36 12 28
36 14 14
36 17 5
36 21 8
36 24 11
36 28 30
36 30 6
36 31 15
36 38 34
36 40 19
36 42 17
36 44 36
36 48 1
36 51 12
36 52 21
37 0 12
37 1 58
37 4 8
37 6 6
37 7 4
37 9 35
37 10 23
37 11 39
37 12 47
37 15 51
37 16 46
37 18 3
37 21 38
37 22 2
37 24 45
37 26 41
37 29 29
37 31 11
37 32 9
37 33 57
37 34 44
37 35 16
37 42 19
37 44 18
37 45 32
37 47 24
37 49 34
37 52 53
37 55 7
37 56 13
37 57 15
38 1 32
38 4 54
38 7 44
38 8 40
38 9 34
38 10 9
38 13 30
38 14 58
38 17 11
38 18 25
38 21 41
38 22 38
38 29 45
38 30 14
38 31 59
38 33 20
38 34 5
38 37 51
38 41 8
38 42 35
38 44 13
38 48 23
38 49 24
38 51 43
38 52 36
38 54 56
38 56 31
38 58 17
38 59 15
39 1 48
39 2 21
39 5 43
39 7 5
39 10 18
39 11 59
39 13 47
39 17 4
39 19 6
39 20 7
39 22 30
39 25 33
39 26 16
39 27 57
39 29 11
39 31 56
39 36 10
39 37 36
39 38 44
39 44 39
39 46 54
39 51 15
39 52 9
39 56 23
39 57 46
39 58 35
40 2 15
40 3 27
40 4 37
40 8 43
40 9 0
40 10 54
40 11 31
40 12 14
40 16 13
40 17 59
40 18 56
40 20 28
40 21 58
40 22 1
40 23 41
40 31 20
40 32 50
40 36 22
40 37 53
40 38 47
40 39 32
40 41 48
40 42 39
40 44 23
40 45 44
40 47 11
40 49 35
40 50 29
40 53 46
40 55 45
40 59 9
41 0 48
41 3 18
41 6 56
41 7 29
41 10 27
41 11 11
41 13 15
41 15 30
41 16 25
41 18 17
41 19 23
41 21 16
41 23 32
41 25 51
41 29 31
41 30 9
41 31 50
41 40 26
41 41 58
41 42 52
41 43 38
41 49 42
41 52 34
41 53 35
41 54 45
41 55 53
41 56 3
41 57 5
42 1 45
42 3 1
42 4 32
42 6 13
42 8 3
42 9 2
42 11 22
42 12 51
42 15 35
42 17 28
42 23 12
42 25 31
42 28 36
42 29 39
42 31 17
42 32 20
42 33 0
42 38 57
42 39 42
42 44 30
42 45 58
42 48 56
42 53 38
42 56 24
42 57 4
42 58 33
43 0 33
43 1 16
43 3 23
43 5 9
43 7 15
43 10 50
43 11 17
43 13 38
43 14 27
43 15 43
43 17 8
43 19 18
43 20 52
43 22 26
43 23 51
43 24 53
43 26 39
43 29 54
43 33 11
43 34 55
43 38 19
43 41 24
43 42 48
43 44 49
43 45 45
43 48 31
43 49 14
43 50 56
43 51 7
43 53 13
43 56 35
43 58 5
44 0 17
44 2 40
44 6 16
44 7 21
44 8 42
44 10 22
44 12 38
44 15 58
44 17 49
44 18 32
44 20 20
44 22 48
44 23 23
44 25 8
44 27 54
44 28 19
44 29 4
44 31 37
44 32 14
44 33 30
44 34 59
44 36 12
44 37 57
44 38 53
44 39 11
44 42 6
44 43 25
44 44 0
44 46 18
44 48 3
44 49 43
44 50 7
44 55 24
44 58 1
45 1 21
45 3 9
45 4 2
45 6 45
45 10 52
45 11 12
45 12 50
45 14 38
45 18 16
45 26 5
45 30 20
45 33 26
45 34 0
45 37 6
45 40 1
45 41 39
45 42 8
45 44 22
45 46 36
45 48 41
45 50 24
45 51 33
45 52 28
45 54 15
45 59 27
46 1 25
46 4 28
46 5 45
46 6 54
46 7 38
46 10 41
46 11 23
46 13 5
46 14 49
46 15 4
46 16 52
46 17 18
46 18 1
46 27 27
46 28 37
46 29 8
46 31 30
46 32 13
46 33 36
46 34 39
46 35 35
46 36 33
46 37 19
46 39 14
46 40 10
46 42 0
46 44 42
46 45 43
46 49 3
46 53 44
46 55 50
46 57 26
47 0 7
47 2 10
47 4 27
47 6 33
47 9 16
47 11 53
47 12 32
47 16 8
47 17 1
47 19 54
47 25 37
47 26 4
47 28 3
47 29 51
47 30 50
47 32 19
47 34 58
47 35 15
47 36 14
47 38 18
47 39 23
47 40 59
47 48 36
47 49 5
47 52 20
47 53 56
47 56 28
47 59 13
48 2 26
48 3 24
48 5 5
48 6 3
48 7 43
48 9 44
48 14 31
48 15 46
48 18 8
48 20 54
48 21 59
48 23 52
48 26 48
48 27 23
48 28 32
48 31 36
48 32 56
48 35 50
48 39 1
48 41 12
48 42 37
48 43 58
48 44 34
48 45 30
48 46 33
48 48 40
48 52 17
48 54 2
48 55 27
48 58 18
49 0 43
49 3 34
49 4 10
49 8 27
49 10 49
49 11 19
49 12 52
49 14 6
49 15 5
49 19 58
49 20 25
49 22 15
49 24 8
49 26 28
49 31 44
49 32 36
49 33 48
49 36 18
49 39 38
49 40 12
49 42 45
49 43 35
49 44 57
49 45 22
49 47 13
49 48 17
49 49 59
49 51 47
49 56 39
49 59 32
50 1 24
50 3 25
50 4 33
50 7 48
50 8 49
50 9 26
50 11 44
50 12 5
50 13 36
50 14 23
50 15 9
50 16 47
50 18 58
50 20 17
50 22 50
50 23 55
50 25 18
50 26 32
50 27 4
50 28 22
50 29 41
50 30 42
50 31 40
50 33 28
50 35 19
50 37 37
50 39 21
50 42 7
50 43 12
50 44 29
50 45 52
50 46 56
50 48 57
50 49 53
50 50 6
50 51 31
50 53 34
50 54 27
50 55 1
50 56 54
50 59 51
51 3 17
51 5 25
51 6 48
51 7 47
51 9 8
51 14 35
51 16 26
51 18 20
51 19 59
51 22 18
51 24 37
51 25 58
51 27 31
51 30 56
51 32 21
51 33 19
51 34 41
51 35 13
51 36 49
51 37 34
51 39 55
51 40 39
51 42 29
51 45 24
51 49 45
51 51 32
51 52 2
51 54 5
51 55 28
51 56 30
51 57 7
51 58 57
52 0 59
52 8 22
52 11 18
52 12 41
52 15 20
52 16 48
52 17 47
52 18 35
52 25 46
52 27 6
52 28 44
52 29 34
52 31 26
52 35 7
52 42 27
52 43 2
52 45 56
52 46 38
52 49 9
52 52 11
52 55 29
52 56 37
52 57 55
52 59 39
53 0 39
53 3 44
53 4 31
53 6 15
53 11 16
53 17 30
53 18 53
53 19 36
53 24 0
53 26 18
53 28 23
53 31 43
53 32 12
53 34 19
53 40 34
53 41 49
53 43 33
53 45 7
53 46 35
53 47 17
53 51 40
53 54 58
53 58 52
54 3 56
54 4 3
54 5 54
54 6 10
54 7 20
54 8 30
54 12 57
54 13 14
54 14 34
54 16 42
54 17 40
54 18 31
54 19 48
54 20 5
54 21 19
54 26 7
54 27 12
54 28 2
54 30 24
54 33 51
54 35 22
54 36 45
54 37 0
54 39 44
54 42 49
54 43 23
54 44 43
54 51 29
54 52 58
54 53 8
54 54 13
54 55 39
54 58 46
55 0 31
55 2 46
55 4 26
55 7 16
55 9 39
55 10 51
55 12 22
55 15 29
55 16 15
55 17 34
55 18 4
55 22 54
55 24 2
55 26 44
55 27 9
55 28 13
55 29 7
55 30 57
55 33 58
55 38 56
55 40 37
55 41 18
55 43 5
55 52 14
55 53 0
55 54 8
55 56 25
55 57 1
55 59 24
56 0 30
56 3 52
56 6 11
56 8 14
56 9 17
56 11 37
56 12 1
56 14 22
56 15 42
56 17 6
56 18 21
56 20 2
56 22 43
56 23 0
56 27 18
56 30 47
56 31 25
56 33 13
56 34 9
56 36 59
56 39 57
56 41 16
56 42 58
56 43 55
56 44 31
56 45 3
56 46 46
56 47 49
56 48 50
56 49 8
56 51 4
56 52 54
56 53 29
56 54 53
56 56 15
56 59 44
57 0 35
57 2 54
57 3 11
57 5 6
57 6 12
57 8 47
57 10 39
57 12 55
57 14 42
57 15 32
57 17 41
57 20 13
57 22 23
57 23 25
57 26 56
57 27 58
57 28 48
57 33 34
57 36 7
57 37 4
57 38 3
57 42 26
57 47 37
57 48 22
57 51 10
57 52 33
57 54 43
57 55 31
57 56 16
57 57 24
57 59 5
58 1 40
58 2 6
58 3 39
58 5 23
58 6 27
58 11 4
58 12 21
58 16 37
58 17 38
58 19 22
58 20 34
58 24 1
58 25 36
58 26 13
58 29 2
58 34 16
58 37 15
58 38 9
58 39 33
58 41 54
58 42 25
58 44 58
58 45 57
58 48 48
58 51 18
58 53 12
58 54 41
59 1 44
59 3 12
59 4 21
59 7 49
59 8 23
59 11 30
59 12 6
59 13 10
59 16 59
59 17 13
59 20 38
59 23 18
59 24 58
59 26 42
59 27 11
59 30 28
59 31 0
59 34 27
59 35 52
59 37 29
59 38 32
59 39 22
59 40 40
59 46 51
59 47 36
59 48 8
59 52 57
59 53 3
59 55 9
