60
0 3 25
0 4 56
0 5 57
0 12 17
0 23 16
0 30 10
0 34 44
0 36 53
0 39 3
0 43 52
0 44 39
0 45 14
0 46 35
0 47 58
0 59 47
1 9 12
1 10 26
1 12 33
1 14 9
1 16 55
1 22 53
1 27 46
1 32 18
1 39 4
1 41 31
1 46 51
1 48 41
1 55 38
1 56 27
2 2 31
2 4 32
2 5 7
2 8 54
2 9 17
2 10 37
2 15 16
2 18 59
2 20 5
2 27 19
2 28 48
2 29 13
2 37 40
2 38 47
2 46 46
2 53 41
3 2 40
3 4 13
3 10 29
3 12 15
3 15 20
3 18 3
3 19 0
3 21 32
3 23 56
3 29 55
3 33 58
3 34 53
3 43 51
3 45 28
3 47 50
3 48 59
3 49 52
3 53 49
3 56 16
3 58 57
3 59 44
4 1 15
4 2 49
4 3 8
4 5 32
4 12 34
4 14 54
4 16 1
4 17 31
4 19 48
4 20 19
4 30 43
4 36 12
4 38 10
4 40 2
4 41 30
4 54 38
4 55 9
4 56 13
5 0 5
5 6 17
5 10 51
5 12 25
5 15 29
5 16 48
5 17 53
5 27 15
5 32 50
5 36 28
5 38 41
5 48 23
5 51 4
5 54 35
5 56 12
6 2 32
6 4 22
6 6 24
6 7 57
6 14 2
6 16 9
6 17 41
6 20 15
6 22 35
6 29 31
6 30 8
6 35 10
6 39 5
7 4 25
7 6 32
7 8 30
7 10 8
7 11 35
7 19 6
7 20 22
7 29 40
7 30 26
7 36 33
7 37 46
7 38 37
7 40 48
7 41 55
7 43 34
7 45 39
7 48 31
7 52 49
8 2 38
8 4 10
8 9 31
8 11 59
8 12 58
8 14 57
8 16 56
8 18 8
8 22 11
8 24 43
8 30 44
8 31 39
8 35 48
8 37 3
8 39 25
8 40 7
8 44 0
8 47 35
8 51 19
8 52 53
8 53 18
8 57 26
9 0 29
9 6 23
9 7 3
9 12 10
9 27 48
9 28 47
9 31 50
9 34 17
9 37 33
9 49 9
9 51 45
9 55 39
9 58 24
10 0 12
10 1 0
10 3 1
10 12 54
10 15 2
10 22 39
10 23 22
10 24 3
10 27 6
10 30 28
10 46 50
10 56 8
10 57 55
11 3 38
11 4 35
11 5 37
11 6 34
11 7 14
11 8 41
11 12 30
11 18 36
11 25 54
11 28 17
11 32 55
11 36 24
11 39 19
11 41 43
11 46 0
11 47 28
11 48 51
11 49 49
11 50 25
11 51 42
11 54 13
11 57 23
12 3 56
12 15 52
12 18 54
12 22 9
12 24 44
12 25 24
12 26 21
12 27 18
12 30 13
12 32 7
12 36 41
12 39 39
12 44 33
12 45 31
12 49 47
12 50 8
12 52 48
12 55 55
12 56 26
12 57 0
12 58 46
12 59 58
13 1 34
13 6 7
13 8 36
13 12 12
13 20 44
13 24 14
13 26 47
13 27 55
13 33 38
13 35 15
13 37 6
13 43 31
13 45 18
13 48 29
13 50 33
13 51 1
13 52 59
13 56 24
13 58 45
14 6 22
14 10 14
14 12 28
14 13 47
14 15 9
14 17 58
14 24 32
14 30 24
14 38 59
14 42 53
14 46 31
14 47 34
14 49 12
14 51 52
14 52 2
14 53 20
14 55 33
14 58 38
15 1 17
15 3 15
15 4 18
15 11 10
15 15 48
15 17 59
15 19 33
15 25 0
15 27 31
15 34 12
15 37 55
15 38 44
15 45 45
15 52 6
15 56 47
16 1 1
16 2 15
16 4 41
16 6 55
16 7 47
16 10 56
16 13 16
16 21 9
16 22 51
16 27 14
16 29 42
16 31 32
16 32 5
16 34 24
16 35 8
16 37 39
16 40 52
16 41 49
16 43 35
16 46 58
16 50 54
16 51 34
17 3 20
17 5 18
17 14 40
17 20 25
17 23 34
17 25 48
17 28 43
17 33 46
17 34 8
17 37 21
17 38 50
17 41 15
17 47 7
17 48 10
17 53 44
17 55 22
17 56 54
17 59 6
18 4 29
18 7 31
18 13 30
18 15 59
18 21 48
18 23 55
18 24 46
18 29 49
18 32 36
18 33 33
18 36 10
18 40 44
18 46 41
18 49 24
18 52 54
18 55 2
18 57 21
18 58 35
19 0 32
19 2 57
19 4 58
19 11 24
19 14 42
19 19 50
19 23 25
19 27 41
19 29 48
19 34 11
19 36 54
19 37 20
19 40 14
19 43 13
19 46 40
19 47 23
19 54 8
20 1 52
20 3 50
20 6 30
20 9 53
20 10 12
20 12 18
20 13 58
20 15 19
20 18 49
20 21 27
20 23 21
20 27 25
20 28 3
20 29 34
20 31 10
20 36 35
20 39 46
20 43 59
20 45 20
20 49 22
20 54 41
20 57 44
21 0 53
21 3 29
21 5 20
21 10 18
21 20 34
21 23 27
21 25 3
21 26 39
21 30 19
21 32 17
21 36 48
21 37 44
21 38 16
21 41 28
21 47 5
21 48 25
21 52 4
21 53 52
21 54 37
21 58 41
21 59 22
22 1 3
22 6 52
22 7 33
22 11 49
22 16 28
22 17 54
22 18 25
22 21 1
22 22 47
22 32 29
22 34 9
22 36 59
22 37 19
22 38 14
22 40 40
22 42 21
22 45 58
22 47 37
22 49 23
22 52 8
22 53 22
23 1 33
23 5 40
23 6 11
23 9 16
23 11 23
23 14 4
23 16 31
23 17 43
23 18 13
23 30 39
23 34 26
23 35 25
23 41 7
23 42 28
23 46 54
23 47 24
23 48 15
23 49 17
23 55 6
23 58 53
24 0 16
24 1 30
24 6 12
24 7 44
24 8 20
24 20 21
24 23 13
24 24 4
24 26 15
24 30 11
24 31 53
24 32 25
24 35 58
24 41 17
24 44 56
24 45 46
24 52 22
24 53 6
24 56 32
24 58 34
24 59 33
25 3 33
25 7 58
25 10 48
25 13 15
25 17 40
25 23 47
25 24 56
25 26 29
25 33 34
25 34 37
25 35 27
25 41 45
25 46 42
25 52 7
25 53 10
25 57 12
25 58 4
26 3 52
26 7 9
26 11 34
26 12 40
26 17 26
26 18 27
26 20 8
26 25 39
26 29 44
26 31 23
26 40 21
26 47 1
26 51 30
26 54 43
26 59 41
27 4 52
27 5 53
27 10 44
27 13 45
27 16 24
27 20 30
27 24 21
27 25 17
27 27 29
27 30 7
27 41 10
27 48 40
27 55 20
27 58 49
27 59 28
28 1 21
28 2 43
28 8 5
28 10 6
28 21 51
28 25 27
28 26 36
28 32 14
28 37 31
28 39 18
28 41 23
28 46 10
28 49 2
28 51 9
28 57 38
29 3 41
29 5 49
29 7 19
29 11 45
29 13 6
29 14 22
29 15 18
29 23 52
29 25 28
29 27 5
29 31 31
29 32 59
29 33 44
29 48 58
29 50 26
29 58 54
30 0 4
30 4 43
30 11 38
30 14 28
30 17 25
30 20 48
30 23 8
30 27 23
30 31 3
30 35 35
30 37 22
30 41 0
30 42 49
30 49 56
30 52 58
30 53 32
31 7 15
31 8 26
31 9 2
31 12 43
31 13 21
31 15 4
31 21 12
31 24 51
31 26 53
31 32 40
31 35 50
31 38 58
31 40 55
31 43 1
31 47 8
31 49 5
31 52 52
31 54 18
31 56 28
31 57 7
32 1 24
32 2 17
32 3 46
32 4 44
32 5 55
32 6 31
32 9 50
32 10 35
32 11 29
32 18 53
32 19 28
32 23 57
32 24 30
32 30 20
32 32 4
32 35 11
32 39 1
32 42 48
32 45 25
32 46 38
32 51 51
32 56 23
32 57 54
32 59 0
33 5 56
33 8 4
33 16 19
33 17 13
33 22 43
33 25 57
33 28 2
33 30 14
33 44 38
33 46 45
33 52 12
33 55 44
34 6 35
34 8 17
34 9 57
34 20 23
34 25 7
34 34 10
34 37 58
34 39 22
34 41 26
34 42 20
34 43 9
34 44 49
34 48 3
34 50 38
34 51 15
34 52 28
34 56 39
34 57 47
34 59 27
35 0 27
35 3 35
35 5 6
35 6 40
35 9 42
35 12 23
35 27 51
35 34 46
35 43 22
35 44 36
35 45 30
35 47 26
35 48 0
35 51 44
35 53 29
36 4 30
36 5 54
36 6 6
36 7 1
36 8 0
36 10 10
36 13 20
36 15 51
36 16 25
36 22 21
36 23 44
36 29 17
36 30 48
36 31 14
36 34 56
36 36 7
36 39 55
36 40 29
36 46 19
36 47 40
36 54 53
36 56 9
36 59 39
37 2 0
37 8 8
37 10 3
37 11 48
37 15 57
37 17 38
37 18 45
37 35 29
37 43 5
37 44 31
37 45 17
37 47 44
37 48 39
37 52 32
37 55 50
37 57 40
38 0 22
38 1 44
38 6 54
38 7 6
38 8 40
38 11 50
38 27 20
38 28 39
38 30 30
38 31 2
38 37 41
38 40 0
38 42 38
38 43 29
38 52 36
38 55 1
38 56 49
38 58 3
39 0 20
39 1 40
39 4 14
39 5 34
39 8 21
39 9 23
39 11 28
39 14 39
39 21 33
39 22 41
39 23 37
39 24 53
39 26 43
39 32 11
39 34 6
39 36 45
39 44 12
39 47 54
39 49 46
39 55 58
39 56 57
39 58 47
39 59 15
40 7 54
40 11 46
40 13 59
40 14 14
40 15 53
40 17 44
40 19 4
40 21 26
40 23 17
40 24 41
40 29 20
40 33 57
40 34 29
40 40 30
40 45 40
40 46 47
40 48 49
40 51 21
40 52 16
40 58 56
41 1 45
41 2 22
41 7 2
41 8 37
41 13 23
41 18 46
41 30 29
41 31 5
41 35 7
41 36 3
41 49 30
41 51 13
41 52 24
41 57 18
42 1 22
42 2 35
42 3 13
42 7 25
42 8 10
42 10 4
42 12 2
42 15 44
42 21 29
42 24 58
42 26 32
42 28 38
42 33 40
42 34 52
42 35 28
42 36 15
42 37 23
42 41 3
42 47 59
42 53 48
42 57 9
43 0 35
43 1 9
43 3 34
43 5 48
43 31 46
43 37 10
43 40 37
43 46 3
43 49 28
43 51 23
43 52 42
43 53 40
43 54 49
43 56 20
44 0 31
44 2 47
44 3 21
44 4 15
44 6 48
44 8 13
44 11 40
44 17 33
44 18 57
44 20 3
44 31 56
44 32 20
44 34 49
44 36 23
44 37 52
44 38 29
44 42 55
44 45 7
44 46 14
44 54 26
44 55 35
44 56 11
45 1 6
45 4 55
45 5 28
45 6 13
45 7 7
45 9 43
45 11 30
45 13 14
45 17 17
45 18 11
45 19 2
45 21 56
45 26 0
45 30 41
45 33 24
45 43 12
45 44 9
45 46 49
45 48 32
45 49 21
45 50 3
45 54 20
45 56 52
45 59 5
46 1 59
46 3 19
46 5 8
46 6 28
46 7 37
46 9 10
46 12 45
46 15 33
46 17 3
46 18 4
46 22 26
46 26 17
46 27 44
46 28 49
46 29 7
46 30 0
46 35 9
46 41 51
46 43 30
46 44 41
46 52 55
46 55 46
46 59 42
47 0 13
47 2 55
47 3 24
47 8 38
47 9 41
47 15 30
47 18 21
47 23 35
47 25 56
47 26 3
47 30 40
47 33 51
47 36 50
47 37 5
47 43 37
47 49 32
47 50 6
47 52 31
47 55 29
47 56 33
47 58 28
47 59 8
48 3 42
48 6 33
48 11 16
48 12 14
48 16 3
48 22 23
48 23 6
48 24 24
48 26 9
48 27 49
48 31 28
48 33 8
48 37 0
48 39 44
48 43 54
48 44 40
48 48 30
48 49 11
48 54 29
49 1 10
49 7 28
49 11 58
49 14 23
49 24 27
49 25 1
49 30 16
49 31 0
49 41 11
49 44 52
49 48 56
49 54 3
49 57 46
50 14 30
50 17 10
50 19 42
50 22 44
50 23 11
50 24 5
50 29 24
50 43 23
50 44 25
50 49 53
50 51 40
50 52 35
50 55 18
50 57 22
50 58 26
51 1 5
51 2 28
51 4 49
51 8 39
51 9 47
51 11 17
51 13 31
51 18 2
51 19 23
51 26 19
51 40 22
51 41 57
51 45 51
51 46 53
51 57 10
52 9 59
52 11 11
52 24 20
52 25 31
52 29 53
52 32 0
52 33 5
52 35 39
52 37 32
52 41 21
52 44 34
52 45 22
52 46 33
52 49 50
52 57 51
53 9 22
53 10 40
53 16 26
53 17 37
53 20 43
53 21 17
53 22 25
53 24 18
53 26 14
53 29 30
53 30 21
53 32 13
53 36 57
53 39 2
53 44 50
53 45 52
53 50 10
53 58 59
53 59 20
54 5 51
54 10 38
54 12 36
54 15 26
54 16 20
54 22 42
54 28 18
54 33 28
54 34 59
54 35 55
54 36 22
54 38 23
54 40 3
54 41 47
54 52 30
54 53 33
55 9 44
55 10 0
55 11 53
55 15 54
55 17 14
55 19 38
55 21 6
55 23 50
55 26 30
55 27 37
55 28 36
55 31 41
55 36 1
55 37 28
55 39 15
55 44 55
55 47 29
55 49 42
55 53 19
55 54 25
55 59 4
56 8 52
56 9 39
56 11 56
56 14 10
56 15 40
56 21 41
56 22 31
56 23 58
56 24 17
56 29 14
56 32 21
56 35 13
56 36 30
56 40 46
56 42 24
56 45 49
56 48 34
56 52 50
56 57 59
57 3 58
57 4 9
57 9 35
57 10 15
57 14 41
57 16 44
57 22 17
57 25 32
57 33 14
57 34 33
57 37 59
57 38 57
57 49 6
57 56 4
57 57 1
57 58 18
57 59 25
58 2 39
58 4 54
58 7 43
58 15 8
58 16 46
58 25 34
58 26 58
58 28 19
58 30 37
58 31 40
58 55 13
58 56 17
58 57 48
59 2 41
59 6 39
59 9 56
59 14 47
59 15 7
59 18 48
59 19 35
59 25 20
59 26 37
59 27 4
59 33 2
59 34 38
59 42 13
59 43 3
59 44 51
59 52 15
59 53 30
59 54 55
59 58 52
59 59 26
