60
0 1 59
0 2 17
0 3 14
0 4 27
0 10 37
0 13 25
0 15 18
0 18 41
0 19 2
0 22 52
0 24 53
0 27 47
0 28 16
0 33 10
0 36 57
0 37 40
0 38 49
0 39 0
0 40 22
0 42 7
0 43 44
0 44 43
0 45 48
0 48 33
0 51 6
0 52 5
0 53 45
0 54 42
0 55 29
0 57 58
1 5 25
1 6 32
1 7 55
1 8 47
1 9 59
1 11 45
1 13 53
1 14 39
1 15 21
1 16 49
1 17 17
1 21 5
1 23 31
1 24 24
1 27 38
1 28 2
1 34 11
1 35 28
1 36 58
1 37 22
1 38 34
1 40 27
1 44 29
1 45 9
1 46 42
1 47 16
1 50 14
1 51 40
1 54 48
1 55 12
1 57 15
2 3 26
2 4 34
2 6 30
2 7 16
2 8 19
2 9 41
2 10 57
2 12 38
2 14 31
2 16 36
2 19 8
2 20 7
2 25 4
2 26 35
2 27 44
2 35 40
2 36 32
2 40 15
2 45 37
2 46 13
2 47 47
2 50 10
2 51 49
2 52 51
2 53 11
2 54 2
2 56 20
3 4 49
3 6 28
3 7 1
3 10 41
3 12 0
3 13 54
3 17 53
3 20 25
3 26 20
3 27 10
3 28 24
3 29 9
3 33 50
3 34 19
3 37 58
3 38 16
3 40 18
3 42 13
3 45 31
3 50 46
3 53 32
3 54 39
3 55 30
3 58 22
4 0 2
4 1 27
4 2 30
4 4 48
4 5 18
4 6 40
4 7 45
4 14 28
4 15 56
4 16 17
4 20 49
4 21 57
4 23 19
4 24 41
4 26 11
4 27 22
4 28 31
4 33 14
4 34 53
4 39 13
4 44 26
4 45 4
4 46 59
4 48 35
4 50 7
4 51 51
4 53 25
4 59 6
5 0 26
5 2 45
5 4 6
5 5 8
5 6 2
5 9 16
5 11 4
5 12 25
5 13 11
5 14 40
5 16 47
5 18 7
5 19 43
5 20 18
5 23 48
5 24 34
5 25 57
5 26 31
5 29 56
5 30 5
5 31 54
5 32 36
5 33 58
5 34 3
5 36 53
5 37 14
5 38 59
5 39 24
5 41 37
5 45 13
5 46 38
5 49 41
5 53 55
5 55 15
5 56 12
5 57 29
6 0 57
6 2 9
6 4 24
6 7 44
6 8 4
6 9 1
6 10 13
6 12 39
6 13 5
6 14 26
6 15 30
6 17 46
6 18 2
6 20 45
6 21 48
6 22 40
6 25 12
6 29 52
6 32 21
6 33 27
6 34 20
6 35 34
6 37 25
6 40 29
6 47 49
6 48 38
6 49 31
6 51 17
6 54 36
6 55 53
6 57 41
7 0 5
7 1 14
7 2 31
7 3 8
7 13 17
7 15 25
7 16 53
7 17 7
7 18 19
7 19 22
7 20 57
7 21 12
7 23 0
7 24 18
7 26 28
7 27 9
7 28 34
7 29 40
7 30 33
7 31 30
7 35 41
7 36 49
7 37 13
7 38 4
7 39 10
7 42 21
7 43 1
7 46 39
7 47 2
7 50 50
7 51 48
7 53 46
7 56 58
7 57 51
7 59 29
8 0 17
8 1 49
8 3 5
8 7 46
8 8 59
8 12 14
8 13 34
8 15 36
8 16 45
8 18 12
8 19 13
8 22 41
8 23 54
8 25 55
8 28 38
8 33 7
8 34 29
8 37 4
8 39 28
8 41 52
8 45 51
8 47 37
8 48 9
8 49 16
8 50 22
8 51 47
8 52 35
8 53 27
9 3 43
9 4 10
9 5 11
9 7 38
9 8 36
9 9 31
9 10 58
9 11 32
9 13 7
9 16 14
9 19 0
9 20 16
9 26 41
9 30 9
9 35 51
9 36 39
9 39 29
9 41 23
9 42 53
9 43 49
9 44 21
9 45 17
9 47 24
9 53 13
9 55 2
9 56 5
9 57 12
9 58 33
10 1 42
10 2 12
10 3 47
10 5 54
10 6 52
10 7 26
10 8 3
10 11 48
10 12 19
10 14 55
10 18 58
10 20 9
10 21 43
10 23 30
10 26 44
10 29 4
10 30 0
10 32 25
10 33 33
10 34 59
10 37 35
10 39 21
10 43 11
10 45 1
10 50 27
10 52 36
10 53 40
10 55 41
10 56 28
11 1 19
11 5 32
11 8 31
11 9 20
11 10 52
11 18 29
11 21 46
11 23 50
11 26 53
11 27 35
11 28 55
11 29 0
11 32 40
11 35 22
11 36 54
11 37 59
11 39 7
11 41 27
11 43 9
11 44 13
11 46 43
11 49 37
11 51 56
11 52 57
11 56 14
12 5 7
12 10 19
12 13 50
12 16 34
12 19 15
12 20 44
12 21 6
12 22 38
12 27 55
12 28 49
12 29 53
12 35 52
12 36 40
12 37 12
12 42 56
12 44 14
12 47 59
12 48 16
12 49 47
12 51 26
12 52 30
12 54 58
12 55 22
12 56 36
12 58 45
13 0 45
13 2 18
13 3 6
13 4 41
13 5 4
13 7 25
13 10 46
13 11 27
13 12 2
13 13 59
13 14 52
13 16 8
13 22 24
13 24 42
13 27 34
13 30 13
13 31 32
13 35 11
13 39 55
13 40 40
13 42 1
13 50 26
13 51 10
13 52 12
13 53 51
13 54 0
13 57 33
14 1 12
14 2 27
14 4 58
14 6 17
14 8 42
14 11 37
14 13 40
14 14 8
14 18 4
14 20 39
14 21 50
14 22 7
14 25 28
14 29 45
14 30 14
14 35 26
14 36 13
14 37 0
14 41 20
14 42 10
14 44 1
14 45 15
14 48 32
14 49 5
14 51 41
14 52 25
14 53 44
14 54 57
14 55 47
14 56 2
14 57 21
15 2 49
15 4 55
15 5 36
15 6 3
15 7 30
15 8 56
15 9 54
15 10 29
15 11 53
15 14 32
15 18 51
15 20 6
15 23 1
15 28 40
15 29 57
15 30 46
15 31 14
15 32 31
15 34 28
15 35 59
15 36 48
15 42 22
15 43 4
15 44 37
15 51 11
15 52 18
15 54 34
15 55 5
15 57 9
15 59 10
16 0 38
16 1 37
16 2 32
16 4 2
16 14 49
16 15 20
16 16 59
16 17 3
16 20 22
16 23 53
16 25 27
16 28 52
16 29 13
16 30 25
16 31 45
16 32 43
16 38 5
16 39 42
16 40 4
16 42 48
16 43 26
16 45 12
16 46 16
16 47 41
16 48 10
16 49 7
16 50 58
16 52 40
16 54 31
16 56 54
16 57 8
16 58 57
16 59 51
17 2 7
17 3 9
17 6 25
17 7 43
17 9 32
17 10 0
17 11 6
17 12 36
17 15 15
17 16 51
17 17 37
17 18 28
17 19 40
17 20 5
17 21 49
17 25 3
17 26 55
17 27 4
17 28 27
17 30 19
17 32 10
17 33 54
17 35 2
17 36 31
17 37 50
17 38 30
17 42 18
17 44 16
17 46 29
17 49 22
17 50 42
17 51 57
17 52 44
17 54 12
17 55 58
17 56 33
17 57 11
17 59 39
18 0 46
18 1 2
18 2 33
18 5 22
18 8 25
18 10 43
18 11 10
18 12 35
18 13 47
18 14 50
18 17 55
18 18 9
18 20 21
18 23 23
18 24 14
18 26 48
18 28 29
18 36 19
18 37 52
18 38 56
18 39 38
18 40 6
18 42 40
18 49 24
18 50 8
18 57 20
18 58 13
18 59 36
19 0 8
19 1 28
19 2 6
19 4 29
19 6 14
19 7 57
19 8 20
19 13 23
19 14 25
19 15 12
19 19 10
19 22 4
19 23 49
19 24 36
19 25 46
19 26 17
19 27 37
19 29 3
19 32 1
19 35 54
19 38 18
19 39 51
19 40 47
19 42 42
19 43 38
19 44 11
19 49 40
19 50 19
19 54 32
19 56 24
19 57 53
19 58 31
20 0 14
20 1 34
20 2 48
20 3 58
20 5 42
20 7 53
20 10 47
20 14 22
20 18 21
20 19 31
20 20 11
20 24 5
20 27 41
20 30 57
20 31 50
20 33 24
20 34 35
20 38 29
20 41 4
20 42 52
20 47 18
20 48 43
20 50 0
20 53 9
20 55 25
20 57 54
20 59 45
21 0 7
21 3 19
21 5 16
21 6 15
21 8 12
21 10 11
21 11 43
21 12 48
21 13 32
21 14 51
21 17 47
21 20 35
21 21 41
21 22 28
21 23 58
21 25 38
21 26 30
21 27 59
21 28 53
21 29 6
21 30 31
21 31 40
21 32 0
21 33 8
21 34 34
21 36 44
21 38 54
21 39 17
21 40 23
21 44 49
21 45 20
21 47 4
21 48 56
21 50 33
21 52 22
21 53 52
21 55 36
22 1 25
22 3 45
22 5 38
22 7 14
22 10 5
22 11 46
22 12 33
22 13 36
22 17 34
22 18 0
22 20 27
22 21 9
22 23 22
22 25 13
22 28 6
22 29 41
22 35 20
22 36 16
22 39 52
22 41 55
22 45 47
22 46 12
22 56 43
22 58 17
23 0 30
23 4 54
23 7 48
23 8 40
23 10 27
23 11 49
23 13 6
23 15 16
23 16 7
23 18 13
23 21 10
23 27 11
23 29 55
23 30 15
23 32 47
23 33 23
23 35 19
23 37 53
23 41 29
23 43 5
23 45 25
23 47 22
23 48 37
23 50 56
23 51 39
23 52 9
23 58 44
24 5 29
24 7 8
24 9 2
24 11 36
24 12 52
24 13 31
24 15 51
24 17 58
24 18 56
24 19 20
24 20 55
24 22 44
24 23 10
24 24 59
24 25 35
24 27 5
24 29 37
24 30 26
24 31 28
24 38 17
24 39 1
24 41 9
24 44 32
24 46 53
24 47 7
24 48 42
24 51 22
24 52 0
24 53 12
24 55 16
24 56 25
24 58 4
25 1 26
25 4 28
25 5 49
25 6 59
25 11 18
25 12 57
25 15 37
25 16 1
25 17 39
25 18 43
25 20 46
25 21 16
25 23 32
25 24 45
25 27 25
25 28 9
25 31 58
25 32 52
25 33 41
25 34 22
25 35 4
25 37 36
25 39 33
25 42 17
25 44 20
25 45 42
25 46 51
25 47 23
25 50 6
25 53 24
25 57 7
25 58 34
26 0 23
26 1 31
26 2 4
26 3 29
26 7 37
26 8 49
26 10 36
26 12 53
26 13 39
26 17 44
26 20 14
26 24 27
26 25 9
26 27 46
26 28 25
26 30 56
26 31 21
26 32 45
26 33 12
26 36 15
26 39 11
26 40 16
26 42 55
26 43 20
26 46 52
26 54 59
26 57 19
26 58 2
26 59 26
27 4 42
27 5 17
27 9 55
27 10 4
27 12 1
27 13 38
27 16 57
27 18 50
27 21 21
27 22 2
27 25 59
27 26 56
27 27 26
27 28 19
27 30 30
27 31 36
27 32 12
27 33 6
27 34 13
27 35 8
27 36 10
27 38 52
27 39 14
27 40 11
27 44 7
27 45 28
27 47 54
27 48 41
27 50 44
27 53 5
27 58 39
27 59 25
28 0 42
28 1 5
28 2 13
28 6 36
28 8 43
28 10 1
28 12 54
28 13 21
28 14 48
28 15 14
28 18 25
28 19 57
28 24 30
28 25 18
28 26 46
28 27 27
28 30 32
28 31 34
28 35 16
28 38 24
28 39 41
28 40 44
28 43 59
28 44 8
28 45 26
28 47 6
28 48 50
28 52 2
28 53 53
28 54 9
28 55 19
28 57 52
28 58 7
29 0 6
29 3 23
29 6 4
29 8 55
29 10 17
29 15 40
29 18 44
29 19 27
29 20 29
29 21 34
29 28 0
29 29 20
29 34 50
29 36 7
29 38 46
29 43 12
29 44 9
29 46 21
29 48 15
29 50 45
29 52 32
29 56 16
29 57 25
29 58 11
30 2 21
30 3 7
30 7 18
30 9 58
30 10 10
30 12 20
30 13 33
30 16 32
30 19 1
30 20 34
30 22 31
30 25 14
30 26 24
30 27 0
30 28 42
30 31 13
30 32 15
30 34 46
30 36 4
30 39 47
30 41 45
30 44 39
30 48 12
30 50 16
30 51 44
30 54 41
30 55 48
30 56 9
30 57 55
30 58 43
31 0 48
31 4 7
31 7 4
31 8 10
31 9 8
31 10 3
31 11 40
31 13 51
31 16 33
31 18 31
31 22 1
31 24 16
31 26 54
31 27 58
31 30 45
31 32 32
31 34 38
31 36 43
31 37 9
31 38 57
31 40 5
31 41 25
31 42 39
31 45 19
31 46 46
31 47 12
31 49 17
31 50 34
31 52 21
31 53 59
31 55 20
31 56 13
31 59 30
32 0 22
32 1 6
32 2 36
32 3 10
32 5 52
32 6 58
32 8 26
32 9 5
32 16 16
32 22 9
32 24 15
32 25 53
32 26 45
32 27 7
32 28 13
32 30 29
32 31 17
32 32 48
32 35 35
32 36 18
32 38 11
32 42 28
32 44 2
32 46 49
32 47 30
32 48 19
32 51 46
32 52 3
32 56 50
32 57 31
32 58 40
33 1 24
33 11 7
33 12 5
33 13 30
33 15 34
33 16 42
33 17 59
33 18 33
33 20 54
33 21 13
33 23 43
33 25 52
33 27 57
33 28 56
33 30 10
33 34 31
33 36 1
33 37 8
33 38 58
33 40 41
33 41 49
33 42 23
33 43 14
33 45 36
33 46 45
33 47 21
33 48 51
33 51 16
33 52 4
33 55 37
33 57 46
33 59 55
34 2 38
34 3 40
34 4 53
34 5 9
34 8 52
34 11 34
34 13 48
34 15 31
34 16 41
34 17 49
34 21 55
34 22 10
34 24 56
34 28 1
34 29 30
34 31 47
34 33 44
34 36 35
34 38 27
34 39 46
34 41 58
34 43 2
34 46 14
34 48 11
34 51 37
34 52 59
34 54 33
35 0 13
35 1 56
35 2 3
35 3 36
35 5 35
35 7 49
35 10 42
35 11 25
35 12 55
35 13 2
35 14 11
35 15 33
35 17 5
35 18 53
35 19 39
35 22 46
35 23 52
35 26 43
35 27 30
35 29 8
35 31 41
35 33 15
35 34 21
35 35 9
35 36 38
35 37 45
35 38 44
35 40 26
35 42 24
35 43 18
35 44 10
35 45 34
35 48 27
35 49 58
35 50 57
35 52 16
35 53 50
35 55 14
35 57 32
35 58 47
35 59 59
36 3 21
36 5 33
36 6 0
36 9 42
36 13 18
36 15 11
36 17 20
36 18 47
36 21 44
36 22 43
36 23 45
36 24 58
36 29 31
36 30 17
36 32 9
36 33 59
36 37 23
36 39 27
36 42 36
36 46 4
36 47 39
36 48 25
36 49 46
36 54 53
36 55 3
36 56 29
36 57 56
36 58 19
37 3 49
37 4 23
37 5 10
37 6 5
37 7 35
37 9 39
37 10 45
37 11 55
37 12 12
37 15 17
37 20 1
37 22 51
37 23 24
37 24 26
37 25 25
37 33 13
37 34 56
37 36 52
37 37 32
37 38 47
37 41 33
37 42 16
37 43 43
37 45 22
37 46 7
37 47 50
37 51 54
37 53 34
37 54 30
38 4 14
38 5 21
38 8 1
38 9 49
38 10 53
38 11 33
38 15 47
38 16 23
38 17 25
38 18 40
38 20 38
38 23 41
38 24 43
38 25 39
38 26 10
38 29 48
38 36 46
38 37 18
38 39 50
38 40 37
38 43 3
38 46 44
38 47 52
38 49 59
38 50 30
38 55 51
38 56 27
38 57 2
38 58 0
39 0 18
39 2 22
39 3 13
39 5 1
39 7 50
39 10 28
39 13 15
39 15 7
39 16 24
39 17 29
39 18 23
39 20 10
39 21 11
39 22 17
39 23 55
39 24 2
39 25 6
39 26 34
39 28 41
39 29 19
39 30 54
39 35 30
39 36 21
39 37 56
39 38 35
39 42 33
39 43 36
39 51 32
39 53 16
39 54 25
39 56 0
39 57 40
39 58 49
39 59 53
40 0 47
40 1 36
40 5 12
40 6 21
40 7 22
40 8 24
40 9 51
40 10 32
40 20 50
40 23 2
40 24 37
40 31 11
40 33 3
40 34 6
40 39 54
40 40 48
40 41 39
40 43 42
40 44 15
40 45 41
40 46 25
40 47 35
40 50 23
40 51 1
40 52 55
40 54 20
40 55 27
40 57 57
40 58 9
40 59 58
41 1 13
41 2 15
41 3 48
41 5 26
41 7 47
41 10 23
41 12 34
41 17 12
41 19 18
41 20 52
41 21 38
41 22 25
41 25 58
41 29 49
41 32 51
41 34 0
41 37 2
41 38 14
41 40 54
41 41 30
41 43 41
41 46 32
41 49 20
41 51 36
41 52 8
41 55 57
41 58 1
41 59 22
42 1 46
42 2 14
42 4 18
42 5 40
42 9 53
42 10 16
42 17 24
42 19 55
42 20 37
42 22 3
42 23 28
42 26 39
42 27 52
42 28 36
42 32 29
42 37 51
42 44 25
42 48 7
42 50 32
42 52 41
42 54 26
42 58 50
43 0 59
43 2 11
43 3 57
43 4 15
43 6 42
43 10 8
43 11 52
43 13 4
43 18 38
43 21 19
43 22 23
43 25 21
43 28 33
43 30 12
43 31 27
43 32 5
43 33 1
43 37 47
43 38 41
43 39 56
43 41 48
43 44 31
43 46 24
43 50 36
43 54 10
43 57 28
43 58 18
43 59 0
44 0 36
44 3 4
44 6 57
44 9 43
44 10 51
44 11 0
44 13 29
44 14 1
44 15 42
44 17 28
44 18 24
44 20 41
44 23 8
44 24 49
44 27 2
44 29 32
44 30 22
44 31 52
44 33 21
44 41 15
44 46 5
44 47 38
44 48 59
44 51 20
44 52 17
44 54 46
44 56 19
44 58 3
45 3 16
45 4 11
45 5 34
45 6 9
45 9 37
45 10 33
45 11 54
45 14 23
45 15 55
45 17 27
45 21 51
45 22 12
45 26 19
45 32 44
45 40 50
45 41 5
45 45 18
45 49 28
45 53 58
45 57 3
45 59 47
46 1 35
46 2 41
46 5 13
46 6 19
46 9 33
46 10 40
46 13 58
46 14 36
46 16 30
46 17 31
46 19 34
46 21 3
46 22 5
46 23 44
46 24 52
46 25 49
46 28 7
46 29 42
46 33 48
46 36 22
46 37 10
46 38 32
46 40 56
46 41 2
46 43 45
46 44 51
46 46 0
46 47 15
46 48 14
46 49 26
46 50 21
46 53 39
46 55 23
46 58 24
46 59 11
47 3 2
47 4 22
47 5 44
47 6 43
47 8 29
47 14 5
47 15 27
47 16 6
47 19 35
47 20 58
47 21 18
47 22 34
47 23 51
47 25 42
47 26 36
47 27 53
47 28 32
47 30 23
47 31 59
47 34 39
47 35 48
47 38 38
47 39 16
47 41 24
47 42 47
47 43 37
47 47 13
47 48 55
47 50 1
47 51 52
47 52 15
47 53 8
47 54 49
47 56 10
47 58 20
48 0 41
48 2 59
48 7 21
48 8 51
48 9 38
48 11 19
48 12 16
48 13 37
48 16 25
48 18 10
48 21 22
48 22 30
48 24 3
48 25 40
48 27 36
48 30 35
48 31 24
48 33 4
48 34 8
48 35 14
48 36 26
48 41 6
48 44 44
48 45 55
48 48 28
48 51 50
48 52 54
48 54 52
49 3 20
49 4 9
49 5 14
49 6 55
49 7 42
49 9 46
49 13 13
49 14 16
49 16 12
49 20 30
49 21 29
49 23 34
49 27 24
49 29 47
49 30 53
49 35 10
49 36 36
49 37 44
49 38 25
49 41 31
49 42 58
49 44 3
49 48 52
49 50 41
49 52 48
49 53 38
49 54 19
49 55 26
49 59 33
50 0 34
50 2 28
50 3 37
50 4 50
50 5 59
50 7 19
50 9 7
50 10 38
50 12 56
50 13 27
50 14 10
50 15 1
50 16 22
50 17 48
50 19 36
50 20 8
50 25 31
50 28 3
50 30 41
50 33 5
50 34 18
50 36 2
50 37 15
50 39 25
50 40 14
50 41 32
50 42 12
50 43 54
50 47 20
50 50 47
50 52 53
50 53 26
50 58 30
51 0 43
51 1 18
51 2 5
51 3 44
51 7 7
51 9 12
51 11 50
51 12 58
51 14 6
51 15 52
51 17 10
51 18 11
51 19 51
51 20 26
51 21 2
51 23 42
51 25 33
51 26 3
51 28 54
51 29 38
51 32 14
51 33 36
51 35 37
51 36 28
51 41 59
51 43 15
51 44 23
51 45 32
51 46 20
51 48 17
51 49 30
51 50 35
51 51 25
51 52 46
51 53 22
51 56 34
51 59 21
52 2 16
52 5 57
52 7 5
52 8 2
52 10 22
52 13 3
52 14 59
52 15 9
52 16 43
52 17 23
52 19 48
52 20 32
52 21 58
52 22 45
52 23 11
52 24 51
52 25 26
52 26 1
52 28 14
52 29 15
52 30 20
52 32 53
52 33 29
52 34 36
52 37 28
52 39 35
52 42 44
52 44 33
52 45 40
52 54 13
52 55 24
53 1 33
53 3 32
53 6 34
53 9 30
53 12 8
53 13 20
53 15 28
53 18 26
53 19 11
53 21 25
53 23 56
53 30 6
53 31 12
53 35 21
53 36 3
53 37 43
53 40 55
53 43 57
53 45 29
53 49 4
53 50 49
53 51 5
53 54 38
53 55 31
53 56 52
53 59 18
54 2 54
54 3 38
54 4 16
54 7 10
54 8 9
54 9 25
54 10 35
54 11 31
54 15 23
54 17 41
54 21 0
54 22 59
54 23 47
54 24 12
54 27 51
54 30 50
54 31 19
54 32 39
54 33 20
54 36 11
54 41 40
54 42 49
54 43 52
54 44 56
54 46 17
54 50 55
54 51 13
54 52 28
54 53 33
54 56 57
54 57 44
54 59 2
55 0 15
55 2 34
55 5 5
55 6 13
55 7 41
55 10 20
55 12 11
55 17 32
55 21 26
55 23 38
55 24 29
55 25 8
55 26 9
55 27 18
55 30 59
55 31 3
55 32 46
55 34 16
55 36 12
55 38 7
55 41 54
55 43 23
55 44 36
55 45 6
55 48 30
55 49 1
55 50 48
55 53 57
55 55 45
55 58 51
56 0 37
56 2 56
56 3 17
56 4 25
56 7 34
56 10 50
56 14 35
56 15 58
56 16 3
56 17 33
56 18 46
56 19 41
56 20 12
56 23 15
56 28 10
56 30 52
56 31 57
56 32 26
56 35 38
56 37 54
56 38 21
56 39 36
56 41 11
56 42 20
56 44 45
56 48 31
56 50 59
56 51 27
56 53 48
56 55 39
56 56 53
56 57 47
56 58 32
57 3 28
57 4 40
57 5 45
57 6 24
57 7 52
57 12 4
57 14 34
57 15 54
57 16 55
57 17 6
57 18 1
57 19 25
57 20 19
57 21 53
57 23 59
57 24 31
57 27 32
57 30 36
57 33 18
57 39 44
57 44 35
57 45 57
57 46 33
57 47 56
57 48 46
57 49 15
57 50 13
57 52 39
57 56 42
57 57 23
57 58 29
58 0 25
58 9 26
58 10 15
58 11 51
58 14 4
58 16 2
58 19 9
58 20 59
58 24 40
58 31 38
58 32 22
58 34 7
58 35 29
58 36 33
58 37 16
58 38 48
58 39 43
58 40 35
58 43 21
58 44 55
58 50 11
58 51 58
58 53 49
58 55 42
58 56 1
58 57 5
58 58 52
59 2 47
59 3 41
59 6 8
59 7 11
59 11 44
59 12 32
59 16 20
59 17 2
59 19 49
59 21 14
59 22 56
59 23 27
59 25 5
59 26 22
59 28 18
59 29 36
59 30 38
59 31 25
59 35 50
59 36 6
59 37 48
59 39 39
59 40 30
59 43 46
59 46 57
59 50 9
59 51 28
59 54 21
59 59 7
