70
0 0 33
0 1 60
0 3 7
0 4 13
0 5 22
0 7 34
0 10 67
0 14 10
0 15 18
0 17 61
0 18 28
0 19 5
0 21 54
0 22 15
0 23 30
0 26 31
0 27 16
0 29 6
0 31 12
0 33 36
0 34 19
0 37 21
0 38 57
0 39 1
0 40 37
0 42 43
0 44 38
0 45 58
0 46 32
0 47 69
0 48 9
0 51 64
0 52 49
0 53 42
0 55 48
0 57 52
0 58 41
0 59 3
0 60 11
0 61 40
0 62 68
0 63 62
0 65 26
0 67 66
0 68 8
0 69 24
1 0 53
1 2 44
1 6 52
1 7 8
1 8 63
1 9 46
1 10 17
1 13 11
1 14 0
1 16 37
1 18 61
1 19 48
1 20 33
1 21 3
1 22 43
1 23 39
1 25 58
1 27 15
1 30 57
1 35 45
1 36 27
1 38 55
1 39 18
1 46 67
1 47 28
1 49 29
1 52 23
1 54 42
1 55 68
1 57 34
1 59 16
1 60 25
1 62 26
1 63 64
1 64 54
1 67 38
1 68 19
2 0 26
2 2 51
2 8 17
2 10 58
2 12 52
2 15 41
2 16 27
2 17 40
2 18 47
2 19 29
2 20 16
2 21 44
2 22 54
2 23 3
2 26 36
2 27 69
2 29 42
2 31 25
2 32 48
2 33 11
2 34 23
2 35 66
2 36 61
2 37 6
2 38 43
2 39 15
2 41 49
2 42 50
2 45 64
2 46 19
2 49 13
2 50 56
2 51 62
2 54 7
2 57 68
2 62 2
2 64 24
2 65 39
2 67 30
2 68 46
3 0 32
3 1 64
3 3 58
3 4 0
3 5 10
3 8 60
3 10 59
3 12 69
3 13 66
3 14 23
3 15 19
3 18 42
3 19 13
3 20 49
3 21 25
3 24 68
3 28 14
3 29 3
3 30 1
3 31 48
3 33 26
3 34 47
3 35 63
3 36 21
3 37 55
3 38 16
3 39 29
3 42 62
3 45 5
3 46 6
3 48 67
3 49 61
3 51 22
3 53 52
3 54 34
3 56 20
3 59 46
3 60 57
3 62 38
3 64 53
3 65 9
3 66 41
4 0 46
4 1 57
4 3 60
4 4 42
4 5 15
4 7 13
4 8 14
4 9 55
4 11 23
4 13 1
4 14 25
4 15 48
4 17 45
4 18 24
4 19 63
4 21 36
4 23 6
4 25 17
4 26 43
4 27 29
4 29 21
4 30 68
4 31 28
4 34 18
4 35 30
4 37 38
4 40 61
4 42 67
4 43 4
4 45 11
4 48 34
4 49 19
4 50 53
4 51 56
4 53 44
4 54 0
4 55 49
4 56 52
4 57 40
4 58 59
4 59 47
4 60 10
4 62 62
4 63 8
4 64 65
4 66 35
4 67 22
4 69 31
5 1 36
5 2 1
5 4 63
5 5 35
5 11 22
5 12 3
5 13 54
5 15 68
5 16 31
5 17 44
5 18 51
5 20 21
5 22 0
5 24 4
5 26 6
5 27 17
5 29 49
5 31 10
5 33 57
5 34 61
5 35 40
5 36 16
5 37 25
5 38 32
5 39 66
5 41 64
5 43 60
5 45 33
5 46 18
5 49 50
5 50 30
5 53 20
5 57 43
5 58 11
5 59 9
5 60 45
5 61 37
5 63 14
5 65 47
5 66 46
5 68 23
6 1 25
6 2 14
6 4 4
6 6 61
6 7 1
6 8 40
6 9 52
6 13 33
6 19 0
6 20 69
6 21 10
6 22 50
6 32 17
6 33 66
6 34 60
6 36 44
6 38 51
6 41 39
6 44 24
6 51 59
6 52 28
6 53 56
6 55 55
6 58 38
6 59 34
6 61 22
6 64 23
6 66 57
6 67 21
6 68 65
7 0 35
7 1 53
7 2 18
7 3 61
7 4 36
7 5 43
7 6 68
7 8 6
7 9 65
7 10 2
7 11 34
7 15 66
7 16 16
7 17 54
7 18 41
7 22 59
7 25 19
7 26 3
7 27 64
7 28 22
7 30 11
7 31 45
7 34 25
7 39 49
7 40 15
7 42 69
7 43 48
7 48 14
7 52 46
7 54 56
7 55 38
7 58 24
7 60 12
7 61 52
7 64 27
7 65 60
7 67 9
7 69 1
8 0 0
8 1 19
8 2 43
8 3 62
8 4 68
8 5 5
8 7 48
8 9 1
8 11 59
8 13 10
8 14 24
8 15 50
8 16 42
8 17 4
8 18 60
8 19 56
8 20 29
8 21 17
8 24 12
8 25 33
8 26 23
8 27 3
8 28 32
8 30 45
8 32 38
8 33 67
8 34 51
8 35 61
8 40 41
8 41 15
8 44 64
8 45 40
8 46 47
8 47 44
8 50 46
8 52 21
8 54 18
8 56 54
8 57 66
8 61 13
8 62 37
8 66 55
8 67 8
8 68 16
9 0 63
9 4 20
9 5 4
9 8 15
9 13 58
9 18 3
9 19 1
9 22 64
9 25 59
9 26 38
9 27 46
9 28 10
9 29 0
9 30 37
9 31 65
9 32 36
9 34 54
9 35 50
9 36 67
9 37 44
9 38 34
9 39 21
9 40 53
9 41 43
9 43 32
9 44 23
9 46 35
9 48 17
9 49 42
9 52 14
9 54 68
9 56 12
9 57 30
9 59 69
9 61 7
9 63 19
9 64 60
9 65 56
9 66 26
9 69 5
10 0 37
10 1 8
10 4 34
10 6 5
10 9 47
10 10 56
10 12 13
10 14 64
10 18 23
10 19 16
10 20 66
10 21 39
10 23 24
10 24 2
10 26 50
10 29 14
10 31 41
10 32 12
10 33 31
10 39 42
10 40 54
10 43 53
10 46 58
10 47 65
10 48 32
10 50 17
10 53 0
10 55 45
10 56 3
10 60 43
10 61 68
10 62 63
10 63 55
10 64 29
10 66 9
10 67 7
10 69 69
11 0 45
11 1 5
11 2 19
11 3 30
11 8 51
11 10 11
11 11 63
11 12 33
11 14 43
11 15 64
11 16 53
11 17 38
11 18 2
11 21 7
11 22 18
11 23 27
11 24 58
11 25 9
11 28 37
11 29 57
11 30 36
11 31 39
11 32 13
11 33 1
11 36 20
11 38 41
11 40 3
11 41 66
11 43 24
11 44 40
11 46 25
11 47 42
11 48 46
11 49 62
11 50 34
11 51 60
11 52 69
11 53 21
11 54 6
11 55 61
11 57 26
11 59 54
11 60 35
11 63 17
11 64 10
11 66 52
11 67 50
11 69 59
12 1 28
12 2 32
12 6 30
12 8 24
12 9 2
12 10 35
12 12 58
12 14 1
12 17 0
12 18 10
12 19 42
12 20 62
12 21 31
12 23 16
12 24 63
12 25 40
12 28 23
12 29 9
12 32 14
12 34 50
12 35 47
12 36 64
12 37 67
12 39 38
12 42 4
12 44 33
12 45 44
12 46 15
12 48 27
12 49 5
12 50 48
12 51 66
12 52 59
12 54 45
12 55 17
12 56 13
12 58 60
12 59 36
12 63 25
12 67 26
12 68 56
12 69 6
13 0 18
13 3 11
13 5 66
13 7 6
13 8 49
13 10 54
13 11 42
13 14 22
13 15 12
13 18 59
13 20 13
13 22 47
13 23 69
13 24 37
13 26 65
13 27 67
13 28 34
13 29 46
13 31 58
13 34 36
13 35 57
13 36 62
13 38 31
13 39 25
13 41 23
13 43 15
13 44 2
13 47 29
13 48 39
13 49 48
13 51 51
13 53 64
13 55 44
13 56 43
13 57 5
13 60 56
13 63 3
13 67 52
13 68 38
13 69 4
14 0 12
14 3 28
14 4 64
14 5 0
14 6 50
14 9 17
14 10 29
14 11 10
14 12 40
14 14 54
14 16 59
14 17 51
14 19 22
14 21 63
14 23 1
14 27 61
14 28 68
14 29 26
14 30 56
14 32 43
14 33 25
14 34 27
14 36 33
14 37 42
14 38 2
14 39 13
14 40 52
14 43 45
14 44 47
14 45 19
14 47 23
14 48 37
14 50 6
14 52 24
14 53 15
14 54 46
14 58 53
14 60 4
14 61 58
14 62 49
14 64 55
14 67 65
14 69 11
15 1 2
15 2 39
15 5 42
15 6 64
15 7 22
15 9 0
15 13 43
15 16 33
15 17 59
15 18 16
15 22 46
15 23 40
15 25 51
15 28 6
15 29 37
15 31 60
15 33 34
15 34 8
15 35 62
15 36 65
15 39 54
15 40 24
15 42 28
15 43 30
15 46 14
15 49 12
15 50 15
15 51 32
15 52 66
15 53 47
15 55 58
15 56 69
15 59 50
15 60 23
15 62 11
15 63 52
15 65 25
15 68 49
15 69 3
16 0 56
16 2 36
16 3 0
16 4 46
16 6 32
16 8 2
16 9 68
16 10 4
16 11 48
16 14 65
16 15 49
16 16 35
16 17 14
16 18 39
16 19 57
16 20 18
16 22 13
16 23 33
16 25 63
16 27 40
16 29 5
16 30 60
16 32 31
16 33 23
16 34 58
16 35 69
16 37 16
16 38 8
16 41 22
16 43 62
16 45 37
16 47 15
16 48 54
16 50 19
16 53 61
16 55 52
16 56 7
16 57 59
16 62 45
16 63 28
16 64 6
16 65 1
16 66 10
16 69 67
17 0 1
17 1 30
17 2 13
17 3 25
17 4 45
17 7 51
17 8 34
17 9 20
17 10 61
17 12 64
17 13 56
17 16 5
17 17 43
17 18 0
17 21 40
17 22 14
17 25 3
17 29 16
17 30 46
17 32 62
17 34 24
17 35 41
17 36 7
17 37 31
17 39 28
17 40 68
17 42 21
17 43 65
17 44 54
17 45 57
17 46 2
17 50 36
17 55 19
17 56 10
17 57 23
17 58 12
17 60 33
17 62 47
17 63 59
17 64 66
17 67 4
17 68 58
18 0 24
18 1 54
18 2 21
18 4 53
18 5 6
18 6 4
18 10 22
18 11 36
18 12 46
18 13 18
18 15 23
18 19 39
18 20 25
18 23 60
18 25 41
18 26 66
18 27 59
18 28 57
18 29 1
18 31 44
18 32 32
18 33 19
18 40 48
18 41 17
18 43 64
18 46 56
18 49 51
18 54 49
18 55 33
18 56 68
18 58 29
18 59 55
18 61 8
18 62 12
18 63 50
18 64 61
18 65 52
18 66 0
18 67 40
18 68 34
19 0 14
19 2 25
19 4 41
19 6 3
19 9 6
19 10 5
19 12 37
19 13 17
19 15 52
19 17 24
19 18 67
19 20 43
19 21 29
19 23 57
19 24 46
19 25 18
19 27 19
19 30 4
19 32 0
19 33 44
19 35 8
19 36 32
19 38 61
19 39 7
19 40 56
19 41 38
19 42 66
19 43 59
19 46 20
19 47 30
19 49 21
19 50 60
19 51 40
19 53 2
19 55 65
19 57 9
19 60 63
19 62 42
19 63 22
19 64 36
19 65 62
20 2 64
20 3 18
20 4 55
20 5 52
20 7 39
20 9 4
20 10 50
20 11 41
20 13 37
20 14 9
20 15 32
20 16 48
20 17 49
20 18 22
20 19 31
20 20 11
20 21 56
20 22 6
20 24 21
20 26 26
20 27 57
20 30 66
20 31 20
20 32 16
20 35 23
20 36 12
20 37 46
20 39 14
20 40 62
20 43 40
20 44 35
20 46 8
20 48 43
20 49 44
20 50 58
20 51 45
20 54 30
20 55 69
20 58 13
20 62 60
20 63 67
20 64 42
20 65 29
20 68 24
21 0 65
21 2 15
21 3 69
21 7 14
21 9 50
21 10 10
21 11 3
21 12 47
21 13 29
21 14 34
21 15 7
21 16 64
21 17 5
21 18 43
21 19 11
21 20 52
21 21 1
21 22 42
21 28 60
21 30 31
21 31 55
21 34 16
21 35 49
21 36 25
21 37 4
21 38 20
21 41 48
21 42 68
21 43 66
21 44 62
21 45 18
21 46 57
21 47 53
21 49 37
21 50 22
21 51 30
21 53 54
21 55 21
21 56 19
21 58 26
21 59 59
21 60 38
21 61 2
21 62 17
21 63 36
21 64 13
21 65 67
21 66 51
22 0 54
22 1 45
22 3 20
22 4 40
22 6 60
22 7 46
22 8 43
22 10 66
22 11 4
22 13 61
22 14 33
22 15 44
22 17 41
22 19 52
22 20 15
22 21 34
22 24 5
22 25 27
22 26 69
22 30 29
22 31 24
22 33 39
22 34 55
22 35 3
22 36 30
22 38 12
22 39 48
22 40 59
22 43 38
22 44 68
22 45 2
22 49 53
22 51 10
22 53 51
22 56 32
22 57 21
22 59 56
22 60 65
22 61 47
22 62 6
22 64 17
22 65 16
22 66 67
23 1 27
23 2 37
23 4 17
23 6 7
23 7 58
23 8 62
23 9 16
23 11 64
23 12 60
23 13 40
23 14 3
23 16 2
23 17 42
23 20 48
23 21 13
23 23 19
23 26 45
23 28 43
23 30 47
23 31 67
23 32 54
23 33 6
23 37 15
23 39 56
23 40 21
23 42 11
23 44 52
23 46 23
23 48 66
23 50 29
23 53 4
23 54 10
23 55 22
23 58 51
23 59 33
23 60 31
23 62 46
23 65 24
23 67 63
23 69 35
24 0 59
24 2 56
24 4 49
24 5 48
24 6 31
24 8 61
24 9 7
24 10 3
24 11 58
24 13 22
24 15 9
24 17 20
24 18 38
24 19 64
24 20 53
24 21 57
24 22 67
24 24 18
24 25 29
24 28 55
24 29 36
24 30 12
24 31 68
24 32 42
24 33 37
24 34 11
24 35 28
24 36 52
24 37 8
24 42 15
24 45 16
24 46 33
24 47 1
24 48 69
24 49 35
24 53 43
24 54 41
24 55 32
24 58 6
24 60 66
24 62 24
24 63 2
24 66 5
24 67 54
24 68 40
25 0 58
25 2 28
25 4 24
25 5 29
25 6 55
25 7 42
25 9 14
25 10 6
25 12 54
25 17 57
25 18 46
25 20 61
25 21 60
25 22 17
25 29 30
25 31 43
25 32 25
25 33 9
25 34 37
25 35 20
25 37 63
25 42 31
25 44 56
25 48 22
25 49 16
25 52 65
25 54 51
25 55 34
25 56 38
25 59 66
25 60 40
25 61 21
25 62 8
25 64 0
25 65 59
25 66 68
25 69 19
26 1 31
26 4 66
26 5 44
26 6 45
26 7 33
26 11 19
26 12 48
26 13 57
26 15 60
26 19 3
26 20 2
26 21 5
26 22 52
26 23 56
26 25 26
26 28 15
26 29 8
26 30 34
26 31 69
26 33 22
26 36 29
26 37 37
26 38 24
26 39 27
26 41 62
26 42 65
26 46 30
26 47 17
26 48 16
26 49 36
26 50 51
26 52 11
26 53 41
26 54 20
26 55 46
26 56 6
26 58 7
26 60 18
26 62 43
26 63 58
26 66 40
26 68 67
27 0 69
27 1 12
27 4 10
27 5 51
27 6 17
27 8 59
27 11 1
27 12 25
27 14 26
27 15 54
27 17 7
27 20 35
27 21 41
27 22 20
27 24 3
27 25 4
27 26 8
27 27 34
27 28 63
27 29 67
27 30 23
27 31 16
27 33 27
27 35 53
27 36 66
27 37 22
27 39 68
27 40 49
27 41 56
27 43 43
27 44 37
27 46 31
27 50 44
27 51 57
27 52 42
27 53 39
27 54 62
27 55 28
27 56 36
27 58 65
27 59 38
27 60 24
27 62 9
27 65 13
27 66 64
27 67 45
27 68 18
28 1 33
28 2 35
28 3 15
28 4 65
28 5 46
28 10 52
28 12 24
28 13 31
28 14 27
28 15 20
28 16 38
28 18 14
28 19 37
28 20 45
28 21 61
28 22 2
28 23 4
28 24 41
28 25 0
28 26 10
28 27 1
28 28 48
28 29 64
28 31 40
28 37 18
28 38 36
28 39 51
28 40 42
28 41 53
28 47 67
28 49 43
28 50 3
28 51 44
28 52 47
28 53 8
28 54 22
28 58 57
28 60 60
28 61 55
28 63 32
28 65 66
28 66 30
28 68 63
28 69 17
29 0 39
29 3 57
29 4 1
29 6 37
29 7 27
29 8 69
29 10 30
29 12 63
29 14 4
29 15 51
29 16 26
29 19 10
29 20 42
29 23 14
29 25 55
29 27 25
29 30 5
29 31 11
29 35 2
29 36 3
29 38 47
29 39 23
29 40 20
29 42 56
29 46 24
29 47 45
29 48 7
29 49 49
29 50 41
29 51 13
29 53 66
29 54 54
29 56 29
29 57 64
29 58 21
29 59 12
29 60 28
29 65 36
29 66 32
29 68 31
30 0 19
30 1 21
30 2 58
30 6 11
30 12 43
30 13 15
30 16 9
30 18 44
30 20 68
30 21 65
30 22 51
30 23 61
30 25 24
30 28 52
30 31 37
30 32 30
30 34 26
30 35 5
30 36 45
30 38 29
30 39 20
30 40 23
30 41 57
30 42 34
30 48 50
30 49 17
30 51 49
30 53 38
30 56 22
30 58 47
30 59 10
30 60 2
30 63 35
30 64 67
30 66 28
30 67 46
30 68 48
31 0 6
31 1 11
31 2 67
31 3 27
31 6 38
31 7 63
31 10 14
31 11 35
31 12 31
31 13 24
31 14 37
31 15 0
31 17 3
31 19 21
31 20 65
31 21 50
31 24 64
31 29 4
31 30 69
31 32 51
31 38 7
31 39 36
31 42 53
31 43 49
31 44 12
31 49 32
31 53 22
31 54 5
31 55 43
31 56 16
31 58 40
31 65 45
31 66 62
31 68 54
32 0 5
32 4 3
32 6 28
32 10 53
32 11 30
32 13 44
32 15 17
32 16 46
32 18 9
32 19 15
32 20 64
32 21 33
32 22 41
32 23 67
32 24 34
32 25 42
32 28 26
32 29 12
32 30 0
32 31 13
32 34 62
32 36 39
32 42 19
32 44 14
32 45 43
32 47 55
32 49 58
32 50 49
32 51 23
32 52 54
32 53 57
32 54 16
32 57 63
32 58 27
32 60 36
32 62 25
32 63 11
32 67 51
32 68 59
33 0 27
33 2 60
33 3 22
33 6 44
33 7 2
33 9 48
33 11 66
33 12 10
33 14 52
33 15 59
33 17 11
33 18 57
33 21 69
33 22 49
33 23 50
33 24 29
33 27 62
33 28 30
33 29 39
33 31 5
33 32 8
33 34 42
33 37 54
33 38 33
33 40 12
33 43 31
33 44 6
33 45 47
33 46 68
33 47 38
33 48 20
33 49 46
33 50 23
33 51 19
33 52 17
33 53 45
33 55 24
33 56 9
33 57 1
33 58 37
33 59 4
33 62 28
33 63 26
33 64 18
33 65 0
33 67 55
34 1 15
34 4 30
34 5 61
34 7 31
34 10 41
34 11 16
34 12 34
34 13 28
34 15 56
34 17 48
34 18 29
34 19 46
34 20 22
34 22 40
34 23 62
34 24 52
34 25 67
34 26 11
34 27 20
34 31 26
34 32 23
34 34 7
34 35 54
34 37 1
34 38 4
34 39 60
34 40 8
34 41 32
34 42 24
34 44 10
34 45 36
34 46 64
34 47 63
34 48 55
34 49 66
34 52 37
34 56 14
34 59 45
34 60 27
34 61 9
34 62 19
34 64 35
34 65 65
34 66 44
34 69 42
35 0 60
35 1 1
35 2 42
35 3 35
35 4 67
35 6 21
35 9 12
35 10 62
35 11 15
35 14 41
35 15 6
35 16 25
35 18 68
35 21 19
35 23 5
35 24 43
35 28 18
35 29 17
35 30 38
35 31 8
35 34 14
35 35 9
35 36 56
35 39 10
35 40 64
35 41 44
35 43 46
35 44 30
35 45 13
35 46 61
35 48 33
35 49 2
35 51 7
35 57 32
35 60 55
35 63 51
35 64 57
35 65 27
35 66 31
35 69 20
36 1 42
36 3 44
36 9 38
36 11 24
36 13 41
36 14 62
36 16 4
36 18 17
36 20 57
36 21 23
36 24 15
36 25 32
36 26 1
36 27 48
36 28 35
36 30 25
36 31 27
36 35 52
36 37 56
36 39 37
36 41 10
36 42 60
36 43 16
36 46 29
36 48 6
36 50 33
36 51 43
36 52 45
36 54 11
36 59 7
36 62 64
36 64 20
36 66 69
36 69 9
37 0 3
37 1 58
37 4 11
37 7 64
37 8 4
37 12 7
37 14 6
37 15 15
37 16 57
37 17 29
37 18 30
37 20 1
37 21 62
37 22 9
37 23 53
37 24 19
37 25 44
37 27 41
37 29 24
37 31 52
37 32 45
37 33 21
37 34 40
37 35 42
37 36 14
37 37 13
37 38 63
37 39 46
37 40 36
37 41 68
37 42 47
37 43 10
37 44 66
37 48 23
37 49 60
37 52 31
37 54 38
37 55 37
37 57 48
37 58 49
37 59 67
37 60 61
37 62 20
37 65 22
37 66 34
37 68 27
37 69 25
38 0 15
38 4 21
38 6 23
38 7 36
38 8 37
38 9 18
38 10 64
38 11 29
38 12 68
38 13 13
38 14 51
38 15 14
38 16 61
38 18 1
38 19 27
38 20 19
38 22 56
38 25 11
38 27 32
38 28 49
38 29 50
38 30 9
38 32 58
38 34 33
38 35 59
38 37 12
38 39 5
38 43 20
38 44 53
38 48 10
38 50 25
38 51 35
38 52 48
38 54 24
38 56 47
38 57 39
38 58 69
38 59 22
38 60 62
38 61 57
38 62 3
38 63 38
38 64 46
38 65 43
38 67 34
38 68 44
39 0 22
39 1 7
39 3 24
39 4 38
39 6 63
39 7 52
39 10 8
39 13 45
39 14 66
39 15 53
39 18 69
39 19 14
39 21 9
39 23 68
39 24 56
39 25 12
39 26 58
39 29 55
39 30 2
39 33 65
39 34 4
39 39 35
39 40 19
39 41 1
39 42 49
39 43 47
39 44 3
39 48 26
39 49 40
39 51 15
39 52 51
39 55 64
39 56 50
39 57 41
39 60 20
39 63 60
39 66 27
39 67 33
39 69 54
40 0 36
40 1 63
40 3 33
40 4 52
40 7 41
40 8 39
40 10 20
40 11 50
40 12 45
40 15 30
40 17 64
40 18 8
40 19 40
40 20 37
40 21 14
40 23 23
40 24 51
40 25 47
40 26 16
40 27 55
40 30 15
40 31 31
40 33 53
40 34 43
40 37 57
40 38 42
40 41 6
40 42 48
40 43 12
40 44 29
40 45 66
40 48 1
40 50 32
40 51 9
40 53 46
40 54 21
40 56 59
40 58 61
40 60 49
40 61 34
40 64 26
40 67 28
40 68 35
41 0 50
41 1 18
41 2 33
41 3 55
41 4 44
41 9 26
41 10 69
41 11 14
41 12 66
41 16 30
41 17 34
41 18 56
41 19 35
41 21 8
41 22 25
41 23 45
41 24 23
41 25 52
41 26 57
41 29 65
41 30 21
41 31 4
41 33 29
41 34 13
41 35 46
41 36 53
41 42 63
41 43 11
41 44 48
41 47 59
41 52 32
41 53 67
41 54 47
41 55 2
41 56 24
41 57 60
41 58 43
41 59 15
41 61 5
41 62 31
41 64 3
41 65 58
41 67 39
41 69 36
42 3 52
42 4 12
42 5 17
42 6 27
42 7 67
42 8 8
42 10 26
42 15 58
42 16 36
42 17 30
42 19 23
42 20 14
42 21 2
42 23 64
42 25 53
42 26 25
42 27 37
42 29 54
42 30 7
42 31 38
42 32 39
42 33 48
42 34 1
42 36 43
42 37 5
42 39 57
42 40 13
42 41 63
42 44 50
42 45 22
42 47 9
42 48 0
42 49 31
42 50 16
42 51 29
42 60 44
42 61 24
42 62 15
42 64 45
42 65 46
42 68 51
43 0 8
43 1 68
43 2 22
43 3 9
43 5 7
43 6 33
43 7 15
43 9 31
43 10 25
43 11 55
43 13 2
43 15 35
43 16 67
43 18 58
43 19 24
43 21 52
43 24 38
43 25 23
43 27 10
43 28 61
43 31 1
43 32 20
43 34 46
43 35 21
43 36 57
43 39 59
43 40 11
43 41 30
43 42 45
43 45 26
43 47 0
43 49 56
43 50 64
43 52 16
43 54 4
43 56 28
43 57 6
43 61 60
43 63 27
43 65 48
43 67 14
43 68 62
44 0 41
44 3 8
44 4 33
44 5 49
44 6 43
44 7 21
44 8 46
44 9 53
44 13 38
44 14 16
44 15 10
44 17 6
44 22 65
44 27 7
44 30 17
44 31 22
44 33 68
44 34 29
44 35 1
44 36 55
44 37 61
44 38 19
44 39 47
44 40 27
44 41 13
44 44 32
44 45 52
44 46 34
44 47 56
44 49 14
44 50 66
44 51 42
44 52 12
44 53 50
44 55 23
44 57 3
44 59 40
44 60 37
44 61 54
44 62 18
44 66 48
44 67 69
44 69 58
45 0 51
45 3 47
45 4 27
45 6 58
45 7 12
45 8 33
45 9 23
45 12 39
45 13 26
45 14 19
45 16 32
45 17 36
45 19 61
45 20 17
45 21 38
45 22 21
45 24 1
45 26 28
45 27 14
45 29 66
45 33 54
45 34 30
45 39 67
45 41 3
45 42 37
45 44 69
45 46 62
45 47 48
45 49 64
45 51 4
45 55 40
45 58 55
45 60 42
45 61 63
45 64 2
45 65 35
45 68 5
45 69 52
46 0 44
46 1 14
46 3 6
46 4 37
46 6 67
46 7 7
46 8 55
46 9 22
46 11 25
46 12 11
46 16 66
46 18 21
46 21 15
46 22 28
46 24 54
46 25 5
46 27 36
46 30 26
46 32 1
46 33 64
46 34 63
46 35 17
46 36 24
46 39 45
46 41 19
46 43 34
46 44 61
46 45 12
46 48 18
46 49 41
46 51 20
46 54 52
46 55 39
46 56 8
46 57 58
46 58 56
46 60 47
46 64 9
46 65 51
46 66 59
47 0 25
47 1 69
47 3 51
47 7 61
47 9 42
47 11 46
47 12 38
47 13 64
47 14 17
47 15 31
47 16 10
47 17 13
47 20 8
47 22 29
47 23 22
47 24 59
47 25 28
47 27 44
47 28 3
47 29 27
47 32 68
47 33 58
47 35 43
47 36 23
47 37 49
47 38 56
47 39 63
47 40 66
47 41 37
47 43 50
47 44 57
47 46 60
47 48 62
47 49 9
47 51 12
47 52 67
47 54 65
47 55 36
47 56 18
47 60 1
47 61 16
47 62 48
47 63 7
47 64 5
47 66 53
47 67 24
47 68 32
47 69 26
48 0 57
48 2 69
48 3 10
48 4 47
48 6 66
48 7 32
48 8 52
48 9 56
48 10 7
48 11 31
48 12 42
48 16 13
48 17 19
48 19 41
48 21 55
48 22 58
48 25 25
48 26 64
48 28 40
48 30 14
48 32 29
48 34 45
48 35 37
48 36 36
48 38 17
48 41 46
48 42 27
48 43 67
48 46 48
48 49 68
48 50 2
48 54 53
48 55 54
48 56 21
48 57 22
48 58 5
48 59 6
48 62 50
48 63 63
48 64 34
48 65 33
48 66 20
48 67 35
48 68 61
49 0 13
49 2 34
49 3 4
49 5 8
49 7 16
49 8 54
49 9 51
49 10 9
49 12 41
49 14 32
49 15 21
49 16 47
49 17 52
49 21 67
49 23 58
49 28 56
49 30 28
49 32 69
49 33 5
49 34 20
49 38 65
49 41 12
49 42 36
49 43 35
49 45 48
49 46 43
49 50 68
49 53 19
49 54 66
49 55 14
49 57 38
49 58 44
49 59 53
49 61 18
49 62 22
49 64 62
49 65 42
49 67 57
49 68 17
49 69 49
50 3 65
50 5 54
50 8 57
50 10 51
50 11 9
50 13 42
50 14 8
50 15 24
50 19 59
50 20 36
50 22 16
50 23 37
50 24 27
50 28 39
50 29 19
50 30 53
50 32 44
50 33 55
50 35 56
50 36 46
50 37 43
50 39 52
50 40 7
50 41 26
50 42 3
50 44 0
50 45 31
50 46 63
50 50 12
50 51 1
50 52 5
50 54 69
50 55 62
50 56 61
50 57 4
50 59 60
50 61 38
50 62 32
50 63 66
50 64 33
50 65 6
50 66 47
50 67 17
50 68 41
50 69 18
51 0 17
51 1 51
51 5 58
51 8 66
51 9 19
51 12 30
51 13 7
51 16 56
51 17 55
51 18 20
51 20 12
51 22 62
51 24 11
51 25 38
51 26 53
51 27 60
51 28 0
51 29 32
51 30 52
51 31 23
51 32 63
51 34 48
51 36 10
51 40 50
51 43 42
51 44 21
51 45 49
51 46 44
51 47 27
51 51 2
51 52 57
51 54 8
51 57 16
51 60 39
51 64 1
51 65 64
51 66 24
52 3 14
52 4 54
52 5 57
52 6 16
52 7 23
52 8 28
52 10 32
52 12 27
52 14 11
52 16 20
52 18 53
52 20 9
52 21 45
52 22 37
52 23 66
52 24 61
52 25 8
52 26 60
52 29 58
52 30 48
52 32 40
52 33 4
52 34 56
52 36 35
52 38 46
52 39 12
52 40 34
52 41 36
52 45 24
52 47 13
52 48 3
52 51 25
52 52 19
52 53 1
52 56 44
52 58 42
52 59 68
52 60 52
52 61 33
52 62 55
52 63 65
52 66 43
52 67 10
52 68 6
52 69 64
53 1 4
53 2 7
53 4 5
53 5 39
53 7 47
53 8 25
53 11 61
53 12 20
53 14 28
53 16 21
53 18 66
53 19 12
53 20 51
53 23 49
53 25 6
53 28 65
53 29 13
53 30 32
53 32 3
53 36 60
53 37 45
53 38 11
53 39 53
53 40 46
53 41 16
53 46 36
53 47 40
53 48 48
53 50 24
53 51 14
53 52 52
53 53 37
53 54 26
53 55 59
53 56 62
53 57 17
53 58 2
53 60 29
53 61 64
53 63 57
53 64 56
53 65 31
53 66 8
53 68 69
53 69 27
54 1 20
54 2 59
54 4 60
54 5 37
54 7 66
54 10 28
54 11 51
54 12 23
54 16 41
54 17 1
54 19 43
54 20 30
54 22 32
54 23 48
54 26 52
54 28 42
54 29 45
54 30 3
54 32 18
54 35 0
54 39 64
54 40 58
54 42 10
54 48 65
54 51 50
54 52 53
54 53 69
54 55 27
54 56 17
54 57 46
54 58 4
54 59 24
54 60 21
54 61 26
54 62 61
54 63 15
54 65 8
54 66 29
54 67 2
54 69 63
55 0 48
55 1 6
55 2 68
55 6 47
55 12 56
55 13 55
55 14 15
55 19 32
55 22 45
55 23 63
55 25 69
55 27 2
55 31 14
55 32 11
55 34 57
55 37 58
55 38 5
55 40 17
55 41 20
55 42 46
55 43 61
55 44 60
55 45 42
55 47 25
55 48 31
55 50 43
55 52 41
55 53 59
55 54 64
55 59 51
55 61 29
55 62 65
55 67 67
56 0 61
56 7 24
56 9 36
56 12 65
56 13 12
56 15 63
56 16 22
56 22 44
56 23 17
56 24 16
56 26 37
56 27 26
56 28 45
56 29 52
56 32 46
56 33 33
56 37 3
56 38 53
56 39 9
56 40 1
56 41 34
56 42 18
56 43 19
56 46 42
56 47 32
56 48 15
56 49 25
56 50 62
56 51 58
56 52 20
56 58 67
56 60 30
56 61 27
56 62 54
56 63 47
56 65 23
56 67 31
56 69 21
57 1 59
57 5 34
57 6 42
57 8 31
57 9 66
57 12 15
57 13 19
57 14 50
57 15 67
57 16 14
57 17 27
57 18 48
57 22 61
57 24 33
57 25 62
57 27 24
57 28 25
57 29 43
57 30 49
57 31 30
57 35 60
57 37 69
57 38 45
57 39 44
57 40 5
57 41 35
57 42 22
57 43 36
57 44 55
57 46 41
57 48 57
57 51 39
57 53 63
57 55 26
57 56 2
57 57 56
57 58 58
57 61 20
57 62 53
57 63 6
57 64 64
57 66 21
57 67 11
57 68 37
57 69 51
58 2 23
58 3 39
58 4 28
58 5 41
58 6 1
58 8 18
58 9 58
58 12 19
58 13 48
58 15 37
58 16 8
58 17 66
58 18 12
58 19 53
58 21 11
58 22 55
58 23 38
58 24 69
58 26 2
58 29 51
58 30 30
58 33 49
58 34 64
58 35 4
58 36 13
58 37 0
58 38 67
58 39 62
58 40 16
58 41 33
58 42 20
58 49 52
58 53 32
58 54 3
58 55 10
58 56 56
58 57 50
58 59 65
58 60 7
58 62 40
58 64 15
58 67 47
58 68 25
59 1 56
59 3 42
59 5 69
59 6 48
59 12 8
59 14 30
59 15 1
59 16 65
59 17 53
59 19 51
59 21 37
59 22 36
59 23 10
59 24 0
59 25 57
59 26 62
59 27 43
59 29 38
59 30 58
59 31 46
59 32 33
59 33 32
59 39 55
59 42 2
59 44 44
59 45 17
59 48 59
59 49 3
59 50 27
59 52 64
59 53 16
59 56 49
59 59 25
59 60 13
59 63 23
59 64 52
59 65 19
59 66 50
59 68 22
59 69 41
60 1 29
60 2 61
60 3 45
60 4 35
60 5 53
60 11 13
60 15 38
60 17 12
60 18 18
60 19 66
60 20 24
60 22 7
60 23 15
60 24 60
60 25 50
60 26 47
60 27 21
60 30 19
60 31 3
60 32 27
60 33 46
60 34 39
60 35 31
60 36 54
60 37 68
60 41 25
60 42 57
60 43 69
60 44 11
60 45 8
60 47 5
60 49 0
60 50 42
60 51 41
60 53 49
60 54 48
60 55 16
60 57 14
60 59 52
60 60 22
60 66 36
60 67 37
60 68 10
60 69 43
61 0 30
61 3 37
61 5 38
61 7 26
61 8 48
61 10 46
61 12 55
61 13 0
61 16 3
61 18 45
61 19 34
61 20 7
61 21 6
61 22 11
61 23 21
61 24 20
61 27 49
61 28 62
61 29 25
61 32 50
61 34 32
61 35 19
61 37 66
61 38 64
61 39 41
61 40 2
61 41 42
61 42 29
61 46 59
61 48 36
61 49 65
61 50 5
61 52 43
61 53 58
61 55 56
61 57 57
61 58 63
61 60 69
61 62 44
61 63 33
61 64 31
61 66 14
61 67 23
61 68 4
61 69 68
62 0 40
62 4 58
62 6 35
62 8 12
62 10 47
62 11 65
62 15 62
62 17 9
62 18 25
62 19 54
62 20 60
62 22 53
62 23 18
62 24 17
62 25 66
62 26 48
62 27 63
62 28 64
62 29 41
62 32 21
62 33 14
62 34 49
62 35 32
62 36 51
62 37 24
62 40 67
62 41 31
62 44 59
62 46 10
62 47 11
62 48 4
62 50 52
62 51 16
62 52 2
62 53 3
62 54 43
62 55 20
62 56 55
62 57 69
62 58 46
62 62 30
62 63 44
62 64 37
62 65 50
62 66 22
62 67 15
62 69 23
63 1 37
63 3 38
63 4 31
63 5 45
63 7 53
63 8 47
63 9 29
63 10 49
63 11 69
63 12 16
63 14 56
63 18 54
63 20 5
63 21 4
63 23 55
63 24 26
63 25 15
63 26 30
63 27 33
63 28 24
63 31 64
63 32 67
63 33 52
63 34 6
63 35 36
63 36 18
63 38 22
63 41 65
63 42 42
63 43 63
63 44 27
63 46 39
63 47 3
63 48 51
63 49 1
63 50 61
63 52 10
63 54 23
63 55 57
63 58 25
63 59 28
63 60 59
63 61 12
63 64 43
63 66 11
63 67 20
63 69 2
64 3 19
64 5 30
64 6 54
64 8 23
64 9 32
64 10 27
64 12 67
64 15 28
64 16 12
64 18 63
64 19 68
64 20 58
64 22 5
64 23 34
64 25 61
64 26 46
64 27 38
64 30 40
64 31 62
64 32 15
64 34 0
64 35 29
64 38 59
64 39 43
64 41 55
64 43 3
64 44 25
64 47 33
64 48 8
64 49 10
64 50 20
64 51 11
64 52 4
64 53 24
64 56 37
64 57 49
64 58 36
64 59 17
64 61 50
64 63 45
64 65 69
64 66 56
64 67 53
64 68 39
65 0 16
65 2 52
65 3 66
65 5 2
65 6 46
65 7 19
65 8 67
65 9 10
65 13 36
65 14 57
65 19 33
65 20 6
65 21 49
65 22 3
65 23 44
65 25 60
65 26 34
65 27 53
65 28 12
65 30 27
65 31 56
65 34 28
65 35 24
65 38 26
65 39 0
65 40 4
65 41 58
65 42 30
65 44 63
65 45 21
65 46 11
65 47 54
65 48 42
65 53 68
65 54 14
65 57 25
65 58 18
65 59 64
65 61 62
65 62 59
65 64 40
65 65 37
66 1 0
66 2 41
66 5 32
66 6 26
66 7 3
66 8 50
66 9 11
66 10 65
66 13 9
66 17 33
66 21 59
66 22 8
66 23 46
66 24 45
66 25 37
66 26 15
66 27 28
66 28 67
66 29 61
66 30 24
66 31 34
66 32 66
66 34 22
66 35 58
66 36 40
66 37 19
66 38 21
66 40 38
66 43 1
66 44 5
66 47 57
66 48 35
66 49 20
66 53 12
66 55 63
66 56 42
66 57 13
66 59 2
66 61 25
66 62 10
66 63 56
66 64 16
66 65 53
66 66 23
66 68 60
66 69 30
67 2 4
67 3 26
67 5 67
67 6 49
67 7 56
67 10 68
67 11 38
67 12 36
67 13 65
67 15 39
67 16 34
67 17 15
67 18 37
67 20 23
67 24 30
67 29 35
67 31 47
67 32 41
67 34 69
67 35 51
67 36 8
67 37 29
67 38 48
67 40 9
67 41 27
67 42 55
67 43 22
67 44 17
67 45 3
67 47 58
67 48 45
67 49 59
67 51 6
67 52 7
67 53 62
67 54 19
67 55 31
67 56 11
67 57 42
67 58 0
67 62 52
67 63 12
67 65 57
67 66 25
67 68 20
68 1 47
68 3 49
68 4 19
68 6 59
68 9 25
68 10 60
68 11 32
68 12 14
68 13 4
68 15 45
68 16 18
68 17 37
68 18 36
68 19 62
68 20 67
68 24 66
68 25 22
68 26 17
68 27 39
68 28 13
68 29 33
68 32 56
68 33 61
68 34 12
68 35 27
68 38 44
68 40 51
68 41 54
68 42 6
68 43 58
68 45 34
68 49 23
68 50 10
68 51 63
68 54 2
68 56 64
68 57 28
68 58 31
68 59 1
68 62 0
68 64 69
68 65 30
68 66 3
68 67 43
68 68 15
69 0 47
69 1 17
69 4 8
69 5 23
69 6 6
69 9 61
69 10 0
69 14 20
69 15 22
69 18 33
69 20 26
69 22 35
69 23 43
69 24 44
69 25 64
69 27 12
69 29 28
69 30 55
69 33 45
69 34 41
69 36 63
69 37 34
69 38 66
69 39 11
69 41 60
69 43 5
69 45 46
69 47 51
69 48 25
69 50 21
69 51 3
69 53 30
69 55 53
69 58 50
69 59 13
69 60 48
69 62 36
69 63 31
69 64 68
69 67 19
69 68 52
69 69 56
