70
0 1 66
0 2 15
0 3 68
0 4 43
0 5 12
0 6 50
0 7 29
0 9 62
0 10 0
0 11 54
0 12 13
0 13 52
0 14 30
0 17 58
0 18 3
0 19 27
0 22 32
0 23 49
0 24 6
0 25 31
0 26 19
0 29 38
0 30 34
0 31 46
0 32 56
0 33 21
0 35 69
0 37 16
0 38 39
0 42 8
0 43 11
0 44 42
0 46 36
0 47 45
0 48 5
0 49 33
0 51 40
0 53 64
0 55 67
0 56 1
0 57 60
0 59 26
0 60 7
0 61 23
0 62 20
0 64 2
0 65 59
0 66 65
0 67 37
1 0 37
1 2 28
1 4 42
1 5 48
1 7 6
1 9 44
1 10 11
1 11 8
1 12 54
1 13 27
1 16 22
1 18 46
1 19 38
1 20 32
1 21 51
1 22 16
1 25 12
1 26 13
1 28 3
1 29 25
1 31 35
1 32 49
1 34 19
1 36 0
1 37 40
1 38 1
1 39 41
1 41 66
1 42 21
1 43 61
1 45 29
1 46 53
1 47 36
1 48 57
1 52 33
1 54 69
1 55 31
1 56 14
1 60 30
1 62 5
1 64 10
1 65 34
1 66 4
1 67 26
1 68 23
1 69 20
2 0 55
2 2 34
2 4 66
2 5 2
2 6 1
2 7 11
2 8 7
2 9 40
2 11 18
2 14 31
2 15 46
2 16 51
2 17 16
2 18 61
2 20 21
2 22 42
2 23 41
2 24 22
2 27 60
2 29 23
2 31 5
2 32 50
2 33 10
2 34 49
2 35 29
2 36 33
2 38 45
2 39 48
2 40 25
2 41 56
2 42 63
2 43 14
2 45 44
2 46 67
2 47 13
2 48 30
2 49 58
2 50 12
2 51 69
2 52 52
2 54 53
2 56 15
2 59 3
2 61 20
2 63 62
2 64 38
2 65 9
2 66 68
2 67 64
2 68 19
2 69 6
3 0 54
3 1 59
3 2 55
3 4 69
3 5 18
3 6 61
3 7 51
3 8 62
3 9 43
3 10 12
3 11 37
3 12 46
3 13 16
3 15 65
3 17 31
3 19 10
3 20 41
3 21 17
3 22 66
3 23 19
3 24 34
3 27 35
3 28 20
3 30 11
3 31 67
3 34 68
3 35 57
3 36 14
3 37 29
3 38 32
3 40 53
3 41 64
3 42 24
3 43 3
3 44 8
3 45 33
3 47 44
3 49 21
3 51 38
3 56 6
3 57 1
3 58 63
3 59 0
3 60 27
3 62 40
3 64 26
3 65 13
3 66 25
3 68 56
3 69 45
4 0 4
4 1 13
4 2 64
4 5 43
4 6 48
4 7 45
4 8 40
4 9 9
4 10 22
4 11 69
4 12 15
4 15 66
4 16 0
4 17 36
4 18 50
4 19 68
4 20 60
4 21 28
4 24 38
4 25 61
4 26 12
4 28 18
4 31 6
4 33 35
4 34 41
4 39 67
4 40 57
4 41 29
4 42 52
4 43 49
4 45 8
4 49 31
4 50 42
4 51 19
4 54 16
4 55 56
4 56 10
4 57 39
4 58 23
4 60 44
4 61 51
4 62 62
4 63 34
4 64 37
4 65 2
4 66 11
4 67 17
4 68 7
4 69 55
5 0 44
5 2 38
5 4 6
5 5 30
5 7 28
5 8 65
5 9 69
5 10 43
5 11 68
5 12 58
5 13 3
5 14 13
5 17 41
5 18 16
5 19 5
5 20 61
5 22 48
5 24 40
5 25 2
5 26 26
5 27 11
5 28 37
5 29 50
5 30 14
5 32 34
5 33 23
5 34 64
5 35 24
5 36 45
5 37 1
5 38 49
5 39 62
5 40 36
5 41 20
5 42 46
5 43 47
5 44 12
5 45 10
5 46 8
5 47 4
5 48 22
5 50 60
5 51 29
5 52 18
5 54 15
5 55 59
5 57 25
5 58 31
5 59 17
5 62 27
5 63 35
5 64 7
5 66 53
5 68 63
6 1 49
6 5 58
6 6 64
6 9 31
6 11 48
6 12 2
6 13 4
6 15 9
6 17 20
6 19 22
6 20 57
6 21 54
6 22 39
6 23 1
6 24 63
6 25 68
6 26 47
6 27 32
6 28 56
6 30 25
6 31 55
6 32 43
6 35 27
6 37 26
6 38 40
6 40 62
6 41 50
6 42 11
6 44 10
6 46 42
6 47 29
6 48 61
6 50 33
6 51 46
6 52 24
6 53 38
6 55 66
6 57 6
6 59 69
6 61 34
6 62 37
6 63 28
6 64 53
6 65 44
6 67 60
6 68 14
6 69 30
7 0 8
7 1 54
7 2 48
7 3 64
7 4 34
7 6 52
7 9 18
7 10 29
7 11 61
7 12 36
7 14 37
7 16 21
7 17 59
7 18 49
7 19 40
7 20 58
7 21 57
7 22 65
7 24 3
7 25 4
7 27 44
7 28 1
7 30 5
7 31 42
7 32 41
7 33 2
7 36 56
7 37 15
7 39 60
7 41 6
7 43 12
7 45 7
7 46 26
7 48 63
7 49 46
7 50 9
7 51 17
7 52 50
7 56 68
7 57 30
7 58 62
7 64 32
7 65 10
7 67 11
7 68 69
8 0 39
8 1 69
8 3 14
8 6 66
8 12 12
8 13 29
8 14 4
8 16 43
8 17 44
8 18 33
8 19 61
8 20 48
8 22 50
8 23 2
8 24 31
8 26 56
8 27 34
8 28 6
8 29 41
8 30 24
8 31 47
8 34 67
8 35 7
8 37 35
8 39 49
8 42 59
8 43 65
8 46 3
8 48 37
8 50 22
8 52 36
8 53 16
8 55 57
8 57 11
8 58 64
8 59 54
8 62 63
8 63 18
8 64 28
8 68 52
8 69 62
9 0 29
9 1 60
9 5 27
9 7 59
9 8 30
9 9 53
9 10 39
9 11 47
9 13 64
9 14 2
9 15 17
9 16 25
9 18 0
9 19 34
9 20 69
9 21 46
9 23 3
9 25 19
9 26 22
9 27 56
9 29 35
9 30 40
9 32 55
9 34 42
9 37 45
9 38 24
9 40 20
9 42 31
9 43 48
9 45 67
9 47 38
9 48 8
9 51 54
9 52 58
9 55 14
9 58 68
9 59 65
9 60 23
9 61 5
9 65 16
9 68 12
9 69 52
10 0 32
10 2 36
10 4 16
10 7 69
10 12 35
10 13 48
10 14 39
10 15 33
10 18 55
10 22 61
10 23 50
10 24 45
10 25 64
10 26 31
10 28 62
10 29 15
10 30 21
10 35 60
10 36 4
10 37 7
10 38 5
10 39 40
10 40 2
10 41 24
10 42 19
10 45 25
10 47 10
10 48 0
10 49 29
10 50 23
10 52 44
10 53 3
10 55 22
10 57 54
10 58 1
10 59 41
10 60 17
10 61 38
10 62 49
10 64 65
10 65 14
10 66 59
10 67 66
10 68 42
11 1 44
11 3 40
11 6 20
11 8 0
11 10 28
11 12 45
11 15 69
11 16 59
11 17 5
11 19 2
11 20 10
11 23 6
11 24 26
11 27 41
11 28 55
11 29 22
11 30 54
11 31 4
11 32 47
11 35 9
11 37 3
11 41 25
11 43 16
11 44 64
11 46 21
11 48 39
11 50 52
11 52 29
11 53 14
11 54 31
11 56 53
11 57 13
11 61 50
11 63 19
11 64 60
11 65 48
11 66 51
11 67 63
11 69 61
12 0 41
12 3 67
12 5 60
12 7 66
12 8 31
12 9 39
12 10 27
12 11 29
12 12 59
12 14 14
12 16 11
12 17 64
12 18 30
12 19 28
12 23 10
12 24 49
12 26 40
12 27 63
12 28 50
12 29 34
12 30 55
12 31 18
12 32 15
12 34 2
12 35 6
12 37 25
12 38 52
12 39 4
12 40 3
12 41 57
12 42 38
12 43 13
12 45 62
12 46 17
12 47 61
12 48 45
12 49 69
12 50 43
12 51 8
12 53 0
12 54 12
12 57 47
12 59 42
12 60 56
12 62 44
12 63 65
12 64 5
12 65 68
12 66 46
12 67 23
13 0 0
13 1 52
13 2 8
13 3 34
13 4 25
13 5 32
13 6 62
13 7 22
13 9 27
13 10 6
13 11 23
13 13 36
13 14 51
13 15 2
13 16 45
13 17 14
13 19 60
13 20 40
13 21 41
13 24 15
13 26 39
13 28 12
13 29 69
13 31 65
13 34 16
13 35 21
13 36 17
13 38 56
13 40 7
13 41 10
13 42 37
13 43 68
13 45 3
13 48 43
13 50 11
13 51 48
13 55 4
13 56 66
13 60 49
13 63 38
13 64 30
13 65 18
13 66 58
13 67 44
14 0 36
14 3 60
14 5 14
14 6 59
14 7 56
14 9 2
14 12 26
14 13 34
14 14 10
14 15 15
14 17 9
14 18 52
14 19 64
14 20 5
14 23 45
14 25 13
14 26 44
14 27 21
14 29 16
14 30 0
14 33 63
14 34 6
14 35 22
14 36 19
14 37 54
14 38 37
14 39 51
14 40 58
14 41 12
14 42 62
14 45 32
14 46 40
14 47 39
14 48 69
14 49 8
14 51 50
14 52 66
14 54 48
14 58 53
14 59 24
14 60 38
14 61 41
14 62 1
14 63 46
14 64 11
14 65 43
14 67 65
14 68 27
14 69 47
15 0 35
15 1 56
15 2 9
15 5 31
15 6 11
15 7 64
15 8 37
15 10 63
15 11 58
15 12 42
15 15 4
15 16 68
15 18 22
15 19 29
15 20 19
15 21 32
15 22 44
15 24 66
15 25 50
15 26 8
15 27 14
15 28 26
15 30 27
15 31 17
15 32 65
15 33 13
15 35 40
15 36 47
15 37 41
15 38 28
15 39 5
15 40 30
15 41 33
15 42 2
15 43 46
15 45 53
15 46 48
15 47 23
15 48 52
15 49 57
15 51 3
15 52 6
15 53 24
15 54 38
15 55 1
15 56 49
15 57 55
15 58 25
15 59 36
15 60 51
15 61 59
15 62 67
15 63 39
15 64 16
15 66 15
15 67 10
15 69 18
16 0 31
16 2 30
16 3 36
16 4 53
16 5 69
16 7 14
16 10 18
16 11 9
16 13 42
16 14 66
16 15 0
16 16 49
16 17 19
16 20 37
16 21 2
16 22 60
16 24 24
16 25 35
16 26 7
16 29 54
16 30 63
16 31 50
16 32 27
16 33 56
16 35 48
16 37 17
16 38 57
16 40 6
16 41 4
16 43 22
16 44 26
16 45 12
16 46 39
16 47 20
16 48 65
16 49 38
16 51 67
16 52 21
16 53 61
16 54 45
16 55 28
16 57 44
16 58 8
16 59 47
16 61 16
16 63 13
16 64 29
16 65 51
16 67 59
16 68 41
17 0 65
17 1 19
17 2 25
17 3 41
17 4 40
17 6 69
17 7 33
17 8 17
17 9 32
17 11 13
17 13 46
17 14 9
17 16 52
17 17 23
17 20 26
17 21 62
17 24 12
17 25 27
17 29 64
17 31 63
17 32 29
17 33 57
17 34 1
17 35 44
17 36 36
17 37 31
17 38 60
17 39 37
17 40 66
17 43 4
17 45 42
17 46 47
17 47 15
17 49 16
17 51 53
17 52 43
17 53 2
17 54 8
17 56 54
17 57 10
17 60 50
17 62 48
17 63 7
17 64 49
17 66 22
17 68 20
18 0 20
18 1 47
18 3 43
18 5 19
18 6 9
18 7 15
18 8 48
18 9 52
18 10 40
18 12 67
18 14 25
18 15 29
18 16 57
18 17 37
18 18 45
18 19 56
18 20 22
18 21 3
18 22 10
18 24 7
18 25 24
18 26 42
18 30 6
18 33 28
18 35 8
18 41 65
18 42 44
18 44 35
18 45 4
18 46 38
18 47 30
18 49 53
18 52 62
18 54 27
18 56 58
18 57 34
18 58 2
18 59 51
18 60 64
18 62 14
18 64 1
18 65 50
18 66 21
18 67 32
18 68 17
18 69 59
19 0 14
19 1 15
19 2 68
19 4 7
19 5 26
19 6 33
19 8 39
19 9 46
19 10 25
19 14 53
19 16 9
19 17 13
19 19 52
19 21 24
19 22 43
19 24 56
19 26 51
19 27 50
19 28 61
19 33 67
19 34 32
19 35 65
19 36 27
19 37 21
19 38 17
19 40 47
19 41 36
19 42 66
19 43 35
19 45 37
19 46 60
19 47 2
19 48 42
19 49 11
19 50 16
19 51 28
19 52 41
19 54 64
19 55 38
19 58 55
19 59 45
19 60 31
19 62 0
19 63 48
19 64 12
19 66 62
19 67 34
19 68 29
20 0 49
20 1 22
20 6 32
20 7 26
20 8 66
20 9 14
20 12 9
20 13 44
20 15 43
20 16 30
20 17 42
20 18 24
20 20 28
20 21 64
20 25 57
20 26 18
20 27 33
20 29 51
20 30 1
20 32 61
20 33 69
20 35 5
20 36 2
20 37 39
20 38 58
20 40 68
20 41 23
20 42 6
20 43 54
20 44 16
20 52 11
20 53 62
20 54 67
20 55 60
20 56 4
20 58 45
20 60 19
20 61 8
20 63 25
20 64 35
20 65 17
20 66 38
20 67 53
20 68 40
20 69 37
21 0 5
21 4 38
21 6 45
21 7 13
21 8 41
21 9 48
21 10 32
21 11 59
21 12 27
21 13 0
21 14 55
21 15 14
21 16 19
21 17 68
21 18 9
21 20 43
21 21 20
21 22 40
21 23 16
21 25 51
21 26 35
21 29 60
21 32 3
21 33 8
21 34 21
21 35 12
21 36 49
21 37 11
21 38 6
21 39 1
21 40 52
21 41 22
21 43 63
21 44 54
21 45 30
21 46 23
21 48 44
21 49 24
21 50 17
21 51 62
21 52 64
21 53 15
21 55 61
21 56 34
21 57 31
21 58 58
21 59 28
21 60 36
21 61 53
21 62 46
21 64 42
21 65 39
21 66 18
21 68 50
21 69 7
22 0 53
22 5 17
22 7 44
22 8 11
22 10 20
22 12 41
22 13 26
22 14 32
22 15 25
22 18 58
22 19 47
22 20 34
22 21 67
22 22 38
22 24 35
22 25 45
22 27 48
22 29 37
22 30 30
22 31 19
22 32 54
22 33 9
22 34 61
22 35 16
22 37 36
22 38 12
22 39 63
22 40 60
22 41 14
22 42 1
22 43 2
22 44 66
22 45 18
22 47 42
22 51 57
22 54 22
22 55 62
22 57 15
22 58 51
22 59 46
22 60 52
22 61 56
22 62 29
22 63 33
22 64 8
22 65 5
22 66 0
22 67 27
22 68 68
22 69 40
23 0 26
23 1 4
23 2 41
23 3 10
23 5 36
23 7 37
23 8 15
23 9 25
23 10 66
23 11 1
23 14 21
23 15 60
23 16 28
23 19 65
23 21 12
23 22 18
23 23 39
23 24 19
23 25 52
23 26 3
23 27 24
23 28 34
23 29 63
23 31 68
23 32 67
23 33 0
23 34 40
23 35 17
23 38 38
23 39 16
23 40 69
23 43 23
23 45 9
23 48 49
23 50 55
23 52 32
23 54 54
23 55 58
23 56 57
23 58 13
23 59 35
23 60 46
23 61 7
23 62 50
23 63 22
23 64 44
23 66 29
23 67 20
23 69 64
24 1 29
24 2 5
24 3 45
24 5 57
24 6 67
24 7 24
24 8 28
24 9 59
24 10 10
24 12 40
24 13 43
24 14 63
24 15 50
24 16 65
24 17 0
24 18 36
24 19 1
24 20 44
24 21 16
24 22 7
24 23 15
24 24 39
24 25 53
24 26 60
24 28 41
24 33 3
24 34 38
24 35 61
24 36 66
24 37 18
24 38 47
24 39 46
24 41 54
24 42 20
24 43 30
24 44 2
24 45 21
24 46 49
24 49 55
24 50 32
24 52 22
24 53 35
24 55 68
24 56 17
24 58 9
24 59 13
24 62 31
24 63 23
24 64 52
24 65 42
24 67 48
24 68 51
24 69 12
25 0 25
25 1 38
25 3 49
25 4 14
25 5 39
25 6 46
25 7 12
25 8 60
25 9 41
25 12 32
25 13 31
25 14 1
25 16 37
25 17 10
25 19 45
25 20 0
25 22 58
25 23 63
25 25 22
25 26 66
25 27 20
25 28 2
25 29 55
25 31 57
25 32 53
25 33 36
25 35 23
25 36 7
25 37 34
25 38 44
25 40 17
25 42 18
25 43 24
25 44 56
25 45 51
25 47 16
25 52 3
25 53 28
25 55 52
25 56 21
25 57 43
25 58 4
25 59 50
25 63 27
25 64 62
25 65 33
25 66 35
25 67 67
25 69 8
26 0 63
26 1 11
26 2 43
26 3 48
26 4 52
26 6 35
26 7 65
26 8 24
26 9 6
26 11 51
26 12 29
26 13 67
26 14 5
26 16 20
26 17 33
26 19 69
26 21 56
26 22 55
26 24 64
26 25 66
26 26 17
26 27 59
26 28 68
26 29 1
26 31 23
26 32 26
26 33 15
26 35 3
26 36 30
26 38 10
26 39 18
26 40 16
26 42 47
26 44 41
26 45 39
26 50 7
26 51 45
26 52 2
26 53 42
26 57 49
26 58 14
26 59 40
26 60 61
26 61 22
26 62 60
26 64 9
26 65 21
26 67 57
26 68 46
26 69 32
27 2 6
27 3 32
27 5 28
27 6 3
27 9 29
27 11 11
27 12 66
27 15 64
27 17 35
27 18 39
27 19 12
27 20 65
27 21 59
27 23 21
27 26 34
27 27 47
27 31 45
27 32 22
27 33 31
27 37 69
27 38 4
27 42 25
27 45 56
27 46 24
27 47 7
27 49 26
27 51 68
27 52 46
27 53 18
27 56 61
27 57 48
27 59 14
27 60 10
27 62 55
27 63 42
27 66 63
27 67 43
27 68 36
27 69 19
28 0 3
28 2 44
28 3 21
28 4 61
28 5 5
28 6 6
28 7 8
28 9 64
28 10 68
28 11 50
28 12 60
28 15 16
28 19 33
28 20 66
28 21 47
28 23 52
28 24 10
28 26 2
28 27 28
28 29 4
28 30 13
28 31 62
28 34 36
28 35 20
28 36 12
28 38 25
28 40 23
28 41 41
28 42 51
28 43 56
28 44 19
28 45 46
28 47 1
28 49 34
28 50 38
28 51 58
28 52 35
28 55 69
28 56 22
28 57 37
28 58 11
28 59 67
28 60 14
28 61 55
28 62 39
28 64 15
28 67 54
28 68 32
29 1 18
29 2 40
29 4 17
29 5 20
29 6 25
29 7 39
29 8 42
29 9 67
29 10 41
29 12 49
29 13 19
29 15 10
29 16 54
29 17 66
29 18 14
29 19 3
29 22 30
29 23 9
29 25 55
29 29 31
29 30 60
29 31 29
29 32 63
29 33 27
29 34 4
29 35 58
29 36 48
29 37 62
29 39 44
29 40 22
29 41 37
29 42 28
29 45 16
29 46 59
29 47 46
29 48 24
29 49 15
29 50 45
29 52 51
29 53 52
29 54 34
29 55 50
29 56 12
29 57 23
29 58 0
29 60 69
29 61 35
29 62 61
29 63 32
29 66 64
29 67 36
29 68 8
29 69 2
30 0 68
30 2 26
30 4 44
30 5 34
30 6 47
30 7 67
30 9 54
30 10 7
30 12 65
30 13 50
30 14 6
30 15 32
30 16 10
30 18 48
30 19 14
30 20 15
30 21 42
30 25 25
30 27 49
30 29 18
30 30 43
30 32 2
30 33 12
30 34 11
30 35 53
30 37 59
30 38 27
30 42 16
30 43 19
30 46 56
30 47 51
30 48 23
30 49 3
30 50 63
30 52 28
30 54 17
30 55 9
30 56 69
30 57 66
30 58 30
30 59 21
30 61 39
30 63 64
30 64 40
30 66 24
30 67 35
31 0 59
31 1 8
31 4 22
31 5 50
31 6 19
31 7 61
31 8 63
31 9 13
31 12 57
31 13 23
31 15 40
31 16 31
31 17 43
31 18 26
31 19 36
31 21 49
31 22 28
31 23 33
31 24 37
31 26 10
31 30 46
31 31 51
31 34 20
31 36 9
31 37 44
31 38 64
31 40 38
31 41 42
31 43 52
31 44 25
31 48 17
31 49 60
31 50 30
31 52 5
31 54 18
31 56 32
31 58 35
31 60 65
31 61 66
31 64 69
31 66 54
31 68 45
31 69 34
32 1 25
32 2 57
32 3 1
32 4 41
32 6 42
32 7 7
32 8 61
32 9 19
32 11 34
32 12 5
32 15 56
32 17 51
32 18 4
32 20 50
32 21 63
32 22 22
32 25 69
32 27 58
32 28 35
32 29 26
32 31 32
32 32 6
32 34 12
32 35 47
32 37 48
32 38 33
32 39 36
32 40 46
32 41 40
32 42 29
32 44 20
32 45 23
32 49 13
32 51 60
32 53 44
32 55 17
32 57 0
32 58 15
32 59 68
32 62 53
32 63 31
32 64 24
32 65 49
32 66 2
33 0 23
33 1 16
33 2 12
33 3 46
33 5 25
33 6 41
33 7 4
33 9 7
33 10 49
33 13 40
33 14 48
33 15 42
33 17 61
33 18 65
33 19 44
33 22 51
33 23 67
33 24 58
33 26 55
33 29 14
33 30 45
33 32 10
33 33 39
33 35 56
33 36 35
33 37 60
33 40 15
33 42 17
33 43 38
33 44 43
33 45 59
33 46 52
33 47 32
33 48 31
33 49 63
33 50 64
33 51 20
33 52 37
33 53 26
33 54 24
33 55 33
33 56 30
33 57 36
33 58 34
33 59 2
33 60 68
33 61 3
33 62 6
33 64 47
33 65 11
33 68 21
33 69 13
34 0 33
34 2 23
34 3 39
34 4 27
34 6 49
34 7 42
34 11 31
34 12 55
34 14 38
34 15 45
34 16 53
34 17 24
34 18 44
34 19 30
34 21 26
34 22 54
34 23 14
34 24 47
34 25 11
34 26 57
34 27 0
34 28 58
34 29 29
34 30 10
34 31 21
34 33 1
34 34 60
34 35 28
34 37 20
34 38 34
34 39 68
34 40 51
34 41 69
34 42 22
34 43 17
34 44 40
34 47 62
34 50 6
34 51 18
34 53 66
34 55 48
34 56 65
34 57 61
34 59 63
34 60 25
34 62 15
34 63 36
34 64 3
34 65 8
34 67 13
34 68 37
34 69 46
35 1 63
35 4 30
35 5 53
35 6 14
35 8 3
35 10 16
35 11 4
35 12 31
35 14 69
35 15 7
35 18 59
35 19 66
35 20 54
35 21 1
35 26 46
35 27 65
35 28 8
35 29 10
35 31 26
35 34 39
35 36 34
35 37 12
35 38 68
35 40 29
35 41 55
35 42 13
35 44 23
35 45 41
35 47 0
35 48 11
35 50 36
35 52 9
35 53 21
35 54 60
35 55 27
35 58 6
35 59 19
35 60 28
35 61 25
35 63 47
35 64 17
35 65 40
35 67 33
35 68 24
35 69 51
36 0 1
36 1 7
36 2 66
36 5 35
36 6 13
36 7 16
36 8 33
36 9 57
36 10 60
36 11 65
36 12 34
36 13 24
36 14 17
36 16 61
36 17 30
36 18 54
36 19 62
36 20 29
36 23 22
36 25 42
36 26 53
36 27 31
36 30 8
36 32 45
36 35 63
36 37 64
36 39 39
36 40 5
36 41 3
36 42 68
36 43 36
36 44 15
36 45 14
36 46 10
36 48 18
36 49 23
36 51 0
36 53 40
36 57 12
36 58 52
36 60 59
36 61 46
36 62 69
36 63 49
36 64 21
36 66 67
37 0 13
37 2 29
37 7 46
37 9 10
37 10 61
37 11 22
37 12 25
37 15 21
37 16 12
37 18 41
37 19 17
37 20 53
37 22 62
37 23 56
37 25 14
37 27 66
37 28 44
37 30 7
37 31 49
37 32 28
37 33 60
37 34 30
37 35 4
37 37 9
37 38 59
37 39 34
37 40 42
37 41 63
37 42 54
37 43 45
37 44 36
37 45 38
37 46 16
37 47 27
37 48 35
37 49 37
37 51 64
37 52 39
37 53 47
37 54 6
37 55 26
37 56 11
37 57 52
37 58 43
37 59 58
37 60 24
37 61 32
37 62 23
37 63 1
37 64 31
37 65 15
37 66 19
37 67 55
38 0 15
38 1 53
38 2 17
38 5 23
38 6 44
38 7 68
38 8 14
38 9 16
38 10 1
38 11 60
38 12 22
38 13 54
38 14 67
38 16 46
38 17 48
38 18 51
38 19 8
38 20 52
38 21 61
38 22 2
38 23 28
38 24 20
38 25 65
38 29 36
38 30 18
38 31 64
38 33 59
38 34 25
38 35 31
38 37 57
38 40 27
38 41 43
38 43 66
38 44 7
38 46 34
38 47 40
38 48 62
38 49 10
38 50 56
38 51 13
38 52 0
38 53 12
38 54 58
38 55 11
38 56 35
38 58 32
38 60 21
38 61 4
38 62 41
38 63 69
38 64 50
38 65 55
38 66 26
38 67 39
38 68 49
38 69 63
39 0 58
39 1 14
39 3 61
39 4 18
39 5 9
39 6 27
39 7 21
39 9 0
39 10 38
39 11 32
39 12 28
39 13 2
39 14 56
39 15 44
39 16 64
39 17 53
39 18 29
39 20 1
39 22 67
39 23 36
39 24 65
39 27 25
39 30 68
39 32 69
39 34 8
39 35 11
39 36 54
39 37 22
39 39 15
39 41 30
39 42 50
39 43 34
39 44 5
39 46 43
39 47 24
39 48 60
39 49 40
39 50 4
39 51 6
39 52 49
39 53 51
39 55 12
39 58 17
39 60 39
39 61 62
39 62 33
39 64 66
39 65 3
39 66 41
39 68 13
40 0 52
40 1 57
40 2 46
40 3 44
40 4 26
40 5 29
40 6 0
40 7 63
40 10 3
40 12 68
40 13 38
40 15 11
40 16 1
40 17 40
40 18 2
40 20 56
40 21 50
40 23 54
40 25 10
40 26 32
40 27 19
40 29 45
40 31 7
40 33 25
40 34 28
40 35 37
40 36 58
40 38 48
40 39 31
40 40 12
40 42 61
40 44 39
40 46 51
40 47 66
40 48 55
40 49 36
40 50 59
40 52 34
40 55 18
40 56 8
40 57 65
40 58 27
40 59 30
40 60 42
40 61 15
40 62 17
40 64 64
40 65 62
40 67 14
40 68 60
40 69 4
41 1 3
41 2 14
41 6 10
41 7 48
41 10 53
41 11 39
41 13 55
41 14 49
41 15 58
41 16 16
41 17 46
41 18 40
41 20 68
41 21 66
41 22 45
41 23 37
41 24 30
41 25 34
41 26 50
41 27 4
41 30 26
41 32 7
41 34 44
41 37 8
41 40 24
41 41 35
41 43 27
41 48 41
41 52 38
41 53 11
41 54 21
41 57 22
41 58 65
41 59 59
41 60 54
41 61 17
41 62 64
41 63 57
41 64 18
41 65 1
41 66 61
41 68 15
41 69 69
42 0 19
42 2 3
42 3 35
42 5 61
42 6 5
42 7 0
42 8 59
42 10 15
42 11 42
42 12 44
42 13 63
42 14 52
42 15 26
42 16 6
42 17 29
42 18 12
42 21 8
42 22 1
42 25 23
42 26 62
42 27 37
42 30 69
42 31 24
42 32 46
42 33 7
42 34 33
42 36 68
42 37 27
42 40 55
42 42 57
42 43 50
42 44 38
42 45 22
42 47 48
42 48 34
42 49 9
42 52 20
42 53 4
42 54 10
42 55 30
42 56 25
42 58 18
42 59 43
42 60 60
42 61 11
42 62 56
42 64 51
42 65 64
42 69 67
43 0 42
43 1 17
43 2 50
43 3 26
43 5 7
43 6 16
43 7 52
43 8 22
43 9 34
43 10 46
43 11 35
43 13 32
43 14 24
43 16 14
43 17 15
43 19 58
43 20 39
43 21 11
43 24 27
43 27 10
43 28 67
43 29 9
43 30 3
43 32 51
43 34 66
43 35 1
43 36 55
43 37 49
43 38 69
43 39 53
43 41 59
43 42 0
43 43 64
43 44 57
43 45 45
43 46 63
43 47 21
43 48 47
43 50 29
43 51 30
43 52 13
43 54 65
43 55 40
43 56 2
43 59 44
43 60 6
43 61 28
43 62 18
43 63 41
43 64 68
43 65 23
43 66 43
43 67 38
44 0 30
44 1 51
44 2 11
44 3 29
44 4 9
44 6 31
44 7 55
44 8 50
44 9 66
44 10 47
44 11 49
44 12 23
44 14 27
44 15 36
44 17 34
44 18 60
44 19 13
44 20 38
44 22 20
44 23 62
44 24 53
44 26 52
44 27 2
44 28 43
44 29 28
44 30 15
44 31 56
44 32 44
44 33 42
44 34 58
44 35 35
44 36 41
44 38 65
44 39 64
44 43 7
44 44 6
44 45 63
44 46 19
44 47 18
44 48 68
44 49 54
44 50 26
44 53 67
44 55 8
44 56 33
44 57 17
44 58 69
44 59 57
44 60 22
44 61 14
44 62 3
44 66 10
44 67 5
44 68 39
45 0 34
45 1 20
45 2 45
45 3 52
45 4 0
45 5 42
45 6 39
45 8 21
45 9 23
45 10 31
45 11 66
45 13 11
45 14 61
45 15 53
45 16 36
45 17 65
45 18 63
45 19 6
45 22 27
45 23 5
45 24 48
45 25 18
45 26 9
45 27 46
45 28 64
45 29 68
45 30 22
45 32 25
45 33 54
45 34 56
45 35 50
45 36 8
45 37 37
45 39 57
45 40 4
45 41 51
45 42 49
45 43 15
45 45 47
45 46 69
45 47 60
45 48 13
45 49 17
45 50 67
45 52 16
45 54 35
45 57 38
45 58 28
45 59 7
45 60 12
45 62 58
45 63 40
45 67 62
45 69 14
46 0 40
46 1 42
46 3 62
46 4 57
46 5 24
46 6 43
46 7 30
46 9 56
46 10 14
46 11 7
46 12 48
46 15 49
46 16 27
46 17 3
46 18 35
46 19 18
46 20 17
46 21 15
46 22 0
46 24 28
46 25 6
46 26 63
46 27 61
46 29 67
46 30 12
46 31 44
46 33 65
46 34 52
46 35 41
46 37 32
46 38 54
46 39 19
46 41 16
46 42 26
46 43 10
46 44 59
46 47 53
46 49 2
46 50 39
46 51 37
46 52 23
46 53 68
46 54 50
46 55 55
46 56 5
46 59 22
46 60 8
46 61 60
46 62 34
46 63 58
46 64 45
46 65 36
46 66 47
46 67 4
47 0 6
47 1 40
47 2 47
47 4 60
47 7 50
47 8 44
47 11 41
47 12 11
47 13 10
47 14 36
47 15 61
47 17 55
47 23 48
47 25 33
47 26 23
47 27 9
47 28 66
47 31 54
47 32 8
47 33 24
47 35 18
47 36 51
47 37 53
47 38 26
47 39 42
47 40 49
47 41 1
47 42 58
47 43 20
47 44 46
47 45 28
47 46 35
47 47 69
47 48 67
47 49 5
47 50 34
47 52 17
47 53 27
47 55 15
47 56 56
47 57 14
47 58 3
47 59 38
47 60 62
47 61 0
47 62 43
47 63 12
47 66 45
47 67 25
47 68 59
47 69 39
48 0 64
48 1 67
48 2 19
48 3 27
48 4 50
48 5 47
48 6 17
48 7 57
48 10 51
48 11 40
48 12 8
48 13 28
48 14 68
48 15 12
48 16 69
48 18 5
48 19 7
48 20 63
48 21 25
48 23 23
48 24 13
48 25 15
48 26 29
48 27 3
48 28 52
48 29 59
48 30 37
48 31 16
48 33 4
48 34 24
48 35 34
48 37 14
48 38 9
48 41 21
48 42 41
48 43 62
48 44 55
48 45 26
48 46 20
48 47 54
48 48 38
48 49 22
48 51 11
48 53 33
48 55 46
48 57 35
48 58 66
48 59 53
48 60 18
48 61 48
48 62 30
48 63 0
48 64 39
48 66 31
48 67 58
48 68 10
49 0 45
49 3 11
49 4 29
49 6 68
49 7 3
49 8 64
49 9 49
49 10 62
49 11 19
49 12 56
49 13 39
49 14 22
49 15 57
49 16 35
49 19 26
49 20 14
49 21 65
49 22 33
49 23 69
49 25 67
49 26 48
49 28 17
49 29 21
49 30 44
49 31 40
49 32 37
49 33 61
49 35 25
49 36 42
49 38 36
49 39 47
49 40 9
49 41 27
49 42 32
49 45 52
49 47 12
49 48 7
49 49 43
49 50 54
49 51 16
49 52 10
49 54 13
49 55 5
49 57 24
49 58 46
49 60 55
49 61 2
49 62 51
49 64 58
49 66 34
49 67 6
49 68 0
49 69 31
50 0 50
50 1 62
50 2 33
50 3 16
50 4 1
50 5 67
50 6 15
50 7 31
50 8 38
50 9 35
50 11 36
50 12 63
50 13 65
50 14 7
50 15 23
50 16 60
50 17 12
50 19 21
50 20 25
50 21 55
50 22 26
50 23 47
50 24 46
50 25 59
50 26 6
50 27 64
50 28 51
50 31 69
50 34 53
50 36 11
50 37 52
50 39 27
50 41 48
50 42 3
50 44 14
50 46 57
50 47 17
50 48 54
50 49 0
50 50 20
50 51 2
50 52 40
50 53 5
50 55 44
50 56 39
50 57 18
50 60 58
50 61 45
50 62 10
50 64 4
50 66 9
50 67 22
50 68 30
50 69 24
51 0 7
51 1 45
51 3 37
51 4 31
51 6 58
51 7 53
51 8 35
51 11 26
51 12 39
51 15 13
51 17 49
51 18 56
51 21 4
51 24 11
51 25 8
51 26 68
51 27 42
51 28 28
51 29 46
51 30 52
51 31 61
51 34 29
51 35 64
51 36 50
51 37 38
51 38 55
51 40 34
51 41 2
51 42 65
51 43 6
51 44 24
51 45 66
51 46 33
51 47 14
51 48 25
51 49 41
51 50 15
51 51 5
51 52 69
51 53 63
51 54 3
51 56 27
51 57 9
51 61 10
51 62 19
51 63 16
51 64 20
51 65 12
51 66 17
51 67 30
51 68 22
52 0 57
52 1 12
52 3 66
52 4 48
52 5 63
52 6 65
52 7 47
52 8 10
52 10 42
52 11 62
52 12 24
52 14 11
52 17 54
52 18 17
52 19 9
52 20 31
52 21 6
52 22 69
52 24 44
52 25 41
52 26 21
52 27 27
52 28 19
52 31 0
52 32 20
52 33 68
52 34 46
52 36 25
52 38 16
52 39 26
52 40 37
52 41 67
52 42 14
52 43 58
52 44 32
52 45 64
52 46 45
52 47 59
52 49 35
52 51 4
52 52 15
52 54 36
52 55 3
52 56 23
52 57 50
52 58 22
52 60 29
52 61 40
52 62 2
52 63 52
52 65 7
52 66 8
52 67 61
52 68 53
52 69 28
53 1 43
53 2 2
53 3 53
53 4 23
53 6 12
53 7 40
53 9 61
53 10 9
53 11 0
53 13 1
53 15 67
53 17 26
53 18 20
53 20 46
53 21 13
53 22 19
53 23 24
53 24 42
53 26 30
53 27 57
53 28 48
53 29 8
53 30 36
53 31 34
53 32 64
53 34 27
53 35 54
53 37 68
53 38 11
53 39 7
53 40 35
53 41 44
53 43 25
53 44 52
53 45 31
53 47 65
53 49 62
53 50 69
53 51 66
53 52 60
53 53 10
53 54 55
53 55 16
53 56 3
53 57 32
53 58 50
53 59 49
53 60 45
53 62 4
53 63 59
53 64 63
53 65 29
53 67 28
54 2 10
54 4 56
54 5 51
54 6 40
54 7 20
54 8 57
54 12 6
54 13 35
54 14 54
54 15 41
54 16 8
54 17 28
54 19 15
54 20 45
54 21 31
54 22 14
54 24 17
54 25 58
54 28 65
54 32 39
54 33 19
54 34 9
54 36 18
54 37 42
54 38 29
54 39 11
54 41 52
54 42 23
54 43 37
54 44 47
54 46 62
54 47 49
54 48 1
54 49 64
54 51 27
54 53 7
54 55 21
54 57 46
54 58 16
54 59 4
54 60 63
54 61 43
54 62 26
54 63 55
54 64 34
54 66 3
54 67 24
55 0 9
55 1 68
55 2 61
55 3 18
55 4 51
55 5 11
55 6 24
55 13 20
55 14 58
55 17 21
55 18 13
55 19 41
55 20 8
55 21 52
55 23 40
55 25 7
55 26 43
55 27 15
55 28 36
55 29 33
55 31 38
55 32 12
55 34 55
55 35 59
55 37 10
55 38 35
55 39 17
55 40 19
55 43 42
55 44 63
55 50 46
55 54 39
55 57 28
55 58 67
55 59 16
55 60 66
55 64 57
55 66 49
55 67 0
55 68 31
55 69 23
56 0 48
56 2 13
56 3 38
56 4 2
56 8 25
56 9 26
56 10 59
56 11 52
56 13 15
56 15 1
56 17 6
56 19 19
56 20 12
56 21 29
56 25 3
56 26 54
56 28 69
56 29 57
56 30 35
56 31 14
56 32 68
56 33 50
56 34 45
56 36 10
56 37 56
56 38 31
56 39 55
56 40 39
56 42 5
56 43 33
56 44 65
56 45 58
56 46 66
56 47 22
56 48 36
56 49 44
56 50 62
56 51 51
56 54 7
56 56 64
56 58 49
56 59 11
56 60 40
56 61 63
56 62 21
56 63 60
56 64 27
56 65 28
56 66 20
56 67 9
56 69 41
57 0 24
57 2 18
57 3 5
57 5 22
57 6 51
57 7 23
57 8 6
57 11 45
57 12 50
57 14 8
57 15 30
57 17 63
57 18 1
57 19 48
57 21 19
57 22 37
57 23 42
57 25 20
57 27 53
57 28 59
57 29 12
57 30 39
57 35 36
57 36 28
57 37 2
57 38 66
57 39 21
57 41 15
57 45 60
57 46 54
57 47 34
57 50 41
57 51 14
57 52 31
57 53 17
57 54 46
57 55 0
57 56 16
57 58 47
57 59 25
57 60 67
57 62 52
57 64 55
57 65 57
57 66 56
57 69 10
58 1 6
58 2 59
58 3 12
58 4 46
58 5 68
58 6 63
58 7 41
58 8 16
58 9 3
58 11 55
58 15 54
58 19 25
58 20 11
58 22 8
58 24 0
58 25 36
58 28 57
58 30 64
58 32 1
58 33 48
58 35 32
58 37 4
58 38 7
58 39 52
58 41 61
58 42 39
58 44 37
58 45 50
58 47 26
58 48 56
58 49 18
58 51 23
58 52 47
58 53 45
58 54 66
58 55 65
58 56 29
58 57 27
58 58 20
58 59 9
58 60 35
58 61 44
58 62 42
58 65 60
58 66 40
58 67 69
58 68 33
58 69 43
59 2 51
59 3 15
59 5 56
59 6 22
59 7 9
59 8 5
59 9 55
59 11 12
59 14 60
59 15 62
59 16 23
59 17 69
59 18 68
59 19 11
59 20 3
59 21 58
59 22 57
59 23 38
59 24 67
59 25 17
59 26 61
59 28 24
59 30 19
59 32 4
59 33 29
59 34 65
59 36 52
59 37 28
59 38 30
59 39 59
59 40 33
59 42 34
59 44 45
59 45 54
59 46 46
59 47 6
59 49 1
59 51 42
59 52 53
59 53 31
59 54 49
59 55 43
59 56 13
59 57 63
59 59 20
59 60 2
59 61 64
59 62 7
59 63 44
59 64 25
59 65 27
59 66 50
59 68 18
60 0 28
60 1 31
60 2 27
60 4 15
60 5 1
60 6 53
60 7 38
60 8 52
60 9 47
60 10 19
60 12 4
60 13 30
60 14 29
60 15 59
60 16 55
60 17 17
60 18 25
60 20 2
60 22 46
60 24 21
60 25 16
60 26 37
60 27 39
60 28 22
60 32 23
60 33 32
60 35 10
60 37 51
60 39 8
60 41 11
60 42 60
60 45 36
60 46 7
60 48 58
60 49 56
60 50 5
60 51 35
60 52 63
60 54 40
60 55 41
60 56 26
60 58 42
60 59 64
60 61 49
60 64 14
60 66 66
60 67 3
60 68 9
61 0 12
61 1 24
61 2 1
61 3 17
61 4 33
61 5 45
61 6 57
61 7 43
61 11 2
61 12 0
61 13 56
61 14 44
61 16 32
61 17 27
61 18 64
61 19 50
61 20 47
61 21 48
61 22 53
61 23 68
61 24 52
61 28 11
61 29 58
61 30 9
61 31 28
61 32 66
61 34 51
61 36 21
61 37 19
61 38 61
61 39 22
61 40 14
61 44 62
61 46 25
61 47 63
61 48 46
61 49 4
61 51 26
61 53 20
61 54 29
61 55 49
61 56 36
61 58 10
61 59 55
61 60 3
61 61 31
61 63 6
61 64 23
61 65 41
61 68 67
62 0 67
62 2 58
62 4 12
62 7 25
62 8 2
62 9 24
62 11 28
62 12 37
62 15 51
62 16 66
62 17 11
62 19 49
62 20 33
62 23 65
62 27 30
62 29 42
62 30 23
62 31 8
62 32 13
62 33 41
62 35 39
62 36 60
62 37 55
62 39 61
62 40 59
62 41 62
62 42 4
62 43 40
62 44 17
62 45 19
62 46 29
62 47 35
62 48 10
62 49 20
62 50 27
62 54 43
62 55 63
62 56 44
62 57 7
62 58 48
62 59 52
62 60 53
62 61 47
62 62 9
62 63 68
62 65 45
62 66 69
62 69 38
63 1 64
63 4 39
63 6 23
63 7 54
63 8 19
63 9 37
63 10 8
63 11 14
63 12 20
63 15 31
63 16 33
63 17 18
63 18 10
63 20 36
63 22 11
63 23 4
63 24 43
63 25 40
63 26 15
63 27 6
63 29 7
63 34 5
63 35 52
63 36 44
63 37 61
63 38 0
63 41 17
63 42 48
63 43 32
63 45 69
63 46 55
63 47 3
63 48 29
63 49 12
63 50 21
63 52 68
63 53 1
63 55 53
63 56 45
63 57 58
63 59 27
63 60 57
63 61 9
63 62 16
63 63 66
63 64 67
63 65 63
63 66 42
63 67 41
63 68 2
63 69 65
64 1 1
64 3 9
64 4 13
64 6 21
64 8 4
64 9 68
64 10 64
64 12 38
64 13 7
64 14 19
64 16 56
64 17 2
64 18 57
64 19 42
64 20 18
64 21 34
64 22 41
64 23 29
64 24 23
64 25 63
64 27 26
64 28 54
64 29 20
64 30 17
64 31 53
64 32 40
64 33 62
64 34 31
64 35 43
64 36 22
64 37 33
64 38 15
64 40 8
64 42 10
64 44 51
64 46 32
64 47 47
64 49 30
64 52 12
64 54 59
64 55 36
64 59 39
64 60 5
64 61 52
64 62 24
64 63 50
64 66 44
65 5 52
65 6 36
65 7 58
65 8 67
65 9 11
65 10 50
65 11 10
65 13 33
65 14 45
65 15 24
65 17 38
65 18 66
65 20 59
65 22 21
65 24 69
65 25 44
65 30 41
65 31 30
65 32 31
65 33 6
65 34 48
65 36 15
65 37 46
65 39 23
65 40 32
65 41 34
65 42 7
65 43 43
65 45 20
65 46 28
65 47 9
65 50 53
65 51 56
65 52 65
65 53 37
65 54 25
65 55 35
65 56 18
65 59 29
65 60 1
65 61 68
65 64 61
65 66 16
65 67 47
65 68 26
65 69 49
66 0 21
66 1 0
66 2 65
66 3 23
66 4 59
66 5 8
66 7 19
66 8 49
66 9 28
66 12 51
66 13 60
66 14 35
66 16 47
66 19 4
66 20 20
66 21 14
66 22 13
66 23 57
66 25 32
66 27 5
66 29 30
66 30 50
66 31 31
66 32 62
66 35 26
66 37 6
66 38 53
66 39 58
66 41 7
66 43 55
66 44 9
66 46 37
66 47 56
66 49 39
66 50 66
66 51 24
66 52 67
66 53 22
66 56 42
66 57 33
66 59 61
66 60 48
66 61 54
66 62 68
66 63 11
66 64 41
66 66 12
66 68 44
66 69 1
67 0 66
67 1 65
67 2 52
67 4 45
67 5 0
67 6 2
67 7 32
67 8 43
67 9 63
67 12 64
67 14 26
67 16 44
67 18 31
67 20 16
67 24 18
67 26 36
67 27 13
67 29 27
67 30 33
67 31 11
67 32 59
67 34 34
67 35 62
67 36 3
67 37 30
67 38 23
67 39 28
67 41 19
67 42 67
67 43 8
67 44 58
67 46 61
67 47 37
67 48 14
67 49 49
67 50 25
67 51 12
67 52 54
67 54 20
67 55 47
67 56 51
67 58 5
67 62 38
67 63 29
67 66 48
67 69 22
68 0 22
68 1 41
68 2 32
68 5 15
68 7 36
68 8 51
68 9 30
68 10 21
68 11 64
68 13 17
68 15 35
68 18 69
68 19 20
68 20 9
68 22 12
68 23 59
68 24 5
68 25 47
68 26 25
68 27 29
68 28 23
68 29 48
68 30 2
68 31 10
68 32 52
68 33 44
68 35 42
68 37 67
68 38 3
68 39 50
68 40 54
68 42 45
68 44 68
68 45 34
68 46 0
68 47 11
68 50 8
68 51 1
68 52 14
68 54 4
68 55 19
68 58 60
68 59 31
68 60 43
68 61 61
68 63 37
68 64 6
68 65 58
68 67 46
68 68 57
69 0 46
69 1 23
69 2 21
69 3 22
69 5 10
69 6 18
69 7 60
69 9 8
69 10 2
69 11 24
69 12 16
69 13 12
69 14 40
69 15 28
69 16 41
69 18 34
69 21 35
69 23 11
69 24 59
69 25 30
69 26 14
69 27 54
69 28 31
69 29 32
69 30 29
69 31 3
69 32 33
69 33 53
69 34 17
69 36 26
69 38 13
69 39 66
69 40 45
69 43 1
69 44 48
69 45 49
69 47 43
69 48 50
69 50 57
69 51 61
69 52 42
69 53 36
69 55 25
69 56 38
69 57 20
69 58 39
69 59 15
69 60 4
69 61 6
69 64 56
69 65 37
69 67 52
69 68 64
