60
0 1 4
0 2 40
0 3 47
0 4 6
0 5 34
0 7 48
0 8 30
0 9 2
0 11 22
0 12 57
0 13 26
0 14 10
0 15 54
0 17 3
0 18 1
0 19 35
0 21 36
0 22 18
0 23 9
0 24 16
0 25 59
0 27 20
0 28 21
0 30 19
0 31 58
0 32 8
0 34 52
0 35 43
0 37 29
0 38 41
0 39 46
0 41 37
0 42 12
0 43 28
0 44 5
0 45 42
0 46 33
0 47 23
0 48 31
0 49 38
0 50 44
0 51 32
0 52 56
0 53 45
0 54 15
0 58 24
0 59 39
1 1 27
1 2 34
1 4 16
1 5 57
1 6 20
1 7 37
1 8 0
1 9 56
1 10 7
1 11 35
1 14 17
1 15 31
1 16 54
1 17 38
1 18 4
1 19 58
1 20 6
1 21 29
1 24 46
1 25 8
1 26 40
1 27 14
1 28 59
1 29 12
1 30 18
1 31 24
1 32 2
1 33 39
1 34 33
1 35 19
1 37 51
1 38 28
1 40 22
1 41 13
1 42 32
1 43 47
1 44 26
1 45 25
1 46 11
1 48 10
1 49 23
1 50 3
1 52 50
1 53 44
1 54 36
1 55 9
1 56 52
1 57 30
1 58 45
2 0 52
2 1 49
2 2 8
2 3 28
2 4 59
2 5 22
2 6 23
2 7 33
2 9 10
2 10 26
2 13 20
2 14 5
2 15 3
2 16 44
2 17 25
2 18 7
2 19 47
2 21 54
2 22 53
2 23 36
2 24 58
2 25 37
2 26 15
2 29 48
2 30 24
2 31 9
2 32 4
2 33 21
2 34 35
2 35 16
2 36 45
2 37 19
2 38 46
2 39 40
2 40 0
2 41 34
2 42 29
2 44 50
2 45 57
2 46 14
2 47 51
2 48 56
2 49 2
2 50 30
2 51 18
2 52 55
2 53 39
2 54 12
2 55 1
2 56 11
2 58 6
2 59 17
3 1 43
3 3 16
3 6 47
3 7 34
3 8 36
3 9 26
3 10 52
3 11 32
3 12 48
3 13 4
3 17 17
3 18 33
3 19 31
3 20 53
3 21 44
3 22 13
3 23 0
3 24 24
3 25 50
3 26 58
3 27 59
3 28 29
3 29 40
3 30 38
3 31 45
3 32 7
3 33 49
3 34 37
3 35 15
3 36 42
3 37 1
3 38 2
3 40 25
3 42 56
3 43 3
3 44 8
3 45 18
3 46 35
3 47 54
3 49 19
3 50 11
3 51 21
3 52 23
3 53 28
3 55 12
3 56 27
3 57 41
3 58 9
3 59 6
4 0 22
4 1 48
4 2 12
4 3 15
4 4 10
4 5 7
4 6 3
4 8 47
4 9 42
4 10 41
4 11 29
4 12 25
4 13 37
4 14 34
4 15 58
4 16 33
4 17 54
4 18 49
4 19 39
4 20 46
4 22 31
4 23 5
4 24 40
4 25 36
4 26 4
4 28 44
4 29 20
4 30 8
4 31 56
4 32 26
4 33 23
4 34 2
4 35 13
4 36 9
4 37 27
4 38 21
4 39 28
4 40 35
4 41 18
4 42 19
4 43 14
4 44 57
4 45 32
4 49 1
4 50 53
4 51 0
4 52 6
4 54 38
4 55 30
4 56 50
4 57 51
4 58 11
4 59 55
5 0 53
5 1 55
5 2 13
5 3 8
5 5 27
5 6 39
5 7 50
5 8 37
5 9 11
5 11 2
5 12 7
5 13 38
5 14 12
5 15 17
5 16 23
5 17 33
5 18 52
5 19 46
5 20 21
5 23 56
5 24 34
5 25 58
5 27 16
5 28 10
5 29 49
5 30 5
5 31 48
5 32 51
5 33 6
5 35 1
5 36 40
5 37 42
5 39 54
5 40 45
5 41 36
5 43 41
5 44 31
5 45 4
5 46 47
5 47 19
5 49 20
5 50 35
5 51 57
5 52 26
5 54 9
5 55 0
5 56 44
5 57 24
5 58 59
5 59 43
6 1 6
6 2 42
6 4 18
6 5 4
6 6 49
6 7 47
6 9 52
6 10 9
6 11 10
6 12 0
6 13 31
6 14 59
6 15 34
6 16 28
6 18 21
6 21 48
6 22 43
6 23 24
6 25 51
6 26 5
6 27 35
6 29 7
6 30 56
6 31 53
6 32 14
6 33 8
6 34 29
6 35 46
6 37 54
6 38 45
6 39 16
6 40 32
6 41 40
6 42 2
6 44 23
6 45 20
6 46 58
6 47 55
6 48 13
6 50 17
6 51 38
6 52 15
6 53 25
6 54 37
6 55 33
6 56 30
6 57 26
6 58 39
6 59 57
7 0 13
7 1 32
7 2 18
7 4 31
7 6 4
7 7 39
7 9 19
7 10 24
7 11 26
7 12 58
7 16 59
7 18 11
7 20 12
7 21 52
7 22 51
7 24 10
7 25 23
7 26 47
7 27 3
7 28 57
7 29 22
7 30 21
7 32 35
7 33 20
7 34 48
7 35 17
7 36 1
7 37 37
7 38 50
7 39 30
7 40 55
7 41 41
7 42 33
7 43 9
7 44 34
7 46 46
7 47 5
7 48 15
7 50 0
7 51 14
7 54 44
7 55 6
7 56 49
7 57 27
7 59 54
8 0 32
8 1 59
8 2 38
8 3 27
8 4 45
8 5 39
8 6 33
8 8 17
8 9 46
8 10 2
8 11 12
8 12 18
8 13 28
8 14 51
8 16 52
8 17 50
8 18 25
8 19 16
8 20 22
8 22 3
8 24 11
8 25 42
8 26 24
8 28 14
8 29 55
8 30 29
8 31 31
8 32 10
8 33 4
8 36 43
8 38 37
8 39 7
8 40 13
8 41 44
8 42 53
8 44 0
8 45 58
8 48 40
8 49 8
8 50 36
8 51 19
8 52 5
8 53 9
8 54 34
8 55 47
8 57 20
8 58 26
9 0 6
9 1 44
9 2 56
9 3 34
9 4 26
9 6 27
9 7 19
9 8 33
9 9 57
9 11 42
9 12 11
9 13 41
9 14 25
9 16 9
9 17 24
9 18 0
9 19 3
9 22 50
9 24 59
9 25 22
9 26 18
9 27 30
9 28 7
9 29 51
9 30 31
9 31 32
9 32 48
9 34 4
9 35 55
9 36 12
9 37 47
9 38 20
9 39 39
9 40 54
9 42 8
9 43 2
9 44 14
9 45 23
9 46 13
9 47 58
9 48 5
9 49 16
9 50 49
9 51 29
9 54 1
9 55 53
9 57 17
9 58 52
9 59 35
10 1 8
10 2 3
10 3 30
10 4 20
10 5 46
10 6 36
10 7 11
10 9 7
10 10 21
10 11 53
10 12 23
10 13 45
10 14 29
10 15 41
10 16 12
10 17 43
10 18 38
10 19 15
10 20 17
10 24 56
10 25 40
10 26 42
10 27 24
10 28 1
10 30 14
10 32 13
10 34 49
10 35 50
10 36 16
10 37 32
10 40 57
10 41 59
10 43 33
10 44 55
10 45 37
10 46 31
10 47 9
10 50 4
10 51 28
10 52 44
10 54 19
10 55 2
10 56 26
10 57 35
10 58 54
10 59 0
11 0 11
11 5 9
11 8 15
11 9 21
11 10 48
11 11 0
11 12 28
11 13 34
11 14 6
11 16 1
11 17 51
11 19 29
11 20 40
11 22 10
11 23 46
11 24 50
11 26 37
11 27 45
11 28 22
11 29 24
11 30 55
11 31 25
11 32 54
11 34 5
11 35 33
11 36 41
11 37 13
11 38 27
11 39 59
11 40 36
11 41 39
11 42 20
11 43 57
11 45 7
11 46 38
11 48 30
11 50 31
11 52 18
11 53 52
11 54 16
11 56 35
11 57 12
11 58 14
12 0 5
12 1 21
12 2 20
12 3 46
12 4 9
12 5 13
12 6 43
12 8 8
12 9 3
12 10 33
12 11 30
12 12 59
12 13 53
12 14 41
12 16 39
12 17 35
12 19 14
12 20 51
12 21 23
12 22 0
12 23 22
12 24 27
12 25 57
12 26 34
12 27 29
12 28 36
12 30 44
12 32 37
12 33 58
12 34 15
12 35 2
12 37 38
12 38 40
12 39 56
12 41 49
12 42 26
12 43 19
12 45 31
12 47 16
12 48 1
12 49 50
12 50 25
12 52 54
12 54 10
12 56 45
12 57 18
12 58 4
12 59 52
13 0 19
13 1 0
13 2 21
13 3 52
13 4 5
13 6 26
13 7 38
13 8 23
13 9 24
13 12 53
13 13 39
13 14 15
13 15 57
13 16 35
13 17 29
13 18 14
13 19 56
13 20 10
13 21 20
13 23 30
13 26 55
13 27 31
13 28 12
13 29 44
13 30 46
13 31 42
13 32 34
13 33 37
13 34 50
13 35 6
13 38 3
13 39 33
13 41 25
13 42 58
13 44 9
13 45 8
13 46 18
13 47 32
13 48 11
13 49 51
13 50 28
13 51 41
13 52 47
13 53 22
13 54 54
13 55 45
13 56 59
13 57 2
13 58 17
13 59 40
14 0 23
14 1 47
14 2 53
14 3 35
14 4 32
14 5 28
14 6 50
14 8 57
14 9 30
14 10 34
14 11 39
14 12 17
14 13 11
14 14 24
14 15 33
14 16 51
14 17 6
14 18 2
14 19 52
14 20 4
14 21 16
14 23 7
14 24 22
14 26 20
14 27 19
14 29 46
14 30 26
14 31 54
14 32 42
14 33 3
14 34 55
14 35 40
14 37 45
14 38 44
14 39 1
14 41 38
14 42 31
14 43 21
14 44 43
14 45 0
14 46 15
14 48 27
14 49 5
14 50 37
14 51 9
14 52 58
14 54 25
14 55 8
14 56 13
14 57 48
14 58 18
14 59 56
15 0 0
15 1 2
15 2 23
15 3 57
15 4 39
15 5 42
15 6 21
15 7 7
15 8 16
15 9 18
15 10 31
15 11 58
15 12 29
15 13 56
15 15 5
15 17 10
15 19 55
15 20 9
15 21 11
15 23 28
15 24 43
15 26 38
15 27 26
15 28 20
15 30 37
15 31 1
15 32 40
15 33 36
15 34 45
15 35 49
15 36 54
15 37 50
15 39 44
15 40 17
15 41 4
15 42 41
15 43 12
15 44 53
15 47 46
15 48 14
15 50 13
15 51 34
15 52 48
15 53 33
15 54 35
15 55 22
15 57 15
15 58 51
15 59 32
16 0 15
16 1 11
16 2 26
16 3 33
16 4 2
16 5 36
16 6 54
16 7 0
16 9 45
16 12 12
16 13 25
16 14 3
16 17 8
16 18 22
16 19 49
16 20 18
16 21 24
16 22 59
16 25 29
16 26 50
16 27 47
16 28 46
16 29 56
16 30 30
16 32 53
16 35 52
16 36 31
16 37 44
16 38 13
16 40 40
16 41 6
16 42 27
16 45 5
16 47 42
16 48 38
16 49 32
16 50 9
16 51 48
16 52 21
16 53 55
16 55 19
16 56 51
16 57 43
16 58 28
16 59 34
17 0 55
17 1 9
17 2 29
17 3 44
17 4 24
17 5 32
17 6 46
17 7 26
17 9 5
17 10 54
17 11 25
17 12 3
17 13 1
17 14 53
17 16 8
17 17 12
17 18 40
17 19 0
17 20 45
17 22 41
17 23 57
17 26 30
17 27 52
17 30 28
17 32 20
17 33 42
17 34 19
17 35 58
17 36 7
17 37 59
17 39 31
17 40 50
17 41 27
17 43 37
17 45 10
17 47 39
17 48 17
17 50 38
17 52 33
17 53 2
17 54 13
17 55 48
17 56 6
17 58 35
17 59 11
18 0 38
18 1 40
18 3 41
18 5 24
18 7 45
18 9 1
18 10 6
18 13 35
18 14 2
18 15 0
18 16 31
18 17 20
18 18 30
18 19 5
18 20 15
18 22 34
18 23 8
18 24 12
18 25 39
18 26 33
18 27 53
18 28 23
18 29 28
18 30 52
18 35 29
18 36 18
18 38 10
18 39 43
18 40 21
18 41 54
18 42 9
18 43 32
18 45 46
18 46 55
18 47 7
18 48 48
18 49 25
18 50 14
18 51 37
18 52 27
18 53 16
18 54 49
18 55 56
18 56 58
18 57 19
18 58 22
18 59 4
19 0 46
19 1 13
19 3 23
19 4 52
19 5 11
19 6 38
19 7 58
19 8 14
19 10 57
19 11 33
19 14 35
19 16 22
19 17 21
19 18 19
19 19 27
19 20 0
19 21 5
19 22 49
19 23 50
19 25 6
19 26 25
19 27 55
19 28 42
19 29 53
19 30 17
19 31 18
19 32 59
19 33 28
19 34 36
19 35 31
19 36 51
19 37 34
19 38 56
19 39 29
19 41 10
19 42 1
19 43 8
19 44 3
19 45 2
19 47 24
19 49 54
19 50 43
19 51 16
19 52 20
19 53 26
19 54 40
19 55 15
19 56 48
19 57 4
19 59 12
20 0 17
20 1 15
20 2 30
20 3 45
20 4 48
20 6 41
20 7 28
20 8 58
20 9 9
20 10 55
20 11 51
20 13 0
20 14 16
20 15 50
20 16 25
20 17 46
20 18 20
20 19 4
20 21 7
20 22 57
20 24 52
20 25 13
20 27 39
20 28 26
20 30 6
20 31 23
20 32 43
20 33 18
20 34 34
20 35 11
20 36 33
20 38 47
20 39 37
20 40 56
20 42 21
20 44 27
20 45 59
20 46 32
20 47 38
20 48 35
20 50 5
20 51 31
20 52 8
20 53 54
20 54 14
20 55 3
20 56 42
20 57 1
20 59 36
21 0 31
21 1 23
21 3 6
21 5 3
21 6 40
21 7 2
21 8 42
21 9 49
21 10 11
21 11 38
21 12 4
21 13 58
21 14 37
21 15 24
21 16 19
21 17 15
21 18 36
21 19 50
21 20 14
21 21 41
21 22 44
21 23 43
21 26 32
21 27 34
21 28 17
21 29 10
21 30 57
21 31 55
21 32 47
21 33 46
21 34 18
21 36 20
21 37 39
21 38 54
21 39 52
21 40 16
21 41 30
21 42 0
21 43 22
21 44 12
21 45 48
21 46 56
21 47 26
21 48 21
21 49 7
21 50 33
21 51 59
21 53 35
21 54 51
21 55 29
21 56 25
21 57 9
21 59 13
22 0 4
22 1 1
22 2 36
22 4 53
22 5 48
22 8 7
22 9 32
22 10 56
22 11 59
22 13 42
22 14 33
22 15 14
22 18 50
22 19 37
22 20 13
22 21 27
22 22 6
22 24 38
22 27 57
22 28 11
22 30 3
22 32 25
22 33 12
22 34 31
22 35 54
22 36 15
22 37 2
22 39 0
22 41 17
22 42 49
22 43 39
22 44 18
22 46 20
22 47 43
22 49 34
22 50 24
22 51 45
22 52 29
22 53 10
22 55 46
22 56 19
22 57 40
22 58 30
23 0 26
23 1 51
23 5 37
23 6 28
23 7 18
23 8 32
23 11 46
23 13 50
23 14 38
23 17 47
23 18 35
23 20 3
23 22 24
23 23 19
23 24 30
23 29 6
23 30 15
23 31 52
23 32 17
23 33 9
23 34 58
23 35 57
23 36 44
23 37 31
23 39 25
23 40 39
23 41 8
23 42 14
23 43 5
23 44 20
23 45 49
23 46 36
23 47 33
23 48 7
23 49 13
23 50 16
23 51 23
23 52 22
23 53 27
23 54 56
23 55 10
23 56 29
23 57 11
23 58 34
24 0 39
24 1 22
24 2 35
24 3 53
24 4 23
24 6 57
24 7 40
24 8 29
24 9 33
24 13 54
24 14 47
24 15 59
24 17 48
24 20 37
24 22 20
24 23 14
24 25 38
24 26 7
24 27 28
24 28 31
24 30 25
24 31 15
24 32 16
24 33 24
24 34 27
24 35 34
24 36 4
24 37 21
24 39 12
24 42 36
24 43 6
24 45 44
24 46 52
24 48 19
24 49 55
24 51 56
24 52 13
24 53 30
24 54 8
24 55 50
24 56 10
24 57 0
24 58 1
25 0 2
25 1 16
25 3 48
25 4 17
25 5 54
25 6 12
25 7 25
25 10 49
25 11 11
25 13 6
25 14 56
25 15 20
25 16 15
25 17 23
25 18 39
25 19 8
25 20 47
25 21 35
25 23 13
25 25 43
25 27 7
25 30 42
25 31 19
25 32 31
25 33 44
25 34 28
25 35 24
25 36 53
25 37 0
25 38 59
25 39 38
25 40 37
25 41 51
25 43 52
25 44 10
25 45 50
25 46 27
25 47 3
25 48 4
25 49 58
25 50 40
25 51 5
25 52 14
25 53 18
25 55 34
25 56 36
25 57 55
25 59 26
26 0 51
26 1 12
26 4 3
26 5 21
26 6 44
26 7 41
26 8 48
26 9 20
26 10 15
26 11 47
26 12 37
26 14 46
26 16 58
26 17 22
26 18 9
26 19 30
26 20 35
26 21 8
26 22 28
26 23 55
26 25 2
26 27 50
26 28 39
26 29 54
26 30 36
26 31 38
26 32 24
26 33 33
26 34 25
26 35 0
26 36 29
26 37 40
26 39 53
26 40 23
26 41 31
26 42 7
26 43 13
26 45 14
26 46 19
26 48 18
26 49 6
26 50 45
26 53 43
26 54 11
26 55 27
26 56 17
26 57 59
26 58 49
27 0 37
27 1 7
27 3 4
27 5 8
27 7 22
27 8 50
27 9 6
27 10 19
27 11 13
27 12 16
27 13 5
27 15 49
27 16 29
27 17 27
27 20 58
27 22 45
27 23 12
27 27 43
27 28 0
27 29 15
27 30 2
27 32 56
27 33 40
27 34 1
27 35 9
27 36 10
27 38 38
27 39 21
27 40 31
27 41 24
27 42 51
27 44 46
27 45 34
27 46 59
27 47 18
27 48 20
27 49 14
27 50 47
27 52 25
27 53 36
27 54 30
27 55 54
27 56 28
27 57 23
27 58 32
27 59 44
28 0 20
28 1 24
28 2 27
28 3 10
28 4 41
28 5 14
28 7 12
28 9 16
28 10 53
28 11 8
28 13 43
28 14 9
28 15 29
28 16 37
28 17 7
28 18 31
28 19 33
28 20 44
28 21 32
28 24 13
28 25 18
28 26 26
28 27 51
28 28 49
28 29 0
28 30 59
28 31 39
28 32 28
28 33 25
28 34 17
28 36 19
28 37 3
28 38 58
28 40 15
28 41 2
28 42 38
28 43 35
28 44 54
28 45 30
28 46 5
28 47 40
28 48 42
28 49 52
28 50 57
28 51 50
28 53 46
28 54 48
28 55 36
28 56 47
28 57 34
28 58 56
28 59 22
29 0 30
29 1 41
29 2 22
29 4 28
29 6 15
29 7 3
29 8 2
29 9 38
29 10 8
29 11 27
29 12 32
29 13 23
29 14 14
29 15 46
29 16 56
29 18 18
29 19 59
29 20 16
29 22 12
29 23 49
29 24 31
29 25 53
29 26 11
29 27 0
29 28 50
29 29 57
29 30 13
29 31 29
29 33 43
29 34 26
29 35 45
29 36 25
29 37 24
29 38 33
29 39 47
29 40 1
29 41 48
29 43 34
29 44 19
29 46 21
29 47 52
29 48 37
29 49 40
29 50 54
29 51 35
29 52 39
29 53 5
29 54 20
29 55 58
29 56 7
29 57 36
29 58 55
29 59 10
30 0 41
30 1 3
30 3 32
30 5 58
30 6 25
30 7 46
30 8 6
30 10 59
30 11 34
30 12 30
30 13 51
30 14 57
30 15 13
30 17 4
30 18 5
30 19 53
30 20 36
30 21 19
30 22 40
30 23 35
30 24 21
30 25 52
30 26 2
30 27 18
30 30 9
30 31 33
30 32 1
30 33 11
30 36 8
30 38 0
30 39 49
30 40 26
30 41 29
30 42 23
30 44 22
30 46 17
30 48 12
30 49 28
30 50 56
30 51 7
30 53 20
30 54 24
30 55 31
30 57 38
30 58 15
31 1 35
31 2 11
31 3 42
31 4 22
31 5 17
31 7 6
31 8 24
31 9 54
31 10 12
31 11 40
31 13 3
31 14 20
31 15 27
31 16 21
31 17 5
31 18 57
31 19 7
31 20 34
31 21 39
31 22 38
31 24 48
31 26 41
31 27 32
31 28 51
31 29 14
31 30 10
31 32 52
31 33 29
31 35 44
31 37 15
31 38 36
31 39 45
31 40 49
31 41 50
31 42 13
31 44 47
31 45 43
31 46 1
31 47 25
31 49 37
31 50 58
31 51 8
31 52 2
31 53 59
31 55 18
31 56 9
31 58 23
32 0 35
32 2 43
32 3 7
32 4 12
32 5 29
32 6 31
32 7 17
32 8 22
32 10 38
32 11 5
32 12 10
32 13 13
32 14 19
32 16 53
32 17 26
32 18 48
32 19 32
32 20 42
32 21 0
32 22 39
32 23 18
32 24 25
32 26 57
32 27 9
32 28 40
32 29 52
32 30 11
32 31 50
32 32 23
32 33 56
32 34 21
32 35 27
32 36 3
32 37 16
32 38 1
32 39 8
32 40 2
32 42 46
32 45 54
32 47 6
32 48 36
32 49 47
32 50 59
32 51 24
32 52 41
32 53 58
32 54 55
32 55 14
32 56 15
32 57 45
32 58 37
32 59 51
33 0 42
33 1 28
33 2 25
33 3 19
33 4 4
33 5 56
33 9 13
33 10 22
33 11 55
33 12 51
33 13 36
33 14 11
33 16 0
33 17 32
33 18 47
33 19 6
33 22 58
33 24 37
33 25 30
33 26 17
33 28 27
33 29 29
33 31 59
33 32 44
33 33 1
33 34 7
33 35 26
33 36 50
33 38 35
33 39 24
33 40 10
33 41 16
33 44 15
33 45 12
33 46 49
33 47 14
33 48 45
33 50 8
33 51 39
33 53 57
33 54 33
33 55 41
33 56 18
33 58 48
33 59 3
34 0 9
34 1 39
34 2 55
34 3 38
34 4 36
34 6 51
34 7 32
34 8 1
34 9 53
34 10 35
34 12 20
34 13 7
34 14 43
34 17 45
34 18 13
34 20 5
34 21 56
34 22 52
34 24 42
34 25 27
34 26 0
34 28 54
34 31 14
34 32 15
34 33 48
34 34 59
34 35 10
34 36 17
34 38 11
34 40 8
34 41 21
34 42 44
34 43 49
34 44 28
34 45 3
34 46 37
34 47 41
34 48 23
34 49 12
34 50 46
34 51 6
34 52 31
34 53 34
34 54 22
34 56 40
34 58 57
34 59 24
35 1 52
35 2 19
35 3 49
35 4 46
35 5 40
35 8 45
35 9 37
35 10 20
35 11 54
35 12 47
35 14 44
35 15 10
35 17 39
35 18 28
35 19 13
35 20 23
35 22 17
35 23 3
35 24 15
35 25 1
35 26 43
35 30 48
35 31 2
35 33 16
35 34 53
35 35 59
35 36 30
35 37 9
35 38 57
35 39 36
35 40 18
35 41 5
35 42 24
35 43 25
35 44 38
35 45 27
35 46 4
35 47 31
35 48 6
35 49 22
35 50 50
35 51 51
35 52 35
35 54 26
35 55 11
35 56 34
35 57 21
35 58 41
35 59 7
36 0 24
36 2 52
36 5 23
36 6 5
36 8 56
36 9 51
36 10 43
36 11 4
36 12 14
36 13 46
36 15 39
36 16 3
36 17 40
36 18 42
36 19 12
36 20 54
36 21 33
36 22 15
36 23 25
36 24 0
36 25 28
36 26 19
36 27 8
36 28 9
36 29 41
36 30 53
36 31 27
36 33 17
36 34 20
36 35 36
36 36 11
36 37 6
36 38 16
36 39 22
36 40 48
36 41 32
36 42 57
36 43 59
36 44 21
36 46 45
36 47 44
36 48 26
36 49 18
36 50 29
36 51 47
36 52 34
36 53 31
36 56 2
36 57 7
36 58 58
36 59 1
37 0 40
37 2 14
37 4 47
37 5 55
37 6 32
37 7 1
37 10 37
37 11 9
37 12 24
37 13 16
37 14 8
37 15 48
37 16 27
37 17 31
37 18 59
37 19 18
37 20 33
37 21 4
37 22 42
37 23 53
37 24 54
37 26 21
37 27 13
37 28 30
37 29 38
37 31 10
37 32 12
37 33 50
37 35 7
37 36 34
37 37 56
37 39 51
37 40 43
37 41 20
37 42 22
37 43 44
37 45 6
37 46 28
37 47 0
37 48 25
37 50 2
37 51 11
37 52 45
37 53 29
37 55 49
37 56 5
37 58 19
37 59 23
38 0 14
38 1 38
38 3 29
38 4 27
38 5 59
38 6 10
38 7 49
38 9 55
38 10 40
38 11 15
38 12 19
38 13 12
38 14 21
38 15 37
38 16 41
38 17 9
38 18 43
38 19 2
38 20 20
38 22 22
38 25 31
38 28 18
38 29 16
38 30 54
38 31 46
38 32 57
38 33 0
38 34 13
38 35 47
38 36 26
38 38 52
38 39 17
38 40 3
38 41 45
38 42 48
38 43 53
38 44 56
38 45 36
38 46 51
38 47 8
38 49 24
38 52 28
38 53 23
38 54 58
38 55 42
38 56 32
38 57 33
38 59 50
39 0 48
39 1 33
39 2 17
39 3 0
39 4 42
39 5 30
39 6 16
39 7 8
39 8 39
39 9 15
39 13 29
39 14 18
39 15 23
39 16 13
39 18 44
39 19 21
39 20 32
39 21 28
39 22 35
39 23 6
39 25 46
39 26 51
39 27 10
39 29 9
39 30 12
39 31 26
39 33 47
39 35 14
39 36 22
39 37 58
39 39 11
39 40 38
39 41 19
39 42 45
39 43 31
39 44 37
39 45 56
39 46 50
39 47 20
39 48 3
39 49 43
39 50 34
39 51 2
39 52 52
39 53 40
39 54 7
39 55 4
39 56 1
39 57 53
39 58 25
39 59 59
40 0 10
40 1 42
40 2 39
40 3 12
40 4 0
40 5 1
40 6 11
40 8 59
40 9 31
40 10 13
40 11 20
40 12 56
40 13 30
40 14 26
40 16 32
40 17 14
40 18 3
40 19 45
40 22 21
40 23 44
40 24 18
40 25 55
40 26 36
40 27 23
40 29 37
40 30 34
40 32 38
40 34 40
40 35 28
40 38 22
40 39 50
40 40 33
40 41 9
40 43 46
40 44 7
40 45 41
40 46 53
40 47 47
40 49 35
40 51 27
40 52 24
40 53 19
40 55 57
40 57 49
40 58 29
40 59 58
41 0 25
41 1 26
41 3 31
41 4 38
41 5 16
41 6 34
41 7 23
41 8 28
41 9 48
41 10 10
41 11 36
41 12 54
41 13 18
41 15 56
41 16 42
41 17 57
41 18 8
41 19 44
41 20 24
41 23 39
41 25 32
41 26 12
41 27 37
41 28 53
41 29 11
41 30 50
41 31 3
41 32 30
41 33 52
41 34 43
41 36 47
41 38 5
41 39 41
41 40 6
41 41 14
41 42 35
41 43 29
41 44 1
41 45 21
41 46 2
41 47 59
41 48 22
41 49 4
41 50 27
41 54 0
41 55 13
41 56 33
41 57 58
41 58 20
41 59 45
42 1 30
42 3 59
42 4 49
42 5 33
42 6 48
42 8 46
42 9 25
42 10 32
42 11 56
42 15 26
42 16 40
42 18 24
42 19 22
42 20 19
42 21 2
42 22 37
42 23 16
42 24 29
42 25 14
42 26 23
42 27 12
42 28 28
42 29 18
42 30 47
42 31 5
42 33 31
42 34 44
42 35 35
42 36 57
42 37 7
42 41 55
42 42 50
42 43 38
42 46 6
42 48 34
42 49 41
42 50 20
42 51 13
42 52 3
42 53 21
42 54 17
42 56 4
42 58 43
43 0 18
43 3 2
43 5 38
43 6 58
43 7 53
43 8 3
43 9 8
43 10 45
43 11 16
43 12 5
43 13 19
43 14 4
43 16 34
43 18 55
43 21 6
43 22 32
43 24 33
43 27 36
43 28 15
43 29 59
43 30 22
43 31 12
43 32 49
43 33 13
43 34 23
43 35 48
43 37 46
43 38 43
43 39 27
43 40 42
43 41 28
43 42 39
43 43 50
43 44 30
43 46 40
43 47 56
43 48 47
43 49 17
43 50 26
43 52 51
43 54 52
43 55 21
43 56 57
43 57 44
43 58 31
43 59 14
44 0 3
44 1 54
44 2 50
44 3 20
44 4 34
44 5 18
44 6 2
44 7 27
44 10 47
44 12 13
44 13 57
44 14 22
44 15 40
44 16 49
44 18 10
44 19 19
44 20 38
44 21 14
44 22 48
44 23 45
44 24 53
44 25 7
44 26 44
44 27 56
44 30 16
44 32 32
44 33 15
44 35 4
44 36 58
44 37 35
44 38 30
44 39 26
44 41 52
44 42 25
44 43 11
44 45 29
44 46 43
44 47 17
44 48 9
44 50 51
44 53 41
44 54 31
44 55 39
44 56 0
44 57 28
44 58 42
44 59 5
45 1 18
45 3 37
45 4 25
45 6 13
45 7 21
45 8 41
45 9 29
45 10 39
45 11 31
45 12 15
45 13 9
45 14 55
45 17 49
45 18 23
45 19 51
45 21 59
45 23 33
45 24 44
45 25 56
45 26 48
45 27 54
45 28 6
45 29 8
45 30 32
45 31 28
45 32 50
45 34 22
45 36 14
45 40 19
45 41 35
45 44 40
45 45 53
45 46 34
45 47 36
45 48 16
45 49 27
45 51 12
45 52 43
45 53 3
45 54 46
45 55 26
45 56 24
45 57 5
45 58 10
45 59 47
46 1 25
46 2 4
46 3 50
46 4 58
46 5 15
46 6 37
46 7 24
46 8 54
46 9 59
46 10 51
46 11 1
46 13 21
46 14 31
46 15 32
46 16 36
46 17 16
46 18 29
46 19 20
46 20 26
46 21 9
46 22 30
46 23 27
46 24 39
46 25 17
46 26 35
46 27 2
46 28 38
46 29 23
46 33 41
46 35 3
46 36 52
46 37 28
46 38 8
46 39 5
46 40 14
46 42 6
46 44 42
46 45 11
46 46 10
46 47 13
46 49 48
46 51 40
46 52 49
46 53 56
46 54 43
46 55 55
46 56 22
46 57 46
46 58 33
46 59 53
47 1 14
47 3 25
47 4 54
47 5 51
47 6 24
47 7 20
47 8 10
47 9 47
47 10 46
47 11 7
47 12 50
47 13 52
47 16 11
47 17 0
47 18 34
47 20 39
47 21 13
47 22 16
47 24 4
47 25 5
47 26 45
47 28 56
47 30 33
47 31 43
47 32 21
47 33 35
47 34 41
47 35 30
47 36 32
47 38 12
47 39 15
47 40 53
47 41 26
47 42 59
47 43 55
47 45 19
47 46 22
47 47 28
47 48 2
47 50 42
47 52 17
47 53 48
47 54 27
47 55 40
47 56 23
47 57 37
47 58 3
48 0 54
48 1 37
48 2 1
48 3 11
48 5 47
48 6 18
48 7 15
48 8 9
48 9 35
48 10 5
48 11 43
48 14 27
48 15 36
48 16 45
48 17 52
48 19 38
48 20 59
48 22 56
48 23 34
48 24 14
48 25 16
48 26 3
48 27 25
48 28 19
48 29 50
48 30 23
48 31 49
48 32 29
48 34 42
48 35 8
48 36 0
48 38 4
48 39 32
48 42 17
48 43 30
48 44 13
48 45 26
48 46 44
48 47 57
48 49 33
48 50 21
48 52 46
48 53 51
48 54 39
48 56 31
48 57 6
48 58 2
48 59 48
49 0 33
49 2 46
49 4 1
49 6 29
49 7 5
49 8 49
49 9 12
49 10 28
49 12 38
49 13 59
49 17 19
49 18 27
49 21 37
49 22 26
49 23 40
49 24 17
49 25 34
49 26 31
49 28 25
49 29 43
49 30 35
49 31 16
49 33 32
49 35 56
49 36 36
49 37 41
49 39 3
49 41 58
49 42 54
49 43 45
49 44 51
49 45 13
49 46 0
49 47 22
49 48 8
49 49 9
49 50 23
49 51 15
49 52 4
49 53 14
49 55 7
49 56 55
49 57 57
49 58 47
49 59 21
50 0 1
50 1 57
50 2 31
50 4 19
50 5 35
50 7 9
50 9 14
50 10 29
50 11 50
50 12 49
50 13 8
50 14 23
50 15 21
50 16 24
50 17 59
50 18 46
50 19 42
50 20 56
50 21 55
50 22 54
50 23 51
50 24 28
50 25 48
50 26 27
50 29 26
50 31 47
50 32 22
50 33 2
50 34 0
50 36 6
50 37 10
50 38 34
50 39 13
50 40 20
50 42 15
50 43 40
50 45 33
50 46 3
50 47 11
50 48 32
50 49 45
50 50 41
50 52 37
50 53 12
50 54 53
50 55 5
50 56 43
50 57 25
51 0 58
51 3 39
51 4 13
51 5 49
51 7 59
51 8 19
51 9 40
51 10 42
51 11 21
51 14 36
51 17 18
51 18 45
51 19 43
51 20 1
51 21 50
51 24 2
51 25 20
51 26 56
51 27 27
51 28 35
51 29 34
51 30 7
51 32 3
51 33 26
51 34 24
51 35 37
51 36 23
51 37 30
51 38 53
51 39 9
51 40 4
51 41 0
51 42 52
51 43 54
51 44 11
51 45 47
51 46 29
51 49 15
51 50 55
51 51 33
51 52 57
51 53 38
51 54 28
51 55 44
51 56 14
51 57 16
51 58 12
51 59 25
52 0 56
52 1 31
52 2 45
52 3 14
52 4 29
52 5 5
52 6 59
52 8 43
52 9 50
52 10 3
52 11 24
52 12 33
52 13 32
52 14 28
52 15 55
52 16 26
52 17 30
52 19 40
52 21 21
52 22 19
52 23 41
52 24 6
52 25 25
52 26 49
52 28 34
52 29 13
52 30 4
52 31 37
52 34 38
52 35 53
52 37 17
52 40 9
52 41 1
52 43 0
52 44 44
52 45 16
52 46 7
52 47 15
52 49 39
52 51 22
52 52 10
52 54 42
52 55 35
52 56 12
52 59 8
53 0 34
53 2 49
53 3 3
53 4 40
53 5 25
53 6 56
53 7 10
53 8 31
53 10 30
53 11 48
53 13 15
53 14 13
53 15 6
53 16 50
53 17 28
53 18 12
53 19 17
53 20 29
53 21 38
53 22 2
53 23 59
53 24 9
53 25 11
53 26 8
53 27 5
53 29 1
53 30 43
53 31 36
53 32 33
53 35 42
53 37 14
53 38 24
53 39 19
53 40 44
53 41 23
53 42 47
53 43 18
53 45 45
53 46 57
53 47 37
53 48 53
53 49 26
53 50 7
53 51 54
53 52 0
53 53 4
53 54 32
53 55 51
53 56 20
53 57 52
53 58 21
53 59 16
54 0 21
54 1 19
54 2 2
54 3 18
54 4 7
54 5 0
54 6 8
54 7 42
54 8 11
54 9 34
54 10 58
54 11 28
54 12 44
54 13 55
54 14 30
54 15 35
54 16 6
54 17 13
54 18 16
54 19 24
54 20 52
54 22 46
54 24 45
54 25 9
54 26 14
54 29 5
54 30 49
54 31 51
54 32 41
54 33 27
54 34 47
54 35 23
54 36 56
54 37 20
54 38 29
54 39 48
54 40 12
54 41 57
54 42 10
54 44 25
54 45 40
54 46 54
54 47 4
54 49 53
54 51 43
54 52 36
54 54 59
54 56 39
54 58 38
54 59 33
55 0 12
55 1 50
55 3 54
55 4 33
55 5 2
55 7 16
55 9 23
55 12 6
55 14 32
55 15 45
55 16 7
55 17 41
55 18 26
55 19 1
55 20 57
55 21 58
55 22 11
55 23 37
55 25 15
55 26 59
55 27 40
55 28 52
55 29 3
55 30 51
55 31 34
55 32 36
55 33 14
55 34 46
55 35 22
55 37 55
55 38 31
55 40 47
55 41 42
55 43 4
55 44 35
55 45 17
55 46 39
55 47 27
55 48 43
55 49 0
55 50 10
55 51 25
55 52 30
55 53 13
55 55 38
55 56 21
55 57 56
55 58 8
56 1 45
56 2 5
56 4 21
56 5 41
56 6 7
56 7 29
56 8 40
56 9 39
56 10 0
56 11 3
56 12 42
56 13 14
56 14 58
56 15 2
56 16 20
56 17 1
56 18 37
56 19 23
56 20 25
56 21 17
56 22 47
56 23 52
56 24 8
56 25 49
56 27 15
56 29 4
56 30 27
56 31 44
56 33 54
56 34 11
56 36 24
56 37 33
56 39 35
56 40 34
56 41 56
56 42 55
56 43 36
56 44 6
56 45 22
56 46 26
56 47 30
56 48 28
56 50 12
56 51 10
56 52 16
56 53 53
56 54 18
56 55 43
56 56 38
56 57 13
56 58 50
57 0 50
57 1 36
57 2 54
57 3 1
57 4 57
57 5 6
57 7 30
57 8 13
57 10 14
57 11 52
57 14 45
57 15 9
57 16 17
57 17 2
57 18 56
57 19 34
57 22 8
57 23 4
57 24 26
57 25 24
57 26 22
57 27 49
57 28 58
57 29 31
57 30 0
57 31 20
57 32 19
57 33 5
57 35 25
57 36 38
57 37 12
57 38 7
57 40 41
57 41 15
57 42 11
57 43 27
57 44 33
57 45 35
57 48 51
57 49 3
57 52 59
57 53 37
57 54 47
57 55 28
57 56 46
57 57 10
57 58 16
57 59 29
58 0 47
58 1 5
58 2 44
58 3 21
58 4 51
58 6 35
58 7 36
58 8 27
58 9 28
58 10 50
58 11 6
58 12 31
58 13 17
58 14 42
58 15 12
58 18 58
58 19 10
58 20 55
58 21 30
58 26 29
58 27 48
58 28 4
58 29 25
58 31 40
58 32 9
58 33 45
58 34 3
58 35 38
58 36 39
58 37 43
58 39 57
58 40 46
58 41 11
58 42 37
58 43 56
58 44 2
58 46 24
58 47 53
58 48 33
58 52 32
58 53 0
58 54 41
58 55 59
58 56 8
58 57 14
58 58 13
58 59 18
59 0 16
59 1 53
59 3 55
59 5 31
59 6 1
59 7 13
59 8 5
59 9 58
59 10 23
59 13 44
59 14 54
59 15 22
59 16 38
59 19 28
59 20 27
59 21 26
59 22 33
59 23 32
59 24 47
59 25 21
59 26 46
59 27 11
59 28 2
59 30 20
59 32 45
59 33 19
59 34 9
59 35 12
59 37 18
59 38 48
59 39 34
59 40 59
59 41 43
59 42 40
59 43 51
59 44 24
59 45 39
59 46 25
59 47 29
59 49 30
59 50 6
59 51 3
59 52 7
59 54 57
59 55 17
59 56 41
59 57 8
59 58 0
59 59 37
