70
0 1 41
0 4 55
0 5 45
0 6 35
0 8 53
0 9 68
0 10 49
0 12 63
0 18 29
0 19 1
0 20 17
0 21 21
0 23 51
0 24 27
0 26 64
0 28 62
0 29 66
0 31 26
0 32 48
0 33 11
0 34 18
0 35 0
0 36 2
0 38 37
0 39 69
0 41 39
0 42 50
0 46 6
0 47 23
0 48 3
0 49 36
0 50 33
0 51 25
0 53 28
0 54 8
0 55 19
0 57 20
0 59 7
0 60 58
0 61 34
0 65 42
0 66 59
0 67 56
0 68 67
0 69 15
1 0 66
1 1 19
1 5 54
1 6 56
1 8 34
1 9 53
1 12 49
1 13 40
1 16 24
1 21 42
1 24 23
1 26 13
1 29 14
1 33 20
1 34 44
1 35 61
1 36 57
1 39 50
1 40 4
1 42 51
1 46 69
1 54 27
1 55 35
1 57 38
1 60 3
1 62 29
1 64 65
1 65 64
1 67 59
1 68 62
2 1 40
2 3 69
2 5 10
2 7 1
2 8 13
2 10 54
2 12 19
2 13 59
2 14 12
2 17 48
2 20 38
2 22 23
2 24 9
2 25 47
2 26 20
2 28 50
2 29 53
2 31 18
2 32 3
2 33 27
2 38 2
2 39 7
2 44 17
2 45 63
2 47 46
2 49 42
2 51 8
2 54 44
2 60 33
2 62 30
2 63 61
2 65 65
2 66 43
2 69 62
3 0 21
3 1 35
3 2 68
3 3 62
3 6 32
3 7 53
3 8 46
3 10 4
3 12 22
3 15 47
3 16 33
3 17 15
3 19 63
3 20 18
3 21 66
3 23 16
3 24 36
3 25 38
3 26 2
3 27 23
3 29 55
3 30 59
3 31 54
3 32 57
3 33 13
3 35 26
3 39 0
3 40 3
3 43 40
3 44 5
3 47 7
3 48 58
3 49 52
3 50 6
3 53 56
3 55 48
3 56 60
3 57 61
3 59 44
3 60 9
3 63 25
3 65 69
3 67 12
4 0 58
4 1 50
4 2 42
4 8 68
4 9 0
4 10 30
4 13 32
4 15 66
4 16 47
4 18 20
4 23 8
4 24 5
4 25 59
4 26 18
4 27 40
4 28 10
4 29 36
4 30 14
4 31 19
4 33 44
4 34 65
4 37 22
4 40 54
4 41 52
4 43 2
4 44 25
4 46 41
4 47 11
4 50 53
4 51 35
4 52 26
4 55 24
4 57 51
4 58 23
4 59 69
4 60 60
4 61 6
4 62 43
4 64 57
5 0 59
5 1 17
5 2 28
5 3 50
5 4 62
5 5 46
5 8 1
5 10 67
5 11 64
5 15 14
5 17 40
5 18 33
5 19 25
5 22 27
5 23 55
5 24 39
5 26 58
5 29 56
5 30 38
5 33 26
5 34 60
5 36 41
5 39 34
5 40 19
5 43 13
5 45 54
5 46 53
5 50 18
5 53 21
5 55 4
5 58 47
5 61 57
5 68 35
6 0 39
6 10 46
6 11 14
6 12 38
6 13 4
6 15 49
6 16 55
6 18 66
6 20 37
6 21 5
6 22 57
6 23 7
6 24 18
6 25 30
6 31 0
6 32 65
6 33 25
6 36 52
6 37 59
6 39 67
6 40 42
6 41 10
6 42 1
6 45 45
6 48 17
6 49 23
6 53 19
6 56 28
6 60 13
6 61 32
6 62 56
6 63 41
6 64 43
6 65 51
6 67 21
7 0 45
7 8 52
7 9 9
7 10 15
7 11 32
7 12 39
7 13 31
7 15 61
7 17 34
7 18 28
7 20 0
7 24 25
7 26 16
7 30 48
7 31 49
7 34 11
7 37 35
7 39 1
7 40 37
7 44 65
7 45 20
7 46 30
7 47 56
7 48 23
7 49 58
7 51 27
7 52 4
7 54 7
7 56 43
7 59 6
7 62 8
7 64 12
7 66 44
7 67 66
7 68 3
7 69 63
8 1 11
8 4 50
8 9 40
8 11 60
8 12 10
8 16 4
8 17 35
8 21 56
8 22 28
8 23 5
8 24 31
8 25 58
8 26 14
8 28 1
8 30 44
8 36 9
8 37 30
8 38 46
8 39 23
8 44 16
8 49 13
8 50 57
8 51 69
8 52 63
8 53 64
8 54 32
8 55 0
8 56 51
8 57 12
8 58 59
8 63 6
8 66 21
8 67 41
9 1 1
9 2 47
9 6 52
9 9 3
9 12 7
9 13 33
9 14 0
9 17 4
9 20 5
9 25 68
9 26 65
9 28 60
9 29 43
9 32 28
9 38 55
9 40 69
9 42 37
9 47 42
9 48 36
9 51 26
9 53 29
9 55 2
9 56 44
9 59 18
9 63 21
9 68 19
10 0 24
10 2 2
10 4 6
10 5 30
10 6 48
10 7 19
10 11 68
10 17 37
10 18 62
10 21 63
10 24 0
10 25 43
10 26 17
10 27 65
10 28 22
10 29 9
10 34 42
10 38 18
10 39 59
10 40 11
10 41 7
10 42 52
10 47 3
10 51 33
10 52 46
10 55 28
10 56 23
10 61 51
10 63 55
10 64 29
10 65 60
10 68 1
10 69 31
11 0 33
11 1 66
11 2 24
11 3 12
11 5 56
11 8 36
11 17 18
11 19 60
11 20 61
11 24 59
11 29 28
11 31 1
11 33 23
11 35 19
11 38 26
11 39 49
11 40 62
11 41 64
11 44 4
11 45 27
11 46 20
11 49 35
11 50 14
11 51 58
11 52 42
11 53 11
11 55 21
11 56 41
11 57 48
11 58 3
11 59 54
11 60 55
11 62 69
11 63 13
11 64 15
11 65 6
11 66 51
11 69 47
12 4 58
12 5 52
12 6 24
12 7 69
12 8 45
12 10 16
12 11 43
12 13 15
12 15 19
12 16 34
12 18 13
12 20 30
12 21 51
12 22 8
12 23 10
12 24 42
12 25 0
12 28 59
12 29 4
12 33 35
12 34 61
12 35 32
12 36 48
12 39 17
12 40 68
12 42 9
12 45 21
12 47 66
12 48 57
12 49 38
12 51 1
12 53 65
12 57 41
12 60 26
12 61 14
12 63 22
12 64 62
12 66 11
12 68 44
13 0 46
13 3 40
13 5 31
13 6 36
13 11 35
13 12 16
13 13 53
13 14 47
13 16 13
13 17 8
13 19 39
13 20 14
13 21 43
13 22 45
13 23 60
13 25 29
13 26 19
13 27 58
13 29 67
13 33 38
13 37 61
13 41 65
13 45 30
13 48 11
13 50 50
13 51 64
13 52 10
13 54 51
13 55 55
13 58 28
13 61 69
13 65 15
13 66 17
13 68 68
13 69 26
14 0 48
14 1 16
14 3 20
14 4 33
14 5 35
14 8 26
14 10 44
14 13 25
14 14 29
14 16 22
14 18 36
14 21 8
14 22 52
14 26 45
14 27 50
14 28 43
14 29 62
14 30 55
14 32 4
14 34 17
14 35 34
14 37 27
14 38 53
14 40 60
14 45 7
14 46 3
14 48 39
14 50 41
14 53 47
14 55 56
14 56 59
14 62 67
14 64 42
14 66 37
14 69 9
15 0 13
15 1 47
15 4 26
15 5 68
15 7 27
15 8 69
15 9 8
15 10 38
15 11 1
15 12 9
15 14 37
15 17 0
15 18 23
15 19 34
15 20 25
15 22 66
15 23 11
15 24 30
15 27 31
15 29 7
15 30 32
15 31 39
15 32 63
15 35 50
15 41 35
15 44 46
15 45 12
15 50 22
15 53 58
15 54 17
15 57 64
15 59 60
15 60 28
15 62 54
15 63 62
15 64 51
15 67 4
15 69 44
16 1 26
16 2 66
16 3 59
16 5 43
16 8 5
16 11 36
16 13 62
16 14 30
16 15 4
16 20 65
16 22 37
16 23 25
16 26 29
16 27 0
16 29 6
16 30 64
16 31 35
16 34 68
16 35 47
16 38 32
16 39 15
16 42 20
16 48 22
16 49 24
16 50 27
16 56 57
16 57 14
16 58 48
16 59 61
16 60 41
16 61 19
16 62 28
16 64 38
16 68 52
16 69 10
17 2 34
17 3 7
17 4 3
17 9 49
17 11 41
17 12 68
17 16 9
17 19 24
17 21 22
17 22 0
17 23 23
17 26 39
17 29 65
17 31 27
17 37 11
17 38 54
17 39 30
17 40 43
17 41 8
17 43 42
17 45 55
17 46 5
17 50 37
17 51 15
17 52 52
17 53 17
17 54 2
17 55 66
17 56 69
17 58 13
17 63 26
17 65 61
17 67 38
18 0 14
18 1 68
18 3 49
18 5 27
18 7 0
18 8 10
18 9 54
18 10 42
18 11 6
18 12 55
18 17 2
18 20 12
18 21 64
18 22 48
18 23 52
18 25 46
18 28 19
18 30 15
18 31 7
18 32 23
18 34 30
18 35 29
18 38 21
18 39 53
18 44 41
18 45 65
18 47 67
18 48 66
18 51 44
18 58 69
18 60 34
18 61 4
18 63 3
18 64 36
18 66 22
18 67 47
18 68 28
18 69 32
19 3 0
19 5 61
19 9 41
19 11 11
19 12 57
19 15 5
19 18 12
19 19 27
19 20 34
19 21 40
19 22 25
19 24 15
19 28 4
19 30 69
19 31 31
19 32 64
19 33 46
19 35 33
19 36 54
19 39 48
19 45 29
19 48 55
19 49 62
19 50 7
19 53 30
19 54 42
19 56 3
19 57 47
19 61 49
19 62 39
19 64 53
19 65 36
20 3 25
20 5 58
20 6 39
20 7 61
20 8 3
20 9 55
20 10 7
20 15 38
20 17 57
20 20 59
20 26 63
20 31 12
20 32 51
20 34 28
20 39 35
20 41 0
20 42 47
20 46 40
20 47 2
20 48 68
20 50 34
20 53 53
20 54 46
20 55 42
20 58 17
20 60 66
20 63 16
20 64 1
20 65 5
20 68 64
20 69 54
21 1 48
21 3 28
21 5 4
21 6 13
21 10 57
21 12 44
21 13 2
21 14 26
21 15 58
21 17 45
21 18 49
21 19 54
21 20 16
21 21 7
21 23 29
21 25 6
21 26 21
21 30 46
21 32 11
21 33 37
21 36 19
21 38 31
21 39 68
21 41 23
21 42 64
21 44 33
21 45 25
21 50 62
21 51 47
21 57 0
21 58 12
21 60 22
21 62 36
21 63 17
21 66 10
22 0 67
22 2 32
22 5 48
22 6 29
22 7 22
22 10 35
22 12 12
22 13 51
22 14 65
22 16 39
22 19 56
22 23 45
22 24 19
22 25 18
22 26 7
22 29 61
22 30 6
22 33 47
22 34 66
22 36 13
22 37 63
22 38 68
22 39 60
22 40 20
22 41 1
22 42 11
22 43 27
22 45 69
22 49 55
22 54 28
22 55 50
22 56 58
22 57 57
22 58 25
22 59 42
22 62 40
22 64 2
22 65 21
22 68 30
22 69 52
23 2 27
23 3 57
23 4 23
23 5 16
23 7 41
23 9 6
23 11 42
23 12 26
23 17 25
23 18 9
23 22 21
23 23 61
23 26 4
23 29 18
23 31 38
23 32 54
23 34 14
23 35 39
23 37 44
23 38 20
23 39 12
23 41 60
23 42 46
23 45 24
23 47 15
23 49 56
23 50 10
23 53 50
23 54 36
23 57 52
23 58 32
23 60 8
23 62 66
23 64 63
24 2 45
24 3 32
24 5 36
24 7 11
24 8 43
24 12 33
24 13 64
24 16 21
24 17 12
24 20 68
24 22 44
24 25 55
24 26 57
24 30 13
24 31 61
24 33 15
24 34 22
24 36 66
24 37 52
24 40 47
24 41 56
24 44 30
24 47 14
24 49 20
24 50 17
24 51 51
24 52 1
24 55 23
24 61 24
24 63 58
24 67 65
25 1 14
25 5 37
25 6 30
25 9 12
25 13 20
25 14 3
25 15 2
25 16 69
25 17 60
25 19 67
25 20 21
25 23 31
25 25 45
25 30 16
25 32 52
25 34 47
25 36 1
25 42 39
25 47 17
25 49 59
25 51 43
25 53 66
25 54 68
25 55 18
25 57 56
25 58 9
25 59 64
25 62 42
25 64 5
25 65 4
25 66 40
25 69 24
26 0 0
26 1 8
26 8 65
26 9 63
26 11 66
26 14 14
26 19 9
26 24 50
26 25 15
26 26 43
26 27 19
26 29 35
26 30 29
26 32 27
26 33 34
26 35 46
26 38 22
26 41 18
26 44 54
26 46 68
26 47 13
26 50 2
26 59 3
26 60 42
26 64 59
26 65 52
26 66 47
26 68 7
26 69 23
27 1 7
27 3 26
27 8 33
27 10 28
27 13 13
27 15 0
27 16 67
27 23 43
27 27 36
27 28 65
27 29 25
27 30 3
27 31 62
27 32 32
27 35 2
27 36 55
27 39 54
27 45 6
27 52 45
27 53 5
27 54 61
27 56 16
27 57 42
27 60 35
27 66 9
27 69 41
28 1 13
28 3 66
28 4 54
28 8 32
28 11 39
28 13 61
28 14 21
28 15 46
28 16 60
28 17 7
28 19 6
28 24 4
28 25 26
28 26 28
28 27 18
28 28 12
28 30 67
28 31 42
28 32 55
28 33 52
28 36 56
28 37 20
28 38 24
28 40 10
28 41 5
28 43 0
28 47 64
28 56 25
28 57 23
28 58 36
28 62 9
28 64 44
28 66 38
28 68 8
28 69 53
29 1 32
29 2 18
29 3 35
29 4 44
29 6 65
29 8 25
29 10 39
29 12 6
29 14 34
29 15 57
29 16 58
29 18 53
29 20 41
29 21 3
29 24 69
29 26 27
29 29 16
29 34 7
29 35 56
29 41 26
29 44 64
29 46 2
29 47 9
29 49 33
29 52 67
29 53 45
29 54 15
29 57 46
29 58 1
29 60 37
29 63 43
29 64 8
29 65 11
29 66 31
29 68 49
30 3 46
30 4 21
30 5 64
30 6 45
30 7 42
30 11 62
30 14 56
30 19 51
30 20 1
30 23 67
30 24 24
30 26 40
30 27 30
30 29 69
30 31 25
30 39 52
30 47 43
30 48 29
30 50 44
30 52 36
30 56 17
30 57 10
30 59 53
30 60 39
30 61 48
30 64 34
30 65 59
30 66 65
30 67 15
30 68 31
30 69 12
31 1 44
31 3 4
31 4 40
31 7 34
31 9 64
31 10 60
31 13 26
31 14 66
31 15 62
31 16 28
31 22 42
31 25 53
31 26 47
31 27 69
31 28 68
31 29 3
31 30 17
31 33 2
31 35 9
31 37 57
31 41 45
31 43 51
31 44 14
31 46 19
31 47 48
31 49 49
31 52 16
31 60 10
31 61 31
31 62 22
31 64 32
31 68 21
32 1 0
32 2 58
32 3 16
32 5 69
32 6 63
32 9 18
32 10 43
32 13 19
32 15 29
32 16 23
32 17 68
32 19 40
32 20 52
32 25 25
32 26 12
32 28 33
32 32 20
32 33 60
32 35 48
32 36 53
32 37 36
32 38 30
32 44 13
32 46 24
32 47 26
32 49 11
32 50 35
32 51 2
32 52 41
32 59 55
32 61 5
32 62 61
32 64 37
32 69 59
33 1 42
33 2 50
33 8 67
33 10 59
33 12 1
33 15 64
33 17 32
33 23 21
33 24 6
33 25 37
33 27 20
33 30 9
33 31 51
33 32 45
33 33 10
33 34 0
33 37 34
33 38 27
33 39 26
33 41 22
33 43 43
33 44 39
33 48 63
33 51 38
33 53 55
33 55 52
33 56 35
33 57 60
33 59 8
33 60 68
33 61 11
33 62 17
33 66 41
33 67 7
34 0 53
34 2 48
34 3 61
34 13 7
34 15 37
34 16 8
34 17 9
34 18 64
34 21 35
34 22 19
34 24 22
34 26 25
34 28 51
34 29 10
34 32 38
34 33 58
34 37 23
34 39 3
34 40 13
34 42 54
34 43 4
34 44 50
34 45 67
34 49 1
34 50 24
34 51 60
34 56 30
34 62 46
34 63 11
34 67 14
34 68 15
35 2 20
35 4 65
35 7 31
35 8 51
35 11 2
35 12 24
35 14 1
35 17 41
35 18 47
35 19 10
35 20 67
35 22 9
35 25 3
35 26 42
35 27 54
35 28 46
35 29 68
35 31 48
35 36 44
35 37 64
35 42 12
35 44 15
35 45 26
35 48 59
35 49 21
35 50 60
35 51 40
35 52 58
35 56 7
35 57 69
35 59 32
35 60 38
35 62 23
35 64 35
35 65 53
35 68 16
35 69 17
36 2 10
36 4 18
36 7 14
36 8 7
36 12 60
36 13 9
36 14 5
36 16 61
36 17 13
36 19 28
36 20 46
36 21 41
36 22 4
36 25 34
36 27 1
36 28 36
36 29 42
36 32 40
36 33 45
36 36 31
36 37 49
36 39 62
36 42 24
36 43 22
36 45 38
36 48 0
36 52 21
36 53 39
36 54 20
36 56 68
36 57 27
36 63 47
36 66 64
36 67 30
36 68 43
36 69 33
37 0 55
37 2 44
37 4 10
37 6 22
37 8 54
37 10 52
37 11 69
37 12 47
37 13 43
37 14 48
37 23 0
37 24 65
37 25 16
37 34 23
37 36 28
37 39 19
37 40 8
37 45 46
37 46 42
37 47 18
37 48 15
37 49 7
37 50 45
37 52 62
37 54 53
37 55 31
37 57 29
37 58 20
37 59 38
37 63 66
37 64 56
37 65 27
37 66 61
37 67 6
37 68 32
37 69 35
38 3 41
38 6 46
38 9 65
38 12 58
38 13 11
38 14 18
38 17 42
38 18 51
38 19 12
38 22 5
38 25 50
38 26 44
38 27 10
38 33 30
38 34 37
38 35 15
38 37 45
38 38 33
38 39 16
38 41 19
38 42 43
38 44 28
38 45 64
38 51 22
38 53 34
38 55 32
38 57 66
38 58 29
38 62 21
38 63 4
38 67 60
38 69 8
39 1 56
39 2 67
39 6 8
39 11 25
39 16 27
39 19 35
39 20 3
39 24 11
39 25 36
39 29 5
39 30 4
39 36 69
39 38 64
39 39 18
39 41 58
39 42 32
39 43 46
39 44 0
39 49 57
39 51 49
39 52 37
39 54 60
39 58 68
39 60 52
39 65 33
39 67 50
39 68 12
39 69 40
40 1 54
40 3 22
40 4 67
40 5 0
40 9 5
40 12 4
40 13 1
40 14 58
40 15 36
40 16 62
40 17 50
40 18 27
40 19 43
40 20 32
40 22 53
40 23 15
40 24 41
40 25 61
40 29 46
40 33 3
40 34 12
40 36 7
40 38 39
40 45 48
40 48 16
40 49 17
40 50 11
40 51 34
40 54 9
40 55 14
40 56 10
40 59 25
40 60 24
40 62 18
40 64 33
40 68 40
40 69 66
41 0 61
41 3 68
41 5 1
41 7 46
41 9 48
41 10 31
41 11 23
41 12 15
41 13 49
41 15 32
41 17 30
41 18 4
41 19 7
41 20 24
41 21 12
41 22 11
41 24 62
41 26 0
41 27 56
41 29 59
41 31 33
41 32 60
41 34 25
41 35 65
41 36 40
41 37 39
41 38 3
41 40 6
41 41 42
41 42 8
41 47 69
41 48 27
41 49 66
41 51 13
41 53 10
41 55 54
41 56 50
41 58 2
41 59 22
41 61 63
41 63 19
41 64 58
41 66 20
42 0 3
42 6 62
42 7 29
42 8 57
42 9 32
42 10 33
42 12 18
42 14 20
42 15 9
42 16 54
42 19 11
42 22 49
42 24 66
42 25 1
42 27 27
42 28 0
42 29 50
42 30 51
42 33 8
42 34 67
42 36 17
42 39 25
42 40 48
42 41 61
42 42 58
42 45 2
42 48 21
42 51 24
42 52 65
42 53 22
42 57 5
42 59 14
42 61 40
42 64 46
42 66 12
43 0 68
43 4 38
43 5 14
43 8 19
43 11 53
43 15 16
43 16 26
43 17 52
43 18 63
43 19 21
43 20 49
43 23 42
43 26 51
43 28 55
43 33 62
43 36 12
43 38 57
43 39 45
43 40 24
43 44 48
43 45 23
43 47 36
43 49 67
43 51 65
43 57 22
43 58 11
43 59 56
43 60 5
43 63 8
43 64 13
43 66 2
43 68 25
43 69 28
44 1 63
44 2 41
44 3 64
44 4 5
44 5 3
44 7 30
44 9 15
44 10 21
44 11 0
44 14 17
44 15 44
44 16 20
44 18 42
44 20 6
44 22 34
44 29 29
44 30 24
44 31 36
44 32 47
44 33 39
44 34 69
44 35 1
44 39 58
44 42 4
44 44 26
44 45 11
44 46 18
44 50 51
44 52 35
44 53 43
44 54 65
44 56 32
44 57 40
44 58 60
44 59 13
44 60 31
44 62 19
44 65 67
44 67 33
44 68 53
44 69 7
45 0 19
45 8 15
45 9 33
45 10 1
45 11 52
45 15 30
45 18 17
45 24 63
45 26 62
45 28 49
45 29 0
45 30 23
45 31 13
45 33 42
45 34 26
45 35 27
45 37 54
45 38 12
45 40 35
45 41 36
45 42 28
45 47 5
45 49 53
45 51 56
45 53 69
45 54 38
45 55 67
45 57 68
45 58 16
45 60 40
45 62 41
45 66 58
45 68 50
45 69 4
46 2 21
46 3 1
46 4 22
46 6 31
46 7 58
46 11 19
46 12 42
46 16 66
46 18 15
46 19 33
46 20 20
46 22 56
46 23 13
46 25 32
46 27 43
46 28 3
46 29 2
46 30 12
46 33 4
46 35 24
46 36 67
46 37 5
46 38 25
46 40 59
46 45 51
46 46 38
46 49 18
46 50 65
46 57 17
46 59 63
46 64 9
46 65 55
46 66 53
46 67 35
46 69 30
47 1 60
47 2 69
47 4 7
47 6 34
47 8 6
47 9 21
47 10 41
47 11 45
47 12 29
47 13 39
47 14 2
47 15 28
47 16 43
47 17 51
47 18 61
47 24 26
47 25 56
47 26 59
47 29 23
47 32 16
47 33 33
47 35 53
47 37 17
47 38 10
47 39 9
47 40 67
47 43 12
47 45 40
47 46 49
47 47 35
47 48 19
47 51 36
47 52 48
47 54 64
47 56 5
47 57 32
47 60 44
47 62 1
47 63 20
47 64 25
47 65 38
48 0 63
48 1 65
48 2 37
48 3 43
48 4 11
48 7 15
48 8 23
48 10 20
48 11 33
48 13 34
48 15 31
48 16 56
48 17 17
48 19 61
48 21 54
48 23 1
48 24 49
48 29 27
48 30 28
48 31 68
48 32 62
48 38 41
48 43 14
48 44 42
48 45 3
48 50 21
48 53 12
48 57 36
48 60 30
48 63 9
48 69 29
49 5 11
49 7 24
49 12 37
49 13 10
49 15 3
49 16 19
49 17 59
49 19 4
49 20 2
49 21 17
49 29 32
49 30 63
49 32 15
49 36 42
49 38 34
49 39 21
49 42 35
49 43 65
49 45 66
49 46 36
49 47 60
49 49 47
49 52 22
49 53 31
49 55 68
49 56 52
49 57 55
49 58 26
49 59 12
49 60 43
49 62 0
49 63 38
49 64 64
49 65 16
49 69 49
50 2 15
50 3 19
50 7 8
50 8 61
50 9 47
50 11 30
50 14 63
50 15 55
50 17 24
50 18 50
50 19 66
50 21 9
50 24 56
50 27 49
50 28 2
50 29 40
50 30 36
50 32 33
50 33 41
50 34 38
50 40 27
50 41 68
50 44 3
50 47 0
50 48 26
50 49 43
50 51 7
50 53 67
50 58 10
50 62 44
50 63 64
50 65 12
50 66 29
50 68 14
51 0 5
51 2 26
51 4 16
51 6 7
51 8 18
51 9 28
51 11 12
51 14 59
51 15 41
51 16 11
51 18 55
51 19 31
51 20 33
51 21 52
51 22 65
51 26 56
51 27 53
51 31 69
51 33 1
51 34 43
51 35 23
51 36 10
51 37 60
51 38 17
51 39 27
51 41 29
51 42 38
51 43 54
51 44 62
51 45 9
51 48 8
51 49 61
51 51 3
51 53 49
51 55 40
51 57 50
51 58 19
51 60 0
51 61 36
51 62 48
51 63 15
51 65 14
51 66 46
51 68 24
52 0 64
52 1 30
52 2 38
52 5 55
52 8 27
52 9 59
52 11 26
52 14 46
52 15 69
52 18 60
52 20 22
52 21 47
52 22 1
52 25 19
52 29 21
52 30 50
52 34 54
52 36 20
52 37 4
52 38 66
52 41 28
52 43 25
52 44 36
52 45 35
52 48 2
52 49 40
52 50 31
52 51 14
52 53 68
52 54 23
52 55 63
52 56 6
52 57 24
52 61 42
52 63 7
52 64 41
52 66 56
52 67 53
52 69 57
53 0 12
53 1 27
53 2 22
53 3 56
53 4 25
53 6 4
53 7 49
53 9 16
53 11 13
53 12 52
53 14 60
53 15 20
53 16 32
53 17 38
53 18 5
53 19 37
53 21 69
53 27 9
53 29 44
53 31 58
53 33 28
53 34 10
53 35 64
53 37 62
53 38 43
53 39 2
53 40 45
53 43 24
53 45 57
53 48 51
53 50 3
53 53 46
53 55 1
53 56 42
53 57 18
53 58 35
53 59 19
53 62 33
53 64 61
53 65 23
53 67 54
53 68 59
54 1 29
54 3 37
54 5 5
54 9 26
54 11 38
54 12 14
54 14 22
54 18 35
54 20 56
54 21 0
54 25 63
54 28 21
54 31 2
54 32 1
54 35 67
54 37 41
54 38 49
54 39 20
54 40 25
54 44 8
54 49 31
54 51 42
54 53 33
54 57 39
54 59 65
54 62 55
54 63 23
54 64 11
54 65 46
54 66 60
55 1 58
55 2 63
55 3 9
55 4 35
55 6 19
55 9 36
55 11 44
55 15 33
55 20 42
55 22 7
55 23 4
55 24 2
55 28 66
55 29 52
55 31 55
55 35 30
55 36 45
55 41 6
55 44 29
55 46 10
55 47 53
55 48 34
55 50 40
55 51 32
55 54 62
55 55 61
55 57 1
55 60 48
55 61 3
55 63 67
55 65 18
55 67 31
55 69 0
56 1 12
56 3 8
56 4 36
56 5 19
56 6 15
56 8 58
56 13 65
56 14 4
56 19 2
56 20 29
56 22 67
56 26 54
56 27 59
56 29 1
56 31 24
56 32 34
56 33 22
56 34 41
56 36 68
56 37 42
56 40 17
56 42 60
56 43 23
56 44 61
56 47 57
56 49 6
56 52 33
56 53 26
56 59 30
56 60 46
56 62 38
56 64 18
56 67 32
56 69 48
57 1 3
57 5 26
57 10 18
57 11 61
57 12 17
57 15 34
57 16 65
57 17 49
57 18 52
57 20 43
57 21 20
57 24 48
57 26 8
57 28 44
57 30 40
57 31 47
57 33 57
57 34 63
57 36 35
57 38 15
57 40 23
57 41 9
57 46 1
57 48 46
57 49 30
57 53 14
57 56 38
57 57 37
57 59 41
57 61 25
57 63 32
57 67 55
58 0 18
58 2 29
58 7 39
58 8 35
58 12 43
58 13 41
58 16 50
58 18 1
58 19 5
58 21 38
58 22 61
58 24 64
58 27 6
58 29 58
58 30 68
58 31 67
58 33 9
58 36 16
58 37 32
58 39 51
58 40 46
58 41 33
58 43 62
58 44 47
58 45 0
58 47 59
58 48 45
58 49 34
58 50 56
58 53 42
58 55 15
58 59 24
58 61 52
58 63 48
58 64 49
58 67 28
58 68 54
59 1 55
59 4 17
59 5 44
59 6 2
59 7 56
59 8 50
59 9 38
59 10 64
59 11 51
59 14 27
59 15 54
59 18 10
59 19 15
59 22 24
59 23 35
59 24 33
59 25 22
59 26 41
59 27 29
59 33 69
59 36 34
59 37 12
59 38 40
59 39 47
59 41 14
59 42 68
59 43 66
59 45 59
59 46 43
59 47 39
59 48 62
59 50 16
59 51 28
59 52 18
59 54 52
59 55 13
59 58 30
59 59 48
59 67 9
59 68 11
60 2 4
60 4 27
60 5 49
60 9 22
60 14 33
60 16 1
60 19 36
60 20 15
60 21 34
60 22 2
60 27 42
60 28 20
60 31 37
60 32 0
60 34 9
60 35 40
60 38 48
60 39 46
60 41 66
60 43 6
60 47 31
60 49 19
60 50 30
60 52 12
60 63 60
60 66 26
61 3 18
61 5 34
61 9 44
61 12 54
61 13 68
61 15 48
61 16 5
61 17 22
61 21 28
61 22 50
61 26 52
61 28 41
61 29 11
61 30 45
61 31 46
61 32 21
61 33 65
61 37 58
61 38 59
61 39 36
61 41 51
61 42 0
61 43 19
61 47 40
61 48 6
61 51 57
61 52 66
61 53 3
61 54 29
61 57 26
61 60 1
61 61 27
61 62 49
61 64 30
61 68 42
62 4 29
62 5 40
62 7 60
62 8 20
62 11 67
62 12 59
62 13 44
62 15 7
62 16 64
62 17 31
62 23 69
62 24 52
62 25 42
62 26 50
62 28 58
62 30 2
62 31 28
62 34 3
62 37 24
62 40 51
62 47 22
62 48 35
62 49 54
62 52 43
62 55 36
62 57 30
62 58 55
62 59 10
62 60 25
62 64 6
62 68 47
62 69 39
63 0 22
63 3 36
63 4 15
63 6 11
63 7 4
63 8 17
63 9 60
63 10 45
63 15 52
63 16 44
63 18 8
63 20 54
63 22 14
63 23 20
63 25 67
63 26 68
63 30 5
63 33 56
63 34 35
63 35 7
63 36 61
63 38 42
63 39 66
63 41 40
63 42 3
63 43 30
63 44 2
63 46 62
63 47 65
63 48 24
63 49 0
63 50 59
63 52 25
63 53 18
63 55 9
63 59 49
63 60 69
63 63 63
63 64 21
63 65 43
63 67 29
63 68 33
64 4 51
64 6 23
64 7 26
64 9 24
64 13 66
64 14 67
64 15 68
64 18 45
64 19 42
64 20 57
64 21 13
64 22 35
64 24 17
64 26 22
64 29 54
64 33 40
64 34 53
64 35 55
64 36 14
64 39 32
64 44 7
64 45 1
64 46 37
64 47 10
64 49 8
64 54 30
64 56 0
64 57 59
64 59 29
64 61 44
64 62 63
64 63 52
64 64 27
64 65 41
64 67 36
64 68 48
65 0 2
65 1 15
65 3 60
65 5 50
65 6 12
65 7 13
65 9 34
65 10 27
65 13 48
65 14 32
65 15 63
65 17 19
65 18 67
65 19 62
65 20 7
65 22 16
65 29 47
65 31 9
65 32 5
65 33 61
65 35 4
65 36 30
65 38 38
65 40 65
65 44 24
65 46 58
65 47 1
65 51 21
65 53 40
65 54 56
65 55 11
65 58 51
65 59 26
65 61 0
65 62 57
65 63 49
65 65 68
65 68 23
65 69 18
66 5 53
66 6 60
66 12 0
66 16 14
66 19 8
66 20 64
66 21 18
66 22 36
66 25 49
66 26 5
66 30 10
66 32 25
66 33 6
66 34 55
66 35 43
66 37 26
66 38 44
66 40 7
66 41 21
66 42 22
66 43 20
66 44 58
66 47 28
66 49 2
66 50 54
66 51 48
66 53 13
66 57 33
66 60 17
66 61 47
66 62 3
66 64 31
66 66 35
66 67 57
66 68 41
66 69 46
67 0 42
67 1 53
67 2 54
67 5 63
67 9 37
67 10 24
67 13 8
67 14 38
67 15 22
67 16 15
67 19 20
67 26 33
67 27 26
67 28 25
67 31 10
67 32 36
67 33 7
67 34 40
67 36 3
67 37 14
67 39 57
67 42 48
67 43 68
67 44 59
67 45 56
67 49 50
67 51 19
67 54 31
67 55 27
67 57 11
67 58 46
67 59 17
67 61 21
67 66 66
67 67 43
68 2 36
68 4 28
68 7 63
68 8 56
68 9 13
68 10 0
68 11 21
68 16 12
68 19 45
68 20 50
68 22 26
68 23 34
68 25 9
68 26 31
68 29 38
68 31 59
68 33 49
68 37 29
68 40 22
68 41 47
68 44 20
68 48 5
68 51 52
68 54 25
68 55 64
68 57 2
68 58 67
68 59 4
68 62 7
68 63 30
68 64 69
68 65 44
68 66 32
68 68 18
69 1 22
69 2 31
69 3 39
69 5 28
69 6 1
69 7 47
69 10 40
69 12 36
69 13 55
69 14 19
69 15 67
69 16 30
69 18 18
69 20 9
69 22 46
69 27 52
69 28 24
69 31 53
69 32 49
69 33 63
69 35 41
69 36 32
69 40 14
69 41 54
69 42 15
69 44 45
69 47 12
69 48 65
69 50 42
69 51 62
69 57 43
69 58 6
69 59 35
69 64 50
69 65 26
69 66 34
