60
0 0 17
0 3 4
0 4 33
0 5 40
0 7 46
0 8 8
0 9 22
0 11 14
0 12 58
0 15 20
0 16 12
0 19 30
0 22 38
0 23 15
0 24 24
0 26 39
0 28 9
0 29 47
0 30 21
0 31 3
0 35 32
0 36 48
0 38 37
0 39 56
0 40 36
0 41 45
0 42 5
0 43 57
0 45 1
0 48 53
0 50 0
0 53 54
0 56 34
0 58 10
1 0 42
1 1 16
1 3 30
1 4 43
1 5 3
1 6 19
1 7 41
1 9 14
1 12 56
1 13 24
1 14 13
1 16 23
1 17 12
1 20 54
1 22 37
1 24 31
1 25 5
1 27 48
1 30 0
1 31 2
1 32 51
1 34 20
1 35 36
1 38 6
1 40 33
1 42 15
1 44 45
1 45 10
1 46 47
1 47 29
1 51 44
1 54 9
1 55 55
2 0 57
2 1 4
2 2 38
2 3 34
2 4 54
2 7 50
2 9 55
2 12 2
2 13 0
2 15 6
2 16 25
2 18 30
2 20 45
2 24 11
2 27 15
2 29 31
2 31 48
2 32 46
2 33 49
2 35 42
2 37 17
2 39 16
2 41 43
2 43 33
2 45 5
2 46 18
2 47 32
2 50 35
2 52 28
2 53 58
2 54 26
2 55 53
2 57 1
2 58 22
2 59 37
3 0 16
3 1 13
3 2 51
3 3 50
3 4 15
3 6 49
3 7 36
3 8 7
3 13 3
3 15 12
3 16 6
3 17 35
3 18 37
3 20 2
3 21 4
3 22 48
3 26 56
3 27 32
3 29 54
3 30 44
3 31 45
3 32 29
3 33 1
3 34 28
3 35 24
3 36 31
3 37 42
3 39 11
3 40 26
3 41 21
3 43 52
3 44 38
3 46 5
3 48 47
3 50 18
3 51 9
3 52 41
3 53 23
3 56 25
3 59 0
4 3 25
4 4 6
4 6 13
4 7 18
4 8 38
4 9 29
4 11 59
4 13 1
4 14 27
4 15 4
4 17 33
4 20 10
4 24 8
4 26 44
4 27 30
4 28 48
4 29 53
4 30 42
4 31 41
4 32 17
4 36 16
4 38 36
4 40 54
4 41 31
4 42 12
4 43 19
4 45 52
4 46 50
4 49 57
4 50 37
4 51 21
4 52 24
4 53 22
4 54 3
4 55 58
4 56 32
4 57 43
5 0 11
5 1 47
5 2 45
5 6 27
5 9 17
5 12 18
5 13 13
5 14 30
5 15 54
5 16 43
5 17 56
5 18 4
5 19 58
5 22 32
5 24 25
5 25 7
5 26 19
5 27 1
5 28 12
5 29 35
5 30 31
5 31 49
5 33 44
5 35 53
5 37 8
5 38 0
5 39 46
5 42 28
5 45 37
5 46 21
5 48 41
5 49 52
5 50 10
5 51 40
5 52 38
5 53 33
5 54 2
5 58 34
6 3 37
6 4 16
6 5 55
6 7 53
6 8 54
6 9 30
6 10 43
6 12 44
6 13 19
6 15 49
6 17 21
6 19 13
6 20 7
6 22 51
6 23 50
6 24 38
6 25 23
6 26 31
6 29 6
6 32 32
6 33 8
6 34 18
6 37 57
6 38 27
6 39 14
6 40 56
6 42 42
6 43 2
6 46 41
6 47 40
6 49 39
6 51 33
6 52 45
6 54 0
6 55 4
6 57 15
6 58 48
7 0 38
7 1 54
7 2 53
7 3 22
7 4 55
7 5 12
7 8 33
7 10 21
7 14 57
7 15 42
7 16 28
7 18 23
7 19 3
7 23 47
7 25 46
7 28 56
7 30 11
7 31 50
7 33 7
7 35 48
7 36 8
7 39 4
7 40 6
7 41 19
7 42 43
7 43 49
7 44 31
7 45 36
7 46 0
7 48 39
7 49 16
7 50 44
7 52 17
7 54 35
7 56 15
7 57 14
7 59 9
8 0 8
8 1 59
8 3 24
8 5 29
8 7 28
8 8 40
8 11 5
8 12 19
8 13 44
8 18 12
8 20 37
8 23 54
8 25 3
8 27 57
8 28 16
8 31 20
8 32 31
8 33 42
8 36 27
8 38 41
8 39 10
8 40 14
8 42 47
8 43 4
8 44 18
8 46 58
8 47 53
8 51 38
8 52 34
8 53 17
8 57 2
8 58 43
8 59 56
9 0 30
9 1 22
9 5 36
9 6 46
9 8 6
9 10 32
9 11 29
9 12 28
9 15 15
9 16 19
9 17 44
9 19 0
9 20 51
9 23 3
9 24 18
9 25 49
9 26 41
9 27 54
9 30 24
9 31 12
9 32 59
9 33 56
9 34 50
9 35 45
9 37 39
9 41 40
9 45 17
9 46 42
9 47 43
9 49 27
9 52 20
9 54 5
9 55 38
9 58 4
9 59 16
10 1 51
10 2 12
10 5 27
10 6 7
10 7 33
10 8 45
10 9 9
10 11 23
10 13 6
10 15 36
10 20 28
10 21 34
10 22 0
10 23 40
10 27 44
10 28 42
10 29 29
10 31 31
10 32 5
10 33 57
10 34 52
10 35 17
10 40 41
10 41 4
10 43 11
10 45 25
10 46 15
10 47 20
10 49 18
10 50 24
10 51 19
10 52 56
10 53 26
10 54 1
11 3 27
11 5 38
11 6 1
11 7 57
11 9 23
11 10 14
11 11 49
11 12 52
11 13 39
11 16 20
11 20 40
11 21 43
11 24 50
11 29 0
11 30 28
11 31 25
11 32 55
11 38 24
11 39 6
11 40 53
11 41 54
11 42 16
11 43 7
11 44 21
11 46 32
11 51 22
11 52 18
11 53 35
11 54 46
11 55 41
11 57 44
11 59 51
12 0 24
12 2 16
12 3 0
12 7 26
12 8 59
12 9 46
12 10 25
12 12 35
12 14 47
12 15 58
12 18 1
12 20 11
12 21 42
12 23 41
12 25 39
12 26 50
12 27 45
12 28 10
12 29 4
12 31 32
12 36 38
12 38 44
12 39 29
12 42 21
12 46 3
12 48 15
12 50 55
12 53 13
12 55 33
12 58 40
12 59 12
13 1 30
13 4 49
13 6 53
13 8 41
13 9 2
13 10 28
13 11 39
13 12 57
13 14 48
13 15 31
13 16 16
13 17 5
13 18 50
13 23 44
13 25 34
13 29 12
13 31 1
13 34 13
13 36 11
13 37 46
13 39 35
13 40 38
13 41 58
13 42 56
13 43 15
13 44 23
13 45 55
13 47 4
13 49 32
13 50 27
13 51 0
13 53 59
13 55 36
13 56 20
13 57 18
13 58 14
14 0 22
14 1 46
14 2 26
14 3 3
14 4 34
14 5 39
14 9 20
14 11 0
14 12 15
14 13 12
14 14 56
14 15 14
14 17 13
14 18 44
14 21 28
14 24 37
14 25 31
14 26 5
14 29 2
14 31 6
14 32 19
14 34 41
14 35 25
14 37 27
14 39 54
14 40 45
14 41 23
14 42 18
14 43 29
14 47 24
14 49 43
14 51 11
14 52 47
14 53 10
14 54 21
14 55 16
14 57 8
14 58 59
14 59 4
15 0 49
15 1 28
15 2 40
15 3 54
15 5 31
15 6 44
15 10 53
15 13 4
15 16 51
15 17 55
15 18 18
15 20 41
15 21 7
15 22 52
15 24 43
15 26 14
15 27 17
15 28 33
15 31 10
15 32 56
15 33 24
15 35 0
15 36 45
15 38 23
15 39 15
15 40 20
15 42 50
15 43 37
15 45 12
15 49 42
15 52 30
15 54 19
15 55 11
15 56 57
15 57 13
16 1 55
16 3 32
16 4 28
16 5 25
16 6 6
16 7 22
16 8 37
16 9 3
16 10 35
16 11 16
16 13 47
16 15 13
16 19 57
16 22 54
16 24 14
16 25 53
16 26 46
16 27 41
16 28 58
16 29 56
16 32 9
16 34 42
16 35 12
16 37 2
16 40 34
16 41 20
16 42 29
16 44 4
16 45 8
16 46 26
16 48 36
16 51 7
16 52 59
16 53 11
16 54 40
16 55 1
16 56 10
16 57 49
16 59 24
17 1 43
17 3 9
17 4 56
17 6 14
17 7 5
17 10 17
17 11 58
17 12 30
17 15 1
17 18 10
17 20 4
17 23 18
17 24 55
17 26 0
17 29 48
17 33 54
17 34 51
17 35 28
17 37 49
17 38 34
17 39 22
17 40 47
17 41 26
17 43 25
17 45 19
17 48 52
17 49 23
17 50 29
17 51 13
17 52 50
17 54 36
17 55 42
17 57 38
17 58 57
17 59 39
18 0 15
18 1 32
18 2 11
18 3 35
18 4 10
18 5 44
18 8 26
18 12 4
18 16 2
18 17 38
18 19 48
18 20 24
18 21 14
18 23 52
18 25 56
18 26 36
18 27 3
18 28 59
18 29 30
18 31 22
18 33 43
18 34 27
18 36 23
18 39 57
18 40 42
18 44 37
18 47 28
18 50 45
18 51 34
18 54 55
18 55 5
18 56 6
18 57 17
18 58 21
18 59 19
19 0 23
19 2 34
19 3 53
19 5 49
19 7 21
19 9 11
19 10 48
19 11 26
19 13 35
19 15 55
19 16 4
19 17 45
19 21 15
19 23 6
19 26 47
19 28 40
19 29 20
19 31 7
19 32 37
19 33 12
19 34 39
19 37 50
19 38 22
19 40 27
19 41 30
19 44 42
19 45 57
19 46 44
19 47 31
19 49 9
19 50 28
19 51 58
19 55 25
19 56 38
19 58 29
20 0 12
20 1 26
20 4 36
20 5 48
20 9 27
20 10 50
20 11 18
20 12 10
20 13 28
20 14 20
20 16 45
20 17 52
20 19 16
20 20 22
20 21 37
20 22 40
20 23 23
20 24 17
20 25 21
20 26 57
20 28 15
20 29 1
20 33 19
20 34 34
20 36 25
20 39 31
20 42 0
20 44 49
20 48 29
20 49 24
20 51 32
20 52 4
20 53 3
20 54 58
20 55 9
20 56 39
20 57 56
20 58 54
20 59 14
21 0 0
21 1 31
21 4 7
21 5 47
21 6 33
21 7 10
21 9 45
21 10 36
21 11 8
21 13 14
21 15 38
21 18 56
21 19 12
21 20 58
21 22 13
21 23 20
21 24 52
21 25 11
21 27 26
21 28 4
21 29 21
21 30 39
21 31 27
21 34 53
21 36 17
21 38 50
21 40 5
21 42 37
21 44 40
21 45 2
21 46 55
21 49 41
21 50 30
21 52 51
21 53 42
21 56 49
21 58 46
22 0 2
22 1 41
22 2 33
22 4 17
22 10 54
22 13 43
22 14 7
22 15 0
22 17 53
22 20 8
22 21 36
22 22 30
22 23 5
22 25 52
22 26 42
22 28 24
22 29 22
22 30 51
22 31 39
22 32 45
22 33 50
22 34 32
22 36 20
22 41 14
22 47 37
22 48 58
22 50 26
22 51 47
22 55 27
22 56 29
22 58 28
23 0 45
23 1 2
23 2 59
23 3 38
23 6 34
23 7 23
23 9 51
23 10 27
23 11 4
23 12 31
23 13 42
23 14 6
23 17 32
23 19 19
23 22 3
23 24 33
23 26 55
23 30 58
23 31 56
23 32 14
23 35 52
23 38 18
23 39 21
23 40 0
23 41 24
23 42 35
23 43 43
23 44 15
23 45 28
23 48 48
23 49 8
23 50 54
23 51 50
23 53 39
23 56 5
23 57 37
23 59 57
24 1 21
24 2 37
24 4 3
24 5 18
24 6 22
24 11 9
24 12 50
24 13 45
24 16 27
24 18 41
24 20 15
24 21 48
24 22 29
24 23 33
24 27 10
24 28 36
24 30 59
24 31 13
24 33 4
24 35 2
24 36 26
24 37 53
24 40 1
24 41 42
24 42 19
24 43 51
24 44 34
24 45 7
24 47 44
24 50 49
24 51 17
24 52 14
24 53 24
24 54 20
24 56 46
24 58 56
24 59 52
25 0 53
25 3 51
25 4 12
25 7 49
25 8 4
25 11 55
25 15 48
25 16 26
25 18 59
25 19 54
25 21 27
25 22 43
25 24 41
25 25 15
25 26 7
25 31 36
25 33 2
25 35 22
25 36 30
25 37 45
25 38 35
25 39 25
25 40 50
25 41 11
25 42 52
25 44 19
25 46 10
25 49 0
25 50 17
25 54 37
25 55 34
25 56 8
26 5 35
26 7 17
26 9 19
26 10 49
26 12 41
26 13 31
26 14 5
26 18 26
26 19 44
26 22 25
26 26 45
26 28 28
26 30 22
26 32 20
26 33 55
26 35 30
26 36 58
26 39 43
26 41 3
26 42 59
26 48 34
26 50 39
26 51 51
26 55 15
26 57 24
26 59 47
27 0 19
27 1 37
27 3 43
27 5 2
27 6 40
27 7 6
27 8 46
27 9 49
27 10 4
27 11 20
27 13 51
27 14 31
27 15 23
27 17 1
27 21 58
27 22 45
27 24 44
27 25 17
27 26 8
27 28 14
27 30 26
27 32 36
27 33 53
27 34 38
27 35 41
27 36 35
27 37 34
27 38 47
27 39 50
27 40 22
27 41 57
27 42 10
27 43 12
27 44 32
27 45 27
27 46 7
27 47 13
27 48 16
27 51 30
27 52 39
27 53 15
27 55 56
27 57 54
27 58 3
28 0 4
28 1 14
28 2 6
28 3 42
28 4 18
28 5 37
28 6 10
28 7 15
28 8 53
28 9 21
28 10 11
28 12 49
28 13 25
28 14 36
28 16 58
28 17 29
28 18 28
28 19 5
28 21 57
28 22 34
28 25 19
28 26 24
28 27 16
28 28 51
28 29 39
28 31 17
28 32 8
28 33 13
28 34 31
28 36 22
28 37 56
28 38 43
28 39 48
28 40 30
28 41 33
28 42 55
28 43 45
28 44 1
28 45 9
28 46 23
28 48 32
28 56 54
28 59 38
29 0 52
29 2 21
29 3 49
29 4 40
29 5 42
29 6 25
29 9 37
29 10 45
29 12 5
29 13 54
29 14 24
29 16 14
29 17 18
29 19 31
29 20 33
29 21 41
29 23 53
29 26 4
29 27 39
29 28 27
29 29 7
29 31 38
29 32 47
29 33 26
29 34 58
29 35 11
29 36 43
29 41 1
29 43 36
29 44 9
29 45 59
29 47 23
29 51 55
29 53 16
29 55 29
29 56 48
29 59 10
30 0 44
30 1 6
30 2 5
30 3 56
30 4 59
30 5 17
30 6 42
30 7 54
30 8 13
30 9 15
30 11 24
30 13 22
30 14 38
30 15 18
30 16 50
30 17 47
30 18 58
30 20 19
30 22 55
30 23 43
30 24 16
30 27 2
30 28 39
30 31 4
30 32 11
30 33 45
30 34 0
30 35 7
30 37 35
30 38 1
30 41 41
30 44 29
30 45 32
30 49 20
30 51 10
30 52 49
30 53 27
30 54 23
30 56 40
30 58 51
30 59 53
31 2 17
31 3 12
31 4 35
31 5 8
31 6 15
31 8 43
31 9 4
31 10 41
31 11 54
31 12 47
31 13 55
31 15 50
31 16 10
31 18 6
31 19 39
31 20 38
31 21 13
31 22 33
31 23 30
31 26 21
31 28 31
31 30 25
31 31 42
31 32 27
31 34 1
31 35 37
31 36 5
31 37 40
31 38 14
31 40 59
31 41 9
31 42 26
31 44 58
31 45 20
31 51 56
31 54 53
31 55 24
31 57 48
31 59 34
32 4 53
32 7 4
32 9 57
32 10 23
32 12 45
32 13 34
32 14 37
32 15 17
32 20 39
32 22 59
32 23 48
32 24 40
32 30 20
32 31 9
32 32 3
32 33 33
32 34 21
32 35 54
32 37 22
32 38 49
32 39 18
32 40 58
32 41 0
32 42 8
32 44 16
32 45 38
32 46 35
32 48 7
32 49 29
32 50 11
32 51 14
32 54 30
32 55 47
32 57 52
32 58 5
33 4 27
33 6 21
33 7 34
33 8 31
33 9 25
33 11 46
33 13 18
33 15 30
33 16 0
33 19 45
33 20 32
33 22 17
33 23 29
33 25 43
33 26 37
33 27 35
33 28 44
33 29 58
33 31 5
33 33 38
33 34 10
33 36 14
33 37 33
33 38 57
33 39 7
33 40 19
33 41 28
33 42 4
33 44 36
33 47 11
33 48 59
33 49 6
33 52 40
33 53 55
33 56 26
33 57 22
33 58 15
33 59 20
34 1 18
34 3 21
34 4 25
34 5 16
34 8 5
34 10 30
34 13 20
34 14 45
34 16 55
34 17 48
34 20 23
34 21 59
34 23 57
34 24 32
34 29 49
34 30 6
34 31 40
34 34 37
34 36 3
34 39 58
34 41 36
34 42 24
34 43 38
34 44 0
34 45 29
34 47 17
34 48 31
34 49 13
34 50 56
34 55 35
34 56 28
34 58 33
34 59 7
35 1 52
35 3 45
35 4 24
35 6 12
35 7 13
35 9 0
35 10 57
35 11 38
35 12 20
35 13 7
35 14 15
35 15 16
35 18 49
35 19 11
35 22 28
35 24 2
35 26 32
35 28 35
35 29 10
35 32 50
35 33 39
35 34 36
35 38 58
35 39 41
35 40 51
35 48 17
35 49 37
35 50 53
35 51 43
35 52 33
35 53 40
35 55 54
35 56 18
35 57 9
36 0 3
36 5 21
36 7 42
36 9 7
36 12 51
36 13 40
36 15 24
36 16 54
36 18 2
36 20 35
36 21 22
36 22 47
36 23 49
36 24 56
36 25 45
36 27 58
36 28 53
36 29 26
36 30 10
36 31 46
36 33 14
36 36 39
36 37 9
36 39 38
36 41 29
36 42 27
36 43 17
36 44 43
36 45 50
36 49 5
36 50 4
36 51 36
36 53 28
36 55 48
36 56 41
36 58 37
36 59 18
37 0 46
37 3 29
37 7 48
37 9 52
37 12 38
37 16 53
37 18 14
37 19 22
37 21 32
37 22 16
37 23 2
37 24 35
37 27 33
37 30 54
37 35 56
37 36 6
37 37 31
37 38 26
37 39 13
37 40 24
37 43 42
37 44 7
37 46 30
37 48 10
37 49 55
37 50 19
37 51 18
37 53 25
37 55 28
37 56 59
37 58 20
38 0 51
38 1 57
38 3 17
38 4 26
38 6 36
38 7 12
38 12 37
38 14 16
38 15 28
38 16 39
38 17 14
38 19 24
38 20 43
38 21 31
38 24 13
38 25 9
38 26 54
38 28 2
38 29 45
38 30 55
38 31 0
38 34 56
38 35 19
38 38 8
38 39 32
38 40 35
38 41 34
38 42 20
38 43 40
38 44 10
38 46 53
38 47 5
38 48 44
38 49 33
38 51 49
38 52 29
38 53 41
38 57 21
39 0 20
39 2 46
39 3 8
39 4 13
39 5 4
39 8 9
39 12 14
39 13 56
39 14 39
39 15 51
39 16 1
39 17 36
39 18 54
39 19 35
39 20 25
39 21 19
39 22 10
39 26 53
39 28 50
39 30 38
39 32 34
39 33 0
39 34 47
39 36 41
39 37 21
39 38 16
39 41 18
39 43 26
39 45 11
39 47 30
39 49 2
39 51 27
39 52 44
39 56 55
39 58 6
40 0 13
40 1 35
40 2 31
40 4 47
40 5 7
40 7 20
40 11 34
40 12 26
40 14 0
40 16 8
40 18 51
40 20 1
40 21 23
40 26 12
40 28 29
40 29 40
40 30 33
40 33 58
40 35 14
40 36 4
40 37 5
40 39 9
40 41 17
40 42 49
40 44 39
40 45 54
40 46 24
40 48 57
40 49 44
40 52 21
40 53 46
40 56 50
40 57 3
40 58 11
40 59 25
41 3 10
41 4 57
41 6 26
41 8 52
41 12 12
41 14 58
41 15 25
41 18 9
41 19 28
41 21 39
41 22 46
41 24 7
41 25 24
41 29 43
41 33 11
41 36 0
41 40 29
41 42 31
41 46 14
41 50 38
41 51 20
41 53 4
41 54 54
41 55 8
41 56 27
41 59 32
42 1 48
42 3 20
42 4 21
42 5 46
42 7 0
42 8 1
42 10 10
42 12 7
42 14 11
42 15 33
42 16 31
42 19 4
42 20 56
42 21 9
42 22 35
42 23 36
42 24 45
42 25 55
42 26 22
42 27 12
42 28 57
42 30 43
42 31 19
42 32 30
42 33 40
42 34 54
42 35 38
42 39 53
42 40 52
42 43 14
42 44 25
42 45 24
42 47 2
42 49 26
42 50 41
42 51 28
42 53 49
42 55 32
42 56 58
42 59 8
43 0 50
43 4 42
43 6 8
43 9 58
43 11 28
43 13 10
43 14 32
43 15 34
43 17 2
43 18 31
43 20 55
43 21 45
43 23 12
43 24 48
43 28 21
43 29 23
43 30 1
43 33 35
43 35 9
43 37 24
43 39 19
43 42 38
43 46 6
43 48 37
43 50 40
43 51 4
43 53 56
43 54 41
43 57 29
44 0 55
44 2 35
44 3 2
44 4 20
44 5 5
44 7 8
44 8 44
44 11 17
44 13 38
44 15 9
44 17 34
44 18 27
44 19 33
44 21 54
44 22 42
44 23 25
44 25 57
44 27 22
44 28 11
44 29 37
44 30 30
44 31 28
44 32 18
44 33 16
44 34 59
44 35 21
44 36 7
44 38 13
44 40 23
44 41 56
44 42 45
44 43 3
44 46 40
44 48 0
44 49 46
44 50 15
44 52 53
44 55 12
44 56 47
44 59 1
45 0 25
45 1 0
45 2 4
45 4 37
45 5 22
45 6 55
45 8 14
45 9 36
45 10 51
45 11 10
45 12 9
45 14 21
45 16 35
45 21 46
45 22 26
45 25 44
45 26 15
45 28 7
45 29 50
45 30 56
45 31 16
45 32 58
45 34 6
45 37 19
45 42 23
45 45 47
45 46 17
45 51 45
45 53 5
45 56 31
45 57 40
45 59 27
46 1 15
46 2 24
46 5 32
46 6 57
46 7 35
46 8 2
46 10 56
46 11 31
46 13 8
46 14 10
46 15 7
46 17 58
46 18 55
46 19 46
46 20 16
46 21 25
46 22 6
46 23 9
46 24 20
46 25 29
46 26 33
46 27 36
46 28 3
46 29 59
46 31 30
46 32 42
46 34 48
46 38 40
46 39 39
46 40 17
46 41 38
46 42 14
46 45 44
46 46 11
46 48 4
46 49 53
46 52 5
46 54 34
46 56 43
46 59 45
47 2 56
47 3 1
47 4 58
47 5 15
47 8 20
47 9 26
47 10 24
47 12 16
47 13 23
47 16 57
47 19 25
47 20 42
47 22 19
47 23 51
47 24 12
47 26 2
47 27 29
47 28 0
47 29 17
47 30 34
47 31 53
47 32 7
47 36 40
47 38 55
47 39 30
47 42 41
47 44 27
47 45 48
47 46 4
47 47 59
47 48 18
47 49 36
47 50 50
47 51 31
47 52 8
47 53 43
47 54 6
47 55 13
47 56 45
47 58 9
47 59 54
48 1 10
48 2 58
48 6 18
48 7 29
48 9 47
48 10 37
48 13 59
48 14 19
48 15 3
48 16 13
48 17 49
48 18 39
48 23 31
48 24 4
48 28 45
48 29 38
48 30 16
48 31 15
48 32 48
48 33 34
48 34 43
48 37 12
48 40 11
48 43 50
48 46 57
48 48 55
48 51 52
48 52 9
48 55 21
48 56 23
48 57 41
48 58 35
48 59 46
49 1 17
49 2 10
49 3 55
49 4 5
49 5 50
49 6 47
49 8 56
49 9 8
49 10 38
49 12 39
49 13 30
49 15 53
49 16 9
49 17 41
49 18 20
49 19 18
49 20 21
49 21 16
49 24 28
49 26 27
49 27 43
49 28 46
49 29 19
49 32 0
49 33 29
49 34 45
49 36 54
49 37 4
49 39 1
49 40 57
49 41 15
49 44 33
49 45 22
49 46 51
49 47 26
49 48 49
49 49 34
49 50 59
49 52 37
49 53 31
49 54 32
49 56 7
49 59 40
50 3 57
50 4 39
50 5 59
50 6 0
50 7 24
50 8 36
50 9 5
50 13 27
50 14 1
50 16 11
50 18 34
50 19 6
50 20 29
50 21 8
50 22 23
50 26 48
50 27 37
50 29 51
50 30 49
50 31 14
50 35 43
50 36 10
50 37 58
50 40 46
50 42 30
50 43 35
50 44 53
50 45 15
50 46 9
50 48 40
50 50 16
50 54 47
50 55 17
50 58 19
50 59 50
51 0 10
51 2 54
51 3 39
51 4 50
51 5 41
51 6 59
51 9 34
51 10 20
51 11 44
51 14 53
51 15 35
51 16 56
51 17 6
51 18 24
51 19 15
51 20 46
51 21 30
51 22 57
51 24 3
51 29 42
51 30 36
51 31 47
51 32 13
51 33 52
51 34 17
51 35 5
51 36 9
51 38 11
51 39 27
51 40 31
51 41 55
51 43 32
51 46 25
51 47 33
51 52 43
51 56 14
51 57 26
51 59 2
52 0 31
52 1 36
52 2 0
52 3 18
52 4 19
52 5 1
52 6 48
52 9 54
52 10 3
52 12 13
52 14 42
52 16 7
52 17 22
52 19 41
52 20 20
52 21 38
52 22 8
52 23 45
52 24 57
52 25 10
52 29 11
52 30 40
52 31 24
52 32 4
52 35 58
52 37 16
52 38 28
52 39 44
52 40 37
52 43 47
52 45 26
52 46 34
52 48 2
52 50 14
52 52 32
52 53 30
52 55 59
52 56 56
52 57 6
53 0 6
53 3 46
53 4 29
53 5 51
53 7 55
53 8 35
53 9 16
53 11 52
53 14 2
53 17 26
53 27 56
53 28 54
53 29 25
53 30 47
53 31 43
53 32 12
53 33 37
53 36 59
53 37 48
53 38 38
53 40 40
53 42 3
53 43 1
53 44 22
53 45 18
53 46 33
53 48 20
53 49 28
53 50 42
53 51 5
53 52 58
53 53 36
53 54 31
53 55 10
53 56 44
53 58 41
54 0 47
54 2 52
54 3 28
54 4 32
54 5 0
54 6 43
54 9 59
54 10 22
54 11 37
54 13 16
54 14 23
54 15 19
54 16 29
54 19 51
54 21 1
54 22 58
54 23 7
54 24 34
54 25 4
54 28 38
54 29 41
54 30 35
54 31 55
54 33 15
54 36 50
54 37 14
54 38 45
54 39 33
54 40 13
54 43 18
54 44 5
54 45 53
54 47 42
54 50 36
54 52 12
54 54 56
54 55 26
54 56 11
54 57 46
54 59 31
55 0 58
55 3 14
55 4 1
55 5 33
55 6 30
55 7 38
55 8 10
55 9 18
55 13 9
55 15 59
55 17 7
55 18 25
55 19 56
55 23 22
55 24 26
55 25 16
55 26 35
55 27 8
55 30 15
55 31 52
55 32 54
55 34 4
55 37 29
55 39 42
55 41 48
55 42 46
55 44 3
55 48 24
55 49 31
55 50 34
55 51 37
55 53 12
55 54 51
55 57 11
55 58 44
55 59 13
56 0 37
56 3 40
56 5 14
56 6 16
56 7 19
56 8 29
56 10 7
56 15 27
56 16 49
56 17 17
56 18 53
56 19 1
56 22 22
56 23 11
56 24 58
56 25 42
56 29 57
56 30 4
56 32 15
56 33 30
56 34 24
56 35 44
56 38 12
56 39 51
56 40 8
56 41 6
56 45 56
56 46 28
56 47 55
56 49 38
56 50 21
56 53 50
56 55 46
56 56 0
56 57 5
56 58 45
56 59 26
57 3 6
57 5 43
57 6 20
57 7 45
57 8 18
57 9 28
57 10 2
57 11 33
57 12 46
57 13 11
57 15 56
57 16 59
57 17 8
57 20 0
57 21 40
57 23 14
57 25 38
57 26 17
57 30 50
57 32 57
57 33 22
57 35 27
57 38 9
57 40 10
57 41 47
57 42 54
57 44 52
57 45 4
57 47 19
57 48 42
57 51 53
57 56 37
57 57 36
58 0 9
58 1 53
58 3 48
58 4 11
58 5 58
58 7 30
58 8 49
58 9 12
58 10 42
58 11 3
58 13 41
58 15 29
58 16 52
58 18 22
58 20 26
58 23 37
58 24 0
58 25 2
58 26 28
58 28 19
58 29 24
58 30 5
58 34 35
58 36 21
58 37 10
58 38 32
58 39 47
58 40 25
58 45 16
58 46 46
58 47 54
58 48 45
58 53 14
58 54 15
58 55 31
58 57 51
58 59 6
59 0 21
59 1 34
59 2 14
59 3 31
59 4 23
59 8 25
59 9 1
59 11 40
59 15 10
59 18 43
59 20 13
59 21 56
59 23 35
59 30 45
59 31 37
59 33 20
59 34 7
59 35 57
59 37 15
59 38 4
59 39 36
59 41 52
59 42 44
59 43 46
59 44 59
59 46 39
59 47 18
59 48 8
59 50 3
59 51 6
59 52 11
59 53 0
59 54 48
59 56 19
59 57 12
59 58 42
