60
0 1 12
0 2 41
0 3 50
0 4 1
0 5 10
0 6 15
0 7 49
0 8 27
0 10 59
0 11 46
0 12 7
0 13 16
0 14 36
0 15 57
0 16 45
0 17 11
0 19 33
0 21 34
0 22 47
0 25 2
0 26 48
0 27 58
0 28 30
0 29 26
0 30 44
0 31 25
0 34 39
0 35 32
0 36 54
0 37 40
0 40 38
0 41 17
0 43 31
0 44 28
0 45 3
0 46 42
0 47 22
0 48 6
0 49 4
0 50 5
0 51 37
0 52 20
0 53 55
0 54 19
0 55 23
0 57 29
0 58 9
0 59 52
1 1 35
1 3 52
1 5 12
1 6 34
1 7 10
1 8 36
1 9 21
1 10 17
1 11 2
1 12 49
1 13 32
1 14 38
1 15 54
1 16 56
1 17 57
1 18 5
1 19 44
1 20 55
1 22 25
1 23 20
1 24 47
1 25 29
1 26 41
1 27 1
1 28 48
1 29 23
1 30 46
1 31 30
1 32 4
1 33 27
1 34 42
1 36 26
1 39 37
1 40 51
1 41 28
1 43 13
1 46 16
1 47 3
1 48 31
1 49 19
1 50 18
1 52 9
1 54 39
1 56 53
1 57 40
1 59 7
2 0 23
2 1 18
2 2 36
2 3 59
2 4 51
2 5 46
2 6 9
2 7 6
2 8 17
2 10 49
2 11 54
2 12 32
2 13 45
2 14 48
2 15 42
2 16 19
2 17 33
2 18 31
2 19 16
2 20 30
2 21 29
2 22 4
2 23 55
2 24 35
2 25 14
2 26 38
2 27 13
2 28 28
2 29 39
2 30 57
2 31 41
2 32 22
2 33 26
2 34 37
2 35 21
2 36 24
2 37 5
2 38 53
2 39 25
2 40 47
2 41 12
2 43 2
2 44 56
2 46 10
2 47 52
2 48 15
2 50 1
2 51 43
2 52 11
2 53 34
2 54 27
2 55 7
2 59 44
3 0 28
3 1 15
3 2 13
3 5 49
3 6 48
3 7 14
3 8 55
3 10 46
3 11 41
3 12 42
3 13 4
3 15 9
3 16 29
3 17 44
3 18 10
3 19 21
3 20 2
3 22 40
3 23 51
3 24 25
3 25 6
3 26 47
3 27 59
3 28 54
3 29 3
3 30 37
3 34 52
3 35 0
3 36 43
3 37 20
3 38 18
3 39 12
3 40 50
3 41 56
3 42 7
3 43 27
3 44 11
3 45 17
3 46 57
3 47 8
3 48 39
3 49 22
3 50 16
3 54 45
3 55 19
3 56 58
3 57 36
3 58 5
4 0 43
4 1 40
4 2 1
4 3 48
4 4 5
4 6 29
4 7 58
4 8 20
4 9 6
4 10 56
4 11 59
4 14 4
4 15 28
4 16 21
4 17 46
4 18 49
4 19 10
4 21 52
4 23 7
4 24 44
4 25 18
4 26 8
4 27 42
4 28 47
4 29 36
4 30 27
4 31 24
4 32 30
4 33 23
4 34 11
4 35 55
4 36 34
4 37 35
4 38 57
4 40 14
4 41 39
4 42 53
4 43 9
4 44 15
4 45 31
4 46 50
4 47 33
4 48 22
4 50 0
4 52 16
4 53 12
4 54 17
4 55 38
4 56 54
4 57 25
4 58 45
5 0 1
5 1 16
5 2 5
5 4 11
5 5 59
5 6 44
5 7 19
5 8 47
5 9 45
5 11 52
5 12 38
5 13 15
5 15 4
5 16 35
5 17 49
5 19 23
5 21 0
5 22 32
5 24 34
5 26 43
5 27 6
5 28 50
5 29 10
5 30 40
5 31 56
5 32 51
5 33 24
5 34 33
5 35 27
5 37 30
5 38 25
5 39 21
5 40 9
5 42 2
5 44 57
5 45 41
5 46 55
5 47 28
5 48 54
5 49 8
5 51 13
5 52 36
5 53 37
5 55 22
5 57 26
5 58 29
6 0 14
6 2 31
6 4 50
6 5 48
6 6 18
6 7 32
6 8 23
6 9 20
6 10 22
6 11 51
6 12 56
6 13 57
6 14 7
6 15 26
6 16 34
6 17 10
6 19 9
6 20 49
6 21 42
6 22 59
6 23 38
6 25 58
6 26 33
6 27 12
6 28 53
6 29 0
6 30 17
6 31 21
6 32 46
6 33 37
6 34 25
6 35 39
6 36 1
6 37 8
6 38 44
6 40 11
6 41 45
6 42 28
6 43 36
6 44 40
6 45 4
6 46 54
6 47 16
6 48 13
6 49 30
6 50 3
6 51 55
6 52 19
6 54 6
6 55 27
6 56 47
6 57 24
6 58 35
6 59 5
7 0 36
7 2 57
7 3 31
7 4 21
7 5 24
7 6 10
7 7 44
7 8 32
7 9 12
7 10 15
7 13 52
7 14 45
7 15 34
7 16 9
7 18 26
7 19 4
7 20 23
7 21 58
7 22 28
7 25 42
7 26 54
7 27 8
7 29 19
7 30 38
7 31 2
7 32 55
7 33 0
7 34 59
7 37 16
7 38 33
7 39 1
7 40 22
7 43 37
7 44 20
7 45 48
7 46 40
7 47 17
7 48 5
7 49 7
7 51 56
7 52 14
7 53 35
7 54 18
7 58 3
7 59 43
8 0 5
8 2 43
8 3 11
8 4 2
8 5 51
8 6 57
8 7 47
8 8 54
8 9 19
8 10 58
8 12 3
8 13 55
8 15 18
8 16 50
8 17 41
8 18 39
8 19 56
8 21 21
8 22 33
8 23 9
8 24 16
8 25 15
8 26 26
8 27 40
8 28 0
8 30 29
8 31 48
8 32 24
8 33 28
8 36 31
8 37 32
8 39 52
8 42 36
8 43 46
8 44 12
8 45 49
8 46 38
8 47 7
8 48 35
8 49 13
8 50 44
8 51 45
8 52 34
8 53 27
8 54 59
8 55 37
8 56 22
8 57 23
8 59 8
9 1 17
9 2 24
9 3 39
9 4 56
9 5 2
9 6 5
9 7 13
9 8 38
9 9 18
9 11 31
9 12 8
9 14 19
9 15 29
9 18 27
9 19 54
9 20 10
9 21 26
9 22 50
9 23 58
9 24 52
9 26 40
9 27 43
9 28 37
9 29 44
9 30 12
9 31 22
9 32 21
9 33 36
9 34 9
9 36 45
9 37 28
9 38 30
9 39 41
9 41 23
9 43 6
9 45 53
9 46 3
9 47 47
9 48 49
9 49 11
9 50 15
9 52 57
9 53 46
9 54 1
9 55 25
9 56 16
9 57 4
9 58 59
9 59 14
10 0 32
10 1 1
10 2 12
10 3 13
10 6 54
10 8 53
10 9 39
10 10 55
10 11 9
10 12 11
10 13 46
10 14 2
10 15 8
10 16 26
10 19 40
10 21 57
10 22 58
10 23 56
10 24 6
10 25 25
10 26 51
10 27 41
10 28 34
10 29 37
10 30 22
10 31 18
10 32 19
10 33 47
10 35 15
10 37 49
10 39 44
10 40 10
10 41 30
10 42 52
10 43 33
10 44 14
10 45 20
10 46 4
10 48 24
10 49 27
10 50 21
10 51 50
10 52 0
10 53 29
10 56 35
10 58 7
11 0 19
11 2 29
11 3 21
11 4 59
11 5 32
11 6 31
11 7 15
11 9 8
11 12 1
11 13 39
11 14 27
11 16 0
11 17 34
11 18 3
11 19 53
11 20 5
11 21 14
11 22 54
11 23 11
11 24 38
11 25 48
11 26 28
11 27 10
11 28 42
11 29 18
11 30 7
11 31 9
11 32 33
11 33 49
11 34 50
11 35 12
11 36 37
11 37 43
11 38 22
11 40 58
11 41 25
11 44 44
11 45 45
11 46 41
11 47 35
11 48 52
11 49 36
11 50 17
11 51 26
11 52 40
11 53 4
11 54 13
11 55 24
11 56 2
11 58 23
11 59 46
12 0 39
12 1 14
12 2 35
12 3 1
12 4 40
12 5 20
12 7 3
12 8 30
12 10 24
12 11 15
12 12 29
12 17 4
12 19 11
12 20 7
12 21 22
12 22 45
12 23 10
12 25 54
12 26 5
12 27 21
12 29 13
12 30 41
12 31 49
12 32 36
12 33 8
12 35 6
12 37 57
12 38 50
12 39 47
12 40 43
12 42 48
12 43 18
12 44 59
12 45 16
12 46 26
12 47 19
12 49 33
12 50 34
12 51 44
12 52 27
12 54 0
12 55 32
12 57 9
12 58 56
12 59 23
13 1 55
13 3 5
13 4 36
13 5 56
13 6 22
13 7 53
13 8 21
13 9 59
13 10 23
13 11 49
13 12 27
13 13 26
13 14 14
13 15 48
13 17 9
13 18 20
13 19 7
13 20 0
13 21 17
13 22 16
13 23 42
13 24 24
13 25 28
13 26 57
13 28 40
13 29 33
13 31 50
13 32 11
13 33 38
13 34 4
13 35 2
13 36 13
13 37 45
13 38 58
13 40 46
13 41 31
13 42 12
13 44 18
13 45 29
13 46 32
13 47 51
13 48 3
13 49 34
13 51 6
13 52 35
13 53 30
13 54 47
13 56 39
13 57 37
13 59 25
14 0 8
14 1 36
14 2 58
14 3 6
14 5 37
14 6 30
14 7 20
14 8 4
14 9 47
14 10 2
14 11 28
14 12 54
14 14 3
14 16 53
14 17 43
14 18 9
14 19 59
14 20 51
14 21 56
14 22 46
14 24 1
14 26 42
14 27 16
14 28 44
14 29 52
14 30 24
14 31 32
14 32 10
14 33 57
14 35 35
14 37 39
14 39 45
14 40 23
14 41 55
14 42 41
14 43 29
14 45 26
14 47 15
14 48 34
14 49 49
14 50 7
14 51 27
14 52 50
14 55 12
14 56 14
14 57 33
14 59 31
15 0 55
15 1 39
15 3 47
15 7 16
15 8 34
15 10 45
15 12 23
15 13 22
15 14 50
15 15 25
15 16 20
15 17 29
15 18 43
15 23 12
15 24 58
15 25 49
15 26 3
15 27 32
15 28 38
15 29 27
15 30 13
15 31 26
15 32 40
15 34 53
15 35 28
15 36 42
15 37 11
15 38 17
15 39 57
15 40 5
15 41 8
15 42 10
15 43 56
15 44 41
15 45 54
15 46 51
15 47 36
15 48 9
15 49 35
15 50 33
15 51 1
15 52 2
15 53 0
15 54 48
15 55 59
15 56 18
15 57 14
15 58 46
16 0 30
16 2 3
16 3 32
16 4 9
16 5 50
16 6 56
16 7 8
16 9 5
16 10 19
16 11 43
16 12 52
16 13 1
16 15 41
16 16 14
16 18 42
16 21 54
16 23 6
16 24 57
16 25 37
16 26 35
16 28 10
16 29 47
16 30 51
16 32 0
16 33 4
16 34 28
16 35 45
16 36 2
16 37 36
16 38 31
16 40 7
16 41 48
16 42 27
16 43 16
16 44 53
16 45 13
16 46 39
16 47 55
16 48 33
16 49 21
16 50 26
16 51 18
16 52 49
16 54 46
16 55 11
16 56 25
16 58 17
16 59 22
17 0 50
17 1 47
17 2 10
17 3 34
17 4 37
17 5 31
17 6 2
17 7 48
17 8 15
17 9 56
17 10 6
17 11 22
17 12 25
17 13 3
17 14 59
17 15 40
17 16 49
17 17 45
17 18 19
17 19 29
17 20 26
17 21 4
17 22 23
17 23 44
17 24 18
17 25 38
17 26 55
17 27 7
17 30 30
17 33 9
17 34 17
17 35 24
17 37 52
17 40 28
17 42 21
17 43 43
17 44 13
17 45 46
17 46 36
17 47 27
17 48 11
17 49 57
17 50 51
17 51 0
17 52 33
17 53 42
17 54 32
17 56 8
17 57 5
18 0 29
18 1 34
18 3 55
18 4 0
18 5 43
18 6 50
18 7 4
18 8 9
18 11 26
18 12 30
18 13 47
18 15 5
18 16 17
18 17 38
18 19 15
18 20 48
18 21 1
18 22 21
18 24 33
18 26 7
18 27 52
18 28 18
18 29 58
18 30 8
18 31 19
18 32 44
18 33 46
18 34 45
18 35 57
18 36 27
18 37 42
18 38 16
18 40 41
18 41 49
18 42 22
18 44 37
18 45 6
18 46 11
18 47 25
18 49 56
18 50 35
18 53 14
18 55 10
18 57 20
18 59 2
19 0 59
19 1 7
19 2 48
19 4 38
19 5 36
19 6 53
19 7 39
19 10 1
19 12 33
19 13 56
19 14 11
19 15 24
19 16 2
19 17 20
19 18 15
19 20 31
19 21 27
19 22 9
19 24 54
19 25 45
19 26 30
19 27 47
19 28 35
19 30 19
19 31 14
19 32 12
19 33 32
19 34 29
19 35 44
19 36 23
19 37 26
19 38 28
19 39 46
19 40 8
19 41 37
19 42 42
19 43 0
19 44 43
19 45 57
19 46 17
19 49 52
19 50 55
19 51 3
19 52 6
19 53 13
19 55 16
19 58 58
19 59 4
20 0 9
20 1 41
20 2 47
20 3 23
20 4 20
20 5 52
20 6 3
20 8 18
20 9 31
20 10 16
20 11 14
20 12 45
20 13 34
20 14 43
20 15 49
20 16 46
20 17 17
20 18 53
20 19 12
20 20 44
20 21 5
20 22 6
20 23 8
20 25 35
20 26 37
20 27 33
20 29 15
20 30 50
20 31 10
20 32 59
20 34 40
20 35 11
20 36 25
20 37 4
20 38 7
20 40 57
20 41 26
20 44 39
20 45 19
20 48 36
20 50 27
20 51 58
20 52 22
20 53 32
20 54 56
20 57 55
20 58 2
20 59 24
21 1 57
21 2 2
21 3 41
21 4 42
21 6 35
21 8 45
21 9 23
21 10 12
21 11 25
21 13 0
21 14 24
21 15 33
21 17 31
21 18 37
21 19 28
21 20 40
21 22 27
21 23 16
21 24 39
21 25 43
21 26 11
21 27 26
21 28 56
21 30 18
21 31 13
21 34 38
21 35 20
21 36 49
21 37 7
21 40 1
21 41 44
21 44 19
21 45 9
21 46 52
21 47 29
21 48 32
21 49 59
21 51 47
21 53 8
21 54 36
21 56 50
21 57 10
21 59 15
22 0 11
22 1 59
22 2 33
22 3 51
22 4 13
22 5 28
22 7 50
22 8 3
22 9 43
22 10 40
22 11 56
22 12 19
22 13 24
22 14 30
22 15 37
22 16 18
22 18 22
22 19 20
22 20 32
22 23 0
22 24 14
22 25 16
22 26 10
22 27 38
22 29 49
22 30 52
22 32 47
22 33 29
22 34 23
22 36 8
22 37 17
22 38 41
22 39 48
22 40 54
22 41 27
22 42 57
22 43 1
22 44 9
22 46 34
22 48 55
22 49 31
22 51 46
22 52 44
22 53 2
22 54 21
22 57 7
22 58 26
22 59 53
23 0 22
23 1 52
23 2 15
23 3 45
23 4 30
23 5 39
23 6 19
23 7 11
23 8 37
23 9 9
23 10 0
23 13 23
23 14 51
23 15 1
23 16 7
23 17 14
23 19 17
23 20 20
23 21 38
23 22 18
23 23 48
23 25 32
23 26 49
23 27 29
23 28 3
23 29 5
23 30 53
23 31 33
23 32 35
23 33 40
23 34 44
23 36 55
23 37 12
23 40 26
23 41 57
23 42 47
23 44 31
23 45 56
23 46 46
23 49 16
23 50 43
23 51 54
23 52 24
23 55 28
23 59 36
24 0 3
24 1 50
24 2 18
24 3 24
24 5 6
24 6 4
24 7 57
24 8 43
24 9 25
24 10 32
24 11 47
24 12 20
24 14 0
24 15 31
24 16 1
24 17 22
24 18 12
24 19 35
24 21 44
24 22 30
24 23 49
24 24 56
24 25 55
24 26 17
24 27 37
24 29 2
24 30 14
24 33 39
24 34 7
24 35 8
24 36 53
24 37 13
24 38 36
24 39 11
24 41 9
24 42 45
24 43 23
24 44 10
24 45 51
24 46 21
24 47 34
24 48 58
24 49 46
24 51 28
24 53 48
24 54 5
24 55 40
24 56 26
24 57 52
24 58 54
25 1 2
25 2 34
25 4 27
25 5 58
25 7 56
25 8 25
25 9 11
25 10 14
25 12 59
25 13 33
25 14 55
25 15 51
25 16 36
25 17 21
25 18 52
25 20 35
25 21 16
25 22 42
25 23 37
25 24 4
25 25 41
25 26 44
25 27 54
25 28 32
25 29 17
25 30 45
25 31 28
25 32 39
25 33 13
25 34 18
25 35 46
25 36 19
25 37 50
25 38 26
25 39 5
25 40 40
25 41 3
25 42 24
25 43 20
25 44 30
25 45 0
25 46 43
25 48 7
25 49 12
25 50 48
25 51 22
25 52 53
25 53 6
25 54 8
25 55 57
25 57 31
25 58 1
25 59 38
26 2 28
26 3 3
26 5 35
26 6 8
26 7 43
26 9 27
26 10 52
26 11 57
26 12 9
26 13 37
26 14 49
26 15 32
26 16 30
26 17 56
26 18 17
26 19 34
26 20 33
26 22 31
26 23 45
26 24 36
26 25 19
26 26 13
26 30 58
26 31 4
26 32 41
26 33 1
26 35 40
26 36 0
26 37 24
26 38 15
26 39 10
26 41 50
26 42 44
26 43 48
26 44 46
26 45 12
26 46 5
26 50 59
26 51 38
26 52 25
26 53 26
26 54 29
26 55 20
26 56 21
26 57 47
26 58 18
26 59 42
27 0 53
27 1 26
27 2 32
27 3 16
27 4 23
27 5 57
27 6 25
27 7 0
27 8 58
27 9 49
27 10 18
27 11 45
27 12 13
27 13 41
27 14 10
27 15 38
27 16 33
27 17 59
27 18 24
27 19 2
27 20 42
27 22 19
27 23 22
27 24 55
27 25 30
27 26 21
27 28 20
27 29 46
27 30 39
27 31 12
27 32 8
27 34 14
27 35 7
27 36 29
27 37 31
27 38 27
27 39 56
27 40 52
27 41 36
27 42 40
27 44 17
27 45 35
27 47 50
27 48 43
27 49 51
27 50 47
27 51 5
27 52 37
27 53 54
27 54 3
27 55 6
27 56 34
27 57 1
27 58 4
27 59 28
28 1 48
28 2 0
28 3 38
28 4 4
28 5 13
28 6 37
28 7 9
28 8 26
28 10 10
28 11 3
28 13 51
28 14 21
28 15 6
28 16 54
28 20 53
28 21 24
28 22 14
28 23 43
28 24 12
28 25 56
28 26 18
28 27 25
28 28 46
28 29 29
28 30 28
28 31 35
28 33 34
28 34 49
28 35 41
28 36 59
28 37 47
28 39 8
28 40 2
28 41 7
28 42 23
28 43 52
28 44 42
28 45 44
28 46 19
28 47 57
28 50 22
28 52 30
28 53 31
28 55 58
28 56 45
28 57 27
28 58 16
28 59 33
29 0 37
29 1 3
29 2 53
29 4 19
29 5 0
29 7 21
29 9 26
29 10 44
29 12 16
29 13 18
29 14 39
29 15 27
29 16 42
29 17 28
29 18 33
29 19 14
29 20 59
29 21 6
29 22 43
29 23 1
29 24 9
29 25 11
29 26 31
29 27 30
29 28 52
29 29 56
29 30 10
29 31 34
29 32 32
29 34 8
29 35 48
29 36 58
29 37 41
29 38 5
29 39 36
29 40 13
29 41 20
29 42 35
29 43 40
29 44 51
29 45 7
29 46 2
29 47 24
29 48 17
29 49 50
29 50 4
29 51 23
29 52 45
29 53 38
29 55 55
29 56 15
29 57 12
29 59 47
30 0 27
30 2 49
30 3 26
30 4 41
30 5 11
30 7 18
30 8 40
30 9 24
30 10 53
30 11 35
30 12 36
30 13 14
30 15 22
30 16 10
30 17 47
30 18 45
30 19 19
30 20 58
30 21 39
30 22 29
30 23 50
30 25 52
30 26 9
30 28 57
30 29 59
30 30 55
30 31 43
30 33 21
30 35 16
30 36 33
30 39 20
30 41 1
30 42 46
30 43 54
30 44 4
30 45 34
30 50 12
30 52 8
30 53 28
30 54 38
30 56 5
30 57 42
30 58 13
30 59 56
31 0 40
31 2 46
31 5 16
31 6 55
31 9 33
31 10 4
31 11 5
31 12 26
31 13 19
31 15 10
31 16 28
31 17 54
31 19 32
31 20 9
31 21 50
31 22 20
31 24 42
31 25 34
31 26 59
31 27 11
31 28 7
31 30 43
31 31 0
31 32 49
31 33 51
31 34 58
31 35 17
31 36 22
31 37 53
31 38 39
31 41 15
31 42 25
31 43 45
31 45 37
31 46 27
31 47 44
31 48 48
31 49 3
31 50 56
31 51 24
31 52 1
31 53 21
31 55 52
31 56 6
31 57 41
31 58 14
31 59 30
32 0 16
32 1 4
32 2 50
32 4 26
32 5 34
32 6 12
32 7 40
32 8 29
32 9 42
32 10 8
32 11 33
32 13 20
32 16 52
32 19 5
32 20 25
32 21 32
32 22 55
32 23 39
32 24 53
32 27 0
32 28 21
32 29 30
32 30 54
32 31 1
32 32 45
32 34 35
32 35 49
32 36 56
32 37 23
32 39 13
32 40 27
32 42 31
32 43 3
32 44 36
32 45 24
32 46 18
32 47 46
32 49 37
32 50 2
32 51 19
32 52 47
32 53 7
32 54 9
32 56 28
32 58 48
33 0 4
33 1 43
33 2 6
33 3 36
33 5 42
33 6 7
33 7 17
33 8 57
33 9 16
33 11 44
33 12 55
33 13 11
33 14 56
33 15 58
33 16 47
33 17 2
33 18 18
33 20 45
33 21 25
33 23 54
33 24 10
33 26 1
33 27 20
33 28 8
33 29 40
33 30 59
33 31 3
33 33 50
33 34 12
33 35 29
33 36 9
33 37 27
33 38 51
33 39 30
33 40 15
33 41 35
33 42 38
33 43 49
33 44 0
33 46 28
33 47 21
33 48 41
33 49 53
33 50 46
33 51 31
33 52 39
33 53 22
33 54 14
33 55 26
33 56 33
33 57 19
33 58 52
33 59 37
34 0 47
34 1 37
34 2 30
34 3 33
34 4 49
34 5 3
34 6 14
34 7 41
34 8 42
34 9 17
34 10 25
34 11 0
34 12 43
34 14 35
34 18 6
34 19 18
34 20 38
34 21 7
34 22 57
34 23 5
34 25 46
34 26 58
34 27 4
34 29 50
34 30 48
34 31 40
34 33 52
34 34 21
34 35 34
34 36 20
34 37 2
34 38 45
34 39 27
34 40 44
34 41 24
34 43 51
34 44 16
34 45 15
34 46 8
34 47 1
34 48 26
34 49 55
34 50 39
34 51 29
34 52 28
34 53 59
34 54 53
34 55 54
34 56 12
34 58 10
35 0 51
35 1 54
35 2 42
35 4 25
35 5 29
35 6 36
35 7 31
35 8 1
35 9 28
35 10 30
35 12 0
35 13 27
35 15 35
35 16 12
35 19 45
35 20 16
35 21 46
35 25 50
35 26 20
35 27 44
35 28 58
35 29 53
35 30 23
35 31 15
35 32 26
35 34 34
35 35 38
35 36 32
35 37 3
35 38 55
35 39 14
35 41 59
35 42 49
35 45 5
35 46 56
35 47 37
35 48 4
35 49 10
35 50 9
35 51 8
35 52 18
35 53 39
35 56 41
35 57 2
35 59 40
36 0 25
36 1 8
36 2 19
36 3 20
36 4 32
36 5 21
36 6 16
36 7 22
36 8 7
36 9 52
36 10 29
36 12 44
36 13 12
36 14 34
36 16 27
36 17 55
36 18 30
36 19 3
36 20 37
36 21 28
36 22 17
36 23 15
36 24 46
36 26 23
36 27 56
36 28 59
36 29 41
36 30 49
36 31 54
36 32 57
36 33 10
36 34 43
36 35 9
36 36 47
36 37 38
36 38 2
36 39 31
36 40 24
36 41 0
36 42 33
36 43 26
36 44 6
36 45 11
36 47 4
36 48 53
36 50 58
36 51 39
36 52 48
36 53 51
36 56 42
36 57 13
36 58 36
36 59 45
37 1 21
37 2 20
37 3 43
37 4 14
37 5 54
37 7 35
37 8 0
37 9 13
37 10 28
37 11 12
37 12 2
37 13 50
37 15 17
37 16 15
37 18 34
37 19 26
37 20 22
37 21 23
37 22 5
37 24 11
37 25 51
37 26 16
37 28 39
37 29 8
37 30 3
37 31 55
37 32 27
37 33 58
37 34 6
37 36 44
37 37 56
37 38 52
37 39 38
37 40 42
37 41 29
37 42 4
37 44 45
37 45 1
37 46 7
37 47 32
37 48 10
37 49 47
37 52 31
37 54 33
37 55 9
37 56 40
37 57 30
37 58 25
37 59 49
38 0 45
38 1 42
38 2 27
38 3 10
38 5 9
38 6 21
38 8 46
38 9 44
38 11 8
38 12 12
38 13 29
38 14 53
38 17 15
38 19 57
38 20 43
38 23 52
38 24 26
38 25 13
38 26 56
38 27 39
38 30 4
38 31 31
38 32 7
38 34 0
38 35 47
38 36 16
38 38 34
38 39 58
38 40 59
38 42 20
38 44 23
38 46 24
38 48 18
38 49 2
38 50 6
38 52 55
38 53 49
38 55 14
38 56 32
38 57 28
38 58 50
38 59 51
39 1 53
39 2 56
39 3 37
39 4 57
39 8 50
39 10 5
39 11 32
39 12 18
39 13 38
39 14 58
39 17 27
39 18 59
39 19 55
39 20 12
39 21 20
39 22 48
39 23 2
39 25 47
39 26 29
39 27 31
39 28 11
39 29 21
39 31 6
39 33 3
39 34 30
39 35 4
39 36 10
39 37 19
39 38 46
39 39 51
39 41 54
39 42 16
39 43 34
39 44 26
39 45 33
39 46 14
39 47 9
39 48 44
39 49 39
39 50 28
39 51 42
39 53 36
39 55 8
39 57 45
40 0 44
40 1 24
40 2 14
40 3 12
40 5 4
40 6 52
40 7 34
40 9 38
40 11 37
40 12 10
40 13 54
40 17 5
40 18 51
40 19 6
40 20 27
40 21 47
40 22 41
40 23 46
40 25 33
40 26 22
40 27 36
40 28 49
40 29 35
40 30 31
40 31 53
40 32 42
40 34 57
40 35 3
40 36 11
40 37 21
40 38 0
40 39 17
40 40 20
40 41 43
40 42 26
40 43 50
40 45 2
40 48 25
40 49 9
40 50 23
40 51 32
40 52 15
40 54 28
40 55 29
40 56 55
40 57 18
40 58 19
40 59 1
41 1 46
41 3 40
41 4 28
41 5 44
41 6 11
41 7 52
41 8 59
41 9 0
41 10 20
41 11 21
41 12 47
41 13 58
41 14 33
41 15 2
41 16 32
41 17 30
41 19 27
41 20 50
41 21 9
41 22 51
41 23 35
41 24 45
41 25 4
41 26 15
41 27 22
41 28 41
41 29 24
41 30 36
41 33 7
41 35 13
41 36 17
41 37 29
41 38 49
41 39 16
41 40 25
41 41 19
41 42 6
41 43 5
41 44 34
41 45 55
41 46 53
41 47 26
41 48 56
41 49 42
41 50 37
41 52 43
41 53 3
41 54 12
41 55 18
41 56 23
41 57 54
41 59 57
42 0 58
42 1 56
42 2 37
42 4 48
42 6 20
42 7 7
42 8 11
42 9 2
42 10 47
42 11 13
42 12 22
42 13 43
42 14 1
42 15 55
42 16 44
42 17 26
42 18 0
42 20 3
42 21 19
42 22 49
42 25 24
42 27 18
42 28 29
42 29 9
42 30 33
42 32 28
42 34 31
42 35 10
42 37 25
42 38 54
42 40 16
42 41 51
42 42 14
42 43 17
42 44 35
42 45 52
42 47 12
42 48 46
42 49 38
42 51 21
42 52 5
42 55 30
42 56 59
42 57 6
42 58 42
42 59 50
43 0 13
43 1 19
43 4 7
43 5 23
43 7 27
43 8 24
43 9 57
43 10 41
43 11 48
43 12 4
43 13 17
43 14 22
43 16 16
43 17 3
43 18 46
43 19 51
43 20 18
43 21 12
43 22 11
43 23 21
43 25 36
43 26 25
43 27 35
43 28 6
43 29 45
43 30 56
43 31 8
43 32 2
43 33 30
43 34 55
43 35 37
43 38 20
43 39 50
43 41 47
43 43 32
43 44 5
43 45 38
43 46 29
43 47 40
43 48 28
43 49 15
43 50 42
43 51 33
43 52 26
43 54 10
43 55 0
43 57 58
44 0 52
44 1 44
44 2 25
44 3 0
44 8 41
44 9 15
44 10 27
44 11 10
44 13 40
44 14 46
44 15 36
44 16 11
44 17 7
44 18 32
44 19 30
44 21 45
44 22 2
44 23 4
44 25 31
44 26 19
44 27 24
44 28 43
44 29 57
44 30 16
44 31 42
44 32 14
44 35 58
44 36 38
44 37 59
44 38 12
44 39 22
44 40 3
44 41 18
44 43 28
44 44 29
44 45 23
44 46 9
44 49 26
44 50 50
44 53 33
44 54 34
44 55 51
44 56 49
44 57 17
44 58 39
45 0 21
45 1 23
45 3 19
45 4 8
45 5 17
45 6 41
45 7 28
45 8 44
45 9 4
45 10 9
45 12 34
45 13 5
45 14 54
45 15 46
45 17 53
45 18 40
45 19 43
45 21 33
45 22 35
45 23 47
45 24 48
45 25 59
45 26 6
45 27 49
45 29 42
45 30 26
45 31 37
45 35 14
45 36 30
45 37 22
45 38 38
45 40 56
45 41 13
45 42 51
45 43 58
45 44 3
45 45 18
45 46 45
45 47 0
45 48 29
45 49 32
45 50 36
45 51 16
45 54 15
45 55 2
45 56 20
45 57 39
45 58 55
46 0 54
46 1 49
46 2 21
46 3 28
46 5 26
46 7 42
46 8 33
46 9 7
46 10 31
46 11 38
46 13 35
46 14 44
46 16 55
46 18 2
46 19 58
46 20 11
46 21 43
46 22 8
46 23 18
46 24 30
46 25 23
46 26 4
46 27 46
46 28 12
46 31 47
46 32 29
46 33 16
46 35 5
46 36 6
46 37 15
46 38 9
46 39 40
46 40 37
46 42 17
46 44 32
46 45 59
46 47 48
46 48 51
46 49 1
46 50 52
46 51 14
46 52 3
46 53 10
46 54 25
46 55 50
46 56 57
46 59 39
47 0 46
47 1 22
47 4 29
47 5 55
47 6 40
47 7 2
47 9 41
47 10 36
47 11 16
47 12 58
47 15 47
47 16 4
47 17 0
47 18 1
47 19 25
47 20 52
47 21 10
47 22 15
47 23 27
47 24 31
47 26 53
47 27 57
47 28 9
47 29 34
47 31 51
47 32 3
47 33 5
47 34 19
47 35 59
47 37 18
47 38 23
47 39 33
47 40 39
47 41 32
47 43 7
47 44 24
47 45 28
47 47 13
47 48 50
47 49 14
47 50 8
47 51 48
47 54 30
47 58 37
47 59 12
48 0 48
48 1 0
48 2 51
48 3 8
48 5 27
48 6 33
48 7 23
48 8 19
48 9 34
48 11 39
48 12 35
48 13 21
48 14 41
48 15 59
48 17 13
48 18 25
48 19 46
48 20 36
48 23 57
48 24 32
48 25 22
48 26 50
48 27 15
48 28 24
48 29 28
48 30 9
48 31 7
48 32 6
48 33 20
48 34 2
48 35 1
48 36 14
48 38 4
48 39 26
48 40 45
48 41 40
48 42 18
48 43 12
48 44 55
48 45 30
48 47 38
48 48 47
48 49 29
48 50 10
48 51 49
48 52 52
48 54 16
48 55 44
48 56 17
48 58 11
48 59 54
49 0 56
49 1 5
49 2 26
49 4 46
49 5 53
49 6 23
49 7 38
49 9 51
49 10 50
49 11 4
49 13 30
49 15 45
49 16 59
49 17 37
49 18 54
49 19 42
49 20 17
49 21 49
49 24 28
49 25 44
49 26 12
49 27 27
49 28 16
49 29 22
49 30 47
49 31 36
49 32 25
49 33 43
49 34 32
49 35 52
49 36 57
49 42 15
49 43 8
49 44 1
49 45 21
49 46 33
49 47 39
49 48 40
49 49 24
49 50 13
49 51 9
49 52 58
49 53 41
49 54 20
49 55 35
49 56 3
49 57 11
49 58 31
49 59 55
50 0 34
50 1 33
50 2 40
50 3 35
50 4 44
50 5 45
50 6 28
50 7 37
50 8 14
50 9 29
50 10 7
50 11 36
50 13 9
50 14 42
50 17 23
50 18 50
50 19 38
50 20 1
50 23 26
50 24 8
50 25 39
50 26 32
50 27 2
50 28 55
50 29 54
50 30 6
50 31 11
50 32 13
50 33 41
50 34 24
50 36 3
50 37 48
50 38 56
50 39 49
50 40 4
50 42 0
50 43 10
50 44 58
50 45 25
50 46 12
50 47 53
50 50 19
50 52 59
50 53 15
50 54 51
50 55 21
50 57 46
50 58 47
50 59 27
51 0 38
51 2 17
51 3 4
51 5 18
51 6 51
51 8 48
51 10 26
51 11 58
51 13 44
51 15 52
51 16 13
51 17 42
51 18 8
51 19 39
51 20 19
51 21 53
51 22 12
51 23 32
51 24 3
51 25 9
51 26 34
51 27 55
51 30 21
51 31 29
51 32 1
51 33 54
51 34 16
51 35 50
51 36 35
51 37 37
51 38 47
51 39 24
51 41 5
51 42 30
51 44 27
51 47 23
51 48 20
51 49 0
51 50 40
51 51 41
51 53 11
51 54 2
51 57 15
51 59 6
52 1 28
52 2 7
52 3 27
52 4 22
52 5 25
52 6 32
52 9 14
52 10 33
52 12 31
52 13 49
52 14 12
52 15 13
52 17 50
52 18 47
52 19 48
52 20 29
52 21 3
52 22 1
52 23 23
52 24 20
52 27 45
52 29 43
52 30 2
52 31 52
52 32 9
52 33 55
52 34 51
52 35 30
52 36 40
52 37 54
52 38 42
52 40 36
52 41 21
52 42 5
52 43 38
52 44 8
52 45 10
52 47 59
52 48 16
52 49 6
52 50 11
52 51 15
52 55 46
52 56 37
52 57 53
52 59 18
53 1 38
53 2 9
53 5 47
53 6 39
53 7 59
53 9 30
53 10 21
53 11 40
53 13 28
53 14 52
53 15 50
53 16 22
53 17 51
53 18 55
53 19 1
53 20 54
53 21 41
53 22 44
53 23 13
53 25 8
53 26 46
53 27 34
53 29 4
53 30 0
53 31 27
53 32 17
53 33 53
53 35 56
53 37 10
53 38 48
53 39 29
53 40 12
53 41 11
53 42 3
53 43 42
53 44 25
53 45 36
53 46 35
53 48 37
53 49 58
53 50 45
53 52 23
53 53 16
53 54 24
53 56 43
53 58 49
53 59 20
54 0 7
54 1 20
54 2 23
54 4 54
54 5 38
54 6 1
54 7 25
54 8 56
54 9 53
54 10 34
54 11 55
54 12 40
54 13 31
54 14 13
54 15 39
54 16 37
54 17 18
54 18 57
54 19 47
54 20 14
54 21 59
54 22 0
54 24 51
54 26 27
54 28 33
54 29 6
54 30 42
54 31 44
54 32 15
54 33 2
54 35 22
54 36 41
54 38 19
54 39 35
54 40 32
54 41 52
54 42 11
54 43 4
54 44 21
54 45 43
54 46 49
54 47 45
54 48 12
54 50 24
54 51 17
54 54 26
54 55 3
54 57 16
54 58 8
54 59 58
55 0 35
55 1 30
55 2 59
55 4 12
55 5 8
55 7 36
55 8 51
55 9 48
55 10 38
55 11 20
55 14 40
55 16 39
55 18 29
55 19 52
55 20 41
55 21 37
55 22 56
55 24 50
55 25 0
55 27 5
55 28 2
55 29 11
55 30 1
55 32 54
55 33 17
55 34 15
55 37 6
55 38 21
55 39 32
55 40 18
55 41 33
55 42 55
55 43 44
55 44 47
55 45 58
55 46 22
55 47 14
55 49 43
55 51 25
55 52 13
55 53 57
55 54 4
55 55 42
55 56 9
55 57 49
55 58 34
55 59 3
56 0 42
56 1 9
56 2 16
56 3 29
56 4 10
56 5 7
56 6 26
56 7 30
56 9 3
56 10 57
56 11 27
56 12 28
56 13 6
56 14 5
56 15 56
56 16 48
56 17 8
56 20 46
56 21 13
56 22 37
56 25 53
56 26 24
56 27 14
56 28 45
56 29 32
56 30 20
56 31 17
56 32 50
56 33 35
56 34 54
56 35 23
56 36 15
56 37 55
56 41 58
56 42 34
56 43 19
56 44 49
56 45 39
56 46 31
56 47 2
56 48 0
56 49 44
56 50 41
56 53 47
56 54 43
56 57 21
56 59 11
57 0 26
57 1 13
57 2 44
57 3 42
57 4 55
57 6 43
57 7 51
57 8 49
57 9 54
57 10 37
57 11 17
57 14 15
57 17 35
57 18 56
57 19 36
57 20 24
57 21 2
57 23 3
57 24 23
57 25 27
57 26 52
57 27 28
57 28 22
57 30 5
57 31 20
57 37 1
57 38 29
57 39 9
57 40 31
57 41 34
57 42 39
57 43 25
57 44 7
57 45 47
57 46 6
57 48 30
57 49 45
57 50 38
57 51 4
57 54 58
57 55 48
57 56 19
57 57 59
57 58 32
57 59 0
58 0 6
58 1 10
58 2 38
58 3 49
58 4 34
58 5 15
58 6 42
58 7 26
58 9 22
58 11 24
58 12 39
58 13 13
58 14 9
58 16 3
58 17 1
58 18 16
58 19 0
58 20 4
58 21 36
58 22 52
58 23 33
58 24 59
58 25 7
58 26 2
58 28 5
58 30 32
58 31 46
58 32 58
58 33 12
58 36 50
58 37 51
58 38 37
58 39 19
58 40 30
58 41 14
58 43 35
58 44 54
58 45 27
58 46 47
58 48 45
58 49 25
58 50 31
58 51 57
58 52 41
58 53 44
58 54 23
58 56 56
58 58 40
58 59 29
59 0 12
59 2 55
59 4 15
59 5 33
59 6 45
59 7 46
59 8 2
59 10 43
59 12 21
59 13 48
59 14 32
59 16 58
59 17 52
59 18 28
59 19 37
59 20 56
59 21 40
59 22 53
59 23 41
59 24 29
59 25 1
59 27 3
59 29 16
59 31 57
59 32 31
59 33 18
59 34 47
59 35 54
59 36 36
59 37 9
59 38 8
59 39 42
59 40 34
59 41 38
59 42 13
59 43 39
59 44 22
59 45 50
59 46 30
59 47 20
59 49 5
59 50 14
59 51 59
59 52 17
59 53 23
59 54 49
59 55 4
59 57 51
59 58 24
59 59 35
