70
0 0 30
0 1 69
0 3 12
0 4 65
0 5 64
0 6 19
0 7 31
0 8 3
0 9 11
0 10 55
0 11 24
0 12 44
0 13 4
0 14 16
0 15 54
0 16 46
0 17 58
0 18 62
0 19 33
0 20 68
0 21 18
0 22 9
0 23 45
0 24 26
0 25 28
0 26 25
0 28 66
0 29 32
0 30 61
0 31 57
0 32 7
0 33 37
0 35 23
0 36 36
0 38 60
0 39 22
0 40 42
0 41 5
0 42 15
0 43 8
0 44 50
0 45 51
0 47 1
0 48 35
0 49 59
0 50 20
0 51 52
0 52 2
0 53 41
0 54 21
0 56 67
0 57 49
0 59 39
0 60 13
0 61 56
0 62 6
0 63 40
0 64 27
0 65 0
0 68 14
0 69 43
1 1 50
1 2 29
1 3 0
1 4 20
1 6 46
1 7 14
1 8 49
1 9 45
1 10 12
1 11 48
1 12 55
1 13 53
1 14 60
1 15 59
1 16 40
1 17 19
1 18 24
1 19 35
1 20 64
1 23 34
1 24 22
1 25 58
1 26 36
1 27 7
1 29 42
1 31 52
1 32 31
1 33 11
1 34 4
1 35 66
1 36 2
1 37 6
1 38 26
1 39 44
1 40 32
1 41 56
1 42 41
1 43 63
1 44 68
1 45 69
1 46 61
1 47 8
1 48 65
1 49 37
1 50 30
1 53 43
1 54 62
1 55 9
1 56 10
1 57 25
1 59 17
1 61 18
1 62 5
1 63 23
1 66 67
1 67 38
1 68 57
1 69 33
2 0 38
2 1 34
2 2 31
2 3 3
2 4 57
2 5 32
2 6 64
2 7 63
2 9 59
2 10 43
2 11 46
2 12 62
2 13 54
2 14 37
2 15 23
2 16 18
2 17 60
2 18 55
2 20 0
2 21 25
2 22 48
2 23 42
2 24 1
2 25 67
2 26 41
2 27 52
2 28 2
2 29 7
2 30 51
2 31 5
2 32 39
2 35 29
2 36 33
2 37 69
2 38 11
2 39 65
2 40 40
2 41 45
2 42 53
2 44 56
2 46 44
2 47 12
2 50 16
2 51 58
2 52 14
2 54 66
2 55 27
2 56 24
2 57 22
2 58 26
2 59 13
2 61 6
2 64 8
2 65 30
2 66 35
2 67 49
2 68 50
3 0 20
3 1 15
3 2 12
3 4 62
3 5 35
3 6 23
3 7 8
3 8 39
3 10 63
3 12 52
3 13 56
3 14 9
3 15 53
3 16 55
3 17 57
3 18 4
3 19 22
3 20 21
3 21 33
3 22 51
3 23 24
3 26 11
3 29 61
3 30 19
3 31 68
3 32 36
3 33 29
3 34 38
3 36 47
3 37 34
3 38 28
3 39 25
3 40 69
3 42 67
3 43 45
3 44 30
3 45 17
3 46 3
3 47 46
3 49 58
3 51 41
3 53 31
3 54 59
3 55 1
3 58 6
3 59 32
3 60 2
3 61 49
3 62 27
3 63 16
3 64 48
3 65 26
3 67 64
3 68 43
3 69 44
4 0 64
4 1 43
4 3 60
4 4 67
4 6 50
4 7 39
4 8 29
4 9 63
4 10 56
4 11 19
4 12 31
4 14 2
4 15 4
4 16 47
4 19 48
4 20 20
4 21 17
4 22 54
4 23 27
4 24 38
4 26 23
4 27 6
4 29 12
4 30 52
4 32 15
4 33 58
4 34 51
4 35 41
4 36 16
4 37 40
4 38 36
4 40 30
4 41 18
4 42 45
4 43 21
4 44 37
4 45 57
4 50 14
4 51 66
4 53 49
4 54 22
4 55 24
4 56 69
4 58 7
4 60 34
4 61 59
4 62 0
4 63 61
4 64 5
4 65 65
4 66 25
4 68 11
4 69 55
5 0 23
5 2 17
5 3 7
5 5 50
5 6 41
5 7 59
5 9 18
5 10 28
5 11 35
5 12 61
5 13 3
5 14 15
5 15 68
5 16 57
5 18 21
5 20 46
5 21 6
5 22 45
5 23 25
5 24 52
5 27 30
5 28 19
5 29 1
5 30 40
5 31 20
5 32 55
5 33 38
5 34 37
5 35 8
5 37 5
5 38 51
5 40 24
5 41 31
5 42 56
5 43 44
5 44 26
5 46 69
5 48 43
5 49 62
5 50 4
5 53 2
5 55 53
5 56 9
5 57 16
5 58 13
5 59 42
5 60 11
5 61 65
5 62 60
5 63 10
5 64 63
5 65 33
5 67 32
5 68 49
6 0 63
6 2 1
6 3 23
6 4 17
6 6 38
6 7 29
6 8 47
6 9 26
6 10 50
6 11 69
6 12 8
6 13 66
6 14 55
6 16 59
6 17 18
6 18 49
6 19 19
6 20 44
6 21 9
6 22 52
6 23 12
6 25 16
6 26 15
6 27 37
6 29 40
6 31 48
6 32 6
6 33 43
6 34 42
6 35 10
6 36 34
6 37 67
6 38 62
6 40 53
6 41 32
6 42 65
6 43 57
6 44 27
6 45 25
6 46 39
6 48 64
6 49 0
6 50 56
6 51 54
6 52 24
6 53 5
6 54 7
6 56 13
6 58 22
6 59 14
6 60 45
6 62 36
6 63 30
6 64 35
6 65 31
6 66 20
6 67 60
6 68 41
6 69 51
7 0 21
7 1 30
7 3 10
7 5 22
7 6 63
7 7 0
7 8 24
7 11 49
7 13 36
7 14 5
7 15 32
7 16 50
7 17 48
7 19 12
7 21 46
7 22 3
7 23 55
7 24 19
7 25 57
7 27 45
7 29 38
7 30 2
7 34 28
7 35 27
7 36 59
7 37 66
7 38 44
7 39 26
7 40 4
7 42 29
7 43 64
7 44 51
7 45 15
7 46 65
7 47 69
7 48 67
7 49 60
7 50 68
7 51 13
7 52 11
7 53 7
7 55 54
7 56 47
7 57 37
7 58 39
7 59 41
7 60 31
7 61 34
7 62 20
7 63 18
7 64 42
7 65 8
7 66 6
7 67 61
7 68 23
7 69 58
8 1 38
8 2 50
8 3 35
8 6 18
8 7 9
8 8 12
8 10 51
8 11 0
8 12 7
8 13 11
8 14 31
8 15 22
8 16 60
8 17 1
8 18 65
8 21 54
8 22 20
8 24 13
8 26 3
8 27 32
8 28 63
8 29 59
8 30 49
8 31 17
8 32 44
8 34 16
8 36 23
8 38 53
8 40 39
8 41 57
8 43 43
8 45 48
8 46 26
8 47 52
8 48 19
8 51 33
8 52 56
8 53 27
8 54 28
8 55 5
8 58 42
8 59 58
8 62 40
8 63 45
8 65 37
8 66 4
8 67 47
8 68 55
8 69 29
9 0 52
9 1 13
9 4 60
9 5 25
9 6 36
9 8 19
9 10 41
9 12 0
9 13 44
9 14 48
9 15 17
9 16 67
9 17 5
9 18 40
9 21 35
9 22 31
9 23 69
9 24 6
9 25 53
9 26 18
9 27 15
9 28 65
9 29 20
9 30 27
9 31 66
9 33 9
9 35 12
9 37 2
9 38 42
9 39 7
9 40 26
9 41 54
9 43 30
9 44 55
9 45 49
9 46 62
9 47 39
9 48 50
9 52 64
9 54 32
9 55 47
9 56 38
9 57 59
9 59 21
9 60 51
9 61 68
9 62 3
9 63 22
9 64 11
9 65 23
9 66 37
9 67 16
9 69 28
10 1 23
10 4 38
10 6 17
10 7 52
10 8 7
10 9 13
10 10 53
10 11 41
10 12 60
10 14 14
10 16 5
10 18 30
10 19 34
10 20 39
10 22 63
10 23 59
10 24 67
10 27 20
10 28 49
10 30 35
10 31 58
10 32 33
10 33 44
10 34 48
10 35 25
10 36 10
10 39 8
10 40 64
10 41 47
10 43 62
10 46 1
10 47 42
10 48 4
10 49 9
10 50 54
10 51 15
10 52 57
10 53 3
10 54 26
10 55 50
10 56 29
10 57 0
10 58 12
10 59 27
10 61 51
10 65 43
10 66 65
10 69 45
11 0 24
11 1 14
11 2 8
11 3 58
11 4 6
11 5 27
11 6 57
11 7 43
11 8 59
11 9 22
11 10 11
11 11 30
11 12 19
11 14 61
11 15 26
11 16 39
11 17 38
11 18 23
11 19 37
11 20 15
11 21 40
11 22 67
11 23 56
11 24 41
11 25 35
11 26 21
11 27 60
11 30 63
11 31 2
11 32 17
11 33 42
11 34 0
11 35 48
11 36 62
11 37 28
11 38 9
11 39 16
11 40 34
11 41 7
11 43 32
11 45 65
11 46 64
11 47 25
11 49 46
11 50 29
11 51 45
11 52 50
11 53 51
11 54 12
11 55 49
11 56 68
11 58 4
11 59 31
11 60 33
11 62 53
11 63 52
11 65 44
11 66 10
11 68 47
11 69 18
12 0 22
12 1 31
12 2 10
12 3 32
12 4 4
12 5 39
12 6 52
12 7 50
12 11 54
12 13 47
12 14 18
12 15 58
12 16 43
12 17 13
12 19 3
12 20 69
12 22 56
12 23 9
12 24 44
12 25 17
12 26 7
12 27 49
12 28 57
12 29 29
12 30 0
12 31 8
12 32 51
12 33 20
12 34 61
12 36 1
12 37 46
12 38 34
12 39 62
12 41 65
12 42 60
12 43 27
12 44 45
12 45 41
12 46 28
12 47 64
12 49 42
12 50 33
12 51 63
12 53 53
12 54 24
12 55 6
12 56 26
12 58 30
12 59 25
12 60 35
12 62 68
12 63 5
12 64 21
12 65 19
12 66 36
12 67 59
12 68 40
13 0 55
13 1 35
13 2 26
13 3 49
13 4 66
13 5 3
13 6 65
13 7 54
13 8 0
13 9 33
13 10 4
13 11 32
13 12 64
13 13 22
13 14 44
13 15 45
13 18 34
13 19 53
13 20 18
13 21 2
13 22 69
13 23 7
13 25 41
13 26 58
13 27 63
13 28 47
13 29 8
13 30 14
13 31 19
13 32 5
13 33 61
13 35 42
13 36 43
13 37 16
13 39 38
13 40 62
13 41 15
13 42 28
13 43 46
13 44 9
13 45 36
13 46 57
13 48 68
13 49 40
13 50 1
13 51 25
13 52 21
13 54 13
13 55 56
13 56 30
13 57 24
13 58 31
13 59 37
13 60 59
13 61 52
13 62 17
13 63 51
13 64 39
13 65 6
13 66 60
13 67 20
13 68 27
13 69 10
14 0 7
14 1 20
14 3 27
14 5 42
14 6 40
14 8 4
14 9 0
14 10 65
14 12 15
14 13 14
14 14 63
14 15 47
14 16 64
14 17 62
14 19 45
14 20 61
14 21 48
14 22 53
14 25 37
14 26 10
14 27 9
14 28 38
14 29 6
14 30 34
14 31 67
14 32 32
14 33 59
14 34 50
14 35 16
14 36 41
14 37 25
14 39 35
14 40 5
14 41 28
14 42 2
14 43 39
14 45 13
14 46 19
14 47 49
14 48 23
14 49 18
14 51 44
14 52 3
14 53 52
14 55 36
14 57 1
14 59 60
14 60 54
14 61 12
14 62 55
14 63 68
14 64 17
14 65 58
14 66 56
14 67 46
14 68 8
14 69 66
15 0 36
15 1 1
15 3 30
15 4 56
15 5 10
15 6 61
15 7 53
15 8 55
15 11 34
15 13 33
15 14 64
15 15 49
15 16 8
15 17 44
15 19 60
15 20 19
15 21 29
15 22 28
15 23 41
15 24 24
15 26 16
15 27 59
15 28 67
15 30 12
15 31 3
15 32 37
15 34 2
15 35 11
15 36 31
15 37 21
15 38 23
15 39 15
15 40 57
15 44 40
15 45 5
15 46 51
15 47 13
15 48 20
15 49 6
15 52 45
15 53 66
15 54 50
15 55 38
15 56 22
15 57 58
15 58 52
15 59 69
15 60 7
15 61 46
15 62 42
15 64 43
15 66 26
15 67 68
15 68 32
15 69 25
16 0 28
16 1 5
16 2 25
16 3 26
16 4 52
16 6 39
16 7 58
16 10 64
16 11 50
16 12 49
16 13 43
16 14 66
16 15 60
16 16 51
16 17 59
16 18 19
16 19 63
16 20 17
16 21 30
16 22 68
16 23 36
16 24 3
16 26 42
16 27 41
16 28 13
16 29 46
16 30 18
16 31 7
16 32 0
16 33 6
16 34 8
16 35 32
16 36 22
16 38 38
16 39 20
16 40 37
16 41 27
16 42 9
16 43 2
16 44 12
16 45 55
16 46 56
16 48 45
16 49 61
16 50 24
16 51 4
16 52 44
16 53 21
16 54 40
16 56 14
16 57 23
16 58 54
16 59 35
16 61 29
16 62 11
16 64 67
16 66 16
16 67 69
16 68 53
16 69 47
17 0 37
17 1 55
17 2 56
17 3 21
17 4 47
17 5 49
17 6 11
17 7 18
17 8 69
17 9 61
17 10 31
17 11 67
17 12 17
17 13 19
17 14 23
17 16 9
17 19 68
17 20 13
17 21 10
17 22 29
17 23 3
17 24 51
17 26 48
17 27 62
17 29 24
17 30 53
17 31 43
17 32 4
17 34 14
17 35 60
17 37 64
17 38 2
17 39 6
17 40 33
17 41 40
17 42 38
17 43 36
17 45 7
17 46 54
17 47 32
17 48 16
17 49 44
17 50 52
17 51 1
17 52 26
17 53 65
17 55 15
17 56 58
17 57 34
17 59 46
17 60 25
17 61 35
17 63 0
17 64 41
17 65 12
17 67 22
17 68 39
17 69 5
18 0 51
18 1 29
18 2 28
18 3 69
18 4 14
18 5 31
18 6 24
18 7 56
18 8 44
18 9 25
18 10 22
18 11 59
18 12 11
18 13 6
18 14 52
18 15 7
18 16 13
18 17 26
18 18 53
18 19 55
18 20 49
18 21 3
18 23 8
18 24 9
18 26 38
18 27 39
18 28 64
18 29 2
18 30 23
18 32 35
18 33 45
18 34 32
18 35 15
18 36 50
18 37 27
18 38 33
18 40 0
18 41 34
18 42 19
18 44 16
18 45 37
18 46 42
18 47 21
18 48 61
18 49 30
18 50 47
18 51 18
18 52 1
18 53 68
18 56 48
18 57 63
18 58 17
18 59 65
18 60 12
18 61 41
18 62 54
18 63 60
18 64 40
18 65 66
18 66 62
18 67 58
18 68 46
18 69 4
19 0 2
19 1 32
19 2 51
19 4 26
19 6 66
19 8 27
19 9 9
19 10 19
19 11 17
19 12 4
19 13 16
19 14 39
19 15 41
19 16 22
19 17 68
19 19 5
19 20 60
19 21 57
19 22 50
19 23 38
19 24 59
19 26 46
19 28 34
19 30 15
19 31 36
19 33 67
19 34 40
19 36 25
19 38 1
19 39 55
19 40 47
19 41 52
19 42 54
19 43 7
19 44 18
19 45 35
19 46 58
19 47 14
19 48 28
19 49 21
19 50 37
19 51 8
19 52 48
19 53 23
19 54 0
19 55 12
19 56 45
19 57 44
19 58 11
19 59 49
19 60 42
19 61 62
19 62 33
19 63 24
19 64 64
19 65 63
19 68 65
19 69 6
20 0 5
20 1 8
20 2 45
20 4 36
20 5 38
20 6 62
20 8 64
20 10 44
20 11 23
20 13 34
20 14 10
20 15 43
20 17 46
20 18 22
20 19 39
20 20 57
20 21 11
20 22 13
20 23 37
20 24 53
20 26 52
20 27 58
20 29 69
20 31 49
20 32 27
20 33 21
20 34 30
20 35 47
20 36 55
20 37 63
20 38 0
20 39 31
20 40 29
20 41 61
20 43 18
20 44 1
20 47 4
20 48 32
20 49 24
20 50 7
20 51 3
20 52 65
20 54 9
20 55 35
20 56 60
20 57 17
20 58 25
20 59 2
20 60 20
20 61 19
20 63 12
20 64 28
20 65 16
20 66 42
20 67 50
20 68 33
20 69 67
21 0 27
21 4 31
21 5 63
21 6 12
21 7 36
21 8 2
21 9 39
21 11 56
21 12 3
21 14 41
21 15 14
21 17 22
21 18 45
21 19 47
21 20 23
21 21 15
21 22 10
21 23 65
21 24 20
21 26 24
21 27 25
21 28 50
21 29 62
21 31 40
21 32 67
21 35 9
21 37 1
21 38 64
21 39 48
21 40 38
21 43 11
21 44 8
21 45 43
21 46 46
21 47 61
21 48 30
21 49 5
21 50 21
21 51 16
21 52 59
21 53 44
21 55 66
21 56 18
21 57 32
21 58 49
21 59 52
21 60 6
21 61 17
21 62 26
21 63 35
21 64 51
21 65 34
21 66 7
21 67 28
21 69 68
22 0 14
22 2 69
22 3 2
22 4 12
22 5 43
22 6 26
22 7 27
22 8 37
22 9 32
22 10 9
22 12 18
22 13 39
22 15 34
22 16 1
22 17 8
22 19 17
22 23 20
22 24 58
22 25 48
22 28 54
22 29 53
22 30 36
22 31 44
22 32 64
22 33 63
22 34 57
22 35 35
22 38 40
22 39 33
22 40 31
22 42 23
22 43 60
22 44 47
22 45 4
22 46 38
22 47 0
22 49 66
22 50 62
22 51 19
22 52 22
22 53 13
22 54 68
22 55 11
22 57 30
22 59 5
22 60 10
22 61 67
22 62 29
22 63 25
22 64 55
22 66 21
22 67 24
22 68 45
22 69 61
23 0 43
23 3 42
23 4 33
23 5 44
23 6 6
23 7 35
23 8 58
23 10 25
23 11 8
23 13 37
23 14 69
23 15 27
23 16 20
23 17 55
23 18 32
23 19 57
23 20 1
23 21 31
23 23 30
23 24 2
23 25 11
23 26 68
23 27 4
23 28 62
23 29 34
23 30 17
23 33 52
23 34 5
23 35 24
23 36 39
23 37 22
23 38 14
23 40 59
23 41 67
23 43 66
23 44 21
23 47 48
23 48 18
23 50 12
23 51 49
23 53 61
23 54 60
23 55 10
23 57 56
23 58 15
23 59 47
23 60 23
23 62 38
23 63 53
23 64 65
23 65 45
23 66 51
23 67 29
23 69 9
24 2 65
24 3 18
24 4 23
24 5 17
24 6 42
24 8 9
24 9 19
24 10 58
24 11 12
24 12 63
24 13 28
24 14 54
24 15 21
24 16 32
24 17 53
24 18 3
24 20 66
24 21 37
24 22 61
24 23 4
24 25 68
24 26 27
24 28 52
24 29 25
24 30 29
24 31 39
24 32 38
24 34 45
24 36 40
24 37 11
24 38 5
24 39 10
24 40 51
24 41 33
24 42 16
24 43 59
24 44 24
24 46 50
24 47 15
24 48 44
24 49 56
24 50 22
24 52 0
24 53 62
24 54 31
24 55 55
24 56 49
24 58 1
24 60 41
24 61 69
24 62 30
24 63 36
24 64 60
24 65 13
24 66 48
24 67 2
24 68 64
24 69 35
25 1 19
25 2 6
25 3 24
25 4 32
25 5 18
25 6 4
25 7 26
25 8 66
25 9 67
25 11 62
25 12 12
25 14 40
25 15 56
25 16 30
25 17 3
25 18 35
25 19 52
25 20 47
25 22 17
25 24 28
25 25 44
25 26 59
25 27 43
25 28 10
25 30 55
25 31 9
25 32 46
25 33 64
25 34 39
25 36 65
25 37 54
25 39 41
25 40 63
25 41 22
25 42 58
25 43 16
25 44 33
25 45 0
25 46 2
25 48 60
25 49 27
25 50 13
25 51 29
25 52 37
25 53 36
25 54 1
25 55 68
25 56 5
25 57 11
25 58 53
25 59 38
25 60 61
25 61 25
25 63 49
25 65 57
25 67 48
25 68 31
25 69 20
26 0 29
26 1 52
26 2 14
26 3 4
26 4 69
26 5 36
26 6 53
26 7 19
26 9 27
26 10 21
26 11 9
26 12 54
26 14 7
26 15 51
26 16 45
26 17 12
26 18 28
26 19 32
26 20 59
26 21 42
26 22 37
26 24 57
26 25 66
26 26 35
26 29 17
26 30 31
26 31 30
26 32 23
26 33 56
26 34 62
26 35 68
26 36 67
26 37 33
26 38 50
26 39 47
26 40 18
26 42 22
26 43 0
26 44 15
26 45 8
26 46 34
26 47 40
26 48 11
26 50 61
26 51 64
26 54 10
26 55 65
26 56 1
26 58 63
26 59 24
26 60 48
26 61 26
26 62 44
26 63 39
26 64 13
26 66 5
26 67 25
26 68 60
26 69 49
27 1 21
27 3 41
27 5 57
27 6 16
27 7 6
27 8 32
27 9 68
27 11 1
27 12 34
27 13 26
27 15 66
27 17 7
27 18 61
27 19 50
27 20 65
27 21 36
27 23 2
27 24 42
27 25 64
27 26 8
27 27 27
27 29 54
27 30 46
27 31 51
27 33 10
27 34 63
27 35 5
27 36 14
27 37 56
27 38 3
27 39 52
27 40 43
27 42 11
27 43 38
27 45 44
27 46 31
27 47 20
27 49 25
27 50 35
27 51 23
27 53 55
27 54 37
27 55 18
27 57 29
27 58 45
27 59 33
27 60 47
27 61 60
27 62 24
27 64 49
27 65 40
27 66 58
27 67 17
27 68 12
27 69 30
28 0 32
28 1 67
28 2 15
28 3 57
28 4 16
28 5 9
28 6 27
28 7 23
28 8 35
28 10 24
28 14 25
28 15 6
28 16 38
28 18 18
28 19 14
28 20 43
28 21 20
28 23 44
28 24 36
28 25 1
28 26 22
28 27 19
28 28 28
28 29 33
28 30 5
28 31 63
28 32 21
28 33 54
28 35 53
28 36 26
28 37 47
28 38 37
28 39 45
28 40 41
28 41 30
28 42 7
28 43 58
28 45 50
28 47 51
28 49 39
28 50 11
28 52 66
28 53 59
28 55 69
28 56 8
28 57 60
28 58 3
28 59 4
28 60 40
28 61 2
28 62 13
28 63 17
28 64 12
28 66 31
28 67 65
28 68 61
29 0 68
29 6 2
29 8 33
29 9 8
29 10 14
29 11 47
29 12 59
29 13 25
29 14 36
29 15 46
29 16 35
29 17 40
29 18 7
29 20 54
29 21 55
29 22 11
29 23 18
29 24 48
29 25 65
29 26 44
29 27 50
29 28 41
29 29 49
29 31 53
29 32 42
29 33 57
29 35 22
29 36 30
29 37 62
29 38 45
29 39 12
29 41 20
29 44 3
29 45 58
29 46 37
29 47 67
29 48 0
29 49 23
29 50 28
29 51 26
29 52 4
29 53 34
29 54 15
29 55 52
29 56 56
29 57 27
29 58 66
29 60 32
29 61 21
29 62 39
29 63 6
29 65 1
29 67 31
29 68 17
29 69 13
30 0 44
30 2 18
30 3 20
30 5 65
30 6 5
30 7 2
30 8 43
30 9 35
30 10 26
30 11 45
30 12 57
30 13 63
30 14 50
30 16 42
30 18 48
30 19 21
30 20 24
30 21 12
30 22 36
30 23 58
30 24 55
30 25 38
30 26 56
30 28 27
30 29 66
30 30 30
30 32 41
30 33 68
30 35 33
30 37 52
30 39 60
30 42 39
30 44 49
30 45 22
30 46 17
30 47 59
30 48 3
30 49 11
30 50 64
30 51 6
30 52 25
30 53 10
30 54 14
30 55 7
30 57 8
30 58 62
30 60 4
30 62 28
30 64 69
30 66 32
30 67 54
30 68 9
30 69 23
31 0 35
31 1 37
31 2 52
31 3 22
31 4 3
31 6 13
31 8 5
31 10 40
31 13 55
31 15 1
31 16 16
31 17 56
31 19 46
31 20 45
31 22 26
31 23 63
31 24 7
31 25 31
31 27 48
31 29 39
31 30 47
31 31 4
31 32 11
31 33 51
31 34 21
31 35 30
31 36 49
31 37 53
31 38 25
31 40 44
31 41 19
31 42 59
31 43 68
31 44 14
31 47 9
31 48 2
31 51 17
31 52 27
31 53 32
31 55 41
31 56 61
31 59 28
31 60 50
31 61 8
31 62 62
31 63 34
31 64 58
31 65 24
31 66 64
31 67 10
31 68 54
31 69 69
32 0 9
32 1 26
32 2 22
32 3 67
32 4 68
32 5 47
32 7 4
32 9 50
32 10 62
32 11 33
32 12 16
32 14 57
32 15 44
32 17 69
32 21 56
32 22 18
32 23 35
32 24 5
32 25 39
32 26 28
32 27 1
32 28 30
32 29 14
32 30 54
32 31 59
32 32 65
32 33 31
32 34 64
32 35 46
32 36 32
32 37 61
32 38 52
32 39 3
32 42 42
32 44 19
32 45 45
32 47 34
32 49 36
32 50 27
32 52 49
32 53 17
32 54 6
32 55 37
32 57 20
32 58 40
32 59 29
32 60 55
32 61 53
32 62 66
32 63 43
32 64 10
32 65 11
32 67 0
32 68 7
32 69 8
33 2 33
33 3 47
33 5 30
33 6 49
33 8 60
33 9 40
33 10 69
33 11 6
33 12 9
33 14 13
33 15 52
33 16 12
33 17 64
33 19 27
33 21 53
33 22 0
33 26 57
33 27 8
33 29 50
33 32 1
33 34 22
33 36 45
33 38 59
33 39 43
33 40 55
33 43 15
33 44 35
33 45 20
33 47 38
33 49 26
33 50 32
33 51 5
33 52 61
33 54 39
33 55 16
33 56 44
33 57 42
33 58 18
33 59 11
33 60 63
33 61 48
33 62 2
33 64 23
33 66 34
33 68 51
33 69 31
34 0 33
34 3 5
34 4 35
34 5 4
34 6 8
34 7 49
34 8 53
34 9 41
34 11 44
34 12 69
34 13 68
34 14 32
34 15 15
34 16 34
34 21 28
34 22 38
34 23 60
34 24 61
34 26 45
34 27 65
34 29 19
34 30 37
34 31 24
34 32 52
34 33 18
34 34 54
34 35 26
34 36 58
34 38 16
34 39 14
34 40 56
34 41 12
34 44 17
34 45 30
34 47 6
34 48 39
34 49 13
34 50 67
34 52 63
34 53 57
34 54 2
34 56 42
34 57 47
34 58 27
34 60 3
34 61 43
34 62 31
34 63 46
34 64 22
34 65 64
34 66 66
34 67 7
34 68 48
34 69 1
35 0 26
35 1 16
35 2 27
35 4 50
35 5 20
35 6 30
35 7 7
35 8 42
35 9 14
35 11 55
35 13 40
35 14 49
35 15 31
35 16 6
35 17 32
35 18 25
35 20 53
35 21 47
35 23 28
35 24 23
35 25 60
35 26 69
35 27 64
35 28 46
35 30 38
35 32 18
35 33 2
35 34 56
35 35 44
35 37 58
35 39 17
35 40 11
35 41 35
35 43 5
35 44 0
35 45 68
35 46 36
35 47 43
35 48 54
35 49 63
35 52 52
35 53 37
35 54 65
35 55 39
35 57 9
35 58 33
35 62 67
35 63 57
35 64 4
35 65 22
35 66 24
35 67 19
35 68 66
35 69 62
36 0 17
36 1 45
36 2 5
36 3 25
36 4 30
36 5 0
36 6 44
36 7 11
36 10 16
36 12 50
36 13 20
36 14 1
36 15 64
36 17 6
36 18 15
36 20 67
36 21 26
36 22 7
36 25 61
36 26 63
36 27 36
36 28 56
36 29 65
36 31 38
36 33 12
36 34 33
36 35 52
36 36 51
36 38 57
36 39 27
36 42 18
36 43 24
36 45 31
36 46 23
36 47 41
36 50 66
36 51 32
36 52 58
36 53 29
36 54 46
36 55 4
36 56 43
36 58 55
36 59 10
36 60 49
36 61 28
36 62 59
36 64 9
36 66 3
36 67 40
36 68 62
36 69 37
37 0 11
37 2 7
37 4 63
37 5 12
37 6 34
37 7 45
37 8 48
37 9 69
37 10 27
37 12 39
37 13 62
37 14 68
37 17 49
37 18 64
37 19 1
37 20 33
37 22 60
37 23 50
37 24 40
37 25 51
37 27 57
37 28 4
37 29 58
37 30 6
37 31 46
37 32 3
37 33 0
37 34 43
37 36 44
37 37 15
37 38 29
37 39 13
37 40 25
37 41 36
37 42 26
37 43 47
37 44 61
37 45 23
37 46 35
37 47 24
37 48 38
37 49 28
37 50 59
37 52 9
37 53 18
37 54 16
37 55 30
37 57 19
37 58 5
37 59 56
37 60 66
37 61 22
37 62 8
37 63 2
37 64 14
37 65 41
37 67 52
37 68 42
38 1 0
38 2 35
38 4 37
38 5 45
38 6 68
38 8 30
38 9 44
38 10 23
38 11 13
38 13 48
38 14 29
38 15 50
38 16 33
38 18 1
38 19 58
38 22 57
38 24 10
38 25 8
38 26 26
38 27 31
38 28 60
38 30 11
38 31 69
38 32 61
38 33 24
38 35 62
38 36 38
38 38 63
38 39 34
38 40 52
38 41 43
38 42 21
38 43 14
38 44 64
38 45 66
38 48 51
38 49 20
38 50 3
38 51 42
38 52 40
38 53 16
38 54 17
38 55 28
38 56 54
38 58 56
38 59 12
38 61 27
38 62 49
38 63 67
38 64 47
38 66 22
38 67 4
38 68 6
39 0 57
39 1 3
39 2 41
39 3 66
39 5 61
39 6 56
39 8 51
39 9 17
39 10 52
39 11 28
39 12 2
39 13 50
39 14 43
39 15 38
39 17 23
39 18 26
39 19 11
39 21 39
39 22 14
39 23 19
39 24 16
39 26 64
39 27 10
39 28 36
39 29 60
39 30 4
39 32 62
39 33 32
39 34 46
39 35 58
39 36 69
39 38 67
39 39 1
39 41 49
39 42 47
39 45 54
39 46 9
39 50 45
39 51 0
39 52 31
39 53 24
39 56 34
39 57 40
39 58 20
39 59 7
39 60 18
39 62 37
39 63 33
39 65 59
39 67 27
39 68 44
39 69 53
40 1 46
40 2 48
40 3 8
40 4 2
40 5 52
40 6 3
40 8 31
40 9 34
40 10 38
40 11 60
40 12 40
40 13 10
40 15 63
40 16 21
40 17 65
40 19 62
40 20 28
40 22 66
40 23 23
40 24 18
40 25 49
40 26 4
40 28 20
40 29 0
40 30 1
40 31 15
40 32 59
40 33 13
40 34 25
40 35 54
40 36 27
40 37 44
40 38 30
40 40 58
40 41 41
40 43 33
40 45 53
40 46 14
40 47 16
40 48 5
40 49 29
40 50 55
40 51 69
40 52 36
40 53 22
40 54 43
40 55 51
40 56 37
40 57 6
40 58 50
40 60 17
40 61 11
40 63 7
40 64 61
40 65 42
40 67 39
41 0 59
41 3 62
41 9 28
41 10 47
41 13 7
41 14 51
41 15 11
41 16 37
41 17 14
41 18 42
41 19 66
41 21 43
41 22 33
41 23 48
41 24 64
41 27 0
41 29 67
41 30 57
41 31 25
41 33 5
41 34 41
41 35 1
41 36 18
41 37 32
41 38 8
41 40 49
41 41 53
41 43 50
41 44 58
41 45 34
41 47 31
41 49 4
41 50 23
41 51 60
41 52 16
41 54 3
41 57 13
41 58 24
41 59 36
41 60 19
41 61 20
41 62 35
41 63 65
41 64 30
41 65 52
41 66 45
41 67 12
41 68 69
42 0 50
42 1 68
42 2 59
42 4 49
42 5 8
42 6 14
42 7 64
42 8 62
42 10 30
42 12 24
42 13 12
42 14 22
42 16 69
42 17 45
42 19 54
42 20 55
42 21 13
42 23 66
42 24 46
42 25 25
42 26 53
42 27 61
42 28 42
42 31 27
42 32 47
42 33 3
42 34 15
42 36 7
42 37 60
42 38 35
42 39 36
42 40 19
42 42 0
42 43 31
42 44 52
42 45 6
42 47 37
42 48 17
42 49 1
42 50 34
42 51 2
42 53 26
42 54 58
42 55 43
42 56 11
42 57 18
42 58 29
42 59 48
42 62 4
42 63 20
42 65 56
42 67 33
43 0 19
43 1 11
43 2 16
43 3 14
43 4 10
43 5 33
43 6 20
43 7 28
43 8 50
43 9 46
43 10 61
43 11 43
43 12 25
43 13 32
43 14 24
43 15 48
43 16 26
43 18 36
43 20 40
43 21 66
43 22 42
43 23 49
43 25 52
43 27 35
43 28 17
43 29 21
43 30 58
43 32 34
43 33 69
43 34 44
43 37 39
43 38 18
43 39 67
43 42 68
43 43 54
43 44 38
43 45 59
43 46 0
43 47 7
43 48 1
43 49 2
43 51 30
43 52 12
43 53 45
43 54 29
43 55 31
43 56 23
43 57 62
43 58 57
43 59 9
43 60 56
43 63 47
43 64 53
43 65 55
43 68 63
43 69 60
44 0 40
44 2 42
44 4 19
44 5 56
44 6 15
44 7 61
44 8 10
44 9 51
44 10 68
44 11 27
44 12 1
44 13 21
44 14 65
44 15 18
44 16 3
44 17 31
44 18 43
44 19 38
44 20 26
44 21 32
44 22 22
44 24 63
44 25 5
44 26 67
44 27 24
44 29 36
44 30 66
44 31 47
44 32 45
44 33 35
44 34 20
44 35 69
44 36 17
44 38 41
44 40 14
44 42 4
44 43 34
44 44 44
44 45 9
44 46 52
44 47 23
44 49 33
44 50 48
44 51 57
44 54 49
44 56 53
44 57 39
44 58 2
44 59 30
44 60 60
44 62 25
44 64 50
44 65 62
44 66 55
44 68 0
44 69 46
45 0 49
45 1 44
45 2 3
45 3 1
45 4 59
45 5 21
45 6 47
45 7 25
45 8 67
45 9 65
45 14 53
45 15 24
45 16 7
45 17 42
45 18 41
45 19 40
45 20 6
45 23 5
45 24 30
45 25 46
45 26 39
45 27 55
45 31 29
45 32 58
45 33 50
45 34 52
45 35 13
45 36 19
45 38 22
45 39 2
45 40 10
45 41 60
45 43 23
45 44 4
45 45 32
45 47 63
45 48 27
45 49 51
45 51 34
45 53 35
45 54 56
45 56 17
45 57 54
45 60 43
45 61 38
45 62 15
45 63 69
45 65 18
45 66 57
45 67 66
45 68 16
46 0 65
46 1 25
46 2 49
46 3 19
46 4 45
46 5 14
46 6 55
46 8 61
46 10 46
46 12 47
46 13 8
46 14 12
46 15 67
46 16 28
46 17 33
46 18 39
46 20 34
46 21 1
46 22 5
46 23 11
46 24 4
46 25 24
46 29 43
46 30 50
46 31 22
46 32 26
46 34 18
46 35 56
46 36 42
46 37 13
46 38 66
46 39 51
46 40 16
46 41 37
46 42 31
46 44 41
46 45 21
46 46 48
46 47 10
46 52 20
46 54 53
46 55 32
46 58 35
46 60 57
46 61 0
46 62 52
46 63 63
46 64 62
46 65 68
46 66 29
46 67 23
46 68 30
46 69 3
47 0 45
47 2 58
47 3 59
47 4 34
47 5 37
47 7 3
47 8 1
47 9 47
47 10 60
47 11 11
47 12 10
47 13 9
47 14 0
47 15 12
47 16 44
47 17 36
47 18 63
47 20 56
47 23 54
47 24 17
47 25 19
47 27 51
47 28 53
47 29 57
47 30 41
47 31 6
47 32 22
47 34 66
47 35 40
47 36 52
47 37 55
47 38 61
47 39 64
47 40 13
47 41 38
47 42 46
47 43 28
47 45 2
47 46 16
47 47 5
47 48 8
47 50 50
47 52 35
47 53 39
47 54 33
47 56 25
47 58 48
47 59 68
47 60 62
47 61 32
47 62 23
47 63 15
47 64 18
47 66 14
47 67 42
47 68 20
47 69 24
48 0 69
48 1 63
48 2 24
48 3 31
48 4 55
48 5 67
48 7 41
48 8 6
48 9 62
48 10 36
48 12 5
48 13 1
48 14 42
48 15 57
48 16 19
48 17 37
48 18 2
48 19 10
48 21 68
48 22 34
48 24 50
48 25 12
48 26 61
48 27 13
48 28 48
48 29 26
48 31 56
48 32 29
48 33 14
48 34 49
48 35 51
48 36 54
48 37 17
48 38 39
48 39 58
48 41 23
48 42 27
48 43 40
48 44 28
48 46 25
48 48 7
48 50 53
48 51 9
48 52 47
48 54 44
48 55 0
48 56 65
48 57 64
48 58 21
48 59 43
48 60 46
48 61 66
48 62 45
48 64 52
48 65 4
48 66 38
48 67 30
48 69 59
49 0 58
49 1 27
49 2 2
49 3 9
49 4 41
49 6 22
49 7 55
49 8 18
49 10 20
49 12 56
49 13 67
49 14 47
49 16 54
49 17 39
49 18 52
49 20 31
49 21 63
49 22 35
49 23 64
49 24 62
49 25 23
49 26 13
49 27 33
49 28 3
49 29 4
49 30 25
49 32 40
49 33 1
49 34 69
49 35 17
49 36 11
49 37 36
49 38 43
49 39 28
49 40 65
49 41 14
49 44 48
49 45 16
49 47 45
49 48 12
49 49 32
49 51 51
49 52 7
49 53 0
49 54 61
49 55 59
49 56 66
49 57 68
49 59 6
49 60 15
49 61 24
49 64 57
49 65 60
49 66 8
50 0 16
50 4 9
50 5 40
50 6 28
50 7 33
50 8 26
50 10 10
50 13 57
50 16 0
50 17 35
50 18 8
50 19 23
50 20 52
50 21 69
50 23 13
50 24 32
50 25 14
50 26 62
50 27 18
50 28 5
50 30 67
50 31 54
50 32 60
50 33 46
50 35 7
50 36 68
50 37 41
50 39 37
50 40 36
50 41 2
50 42 66
50 43 55
50 44 22
50 46 20
50 48 34
50 49 12
50 50 49
50 51 47
50 52 30
50 53 58
50 54 4
50 55 48
50 56 27
50 58 19
50 59 51
50 60 53
50 61 44
50 62 1
50 63 59
50 64 24
50 66 43
50 67 3
50 68 38
50 69 15
51 0 61
51 1 48
51 2 13
51 3 11
51 4 15
51 5 54
51 6 69
51 7 10
51 8 41
51 9 66
51 11 64
51 12 20
51 13 24
51 14 59
51 15 33
51 16 58
51 17 28
51 19 29
51 20 35
51 21 50
51 22 16
51 23 53
51 24 56
51 25 2
51 26 19
51 27 67
51 28 8
51 29 27
51 30 62
51 31 21
51 32 57
51 34 47
51 35 43
51 36 4
51 37 18
51 38 46
51 39 42
51 40 6
51 41 44
51 42 49
51 43 51
51 44 23
51 45 38
51 46 63
51 47 55
51 48 40
51 49 17
51 51 68
51 52 60
51 53 12
51 54 25
51 56 39
51 57 52
51 59 0
51 60 9
51 61 14
51 62 32
51 63 3
51 64 31
51 66 1
51 68 22
51 69 65
52 0 4
52 1 22
52 3 13
52 4 28
52 5 41
52 6 33
52 7 1
52 9 10
52 10 29
52 11 18
52 12 6
52 13 64
52 14 3
52 15 20
52 16 65
52 17 24
52 18 58
52 20 32
52 21 44
52 23 57
52 24 15
52 25 43
52 26 31
52 27 54
52 28 51
52 30 8
52 31 35
52 32 14
52 34 59
52 35 0
52 38 19
52 39 46
52 40 50
52 41 21
52 44 7
52 46 47
52 47 66
52 48 52
52 49 67
52 50 63
52 51 12
52 52 42
52 54 69
52 55 17
52 56 2
52 57 5
52 58 68
52 60 39
52 62 34
52 63 38
52 64 37
52 65 9
52 66 27
52 67 62
52 69 36
53 0 56
53 1 66
53 2 19
53 4 42
53 5 1
53 6 67
53 7 40
53 10 6
53 11 20
53 12 46
53 13 30
53 14 34
53 15 28
53 17 15
53 18 27
53 19 31
53 20 12
53 21 16
53 22 41
53 23 52
53 24 47
53 25 32
53 26 9
53 28 39
53 30 10
53 31 64
53 32 48
53 33 62
53 34 3
53 36 57
53 37 8
53 38 17
53 39 59
53 40 7
53 42 33
53 43 4
53 44 5
53 45 29
53 47 22
53 48 25
53 51 37
53 54 51
53 55 21
53 56 0
53 57 45
53 59 44
53 61 13
53 62 14
53 63 58
53 64 2
53 65 53
53 66 61
53 67 35
53 68 26
53 69 50
54 0 39
54 1 12
54 2 11
54 3 68
54 6 10
54 7 51
54 8 28
54 9 42
54 10 5
54 13 29
54 14 20
54 15 30
54 17 50
54 18 17
54 19 69
54 20 38
54 21 49
54 23 67
54 24 34
54 25 7
54 26 66
54 27 22
54 28 18
54 29 48
54 30 45
54 32 16
54 33 47
54 34 58
54 35 64
54 37 0
54 38 55
54 39 61
54 40 54
54 41 3
54 42 37
54 44 6
54 46 27
54 47 44
54 48 26
54 51 59
54 52 62
54 53 25
54 54 63
54 55 46
54 56 19
54 57 31
54 58 32
54 59 57
54 60 24
54 61 9
54 62 43
54 63 4
54 65 36
54 66 2
54 67 21
54 68 56
54 69 41
55 0 62
55 1 51
55 3 28
55 4 39
55 5 2
55 6 45
55 7 47
55 8 65
55 9 5
55 10 54
55 11 16
55 12 66
55 13 61
55 14 21
55 15 29
55 16 27
55 18 60
55 19 41
55 20 10
55 21 7
55 22 32
55 23 1
55 24 8
55 25 13
55 26 50
55 27 34
55 28 26
55 29 22
55 30 48
55 32 53
55 34 36
55 35 63
55 36 9
55 37 30
55 38 6
55 40 23
55 41 4
55 42 20
55 43 17
55 44 59
55 45 67
55 46 43
55 47 68
55 49 38
55 50 42
55 51 56
55 52 55
55 53 19
55 54 18
55 56 35
55 57 15
55 58 58
55 60 64
55 61 3
55 62 69
55 63 44
55 64 0
55 65 46
55 66 49
55 67 14
55 68 24
55 69 12
56 0 31
56 1 56
56 2 36
56 4 64
56 5 26
56 6 58
56 7 12
56 8 20
56 9 55
56 12 65
56 13 59
56 14 30
56 15 69
56 16 11
56 17 43
56 18 37
56 19 7
56 22 21
56 24 29
56 25 18
56 26 60
56 27 66
56 28 24
56 29 28
56 30 39
56 31 62
56 33 53
56 34 9
56 35 45
56 36 63
56 38 27
56 39 40
56 40 2
56 41 16
56 42 6
56 43 42
56 44 10
56 46 32
56 47 19
56 48 47
56 49 48
56 50 5
56 51 35
56 53 38
56 54 41
56 55 8
56 56 33
56 57 61
56 58 0
56 59 3
56 60 68
56 62 22
56 63 13
56 64 15
56 65 67
56 68 34
57 0 53
57 1 9
57 2 39
57 3 46
57 4 1
57 5 58
57 6 0
57 8 13
57 9 48
57 10 49
57 11 61
57 12 22
57 13 65
57 14 26
57 15 8
57 16 31
57 17 34
57 18 57
57 19 28
57 20 11
57 21 38
57 22 2
57 24 33
57 26 32
57 27 47
57 28 21
57 29 63
57 30 16
57 31 41
57 32 69
57 33 27
57 35 50
57 36 35
57 37 45
57 38 68
57 39 30
57 40 17
57 41 64
57 43 56
57 44 62
57 45 24
57 46 5
57 47 54
57 48 29
57 50 25
57 52 10
57 54 55
57 56 51
57 57 4
57 59 19
57 60 67
57 61 36
57 62 12
57 63 37
57 64 44
57 66 23
57 67 18
57 68 3
57 69 7
58 0 0
58 1 41
58 2 62
58 4 43
58 5 55
58 6 25
58 8 40
58 9 6
58 11 65
58 12 32
58 13 31
58 14 45
58 15 35
58 16 56
58 17 16
58 19 36
58 21 5
58 22 47
58 23 61
58 27 17
58 30 7
58 31 34
58 32 30
58 33 19
58 34 23
58 36 53
58 37 24
58 38 54
58 39 18
58 40 46
58 41 39
58 42 51
58 44 60
58 45 10
58 46 21
58 47 11
58 48 63
58 49 64
58 50 2
58 51 48
58 54 57
58 55 3
58 56 20
58 57 67
58 58 14
58 59 66
58 61 42
58 63 27
58 64 33
58 65 29
58 67 8
58 68 13
58 69 26
59 1 4
59 2 23
59 3 43
59 5 51
59 6 29
59 8 25
59 9 16
59 10 2
59 11 39
59 12 45
59 13 41
59 14 11
59 15 55
59 16 48
59 17 27
59 18 46
59 19 9
59 20 7
59 21 58
59 22 49
59 23 17
59 24 35
59 26 14
59 27 28
59 28 31
59 30 42
59 31 32
59 33 34
59 35 18
59 36 24
59 37 3
59 38 65
59 39 21
59 40 61
59 41 66
59 42 5
59 43 6
59 44 36
59 45 1
59 46 13
59 47 56
59 49 69
59 50 8
59 52 54
59 54 19
59 55 44
59 56 12
59 58 64
59 59 26
59 60 52
59 61 30
59 62 47
59 63 50
59 64 68
59 65 20
59 66 33
59 67 57
59 68 37
59 69 0
60 0 34
60 1 18
60 2 40
60 4 5
60 5 7
60 6 37
60 7 16
60 8 46
60 9 53
60 10 39
60 11 51
60 13 42
60 14 56
60 15 62
60 16 61
60 17 10
60 18 67
60 19 65
60 20 2
60 21 14
60 22 12
60 23 47
60 24 45
60 26 0
60 27 44
60 28 59
60 29 35
60 30 24
60 31 33
60 32 66
60 33 15
60 34 27
60 35 31
60 36 8
60 37 4
60 39 9
60 40 68
60 41 11
60 42 13
60 43 3
60 44 25
60 45 64
60 46 22
60 47 28
60 48 21
60 49 43
60 50 41
60 51 55
60 52 69
60 53 1
60 54 36
60 55 19
60 56 32
60 58 60
60 59 23
60 60 58
60 61 54
60 62 50
60 63 26
60 64 38
60 66 52
60 67 6
60 68 29
60 69 63
61 0 41
61 1 28
61 2 54
61 3 53
61 4 21
61 5 5
61 7 69
61 8 38
61 9 58
61 11 4
61 12 43
61 13 18
61 14 17
61 16 49
61 17 51
61 18 16
61 19 30
61 20 63
61 21 52
61 22 44
61 23 31
61 24 25
61 25 27
61 26 33
61 27 42
61 28 35
61 29 37
61 30 56
61 31 60
61 32 20
61 33 40
61 35 59
61 36 64
61 37 9
61 38 47
61 39 50
61 40 45
61 41 0
61 42 12
61 43 61
61 44 13
61 45 14
61 46 24
61 47 57
61 49 7
61 50 65
61 52 68
61 53 8
61 54 23
61 56 6
61 57 26
61 58 46
61 59 62
61 60 29
61 61 39
61 62 10
61 63 66
61 64 32
61 67 55
61 68 1
61 69 22
62 0 3
62 1 6
62 3 39
62 4 7
62 5 59
62 7 42
62 8 36
62 9 56
62 10 0
62 11 10
62 12 67
62 13 60
62 14 27
62 15 25
62 16 53
62 17 54
62 18 66
62 20 48
62 21 24
62 22 1
62 23 40
62 24 49
62 25 62
62 26 43
62 27 12
62 30 65
62 31 16
62 32 50
62 33 22
62 34 26
62 35 4
62 36 61
62 37 23
62 38 20
62 39 57
62 41 68
62 42 44
62 43 37
62 45 46
62 46 41
62 48 31
62 49 34
62 50 17
62 51 11
62 53 64
62 54 5
62 55 14
62 56 15
62 57 33
62 58 9
62 61 58
62 63 32
62 64 45
62 66 28
62 67 13
62 68 2
62 69 52
63 0 8
63 3 34
63 5 53
63 6 43
63 7 17
63 8 68
63 9 20
63 10 7
63 11 15
63 12 37
63 13 49
63 15 2
63 17 29
63 18 38
63 19 24
63 20 3
63 21 45
63 22 64
63 23 0
63 24 14
63 25 10
63 26 55
63 27 11
63 29 47
63 31 61
63 32 25
63 33 48
63 35 36
63 36 21
63 37 50
63 38 4
63 39 23
63 40 28
63 41 13
63 44 54
63 46 30
63 47 27
63 48 62
63 50 31
63 51 39
63 53 56
63 54 67
63 56 40
63 57 51
63 58 44
63 59 63
63 60 26
63 61 57
63 62 65
63 64 46
63 65 69
63 66 18
63 67 5
63 68 59
63 69 16
64 1 39
64 2 20
64 3 17
64 7 60
64 8 52
64 9 23
64 10 18
64 11 3
64 12 48
64 13 46
64 14 58
64 15 10
64 17 11
64 19 43
64 21 0
64 22 6
64 24 69
64 25 30
64 26 29
64 27 40
64 28 33
64 29 68
64 30 22
64 31 55
64 32 49
64 33 65
64 34 7
64 35 61
64 36 66
64 37 42
64 38 31
64 39 32
64 40 1
64 41 26
64 42 8
64 45 27
64 47 2
64 50 38
64 51 28
64 52 5
64 53 63
64 54 34
64 55 45
64 56 41
64 57 35
64 58 67
64 59 64
64 60 44
64 62 16
64 63 14
64 65 50
64 66 9
64 67 51
64 68 21
64 69 19
65 2 4
65 3 16
65 5 19
65 6 54
65 7 46
65 8 56
65 9 1
65 10 32
65 11 5
65 12 58
65 13 45
65 14 62
65 15 9
65 16 52
65 17 25
65 22 24
65 24 0
65 25 63
65 26 51
65 27 68
65 28 6
65 29 41
65 30 13
65 31 37
65 32 43
65 33 39
65 34 31
65 35 67
65 36 28
65 38 10
65 39 69
65 40 15
65 42 40
65 44 2
65 45 42
65 46 60
65 47 36
65 49 65
65 50 26
65 51 53
65 53 30
65 54 38
65 56 59
65 57 3
65 58 47
65 59 22
65 61 55
65 63 8
65 64 66
65 65 21
65 66 50
65 67 34
65 68 35
65 69 57
66 0 1
66 1 57
66 2 32
66 3 64
66 4 44
66 5 11
66 6 7
66 7 38
66 8 8
66 9 49
66 10 67
66 11 21
66 12 23
66 15 19
66 17 17
66 18 20
66 19 2
66 20 5
66 21 61
66 22 30
66 23 68
66 24 12
66 25 69
66 26 47
66 27 14
66 29 3
66 30 59
66 31 45
66 32 24
66 33 41
66 36 13
66 37 43
66 38 58
66 39 53
66 40 66
66 41 9
66 42 55
66 43 29
66 44 65
66 45 60
66 46 40
66 47 26
66 48 33
66 49 22
66 51 50
66 52 51
66 55 42
66 56 62
66 57 36
66 58 10
66 59 18
66 61 31
66 62 48
66 63 56
66 64 34
66 65 15
66 66 0
66 69 54
67 0 25
67 1 65
67 3 38
67 4 40
67 5 16
67 8 63
67 9 57
67 10 3
67 11 52
67 12 28
67 13 15
67 16 24
67 17 30
67 18 68
67 19 49
67 20 22
67 21 41
67 22 27
67 23 6
67 24 39
67 25 45
67 26 34
67 27 23
67 29 5
67 30 9
67 31 18
67 32 2
67 33 7
67 35 14
67 36 12
67 37 37
67 38 32
67 39 19
67 40 20
67 41 55
67 42 10
67 43 35
67 44 31
67 45 47
67 47 62
67 48 42
67 49 50
67 50 44
67 52 17
67 53 69
67 54 11
67 56 36
67 57 48
67 59 54
67 60 0
67 61 64
67 62 51
67 63 29
67 64 26
67 65 61
67 66 59
67 67 67
67 68 4
67 69 56
68 0 15
68 1 60
68 4 18
68 6 32
68 7 37
68 8 22
68 9 12
68 10 66
68 11 29
68 12 35
68 13 2
68 14 33
68 15 0
68 16 17
68 17 61
68 18 50
68 19 59
68 20 8
68 21 51
68 22 58
68 23 10
68 24 65
68 25 4
68 26 54
68 27 21
68 28 23
68 29 44
68 30 43
68 31 11
68 32 68
68 33 49
68 34 1
68 35 6
68 38 7
68 39 39
68 41 62
68 42 63
68 43 26
68 45 28
68 46 55
68 47 30
68 48 57
68 49 31
68 50 40
68 53 14
68 54 45
68 55 20
68 57 53
68 59 67
68 60 69
68 61 47
68 62 19
68 63 41
68 64 25
68 65 5
68 66 46
68 67 9
68 68 52
68 69 42
69 0 13
69 1 64
69 2 30
69 3 52
69 4 29
69 5 66
69 7 67
69 9 24
69 10 42
69 11 14
69 12 68
69 14 38
69 15 40
69 16 36
69 17 20
69 18 33
69 19 4
69 20 51
69 21 34
69 22 46
69 23 26
69 24 21
69 25 0
69 26 1
69 28 7
69 29 45
69 30 44
69 31 23
69 32 12
69 33 25
69 34 55
69 35 37
69 36 5
69 37 57
69 38 69
69 39 49
69 40 3
69 41 6
69 42 61
69 43 22
69 44 63
69 45 62
69 46 53
69 47 60
69 48 48
69 49 19
69 50 58
69 51 43
69 52 8
69 53 11
69 54 47
69 56 28
69 57 65
69 58 41
69 60 27
69 62 56
69 63 31
69 65 32
69 67 15
69 68 18
69 69 17
