70
0 1 53
0 2 26
0 6 5
0 11 8
0 12 37
0 13 56
0 15 40
0 17 63
0 20 41
0 22 47
0 30 22
0 35 64
0 39 34
0 42 20
0 50 21
0 51 69
0 57 51
0 65 29
0 68 61
0 69 38
1 1 3
1 5 18
1 6 52
1 11 56
1 14 9
1 18 22
1 21 43
1 24 23
1 26 16
1 28 44
1 31 10
1 35 15
1 46 35
1 47 21
1 49 51
1 50 26
1 58 54
1 59 48
1 60 45
1 63 7
1 65 31
1 66 38
1 68 4
2 0 53
2 5 58
2 7 57
2 8 25
2 13 14
2 14 35
2 25 5
2 26 67
2 30 61
2 31 37
2 35 23
2 37 48
2 40 19
2 46 50
2 50 44
2 52 28
2 53 13
2 63 24
2 66 64
3 0 49
3 5 55
3 7 62
3 8 2
3 12 32
3 14 12
3 20 61
3 24 39
3 26 11
3 27 38
3 29 41
3 32 63
3 34 31
3 35 53
3 43 21
3 46 24
3 48 36
3 49 16
3 55 23
3 59 46
3 60 69
3 63 13
4 1 66
4 4 29
4 8 20
4 9 43
4 10 63
4 11 65
4 25 33
4 26 23
4 28 47
4 29 32
4 30 45
4 31 26
4 38 57
4 40 62
4 44 3
4 46 34
4 47 50
4 52 35
4 53 22
4 54 17
4 57 21
4 59 67
4 62 37
4 64 8
4 66 10
4 67 61
4 68 11
5 3 13
5 6 26
5 12 2
5 14 56
5 22 51
5 25 52
5 26 4
5 28 32
5 32 3
5 40 35
5 46 11
5 48 38
5 49 31
5 50 1
5 53 68
5 54 62
5 56 29
5 60 23
5 61 16
5 62 28
5 68 27
6 1 16
6 4 1
6 6 17
6 10 56
6 12 33
6 16 14
6 18 68
6 22 65
6 26 48
6 29 35
6 36 4
6 40 26
6 46 6
6 54 13
6 56 24
6 58 43
6 60 53
6 62 21
6 64 7
6 67 54
7 0 29
7 2 62
7 3 33
7 4 61
7 5 25
7 6 43
7 11 69
7 13 68
7 14 51
7 17 54
7 18 38
7 19 20
7 23 60
7 26 58
7 27 32
7 28 40
7 31 13
7 40 49
7 48 55
7 50 31
7 52 19
7 54 50
7 64 39
7 69 44
8 8 15
8 9 18
8 10 61
8 12 42
8 15 30
8 20 62
8 30 13
8 36 14
8 45 29
8 53 6
8 54 67
8 64 53
8 67 56
8 68 50
9 1 46
9 2 20
9 3 30
9 5 51
9 6 44
9 7 61
9 16 65
9 22 17
9 26 50
9 31 3
9 35 43
9 39 13
9 40 27
9 44 26
9 50 5
9 53 29
9 54 45
9 59 41
9 60 9
9 66 67
10 2 19
10 7 51
10 10 17
10 13 33
10 19 26
10 26 45
10 36 9
10 37 69
10 44 65
10 45 64
10 48 1
10 50 16
10 52 3
10 57 32
10 62 43
10 63 29
10 64 58
10 65 12
10 66 7
11 2 6
11 8 24
11 10 10
11 11 17
11 12 58
11 18 1
11 19 34
11 21 53
11 24 12
11 27 26
11 29 3
11 36 38
11 39 65
11 40 63
11 42 21
11 49 15
11 52 67
11 55 5
11 56 62
11 61 2
11 62 50
11 64 28
11 66 36
11 67 11
11 68 18
12 2 33
12 5 40
12 7 46
12 11 1
12 14 52
12 16 0
12 22 28
12 27 7
12 28 67
12 30 50
12 32 30
12 40 11
12 42 38
12 43 5
12 50 36
12 53 49
12 57 37
12 64 57
12 67 62
13 2 41
13 5 2
13 6 39
13 7 45
13 11 23
13 12 49
13 16 12
13 17 1
13 20 27
13 26 15
13 27 56
13 29 11
13 30 40
13 43 35
13 45 21
13 46 9
13 48 31
13 51 18
13 55 0
13 56 52
13 58 59
13 59 4
13 66 51
13 68 69
13 69 63
14 3 62
14 10 44
14 11 11
14 13 55
14 15 35
14 19 68
14 22 40
14 24 57
14 36 49
14 37 5
14 39 23
14 40 37
14 41 7
14 43 48
14 44 39
14 45 66
14 48 15
14 53 45
14 54 10
14 58 36
14 64 17
15 1 44
15 4 36
15 6 32
15 12 16
15 18 31
15 21 3
15 25 21
15 31 40
15 34 48
15 35 13
15 36 30
15 37 62
15 38 41
15 44 4
15 47 22
15 50 45
15 55 52
15 62 58
15 66 54
15 69 35
16 6 57
16 19 18
16 21 21
16 25 0
16 26 26
16 30 36
16 36 6
16 49 27
16 52 5
16 55 30
16 57 68
16 64 9
16 69 46
17 2 50
17 13 12
17 17 17
17 18 16
17 19 8
17 23 22
17 24 58
17 26 37
17 30 52
17 31 35
17 37 40
17 43 43
17 46 56
17 47 27
17 54 14
17 56 38
17 61 60
18 1 47
18 7 20
18 17 46
18 19 5
18 22 37
18 28 10
18 33 41
18 37 29
18 40 14
18 41 67
18 45 69
18 46 59
18 48 50
18 49 48
18 55 43
18 57 8
18 59 6
18 61 7
18 67 15
19 3 2
19 6 14
19 12 36
19 16 8
19 19 31
19 22 48
19 23 5
19 24 50
19 31 24
19 40 52
19 45 23
19 51 67
19 53 27
19 54 18
19 55 1
19 59 63
19 60 59
19 62 41
19 65 21
20 0 40
20 1 34
20 5 32
20 7 42
20 8 1
20 19 37
20 21 39
20 26 61
20 27 13
20 31 17
20 34 30
20 38 4
20 40 2
20 41 52
20 44 5
20 45 25
20 46 49
20 51 56
20 63 50
20 65 69
20 66 62
20 67 28
20 68 10
20 69 47
21 2 59
21 4 45
21 9 54
21 11 5
21 12 64
21 13 50
21 18 19
21 20 21
21 24 34
21 35 39
21 40 10
21 46 37
21 48 2
21 49 66
21 56 0
21 61 15
21 64 6
21 67 23
21 69 31
22 2 32
22 5 11
22 9 20
22 14 59
22 15 4
22 19 49
22 20 2
22 24 18
22 29 31
22 31 15
22 32 42
22 35 6
22 39 62
22 40 55
22 43 44
22 46 28
22 54 52
22 57 12
22 58 40
22 65 39
22 66 0
23 2 40
23 4 42
23 5 65
23 9 17
23 11 45
23 13 31
23 19 25
23 22 10
23 23 47
23 25 30
23 26 41
23 43 15
23 45 16
23 48 3
23 51 8
23 52 63
23 54 11
23 56 26
23 58 55
23 68 22
24 10 68
24 12 23
24 16 19
24 21 64
24 27 10
24 32 4
24 33 43
24 38 1
24 40 44
24 44 20
24 45 50
24 46 52
24 48 62
24 50 28
24 52 15
24 58 8
24 62 17
24 64 37
24 67 66
25 2 35
25 8 54
25 10 27
25 13 13
25 14 38
25 16 29
25 22 6
25 26 64
25 28 43
25 29 21
25 30 12
25 31 1
25 33 58
25 34 39
25 35 60
25 39 67
25 42 16
25 44 47
25 46 22
25 50 11
25 51 44
25 57 7
25 60 32
25 62 61
25 65 65
25 69 25
26 1 31
26 3 66
26 5 21
26 7 65
26 11 46
26 16 45
26 17 29
26 19 54
26 34 61
26 39 32
26 41 11
26 45 42
26 47 40
26 50 57
26 51 27
26 54 60
26 55 20
26 59 50
26 63 35
26 66 68
27 2 14
27 3 22
27 5 42
27 8 3
27 10 55
27 17 41
27 20 31
27 22 9
27 45 57
27 46 60
27 49 21
27 50 32
27 69 23
28 2 42
28 3 19
28 5 34
28 6 28
28 9 63
28 17 5
28 22 15
28 26 54
28 29 50
28 31 67
28 36 39
28 39 68
28 40 57
28 41 22
28 42 24
28 51 0
28 52 33
28 53 37
28 56 12
28 59 16
28 60 7
28 61 14
28 65 27
28 68 31
28 69 59
29 6 1
29 7 14
29 10 45
29 15 64
29 16 39
29 24 9
29 29 28
29 30 55
29 32 21
29 33 59
29 36 8
29 43 42
29 46 15
29 47 48
29 49 44
29 51 57
29 52 25
29 54 66
29 56 36
29 58 62
29 59 20
29 66 33
30 7 30
30 8 12
30 11 41
30 12 10
30 13 45
30 22 66
30 25 50
30 26 36
30 37 37
30 41 33
30 44 27
30 46 39
30 50 23
30 54 63
30 55 31
30 64 25
31 0 44
31 1 49
31 2 15
31 7 32
31 9 50
31 13 11
31 16 24
31 20 10
31 30 66
31 31 20
31 33 42
31 34 56
31 41 51
31 43 2
31 45 17
31 47 52
31 51 54
31 53 64
31 56 53
31 57 43
31 59 60
31 68 30
32 2 46
32 5 59
32 7 49
32 10 60
32 17 34
32 18 14
32 19 29
32 22 62
32 24 61
32 26 13
32 28 69
32 34 63
32 36 58
32 37 67
32 38 50
32 42 23
32 49 37
32 53 55
32 54 68
32 56 30
32 62 27
32 65 0
32 66 32
33 3 46
33 6 8
33 12 14
33 14 0
33 15 27
33 16 42
33 18 26
33 19 55
33 20 35
33 21 59
33 23 65
33 27 47
33 29 52
33 34 50
33 39 9
33 40 56
33 58 63
33 61 66
33 64 43
33 65 30
33 69 40
34 1 28
34 9 15
34 12 46
34 15 17
34 18 65
34 20 59
34 21 35
34 22 49
34 27 60
34 33 55
34 38 19
34 39 38
34 41 0
34 43 32
34 45 2
34 47 47
34 52 53
34 59 10
34 61 33
34 62 40
34 64 50
34 65 57
35 4 46
35 6 30
35 7 66
35 8 63
35 15 39
35 19 14
35 20 58
35 23 26
35 25 37
35 27 5
35 28 62
35 31 48
35 32 50
35 37 34
35 38 28
35 45 13
35 46 7
35 48 16
35 51 36
35 52 0
35 54 20
35 56 41
35 57 55
35 61 31
35 63 69
35 64 45
35 65 9
36 2 0
36 6 27
36 8 44
36 11 67
36 15 57
36 17 31
36 20 50
36 22 2
36 29 42
36 30 69
36 31 55
36 34 60
36 37 4
36 38 29
36 43 41
36 46 20
36 50 52
36 54 32
36 56 8
36 59 40
36 62 45
36 63 38
37 1 29
37 3 34
37 6 56
37 9 39
37 10 23
37 14 3
37 17 9
37 23 42
37 24 60
37 27 14
37 28 13
37 30 58
37 31 69
37 32 10
37 37 50
37 40 64
37 42 12
37 43 27
37 49 63
37 50 4
37 57 54
37 62 67
37 64 31
37 67 51
38 4 17
38 5 52
38 7 50
38 13 67
38 14 69
38 16 54
38 21 19
38 22 35
38 24 21
38 25 9
38 28 5
38 33 51
38 38 32
38 40 0
38 43 37
38 48 34
38 51 7
38 54 22
38 57 18
38 58 6
38 62 46
38 69 26
39 1 27
39 12 24
39 19 28
39 20 3
39 30 26
39 32 0
39 44 38
39 47 37
39 54 6
39 55 62
39 61 10
39 67 16
39 69 14
40 8 61
40 15 11
40 16 27
40 17 42
40 24 48
40 29 37
40 32 5
40 37 41
40 40 20
40 42 49
40 45 33
40 52 7
40 56 10
40 57 60
40 60 57
40 61 45
40 62 39
40 64 66
40 65 68
40 67 17
40 69 56
41 2 21
41 3 11
41 6 4
41 11 42
41 13 22
41 16 9
41 21 30
41 25 1
41 26 25
41 28 60
41 31 23
41 32 68
41 33 54
41 42 2
41 44 59
41 47 0
41 49 7
41 54 19
41 56 66
41 57 63
41 60 5
41 61 6
41 62 55
41 65 45
41 67 14
42 1 23
42 6 64
42 14 19
42 16 17
42 19 52
42 27 6
42 28 9
42 29 36
42 31 12
42 35 2
42 37 25
42 38 31
42 40 59
42 46 43
42 47 15
42 49 29
42 52 45
42 55 67
42 56 61
42 60 11
42 61 8
42 67 10
43 6 46
43 14 40
43 15 60
43 16 69
43 17 64
43 18 23
43 27 1
43 29 33
43 33 65
43 34 66
43 40 13
43 44 34
43 46 8
43 48 10
43 54 4
43 56 44
43 60 0
43 63 63
43 64 19
43 66 56
43 67 21
43 68 15
43 69 22
44 2 64
44 3 56
44 6 21
44 11 25
44 13 58
44 18 24
44 19 2
44 21 51
44 22 26
44 26 63
44 30 33
44 32 35
44 36 17
44 38 23
44 43 40
44 49 43
44 50 61
44 57 65
44 60 55
44 65 62
45 0 11
45 5 23
45 6 51
45 8 27
45 11 29
45 15 42
45 17 16
45 31 45
45 38 43
45 40 22
45 63 18
45 67 68
46 0 2
46 1 37
46 3 67
46 4 64
46 5 15
46 6 34
46 9 11
46 12 41
46 13 48
46 15 62
46 16 57
46 19 36
46 28 66
46 29 49
46 30 17
46 34 8
46 38 52
46 47 7
46 52 14
46 56 20
46 59 47
46 66 1
46 67 26
46 69 4
47 1 10
47 7 3
47 8 67
47 9 7
47 10 24
47 12 1
47 19 17
47 20 57
47 26 0
47 27 44
47 29 48
47 30 39
47 32 52
47 33 30
47 34 47
47 41 50
47 43 28
47 45 12
47 50 55
47 51 23
47 52 64
47 53 31
47 55 19
47 56 5
47 57 2
47 60 42
47 63 53
47 66 61
47 69 15
48 4 35
48 9 32
48 11 53
48 13 52
48 16 31
48 17 38
48 25 56
48 28 22
48 40 28
48 42 47
48 44 45
48 46 3
48 47 29
48 48 51
48 52 68
48 57 67
48 58 34
48 60 63
48 66 39
49 0 51
49 3 40
49 5 69
49 7 37
49 10 22
49 13 46
49 15 36
49 16 44
49 19 41
49 27 19
49 28 21
49 31 0
49 32 14
49 36 57
49 38 7
49 45 20
49 48 65
49 50 6
49 61 55
49 63 10
49 66 2
50 0 42
50 7 55
50 12 26
50 15 25
50 16 1
50 18 36
50 25 8
50 27 63
50 28 41
50 33 28
50 39 33
50 42 44
50 47 39
50 48 40
50 50 43
50 52 20
50 53 2
50 60 65
50 61 69
50 62 62
50 64 51
50 65 15
50 67 5
51 2 27
51 5 9
51 7 28
51 9 64
51 10 19
51 16 68
51 17 7
51 20 54
51 23 37
51 25 41
51 34 55
51 35 33
51 41 26
51 42 39
51 44 52
51 46 51
51 47 53
51 49 13
51 53 14
51 56 60
51 63 58
51 64 18
51 65 67
51 69 69
52 1 19
52 6 60
52 12 5
52 14 2
52 15 21
52 19 30
52 20 63
52 26 34
52 39 37
52 42 14
52 46 58
52 47 11
52 51 26
52 59 23
52 68 48
52 69 39
53 2 16
53 3 24
53 6 19
53 7 35
53 9 40
53 12 22
53 13 29
53 18 10
53 23 11
53 26 68
53 27 51
53 33 36
53 37 43
53 39 28
53 47 62
53 51 13
53 52 42
53 57 33
53 61 5
53 65 4
53 67 25
54 1 63
54 4 25
54 6 66
54 12 38
54 16 16
54 17 12
54 23 15
54 30 14
54 36 28
54 37 0
54 43 47
54 47 30
54 48 26
54 49 9
54 58 64
54 60 1
54 65 49
55 3 8
55 4 23
55 5 56
55 9 61
55 11 47
55 12 12
55 17 66
55 19 22
55 20 1
55 24 35
55 27 4
55 28 36
55 31 39
55 38 17
55 46 5
55 48 37
55 50 51
55 52 27
55 60 49
55 62 57
55 68 46
56 2 7
56 6 2
56 10 38
56 11 37
56 15 18
56 16 47
56 17 33
56 19 11
56 26 51
56 27 12
56 31 65
56 32 48
56 36 55
56 37 31
56 40 30
56 41 16
56 42 10
56 43 9
56 44 56
56 50 40
56 51 5
56 52 17
56 54 8
56 56 21
56 58 20
56 68 3
57 2 37
57 3 50
57 4 11
57 8 41
57 9 27
57 10 46
57 12 18
57 20 49
57 22 39
57 24 13
57 25 31
57 35 36
57 40 24
57 42 65
57 44 62
57 49 0
57 50 3
57 52 52
57 57 4
57 59 53
57 62 1
57 65 54
57 66 17
58 1 68
58 3 44
58 5 8
58 6 50
58 7 15
58 10 48
58 12 29
58 15 26
58 19 35
58 20 33
58 23 45
58 24 52
58 29 14
58 30 64
58 31 11
58 33 31
58 42 60
58 43 4
58 50 25
58 56 67
58 59 30
58 63 0
58 69 54
59 4 4
59 7 22
59 19 63
59 24 14
59 25 40
59 27 66
59 28 55
59 29 61
59 33 3
59 35 11
59 45 59
59 47 16
59 50 2
59 56 56
59 60 20
59 61 62
59 63 60
59 64 67
59 65 28
59 69 5
60 0 32
60 12 39
60 15 63
60 27 49
60 28 51
60 32 59
60 34 24
60 36 45
60 40 17
60 41 19
60 42 5
60 50 54
60 51 4
60 56 43
60 57 38
60 60 47
60 61 67
60 65 26
60 67 52
60 69 1
61 4 68
61 5 60
61 11 63
61 12 9
61 13 27
61 19 61
61 20 17
61 22 3
61 30 7
61 31 53
61 34 2
61 36 31
61 37 22
61 40 8
61 41 1
61 42 43
61 44 49
61 45 38
61 48 44
61 51 34
61 52 4
61 53 18
61 58 0
61 62 26
61 63 19
61 67 29
61 68 42
62 2 17
62 3 15
62 7 31
62 11 34
62 17 27
62 20 38
62 22 44
62 24 45
62 28 2
62 29 29
62 30 19
62 33 32
62 34 14
62 35 48
62 36 69
62 40 1
62 44 60
62 48 63
62 50 50
62 54 28
62 55 9
62 57 61
62 58 67
62 59 39
62 60 41
62 63 43
63 0 36
63 3 59
63 4 66
63 18 18
63 25 35
63 29 10
63 31 52
63 35 61
63 37 44
63 39 0
63 41 47
63 45 28
63 50 8
63 60 51
63 64 16
64 0 23
64 2 68
64 6 67
64 15 33
64 18 39
64 19 40
64 21 27
64 23 0
64 24 3
64 30 42
64 32 36
64 34 1
64 36 59
64 38 11
64 39 61
64 43 20
64 45 22
64 49 46
64 50 37
64 51 35
64 54 53
64 55 13
64 56 6
64 57 44
64 62 60
64 63 8
64 64 41
64 67 30
65 4 12
65 7 48
65 10 31
65 11 30
65 20 53
65 22 56
65 25 36
65 30 59
65 31 32
65 35 44
65 42 26
65 45 6
65 47 63
65 48 33
65 49 40
65 50 22
65 59 58
65 60 14
65 61 24
65 62 0
65 64 21
66 0 63
66 2 29
66 3 20
66 5 0
66 8 50
66 11 9
66 12 44
66 14 7
66 18 60
66 20 13
66 27 23
66 30 21
66 43 11
66 45 34
66 46 42
66 50 33
66 52 2
66 54 51
66 56 16
66 60 48
66 64 54
67 14 55
67 16 41
67 18 13
67 20 5
67 22 60
67 35 68
67 40 21
67 50 29
67 51 14
67 61 18
67 62 42
67 63 23
67 64 2
67 69 53
68 0 39
68 4 5
68 7 40
68 13 10
68 16 11
68 17 36
68 21 63
68 25 26
68 27 30
68 28 58
68 29 46
68 31 9
68 39 8
68 40 23
68 48 24
68 50 15
68 54 48
68 60 68
68 67 20
68 68 38
68 69 45
69 6 31
69 7 17
69 10 47
69 11 62
69 18 28
69 25 16
69 31 49
69 36 52
69 38 10
69 40 25
69 44 8
69 45 36
69 50 19
69 53 53
69 55 64
69 58 11
69 59 5
69 62 29
69 64 65
