70
0 3 48
0 5 56
0 7 51
0 9 23
0 12 30
0 14 41
0 20 33
0 29 18
0 30 2
0 32 50
0 35 57
0 38 16
0 42 69
0 45 35
0 48 7
0 50 49
0 54 47
0 58 26
0 62 3
0 64 63
0 66 17
0 68 53
1 0 8
1 1 69
1 5 53
1 6 19
1 10 45
1 12 18
1 17 54
1 20 32
1 22 15
1 27 10
1 30 11
1 34 7
1 36 55
1 37 30
1 40 26
1 53 68
1 56 43
1 61 9
1 62 56
1 64 47
1 69 23
2 1 45
2 2 56
2 4 62
2 5 59
2 8 9
2 9 1
2 12 52
2 15 24
2 21 20
2 28 22
2 31 13
2 35 26
2 42 68
2 44 27
2 56 36
2 58 57
2 59 41
2 61 31
2 66 33
2 69 37
3 0 56
3 1 30
3 2 22
3 6 43
3 15 10
3 16 15
3 23 57
3 34 52
3 37 6
3 41 50
3 46 40
3 47 42
3 49 25
3 51 34
3 52 36
3 54 67
3 58 21
3 60 14
3 61 16
3 62 33
3 68 65
3 69 69
4 3 8
4 11 16
4 12 37
4 14 47
4 18 40
4 19 68
4 21 21
4 28 67
4 31 48
4 32 9
4 36 14
4 38 28
4 39 53
4 42 32
4 44 23
4 47 26
4 52 54
4 58 56
4 60 2
4 62 29
4 64 51
4 65 38
5 1 68
5 3 60
5 4 28
5 6 20
5 9 17
5 10 52
5 12 32
5 23 40
5 25 19
5 26 47
5 31 39
5 36 7
5 37 33
5 38 43
5 39 23
5 41 10
5 44 62
5 46 69
5 53 9
5 54 42
5 57 57
5 63 1
6 1 13
6 4 30
6 7 56
6 8 23
6 25 28
6 31 35
6 37 7
6 40 3
6 43 5
6 46 19
6 47 2
6 56 47
6 58 34
6 61 67
6 62 16
6 66 43
6 69 64
7 1 50
7 6 11
7 9 37
7 16 53
7 18 27
7 20 10
7 21 62
7 28 65
7 32 18
7 37 39
7 39 9
7 40 20
7 41 5
7 45 68
7 47 56
7 57 61
7 60 3
7 65 29
8 2 68
8 15 65
8 16 24
8 17 32
8 20 0
8 21 46
8 24 55
8 27 17
8 34 37
8 35 11
8 36 8
8 40 42
8 42 54
8 47 60
8 52 67
8 54 34
8 58 52
8 62 23
8 68 22
9 2 50
9 4 46
9 5 16
9 6 57
9 9 49
9 10 4
9 13 66
9 16 63
9 19 28
9 20 3
9 22 22
9 26 30
9 36 20
9 37 40
9 45 13
9 50 45
9 56 25
9 57 14
9 61 53
9 62 19
9 64 24
9 66 47
9 67 39
10 3 31
10 5 60
10 7 15
10 9 40
10 17 17
10 20 65
10 24 10
10 25 44
10 35 1
10 36 69
10 43 38
10 45 22
10 47 16
10 48 30
10 53 0
10 59 12
10 60 45
10 66 3
10 69 29
11 2 45
11 3 42
11 5 67
11 10 26
11 11 63
11 12 50
11 13 33
11 14 19
11 16 39
11 19 4
11 20 46
11 27 14
11 28 30
11 29 17
11 33 9
11 41 24
11 43 69
11 45 8
11 50 27
11 52 11
11 54 12
11 55 7
11 59 68
11 60 25
11 66 53
12 7 68
12 11 15
12 13 29
12 14 6
12 16 57
12 18 66
12 24 61
12 26 0
12 27 12
12 30 54
12 35 30
12 42 43
12 47 44
12 52 13
12 53 22
12 57 55
12 60 42
12 63 63
12 67 60
12 69 4
13 3 63
13 9 52
13 13 61
13 14 0
13 17 53
13 19 1
13 20 50
13 23 9
13 24 66
13 32 2
13 45 59
13 47 21
13 48 32
13 49 20
13 50 5
13 51 60
13 55 26
13 57 40
13 59 43
13 66 27
14 2 62
14 10 20
14 11 5
14 14 36
14 19 37
14 24 56
14 41 52
14 51 11
14 54 22
14 59 57
14 62 63
14 65 61
15 0 43
15 6 60
15 8 19
15 9 18
15 12 8
15 21 39
15 22 10
15 24 48
15 30 4
15 33 16
15 39 22
15 40 56
15 44 40
15 46 33
15 50 28
15 55 9
15 65 7
16 1 31
16 2 53
16 5 68
16 7 34
16 13 36
16 17 21
16 20 20
16 22 7
16 26 23
16 31 43
16 32 32
16 33 30
16 37 22
16 42 33
16 47 0
16 49 2
16 51 57
16 53 54
16 55 29
16 57 47
16 59 4
16 60 40
16 61 13
16 62 48
16 64 15
16 65 16
16 69 19
17 2 28
17 3 59
17 7 35
17 10 2
17 12 41
17 16 58
17 20 30
17 21 7
17 29 45
17 34 24
17 44 10
17 46 4
17 51 6
17 62 68
17 66 42
17 68 32
18 1 54
18 3 29
18 13 44
18 15 17
18 16 11
18 17 52
18 18 15
18 23 69
18 24 6
18 25 27
18 28 68
18 29 55
18 41 46
18 43 41
18 44 56
18 45 62
18 49 8
18 53 32
18 54 9
18 55 18
18 60 24
19 0 69
19 2 35
19 3 37
19 4 10
19 7 52
19 9 11
19 11 53
19 18 51
19 22 13
19 23 14
19 32 58
19 35 9
19 37 27
19 39 43
19 52 57
19 54 40
19 55 6
19 60 38
20 2 24
20 5 61
20 6 42
20 9 20
20 12 23
20 13 50
20 15 43
20 18 44
20 23 13
20 30 32
20 33 29
20 34 39
20 39 40
20 44 68
20 45 27
20 46 25
20 54 2
20 62 4
20 67 6
21 5 2
21 6 46
21 11 20
21 25 30
21 28 17
21 30 24
21 35 43
21 37 69
21 39 50
21 41 13
21 47 1
21 48 25
21 49 19
21 50 18
21 58 58
22 1 49
22 5 33
22 6 2
22 8 12
22 13 26
22 14 56
22 17 55
22 19 29
22 20 48
22 21 40
22 22 37
22 24 32
22 25 31
22 27 6
22 32 59
22 33 23
22 35 41
22 36 35
22 37 14
22 38 65
22 44 52
22 47 19
22 48 66
22 50 64
22 51 3
22 53 30
22 54 57
22 55 51
22 56 24
22 60 18
22 62 5
22 69 50
23 3 34
23 6 62
23 7 5
23 8 67
23 10 36
23 12 51
23 13 46
23 18 1
23 19 32
23 20 25
23 23 15
23 24 42
23 34 50
23 37 63
23 38 26
23 50 38
23 51 39
23 62 9
23 63 60
23 65 68
23 67 33
24 2 47
24 3 44
24 7 0
24 9 39
24 11 34
24 12 17
24 17 5
24 18 45
24 23 49
24 25 36
24 26 40
24 34 56
24 36 53
24 37 26
24 38 22
24 41 67
24 42 51
24 45 61
24 46 6
24 49 59
24 50 23
24 52 29
24 55 43
24 56 57
24 59 19
24 62 1
24 63 65
24 69 2
25 0 0
25 1 9
25 5 19
25 7 27
25 11 48
25 12 68
25 14 22
25 16 60
25 22 26
25 25 21
25 27 64
25 28 49
25 31 52
25 32 34
25 33 53
25 38 20
25 39 41
25 41 63
25 43 66
25 53 37
25 57 32
25 58 55
25 60 8
25 63 30
25 65 35
25 67 45
25 68 61
26 2 65
26 7 19
26 8 8
26 14 28
26 17 43
26 20 5
26 23 45
26 24 39
26 27 46
26 29 2
26 30 53
26 32 41
26 35 17
26 38 7
26 39 42
26 40 66
26 44 60
26 46 29
26 47 11
26 52 63
26 53 57
26 58 64
26 59 3
26 64 55
26 67 48
26 68 56
27 3 24
27 9 66
27 11 30
27 19 39
27 21 68
27 25 47
27 26 53
27 28 62
27 38 54
27 47 34
27 51 31
27 56 69
27 62 50
27 65 3
28 1 67
28 3 40
28 6 10
28 8 20
28 17 62
28 18 17
28 23 23
28 25 35
28 26 61
28 36 60
28 40 0
28 41 32
28 45 1
28 49 14
28 53 18
28 56 27
28 57 63
28 60 36
28 64 37
28 65 9
28 66 11
28 67 22
28 69 54
29 2 18
29 5 14
29 6 28
29 7 23
29 8 44
29 10 43
29 11 46
29 18 49
29 20 8
29 24 12
29 27 68
29 31 31
29 32 21
29 33 20
29 39 69
29 44 39
29 46 42
29 52 66
29 53 50
29 54 24
29 56 13
29 60 60
29 61 45
29 62 40
29 66 2
29 67 5
30 0 39
30 1 6
30 3 36
30 6 25
30 12 49
30 15 1
30 16 14
30 17 12
30 21 19
30 23 3
30 25 24
30 29 60
30 35 64
30 38 33
30 41 56
30 42 31
30 45 0
30 49 38
30 53 61
30 54 58
30 57 37
30 61 42
30 69 46
31 1 14
31 4 0
31 5 1
31 8 61
31 11 54
31 22 29
31 24 24
31 25 60
31 26 6
31 28 42
31 32 10
31 35 69
31 41 30
31 42 47
31 48 28
31 56 67
31 57 8
31 58 27
31 62 17
31 67 3
31 68 48
32 0 23
32 1 25
32 4 14
32 6 58
32 7 46
32 11 40
32 12 36
32 16 65
32 17 67
32 18 33
32 20 52
32 22 69
32 24 20
32 28 35
32 33 26
32 34 41
32 39 2
32 42 28
32 48 53
32 51 45
32 52 62
32 61 37
32 65 5
32 66 38
33 0 48
33 3 50
33 4 43
33 7 8
33 14 16
33 16 7
33 17 29
33 19 20
33 23 54
33 24 1
33 27 30
33 30 0
33 39 52
33 43 3
33 46 53
33 48 51
33 49 26
33 63 36
33 64 61
33 66 59
33 68 45
34 1 36
34 2 19
34 5 30
34 8 49
34 14 68
34 15 2
34 17 46
34 18 55
34 19 64
34 26 11
34 29 48
34 30 39
34 37 58
34 39 18
34 41 0
34 46 14
34 52 47
35 6 24
35 7 44
35 8 41
35 11 52
35 19 34
35 21 63
35 22 64
35 24 35
35 26 8
35 33 18
35 35 58
35 37 2
35 43 26
35 45 23
35 46 31
35 50 48
35 52 33
35 58 61
35 60 46
35 68 1
36 2 13
36 4 69
36 5 29
36 6 37
36 8 11
36 9 19
36 15 60
36 17 34
36 20 38
36 27 0
36 34 33
36 39 12
36 41 68
36 42 61
36 47 35
36 48 62
36 51 64
36 57 5
36 64 54
36 68 43
36 69 28
37 9 68
37 27 23
37 33 50
37 43 18
37 46 43
37 47 32
37 50 37
37 52 69
37 55 13
37 60 1
37 68 57
38 0 18
38 1 60
38 2 5
38 8 21
38 10 6
38 12 40
38 15 32
38 16 19
38 18 31
38 26 4
38 31 12
38 39 27
38 42 22
38 46 52
38 47 45
38 52 51
38 53 26
38 54 50
38 59 58
38 65 25
38 66 46
38 68 3
39 8 45
39 9 36
39 11 7
39 13 64
39 15 21
39 19 33
39 22 58
39 23 68
39 26 31
39 30 1
39 31 40
39 34 4
39 35 25
39 39 20
39 41 51
39 42 12
39 44 48
39 45 26
39 46 62
39 51 8
39 53 49
39 54 19
39 59 39
39 61 35
39 68 29
40 1 46
40 8 43
40 10 27
40 17 48
40 18 61
40 28 7
40 29 34
40 31 58
40 32 25
40 33 10
40 39 29
40 49 49
40 52 44
40 54 66
40 59 20
40 62 41
40 63 4
40 66 12
40 68 51
40 69 3
41 1 28
41 3 65
41 4 16
41 6 9
41 7 1
41 11 47
41 12 24
41 14 67
41 15 53
41 24 62
41 28 13
41 31 20
41 34 26
41 40 57
41 45 45
41 46 48
41 48 38
41 49 44
41 54 32
41 58 17
41 60 37
41 64 23
42 0 60
42 1 27
42 2 63
42 4 20
42 5 66
42 6 54
42 7 9
42 10 3
42 12 57
42 17 22
42 21 23
42 22 35
42 24 11
42 33 25
42 38 56
42 41 41
42 45 44
42 50 15
42 52 40
42 56 10
42 63 0
42 67 37
43 0 10
43 3 53
43 6 69
43 29 24
43 32 11
43 34 30
43 35 14
43 44 32
43 46 9
43 47 38
43 51 5
43 52 61
43 56 50
43 58 67
43 62 25
43 65 57
43 66 58
44 2 7
44 4 66
44 13 27
44 14 58
44 15 4
44 17 30
44 26 29
44 30 15
44 34 57
44 36 34
44 41 59
44 43 22
44 44 36
44 47 14
44 48 45
44 50 67
44 51 50
44 57 24
44 62 46
44 64 41
44 67 69
44 68 42
44 69 21
45 1 57
45 5 12
45 11 19
45 13 37
45 18 26
45 19 40
45 25 2
45 27 69
45 38 29
45 42 66
45 47 5
45 49 47
45 50 35
45 51 67
45 54 59
45 55 41
45 61 48
45 62 52
45 66 61
46 7 24
46 8 30
46 11 2
46 18 67
46 21 1
46 22 60
46 23 33
46 25 45
46 26 44
46 27 50
46 37 8
46 42 16
46 47 59
46 48 20
46 52 27
46 59 5
46 68 13
47 0 45
47 4 40
47 6 51
47 7 48
47 12 27
47 15 68
47 19 54
47 20 19
47 21 18
47 25 29
47 28 66
47 31 7
47 32 52
47 38 2
47 39 64
47 41 69
47 42 3
47 43 62
47 44 61
47 47 33
47 54 60
47 55 42
47 61 25
47 63 11
47 65 21
47 66 56
47 68 36
48 2 54
48 4 3
48 6 52
48 7 16
48 8 66
48 9 30
48 10 59
48 14 57
48 15 42
48 18 37
48 20 29
48 21 32
48 23 56
48 25 12
48 27 4
48 28 34
48 29 15
48 31 33
48 35 60
48 39 13
48 51 47
48 54 28
48 56 26
48 57 67
48 58 38
48 64 11
48 66 39
49 0 27
49 1 48
49 3 11
49 5 7
49 8 25
49 11 8
49 14 24
49 21 28
49 30 41
49 32 22
49 35 59
49 37 5
49 42 63
49 43 44
49 45 2
49 50 50
49 52 43
49 54 26
49 56 23
49 57 18
49 58 32
49 60 20
49 61 66
49 64 6
49 65 33
50 1 15
50 2 33
50 4 35
50 7 28
50 9 34
50 10 64
50 17 19
50 20 54
50 28 57
50 33 69
50 37 17
50 38 39
50 49 45
50 54 7
50 56 53
50 58 6
50 60 26
50 61 63
50 63 49
50 64 46
51 6 45
51 8 46
51 9 16
51 16 3
51 18 48
51 21 43
51 37 18
51 51 25
51 54 27
51 55 35
51 61 64
51 62 22
51 63 69
51 69 33
52 3 10
52 6 47
52 19 60
52 21 59
52 28 31
52 30 45
52 33 65
52 34 61
52 35 28
52 36 2
52 38 6
52 39 36
52 41 1
52 44 63
52 46 27
52 51 68
52 55 50
52 57 21
52 60 48
52 63 46
52 67 51
53 2 59
53 3 16
53 4 45
53 8 53
53 9 64
53 12 55
53 17 18
53 27 48
53 32 44
53 34 23
53 37 21
53 38 46
53 39 49
53 40 17
53 41 27
53 43 31
53 44 65
53 47 68
53 48 1
53 57 2
53 65 51
54 2 37
54 4 34
54 13 20
54 18 22
54 20 24
54 27 8
54 33 57
54 34 36
54 37 68
54 43 6
54 45 55
54 46 11
54 53 39
54 59 65
54 63 3
54 69 56
55 0 5
55 1 29
55 5 32
55 7 69
55 8 10
55 13 38
55 15 25
55 17 11
55 21 0
55 27 39
55 33 61
55 40 21
55 48 19
55 49 65
55 50 24
55 53 46
55 57 54
55 60 22
55 66 6
55 69 49
56 0 47
56 3 14
56 9 31
56 12 60
56 14 20
56 18 23
56 19 11
56 23 53
56 24 68
56 26 50
56 32 57
56 34 3
56 35 62
56 45 66
56 46 45
56 47 6
56 52 37
56 55 28
56 56 48
56 58 18
56 61 40
56 62 26
56 63 67
56 65 34
57 0 68
57 2 69
57 5 49
57 14 61
57 16 62
57 17 14
57 24 7
57 35 27
57 37 16
57 39 39
57 40 8
57 42 13
57 43 60
57 47 41
57 48 4
57 51 58
57 54 52
57 55 64
57 58 28
57 59 21
57 67 46
58 3 25
58 7 50
58 9 58
58 16 10
58 20 60
58 24 44
58 26 62
58 28 53
58 32 3
58 38 36
58 40 37
58 44 35
58 46 49
58 48 0
58 49 11
58 54 45
58 56 59
58 58 13
58 66 16
59 1 23
59 3 12
59 7 61
59 13 22
59 14 65
59 16 48
59 19 41
59 20 14
59 22 63
59 26 58
59 28 0
59 31 5
59 32 54
59 33 51
59 35 19
59 42 67
59 47 28
59 50 3
59 51 18
59 56 68
59 58 69
59 61 39
59 63 66
59 66 15
59 67 16
59 69 11
60 3 18
60 5 52
60 18 9
60 22 45
60 24 26
60 31 67
60 32 23
60 34 40
60 35 54
60 39 57
60 40 69
60 46 7
60 54 30
60 55 49
60 58 66
60 62 31
60 64 60
60 65 10
60 66 28
60 68 8
60 69 65
61 0 54
61 1 53
61 3 35
61 5 18
61 8 65
61 11 33
61 15 48
61 18 13
61 21 5
61 25 11
61 26 56
61 27 24
61 29 19
61 31 55
61 36 49
61 37 38
61 38 60
61 40 25
61 46 37
61 52 68
61 55 12
61 56 44
61 57 46
61 65 50
61 68 15
62 5 69
62 7 12
62 9 45
62 11 0
62 12 19
62 19 2
62 20 7
62 21 50
62 22 48
62 25 64
62 28 47
62 30 23
62 31 9
62 41 3
62 43 29
62 48 61
62 50 26
62 52 21
62 64 17
62 66 57
62 67 68
62 68 58
63 0 37
63 5 6
63 6 17
63 15 22
63 18 21
63 24 27
63 26 14
63 29 63
63 30 59
63 33 43
63 35 44
63 36 33
63 44 1
63 46 57
63 47 39
63 51 36
63 57 56
64 1 62
64 10 1
64 14 27
64 19 13
64 24 65
64 25 7
64 28 60
64 33 11
64 34 67
64 35 49
64 37 59
64 43 36
64 45 5
64 49 61
64 50 20
64 53 58
64 58 29
64 63 17
64 64 50
64 65 32
65 0 24
65 2 48
65 7 4
65 8 57
65 9 12
65 13 28
65 14 59
65 21 22
65 24 64
65 42 1
65 49 42
65 50 16
65 51 33
65 55 14
65 64 25
65 66 66
65 67 43
66 0 34
66 1 65
66 2 60
66 6 48
66 8 36
66 9 14
66 12 21
66 15 44
66 16 47
66 21 51
66 24 52
66 26 33
66 29 53
66 36 41
66 45 29
66 46 39
66 49 12
66 50 17
66 54 46
66 55 23
66 65 55
66 66 8
67 2 3
67 5 65
67 11 59
67 14 37
67 23 64
67 24 46
67 26 69
67 30 61
67 42 34
67 44 22
67 49 68
67 50 11
67 52 38
67 53 1
67 57 45
67 58 43
67 63 24
67 68 50
68 1 55
68 2 43
68 5 46
68 6 38
68 7 53
68 9 67
68 10 30
68 13 42
68 15 49
68 16 66
68 18 16
68 24 51
68 26 5
68 31 57
68 32 40
68 33 19
68 35 3
68 38 15
68 40 68
68 45 21
68 51 69
68 55 10
68 58 8
68 59 63
68 62 47
68 69 35
69 1 22
69 4 67
69 5 36
69 9 26
69 12 48
69 15 51
69 26 66
69 30 58
69 33 64
69 34 6
69 38 41
69 41 7
69 43 50
69 44 38
69 45 18
69 49 63
69 50 46
69 54 39
69 56 34
69 59 35
69 60 61
69 62 32
69 66 65
69 67 21
