60
0 0 31
0 3 58
0 4 33
0 7 10
0 8 26
0 9 27
0 10 28
0 12 56
0 16 13
0 17 4
0 18 2
0 19 47
0 20 14
0 23 57
0 24 41
0 25 53
0 27 15
0 30 8
0 31 7
0 33 38
0 34 51
0 35 9
0 36 40
0 37 17
0 39 22
0 44 0
0 45 34
0 49 25
0 51 48
0 52 29
0 53 24
0 54 1
0 55 6
0 56 3
0 57 11
0 58 37
0 59 46
1 0 9
1 1 18
1 2 30
1 4 43
1 5 31
1 9 19
1 12 24
1 13 32
1 14 8
1 15 54
1 16 2
1 22 53
1 23 11
1 25 22
1 26 28
1 29 6
1 33 0
1 34 59
1 35 4
1 38 29
1 39 39
1 40 46
1 45 23
1 46 44
1 47 35
1 48 7
1 49 13
1 50 21
1 51 47
1 52 41
1 53 17
1 54 34
1 55 15
1 56 48
1 58 20
1 59 57
2 0 0
2 3 16
2 6 36
2 7 52
2 9 18
2 14 33
2 15 34
2 16 6
2 17 42
2 20 56
2 27 21
2 31 38
2 32 23
2 33 22
2 34 50
2 44 35
2 47 58
2 50 24
2 53 46
2 54 44
2 58 29
2 59 41
3 0 32
3 1 7
3 2 9
3 4 45
3 8 42
3 11 17
3 12 12
3 21 29
3 22 55
3 24 50
3 28 21
3 29 3
3 31 22
3 35 36
3 38 46
3 39 16
3 41 33
3 43 47
3 44 38
3 46 18
3 47 15
3 49 48
3 52 23
3 53 14
3 54 13
3 56 34
3 58 1
3 59 43
4 1 39
4 3 34
4 5 50
4 7 43
4 16 51
4 17 32
4 18 53
4 19 25
4 23 36
4 26 10
4 31 35
4 32 7
4 33 30
4 35 29
4 36 2
4 37 27
4 38 6
4 41 41
4 43 18
4 44 21
4 47 45
4 50 8
4 51 38
4 53 5
4 54 48
4 57 46
5 1 52
5 6 43
5 8 25
5 11 37
5 14 59
5 18 17
5 19 27
5 24 18
5 27 14
5 32 45
5 33 39
5 34 0
5 36 26
5 37 40
5 38 15
5 40 11
5 43 5
5 45 29
5 46 4
5 47 24
5 48 35
5 49 44
5 51 34
5 52 30
5 59 1
6 0 23
6 2 16
6 5 3
6 7 47
6 8 31
6 10 53
6 11 56
6 15 25
6 16 17
6 17 30
6 20 11
6 21 32
6 24 21
6 25 9
6 26 41
6 27 37
6 29 38
6 30 6
6 33 18
6 34 22
6 35 14
6 37 8
6 40 59
6 43 26
6 45 58
6 52 5
6 55 35
6 57 39
6 58 48
7 0 50
7 2 31
7 4 4
7 5 39
7 8 24
7 10 10
7 12 21
7 14 25
7 17 34
7 18 46
7 20 32
7 21 23
7 24 14
7 27 6
7 28 16
7 30 15
7 33 40
7 35 52
7 45 38
7 46 29
7 48 30
7 49 36
7 50 48
7 54 43
7 55 22
7 56 9
7 57 44
7 59 33
8 1 47
8 2 0
8 4 6
8 5 2
8 7 31
8 8 15
8 11 13
8 14 5
8 16 55
8 17 11
8 21 50
8 22 58
8 27 30
8 28 25
8 29 35
8 30 7
8 32 33
8 35 57
8 40 40
8 45 16
8 46 1
8 48 14
8 49 9
8 53 26
8 54 53
8 57 32
8 58 41
8 59 21
9 1 23
9 7 48
9 13 5
9 16 32
9 20 55
9 21 52
9 24 28
9 27 54
9 28 58
9 29 12
9 30 47
9 31 20
9 32 46
9 34 44
9 35 1
9 39 6
9 41 36
9 45 39
9 46 15
9 50 45
9 51 35
9 53 16
9 54 27
9 55 49
9 57 2
9 58 31
10 0 21
10 1 41
10 2 34
10 4 10
10 5 7
10 9 48
10 12 32
10 15 33
10 16 42
10 18 16
10 19 30
10 20 28
10 21 57
10 24 31
10 25 56
10 28 18
10 36 20
10 38 3
10 40 43
10 41 38
10 44 8
10 45 6
10 46 36
10 49 58
10 51 4
10 52 17
10 54 50
10 57 23
10 58 44
10 59 40
11 1 12
11 2 17
11 6 39
11 7 4
11 9 32
11 11 26
11 12 28
11 13 30
11 14 37
11 18 25
11 19 35
11 21 8
11 23 18
11 25 45
11 26 3
11 27 10
11 34 48
11 35 6
11 38 1
11 40 5
11 42 44
11 43 36
11 46 22
11 47 40
11 49 54
11 52 24
11 56 33
11 57 27
12 0 10
12 2 35
12 3 50
12 5 43
12 6 30
12 8 12
12 9 28
12 11 53
12 13 56
12 14 14
12 15 24
12 17 9
12 19 32
12 22 33
12 25 8
12 26 49
12 27 26
12 32 27
12 33 41
12 36 34
12 38 19
12 39 45
12 40 1
12 41 17
12 45 44
12 46 48
12 47 55
12 49 20
12 54 29
13 0 8
13 2 54
13 6 26
13 7 11
13 9 35
13 10 37
13 13 42
13 15 29
13 16 58
13 19 1
13 20 44
13 21 16
13 22 41
13 23 39
13 25 28
13 27 51
13 28 57
13 30 38
13 35 43
13 37 6
13 39 31
13 43 19
13 48 59
13 49 21
13 52 40
13 53 34
13 54 30
13 55 17
13 56 14
13 57 5
14 4 34
14 5 56
14 11 30
14 15 40
14 17 25
14 19 36
14 20 31
14 21 12
14 24 59
14 27 33
14 29 44
14 32 43
14 33 15
14 34 45
14 35 16
14 36 3
14 37 0
14 38 8
14 40 13
14 46 9
14 48 51
14 55 2
14 57 57
14 58 7
14 59 5
15 0 3
15 2 4
15 6 1
15 7 39
15 9 41
15 10 12
15 15 15
15 17 58
15 18 49
15 19 7
15 20 35
15 23 52
15 28 59
15 29 14
15 30 33
15 31 31
15 36 11
15 38 48
15 41 42
15 42 45
15 43 37
15 45 28
15 46 17
15 48 23
15 49 53
15 51 36
15 52 38
15 55 30
15 57 20
15 58 19
16 0 18
16 5 4
16 6 33
16 8 40
16 9 50
16 10 42
16 12 49
16 14 12
16 15 39
16 16 57
16 17 26
16 20 15
16 24 35
16 28 45
16 30 58
16 36 51
16 37 14
16 39 13
16 41 47
16 42 21
16 45 20
16 47 19
16 48 11
16 49 2
16 52 32
16 53 55
16 56 53
16 58 30
16 59 3
17 1 50
17 2 2
17 4 39
17 5 26
17 6 9
17 7 56
17 8 3
17 11 1
17 13 8
17 17 45
17 18 24
17 19 48
17 20 54
17 23 28
17 24 33
17 25 16
17 26 46
17 27 23
17 29 31
17 30 40
17 32 4
17 34 34
17 35 17
17 37 42
17 38 14
17 41 25
17 42 35
17 43 11
17 44 30
17 49 29
17 50 7
17 54 32
17 56 36
17 58 12
17 59 0
18 1 6
18 3 48
18 4 32
18 5 21
18 6 41
18 7 37
18 8 27
18 9 12
18 11 7
18 14 3
18 15 45
18 16 34
18 18 44
18 20 8
18 21 10
18 22 47
18 23 35
18 24 53
18 25 23
18 26 26
18 29 0
18 33 55
18 36 4
18 37 51
18 38 49
18 39 11
18 41 52
18 42 22
18 45 17
18 46 33
18 48 28
18 49 39
18 50 16
18 51 19
18 52 2
18 59 50
19 1 53
19 2 41
19 4 58
19 5 32
19 15 48
19 18 36
19 22 37
19 26 43
19 27 13
19 28 10
19 31 6
19 32 49
19 33 21
19 35 54
19 37 2
19 38 42
19 42 1
19 44 39
19 45 59
19 47 26
19 48 45
19 50 14
19 51 27
19 55 33
19 56 31
19 57 51
19 58 9
19 59 52
20 0 39
20 3 26
20 5 8
20 7 28
20 8 46
20 9 2
20 12 30
20 14 42
20 15 16
20 16 33
20 17 38
20 20 23
20 23 31
20 26 55
20 28 54
20 29 41
20 30 52
20 31 34
20 34 5
20 36 22
20 37 24
20 38 35
20 39 51
20 40 3
20 41 13
20 43 49
20 44 44
20 47 36
20 49 1
20 52 27
20 53 21
20 54 12
20 55 48
20 59 59
21 0 57
21 4 44
21 5 41
21 6 23
21 7 6
21 8 38
21 12 36
21 14 53
21 16 24
21 20 7
21 22 42
21 24 32
21 25 2
21 27 52
21 29 11
21 30 25
21 32 48
21 33 58
21 34 14
21 37 29
21 39 9
21 40 16
21 41 55
21 46 26
21 47 30
21 52 19
21 53 50
21 54 10
21 55 54
21 56 28
21 58 22
22 0 29
22 2 48
22 4 40
22 5 57
22 6 5
22 8 8
22 11 2
22 12 14
22 13 13
22 15 52
22 16 36
22 17 24
22 20 26
22 22 34
22 23 59
22 25 32
22 26 39
22 27 0
22 29 46
22 30 27
22 32 35
22 33 11
22 36 25
22 37 54
22 38 43
22 41 23
22 42 9
22 43 33
22 46 16
22 51 50
22 55 45
22 56 44
22 57 19
23 2 28
23 4 14
23 10 33
23 11 42
23 12 39
23 15 21
23 16 44
23 17 29
23 19 23
23 20 36
23 23 32
23 24 30
23 26 50
23 28 5
23 31 48
23 33 47
23 35 56
23 39 54
23 45 2
23 48 25
23 53 12
23 54 22
23 55 11
23 58 16
23 59 10
24 0 17
24 3 18
24 4 55
24 5 13
24 6 7
24 7 5
24 9 42
24 10 8
24 11 15
24 13 57
24 16 12
24 17 22
24 18 26
24 22 48
24 28 56
24 30 28
24 33 59
24 34 16
24 35 58
24 37 44
24 41 3
24 42 29
24 44 14
24 45 35
24 49 4
24 51 2
24 53 20
24 54 41
24 55 32
25 0 28
25 2 22
25 3 41
25 6 56
25 8 49
25 10 17
25 18 37
25 21 36
25 22 0
25 24 16
25 25 48
25 27 55
25 28 14
25 32 21
25 36 32
25 37 45
25 38 5
25 41 58
25 42 26
25 43 44
25 46 42
25 51 43
25 52 47
25 53 52
25 57 30
25 58 2
25 59 20
26 2 3
26 3 36
26 4 15
26 5 51
26 8 1
26 9 22
26 11 20
26 13 44
26 14 32
26 15 38
26 17 2
26 19 39
26 20 10
26 21 19
26 22 28
26 23 42
26 27 27
26 28 17
26 30 48
26 31 16
26 32 24
26 34 37
26 36 6
26 37 25
26 39 49
26 41 46
26 43 55
26 44 45
26 46 8
26 47 7
26 50 31
26 51 57
26 55 29
26 56 58
26 57 18
26 59 23
27 0 14
27 3 12
27 4 59
27 6 31
27 9 20
27 13 3
27 15 42
27 17 44
27 20 18
27 21 2
27 24 23
27 25 43
27 30 51
27 31 1
27 36 0
27 38 37
27 39 7
27 40 45
27 41 32
27 42 55
27 43 27
27 44 5
27 46 39
27 52 4
27 55 10
27 56 17
27 57 15
27 59 8
28 1 56
28 2 51
28 5 11
28 6 32
28 7 0
28 13 29
28 18 50
28 20 43
28 24 45
28 25 47
28 26 31
28 29 5
28 30 37
28 31 59
28 32 41
28 40 58
28 41 34
28 45 9
28 46 54
28 48 20
28 52 36
28 53 53
28 54 6
28 55 46
28 56 23
28 59 28
29 0 41
29 1 32
29 6 34
29 10 31
29 12 27
29 13 9
29 16 43
29 20 48
29 21 59
29 22 46
29 23 16
29 26 47
29 27 25
29 28 35
29 30 42
29 32 30
29 33 2
29 34 20
29 35 39
29 40 22
29 42 51
29 43 56
29 44 4
29 47 0
29 54 38
29 56 52
29 59 19
30 3 38
30 5 52
30 7 49
30 8 56
30 11 47
30 15 36
30 17 18
30 18 40
30 19 3
30 20 37
30 22 25
30 24 27
30 25 33
30 26 16
30 27 19
30 33 20
30 35 24
30 36 1
30 39 26
30 40 57
30 41 0
30 48 43
30 49 28
30 51 10
30 52 15
30 53 45
30 58 50
30 59 14
31 0 35
31 2 56
31 4 24
31 7 57
31 9 33
31 13 14
31 14 4
31 16 23
31 18 5
31 20 39
31 22 1
31 24 25
31 26 59
31 28 26
31 29 18
31 30 43
31 32 9
31 37 10
31 39 42
31 40 48
31 43 0
31 44 55
31 45 49
31 46 52
31 47 2
31 48 46
31 49 34
31 51 29
31 56 50
32 0 7
32 1 4
32 2 55
32 5 22
32 10 44
32 11 28
32 12 31
32 14 45
32 18 20
32 19 13
32 23 19
32 25 58
32 30 0
32 33 3
32 34 32
32 35 40
32 37 30
32 41 16
32 43 29
32 45 42
32 46 34
32 47 18
32 49 47
32 52 12
32 54 11
32 55 1
32 57 49
33 1 13
33 6 27
33 8 51
33 9 30
33 10 18
33 11 12
33 12 42
33 14 49
33 15 0
33 16 46
33 17 17
33 18 7
33 20 57
33 23 21
33 24 40
33 25 34
33 26 32
33 27 47
33 29 19
33 31 43
33 36 59
33 37 11
33 39 50
33 41 26
33 44 54
33 47 28
33 49 55
33 50 5
33 51 33
33 53 37
33 54 31
33 57 35
34 0 36
34 2 52
34 7 54
34 8 14
34 9 57
34 12 33
34 14 41
34 15 3
34 17 47
34 18 29
34 19 53
34 20 46
34 21 18
34 23 55
34 27 20
34 28 6
34 29 25
34 30 13
34 31 26
34 34 28
34 37 43
34 38 21
34 40 2
34 46 37
34 49 27
34 51 40
34 52 42
34 59 34
35 0 12
35 2 38
35 3 45
35 4 21
35 5 6
35 7 33
35 10 43
35 11 39
35 14 24
35 16 40
35 18 4
35 19 9
35 21 26
35 25 14
35 27 44
35 32 50
35 35 22
35 37 19
35 38 11
35 40 34
35 42 37
35 43 42
35 44 56
35 46 32
35 47 3
35 48 15
35 49 10
35 50 25
35 52 1
35 53 30
35 54 35
35 56 54
35 57 31
36 0 15
36 1 10
36 6 50
36 7 29
36 11 35
36 18 39
36 19 26
36 20 9
36 21 1
36 23 43
36 26 22
36 28 0
36 33 8
36 39 38
36 40 27
36 41 4
36 42 49
36 44 59
36 45 41
36 46 14
36 47 37
36 49 33
36 50 57
36 51 25
36 52 54
36 53 44
36 54 45
36 57 13
36 59 16
37 2 36
37 3 40
37 4 9
37 5 42
37 6 2
37 7 32
37 12 53
37 17 52
37 20 29
37 21 30
37 26 8
37 27 50
37 28 12
37 30 26
37 33 14
37 34 11
37 36 54
37 38 45
37 39 56
37 43 20
37 46 38
37 47 16
37 48 34
37 49 41
37 50 55
37 54 39
37 55 31
37 56 21
37 57 4
37 58 51
37 59 47
38 0 24
38 2 57
38 5 49
38 7 3
38 8 34
38 9 11
38 10 13
38 12 4
38 14 38
38 17 23
38 19 37
38 20 16
38 21 21
38 28 44
38 30 39
38 31 32
38 32 54
38 33 5
38 37 53
38 38 10
38 39 58
38 41 48
38 42 36
38 45 8
38 48 29
38 49 35
38 50 12
38 51 59
38 52 46
38 54 52
38 56 45
38 57 0
39 4 29
39 8 17
39 9 59
39 11 10
39 13 11
39 15 9
39 17 1
39 20 19
39 22 50
39 24 20
39 27 58
39 28 33
39 29 27
39 30 41
39 31 56
39 32 34
39 35 37
39 36 8
39 38 16
39 41 7
39 44 42
39 45 57
39 47 32
39 52 13
39 53 3
39 54 0
39 55 43
39 58 54
39 59 12
40 0 22
40 2 42
40 3 57
40 6 6
40 8 37
40 9 38
40 11 32
40 12 20
40 13 2
40 17 49
40 18 41
40 19 15
40 20 59
40 21 4
40 24 36
40 27 1
40 28 7
40 30 35
40 33 27
40 38 30
40 40 52
40 41 19
40 44 51
40 45 21
40 46 45
40 49 43
40 50 34
40 55 40
40 56 13
40 57 47
41 0 56
41 1 33
41 2 39
41 4 12
41 5 18
41 6 16
41 9 21
41 11 34
41 13 19
41 14 46
41 18 30
41 19 49
41 20 47
41 21 11
41 22 51
41 23 22
41 26 45
41 28 48
41 31 23
41 32 40
41 33 36
41 34 58
41 36 29
41 39 41
41 40 10
41 42 24
41 43 2
41 44 7
41 45 13
41 46 5
41 47 17
41 48 52
41 49 57
41 50 15
41 54 4
41 58 8
42 0 26
42 1 21
42 3 53
42 4 36
42 7 30
42 8 29
42 14 43
42 15 50
42 17 40
42 21 9
42 22 44
42 23 51
42 25 35
42 26 5
42 28 11
42 30 3
42 31 24
42 34 8
42 36 39
42 37 37
42 39 23
42 41 1
42 42 54
42 43 41
42 46 12
42 47 38
42 48 33
42 49 22
42 50 10
42 53 42
42 54 49
42 56 47
42 58 6
43 0 48
43 1 37
43 5 0
43 6 28
43 10 16
43 14 58
43 16 15
43 17 53
43 19 10
43 23 24
43 26 57
43 29 43
43 30 30
43 31 25
43 32 31
43 35 12
43 41 14
43 44 11
43 50 47
43 54 9
43 55 34
43 57 54
43 58 3
43 59 13
44 2 45
44 3 32
44 4 11
44 5 14
44 6 47
44 7 13
44 8 54
44 11 0
44 12 37
44 16 49
44 19 59
44 21 22
44 22 40
44 23 41
44 25 12
44 29 2
44 36 33
44 38 57
44 41 5
44 42 50
44 43 53
44 45 46
44 46 27
44 47 48
44 50 44
44 51 30
44 55 26
44 58 28
44 59 6
45 1 45
45 2 58
45 6 29
45 7 24
45 9 23
45 11 18
45 13 26
45 14 48
45 15 4
45 16 27
45 18 3
45 21 39
45 22 10
45 24 22
45 25 0
45 26 12
45 30 20
45 31 8
45 32 15
45 35 13
45 37 57
45 38 9
45 39 30
45 43 51
45 44 34
45 46 21
45 47 47
45 48 31
45 51 55
45 52 52
45 53 56
45 54 33
45 56 49
46 6 17
46 7 26
46 8 28
46 10 45
46 12 40
46 15 49
46 17 57
46 18 15
46 21 46
46 23 20
46 24 11
46 25 39
46 31 27
46 33 23
46 36 12
46 40 55
46 41 37
46 42 14
46 45 43
46 46 31
46 50 13
46 52 7
46 54 25
46 56 56
46 57 21
46 58 32
47 2 26
47 4 51
47 9 49
47 10 52
47 11 11
47 13 33
47 14 30
47 16 21
47 18 57
47 19 19
47 20 6
47 22 29
47 24 4
47 26 38
47 28 9
47 29 45
47 30 16
47 32 28
47 33 54
47 34 47
47 35 59
47 37 32
47 38 41
47 39 40
47 40 8
47 41 27
47 43 10
47 44 2
47 52 56
47 53 22
47 54 42
47 55 3
47 56 25
47 57 14
47 59 15
48 1 0
48 2 25
48 3 59
48 4 27
48 7 22
48 11 16
48 15 57
48 17 5
48 18 35
48 19 58
48 22 39
48 24 56
48 25 42
48 29 30
48 31 50
48 32 37
48 33 1
48 34 55
48 35 44
48 40 33
48 43 4
48 48 54
48 50 26
48 51 17
48 52 21
48 54 28
48 55 18
48 56 10
48 58 45
49 1 22
49 2 18
49 3 39
49 5 27
49 13 7
49 14 29
49 16 30
49 17 46
49 20 42
49 23 26
49 29 28
49 30 5
49 32 57
49 33 32
49 38 24
49 44 23
49 45 0
49 46 35
49 47 41
49 48 16
49 49 37
49 50 11
49 53 54
49 54 51
49 55 56
49 56 12
49 57 17
49 58 38
50 0 58
50 1 20
50 3 44
50 5 1
50 6 22
50 7 51
50 8 32
50 11 5
50 13 39
50 15 41
50 17 14
50 20 33
50 21 56
50 23 7
50 24 9
50 25 59
50 28 50
50 29 24
50 30 4
50 32 2
50 33 45
50 36 18
50 37 13
50 38 27
50 40 35
50 41 54
50 42 38
50 44 19
50 45 37
50 47 12
50 52 43
50 53 15
50 54 17
50 56 46
50 57 25
50 59 29
51 6 21
51 8 5
51 13 51
51 14 0
51 15 31
51 17 3
51 19 33
51 22 54
51 23 58
51 25 18
51 28 27
51 31 37
51 32 10
51 34 43
51 40 56
51 41 44
51 44 57
51 46 30
51 47 50
51 48 47
51 49 38
51 50 17
51 51 6
51 53 48
51 54 20
51 55 16
51 56 26
51 57 9
51 58 40
52 1 29
52 3 7
52 5 38
52 8 39
52 11 27
52 12 46
52 14 17
52 16 0
52 18 59
52 20 2
52 21 14
52 24 13
52 26 36
52 29 47
52 33 19
52 34 57
52 35 34
52 39 33
52 42 4
52 45 48
52 48 50
52 51 12
52 52 11
52 53 9
52 55 53
52 56 16
52 57 55
52 58 24
52 59 45
53 0 47
53 1 26
53 8 2
53 9 31
53 11 40
53 12 29
53 14 7
53 15 8
53 18 54
53 20 52
53 22 6
53 24 38
53 25 1
53 31 13
53 32 39
53 33 12
53 36 46
53 37 4
53 39 19
53 42 57
53 43 14
53 44 3
53 46 11
53 47 53
53 54 36
53 57 45
53 58 56
53 59 30
54 0 11
54 2 49
54 3 35
54 5 59
54 7 12
54 8 23
54 10 48
54 11 44
54 12 47
54 13 0
54 16 31
54 18 27
54 21 33
54 22 56
54 25 24
54 27 8
54 28 1
54 31 58
54 33 42
54 37 3
54 38 50
54 41 43
54 42 6
54 43 32
54 46 10
54 47 39
54 48 4
54 50 2
54 51 54
54 53 28
54 54 40
54 56 5
54 57 22
54 59 55
55 0 33
55 1 42
55 3 20
55 5 44
55 7 19
55 9 45
55 10 1
55 11 14
55 14 18
55 19 28
55 21 54
55 23 5
55 24 17
55 25 37
55 27 34
55 30 12
55 32 53
55 34 38
55 36 47
55 41 2
55 43 39
55 47 8
55 49 23
55 50 27
55 51 9
55 53 49
55 54 46
55 56 11
55 57 7
56 0 49
56 2 1
56 4 19
56 5 45
56 9 55
56 10 58
56 11 8
56 12 35
56 16 39
56 20 34
56 22 12
56 24 54
56 27 24
56 33 7
56 38 36
56 40 31
56 43 22
56 44 16
56 46 43
56 47 52
56 50 9
56 51 3
56 52 25
56 53 27
56 54 26
56 55 44
56 57 42
56 59 56
57 0 2
57 1 49
57 3 23
57 4 8
57 6 35
57 7 15
57 9 25
57 11 43
57 12 1
57 14 39
57 15 47
57 16 50
57 19 52
57 20 45
57 21 31
57 23 38
57 24 0
57 25 54
57 27 16
57 28 3
57 29 29
57 30 44
57 32 32
57 34 21
57 39 4
57 42 30
57 44 12
57 45 56
57 46 19
57 47 42
57 48 36
57 49 51
57 51 11
57 54 37
57 55 55
57 56 40
57 57 48
58 0 20
58 1 14
58 2 12
58 4 28
58 6 13
58 10 24
58 11 57
58 15 6
58 16 26
58 20 41
58 21 51
58 22 32
58 23 29
58 30 34
58 31 33
58 33 44
58 34 31
58 38 25
58 39 18
58 41 59
58 42 11
58 43 7
58 44 17
58 45 4
58 48 21
58 49 5
58 50 53
58 51 52
58 52 10
58 54 2
58 55 9
58 56 38
58 57 40
58 58 27
58 59 37
59 1 27
59 2 7
59 4 35
59 5 54
59 6 4
59 8 33
59 10 36
59 14 51
59 18 32
59 19 17
59 20 22
59 21 3
59 22 11
59 23 40
59 25 41
59 26 30
59 28 20
59 29 21
59 30 56
59 31 57
59 35 26
59 37 12
59 39 5
59 40 38
59 42 8
59 44 53
59 46 55
59 47 49
59 49 6
59 53 31
59 55 13
59 56 15
59 59 48
