60
0 2 48
0 6 21
0 11 53
0 12 4
0 14 44
0 20 31
0 25 51
0 26 43
0 32 19
0 35 42
0 38 7
0 42 35
0 47 23
0 49 15
0 50 50
0 54 32
1 0 55
1 7 40
1 14 12
1 16 46
1 20 47
1 21 32
1 23 27
1 25 10
1 28 25
1 30 49
1 35 19
1 38 43
1 42 58
1 44 53
1 47 30
1 49 4
1 53 21
1 54 38
2 0 13
2 1 43
2 3 53
2 6 59
2 7 28
2 11 49
2 12 16
2 19 37
2 21 50
2 24 22
2 29 27
2 30 2
2 32 54
2 33 0
2 38 23
2 40 56
2 44 48
2 48 52
2 51 57
2 53 34
2 54 3
3 4 13
3 6 32
3 10 9
3 11 12
3 14 25
3 15 10
3 16 20
3 18 40
3 21 23
3 26 54
3 27 51
3 28 57
3 30 55
3 34 33
3 38 47
3 41 6
3 47 34
3 49 1
3 51 52
3 52 35
4 0 5
4 9 0
4 15 29
4 18 14
4 20 54
4 23 4
4 27 28
4 28 39
4 29 35
4 30 48
4 31 46
4 35 27
4 36 9
4 40 20
4 43 40
4 50 18
4 53 53
4 59 45
5 0 6
5 6 18
5 12 12
5 13 23
5 17 11
5 27 36
5 35 31
5 36 13
5 41 58
5 44 52
5 45 39
5 47 20
5 57 19
5 58 7
6 0 22
6 1 24
6 4 20
6 6 15
6 11 11
6 12 44
6 14 47
6 18 55
6 20 52
6 22 49
6 25 35
6 30 12
6 34 2
6 35 46
6 38 21
6 42 53
6 48 30
6 50 29
6 52 51
6 54 28
7 1 36
7 3 47
7 4 37
7 25 44
7 26 25
7 32 49
7 34 51
7 35 10
7 36 32
7 40 43
7 44 22
7 46 29
7 49 21
7 51 13
7 52 45
7 57 14
7 58 2
8 9 4
8 17 50
8 18 12
8 19 14
8 22 48
8 24 41
8 25 49
8 35 6
8 36 19
8 37 3
8 38 11
8 39 34
8 41 53
8 46 44
8 48 26
8 58 5
9 7 34
9 13 39
9 14 58
9 20 50
9 24 0
9 26 59
9 28 3
9 29 22
9 35 20
9 38 57
9 39 12
9 44 29
9 53 13
9 57 21
10 0 11
10 1 59
10 2 29
10 6 17
10 11 6
10 12 56
10 14 20
10 23 19
10 24 8
10 34 52
10 35 13
10 38 42
10 41 12
10 44 10
10 50 23
10 52 16
10 54 27
10 57 36
10 58 51
11 3 43
11 4 1
11 6 24
11 9 14
11 12 40
11 14 55
11 15 37
11 21 8
11 23 25
11 25 56
11 26 6
11 29 53
11 31 3
11 33 4
11 34 26
11 37 21
11 39 41
11 40 9
11 43 35
11 59 48
12 0 46
12 3 8
12 6 40
12 18 3
12 22 56
12 25 26
12 26 20
12 27 47
12 28 32
12 29 6
12 34 45
12 38 2
12 39 52
12 40 13
12 45 28
12 46 4
12 49 24
12 50 57
12 51 53
12 52 21
13 3 56
13 4 22
13 5 31
13 18 30
13 20 12
13 21 21
13 25 15
13 26 5
13 28 27
13 31 25
13 32 57
13 38 48
13 42 54
13 43 14
13 48 3
13 50 28
13 55 29
13 56 53
13 58 23
14 2 19
14 5 29
14 8 54
14 12 13
14 15 14
14 18 34
14 19 22
14 20 24
14 24 21
14 26 0
14 29 46
14 31 7
14 34 6
14 40 27
14 43 10
14 44 28
14 50 49
14 52 48
14 56 11
14 57 23
15 5 12
15 11 13
15 13 24
15 14 0
15 18 53
15 24 7
15 27 49
15 32 15
15 36 39
15 40 54
15 42 59
15 49 25
15 53 43
15 58 56
16 0 52
16 1 32
16 3 7
16 4 42
16 7 47
16 8 27
16 9 21
16 13 58
16 14 22
16 29 15
16 31 2
16 33 18
16 34 23
16 35 0
16 36 51
16 40 59
16 41 28
16 42 30
16 57 31
16 59 10
17 11 41
17 12 28
17 13 48
17 14 26
17 15 55
17 17 22
17 20 46
17 21 33
17 25 0
17 26 44
17 27 19
17 29 45
17 31 49
17 37 17
17 43 20
17 52 54
17 54 57
17 59 43
18 1 50
18 2 23
18 3 36
18 4 41
18 8 6
18 9 31
18 10 42
18 12 18
18 13 21
18 15 15
18 22 44
18 25 57
18 32 10
18 36 59
18 37 2
18 43 22
18 47 58
18 48 12
18 51 3
18 52 37
18 56 5
18 57 56
19 2 30
19 8 10
19 9 51
19 12 32
19 18 23
19 19 12
19 21 40
19 23 58
19 30 27
19 33 43
19 36 0
19 37 35
19 39 15
19 41 11
19 50 33
19 51 37
19 52 29
19 53 5
19 54 39
19 56 25
19 58 3
19 59 53
20 2 10
20 4 53
20 10 13
20 16 16
20 25 1
20 26 21
20 27 37
20 30 58
20 32 52
20 36 12
20 37 28
20 41 44
20 42 18
20 45 36
20 47 50
20 51 33
20 54 26
20 57 5
21 7 12
21 12 42
21 17 26
21 28 8
21 36 48
21 37 22
21 42 57
21 49 5
21 50 31
21 52 1
21 53 10
21 55 27
21 58 32
21 59 21
22 7 7
22 11 52
22 15 51
22 25 45
22 27 10
22 31 30
22 32 21
22 38 0
22 40 16
22 45 20
22 50 32
22 51 42
22 57 46
23 0 23
23 1 44
23 2 36
23 3 35
23 4 43
23 5 19
23 11 29
23 12 7
23 13 32
23 16 4
23 18 31
23 25 38
23 30 53
23 32 1
23 43 28
23 46 22
23 50 9
23 58 27
23 59 59
24 3 42
24 4 45
24 7 44
24 8 8
24 14 27
24 15 43
24 20 35
24 21 49
24 22 39
24 32 55
24 36 22
24 37 4
24 39 46
24 40 40
24 42 6
24 43 0
24 57 16
24 59 41
25 3 39
25 5 46
25 6 10
25 8 34
25 11 2
25 12 17
25 13 28
25 19 48
25 20 5
25 23 8
25 27 25
25 29 29
25 35 16
25 37 47
25 45 6
25 47 18
25 50 37
25 53 15
25 58 24
25 59 57
26 3 21
26 5 53
26 6 3
26 12 37
26 13 9
26 15 12
26 17 32
26 18 15
26 20 11
26 23 35
26 25 50
26 29 7
26 30 46
26 36 27
26 37 45
26 40 51
26 46 55
26 50 40
26 52 18
26 55 58
26 57 25
26 58 33
27 3 5
27 8 56
27 9 15
27 14 45
27 18 11
27 19 18
27 23 23
27 24 9
27 30 43
27 32 33
27 33 42
27 37 55
27 41 38
27 42 19
27 43 27
27 47 52
28 0 44
28 8 15
28 12 43
28 14 8
28 22 2
28 27 58
28 30 31
28 39 32
28 40 17
28 42 36
28 48 6
28 49 55
28 52 3
28 53 7
28 54 48
28 56 22
29 1 58
29 2 4
29 5 50
29 8 45
29 9 44
29 10 22
29 22 7
29 23 52
29 27 23
29 35 48
29 47 28
29 54 41
29 56 9
29 57 27
30 3 9
30 5 8
30 9 23
30 10 51
30 11 14
30 12 27
30 14 17
30 16 30
30 17 45
30 20 1
30 26 56
30 32 11
30 34 4
30 37 10
30 38 40
30 39 21
30 40 55
30 41 15
30 46 5
30 50 34
30 55 0
31 0 35
31 9 32
31 10 46
31 11 30
31 12 20
31 19 2
31 26 37
31 30 13
31 32 47
31 33 44
31 34 18
31 36 29
31 39 16
31 43 8
31 48 15
31 50 53
31 53 1
31 55 31
31 57 48
31 58 28
32 2 26
32 3 54
32 4 58
32 5 57
32 10 59
32 12 25
32 14 23
32 17 46
32 19 21
32 27 31
32 28 12
32 34 27
32 40 1
32 44 37
32 45 32
32 46 42
32 48 11
32 49 29
32 52 22
32 57 38
32 58 41
33 3 13
33 14 46
33 16 59
33 24 42
33 27 52
33 30 25
33 37 58
33 45 33
33 51 43
33 53 27
33 55 53
33 58 30
34 0 54
34 1 27
34 8 35
34 10 37
34 11 17
34 13 30
34 16 41
34 20 53
34 25 46
34 27 59
34 29 23
34 31 48
34 35 34
34 36 36
34 37 43
34 38 1
34 42 28
34 46 11
34 47 45
34 50 44
34 51 26
34 56 14
34 59 40
35 0 16
35 1 2
35 2 28
35 8 18
35 14 34
35 15 27
35 17 39
35 18 22
35 22 21
35 23 0
35 25 48
35 26 49
35 29 13
35 30 8
35 34 7
35 35 1
35 39 23
35 41 41
35 48 5
35 49 50
36 0 17
36 4 49
36 5 41
36 7 33
36 10 25
36 15 57
36 17 42
36 18 13
36 19 28
36 20 58
36 25 55
36 31 0
36 34 16
36 35 8
36 37 40
36 38 32
36 42 39
36 43 44
36 47 11
36 51 35
36 55 36
36 59 46
37 0 33
37 2 49
37 5 14
37 8 31
37 10 15
37 14 28
37 17 21
37 18 37
37 24 52
37 25 24
37 26 16
37 30 38
37 33 5
37 35 12
37 39 10
37 44 41
37 45 43
37 46 54
37 50 45
37 51 25
37 54 2
37 55 56
37 57 35
38 0 4
38 6 54
38 7 35
38 10 5
38 19 53
38 20 18
38 21 17
38 26 51
38 28 16
38 29 10
38 34 40
38 41 52
38 46 13
38 48 49
38 53 31
38 54 42
38 55 21
38 57 50
38 59 24
39 0 34
39 5 33
39 6 56
39 11 8
39 16 15
39 31 9
39 33 27
39 40 19
39 41 48
39 44 12
39 45 30
39 52 13
39 57 20
40 0 27
40 1 20
40 3 48
40 12 15
40 20 25
40 21 5
40 24 44
40 26 12
40 36 54
40 38 59
40 42 23
40 44 0
40 46 52
40 48 34
40 53 40
40 55 28
41 0 42
41 4 33
41 9 38
41 10 52
41 13 16
41 20 2
41 23 45
41 24 11
41 26 27
41 27 7
41 32 12
41 35 3
41 37 56
41 38 8
41 40 10
41 41 32
41 42 51
41 48 46
41 49 18
41 52 50
42 1 37
42 5 40
42 10 27
42 13 4
42 19 6
42 20 10
42 28 26
42 38 46
42 41 29
42 42 0
42 44 56
42 45 16
42 47 54
42 48 47
42 50 59
42 51 45
42 54 8
42 55 9
42 57 18
42 58 43
43 2 27
43 5 18
43 6 11
43 11 4
43 12 59
43 14 36
43 18 5
43 24 32
43 26 2
43 28 42
43 34 20
43 36 6
43 38 9
43 41 45
43 44 15
43 45 38
43 55 52
44 1 57
44 2 43
44 5 36
44 9 16
44 15 42
44 24 37
44 31 59
44 35 9
44 37 38
44 40 33
44 47 12
44 54 13
44 57 32
45 2 41
45 3 19
45 4 31
45 10 47
45 12 21
45 17 49
45 19 26
45 22 28
45 27 44
45 32 46
45 33 9
45 39 3
45 44 54
45 47 32
45 49 6
45 52 33
45 53 45
45 54 53
45 57 43
45 58 38
46 4 28
46 10 41
46 11 5
46 15 49
46 19 10
46 20 51
46 22 52
46 23 40
46 31 15
46 33 21
46 34 12
46 37 6
46 43 25
46 44 23
46 49 46
46 50 27
46 53 17
46 54 35
46 59 14
47 1 13
47 7 53
47 9 34
47 11 26
47 14 10
47 18 7
47 19 8
47 21 38
47 29 40
47 30 1
47 33 15
47 42 43
47 43 37
47 47 14
47 48 48
47 55 24
47 59 42
48 0 21
48 4 52
48 6 26
48 8 0
48 10 11
48 12 24
48 19 39
48 21 18
48 22 14
48 28 43
48 34 10
48 43 46
48 45 2
48 52 6
48 59 56
49 0 14
49 2 24
49 6 8
49 8 37
49 16 53
49 17 5
49 20 15
49 23 1
49 25 43
49 28 58
49 29 41
49 30 35
49 38 50
49 39 9
49 44 6
49 49 12
49 55 30
49 59 18
50 1 31
50 3 2
50 4 54
50 8 20
50 12 30
50 13 38
50 14 52
50 15 58
50 16 51
50 17 25
50 20 45
50 22 27
50 28 48
50 29 28
50 31 39
50 33 19
50 37 14
50 38 53
50 40 42
50 45 13
50 49 11
50 54 18
50 57 9
50 58 50
51 3 34
51 5 52
51 9 58
51 12 38
51 13 15
51 14 5
51 15 40
51 17 18
51 18 19
51 23 41
51 25 32
51 27 8
51 28 24
51 29 3
51 30 17
51 31 50
51 39 37
51 41 30
51 53 54
51 55 22
51 59 12
52 1 18
52 2 7
52 5 32
52 15 2
52 17 1
52 19 34
52 21 22
52 22 54
52 29 48
52 31 44
52 33 13
52 35 43
52 41 42
52 43 59
52 47 10
52 48 31
52 50 21
52 58 12
53 0 20
53 1 41
53 4 2
53 8 48
53 13 47
53 16 37
53 18 24
53 20 0
53 25 23
53 26 9
53 31 18
53 33 6
53 36 10
53 42 8
53 47 19
53 50 11
53 59 26
54 1 29
54 10 23
54 11 22
54 13 31
54 16 13
54 19 0
54 20 34
54 21 27
54 23 15
54 33 52
54 34 35
54 36 38
54 40 2
54 50 17
54 51 11
54 52 20
55 0 7
55 1 30
55 8 49
55 13 34
55 14 42
55 20 3
55 24 40
55 28 52
55 30 11
55 33 51
55 35 47
55 36 2
55 38 37
55 40 57
55 41 33
55 44 58
55 45 55
55 56 59
55 57 15
55 58 1
56 12 6
56 18 45
56 19 16
56 21 54
56 23 36
56 24 10
56 25 13
56 31 32
56 32 53
56 34 9
56 46 46
56 48 50
56 54 47
56 55 41
57 2 39
57 9 46
57 14 40
57 19 32
57 22 59
57 28 0
57 30 57
57 31 10
57 35 53
57 38 58
57 46 25
57 49 8
58 9 30
58 10 19
58 11 59
58 17 20
58 18 6
58 21 58
58 25 34
58 26 8
58 32 50
58 33 37
58 49 54
58 50 43
58 51 14
58 56 28
58 59 25
59 7 32
59 14 11
59 15 3
59 16 18
59 20 41
59 21 44
59 23 17
59 26 13
59 28 31
59 29 49
59 30 40
59 34 43
59 42 16
59 51 4
59 53 47
59 54 55
