70
0 0 19
0 2 62
0 3 40
0 4 24
0 5 31
0 6 0
0 7 41
0 9 67
0 13 49
0 14 23
0 15 1
0 16 43
0 17 57
0 18 52
0 20 66
0 26 4
0 27 56
0 28 5
0 30 9
0 31 54
0 32 48
0 33 38
0 35 8
0 36 18
0 38 11
0 39 42
0 40 65
0 43 12
0 45 30
0 46 46
0 52 29
0 53 60
0 59 14
0 60 51
0 61 15
0 62 27
0 63 7
0 64 59
0 65 44
0 66 10
0 68 21
0 69 17
1 2 22
1 3 19
1 4 38
1 5 41
1 7 1
1 8 60
1 10 24
1 12 14
1 13 50
1 14 53
1 15 45
1 17 35
1 19 56
1 20 4
1 24 2
1 25 67
1 30 65
1 31 47
1 33 46
1 34 25
1 35 64
1 37 66
1 38 12
1 39 20
1 42 37
1 44 10
1 45 7
1 46 23
1 48 55
1 50 42
1 51 32
1 53 69
1 57 68
1 58 43
1 61 3
1 62 44
1 64 36
1 65 63
1 66 30
2 3 52
2 4 48
2 5 6
2 7 51
2 9 46
2 10 63
2 11 20
2 12 40
2 13 24
2 16 5
2 17 37
2 18 21
2 19 38
2 20 60
2 22 27
2 24 26
2 25 18
2 27 13
2 29 31
2 30 3
2 31 67
2 32 66
2 33 30
2 34 16
2 35 47
2 36 54
2 37 23
2 38 45
2 39 64
2 40 49
2 43 1
2 44 44
2 47 42
2 48 68
2 55 65
2 56 8
2 58 4
2 59 25
2 60 62
2 62 0
2 65 58
2 67 50
2 69 53
3 0 26
3 1 29
3 3 59
3 4 67
3 5 42
3 6 66
3 7 27
3 11 68
3 14 51
3 16 12
3 17 18
3 18 48
3 19 36
3 22 60
3 23 3
3 24 1
3 26 19
3 27 4
3 28 61
3 30 25
3 31 58
3 33 17
3 34 65
3 35 40
3 39 54
3 40 56
3 42 6
3 43 53
3 46 32
3 51 49
3 53 11
3 55 7
3 56 44
3 58 20
3 60 37
3 62 45
3 65 16
3 66 52
3 68 28
4 1 7
4 3 66
4 4 8
4 5 44
4 6 68
4 8 46
4 10 1
4 11 55
4 12 28
4 13 45
4 14 50
4 15 3
4 18 27
4 20 13
4 21 21
4 22 0
4 23 11
4 24 37
4 25 26
4 27 40
4 28 62
4 30 67
4 32 53
4 34 31
4 35 18
4 36 16
4 37 25
4 38 61
4 39 15
4 40 35
4 41 33
4 42 69
4 45 17
4 47 30
4 49 51
4 51 12
4 52 34
4 53 4
4 54 19
4 55 48
4 56 24
4 60 59
4 63 47
4 64 41
4 66 58
4 67 36
5 0 41
5 1 54
5 2 27
5 3 65
5 4 64
5 6 1
5 7 66
5 9 4
5 11 3
5 12 51
5 14 10
5 17 25
5 18 17
5 20 33
5 21 2
5 22 35
5 24 8
5 25 14
5 26 67
5 27 46
5 29 6
5 30 52
5 31 69
5 32 23
5 34 5
5 35 30
5 36 59
5 39 19
5 42 61
5 44 42
5 47 20
5 48 43
5 51 31
5 52 45
5 54 12
5 55 21
5 56 57
5 58 9
5 59 7
5 60 26
5 62 37
5 63 50
5 67 56
5 68 11
5 69 49
6 0 40
6 1 36
6 2 31
6 3 17
6 7 35
6 14 39
6 15 23
6 18 60
6 20 57
6 21 65
6 22 64
6 24 59
6 25 37
6 26 12
6 27 52
6 28 56
6 31 13
6 32 29
6 34 54
6 35 24
6 36 43
6 37 58
6 38 14
6 40 6
6 41 51
6 42 3
6 43 16
6 44 32
6 46 4
6 48 11
6 50 15
6 51 62
6 53 50
6 54 41
6 55 45
6 57 53
6 58 66
6 59 68
6 60 7
6 61 63
6 62 34
6 63 2
6 69 44
7 0 57
7 1 61
7 2 49
7 3 24
7 4 32
7 5 66
7 7 8
7 8 26
7 9 34
7 10 23
7 11 50
7 12 64
7 13 36
7 17 48
7 18 69
7 21 17
7 24 27
7 26 41
7 27 45
7 29 37
7 30 15
7 32 10
7 33 43
7 34 14
7 36 56
7 37 20
7 38 59
7 41 7
7 42 53
7 43 3
7 44 60
7 46 21
7 48 65
7 51 67
7 52 11
7 53 39
7 54 47
7 56 54
7 57 46
7 58 38
7 59 18
7 61 4
7 62 2
7 65 25
7 69 0
8 0 53
8 1 56
8 3 63
8 5 9
8 6 19
8 8 33
8 11 27
8 13 21
8 14 1
8 15 4
8 17 13
8 18 47
8 19 48
8 26 34
8 27 59
8 28 3
8 30 38
8 31 10
8 35 60
8 37 42
8 39 35
8 40 2
8 42 58
8 45 20
8 46 25
8 48 41
8 49 6
8 50 32
8 52 50
8 53 45
8 56 30
8 57 16
8 59 26
8 60 11
8 61 62
8 62 29
8 63 49
8 65 67
8 66 55
8 67 28
8 68 57
9 2 61
9 5 4
9 6 39
9 7 16
9 10 64
9 11 63
9 12 24
9 14 19
9 15 41
9 16 13
9 17 3
9 20 50
9 21 49
9 22 30
9 24 25
9 25 60
9 26 37
9 27 17
9 28 32
9 29 36
9 30 57
9 31 22
9 32 42
9 34 0
9 36 46
9 37 14
9 38 29
9 40 62
9 42 52
9 43 54
9 45 8
9 47 59
9 48 38
9 49 43
9 50 27
9 51 35
9 52 5
9 53 66
9 54 33
9 55 67
9 57 34
9 59 44
9 60 9
9 62 55
9 63 11
9 65 65
9 66 69
9 67 23
9 68 10
9 69 6
10 1 67
10 2 50
10 3 18
10 4 60
10 5 56
10 7 2
10 9 9
10 10 39
10 12 27
10 13 32
10 14 55
10 15 17
10 20 49
10 21 26
10 22 14
10 23 10
10 26 3
10 27 8
10 29 35
10 30 31
10 31 41
10 32 1
10 38 25
10 39 47
10 41 36
10 45 68
10 46 12
10 48 42
10 49 52
10 50 44
10 51 63
10 53 7
10 54 4
10 55 22
10 56 5
10 58 11
10 60 0
10 61 13
10 62 57
10 63 61
10 64 20
10 66 54
10 67 53
10 68 59
11 3 45
11 6 57
11 7 55
11 8 0
11 10 29
11 11 61
11 12 4
11 13 59
11 14 64
11 15 35
11 17 66
11 18 10
11 21 47
11 23 20
11 24 67
11 25 46
11 26 68
11 27 62
11 28 50
11 29 51
11 30 63
11 35 32
11 37 18
11 38 5
11 41 48
11 42 54
11 43 22
11 45 28
11 46 6
11 48 13
11 49 23
11 52 14
11 54 16
11 55 38
11 57 30
11 58 65
11 59 60
11 60 36
11 61 11
11 65 3
11 66 44
12 0 39
12 1 48
12 3 46
12 8 53
12 10 35
12 11 51
12 12 29
12 13 69
12 14 12
12 17 33
12 18 49
12 19 47
12 21 20
12 23 22
12 25 8
12 26 31
12 27 18
12 31 56
12 32 52
12 33 24
12 34 2
12 35 0
12 40 58
12 43 65
12 47 16
12 48 62
12 49 38
12 50 40
12 51 17
12 52 43
12 54 59
12 56 60
12 57 9
12 59 3
12 60 6
12 62 19
12 63 13
12 64 4
12 65 10
12 66 61
12 67 63
12 69 28
13 1 16
13 3 26
13 5 58
13 6 59
13 7 37
13 8 39
13 10 28
13 11 53
13 12 31
13 14 45
13 16 51
13 18 30
13 21 35
13 26 10
13 27 29
13 28 60
13 30 36
13 34 8
13 37 64
13 38 23
13 39 5
13 41 21
13 42 43
13 43 50
13 46 3
13 52 63
13 53 33
13 54 57
13 56 7
13 57 20
13 59 66
13 60 69
13 61 12
13 63 0
13 64 44
13 66 13
13 68 15
14 1 21
14 2 55
14 3 32
14 4 44
14 5 22
14 6 27
14 7 52
14 8 48
14 9 43
14 10 65
14 13 62
14 15 19
14 17 31
14 18 13
14 24 35
14 25 30
14 26 15
14 29 10
14 30 2
14 31 59
14 33 53
14 34 58
14 36 34
14 37 49
14 40 16
14 41 11
14 42 50
14 44 69
14 45 42
14 46 8
14 47 40
14 48 37
14 50 61
14 52 36
14 53 17
14 55 64
14 56 56
14 58 28
14 59 54
14 62 66
14 63 12
14 64 9
14 65 45
14 66 6
14 68 7
15 0 44
15 1 15
15 3 7
15 5 29
15 7 65
15 8 2
15 9 27
15 10 49
15 12 5
15 13 18
15 17 9
15 18 54
15 20 68
15 22 59
15 24 48
15 27 50
15 30 55
15 31 30
15 32 3
15 33 63
15 34 41
15 35 62
15 38 20
15 39 31
15 41 28
15 42 60
15 43 33
15 45 47
15 47 14
15 48 51
15 50 46
15 51 45
15 53 57
15 54 42
15 58 26
15 60 35
15 61 16
15 62 56
15 65 17
15 69 32
16 0 34
16 2 33
16 3 16
16 4 40
16 5 68
16 8 20
16 9 38
16 10 9
16 12 22
16 13 1
16 14 4
16 15 2
16 17 62
16 18 11
16 19 46
16 20 25
16 21 55
16 22 19
16 23 12
16 24 49
16 30 48
16 32 69
16 35 56
16 36 52
16 37 10
16 38 67
16 39 41
16 40 66
16 41 8
16 43 42
16 44 54
16 47 15
16 48 30
16 50 60
16 52 39
16 57 23
16 62 31
16 64 26
16 65 24
16 66 63
16 67 13
16 68 51
16 69 58
17 2 47
17 3 33
17 4 42
17 5 65
17 6 48
17 8 67
17 9 59
17 11 16
17 13 51
17 14 18
17 17 52
17 22 17
17 23 58
17 24 5
17 25 62
17 28 53
17 30 54
17 32 7
17 33 41
17 35 45
17 36 63
17 37 2
17 39 13
17 40 25
17 43 43
17 45 38
17 46 57
17 48 56
17 49 36
17 50 3
17 51 15
17 53 24
17 54 11
17 55 55
17 56 50
17 57 61
17 60 22
17 62 30
17 65 64
17 66 39
17 69 4
18 0 30
18 1 6
18 3 4
18 4 16
18 5 12
18 6 13
18 8 68
18 9 23
18 10 2
18 11 11
18 12 1
18 13 37
18 14 14
18 15 69
18 16 29
18 17 63
18 18 59
18 19 39
18 20 3
18 21 56
18 24 33
18 25 47
18 26 35
18 29 58
18 30 41
18 32 36
18 35 17
18 36 25
18 39 24
18 40 19
18 42 10
18 43 21
18 45 27
18 47 65
18 51 44
18 52 22
18 53 26
18 54 43
18 55 50
18 56 61
18 57 31
18 58 51
18 59 15
18 61 48
18 62 40
18 63 54
18 67 66
18 68 49
18 69 45
19 1 26
19 2 20
19 6 52
19 7 42
19 8 23
19 10 67
19 11 13
19 12 48
19 14 54
19 15 7
19 16 15
19 17 60
19 20 1
19 22 45
19 24 30
19 29 62
19 30 53
19 31 64
19 33 40
19 34 17
19 35 44
19 37 9
19 38 33
19 40 47
19 43 4
19 44 59
19 45 58
19 46 0
19 49 24
19 50 39
19 52 2
19 54 63
19 55 16
19 57 32
19 58 69
19 59 12
19 60 8
19 61 25
19 62 49
19 63 22
19 64 55
19 66 29
19 67 31
19 68 56
19 69 66
20 0 3
20 1 41
20 2 35
20 5 52
20 6 45
20 7 25
20 11 40
20 13 54
20 18 5
20 19 64
20 20 61
20 22 37
20 23 68
20 24 66
20 26 57
20 31 44
20 32 33
20 33 28
20 37 69
20 38 18
20 41 31
20 48 59
20 49 26
20 50 6
20 51 11
20 52 51
20 54 55
20 55 2
20 57 4
20 63 1
20 64 47
20 66 0
20 69 23
21 0 48
21 3 14
21 4 7
21 7 39
21 9 6
21 10 55
21 11 4
21 13 20
21 14 36
21 15 50
21 16 11
21 17 67
21 24 60
21 25 63
21 28 27
21 29 28
21 30 23
21 31 25
21 32 24
21 33 69
21 34 51
21 35 19
21 37 8
21 43 0
21 45 56
21 46 15
21 47 61
21 48 29
21 49 68
21 54 58
21 55 33
21 56 2
21 58 53
21 59 16
21 60 49
21 61 59
21 62 9
21 63 38
21 64 1
21 67 3
22 2 42
22 4 17
22 5 63
22 6 64
22 8 69
22 10 14
22 11 10
22 12 36
22 13 44
22 14 41
22 15 31
22 16 8
22 17 58
22 18 12
22 19 57
22 20 59
22 23 65
22 25 2
22 27 37
22 28 9
22 29 43
22 30 20
22 31 68
22 34 47
22 35 26
22 38 7
22 39 56
22 41 39
22 42 5
22 43 35
22 45 66
22 46 54
22 47 19
22 48 50
22 49 25
22 50 33
22 51 22
22 52 49
22 55 32
22 64 29
22 65 61
22 69 46
23 0 2
23 1 37
23 3 62
23 4 30
23 6 54
23 9 26
23 10 41
23 11 60
23 13 35
23 15 12
23 16 24
23 18 18
23 19 9
23 20 52
23 21 23
23 23 43
23 25 34
23 26 58
23 27 0
23 29 63
23 31 16
23 32 55
23 34 38
23 35 7
23 36 66
23 37 3
23 40 21
23 41 6
23 42 51
23 44 31
23 45 39
23 46 69
23 48 10
23 50 1
23 53 68
23 54 61
23 55 27
23 58 44
23 59 64
23 61 29
23 62 5
23 65 22
23 66 42
23 69 47
24 0 55
24 2 59
24 4 15
24 5 20
24 6 23
24 7 28
24 8 50
24 9 65
24 11 66
24 12 19
24 13 2
24 14 49
24 15 52
24 17 68
24 20 63
24 21 46
24 23 69
24 24 58
24 25 35
24 26 27
24 28 6
24 29 64
24 33 57
24 37 12
24 38 13
24 40 29
24 44 40
24 45 37
24 46 18
24 47 17
24 48 1
24 50 7
24 52 44
24 53 41
24 54 0
24 55 36
24 58 30
24 59 56
24 60 38
24 65 14
24 66 24
24 67 54
24 68 25
24 69 26
25 0 51
25 2 58
25 3 41
25 5 36
25 6 22
25 7 30
25 10 13
25 11 45
25 13 55
25 14 52
25 15 14
25 19 7
25 20 43
25 21 40
25 23 5
25 24 46
25 26 21
25 27 1
25 28 37
25 30 33
25 33 23
25 34 49
25 35 6
25 36 24
25 37 31
25 38 69
25 39 3
25 44 66
25 48 26
25 49 4
25 52 38
25 53 32
25 54 64
25 55 20
25 58 62
25 59 27
25 60 68
25 61 17
25 63 8
25 64 10
25 68 60
25 69 50
26 0 45
26 1 13
26 2 38
26 3 9
26 6 51
26 7 58
26 8 57
26 9 44
26 10 3
26 11 34
26 13 47
26 17 43
26 18 25
26 19 55
26 20 16
26 21 48
26 23 49
26 25 59
26 26 53
26 29 32
26 30 1
26 32 15
26 33 19
26 34 36
26 36 20
26 37 37
26 39 63
26 40 52
26 42 66
26 43 23
26 45 18
26 46 68
26 50 64
26 51 5
26 53 22
26 54 14
26 58 61
26 59 69
26 63 4
26 66 11
26 69 67
27 0 10
27 1 2
27 2 32
27 3 58
27 4 35
27 5 61
27 7 59
27 10 44
27 14 6
27 16 60
27 18 15
27 20 65
27 24 45
27 31 29
27 32 50
27 35 16
27 38 62
27 39 68
27 45 1
27 46 20
27 48 48
27 50 56
27 51 33
27 52 7
27 53 67
27 56 22
27 57 54
27 58 41
27 60 31
27 61 37
27 62 38
27 63 46
27 64 57
27 65 4
27 67 24
27 68 5
27 69 25
28 0 61
28 1 38
28 3 23
28 5 34
28 6 42
28 7 26
28 8 51
28 9 39
28 13 66
28 14 15
28 15 67
28 16 59
28 17 4
28 20 62
28 21 60
28 22 44
28 26 49
28 27 7
28 28 13
28 31 35
28 32 63
28 36 3
28 37 68
28 39 2
28 40 1
28 41 54
28 42 48
28 44 19
28 45 11
28 46 16
28 47 41
28 48 8
28 49 17
28 50 36
28 51 58
28 52 55
28 54 53
28 55 69
28 57 57
28 58 21
28 60 47
28 62 24
28 63 56
28 64 12
28 65 0
28 68 43
28 69 18
29 0 23
29 2 9
29 3 27
29 4 69
29 7 49
29 10 60
29 11 41
29 12 38
29 13 3
29 15 58
29 16 1
29 17 39
29 18 8
29 21 43
29 23 48
29 24 10
29 25 61
29 27 66
29 29 47
29 31 63
29 33 13
29 35 37
29 36 32
29 37 0
29 38 17
29 39 21
29 45 67
29 46 22
29 47 5
29 48 18
29 52 62
29 56 59
29 57 36
29 58 64
29 60 56
29 61 26
29 62 50
29 64 6
29 68 20
30 0 38
30 1 14
30 2 4
30 3 21
30 4 6
30 5 46
30 7 9
30 8 59
30 9 69
30 11 2
30 12 45
30 15 0
30 16 40
30 17 54
30 18 32
30 19 67
30 22 7
30 24 43
30 25 49
30 26 42
30 29 1
30 30 5
30 33 35
30 34 22
30 37 61
30 38 60
30 39 17
30 41 26
30 43 8
30 44 36
30 45 65
30 46 34
30 47 24
30 48 28
30 50 30
30 51 51
30 53 25
30 54 44
30 55 11
30 57 66
30 58 13
30 59 48
30 60 41
30 62 12
30 65 29
30 67 58
30 69 16
31 4 39
31 6 65
31 9 66
31 10 52
31 12 37
31 13 6
31 16 50
31 17 42
31 18 22
31 19 44
31 20 8
31 23 25
31 26 24
31 27 11
31 28 47
31 29 68
31 30 12
31 32 16
31 33 5
31 36 19
31 39 46
31 42 2
31 44 56
31 45 13
31 46 51
31 47 62
31 48 27
31 53 48
31 54 54
31 55 41
31 56 31
31 57 1
31 58 29
31 59 61
31 62 64
31 63 21
31 65 59
31 68 18
31 69 33
32 0 36
32 3 38
32 5 37
32 6 14
32 9 30
32 14 2
32 16 22
32 17 1
32 19 17
32 20 29
32 21 7
32 22 52
32 23 35
32 24 21
32 26 20
32 28 58
32 29 8
32 30 51
32 31 65
32 34 61
32 36 26
32 37 47
32 39 16
32 40 57
32 41 63
32 42 62
32 44 18
32 45 53
32 46 45
32 48 69
32 50 4
32 51 6
32 52 68
32 53 5
32 54 3
32 55 49
32 57 0
32 59 55
32 61 39
32 62 10
32 63 64
32 65 56
33 2 25
33 3 29
33 6 16
33 9 48
33 10 43
33 11 54
33 14 58
33 17 45
33 19 69
33 22 1
33 23 60
33 24 62
33 25 0
33 26 39
33 30 37
33 31 61
33 32 20
33 33 12
33 36 30
33 37 44
33 41 23
33 42 18
33 43 49
33 44 50
33 45 35
33 50 11
33 51 21
33 52 40
33 53 27
33 55 15
33 57 8
33 60 2
33 62 59
33 63 9
33 65 57
33 66 51
33 67 33
34 3 30
34 6 47
34 7 14
34 8 44
34 10 69
34 13 8
34 17 61
34 18 42
34 19 21
34 20 18
34 21 51
34 25 7
34 26 65
34 28 20
34 31 24
34 33 58
34 35 46
34 36 17
34 37 34
34 40 67
34 43 11
34 44 27
34 45 48
34 46 66
34 47 56
34 48 39
34 52 54
34 54 15
34 58 25
34 59 29
34 60 60
34 61 45
34 62 4
34 64 19
34 66 26
34 67 32
34 68 38
35 1 10
35 4 66
35 5 54
35 6 26
35 7 22
35 9 51
35 10 15
35 11 36
35 13 48
35 15 27
35 17 32
35 18 43
35 19 35
35 21 12
35 22 20
35 26 7
35 27 64
35 30 40
35 31 46
35 33 3
35 34 18
35 35 11
35 36 47
35 37 63
35 40 24
35 41 2
35 42 29
35 43 6
35 44 13
35 45 9
35 47 0
35 50 62
35 53 42
35 55 61
35 58 8
35 59 28
35 62 14
35 65 38
35 66 4
35 67 67
35 68 69
35 69 59
36 1 30
36 3 28
36 6 58
36 7 3
36 11 52
36 15 24
36 20 55
36 21 50
36 22 46
36 24 15
36 25 56
36 26 0
36 28 1
36 30 18
36 32 17
36 34 19
36 35 31
36 37 62
36 39 34
36 40 38
36 41 10
36 44 67
36 47 35
36 48 25
36 49 65
36 50 14
36 51 37
36 52 53
36 53 40
36 54 20
36 56 4
36 58 49
36 59 22
36 60 54
36 62 11
36 66 2
36 67 60
36 69 36
37 0 52
37 1 8
37 3 53
37 9 0
37 10 5
37 11 9
37 14 66
37 16 33
37 19 15
37 21 4
37 22 48
37 25 44
37 26 50
37 27 34
37 29 25
37 31 20
37 32 19
37 33 7
37 34 39
37 36 28
37 38 22
37 39 29
37 40 3
37 42 63
37 43 10
37 46 37
37 48 54
37 49 12
37 51 56
37 57 13
37 59 45
37 61 64
37 62 36
37 63 26
37 64 38
37 65 23
37 68 6
37 69 68
38 1 50
38 2 29
38 3 0
38 4 13
38 6 35
38 8 1
38 10 30
38 12 62
38 14 16
38 15 61
38 16 36
38 17 19
38 21 68
38 22 21
38 24 57
38 25 27
38 28 18
38 29 38
38 32 41
38 35 65
38 36 69
38 37 22
38 38 4
38 40 15
38 41 58
38 42 59
38 43 31
38 44 37
38 45 55
38 48 46
38 50 67
38 52 24
38 55 5
38 56 11
38 57 56
38 60 43
38 63 45
38 65 51
38 66 17
38 67 64
38 68 2
38 69 3
39 0 33
39 4 49
39 5 69
39 6 21
39 7 18
39 9 28
39 12 7
39 13 64
39 14 9
39 15 53
39 16 3
39 17 50
39 18 62
39 20 48
39 21 66
39 22 42
39 23 56
39 24 36
39 26 17
39 32 12
39 34 34
39 35 22
39 36 0
39 37 41
39 41 52
39 43 68
39 45 44
39 47 27
39 49 14
39 50 37
39 51 47
39 55 39
39 56 55
39 57 15
39 60 20
39 61 30
39 62 1
39 64 11
39 67 43
39 68 29
40 0 68
40 7 54
40 9 62
40 11 12
40 12 11
40 14 13
40 15 49
40 16 7
40 19 58
40 20 44
40 22 69
40 25 42
40 26 36
40 31 33
40 32 45
40 33 15
40 35 43
40 36 48
40 37 21
40 39 27
40 41 4
40 44 47
40 46 64
40 48 17
40 52 19
40 55 56
40 56 18
40 57 6
40 59 51
40 60 10
40 61 9
40 63 41
40 65 55
40 66 28
40 67 30
40 69 29
41 0 0
41 1 22
41 2 37
41 3 5
41 4 36
41 5 38
41 6 31
41 7 33
41 8 63
41 9 35
41 10 56
41 12 20
41 13 57
41 14 3
41 16 55
41 17 59
41 18 2
41 19 62
41 20 24
41 24 11
41 25 16
41 26 40
41 27 49
41 28 52
41 29 26
41 32 6
41 33 25
41 34 21
41 35 41
41 37 39
41 40 69
41 44 17
41 45 19
41 46 43
41 47 54
41 48 67
41 52 1
41 54 66
41 59 65
41 60 44
41 63 42
41 64 15
41 65 68
41 68 45
42 0 46
42 1 66
42 2 0
42 3 20
42 7 21
42 8 42
42 10 34
42 13 13
42 15 38
42 16 63
42 18 3
42 19 52
42 20 11
42 21 30
42 22 12
42 24 53
42 25 68
42 28 40
42 31 45
42 34 6
42 37 36
42 38 31
42 40 48
42 42 56
42 43 47
42 44 15
42 45 4
42 48 19
42 50 43
42 51 41
42 53 28
42 56 1
42 57 39
42 58 58
42 60 57
42 63 67
42 64 50
42 66 8
42 68 32
42 69 2
43 2 10
43 3 13
43 5 39
43 6 46
43 7 5
43 8 30
43 10 57
43 11 29
43 12 17
43 15 40
43 18 6
43 20 20
43 21 3
43 23 67
43 25 45
43 27 43
43 28 64
43 30 34
43 31 19
43 33 4
43 34 56
43 35 42
43 37 15
43 38 9
43 39 7
43 40 18
43 41 1
43 44 28
43 47 49
43 48 66
43 50 55
43 51 26
43 52 59
43 53 44
43 54 69
43 55 14
43 56 48
43 57 63
43 59 58
43 60 25
43 62 61
43 63 24
43 64 21
43 65 47
43 66 36
43 67 37
43 69 8
44 0 14
44 1 18
44 2 39
44 3 57
44 5 8
44 7 32
44 8 58
44 9 50
44 11 35
44 13 22
44 14 37
44 15 64
44 17 24
44 19 16
44 20 12
44 21 27
44 22 47
44 23 53
44 24 3
44 26 56
44 28 2
44 29 42
44 30 11
44 31 38
44 32 43
44 33 60
44 34 40
44 35 29
44 36 6
44 37 67
44 38 66
44 40 44
44 41 0
44 45 23
44 47 21
44 50 45
44 51 55
44 52 28
44 54 1
44 55 17
44 56 63
44 57 59
44 60 52
44 62 20
44 67 65
44 69 9
45 0 8
45 1 34
45 4 59
45 5 51
45 7 40
45 9 29
45 10 12
45 11 31
45 12 18
45 13 43
45 14 5
45 15 62
45 16 27
45 18 50
45 19 19
45 20 67
45 22 57
45 23 52
45 24 14
45 25 28
45 32 49
45 33 48
45 34 32
45 36 68
45 39 4
45 40 30
45 44 41
45 45 24
45 46 2
45 49 61
45 53 47
45 54 39
45 56 35
45 57 38
45 59 9
45 60 63
45 61 58
45 62 26
45 63 53
45 65 11
45 66 20
46 1 17
46 2 11
46 3 1
46 6 34
46 7 45
46 8 29
46 10 47
46 11 46
46 12 3
46 13 60
46 14 48
46 17 40
46 21 25
46 22 39
46 23 44
46 25 64
46 26 32
46 28 54
46 30 14
46 31 12
46 32 30
46 33 67
46 38 52
46 39 18
46 40 68
46 41 62
46 42 23
46 43 56
46 45 49
46 46 9
46 49 0
46 50 69
46 56 28
46 57 10
46 58 63
46 61 66
46 62 58
46 63 27
46 64 16
46 66 33
46 67 15
46 68 55
47 1 44
47 2 36
47 4 22
47 6 3
47 8 4
47 10 51
47 11 26
47 14 30
47 15 25
47 16 17
47 19 24
47 20 45
47 21 16
47 22 28
47 23 59
47 26 13
47 27 38
47 28 49
47 30 62
47 31 6
47 32 9
47 33 10
47 35 68
47 37 7
47 38 8
47 39 11
47 43 20
47 44 2
47 47 50
47 48 53
47 49 55
47 51 66
47 52 64
47 53 58
47 54 31
47 55 0
47 56 42
47 57 60
47 60 40
47 61 21
47 62 32
47 63 39
47 64 14
47 69 35
48 2 52
48 4 9
48 5 32
48 6 37
48 8 7
48 11 56
48 12 39
48 14 25
48 16 16
48 17 8
48 21 41
48 22 65
48 24 22
48 25 6
48 26 1
48 28 24
48 30 4
48 31 31
48 33 45
48 34 68
48 35 54
48 36 42
48 37 50
48 41 19
48 44 62
48 45 36
48 48 57
48 49 10
48 51 29
48 52 69
48 53 2
48 54 18
48 55 26
48 56 20
48 57 43
48 58 34
48 63 23
48 64 61
48 66 53
48 68 66
48 69 5
49 0 37
49 1 53
49 2 48
49 4 11
49 6 69
49 7 4
49 9 60
49 11 17
49 12 68
49 14 34
49 15 39
49 16 49
49 17 6
49 18 63
49 19 40
49 20 7
49 21 19
49 22 22
49 23 24
49 25 13
49 27 55
49 28 41
49 29 59
49 30 66
49 31 57
49 32 8
49 34 44
49 35 15
49 37 46
49 39 36
49 40 28
49 41 47
49 43 64
49 45 26
49 47 1
49 51 65
49 53 18
49 54 10
49 57 21
49 58 67
49 59 52
49 61 31
49 62 54
49 64 32
49 65 2
49 66 23
49 67 51
49 68 62
49 69 27
50 4 50
50 8 22
50 9 47
50 11 15
50 12 13
50 13 0
50 18 36
50 19 11
50 20 9
50 22 63
50 23 16
50 24 29
50 26 18
50 27 28
50 28 68
50 30 7
50 31 53
50 32 2
50 34 55
50 35 49
50 36 45
50 37 35
50 38 43
50 39 60
50 40 59
50 42 26
50 45 54
50 48 58
50 49 41
50 51 38
50 53 12
50 54 23
50 55 44
50 57 52
50 58 27
50 59 40
50 60 21
50 62 67
50 63 51
50 65 42
50 68 1
51 1 47
51 3 3
51 4 68
51 5 23
51 6 28
51 7 15
51 8 36
51 10 18
51 11 33
51 14 21
51 15 29
51 19 61
51 22 56
51 23 64
51 25 32
51 26 45
51 32 34
51 33 62
51 34 46
51 35 27
51 36 50
51 40 22
51 41 59
51 42 55
51 43 66
51 44 49
51 45 52
51 46 35
51 49 5
51 51 43
51 52 20
51 54 40
51 57 26
51 59 39
51 60 48
51 62 41
51 67 42
51 68 54
51 69 30
52 1 68
52 2 53
52 3 49
52 4 34
52 7 12
52 8 5
52 10 40
52 13 33
52 14 0
52 15 57
52 16 56
52 18 41
52 20 36
52 24 44
52 26 46
52 28 25
52 29 54
52 30 27
52 31 17
52 33 64
52 34 3
52 36 39
52 38 58
52 39 1
52 43 18
52 44 22
52 46 26
52 47 37
52 48 23
52 49 21
52 51 48
52 52 65
52 54 29
52 55 52
52 58 10
52 59 38
52 60 24
52 63 60
52 65 13
52 66 59
52 69 7
53 1 45
53 2 41
53 3 37
53 4 14
53 6 50
53 7 29
53 8 65
53 9 18
53 10 54
53 11 43
53 12 47
53 13 11
53 14 26
53 17 0
53 20 15
53 21 8
53 23 27
53 24 52
53 28 34
53 31 36
53 32 62
53 33 61
53 38 32
53 39 9
53 41 46
53 43 44
53 45 3
53 46 55
53 47 69
53 48 40
53 49 31
53 50 53
53 51 57
53 53 56
53 54 51
53 55 35
53 56 33
53 58 48
53 63 6
53 64 64
53 65 60
53 68 58
53 69 20
54 0 25
54 2 26
54 3 54
54 4 29
54 5 7
54 7 31
54 8 3
54 9 57
54 10 50
54 11 21
54 12 53
54 13 15
54 14 40
54 16 42
54 18 39
54 21 24
54 22 55
54 27 32
54 29 9
54 30 44
54 32 22
54 34 48
54 35 4
54 36 60
54 37 38
54 38 1
54 39 67
54 40 63
54 41 14
54 43 36
54 44 58
54 46 49
54 47 18
54 50 8
54 53 19
54 54 56
54 57 41
54 58 6
54 59 17
54 60 33
54 61 61
54 62 47
54 63 65
54 64 62
54 65 5
54 66 35
54 67 69
54 68 64
54 69 34
55 1 51
55 3 11
55 4 37
55 6 7
55 10 6
55 12 16
55 13 56
55 17 53
55 19 60
55 20 47
55 22 36
55 23 40
55 24 65
55 25 39
55 27 15
55 29 27
55 32 68
55 33 18
55 34 10
55 35 58
55 36 64
55 37 28
55 38 21
55 40 23
55 41 9
55 50 59
55 52 33
55 53 38
55 55 12
55 58 57
55 60 42
55 61 69
55 62 43
55 63 55
55 66 50
55 69 22
56 1 27
56 5 67
56 12 60
56 14 46
56 17 11
56 18 38
56 20 34
56 22 41
56 24 64
56 25 52
56 26 55
56 27 30
56 29 48
56 31 28
56 32 0
56 36 31
56 37 54
56 38 15
56 39 6
56 43 69
56 44 45
56 46 36
56 47 58
56 48 21
56 50 68
56 51 50
56 53 63
56 55 40
56 56 26
56 57 49
56 58 24
56 59 2
56 60 39
56 61 51
56 62 18
56 63 32
56 64 23
56 65 43
56 66 47
56 67 7
56 69 13
57 1 4
57 4 47
57 5 45
57 8 17
57 9 7
57 11 58
57 18 23
57 19 49
57 20 10
57 21 62
57 23 21
57 24 54
57 28 14
57 30 32
57 31 27
57 32 57
57 33 56
57 34 43
57 36 11
57 37 52
57 38 2
57 39 38
57 40 41
57 42 1
57 43 67
57 44 8
57 46 29
57 48 36
57 49 69
57 51 59
57 52 26
57 53 30
57 54 34
57 55 3
57 56 9
57 60 65
57 61 18
57 62 6
57 64 51
57 66 31
58 0 22
58 1 24
58 5 48
58 6 8
58 10 38
58 11 32
58 13 53
58 15 30
58 18 58
58 19 34
58 20 27
58 21 14
58 22 31
58 23 1
58 24 56
58 26 59
58 27 67
58 28 39
58 29 49
58 31 15
58 32 65
58 33 50
58 35 5
58 37 29
58 40 13
58 41 43
58 43 61
58 45 40
58 47 4
58 48 0
58 49 7
58 51 69
58 52 25
58 53 21
58 54 60
58 56 3
58 57 17
58 60 55
58 61 33
58 62 42
58 63 28
58 66 37
58 68 9
59 0 9
59 1 33
59 3 25
59 4 63
59 6 43
59 7 61
59 8 37
59 9 41
59 10 19
59 12 15
59 14 7
59 15 36
59 16 21
59 17 12
59 20 39
59 22 49
59 25 31
59 27 24
59 28 57
59 31 5
59 34 45
59 35 50
59 36 35
59 38 26
59 39 23
59 40 10
59 41 55
59 47 48
59 49 60
59 53 6
59 55 1
59 56 65
59 57 40
59 58 3
59 59 13
59 60 28
59 61 32
59 63 20
59 65 66
59 67 22
59 68 30
59 69 56
60 2 8
60 3 6
60 4 18
60 6 56
60 8 24
60 11 30
60 13 34
60 14 65
60 17 36
60 19 10
60 21 38
60 23 32
60 26 63
60 29 61
60 30 45
60 31 52
60 33 9
60 34 59
60 35 53
60 39 69
60 41 17
60 42 42
60 44 7
60 45 57
60 46 60
60 47 29
60 48 35
60 49 3
60 52 12
60 53 62
60 54 50
60 56 49
60 57 11
60 58 19
60 60 67
60 61 0
60 62 28
60 63 58
60 64 27
60 66 22
60 69 40
61 0 29
61 1 23
61 2 18
61 4 55
61 5 60
61 6 41
61 7 68
61 8 12
61 11 5
61 12 9
61 13 28
61 15 56
61 18 66
61 19 14
61 20 31
61 21 36
61 24 16
61 25 24
61 27 63
61 29 45
61 32 59
61 33 20
61 34 57
61 35 67
61 36 51
61 37 48
61 39 61
61 40 27
61 42 65
61 43 26
61 46 17
61 47 34
61 48 7
61 49 30
61 50 0
61 51 8
61 52 4
61 56 39
61 59 1
61 60 32
61 61 35
61 64 43
61 65 54
61 66 25
61 69 11
62 0 62
62 1 57
62 2 69
62 3 67
62 5 19
62 6 29
62 7 11
62 8 54
62 12 55
62 13 46
62 14 61
62 15 13
62 16 66
62 19 33
62 20 2
62 22 38
62 24 24
62 25 50
62 26 22
62 27 65
62 29 53
62 30 49
62 32 32
62 34 20
62 35 28
62 36 5
62 37 56
62 38 63
62 42 7
62 43 40
62 44 1
62 45 25
62 46 39
62 47 45
62 49 48
62 52 21
62 53 16
62 55 9
62 56 10
62 60 12
62 61 36
62 62 60
62 63 18
62 64 0
62 65 41
62 67 34
62 68 47
62 69 37
63 1 69
63 2 60
63 4 21
63 5 14
63 6 17
63 7 53
63 11 65
63 12 2
63 18 51
63 19 41
63 22 25
63 23 36
63 27 58
63 30 43
63 32 56
63 35 33
63 36 27
63 38 30
63 39 10
63 42 28
63 46 50
63 47 3
63 49 67
63 50 26
63 55 24
63 56 38
63 57 29
63 60 18
63 61 19
63 62 39
63 63 59
63 64 8
64 0 66
64 1 20
64 2 23
64 5 55
64 7 34
64 11 48
64 12 59
64 13 63
64 14 67
64 16 38
64 18 45
64 20 40
64 23 62
64 24 7
64 25 33
64 27 25
64 29 44
64 30 68
64 32 26
64 34 13
64 35 3
64 38 46
64 39 50
64 40 37
64 41 15
64 43 41
64 44 5
64 46 47
64 50 31
64 51 61
64 53 54
64 54 27
64 56 36
64 57 58
64 59 30
64 60 4
64 61 56
64 64 49
64 65 32
64 66 16
64 67 9
64 69 69
65 0 28
65 1 63
65 2 1
65 3 69
65 6 30
65 7 36
65 8 38
65 9 42
65 10 58
65 12 67
65 13 10
65 16 47
65 17 34
65 18 56
65 19 26
65 22 50
65 23 7
65 24 12
65 25 51
65 26 61
65 27 48
65 29 39
65 31 66
65 32 13
65 34 24
65 36 49
65 37 43
65 38 68
65 39 44
65 40 17
65 44 25
65 45 33
65 46 11
65 49 54
65 50 9
65 52 23
65 54 8
65 55 29
65 56 40
65 59 62
65 61 46
65 64 45
65 65 37
65 66 3
66 0 11
66 1 39
66 2 6
66 3 64
66 4 53
66 5 57
66 6 63
66 7 50
66 8 31
66 9 16
66 10 45
66 12 35
66 13 17
66 15 51
66 16 46
66 17 21
66 18 65
66 19 27
66 21 54
66 24 32
66 25 1
66 26 69
66 28 0
66 32 18
66 33 34
66 34 12
66 36 67
66 37 59
66 39 8
66 41 5
66 43 52
66 44 29
66 45 60
66 46 40
66 47 2
66 48 47
66 49 49
66 50 48
66 52 13
66 53 61
66 54 26
66 56 23
66 57 28
66 58 22
66 59 24
66 61 20
66 62 68
66 63 62
66 65 19
66 67 14
66 68 44
66 69 15
67 1 58
67 5 33
67 6 5
67 7 7
67 10 66
67 11 18
67 12 21
67 14 17
67 16 48
67 18 19
67 19 13
67 21 52
67 23 45
67 25 3
67 27 42
67 30 6
67 31 34
67 32 60
67 35 51
67 36 38
67 37 11
67 39 32
67 40 36
67 41 27
67 43 62
67 44 26
67 46 59
67 47 9
67 48 22
67 49 44
67 50 25
67 59 47
67 61 40
67 62 15
67 64 63
67 66 68
67 68 35
67 69 54
68 1 59
68 2 12
68 4 61
68 6 53
68 8 56
68 10 21
68 11 7
68 12 42
68 13 31
68 15 18
68 19 68
68 20 26
68 22 58
68 25 29
68 27 41
68 31 49
68 32 40
68 33 11
68 34 60
68 35 48
68 36 62
68 37 5
68 38 16
68 39 57
68 44 43
68 45 34
68 47 44
68 50 54
68 51 25
68 53 15
68 54 32
68 55 4
68 57 47
68 60 46
68 62 3
68 63 30
68 65 1
68 66 9
68 67 55
69 0 16
69 1 0
69 2 51
69 3 60
69 4 52
69 5 62
69 7 43
69 9 56
69 10 11
69 11 19
69 13 27
69 14 59
69 17 7
69 19 6
69 20 23
69 21 69
69 22 9
69 23 34
69 29 21
69 30 10
69 32 47
69 33 1
69 35 36
69 37 26
69 38 54
69 39 33
69 41 13
69 42 39
69 43 25
69 44 53
69 45 41
69 47 57
69 48 31
69 49 20
69 51 3
69 52 15
69 54 24
69 57 45
69 60 17
69 61 49
69 62 46
69 63 66
69 64 67
