70
0 0 39
0 1 16
0 2 6
0 4 10
0 5 53
0 6 51
0 7 17
0 9 4
0 12 23
0 14 3
0 15 35
0 20 29
0 21 65
0 22 21
0 25 32
0 29 8
0 31 67
0 32 52
0 34 58
0 36 45
0 37 20
0 38 25
0 39 13
0 40 18
0 41 56
0 42 38
0 44 36
0 45 61
0 46 14
0 47 43
0 51 54
0 53 59
0 56 2
0 57 62
0 58 48
0 60 1
0 61 7
0 62 46
0 63 31
0 64 44
0 65 22
0 66 33
0 67 11
0 69 60
1 0 66
1 1 65
1 2 36
1 6 4
1 7 29
1 8 25
1 9 38
1 10 46
1 11 28
1 12 31
1 14 1
1 15 60
1 18 51
1 19 44
1 20 45
1 23 33
1 24 52
1 26 24
1 28 19
1 29 54
1 30 30
1 31 57
1 36 37
1 37 3
1 38 2
1 39 15
1 40 34
1 44 49
1 45 48
1 49 39
1 50 12
1 51 21
1 53 47
1 54 43
1 55 68
1 57 53
1 58 10
1 60 55
1 61 62
1 62 9
1 64 18
1 67 5
1 68 0
2 1 62
2 5 57
2 8 46
2 9 66
2 15 32
2 16 12
2 18 38
2 20 39
2 21 29
2 22 53
2 23 60
2 24 34
2 25 0
2 27 20
2 29 67
2 30 31
2 31 19
2 32 42
2 36 65
2 37 35
2 39 11
2 43 22
2 44 51
2 46 5
2 47 45
2 48 44
2 49 37
2 50 1
2 54 52
2 55 40
2 56 58
2 59 28
2 61 49
2 63 68
2 68 25
3 0 17
3 2 34
3 3 32
3 4 19
3 5 18
3 8 61
3 9 37
3 11 2
3 13 3
3 15 55
3 17 41
3 22 23
3 24 14
3 25 35
3 26 57
3 28 24
3 30 68
3 31 56
3 33 50
3 34 62
3 36 31
3 37 47
3 38 30
3 40 65
3 42 64
3 44 48
3 47 51
3 49 66
3 51 58
3 52 44
3 55 26
3 57 49
3 60 0
3 61 13
3 62 39
3 63 69
3 65 4
3 68 8
4 0 37
4 1 33
4 2 48
4 5 68
4 7 59
4 9 6
4 10 5
4 11 29
4 12 25
4 15 50
4 16 39
4 20 23
4 21 28
4 23 4
4 25 1
4 26 44
4 30 15
4 31 14
4 34 9
4 36 22
4 37 65
4 40 24
4 41 27
4 43 11
4 45 58
4 47 17
4 48 18
4 51 47
4 52 51
4 53 10
4 54 61
4 55 0
4 57 3
4 58 60
4 60 62
4 63 46
4 64 13
4 65 16
4 66 69
4 68 54
4 69 64
5 1 14
5 2 37
5 5 7
5 7 64
5 8 41
5 9 0
5 10 48
5 11 44
5 13 17
5 14 52
5 16 58
5 17 3
5 18 23
5 20 20
5 22 50
5 23 25
5 27 10
5 28 68
5 29 26
5 33 67
5 34 60
5 37 59
5 38 43
5 39 27
5 40 45
5 41 38
5 43 31
5 44 32
5 45 69
5 47 1
5 50 49
5 51 11
5 52 46
5 53 54
5 55 15
5 56 62
5 58 8
5 63 39
5 64 28
5 65 18
5 66 9
5 68 56
6 0 32
6 1 35
6 2 19
6 3 23
6 4 49
6 6 11
6 7 65
6 8 54
6 9 41
6 10 45
6 11 68
6 12 47
6 13 46
6 15 8
6 17 63
6 21 58
6 22 18
6 25 3
6 26 48
6 27 38
6 28 28
6 29 9
6 31 31
6 32 56
6 33 40
6 34 55
6 36 13
6 37 64
6 39 43
6 40 1
6 42 67
6 44 21
6 46 59
6 48 10
6 52 66
6 54 2
6 57 39
6 58 57
6 59 52
6 60 34
6 62 42
6 63 24
6 64 26
6 66 17
6 67 62
6 68 22
7 2 13
7 5 9
7 8 17
7 9 27
7 10 58
7 11 65
7 16 2
7 17 22
7 18 37
7 19 10
7 20 19
7 22 45
7 23 50
7 24 6
7 26 34
7 28 20
7 32 47
7 33 5
7 34 33
7 35 48
7 36 57
7 39 60
7 41 14
7 44 15
7 45 56
7 48 30
7 51 38
7 52 3
7 53 1
7 56 11
7 57 26
7 58 7
7 59 61
7 60 59
7 62 49
7 64 32
7 65 69
7 66 62
7 67 25
7 69 18
8 0 2
8 1 20
8 2 10
8 3 42
8 5 11
8 7 16
8 11 40
8 12 46
8 13 22
8 14 6
8 17 34
8 18 1
8 19 56
8 21 55
8 24 57
8 25 60
8 26 12
8 27 45
8 29 47
8 30 43
8 32 27
8 33 36
8 36 44
8 37 53
8 38 61
8 42 32
8 43 68
8 44 23
8 45 63
8 46 8
8 47 64
8 48 59
8 49 29
8 50 21
8 52 17
8 53 9
8 55 13
8 56 38
8 57 7
8 61 24
8 62 14
8 63 37
8 64 52
8 65 62
8 66 5
8 67 69
8 68 33
9 0 10
9 4 36
9 5 34
9 7 11
9 10 29
9 12 61
9 14 43
9 15 9
9 18 40
9 21 57
9 24 68
9 25 42
9 27 51
9 28 30
9 29 56
9 33 60
9 35 12
9 37 16
9 38 55
9 40 13
9 41 8
9 44 53
9 45 65
9 46 21
9 47 38
9 48 66
9 49 4
9 50 14
9 52 18
9 55 5
9 56 27
9 58 2
9 61 67
9 62 35
9 63 49
9 64 62
9 65 45
9 67 33
9 68 24
9 69 48
10 1 61
10 3 28
10 4 25
10 5 26
10 6 62
10 7 44
10 9 12
10 10 9
10 11 11
10 16 3
10 17 39
10 19 0
10 22 13
10 23 23
10 26 55
10 29 4
10 30 32
10 31 50
10 33 68
10 36 18
10 37 54
10 39 1
10 40 66
10 41 6
10 42 15
10 43 5
10 45 51
10 47 58
10 50 19
10 51 42
10 52 53
10 55 37
10 56 45
10 57 24
10 59 63
10 61 29
10 62 41
10 63 56
10 64 2
10 65 35
10 66 36
10 67 49
10 69 47
11 0 11
11 1 51
11 3 68
11 5 40
11 7 45
11 8 14
11 9 56
11 10 54
11 16 17
11 19 43
11 20 60
11 22 3
11 23 35
11 26 66
11 30 9
11 31 62
11 32 64
11 33 21
11 36 33
11 38 57
11 40 47
11 44 5
11 45 39
11 46 52
11 47 22
11 50 59
11 52 20
11 53 16
11 55 2
11 56 0
11 57 31
11 58 49
11 60 25
11 62 61
11 63 58
11 64 50
11 65 65
11 68 27
11 69 53
12 4 53
12 6 30
12 7 47
12 8 50
12 10 1
12 11 20
12 13 62
12 14 57
12 15 22
12 17 15
12 18 18
12 19 5
12 21 48
12 24 32
12 25 29
12 30 28
12 31 51
12 32 44
12 33 39
12 34 25
12 35 19
12 36 60
12 42 63
12 43 6
12 44 65
12 45 17
12 52 45
12 54 49
12 58 68
12 59 33
12 60 31
12 61 4
12 63 10
12 65 2
12 66 14
12 68 58
13 1 40
13 2 29
13 3 49
13 4 54
13 5 69
13 6 59
13 9 11
13 10 39
13 12 19
13 13 48
13 14 37
13 15 18
13 16 5
13 17 20
13 18 32
13 21 67
13 23 38
13 24 8
13 28 4
13 30 10
13 31 25
13 33 3
13 34 22
13 35 66
13 38 65
13 40 58
13 44 33
13 47 56
13 49 41
13 50 44
13 51 62
13 53 42
13 55 1
13 56 12
13 57 60
13 61 17
13 62 2
13 63 9
13 64 51
13 66 35
13 67 53
14 0 48
14 2 4
14 3 60
14 4 14
14 7 53
14 9 5
14 10 59
14 11 49
14 12 58
14 13 27
14 14 19
14 15 44
14 17 32
14 18 63
14 19 26
14 23 51
14 25 9
14 26 45
14 27 62
14 28 2
14 29 37
14 30 65
14 33 54
14 35 56
14 39 10
14 40 68
14 41 43
14 43 21
14 45 24
14 47 33
14 48 7
14 49 69
14 50 25
14 52 23
14 53 66
14 58 40
14 59 64
14 60 20
14 61 12
14 62 30
14 64 35
14 65 52
14 67 18
14 68 41
14 69 0
15 0 15
15 2 16
15 3 2
15 4 67
15 9 18
15 10 42
15 11 10
15 12 62
15 13 7
15 14 56
15 15 14
15 16 19
15 17 33
15 18 65
15 19 66
15 24 46
15 29 13
15 30 23
15 31 41
15 32 60
15 33 35
15 34 50
15 35 43
15 37 51
15 38 59
15 39 28
15 40 0
15 42 11
15 45 57
15 48 55
15 49 48
15 52 63
15 53 40
15 54 32
15 56 20
15 58 21
15 63 53
15 64 34
15 65 64
16 3 34
16 4 32
16 5 39
16 7 23
16 10 24
16 11 46
16 18 15
16 20 41
16 21 60
16 23 20
16 24 18
16 25 30
16 26 1
16 27 54
16 28 16
16 29 7
16 30 17
16 32 13
16 35 36
16 36 38
16 37 12
16 38 56
16 39 31
16 40 55
16 42 53
16 43 45
16 45 28
16 47 57
16 48 43
16 49 63
16 50 3
16 51 2
16 53 68
16 57 40
16 58 62
16 59 10
16 60 8
16 61 9
16 62 37
16 65 58
16 66 48
16 68 64
16 69 21
17 2 35
17 3 9
17 4 2
17 6 61
17 7 68
17 8 1
17 12 60
17 13 58
17 15 24
17 16 13
17 17 47
17 19 53
17 20 16
17 23 34
17 24 22
17 26 23
17 27 41
17 30 18
17 31 15
17 33 56
17 35 54
17 36 43
17 37 32
17 38 11
17 39 65
17 45 30
17 46 26
17 47 21
17 48 37
17 50 6
17 52 28
17 53 33
17 54 36
17 58 51
17 59 48
17 61 42
17 62 25
17 64 12
17 65 19
17 67 52
17 69 45
18 2 52
18 3 65
18 6 18
18 7 20
18 8 24
18 9 69
18 10 22
18 12 66
18 13 6
18 17 43
18 18 64
18 19 25
18 20 32
18 21 8
18 22 14
18 23 30
18 24 19
18 25 34
18 26 2
18 27 33
18 31 61
18 36 42
18 37 45
18 38 26
18 39 17
18 41 1
18 44 50
18 46 47
18 47 9
18 52 11
18 53 29
18 55 51
18 57 28
18 60 49
18 61 48
18 63 54
18 65 12
18 66 63
18 67 55
18 68 46
18 69 13
19 0 60
19 1 17
19 2 39
19 3 24
19 6 12
19 7 56
19 8 13
19 9 34
19 10 4
19 11 14
19 16 37
19 18 7
19 19 49
19 20 11
19 21 62
19 22 58
19 23 18
19 24 27
19 25 43
19 28 50
19 31 59
19 32 68
19 33 30
19 34 0
19 38 52
19 39 33
19 41 21
19 43 9
19 45 47
19 48 65
19 50 69
19 51 53
19 52 67
19 53 32
19 54 64
19 56 22
19 57 2
19 58 28
19 60 36
19 62 66
19 63 41
19 64 61
19 66 26
19 67 8
19 68 45
20 0 47
20 1 64
20 2 41
20 5 22
20 7 34
20 8 33
20 10 36
20 13 65
20 14 45
20 16 32
20 18 69
20 20 61
20 21 21
20 22 16
20 25 37
20 26 13
20 28 17
20 30 24
20 31 63
20 33 11
20 34 42
20 36 30
20 37 18
20 41 60
20 42 66
20 43 38
20 45 5
20 48 62
20 49 56
20 52 68
20 53 52
20 58 14
20 59 46
20 60 39
20 61 27
20 62 19
20 63 20
20 65 54
20 66 29
20 69 31
21 0 12
21 3 37
21 7 10
21 8 53
21 9 57
21 10 2
21 12 39
21 13 47
21 14 67
21 19 16
21 21 19
21 25 66
21 26 26
21 27 55
21 28 32
21 29 69
21 30 51
21 32 9
21 34 59
21 35 18
21 38 64
21 39 58
21 40 52
21 41 54
21 42 7
21 44 40
21 45 31
21 46 63
21 48 1
21 49 21
21 50 11
21 51 68
21 52 33
21 54 62
21 56 42
21 57 13
21 59 43
21 60 44
21 61 0
21 62 29
21 63 27
21 65 8
21 68 38
21 69 49
22 1 3
22 2 65
22 3 14
22 4 8
22 5 33
22 6 49
22 7 1
22 11 21
22 12 59
22 13 61
22 14 5
22 15 38
22 16 55
22 17 51
22 18 35
22 19 30
22 20 53
22 23 58
22 24 23
22 25 28
22 30 4
22 31 60
22 33 0
22 35 22
22 37 41
22 38 17
22 39 37
22 41 69
22 43 25
22 47 36
22 48 16
22 49 2
22 50 43
22 51 46
22 54 27
22 56 47
22 58 18
22 60 7
22 61 68
22 63 34
22 64 24
22 66 50
22 67 42
22 69 63
23 3 7
23 4 33
23 5 3
23 6 47
23 7 42
23 8 64
23 9 44
23 10 52
23 11 13
23 13 8
23 15 10
23 19 39
23 20 38
23 21 23
23 22 11
23 23 67
23 26 21
23 27 49
23 28 37
23 29 36
23 30 48
23 31 6
23 32 57
23 33 24
23 34 14
23 36 1
23 39 2
23 40 22
23 42 27
23 43 62
23 45 45
23 46 31
23 49 51
23 52 41
23 55 34
23 56 69
23 58 19
23 59 60
23 63 35
23 65 5
23 67 54
23 68 20
23 69 28
24 2 0
24 3 67
24 4 69
24 6 6
24 11 60
24 13 30
24 14 17
24 16 65
24 20 46
24 25 58
24 31 24
24 32 39
24 33 31
24 34 34
24 35 13
24 36 26
24 37 43
24 39 47
24 40 15
24 41 44
24 42 48
24 43 37
24 48 41
24 49 59
24 50 51
24 51 45
24 56 10
24 57 12
24 60 11
24 61 22
24 62 33
24 64 25
24 65 55
24 66 57
24 68 18
24 69 19
25 0 69
25 1 0
25 2 43
25 3 5
25 4 40
25 5 8
25 7 26
25 10 65
25 11 67
25 14 66
25 17 62
25 18 57
25 19 19
25 20 21
25 21 31
25 22 17
25 24 25
25 25 49
25 27 27
25 29 6
25 31 34
25 32 50
25 35 61
25 36 4
25 38 44
25 39 3
25 41 22
25 42 52
25 45 20
25 46 55
25 47 18
25 49 14
25 50 15
25 53 24
25 54 29
25 55 54
25 56 36
25 58 37
25 59 59
25 61 60
25 62 1
25 63 48
25 65 68
25 66 64
25 68 23
25 69 56
26 1 22
26 2 2
26 3 51
26 4 30
26 6 8
26 7 19
26 8 59
26 9 20
26 10 55
26 11 7
26 13 0
26 14 31
26 15 36
26 16 10
26 17 40
26 18 34
26 19 69
26 22 68
26 25 48
26 27 61
26 28 58
26 29 46
26 30 13
26 31 49
26 32 33
26 34 56
26 37 1
26 39 16
26 40 35
26 41 15
26 42 43
26 43 44
26 45 12
26 46 4
26 48 50
26 49 57
26 50 27
26 51 39
26 52 60
26 53 38
26 54 25
26 55 3
26 57 42
26 58 52
26 60 41
26 63 47
26 64 17
26 65 23
26 69 65
27 1 30
27 3 64
27 5 25
27 7 4
27 9 19
27 11 17
27 13 5
27 14 58
27 16 47
27 17 69
27 18 62
27 19 27
27 22 26
27 23 65
27 24 10
27 27 23
27 29 63
27 30 20
27 31 39
27 32 21
27 35 57
27 36 51
27 37 36
27 39 22
27 40 29
27 46 11
27 47 24
27 48 40
27 50 9
27 51 52
27 52 48
27 54 12
27 55 42
27 57 1
27 58 55
27 60 50
27 64 41
27 65 34
27 66 44
27 67 35
27 68 53
27 69 68
28 2 40
28 3 47
28 9 16
28 11 3
28 13 36
28 15 66
28 17 21
28 18 46
28 19 62
28 21 49
28 23 59
28 24 43
28 26 42
28 28 61
28 30 1
28 31 37
28 32 54
28 35 60
28 38 50
28 40 23
28 41 2
28 45 9
28 48 20
28 49 10
28 52 14
28 53 45
28 55 27
28 56 68
28 57 65
28 58 58
28 59 56
28 61 33
28 63 15
28 64 4
28 66 11
28 67 31
29 2 8
29 4 11
29 5 59
29 7 55
29 9 29
29 10 67
29 12 56
29 15 26
29 16 57
29 17 48
29 22 43
29 25 24
29 26 50
29 27 9
29 28 22
29 29 68
29 30 49
29 32 18
29 33 46
29 36 54
29 37 62
29 40 12
29 41 65
29 43 58
29 44 45
29 48 39
29 51 51
29 54 14
29 55 6
29 58 42
29 59 38
29 60 17
29 61 31
29 62 52
29 65 33
29 66 41
29 69 10
30 1 69
30 2 20
30 6 5
30 7 3
30 8 62
30 11 43
30 12 24
30 14 49
30 15 48
30 16 45
30 18 59
30 19 61
30 22 22
30 23 29
30 25 46
30 26 31
30 27 0
30 28 7
30 30 40
30 32 11
30 35 28
30 36 17
30 37 10
30 38 66
30 39 8
30 40 57
30 41 9
30 42 14
30 43 60
30 44 56
30 47 50
30 50 23
30 51 32
30 52 64
30 55 19
30 56 30
30 57 18
30 58 26
30 60 42
30 65 13
30 66 52
30 68 37
30 69 41
31 0 42
31 2 25
31 4 59
31 7 32
31 9 53
31 10 18
31 12 69
31 15 52
31 16 62
31 17 45
31 18 24
31 21 38
31 22 49
31 25 17
31 27 4
31 29 48
31 30 57
31 31 3
31 33 15
31 36 11
31 38 10
31 39 50
31 42 26
31 43 33
31 44 64
31 45 54
31 46 43
31 47 41
31 48 60
31 49 20
31 50 28
31 51 63
31 52 40
31 53 0
31 54 22
31 56 6
31 57 37
31 58 61
31 60 47
31 62 16
31 63 5
31 65 14
31 66 68
31 67 58
31 68 65
31 69 66
32 0 68
32 1 48
32 4 16
32 6 0
32 8 23
32 12 52
32 14 15
32 16 35
32 17 26
32 19 9
32 20 67
32 21 39
32 22 38
32 23 31
32 26 10
32 28 34
32 30 54
32 33 45
32 34 5
32 35 2
32 36 3
32 38 21
32 40 40
32 41 64
32 42 17
32 43 18
32 44 44
32 45 7
32 47 46
32 48 19
32 49 32
32 50 8
32 51 14
32 52 13
32 53 62
32 57 29
32 60 30
32 62 56
32 63 51
32 68 47
32 69 69
33 0 19
33 1 26
33 4 57
33 7 14
33 10 53
33 11 55
33 13 69
33 14 32
33 16 50
33 20 51
33 24 33
33 25 6
33 26 54
33 29 59
33 30 67
33 31 18
33 32 41
33 33 38
33 34 20
33 36 9
33 38 29
33 40 56
33 42 49
33 44 17
33 46 37
33 47 62
33 48 45
33 49 42
33 50 10
33 53 36
33 54 7
33 55 48
33 57 46
33 58 64
33 60 61
33 61 47
33 64 31
33 65 27
33 66 15
33 67 22
33 69 3
34 0 56
34 1 31
34 2 62
34 3 53
34 4 46
34 5 49
34 6 57
34 7 35
34 8 39
34 10 63
34 13 44
34 14 11
34 15 30
34 16 52
34 17 61
34 18 42
34 19 7
34 20 2
34 22 34
34 23 17
34 24 54
34 25 5
34 26 6
34 28 0
34 29 21
34 30 50
34 31 4
34 33 25
34 34 26
34 35 23
34 36 16
34 37 22
34 38 27
34 40 10
34 42 9
34 43 1
34 44 60
34 45 15
34 49 43
34 50 67
34 51 66
34 55 38
34 56 29
34 57 36
34 59 37
34 60 64
34 62 13
34 63 59
34 65 51
34 66 19
34 67 65
34 68 40
34 69 33
35 1 19
35 4 62
35 5 32
35 6 41
35 7 13
35 10 56
35 12 33
35 14 61
35 15 49
35 20 59
35 21 50
35 22 25
35 25 64
35 27 29
35 30 69
35 31 0
35 33 12
35 35 34
35 37 57
35 38 63
35 42 3
35 44 7
35 46 35
35 47 31
35 48 11
35 49 28
35 51 5
35 53 60
35 56 39
35 57 21
35 58 24
35 61 58
35 62 20
35 63 17
35 67 45
36 1 41
36 4 39
36 5 23
36 6 58
36 7 2
36 8 57
36 9 48
36 10 0
36 11 1
36 13 24
36 15 13
36 16 27
36 17 14
36 20 5
36 21 56
36 23 64
36 24 65
36 25 51
36 27 37
36 28 25
36 30 45
36 32 34
36 33 18
36 36 12
36 37 33
36 38 60
36 40 9
36 41 40
36 42 59
36 44 55
36 47 19
36 48 38
36 49 52
36 52 50
36 53 28
36 55 31
36 57 67
36 59 47
36 60 69
36 61 26
36 62 6
36 63 29
36 65 3
36 66 10
36 67 43
36 68 4
37 0 58
37 1 23
37 4 6
37 5 42
37 6 43
37 7 48
37 8 22
37 9 3
37 10 61
37 14 50
37 20 52
37 22 51
37 23 45
37 24 30
37 25 21
37 26 16
37 27 11
37 32 32
37 33 10
37 35 1
37 37 31
37 39 29
37 40 63
37 41 68
37 42 19
37 43 20
37 44 37
37 45 60
37 46 62
37 47 59
37 49 55
37 50 47
37 53 8
37 54 17
37 58 65
37 60 24
37 61 69
37 64 53
37 65 7
37 66 34
37 67 64
38 0 62
38 1 57
38 2 51
38 3 31
38 4 44
38 5 66
38 7 5
38 10 13
38 12 9
38 13 11
38 14 7
38 15 3
38 17 37
38 20 1
38 21 45
38 22 24
38 24 15
38 27 42
38 30 46
38 32 53
38 34 54
38 36 36
38 39 52
38 43 26
38 46 33
38 48 6
38 49 50
38 51 10
38 53 43
38 55 8
38 57 55
38 58 56
38 60 58
38 63 16
38 64 67
38 65 32
38 67 41
38 68 28
39 0 33
39 2 24
39 3 45
39 5 30
39 6 22
39 7 40
39 8 29
39 9 51
39 10 11
39 11 57
39 12 43
39 14 64
39 17 44
39 21 5
39 24 4
39 25 23
39 26 53
39 27 34
39 30 55
39 31 47
39 32 66
39 33 9
39 34 49
39 35 62
39 36 27
39 39 35
39 41 0
39 43 67
39 47 13
39 49 17
39 50 46
39 53 12
39 55 41
39 57 59
39 58 32
39 59 58
39 64 19
39 65 39
39 66 3
39 67 16
39 68 61
39 69 8
40 1 11
40 3 50
40 5 54
40 6 1
40 8 69
40 9 42
40 11 47
40 12 0
40 14 27
40 16 23
40 17 25
40 19 46
40 20 4
40 21 37
40 22 64
40 23 56
40 24 39
40 26 43
40 28 55
40 29 34
40 31 26
40 33 41
40 38 6
40 39 7
40 42 20
40 45 19
40 47 65
40 55 30
40 56 13
40 58 45
40 59 5
40 62 36
40 64 68
40 66 40
40 67 66
40 68 16
40 69 14
41 0 53
41 2 56
41 7 18
41 10 49
41 11 69
41 12 55
41 15 27
41 17 28
41 18 54
41 20 44
41 21 22
41 22 1
41 23 24
41 24 26
41 25 38
41 26 5
41 27 15
41 29 51
41 30 25
41 31 64
41 33 32
41 35 6
41 36 59
41 37 8
41 39 19
41 40 67
41 42 45
41 43 35
41 46 34
41 48 2
41 50 42
41 51 61
41 52 39
41 53 57
41 54 37
41 55 63
41 56 7
41 57 52
41 58 0
41 59 31
41 60 65
41 67 48
41 69 46
42 0 5
42 1 53
42 5 24
42 6 46
42 7 7
42 8 38
42 9 43
42 11 36
42 12 32
42 14 34
42 15 61
42 16 11
42 17 55
42 19 21
42 21 4
42 22 63
42 23 22
42 25 68
42 26 67
42 27 16
42 29 33
42 30 47
42 34 18
42 36 66
42 37 56
42 38 49
42 40 50
42 42 13
42 44 2
42 45 52
42 47 35
42 48 0
42 49 62
42 50 54
42 52 42
42 53 64
42 54 10
42 56 28
42 57 14
42 58 41
42 62 48
42 63 45
42 64 9
42 66 51
42 67 40
42 68 3
42 69 57
43 3 56
43 5 67
43 6 55
43 8 66
43 9 28
43 12 15
43 14 62
43 15 23
43 16 21
43 17 0
43 19 1
43 21 36
43 22 31
43 23 12
43 26 4
43 27 46
43 28 69
43 29 60
43 33 22
43 36 64
43 37 26
43 39 57
43 41 10
43 42 44
43 44 54
43 45 40
43 48 3
43 51 37
43 52 49
43 54 18
43 55 11
43 57 45
43 60 43
43 61 51
43 64 65
43 65 53
43 67 50
43 68 52
43 69 61
44 0 67
44 1 63
44 2 3
44 3 15
44 4 56
44 5 52
44 6 44
44 7 60
44 8 26
44 9 8
44 10 37
44 12 17
44 13 51
44 14 46
44 15 40
44 16 1
44 23 48
44 24 45
44 26 59
44 27 47
44 32 62
44 35 38
44 36 61
44 37 0
44 39 69
44 40 28
44 41 12
44 47 2
44 48 42
44 49 36
44 51 33
44 52 58
44 53 39
44 54 54
44 56 24
44 58 9
44 59 27
44 60 18
44 61 65
44 63 13
44 64 29
44 66 16
44 68 55
44 69 7
45 0 64
45 1 37
45 2 66
45 3 43
45 5 58
45 6 53
45 8 52
45 9 31
45 12 30
45 13 63
45 14 65
45 15 6
45 16 18
45 17 13
45 18 61
45 19 50
45 21 47
45 23 7
45 24 1
45 26 62
45 28 60
45 29 2
45 33 34
45 35 20
45 36 19
45 37 4
45 38 68
45 39 67
45 40 59
45 41 16
45 42 12
45 43 14
45 44 27
45 45 55
45 46 17
45 47 3
45 48 29
45 49 5
45 50 36
45 52 0
45 54 40
45 56 21
45 59 42
45 60 32
45 62 11
45 63 8
45 64 69
45 65 41
45 66 49
45 67 39
45 68 48
45 69 9
46 0 50
46 2 21
46 4 48
46 5 51
46 7 38
46 8 65
46 9 22
46 10 34
46 15 56
46 16 30
46 17 35
46 18 4
46 20 7
46 23 10
46 25 31
46 28 11
46 31 42
46 32 0
46 37 19
46 39 63
46 40 49
46 41 17
46 44 16
46 46 69
46 47 66
46 49 1
46 55 61
46 56 14
46 57 27
46 62 3
46 64 43
46 65 9
46 66 47
46 67 46
46 68 5
46 69 44
47 0 28
47 2 12
47 4 58
47 5 19
47 6 21
47 11 41
47 12 29
47 13 20
47 14 40
47 17 68
47 18 27
47 20 48
47 22 47
47 24 64
47 25 4
47 29 31
47 30 33
47 31 23
47 32 69
47 33 51
47 34 17
47 35 11
47 38 13
47 42 55
47 43 16
47 48 14
47 49 45
47 50 60
47 51 9
47 54 26
47 55 36
47 57 32
47 58 38
47 61 18
47 63 50
47 64 54
47 65 56
47 67 34
47 68 44
48 0 20
48 2 50
48 3 22
48 4 0
48 5 48
48 6 68
48 7 31
48 8 55
48 9 10
48 10 33
48 12 1
48 13 60
48 16 34
48 18 47
48 19 14
48 21 42
48 22 62
48 23 37
48 26 49
48 27 52
48 28 23
48 29 17
48 30 39
48 32 35
48 33 44
48 35 67
48 36 46
48 39 41
48 40 69
48 41 36
48 42 6
48 43 51
48 46 19
48 48 26
48 50 63
48 51 24
48 52 56
48 54 53
48 55 25
48 56 40
48 57 15
48 58 13
48 62 32
48 64 59
48 65 30
48 66 7
48 68 43
48 69 5
49 1 60
49 3 48
49 5 21
49 6 65
49 8 58
49 11 45
49 12 41
49 13 14
49 15 62
49 17 56
49 19 38
49 20 10
49 22 52
49 23 13
49 25 16
49 26 36
49 28 9
49 31 27
49 32 43
49 33 6
49 34 64
49 35 42
49 38 18
49 39 34
49 40 33
49 41 39
49 42 23
49 43 15
49 45 50
49 46 25
49 50 24
49 51 19
49 52 7
49 54 30
49 57 69
49 58 11
49 59 22
49 60 29
49 62 8
49 65 44
49 66 67
49 68 32
50 3 29
50 7 15
50 8 67
50 9 58
50 10 19
50 11 8
50 12 22
50 14 33
50 16 54
50 18 36
50 20 63
50 21 6
50 24 60
50 25 61
50 26 40
50 27 3
50 28 31
50 31 38
50 32 51
50 33 20
50 34 2
50 36 7
50 37 28
50 39 9
50 44 62
50 45 43
50 46 45
50 47 10
50 50 37
50 51 23
50 53 11
50 56 56
50 57 17
50 60 35
50 63 18
50 64 1
50 65 0
50 66 55
50 69 42
51 0 0
51 1 12
51 2 17
51 3 58
51 4 3
51 7 69
51 8 11
51 9 39
51 10 14
51 11 32
51 12 37
51 13 28
51 14 22
51 15 31
51 17 18
51 18 44
51 19 54
51 20 13
51 22 29
51 23 63
51 24 42
51 25 47
51 26 33
51 27 25
51 28 62
51 29 30
51 30 2
51 31 55
51 33 27
51 34 52
51 35 7
51 36 35
51 37 34
51 39 36
51 41 66
51 42 61
51 43 43
51 44 59
51 45 10
51 46 15
51 47 49
51 48 67
51 50 16
51 51 57
51 53 50
51 54 41
51 55 24
51 56 65
51 57 8
51 59 19
51 62 45
51 64 60
52 1 29
52 2 14
52 3 33
52 5 16
52 6 9
52 7 50
52 8 68
52 10 47
52 11 35
52 13 1
52 16 53
52 17 59
52 18 60
52 20 12
52 22 67
52 24 17
52 25 54
52 26 28
52 27 48
52 28 45
52 29 40
52 30 56
52 31 66
52 32 23
52 35 30
52 36 32
52 40 41
52 41 52
52 42 65
52 44 39
52 48 57
52 49 49
52 52 24
52 56 34
52 57 58
52 58 15
52 59 13
52 61 19
52 66 61
52 67 36
52 68 63
53 2 31
53 3 17
53 7 12
53 8 35
53 9 7
53 10 21
53 12 6
53 13 57
53 15 33
53 16 24
53 17 58
53 20 62
53 23 32
53 25 27
53 26 65
53 28 46
53 32 36
53 33 55
53 34 51
53 35 14
53 37 30
53 38 23
53 39 40
53 41 5
53 42 2
53 45 8
53 46 13
53 48 47
53 49 60
53 50 38
53 52 59
53 54 3
53 60 68
53 61 45
53 62 67
53 63 25
53 64 64
53 67 1
53 68 10
53 69 16
54 0 27
54 2 63
54 3 41
54 4 68
54 6 54
54 7 9
54 8 31
54 9 52
54 11 59
54 12 36
54 13 25
54 14 47
54 15 64
54 18 33
54 20 65
54 22 7
54 23 55
54 27 22
54 29 14
54 30 58
54 31 21
54 32 28
54 34 45
54 35 16
54 36 56
54 39 51
54 40 19
54 41 24
54 43 34
54 44 0
54 45 26
54 47 20
54 51 35
54 53 53
54 54 48
54 56 5
54 57 38
54 58 4
54 60 60
54 61 2
54 63 32
54 65 61
54 66 1
54 67 3
54 68 49
55 0 14
55 1 58
55 2 28
55 3 12
55 4 24
55 6 38
55 7 8
55 8 9
55 9 33
55 10 3
55 12 45
55 13 21
55 14 54
55 16 48
55 18 16
55 19 47
55 20 31
55 22 4
55 23 41
55 24 56
55 25 15
55 26 18
55 29 65
55 31 52
55 33 1
55 35 26
55 36 63
55 38 46
55 39 68
55 40 64
55 42 50
55 43 59
55 44 67
55 46 40
55 47 23
55 49 61
55 51 69
55 52 25
55 53 44
55 55 43
55 56 55
55 57 10
55 58 5
55 59 29
55 60 37
55 61 32
55 63 22
55 64 7
55 69 62
56 0 29
56 2 64
56 4 13
56 5 45
56 8 6
56 10 20
56 11 63
56 12 49
56 13 40
56 14 28
56 15 57
56 17 31
56 18 67
56 19 11
56 20 18
56 23 8
56 24 51
56 25 10
56 26 68
56 31 33
56 33 47
56 34 65
56 38 19
56 39 53
56 40 16
56 43 56
56 45 3
56 46 23
56 47 69
56 48 22
56 50 50
56 51 60
56 53 21
56 54 42
56 55 62
56 56 41
56 57 54
56 59 35
56 61 39
56 62 24
56 63 26
56 64 55
56 65 17
56 67 7
56 69 34
57 2 27
57 3 38
57 4 51
57 5 14
57 7 49
57 8 12
57 9 45
57 10 68
57 11 16
57 14 24
57 17 46
57 18 6
57 20 33
57 21 41
57 22 69
57 23 28
57 25 55
57 28 44
57 30 66
57 31 58
57 33 63
57 35 3
57 39 21
57 40 4
57 41 61
57 42 18
57 43 39
57 44 1
57 46 36
57 47 52
57 50 5
57 51 48
57 55 53
57 63 62
57 64 37
57 65 11
57 67 29
57 69 50
58 2 59
58 3 19
58 4 45
58 5 63
58 6 2
58 8 3
58 11 62
58 14 9
58 17 23
58 20 55
58 21 13
58 22 57
58 23 68
58 24 7
58 25 18
58 26 25
58 28 52
58 29 66
58 30 38
58 32 67
58 34 69
58 35 31
58 36 47
58 38 24
58 39 54
58 41 11
58 46 56
58 49 8
58 50 58
58 51 64
58 52 36
58 55 32
58 59 17
58 60 28
58 62 53
58 63 60
58 64 33
58 65 20
58 68 51
58 69 27
59 4 12
59 5 28
59 7 39
59 8 27
59 9 30
59 10 62
59 11 0
59 12 54
59 13 15
59 14 14
59 16 63
59 17 38
59 20 43
59 21 34
59 24 67
59 25 59
59 26 51
59 28 5
59 30 29
59 31 20
59 32 16
59 34 47
59 37 61
59 38 7
59 39 45
59 41 13
59 42 10
59 45 64
59 46 66
59 47 68
59 48 4
59 50 48
59 51 41
59 52 69
59 53 2
59 54 9
59 55 65
59 57 50
59 58 1
59 60 40
59 64 22
59 65 42
59 66 6
59 69 24
60 0 18
60 7 41
60 9 40
60 11 12
60 13 9
60 14 36
60 15 51
60 16 28
60 17 5
60 19 8
60 20 57
60 21 61
60 23 62
60 24 21
60 25 11
60 26 3
60 27 58
60 28 1
60 30 34
60 32 7
60 35 47
60 38 48
60 40 46
60 41 45
60 42 4
60 43 10
60 44 68
60 45 0
60 47 55
60 51 50
60 53 56
60 55 60
60 59 66
60 62 15
60 63 43
60 64 30
60 66 24
60 67 59
61 0 35
61 1 49
61 2 67
61 3 27
61 4 38
61 6 69
61 8 51
61 13 29
61 15 45
61 16 14
61 17 60
61 19 15
61 28 53
61 29 11
61 31 7
61 33 64
61 34 1
61 35 17
61 37 55
61 40 20
61 42 31
61 43 30
61 46 0
61 47 61
61 48 68
61 50 26
61 52 34
61 54 16
61 56 57
61 57 5
61 58 43
61 59 44
61 60 13
61 62 21
61 63 2
61 64 23
61 68 19
61 69 32
62 0 21
62 1 44
62 4 42
62 5 47
62 6 52
62 7 25
62 9 26
62 12 35
62 15 65
62 16 36
62 19 60
62 20 54
62 22 9
62 23 69
62 24 20
62 25 22
62 26 17
62 27 2
62 28 6
62 32 12
62 33 37
62 34 30
62 36 50
62 37 11
62 38 32
62 40 39
62 41 18
62 42 68
62 43 61
62 44 13
62 52 1
62 53 58
62 54 38
62 61 8
62 62 57
62 64 3
62 65 15
62 66 31
62 68 29
63 1 54
63 7 66
63 9 24
63 10 43
63 11 64
63 12 7
63 13 49
63 15 11
63 19 33
63 23 1
63 27 39
63 28 40
63 29 38
63 30 60
63 31 10
63 32 30
63 33 19
63 35 9
63 36 62
63 37 17
63 38 22
63 41 53
63 43 63
63 44 47
63 45 67
63 46 2
63 47 48
63 48 46
63 50 34
63 51 44
63 52 31
63 53 13
63 54 5
63 56 50
63 58 23
63 59 65
63 61 56
63 63 61
63 64 8
63 65 28
63 68 69
63 69 35
64 2 45
64 3 11
64 5 43
64 8 63
64 10 60
64 14 48
64 15 20
64 17 1
64 18 13
64 21 33
64 23 49
64 24 3
64 26 32
64 27 19
64 28 56
64 29 25
64 30 21
64 32 46
64 37 68
64 38 34
64 44 8
64 46 29
64 47 53
64 52 61
64 53 55
64 54 47
64 55 12
64 56 66
64 57 23
64 60 6
64 63 64
64 64 42
64 67 44
64 68 2
64 69 58
65 0 4
65 2 44
65 3 25
65 5 41
65 7 36
65 8 47
65 9 61
65 10 27
65 11 9
65 14 18
65 15 69
65 17 52
65 18 39
65 20 56
65 21 3
65 22 60
65 23 0
65 24 38
65 25 8
65 26 14
65 27 31
65 28 66
65 30 22
65 31 40
65 32 5
65 33 33
65 34 24
65 35 68
65 36 10
65 37 13
65 38 42
65 39 62
65 40 17
65 41 20
65 44 46
65 45 37
65 47 32
65 48 21
65 49 58
65 50 64
65 52 19
65 53 67
65 54 45
65 56 53
65 57 51
65 58 16
65 61 43
65 62 59
65 63 30
65 64 63
65 65 6
65 66 23
65 67 57
65 69 2
66 1 68
66 4 27
66 6 42
66 8 48
66 9 23
66 10 26
66 11 54
66 13 52
66 15 15
66 16 60
66 17 2
66 19 45
66 22 39
66 23 61
66 24 63
66 25 7
66 28 67
66 29 0
66 30 16
66 32 3
66 33 53
66 34 4
66 40 51
66 41 46
66 42 40
66 43 8
66 45 36
66 51 30
66 53 19
66 55 47
66 58 22
66 59 18
66 60 38
66 61 41
66 64 57
66 65 49
66 66 21
66 67 17
66 69 11
67 0 46
67 2 1
67 3 36
67 5 38
67 6 37
67 7 57
67 8 60
67 9 62
67 10 8
67 11 5
67 12 68
67 14 2
67 16 67
67 18 55
67 20 30
67 21 54
67 22 0
67 25 33
67 26 58
67 27 40
67 28 27
67 29 10
67 34 19
67 35 45
67 39 24
67 40 3
67 41 35
67 42 28
67 43 66
67 47 4
67 48 32
67 50 18
67 55 23
67 56 61
67 57 22
67 59 26
67 61 11
67 62 50
67 64 48
67 69 20
68 1 13
68 2 26
68 7 58
68 8 56
68 9 60
68 10 41
68 11 50
68 13 23
68 14 29
68 16 8
68 17 42
68 18 45
68 20 34
68 22 44
68 23 46
68 24 11
68 25 39
68 26 63
68 32 20
68 34 3
68 35 59
68 38 36
68 39 66
68 41 67
68 42 47
68 44 19
68 45 38
68 46 10
68 47 28
68 48 54
68 49 64
68 50 62
68 51 31
68 52 6
68 53 65
68 54 33
68 56 48
68 58 27
68 61 61
68 62 55
68 68 21
68 69 51
69 0 61
69 1 9
69 3 54
69 4 60
69 7 46
69 9 32
69 10 64
69 11 25
69 12 10
69 13 34
69 15 68
69 16 42
69 17 6
69 19 41
69 21 17
69 23 47
69 25 2
69 26 39
69 28 15
69 30 53
69 32 49
69 33 62
69 36 40
69 40 38
69 42 8
69 43 19
69 45 44
69 46 18
69 48 48
69 51 13
69 52 29
69 54 63
69 57 11
69 58 66
69 60 27
69 62 51
69 63 1
69 64 0
69 65 36
69 66 65
69 67 4
