60
0 3 23
0 4 58
0 5 8
0 6 22
0 8 42
0 9 38
0 13 52
0 18 40
0 19 17
0 22 59
0 27 34
0 41 10
0 45 14
0 46 29
0 48 21
0 49 11
0 52 4
0 53 54
1 11 24
1 15 30
1 20 6
1 21 20
1 25 45
1 26 39
1 27 1
1 28 21
1 32 18
1 33 11
1 39 16
1 52 56
1 56 27
1 58 9
1 59 7
2 1 41
2 2 31
2 4 0
2 11 27
2 28 47
2 35 40
2 41 33
2 47 7
2 49 9
2 52 44
2 55 29
2 56 15
3 0 6
3 5 13
3 11 41
3 12 57
3 17 43
3 20 49
3 24 59
3 28 37
3 29 8
3 32 23
3 36 45
3 40 56
3 45 53
3 49 21
3 50 48
3 51 27
3 53 11
4 2 27
4 3 25
4 5 28
4 6 18
4 7 20
4 13 33
4 15 0
4 17 11
4 24 2
4 38 5
4 40 29
4 41 54
4 49 51
4 50 10
4 51 55
4 52 52
4 54 17
4 57 4
4 58 21
5 1 53
5 8 1
5 9 47
5 16 23
5 20 7
5 22 27
5 40 50
5 43 4
5 44 57
5 48 41
5 50 18
5 51 21
5 54 58
5 57 31
5 58 54
6 0 7
6 1 58
6 7 14
6 9 5
6 16 47
6 20 43
6 25 0
6 26 26
6 27 32
6 28 12
6 29 53
6 31 13
6 32 48
6 33 44
6 34 8
6 38 6
6 39 1
6 45 15
6 51 35
6 54 45
6 56 41
6 58 36
7 1 59
7 10 51
7 11 52
7 14 0
7 20 33
7 22 7
7 23 19
7 24 56
7 30 37
7 31 41
7 33 30
7 38 21
7 42 39
7 43 12
7 50 45
7 53 27
7 54 10
7 56 49
7 57 34
8 4 21
8 7 39
8 8 46
8 9 18
8 10 35
8 15 31
8 24 6
8 28 25
8 29 13
8 39 0
8 40 36
8 42 28
8 44 22
8 46 56
8 48 55
8 50 37
8 53 24
8 54 1
8 58 4
8 59 40
9 0 19
9 1 56
9 5 54
9 6 45
9 7 13
9 17 46
9 18 20
9 23 12
9 24 49
9 25 16
9 28 34
9 29 36
9 32 3
9 33 37
9 34 28
9 35 44
9 36 17
9 41 18
9 44 53
9 46 9
9 47 11
9 52 15
10 0 40
10 3 34
10 23 9
10 25 37
10 31 49
10 34 56
10 38 4
10 41 38
10 43 46
10 44 33
10 46 48
10 48 54
10 54 28
10 56 35
11 4 9
11 5 51
11 6 59
11 9 3
11 11 13
11 19 50
11 21 29
11 30 36
11 41 5
11 44 55
11 47 33
11 51 41
11 54 16
11 55 6
12 0 52
12 2 9
12 7 31
12 18 26
12 22 29
12 24 57
12 26 37
12 27 44
12 28 11
12 30 56
12 36 34
12 37 40
12 40 49
12 43 6
12 47 45
12 48 4
12 50 35
12 53 36
12 55 39
12 58 38
13 1 12
13 10 32
13 13 27
13 14 56
13 16 35
13 17 51
13 26 9
13 29 19
13 30 18
13 31 59
13 36 2
13 55 1
13 57 53
14 4 33
14 10 10
14 14 43
14 17 22
14 18 0
14 19 3
14 20 23
14 25 31
14 26 41
14 28 45
14 31 27
14 33 56
14 37 1
14 42 50
14 44 2
14 46 12
14 56 46
14 57 8
14 58 5
15 1 6
15 7 35
15 9 56
15 12 10
15 16 11
15 20 12
15 25 8
15 31 21
15 32 7
15 35 4
15 36 9
15 40 33
15 42 2
15 43 47
15 44 54
15 47 24
15 51 16
15 53 13
15 54 53
15 55 58
15 58 46
16 8 5
16 10 37
16 11 6
16 13 2
16 15 49
16 16 3
16 17 54
16 21 32
16 26 29
16 30 57
16 32 4
16 33 23
16 34 18
16 35 11
16 36 39
16 37 53
16 38 15
16 41 16
16 44 19
16 47 10
16 53 8
16 56 7
16 59 26
17 11 47
17 12 9
17 21 12
17 22 4
17 23 32
17 24 26
17 27 20
17 31 23
17 41 42
17 42 13
17 43 45
17 45 6
17 51 44
17 55 8
17 59 3
18 1 42
18 2 59
18 12 32
18 19 46
18 21 57
18 23 55
18 24 30
18 27 22
18 29 25
18 33 53
18 41 40
18 44 48
18 46 54
18 50 1
18 52 10
18 53 19
18 54 39
18 55 4
18 57 14
18 58 11
18 59 21
19 0 35
19 5 1
19 6 16
19 8 10
19 10 42
19 13 41
19 17 6
19 18 44
19 20 3
19 21 38
19 25 24
19 28 55
19 31 5
19 34 0
19 40 4
19 41 27
19 47 37
19 48 48
19 53 56
19 54 59
19 56 2
19 59 47
20 0 2
20 3 14
20 4 10
20 7 23
20 8 56
20 9 36
20 12 59
20 18 34
20 19 15
20 22 58
20 23 49
20 29 42
20 30 48
20 32 33
20 41 25
20 46 4
20 48 38
20 52 6
20 57 37
20 58 16
21 0 30
21 3 15
21 12 43
21 13 51
21 16 29
21 18 14
21 19 19
21 22 28
21 23 4
21 26 35
21 29 9
21 33 5
21 34 44
21 35 27
21 36 24
21 38 58
21 44 17
21 45 8
21 57 45
21 58 12
22 3 27
22 5 24
22 8 7
22 13 38
22 14 37
22 15 41
22 22 5
22 25 20
22 29 12
22 33 6
22 35 9
22 38 19
22 40 0
22 41 56
22 45 39
22 46 58
22 49 26
22 51 18
22 52 22
23 1 16
23 5 42
23 9 8
23 13 30
23 22 40
23 23 5
23 24 34
23 28 54
23 32 25
23 33 31
23 43 59
24 2 0
24 3 56
24 6 8
24 8 17
24 12 13
24 18 22
24 23 50
24 26 2
24 29 27
24 30 38
24 32 42
24 38 43
24 42 12
24 46 21
24 51 6
24 57 29
25 0 37
25 3 22
25 9 27
25 13 9
25 15 56
25 17 29
25 21 14
25 24 42
25 28 44
25 30 1
25 31 58
25 42 21
25 43 48
25 49 20
25 51 2
25 54 36
25 56 51
26 1 48
26 3 59
26 4 36
26 6 9
26 10 25
26 11 16
26 13 4
26 14 54
26 18 45
26 19 26
26 20 56
26 24 44
26 36 38
26 37 58
26 38 13
26 39 47
26 40 31
26 42 3
26 47 30
26 49 53
26 54 35
26 57 15
27 1 13
27 8 36
27 12 27
27 13 42
27 14 49
27 31 31
27 35 35
27 49 50
27 51 38
27 52 0
27 55 19
27 57 20
27 59 15
28 5 32
28 14 5
28 16 6
28 18 33
28 19 35
28 21 24
28 22 51
28 24 58
28 25 38
28 28 19
28 29 39
28 30 22
28 33 7
28 34 57
28 41 2
28 43 3
28 45 44
28 46 42
28 49 27
29 5 49
29 7 41
29 16 24
29 17 21
29 18 46
29 22 0
29 24 13
29 27 35
29 33 59
29 40 39
29 42 56
29 46 16
29 50 38
29 51 53
29 52 19
29 59 36
30 1 9
30 2 21
30 3 8
30 4 42
30 7 45
30 11 43
30 12 12
30 16 31
30 18 1
30 19 11
30 22 49
30 24 16
30 25 32
30 27 36
30 30 55
30 32 39
30 33 14
30 37 37
30 39 38
30 40 48
30 41 41
30 42 20
30 49 7
30 52 3
30 53 57
30 54 4
30 55 59
30 59 54
31 1 4
31 2 13
31 6 5
31 11 2
31 13 47
31 16 42
31 20 39
31 24 37
31 26 3
31 32 54
31 39 12
31 45 11
31 51 32
32 4 16
32 6 3
32 8 55
32 14 40
32 16 39
32 17 23
32 20 20
32 25 21
32 36 6
32 40 9
32 41 34
32 49 14
32 53 12
32 54 54
32 58 35
33 0 44
33 3 16
33 7 33
33 9 55
33 10 1
33 12 6
33 15 58
33 17 7
33 26 0
33 28 40
33 37 20
33 45 12
33 46 13
33 49 3
33 52 11
33 54 19
33 55 45
33 56 53
33 57 24
33 58 27
34 0 39
34 1 33
34 5 30
34 7 7
34 9 28
34 10 20
34 12 50
34 15 1
34 19 56
34 21 26
34 25 49
34 30 27
34 37 6
34 39 45
34 41 55
34 43 16
34 48 36
34 55 14
34 57 11
35 1 0
35 12 2
35 17 39
35 18 30
35 21 11
35 23 56
35 27 3
35 33 24
35 38 45
35 43 17
35 47 50
35 49 12
35 56 25
36 4 23
36 5 56
36 15 32
36 17 27
36 19 13
36 23 3
36 27 29
36 30 31
36 33 4
36 35 0
36 40 17
36 43 58
36 46 46
36 49 18
36 50 52
36 52 7
36 54 34
36 58 26
37 6 34
37 9 1
37 10 6
37 12 0
37 16 12
37 18 2
37 19 31
37 22 32
37 26 4
37 30 33
37 36 8
37 38 9
37 39 28
37 43 49
37 49 17
37 50 25
37 53 26
37 59 30
38 2 23
38 4 49
38 7 25
38 10 3
38 11 51
38 16 0
38 18 13
38 21 9
38 24 31
38 26 42
38 27 4
38 28 14
38 31 34
38 32 15
38 35 53
38 36 18
38 40 32
38 46 43
38 49 58
38 50 11
38 58 41
39 0 32
39 3 47
39 6 1
39 16 56
39 24 55
39 26 8
39 30 49
39 31 44
39 33 38
39 34 3
39 35 10
39 36 7
39 39 19
39 44 29
39 45 20
39 46 41
39 48 50
39 56 5
39 59 9
40 5 43
40 6 55
40 9 50
40 14 21
40 15 20
40 17 18
40 24 39
40 32 22
40 34 1
40 37 44
40 42 52
40 43 13
40 46 45
40 51 36
40 52 16
40 56 48
41 0 1
41 2 19
41 4 34
41 7 9
41 8 2
41 9 30
41 13 18
41 28 7
41 33 49
41 35 48
41 44 47
41 46 27
41 49 46
41 56 23
42 2 15
42 3 51
42 6 32
42 10 18
42 16 17
42 17 49
42 27 10
42 29 57
42 30 13
42 36 14
42 37 23
42 44 4
42 50 31
42 57 58
42 58 37
42 59 29
43 0 56
43 3 3
43 8 24
43 22 38
43 24 47
43 26 36
43 29 11
43 30 8
43 35 26
43 38 41
43 43 42
43 47 20
43 54 49
43 55 9
43 56 40
44 0 43
44 1 15
44 2 41
44 3 37
44 4 31
44 5 29
44 7 47
44 16 30
44 20 22
44 21 54
44 22 17
44 27 6
44 28 59
44 30 3
44 32 27
44 34 52
44 35 13
44 40 12
44 48 2
44 53 0
44 56 57
44 57 21
45 1 51
45 3 13
45 4 48
45 6 49
45 9 26
45 10 58
45 12 24
45 18 11
45 23 36
45 25 40
45 26 6
45 27 16
45 30 30
45 34 9
45 35 39
45 38 7
45 40 5
45 41 44
45 42 4
45 46 0
45 53 46
45 54 12
45 56 8
45 57 47
46 0 16
46 8 14
46 10 19
46 14 48
46 17 17
46 21 3
46 24 43
46 25 7
46 27 46
46 37 27
46 40 1
46 41 45
46 44 12
46 53 32
46 55 15
46 58 49
46 59 42
47 0 46
47 3 21
47 5 37
47 6 41
47 7 10
47 10 12
47 18 35
47 23 47
47 26 16
47 33 51
47 43 31
47 52 42
47 53 2
48 7 52
48 9 44
48 10 14
48 13 45
48 15 13
48 18 3
48 23 33
48 25 19
48 27 12
48 28 57
48 29 56
48 32 58
48 37 4
48 39 18
48 40 8
48 42 34
48 47 32
48 51 15
48 55 28
48 58 53
49 8 49
49 13 23
49 15 59
49 19 39
49 21 36
49 25 56
49 29 22
49 31 25
49 34 42
49 35 12
49 37 55
49 42 47
49 44 37
49 45 3
49 49 28
49 51 19
49 57 32
50 3 7
50 9 12
50 15 29
50 17 5
50 21 4
50 22 41
50 26 24
50 29 44
50 30 17
50 34 33
50 42 23
50 43 9
50 47 51
50 48 13
50 49 32
50 52 48
50 53 53
50 55 37
50 56 36
50 58 3
51 2 42
51 6 33
51 10 21
51 12 52
51 13 3
51 14 57
51 17 34
51 22 22
51 26 19
51 27 51
51 29 17
51 31 32
51 32 59
51 36 30
51 39 43
51 40 7
51 41 48
51 42 16
51 43 14
51 44 6
51 46 5
51 54 8
51 56 10
51 57 40
52 0 23
52 2 40
52 3 32
52 13 44
52 14 27
52 20 26
52 22 48
52 30 45
52 34 16
52 36 0
52 40 22
52 47 29
52 48 25
52 49 42
52 51 20
52 54 33
52 55 47
53 0 48
53 3 11
53 5 7
53 10 28
53 18 18
53 26 57
53 30 47
53 44 9
53 46 6
53 53 20
53 54 44
53 55 2
54 1 38
54 3 20
54 8 50
54 12 54
54 16 7
54 19 12
54 20 4
54 24 10
54 27 49
54 32 0
54 38 2
54 39 33
54 46 19
54 49 13
54 51 59
54 52 35
55 3 0
55 6 6
55 10 8
55 11 10
55 13 13
55 14 1
55 15 3
55 17 57
55 19 49
55 20 41
55 21 22
55 23 30
55 30 26
55 31 24
55 32 46
55 37 50
55 41 47
55 42 55
55 43 39
55 51 25
55 54 2
55 57 35
56 0 41
56 1 1
56 2 3
56 3 4
56 5 10
56 8 27
56 10 9
56 12 49
56 13 16
56 14 6
56 21 21
56 24 24
56 25 42
56 27 7
56 30 34
56 31 50
56 33 36
56 35 31
56 36 43
56 37 35
56 38 11
56 41 59
56 42 0
56 47 12
56 48 51
56 49 8
56 52 5
56 54 14
56 58 23
56 59 33
57 0 20
57 1 35
57 2 28
57 6 23
57 10 46
57 15 12
57 17 38
57 18 53
57 19 57
57 31 39
57 37 25
57 38 27
57 42 11
57 53 21
58 1 17
58 7 4
58 10 59
58 13 37
58 15 14
58 18 41
58 21 2
58 22 15
58 23 58
58 26 32
58 33 13
58 34 50
58 35 42
58 38 18
58 47 48
58 58 25
59 0 13
59 2 10
59 5 12
59 8 32
59 15 57
59 16 28
59 17 56
59 23 22
59 24 50
59 43 5
59 44 40
59 47 2
59 48 39
59 50 54
59 53 7
59 58 0
59 59 16
