60
0 0 27
0 1 57
0 5 40
0 7 39
0 8 19
0 10 23
0 15 26
0 16 10
0 17 58
0 20 48
0 21 31
0 22 20
0 26 1
0 27 6
0 30 28
0 33 36
0 34 12
0 35 37
0 36 52
0 37 59
0 41 43
0 44 17
0 45 24
0 46 16
0 50 33
0 51 2
0 53 51
0 58 4
1 2 5
1 6 51
1 7 58
1 8 20
1 10 32
1 13 43
1 15 4
1 18 44
1 21 12
1 26 24
1 27 7
1 30 36
1 32 59
1 33 18
1 34 14
1 36 31
1 47 46
1 49 0
1 51 6
1 54 37
1 56 53
1 57 57
2 0 35
2 2 48
2 5 9
2 19 39
2 20 3
2 21 38
2 23 34
2 24 4
2 29 28
2 31 53
2 33 41
2 35 19
2 36 32
2 39 6
2 40 24
2 41 20
2 44 58
2 45 23
2 52 10
2 57 44
3 1 4
3 4 26
3 7 56
3 8 48
3 9 27
3 10 24
3 12 47
3 13 49
3 15 34
3 16 19
3 17 20
3 18 32
3 19 2
3 20 38
3 21 46
3 22 37
3 23 44
3 25 52
3 26 40
3 29 22
3 30 16
3 31 13
3 33 33
3 34 55
3 35 25
3 37 11
3 39 14
3 41 5
3 43 51
3 48 18
3 49 28
3 50 29
3 51 15
3 58 53
4 1 46
4 2 58
4 4 50
4 8 57
4 10 51
4 11 52
4 15 48
4 17 43
4 25 41
4 28 24
4 29 27
4 30 47
4 31 36
4 32 13
4 36 20
4 37 9
4 40 6
4 42 19
4 44 18
4 45 4
4 48 25
4 55 23
4 57 26
4 59 33
5 0 18
5 4 42
5 5 38
5 6 41
5 9 30
5 10 29
5 11 37
5 12 7
5 13 52
5 14 27
5 16 32
5 21 1
5 22 22
5 23 17
5 25 54
5 26 14
5 29 49
5 31 12
5 36 58
5 37 31
5 41 34
5 42 21
5 43 6
5 47 56
5 51 13
5 54 59
5 56 4
5 58 48
6 0 22
6 1 29
6 4 28
6 5 57
6 6 44
6 8 12
6 12 54
6 14 59
6 22 0
6 24 17
6 25 50
6 32 14
6 35 32
6 37 3
6 41 1
6 42 37
6 45 47
6 48 19
6 56 6
6 59 13
7 1 47
7 2 53
7 3 33
7 4 59
7 11 35
7 16 36
7 20 8
7 26 21
7 30 10
7 31 26
7 33 43
7 36 49
7 39 56
7 40 4
7 44 27
7 45 18
7 47 19
7 48 40
7 52 54
7 55 58
7 56 31
7 59 44
8 1 42
8 3 38
8 6 20
8 8 41
8 10 27
8 11 32
8 14 5
8 17 33
8 19 22
8 20 23
8 21 52
8 22 31
8 28 48
8 32 2
8 33 1
8 35 12
8 37 10
8 38 46
8 39 8
8 40 58
8 47 3
8 48 43
8 49 19
8 50 36
8 51 55
8 53 54
8 54 16
8 56 24
9 1 25
9 8 17
9 11 58
9 12 30
9 14 12
9 17 54
9 18 57
9 20 52
9 21 37
9 22 7
9 23 20
9 24 53
9 31 32
9 32 34
9 33 35
9 38 50
9 41 40
9 44 29
9 46 43
9 47 55
9 51 23
9 54 4
9 56 44
9 59 48
10 0 2
10 8 27
10 10 47
10 15 14
10 21 56
10 22 55
10 24 52
10 25 12
10 26 30
10 32 54
10 34 35
10 35 58
10 38 33
10 41 19
10 49 1
10 52 0
10 53 8
10 54 29
10 58 22
10 59 24
11 7 47
11 8 30
11 10 44
11 11 8
11 12 9
11 13 34
11 17 6
11 18 29
11 19 52
11 25 28
11 28 31
11 29 20
11 32 32
11 33 5
11 35 15
11 41 51
11 42 18
11 44 57
11 46 27
11 48 39
11 51 58
11 53 41
11 55 3
11 57 54
11 58 16
12 1 6
12 2 19
12 4 17
12 5 16
12 7 18
12 9 33
12 10 13
12 11 46
12 12 59
12 13 48
12 18 24
12 19 38
12 20 25
12 21 57
12 26 7
12 27 31
12 28 20
12 30 23
12 32 51
12 34 28
12 35 9
12 43 3
12 44 14
12 45 26
12 46 41
12 48 56
12 54 15
12 56 8
12 58 32
13 8 15
13 13 0
13 14 7
13 16 13
13 17 59
13 23 24
13 26 36
13 27 42
13 30 26
13 31 19
13 32 9
13 35 33
13 36 25
13 38 52
13 39 50
13 41 30
13 47 38
13 49 4
13 53 46
13 56 18
13 57 28
13 58 21
13 59 3
14 0 5
14 2 0
14 3 27
14 5 24
14 6 16
14 7 20
14 15 17
14 18 19
14 19 34
14 20 28
14 23 7
14 24 37
14 28 52
14 33 4
14 35 8
14 36 45
14 41 35
14 42 38
14 45 6
14 47 21
14 48 59
14 53 39
15 13 28
15 19 45
15 20 47
15 23 33
15 24 48
15 25 9
15 27 27
15 28 34
15 29 25
15 30 5
15 31 49
15 37 17
15 38 31
15 45 59
15 47 54
15 48 16
15 50 21
15 53 18
15 55 35
15 56 40
15 58 10
16 3 25
16 7 32
16 10 16
16 11 45
16 12 37
16 14 31
16 18 7
16 21 59
16 24 23
16 25 10
16 26 18
16 28 8
16 32 27
16 35 17
16 36 57
16 41 42
16 44 6
16 47 47
16 51 36
16 53 33
16 59 0
17 5 46
17 6 43
17 9 48
17 13 22
17 16 9
17 18 39
17 22 30
17 23 0
17 27 56
17 28 44
17 30 57
17 34 42
17 35 49
17 36 33
17 37 32
17 38 18
17 39 5
17 40 12
17 41 15
17 43 2
17 45 55
17 46 51
17 47 8
17 48 23
17 50 14
17 58 37
18 0 34
18 5 3
18 6 46
18 9 39
18 11 1
18 12 2
18 13 41
18 18 36
18 19 57
18 21 10
18 23 9
18 24 16
18 28 45
18 30 53
18 33 25
18 34 54
18 35 59
18 38 6
18 39 32
18 45 8
18 47 5
18 48 33
18 49 20
18 51 7
18 52 52
18 53 55
18 57 4
18 58 23
18 59 28
19 0 28
19 1 56
19 2 23
19 5 20
19 8 26
19 12 17
19 15 10
19 20 32
19 24 34
19 27 0
19 30 35
19 31 3
19 38 5
19 45 27
19 48 24
19 49 38
19 50 4
19 51 57
19 54 42
19 55 15
19 58 52
20 0 49
20 5 27
20 9 51
20 10 39
20 13 24
20 17 46
20 18 12
20 24 56
20 25 15
20 27 32
20 29 33
20 30 4
20 31 25
20 32 45
20 36 42
20 40 55
20 44 8
20 46 2
20 47 59
20 50 9
20 52 35
20 55 37
20 56 3
20 58 31
20 59 22
21 0 0
21 8 1
21 12 27
21 16 38
21 17 5
21 23 26
21 24 19
21 29 2
21 30 11
21 32 22
21 35 7
21 38 45
21 41 17
21 44 15
21 51 59
21 55 40
21 57 32
21 59 21
22 1 24
22 2 14
22 6 13
22 9 8
22 11 34
22 12 56
22 13 19
22 16 39
22 22 44
22 23 41
22 29 4
22 30 54
22 31 18
22 32 42
22 34 17
22 35 28
22 36 40
22 39 52
22 44 26
22 46 9
22 48 49
22 50 57
22 52 37
23 1 48
23 2 46
23 4 38
23 5 11
23 9 5
23 13 50
23 18 1
23 20 17
23 23 59
23 24 54
23 26 51
23 28 9
23 30 43
23 36 10
23 37 53
23 39 24
23 40 19
23 41 28
23 43 52
23 46 40
23 49 45
23 51 21
23 52 32
23 53 0
23 55 2
23 57 55
23 58 13
23 59 29
24 0 58
24 1 11
24 4 54
24 6 21
24 7 22
24 9 38
24 19 26
24 20 45
24 25 57
24 26 49
24 28 47
24 35 23
24 38 17
24 39 37
24 51 16
24 52 51
24 55 48
24 56 25
25 4 23
25 5 41
25 6 7
25 7 46
25 9 18
25 12 6
25 16 8
25 23 27
25 28 19
25 30 29
25 31 33
25 32 48
25 33 37
25 35 26
25 36 43
25 37 5
25 39 34
25 45 40
25 48 55
25 54 17
26 0 17
26 5 29
26 10 8
26 12 26
26 15 46
26 19 44
26 20 30
26 21 45
26 24 42
26 25 20
26 27 5
26 28 23
26 30 49
26 31 28
26 35 50
26 36 2
26 37 25
26 40 3
26 42 54
26 46 53
26 48 51
26 49 14
26 52 34
26 57 27
26 59 1
27 0 11
27 3 53
27 4 33
27 8 16
27 11 6
27 13 7
27 14 44
27 17 1
27 26 45
27 29 35
27 33 59
27 36 13
27 38 38
27 39 41
27 40 48
27 44 51
27 45 2
27 46 10
27 47 58
27 48 32
27 51 50
28 3 23
28 6 37
28 13 9
28 14 29
28 15 11
28 20 20
28 21 16
28 22 49
28 29 0
28 30 46
28 31 40
28 32 56
28 33 13
28 34 27
28 35 45
28 36 51
28 40 14
28 41 33
28 42 59
28 44 50
28 46 35
28 49 15
28 50 52
28 51 12
28 54 24
28 55 17
28 59 2
29 1 30
29 2 50
29 3 8
29 7 38
29 11 23
29 14 20
29 16 28
29 18 6
29 19 59
29 21 17
29 24 58
29 26 4
29 32 16
29 34 3
29 38 14
29 40 36
29 41 48
29 42 56
29 44 24
29 48 7
29 51 18
29 53 9
29 54 11
30 1 17
30 3 3
30 4 20
30 5 6
30 6 29
30 8 44
30 9 36
30 11 21
30 18 31
30 21 30
30 27 37
30 29 59
30 30 55
30 31 16
30 33 10
30 38 19
30 41 24
30 42 57
30 45 51
30 47 26
30 51 49
30 52 42
30 55 5
30 59 34
31 2 22
31 4 58
31 5 25
31 7 21
31 8 13
31 9 57
31 11 59
31 12 38
31 13 32
31 14 16
31 17 3
31 22 15
31 23 37
31 24 28
31 25 56
31 27 43
31 30 33
31 32 4
31 35 0
31 36 23
31 37 35
31 38 20
31 39 49
31 43 18
31 44 1
31 46 55
31 48 6
31 52 31
31 53 42
31 55 24
31 56 30
31 58 45
32 0 14
32 1 0
32 2 1
32 5 12
32 6 34
32 7 53
32 9 56
32 13 23
32 15 28
32 16 20
32 17 49
32 18 30
32 30 8
32 31 29
32 33 51
32 34 59
32 37 15
32 39 57
32 43 7
32 47 33
32 50 5
33 0 42
33 3 41
33 6 52
33 10 35
33 13 47
33 15 13
33 20 24
33 28 7
33 31 21
33 37 51
33 43 23
33 44 10
33 45 9
33 50 20
33 52 49
33 53 48
34 0 54
34 1 35
34 2 20
34 3 15
34 4 45
34 8 42
34 10 0
34 12 49
34 13 26
34 14 13
34 15 29
34 17 17
34 21 6
34 24 55
34 26 48
34 27 23
34 29 56
34 30 2
34 34 1
34 39 25
34 40 44
34 41 9
34 42 51
34 45 16
34 51 10
34 52 18
34 55 32
34 58 39
34 59 19
35 0 10
35 2 30
35 4 39
35 10 43
35 11 57
35 15 53
35 18 54
35 20 49
35 22 13
35 31 59
35 39 28
35 40 16
35 45 50
35 46 33
35 52 40
35 53 17
35 56 5
35 58 19
35 59 11
36 1 59
36 3 14
36 6 5
36 7 9
36 8 24
36 9 2
36 10 11
36 12 31
36 13 25
36 16 1
36 18 53
36 21 51
36 24 8
36 29 12
36 30 37
36 31 0
36 38 54
36 44 3
36 45 33
36 52 6
36 54 43
36 55 22
36 56 26
36 57 7
37 2 31
37 5 10
37 7 28
37 16 35
37 17 42
37 18 26
37 30 15
37 31 6
37 33 57
37 35 13
37 37 16
37 38 58
37 45 44
37 47 14
37 50 46
37 52 12
37 58 36
38 4 24
38 5 1
38 6 50
38 8 9
38 11 48
38 14 28
38 17 57
38 20 54
38 21 35
38 26 16
38 29 58
38 31 4
38 33 11
38 34 29
38 35 5
38 39 53
38 40 30
38 41 26
38 44 22
38 45 12
38 46 20
38 47 40
38 52 36
38 56 39
39 0 24
39 1 19
39 2 55
39 6 59
39 7 7
39 8 32
39 9 23
39 12 14
39 14 51
39 16 12
39 17 30
39 18 16
39 20 40
39 21 44
39 28 28
39 29 15
39 30 52
39 32 31
39 35 53
39 36 18
39 37 26
39 41 39
39 42 27
39 43 22
39 46 50
39 51 5
39 52 41
39 58 38
39 59 42
40 1 31
40 4 51
40 5 54
40 6 25
40 7 29
40 8 5
40 9 49
40 10 12
40 11 22
40 14 55
40 15 7
40 17 8
40 19 56
40 30 18
40 32 52
40 33 44
40 34 45
40 35 38
40 37 58
40 38 40
40 39 4
40 41 23
40 43 15
40 45 11
40 47 9
40 49 39
40 51 41
40 54 47
40 55 1
40 57 48
40 58 42
41 1 10
41 3 35
41 4 46
41 5 34
41 6 12
41 7 59
41 9 54
41 12 20
41 16 11
41 17 38
41 18 56
41 19 51
41 21 40
41 24 15
41 26 32
41 31 31
41 37 2
41 43 48
41 44 36
41 45 1
41 51 19
41 53 49
41 54 45
41 55 26
41 57 47
42 0 53
42 3 52
42 6 35
42 10 42
42 12 51
42 13 6
42 16 41
42 20 59
42 21 47
42 25 38
42 31 5
42 38 2
42 40 50
42 45 17
42 52 20
43 0 23
43 4 56
43 9 25
43 12 58
43 13 36
43 14 26
43 16 59
43 19 19
43 29 52
43 31 57
43 34 5
43 35 35
43 37 33
43 38 41
43 39 18
43 40 54
43 41 0
43 46 28
43 47 13
43 49 40
43 54 39
43 58 43
44 0 20
44 1 40
44 3 13
44 4 12
44 8 54
44 11 19
44 14 3
44 15 58
44 16 34
44 22 29
44 23 42
44 24 31
44 26 43
44 27 59
44 33 27
44 38 23
44 40 32
44 41 10
44 42 5
44 46 8
44 47 0
44 48 30
44 50 37
44 55 57
44 58 24
45 2 13
45 6 22
45 7 25
45 9 15
45 10 4
45 14 9
45 16 37
45 17 56
45 18 21
45 20 57
45 22 35
45 23 51
45 24 6
45 26 29
45 27 53
45 28 12
45 29 47
45 32 49
45 37 30
45 41 38
45 43 16
45 45 10
45 46 19
45 48 1
45 49 44
45 50 40
45 54 33
45 55 34
46 0 16
46 2 52
46 6 33
46 7 24
46 11 12
46 12 25
46 13 27
46 15 47
46 18 41
46 19 17
46 20 0
46 23 35
46 27 3
46 29 36
46 31 1
46 35 51
46 42 42
46 43 46
46 45 57
46 47 18
46 48 21
46 50 50
46 52 56
46 53 44
46 55 28
46 56 48
46 57 15
46 58 59
46 59 32
47 0 33
47 4 36
47 5 35
47 10 18
47 12 52
47 13 59
47 16 2
47 18 23
47 21 9
47 25 14
47 26 26
47 31 55
47 33 42
47 35 57
47 39 40
47 40 11
47 41 54
47 44 13
47 45 43
47 46 22
47 49 51
47 51 56
47 52 15
47 53 28
47 55 31
47 56 49
48 14 10
48 17 7
48 18 11
48 21 34
48 24 14
48 26 6
48 29 23
48 30 48
48 34 9
48 37 27
48 40 1
48 42 44
48 44 12
48 45 53
48 49 32
48 52 59
48 53 26
48 54 55
48 55 16
49 5 45
49 9 28
49 15 2
49 20 51
49 21 7
49 25 11
49 26 31
49 31 17
49 33 9
49 36 59
49 39 26
49 40 5
49 42 13
49 44 40
49 45 22
49 48 36
49 50 54
49 51 27
49 54 23
49 57 20
49 58 30
50 0 59
50 8 58
50 10 40
50 12 45
50 13 13
50 14 8
50 15 20
50 19 10
50 21 28
50 22 12
50 23 11
50 24 41
50 25 19
50 26 15
50 27 46
50 33 55
50 38 1
50 39 23
50 40 38
50 41 27
50 46 36
50 48 17
50 51 25
50 53 6
50 56 32
51 1 55
51 4 0
51 6 19
51 10 5
51 13 18
51 20 50
51 22 26
51 27 52
51 28 16
51 30 45
51 32 3
51 33 54
51 35 22
51 36 27
51 38 47
51 41 37
51 43 12
51 44 33
51 46 17
51 48 4
51 50 31
51 52 2
51 58 1
52 2 47
52 3 59
52 12 4
52 14 11
52 15 54
52 17 23
52 18 3
52 19 46
52 20 29
52 23 43
52 25 45
52 26 42
52 27 49
52 31 41
52 32 36
52 33 22
52 34 48
52 38 57
52 40 20
52 41 14
52 42 24
52 45 7
52 55 25
52 57 1
53 3 37
53 7 6
53 13 56
53 16 17
53 17 34
53 24 27
53 27 38
53 30 51
53 32 24
53 36 1
53 37 40
53 42 39
53 43 55
53 44 52
53 47 48
53 55 19
53 59 54
54 1 51
54 3 30
54 4 19
54 5 59
54 6 53
54 7 1
54 8 0
54 11 39
54 14 38
54 15 22
54 17 24
54 19 54
54 22 52
54 23 12
54 26 41
54 27 26
54 30 14
54 31 56
54 32 20
54 34 6
54 35 31
54 37 7
54 38 43
54 39 47
54 40 28
54 41 16
54 42 11
54 43 33
54 45 5
54 50 35
54 51 44
54 55 21
54 58 50
54 59 58
55 1 22
55 2 4
55 5 19
55 6 30
55 7 54
55 10 49
55 17 26
55 19 27
55 21 39
55 22 9
55 24 18
55 25 6
55 26 50
55 29 1
55 30 56
55 32 43
55 33 40
55 43 31
55 45 21
55 49 17
55 50 24
55 52 48
55 54 13
55 58 15
56 0 55
56 4 14
56 7 13
56 8 2
56 9 12
56 16 52
56 17 27
56 23 30
56 27 17
56 29 45
56 30 50
56 31 22
56 33 3
56 34 58
56 35 40
56 36 54
56 40 21
56 45 41
56 49 26
56 57 46
56 59 57
57 0 15
57 1 3
57 3 5
57 4 48
57 6 42
57 7 4
57 9 35
57 11 27
57 12 10
57 13 14
57 16 7
57 17 18
57 19 12
57 20 1
57 22 34
57 24 22
57 26 52
57 30 6
57 31 24
57 32 33
57 34 50
57 36 37
57 38 26
57 40 43
57 41 53
57 42 29
57 44 56
57 46 46
57 48 45
57 49 58
57 52 9
57 53 30
57 55 59
57 56 57
57 57 17
57 59 39
58 4 21
58 12 22
58 15 18
58 16 53
58 17 50
58 20 58
58 21 19
58 22 6
58 24 46
58 27 39
58 30 27
58 34 44
58 41 8
58 42 16
58 48 11
58 50 15
58 53 23
58 54 54
58 56 2
58 59 9
59 1 15
59 4 11
59 6 36
59 12 19
59 14 33
59 15 56
59 16 14
59 17 2
59 19 29
59 21 27
59 23 18
59 24 30
59 34 39
59 37 50
59 38 53
59 39 51
59 41 41
59 42 34
59 44 23
59 46 47
59 49 9
59 52 4
59 53 24
59 54 3
59 58 17
