60
0 0 8
0 2 5
0 3 20
0 4 12
0 5 33
0 7 54
0 9 9
0 11 59
0 16 17
0 17 16
0 18 22
0 19 23
0 22 31
0 24 49
0 26 34
0 28 29
0 33 45
0 35 51
0 36 30
0 38 7
0 40 3
0 45 21
0 48 57
0 49 53
0 51 37
0 53 52
0 56 39
1 1 2
1 2 16
1 3 42
1 4 35
1 5 44
1 6 1
1 8 6
1 9 48
1 10 20
1 12 22
1 13 19
1 14 7
1 18 5
1 19 50
1 20 54
1 25 59
1 26 4
1 28 41
1 30 21
1 34 0
1 39 57
1 40 9
1 41 12
1 43 23
1 44 32
1 45 17
1 46 38
1 49 58
1 51 34
1 53 25
1 55 52
1 56 3
1 57 36
2 0 45
2 1 37
2 2 13
2 5 51
2 6 36
2 8 1
2 9 0
2 10 27
2 14 11
2 17 19
2 21 18
2 24 34
2 26 3
2 29 25
2 32 17
2 34 46
2 40 22
2 42 31
2 43 50
2 44 14
2 45 49
2 46 59
2 47 39
2 48 32
2 53 58
2 54 41
2 55 21
2 57 33
2 59 7
3 0 17
3 3 56
3 4 21
3 10 22
3 11 20
3 13 53
3 14 57
3 15 39
3 16 43
3 17 12
3 18 14
3 19 30
3 25 42
3 26 41
3 28 46
3 38 59
3 39 19
3 40 24
3 41 37
3 42 44
3 43 52
3 44 35
3 45 25
3 46 33
3 47 31
3 49 15
3 50 3
3 52 1
3 54 4
3 58 18
4 0 16
4 2 14
4 7 41
4 8 37
4 9 13
4 10 47
4 11 15
4 13 44
4 14 51
4 15 59
4 18 53
4 20 12
4 21 45
4 26 50
4 27 26
4 28 56
4 31 24
4 33 25
4 40 31
4 47 55
4 51 57
4 53 11
4 54 58
4 57 17
4 58 33
5 3 31
5 4 37
5 12 42
5 14 24
5 15 7
5 16 52
5 18 56
5 19 15
5 23 2
5 27 32
5 32 12
5 33 43
5 34 23
5 35 55
5 37 34
5 38 10
5 39 30
5 41 49
5 43 54
5 44 19
5 46 45
5 47 17
5 49 59
5 50 20
5 52 0
5 53 1
5 54 50
5 55 53
5 57 57
6 0 2
6 1 21
6 3 30
6 5 16
6 7 39
6 10 15
6 14 33
6 20 14
6 28 40
6 29 48
6 33 56
6 34 8
6 35 4
6 37 45
6 38 43
6 39 54
6 42 26
6 43 41
6 48 24
6 49 19
6 50 46
6 53 0
6 54 34
6 59 9
7 1 49
7 7 7
7 11 36
7 12 6
7 13 50
7 16 54
7 18 46
7 20 32
7 21 21
7 22 53
7 25 24
7 26 35
7 29 59
7 30 38
7 33 47
7 34 13
7 35 30
7 36 39
7 37 20
7 39 2
7 41 52
7 43 22
7 44 57
7 45 51
7 48 10
7 49 9
7 50 12
7 53 45
7 56 44
7 57 48
7 58 56
7 59 8
8 0 20
8 1 22
8 3 46
8 4 42
8 5 35
8 9 6
8 10 1
8 17 53
8 18 28
8 19 55
8 20 50
8 21 11
8 22 34
8 23 30
8 25 10
8 26 8
8 28 57
8 29 29
8 37 7
8 38 39
8 39 27
8 40 58
8 42 19
8 43 26
8 44 25
8 45 52
8 47 9
8 50 43
8 53 2
8 54 45
8 57 59
8 58 3
9 0 10
9 3 38
9 4 19
9 5 48
9 6 55
9 7 23
9 10 44
9 13 35
9 14 29
9 15 21
9 19 39
9 20 30
9 23 17
9 26 33
9 28 16
9 30 51
9 31 2
9 32 27
9 34 32
9 35 52
9 37 54
9 42 49
9 43 56
9 44 7
9 45 6
9 49 25
9 51 12
9 52 13
9 53 3
9 57 47
9 58 20
9 59 37
10 0 23
10 2 3
10 3 59
10 4 15
10 5 29
10 6 14
10 7 47
10 8 22
10 9 11
10 10 4
10 11 30
10 14 50
10 16 58
10 18 43
10 24 53
10 25 9
10 26 36
10 28 28
10 30 49
10 31 26
10 32 31
10 34 45
10 41 0
10 47 54
10 49 5
10 57 16
11 0 0
11 1 42
11 2 52
11 3 22
11 4 45
11 5 56
11 6 37
11 7 12
11 12 43
11 17 13
11 19 27
11 20 3
11 21 54
11 22 25
11 24 29
11 25 11
11 27 10
11 28 19
11 31 48
11 38 14
11 40 46
11 42 28
11 44 21
11 46 20
11 48 49
11 50 23
11 51 38
11 52 31
11 54 44
11 55 57
12 4 32
12 7 43
12 9 38
12 14 53
12 15 29
12 16 9
12 17 15
12 18 39
12 20 11
12 22 0
12 23 7
12 24 40
12 28 33
12 30 55
12 39 12
12 40 34
12 41 48
12 50 42
12 51 56
12 53 5
12 57 1
12 58 19
13 0 43
13 3 54
13 6 21
13 7 34
13 10 12
13 13 30
13 16 44
13 17 22
13 19 36
13 21 55
13 22 37
13 23 10
13 24 58
13 25 32
13 26 7
13 27 45
13 28 59
13 29 56
13 31 39
13 36 25
13 37 40
13 38 8
13 41 31
13 45 53
13 46 35
13 48 46
13 50 19
13 51 14
13 53 38
14 0 7
14 1 30
14 4 5
14 6 24
14 11 47
14 13 37
14 15 38
14 17 49
14 18 40
14 21 8
14 22 44
14 23 59
14 25 55
14 26 45
14 27 54
14 28 27
14 33 6
14 36 9
14 38 19
14 39 1
14 40 28
14 41 41
14 43 18
14 45 56
14 47 43
14 48 36
14 52 32
14 53 22
14 54 10
14 55 39
14 57 12
14 58 15
15 0 56
15 1 19
15 3 17
15 4 18
15 8 51
15 12 59
15 15 47
15 16 1
15 17 11
15 20 21
15 21 16
15 23 13
15 30 45
15 31 57
15 36 36
15 38 4
15 39 55
15 40 42
15 42 5
15 43 12
15 45 0
15 46 22
15 47 35
15 48 29
15 49 3
15 52 54
15 54 20
15 58 38
15 59 44
16 0 25
16 1 38
16 3 32
16 5 59
16 7 30
16 8 17
16 9 45
16 11 40
16 12 34
16 13 26
16 16 39
16 18 54
16 20 57
16 21 20
16 22 29
16 25 23
16 26 12
16 27 14
16 28 53
16 29 22
16 31 10
16 32 36
16 35 19
16 36 43
16 37 58
16 38 50
16 39 0
16 41 47
16 43 9
16 44 37
16 46 44
16 47 28
16 48 18
16 51 16
16 52 41
16 53 8
16 56 42
16 58 1
16 59 46
17 0 34
17 5 18
17 9 58
17 10 8
17 12 35
17 13 22
17 14 20
17 18 37
17 19 57
17 21 23
17 22 11
17 23 33
17 24 54
17 26 56
17 27 7
17 30 9
17 31 5
17 32 51
17 34 1
17 36 40
17 37 31
17 38 47
17 42 38
17 45 24
17 46 36
17 47 32
17 50 41
17 51 15
17 52 12
17 53 4
17 54 21
17 59 25
18 5 39
18 7 28
18 8 26
18 9 23
18 10 48
18 11 24
18 12 2
18 17 57
18 20 9
18 21 31
18 22 50
18 26 30
18 27 59
18 29 45
18 34 41
18 36 21
18 38 0
18 39 8
18 41 15
18 43 46
18 44 5
18 49 29
18 50 49
18 51 53
18 54 32
18 57 18
19 2 19
19 3 14
19 8 54
19 10 9
19 11 38
19 14 18
19 15 45
19 16 11
19 17 8
19 21 49
19 23 15
19 24 44
19 29 36
19 32 57
19 35 39
19 39 7
19 42 20
19 44 33
19 45 5
19 47 12
19 49 0
19 50 24
19 58 2
20 0 52
20 1 39
20 6 26
20 8 19
20 9 25
20 11 27
20 12 33
20 15 22
20 16 23
20 18 30
20 20 6
20 21 34
20 24 35
20 26 59
20 28 47
20 29 58
20 32 20
20 33 2
20 34 10
20 35 43
20 38 37
20 40 40
20 42 32
20 43 24
20 44 15
20 45 31
20 50 14
20 51 48
20 57 4
20 59 18
21 0 54
21 1 13
21 4 59
21 8 56
21 9 53
21 13 46
21 18 42
21 21 58
21 22 36
21 23 14
21 27 43
21 30 29
21 32 48
21 37 1
21 39 51
21 40 39
21 43 47
21 44 38
21 47 6
21 51 55
21 52 19
21 54 23
21 55 0
21 56 30
21 57 41
21 58 50
21 59 34
22 0 12
22 2 49
22 3 53
22 9 21
22 10 13
22 12 3
22 13 32
22 14 36
22 15 50
22 17 51
22 18 1
22 19 41
22 21 4
22 22 42
22 24 56
22 25 54
22 26 10
22 29 57
22 32 43
22 33 37
22 36 19
22 37 30
22 38 58
22 41 39
22 43 14
22 44 47
22 49 31
22 50 22
22 52 24
22 53 20
22 54 48
22 55 25
22 57 46
23 0 11
23 2 12
23 7 33
23 8 0
23 9 46
23 13 47
23 14 40
23 16 48
23 19 26
23 21 57
23 23 18
23 25 3
23 29 35
23 32 7
23 35 41
23 37 49
23 38 28
23 40 27
23 41 24
23 44 16
23 45 34
23 47 25
23 49 50
23 50 44
23 51 54
23 52 30
23 53 6
23 54 55
23 55 22
23 58 13
24 0 47
24 3 49
24 5 1
24 7 14
24 9 40
24 11 28
24 12 54
24 13 57
24 14 4
24 15 33
24 18 18
24 20 48
24 21 5
24 22 55
24 24 15
24 28 42
24 33 19
24 37 39
24 39 46
24 40 45
24 41 30
24 42 27
24 44 12
24 51 9
24 52 6
24 54 25
24 58 26
24 59 35
25 1 29
25 7 46
25 9 19
25 11 23
25 12 4
25 16 53
25 18 51
25 19 1
25 20 35
25 22 47
25 23 37
25 25 49
25 27 30
25 29 21
25 30 3
25 32 18
25 33 38
25 35 6
25 36 31
25 37 17
25 42 16
25 45 55
25 46 10
25 48 7
25 49 54
25 50 32
25 51 41
25 52 56
25 53 57
25 57 14
25 58 42
26 0 48
26 1 33
26 4 1
26 5 12
26 6 35
26 10 34
26 13 55
26 17 54
26 19 16
26 21 51
26 22 20
26 24 57
26 29 44
26 30 10
26 31 27
26 35 59
26 38 30
26 39 18
26 44 8
26 47 56
26 49 23
26 50 36
26 51 49
26 55 32
26 56 47
26 58 52
27 1 15
27 2 9
27 3 55
27 4 52
27 5 22
27 7 56
27 8 36
27 15 31
27 16 0
27 20 37
27 24 19
27 25 27
27 26 32
27 27 46
27 29 50
27 32 44
27 33 7
27 34 2
27 37 14
27 39 3
27 40 41
27 41 35
27 42 58
27 44 59
27 45 39
27 47 49
27 48 47
27 49 40
27 51 25
27 55 12
27 57 11
28 0 46
28 1 51
28 2 1
28 3 3
28 4 30
28 5 9
28 6 40
28 7 57
28 14 48
28 15 36
28 17 33
28 21 56
28 24 59
28 26 25
28 27 19
28 30 15
28 31 16
28 32 10
28 34 12
28 38 42
28 39 52
28 40 35
28 42 7
28 44 41
28 48 39
28 49 26
28 52 21
28 55 55
28 56 24
28 58 28
29 0 9
29 1 48
29 2 10
29 3 51
29 5 40
29 7 35
29 10 43
29 11 41
29 12 57
29 15 58
29 17 39
29 18 23
29 21 28
29 23 55
29 29 32
29 30 22
29 31 36
29 32 3
29 33 16
29 35 34
29 36 44
29 39 21
29 40 5
29 41 14
29 43 27
29 45 19
29 47 20
29 50 29
29 51 13
29 53 56
29 54 26
29 57 37
30 0 58
30 5 36
30 6 56
30 8 20
30 10 31
30 12 39
30 14 1
30 15 19
30 18 6
30 19 53
30 22 15
30 24 23
30 25 26
30 27 42
30 29 55
30 31 52
30 33 3
30 34 24
30 35 57
30 36 48
30 39 50
30 40 16
30 42 22
30 45 2
30 46 5
30 49 4
30 51 7
30 52 47
30 53 27
30 54 54
30 56 14
30 57 25
30 58 30
30 59 28
31 1 6
31 2 25
31 4 54
31 6 20
31 8 12
31 11 5
31 13 33
31 15 24
31 17 31
31 18 59
31 21 14
31 22 7
31 24 13
31 25 48
31 28 36
31 29 17
31 31 42
31 33 28
31 34 51
31 35 49
31 42 52
31 43 0
31 44 29
31 47 1
31 49 8
31 50 26
31 53 44
31 54 38
31 55 40
31 56 2
31 59 15
32 1 11
32 7 19
32 11 57
32 12 52
32 15 3
32 16 51
32 17 55
32 18 33
32 20 27
32 22 48
32 23 4
32 24 21
32 25 28
32 28 37
32 30 1
32 31 6
32 33 54
32 34 53
32 35 46
32 38 17
32 40 29
32 42 41
32 48 42
32 50 30
32 55 56
32 57 22
32 58 47
32 59 14
33 2 34
33 4 25
33 7 44
33 10 14
33 13 16
33 15 54
33 16 18
33 17 20
33 18 8
33 19 51
33 21 22
33 29 26
33 30 31
33 31 19
33 33 9
33 34 57
33 36 37
33 50 45
33 51 17
33 54 56
33 58 7
33 59 23
34 2 22
34 3 43
34 4 34
34 5 57
34 7 18
34 9 37
34 10 46
34 12 12
34 14 42
34 15 8
34 16 55
34 17 32
34 19 49
34 21 25
34 24 10
34 26 52
34 28 1
34 30 5
34 31 35
34 32 13
34 33 4
34 34 44
34 37 19
34 40 7
34 41 2
34 43 39
34 45 41
34 46 17
34 47 48
34 48 40
34 50 21
34 54 0
34 56 20
34 57 15
34 58 54
34 59 47
35 0 42
35 3 16
35 4 14
35 5 34
35 8 21
35 9 54
35 11 25
35 12 51
35 14 45
35 15 23
35 16 19
35 20 22
35 21 47
35 23 48
35 24 11
35 27 5
35 28 0
35 30 35
35 31 38
35 32 56
35 33 12
35 34 7
35 36 3
35 37 57
35 38 31
35 39 32
35 41 26
35 45 44
35 47 10
35 48 2
35 51 4
35 52 15
35 54 6
35 55 9
35 59 24
36 1 25
36 2 33
36 4 58
36 5 37
36 6 57
36 7 4
36 11 0
36 12 21
36 14 23
36 16 56
36 17 59
36 21 42
36 23 49
36 24 1
36 25 16
36 26 19
36 27 50
36 28 22
36 30 6
36 31 28
36 32 41
36 33 14
36 34 9
36 35 31
36 36 54
36 37 11
36 39 44
36 40 10
36 41 7
36 44 43
36 45 46
36 48 30
36 51 45
36 52 39
36 53 36
36 59 17
37 0 28
37 4 39
37 8 24
37 10 51
37 11 13
37 15 32
37 17 58
37 19 40
37 20 56
37 21 1
37 27 20
37 28 49
37 30 47
37 33 11
37 36 2
37 38 46
37 39 35
37 41 45
37 43 7
37 44 36
37 47 29
37 48 0
37 49 10
37 51 21
37 57 30
38 1 3
38 4 38
38 6 6
38 7 31
38 8 57
38 10 59
38 11 55
38 13 10
38 14 12
38 15 49
38 18 19
38 19 21
38 20 42
38 22 40
38 26 1
38 28 9
38 34 17
38 35 23
38 36 7
38 37 53
38 38 32
38 41 16
38 42 0
38 44 24
38 45 20
38 46 47
38 48 34
38 49 37
38 58 58
38 59 2
39 0 55
39 2 20
39 3 2
39 4 47
39 7 15
39 12 29
39 14 25
39 22 51
39 25 5
39 26 13
39 27 40
39 30 57
39 31 22
39 33 36
39 34 42
39 35 48
39 39 37
39 41 21
39 44 46
39 47 41
39 48 44
39 49 14
39 51 23
39 53 12
39 56 49
39 57 26
40 0 3
40 2 6
40 4 28
40 6 12
40 7 48
40 8 15
40 12 17
40 13 38
40 15 16
40 16 40
40 18 7
40 22 27
40 24 14
40 25 47
40 33 39
40 34 59
40 35 5
40 37 4
40 42 23
40 44 50
40 45 36
40 49 11
40 50 35
40 52 53
40 53 49
40 55 1
40 56 34
40 57 19
40 58 21
40 59 42
41 0 22
41 2 28
41 3 47
41 4 17
41 5 50
41 6 53
41 7 49
41 8 32
41 10 5
41 12 46
41 13 24
41 15 25
41 16 59
41 21 29
41 22 33
41 25 2
41 30 26
41 31 1
41 32 39
41 33 57
41 38 23
41 42 18
41 45 40
41 46 9
41 47 58
41 48 45
41 52 55
41 55 43
41 57 31
42 0 27
42 3 21
42 4 24
42 5 53
42 7 32
42 8 59
42 13 15
42 14 39
42 18 16
42 20 45
42 23 19
42 25 1
42 26 38
42 28 7
42 29 42
42 30 28
42 31 12
42 32 8
42 33 51
42 36 57
42 38 25
42 39 48
42 40 0
42 41 17
42 42 9
42 50 5
42 54 52
42 55 14
42 56 54
42 58 40
43 0 13
43 1 9
43 2 42
43 5 19
43 8 3
43 10 57
43 13 17
43 15 48
43 18 41
43 21 0
43 22 45
43 23 16
43 24 55
43 25 52
43 27 25
43 28 38
43 31 15
43 34 37
43 36 49
43 37 22
43 40 20
43 41 6
43 43 53
43 48 43
43 49 12
43 50 47
43 52 2
43 55 23
43 56 10
43 57 8
43 58 51
43 59 21
44 0 5
44 3 39
44 8 29
44 9 57
44 10 11
44 11 42
44 12 14
44 13 54
44 14 6
44 15 55
44 17 44
44 20 1
44 21 32
44 23 9
44 29 2
44 30 27
44 32 24
44 33 13
44 34 50
44 36 52
44 37 21
44 38 12
44 40 49
44 41 58
44 42 37
44 43 33
44 45 10
44 47 40
44 48 51
44 49 34
44 51 18
44 53 7
44 54 16
44 55 46
44 59 19
45 0 39
45 3 58
45 6 4
45 7 26
45 9 30
45 10 38
45 11 16
45 13 34
45 14 54
45 17 10
45 22 52
45 23 22
45 27 51
45 28 17
45 29 18
45 30 19
45 31 43
45 33 49
45 34 6
45 37 0
45 38 11
45 41 44
45 45 47
45 49 41
45 53 14
45 54 5
45 56 57
45 58 35
46 1 18
46 2 46
46 3 27
46 6 13
46 7 10
46 11 32
46 13 31
46 17 36
46 18 26
46 20 58
46 24 43
46 25 45
46 29 7
46 30 54
46 33 53
46 34 33
46 37 52
46 40 38
46 43 40
46 44 28
46 48 17
46 50 6
46 51 44
46 55 37
46 56 15
47 0 37
47 3 12
47 8 4
47 9 51
47 13 58
47 15 20
47 16 31
47 17 38
47 19 0
47 20 43
47 23 24
47 26 48
47 29 41
47 30 17
47 39 11
47 41 46
47 42 15
47 43 3
47 44 18
47 45 29
47 46 49
47 47 57
47 48 9
47 49 2
47 52 25
47 54 47
47 57 54
47 58 14
47 59 33
48 1 43
48 2 40
48 4 57
48 5 41
48 6 34
48 7 29
48 9 24
48 10 42
48 13 6
48 18 13
48 19 11
48 20 19
48 23 25
48 24 39
48 25 21
48 26 51
48 29 15
48 32 0
48 35 45
48 46 56
48 50 16
48 51 58
48 52 17
48 54 49
48 55 18
48 59 31
49 0 40
49 2 56
49 3 0
49 4 29
49 5 47
49 7 1
49 8 14
49 11 19
49 14 58
49 15 28
49 18 48
49 20 44
49 21 35
49 22 8
49 25 7
49 26 9
49 27 2
49 32 52
49 35 32
49 42 51
49 45 54
49 46 57
49 47 45
49 52 50
49 54 15
49 57 21
49 58 22
50 0 32
50 3 35
50 4 55
50 5 43
50 8 52
50 9 42
50 10 25
50 11 21
50 14 14
50 15 40
50 16 38
50 17 47
50 18 2
50 20 34
50 23 45
50 24 30
50 25 33
50 27 41
50 28 18
50 29 19
50 30 53
50 31 58
50 34 56
50 35 36
50 36 16
50 37 50
50 40 15
50 41 11
50 42 12
50 43 17
50 44 26
50 46 31
50 47 46
50 48 23
50 50 4
50 52 51
50 53 10
50 56 7
50 57 27
51 2 38
51 3 19
51 5 25
51 6 31
51 8 27
51 9 35
51 10 41
51 13 43
51 14 44
51 15 0
51 18 32
51 20 59
51 26 58
51 32 4
51 33 55
51 37 28
51 39 23
51 42 34
51 44 1
51 49 7
51 52 8
51 53 15
51 54 37
51 55 45
51 57 42
51 59 29
52 1 31
52 2 32
52 3 26
52 7 25
52 10 39
52 11 17
52 14 56
52 16 6
52 17 45
52 18 58
52 19 43
52 20 38
52 21 44
52 22 22
52 24 47
52 26 14
52 28 24
52 29 52
52 32 33
52 33 59
52 34 27
52 35 10
52 37 18
52 38 3
52 39 9
52 41 53
52 43 49
52 44 51
52 46 15
52 47 11
52 49 42
52 50 28
52 51 35
52 52 16
52 53 34
52 55 29
52 56 41
52 59 5
53 1 1
53 2 51
53 6 48
53 8 5
53 10 55
53 12 37
53 13 29
53 14 19
53 15 34
53 16 7
53 18 9
53 19 4
53 21 10
53 22 32
53 23 47
53 26 0
53 30 56
53 31 50
53 32 6
53 34 20
53 35 38
53 38 44
53 39 28
53 40 12
53 41 36
53 43 11
53 47 27
53 52 42
53 53 35
53 54 40
53 55 24
53 58 49
53 59 30
54 0 18
54 5 24
54 6 58
54 7 11
54 8 49
54 9 4
54 10 56
54 11 43
54 12 32
54 16 36
54 19 45
54 20 15
54 23 31
54 25 38
54 27 8
54 29 5
54 32 19
54 34 25
54 35 54
54 40 47
54 41 9
54 42 30
54 43 42
54 44 40
54 45 1
54 49 55
54 50 39
54 51 28
54 52 29
54 53 21
54 54 33
54 56 23
54 58 57
55 0 51
55 2 27
55 3 11
55 6 42
55 7 5
55 8 39
55 9 7
55 14 17
55 15 57
55 16 49
55 17 46
55 20 10
55 21 9
55 22 23
55 23 32
55 25 15
55 26 22
55 28 2
55 29 24
55 30 48
55 33 44
55 35 58
55 36 33
55 37 47
55 38 56
55 39 13
55 41 28
55 42 8
55 44 52
55 45 14
55 46 12
55 50 54
55 53 26
55 54 19
55 58 45
56 0 6
56 2 36
56 6 32
56 7 21
56 8 7
56 11 52
56 16 5
56 18 45
56 23 38
56 24 18
56 25 14
56 26 55
56 31 56
56 32 15
56 35 0
56 36 50
56 37 10
56 39 47
56 40 51
56 41 34
56 43 37
56 46 26
56 47 19
56 49 27
56 51 22
56 53 17
56 55 59
56 58 25
57 1 32
57 2 21
57 8 38
57 9 16
57 10 19
57 13 56
57 17 9
57 18 49
57 20 23
57 22 43
57 25 29
57 29 12
57 32 54
57 34 58
57 36 20
57 40 14
57 42 55
57 43 25
57 47 52
57 48 28
57 50 31
57 51 47
57 52 40
57 53 50
57 54 1
57 56 37
57 57 6
57 58 5
58 3 57
58 7 8
58 8 47
58 9 3
58 10 17
58 11 1
58 13 39
58 15 41
58 16 21
58 17 37
58 18 0
58 19 14
58 22 6
58 23 5
58 24 24
58 30 58
58 34 52
58 35 20
58 36 35
58 37 48
58 38 18
58 39 15
58 40 11
58 41 13
58 42 53
58 43 34
58 44 54
58 45 32
58 46 19
58 49 38
58 50 7
58 52 27
58 53 29
58 54 42
58 55 26
58 56 22
58 57 44
58 59 55
59 2 2
59 3 36
59 6 28
59 11 48
59 12 58
59 13 9
59 16 14
59 18 55
59 19 3
59 20 25
59 22 39
59 24 32
59 29 51
59 31 4
59 32 37
59 34 47
59 35 42
59 36 56
59 37 6
59 40 59
59 41 1
59 44 31
59 47 26
59 51 30
59 52 33
59 53 19
59 54 18
59 58 41
59 59 11
