60
0 3 0
0 5 30
0 6 38
0 9 6
0 10 13
0 14 51
0 19 2
0 27 44
0 30 27
0 36 32
0 41 19
0 43 36
0 44 16
0 48 57
0 51 7
0 54 43
0 55 5
0 56 46
1 1 53
1 5 42
1 6 15
1 8 6
1 11 14
1 14 25
1 17 43
1 18 45
1 25 11
1 26 55
1 27 36
1 28 35
1 32 8
1 35 37
1 36 13
1 40 50
1 41 27
1 42 32
1 44 2
1 45 58
1 51 54
1 52 7
1 53 18
1 58 12
2 0 0
2 1 52
2 2 28
2 3 1
2 5 59
2 7 2
2 9 19
2 10 48
2 17 24
2 21 34
2 22 6
2 26 8
2 29 58
2 31 53
2 33 44
2 34 29
2 35 5
2 37 54
2 39 37
2 41 30
2 44 49
2 47 15
2 48 46
2 53 21
2 56 13
3 2 42
3 4 53
3 5 36
3 8 10
3 10 12
3 12 41
3 14 6
3 15 56
3 19 14
3 24 34
3 27 50
3 28 16
3 32 30
3 36 46
3 39 13
3 42 40
3 43 8
3 44 31
3 46 19
3 47 5
3 53 29
3 59 26
4 8 31
4 14 28
4 15 8
4 16 12
4 17 57
4 18 43
4 20 35
4 21 5
4 26 54
4 28 34
4 32 11
4 33 32
4 35 13
4 36 9
4 37 17
4 38 46
4 42 56
4 47 19
4 48 25
4 50 29
4 53 47
4 54 45
5 1 51
5 4 41
5 10 15
5 11 35
5 18 55
5 22 13
5 23 8
5 24 30
5 25 59
5 28 28
5 33 7
5 41 47
5 43 12
5 44 17
5 45 6
5 49 36
5 51 42
5 53 39
5 54 52
5 55 1
5 58 45
5 59 31
6 2 22
6 3 33
6 8 14
6 9 40
6 10 1
6 15 57
6 16 16
6 18 21
6 22 43
6 23 36
6 24 9
6 30 4
6 33 55
6 36 39
6 40 32
6 41 34
6 44 28
6 46 50
6 47 26
6 48 10
6 50 54
6 56 38
6 57 44
6 58 58
6 59 2
7 0 1
7 2 46
7 3 41
7 5 12
7 6 39
7 7 42
7 9 11
7 11 53
7 12 20
7 14 2
7 18 59
7 19 21
7 21 49
7 22 22
7 24 27
7 28 56
7 29 44
7 31 38
7 33 13
7 34 25
7 35 31
7 36 19
7 41 14
7 42 58
7 44 51
7 46 0
7 48 34
7 49 17
7 50 43
7 51 15
7 54 3
7 55 8
7 56 54
7 59 9
8 2 41
8 7 59
8 8 30
8 9 9
8 11 18
8 12 43
8 13 48
8 15 47
8 16 4
8 17 39
8 18 7
8 20 12
8 21 53
8 23 13
8 26 29
8 27 25
8 29 50
8 33 11
8 34 22
8 37 15
8 38 38
8 39 31
8 40 14
8 42 52
8 43 51
8 46 3
8 53 57
8 57 24
8 58 16
9 1 41
9 2 49
9 4 1
9 5 2
9 7 17
9 10 37
9 11 6
9 12 50
9 14 52
9 20 3
9 27 40
9 31 18
9 32 5
9 40 4
9 41 44
9 42 25
9 45 29
9 46 27
9 47 39
9 49 7
9 50 55
9 51 8
9 52 21
9 55 19
10 0 19
10 4 6
10 6 7
10 7 38
10 10 52
10 14 30
10 17 25
10 18 46
10 19 16
10 21 33
10 24 55
10 27 0
10 28 57
10 31 34
10 33 4
10 34 56
10 38 59
10 39 41
10 48 21
10 49 47
10 54 12
11 0 34
11 5 27
11 6 52
11 16 6
11 18 11
11 19 26
11 20 16
11 21 29
11 24 59
11 25 1
11 26 3
11 31 58
11 33 17
11 34 48
11 35 38
11 36 10
11 37 4
11 45 55
11 50 28
11 53 43
11 54 18
11 56 49
11 57 47
12 2 54
12 3 15
12 4 46
12 6 41
12 7 20
12 9 31
12 12 52
12 15 38
12 17 30
12 20 50
12 21 39
12 25 53
12 27 43
12 32 48
12 35 4
12 39 7
12 46 47
12 47 49
12 48 24
12 49 22
12 50 1
12 51 35
12 57 17
12 58 8
13 0 39
13 1 38
13 2 53
13 3 29
13 5 37
13 6 48
13 10 51
13 15 49
13 21 9
13 25 4
13 26 58
13 29 21
13 33 14
13 34 17
13 36 27
13 37 24
13 38 52
13 39 40
13 40 20
13 42 30
13 45 35
13 46 12
13 50 42
13 52 43
13 53 32
13 55 46
13 59 45
14 1 30
14 4 15
14 5 53
14 10 33
14 16 46
14 21 59
14 22 58
14 24 41
14 26 11
14 28 36
14 30 57
14 32 40
14 35 2
14 36 48
14 40 7
14 43 6
14 46 1
14 47 52
14 54 34
14 56 5
14 58 47
15 0 10
15 3 35
15 8 3
15 10 19
15 12 40
15 13 45
15 16 50
15 17 53
15 18 32
15 21 36
15 23 2
15 25 57
15 26 51
15 37 5
15 38 8
15 42 21
15 46 37
15 52 49
15 53 22
15 54 46
15 55 6
15 56 27
15 58 30
15 59 7
16 0 4
16 2 38
16 4 59
16 7 14
16 9 3
16 10 2
16 11 27
16 14 22
16 17 1
16 18 31
16 25 0
16 27 17
16 28 45
16 30 58
16 33 30
16 35 15
16 36 28
16 45 36
16 48 29
16 49 39
16 50 20
16 51 21
16 52 11
16 57 56
17 2 12
17 3 17
17 7 9
17 10 36
17 12 2
17 13 28
17 16 40
17 17 10
17 18 15
17 21 38
17 22 29
17 23 45
17 24 26
17 35 32
17 36 1
17 43 27
17 44 53
17 45 33
17 48 5
17 50 0
17 56 18
18 0 50
18 1 33
18 4 35
18 5 21
18 6 4
18 7 36
18 10 34
18 11 11
18 13 38
18 14 10
18 15 27
18 18 49
18 23 51
18 31 7
18 33 52
18 34 39
18 35 25
18 40 41
18 41 15
18 44 44
18 45 32
18 47 58
18 48 19
18 52 0
18 53 59
18 56 20
18 58 13
19 0 57
19 2 52
19 3 16
19 4 30
19 5 49
19 8 20
19 10 47
19 15 15
19 16 58
19 17 12
19 18 10
19 19 3
19 20 44
19 21 7
19 24 24
19 25 42
19 30 25
19 31 55
19 32 19
19 34 50
19 38 17
19 43 13
19 46 48
19 47 35
19 52 1
19 56 21
19 58 53
20 0 15
20 1 48
20 6 51
20 9 32
20 10 16
20 13 2
20 14 47
20 19 28
20 21 18
20 24 54
20 26 0
20 34 21
20 37 49
20 38 27
20 44 12
20 55 53
20 56 58
20 57 37
21 4 27
21 5 11
21 6 59
21 9 22
21 10 54
21 12 4
21 13 18
21 14 21
21 16 51
21 17 46
21 18 12
21 20 32
21 24 53
21 27 16
21 31 45
21 32 47
21 35 24
21 38 37
21 40 58
21 45 57
21 46 29
21 48 55
21 55 41
21 56 52
21 57 7
21 58 1
22 1 25
22 3 31
22 6 13
22 7 3
22 10 59
22 11 1
22 12 24
22 16 43
22 18 26
22 19 38
22 20 21
22 21 6
22 22 20
22 23 53
22 25 50
22 26 35
22 27 2
22 32 34
22 33 12
22 34 55
22 35 14
22 39 9
22 44 23
22 49 11
22 55 56
22 56 41
22 57 36
23 2 58
23 3 40
23 5 24
23 6 43
23 7 31
23 8 33
23 12 7
23 13 4
23 14 59
23 16 17
23 18 44
23 20 0
23 26 30
23 32 32
23 33 19
23 34 42
23 38 18
23 42 14
23 43 35
23 45 52
23 48 54
23 49 51
23 53 36
23 59 8
24 0 35
24 2 45
24 8 12
24 10 38
24 13 49
24 14 42
24 16 54
24 17 15
24 21 43
24 23 6
24 28 9
24 31 51
24 32 44
24 33 2
24 35 20
24 36 37
24 37 16
24 43 24
24 46 4
24 48 40
24 51 13
24 52 47
24 57 50
24 58 46
24 59 39
25 0 13
25 1 14
25 6 55
25 8 49
25 10 31
25 13 24
25 17 32
25 18 3
25 20 15
25 24 7
25 26 34
25 28 18
25 31 33
25 33 58
25 37 1
25 38 11
25 39 51
25 43 22
25 47 43
25 48 39
25 50 27
25 52 54
25 53 19
25 54 40
25 55 48
25 59 29
26 1 7
26 11 12
26 12 33
26 16 52
26 19 8
26 21 50
26 22 35
26 33 28
26 35 16
26 37 3
26 40 30
26 43 19
26 47 32
26 50 25
26 55 17
26 57 40
26 59 59
27 0 52
27 3 22
27 5 47
27 10 20
27 12 15
27 14 12
27 15 51
27 16 0
27 23 33
27 25 58
27 26 14
27 27 24
27 28 21
27 30 36
27 32 9
27 33 39
27 35 43
27 38 26
27 42 38
27 46 32
27 47 34
27 49 35
27 50 50
27 52 37
27 53 41
27 56 45
28 1 21
28 11 40
28 13 6
28 15 28
28 16 8
28 19 4
28 21 1
28 26 43
28 28 39
28 33 26
28 36 25
28 37 38
28 40 49
28 41 11
28 43 54
28 44 22
28 46 44
28 48 56
28 51 16
28 52 52
28 54 33
28 55 57
28 56 37
29 4 24
29 5 44
29 10 39
29 11 22
29 12 12
29 19 46
29 20 25
29 21 14
29 23 28
29 24 31
29 27 8
29 28 51
29 29 35
29 30 17
29 31 52
29 34 47
29 36 7
29 38 49
29 40 36
29 42 34
29 46 15
29 49 45
29 54 57
29 57 48
29 59 13
30 3 49
30 4 18
30 6 53
30 7 8
30 8 19
30 9 36
30 12 42
30 15 14
30 16 25
30 17 13
30 18 1
30 22 30
30 26 22
30 28 41
30 32 16
30 34 4
30 37 47
30 38 28
30 41 38
30 42 50
30 44 58
30 46 54
30 48 17
30 50 39
30 52 51
30 53 20
30 54 15
30 56 2
31 2 9
31 5 35
31 6 36
31 9 24
31 12 13
31 13 52
31 18 56
31 20 7
31 22 12
31 28 30
31 30 20
31 32 25
31 33 33
31 35 41
31 40 19
31 41 23
31 43 0
31 44 48
31 50 49
31 52 42
31 53 15
31 55 55
31 58 34
31 59 1
32 1 35
32 2 7
32 5 17
32 8 59
32 9 30
32 10 40
32 12 9
32 14 50
32 18 47
32 19 19
32 21 16
32 23 22
32 25 26
32 26 25
32 29 32
32 32 58
32 33 36
32 34 12
32 35 46
32 38 4
32 44 56
32 45 15
32 46 51
32 54 14
32 55 34
32 56 28
33 0 5
33 7 43
33 8 22
33 13 30
33 14 49
33 15 26
33 16 7
33 17 18
33 19 6
33 23 27
33 24 36
33 25 25
33 28 32
33 29 47
33 34 1
33 35 51
33 36 16
33 40 15
33 41 48
33 43 52
33 45 12
33 48 11
33 54 13
33 57 21
33 58 17
33 59 4
34 0 32
34 2 33
34 3 20
34 5 13
34 10 17
34 14 38
34 15 36
34 16 28
34 18 37
34 21 46
34 22 7
34 26 10
34 27 35
34 29 34
34 30 51
34 32 59
34 33 22
34 36 18
34 37 50
34 38 44
34 40 23
34 43 39
34 45 5
34 46 6
34 47 45
34 48 3
34 51 12
34 53 56
34 54 27
34 56 19
34 57 1
35 3 46
35 9 34
35 10 45
35 11 50
35 13 8
35 14 15
35 16 5
35 19 23
35 21 20
35 22 14
35 23 39
35 24 3
35 28 42
35 29 6
35 31 49
35 33 37
35 37 7
35 41 31
35 45 26
35 46 25
35 47 4
35 49 41
35 50 57
35 53 2
35 55 21
35 56 29
36 3 56
36 4 52
36 10 9
36 21 32
36 23 57
36 27 33
36 30 55
36 34 3
36 35 19
36 38 2
36 43 46
36 45 10
36 46 38
36 48 58
36 49 26
36 50 6
36 52 59
36 57 39
37 1 3
37 2 2
37 4 12
37 5 25
37 8 18
37 9 58
37 10 57
37 12 53
37 13 42
37 16 19
37 18 52
37 19 35
37 22 37
37 28 26
37 31 11
37 39 55
37 41 50
37 43 45
37 45 49
37 51 10
37 53 17
37 54 16
37 59 46
38 0 28
38 1 23
38 4 54
38 6 35
38 8 44
38 9 18
38 13 9
38 14 45
38 15 30
38 16 59
38 18 41
38 23 11
38 24 2
38 28 10
38 29 26
38 30 47
38 33 0
38 34 34
38 35 21
38 36 57
38 39 56
38 40 52
38 43 53
38 45 50
38 47 46
38 53 33
38 55 42
38 56 48
38 57 29
38 58 20
39 6 24
39 7 55
39 8 4
39 9 29
39 12 32
39 14 46
39 16 49
39 18 9
39 20 43
39 22 54
39 32 45
39 34 16
39 35 23
39 38 51
39 42 31
39 44 26
39 45 37
39 46 58
39 48 6
39 50 13
39 51 47
39 52 40
39 54 41
39 57 42
40 3 55
40 12 10
40 17 29
40 20 51
40 25 21
40 28 14
40 29 40
40 31 13
40 32 2
40 33 9
40 34 20
40 40 27
40 42 22
40 45 47
40 48 53
40 50 36
40 51 37
40 54 11
40 55 0
40 57 38
41 1 19
41 5 8
41 6 30
41 11 4
41 18 13
41 19 39
41 20 52
41 21 23
41 22 41
41 23 17
41 25 28
41 27 46
41 29 29
41 30 35
41 37 33
41 38 22
41 42 59
41 46 55
41 47 9
41 50 34
41 53 7
41 57 51
41 58 3
42 0 9
42 7 29
42 10 49
42 19 0
42 20 6
42 28 19
42 29 37
42 31 57
42 32 27
42 33 31
42 34 41
42 36 40
42 37 58
42 38 36
42 39 15
42 40 1
42 41 43
42 42 26
42 47 12
42 51 39
42 52 44
42 53 11
42 57 53
43 0 14
43 5 34
43 7 52
43 8 8
43 9 59
43 11 36
43 16 23
43 17 9
43 19 29
43 29 56
43 31 3
43 34 58
43 37 10
43 39 22
43 42 0
43 44 13
43 45 54
43 49 2
43 52 27
43 57 45
43 58 18
44 2 23
44 3 51
44 7 24
44 10 22
44 11 17
44 12 36
44 14 4
44 16 29
44 19 25
44 20 26
44 23 46
44 27 11
44 28 59
44 29 1
44 30 49
44 31 8
44 34 43
44 38 55
44 39 10
44 48 44
44 49 18
44 54 19
44 56 3
44 58 54
44 59 53
45 0 48
45 1 37
45 4 45
45 6 28
45 7 15
45 13 50
45 14 33
45 15 13
45 17 56
45 20 53
45 22 11
45 28 23
45 31 10
45 32 41
45 33 35
45 34 46
45 35 9
45 40 59
45 49 1
45 50 21
45 56 55
45 58 26
45 59 44
46 6 29
46 7 57
46 9 42
46 11 30
46 12 8
46 13 13
46 15 46
46 16 11
46 17 14
46 18 2
46 20 28
46 21 4
46 25 44
46 26 15
46 29 10
46 31 31
46 38 39
46 42 33
46 43 58
46 45 3
46 46 22
46 48 52
46 51 51
46 52 53
46 53 12
46 55 59
46 56 6
46 57 27
46 58 25
47 11 42
47 13 19
47 14 11
47 15 48
47 16 31
47 17 47
47 19 17
47 21 3
47 26 37
47 29 18
47 31 28
47 32 14
47 33 41
47 35 55
47 37 39
47 38 7
47 42 45
47 45 24
47 48 1
47 52 36
47 54 8
47 59 56
48 6 27
48 8 47
48 11 37
48 12 57
48 15 9
48 16 15
48 18 30
48 23 56
48 24 49
48 29 22
48 33 18
48 34 53
48 38 43
48 39 6
48 40 13
48 41 58
48 43 17
48 44 36
48 47 21
48 48 28
48 49 55
48 52 41
48 54 38
49 4 3
49 9 28
49 11 31
49 16 33
49 20 22
49 25 47
49 26 45
49 29 52
49 37 14
49 42 13
49 45 53
49 48 23
49 49 24
49 50 15
49 51 40
49 53 26
49 54 42
50 0 17
50 1 55
50 5 48
50 6 37
50 8 2
50 10 21
50 12 54
50 13 31
50 20 47
50 21 30
50 23 41
50 26 16
50 30 39
50 43 59
50 50 10
50 53 14
50 54 23
50 58 9
51 0 6
51 12 48
51 14 23
51 17 37
51 18 50
51 21 10
51 24 35
51 25 27
51 29 49
51 30 40
51 31 30
51 34 0
51 38 21
51 41 7
51 42 12
51 43 28
51 44 25
51 50 47
51 52 8
51 54 39
51 58 14
52 3 37
52 4 48
52 5 31
52 8 41
52 13 25
52 14 58
52 16 57
52 17 35
52 18 0
52 20 29
52 24 10
52 27 7
52 29 43
52 32 52
52 33 40
52 35 47
52 36 15
52 39 54
52 43 16
52 51 28
52 54 1
52 55 9
52 56 59
52 57 22
53 0 12
53 1 27
53 2 26
53 6 0
53 7 39
53 8 32
53 15 53
53 16 30
53 20 46
53 22 34
53 23 1
53 29 2
53 30 29
53 32 15
53 33 59
53 34 52
53 38 10
53 39 25
53 43 42
53 44 40
53 45 44
53 46 18
53 49 43
53 50 48
53 51 6
53 52 14
53 58 50
54 2 3
54 4 7
54 6 14
54 9 50
54 10 53
54 12 26
54 13 44
54 19 11
54 21 2
54 22 55
54 23 38
54 25 34
54 30 30
54 34 37
54 35 12
54 37 52
54 38 25
54 42 17
54 47 36
54 49 33
54 50 16
54 52 4
54 55 58
54 56 0
54 58 15
55 0 43
55 1 9
55 2 13
55 3 38
55 8 16
55 9 41
55 16 44
55 19 36
55 20 17
55 21 11
55 22 19
55 23 18
55 27 30
55 28 1
55 29 8
55 30 34
55 31 5
55 32 20
55 36 26
55 38 47
55 39 45
55 40 54
55 46 57
55 50 35
55 51 31
55 52 55
55 55 51
55 58 24
55 59 12
56 6 10
56 8 55
56 9 14
56 13 39
56 15 16
56 18 8
56 23 59
56 26 1
56 30 7
56 34 40
56 38 23
56 39 46
56 41 51
56 42 19
56 43 26
56 45 0
56 48 42
56 51 22
56 53 9
57 1 16
57 4 20
57 5 18
57 11 38
57 12 39
57 13 34
57 15 25
57 16 21
57 19 52
57 20 58
57 22 27
57 24 45
57 25 29
57 31 22
57 32 4
57 37 9
57 38 19
57 40 53
57 43 33
57 44 50
57 45 46
57 47 55
57 49 48
57 50 56
57 52 12
57 53 44
57 54 49
57 55 43
57 57 23
58 4 5
58 6 56
58 10 43
58 12 21
58 15 42
58 21 58
58 24 37
58 29 20
58 31 12
58 34 24
58 42 44
58 45 41
58 46 23
58 50 38
58 51 2
58 54 6
58 56 26
59 2 25
59 3 27
59 9 49
59 10 28
59 11 59
59 13 7
59 15 3
59 20 34
59 21 37
59 23 29
59 24 33
59 25 6
59 26 39
59 27 52
59 28 46
59 29 16
59 31 35
59 36 24
59 37 56
59 38 42
59 39 2
59 40 12
59 42 57
59 44 41
59 48 30
59 53 51
59 54 50
59 56 23
