60
0 0 13
0 1 7
0 2 51
0 4 43
0 5 0
0 8 34
0 16 17
0 19 1
0 20 47
0 21 52
0 22 39
0 26 30
0 27 44
0 28 56
0 31 58
0 35 3
0 37 14
0 38 19
0 39 15
0 41 45
0 42 8
0 43 12
0 45 24
0 46 4
0 50 31
0 51 50
0 53 42
0 54 6
0 55 27
0 57 59
0 58 33
0 59 22
1 0 24
1 5 12
1 6 16
1 10 19
1 11 4
1 13 38
1 14 54
1 15 43
1 16 46
1 20 25
1 21 15
1 22 51
1 23 48
1 24 6
1 25 37
1 27 56
1 30 52
1 31 17
1 32 0
1 34 40
1 36 59
1 37 1
1 39 44
1 42 3
1 44 18
1 45 5
1 47 29
1 49 33
1 54 2
1 56 39
1 57 53
1 59 7
2 0 45
2 4 26
2 5 18
2 6 29
2 7 49
2 8 55
2 10 7
2 11 39
2 12 50
2 13 27
2 15 21
2 17 13
2 18 20
2 19 30
2 20 56
2 21 58
2 22 31
2 23 9
2 24 1
2 25 53
2 28 22
2 30 8
2 39 34
2 40 42
2 43 23
2 44 54
2 45 46
2 46 6
2 47 3
2 49 47
2 50 35
2 51 24
2 52 28
2 56 51
2 57 17
2 59 38
3 1 16
3 2 49
3 3 4
3 4 57
3 5 54
3 6 27
3 7 15
3 8 0
3 13 45
3 14 9
3 15 53
3 18 8
3 19 46
3 22 58
3 23 32
3 24 23
3 25 41
3 27 11
3 28 10
3 29 25
3 30 31
3 31 52
3 32 28
3 35 26
3 37 18
3 38 48
3 39 37
3 40 59
3 42 51
3 44 36
3 50 1
3 51 44
3 52 21
3 55 56
3 56 5
3 57 30
3 58 20
3 59 12
4 1 28
4 2 8
4 3 56
4 4 31
4 6 51
4 7 18
4 8 59
4 13 12
4 15 44
4 17 33
4 20 57
4 22 1
4 24 29
4 26 22
4 27 0
4 29 20
4 30 36
4 31 30
4 32 3
4 33 5
4 34 4
4 35 50
4 37 55
4 38 46
4 39 41
4 40 2
4 41 7
4 43 16
4 44 45
4 50 42
4 52 19
4 53 11
4 56 17
4 57 52
4 58 21
4 59 53
5 0 40
5 1 51
5 4 20
5 5 16
5 6 15
5 7 37
5 10 4
5 11 55
5 12 1
5 14 56
5 18 49
5 19 19
5 21 31
5 23 23
5 28 39
5 30 21
5 31 35
5 36 0
5 37 45
5 38 14
5 39 52
5 41 41
5 42 53
5 44 9
5 47 42
5 49 10
5 51 54
5 52 32
5 54 28
5 55 59
5 56 34
5 58 12
6 3 54
6 4 1
6 7 47
6 10 20
6 11 34
6 12 24
6 14 8
6 15 59
6 21 39
6 24 35
6 25 52
6 26 28
6 28 57
6 29 0
6 30 9
6 33 43
6 35 40
6 37 21
6 38 6
6 40 32
6 41 53
6 42 48
6 44 44
6 48 19
6 49 15
6 51 56
6 52 23
6 53 14
6 54 37
6 57 29
6 58 25
7 1 46
7 2 2
7 3 18
7 4 52
7 5 21
7 6 57
7 7 0
7 11 27
7 12 17
7 15 14
7 16 38
7 18 44
7 20 34
7 25 51
7 28 7
7 30 26
7 31 54
7 34 10
7 35 37
7 39 20
7 40 43
7 44 56
7 46 8
7 50 12
7 56 3
7 57 32
8 0 28
8 2 10
8 3 39
8 4 55
8 6 18
8 7 11
8 8 42
8 9 59
8 14 30
8 16 7
8 18 15
8 19 3
8 20 20
8 21 47
8 24 27
8 25 1
8 27 25
8 28 41
8 29 26
8 30 13
8 31 34
8 32 8
8 34 16
8 35 54
8 37 12
8 38 43
8 39 17
8 40 53
8 41 9
8 42 49
8 43 48
8 46 44
8 47 52
8 48 21
8 50 33
8 53 50
8 54 31
8 56 22
8 57 23
8 59 40
9 0 25
9 3 12
9 4 58
9 7 38
9 8 1
9 9 17
9 12 19
9 13 0
9 16 42
9 17 35
9 18 21
9 22 52
9 24 37
9 25 10
9 26 24
9 30 47
9 31 22
9 35 55
9 38 54
9 40 4
9 41 23
9 43 26
9 44 15
9 47 33
9 49 2
9 51 5
9 54 57
9 56 41
9 57 34
9 58 27
9 59 51
10 2 15
10 3 5
10 6 47
10 7 27
10 8 18
10 12 34
10 13 28
10 14 20
10 19 4
10 20 13
10 23 11
10 25 50
10 27 52
10 28 2
10 29 45
10 32 26
10 33 6
10 34 3
10 35 12
10 36 7
10 37 32
10 39 58
10 40 21
10 44 17
10 46 33
10 49 46
10 51 43
10 54 10
10 55 48
10 56 59
10 57 16
11 1 2
11 2 0
11 5 29
11 7 57
11 8 32
11 10 34
11 12 27
11 13 10
11 14 37
11 16 40
11 17 49
11 18 7
11 20 23
11 23 4
11 26 1
11 27 9
11 30 59
11 32 36
11 33 20
11 34 42
11 36 14
11 37 16
11 39 24
11 41 48
11 42 50
11 44 55
11 45 35
11 48 11
11 50 45
11 51 25
11 53 12
11 56 56
11 57 38
11 58 22
11 59 6
12 0 44
12 3 57
12 4 49
12 6 35
12 7 24
12 8 51
12 10 18
12 11 47
12 13 17
12 14 6
12 15 45
12 16 30
12 17 41
12 21 50
12 22 28
12 23 1
12 24 14
12 25 13
12 26 19
12 27 54
12 28 46
12 29 43
12 30 40
12 32 10
12 33 59
12 35 20
12 36 52
12 37 48
12 38 11
12 39 12
12 41 55
12 42 7
12 45 29
12 46 36
12 49 37
12 52 25
12 54 33
12 55 22
12 57 3
12 59 16
13 0 47
13 1 6
13 4 41
13 5 40
13 6 44
13 7 13
13 9 15
13 10 10
13 13 29
13 14 32
13 15 18
13 16 22
13 17 42
13 18 56
13 19 5
13 21 28
13 23 35
13 24 31
13 25 9
13 26 2
13 27 34
13 28 19
13 31 8
13 33 24
13 34 58
13 39 1
13 42 21
13 43 49
13 44 48
13 45 17
13 49 36
13 51 16
13 52 51
13 54 12
13 55 39
13 56 46
13 58 50
13 59 23
14 0 31
14 1 18
14 3 21
14 4 29
14 6 3
14 7 6
14 8 17
14 9 36
14 10 56
14 13 50
14 14 13
14 18 26
14 20 7
14 21 27
14 22 5
14 24 16
14 25 39
14 26 45
14 27 46
14 29 15
14 30 24
14 31 12
14 33 23
14 34 9
14 37 49
14 39 42
14 40 25
14 43 11
14 44 35
14 45 4
14 46 41
14 47 1
14 48 47
14 49 52
14 50 51
14 51 10
14 52 57
14 53 40
14 55 8
14 56 20
14 57 44
14 59 59
15 1 43
15 2 3
15 4 39
15 5 49
15 7 35
15 8 5
15 9 28
15 10 9
15 12 37
15 13 24
15 14 52
15 16 25
15 17 15
15 19 16
15 20 59
15 22 34
15 23 0
15 24 36
15 26 6
15 28 1
15 30 7
15 34 47
15 35 23
15 36 41
15 37 19
15 38 31
15 39 46
15 40 50
15 41 56
15 44 58
15 45 21
15 48 12
15 49 11
15 50 38
15 51 33
15 52 4
15 56 57
15 57 26
16 1 0
16 2 43
16 3 6
16 5 44
16 7 26
16 8 35
16 9 3
16 11 45
16 15 56
16 16 36
16 17 47
16 18 19
16 19 34
16 20 10
16 21 16
16 22 9
16 23 50
16 24 46
16 26 31
16 28 4
16 30 2
16 32 39
16 33 55
16 34 25
16 37 37
16 40 1
16 41 59
16 43 20
16 44 28
16 45 8
16 46 18
16 47 15
16 48 24
16 50 21
16 51 11
16 56 42
16 57 57
16 59 5
17 4 56
17 6 52
17 7 20
17 13 3
17 14 2
17 15 37
17 16 19
17 17 54
17 20 1
17 22 53
17 24 26
17 26 44
17 27 5
17 28 9
17 29 41
17 30 22
17 32 25
17 33 45
17 35 47
17 36 34
17 38 32
17 40 10
17 43 39
17 45 40
17 48 16
17 50 8
17 51 12
17 52 36
17 55 50
17 56 58
18 0 42
18 1 57
18 2 52
18 3 32
18 4 12
18 5 7
18 8 47
18 11 11
18 12 41
18 13 51
18 14 21
18 16 23
18 17 56
18 18 37
18 19 9
18 20 50
18 21 43
18 22 45
18 23 5
18 24 15
18 25 24
18 27 10
18 29 49
18 30 48
18 31 14
18 33 58
18 38 18
18 39 53
18 41 28
18 42 30
18 44 33
18 47 31
18 49 1
18 50 39
18 51 17
18 53 19
18 54 46
18 56 36
18 57 55
18 58 13
19 3 46
19 4 38
19 5 24
19 7 19
19 9 39
19 10 17
19 11 1
19 13 4
19 17 8
19 21 53
19 23 28
19 24 54
19 26 51
19 30 43
19 32 33
19 35 56
19 36 57
19 37 44
19 39 31
19 40 27
19 41 47
19 42 0
19 43 15
19 44 41
19 45 12
19 47 40
19 48 58
19 51 23
19 54 7
19 56 32
19 57 22
19 58 3
19 59 9
20 0 10
20 1 52
20 2 9
20 4 15
20 6 0
20 8 2
20 13 35
20 15 26
20 16 27
20 17 57
20 18 6
20 19 59
20 20 39
20 21 49
20 22 42
20 23 12
20 24 45
20 25 4
20 26 25
20 28 47
20 30 20
20 32 16
20 34 23
20 36 5
20 37 33
20 38 30
20 41 17
20 43 50
20 46 29
20 47 22
20 49 32
20 51 18
20 52 13
20 54 24
20 55 31
20 56 40
20 58 28
20 59 36
21 1 31
21 2 37
21 3 9
21 4 19
21 8 21
21 10 1
21 14 35
21 15 48
21 16 39
21 17 38
21 18 4
21 21 25
21 22 46
21 23 15
21 25 26
21 27 22
21 28 8
21 29 55
21 31 36
21 32 2
21 35 5
21 36 12
21 37 52
21 38 20
21 40 14
21 41 43
21 42 6
21 45 16
21 46 59
21 48 28
21 49 24
21 51 30
21 53 33
21 54 23
21 55 44
22 0 51
22 1 22
22 2 6
22 5 53
22 6 46
22 9 21
22 10 11
22 11 10
22 12 2
22 14 1
22 16 12
22 17 58
22 20 32
22 26 7
22 28 20
22 29 39
22 32 47
22 33 17
22 36 9
22 37 34
22 38 5
22 39 49
22 40 38
22 42 26
22 43 56
22 44 3
22 46 48
22 47 55
22 50 28
22 51 15
22 54 43
22 55 24
22 56 37
22 57 31
23 0 50
23 1 49
23 2 33
23 3 15
23 5 57
23 6 25
23 7 45
23 9 13
23 12 21
23 14 4
23 16 31
23 17 44
23 18 48
23 20 35
23 21 36
23 22 24
23 23 30
23 30 17
23 32 38
23 34 46
23 35 10
23 36 28
23 37 2
23 38 9
23 41 11
23 42 41
23 43 37
23 44 8
23 45 26
23 47 14
23 48 22
23 49 12
23 50 53
23 51 0
23 52 3
23 53 27
23 54 47
23 56 1
23 57 51
24 0 2
24 1 37
24 2 24
24 3 3
24 5 10
24 6 43
24 7 30
24 8 7
24 10 53
24 11 49
24 12 0
24 14 16
24 16 59
24 17 14
24 18 25
24 22 29
24 23 56
24 27 33
24 28 51
24 30 46
24 32 44
24 33 15
24 35 18
24 37 42
24 38 12
24 39 13
24 40 6
24 41 4
24 42 17
24 44 20
24 45 47
24 47 41
24 48 55
24 49 48
24 52 38
24 53 22
24 54 5
24 55 1
24 57 36
24 58 58
24 59 26
25 0 18
25 1 14
25 2 38
25 4 51
25 9 50
25 12 58
25 13 16
25 14 39
25 15 42
25 18 24
25 19 17
25 20 31
25 21 46
25 22 10
25 23 54
25 24 19
25 25 48
25 26 29
25 29 34
25 31 56
25 32 20
25 33 7
25 34 59
25 39 55
25 40 15
25 42 57
25 43 25
25 44 40
25 45 22
25 49 21
25 50 43
25 51 1
25 52 8
25 53 47
25 54 11
25 55 26
25 58 5
25 59 28
26 0 58
26 1 5
26 2 44
26 7 53
26 8 13
26 9 51
26 10 50
26 15 54
26 16 49
26 18 31
26 21 37
26 22 48
26 24 59
26 27 47
26 29 52
26 30 35
26 31 28
26 32 32
26 33 3
26 35 21
26 36 2
26 37 56
26 38 26
26 39 6
26 43 30
26 45 57
26 47 36
26 48 38
26 49 17
26 50 4
26 51 55
26 52 7
26 54 25
26 56 29
26 57 46
26 59 18
27 0 26
27 1 42
27 3 35
27 4 0
27 5 56
27 6 28
27 7 2
27 10 46
27 12 32
27 13 53
27 14 44
27 16 57
27 18 59
27 19 49
27 21 48
27 22 50
27 23 25
27 24 8
27 26 21
27 29 33
27 31 29
27 32 13
27 34 15
27 35 9
27 36 19
27 41 10
27 42 20
27 43 1
27 44 38
27 45 45
27 47 16
27 48 36
27 49 7
27 50 58
27 52 43
27 54 52
27 55 54
27 57 6
27 58 41
28 1 44
28 2 46
28 3 48
28 4 27
28 9 45
28 10 59
28 12 57
28 14 41
28 15 7
28 16 35
28 19 29
28 22 17
28 26 53
28 29 1
28 31 47
28 35 58
28 36 18
28 40 3
28 43 10
28 46 28
28 47 19
28 48 14
28 50 55
28 51 51
28 54 42
28 57 15
28 58 37
28 59 2
29 0 33
29 1 4
29 3 53
29 4 48
29 7 16
29 8 19
29 10 13
29 11 46
29 13 59
29 14 47
29 15 57
29 17 21
29 19 51
29 20 9
29 21 35
29 22 2
29 23 55
29 24 0
29 26 20
29 27 50
29 29 23
29 31 27
29 33 40
29 34 52
29 36 17
29 37 11
29 38 29
29 39 32
29 43 31
29 44 14
29 46 26
29 47 18
29 48 25
29 50 36
29 54 54
29 55 49
29 56 38
29 57 5
29 58 45
30 0 32
30 1 23
30 2 21
30 7 43
30 8 31
30 11 29
30 13 5
30 14 48
30 16 51
30 17 28
30 19 57
30 24 49
30 26 52
30 27 13
30 30 41
30 31 39
30 32 56
30 33 36
30 34 7
30 35 15
30 37 10
30 39 27
30 40 0
30 41 38
30 45 25
30 46 19
30 48 6
30 49 16
30 53 55
30 54 44
30 55 53
30 56 35
30 57 40
30 58 1
31 0 46
31 2 50
31 3 11
31 4 34
31 11 53
31 13 14
31 15 0
31 19 58
31 20 49
31 22 15
31 25 54
31 27 19
31 28 32
31 29 40
31 32 24
31 33 39
31 34 51
31 36 42
31 37 47
31 38 57
31 39 33
31 40 16
31 41 18
31 42 44
31 43 5
31 45 55
31 46 38
31 47 27
31 50 23
31 51 20
31 54 30
31 56 13
31 59 45
32 1 38
32 4 16
32 6 7
32 7 48
32 9 20
32 14 34
32 15 22
32 16 44
32 17 50
32 18 57
32 21 9
32 22 14
32 23 39
32 24 41
32 26 23
32 28 33
32 29 59
32 30 19
32 31 51
32 33 2
32 34 1
32 35 0
32 36 49
32 39 45
32 41 3
32 45 18
32 47 25
32 50 6
32 52 27
32 54 8
32 56 21
32 57 58
32 58 42
32 59 4
33 0 55
33 2 56
33 3 10
33 7 21
33 8 23
33 10 3
33 12 16
33 14 27
33 16 33
33 18 11
33 20 19
33 22 43
33 23 47
33 26 32
33 29 44
33 30 30
33 32 54
33 36 13
33 37 20
33 38 24
33 39 0
33 43 45
33 44 50
33 45 15
33 46 14
33 47 48
33 49 53
33 51 22
33 52 18
33 53 38
33 57 9
33 59 35
34 1 34
34 4 59
34 6 36
34 11 44
34 13 40
34 15 25
34 18 5
34 19 39
34 24 52
34 25 15
34 26 33
34 27 21
34 28 50
34 29 35
34 30 58
34 31 10
34 32 9
34 33 30
34 34 41
34 35 16
34 36 37
34 37 28
34 38 53
34 39 2
34 40 31
34 45 48
34 46 42
34 47 8
34 50 54
34 51 26
34 53 13
34 54 45
34 56 24
34 57 49
34 59 19
35 0 4
35 1 30
35 2 32
35 3 50
35 4 42
35 6 20
35 7 39
35 10 28
35 11 33
35 12 23
35 13 57
35 15 31
35 17 36
35 18 3
35 19 38
35 21 1
35 22 16
35 23 52
35 24 47
35 25 12
35 26 11
35 28 0
35 29 17
35 30 29
35 32 40
35 33 41
35 34 13
35 35 49
35 37 58
35 38 10
35 40 24
35 41 26
35 42 37
35 43 21
35 44 22
35 45 7
35 46 54
35 47 51
35 49 44
35 51 19
35 52 14
35 53 46
35 54 27
35 56 8
35 57 25
35 59 15
36 0 8
36 1 58
36 3 19
36 5 30
36 6 14
36 7 28
36 8 53
36 9 4
36 10 26
36 11 6
36 14 49
36 15 16
36 16 9
36 17 18
36 19 52
36 20 15
36 21 38
36 22 25
36 26 50
36 28 29
36 29 42
36 31 13
36 33 51
36 35 59
36 36 45
36 38 1
36 39 5
36 40 20
36 41 24
36 42 23
36 43 33
36 44 31
36 45 11
36 46 57
36 48 37
36 49 54
36 50 10
36 52 40
36 53 17
36 54 0
36 55 3
36 58 7
36 59 56
37 0 20
37 4 3
37 5 15
37 7 36
37 8 43
37 9 38
37 10 12
37 12 45
37 14 26
37 16 13
37 18 53
37 20 16
37 22 7
37 23 40
37 24 5
37 25 59
37 26 4
37 27 48
37 28 35
37 32 22
37 33 54
37 34 49
37 35 11
37 36 51
37 42 55
37 45 37
37 46 27
37 47 17
37 48 57
37 49 19
37 50 46
37 51 28
37 52 6
37 53 52
37 54 1
37 55 30
37 59 41
38 1 48
38 2 31
38 3 59
38 4 9
38 5 52
38 6 11
38 9 55
38 10 47
38 11 3
38 12 10
38 13 15
38 17 43
38 19 28
38 20 33
38 21 13
38 23 42
38 24 40
38 25 45
38 27 39
38 28 38
38 30 1
38 32 7
38 36 50
38 37 25
38 38 23
38 40 46
38 41 36
38 42 2
38 43 6
38 50 22
38 51 58
38 53 56
38 54 17
38 55 4
38 56 18
38 57 21
38 59 14
39 2 29
39 3 34
39 4 53
39 5 33
39 7 58
39 8 50
39 11 0
39 12 52
39 13 20
39 14 57
39 15 24
39 17 26
39 18 12
39 20 30
39 21 40
39 22 59
39 23 49
39 24 4
39 26 48
39 28 42
39 30 45
39 31 6
39 32 18
39 35 7
39 38 55
39 40 47
39 41 46
39 43 43
39 45 19
39 46 39
39 48 9
39 49 27
39 53 51
39 54 22
39 55 28
39 56 54
39 57 37
39 58 17
39 59 25
40 0 22
40 2 18
40 3 36
40 4 44
40 6 45
40 7 1
40 8 40
40 9 19
40 10 5
40 11 41
40 13 13
40 14 12
40 15 50
40 16 29
40 17 52
40 18 39
40 19 54
40 20 3
40 21 2
40 23 6
40 24 21
40 25 43
40 26 14
40 27 26
40 29 31
40 30 11
40 33 0
40 35 17
40 36 24
40 37 59
40 39 25
40 40 7
40 42 35
40 43 38
40 44 57
40 45 20
40 47 58
40 48 33
40 50 37
40 51 4
40 54 15
40 55 34
40 58 55
41 0 0
41 2 13
41 4 23
41 6 38
41 7 25
41 8 20
41 12 31
41 16 8
41 17 46
41 20 29
41 24 34
41 26 37
41 27 3
41 28 6
41 30 51
41 35 42
41 36 39
41 37 27
41 40 40
41 41 50
41 42 59
41 43 52
41 46 53
41 48 41
41 49 5
41 51 45
41 54 26
41 55 58
41 56 12
41 57 11
42 1 55
42 4 7
42 5 5
42 7 50
42 9 56
42 11 8
42 12 18
42 14 25
42 17 20
42 18 2
42 24 42
42 25 35
42 26 13
42 27 16
42 29 48
42 31 38
42 32 58
42 33 46
42 36 1
42 38 59
42 39 3
42 40 49
42 42 4
42 43 14
42 45 10
42 49 29
42 50 15
42 51 52
42 53 21
42 54 19
42 59 30
43 0 48
43 2 1
43 3 8
43 8 16
43 10 54
43 15 3
43 17 5
43 19 36
43 20 51
43 21 26
43 22 56
43 23 43
43 24 7
43 25 2
43 26 49
43 27 6
43 32 17
43 33 37
43 36 11
43 37 57
43 38 34
43 40 23
43 41 40
43 44 46
43 45 33
43 46 12
43 47 28
43 48 10
43 50 27
43 53 18
43 54 20
43 55 45
43 56 14
43 57 19
43 58 30
43 59 21
44 1 53
44 3 40
44 7 56
44 11 38
44 13 36
44 15 1
44 21 3
44 22 32
44 23 33
44 25 22
44 26 8
44 27 29
44 29 10
44 30 18
44 31 26
44 33 16
44 35 13
44 36 48
44 37 15
44 38 0
44 40 5
44 42 25
44 44 7
44 45 41
44 46 30
44 51 39
44 52 35
44 53 31
44 54 51
44 55 21
44 59 37
45 0 43
45 3 22
45 4 2
45 5 20
45 6 50
45 7 3
45 8 36
45 9 34
45 12 28
45 13 26
45 14 0
45 16 1
45 17 6
45 20 58
45 21 55
45 22 4
45 23 14
45 24 11
45 26 38
45 28 13
45 29 27
45 30 5
45 32 52
45 34 24
45 36 10
45 38 41
45 39 19
45 43 17
45 44 53
45 45 51
45 46 16
45 47 45
45 48 48
45 50 18
45 51 7
45 53 32
45 55 33
45 56 9
45 58 54
46 0 1
46 3 49
46 5 19
46 6 42
46 7 32
46 8 22
46 9 40
46 13 6
46 14 18
46 15 13
46 16 20
46 17 39
46 20 21
46 22 57
46 25 14
46 26 58
46 28 16
46 29 51
46 31 3
46 32 11
46 33 29
46 34 53
46 37 41
46 38 44
46 39 10
46 41 12
46 42 5
46 43 46
46 46 23
46 47 54
46 48 34
46 49 38
46 51 2
46 53 30
46 54 55
46 58 59
46 59 48
47 0 3
47 2 58
47 3 13
47 4 50
47 5 35
47 6 40
47 11 52
47 12 30
47 13 8
47 15 6
47 16 15
47 17 45
47 19 47
47 22 20
47 24 55
47 25 36
47 27 41
47 29 37
47 30 14
47 32 42
47 35 29
47 36 26
47 38 21
47 40 17
47 42 28
47 43 54
47 44 25
47 46 0
47 47 7
47 48 4
47 49 39
47 52 34
47 53 16
47 56 31
47 57 10
47 59 43
48 0 36
48 2 12
48 3 44
48 4 11
48 5 23
48 6 58
48 7 10
48 9 0
48 10 41
48 11 48
48 13 43
48 14 53
48 16 34
48 17 51
48 20 54
48 21 5
48 22 55
48 24 57
48 25 21
48 26 17
48 27 28
48 28 49
48 30 4
48 31 45
48 32 14
48 33 56
48 36 20
48 38 13
48 39 47
48 40 18
48 41 31
48 42 1
48 43 24
48 44 59
48 45 27
48 47 35
48 48 39
48 50 25
48 51 37
48 52 9
48 53 8
48 54 16
48 55 52
48 57 50
48 59 46
49 0 52
49 1 47
49 2 54
49 3 51
49 10 58
49 11 15
49 13 25
49 14 5
49 15 55
49 18 46
49 19 31
49 22 33
49 23 34
49 25 0
49 26 35
49 28 40
49 30 27
49 32 49
49 35 28
49 37 6
49 38 16
49 41 8
49 42 39
49 45 9
49 46 17
49 49 45
49 51 32
49 52 59
49 53 1
49 54 21
49 55 10
49 57 2
49 58 18
49 59 3
50 1 13
50 2 28
50 3 7
50 4 37
50 5 50
50 6 54
50 9 43
50 10 16
50 11 20
50 13 32
50 14 17
50 17 10
50 18 34
50 20 11
50 21 33
50 23 31
50 24 30
50 25 8
50 28 44
50 29 4
50 30 38
50 32 48
50 35 57
50 36 3
50 37 5
50 38 49
50 40 36
50 43 9
50 44 19
50 45 14
50 47 59
50 48 45
50 49 35
50 53 2
50 54 40
50 57 27
50 58 39
50 59 58
51 1 59
51 2 16
51 3 27
51 6 10
51 9 11
51 10 39
51 12 20
51 14 15
51 17 32
51 18 23
51 19 45
51 21 34
51 23 51
51 24 56
51 25 33
51 27 31
51 28 25
51 29 12
51 30 53
51 31 24
51 33 57
51 35 35
51 36 44
51 37 46
51 39 40
51 43 7
51 44 13
51 45 42
51 47 21
51 48 0
51 50 50
51 51 49
51 52 17
51 53 4
51 54 38
51 55 43
51 56 30
51 58 8
51 59 47
52 0 54
52 3 28
52 5 2
52 7 55
52 9 26
52 10 35
52 16 11
52 18 0
52 20 38
52 21 14
52 24 12
52 25 44
52 27 57
52 29 50
52 31 15
52 32 51
52 33 47
52 34 36
52 35 31
52 36 25
52 37 4
52 40 8
52 42 33
52 45 34
52 51 53
52 52 10
52 53 41
52 54 56
52 55 20
52 56 43
52 59 1
53 1 27
53 2 39
53 5 9
53 8 49
53 10 48
53 11 21
53 15 23
53 16 50
53 18 17
53 21 44
53 22 3
53 23 8
53 25 16
53 27 59
53 28 55
53 29 28
53 31 43
53 32 35
53 33 38
53 37 7
53 39 14
53 40 22
53 41 51
53 42 36
53 43 47
53 44 32
53 46 25
53 47 30
53 48 53
53 49 0
53 51 34
53 52 15
53 56 11
53 58 52
53 59 20
54 0 39
54 2 27
54 3 25
54 5 43
54 6 19
54 7 4
54 8 48
54 9 57
54 12 15
54 14 38
54 16 24
54 17 55
54 19 40
54 21 10
54 24 33
54 25 17
54 27 30
54 28 52
54 29 56
54 30 23
54 33 18
54 35 1
54 37 26
54 38 2
54 42 45
54 43 59
54 44 16
54 45 50
54 46 7
54 48 32
54 49 9
54 50 47
54 51 41
54 56 0
54 57 14
54 58 46
54 59 31
55 0 21
55 1 41
55 2 19
55 3 55
55 9 25
55 10 6
55 12 5
55 14 50
55 15 49
55 16 0
55 17 7
55 18 54
55 20 8
55 27 17
55 30 3
55 31 48
55 35 24
55 37 30
55 38 40
55 39 39
55 41 16
55 42 15
55 44 23
55 45 53
55 46 1
55 48 27
55 51 31
55 57 4
55 58 11
56 0 59
56 2 34
56 3 47
56 6 24
56 7 17
56 8 8
56 11 26
56 12 35
56 13 19
56 14 31
56 15 10
56 16 28
56 17 25
56 20 41
56 22 0
56 24 22
56 25 42
56 29 38
56 31 1
56 35 36
56 36 58
56 38 7
56 39 11
56 41 2
56 42 56
56 43 55
56 46 20
56 49 3
56 50 57
56 51 14
56 52 48
56 54 50
56 56 27
57 1 12
57 2 36
57 4 32
57 5 25
57 6 31
57 7 59
57 9 16
57 12 44
57 13 47
57 14 46
57 15 17
57 16 14
57 20 55
57 21 7
57 24 48
57 25 30
57 27 51
57 28 21
57 30 28
57 31 23
57 32 19
57 33 35
57 34 50
57 35 43
57 36 29
57 37 8
57 38 39
57 39 26
57 40 57
57 41 0
57 47 5
57 48 3
57 49 58
57 50 11
57 52 54
57 53 9
57 54 41
57 55 2
57 57 20
57 58 4
57 59 52
58 0 14
58 1 8
58 2 23
58 4 18
58 5 13
58 7 33
58 8 44
58 9 7
58 11 31
58 12 56
58 15 4
58 16 2
58 18 1
58 19 24
58 22 6
58 24 25
58 25 38
58 26 36
58 27 42
58 28 54
58 30 34
58 31 16
58 33 12
58 34 27
58 35 45
58 38 35
58 42 11
58 43 19
58 44 51
58 45 3
58 46 47
58 47 32
58 49 41
58 50 17
58 53 26
58 55 46
58 58 49
58 59 0
59 1 54
59 2 20
59 4 36
59 5 6
59 6 56
59 7 52
59 8 10
59 10 42
59 11 2
59 14 29
59 17 53
59 18 47
59 19 11
59 21 45
59 23 59
59 24 3
59 25 49
59 26 16
59 28 15
59 29 21
59 30 0
59 31 25
59 34 55
59 35 38
59 39 23
59 40 51
59 42 13
59 43 28
59 44 34
59 45 43
59 46 46
59 47 37
59 48 5
59 50 41
59 51 27
59 52 50
59 54 4
59 56 19
59 57 18
59 58 35
59 59 44
