70
0 0 17
0 3 14
0 6 43
0 7 37
0 8 10
0 11 46
0 12 11
0 13 36
0 15 6
0 17 62
0 19 45
0 20 38
0 22 29
0 31 69
0 40 5
0 43 27
0 44 7
0 49 40
0 50 21
0 51 28
0 56 64
0 59 68
0 62 1
0 63 57
0 64 41
1 0 0
1 1 7
1 2 69
1 4 13
1 7 41
1 8 35
1 9 47
1 10 6
1 13 39
1 15 20
1 18 32
1 22 43
1 23 55
1 25 48
1 26 30
1 27 44
1 29 12
1 30 2
1 32 59
1 33 22
1 37 21
1 40 3
1 48 17
1 49 18
1 50 31
1 51 51
1 55 64
1 59 62
1 60 9
1 64 28
1 65 10
1 69 56
2 0 13
2 1 56
2 2 25
2 8 7
2 9 59
2 10 10
2 11 16
2 21 61
2 22 67
2 24 58
2 25 26
2 28 60
2 30 62
2 34 47
2 36 40
2 42 34
2 43 54
2 44 37
2 47 12
2 56 32
2 57 23
2 61 44
2 62 29
2 65 1
2 68 45
3 1 61
3 3 22
3 4 57
3 5 42
3 10 35
3 13 41
3 15 30
3 24 33
3 27 58
3 30 20
3 31 64
3 34 36
3 38 37
3 40 14
3 43 60
3 44 10
3 47 15
3 49 67
3 55 31
3 58 6
3 65 50
4 3 54
4 4 24
4 12 34
4 19 46
4 21 27
4 24 12
4 31 56
4 32 69
4 34 19
4 35 21
4 36 55
4 37 15
4 39 28
4 40 22
4 41 65
4 42 7
4 43 8
4 47 30
4 49 44
4 52 47
4 57 26
4 58 40
4 59 38
4 61 4
4 67 35
4 69 45
5 9 7
5 10 57
5 11 50
5 14 5
5 17 32
5 21 6
5 22 56
5 23 43
5 24 25
5 26 35
5 27 27
5 29 39
5 44 29
5 46 13
5 47 1
5 52 58
5 53 34
5 58 45
5 59 30
5 61 36
5 62 60
5 63 31
5 65 24
5 67 67
6 0 4
6 2 41
6 3 45
6 4 25
6 11 28
6 13 9
6 15 42
6 17 11
6 28 8
6 30 27
6 31 1
6 34 67
6 37 55
6 44 68
6 46 56
6 47 59
6 49 57
6 59 44
6 60 22
6 61 39
6 64 34
6 65 52
7 0 39
7 6 46
7 16 57
7 17 49
7 19 18
7 22 4
7 24 61
7 25 2
7 26 3
7 34 16
7 39 9
7 40 31
7 41 13
7 42 11
7 45 33
7 46 60
7 54 14
7 55 56
7 58 26
7 61 40
7 62 64
7 63 58
7 64 20
7 66 5
7 69 19
8 5 48
8 10 7
8 16 27
8 19 16
8 20 42
8 21 4
8 24 22
8 25 30
8 29 28
8 31 44
8 36 66
8 38 26
8 39 67
8 40 55
8 42 9
8 46 18
8 47 61
8 48 21
8 50 54
8 51 10
8 52 43
8 54 62
8 56 58
8 57 8
8 58 68
8 60 3
8 62 69
8 63 5
8 64 65
8 67 36
8 69 64
9 2 0
9 4 48
9 6 45
9 18 66
9 19 62
9 23 52
9 25 55
9 26 41
9 27 5
9 29 26
9 30 43
9 31 27
9 34 15
9 35 10
9 36 34
9 38 38
9 39 44
9 41 19
9 44 47
9 45 67
9 46 57
9 47 20
9 52 14
9 60 56
9 64 54
9 67 8
9 69 23
10 0 68
10 5 69
10 10 53
10 13 26
10 15 44
10 18 11
10 21 30
10 22 3
10 23 10
10 25 35
10 27 61
10 36 23
10 39 7
10 42 42
10 46 49
10 47 34
10 50 62
10 52 38
10 53 54
10 55 17
10 57 0
10 62 50
10 65 48
10 69 25
11 0 2
11 5 21
11 7 52
11 8 60
11 9 12
11 11 66
11 12 35
11 14 28
11 16 44
11 19 40
11 20 4
11 22 11
11 24 51
11 27 31
11 28 50
11 30 0
11 34 17
11 36 67
11 39 55
11 42 45
11 47 19
11 50 39
11 52 15
11 53 13
11 56 54
11 60 43
11 64 56
11 65 47
11 68 41
12 0 45
12 1 30
12 3 18
12 6 32
12 7 36
12 9 52
12 12 29
12 16 19
12 17 10
12 18 12
12 19 23
12 21 63
12 24 1
12 26 38
12 27 26
12 29 47
12 31 41
12 36 13
12 39 39
12 40 61
12 44 58
12 45 48
12 48 33
12 55 54
12 61 15
12 62 7
12 65 64
12 66 4
12 67 9
13 2 52
13 3 37
13 4 30
13 5 13
13 8 27
13 14 14
13 17 17
13 20 9
13 21 53
13 22 19
13 24 28
13 26 65
13 27 51
13 28 54
13 31 5
13 34 22
13 38 33
13 39 8
13 40 12
13 41 3
13 43 68
13 47 21
13 50 59
13 51 29
13 52 7
13 56 69
13 59 57
13 60 24
13 62 35
13 64 64
13 67 25
14 1 62
14 3 0
14 6 25
14 7 58
14 10 4
14 14 48
14 16 30
14 17 12
14 22 37
14 24 6
14 25 24
14 26 66
14 27 64
14 30 8
14 35 57
14 37 31
14 40 13
14 42 63
14 43 51
14 44 39
14 46 67
14 47 47
14 48 22
14 57 17
14 58 7
14 60 68
14 62 61
14 66 20
14 68 21
15 2 19
15 5 61
15 7 56
15 8 17
15 13 5
15 16 58
15 17 31
15 22 50
15 31 26
15 33 60
15 34 40
15 40 10
15 41 12
15 42 69
15 43 44
15 48 7
15 57 22
15 58 43
15 61 37
15 63 11
15 66 52
15 67 29
16 1 39
16 5 15
16 7 34
16 8 13
16 9 22
16 10 24
16 12 42
16 14 54
16 16 43
16 17 50
16 18 59
16 19 1
16 20 35
16 21 68
16 22 32
16 26 17
16 29 58
16 30 60
16 33 9
16 35 49
16 36 19
16 37 46
16 38 52
16 40 29
16 41 30
16 46 40
16 49 53
16 50 5
16 51 47
16 56 48
16 57 61
16 58 44
16 59 0
16 61 28
16 68 10
17 0 29
17 2 59
17 4 40
17 7 49
17 8 24
17 13 58
17 16 5
17 17 28
17 18 22
17 21 57
17 23 68
17 24 11
17 26 63
17 27 13
17 28 69
17 29 1
17 30 65
17 33 44
17 39 66
17 43 30
17 45 20
17 46 15
17 47 32
17 50 34
17 51 39
17 52 64
17 54 54
17 55 45
17 56 4
17 59 42
17 61 21
17 63 33
17 64 14
17 65 26
17 66 19
17 69 38
18 0 1
18 9 4
18 13 31
18 14 40
18 17 24
18 19 52
18 20 15
18 22 64
18 25 46
18 27 39
18 28 59
18 29 33
18 32 16
18 43 21
18 44 54
18 50 28
18 53 36
18 54 50
18 61 42
18 64 26
18 66 48
19 0 22
19 1 1
19 3 6
19 4 59
19 5 49
19 6 16
19 11 40
19 12 68
19 15 33
19 16 62
19 17 8
19 21 9
19 22 61
19 23 26
19 25 63
19 27 52
19 28 2
19 29 55
19 35 25
19 37 57
19 38 20
19 42 50
19 43 4
19 44 30
19 46 0
19 49 69
19 51 17
19 53 45
19 54 10
19 59 18
19 68 31
20 2 38
20 3 57
20 4 50
20 5 17
20 7 14
20 12 24
20 16 46
20 19 60
20 20 45
20 21 62
20 31 21
20 35 16
20 38 56
20 40 32
20 41 27
20 42 5
20 44 63
20 47 39
20 50 4
20 53 10
20 57 53
20 58 3
20 60 25
20 62 68
20 63 65
21 0 67
21 2 39
21 3 38
21 5 31
21 8 52
21 9 60
21 10 40
21 11 3
21 12 30
21 15 2
21 16 36
21 17 57
21 18 1
21 19 51
21 22 49
21 23 14
21 27 15
21 32 19
21 34 48
21 40 17
21 43 47
21 45 50
21 46 45
21 48 23
21 49 33
21 51 12
21 52 41
21 53 35
21 57 42
21 59 11
21 60 28
21 62 21
21 66 25
21 67 58
21 69 27
22 2 45
22 3 56
22 5 41
22 6 27
22 7 30
22 10 64
22 11 36
22 14 3
22 16 25
22 17 58
22 23 4
22 25 65
22 26 12
22 27 49
22 29 15
22 32 61
22 36 42
22 38 50
22 39 68
22 40 60
22 44 5
22 45 10
22 46 1
22 48 37
22 50 7
22 53 69
22 55 29
22 57 24
22 58 19
22 60 26
22 62 6
22 64 23
22 66 2
22 69 21
23 2 64
23 7 54
23 8 1
23 15 9
23 21 29
23 22 23
23 29 22
23 30 55
23 31 47
23 32 26
23 38 68
23 45 45
23 50 69
23 55 24
23 57 46
23 59 32
23 64 12
23 66 58
23 68 65
24 1 28
24 3 3
24 4 64
24 5 44
24 8 54
24 12 62
24 16 4
24 18 58
24 20 59
24 21 35
24 22 60
24 25 15
24 26 49
24 28 56
24 30 41
24 31 52
24 32 30
24 34 8
24 35 17
24 36 37
24 37 13
24 39 42
24 40 47
24 41 11
24 42 39
24 43 33
24 45 66
24 46 68
24 51 50
24 52 21
24 54 36
24 57 57
24 58 67
24 65 31
24 67 19
25 0 49
25 1 45
25 2 9
25 3 53
25 4 29
25 14 27
25 17 30
25 18 24
25 19 21
25 27 32
25 28 37
25 30 5
25 32 40
25 33 18
25 42 22
25 43 13
25 44 48
25 45 63
25 47 4
25 48 43
25 49 0
25 52 65
25 54 66
25 55 57
25 61 64
25 65 11
25 66 46
25 67 12
26 9 56
26 10 12
26 11 2
26 12 47
26 13 18
26 14 38
26 15 58
26 20 43
26 23 27
26 28 48
26 32 15
26 33 65
26 36 22
26 37 5
26 41 41
26 43 55
26 47 14
26 49 49
26 52 4
26 53 42
26 60 67
26 61 61
26 63 19
26 69 11
27 5 23
27 8 55
27 12 59
27 13 1
27 16 31
27 18 61
27 19 4
27 24 53
27 26 68
27 30 15
27 33 57
27 34 69
27 39 11
27 41 60
27 43 19
27 44 26
27 47 10
27 48 35
27 49 30
27 50 58
27 51 25
27 53 20
27 54 32
27 56 3
27 61 50
27 63 66
27 65 16
27 68 18
28 1 29
28 2 42
28 3 30
28 5 0
28 9 1
28 11 27
28 12 22
28 14 64
28 15 61
28 18 2
28 21 65
28 24 3
28 26 31
28 27 37
28 29 62
28 34 12
28 35 55
28 36 10
28 41 43
28 42 59
28 43 32
28 44 16
28 45 26
28 47 54
28 50 25
28 51 8
28 54 40
28 56 14
28 60 46
28 61 53
28 63 18
28 65 68
28 68 17
29 3 36
29 5 53
29 6 51
29 7 0
29 10 65
29 11 11
29 13 44
29 15 17
29 16 14
29 21 47
29 23 25
29 28 7
29 32 39
29 33 30
29 34 13
29 36 63
29 40 23
29 41 56
29 42 35
29 47 22
29 52 61
29 53 3
29 56 15
29 57 31
29 66 34
29 68 33
30 2 26
30 6 21
30 8 51
30 10 0
30 11 60
30 13 15
30 14 59
30 16 17
30 20 67
30 21 32
30 23 48
30 25 41
30 27 62
30 31 55
30 32 37
30 37 3
30 39 27
30 40 40
30 41 54
30 42 52
30 45 69
30 49 58
30 50 2
30 51 18
30 53 56
30 55 30
30 58 22
30 68 9
31 0 23
31 2 28
31 4 35
31 5 26
31 6 41
31 7 12
31 8 5
31 11 22
31 15 66
31 17 21
31 19 59
31 22 0
31 25 51
31 26 61
31 28 47
31 33 15
31 34 27
31 36 16
31 38 9
31 41 38
31 45 62
31 50 68
31 51 54
31 55 6
31 57 29
31 60 32
31 63 14
31 64 4
32 1 0
32 4 39
32 5 3
32 7 66
32 8 26
32 9 6
32 11 1
32 15 18
32 20 33
32 23 62
32 27 2
32 28 19
32 32 65
32 35 22
32 39 56
32 40 42
32 41 50
32 42 4
32 46 43
32 51 55
32 53 52
32 55 68
32 57 9
32 58 46
32 59 45
32 65 38
32 66 53
32 67 16
32 68 59
33 1 51
33 2 12
33 3 50
33 6 54
33 8 69
33 10 23
33 13 11
33 16 47
33 17 65
33 18 56
33 20 60
33 21 39
33 23 16
33 24 64
33 25 42
33 34 57
33 35 62
33 39 22
33 44 38
33 56 13
33 57 40
33 58 4
33 62 37
33 66 26
33 67 32
33 68 35
34 0 12
34 1 68
34 6 17
34 13 69
34 16 54
34 19 64
34 20 13
34 22 47
34 24 5
34 26 42
34 30 67
34 31 29
34 33 19
34 34 60
34 48 25
34 50 33
34 51 53
34 52 57
34 57 7
34 60 14
34 62 40
34 63 35
34 65 41
34 67 27
34 68 22
35 0 31
35 4 10
35 6 59
35 7 50
35 8 34
35 9 53
35 14 26
35 15 27
35 16 18
35 18 52
35 20 24
35 21 25
35 26 4
35 27 16
35 28 23
35 29 35
35 32 55
35 33 46
35 36 11
35 39 0
35 45 30
35 48 32
35 49 3
35 55 69
35 58 64
35 61 19
35 63 13
35 64 47
35 66 51
36 2 65
36 3 59
36 9 45
36 11 35
36 14 21
36 15 28
36 19 13
36 23 47
36 26 33
36 31 19
36 32 4
36 33 42
36 34 10
36 35 29
36 37 20
36 38 60
36 39 41
36 46 61
36 47 68
36 48 56
36 52 34
36 59 6
36 62 51
36 66 17
37 7 23
37 9 51
37 12 58
37 13 38
37 15 49
37 21 3
37 22 52
37 26 6
37 27 43
37 28 46
37 32 8
37 36 64
37 37 12
37 41 33
37 43 14
37 45 13
37 54 39
37 55 21
37 60 7
37 61 5
37 63 1
37 64 44
37 65 34
37 67 20
37 68 16
38 2 49
38 5 34
38 6 31
38 10 69
38 12 45
38 14 46
38 20 63
38 22 42
38 28 43
38 30 54
38 35 12
38 39 38
38 40 65
38 42 10
38 43 59
38 46 23
38 58 16
38 60 58
38 68 64
39 1 52
39 2 10
39 4 56
39 5 29
39 6 39
39 10 44
39 12 9
39 14 34
39 17 53
39 19 32
39 22 1
39 24 46
39 25 4
39 26 48
39 27 67
39 30 6
39 31 40
39 35 66
39 40 62
39 43 12
39 44 41
39 46 26
39 48 14
39 49 7
39 50 45
39 53 64
39 54 65
39 56 60
39 57 35
39 61 63
39 62 5
39 65 37
39 67 54
39 69 22
40 0 11
40 2 46
40 3 10
40 4 68
40 5 27
40 11 39
40 16 13
40 26 5
40 30 23
40 31 28
40 33 6
40 34 25
40 41 17
40 42 47
40 43 34
40 45 36
40 47 56
40 49 66
40 55 18
40 60 16
40 61 55
40 62 33
40 63 51
40 64 30
40 65 8
40 69 69
41 0 28
41 2 56
41 6 69
41 8 3
41 13 42
41 19 48
41 20 39
41 24 10
41 25 1
41 27 21
41 31 63
41 33 29
41 35 27
41 38 19
41 41 4
41 43 5
41 46 46
41 52 35
41 57 32
41 58 53
41 59 55
41 60 33
41 63 52
41 64 57
41 65 15
41 69 7
42 7 7
42 10 13
42 13 68
42 15 16
42 16 42
42 17 38
42 19 12
42 21 23
42 23 40
42 26 53
42 27 17
42 28 36
42 29 27
42 30 26
42 32 60
42 34 33
42 35 37
42 39 46
42 47 24
42 48 34
42 53 22
42 54 18
42 59 66
42 61 45
42 63 3
42 67 64
43 0 50
43 7 19
43 9 65
43 10 1
43 11 20
43 12 60
43 14 51
43 15 14
43 16 48
43 18 68
43 20 56
43 26 29
43 33 5
43 34 43
43 36 28
43 41 2
43 44 52
43 51 59
43 55 49
43 58 38
43 61 66
43 62 41
43 65 69
44 7 11
44 9 18
44 13 27
44 17 43
44 20 62
44 23 54
44 29 42
44 32 28
44 36 56
44 37 58
44 38 6
44 41 15
44 42 3
44 43 50
44 44 19
44 48 44
44 50 64
44 52 67
44 55 35
44 59 49
44 62 14
44 64 39
44 65 36
45 0 64
45 1 17
45 2 4
45 4 5
45 7 57
45 8 44
45 9 26
45 11 25
45 12 69
45 18 10
45 19 38
45 21 21
45 24 29
45 27 11
45 30 45
45 36 60
45 39 16
45 42 41
45 46 32
45 48 59
45 50 63
45 53 58
45 58 14
45 60 53
45 62 30
45 64 18
45 69 34
46 0 9
46 2 51
46 4 22
46 5 25
46 11 59
46 13 34
46 14 7
46 16 39
46 17 1
46 20 3
46 22 24
46 23 49
46 24 54
46 26 23
46 27 56
46 29 32
46 32 64
46 35 44
46 37 52
46 40 43
46 41 37
46 42 31
46 44 17
46 46 55
46 47 5
46 49 46
46 50 20
46 51 27
46 59 4
46 62 67
46 63 29
46 64 2
46 66 30
46 67 28
46 68 26
46 69 48
47 3 11
47 5 68
47 8 53
47 9 66
47 12 17
47 13 32
47 14 35
47 15 40
47 16 45
47 18 69
47 19 41
47 21 34
47 22 36
47 23 61
47 24 37
47 28 9
47 29 30
47 30 33
47 36 12
47 38 10
47 43 28
47 47 55
47 49 8
47 52 60
47 54 2
47 59 13
47 61 62
47 62 19
47 64 59
47 67 23
48 0 48
48 8 57
48 13 35
48 14 25
48 17 13
48 20 10
48 21 42
48 24 52
48 25 67
48 30 49
48 34 56
48 36 24
48 43 69
48 45 29
48 47 7
48 51 58
48 52 6
48 54 9
48 58 41
48 62 53
48 63 12
48 64 15
48 66 16
48 67 55
49 0 27
49 1 26
49 2 57
49 4 67
49 6 10
49 7 4
49 8 8
49 9 63
49 13 19
49 14 69
49 15 21
49 17 56
49 20 54
49 21 2
49 24 40
49 26 34
49 27 12
49 28 11
49 29 7
49 30 66
49 37 53
49 39 13
49 47 17
49 48 50
49 51 24
49 53 48
49 54 64
49 57 49
49 60 39
49 62 43
49 63 60
49 65 61
50 1 46
50 3 61
50 4 63
50 8 65
50 9 38
50 10 41
50 16 49
50 20 53
50 21 64
50 24 47
50 25 22
50 26 21
50 27 36
50 29 24
50 34 28
50 37 40
50 39 6
50 41 59
50 43 35
50 45 2
50 48 20
50 49 26
50 50 8
50 52 12
50 54 25
50 59 31
50 63 9
50 66 62
50 67 60
51 0 5
51 1 22
51 3 41
51 7 17
51 9 31
51 10 55
51 12 12
51 15 51
51 18 9
51 19 15
51 21 58
51 23 60
51 25 13
51 29 43
51 34 29
51 35 59
51 36 47
51 40 27
51 41 28
51 42 40
51 46 21
51 51 65
51 54 35
51 57 14
51 58 52
51 59 26
51 60 37
51 62 20
51 64 53
51 66 1
52 1 32
52 2 53
52 3 51
52 4 69
52 5 11
52 6 56
52 11 52
52 13 37
52 16 38
52 17 6
52 20 19
52 26 8
52 29 50
52 31 48
52 33 66
52 34 2
52 38 54
52 39 60
52 40 16
52 42 68
52 46 24
52 50 40
52 51 33
52 54 43
52 56 0
52 57 34
52 60 13
52 61 22
52 62 47
52 65 4
52 66 10
52 67 17
52 68 49
53 0 57
53 4 41
53 7 5
53 11 15
53 13 8
53 14 17
53 15 45
53 17 34
53 18 25
53 19 28
53 20 18
53 21 49
53 22 44
53 25 53
53 28 58
53 31 7
53 32 11
53 35 50
53 37 68
53 38 29
53 42 60
53 43 63
53 44 12
53 46 59
53 48 47
53 50 46
53 55 36
53 56 26
53 57 33
53 58 10
53 59 23
53 60 65
53 61 31
53 64 0
53 67 3
53 68 56
53 69 14
54 1 11
54 2 13
54 3 43
54 4 14
54 6 5
54 7 33
54 9 3
54 11 4
54 12 46
54 14 68
54 22 38
54 25 31
54 26 32
54 28 0
54 30 63
54 32 56
54 36 54
54 39 37
54 41 23
54 42 26
54 44 20
54 49 16
54 50 35
54 52 36
54 57 18
54 62 15
54 63 10
54 65 22
54 66 21
54 67 34
54 69 2
55 0 56
55 6 29
55 7 46
55 8 40
55 9 13
55 14 23
55 21 48
55 22 27
55 24 16
55 26 54
55 27 65
55 30 52
55 33 0
55 35 32
55 36 57
55 39 51
55 44 36
55 45 24
55 46 12
55 47 38
55 49 59
55 50 43
55 53 33
55 56 68
55 60 47
55 66 39
55 69 42
56 0 43
56 6 63
56 10 68
56 12 15
56 15 65
56 16 7
56 18 62
56 20 37
56 21 33
56 22 21
56 23 5
56 26 26
56 30 53
56 32 29
56 43 6
56 45 16
56 48 38
56 53 25
56 55 1
56 56 20
56 57 45
56 61 58
56 62 46
56 64 36
56 68 4
56 69 13
57 0 42
57 5 59
57 11 65
57 12 39
57 14 52
57 16 55
57 18 26
57 19 7
57 23 44
57 26 40
57 27 28
57 28 5
57 31 67
57 32 41
57 33 3
57 38 48
57 39 69
57 41 62
57 49 24
57 51 37
57 54 30
57 55 14
57 57 27
57 62 45
57 63 21
57 65 18
57 67 13
58 1 43
58 3 47
58 6 36
58 16 35
58 19 50
58 23 17
58 25 9
58 28 68
58 29 38
58 30 69
58 31 8
58 32 0
58 35 39
58 37 33
58 42 53
58 45 4
58 51 52
58 53 59
58 54 16
58 57 11
58 65 23
58 68 6
59 3 1
59 8 4
59 9 30
59 12 64
59 15 62
59 16 0
59 18 14
59 20 11
59 23 63
59 24 41
59 25 45
59 27 53
59 31 13
59 32 23
59 33 56
59 34 9
59 35 7
59 36 6
59 37 48
59 38 28
59 40 51
59 41 29
59 43 61
59 44 67
59 45 46
59 47 60
59 49 47
59 52 40
59 55 59
59 61 3
59 62 34
59 65 49
59 66 68
59 67 38
59 68 15
60 3 20
60 4 53
60 7 35
60 9 11
60 11 58
60 13 59
60 14 36
60 15 32
60 16 52
60 18 49
60 20 23
60 21 5
60 24 65
60 25 68
60 26 39
60 28 15
60 31 2
60 32 62
60 33 33
60 34 7
60 37 24
60 43 66
60 45 56
60 46 8
60 47 43
60 51 21
60 53 29
60 54 63
60 55 37
60 56 12
60 58 60
60 59 40
60 60 44
60 66 28
61 2 16
61 5 12
61 6 37
61 8 0
61 11 67
61 14 62
61 15 38
61 17 35
61 18 29
61 19 8
61 20 1
61 21 54
61 22 58
61 24 21
61 26 55
61 27 25
61 28 22
61 29 63
61 30 17
61 31 20
61 33 41
61 36 48
61 37 34
61 40 6
61 41 66
61 45 60
61 49 43
61 50 61
61 51 69
61 61 9
61 62 44
61 63 32
61 64 13
61 67 59
62 1 16
62 2 33
62 5 64
62 9 54
62 10 39
62 11 18
62 13 21
62 15 19
62 17 0
62 19 43
62 21 51
62 23 20
62 25 49
62 26 13
62 29 37
62 31 38
62 32 35
62 34 41
62 36 58
62 39 47
62 42 36
62 45 52
62 47 45
62 49 10
62 50 22
62 51 32
62 52 50
62 53 67
62 55 61
62 57 6
62 60 2
62 65 12
62 66 63
62 67 65
62 69 68
63 3 49
63 11 64
63 18 23
63 22 7
63 23 6
63 25 58
63 26 14
63 29 17
63 31 16
63 32 45
63 33 61
63 38 25
63 41 42
63 42 56
63 43 48
63 44 3
63 48 8
63 51 66
63 52 44
63 54 29
63 57 62
63 59 53
63 62 10
63 66 15
64 4 20
64 10 22
64 16 12
64 20 51
64 24 34
64 30 10
64 32 3
64 37 42
64 38 13
64 41 36
64 43 52
64 44 50
64 47 48
64 49 68
64 51 62
64 55 7
64 64 55
64 65 67
64 67 30
64 69 26
65 1 49
65 3 12
65 7 26
65 10 33
65 11 31
65 15 64
65 21 19
65 24 57
65 25 43
65 30 1
65 31 59
65 33 54
65 36 44
65 40 46
65 42 38
65 43 25
65 54 56
65 55 40
65 56 37
65 58 0
65 59 61
65 64 24
65 65 55
65 69 6
66 0 60
66 1 6
66 2 47
66 4 33
66 5 18
66 9 34
66 11 57
66 13 22
66 15 3
66 17 54
66 18 19
66 22 13
66 25 52
66 29 5
66 30 25
66 34 45
66 37 7
66 39 40
66 41 35
66 42 48
66 44 56
66 45 23
66 48 51
66 50 49
66 51 64
66 56 10
66 57 59
66 60 1
66 64 11
66 66 66
66 69 37
67 0 20
67 1 67
67 5 35
67 6 47
67 10 5
67 11 56
67 17 41
67 19 49
67 21 37
67 22 66
67 23 8
67 24 14
67 27 19
67 29 46
67 30 11
67 32 58
67 33 59
67 34 54
67 35 38
67 41 44
67 45 27
67 46 3
67 47 40
67 49 4
67 50 60
67 51 13
67 53 1
67 54 33
67 58 31
67 61 23
67 63 7
67 64 62
67 66 9
68 0 52
68 1 19
68 3 42
68 4 26
68 8 18
68 9 67
68 10 54
68 15 7
68 19 35
68 20 40
68 23 15
68 26 44
68 27 68
68 34 6
68 35 28
68 37 8
68 39 53
68 40 34
68 46 47
68 47 69
68 48 45
68 54 46
68 55 58
68 58 9
68 59 48
68 60 60
68 62 62
68 63 36
68 64 3
68 65 20
69 0 44
69 1 24
69 2 36
69 3 66
69 5 45
69 10 29
69 12 33
69 14 41
69 15 69
69 16 9
69 20 12
69 23 65
69 29 40
69 30 59
69 35 48
69 39 35
69 41 39
69 43 17
69 44 34
69 49 14
69 51 56
69 53 47
69 58 54
69 60 5
69 62 42
69 65 3
