70
0 2 31
0 3 6
0 9 17
0 10 23
0 11 12
0 14 8
0 15 3
0 19 68
0 25 66
0 26 2
0 27 56
0 28 26
0 42 64
0 43 4
0 44 34
0 45 39
0 46 41
0 49 48
0 52 1
0 53 58
0 56 33
0 58 32
0 59 13
0 64 65
0 65 60
0 69 14
1 9 63
1 10 7
1 12 40
1 13 27
1 15 9
1 16 55
1 18 35
1 28 45
1 32 21
1 33 29
1 37 60
1 39 3
1 43 15
1 45 34
1 47 62
1 49 38
1 51 54
1 59 58
1 60 36
1 62 20
1 65 2
1 66 26
1 68 43
1 69 13
2 2 11
2 11 28
2 12 67
2 15 54
2 17 20
2 18 7
2 23 66
2 25 46
2 29 58
2 35 6
2 43 38
2 50 41
2 51 55
2 57 21
2 62 26
2 63 56
2 66 3
2 68 39
3 0 4
3 2 24
3 3 33
3 5 60
3 6 14
3 14 62
3 15 12
3 20 66
3 21 52
3 25 32
3 26 29
3 32 65
3 33 53
3 39 68
3 41 7
3 42 57
3 47 10
3 51 15
3 54 3
3 57 55
3 58 11
3 63 19
3 64 39
3 65 22
3 69 35
4 13 66
4 26 10
4 30 9
4 34 32
4 36 45
4 37 56
4 38 18
4 43 47
4 46 40
4 50 36
4 55 29
4 58 0
4 63 17
4 64 3
4 65 11
4 69 48
5 0 38
5 5 41
5 11 18
5 12 20
5 17 22
5 28 39
5 29 55
5 31 31
5 33 34
5 35 1
5 36 47
5 42 29
5 45 13
5 46 3
5 49 2
5 52 32
5 54 45
5 56 48
5 60 57
5 64 25
5 65 30
6 0 23
6 6 18
6 11 33
6 12 11
6 13 12
6 18 56
6 29 48
6 31 9
6 33 45
6 39 7
6 40 49
6 41 47
6 42 24
6 49 4
6 52 54
6 56 30
6 61 20
6 65 35
6 67 69
6 68 53
7 5 37
7 14 66
7 16 7
7 18 51
7 19 25
7 25 50
7 27 29
7 32 44
7 34 69
7 39 31
7 41 26
7 42 53
7 44 36
7 45 40
7 47 47
7 48 35
7 57 0
7 60 2
7 64 58
7 69 30
8 3 35
8 4 5
8 8 12
8 9 33
8 12 38
8 14 57
8 15 47
8 17 10
8 18 40
8 19 32
8 20 63
8 21 54
8 22 4
8 26 22
8 29 62
8 30 61
8 33 19
8 35 66
8 38 25
8 40 7
8 51 17
8 54 15
8 56 67
8 57 18
8 58 16
8 60 55
8 63 9
9 4 60
9 5 8
9 10 56
9 13 38
9 14 1
9 15 67
9 20 17
9 21 3
9 23 12
9 24 19
9 27 57
9 28 0
9 29 65
9 30 46
9 34 34
9 36 50
9 40 44
9 42 63
9 46 4
9 52 59
9 59 20
9 66 66
9 68 7
10 2 32
10 11 51
10 16 60
10 17 9
10 24 25
10 25 19
10 31 43
10 42 7
10 45 47
10 51 24
10 56 66
10 57 46
10 59 15
10 62 45
10 63 12
10 66 40
11 1 17
11 3 29
11 4 39
11 9 13
11 10 52
11 17 42
11 22 20
11 35 3
11 36 12
11 37 35
11 42 54
11 43 67
11 44 2
11 45 25
11 49 33
11 51 60
11 58 64
11 69 28
12 0 18
12 6 62
12 9 23
12 11 41
12 22 57
12 23 11
12 24 14
12 25 67
12 28 6
12 34 15
12 36 33
12 39 42
12 44 40
12 45 51
12 46 63
12 47 28
12 48 10
12 62 56
12 65 19
12 67 49
12 68 61
12 69 65
13 0 11
13 1 28
13 5 23
13 6 44
13 8 53
13 13 55
13 14 10
13 16 59
13 19 15
13 20 42
13 25 4
13 26 34
13 34 58
13 44 38
13 45 3
13 52 43
13 56 35
13 58 40
13 60 60
13 61 41
13 63 8
13 67 62
14 0 35
14 3 2
14 4 61
14 5 16
14 8 60
14 11 15
14 12 9
14 14 5
14 15 55
14 19 6
14 20 46
14 21 39
14 24 23
14 26 24
14 29 32
14 35 7
14 42 69
14 43 45
14 46 59
14 48 54
14 50 14
14 58 25
14 64 4
14 65 31
15 3 4
15 8 39
15 9 55
15 14 26
15 17 63
15 19 23
15 22 35
15 25 33
15 27 16
15 28 69
15 33 66
15 36 32
15 37 49
15 47 52
15 51 40
15 53 1
15 55 30
15 58 53
15 61 12
15 64 21
15 65 59
16 0 64
16 3 24
16 7 50
16 9 2
16 11 8
16 13 45
16 17 17
16 22 3
16 30 14
16 32 38
16 41 21
16 50 26
16 52 11
16 53 32
16 66 63
17 2 48
17 8 54
17 14 7
17 17 50
17 19 43
17 24 10
17 25 0
17 27 21
17 29 37
17 35 27
17 38 33
17 39 11
17 46 6
17 49 46
17 52 52
17 53 3
17 55 41
17 63 62
17 66 9
17 67 59
17 68 31
18 0 12
18 11 35
18 13 53
18 19 47
18 21 22
18 26 56
18 30 51
18 38 21
18 40 18
18 41 11
18 44 13
18 49 32
18 50 1
18 52 25
18 57 64
18 64 44
18 65 55
18 67 7
18 68 50
19 1 63
19 2 69
19 4 10
19 9 57
19 19 16
19 21 30
19 23 21
19 35 17
19 37 55
19 38 27
19 40 26
19 41 3
19 46 32
19 49 18
19 50 12
19 51 19
19 59 5
19 69 29
20 1 57
20 2 0
20 3 10
20 9 4
20 12 34
20 16 13
20 18 54
20 21 69
20 23 44
20 34 22
20 35 35
20 39 12
20 40 64
20 41 56
20 42 40
20 45 50
20 48 29
20 49 8
20 51 59
20 61 47
20 62 15
20 64 9
20 65 21
21 6 24
21 7 48
21 8 51
21 11 34
21 12 35
21 18 23
21 21 31
21 24 29
21 25 65
21 26 60
21 27 39
21 29 0
21 38 32
21 44 49
21 46 33
21 48 62
21 49 68
21 51 66
21 52 61
21 62 47
21 64 63
21 65 46
21 67 44
22 2 17
22 4 32
22 7 7
22 8 43
22 20 39
22 21 67
22 22 30
22 23 33
22 25 41
22 28 28
22 29 38
22 33 10
22 34 56
22 39 63
22 42 50
22 43 34
22 49 25
22 58 36
22 62 59
22 65 69
22 67 51
22 69 54
23 3 64
23 6 7
23 7 29
23 8 61
23 11 52
23 12 66
23 17 1
23 20 48
23 22 21
23 24 51
23 25 42
23 32 31
23 33 17
23 34 25
23 42 30
23 45 53
23 47 32
23 49 35
23 50 43
23 53 11
23 54 65
23 58 28
23 62 39
23 67 45
23 68 47
24 0 34
24 3 44
24 6 66
24 7 17
24 8 36
24 9 69
24 10 14
24 11 11
24 17 16
24 27 25
24 30 60
24 34 43
24 41 0
24 43 33
24 44 62
24 48 21
24 50 24
24 54 49
24 55 31
24 56 19
24 59 39
24 61 4
24 65 53
24 66 13
24 68 8
25 0 50
25 1 61
25 3 3
25 4 2
25 8 13
25 20 18
25 21 7
25 24 55
25 25 64
25 26 69
25 32 29
25 34 47
25 39 62
25 42 22
25 44 32
25 45 59
25 46 27
25 53 43
25 55 8
25 58 60
25 60 35
25 62 41
25 64 54
25 65 24
26 1 38
26 2 22
26 4 34
26 8 4
26 10 44
26 14 51
26 21 41
26 26 31
26 28 3
26 31 47
26 33 57
26 38 40
26 39 24
26 41 15
26 46 12
26 48 32
26 53 33
26 55 59
26 57 35
26 58 63
26 59 65
26 61 68
26 62 52
26 67 46
27 2 59
27 11 26
27 13 61
27 15 22
27 21 2
27 23 39
27 24 66
27 25 8
27 27 33
27 28 37
27 36 54
27 37 47
27 38 29
27 40 43
27 41 5
27 44 4
27 48 11
27 50 38
27 51 3
27 54 28
27 61 9
27 64 0
27 67 10
28 1 14
28 4 43
28 6 41
28 7 40
28 8 15
28 10 48
28 12 2
28 13 28
28 14 21
28 20 5
28 23 37
28 25 52
28 26 25
28 29 47
28 32 62
28 33 58
28 35 10
28 39 34
28 46 44
28 47 18
28 49 17
28 53 20
28 54 67
28 56 31
28 67 54
29 2 29
29 4 69
29 7 41
29 12 0
29 14 46
29 17 58
29 19 54
29 28 47
29 32 36
29 33 22
29 34 26
29 41 14
29 44 61
29 49 44
29 51 49
29 58 39
29 60 62
29 61 32
29 64 57
29 66 68
30 0 40
30 8 45
30 9 25
30 10 35
30 20 24
30 23 19
30 24 69
30 25 43
30 32 15
30 36 16
30 38 46
30 39 50
30 44 42
30 47 4
30 54 53
30 61 31
30 63 64
30 67 17
30 69 6
31 1 27
31 5 66
31 6 56
31 17 6
31 29 4
31 32 39
31 35 18
31 39 65
31 41 43
31 49 42
31 50 57
31 51 29
31 52 55
31 53 68
31 54 16
31 61 58
31 68 62
31 69 12
32 1 25
32 5 12
32 12 3
32 13 18
32 18 10
32 28 35
32 34 11
32 35 69
32 40 66
32 41 41
32 44 15
32 47 39
32 48 46
32 50 50
32 59 47
32 63 30
32 65 5
32 66 54
32 68 67
33 3 14
33 4 67
33 5 29
33 6 19
33 7 62
33 25 47
33 26 7
33 29 28
33 38 60
33 40 12
33 43 64
33 44 57
33 46 65
33 52 5
33 54 34
33 59 61
33 62 23
33 68 18
34 0 45
34 4 54
34 8 42
34 11 67
34 12 65
34 13 39
34 20 8
34 21 1
34 22 13
34 24 0
34 26 48
34 35 52
34 38 41
34 40 51
34 41 44
34 44 63
34 45 62
34 46 26
34 47 53
34 50 59
34 51 6
34 53 66
34 60 17
34 61 21
34 62 36
34 64 5
34 68 29
35 4 53
35 6 38
35 11 13
35 13 56
35 14 31
35 16 30
35 17 27
35 18 3
35 35 58
35 47 8
35 54 19
35 56 25
35 64 45
35 66 32
35 67 2
35 69 39
36 0 58
36 1 21
36 2 47
36 5 20
36 8 8
36 9 35
36 13 32
36 15 24
36 17 36
36 19 18
36 22 69
36 27 13
36 32 4
36 33 46
36 36 67
36 43 49
36 45 9
36 50 66
36 51 33
36 53 59
36 55 7
36 59 54
36 60 22
36 61 57
36 66 2
37 3 21
37 9 7
37 16 37
37 17 59
37 21 56
37 25 22
37 35 12
37 36 15
37 38 65
37 39 39
37 40 3
37 50 20
37 55 48
37 57 8
37 62 6
38 5 43
38 6 15
38 7 20
38 11 23
38 13 17
38 15 49
38 16 42
38 22 53
38 23 55
38 27 27
38 28 57
38 29 5
38 30 7
38 41 68
38 42 59
38 47 29
38 53 61
38 55 26
38 56 10
38 61 34
39 0 54
39 1 55
39 9 60
39 12 29
39 14 43
39 22 52
39 29 64
39 38 34
39 39 51
39 41 8
39 43 5
39 46 2
39 50 47
39 53 16
39 54 12
39 62 61
39 65 49
39 68 13
39 69 20
40 2 7
40 9 30
40 10 32
40 11 65
40 15 52
40 19 19
40 20 4
40 27 62
40 29 24
40 32 47
40 35 41
40 36 37
40 41 18
40 42 11
40 44 22
40 48 60
40 53 28
40 54 8
40 59 21
40 66 0
40 68 35
41 1 69
41 7 34
41 11 53
41 14 39
41 15 48
41 19 0
41 21 61
41 27 49
41 28 14
41 29 3
41 32 51
41 33 40
41 34 67
41 35 26
41 39 59
41 40 19
41 44 25
41 49 9
41 55 4
41 57 56
41 58 37
41 61 2
41 63 54
41 64 22
41 66 47
42 1 64
42 3 59
42 5 56
42 6 55
42 9 62
42 14 3
42 16 18
42 19 45
42 25 12
42 26 33
42 28 42
42 37 21
42 42 46
42 45 5
42 48 68
42 50 25
42 58 38
42 59 2
43 1 62
43 8 6
43 9 38
43 17 0
43 20 25
43 26 66
43 28 12
43 29 20
43 32 42
43 37 5
43 38 58
43 42 47
43 43 13
43 44 35
43 45 33
43 48 50
43 51 10
43 54 14
43 58 56
43 64 37
43 69 34
44 0 16
44 2 66
44 7 61
44 8 20
44 12 53
44 13 69
44 38 50
44 45 46
44 47 41
44 49 60
44 50 42
44 52 10
44 61 28
44 63 29
44 65 51
44 66 23
44 69 56
45 0 46
45 1 37
45 3 36
45 4 56
45 5 31
45 9 43
45 13 24
45 16 57
45 18 63
45 27 20
45 29 7
45 32 9
45 34 62
45 36 3
45 38 39
45 39 49
45 42 4
45 43 30
45 50 40
45 53 34
45 62 10
45 65 38
45 66 28
45 68 66
46 4 55
46 9 3
46 14 64
46 18 66
46 22 6
46 23 29
46 28 23
46 32 14
46 33 26
46 35 65
46 42 10
46 43 25
46 47 51
46 48 27
46 51 12
46 52 31
46 56 46
46 61 15
46 64 56
46 67 24
46 68 16
47 1 54
47 3 51
47 7 9
47 11 14
47 13 1
47 14 48
47 15 33
47 16 17
47 17 38
47 21 55
47 33 18
47 44 30
47 46 10
47 47 42
47 48 45
47 50 60
47 58 26
47 59 0
47 64 13
47 68 22
47 69 46
48 0 9
48 1 53
48 3 5
48 12 42
48 16 8
48 23 40
48 24 35
48 27 41
48 30 64
48 33 51
48 35 60
48 39 25
48 40 63
48 43 52
48 44 10
48 49 23
48 50 2
48 54 36
48 55 27
48 56 65
48 68 48
49 1 45
49 2 25
49 6 61
49 9 9
49 10 58
49 12 32
49 16 67
49 21 15
49 34 39
49 39 0
49 40 60
49 47 33
49 48 65
49 51 53
49 55 13
49 59 12
49 64 46
50 1 3
50 5 55
50 7 5
50 11 32
50 16 23
50 20 61
50 27 47
50 29 66
50 34 27
50 36 57
50 39 13
50 42 18
50 43 31
50 45 42
50 46 21
50 48 36
50 50 6
50 52 0
50 55 25
50 56 34
50 58 59
50 61 52
50 65 20
50 66 16
50 67 63
51 4 15
51 7 38
51 10 60
51 11 63
51 12 54
51 18 26
51 19 24
51 28 21
51 30 20
51 35 4
51 37 18
51 42 8
51 45 19
51 46 64
51 53 67
51 55 69
51 59 66
51 60 32
51 61 55
51 62 2
51 65 50
52 0 14
52 3 54
52 4 29
52 12 39
52 17 64
52 19 12
52 20 15
52 25 34
52 29 30
52 30 21
52 31 13
52 34 59
52 39 33
52 43 28
52 45 17
52 47 35
52 48 25
52 52 44
52 55 3
52 56 32
52 62 67
52 67 31
52 68 38
53 0 2
53 5 67
53 6 39
53 7 16
53 8 22
53 10 26
53 14 63
53 18 55
53 20 20
53 21 6
53 29 9
53 33 54
53 35 21
53 43 69
53 48 48
53 50 51
53 55 11
53 57 12
53 59 4
53 65 52
53 67 5
54 6 50
54 13 4
54 16 35
54 17 69
54 19 51
54 20 56
54 24 26
54 29 60
54 32 27
54 35 33
54 37 23
54 42 14
54 47 58
54 48 0
54 52 66
54 53 31
54 54 39
54 65 45
55 5 19
55 7 60
55 8 46
55 9 41
55 10 39
55 12 24
55 13 62
55 18 61
55 20 65
55 23 15
55 26 43
55 28 25
55 39 26
55 44 68
55 45 35
55 46 42
55 48 12
55 49 10
55 50 8
55 52 21
55 62 54
55 63 32
55 64 67
56 1 51
56 2 37
56 13 42
56 15 50
56 18 47
56 20 27
56 27 54
56 28 7
56 32 34
56 33 69
56 35 24
56 36 13
56 40 55
56 42 44
56 43 35
56 48 3
56 52 9
56 54 23
56 59 16
56 63 43
56 69 25
57 9 26
57 13 44
57 16 5
57 18 2
57 26 64
57 31 12
57 36 6
57 37 4
57 41 38
57 44 0
57 45 28
57 46 34
57 58 18
57 65 62
57 68 51
58 0 17
58 2 39
58 3 23
58 7 45
58 9 50
58 10 59
58 15 21
58 21 68
58 22 49
58 26 11
58 30 42
58 31 25
58 36 61
58 38 2
58 40 32
58 42 55
58 43 19
58 45 56
58 46 54
58 53 27
58 58 31
58 61 37
58 66 64
58 67 22
59 5 50
59 6 54
59 13 34
59 15 28
59 19 2
59 20 19
59 33 8
59 34 41
59 39 66
59 43 3
59 44 55
59 45 57
59 47 46
59 51 62
59 56 53
59 57 44
59 58 65
59 60 7
59 61 29
59 63 24
59 67 38
59 69 49
60 1 48
60 9 44
60 11 29
60 16 28
60 18 49
60 21 37
60 22 11
60 27 17
60 32 63
60 36 46
60 39 5
60 45 32
60 48 42
60 50 61
60 53 25
60 54 26
60 57 13
60 61 43
61 7 22
61 10 25
61 11 27
61 17 5
61 22 67
61 23 41
61 27 60
61 28 53
61 30 56
61 31 62
61 34 18
61 41 54
61 42 68
61 43 59
61 45 43
61 46 58
61 52 17
61 55 52
61 56 2
61 58 3
61 62 13
61 65 1
61 67 32
61 69 57
62 1 40
62 2 23
62 7 32
62 12 15
62 13 37
62 22 17
62 24 54
62 29 69
62 30 2
62 34 60
62 39 14
62 41 25
62 46 18
62 54 10
62 62 16
62 63 49
62 67 21
63 6 32
63 11 0
63 12 41
63 13 51
63 17 37
63 29 42
63 32 3
63 34 13
63 36 25
63 39 61
63 45 12
63 49 5
63 51 4
63 55 20
63 60 68
64 0 43
64 1 29
64 3 20
64 7 55
64 8 3
64 9 59
64 12 7
64 14 61
64 15 60
64 16 24
64 17 12
64 21 9
64 22 34
64 25 2
64 27 19
64 41 63
64 45 69
64 50 62
64 53 23
64 54 50
64 55 39
64 61 51
64 68 36
64 69 68
65 0 37
65 2 51
65 4 62
65 10 38
65 12 30
65 13 63
65 17 21
65 18 57
65 19 65
65 22 7
65 26 18
65 32 25
65 33 41
65 35 48
65 36 22
65 37 46
65 40 2
65 42 60
65 44 19
65 45 0
65 48 4
65 56 55
65 60 33
65 63 31
65 64 53
65 67 42
65 69 50
66 3 42
66 4 40
66 9 28
66 11 55
66 14 4
66 19 50
66 20 30
66 29 45
66 31 67
66 32 66
66 36 48
66 37 39
66 49 26
66 51 41
66 52 24
66 53 5
66 57 53
66 58 51
66 61 46
66 65 7
66 66 22
67 0 31
67 1 66
67 3 63
67 5 18
67 13 40
67 16 33
67 20 10
67 29 27
67 34 16
67 37 43
67 39 44
67 41 46
67 59 37
67 60 52
67 64 35
67 65 61
67 67 58
67 69 17
68 0 13
68 1 11
68 2 1
68 3 34
68 4 12
68 8 30
68 14 35
68 15 17
68 20 43
68 21 48
68 24 50
68 25 14
68 32 69
68 36 53
68 38 56
68 43 26
68 48 40
68 55 45
68 61 6
68 63 21
68 66 25
69 8 18
69 11 21
69 17 43
69 18 50
69 19 59
69 26 41
69 30 39
69 33 24
69 41 27
69 42 28
69 43 62
69 47 63
69 52 4
69 53 0
69 55 32
69 57 58
69 59 10
69 60 48
69 61 1
69 68 33
