60
0 1 13
0 2 17
0 3 52
0 7 33
0 10 40
0 15 31
0 17 43
0 19 32
0 20 50
0 30 12
0 31 22
0 33 16
0 35 47
0 36 45
0 38 9
0 40 25
0 45 29
0 52 51
0 59 57
1 0 53
1 3 57
1 8 31
1 15 18
1 16 10
1 17 6
1 19 13
1 24 26
1 27 46
1 33 8
1 42 2
1 45 21
1 48 15
1 50 20
1 51 56
1 52 7
1 55 0
1 58 45
2 1 9
2 5 29
2 7 8
2 8 7
2 13 30
2 17 38
2 18 16
2 26 44
2 27 6
2 30 34
2 31 11
2 37 55
2 38 40
2 39 54
2 40 41
2 46 18
2 54 3
2 55 59
2 56 10
3 4 55
3 7 31
3 9 38
3 12 4
3 16 3
3 18 43
3 19 42
3 21 57
3 23 23
3 28 26
3 31 58
3 33 39
3 34 32
3 35 29
3 36 35
3 43 46
3 49 7
3 51 22
3 52 6
3 54 40
4 1 55
4 2 24
4 3 15
4 5 34
4 9 0
4 11 18
4 17 13
4 22 31
4 23 41
4 29 47
4 32 32
4 35 2
4 36 29
4 37 43
4 38 7
4 39 44
4 43 21
4 46 39
4 53 48
4 56 19
4 59 50
5 0 31
5 1 18
5 5 13
5 11 9
5 14 45
5 16 42
5 22 24
5 24 36
5 29 50
5 33 51
5 34 30
5 35 38
5 36 19
5 38 14
5 43 16
5 44 17
5 45 3
5 50 23
5 51 6
5 53 15
5 54 52
5 55 28
5 58 12
5 59 5
6 6 41
6 8 55
6 14 37
6 15 54
6 17 30
6 19 14
6 21 49
6 23 21
6 24 59
6 26 43
6 30 16
6 41 58
6 42 53
6 43 35
6 44 36
6 47 27
6 52 19
6 57 42
6 59 29
7 4 36
7 6 49
7 7 15
7 8 14
7 16 47
7 17 2
7 22 35
7 24 10
7 26 46
7 27 27
7 29 43
7 37 45
7 39 8
7 41 44
7 43 22
7 45 26
7 46 23
7 54 31
8 0 6
8 2 27
8 3 28
8 5 40
8 9 45
8 10 51
8 11 20
8 15 58
8 19 33
8 23 55
8 24 37
8 28 44
8 30 47
8 40 13
8 44 34
8 50 10
9 0 37
9 4 20
9 6 50
9 10 4
9 11 49
9 17 25
9 19 56
9 24 58
9 25 59
9 35 8
9 36 15
9 37 10
9 46 28
9 48 22
9 49 3
9 51 21
9 53 51
9 55 18
10 0 59
10 2 56
10 7 24
10 9 7
10 11 58
10 13 51
10 15 4
10 17 10
10 23 15
10 25 36
10 28 55
10 32 54
10 33 20
10 35 18
10 36 50
10 48 16
10 50 33
10 52 38
10 56 48
10 57 43
11 8 54
11 13 3
11 15 49
11 21 30
11 23 36
11 25 32
11 37 7
11 38 19
11 40 40
11 41 28
11 47 5
11 55 1
11 58 44
12 6 8
12 8 11
12 15 29
12 17 56
12 19 48
12 29 24
12 32 53
12 34 4
12 35 15
12 38 27
12 42 31
12 46 25
12 47 16
12 48 38
12 57 34
13 2 44
13 3 34
13 5 52
13 11 57
13 15 30
13 17 9
13 21 21
13 23 2
13 26 48
13 30 42
13 31 0
13 32 12
13 35 51
13 40 46
13 41 54
13 44 55
13 47 31
13 48 6
13 50 28
14 4 42
14 8 57
14 10 31
14 17 33
14 20 22
14 21 54
14 22 11
14 23 29
14 27 16
14 31 9
14 32 18
14 39 10
14 41 5
14 43 3
14 45 58
14 50 45
14 57 0
14 58 2
14 59 53
15 6 6
15 7 28
15 8 1
15 9 13
15 10 24
15 15 42
15 17 22
15 18 19
15 24 11
15 29 48
15 30 38
15 31 51
15 33 12
15 35 32
15 36 36
15 38 25
15 40 45
15 43 43
15 44 46
15 45 30
15 51 16
15 57 2
16 2 49
16 3 42
16 11 45
16 12 34
16 16 19
16 17 27
16 24 0
16 25 48
16 26 58
16 27 9
16 28 3
16 29 1
16 32 17
16 33 37
16 36 16
16 41 56
16 47 6
16 49 29
16 52 13
16 55 43
16 58 28
16 59 7
17 1 21
17 4 16
17 7 7
17 8 30
17 10 58
17 13 38
17 15 51
17 22 13
17 23 44
17 25 43
17 29 10
17 35 12
17 46 19
17 49 57
17 50 0
17 53 49
18 0 47
18 2 7
18 5 25
18 10 52
18 20 4
18 21 28
18 28 8
18 31 10
18 35 54
18 39 26
18 41 17
18 42 13
18 46 32
18 54 11
18 55 29
18 59 58
19 0 57
19 6 2
19 14 31
19 17 59
19 20 49
19 23 52
19 26 3
19 27 4
19 37 29
19 39 9
19 40 11
19 43 20
19 48 48
19 49 53
19 50 14
19 53 19
19 54 37
19 55 5
19 57 15
19 59 12
20 1 30
20 2 26
20 3 5
20 9 19
20 10 21
20 13 24
20 14 47
20 15 43
20 25 46
20 27 2
20 29 16
20 31 31
20 32 48
20 33 29
20 37 0
20 39 45
20 45 11
20 51 52
20 52 33
20 53 57
20 59 3
21 1 38
21 2 29
21 3 59
21 8 17
21 15 6
21 16 18
21 17 37
21 18 49
21 19 20
21 22 23
21 24 28
21 29 9
21 30 46
21 32 0
21 33 48
21 36 44
21 37 53
21 38 8
21 43 30
21 49 52
21 54 4
21 56 16
21 58 14
22 2 2
22 4 52
22 10 23
22 11 35
22 12 55
22 15 28
22 16 30
22 20 48
22 26 32
22 27 36
22 28 42
22 29 54
22 35 33
22 37 37
22 43 11
22 45 53
22 46 40
22 47 21
22 56 43
22 58 0
23 0 54
23 1 39
23 5 41
23 7 20
23 8 19
23 9 21
23 13 44
23 18 1
23 19 26
23 25 42
23 30 49
23 31 30
23 32 50
23 35 57
23 37 8
23 38 58
23 39 29
23 41 2
23 43 5
23 44 33
23 46 7
23 47 40
23 51 15
23 52 47
23 53 14
23 55 3
23 58 32
24 10 15
24 14 43
24 15 39
24 16 54
24 19 11
24 22 3
24 24 55
24 25 10
24 26 5
24 30 36
24 32 37
24 35 0
24 36 2
24 38 12
24 43 52
24 44 6
24 45 51
24 47 23
24 49 9
24 52 50
24 54 58
24 59 8
25 1 58
25 2 55
25 5 21
25 6 14
25 8 15
25 11 30
25 17 8
25 20 51
25 29 29
25 32 6
25 34 31
25 35 53
25 39 43
25 40 32
25 45 47
25 46 4
25 47 12
25 50 37
25 52 18
25 55 13
26 0 36
26 16 55
26 20 27
26 22 26
26 27 59
26 28 53
26 29 49
26 34 16
26 42 48
26 44 15
26 47 8
26 51 50
26 52 11
26 58 39
27 3 39
27 7 40
27 10 46
27 11 28
27 18 18
27 36 9
27 38 51
27 39 4
27 41 1
27 42 38
27 45 7
27 47 29
27 51 53
27 55 54
28 2 10
28 3 1
28 6 54
28 8 8
28 9 42
28 11 37
28 17 21
28 21 52
28 26 11
28 33 31
28 35 19
28 38 13
28 40 53
28 41 50
28 43 47
28 47 48
28 54 2
28 58 24
29 5 51
29 10 42
29 13 19
29 14 32
29 21 36
29 26 21
29 29 33
29 30 59
29 31 3
29 32 9
29 33 43
29 38 50
29 40 12
29 42 7
29 51 13
29 57 24
29 59 11
30 3 51
30 4 59
30 13 7
30 17 44
30 18 53
30 21 25
30 26 2
30 27 58
30 34 42
30 36 4
30 37 3
30 38 43
30 39 30
30 40 9
30 49 27
30 50 15
30 59 47
31 0 44
31 3 18
31 8 50
31 16 51
31 18 31
31 19 55
31 23 47
31 24 22
31 27 40
31 28 14
31 29 23
31 30 3
31 32 29
31 40 30
31 41 57
31 42 8
31 44 7
31 45 54
31 47 38
31 48 53
32 0 0
32 1 8
32 3 50
32 7 22
32 10 16
32 16 25
32 17 55
32 19 21
32 28 18
32 32 35
32 35 40
32 36 20
32 37 5
32 38 59
32 41 43
32 47 34
32 53 2
32 58 13
33 8 58
33 9 51
33 11 13
33 13 20
33 16 32
33 19 49
33 24 48
33 26 8
33 27 57
33 28 2
33 29 4
33 38 46
33 39 33
33 45 45
33 51 37
33 52 30
34 2 19
34 4 48
34 9 25
34 10 22
34 15 23
34 17 32
34 28 29
34 29 51
34 36 11
34 38 57
34 39 17
34 42 9
34 45 55
34 48 35
34 57 7
34 58 59
35 1 20
35 2 39
35 3 2
35 7 32
35 9 53
35 10 18
35 11 42
35 13 43
35 19 7
35 21 45
35 27 51
35 29 27
35 36 13
35 38 35
35 41 10
35 54 26
35 57 3
36 6 33
36 8 35
36 9 18
36 18 48
36 20 37
36 22 4
36 32 22
36 37 40
36 38 41
36 41 53
36 42 24
36 43 56
36 46 52
36 49 16
36 55 38
36 58 49
36 59 21
37 5 24
37 7 58
37 9 54
37 11 55
37 13 10
37 14 50
37 17 16
37 18 35
37 21 31
37 31 44
37 32 19
37 38 17
37 40 22
37 42 18
37 47 4
37 53 0
37 58 7
37 59 34
38 3 38
38 5 54
38 6 56
38 7 17
38 21 5
38 26 33
38 31 36
38 37 59
38 39 23
38 41 41
38 44 19
38 52 4
38 57 22
38 58 51
39 6 28
39 8 5
39 16 35
39 19 22
39 24 41
39 30 10
39 31 38
39 33 0
39 36 48
39 37 24
39 44 20
39 45 33
39 47 57
39 49 55
39 53 11
39 54 15
39 56 21
39 57 19
39 59 13
40 6 25
40 14 0
40 15 50
40 20 35
40 21 34
40 22 33
40 26 28
40 27 26
40 36 21
40 38 31
40 44 45
40 48 30
40 49 42
40 50 44
40 55 56
40 59 43
41 1 35
41 2 38
41 5 3
41 6 39
41 7 44
41 9 14
41 12 36
41 18 46
41 20 26
41 27 48
41 28 20
41 29 41
41 32 4
41 39 18
41 43 57
41 48 40
41 55 25
41 57 52
42 1 22
42 4 49
42 10 39
42 19 9
42 25 27
42 26 26
42 42 19
42 43 32
42 50 48
42 56 44
42 57 31
43 0 25
43 3 36
43 8 18
43 14 19
43 15 7
43 17 5
43 20 8
43 21 32
43 22 15
43 24 54
43 26 53
43 28 37
43 29 22
43 30 51
43 37 13
43 39 14
43 46 59
43 50 9
43 52 43
43 56 27
43 59 44
44 4 43
44 8 23
44 10 36
44 11 2
44 18 39
44 21 18
44 25 3
44 35 11
44 36 0
44 37 16
44 39 32
44 43 26
44 47 49
44 48 44
44 52 40
44 54 41
44 55 24
44 57 10
45 0 8
45 2 21
45 10 7
45 12 12
45 13 27
45 19 30
45 24 34
45 25 23
45 27 0
45 30 55
45 35 58
45 36 37
45 38 52
45 40 24
45 42 17
45 43 51
45 44 59
45 54 57
45 57 16
45 59 56
46 1 48
46 9 10
46 12 25
46 14 53
46 19 19
46 21 35
46 26 55
46 30 8
46 40 39
46 42 54
46 44 40
46 48 14
46 49 31
46 52 2
46 53 47
46 59 30
47 0 34
47 1 26
47 2 13
47 9 41
47 12 45
47 16 57
47 23 22
47 28 25
47 30 28
47 31 12
47 32 3
47 33 2
47 38 15
47 42 50
47 46 27
47 48 55
47 51 39
47 55 14
47 59 18
48 11 48
48 13 5
48 15 45
48 19 29
48 21 51
48 22 40
48 26 52
48 28 34
48 32 10
48 33 50
48 36 24
48 43 54
48 52 16
48 53 39
48 54 33
48 59 38
49 4 35
49 7 54
49 20 24
49 24 39
49 28 11
49 30 50
49 32 2
49 37 32
49 38 1
49 40 33
49 42 4
49 45 37
49 50 40
49 53 8
49 54 6
50 0 19
50 8 10
50 10 29
50 12 8
50 13 53
50 15 38
50 18 6
50 20 17
50 23 18
50 26 15
50 27 22
50 29 44
50 32 11
50 33 1
50 35 34
50 36 54
50 37 49
50 41 23
50 42 51
50 47 39
50 53 46
51 6 16
51 9 44
51 11 41
51 12 53
51 14 14
51 16 46
51 19 23
51 24 38
51 27 50
51 28 27
51 29 17
51 30 58
51 34 15
51 41 31
51 47 37
51 49 4
51 50 32
51 55 2
51 57 21
52 3 10
52 9 8
52 11 39
52 13 40
52 14 52
52 16 7
52 17 54
52 21 46
52 23 26
52 25 9
52 28 16
52 31 48
52 46 21
52 47 45
52 51 17
52 54 28
52 58 58
52 59 6
53 1 4
53 10 14
53 11 3
53 15 24
53 25 2
53 28 31
53 34 41
53 38 39
53 39 51
53 40 38
53 41 48
53 43 8
53 44 5
53 51 54
54 6 4
54 7 43
54 8 16
54 13 58
54 14 10
54 24 44
54 26 57
54 28 13
54 30 24
54 32 7
54 44 29
54 46 54
54 47 53
54 56 42
54 57 35
54 58 56
54 59 0
55 8 33
55 12 48
55 20 30
55 31 49
55 43 41
55 51 0
55 53 58
55 55 37
55 59 31
56 1 29
56 4 24
56 9 57
56 12 28
56 15 48
56 16 38
56 17 35
56 24 43
56 28 10
56 34 44
56 35 45
56 37 6
56 41 52
56 42 56
56 45 25
56 50 46
56 54 14
56 55 20
57 2 47
57 7 30
57 12 1
57 14 22
57 15 35
57 17 0
57 19 37
57 21 26
57 23 17
57 25 21
57 27 54
57 29 12
57 33 5
57 34 55
57 40 2
57 49 18
57 57 14
58 2 48
58 3 3
58 10 8
58 12 2
58 14 9
58 17 24
58 19 1
58 20 58
58 22 22
58 24 51
58 26 49
58 27 53
58 33 56
58 35 42
58 47 25
58 54 13
58 56 28
58 59 15
59 2 34
59 5 49
59 8 51
59 20 20
59 24 56
59 25 28
59 27 24
59 28 38
59 29 5
59 35 46
59 40 37
59 42 1
59 46 48
59 51 19
59 53 29
59 54 16
59 59 33
