70
0 2 31
0 3 33
0 4 55
0 5 63
0 6 35
0 7 16
0 8 21
0 9 5
0 10 60
0 12 2
0 14 68
0 16 52
0 19 4
0 20 19
0 23 47
0 24 49
0 26 57
0 27 59
0 29 38
0 30 50
0 31 0
0 32 37
0 34 29
0 35 14
0 37 51
0 38 39
0 41 64
0 42 20
0 44 53
0 46 8
0 47 58
0 48 18
0 49 6
0 53 45
0 54 32
0 56 62
0 57 7
0 60 10
0 62 36
0 63 40
0 66 9
0 67 42
0 68 28
1 0 8
1 1 53
1 2 39
1 3 7
1 4 41
1 6 27
1 7 51
1 9 11
1 10 57
1 11 63
1 12 23
1 13 18
1 14 65
1 18 30
1 20 47
1 21 10
1 22 9
1 23 58
1 24 42
1 25 2
1 27 69
1 30 35
1 32 60
1 33 22
1 34 34
1 35 26
1 36 44
1 37 66
1 38 3
1 44 12
1 45 37
1 46 1
1 48 67
1 50 64
1 53 55
1 55 15
1 56 16
1 60 61
1 63 19
1 66 43
1 67 29
1 68 59
2 1 40
2 6 22
2 8 5
2 10 32
2 11 24
2 12 4
2 13 25
2 16 67
2 17 11
2 19 34
2 20 50
2 21 12
2 22 19
2 23 35
2 27 37
2 29 69
2 31 49
2 34 64
2 35 20
2 36 29
2 37 62
2 38 57
2 39 38
2 41 26
2 43 45
2 46 48
2 47 61
2 51 51
2 54 31
2 55 10
2 56 63
2 57 46
2 63 7
2 65 18
2 69 28
3 0 48
3 4 9
3 5 55
3 6 58
3 8 46
3 10 66
3 11 8
3 13 15
3 15 24
3 16 49
3 18 21
3 19 16
3 20 69
3 23 10
3 30 56
3 32 62
3 35 52
3 36 14
3 37 6
3 38 26
3 39 39
3 42 47
3 43 43
3 45 36
3 47 67
3 50 32
3 52 22
3 53 17
3 55 33
3 56 5
3 58 51
3 60 25
3 62 20
3 63 13
3 64 18
3 65 61
3 66 68
3 68 27
4 0 41
4 2 25
4 4 67
4 5 28
4 6 39
4 7 45
4 12 60
4 17 58
4 21 63
4 22 68
4 23 46
4 24 51
4 26 3
4 27 9
4 28 18
4 30 57
4 31 40
4 33 66
4 34 62
4 35 17
4 36 61
4 38 21
4 40 7
4 43 5
4 44 50
4 45 19
4 48 31
4 50 15
4 51 24
4 53 4
4 54 23
4 58 11
4 59 49
4 61 14
4 62 16
4 63 2
4 64 6
4 65 27
4 66 13
4 67 69
4 68 44
5 1 45
5 2 47
5 3 9
5 4 16
5 7 17
5 8 63
5 9 53
5 10 64
5 11 37
5 12 20
5 17 14
5 18 48
5 20 61
5 21 58
5 22 52
5 23 24
5 24 12
5 27 33
5 29 43
5 31 67
5 33 5
5 35 56
5 39 50
5 41 18
5 42 31
5 43 59
5 44 57
5 45 44
5 46 28
5 47 60
5 51 11
5 52 15
5 53 32
5 54 68
5 55 4
5 56 6
5 57 69
5 58 41
5 59 23
5 60 35
5 61 27
5 62 65
5 63 49
5 64 54
5 66 34
5 67 51
5 69 21
6 5 22
6 6 15
6 7 64
6 8 6
6 9 20
6 10 34
6 12 5
6 13 49
6 14 50
6 17 55
6 18 8
6 21 44
6 22 17
6 23 68
6 25 26
6 26 36
6 27 30
6 28 37
6 30 9
6 33 60
6 34 65
6 37 27
6 39 2
6 40 61
6 41 42
6 42 53
6 43 40
6 45 14
6 46 67
6 48 47
6 49 4
6 51 3
6 53 58
6 54 7
6 55 59
6 56 32
6 57 41
6 58 62
6 60 48
6 61 21
6 63 39
6 64 46
6 65 12
6 67 18
6 68 29
6 69 10
7 1 63
7 2 10
7 3 14
7 4 5
7 5 3
7 6 7
7 7 39
7 8 67
7 11 65
7 12 69
7 13 66
7 15 11
7 16 17
7 17 59
7 18 9
7 19 54
7 22 36
7 23 20
7 24 45
7 25 47
7 28 12
7 32 8
7 33 18
7 34 43
7 35 55
7 38 62
7 39 13
7 40 64
7 41 49
7 42 16
7 43 19
7 44 6
7 47 26
7 48 46
7 49 29
7 50 48
7 54 27
7 55 53
7 59 33
7 61 24
7 64 57
7 67 25
7 68 31
8 0 44
8 1 59
8 2 21
8 3 5
8 4 52
8 5 31
8 6 38
8 8 19
8 9 28
8 10 15
8 12 12
8 13 54
8 14 25
8 15 60
8 19 47
8 22 69
8 23 36
8 26 37
8 29 42
8 32 27
8 33 10
8 35 11
8 38 55
8 39 4
8 44 43
8 47 65
8 48 26
8 49 48
8 50 16
8 51 29
8 52 17
8 54 9
8 55 13
8 57 67
8 58 50
8 59 63
8 60 49
8 61 32
8 62 46
8 64 39
8 65 20
8 67 57
9 0 68
9 1 33
9 2 48
9 3 39
9 4 18
9 6 34
9 7 65
9 9 41
9 10 20
9 11 55
9 13 11
9 17 63
9 18 47
9 21 43
9 22 44
9 23 9
9 27 21
9 28 40
9 30 53
9 32 7
9 33 12
9 35 66
9 36 32
9 37 3
9 38 4
9 39 17
9 40 16
9 41 13
9 42 0
9 43 58
9 44 28
9 45 61
9 46 49
9 50 54
9 52 26
9 55 23
9 57 1
9 59 15
9 63 25
9 64 67
9 65 24
9 66 14
9 67 8
9 68 2
9 69 60
10 2 44
10 3 41
10 4 0
10 6 20
10 12 58
10 13 35
10 14 10
10 15 57
10 16 22
10 17 4
10 18 55
10 19 6
10 20 38
10 21 46
10 22 1
10 25 32
10 26 11
10 27 5
10 28 62
10 30 15
10 33 24
10 34 33
10 36 18
10 38 43
10 39 16
10 40 26
10 41 19
10 42 56
10 43 21
10 45 53
10 47 52
10 49 25
10 52 67
10 53 23
10 54 64
10 55 66
10 56 60
10 58 54
10 59 14
10 60 65
10 61 51
10 62 3
10 66 28
11 2 16
11 5 48
11 6 54
11 8 24
11 11 49
11 12 52
11 14 19
11 19 55
11 20 36
11 21 61
11 22 35
11 25 28
11 26 32
11 28 11
11 29 4
11 31 59
11 33 34
11 35 42
11 36 5
11 38 65
11 42 33
11 43 68
11 46 43
11 48 22
11 49 69
11 50 14
11 52 53
11 53 41
11 54 66
11 55 60
11 56 30
11 57 38
11 58 0
11 59 3
11 60 47
11 63 31
11 66 21
11 67 37
11 69 1
12 0 12
12 2 56
12 6 29
12 8 31
12 9 58
12 10 7
12 12 17
12 13 64
12 14 35
12 16 9
12 18 16
12 20 8
12 21 62
12 23 30
12 25 5
12 26 21
12 29 1
12 30 63
12 32 36
12 33 55
12 34 19
12 35 53
12 38 38
12 39 28
12 40 47
12 42 45
12 43 32
12 45 66
12 51 61
12 54 13
12 60 39
12 64 37
12 65 42
12 66 46
12 67 40
12 68 49
13 0 54
13 4 22
13 7 47
13 8 2
13 9 25
13 10 56
13 11 33
13 13 63
13 14 67
13 15 1
13 16 66
13 19 31
13 20 60
13 21 15
13 22 51
13 25 14
13 26 64
13 28 46
13 29 53
13 30 65
13 32 28
13 36 49
13 38 58
13 39 7
13 40 21
13 41 3
13 42 48
13 43 69
13 44 13
13 45 18
13 46 30
13 47 6
13 48 0
13 51 57
13 52 68
13 55 38
13 56 29
13 57 11
13 60 59
13 61 44
13 65 55
13 68 17
13 69 23
14 0 38
14 1 19
14 5 39
14 6 18
14 7 22
14 8 8
14 14 12
14 15 31
14 17 62
14 18 64
14 19 69
14 21 40
14 24 27
14 28 13
14 29 60
14 30 4
14 31 34
14 33 45
14 34 28
14 35 23
14 38 48
14 40 59
14 41 66
14 42 1
14 45 68
14 50 35
14 54 56
14 57 25
14 59 9
14 60 67
14 62 57
14 63 37
14 64 7
14 67 3
14 68 65
15 0 43
15 1 39
15 2 68
15 3 60
15 4 34
15 6 52
15 9 55
15 11 17
15 12 22
15 13 40
15 21 23
15 25 1
15 26 61
15 28 38
15 30 25
15 31 45
15 34 5
15 35 15
15 36 13
15 37 31
15 38 53
15 40 12
15 43 47
15 44 33
15 45 49
15 47 30
15 48 2
15 49 36
15 52 44
15 53 59
15 56 57
15 57 35
15 59 62
15 60 69
15 61 46
15 62 42
15 63 56
15 65 14
15 66 65
15 67 24
15 68 21
16 0 42
16 1 27
16 3 49
16 4 4
16 6 45
16 7 31
16 8 54
16 10 55
16 12 14
16 13 69
16 15 59
16 16 43
16 18 68
16 19 26
16 21 22
16 22 62
16 23 64
16 25 40
16 26 16
16 27 38
16 28 5
16 29 2
16 31 18
16 33 35
16 34 7
16 35 25
16 36 66
16 37 24
16 40 34
16 41 53
16 42 9
16 44 17
16 45 56
16 47 21
16 48 37
16 49 58
16 50 20
16 51 65
16 52 41
16 54 8
16 56 1
16 57 13
16 59 0
16 61 12
16 62 19
16 63 51
16 64 28
16 65 39
16 68 11
17 2 51
17 3 38
17 4 68
17 6 57
17 7 4
17 8 52
17 10 45
17 13 27
17 14 5
17 17 46
17 18 49
17 19 64
17 21 28
17 22 11
17 24 60
17 27 63
17 29 36
17 30 67
17 31 20
17 32 9
17 33 26
17 36 10
17 37 14
17 39 12
17 40 18
17 41 35
17 42 22
17 43 16
17 45 40
17 50 29
17 52 58
17 53 61
17 54 0
17 55 30
17 56 55
17 58 7
17 62 32
17 64 34
17 65 62
17 67 47
17 68 3
17 69 24
18 0 47
18 1 65
18 3 64
18 6 26
18 7 43
18 8 42
18 9 44
18 10 37
18 11 58
18 13 2
18 14 6
18 15 38
18 17 35
18 21 20
18 22 5
18 23 3
18 24 19
18 25 34
18 28 33
18 30 17
18 31 11
18 32 14
18 35 29
18 36 24
18 38 41
18 42 51
18 43 53
18 46 69
18 47 9
18 50 21
18 52 8
18 54 57
18 55 22
18 57 63
18 58 18
18 59 68
18 60 12
18 61 23
18 62 55
18 63 48
18 64 49
18 67 27
18 68 7
18 69 25
19 0 25
19 3 47
19 4 3
19 5 56
19 7 57
19 8 66
19 10 24
19 12 10
19 15 5
19 16 38
19 17 6
19 19 49
19 22 8
19 23 52
19 24 69
19 25 12
19 26 19
19 28 9
19 29 34
19 30 7
19 31 17
19 32 51
19 33 15
19 34 13
19 35 1
19 36 30
19 37 29
19 38 18
19 40 32
19 42 21
19 43 60
19 44 35
19 47 44
19 48 64
19 49 31
19 50 41
19 52 61
19 55 42
19 56 45
19 58 2
19 59 37
19 61 63
19 64 53
19 65 33
19 67 50
20 0 14
20 2 7
20 3 50
20 5 32
20 6 23
20 7 24
20 9 52
20 10 61
20 11 46
20 13 3
20 15 18
20 16 56
20 17 31
20 18 1
20 20 66
20 21 37
20 22 16
20 24 64
20 26 35
20 30 44
20 31 29
20 33 38
20 34 59
20 36 62
20 38 22
20 39 42
20 41 63
20 42 40
20 43 39
20 44 36
20 45 0
20 47 5
20 48 69
20 52 11
20 53 25
20 54 55
20 55 57
20 56 54
20 58 45
20 59 60
20 60 9
20 61 68
20 65 65
20 66 27
20 67 33
21 0 18
21 2 22
21 3 12
21 5 14
21 10 43
21 11 64
21 13 21
21 14 11
21 16 45
21 17 0
21 18 25
21 20 65
21 21 54
21 22 41
21 24 68
21 25 17
21 26 10
21 27 62
21 32 59
21 33 63
21 36 26
21 40 31
21 43 46
21 45 24
21 46 61
21 53 15
21 54 51
21 55 1
21 56 27
21 57 66
21 60 28
21 61 8
21 62 47
21 63 69
21 64 36
21 65 52
21 66 55
22 3 20
22 4 62
22 5 46
22 7 14
22 9 50
22 10 39
22 12 11
22 13 42
22 14 54
22 15 15
22 16 58
22 18 29
22 19 68
22 20 41
22 21 55
22 22 67
22 25 61
22 26 18
22 31 27
22 32 43
22 33 31
22 36 63
22 37 49
22 38 12
22 39 21
22 40 66
22 46 59
22 49 28
22 50 9
22 51 6
22 54 35
22 55 16
22 57 10
22 59 22
22 66 8
22 67 38
22 68 40
22 69 53
23 1 18
23 2 5
23 4 64
23 5 11
23 6 61
23 7 37
23 8 34
23 10 36
23 11 9
23 12 31
23 13 46
23 14 55
23 16 10
23 17 2
23 18 15
23 19 51
23 21 16
23 22 58
23 23 39
23 27 43
23 31 44
23 32 56
23 33 59
23 34 68
23 35 60
23 36 17
23 37 7
23 40 24
23 41 48
23 42 29
23 44 3
23 45 57
23 46 42
23 47 38
23 48 12
23 49 66
23 50 45
23 53 13
23 56 23
23 58 53
23 60 0
23 61 67
23 62 21
23 63 1
23 64 4
24 0 57
24 2 8
24 3 59
24 5 5
24 6 28
24 8 69
24 9 56
24 10 10
24 11 68
24 14 37
24 15 4
24 24 29
24 25 25
24 26 38
24 27 16
24 28 2
24 31 1
24 34 22
24 35 30
24 39 51
24 40 42
24 43 65
24 44 48
24 46 17
24 47 3
24 48 40
24 50 53
24 51 33
24 54 18
24 55 21
24 56 13
24 57 64
24 58 14
24 59 39
24 62 9
24 63 67
24 64 66
24 65 34
24 66 15
24 68 60
24 69 54
25 2 18
25 3 13
25 8 62
25 10 42
25 11 67
25 12 63
25 14 51
25 15 41
25 20 68
25 21 35
25 23 8
25 25 27
25 26 46
25 28 20
25 29 5
25 31 25
25 33 43
25 34 15
25 36 39
25 37 37
25 38 14
25 39 48
25 40 36
25 42 60
25 43 1
25 45 58
25 47 10
25 48 54
25 49 24
25 50 2
25 52 59
25 53 69
25 54 52
25 56 7
25 58 55
25 59 61
25 61 22
25 62 64
25 63 23
25 65 28
25 66 0
25 67 32
25 68 66
25 69 50
26 1 26
26 3 35
26 4 48
26 6 65
26 7 54
26 8 43
26 9 59
26 10 4
26 11 11
26 12 45
26 15 58
26 16 64
26 17 16
26 18 63
26 19 2
26 21 39
26 22 13
26 27 47
26 28 49
26 30 22
26 31 52
26 32 57
26 34 38
26 36 21
26 40 29
26 42 69
26 44 31
26 45 12
26 47 51
26 48 20
26 49 61
26 55 37
26 57 15
26 59 1
26 60 55
26 61 53
26 62 41
26 63 34
26 64 25
26 66 67
26 68 23
26 69 0
27 0 60
27 3 52
27 5 27
27 7 49
27 8 50
27 9 31
27 10 6
27 11 57
27 13 67
27 14 43
27 15 66
27 20 26
27 21 9
27 23 33
27 24 13
27 25 7
27 26 28
27 27 0
27 28 65
27 29 23
27 30 19
27 31 24
27 32 58
27 33 4
27 34 25
27 37 41
27 39 20
27 40 39
27 41 1
27 42 54
27 43 61
27 44 11
27 47 59
27 48 55
27 49 30
27 52 64
27 53 44
27 55 36
27 58 63
27 59 17
27 60 40
27 61 56
27 62 12
27 64 68
27 65 5
27 66 69
27 68 46
28 1 7
28 4 54
28 5 2
28 7 44
28 8 38
28 9 47
28 10 28
28 11 45
28 12 13
28 19 62
28 24 31
28 25 57
28 27 49
28 30 8
28 32 40
28 34 1
28 35 37
28 36 36
28 37 67
28 40 50
28 42 41
28 43 52
28 44 66
28 45 46
28 47 18
28 48 59
28 49 39
28 50 10
28 51 9
28 53 3
28 54 11
28 56 15
28 58 16
28 59 24
28 60 42
28 61 0
28 65 19
28 66 5
29 0 64
29 1 0
29 2 12
29 5 68
29 6 59
29 7 26
29 8 9
29 10 53
29 11 36
29 12 57
29 13 24
29 14 13
29 15 35
29 17 38
29 18 3
29 20 5
29 22 20
29 24 40
29 25 63
29 28 48
29 29 47
29 30 55
29 31 50
29 32 46
29 34 61
29 36 45
29 37 2
29 38 34
29 39 15
29 40 6
29 41 52
29 42 44
29 44 39
29 45 33
29 47 49
29 51 23
29 52 54
29 53 29
29 55 14
29 57 16
29 58 17
29 59 69
29 60 37
29 61 10
29 63 32
29 65 60
29 66 30
29 68 62
29 69 4
30 0 16
30 1 66
30 2 17
30 3 18
30 4 63
30 5 33
30 6 43
30 7 40
30 10 48
30 11 38
30 12 27
30 15 10
30 16 7
30 18 20
30 24 61
30 25 68
30 29 12
30 30 21
30 36 3
30 38 15
30 39 45
30 40 30
30 46 46
30 47 19
30 49 44
30 50 50
30 51 52
30 52 25
30 54 41
30 55 51
30 56 59
30 57 8
30 58 64
30 60 36
30 61 34
30 63 11
30 64 9
30 68 56
31 0 67
31 1 4
31 3 11
31 4 12
31 5 60
31 6 66
31 7 0
31 8 53
31 9 35
31 10 47
31 13 58
31 15 36
31 16 33
31 17 34
31 18 14
31 20 22
31 21 69
31 22 10
31 25 59
31 26 25
31 27 45
31 28 26
31 30 51
31 31 7
31 33 9
31 36 41
31 38 6
31 39 57
31 40 62
31 43 2
31 44 37
31 46 13
31 47 50
31 56 68
31 63 65
31 64 31
31 66 63
32 0 23
32 1 24
32 2 55
32 5 20
32 7 8
32 10 49
32 11 4
32 12 53
32 13 59
32 14 1
32 15 62
32 16 27
32 18 43
32 19 61
32 20 37
32 22 65
32 24 30
32 26 15
32 28 21
32 29 0
32 31 64
32 33 13
32 36 33
32 37 46
32 38 17
32 39 56
32 40 52
32 41 2
32 44 40
32 45 60
32 46 58
32 47 54
32 50 7
32 52 48
32 57 47
32 60 19
32 61 66
32 62 67
32 63 29
32 64 38
32 68 45
33 0 24
33 1 8
33 2 26
33 3 31
33 6 46
33 7 55
33 9 7
33 10 5
33 12 25
33 15 21
33 16 39
33 18 22
33 20 1
33 22 15
33 23 34
33 24 36
33 25 48
33 27 41
33 28 28
33 30 23
33 31 35
33 32 49
33 35 63
33 36 64
33 39 30
33 40 14
33 42 17
33 43 27
33 44 61
33 46 52
33 47 42
33 49 65
33 50 44
33 51 66
33 52 60
33 55 50
33 56 9
33 57 57
33 58 4
33 59 53
33 60 38
33 61 20
33 62 2
33 63 6
33 64 12
33 65 59
33 66 47
33 67 13
34 0 62
34 1 51
34 2 52
34 4 31
34 5 6
34 6 25
34 9 30
34 10 46
34 11 5
34 12 36
34 13 33
34 17 13
34 18 7
34 21 8
34 23 54
34 24 67
34 25 29
34 26 58
34 27 26
34 28 27
34 29 28
34 33 17
34 35 41
34 38 63
34 40 40
34 42 66
34 43 9
34 44 65
34 45 22
34 46 10
34 51 45
34 52 35
34 53 60
34 55 2
34 56 20
34 59 55
34 61 43
34 64 47
34 67 49
34 68 34
35 2 60
35 6 56
35 8 15
35 9 10
35 10 38
35 12 59
35 14 41
35 16 47
35 18 40
35 23 14
35 25 43
35 29 17
35 31 33
35 36 58
35 37 23
35 38 54
35 40 69
35 41 31
35 43 7
35 44 46
35 45 62
35 46 44
35 50 26
35 52 34
35 54 6
35 55 55
35 57 2
35 58 48
35 59 57
35 61 19
35 62 25
35 64 5
35 65 49
35 66 24
35 67 64
36 1 31
36 2 63
36 3 45
36 5 41
36 6 51
36 7 10
36 8 13
36 9 65
36 17 43
36 19 35
36 20 57
36 21 17
36 22 55
36 23 61
36 24 62
36 25 23
36 26 1
36 29 21
36 30 29
36 33 33
36 34 36
36 35 54
36 36 11
36 37 8
36 38 69
36 40 0
36 41 12
36 43 42
36 44 20
36 45 52
36 46 66
36 48 58
36 51 30
36 53 26
36 54 38
36 57 49
36 58 6
36 61 15
36 63 50
36 64 19
36 66 39
36 67 34
36 68 64
37 0 28
37 1 55
37 4 15
37 5 59
37 7 66
37 8 61
37 9 63
37 11 47
37 12 18
37 13 22
37 14 62
37 18 6
37 19 40
37 20 54
37 21 50
37 22 48
37 23 12
37 27 4
37 28 56
37 29 65
37 30 37
37 34 17
37 36 53
37 37 13
37 38 36
37 39 49
37 45 32
37 46 3
37 51 7
37 52 24
37 54 1
37 55 45
37 56 34
37 58 31
37 60 16
37 61 58
37 62 0
37 63 33
37 67 44
37 68 42
37 69 67
38 0 59
38 2 67
38 3 17
38 4 30
38 8 45
38 9 4
38 10 58
38 13 9
38 14 0
38 15 3
38 17 8
38 23 5
38 24 16
38 25 64
38 27 13
38 29 49
38 30 14
38 31 2
38 33 44
38 35 62
38 36 27
38 37 25
38 39 43
38 40 28
38 41 23
38 43 18
38 46 50
38 47 69
38 48 56
38 49 34
38 52 6
38 53 20
38 55 63
38 57 68
38 60 53
38 63 54
38 66 1
38 68 32
39 0 63
39 4 24
39 5 26
39 8 48
39 9 9
39 10 1
39 13 56
39 14 57
39 15 6
39 16 28
39 18 13
39 19 65
39 23 44
39 24 2
39 25 62
39 26 69
39 27 23
39 29 18
39 31 68
39 32 66
39 33 7
39 34 31
39 35 45
39 36 55
39 38 20
39 42 32
39 44 10
39 45 25
39 48 17
39 49 43
39 50 40
39 55 29
39 56 37
39 59 4
39 60 8
39 61 30
39 67 0
39 68 36
40 0 30
40 1 32
40 3 57
40 4 1
40 5 18
40 7 9
40 8 23
40 9 22
40 10 69
40 13 17
40 15 43
40 17 12
40 20 2
40 21 65
40 23 29
40 24 26
40 25 15
40 26 31
40 28 34
40 33 67
40 35 24
40 37 20
40 38 25
40 42 36
40 43 28
40 45 51
40 47 64
40 48 39
40 52 45
40 53 8
40 54 21
40 55 49
40 56 58
40 57 4
40 58 5
40 59 42
40 60 66
40 61 38
40 62 35
40 63 62
40 64 50
40 67 7
40 68 68
40 69 13
41 1 20
41 2 61
41 3 55
41 4 66
41 5 53
41 8 60
41 9 29
41 10 18
41 11 59
41 12 0
41 13 45
41 14 21
41 15 34
41 16 42
41 17 39
41 20 62
41 22 28
41 23 48
41 24 7
41 25 54
41 26 43
41 27 14
41 29 22
41 31 13
41 32 26
41 33 46
41 34 6
41 35 64
41 37 65
41 38 68
41 39 23
41 40 2
41 41 30
41 43 10
41 46 35
41 47 1
41 48 16
41 49 32
41 50 25
41 55 40
41 58 8
41 61 47
41 62 15
41 64 51
41 65 4
41 67 31
41 69 5
42 1 62
42 2 30
42 4 37
42 5 29
42 6 44
42 7 42
42 8 14
42 10 9
42 11 20
42 12 7
42 15 52
42 16 63
42 18 59
42 19 58
42 21 13
42 23 18
42 24 28
42 25 36
42 27 31
42 28 60
42 29 51
42 30 46
42 31 21
42 32 25
42 36 4
42 38 0
42 40 38
42 42 10
42 44 47
42 45 35
42 46 39
42 47 22
42 48 15
42 51 50
42 52 1
42 53 19
42 54 33
42 55 32
42 57 65
42 59 34
42 63 8
42 64 26
42 67 68
42 68 61
42 69 64
43 0 46
43 3 44
43 6 11
43 8 37
43 9 18
43 10 17
43 11 61
43 12 34
43 13 6
43 17 50
43 18 69
43 19 66
43 21 53
43 23 0
43 24 55
43 26 65
43 27 19
43 28 45
43 29 57
43 30 59
43 32 38
43 33 62
43 34 8
43 38 67
43 39 68
43 44 32
43 45 28
43 46 51
43 48 10
43 49 20
43 50 42
43 51 41
43 53 14
43 54 47
43 57 12
43 58 21
43 60 63
43 61 33
43 62 54
43 63 26
43 64 23
43 65 30
43 66 29
43 67 60
43 68 43
44 0 26
44 1 15
44 4 49
44 5 12
44 7 62
44 8 1
44 9 17
44 10 41
44 12 68
44 13 48
44 14 39
44 15 42
44 16 57
44 17 52
44 18 54
44 19 21
44 20 46
44 22 0
44 23 60
44 25 56
44 26 34
44 27 64
44 30 16
44 32 63
44 34 45
44 35 31
44 36 37
44 39 32
44 40 53
44 41 28
44 42 27
44 44 25
44 47 43
44 50 36
44 51 20
44 56 8
44 57 29
44 59 50
44 60 44
44 62 5
44 63 4
44 64 24
44 65 58
44 68 19
45 3 65
45 9 19
45 12 51
45 13 50
45 14 30
45 15 27
45 16 29
45 17 32
45 19 10
45 20 43
45 21 31
45 22 56
45 23 66
45 26 6
45 27 61
45 29 13
45 30 62
45 31 4
45 33 48
45 35 58
45 36 38
45 41 9
45 42 55
45 45 26
45 46 40
45 47 39
45 48 42
45 49 59
45 50 23
45 51 69
45 53 68
45 55 3
45 59 7
45 60 60
45 62 1
45 64 35
45 69 18
46 1 29
46 2 9
46 4 35
46 5 43
46 6 30
46 8 32
46 10 2
46 11 31
46 14 40
46 15 20
46 16 11
46 17 44
46 18 39
46 19 25
46 20 16
46 21 45
46 22 33
46 23 53
46 24 4
46 26 54
46 33 69
46 34 47
46 36 51
46 38 37
46 39 6
46 42 24
46 43 23
46 44 27
46 45 15
46 48 7
46 49 5
46 50 0
46 53 1
46 56 18
46 60 52
46 62 8
46 63 42
46 67 22
46 69 41
47 1 38
47 2 19
47 3 21
47 4 59
47 5 37
47 6 47
47 7 52
47 9 33
47 11 1
47 12 6
47 13 7
47 15 30
47 16 15
47 17 28
47 18 45
47 19 36
47 21 26
47 22 32
47 23 23
47 24 17
47 25 4
47 26 42
47 27 66
47 28 63
47 29 68
47 31 61
47 32 69
47 35 50
47 37 48
47 38 40
47 42 49
47 45 65
47 46 31
47 47 2
47 50 60
47 51 64
47 52 43
47 57 27
47 58 58
47 59 5
47 60 57
47 62 14
47 63 18
47 65 16
47 66 35
48 0 52
48 1 12
48 2 50
48 3 63
48 4 43
48 5 15
48 6 69
48 7 6
48 8 58
48 9 14
48 12 39
48 13 31
48 14 34
48 15 47
48 17 27
48 18 0
48 20 18
48 21 59
48 22 21
48 23 37
48 24 65
48 25 45
48 26 55
48 27 10
48 28 42
48 29 35
48 30 2
48 32 61
48 33 29
48 35 46
48 37 40
48 39 1
48 40 33
48 41 7
48 42 68
48 45 4
48 51 67
48 52 56
48 54 30
48 55 19
48 56 36
48 57 53
48 58 25
48 62 23
48 63 28
48 67 11
48 68 38
48 69 17
49 0 58
49 1 5
49 2 42
49 3 0
49 5 17
49 7 35
49 8 44
49 9 32
49 11 34
49 15 65
49 17 33
49 18 23
49 19 63
49 20 59
49 21 49
49 22 46
49 23 56
49 24 11
49 26 8
49 27 50
49 29 10
49 33 68
49 36 19
49 40 48
49 41 41
49 43 67
49 44 55
49 45 30
49 46 18
49 48 45
49 49 2
49 51 25
49 54 62
49 55 27
49 56 47
49 61 69
49 62 26
49 63 57
49 65 31
49 67 36
49 68 52
50 0 2
50 1 22
50 2 4
50 4 42
50 5 44
50 9 39
50 12 66
50 13 28
50 15 49
50 16 0
50 17 65
50 18 58
50 19 67
50 20 24
50 21 21
50 23 11
50 24 53
50 25 35
50 26 52
50 28 68
50 31 19
50 33 57
50 37 61
50 38 31
50 40 20
50 41 47
50 42 15
50 43 55
50 44 23
50 47 16
50 48 3
50 49 8
50 52 13
50 54 10
50 56 33
50 57 14
50 58 27
50 59 45
50 62 17
50 63 46
50 64 63
50 65 48
50 66 38
50 68 51
50 69 37
51 0 51
51 2 14
51 3 62
51 4 23
51 5 25
51 6 0
51 7 59
51 8 11
51 9 26
51 10 54
51 11 60
51 12 30
51 13 34
51 17 3
51 18 37
51 19 45
51 20 12
51 21 56
51 22 39
51 28 29
51 29 44
51 30 41
51 32 48
51 33 1
51 38 49
51 40 35
51 41 43
51 42 58
51 43 24
51 44 38
51 45 42
51 49 64
51 51 68
51 52 66
51 53 22
51 56 21
51 57 32
51 59 52
51 61 61
51 62 27
51 64 2
51 66 7
51 67 4
51 68 18
51 69 65
52 1 43
52 3 10
52 5 4
52 6 68
52 7 25
52 8 39
52 9 13
52 10 0
52 11 62
52 14 3
52 19 12
52 22 59
52 24 48
52 25 38
52 26 5
52 27 18
52 29 11
52 30 64
52 31 23
52 32 52
52 33 49
52 35 8
52 36 65
52 37 42
52 38 46
52 40 22
52 41 37
52 42 63
52 43 6
52 45 54
52 47 31
52 48 61
52 49 33
52 50 27
52 51 21
52 52 20
52 53 66
52 56 41
52 57 28
52 59 32
52 61 26
52 62 44
52 64 55
52 65 15
52 66 40
52 67 2
53 0 45
53 2 1
53 5 67
53 9 24
53 14 66
53 15 23
53 17 61
53 19 0
53 21 3
53 23 32
53 24 46
53 27 7
53 29 27
53 31 58
53 32 53
53 33 14
53 34 39
53 37 57
53 38 29
53 41 69
53 42 18
53 43 33
53 45 8
53 46 25
53 50 28
53 52 31
53 53 2
53 54 36
53 57 42
53 58 15
53 60 43
53 61 50
53 62 22
53 63 38
53 67 16
53 69 34
54 1 67
54 2 43
54 3 16
54 4 39
54 6 4
54 7 58
54 8 47
54 10 52
54 12 54
54 14 44
54 16 18
54 19 53
54 22 49
54 24 21
54 27 56
54 29 24
54 30 12
54 31 26
54 32 13
54 38 30
54 39 5
54 40 25
54 41 36
54 44 64
54 45 7
54 46 32
54 47 55
54 48 27
54 49 0
54 51 8
54 53 35
54 54 45
54 55 62
54 57 51
54 58 68
54 59 6
54 60 33
54 61 48
54 65 1
54 68 15
55 0 69
55 2 65
55 3 29
55 5 64
55 6 31
55 7 5
55 8 10
55 10 21
55 12 56
55 14 61
55 19 38
55 20 28
55 21 47
55 24 58
55 25 16
55 26 24
55 28 39
55 29 41
55 31 9
55 32 6
55 33 27
55 36 43
55 37 17
55 38 2
55 39 14
55 40 19
55 42 8
55 43 66
55 44 18
55 49 15
55 50 63
55 51 46
55 53 7
55 55 34
55 56 4
55 57 62
55 58 60
55 59 54
55 60 11
55 61 35
55 62 50
55 65 45
55 66 57
55 68 20
55 69 32
56 1 57
56 2 20
56 4 60
56 5 1
56 6 21
56 7 67
56 8 22
56 10 68
56 12 37
56 13 52
56 14 48
56 16 50
56 17 66
56 21 42
56 22 18
56 24 41
56 27 2
56 28 32
56 29 55
56 30 27
56 31 46
56 33 40
56 34 11
56 36 23
56 38 8
56 39 65
56 40 54
56 41 45
56 42 12
56 45 5
56 46 34
56 49 38
56 51 63
56 52 10
56 53 53
56 54 28
56 55 0
56 56 43
56 57 3
56 59 47
56 62 51
56 63 35
56 64 14
56 66 62
56 67 17
56 68 33
56 69 56
57 1 56
57 3 61
57 4 40
57 5 62
57 6 63
57 7 38
57 8 65
57 9 15
57 10 8
57 11 12
57 13 39
57 15 51
57 16 55
57 17 25
57 18 36
57 19 17
57 20 9
57 27 35
57 28 24
57 29 58
57 30 18
57 31 48
57 33 16
57 34 32
57 39 54
57 40 4
57 41 6
57 42 2
57 44 21
57 46 5
57 47 0
57 48 23
57 51 37
57 53 67
57 54 60
57 57 33
57 58 49
57 60 14
57 65 47
57 68 13
58 0 5
58 1 50
58 4 29
58 5 19
58 6 53
58 8 0
58 9 45
58 10 40
58 12 49
58 13 68
58 17 69
58 18 65
58 20 7
58 22 23
58 24 32
58 26 63
58 27 15
58 30 66
58 31 36
58 34 14
58 35 33
58 36 60
58 39 44
58 40 37
58 43 22
58 44 62
58 46 55
58 48 28
58 49 17
58 50 24
58 51 26
58 52 21
58 53 11
58 54 2
58 55 41
58 57 31
58 58 35
58 62 38
58 63 47
58 66 3
58 67 43
58 68 39
59 0 53
59 1 34
59 4 20
59 6 8
59 9 42
59 10 65
59 12 55
59 13 5
59 14 31
59 15 63
59 17 22
59 19 59
59 20 23
59 21 27
59 22 64
59 23 45
59 25 13
59 28 41
59 29 54
59 30 36
59 31 66
59 34 67
59 35 38
59 40 46
59 41 50
59 42 26
59 44 29
59 45 47
59 46 12
59 47 14
59 48 35
59 50 52
59 51 1
59 53 33
59 58 40
59 59 10
59 62 7
59 64 62
59 65 43
59 68 6
60 0 55
60 1 36
60 3 22
60 4 13
60 5 69
60 6 42
60 8 17
60 9 40
60 11 15
60 12 65
60 13 51
60 14 63
60 15 53
60 16 31
60 17 26
60 18 50
60 20 25
60 21 29
60 24 3
60 26 49
60 27 20
60 28 61
60 31 57
60 32 11
60 33 2
60 34 24
60 35 44
60 36 6
60 37 52
60 42 7
60 43 38
60 44 0
60 46 4
60 47 27
60 48 66
60 49 60
60 51 10
60 52 47
60 53 64
60 54 46
60 55 56
60 56 14
60 57 48
60 58 37
60 60 1
60 61 54
60 62 59
60 64 43
60 65 67
60 69 35
61 0 1
61 3 66
61 5 50
61 7 69
61 9 2
61 10 22
61 11 18
61 15 28
61 16 14
61 17 40
61 18 4
61 19 43
61 22 38
61 23 13
61 24 0
61 25 33
61 28 10
61 29 15
61 30 6
61 31 12
61 33 36
61 34 48
61 35 32
61 37 60
61 38 5
61 39 31
61 40 67
61 43 17
61 44 45
61 46 57
61 47 68
61 50 59
61 51 27
61 52 46
61 53 42
61 55 64
61 56 49
61 59 30
61 61 37
61 62 62
61 63 24
61 64 61
61 67 63
62 0 7
62 3 2
62 4 33
62 6 14
62 7 53
62 9 60
62 11 16
62 13 32
62 16 21
62 18 42
62 20 10
62 21 25
62 22 31
62 23 27
62 24 43
62 25 41
62 26 40
62 27 44
62 28 1
62 30 38
62 32 68
62 33 64
62 34 66
62 37 15
62 38 61
62 39 55
62 40 8
62 42 13
62 45 11
62 46 19
62 48 65
62 49 12
62 50 69
62 52 5
62 53 6
62 55 35
62 58 39
62 59 58
62 64 0
62 65 50
62 66 51
62 67 59
63 0 21
63 2 62
63 3 58
63 4 11
63 5 47
63 8 12
63 9 8
63 11 29
63 12 48
63 18 57
63 19 9
63 27 17
63 28 55
63 29 64
63 34 10
63 37 18
63 38 24
63 39 25
63 40 3
63 42 43
63 46 6
63 47 53
63 48 34
63 49 49
63 50 65
63 53 28
63 55 68
63 58 59
63 59 66
63 60 7
63 61 39
63 62 45
63 63 52
63 64 56
63 65 37
63 68 69
63 69 15
64 0 0
64 1 23
64 2 11
64 4 27
64 5 52
64 7 33
64 8 59
64 11 32
64 14 36
64 15 14
64 16 5
64 17 7
64 21 51
64 23 65
64 27 6
64 28 53
64 30 47
64 31 54
64 33 20
64 34 26
64 35 40
64 37 21
64 38 10
64 41 39
64 42 28
64 44 69
64 47 62
64 48 43
64 49 45
64 50 58
64 51 13
64 52 63
64 54 25
64 57 30
64 58 34
64 60 56
64 62 68
64 65 17
64 67 55
64 68 16
64 69 9
65 0 6
65 2 28
65 3 53
65 4 44
65 5 36
65 7 20
65 9 12
65 11 40
65 12 35
65 16 62
65 18 24
65 19 56
65 20 15
65 22 14
65 23 16
65 26 7
65 28 64
65 29 9
65 32 2
65 33 19
65 34 60
65 38 42
65 39 8
65 40 1
65 41 65
65 43 13
65 44 41
65 45 67
65 46 23
65 51 55
65 52 39
65 53 0
65 54 69
65 55 54
65 58 32
65 59 51
65 61 52
65 62 29
65 63 27
65 64 21
65 66 25
65 67 46
65 68 5
65 69 31
66 2 33
66 3 24
66 5 58
66 7 56
66 8 26
66 9 61
66 10 19
66 11 21
66 12 67
66 15 44
66 16 65
66 18 12
66 19 14
66 20 51
66 22 66
66 24 25
66 26 68
66 27 46
66 28 43
66 30 52
66 31 38
66 32 0
66 33 37
66 35 59
66 37 32
66 38 50
66 39 69
66 40 57
66 42 34
66 43 35
66 48 11
66 53 18
66 54 29
66 58 3
66 59 2
66 62 13
66 63 41
66 65 9
66 66 42
66 67 62
66 69 20
67 1 46
67 2 6
67 3 25
67 4 7
67 7 28
67 11 52
67 14 60
67 15 2
67 16 36
67 17 54
67 19 33
67 20 55
67 21 48
67 23 1
67 24 59
67 25 30
67 26 17
67 30 69
67 31 53
67 33 21
67 34 20
67 35 43
67 37 11
67 39 58
67 40 45
67 41 10
67 42 65
67 44 51
67 46 68
67 47 34
67 50 56
67 51 18
67 53 5
67 54 39
67 55 9
67 56 44
67 57 19
67 58 38
67 59 13
67 61 49
67 62 63
67 63 0
67 64 42
67 67 66
67 68 57
68 0 49
68 3 8
68 5 35
68 6 62
68 7 36
68 8 68
68 10 67
68 11 30
68 15 33
68 17 19
68 19 7
68 26 47
68 27 39
68 29 14
68 30 0
68 31 43
68 32 20
68 34 56
68 37 9
68 40 55
68 41 60
68 46 24
68 47 25
68 51 32
68 53 48
68 55 46
68 57 21
68 62 10
68 64 16
68 65 63
68 69 6
69 0 27
69 2 57
69 3 48
69 4 69
69 5 13
69 6 37
69 9 1
69 10 62
69 11 19
69 12 40
69 14 8
69 15 46
69 16 23
69 18 32
69 20 53
69 24 39
69 26 59
69 27 34
69 29 26
69 31 65
69 32 15
69 33 0
69 35 18
69 37 43
69 39 10
69 40 56
69 43 14
69 45 31
69 46 41
69 47 17
69 48 21
69 50 67
69 52 33
69 53 63
69 55 11
69 57 60
69 61 6
69 65 25
69 66 22
69 67 35
69 68 55
