60
0 0 36
0 3 13
0 5 28
0 7 18
0 15 30
0 20 59
0 23 16
0 24 23
0 27 45
0 29 14
0 37 0
0 38 6
0 40 26
0 41 3
0 46 29
0 47 1
0 48 17
0 51 53
0 55 7
0 56 51
0 59 4
1 7 0
1 10 55
1 13 39
1 15 36
1 17 54
1 20 24
1 22 10
1 23 15
1 31 45
1 35 9
1 38 41
1 41 37
1 44 26
1 50 29
1 51 5
1 55 12
1 59 42
2 7 53
2 10 33
2 14 7
2 18 17
2 19 39
2 25 12
2 27 20
2 31 8
2 34 59
2 36 5
2 37 47
2 45 34
2 48 58
2 57 41
2 58 30
3 3 23
3 5 8
3 6 13
3 7 52
3 11 40
3 12 36
3 13 14
3 17 11
3 24 0
3 26 30
3 34 19
3 43 45
3 44 22
3 48 56
3 51 29
3 52 51
3 54 2
3 59 10
4 0 4
4 1 29
4 2 47
4 3 18
4 17 51
4 20 56
4 27 25
4 42 16
4 44 40
4 46 38
4 51 59
4 55 45
4 56 0
5 5 21
5 10 57
5 13 41
5 14 38
5 15 29
5 16 36
5 18 31
5 19 5
5 22 13
5 23 8
5 26 0
5 33 50
5 40 22
5 41 1
5 45 28
5 47 19
5 48 11
5 49 54
5 50 7
5 52 47
5 54 40
5 56 4
5 57 55
5 58 59
5 59 20
6 0 38
6 2 51
6 11 53
6 12 18
6 17 29
6 23 58
6 28 57
6 29 49
6 34 46
6 40 54
6 42 30
6 46 52
6 48 33
6 53 2
6 55 6
6 57 59
6 58 50
7 3 22
7 9 57
7 10 39
7 11 21
7 16 45
7 20 14
7 26 46
7 27 11
7 32 24
7 39 25
7 40 8
7 45 53
7 48 49
7 51 0
7 52 3
7 54 1
7 56 30
7 57 44
7 58 13
8 2 10
8 9 38
8 10 35
8 11 49
8 12 27
8 14 36
8 22 0
8 23 59
8 27 3
8 32 8
8 33 18
8 34 9
8 37 57
8 38 45
8 39 58
8 40 13
8 41 54
8 42 15
8 44 30
8 48 2
8 49 12
8 50 14
8 51 1
8 54 25
8 55 24
8 56 43
8 59 16
9 0 50
9 5 1
9 8 26
9 11 6
9 12 3
9 14 48
9 18 59
9 21 16
9 23 2
9 24 52
9 25 34
9 31 21
9 32 28
9 33 5
9 34 20
9 37 9
9 43 19
9 52 8
10 2 1
10 5 2
10 8 22
10 13 10
10 14 52
10 18 35
10 25 55
10 27 15
10 34 53
10 40 23
10 41 19
10 44 17
10 58 14
10 59 43
11 2 15
11 5 57
11 12 6
11 13 28
11 15 1
11 16 12
11 27 35
11 33 38
11 36 43
11 37 39
11 45 20
11 49 44
11 51 4
11 52 58
11 54 29
12 5 54
12 7 13
12 9 2
12 14 32
12 17 6
12 18 16
12 27 47
12 36 9
12 48 21
12 50 5
12 51 19
12 52 12
12 53 28
12 54 30
12 55 10
13 2 21
13 14 46
13 15 22
13 18 42
13 19 41
13 20 53
13 22 17
13 26 5
13 27 40
13 38 11
13 46 39
13 52 2
13 53 1
13 54 10
13 55 48
13 56 37
14 1 6
14 3 57
14 5 10
14 6 27
14 9 26
14 12 40
14 13 20
14 19 16
14 21 25
14 22 45
14 25 15
14 27 21
14 29 58
14 32 42
14 33 52
14 39 4
14 43 43
14 49 29
14 50 38
14 56 8
14 58 24
15 2 24
15 7 2
15 10 23
15 14 59
15 15 51
15 16 32
15 18 43
15 20 58
15 30 5
15 34 22
15 35 44
15 36 57
15 38 53
15 45 36
15 46 10
15 49 15
15 50 1
15 51 41
15 53 47
15 58 40
16 0 58
16 1 56
16 4 37
16 5 27
16 8 12
16 9 39
16 12 28
16 13 54
16 15 45
16 18 0
16 20 34
16 26 19
16 27 31
16 33 47
16 39 55
16 40 11
16 42 51
16 43 8
16 44 48
16 46 49
16 52 24
16 53 59
16 54 52
16 56 14
16 59 23
17 10 16
17 13 23
17 16 25
17 17 22
17 18 32
17 20 45
17 23 38
17 29 44
17 33 13
17 36 37
17 40 48
17 42 29
17 43 53
17 44 0
17 45 59
17 48 47
17 50 24
17 51 31
17 55 5
17 59 52
18 3 31
18 5 52
18 8 51
18 11 34
18 12 57
18 14 43
18 16 39
18 17 18
18 21 38
18 22 30
18 28 29
18 32 56
18 33 1
18 41 10
18 44 14
18 45 11
18 50 16
18 57 21
18 59 28
19 4 1
19 7 7
19 8 9
19 10 50
19 11 52
19 14 49
19 19 51
19 25 43
19 26 3
19 27 56
19 29 55
19 34 44
19 38 28
19 39 54
19 43 0
20 6 53
20 7 22
20 8 56
20 12 43
20 14 17
20 15 42
20 20 21
20 21 33
20 22 40
20 23 29
20 27 55
20 32 48
20 39 15
20 49 38
20 51 37
20 52 54
20 53 3
20 58 20
21 2 27
21 5 50
21 7 31
21 10 32
21 17 36
21 20 1
21 21 18
21 24 39
21 29 17
21 31 51
21 36 14
21 42 25
21 47 58
21 52 29
21 53 4
21 56 28
21 57 9
21 58 45
21 59 35
22 3 27
22 6 45
22 7 25
22 12 14
22 13 49
22 17 7
22 21 32
22 22 48
22 24 58
22 31 56
22 33 23
22 34 6
22 40 1
22 41 2
22 46 55
22 55 40
22 58 15
23 4 23
23 9 19
23 11 31
23 16 9
23 18 7
23 26 55
23 28 46
23 33 40
23 34 13
23 35 53
23 41 20
23 42 47
23 44 5
23 46 14
23 50 22
23 52 21
23 54 33
23 58 38
24 3 25
24 5 15
24 7 4
24 10 2
24 12 21
24 15 56
24 25 24
24 26 20
24 32 6
24 35 57
24 44 34
24 55 39
24 59 49
25 2 28
25 5 14
25 6 54
25 12 22
25 17 47
25 21 8
25 22 32
25 23 55
25 24 57
25 26 50
25 36 49
25 37 34
25 42 18
25 49 24
25 51 52
25 52 10
25 54 16
25 56 45
25 58 44
25 59 25
26 0 26
26 1 36
26 5 24
26 13 0
26 14 15
26 15 52
26 19 55
26 20 38
26 23 46
26 28 6
26 30 33
26 32 14
26 33 12
26 37 43
26 43 27
26 46 28
26 48 30
26 56 42
27 0 31
27 1 54
27 2 33
27 10 46
27 20 2
27 21 55
27 22 15
27 31 18
27 32 30
27 37 22
27 40 9
27 42 36
27 44 6
27 45 38
27 49 27
27 53 58
27 55 17
28 2 42
28 5 37
28 8 3
28 14 51
28 18 12
28 20 19
28 24 28
28 27 36
28 29 46
28 30 24
28 32 33
28 41 25
28 44 58
28 46 48
28 47 16
28 57 47
29 0 56
29 5 44
29 6 6
29 17 15
29 20 37
29 29 19
29 31 20
29 37 1
29 39 12
29 40 39
29 42 24
29 49 55
29 53 53
29 59 59
30 0 25
30 9 31
30 11 47
30 14 21
30 18 50
30 20 36
30 21 10
30 28 44
30 29 37
30 31 35
30 36 46
30 40 16
30 42 1
30 43 34
30 47 29
30 55 51
30 56 23
31 0 59
31 10 54
31 11 17
31 13 16
31 14 31
31 15 13
31 16 8
31 23 40
31 24 18
31 28 58
31 38 30
31 40 52
31 43 47
31 44 11
31 52 42
31 56 10
31 57 34
32 1 35
32 3 7
32 10 47
32 11 55
32 15 31
32 21 54
32 22 41
32 24 14
32 26 56
32 27 9
32 28 36
32 43 37
32 48 6
32 54 42
32 55 8
32 59 11
33 4 49
33 5 23
33 6 19
33 9 45
33 11 43
33 13 8
33 16 54
33 27 59
33 31 14
33 42 31
33 45 0
33 53 29
33 57 36
34 0 40
34 4 47
34 7 12
34 8 4
34 11 13
34 13 6
34 15 46
34 18 9
34 21 57
34 22 1
34 28 7
34 30 48
34 34 54
34 39 45
34 41 56
34 43 3
34 45 27
34 46 42
34 52 39
34 56 55
35 0 55
35 1 46
35 2 12
35 3 15
35 5 33
35 10 34
35 14 6
35 17 3
35 21 22
35 26 57
35 30 37
35 31 25
35 35 18
35 43 29
35 46 53
35 54 26
35 55 20
35 59 38
36 0 47
36 3 10
36 4 41
36 5 34
36 10 56
36 11 45
36 19 17
36 24 13
36 27 30
36 29 11
36 30 25
36 32 39
36 33 0
36 34 58
36 35 3
36 43 12
36 44 55
36 46 9
36 50 37
36 57 35
37 6 55
37 10 6
37 12 8
37 19 19
37 21 5
37 22 24
37 25 35
37 30 12
37 38 20
37 44 37
37 48 4
37 50 32
37 51 13
37 54 36
37 58 2
37 59 1
38 2 13
38 3 16
38 7 51
38 12 5
38 13 25
38 14 29
38 21 23
38 25 27
38 26 40
38 32 31
38 33 49
38 35 1
38 40 4
38 44 2
38 45 55
38 48 9
38 54 22
39 1 18
39 3 52
39 8 43
39 15 15
39 19 37
39 24 45
39 25 26
39 26 7
39 27 14
39 29 32
39 30 36
39 32 54
39 34 11
39 38 21
39 44 12
39 46 24
39 48 16
39 55 44
39 56 22
39 57 50
40 2 57
40 3 1
40 9 13
40 10 40
40 12 30
40 18 15
40 20 44
40 24 5
40 28 24
40 29 31
40 31 58
40 33 27
40 34 17
40 35 49
40 44 51
40 46 3
40 48 28
40 49 22
40 50 12
40 51 9
40 53 32
40 56 53
40 59 55
41 3 34
41 7 1
41 8 16
41 20 13
41 29 40
41 33 4
41 35 55
41 38 48
41 40 35
41 44 50
41 48 54
41 49 25
42 1 21
42 13 2
42 14 14
42 16 5
42 24 29
42 30 0
42 33 45
42 37 23
42 39 9
42 43 50
42 44 57
42 47 6
42 49 4
42 50 27
42 54 28
43 7 59
43 11 28
43 12 0
43 13 40
43 19 36
43 21 12
43 30 52
43 32 41
43 33 2
43 36 38
43 37 25
43 41 29
43 42 3
43 47 22
43 48 1
43 49 47
43 50 39
43 51 33
43 52 49
43 54 7
43 59 50
44 0 24
44 4 57
44 5 11
44 6 15
44 13 33
44 19 53
44 25 23
44 30 32
44 31 37
44 32 51
44 38 8
44 39 1
44 42 0
44 45 4
44 50 54
44 53 40
44 54 13
44 55 35
44 56 39
44 59 47
45 1 48
45 5 25
45 7 33
45 8 2
45 12 44
45 13 24
45 16 16
45 25 28
45 26 15
45 31 57
45 35 27
45 37 36
45 39 41
45 44 32
45 45 50
45 48 29
45 49 10
45 50 17
45 51 51
45 53 37
46 7 42
46 10 21
46 13 27
46 14 5
46 21 52
46 27 23
46 29 18
46 30 49
46 34 39
46 41 58
46 43 28
46 45 43
46 48 20
46 50 48
46 52 44
46 56 25
46 59 2
47 0 33
47 6 49
47 8 20
47 14 18
47 15 37
47 18 48
47 24 53
47 27 16
47 28 17
47 29 13
47 34 43
47 43 21
47 52 57
47 55 9
48 0 0
48 2 5
48 6 14
48 7 16
48 12 26
48 22 57
48 25 47
48 26 45
48 33 33
48 34 40
48 36 15
48 38 51
48 48 34
48 49 53
48 50 13
48 52 52
48 53 36
48 57 43
49 8 11
49 11 14
49 12 15
49 14 20
49 17 38
49 20 28
49 23 33
49 29 51
49 35 43
49 38 19
49 40 42
49 41 47
49 42 55
49 49 45
49 53 21
49 55 22
49 56 41
50 0 19
50 3 38
50 4 18
50 5 55
50 7 17
50 8 59
50 11 10
50 15 53
50 24 56
50 27 24
50 28 35
50 31 3
50 36 2
50 37 40
50 40 44
50 44 54
50 51 47
50 57 45
50 59 13
51 0 7
51 5 32
51 6 57
51 8 5
51 9 16
51 10 25
51 16 47
51 17 41
51 20 52
51 22 38
51 23 37
51 24 33
51 30 20
51 37 11
51 43 35
51 44 43
51 54 48
51 57 42
52 2 52
52 3 37
52 9 25
52 14 41
52 15 58
52 19 46
52 20 31
52 24 16
52 28 27
52 33 11
52 34 23
52 35 32
52 37 14
52 43 42
52 47 24
52 52 28
52 59 15
53 4 5
53 7 10
53 8 30
53 10 8
53 11 29
53 12 17
53 14 9
53 18 4
53 19 1
53 23 42
53 24 6
53 26 37
53 27 57
53 30 27
53 31 43
53 32 53
53 35 19
53 37 33
53 38 39
53 39 35
53 40 58
53 43 15
53 44 20
53 46 54
53 47 51
53 48 50
53 53 44
53 54 38
53 55 55
53 58 52
54 0 52
54 1 31
54 6 0
54 8 38
54 13 32
54 14 12
54 16 55
54 24 11
54 26 9
54 27 43
54 31 1
54 37 45
54 43 41
54 44 49
54 52 35
55 2 46
55 4 12
55 7 37
55 9 27
55 14 16
55 16 1
55 22 28
55 23 22
55 35 47
55 44 36
55 47 32
55 52 38
55 54 15
55 57 23
55 58 7
55 59 9
56 0 11
56 1 45
56 4 13
56 7 54
56 9 7
56 11 46
56 19 29
56 20 55
56 28 42
56 37 3
56 38 27
56 39 40
56 43 58
56 45 2
56 46 20
56 47 38
56 48 19
56 49 30
56 54 51
56 55 31
56 56 24
56 59 12
57 3 53
57 6 46
57 8 54
57 11 35
57 18 41
57 28 25
57 31 49
57 33 42
57 38 37
57 46 16
57 47 20
57 48 10
57 56 44
57 59 34
58 1 37
58 6 3
58 19 14
58 20 16
58 21 58
58 22 31
58 27 52
58 29 9
58 31 22
58 34 41
58 35 36
58 38 59
58 41 48
58 42 33
58 43 20
58 46 40
58 47 0
58 54 54
58 58 26
58 59 44
59 1 42
59 5 53
59 7 8
59 9 49
59 12 37
59 14 22
59 15 24
59 18 25
59 22 18
59 27 6
59 28 3
59 29 28
59 34 16
59 38 31
59 45 48
59 53 20
59 57 26
59 59 32
