70
0 1 38
0 2 44
0 6 69
0 8 65
0 10 0
0 11 40
0 23 66
0 25 32
0 26 37
0 27 62
0 30 8
0 34 14
0 41 51
0 45 61
0 46 49
0 52 2
0 54 27
0 55 36
0 58 68
0 63 56
0 68 45
1 0 10
1 4 7
1 5 31
1 7 34
1 9 4
1 17 51
1 23 44
1 27 33
1 29 18
1 31 23
1 33 9
1 38 47
1 39 15
1 41 52
1 43 2
1 45 32
1 49 25
1 50 29
1 53 35
1 54 30
1 60 61
1 65 1
1 66 40
1 69 60
2 1 16
2 4 22
2 5 18
2 6 37
2 7 65
2 13 60
2 18 13
2 22 59
2 24 58
2 27 50
2 28 42
2 29 10
2 32 47
2 33 1
2 36 29
2 40 55
2 49 49
2 50 4
2 53 41
2 55 57
2 62 46
2 63 53
2 65 0
2 68 43
3 0 11
3 9 21
3 13 53
3 17 14
3 18 19
3 21 42
3 29 15
3 31 32
3 32 60
3 33 28
3 34 67
3 35 39
3 36 23
3 41 24
3 42 8
3 44 27
3 46 16
3 51 47
3 54 2
3 57 68
3 64 65
4 1 6
4 6 22
4 9 1
4 10 61
4 12 42
4 13 69
4 15 35
4 23 68
4 31 34
4 32 48
4 36 32
4 38 4
4 39 31
4 41 56
4 43 37
4 47 13
4 49 41
4 50 25
4 51 53
4 52 60
4 63 15
5 2 67
5 5 68
5 6 7
5 14 38
5 18 32
5 20 27
5 25 15
5 26 18
5 28 46
5 31 10
5 32 12
5 34 57
5 37 43
5 46 63
5 54 62
5 57 13
5 59 36
5 63 26
5 66 50
5 67 2
6 3 25
6 4 38
6 8 64
6 11 20
6 14 11
6 20 14
6 23 45
6 25 59
6 26 46
6 28 2
6 33 31
6 36 9
6 43 8
6 48 18
6 49 42
6 58 36
6 60 17
6 61 65
6 62 6
6 69 37
7 2 43
7 7 0
7 9 54
7 12 65
7 13 2
7 15 47
7 18 68
7 22 13
7 26 41
7 27 18
7 28 12
7 33 7
7 36 69
7 39 61
7 42 63
7 46 64
7 49 15
7 57 35
7 58 1
7 62 40
7 64 4
8 0 31
8 3 38
8 10 9
8 19 21
8 20 49
8 21 25
8 22 28
8 23 3
8 25 8
8 26 24
8 31 7
8 34 13
8 35 66
8 38 0
8 40 41
8 43 26
8 46 54
8 47 65
8 49 45
8 52 56
8 55 27
8 56 34
8 59 57
8 68 32
9 2 25
9 6 5
9 8 10
9 9 44
9 13 9
9 14 59
9 20 32
9 21 36
9 24 13
9 29 38
9 30 31
9 33 55
9 36 26
9 41 7
9 45 53
9 46 29
9 47 11
9 58 64
9 60 14
9 62 18
9 63 65
9 64 24
9 66 17
9 67 4
9 68 35
10 6 2
10 10 53
10 20 9
10 22 52
10 23 67
10 25 30
10 28 26
10 29 19
10 30 23
10 33 29
10 34 51
10 36 63
10 41 10
10 45 31
10 47 43
10 48 46
10 49 65
10 54 48
10 55 39
10 57 64
10 64 54
10 69 41
11 8 26
11 9 58
11 10 31
11 14 0
11 15 53
11 18 9
11 21 5
11 23 20
11 24 63
11 27 45
11 34 15
11 36 24
11 41 68
11 48 8
11 50 66
11 51 23
11 53 38
11 54 69
11 55 1
11 56 4
11 58 18
11 63 10
11 65 56
11 67 67
11 68 40
11 69 55
12 1 69
12 2 52
12 4 41
12 5 51
12 8 28
12 15 36
12 17 37
12 20 47
12 24 64
12 27 1
12 30 66
12 34 58
12 36 56
12 40 50
12 41 54
12 45 39
12 46 45
12 49 67
12 54 46
12 55 42
12 57 15
12 60 53
12 62 3
12 64 43
12 67 34
13 2 28
13 6 36
13 8 61
13 12 11
13 16 18
13 18 35
13 20 34
13 21 37
13 23 25
13 26 30
13 27 54
13 32 67
13 40 43
13 41 38
13 42 44
13 43 31
13 45 16
13 49 33
13 50 3
13 55 7
13 58 57
13 69 48
14 1 35
14 2 34
14 5 25
14 11 4
14 23 60
14 24 28
14 27 61
14 30 63
14 34 36
14 42 68
14 45 67
14 49 12
14 50 41
14 57 49
14 58 52
14 59 53
14 60 0
14 67 37
14 69 9
15 2 58
15 4 21
15 8 5
15 13 32
15 17 56
15 18 37
15 22 31
15 23 27
15 27 55
15 28 41
15 29 20
15 34 7
15 44 14
15 48 17
15 53 11
15 54 8
15 56 49
15 58 9
15 59 48
15 63 42
15 64 69
15 68 65
16 2 11
16 4 59
16 13 37
16 15 64
16 17 17
16 18 29
16 23 9
16 34 49
16 40 65
16 47 27
16 55 8
16 56 63
16 62 36
16 66 10
16 67 56
16 68 61
16 69 66
17 0 55
17 3 63
17 5 61
17 7 49
17 10 51
17 12 15
17 15 8
17 17 1
17 18 17
17 25 10
17 26 23
17 29 50
17 30 62
17 34 41
17 41 44
17 43 29
17 44 31
17 45 69
17 48 27
17 50 33
17 61 28
17 65 21
17 67 65
17 69 45
18 0 9
18 9 42
18 10 69
18 12 6
18 15 15
18 20 22
18 26 57
18 27 65
18 32 39
18 37 13
18 45 26
18 47 17
18 49 55
18 50 56
18 51 63
18 54 14
18 57 5
18 58 27
19 2 50
19 4 53
19 6 40
19 8 56
19 14 8
19 15 4
19 18 43
19 23 69
19 25 46
19 28 45
19 29 36
19 33 52
19 34 6
19 40 14
19 46 39
19 48 30
19 51 55
19 56 54
19 57 11
19 58 59
19 63 41
19 64 3
19 66 0
19 69 64
20 0 68
20 3 20
20 14 47
20 16 41
20 19 53
20 24 46
20 26 16
20 30 1
20 31 35
20 35 63
20 38 17
20 39 56
20 46 58
20 49 32
20 52 37
20 61 13
20 65 65
20 69 44
21 2 9
21 4 24
21 8 52
21 9 56
21 12 21
21 17 11
21 18 1
21 19 27
21 24 69
21 35 14
21 44 36
21 59 64
21 68 50
22 0 6
22 2 22
22 5 5
22 11 54
22 13 63
22 18 14
22 19 1
22 20 39
22 23 37
22 28 4
22 29 65
22 32 20
22 36 67
22 46 11
22 48 9
22 49 64
22 60 52
22 67 31
23 3 60
23 4 57
23 11 8
23 12 10
23 17 0
23 18 55
23 27 43
23 29 26
23 31 14
23 33 17
23 35 18
23 36 52
23 46 13
23 47 4
23 51 6
23 52 36
23 58 34
23 65 64
24 0 61
24 2 39
24 8 36
24 11 15
24 19 0
24 22 25
24 24 22
24 27 6
24 28 44
24 30 16
24 31 68
24 33 48
24 40 34
24 44 65
24 47 63
24 48 7
24 51 38
24 56 19
24 58 31
24 64 1
24 69 10
25 16 31
25 20 52
25 23 8
25 26 63
25 33 39
25 35 42
25 38 35
25 40 53
25 46 32
25 47 54
25 50 58
25 52 15
25 53 7
25 54 50
25 56 38
25 58 60
25 60 24
25 63 46
25 69 3
26 10 37
26 11 0
26 13 29
26 17 58
26 20 7
26 24 68
26 27 59
26 29 3
26 39 9
26 43 50
26 47 26
26 48 5
26 53 66
26 54 13
26 55 20
26 58 12
26 59 14
26 61 38
26 64 27
26 65 25
26 68 63
27 1 55
27 3 24
27 4 28
27 5 15
27 12 7
27 13 66
27 17 26
27 19 38
27 23 35
27 31 47
27 32 17
27 43 13
27 46 18
27 47 23
27 63 20
27 64 62
27 67 41
27 68 53
28 11 56
28 13 36
28 15 44
28 20 45
28 23 53
28 24 67
28 28 35
28 32 59
28 33 10
28 41 43
28 42 12
28 44 64
28 45 3
28 49 7
28 55 9
28 56 24
28 62 58
28 66 14
28 67 18
28 68 46
28 69 57
29 2 16
29 4 30
29 5 36
29 10 58
29 13 46
29 19 18
29 21 65
29 24 0
29 25 28
29 29 6
29 30 56
29 37 17
29 42 43
29 43 54
29 46 53
29 48 10
29 52 38
29 55 34
29 61 8
29 66 39
29 67 40
29 69 52
30 2 68
30 3 23
30 4 26
30 7 52
30 8 37
30 9 39
30 11 58
30 15 60
30 19 67
30 21 20
30 22 2
30 24 8
30 28 63
30 29 7
30 31 11
30 33 51
30 34 38
30 37 57
30 43 6
30 46 56
30 47 53
30 50 22
30 53 44
30 55 21
30 56 55
30 58 5
30 60 35
30 63 18
30 65 13
30 66 69
31 1 36
31 2 18
31 8 46
31 10 30
31 15 49
31 18 42
31 22 39
31 24 54
31 26 47
31 28 60
31 29 27
31 30 44
31 36 8
31 38 50
31 53 29
31 57 51
31 58 67
31 59 43
32 2 60
32 3 6
32 8 51
32 9 45
32 11 19
32 22 66
32 24 32
32 25 68
32 42 41
32 44 52
32 46 43
32 47 1
32 48 62
32 50 15
32 56 22
32 62 24
32 68 29
33 3 57
33 7 37
33 9 12
33 11 44
33 13 42
33 15 19
33 22 16
33 32 8
33 38 55
33 41 34
33 45 36
33 46 41
33 47 32
33 50 9
33 53 61
33 56 35
33 57 3
33 58 2
33 60 58
33 63 66
33 64 17
33 67 68
33 69 62
34 3 67
34 9 60
34 10 20
34 11 50
34 13 26
34 15 1
34 17 68
34 20 65
34 21 2
34 23 49
34 33 15
34 42 36
34 43 63
34 44 33
34 55 46
34 59 41
34 60 42
34 63 28
34 65 59
34 69 58
35 1 15
35 5 52
35 6 68
35 8 35
35 9 26
35 21 69
35 22 65
35 23 54
35 27 66
35 28 20
35 34 56
35 35 43
35 40 13
35 41 45
35 42 4
35 50 37
35 55 0
35 59 12
35 64 39
35 68 9
35 69 17
36 3 28
36 4 47
36 8 8
36 13 5
36 15 20
36 18 46
36 20 67
36 21 32
36 24 29
36 25 56
36 27 30
36 28 13
36 30 35
36 32 4
36 33 21
36 41 55
36 45 64
36 47 52
36 48 41
36 49 50
36 52 45
36 53 48
36 54 61
36 55 14
36 56 31
36 67 25
36 68 34
36 69 54
37 1 24
37 3 27
37 14 51
37 17 29
37 18 60
37 20 35
37 21 63
37 22 22
37 32 49
37 36 37
37 40 26
37 45 59
37 50 65
37 51 21
37 52 1
37 56 13
37 57 28
37 60 12
37 62 67
37 64 16
37 66 42
37 67 19
37 69 56
38 10 63
38 19 55
38 20 2
38 21 61
38 22 50
38 23 52
38 27 16
38 28 10
38 33 13
38 34 45
38 37 23
38 40 18
38 43 1
38 55 29
38 59 62
38 61 0
38 63 25
38 64 56
38 68 20
39 3 34
39 5 30
39 7 9
39 8 20
39 9 52
39 14 49
39 15 29
39 16 67
39 18 23
39 21 17
39 23 38
39 27 36
39 36 53
39 39 39
39 44 51
39 50 8
39 55 13
39 59 10
39 61 32
39 64 55
39 66 18
39 67 63
40 0 46
40 2 65
40 4 61
40 8 54
40 9 34
40 10 28
40 11 38
40 17 55
40 24 16
40 29 47
40 34 23
40 35 49
40 37 0
40 41 57
40 42 17
40 44 12
40 50 32
40 52 48
40 54 58
40 66 19
40 68 44
41 11 47
41 14 31
41 15 27
41 19 30
41 21 55
41 22 15
41 23 29
41 24 26
41 25 5
41 28 49
41 29 21
41 34 44
41 35 32
41 38 48
41 39 60
41 48 38
41 53 19
41 54 68
41 57 52
41 58 10
41 60 8
41 63 59
41 64 64
41 65 17
41 66 66
41 67 24
42 4 34
42 6 12
42 9 14
42 11 13
42 13 41
42 21 33
42 24 57
42 28 32
42 30 28
42 33 20
42 43 30
42 55 67
42 56 65
42 58 49
42 67 50
42 68 59
43 3 54
43 7 22
43 8 32
43 12 34
43 21 52
43 24 9
43 26 64
43 32 63
43 41 36
43 46 23
43 51 25
43 53 3
43 56 14
43 59 37
43 66 15
44 0 1
44 1 10
44 7 5
44 10 40
44 17 35
44 32 6
44 37 37
44 42 19
44 54 22
44 57 45
44 62 33
45 6 28
45 7 44
45 8 12
45 17 24
45 18 65
45 26 35
45 28 64
45 30 25
45 33 2
45 36 48
45 38 18
45 41 46
45 42 49
45 48 59
45 57 37
45 58 69
45 60 47
45 68 68
45 69 15
46 3 65
46 7 45
46 13 54
46 16 59
46 18 2
46 21 40
46 22 56
46 24 30
46 27 13
46 28 21
46 33 27
46 35 15
46 38 23
46 53 9
46 57 55
46 65 41
46 67 46
46 68 62
47 0 0
47 3 30
47 7 46
47 21 41
47 25 36
47 26 44
47 29 8
47 33 60
47 36 38
47 38 42
47 39 57
47 40 25
47 45 52
47 49 29
47 50 35
47 52 17
47 53 28
47 54 21
47 56 61
47 58 3
47 61 45
47 66 20
47 67 47
47 69 12
48 7 7
48 10 14
48 13 28
48 16 45
48 25 63
48 34 4
48 35 48
48 38 22
48 40 37
48 45 51
48 48 60
48 49 31
48 55 56
48 58 15
48 60 40
48 61 21
48 64 26
49 0 2
49 2 61
49 3 53
49 7 32
49 12 31
49 22 44
49 24 19
49 26 7
49 35 54
49 38 26
49 40 68
49 41 5
49 46 33
49 47 62
49 51 10
49 52 63
49 57 42
49 63 67
49 66 47
49 67 0
50 0 18
50 4 3
50 5 10
50 6 42
50 7 66
50 9 63
50 15 7
50 16 12
50 23 13
50 27 26
50 31 24
50 34 62
50 38 16
50 40 58
50 43 9
50 45 5
50 46 69
50 47 67
50 48 1
50 51 15
50 53 0
50 54 23
50 58 11
50 60 4
50 62 28
50 65 31
50 67 38
51 0 38
51 6 31
51 8 41
51 11 28
51 15 12
51 16 8
51 18 21
51 19 36
51 23 17
51 24 18
51 33 32
51 34 64
51 41 48
51 42 53
51 43 52
51 47 45
51 48 54
51 52 66
51 53 56
51 55 40
51 59 6
51 63 39
51 66 61
52 2 27
52 4 16
52 5 55
52 6 35
52 8 38
52 10 52
52 14 54
52 15 46
52 17 10
52 20 11
52 21 23
52 22 0
52 24 3
52 28 29
52 31 62
52 32 57
52 34 18
52 36 6
52 41 21
52 43 61
52 51 60
52 52 49
52 53 36
52 54 7
52 57 53
52 59 56
52 60 28
52 63 50
52 67 69
53 0 41
53 8 59
53 10 60
53 13 48
53 22 54
53 24 56
53 25 1
53 27 51
53 28 22
53 33 40
53 37 21
53 47 33
53 48 65
53 56 11
53 57 25
53 62 34
53 67 13
53 68 28
54 4 39
54 5 9
54 7 63
54 15 21
54 16 38
54 17 50
54 18 40
54 22 64
54 24 6
54 26 2
54 31 12
54 35 3
54 38 56
54 40 59
54 44 44
54 48 32
54 49 52
54 53 8
54 56 33
54 57 65
54 61 4
54 65 58
54 69 61
55 0 4
55 1 45
55 2 17
55 3 40
55 5 16
55 7 47
55 9 22
55 11 52
55 12 29
55 14 13
55 16 27
55 22 33
55 24 49
55 33 35
55 34 21
55 41 41
55 44 26
55 49 36
55 58 25
55 60 34
55 63 7
55 65 42
55 66 51
56 0 19
56 2 35
56 9 55
56 12 59
56 13 31
56 19 66
56 20 29
56 21 12
56 24 62
56 25 60
56 27 14
56 29 13
56 32 26
56 37 50
56 41 9
56 44 21
56 45 41
56 50 46
56 54 28
56 55 43
56 57 23
57 1 29
57 3 15
57 4 56
57 7 25
57 12 46
57 17 57
57 23 28
57 26 69
57 27 52
57 28 16
57 30 7
57 38 36
57 41 3
57 44 68
57 45 30
57 48 50
57 51 31
57 55 61
57 57 17
57 60 43
57 61 33
57 63 48
58 4 60
58 9 35
58 10 49
58 13 8
58 14 1
58 15 48
58 19 20
58 22 27
58 26 61
58 29 32
58 31 45
58 39 42
58 40 67
58 43 47
58 58 63
58 63 9
58 65 16
59 3 11
59 5 40
59 6 6
59 7 8
59 14 26
59 18 44
59 20 1
59 23 5
59 26 60
59 28 57
59 34 65
59 40 63
59 41 2
59 44 35
59 46 21
59 47 61
59 55 66
59 58 22
59 62 45
59 65 19
59 67 48
60 2 24
60 4 67
60 6 21
60 11 61
60 12 22
60 23 50
60 25 44
60 34 1
60 37 12
60 40 64
60 41 33
60 42 0
60 45 6
60 49 48
60 52 3
60 55 49
60 57 60
60 61 47
60 62 41
60 63 62
60 66 53
60 68 56
61 0 58
61 5 64
61 7 29
61 13 35
61 14 43
61 16 10
61 18 49
61 19 3
61 20 30
61 30 27
61 33 54
61 34 20
61 40 46
61 43 33
61 44 61
61 53 59
61 60 44
61 62 52
61 68 6
61 69 53
62 2 41
62 4 43
62 6 49
62 7 68
62 14 15
62 15 25
62 25 22
62 26 52
62 27 8
62 28 6
62 29 37
62 32 36
62 35 2
62 39 18
62 41 58
62 48 26
62 52 55
62 57 20
62 58 38
62 59 45
63 1 23
63 5 22
63 6 26
63 9 0
63 18 57
63 21 13
63 23 2
63 27 21
63 31 6
63 32 53
63 38 49
63 40 69
63 44 25
63 45 50
63 47 56
63 49 46
63 50 60
63 51 65
63 61 40
63 62 64
63 63 11
63 68 17
64 0 22
64 1 40
64 2 64
64 3 2
64 4 65
64 5 26
64 6 14
64 14 44
64 16 61
64 18 69
64 22 11
64 23 12
64 28 33
64 30 68
64 33 58
64 34 29
64 36 20
64 39 63
64 41 13
64 45 38
64 47 39
64 48 37
64 51 18
64 60 67
64 68 8
64 69 47
65 2 21
65 5 3
65 7 2
65 8 58
65 11 5
65 18 27
65 19 68
65 22 49
65 28 50
65 30 37
65 31 25
65 33 24
65 35 28
65 38 66
65 41 32
65 46 10
65 52 34
65 56 69
65 57 40
65 58 65
65 60 20
65 66 12
66 0 59
66 6 32
66 9 17
66 15 3
66 16 55
66 19 39
66 26 58
66 41 20
66 49 21
66 51 36
66 58 24
66 61 7
66 62 19
66 63 2
66 65 38
66 66 30
67 3 58
67 8 33
67 10 47
67 12 52
67 20 31
67 26 45
67 27 53
67 28 19
67 31 63
67 33 37
67 34 10
67 36 1
67 38 61
67 39 5
67 41 59
67 50 2
67 53 40
67 54 12
67 56 23
67 63 34
67 67 7
68 0 17
68 3 13
68 4 29
68 5 2
68 11 35
68 12 38
68 13 11
68 15 58
68 19 33
68 23 16
68 24 31
68 27 10
68 28 14
68 33 8
68 37 34
68 39 26
68 41 22
68 46 67
68 49 56
68 50 0
68 55 59
68 58 47
68 68 52
69 5 57
69 8 39
69 11 30
69 12 63
69 20 66
69 32 32
69 34 37
69 35 62
69 36 44
69 40 45
69 41 65
69 45 40
69 46 55
69 51 16
69 53 15
69 60 1
69 64 7
