70
0 0 54
0 4 42
0 11 6
0 20 28
0 24 12
0 28 10
0 36 58
0 40 64
0 43 0
0 47 66
0 49 47
0 50 53
0 52 51
0 55 18
0 57 7
0 63 22
0 64 33
0 66 19
0 67 57
1 0 69
1 8 62
1 11 63
1 14 50
1 16 49
1 17 57
1 21 35
1 22 10
1 23 61
1 24 13
1 30 5
1 31 19
1 33 12
1 38 66
1 41 15
1 43 42
1 48 36
1 49 51
1 50 6
1 53 32
1 58 24
1 60 47
1 62 65
1 64 22
1 68 2
2 5 30
2 8 49
2 9 19
2 10 47
2 11 58
2 18 61
2 25 27
2 26 59
2 29 57
2 31 12
2 32 0
2 33 33
2 35 15
2 36 66
2 39 4
2 40 50
2 44 11
2 46 26
2 47 6
2 49 10
2 50 7
2 57 45
2 68 5
2 69 43
3 0 49
3 4 26
3 9 61
3 10 35
3 13 50
3 15 41
3 17 31
3 20 64
3 22 33
3 25 20
3 30 16
3 31 4
3 34 17
3 36 44
3 44 19
3 45 57
3 48 24
3 49 11
3 50 66
3 51 2
3 53 10
3 54 18
3 61 3
3 68 54
3 69 63
4 1 63
4 4 62
4 5 26
4 11 68
4 13 55
4 14 31
4 15 27
4 19 43
4 24 36
4 28 16
4 30 23
4 35 25
4 40 0
4 43 20
4 44 2
4 51 22
4 55 48
4 58 49
4 65 54
5 11 39
5 14 9
5 16 21
5 20 47
5 21 37
5 30 45
5 33 44
5 35 54
5 36 25
5 37 23
5 42 49
5 45 33
5 46 14
5 48 43
5 51 42
5 60 12
5 61 17
5 62 6
5 65 16
5 66 36
6 0 40
6 1 16
6 9 54
6 10 57
6 14 47
6 15 50
6 23 37
6 28 18
6 31 49
6 32 68
6 33 7
6 34 48
6 35 34
6 37 65
6 46 8
6 64 62
6 65 5
6 66 66
6 67 41
6 68 1
7 1 65
7 2 40
7 4 13
7 5 3
7 7 24
7 11 66
7 19 34
7 23 59
7 24 56
7 26 10
7 31 55
7 33 49
7 41 4
7 44 23
7 52 27
7 58 6
7 62 30
7 64 39
7 65 42
7 68 37
8 1 68
8 3 17
8 5 64
8 6 67
8 8 24
8 18 65
8 19 1
8 30 51
8 33 9
8 38 16
8 40 49
8 43 41
8 45 44
8 46 45
8 50 10
8 51 33
8 54 50
8 57 25
8 59 54
8 60 20
8 61 23
8 63 28
9 0 14
9 12 3
9 21 18
9 27 58
9 29 56
9 31 63
9 33 55
9 37 41
9 38 15
9 43 66
9 45 50
9 48 21
9 51 27
9 52 5
9 53 31
9 57 42
9 58 11
9 60 54
9 61 29
9 62 57
9 63 49
9 64 6
10 1 26
10 4 64
10 17 66
10 26 15
10 28 22
10 30 14
10 31 18
10 36 69
10 37 38
10 39 35
10 40 31
10 42 53
10 43 12
10 44 8
10 46 21
10 51 25
10 55 44
10 61 27
10 65 62
11 3 50
11 10 42
11 11 29
11 12 17
11 13 7
11 14 10
11 19 18
11 23 62
11 28 24
11 31 64
11 38 37
11 41 39
11 47 32
11 52 48
11 56 14
11 57 20
11 61 9
11 63 68
11 65 3
11 66 21
11 68 67
12 3 64
12 10 34
12 14 48
12 19 55
12 21 50
12 22 12
12 23 39
12 25 49
12 27 11
12 30 21
12 34 18
12 35 8
12 36 35
12 41 16
12 45 9
12 46 25
12 47 40
12 51 65
12 53 47
12 54 26
12 57 32
12 66 23
12 68 51
13 4 44
13 5 49
13 7 15
13 12 43
13 15 22
13 16 0
13 21 10
13 22 45
13 23 41
13 27 57
13 32 2
13 33 52
13 37 40
13 39 64
13 43 36
13 44 21
13 48 7
13 50 39
13 59 24
13 66 13
13 68 42
14 2 46
14 4 12
14 5 17
14 6 39
14 15 44
14 17 37
14 18 21
14 19 9
14 20 5
14 21 64
14 22 6
14 26 11
14 29 25
14 30 68
14 31 47
14 34 28
14 36 24
14 37 10
14 40 61
14 41 31
14 43 45
14 44 42
14 46 51
14 50 4
14 51 62
14 56 33
14 58 43
14 63 20
14 67 40
14 68 8
14 69 50
15 1 44
15 3 55
15 6 37
15 15 31
15 19 28
15 21 51
15 25 34
15 31 69
15 35 67
15 42 52
15 43 24
15 44 41
15 48 10
15 49 17
15 54 47
15 58 30
15 60 33
15 63 25
15 65 64
15 68 38
16 0 31
16 5 42
16 6 18
16 14 52
16 16 62
16 17 22
16 20 8
16 22 57
16 25 14
16 34 51
16 37 44
16 38 2
16 39 27
16 42 1
16 44 56
16 52 68
16 54 37
16 56 39
16 61 58
16 62 5
16 65 61
16 67 46
17 2 28
17 4 4
17 6 48
17 7 1
17 13 26
17 14 8
17 24 53
17 27 0
17 30 37
17 34 12
17 37 35
17 38 25
17 40 42
17 42 33
17 44 31
17 46 34
17 47 22
17 49 60
17 51 58
17 53 54
17 57 23
17 65 30
17 66 56
18 0 9
18 4 54
18 7 27
18 13 53
18 16 31
18 17 55
18 20 29
18 24 45
18 28 61
18 34 64
18 40 56
18 46 50
18 56 48
18 58 66
18 66 25
18 69 24
19 4 14
19 7 9
19 8 42
19 14 12
19 17 19
19 18 23
19 19 52
19 26 41
19 27 17
19 28 44
19 33 4
19 38 39
19 45 3
19 46 59
19 48 2
19 49 62
19 57 43
19 65 31
19 66 53
19 68 69
19 69 25
20 2 64
20 5 60
20 6 28
20 7 48
20 13 30
20 16 46
20 17 49
20 18 42
20 21 33
20 23 32
20 26 38
20 30 11
20 33 1
20 36 56
20 37 66
20 44 54
20 47 21
20 49 7
20 53 51
20 54 19
20 56 36
20 62 45
20 64 43
20 67 17
20 68 6
21 3 9
21 6 26
21 7 66
21 9 64
21 13 60
21 15 20
21 19 19
21 21 62
21 22 68
21 24 4
21 28 0
21 30 31
21 31 32
21 32 27
21 48 53
21 49 36
21 50 1
21 55 24
21 56 49
21 57 37
21 61 38
22 1 46
22 2 37
22 9 47
22 13 9
22 14 54
22 18 14
22 32 41
22 41 62
22 44 45
22 45 58
22 50 3
22 53 36
22 59 39
22 61 12
22 65 10
23 0 19
23 3 35
23 6 44
23 8 34
23 9 69
23 16 3
23 19 59
23 20 54
23 21 61
23 22 60
23 28 25
23 53 55
23 55 13
23 60 0
23 66 2
23 67 11
24 5 18
24 11 30
24 12 6
24 15 55
24 16 1
24 20 51
24 27 44
24 29 31
24 30 52
24 32 32
24 33 24
24 36 63
24 42 40
24 46 33
24 47 36
24 48 50
24 49 45
24 52 4
24 54 25
24 56 37
24 59 5
24 60 64
24 64 28
25 1 0
25 2 17
25 5 36
25 9 1
25 20 32
25 23 15
25 24 58
25 26 56
25 37 8
25 41 19
25 45 53
25 50 50
25 52 62
25 53 45
25 54 4
25 55 69
25 58 31
25 59 47
25 61 25
25 65 20
25 66 51
25 68 40
25 69 68
26 10 14
26 13 13
26 14 51
26 19 69
26 23 42
26 25 4
26 28 32
26 40 20
26 41 68
26 42 47
26 43 57
26 48 52
26 49 50
26 51 53
26 60 29
26 65 36
26 69 37
27 0 32
27 1 51
27 3 33
27 4 69
27 9 62
27 10 5
27 12 25
27 22 65
27 27 49
27 28 11
27 33 61
27 36 16
27 37 27
27 40 35
27 44 50
27 49 56
27 50 38
27 51 48
27 52 17
27 55 52
27 63 4
27 64 34
27 67 3
28 0 17
28 1 7
28 3 52
28 4 66
28 7 32
28 8 59
28 11 23
28 13 6
28 15 12
28 20 69
28 25 37
28 28 33
28 30 27
28 33 62
28 36 54
28 37 29
28 39 67
28 42 39
28 43 43
28 47 55
28 49 0
28 51 1
28 53 13
28 54 5
28 55 26
28 60 65
28 61 50
28 63 35
28 64 4
28 67 45
29 6 31
29 7 51
29 8 26
29 9 49
29 10 0
29 11 16
29 15 57
29 18 69
29 21 23
29 25 38
29 27 56
29 32 29
29 35 18
29 37 52
29 40 40
29 41 1
29 43 27
29 50 60
29 51 55
29 53 42
29 57 22
29 65 11
29 66 65
30 4 55
30 5 50
30 6 61
30 7 19
30 13 22
30 14 33
30 22 2
30 23 30
30 29 34
30 32 31
30 38 17
30 41 47
30 42 36
30 45 41
30 51 15
30 56 29
30 57 62
30 59 56
30 60 23
30 65 8
30 66 6
31 5 53
31 7 8
31 8 6
31 10 19
31 12 1
31 22 43
31 39 37
31 43 40
31 45 55
31 49 25
31 55 32
31 57 17
31 59 34
31 65 41
31 68 29
32 0 63
32 3 28
32 4 35
32 6 21
32 8 32
32 10 17
32 11 59
32 13 25
32 16 33
32 17 48
32 18 57
32 20 39
32 25 67
32 33 20
32 40 52
32 42 65
32 45 47
32 47 29
32 48 34
32 60 31
32 63 66
32 64 18
32 66 50
32 69 22
33 2 27
33 5 6
33 8 25
33 9 52
33 13 24
33 15 42
33 19 63
33 21 9
33 24 29
33 26 0
33 28 47
33 30 54
33 32 51
33 33 28
33 36 13
33 37 56
33 41 3
33 44 18
33 46 60
33 49 49
33 56 67
33 65 22
33 68 48
34 0 5
34 3 53
34 5 54
34 16 60
34 17 45
34 18 4
34 21 16
34 22 14
34 23 65
34 30 50
34 33 21
34 35 39
34 42 10
34 50 20
34 55 3
34 61 66
34 64 67
34 65 29
35 2 50
35 4 7
35 6 38
35 10 9
35 19 17
35 21 19
35 22 54
35 26 47
35 27 66
35 30 60
35 31 58
35 32 28
35 35 45
35 38 1
35 47 37
35 51 40
35 52 57
35 55 4
35 62 69
35 65 63
35 66 26
35 69 34
36 1 40
36 6 19
36 7 22
36 12 23
36 16 34
36 17 26
36 18 29
36 19 20
36 25 0
36 26 69
36 27 30
36 28 5
36 37 48
36 42 6
36 52 54
36 53 12
36 57 31
36 58 52
36 61 55
37 1 39
37 4 61
37 5 8
37 16 11
37 17 28
37 20 48
37 26 49
37 28 40
37 34 13
37 38 36
37 42 17
37 44 22
37 45 4
37 57 69
37 62 12
37 63 57
37 64 52
38 1 21
38 4 15
38 5 45
38 10 12
38 13 64
38 14 25
38 15 6
38 24 31
38 25 62
38 27 16
38 30 19
38 41 52
38 46 9
38 49 4
38 53 18
38 63 1
38 64 26
39 1 66
39 9 68
39 13 43
39 23 7
39 24 32
39 30 12
39 31 20
39 32 61
39 35 4
39 37 64
39 40 6
39 43 69
39 46 42
39 47 60
39 49 30
39 52 52
39 53 53
39 58 41
39 59 18
39 60 22
39 62 49
39 66 62
39 67 27
40 11 7
40 12 30
40 16 59
40 18 2
40 21 53
40 22 61
40 23 48
40 31 34
40 37 12
40 42 50
40 44 17
40 50 37
40 52 26
40 61 43
40 62 0
40 63 38
40 65 6
40 66 55
40 68 9
41 1 58
41 9 60
41 15 10
41 16 45
41 19 37
41 21 69
41 23 5
41 24 43
41 25 40
41 27 13
41 29 46
41 35 65
41 36 38
41 41 49
41 42 59
41 51 21
41 54 23
41 59 15
41 60 53
41 61 51
42 1 31
42 2 4
42 5 23
42 7 14
42 10 52
42 11 28
42 15 46
42 16 15
42 19 61
42 20 1
42 31 57
42 35 5
42 43 51
42 46 63
42 47 17
42 55 16
42 56 34
42 61 45
42 63 62
42 64 37
42 65 19
42 66 22
43 0 21
43 6 42
43 7 12
43 8 60
43 16 69
43 17 15
43 23 0
43 24 23
43 29 64
43 31 37
43 32 19
43 36 50
43 37 22
43 39 14
43 40 10
43 41 63
43 42 18
43 45 54
43 48 59
43 49 65
43 52 16
43 53 5
43 55 68
43 56 31
43 58 2
43 63 45
43 64 55
43 65 27
43 67 13
43 68 30
44 0 57
44 4 23
44 5 31
44 12 40
44 14 67
44 16 32
44 17 58
44 27 22
44 29 5
44 30 66
44 38 11
44 41 30
44 43 49
44 52 61
44 53 19
44 54 6
44 56 27
44 57 34
44 58 28
44 65 69
44 66 64
44 67 35
44 68 62
45 0 3
45 7 18
45 24 21
45 25 15
45 26 13
45 29 1
45 31 52
45 32 66
45 33 31
45 34 38
45 43 9
45 44 43
45 45 30
45 47 0
45 53 28
45 54 65
45 59 61
45 60 60
45 62 62
45 68 25
45 69 45
46 3 63
46 7 46
46 8 16
46 12 35
46 16 10
46 17 52
46 20 24
46 24 44
46 27 61
46 30 65
46 32 4
46 38 42
46 41 29
46 46 30
46 47 7
46 49 53
46 53 68
46 55 56
46 56 55
46 62 26
46 65 67
46 69 62
47 3 69
47 4 17
47 6 40
47 7 25
47 13 5
47 17 53
47 24 9
47 26 24
47 29 21
47 30 62
47 31 56
47 34 19
47 36 47
47 37 67
47 45 10
47 52 34
47 53 48
47 56 64
47 60 14
47 64 27
47 68 32
48 0 37
48 4 25
48 7 54
48 19 49
48 20 66
48 22 58
48 25 50
48 26 48
48 27 8
48 31 39
48 34 65
48 37 51
48 40 19
48 41 24
48 50 34
48 55 0
48 57 10
48 58 16
48 62 7
48 63 64
48 64 53
48 69 30
49 9 66
49 10 18
49 11 25
49 12 13
49 18 5
49 19 29
49 31 68
49 32 42
49 35 69
49 36 37
49 39 62
49 48 11
49 54 14
49 60 55
49 62 59
49 64 9
49 65 46
50 1 53
50 12 27
50 16 48
50 17 61
50 19 8
50 22 5
50 28 45
50 29 23
50 35 50
50 36 40
50 37 25
50 38 34
50 39 54
50 47 51
50 49 42
50 51 46
50 56 43
50 61 20
50 62 44
50 64 2
50 65 28
50 69 32
51 1 52
51 2 3
51 3 24
51 4 39
51 5 41
51 12 19
51 15 58
51 21 60
51 25 16
51 27 26
51 34 22
51 37 63
51 40 47
51 51 66
51 58 1
51 61 6
51 62 36
51 65 51
51 67 37
52 7 52
52 12 53
52 13 31
52 14 28
52 15 39
52 20 12
52 29 66
52 34 26
52 36 61
52 37 2
52 39 21
52 40 37
52 41 40
52 45 32
52 59 3
52 62 17
52 64 15
52 65 13
52 66 69
53 0 15
53 9 46
53 13 38
53 15 60
53 17 20
53 21 36
53 30 64
53 32 6
53 42 26
53 43 35
53 44 40
53 46 43
53 51 13
53 53 22
53 54 68
53 56 58
53 62 52
53 63 30
53 66 17
54 0 6
54 3 19
54 9 12
54 10 65
54 13 57
54 14 7
54 16 63
54 22 25
54 24 39
54 29 20
54 33 47
54 39 46
54 44 51
54 46 55
54 47 3
54 55 22
54 56 10
54 57 13
54 58 36
54 60 62
54 61 2
54 62 14
54 67 15
54 68 35
54 69 60
55 0 50
55 10 53
55 11 67
55 12 68
55 14 69
55 16 51
55 22 38
55 28 26
55 29 27
55 30 41
55 31 31
55 32 14
55 36 60
55 37 37
55 44 66
55 48 17
55 51 49
55 54 52
55 56 45
55 57 0
56 9 27
56 13 40
56 19 11
56 21 45
56 30 28
56 32 34
56 36 39
56 38 52
56 41 50
56 43 2
56 51 20
56 59 7
56 61 42
56 62 51
56 69 17
57 5 63
57 8 46
57 12 20
57 16 35
57 22 31
57 24 11
57 25 47
57 28 41
57 32 24
57 33 0
57 36 3
57 39 16
57 42 23
57 45 48
57 48 68
57 51 18
57 52 28
57 62 42
57 65 55
58 2 69
58 5 13
58 6 10
58 7 17
58 9 30
58 10 45
58 12 59
58 14 23
58 15 51
58 16 9
58 17 11
58 18 47
58 23 43
58 25 7
58 28 19
58 30 1
58 34 57
58 40 15
58 43 16
58 46 54
58 47 62
58 50 0
58 52 35
58 54 61
58 56 4
58 61 18
58 64 40
59 2 48
59 13 15
59 16 53
59 21 21
59 22 47
59 28 67
59 29 14
59 33 22
59 35 12
59 36 20
59 40 17
59 47 46
59 53 61
59 55 7
59 64 59
59 65 44
59 69 56
60 3 31
60 6 62
60 7 38
60 8 5
60 11 36
60 14 39
60 15 24
60 28 60
60 29 47
60 32 54
60 33 27
60 34 59
60 39 18
60 47 25
60 51 56
60 56 53
60 58 4
61 3 56
61 5 24
61 6 29
61 7 43
61 14 1
61 16 16
61 19 64
61 20 3
61 23 22
61 24 65
61 25 66
61 26 54
61 35 60
61 43 26
61 49 28
61 53 27
61 58 8
61 62 32
61 63 2
61 65 15
61 66 31
61 67 0
61 68 58
62 1 19
62 4 53
62 8 12
62 10 38
62 12 5
62 15 67
62 18 7
62 19 44
62 22 13
62 23 4
62 25 64
62 26 58
62 27 36
62 29 18
62 30 24
62 33 46
62 37 49
62 41 11
62 43 55
62 44 15
62 45 22
62 46 39
62 55 23
62 58 45
62 61 68
62 68 28
63 4 49
63 7 33
63 15 53
63 17 50
63 21 22
63 24 37
63 30 34
63 33 42
63 35 57
63 40 55
63 43 64
63 52 43
63 57 2
63 58 5
63 59 63
63 60 61
63 63 12
63 66 32
64 0 41
64 5 44
64 7 23
64 19 47
64 21 15
64 25 42
64 30 39
64 33 11
64 34 68
64 35 46
64 47 33
64 53 2
64 56 65
64 58 61
64 60 59
64 61 5
64 62 28
65 0 12
65 4 34
65 7 2
65 10 24
65 12 60
65 19 68
65 23 28
65 24 33
65 29 11
65 42 19
65 45 1
65 50 29
65 53 43
65 56 17
65 62 3
65 63 47
66 3 51
66 4 56
66 9 5
66 14 3
66 15 34
66 21 17
66 23 8
66 25 52
66 31 24
66 32 36
66 37 31
66 42 35
66 43 4
66 44 28
66 45 0
66 51 16
66 53 59
66 54 12
66 56 22
66 57 21
66 64 49
66 67 68
66 69 42
67 0 52
67 1 32
67 3 1
67 12 34
67 14 65
67 16 7
67 17 41
67 20 22
67 23 33
67 27 18
67 30 47
67 34 63
67 36 17
67 40 28
67 42 30
67 43 39
67 46 58
67 47 20
67 63 36
67 66 27
68 3 4
68 5 51
68 6 5
68 8 54
68 9 58
68 11 37
68 17 36
68 27 64
68 30 32
68 33 34
68 34 45
68 35 62
68 38 12
68 42 16
68 45 40
68 54 69
68 57 27
68 58 10
68 61 30
68 64 65
68 65 56
68 69 1
69 1 50
69 2 44
69 6 17
69 9 34
69 18 59
69 27 60
69 28 48
69 33 19
69 34 11
69 36 49
69 41 35
69 42 45
69 53 21
69 54 2
69 55 41
69 56 63
69 59 55
69 63 9
69 66 40
69 67 56
69 68 7
