70
0 0 45
0 4 25
0 5 17
0 6 15
0 7 16
0 9 59
0 11 63
0 12 19
0 14 68
0 18 24
0 19 56
0 20 51
0 23 54
0 25 22
0 26 60
0 27 40
0 28 67
0 29 42
0 32 18
0 33 69
0 37 1
0 38 30
0 40 34
0 44 52
0 45 65
0 50 44
0 53 9
0 54 20
0 56 53
0 57 46
0 67 50
1 2 21
1 3 59
1 5 56
1 6 50
1 9 58
1 11 28
1 12 24
1 15 2
1 17 5
1 18 6
1 19 20
1 20 8
1 23 52
1 24 33
1 28 22
1 29 34
1 30 66
1 35 17
1 37 60
1 38 46
1 39 12
1 40 47
1 41 14
1 42 15
1 44 68
1 46 49
1 48 35
1 49 23
1 51 18
1 52 53
1 54 48
1 55 39
1 56 19
1 58 0
1 61 37
1 62 16
1 64 45
1 65 61
1 67 25
2 1 18
2 2 14
2 4 46
2 7 65
2 8 23
2 10 40
2 11 25
2 14 67
2 17 47
2 18 59
2 21 34
2 22 15
2 24 66
2 26 24
2 33 36
2 38 7
2 40 21
2 42 63
2 49 9
2 50 53
2 52 26
2 53 68
2 55 32
2 58 22
2 59 38
2 61 35
2 64 30
2 65 1
2 66 50
2 68 45
3 0 68
3 1 67
3 2 48
3 3 33
3 6 40
3 7 60
3 11 13
3 13 42
3 14 1
3 15 44
3 16 61
3 17 30
3 19 52
3 20 2
3 23 28
3 26 34
3 28 17
3 29 47
3 30 26
3 33 4
3 34 37
3 37 54
3 40 23
3 43 45
3 44 18
3 46 7
3 52 59
3 56 35
3 57 16
3 59 21
3 60 9
3 63 57
3 64 36
3 65 11
3 67 10
3 68 65
3 69 69
4 0 48
4 4 62
4 5 52
4 6 36
4 8 31
4 9 12
4 10 64
4 12 66
4 14 69
4 15 11
4 17 46
4 19 30
4 23 9
4 25 7
4 27 14
4 31 60
4 32 63
4 33 54
4 38 42
4 41 24
4 42 53
4 43 34
4 44 8
4 47 19
4 48 67
4 49 16
4 50 1
4 51 13
4 53 21
4 55 6
4 57 28
4 58 27
4 59 49
4 60 4
4 62 58
4 69 45
5 2 47
5 4 60
5 6 51
5 8 25
5 9 38
5 10 20
5 13 58
5 14 27
5 22 68
5 23 69
5 24 64
5 25 53
5 26 49
5 28 24
5 30 56
5 32 65
5 33 46
5 36 23
5 42 28
5 43 30
5 44 21
5 45 19
5 47 54
5 50 6
5 51 45
5 52 57
5 53 1
5 54 34
5 58 52
5 59 7
5 61 31
5 62 63
5 63 61
5 66 16
5 67 0
5 68 32
6 0 49
6 1 32
6 2 68
6 5 55
6 6 63
6 8 43
6 10 7
6 13 54
6 15 13
6 17 58
6 21 24
6 22 3
6 23 31
6 25 69
6 26 6
6 27 65
6 28 53
6 30 15
6 31 38
6 32 57
6 37 67
6 38 27
6 40 30
6 44 60
6 47 4
6 48 17
6 50 20
6 51 35
6 53 12
6 54 33
6 57 8
6 59 37
6 62 50
6 64 51
6 65 0
6 69 42
7 0 37
7 1 11
7 5 31
7 8 61
7 10 56
7 11 2
7 12 21
7 14 47
7 15 45
7 16 52
7 18 36
7 19 15
7 23 0
7 24 50
7 26 20
7 27 24
7 28 68
7 29 39
7 30 40
7 31 6
7 32 5
7 33 59
7 34 58
7 36 66
7 37 19
7 39 16
7 42 27
7 43 41
7 44 64
7 45 8
7 48 10
7 50 26
7 51 7
7 52 43
7 53 14
7 56 3
7 57 38
7 59 63
7 60 42
7 61 28
7 64 62
7 65 33
7 66 17
7 67 4
7 68 49
7 69 1
8 0 32
8 3 47
8 4 66
8 5 62
8 7 38
8 9 65
8 10 69
8 11 7
8 13 34
8 16 21
8 18 8
8 19 35
8 20 48
8 21 54
8 22 50
8 23 44
8 24 55
8 26 39
8 31 14
8 37 36
8 39 0
8 41 53
8 42 30
8 45 4
8 48 43
8 49 68
8 51 31
8 53 49
8 54 18
8 58 17
8 59 5
8 61 26
8 62 24
8 63 41
8 65 3
8 66 59
9 1 30
9 2 35
9 3 27
9 5 3
9 7 62
9 8 19
9 9 33
9 10 38
9 11 65
9 12 60
9 13 47
9 14 21
9 15 58
9 16 46
9 17 16
9 18 26
9 20 36
9 21 2
9 23 18
9 24 44
9 30 67
9 32 54
9 33 6
9 36 4
9 37 56
9 38 59
9 41 64
9 42 55
9 43 9
9 45 43
9 46 61
9 51 48
9 52 8
9 61 24
9 62 7
9 63 68
9 67 45
9 69 23
10 0 58
10 1 24
10 3 52
10 4 33
10 6 28
10 7 23
10 9 48
10 10 4
10 13 8
10 14 62
10 18 63
10 21 69
10 26 11
10 28 32
10 29 12
10 36 21
10 37 31
10 39 36
10 40 6
10 44 46
10 45 40
10 46 3
10 48 61
10 50 19
10 53 26
10 54 37
10 59 14
10 61 27
10 65 45
10 66 13
10 67 5
10 68 54
11 3 68
11 4 45
11 5 35
11 6 5
11 8 34
11 9 36
11 10 52
11 11 40
11 13 41
11 18 28
11 19 37
11 23 20
11 24 4
11 25 32
11 26 12
11 31 13
11 33 26
11 37 8
11 41 15
11 46 14
11 47 3
11 48 22
11 49 51
11 53 54
11 57 27
11 59 25
11 62 2
11 63 38
11 66 43
12 0 44
12 3 54
12 5 8
12 6 60
12 9 23
12 11 39
12 12 37
12 13 53
12 14 64
12 16 2
12 17 34
12 18 48
12 19 58
12 21 52
12 22 9
12 23 3
12 24 42
12 25 11
12 27 41
12 28 19
12 29 57
12 31 59
12 33 27
12 36 18
12 37 66
12 39 1
12 40 51
12 45 62
12 49 36
12 60 69
12 62 46
12 63 14
12 64 13
12 65 38
12 66 6
12 68 30
12 69 40
13 0 10
13 1 52
13 3 57
13 4 15
13 8 6
13 12 4
13 13 51
13 14 16
13 17 53
13 18 47
13 19 44
13 22 18
13 23 49
13 24 23
13 25 27
13 28 2
13 29 22
13 30 54
13 32 48
13 35 8
13 37 46
13 40 50
13 43 7
13 47 35
13 49 65
13 51 62
13 54 36
13 55 69
13 60 24
13 62 68
13 67 39
13 68 41
14 2 54
14 4 51
14 6 66
14 7 36
14 8 47
14 10 26
14 13 16
14 15 27
14 16 19
14 20 39
14 23 4
14 24 45
14 25 24
14 26 63
14 27 48
14 28 3
14 29 1
14 30 25
14 32 59
14 34 13
14 35 2
14 39 41
14 41 69
14 44 57
14 47 40
14 48 12
14 49 67
14 50 7
14 62 23
14 64 10
14 65 22
14 66 33
14 67 21
15 1 22
15 3 43
15 6 32
15 12 33
15 15 49
15 17 10
15 18 0
15 20 16
15 22 34
15 24 31
15 26 53
15 28 9
15 29 30
15 31 4
15 32 38
15 34 40
15 35 23
15 37 5
15 38 2
15 39 7
15 40 67
15 42 47
15 46 63
15 48 11
15 50 27
15 53 35
15 54 14
15 55 50
15 56 36
15 61 57
15 66 25
15 68 24
15 69 41
16 0 16
16 1 64
16 2 33
16 9 43
16 10 63
16 13 22
16 15 26
16 17 54
16 22 56
16 24 37
16 27 6
16 29 49
16 30 18
16 31 45
16 33 51
16 35 40
16 36 60
16 37 35
16 38 10
16 42 68
16 43 28
16 44 14
16 47 44
16 49 19
16 50 3
16 54 2
16 56 0
16 58 20
16 61 52
16 65 31
16 67 27
16 69 36
17 0 42
17 1 2
17 3 16
17 4 63
17 5 36
17 7 56
17 8 58
17 11 9
17 12 62
17 13 30
17 16 57
17 17 61
17 19 51
17 23 59
17 24 34
17 25 55
17 26 45
17 27 7
17 31 48
17 32 43
17 35 18
17 36 52
17 38 47
17 40 68
17 41 4
17 42 66
17 44 44
17 45 14
17 47 37
17 49 39
17 51 8
17 54 25
17 55 11
17 56 41
17 59 10
17 62 67
17 64 38
17 65 29
17 67 28
17 68 3
18 0 27
18 1 35
18 3 32
18 4 5
18 6 7
18 8 2
18 12 11
18 13 4
18 14 48
18 16 56
18 21 17
18 23 6
18 24 46
18 26 3
18 27 45
18 28 31
18 32 39
18 35 63
18 36 24
18 37 64
18 39 20
18 40 61
18 43 29
18 45 67
18 46 50
18 50 38
18 51 30
18 52 36
18 53 44
18 54 68
18 55 55
18 57 62
18 59 43
18 60 16
18 62 13
18 66 42
18 68 28
18 69 19
19 1 20
19 2 25
19 6 56
19 7 17
19 9 21
19 17 36
19 18 46
19 19 6
19 20 15
19 24 65
19 26 59
19 27 60
19 31 29
19 32 68
19 33 18
19 35 26
19 36 2
19 38 51
19 41 42
19 42 39
19 43 57
19 50 5
19 52 40
19 54 16
19 56 43
19 57 58
19 59 19
19 60 61
19 61 48
19 63 13
19 65 14
19 66 47
19 67 69
19 69 0
20 1 53
20 2 6
20 3 67
20 5 21
20 7 7
20 9 3
20 12 35
20 13 11
20 17 33
20 18 25
20 22 46
20 25 28
20 29 36
20 32 69
20 34 31
20 35 1
20 37 62
20 39 54
20 43 37
20 49 49
20 50 60
20 51 59
20 52 12
20 53 19
20 54 22
20 55 64
20 56 29
20 57 26
20 61 5
20 64 68
20 65 18
20 66 30
20 67 55
20 69 51
21 0 22
21 3 41
21 8 68
21 10 6
21 11 55
21 12 45
21 17 23
21 18 17
21 19 27
21 21 44
21 24 40
21 25 10
21 26 47
21 30 38
21 32 31
21 34 32
21 35 48
21 36 28
21 41 49
21 43 15
21 44 43
21 49 11
21 52 9
21 56 25
21 57 1
21 59 52
21 60 20
21 61 59
21 63 19
21 68 56
22 2 62
22 3 4
22 5 41
22 7 32
22 8 60
22 9 55
22 10 45
22 16 35
22 17 9
22 18 13
22 19 39
22 20 1
22 21 61
22 22 12
22 23 10
22 24 0
22 25 21
22 29 69
22 30 14
22 31 30
22 32 28
22 35 25
22 36 19
22 40 20
22 43 50
22 46 34
22 49 5
22 50 37
22 51 53
22 53 52
22 54 23
22 55 47
22 56 49
22 57 3
22 59 27
22 60 31
22 61 42
22 62 51
22 63 18
22 64 40
22 65 57
22 66 46
22 69 68
23 2 50
23 6 25
23 8 9
23 10 21
23 11 53
23 12 28
23 13 3
23 14 35
23 15 69
23 17 59
23 18 57
23 19 36
23 20 11
23 21 0
23 23 62
23 24 41
23 25 47
23 26 31
23 28 30
23 30 43
23 31 39
23 32 58
23 33 19
23 34 52
23 35 42
23 36 54
23 43 32
23 45 46
23 47 68
23 48 4
23 50 49
23 51 5
23 53 65
23 54 66
23 57 34
23 60 63
23 61 18
23 62 56
23 65 16
23 66 7
23 67 20
23 69 8
24 0 62
24 1 5
24 2 56
24 3 2
24 5 43
24 13 17
24 14 49
24 15 15
24 25 3
24 26 36
24 31 51
24 32 14
24 35 55
24 36 11
24 38 24
24 39 13
24 40 57
24 42 0
24 44 58
24 46 44
24 49 27
24 51 1
24 54 64
24 55 46
24 56 40
24 57 31
24 58 61
24 59 30
24 60 7
24 61 69
24 63 39
24 66 52
25 0 29
25 2 11
25 8 65
25 11 56
25 12 17
25 13 46
25 17 12
25 18 27
25 19 0
25 22 1
25 28 64
25 29 63
25 34 53
25 35 67
25 36 44
25 37 42
25 41 7
25 42 34
25 43 66
25 44 47
25 46 59
25 50 22
25 51 68
25 52 38
25 54 5
25 56 69
25 57 10
25 58 3
25 59 58
25 60 50
25 68 33
26 1 45
26 2 58
26 4 39
26 8 44
26 12 3
26 14 34
26 16 25
26 17 64
26 25 49
26 28 1
26 29 66
26 32 46
26 34 21
26 38 15
26 41 35
26 42 32
26 53 18
26 56 7
26 57 14
26 58 4
26 59 8
26 60 29
26 61 50
26 62 17
26 63 23
26 64 22
26 66 61
26 67 36
26 68 0
27 0 56
27 2 2
27 3 63
27 5 40
27 6 33
27 7 15
27 9 35
27 16 54
27 20 32
27 21 27
27 22 22
27 23 64
27 24 12
27 25 50
27 31 53
27 35 4
27 36 17
27 37 16
27 40 44
27 41 18
27 43 26
27 44 25
27 47 14
27 48 20
27 49 41
27 50 46
27 52 48
27 53 8
27 54 30
27 55 43
27 58 45
27 62 47
27 66 23
27 69 3
28 1 56
28 2 67
28 3 48
28 5 7
28 6 69
28 7 4
28 10 49
28 11 17
28 12 27
28 13 66
28 16 47
28 21 9
28 23 58
28 25 6
28 27 36
28 28 41
28 29 11
28 30 3
28 35 32
28 38 43
28 39 55
28 40 45
28 44 51
28 49 12
28 50 40
28 51 33
28 52 28
28 53 22
28 55 61
28 61 54
28 62 62
28 63 64
28 65 60
28 68 25
28 69 30
29 0 61
29 1 10
29 4 56
29 6 17
29 13 57
29 14 60
29 15 68
29 16 23
29 17 44
29 20 6
29 22 28
29 23 21
29 24 20
29 27 52
29 28 43
29 29 41
29 30 12
29 31 54
29 32 42
29 36 35
29 37 15
29 38 0
29 40 40
29 42 5
29 44 59
29 47 16
29 48 29
29 49 62
29 50 64
29 51 67
29 54 13
29 55 3
29 58 31
29 59 32
29 64 58
29 66 49
29 69 24
30 1 69
30 2 43
30 3 9
30 4 1
30 5 68
30 7 55
30 9 51
30 11 15
30 13 36
30 16 16
30 18 32
30 25 64
30 26 30
30 28 23
30 30 35
30 33 40
30 35 20
30 36 61
30 37 3
30 38 65
30 39 53
30 42 2
30 45 12
30 48 19
30 50 52
30 52 56
30 53 67
30 57 48
30 58 39
30 60 54
30 62 60
30 65 21
30 66 14
30 67 34
31 0 65
31 1 41
31 3 58
31 4 6
31 6 20
31 8 42
31 9 49
31 11 30
31 14 23
31 15 28
31 16 68
31 18 44
31 19 33
31 20 64
31 22 5
31 25 14
31 28 7
31 34 26
31 36 51
31 38 55
31 40 31
31 42 45
31 43 18
31 44 63
31 45 61
31 48 24
31 49 21
31 50 39
31 51 46
31 52 37
31 53 69
31 57 0
31 58 32
31 59 48
31 60 53
31 61 38
31 62 34
31 63 29
31 64 8
31 65 13
31 68 4
32 2 40
32 3 61
32 5 20
32 7 18
32 10 53
32 11 54
32 18 16
32 20 44
32 24 21
32 28 37
32 34 46
32 38 49
32 39 29
32 41 56
32 45 57
32 46 51
32 47 48
32 48 27
32 51 65
32 52 42
32 58 35
32 59 60
32 60 25
32 61 45
32 62 19
32 66 58
33 0 35
33 3 66
33 4 67
33 7 47
33 9 4
33 11 6
33 12 34
33 15 22
33 22 41
33 25 17
33 28 60
33 29 64
33 30 13
33 31 68
33 32 26
33 33 38
33 35 43
33 39 15
33 40 14
33 42 31
33 43 0
33 46 56
33 47 58
33 49 45
33 50 69
33 51 49
33 52 30
33 54 54
33 56 46
33 59 18
33 60 37
33 63 36
33 65 53
33 66 55
33 67 57
33 68 42
33 69 50
34 1 57
34 2 39
34 4 17
34 5 34
34 6 48
34 7 44
34 8 8
34 10 10
34 13 21
34 16 60
34 20 68
34 23 7
34 25 38
34 26 22
34 28 65
34 29 35
34 31 19
34 35 28
34 36 15
34 37 27
34 40 63
34 45 6
34 49 37
34 52 47
34 53 36
34 58 46
34 59 31
34 61 49
34 63 2
34 65 66
34 69 54
35 0 52
35 1 54
35 2 1
35 3 55
35 5 0
35 6 64
35 8 36
35 10 8
35 15 20
35 16 31
35 17 40
35 18 14
35 19 4
35 20 23
35 22 49
35 23 56
35 25 34
35 29 48
35 32 44
35 34 66
35 36 45
35 37 39
35 38 6
35 39 68
35 40 10
35 41 58
35 42 26
35 43 42
35 44 22
35 46 37
35 47 30
35 48 33
35 49 61
35 51 25
35 52 63
35 53 41
35 55 60
35 57 59
35 58 2
35 59 16
35 60 65
35 63 67
35 64 53
35 66 57
35 67 3
35 68 46
36 2 34
36 4 13
36 5 10
36 11 8
36 16 45
36 23 27
36 24 56
36 25 1
36 27 51
36 29 23
36 30 57
36 31 52
36 32 11
36 33 21
36 34 33
36 35 9
36 36 3
36 39 59
36 42 48
36 48 66
36 52 39
36 55 24
36 58 29
36 62 49
36 63 7
36 64 60
36 65 43
36 66 18
36 67 54
37 0 51
37 1 13
37 9 66
37 10 42
37 11 64
37 12 25
37 13 5
37 14 55
37 16 17
37 22 38
37 24 16
37 25 61
37 26 46
37 30 50
37 33 0
37 35 14
37 36 27
37 38 12
37 40 56
37 43 52
37 44 54
37 45 32
37 47 60
37 48 63
37 49 3
37 51 10
37 52 6
37 56 28
37 57 35
37 59 68
37 62 4
37 64 19
37 69 33
38 1 29
38 4 69
38 6 14
38 8 11
38 9 68
38 10 41
38 11 57
38 15 4
38 16 40
38 17 21
38 18 33
38 22 26
38 23 25
38 27 39
38 28 42
38 30 59
38 32 0
38 34 34
38 39 30
38 40 49
38 41 60
38 42 36
38 46 31
38 48 3
38 49 35
38 51 2
38 52 61
38 54 7
38 55 12
38 56 15
38 58 10
38 59 44
38 61 67
38 62 52
38 68 20
38 69 63
39 0 9
39 1 37
39 5 5
39 6 23
39 8 1
39 9 60
39 10 44
39 11 26
39 12 8
39 13 18
39 14 45
39 15 35
39 18 20
39 20 69
39 23 43
39 26 58
39 27 50
39 28 4
39 30 64
39 31 55
39 34 28
39 36 49
39 37 13
39 39 19
39 41 3
39 44 27
39 47 46
39 49 29
39 52 14
39 53 33
39 56 30
39 57 24
39 60 34
39 61 53
39 63 56
39 65 42
39 69 17
40 0 30
40 3 28
40 4 23
40 5 61
40 7 2
40 8 45
40 10 46
40 12 7
40 14 29
40 15 37
40 16 62
40 17 55
40 18 38
40 23 14
40 25 36
40 27 19
40 29 67
40 31 24
40 32 35
40 35 22
40 38 41
40 40 0
40 41 6
40 43 63
40 45 3
40 49 64
40 53 57
40 55 52
40 56 12
40 57 43
40 63 50
40 65 10
40 66 51
41 0 60
41 4 53
41 5 57
41 7 9
41 10 22
41 11 34
41 12 69
41 14 15
41 16 36
41 19 61
41 20 49
41 21 59
41 22 2
41 25 26
41 29 58
41 34 38
41 35 30
41 37 7
41 38 14
41 41 50
41 42 54
41 44 55
41 45 18
41 46 13
41 47 33
41 49 42
41 55 62
41 57 5
41 62 37
41 63 51
41 67 63
41 68 68
42 0 21
42 1 4
42 2 52
42 4 57
42 8 12
42 9 44
42 10 15
42 12 16
42 13 67
42 15 40
42 16 0
42 17 39
42 19 32
42 24 22
42 25 65
42 30 55
42 31 23
42 32 64
42 35 34
42 36 37
42 41 51
42 43 43
42 44 33
42 48 68
42 51 27
42 52 54
42 53 2
42 54 17
42 55 18
42 60 48
42 64 47
42 66 69
42 68 8
42 69 28
43 3 19
43 6 39
43 7 52
43 9 42
43 12 55
43 14 17
43 17 51
43 20 35
43 24 9
43 25 33
43 27 8
43 28 57
43 29 32
43 32 13
43 34 10
43 35 66
43 36 29
43 39 58
43 42 11
43 50 65
43 54 28
43 60 1
43 61 3
43 64 43
43 68 5
44 0 23
44 2 9
44 3 34
44 4 38
44 10 18
44 12 5
44 13 65
44 14 12
44 15 47
44 16 37
44 18 55
44 19 64
44 22 17
44 23 51
44 26 67
44 27 43
44 28 27
44 29 6
44 34 20
44 35 59
44 37 28
44 38 13
44 39 50
44 41 40
44 42 46
44 43 3
44 44 29
44 45 25
44 46 30
44 47 36
44 48 7
44 49 32
44 50 24
44 51 44
44 52 15
44 56 4
44 58 53
44 66 63
44 69 31
45 0 41
45 1 19
45 3 39
45 4 2
45 7 10
45 9 26
45 11 27
45 14 58
45 15 36
45 16 38
45 18 21
45 19 60
45 22 62
45 24 1
45 25 16
45 27 11
45 29 45
45 30 17
45 32 67
45 34 4
45 35 54
45 36 20
45 39 52
45 40 25
45 43 13
45 44 35
45 45 22
45 46 23
45 48 28
45 49 59
45 50 68
45 51 24
45 54 6
45 55 42
45 57 44
45 58 51
45 59 61
45 62 43
45 63 37
45 65 8
45 66 0
45 67 53
46 0 17
46 6 21
46 8 38
46 10 68
46 11 61
46 12 51
46 15 18
46 16 8
46 17 66
46 18 35
46 19 40
46 25 58
46 27 57
46 28 14
46 30 65
46 38 11
46 41 31
46 42 41
46 46 1
46 47 12
46 49 33
46 55 20
46 56 27
46 60 47
46 61 2
46 63 3
46 66 34
46 67 19
46 68 43
47 0 47
47 1 28
47 3 21
47 4 58
47 5 1
47 8 56
47 10 29
47 12 65
47 13 10
47 14 51
47 15 12
47 16 9
47 17 7
47 20 18
47 21 38
47 23 17
47 25 63
47 26 68
47 27 62
47 29 44
47 33 60
47 36 13
47 37 23
47 38 20
47 41 19
47 43 6
47 44 36
47 49 53
47 53 15
47 56 59
47 58 57
47 59 33
47 63 26
47 64 11
47 67 37
47 68 22
48 1 43
48 3 36
48 4 35
48 7 49
48 10 14
48 13 23
48 15 56
48 17 31
48 19 62
48 20 52
48 22 51
48 25 30
48 27 29
48 28 61
48 29 68
48 33 53
48 35 64
48 42 44
48 43 2
48 48 0
48 50 45
48 51 11
48 52 13
48 54 39
48 55 38
48 58 47
48 61 55
48 65 65
48 67 22
48 68 48
49 2 69
49 8 49
49 9 53
49 10 57
49 11 45
49 12 9
49 13 32
49 15 59
49 16 51
49 18 5
49 19 67
49 20 29
49 22 19
49 24 11
49 25 8
49 26 10
49 27 35
49 28 47
49 31 58
49 34 30
49 35 27
49 36 46
49 37 40
49 38 26
49 39 37
49 41 28
49 42 50
49 43 48
49 45 41
49 46 24
49 47 62
49 48 6
49 49 13
49 50 31
49 51 16
49 53 60
49 55 4
49 56 1
49 58 7
49 59 34
49 64 3
49 66 64
50 0 8
50 2 53
50 3 64
50 4 50
50 5 32
50 7 11
50 8 40
50 11 10
50 14 22
50 18 65
50 21 37
50 25 59
50 26 9
50 27 38
50 28 51
50 29 31
50 30 20
50 33 47
50 38 39
50 39 69
50 40 35
50 41 48
50 47 2
50 51 42
50 52 52
50 53 6
50 56 13
50 58 30
50 62 36
50 63 45
50 65 25
51 1 55
51 2 30
51 3 7
51 4 42
51 5 45
51 8 5
51 11 51
51 12 67
51 13 68
51 14 38
51 15 41
51 17 35
51 18 2
51 20 43
51 21 22
51 22 57
51 24 28
51 26 54
51 27 31
51 28 58
51 31 10
51 36 33
51 38 32
51 39 4
51 41 65
51 43 39
51 44 26
51 45 59
51 49 25
51 53 34
51 55 16
51 56 44
51 58 14
51 62 3
51 63 40
51 64 23
51 65 36
51 66 66
51 68 53
51 69 56
52 1 50
52 3 40
52 5 39
52 8 54
52 10 32
52 11 29
52 12 42
52 13 26
52 15 46
52 16 22
52 17 14
52 18 19
52 21 48
52 22 37
52 26 7
52 27 20
52 28 16
52 32 25
52 33 1
52 34 8
52 36 55
52 37 65
52 38 64
52 39 63
52 42 51
52 46 66
52 47 49
52 48 62
52 55 28
52 56 47
52 59 59
52 61 43
52 64 18
52 66 67
52 68 57
53 1 59
53 8 3
53 9 32
53 10 43
53 11 50
53 14 2
53 15 61
53 17 56
53 19 23
53 20 34
53 22 55
53 25 45
53 26 4
53 27 13
53 35 52
53 36 31
53 37 51
53 39 18
53 41 26
53 43 25
53 44 11
53 45 38
53 46 33
53 51 0
53 52 7
53 53 39
53 56 21
53 61 65
53 64 44
53 66 68
53 67 16
53 68 29
53 69 57
54 0 55
54 1 48
54 3 62
54 6 41
54 9 56
54 10 17
54 12 10
54 13 6
54 15 5
54 17 32
54 19 49
54 20 25
54 23 47
54 25 57
54 26 0
54 27 12
54 28 28
54 32 4
54 34 51
54 37 45
54 38 58
54 39 26
54 40 27
54 43 16
54 44 23
54 45 60
54 46 19
54 48 42
54 49 69
54 50 9
54 54 65
54 55 67
54 56 18
54 57 2
54 59 39
54 60 15
54 63 22
54 65 50
54 67 64
54 68 35
54 69 43
55 1 3
55 3 10
55 5 11
55 7 8
55 9 39
55 11 22
55 12 47
55 14 59
55 15 52
55 17 6
55 18 68
55 19 16
55 20 61
55 22 65
55 25 31
55 27 53
55 29 27
55 38 62
55 42 23
55 47 66
55 51 28
55 55 48
55 57 13
55 58 54
55 60 57
55 63 12
55 65 24
55 66 29
55 68 55
55 69 18
56 0 59
56 1 7
56 2 37
56 3 0
56 4 31
56 5 25
56 6 6
56 10 5
56 12 40
56 14 41
56 25 60
56 29 38
56 31 22
56 32 45
56 33 65
56 34 17
56 35 49
56 36 34
56 37 57
56 38 68
56 39 56
56 41 61
56 42 3
56 43 21
56 45 66
56 47 10
56 48 53
56 49 46
56 52 19
56 54 26
56 55 51
56 56 52
56 57 36
56 58 48
56 59 54
56 60 11
56 62 30
56 63 32
56 65 2
56 66 28
56 67 44
57 0 36
57 1 23
57 2 26
57 6 22
57 8 4
57 10 27
57 11 49
57 12 15
57 13 29
57 15 64
57 18 51
57 23 12
57 24 57
57 25 68
57 26 43
57 27 3
57 29 18
57 30 52
57 33 5
57 35 21
57 38 60
57 40 58
57 42 19
57 43 20
57 44 67
57 45 42
57 46 39
57 47 45
57 48 55
57 50 41
57 51 38
57 55 54
57 56 66
57 59 13
57 64 63
57 65 9
57 66 48
57 67 33
57 68 34
58 0 13
58 3 42
58 5 27
58 6 59
58 10 36
58 12 38
58 14 8
58 15 54
58 17 69
58 19 25
58 22 20
58 23 67
58 25 40
58 32 37
58 34 3
58 35 39
58 38 61
58 41 9
58 42 24
58 43 51
58 44 49
58 46 57
58 47 43
58 55 34
58 57 56
58 58 68
58 59 35
58 60 45
58 62 33
58 63 46
58 64 28
58 65 64
58 67 11
58 69 22
59 1 31
59 2 13
59 3 37
59 5 26
59 6 35
59 7 64
59 8 10
59 10 66
59 13 20
59 18 1
59 19 57
59 20 12
59 21 3
59 23 32
59 24 52
59 25 67
59 28 8
59 29 9
59 31 18
59 33 43
59 34 44
59 35 45
59 36 22
59 37 47
59 40 53
59 41 39
59 43 55
59 44 30
59 45 49
59 47 34
59 49 4
59 51 50
59 54 69
59 58 40
59 60 5
59 61 68
59 62 27
59 64 29
59 65 23
59 66 15
59 67 65
60 4 24
60 5 44
60 6 30
60 8 32
60 11 18
60 12 31
60 14 56
60 23 8
60 25 62
60 28 55
60 29 7
60 30 22
60 32 2
60 33 12
60 35 61
60 36 26
60 40 42
60 46 48
60 48 65
60 49 57
60 50 43
60 51 41
60 53 4
60 55 5
60 57 52
60 58 25
60 63 47
60 66 19
60 68 51
60 69 49
61 0 7
61 3 14
61 5 16
61 7 19
61 10 65
61 12 41
61 16 42
61 17 48
61 18 31
61 21 46
61 24 51
61 27 1
61 28 50
61 29 4
61 31 67
61 33 25
61 35 60
61 37 11
61 40 24
61 42 59
61 44 15
61 45 58
61 46 8
61 50 54
61 54 43
61 58 36
61 60 38
61 61 20
61 62 10
61 63 55
61 64 35
61 65 39
61 67 56
62 1 34
62 6 10
62 9 37
62 10 62
62 11 14
62 15 24
62 16 59
62 18 66
62 21 53
62 22 45
62 25 5
62 26 25
62 27 46
62 28 15
62 29 16
62 30 36
62 31 40
62 33 35
62 35 68
62 36 67
62 37 0
62 41 63
62 45 51
62 46 26
62 47 21
62 49 52
62 50 61
62 51 9
62 53 50
62 55 30
62 56 38
62 57 41
62 61 8
62 65 7
62 66 31
62 67 13
62 68 2
63 0 46
63 1 17
63 2 5
63 3 18
63 5 37
63 6 68
63 7 41
63 9 31
63 11 62
63 13 19
63 14 43
63 15 9
63 18 22
63 19 34
63 20 30
63 22 16
63 26 69
63 28 6
63 29 33
63 31 50
63 32 40
63 33 52
63 37 38
63 38 53
63 40 55
63 42 21
63 43 23
63 44 45
63 50 63
63 52 2
63 57 12
63 59 36
63 61 61
63 62 59
63 63 49
63 64 57
63 65 47
63 69 44
64 2 22
64 5 38
64 9 8
64 10 58
64 11 35
64 12 52
64 13 9
64 14 20
64 17 18
64 18 49
64 21 19
64 24 68
64 25 44
64 26 41
64 27 16
64 28 69
64 29 5
64 31 17
64 33 34
64 38 57
64 39 60
64 42 29
64 50 10
64 52 33
64 53 3
64 56 32
64 58 67
64 60 51
64 61 56
64 62 40
64 63 0
64 64 6
64 67 15
65 0 57
65 3 22
65 4 43
65 5 28
65 10 30
65 12 6
65 13 7
65 15 0
65 16 53
65 20 4
65 21 51
65 22 25
65 23 16
65 31 11
65 33 67
65 34 56
65 35 58
65 37 59
65 38 33
65 40 62
65 43 47
65 44 10
65 47 20
65 49 17
65 51 15
65 53 55
65 54 61
65 55 2
65 56 34
65 58 65
65 59 23
65 62 41
65 63 21
65 64 54
65 68 1
65 69 38
66 0 43
66 2 12
66 9 22
66 14 54
66 15 7
66 17 11
66 22 27
66 24 49
66 25 35
66 27 47
66 28 38
66 30 68
66 31 57
66 34 14
66 38 25
66 39 67
66 41 33
66 42 60
66 44 17
66 46 21
66 48 2
66 50 58
66 52 4
66 53 42
66 54 40
66 55 1
66 56 61
66 57 50
66 59 41
66 60 59
66 61 44
66 64 34
66 66 10
66 68 39
67 1 63
67 3 13
67 4 44
67 5 46
67 6 18
67 7 59
67 8 15
67 9 57
67 12 2
67 15 30
67 16 32
67 17 45
67 18 60
67 19 43
67 20 42
67 21 25
67 24 29
67 30 62
67 31 3
67 34 12
67 35 47
67 36 50
67 40 38
67 44 19
67 47 23
67 48 16
67 49 14
67 53 20
67 54 58
67 57 17
67 60 36
67 62 22
67 64 49
67 66 26
67 68 61
68 0 20
68 3 1
68 4 65
68 5 2
68 9 24
68 12 14
68 14 37
68 18 52
68 21 68
68 24 39
68 25 29
68 26 33
68 27 55
68 28 18
68 29 54
68 33 50
68 34 59
68 35 5
68 36 42
68 37 48
68 39 44
68 40 41
68 42 10
68 43 60
68 44 31
68 45 13
68 54 38
68 55 49
68 56 57
68 58 28
68 59 12
68 60 32
68 69 25
69 1 33
69 5 65
69 6 42
69 8 13
69 10 23
69 13 25
69 14 3
69 19 68
69 23 15
69 24 6
69 25 46
69 26 19
69 29 59
69 33 58
69 34 39
69 35 37
69 41 29
69 44 0
69 46 4
69 49 47
69 50 36
69 51 34
69 52 67
69 53 27
69 54 9
69 56 48
69 59 45
69 60 35
69 61 22
69 62 20
69 65 63
69 67 1
