70
0 0 30
0 2 24
0 3 22
0 4 32
0 5 66
0 6 59
0 7 3
0 11 45
0 12 19
0 15 63
0 16 33
0 17 65
0 18 26
0 19 31
0 20 9
0 21 16
0 22 35
0 23 49
0 26 0
0 27 27
0 29 28
0 30 12
0 31 62
0 32 17
0 33 52
0 36 61
0 37 18
0 38 7
0 39 4
0 40 47
0 41 23
0 42 40
0 44 13
0 45 11
0 46 69
0 47 55
0 49 34
0 50 21
0 51 54
0 52 39
0 53 50
0 54 67
0 55 6
0 56 38
0 57 5
0 58 37
0 62 68
0 63 44
0 64 60
0 65 36
0 66 48
0 67 14
0 68 56
0 69 53
1 0 54
1 1 37
1 2 5
1 3 33
1 4 14
1 5 18
1 6 36
1 7 32
1 8 26
1 9 52
1 11 16
1 12 42
1 13 17
1 14 8
1 15 44
1 16 35
1 17 47
1 18 60
1 19 27
1 20 12
1 21 63
1 22 3
1 25 21
1 27 23
1 30 38
1 31 10
1 32 9
1 33 39
1 34 40
1 35 34
1 36 2
1 39 61
1 40 55
1 41 29
1 44 69
1 45 66
1 46 7
1 47 22
1 48 6
1 49 1
1 50 41
1 51 50
1 52 65
1 53 58
1 54 68
1 55 59
1 56 15
1 57 4
1 58 31
1 59 28
1 61 49
1 62 13
1 63 45
1 64 67
1 65 53
1 66 20
1 67 19
1 68 64
1 69 43
2 0 24
2 1 3
2 2 34
2 3 42
2 4 33
2 5 38
2 6 21
2 7 48
2 8 31
2 9 43
2 10 67
2 11 56
2 12 9
2 13 7
2 15 5
2 16 0
2 18 35
2 20 64
2 21 32
2 22 13
2 23 65
2 24 61
2 25 25
2 26 63
2 27 4
2 29 50
2 30 17
2 32 51
2 34 11
2 35 16
2 36 47
2 37 39
2 38 1
2 39 30
2 40 10
2 42 22
2 43 66
2 44 45
2 45 62
2 49 29
2 50 54
2 52 2
2 53 26
2 54 59
2 55 46
2 57 20
2 59 60
2 60 23
2 61 36
2 62 44
2 63 40
2 64 49
2 65 28
2 66 14
2 67 52
2 69 12
3 0 40
3 1 64
3 2 51
3 3 13
3 4 19
3 5 6
3 7 7
3 8 68
3 9 59
3 10 27
3 11 36
3 12 66
3 13 50
3 14 60
3 15 33
3 16 58
3 18 65
3 19 55
3 20 62
3 21 0
3 23 23
3 24 9
3 25 56
3 26 46
3 27 14
3 29 10
3 30 39
3 34 53
3 36 24
3 38 12
3 39 54
3 40 11
3 41 26
3 42 15
3 43 8
3 45 48
3 46 43
3 47 35
3 48 4
3 50 16
3 51 29
3 52 28
3 53 44
3 54 25
3 55 69
3 56 31
3 57 63
3 58 2
3 59 49
3 62 45
3 64 32
3 65 21
3 66 30
3 68 1
3 69 38
4 0 67
4 1 42
4 3 53
4 4 40
4 5 54
4 8 1
4 9 39
4 11 23
4 13 19
4 14 5
4 15 51
4 16 17
4 17 29
4 19 21
4 23 55
4 24 36
4 25 7
4 26 47
4 30 46
4 31 57
4 32 41
4 33 12
4 34 45
4 35 11
4 36 27
4 37 69
4 38 32
4 39 37
4 40 35
4 42 44
4 44 66
4 45 56
4 46 4
4 47 9
4 48 63
4 49 65
4 50 20
4 51 38
4 52 48
4 53 60
4 54 33
4 55 61
4 56 62
4 58 64
4 59 52
4 61 24
4 63 0
4 64 28
4 65 14
4 66 34
4 67 43
4 68 49
4 69 6
5 0 46
5 1 59
5 2 49
5 3 23
5 4 16
5 5 43
5 6 35
5 8 34
5 9 13
5 12 24
5 14 21
5 16 26
5 17 53
5 18 31
5 19 50
5 21 38
5 23 11
5 26 15
5 27 20
5 28 64
5 30 32
5 31 3
5 32 60
5 34 27
5 35 44
5 36 55
5 37 62
5 38 58
5 40 45
5 41 39
5 42 2
5 43 0
5 44 36
5 45 5
5 46 47
5 47 28
5 48 41
5 49 10
5 50 65
5 52 40
5 53 1
5 55 56
5 56 25
5 57 17
5 58 54
5 59 33
5 60 14
5 61 52
5 62 63
5 63 4
5 65 67
5 66 51
5 67 12
5 69 7
6 0 10
6 1 5
6 2 58
6 3 43
6 4 11
6 7 57
6 8 39
6 9 55
6 10 33
6 11 47
6 12 30
6 14 13
6 17 2
6 19 3
6 20 54
6 21 6
6 22 14
6 23 68
6 25 62
6 26 52
6 27 19
6 28 17
6 29 22
6 30 31
6 31 9
6 32 32
6 33 66
6 34 44
6 35 50
6 36 60
6 37 0
6 38 65
6 39 45
6 40 59
6 41 20
6 42 56
6 43 41
6 44 37
6 45 51
6 47 38
6 48 64
6 49 49
6 50 26
6 51 40
6 52 53
6 53 24
6 54 69
6 55 63
6 56 42
6 58 4
6 61 15
6 62 18
6 63 12
6 64 36
6 65 25
6 66 61
6 67 16
6 68 35
6 69 27
7 1 11
7 3 60
7 4 61
7 6 49
7 7 41
7 8 52
7 10 3
7 11 59
7 12 58
7 13 29
7 14 17
7 15 26
7 16 25
7 17 64
7 18 55
7 19 56
7 20 20
7 21 28
7 22 12
7 23 19
7 25 23
7 26 38
7 27 1
7 29 7
7 30 34
7 31 68
7 32 18
7 33 8
7 34 43
7 35 0
7 36 57
7 37 6
7 38 45
7 39 14
7 40 15
7 41 35
7 44 21
7 46 13
7 49 66
7 50 40
7 51 46
7 52 54
7 53 67
7 54 37
7 55 22
7 56 53
7 57 39
7 58 10
7 59 63
7 61 5
7 63 9
7 64 27
7 65 4
7 66 16
7 67 24
7 68 30
7 69 65
8 0 18
8 1 44
8 2 64
8 3 59
8 4 21
8 5 20
8 6 1
8 7 56
8 8 30
8 10 12
8 11 13
8 13 0
8 14 50
8 15 7
8 16 14
8 17 58
8 18 67
8 19 43
8 20 2
8 22 31
8 23 26
8 24 42
8 25 40
8 27 60
8 28 15
8 29 37
8 31 55
8 32 63
8 33 32
8 34 22
8 35 61
8 37 33
8 39 38
8 40 53
8 41 6
8 42 69
8 45 27
8 48 34
8 49 39
8 50 45
8 51 16
8 52 19
8 53 11
8 54 5
8 55 36
8 56 9
8 58 51
8 59 66
8 60 49
8 61 68
8 62 41
8 63 65
8 64 57
8 65 62
8 66 28
8 67 35
8 68 47
8 69 46
9 0 69
9 1 47
9 2 1
9 4 64
9 5 15
9 8 4
9 9 56
9 10 30
9 11 32
9 12 33
9 13 60
9 14 11
9 15 8
9 18 6
9 19 44
9 20 24
9 23 13
9 25 46
9 26 18
9 27 41
9 28 49
9 29 48
9 30 58
9 31 65
9 32 20
9 33 31
9 34 37
9 36 54
9 37 28
9 38 22
9 39 23
9 40 42
9 41 68
9 42 62
9 43 26
9 44 7
9 45 21
9 46 36
9 47 40
9 48 57
9 49 19
9 50 67
9 51 27
9 52 5
9 53 52
9 54 45
9 55 66
9 56 3
9 57 38
9 58 43
9 60 0
9 61 10
9 62 16
9 65 50
9 66 2
9 67 25
9 68 51
10 0 11
10 1 69
10 2 35
10 3 38
10 5 45
10 6 6
10 7 60
10 8 0
10 9 12
10 10 49
10 12 34
10 13 4
10 14 37
10 15 54
10 16 20
10 17 15
10 18 48
10 20 56
10 21 53
10 22 46
10 23 24
10 24 66
10 25 44
10 26 33
10 27 5
10 28 10
10 29 13
10 30 57
10 31 67
10 32 62
10 33 36
10 34 14
10 35 65
10 36 19
10 37 2
10 39 42
10 40 7
10 41 59
10 44 17
10 45 58
10 46 39
10 48 51
10 49 8
10 50 52
10 51 64
10 53 40
10 54 29
10 55 21
10 56 22
10 59 9
10 60 68
10 61 16
10 62 43
10 63 27
10 64 26
10 65 23
10 68 41
10 69 61
11 0 52
11 1 10
11 2 68
11 3 62
11 4 63
11 5 25
11 6 5
11 7 27
11 8 47
11 9 14
11 10 65
11 11 67
11 12 41
11 13 26
11 14 3
11 15 38
11 17 13
11 18 66
11 19 22
11 20 16
11 21 29
11 22 50
11 23 59
11 24 31
11 25 57
11 27 55
11 28 24
11 29 43
11 30 36
11 31 45
11 32 53
11 33 17
11 34 42
11 37 4
11 38 61
11 39 12
11 40 34
11 41 21
11 42 1
11 43 9
11 44 49
11 46 2
11 49 56
11 50 60
11 51 19
11 52 8
11 53 33
11 54 39
11 55 32
11 57 18
11 58 15
11 61 40
11 62 7
11 63 30
11 64 23
11 65 51
11 66 11
11 67 0
11 68 54
11 69 28
12 1 23
12 2 36
12 3 21
12 4 43
12 5 57
12 7 26
12 8 12
12 9 9
12 10 28
12 12 45
12 14 6
12 15 68
12 16 2
12 17 39
12 18 46
12 19 63
12 20 58
12 21 47
12 22 41
12 23 8
12 24 38
12 25 19
12 26 44
12 27 32
12 28 55
12 29 17
12 30 59
12 32 5
12 33 33
12 35 22
12 36 50
12 37 65
12 38 56
12 41 30
12 42 34
12 43 61
12 44 24
12 45 53
12 47 49
12 48 52
12 49 27
12 50 15
12 51 4
12 52 20
12 53 7
12 54 60
12 55 10
12 57 62
12 58 14
12 59 69
12 60 25
12 61 42
12 62 0
12 63 64
12 65 31
12 66 37
12 67 11
12 68 18
12 69 67
13 0 19
13 1 49
13 3 3
13 4 10
13 6 26
13 8 2
13 9 11
13 10 52
13 12 46
13 13 33
13 14 35
13 15 13
13 16 1
13 17 68
13 18 16
13 20 25
13 21 51
13 22 28
13 23 47
13 28 30
13 29 15
13 30 8
13 31 22
13 32 58
13 33 60
13 35 53
13 36 0
13 37 17
13 38 27
13 39 21
13 40 40
13 42 66
13 44 39
13 45 43
13 46 59
13 47 12
13 48 48
13 49 45
13 50 64
13 51 6
13 53 5
13 54 18
13 55 23
13 56 57
13 57 36
13 58 7
13 60 34
13 61 14
13 62 50
13 63 29
13 64 24
13 65 41
13 66 69
13 67 9
13 68 20
14 0 36
14 1 21
14 2 47
14 4 13
14 6 4
14 7 22
14 8 14
14 9 27
14 10 17
14 11 44
14 12 43
14 13 55
14 15 29
14 16 34
14 17 28
14 18 5
14 19 37
14 20 3
14 23 32
14 25 54
14 26 31
14 27 12
14 28 1
14 29 69
14 30 26
14 31 53
14 32 46
14 33 30
14 34 59
14 36 62
14 37 63
14 39 19
14 40 65
14 41 16
14 42 0
14 43 51
14 44 50
14 45 39
14 47 7
14 48 67
14 49 35
14 50 18
14 51 9
14 52 56
14 53 38
14 54 23
14 55 48
14 56 2
14 57 45
14 58 40
14 59 6
14 61 57
14 63 52
14 64 33
14 66 10
14 67 42
14 68 11
14 69 8
15 0 2
15 1 32
15 2 19
15 3 9
15 4 67
15 5 48
15 6 10
15 7 46
15 8 57
15 9 20
15 10 21
15 12 56
15 13 22
15 14 55
15 18 39
15 20 28
15 21 1
15 22 52
15 24 11
15 27 66
15 28 12
15 29 26
15 30 49
15 31 4
15 32 13
15 33 65
15 34 24
15 35 18
15 36 7
15 37 37
15 38 5
15 39 0
15 40 3
15 41 44
15 42 50
15 43 15
15 44 35
15 45 16
15 47 60
15 48 8
15 49 23
15 50 25
15 51 51
15 52 17
15 53 63
15 54 64
15 56 41
15 58 29
15 60 47
15 61 58
15 62 61
15 63 33
15 64 42
15 65 69
15 67 27
15 68 62
15 69 31
16 0 47
16 1 57
16 2 27
16 3 69
16 4 15
16 5 65
16 7 43
16 8 46
16 9 21
16 10 42
16 13 44
16 15 3
16 16 11
16 17 48
16 18 20
16 20 37
16 21 52
16 22 54
16 25 22
16 26 6
16 27 63
16 28 45
16 29 8
16 30 10
16 31 50
16 32 59
16 34 5
16 35 68
16 36 16
16 37 40
16 38 31
16 40 62
16 42 7
16 43 1
16 44 19
16 45 17
16 46 25
16 47 67
16 49 24
16 50 0
16 51 39
16 52 29
16 54 35
16 55 4
16 56 30
16 58 34
16 59 41
16 60 55
16 61 28
16 62 14
16 64 64
16 65 66
16 66 53
16 67 2
16 69 23
17 1 68
17 2 53
17 3 15
17 4 41
17 5 1
17 6 0
17 7 14
17 9 50
17 10 34
17 11 54
17 12 48
17 13 31
17 14 56
17 16 13
17 17 55
17 18 18
17 19 4
17 20 40
17 22 42
17 23 44
17 24 39
17 25 16
17 26 23
17 27 65
17 29 58
17 31 32
17 32 57
17 33 29
17 34 28
17 35 49
17 36 21
17 37 45
17 38 20
17 39 7
17 40 30
17 41 37
17 42 51
17 43 59
17 44 27
17 45 47
17 46 46
17 47 17
17 48 5
17 49 38
17 50 10
17 51 35
17 52 60
17 53 61
17 55 12
17 57 52
17 58 9
17 59 43
17 60 33
17 61 67
17 62 11
17 64 3
17 65 2
17 66 19
17 67 36
17 68 24
18 0 28
18 1 51
18 2 54
18 3 41
18 4 0
18 5 12
18 7 52
18 8 45
18 9 19
18 10 58
18 11 39
18 12 11
18 13 61
18 15 18
18 16 69
18 17 24
18 20 32
18 22 15
18 23 30
18 24 7
18 25 48
18 26 4
18 28 43
18 30 1
18 31 59
18 32 56
18 33 37
18 34 67
18 35 40
18 36 17
18 37 20
18 40 68
18 41 60
18 42 35
18 43 22
18 44 62
18 45 50
18 46 42
18 47 3
18 48 46
18 49 9
18 50 2
18 52 13
18 53 34
18 54 36
18 55 8
18 56 66
18 57 29
18 62 53
18 63 49
18 66 27
18 67 65
18 68 38
19 0 55
19 2 18
19 3 30
19 4 68
19 5 56
19 6 64
19 7 17
19 8 41
19 9 6
19 10 25
19 11 62
19 12 57
19 13 59
19 14 7
19 15 61
19 16 47
19 17 31
19 18 0
19 20 10
19 21 34
19 22 63
19 23 40
19 24 33
19 28 22
19 29 1
19 30 9
19 31 42
19 33 43
19 34 36
19 35 15
19 36 3
19 39 46
19 40 67
19 41 65
19 43 69
19 44 60
19 46 24
19 47 32
19 50 19
19 51 26
19 52 66
19 53 23
19 54 13
19 55 14
19 56 52
19 57 51
19 58 44
19 59 4
19 60 35
19 61 27
19 64 16
19 65 39
19 66 38
19 67 45
19 68 28
19 69 54
20 0 53
20 1 35
20 2 0
20 4 44
20 8 13
20 9 67
20 10 18
20 11 2
20 12 32
20 13 36
20 14 27
20 17 3
20 18 15
20 19 34
20 20 52
20 21 4
20 22 17
20 24 62
20 25 5
20 26 10
20 27 40
20 29 66
20 32 22
20 34 57
20 35 55
20 38 60
20 39 51
20 40 19
20 41 69
20 42 33
20 43 56
20 44 1
20 46 48
20 47 63
20 48 21
20 49 64
20 51 45
20 52 23
20 54 58
20 55 16
20 56 14
20 57 9
20 58 11
20 60 12
20 61 59
20 62 6
20 63 37
20 64 65
20 65 46
20 66 7
20 67 29
20 68 68
20 69 25
21 0 1
21 1 55
21 2 41
21 3 32
21 6 58
21 7 24
21 8 43
21 9 48
21 10 23
21 14 4
21 17 7
21 18 51
21 19 59
21 20 18
21 21 42
21 22 6
21 23 35
21 25 2
21 26 25
21 27 39
21 28 38
21 29 47
21 30 68
21 31 36
21 32 30
21 33 50
21 34 10
21 35 33
21 38 44
21 39 66
21 40 17
21 41 62
21 42 60
21 43 11
21 44 28
21 45 31
21 46 12
21 47 61
21 48 14
21 49 54
21 50 56
21 51 3
21 52 27
21 55 0
21 56 65
21 57 40
21 58 52
21 60 53
21 61 37
21 62 26
21 69 16
22 0 6
22 1 46
22 2 12
22 4 58
22 6 14
22 7 66
22 8 62
22 9 23
22 10 68
22 13 9
22 14 47
22 15 40
22 16 45
22 17 44
22 18 63
22 19 42
22 20 48
22 21 67
22 22 51
22 23 5
22 24 24
22 25 0
22 27 21
22 28 56
22 29 57
22 31 64
22 32 2
22 33 49
22 34 7
22 35 27
22 36 34
22 37 15
22 39 13
22 40 8
22 41 36
22 42 25
22 43 29
22 44 31
22 45 19
22 47 26
22 48 22
22 49 55
22 50 28
22 51 20
22 52 4
22 53 53
22 54 65
22 57 1
22 58 41
22 59 61
22 60 18
22 61 33
22 62 35
22 64 37
22 65 52
22 66 43
22 67 30
22 68 32
22 69 59
23 0 49
23 1 17
23 2 20
23 3 27
23 4 59
23 5 44
23 6 68
23 7 15
23 8 24
23 9 69
23 11 3
23 12 61
23 13 46
23 14 57
23 16 29
23 17 51
23 18 4
23 19 28
23 21 10
23 22 7
23 23 36
23 24 37
23 25 50
23 26 35
23 27 62
23 28 33
23 29 0
23 31 21
23 32 11
23 33 40
23 34 55
23 35 58
23 36 65
23 37 23
23 39 31
23 40 22
23 41 1
23 42 63
23 43 54
23 44 67
23 46 56
23 47 18
23 48 45
23 49 60
23 50 13
23 51 30
23 52 41
23 53 42
23 55 52
23 56 47
23 60 38
23 61 53
23 62 32
23 63 48
23 64 14
23 65 19
23 66 39
23 68 16
24 0 12
24 1 29
24 2 33
24 3 25
24 4 2
24 5 59
24 6 17
24 7 30
24 8 19
24 9 63
24 11 1
24 12 68
24 13 49
24 14 9
24 15 42
24 16 61
24 18 24
24 19 51
24 20 22
24 21 44
24 23 16
24 24 58
24 25 14
24 26 53
24 27 45
24 28 3
24 29 11
24 31 38
24 32 26
24 33 4
24 34 0
24 35 46
24 36 31
24 37 48
24 40 6
24 41 43
24 42 23
24 43 62
24 44 32
24 45 36
24 46 28
24 47 21
24 48 18
24 49 20
24 50 69
24 52 35
24 53 8
24 55 67
24 56 56
24 57 34
24 58 27
24 59 10
24 60 7
24 61 41
24 62 15
24 63 60
24 64 50
24 66 52
24 67 54
24 68 13
24 69 37
25 0 37
25 2 23
25 3 4
25 4 8
25 6 57
25 8 5
25 9 0
25 10 1
25 11 52
25 12 27
25 14 39
25 15 30
25 16 62
25 17 16
25 19 15
25 20 33
25 21 22
25 22 45
25 23 7
25 24 69
25 27 29
25 28 26
25 29 9
25 30 6
25 31 41
25 33 58
25 34 60
25 35 3
25 36 66
25 37 12
25 38 64
25 39 67
25 41 17
25 43 44
25 44 11
25 46 65
25 47 42
25 48 47
25 51 61
25 52 49
25 54 31
25 56 21
25 57 35
25 58 55
25 59 20
25 60 54
25 61 2
25 62 24
25 63 68
25 64 34
25 68 43
25 69 48
26 1 39
26 2 9
26 3 5
26 4 24
26 6 27
26 7 58
26 9 41
26 10 45
26 11 68
26 12 28
26 13 12
26 14 2
26 15 43
26 16 4
26 18 69
26 19 30
26 21 46
26 22 34
26 23 48
26 24 20
26 26 57
26 27 37
26 29 44
26 30 60
26 32 7
26 33 64
26 34 52
26 36 53
26 38 33
26 39 15
26 40 21
26 41 61
26 43 17
26 44 65
26 46 18
26 47 36
26 48 49
26 49 22
26 50 11
26 51 14
26 52 38
26 53 56
26 54 32
26 55 3
26 56 59
26 57 23
26 58 62
26 59 25
26 61 19
26 62 47
26 63 63
26 64 55
26 65 10
26 66 40
26 67 13
26 69 35
27 3 12
27 4 18
27 6 16
27 7 37
27 8 69
27 9 64
27 10 55
27 11 57
27 12 40
27 13 27
27 14 22
27 15 58
27 17 30
27 18 32
27 19 26
27 20 7
27 21 17
27 22 9
27 23 42
27 25 24
27 26 28
27 27 56
27 28 67
27 29 54
27 31 66
27 32 65
27 33 5
27 35 25
27 36 43
27 37 31
27 38 11
27 39 39
27 40 41
27 41 2
27 42 14
27 43 4
27 45 60
27 46 8
27 47 13
27 48 10
27 49 62
27 51 23
27 52 68
27 53 6
27 54 20
27 55 47
27 56 35
27 57 3
27 59 15
27 62 36
27 63 46
27 64 19
27 67 61
27 69 45
28 0 39
28 1 63
28 3 45
28 4 12
28 6 38
28 7 50
28 8 15
28 9 4
28 10 16
28 11 58
28 12 47
28 14 52
28 15 0
28 16 41
28 18 28
28 19 40
28 20 68
28 21 27
28 22 32
28 23 43
28 24 49
28 25 42
28 26 19
28 27 25
28 28 65
28 30 30
28 31 48
28 34 35
28 35 13
28 36 56
28 37 26
28 38 34
28 40 44
28 41 51
28 42 24
28 43 55
28 44 59
28 45 1
28 47 14
28 50 8
28 52 64
28 53 29
28 54 66
28 55 57
28 57 54
28 58 5
28 60 2
28 61 11
28 62 22
28 63 23
28 65 33
28 68 69
28 69 9
29 0 38
29 1 54
29 2 67
29 3 0
29 4 35
29 5 53
29 6 48
29 8 60
29 9 16
29 11 24
29 12 7
29 13 41
29 14 29
29 15 27
29 16 18
29 17 17
29 18 52
29 19 57
29 20 43
29 21 20
29 24 68
29 25 13
29 26 12
29 29 64
29 30 21
29 32 19
29 33 62
29 34 61
29 35 31
29 37 9
29 40 58
29 41 56
29 42 5
29 43 2
29 44 23
29 46 26
29 47 66
29 48 25
29 50 42
29 52 32
29 53 28
29 54 40
29 56 10
29 58 49
29 59 59
29 60 63
29 61 6
29 62 39
29 64 11
29 65 55
29 66 47
29 68 4
29 69 30
30 1 8
30 2 38
30 4 37
30 6 65
30 8 36
30 10 5
30 13 39
30 14 34
30 15 55
30 16 32
30 17 59
30 18 9
30 19 58
30 20 35
30 22 25
30 23 51
30 24 63
30 25 53
30 26 21
30 27 67
30 28 29
30 29 14
30 30 19
30 31 40
30 32 33
30 33 45
30 34 1
30 35 69
30 36 4
30 37 64
30 39 56
30 40 20
30 41 54
30 42 68
30 43 16
30 44 52
30 45 24
30 46 3
30 48 60
30 49 13
30 51 48
30 52 31
30 53 22
30 55 17
30 56 11
30 58 26
30 60 61
30 63 43
30 64 62
30 65 27
30 66 6
30 67 10
30 68 12
31 0 57
31 1 7
31 2 66
31 3 67
31 4 39
31 5 4
31 6 45
31 8 65
31 9 1
31 10 51
31 11 69
31 12 49
31 13 63
31 14 68
31 15 9
31 16 38
31 17 6
31 18 42
31 19 46
31 20 34
31 21 61
31 22 11
31 24 25
31 25 37
31 26 14
31 27 8
31 28 31
31 29 52
31 31 5
31 32 43
31 34 48
31 35 41
31 36 30
31 37 10
31 38 35
31 39 17
31 40 23
31 41 64
31 43 24
31 44 44
31 45 22
31 46 20
31 47 62
31 48 54
31 50 33
31 51 53
31 52 36
31 53 15
31 54 47
31 55 13
31 56 18
31 57 19
31 58 60
31 59 21
31 60 40
31 61 32
31 62 12
31 64 0
31 65 58
31 66 55
31 69 2
32 0 45
32 1 19
32 2 2
32 3 36
32 5 22
32 6 52
32 7 53
32 8 37
32 10 57
32 11 35
32 12 23
32 14 49
32 18 7
32 19 18
32 20 13
32 21 50
32 22 1
32 23 20
32 25 32
32 26 67
32 29 40
32 30 27
32 31 25
32 32 55
32 34 54
32 35 43
32 36 10
32 37 29
32 39 9
32 40 64
32 41 11
32 43 68
32 44 33
32 45 61
32 47 47
32 48 44
32 49 48
32 50 63
32 51 62
32 52 34
32 53 46
32 55 5
32 56 39
32 57 42
32 58 0
32 59 51
32 60 4
32 61 26
32 62 30
32 63 58
32 64 69
32 65 15
32 68 8
32 69 60
33 1 60
33 2 46
33 3 16
33 4 47
33 5 35
33 6 62
33 8 18
33 9 57
33 10 61
33 11 42
33 12 31
33 14 44
33 17 25
33 18 58
33 19 69
33 20 1
33 21 2
33 23 67
33 25 3
33 26 49
33 27 10
33 28 8
33 30 5
33 31 6
33 32 34
33 33 54
33 34 63
33 35 12
33 36 13
33 37 21
33 38 36
33 39 11
33 41 48
33 43 23
33 44 22
33 45 38
33 48 26
33 49 15
33 50 55
33 51 28
33 53 66
33 55 9
33 56 19
33 57 37
33 58 33
33 59 30
33 62 40
33 63 32
33 64 7
33 65 43
33 66 45
33 67 50
33 68 29
33 69 14
34 0 22
34 2 37
34 3 20
34 4 26
34 5 2
34 7 34
34 9 68
34 10 14
34 11 21
34 12 18
34 13 67
34 15 35
34 16 19
34 19 61
34 20 23
34 21 36
34 22 40
34 23 63
34 24 54
34 25 58
34 26 39
34 27 15
34 29 60
34 30 0
34 31 43
34 32 29
34 33 24
34 34 16
34 35 45
34 36 5
34 37 53
34 38 52
34 39 49
34 40 51
34 41 8
34 42 47
34 44 42
34 45 33
34 46 55
34 47 59
34 48 30
34 49 12
34 50 6
34 54 57
34 55 11
34 56 4
34 57 41
34 58 1
34 59 7
34 60 66
34 61 56
34 62 17
34 63 31
34 64 9
34 65 3
34 66 62
34 67 69
34 68 46
34 69 64
35 1 36
35 2 14
35 4 57
35 6 37
35 7 11
35 8 8
35 9 26
35 10 2
35 11 41
35 12 65
35 13 34
35 14 12
35 15 17
35 16 56
35 17 45
35 18 43
35 19 60
35 20 67
35 21 54
35 22 21
35 23 33
35 24 30
35 25 64
35 26 1
35 27 18
35 28 39
35 30 3
35 32 24
35 33 16
35 35 7
35 36 44
35 37 22
35 38 25
35 39 55
35 41 42
35 43 6
35 46 66
35 48 40
35 49 53
35 50 23
35 51 47
35 52 46
35 54 52
35 55 68
35 56 27
35 58 38
35 59 35
35 60 5
35 61 69
35 62 51
35 63 62
35 65 61
35 66 58
35 69 29
36 0 32
36 2 15
36 3 46
36 4 65
36 6 11
36 7 36
36 8 25
36 9 18
36 10 43
36 11 28
36 13 64
36 14 40
36 15 41
36 16 53
36 17 63
36 18 19
36 19 38
36 20 59
36 21 56
36 22 4
36 23 39
36 24 50
36 25 35
36 26 34
36 29 20
36 30 14
36 31 12
36 32 23
36 33 0
36 34 3
36 37 66
36 38 30
36 39 69
36 41 7
36 42 57
36 45 68
36 47 52
36 48 58
36 50 17
36 51 24
36 53 48
36 54 21
36 55 49
36 57 13
36 58 61
36 59 44
36 60 62
36 61 45
36 64 2
36 65 8
36 67 55
36 68 33
36 69 22
37 0 23
37 1 58
37 2 32
37 3 55
37 5 27
37 6 33
37 7 20
37 8 16
37 9 37
37 10 19
37 11 48
37 13 47
37 14 54
37 15 60
37 16 7
37 17 4
37 18 21
37 19 14
37 20 8
37 21 26
37 25 69
37 26 68
37 27 57
37 28 9
37 29 12
37 30 65
37 31 29
37 32 25
37 34 18
37 35 6
37 36 46
37 37 56
37 38 51
37 39 40
37 41 49
37 42 11
37 43 39
37 44 64
37 45 35
37 46 53
37 49 44
37 50 30
37 51 42
37 52 52
37 53 43
37 54 3
37 55 41
37 56 34
37 57 31
37 58 13
37 59 45
37 61 61
37 62 66
37 63 24
37 64 59
37 65 22
37 66 67
37 67 17
37 68 15
37 69 1
38 1 67
38 2 16
38 3 37
38 4 69
38 5 13
38 6 19
38 7 8
38 9 29
38 10 15
38 11 38
38 12 25
38 13 52
38 17 9
38 18 44
38 19 1
38 20 63
38 21 24
38 24 45
38 25 6
38 26 61
38 28 60
38 29 46
38 30 50
38 31 20
38 32 31
38 33 28
38 35 30
38 36 42
38 38 55
38 39 68
38 41 12
38 43 34
38 44 10
38 45 18
38 46 5
38 47 23
38 48 33
38 49 4
38 52 14
38 53 0
38 54 43
38 55 62
38 56 36
38 57 59
38 58 65
38 60 3
38 61 64
38 62 48
38 63 41
38 65 32
38 66 66
38 68 7
38 69 11
39 0 56
39 3 57
39 4 5
39 6 47
39 7 10
39 8 64
39 9 3
39 10 40
39 11 18
39 14 41
39 16 39
39 17 43
39 19 68
39 20 69
39 21 55
39 22 48
39 23 29
39 24 4
39 25 34
39 26 51
39 28 21
39 29 19
39 30 33
39 32 52
39 33 46
39 34 31
39 35 35
39 36 23
39 37 49
39 38 67
39 39 6
39 41 38
39 42 58
39 44 9
39 45 45
39 46 50
39 47 24
39 48 17
39 49 26
39 50 53
39 51 66
39 52 12
39 53 27
39 54 8
39 55 65
39 57 11
39 58 20
39 59 1
39 60 59
39 61 30
39 62 37
39 63 15
39 64 13
39 66 54
39 67 44
39 68 25
39 69 63
40 0 41
40 1 61
40 2 56
40 4 22
40 5 47
40 6 55
40 9 53
40 11 46
40 12 35
40 13 68
40 14 65
40 15 59
40 16 52
40 17 54
40 18 49
40 19 23
40 20 50
40 21 11
40 23 62
40 24 26
40 25 60
40 26 40
40 27 51
40 28 14
40 29 3
40 30 48
40 31 58
40 33 21
40 34 32
40 37 30
40 38 19
40 41 66
40 42 39
40 43 20
40 44 2
40 45 13
40 46 44
40 47 43
40 48 38
40 49 63
40 50 27
40 51 5
40 53 36
40 54 4
40 55 64
40 56 17
40 57 69
40 58 24
40 59 18
40 61 8
40 62 67
40 64 10
40 65 45
40 66 57
40 67 15
40 68 9
41 0 35
41 1 62
41 3 66
41 4 54
41 5 8
41 6 43
41 7 21
41 8 50
41 9 17
41 10 47
41 12 16
41 13 15
41 14 23
41 15 19
41 16 64
41 17 12
41 18 11
41 19 49
41 20 29
41 21 68
41 22 56
41 23 4
41 24 52
41 25 61
41 27 24
41 28 57
41 29 30
41 30 18
41 31 39
41 32 69
41 33 34
41 34 6
41 35 38
41 36 25
41 37 51
41 38 37
41 41 40
41 42 9
41 43 31
41 44 5
41 45 14
41 46 63
41 48 32
41 49 33
41 51 0
41 52 22
41 53 10
41 55 7
41 57 65
41 58 46
41 59 2
41 60 13
41 61 44
41 62 59
41 63 55
41 64 1
41 65 42
41 66 60
41 68 67
41 69 41
42 0 59
42 1 38
42 2 21
42 3 35
42 4 23
42 5 50
42 6 29
42 7 55
42 8 66
42 9 65
42 10 64
42 11 40
42 13 43
42 14 33
42 16 15
42 17 26
42 18 2
42 19 10
42 20 19
42 21 60
42 23 41
42 24 53
42 25 45
42 26 48
42 27 17
42 29 62
42 31 34
42 32 6
42 33 56
42 34 39
42 35 37
42 36 9
42 37 1
42 40 5
42 41 63
42 43 14
42 44 3
42 45 8
42 46 22
42 47 25
42 48 13
42 49 68
42 50 12
42 51 69
42 52 67
42 54 24
42 55 51
42 56 0
42 58 16
42 60 32
42 62 42
42 63 57
42 64 44
42 65 20
42 66 31
42 68 61
42 69 18
43 0 14
43 1 26
43 2 3
43 3 47
43 5 21
43 6 2
43 7 39
43 8 55
43 9 10
43 10 8
43 11 37
43 12 6
43 13 69
43 14 64
43 15 52
43 16 16
43 17 60
43 18 59
43 21 13
43 22 24
43 23 22
43 24 34
43 25 30
43 26 43
43 27 50
43 28 11
43 29 63
43 30 45
43 31 15
43 32 38
43 33 41
43 34 62
43 35 57
43 36 40
43 37 44
43 38 49
43 39 32
43 40 28
43 41 0
43 42 12
43 43 42
43 44 68
43 45 65
43 46 33
43 48 1
43 49 18
43 50 7
43 52 58
43 53 9
43 54 48
43 55 31
43 56 67
43 58 17
43 59 5
43 62 56
43 63 53
43 65 54
43 66 36
43 67 20
43 69 51
44 0 60
44 1 18
44 2 25
44 5 11
44 6 30
44 7 67
44 8 17
44 9 5
44 12 0
44 13 35
44 14 63
44 17 46
44 18 62
44 19 41
44 20 44
44 21 7
44 22 10
44 23 66
44 24 15
44 26 9
44 27 58
44 28 20
44 29 38
44 30 37
44 31 33
44 32 36
44 33 23
44 34 4
44 35 56
44 36 32
44 37 43
44 38 39
44 39 16
44 40 61
44 42 42
44 43 19
44 44 40
44 45 64
44 46 51
44 47 2
44 48 53
44 51 52
44 52 1
44 54 27
44 55 28
44 56 45
44 57 26
44 58 12
44 60 21
44 62 69
44 67 8
44 68 65
44 69 24
45 0 42
45 3 24
45 4 56
45 5 61
45 7 49
45 8 23
45 9 34
45 14 43
45 15 28
45 16 8
45 17 11
45 18 68
45 21 14
45 22 47
45 24 44
45 25 51
45 26 66
45 27 13
45 28 46
45 29 29
45 31 19
45 32 16
45 33 53
45 35 67
45 36 48
45 37 41
45 40 27
45 43 45
45 44 26
45 45 32
45 47 57
45 48 12
45 49 36
45 50 37
45 51 18
45 52 62
45 53 3
45 54 10
45 55 1
45 56 40
45 57 30
45 58 22
45 59 58
45 61 55
45 62 38
45 63 20
45 64 15
45 65 65
45 66 5
45 67 6
45 68 21
45 69 39
46 0 62
46 2 8
46 3 29
46 4 36
46 5 69
46 6 39
46 7 2
46 8 67
46 9 40
46 10 9
46 11 63
46 12 17
46 13 14
46 14 59
46 16 3
46 17 66
46 18 61
46 19 11
46 20 21
46 21 33
46 22 0
46 24 19
46 26 41
46 27 22
46 28 68
46 29 34
46 30 28
46 32 1
46 33 35
46 35 20
46 36 49
46 37 24
46 39 27
46 41 32
46 42 52
46 44 46
46 46 16
46 47 64
46 48 43
46 49 5
46 51 58
46 52 51
46 53 12
46 54 7
46 55 15
46 57 25
46 58 18
46 59 42
46 60 45
46 61 31
46 63 6
46 64 56
46 66 13
46 67 38
46 68 53
46 69 10
47 0 43
47 1 6
47 3 58
47 4 4
47 5 29
47 7 5
47 10 69
47 11 8
47 12 13
47 13 1
47 14 42
47 15 53
47 17 23
47 18 12
47 19 67
47 20 46
47 21 39
47 22 61
47 23 9
47 25 52
47 27 31
47 28 27
47 29 35
47 30 62
47 31 26
47 32 37
47 33 15
47 34 2
47 35 66
47 36 20
47 37 34
47 38 47
47 41 41
47 42 17
47 43 3
47 44 54
47 45 0
47 46 21
47 48 24
47 49 40
47 50 32
47 51 49
47 52 11
47 53 14
47 54 19
47 55 38
47 58 48
47 60 16
47 61 50
47 62 28
47 65 56
47 67 60
47 68 44
47 69 68
48 0 61
48 1 52
48 2 10
48 5 7
48 7 38
48 8 3
48 9 28
48 10 54
48 12 4
48 13 13
48 14 67
48 15 36
48 16 40
48 18 57
48 19 0
48 20 45
48 22 65
48 23 58
48 24 47
48 25 63
48 26 5
48 27 2
48 28 35
48 29 55
48 30 66
48 31 60
48 32 68
48 33 22
48 34 23
48 35 14
48 36 33
48 37 50
48 38 59
48 39 26
48 41 9
48 42 18
48 43 43
48 44 41
48 46 34
48 47 6
48 48 20
48 49 25
48 50 62
48 52 37
48 54 11
48 56 1
48 57 12
48 58 30
48 59 29
48 60 31
48 61 48
48 63 42
48 64 21
48 65 44
48 67 56
48 68 27
48 69 15
49 0 13
49 2 17
49 3 19
49 4 42
49 6 23
49 7 16
49 9 36
49 11 51
49 12 53
49 14 30
49 15 20
49 17 5
49 18 3
49 19 8
49 20 4
49 23 27
49 24 55
49 25 26
49 26 65
49 27 54
49 31 14
49 32 49
49 33 48
49 34 12
49 35 52
49 36 64
49 37 32
49 38 29
49 39 41
49 40 33
49 42 21
49 44 56
49 46 61
49 47 37
49 48 11
49 49 69
49 50 1
49 51 44
49 53 62
49 54 22
49 55 58
49 57 15
49 58 59
49 59 24
49 60 46
49 61 47
49 62 25
49 63 2
49 64 68
49 65 0
49 66 9
49 67 34
49 68 10
49 69 50
50 0 7
50 1 1
50 2 26
50 6 60
50 7 0
50 8 49
50 9 38
50 12 29
50 13 66
50 14 69
50 16 30
50 20 36
50 21 43
50 22 8
50 23 64
50 24 22
50 25 27
50 26 20
50 27 28
50 28 50
50 29 59
50 30 4
50 31 51
50 32 39
50 33 47
50 34 34
50 36 14
50 39 62
50 40 18
50 41 52
50 42 45
50 43 53
50 44 55
50 45 57
50 47 46
50 48 19
50 49 61
50 50 68
50 51 33
50 52 15
50 53 37
50 54 41
50 55 24
50 56 48
50 57 44
50 59 31
50 60 65
50 61 63
50 62 2
50 63 54
50 65 13
50 66 42
50 67 23
51 0 65
51 2 7
51 4 1
51 5 36
51 6 53
51 7 45
51 8 27
51 10 46
51 12 62
51 13 28
51 14 19
51 15 57
51 17 10
51 18 40
51 20 49
51 21 69
51 22 43
51 23 54
51 24 12
51 25 9
51 27 35
51 28 44
51 29 61
51 30 20
51 31 0
51 32 47
51 33 25
51 34 13
51 35 59
51 36 51
51 38 23
51 39 33
51 40 32
51 41 18
51 42 8
51 43 64
51 45 42
51 46 41
51 47 48
51 49 52
51 50 31
51 51 17
51 52 26
51 54 30
51 55 55
51 56 6
51 57 50
51 58 39
51 59 14
51 60 37
51 61 3
51 62 29
51 64 4
51 65 38
51 67 58
51 68 63
51 69 56
52 0 8
52 1 4
52 2 39
52 3 10
52 4 49
52 5 9
52 6 31
52 7 59
52 8 6
52 9 7
52 10 37
52 12 63
52 13 56
52 16 50
52 17 41
52 18 45
52 20 17
52 23 61
52 25 15
52 26 2
52 27 53
52 28 16
52 29 21
52 30 44
52 31 23
52 32 14
52 33 51
52 34 46
52 35 47
52 36 67
52 37 3
52 39 1
52 40 29
52 41 34
52 43 58
52 44 57
52 45 30
52 46 54
52 48 69
52 49 32
52 51 43
52 52 33
52 53 64
52 54 26
52 55 18
52 56 28
52 57 0
52 59 55
52 61 38
52 62 27
52 63 13
52 65 48
52 66 12
52 67 22
52 68 52
52 69 40
53 1 24
53 2 60
53 4 46
53 8 40
53 10 53
53 11 26
53 12 15
53 13 58
53 14 0
53 15 11
53 16 22
53 17 32
53 18 37
53 19 12
53 21 65
53 22 33
53 23 6
53 24 10
53 25 43
53 26 42
53 27 52
53 29 67
53 30 23
53 31 2
53 32 8
53 33 7
53 34 66
53 35 19
53 37 5
53 38 41
53 39 59
53 40 36
53 41 3
53 42 48
53 43 28
53 44 25
53 45 55
53 46 14
53 47 31
53 48 9
53 49 30
53 50 39
53 51 13
53 52 21
53 53 49
53 54 63
53 55 20
53 56 16
53 59 54
53 60 1
53 61 34
53 62 57
53 63 38
53 64 61
53 65 64
53 66 29
53 67 4
53 68 45
53 69 69
54 2 48
54 3 56
54 4 52
54 5 40
54 6 13
54 7 61
54 8 7
54 10 44
54 11 12
54 12 20
54 13 24
54 14 36
54 15 15
54 16 23
54 18 54
54 20 60
54 21 59
54 23 46
54 24 14
54 25 66
54 26 55
54 27 6
54 28 5
54 30 16
54 34 9
54 35 4
54 36 18
54 39 29
54 40 69
54 41 19
54 42 37
54 45 41
54 47 33
54 48 42
54 50 50
54 51 67
54 52 45
54 54 2
54 55 34
54 56 49
54 57 58
54 58 32
54 60 11
54 61 43
54 62 21
54 63 51
54 64 8
54 65 30
54 66 17
54 67 39
54 68 3
54 69 47
55 0 26
55 1 56
55 2 29
55 3 8
55 4 51
55 5 34
55 7 69
55 8 35
55 9 42
55 10 11
55 11 50
55 12 44
55 13 25
55 14 45
55 15 62
55 16 27
55 17 52
55 18 17
55 20 38
55 21 40
55 22 19
55 23 12
55 24 5
55 25 4
55 26 37
55 27 48
55 28 7
55 30 55
55 31 31
55 32 21
55 33 59
55 34 64
55 35 24
55 36 63
55 37 14
55 39 3
55 40 66
55 41 47
55 42 41
55 43 33
55 44 53
55 45 15
55 46 68
55 47 54
55 48 0
55 49 67
55 50 9
55 51 60
55 52 61
55 53 30
55 54 28
55 55 2
55 56 32
55 57 6
55 58 58
55 59 16
55 61 1
55 63 39
55 64 20
55 65 18
55 66 65
55 67 49
55 68 57
55 69 36
56 0 27
56 2 57
56 3 48
56 4 62
56 5 37
56 6 9
56 7 33
56 8 32
56 9 47
56 10 38
56 11 20
56 12 26
56 13 11
56 14 10
56 17 35
56 19 24
56 20 65
56 21 49
56 22 23
56 23 14
56 25 28
56 26 29
56 27 43
56 28 0
56 29 45
56 30 61
56 31 63
56 32 67
56 33 3
56 34 68
56 35 60
56 36 39
56 38 4
56 39 5
56 41 50
56 42 6
56 44 15
56 45 25
56 46 40
56 47 19
56 48 59
56 49 16
56 50 46
56 51 34
56 52 55
56 53 41
56 54 51
56 58 66
56 59 22
56 60 56
56 61 13
56 63 8
56 64 18
56 65 17
56 66 44
56 67 7
56 69 21
57 0 20
57 1 28
57 2 62
57 3 14
57 4 60
57 5 19
57 6 34
57 7 40
57 8 59
57 9 15
57 10 22
57 11 33
57 14 53
57 15 31
57 16 44
57 17 8
57 18 47
57 19 17
57 20 39
57 21 37
57 22 26
57 23 52
57 24 21
57 26 30
57 29 6
57 30 7
57 31 35
57 33 55
57 34 56
57 35 2
57 37 61
57 39 43
57 40 9
57 41 25
57 42 67
57 43 65
57 44 38
57 46 27
57 47 1
57 48 23
57 49 58
57 51 68
57 52 3
57 53 45
57 54 16
57 55 29
57 56 51
57 57 66
57 58 50
57 61 12
57 62 4
57 63 69
57 64 5
57 65 49
57 66 41
57 68 0
57 69 32
58 0 63
58 1 66
58 2 31
58 3 52
58 4 25
58 5 3
58 6 15
58 7 6
58 8 58
58 9 61
58 10 59
58 11 11
58 12 50
58 13 30
58 14 32
58 15 67
58 16 51
58 17 22
58 18 64
58 19 45
58 20 41
58 21 18
58 22 60
58 25 39
58 26 13
58 27 44
58 28 28
58 29 24
58 30 29
58 31 17
58 32 40
58 33 1
58 34 33
58 36 37
58 37 68
58 38 14
58 41 46
58 44 8
58 46 62
58 47 16
58 48 65
58 49 43
58 50 4
58 51 36
58 52 0
58 53 57
58 54 54
58 55 27
58 56 69
58 57 21
58 59 26
58 60 10
58 61 20
58 63 47
58 64 48
58 65 7
58 67 53
58 68 42
58 69 5
59 1 43
59 2 13
59 3 26
59 4 30
59 5 63
59 6 56
59 8 9
59 9 8
59 10 62
59 11 65
59 12 55
59 13 10
59 14 18
59 15 16
59 16 36
59 17 33
59 18 41
59 19 52
59 22 64
59 23 1
59 24 46
59 25 47
59 26 50
59 27 69
59 30 11
59 31 28
59 33 38
59 34 58
59 36 59
59 37 19
59 39 44
59 40 2
59 41 5
59 42 4
59 44 12
59 45 29
59 46 45
59 47 15
59 48 39
59 50 22
59 51 21
59 52 7
59 53 20
59 55 35
59 58 57
59 59 27
59 61 23
59 62 34
59 63 66
59 65 40
59 66 3
59 67 68
59 68 37
59 69 0
60 0 9
60 1 16
60 2 43
60 3 17
60 4 7
60 5 60
60 7 13
60 9 54
60 10 32
60 11 53
60 12 1
60 14 14
60 15 65
60 16 12
60 17 62
60 18 29
60 19 48
60 21 45
60 22 30
60 23 18
60 25 11
60 26 36
60 27 3
60 28 19
60 29 27
60 30 25
60 32 4
60 33 20
60 34 69
60 35 63
60 36 41
60 39 24
60 40 26
60 41 31
60 42 59
60 44 58
60 46 15
60 47 68
60 48 55
60 49 47
60 50 5
60 51 22
60 53 2
60 54 44
60 56 23
60 57 10
60 59 0
60 60 6
60 61 35
60 62 64
60 63 61
60 65 34
60 66 8
60 67 28
60 68 39
60 69 49
61 0 5
61 1 20
61 2 11
61 3 1
61 4 9
61 5 32
61 6 51
61 7 4
61 8 56
61 9 49
61 10 13
61 11 6
61 12 60
61 13 37
61 15 66
61 16 65
61 17 50
61 18 38
61 19 64
61 23 28
61 24 35
61 27 0
61 28 48
61 29 25
61 30 42
61 31 46
61 32 15
61 33 2
61 34 26
61 36 12
61 37 7
61 38 62
61 40 43
61 42 10
61 44 18
61 46 19
61 47 34
61 48 3
61 49 41
61 50 47
61 51 55
61 52 57
61 54 14
61 55 53
61 57 24
61 58 45
61 59 39
61 60 69
61 62 33
61 63 17
61 64 58
61 66 23
61 68 36
61 69 44
62 0 25
62 2 30
62 6 8
62 7 35
62 8 21
62 9 58
62 10 56
62 11 31
62 13 53
62 15 64
62 16 60
62 18 33
62 19 36
62 20 15
62 21 41
62 22 16
62 23 10
62 24 40
62 25 49
62 26 24
62 27 47
62 28 34
62 30 63
62 31 1
62 32 27
62 33 61
62 35 29
62 36 28
62 37 54
62 39 65
62 40 57
62 41 22
62 42 43
62 43 7
62 44 48
62 45 4
62 46 6
62 47 39
62 48 66
62 49 14
62 50 3
62 52 59
62 54 0
62 55 42
62 57 46
62 58 23
62 59 62
62 60 67
62 61 9
62 62 52
62 63 50
62 64 38
62 65 37
62 66 68
62 68 17
62 69 20
63 0 34
63 1 9
63 3 49
63 4 6
63 5 24
63 7 64
63 8 20
63 9 31
63 11 25
63 12 67
63 14 62
63 15 48
63 16 5
63 17 38
63 18 56
63 19 19
63 20 55
63 21 35
63 22 36
63 23 3
63 24 8
63 27 61
63 28 2
63 31 11
63 32 54
63 33 44
63 34 41
63 35 23
63 36 52
63 37 57
63 38 40
63 39 53
63 40 50
63 41 10
63 42 29
63 43 27
63 44 47
63 45 59
63 46 37
63 48 16
63 49 0
63 50 14
63 51 15
63 52 30
63 54 12
63 55 26
63 56 46
63 57 60
63 58 28
63 59 17
63 62 65
63 63 7
63 65 68
63 66 32
63 67 21
63 68 58
63 69 13
64 0 29
64 1 34
64 4 55
64 6 67
64 7 63
64 9 51
64 11 17
64 12 69
64 14 24
64 15 45
64 16 42
64 17 57
64 18 8
64 19 2
64 20 47
64 21 15
64 23 25
64 25 12
64 26 27
64 27 11
64 28 23
64 29 36
64 30 64
64 31 37
64 32 44
64 35 21
64 36 38
64 37 16
64 38 13
64 40 49
64 41 28
64 42 3
64 43 40
64 44 6
64 46 31
64 47 53
64 48 7
64 49 46
64 50 59
64 51 56
64 53 68
64 54 1
64 55 33
64 56 54
64 57 61
64 58 19
64 59 65
64 61 60
64 63 18
64 64 52
64 65 35
64 66 26
64 67 66
64 68 22
65 0 64
65 1 22
65 2 63
65 3 65
65 4 27
65 5 42
65 6 41
65 7 68
65 8 44
65 9 46
65 11 4
65 13 45
65 14 28
65 15 10
65 17 37
65 18 1
65 19 20
65 20 0
65 21 19
65 22 5
65 23 53
65 24 6
65 26 16
65 27 30
65 28 40
65 29 49
65 30 2
65 33 11
65 34 21
65 35 39
65 36 58
65 37 36
65 38 9
65 39 18
65 40 12
65 41 24
65 42 26
65 43 13
65 44 14
65 45 52
65 47 69
65 48 50
65 50 57
65 51 8
65 53 35
65 54 34
65 58 47
65 59 32
65 60 15
65 61 62
65 62 23
65 64 17
65 65 59
65 66 33
65 67 51
65 68 60
65 69 3
66 0 44
66 2 40
66 3 2
66 4 31
66 5 26
66 6 63
66 7 1
66 8 53
66 9 60
66 10 29
66 11 34
66 13 54
66 14 58
66 15 32
66 16 46
66 17 20
66 18 27
66 19 65
66 20 6
66 21 62
66 22 49
66 24 17
66 26 59
66 27 9
66 28 36
66 29 16
66 30 13
66 31 30
66 34 50
66 36 68
66 37 55
66 38 21
66 39 35
66 40 25
66 41 67
66 43 38
66 44 0
66 46 57
66 47 51
66 48 28
66 49 11
66 50 24
66 51 7
66 52 47
66 53 39
66 54 56
66 55 43
66 56 5
66 57 64
66 60 48
66 61 4
66 62 3
66 66 15
66 68 14
67 0 33
67 2 55
67 3 64
67 5 5
67 6 69
67 7 44
67 8 61
67 9 66
67 10 10
67 11 14
67 12 52
67 14 16
67 15 21
67 16 67
67 17 0
67 18 23
67 19 47
67 21 30
67 22 38
67 23 60
67 25 41
67 26 3
67 27 7
67 29 65
67 30 15
67 31 13
67 32 35
67 33 6
67 34 49
67 35 8
67 36 45
67 37 46
67 38 24
67 39 28
67 40 37
67 41 4
67 42 20
67 44 51
67 45 63
67 46 1
67 47 29
67 49 2
67 50 34
67 51 31
67 52 9
67 53 18
67 54 42
67 56 43
67 58 25
67 59 19
67 60 39
67 61 22
67 62 58
67 63 26
67 64 54
67 66 56
67 68 48
68 0 4
68 1 41
68 2 65
68 3 54
68 4 48
68 5 49
68 6 12
68 7 23
68 8 22
68 9 35
68 10 36
68 14 20
68 18 25
68 19 33
68 20 11
68 21 9
68 22 66
68 24 3
68 25 68
68 26 26
68 27 16
68 28 52
68 29 56
68 31 24
68 32 45
68 33 69
68 34 8
68 35 62
68 36 15
68 37 60
68 38 50
68 39 47
68 41 13
68 42 55
68 43 5
68 44 30
68 46 32
68 47 58
68 48 29
68 49 21
68 50 51
68 52 18
68 53 31
68 58 53
68 59 67
68 60 27
68 61 17
68 62 46
68 63 10
68 68 2
68 69 57
69 0 3
69 1 31
69 3 40
69 6 66
69 8 11
69 9 45
69 10 20
69 11 29
69 12 21
69 13 16
69 14 46
69 15 34
69 16 49
69 17 18
69 18 30
69 19 39
69 20 57
69 21 23
69 22 55
69 23 37
69 24 0
69 25 17
69 26 58
69 27 64
69 29 42
69 31 47
69 32 50
69 33 13
69 35 36
69 36 8
69 38 10
69 39 2
69 40 24
69 41 53
69 42 28
69 43 48
69 46 52
69 47 27
69 48 56
69 49 7
69 51 12
69 53 25
69 55 44
69 56 33
69 57 14
69 58 35
69 59 68
69 60 26
69 61 65
69 62 60
69 64 22
69 65 9
69 66 4
69 67 32
69 68 5
69 69 19
