70
0 5 59
0 6 25
0 8 16
0 9 23
0 12 6
0 13 53
0 16 47
0 19 33
0 21 60
0 22 56
0 24 49
0 26 4
0 27 39
0 28 65
0 29 5
0 30 15
0 32 41
0 33 48
0 34 63
0 35 24
0 40 0
0 44 2
0 45 38
0 49 42
0 52 21
0 53 3
0 54 52
0 58 57
0 60 17
0 66 22
0 67 18
1 0 57
1 1 21
1 4 13
1 5 62
1 8 46
1 9 22
1 10 27
1 12 24
1 14 17
1 16 64
1 17 31
1 18 1
1 19 65
1 20 8
1 21 7
1 22 58
1 27 32
1 28 10
1 31 54
1 34 47
1 35 41
1 36 55
1 37 63
1 40 16
1 42 26
1 44 49
1 46 14
1 47 9
1 49 53
1 50 25
1 52 28
1 54 30
1 60 61
1 62 40
1 65 45
1 67 51
2 0 18
2 2 46
2 6 27
2 8 60
2 14 1
2 18 21
2 22 22
2 24 40
2 27 42
2 29 66
2 33 58
2 34 48
2 38 44
2 40 45
2 41 28
2 42 9
2 44 11
2 45 56
2 46 53
2 47 69
2 49 50
2 50 5
2 51 63
2 53 31
2 60 37
2 61 41
2 63 33
2 64 43
2 65 32
2 67 17
2 69 26
3 0 52
3 1 68
3 2 53
3 4 3
3 7 36
3 9 40
3 12 65
3 13 1
3 14 45
3 16 44
3 17 48
3 19 22
3 20 64
3 24 39
3 29 15
3 32 26
3 33 35
3 35 42
3 36 25
3 37 2
3 38 16
3 39 41
3 40 55
3 41 37
3 42 21
3 50 20
3 51 61
3 52 49
3 53 17
3 55 12
3 56 51
3 59 46
3 61 5
3 65 47
3 68 27
3 69 30
4 0 55
4 1 29
4 3 27
4 4 22
4 5 34
4 6 49
4 9 2
4 11 47
4 12 31
4 13 56
4 14 57
4 15 53
4 16 15
4 17 16
4 18 9
4 23 12
4 24 25
4 26 65
4 30 66
4 31 39
4 32 64
4 33 59
4 36 28
4 37 46
4 42 36
4 44 69
4 47 43
4 48 41
4 50 26
4 51 6
4 52 3
4 54 35
4 55 20
4 56 7
4 57 21
4 60 38
4 61 48
4 65 52
4 68 44
4 69 45
5 1 41
5 2 57
5 6 36
5 8 2
5 12 1
5 13 44
5 14 65
5 15 7
5 18 14
5 19 39
5 21 50
5 23 62
5 25 3
5 27 55
5 28 30
5 29 20
5 31 18
5 33 68
5 34 10
5 35 64
5 36 38
5 40 51
5 43 19
5 45 8
5 46 31
5 47 11
5 50 0
5 51 59
5 56 47
5 58 13
5 59 22
5 62 29
5 64 32
5 66 63
5 68 15
6 2 32
6 3 53
6 4 10
6 7 5
6 8 63
6 9 13
6 10 55
6 11 40
6 13 30
6 14 4
6 16 37
6 17 17
6 18 47
6 19 29
6 20 51
6 22 39
6 24 18
6 25 35
6 29 12
6 30 44
6 32 60
6 34 7
6 35 33
6 36 54
6 37 38
6 38 36
6 39 20
6 40 19
6 45 31
6 49 25
6 51 42
6 52 57
6 53 59
6 54 48
6 56 26
6 57 50
6 61 27
6 62 65
6 66 69
6 67 68
6 68 1
7 0 50
7 1 51
7 2 2
7 5 58
7 6 44
7 7 27
7 8 20
7 9 21
7 11 14
7 13 59
7 15 69
7 16 60
7 19 38
7 22 66
7 23 55
7 27 7
7 28 39
7 29 6
7 34 40
7 36 56
7 39 17
7 40 8
7 42 5
7 45 32
7 48 53
7 53 33
7 54 23
7 55 36
7 57 13
7 58 0
7 59 35
7 63 42
7 64 26
7 69 19
8 0 0
8 2 1
8 3 50
8 5 48
8 6 6
8 7 57
8 9 17
8 10 12
8 12 29
8 13 64
8 14 43
8 15 68
8 16 69
8 21 45
8 25 56
8 26 44
8 29 28
8 31 14
8 35 63
8 36 39
8 38 22
8 39 51
8 42 2
8 43 27
8 44 36
8 46 25
8 51 24
8 52 67
8 54 58
8 55 65
8 60 60
8 64 23
8 66 59
8 69 32
9 2 29
9 3 63
9 5 21
9 7 61
9 8 67
9 9 38
9 11 15
9 13 3
9 17 5
9 18 30
9 19 34
9 21 66
9 22 10
9 23 56
9 24 8
9 25 68
9 26 54
9 28 1
9 31 59
9 32 13
9 36 31
9 38 4
9 40 22
9 41 27
9 43 33
9 44 20
9 45 65
9 47 60
9 50 39
9 51 55
9 52 9
9 53 32
9 55 18
9 56 40
9 58 50
9 60 35
9 61 16
9 62 43
9 63 48
9 65 62
9 66 46
9 67 26
9 69 2
10 0 58
10 1 42
10 2 36
10 4 12
10 5 67
10 6 30
10 8 47
10 9 28
10 14 33
10 15 65
10 16 46
10 17 15
10 19 21
10 20 4
10 22 11
10 24 60
10 26 59
10 27 54
10 29 8
10 32 2
10 36 26
10 38 10
10 40 44
10 42 3
10 43 1
10 47 37
10 49 57
10 50 45
10 51 66
10 56 25
10 57 19
10 61 18
10 63 38
10 64 62
10 65 14
10 67 27
10 68 69
11 0 44
11 2 31
11 3 22
11 4 62
11 7 10
11 8 3
11 9 54
11 12 46
11 14 34
11 15 14
11 16 32
11 18 39
11 20 56
11 21 33
11 22 26
11 23 15
11 24 37
11 25 25
11 27 43
11 30 64
11 31 58
11 32 8
11 33 4
11 34 61
11 36 17
11 40 48
11 42 49
11 43 67
11 45 29
11 46 6
11 48 66
11 49 38
11 51 47
11 55 1
11 57 18
11 58 30
11 62 63
11 63 52
11 67 5
12 0 64
12 2 25
12 5 40
12 6 33
12 9 35
12 11 59
12 15 24
12 16 54
12 17 66
12 18 37
12 22 4
12 23 26
12 24 31
12 26 16
12 29 62
12 33 10
12 36 58
12 37 36
12 40 61
12 41 23
12 43 47
12 44 28
12 45 43
12 48 0
12 49 13
12 53 5
12 54 51
12 55 49
12 56 27
12 57 30
12 58 48
12 59 17
12 60 8
12 65 15
12 68 50
13 2 60
13 3 64
13 5 25
13 7 16
13 9 63
13 11 44
13 12 26
13 13 18
13 15 45
13 16 56
13 18 67
13 23 54
13 24 61
13 27 6
13 29 68
13 32 53
13 33 66
13 35 58
13 36 36
13 40 38
13 43 13
13 44 32
13 53 8
13 54 7
13 59 11
13 61 42
13 66 21
13 68 65
13 69 9
14 1 63
14 3 13
14 5 30
14 7 51
14 8 54
14 11 2
14 16 59
14 17 19
14 18 65
14 19 14
14 20 47
14 25 42
14 26 33
14 31 66
14 33 23
14 34 67
14 35 53
14 37 1
14 40 50
14 42 52
14 46 40
14 49 26
14 50 37
14 54 38
14 55 57
14 56 11
14 59 60
14 60 0
14 65 39
14 67 64
14 68 31
15 1 0
15 3 18
15 7 41
15 9 68
15 13 32
15 14 54
15 16 61
15 18 56
15 26 50
15 27 5
15 29 22
15 30 8
15 31 1
15 33 27
15 34 66
15 35 11
15 36 65
15 38 62
15 43 15
15 46 42
15 48 23
15 52 60
15 53 67
15 56 6
15 57 48
15 61 29
15 62 2
15 64 19
15 66 49
15 68 63
15 69 43
16 1 50
16 2 11
16 3 2
16 9 43
16 13 6
16 14 12
16 15 18
16 16 41
16 20 9
16 21 48
16 22 49
16 23 65
16 26 36
16 27 59
16 28 27
16 29 57
16 34 38
16 38 13
16 41 69
16 43 5
16 44 37
16 45 14
16 49 62
16 50 58
16 52 20
16 62 46
16 63 64
16 64 42
16 65 61
16 66 44
16 68 26
16 69 7
17 0 63
17 1 53
17 3 21
17 6 0
17 7 18
17 8 59
17 9 56
17 11 10
17 14 69
17 15 23
17 16 52
17 19 36
17 21 37
17 22 6
17 24 33
17 26 1
17 27 3
17 30 9
17 31 40
17 32 48
17 33 5
17 34 28
17 35 57
17 37 65
17 39 47
17 42 25
17 43 22
17 44 29
17 47 2
17 49 68
17 53 35
17 55 45
17 56 42
17 57 44
17 59 14
17 60 64
17 64 31
17 66 55
17 68 13
18 1 55
18 2 63
18 3 34
18 4 47
18 6 2
18 7 6
18 8 36
18 9 32
18 10 57
18 11 33
18 12 61
18 13 65
18 14 22
18 15 11
18 17 3
18 22 16
18 23 18
18 26 37
18 27 66
18 29 30
18 32 28
18 33 43
18 37 13
18 40 67
18 41 31
18 44 5
18 45 9
18 46 58
18 48 20
18 50 64
18 51 45
18 52 59
18 53 62
18 56 41
18 57 25
18 58 24
18 61 8
18 62 53
19 0 65
19 1 36
19 4 11
19 7 54
19 8 5
19 11 35
19 15 67
19 17 28
19 20 15
19 21 64
19 22 32
19 25 10
19 28 61
19 30 38
19 35 0
19 41 47
19 43 63
19 50 43
19 51 49
19 52 1
19 57 62
19 58 59
19 60 44
19 62 69
19 64 60
19 65 40
19 67 6
19 68 25
19 69 17
20 0 60
20 1 66
20 2 54
20 5 69
20 10 15
20 12 55
20 14 47
20 16 29
20 17 14
20 20 19
20 21 21
20 22 67
20 23 58
20 24 23
20 25 11
20 26 53
20 32 31
20 35 56
20 36 8
20 37 37
20 38 68
20 46 64
20 47 34
20 49 48
20 51 33
20 52 36
20 53 0
20 54 61
20 59 44
20 61 49
20 62 4
20 63 3
20 64 52
20 65 26
21 4 16
21 6 13
21 7 47
21 14 5
21 15 35
21 18 33
21 19 12
21 20 32
21 21 4
21 22 61
21 24 10
21 26 48
21 28 9
21 29 55
21 30 36
21 31 65
21 32 40
21 33 38
21 34 64
21 36 18
21 37 21
21 38 7
21 40 14
21 42 19
21 45 57
21 46 54
21 48 63
21 53 24
21 54 45
21 56 8
21 61 25
21 62 59
21 63 37
21 64 28
21 66 41
21 69 68
22 0 38
22 1 45
22 9 16
22 10 40
22 14 50
22 15 49
22 19 26
22 20 55
22 21 12
22 22 36
22 23 61
22 24 9
22 26 41
22 28 15
22 31 22
22 32 44
22 33 62
22 37 29
22 38 5
22 39 43
22 41 48
22 42 54
22 44 53
22 46 13
22 51 51
22 53 25
22 54 18
22 59 0
22 60 21
22 64 30
22 65 42
22 68 10
22 69 69
23 2 3
23 3 7
23 5 28
23 6 59
23 7 42
23 11 34
23 16 51
23 17 39
23 21 32
23 25 8
23 27 41
23 29 2
23 31 20
23 37 47
23 39 19
23 42 12
23 45 16
23 46 50
23 48 54
23 49 22
23 54 49
23 55 15
23 58 26
23 63 14
23 64 48
23 66 67
23 68 62
24 2 51
24 3 67
24 4 66
24 5 50
24 6 61
24 9 24
24 10 33
24 12 14
24 13 58
24 14 48
24 15 34
24 16 30
24 17 44
24 19 63
24 21 20
24 24 2
24 26 3
24 27 29
24 36 60
24 39 0
24 40 5
24 41 64
24 44 8
24 45 37
24 47 4
24 52 12
24 54 10
24 56 45
24 57 57
24 58 54
24 59 43
24 60 59
24 61 1
24 62 13
24 63 68
24 64 35
24 66 28
24 67 42
24 68 16
24 69 53
25 1 8
25 2 40
25 5 4
25 9 44
25 10 28
25 11 19
25 15 30
25 18 5
25 20 45
25 22 59
25 23 21
25 24 46
25 29 42
25 30 14
25 31 23
25 32 58
25 33 7
25 34 18
25 35 1
25 36 27
25 39 64
25 40 41
25 41 12
25 42 32
25 44 26
25 48 47
25 49 43
25 50 49
25 51 16
25 53 56
25 54 68
25 58 20
25 63 6
25 65 29
25 68 57
26 0 28
26 2 35
26 4 68
26 5 66
26 7 33
26 10 43
26 13 23
26 14 41
26 15 47
26 16 31
26 18 32
26 20 59
26 21 26
26 24 1
26 25 37
26 26 39
26 27 53
26 29 44
26 31 51
26 32 54
26 34 13
26 39 34
26 42 69
26 44 25
26 45 60
26 46 20
26 48 22
26 50 12
26 51 57
26 56 3
26 59 50
26 62 0
26 63 27
26 65 9
26 66 61
26 67 29
26 68 38
26 69 21
27 0 41
27 1 15
27 4 8
27 5 31
27 6 17
27 7 24
27 8 64
27 11 46
27 12 62
27 14 36
27 16 0
27 17 26
27 21 67
27 23 43
27 26 47
27 28 60
27 29 45
27 30 10
27 31 63
27 33 14
27 34 25
27 35 9
27 36 22
27 38 58
27 39 30
27 42 27
27 45 2
27 46 37
27 48 55
27 49 51
27 50 18
27 51 13
27 52 19
27 58 1
27 60 66
27 61 4
27 62 54
27 63 69
27 64 11
27 65 38
27 66 35
27 68 49
28 0 21
28 1 57
28 2 4
28 11 69
28 12 30
28 14 9
28 15 56
28 18 46
28 19 66
28 20 10
28 22 27
28 23 13
28 29 19
28 30 22
28 33 42
28 35 29
28 37 31
28 39 24
28 40 43
28 42 17
28 46 23
28 47 54
28 48 40
28 50 65
28 51 1
28 53 15
28 56 33
28 63 61
29 2 7
29 6 22
29 7 21
29 8 13
29 9 64
29 10 37
29 12 44
29 13 49
29 14 11
29 22 47
29 27 20
29 28 18
29 31 10
29 32 29
29 34 50
29 35 34
29 37 27
29 39 52
29 40 2
29 42 59
29 43 43
29 44 6
29 45 67
29 49 14
29 50 68
29 51 35
29 52 40
29 54 55
29 57 23
29 60 1
29 63 53
29 64 25
29 67 4
29 68 24
29 69 51
30 0 49
30 1 30
30 3 61
30 4 21
30 5 44
30 6 40
30 7 60
30 8 7
30 9 3
30 11 57
30 12 64
30 14 19
30 16 42
30 17 20
30 21 22
30 22 1
30 23 0
30 24 54
30 25 53
30 27 69
30 28 8
30 29 43
30 30 24
30 31 45
30 32 63
30 36 68
30 39 6
30 41 50
30 44 62
30 46 59
30 48 52
30 49 15
30 50 35
30 53 34
30 58 12
30 59 65
30 60 26
30 63 51
30 65 33
30 67 25
31 1 4
31 3 68
31 4 50
31 5 16
31 6 35
31 10 17
31 12 32
31 13 2
31 15 44
31 19 10
31 22 69
31 25 21
31 30 61
31 32 20
31 34 29
31 36 37
31 37 40
31 38 39
31 39 58
31 42 47
31 43 51
31 44 14
31 46 57
31 47 49
31 48 45
31 49 8
31 50 62
31 51 22
31 53 30
31 56 43
31 58 46
31 59 23
31 61 13
31 62 64
31 64 18
31 65 28
31 67 60
32 2 6
32 5 32
32 8 33
32 9 5
32 10 21
32 12 10
32 13 13
32 18 48
32 23 16
32 25 4
32 27 68
32 32 57
32 33 41
32 34 53
32 35 15
32 39 27
32 43 40
32 45 1
32 46 30
32 47 58
32 49 56
32 50 55
32 52 29
32 53 51
32 58 14
32 60 24
32 61 0
32 62 52
32 63 65
32 64 67
32 66 50
32 67 59
32 69 64
33 0 53
33 3 25
33 4 17
33 5 47
33 7 1
33 8 0
33 9 41
33 10 6
33 12 45
33 14 8
33 15 57
33 18 3
33 19 62
33 20 63
33 21 14
33 22 5
33 23 10
33 27 38
33 28 44
33 33 32
33 34 20
33 35 27
33 36 43
33 44 24
33 47 50
33 51 31
33 52 68
33 54 33
33 55 30
33 56 13
33 58 64
33 61 37
33 62 51
33 64 9
33 65 18
33 68 2
34 1 33
34 2 23
34 5 63
34 6 14
34 8 31
34 9 57
34 10 45
34 11 37
34 12 41
34 13 8
34 15 6
34 17 69
34 24 62
34 27 56
34 29 47
34 31 4
34 35 60
34 38 27
34 40 1
34 41 5
34 46 67
34 52 2
34 55 59
34 57 15
34 58 11
34 59 9
34 66 64
34 67 24
34 68 32
35 2 13
35 3 46
35 5 35
35 6 60
35 7 43
35 10 34
35 11 27
35 12 57
35 16 63
35 17 65
35 18 62
35 19 37
35 23 8
35 24 32
35 25 69
35 30 19
35 31 61
35 33 12
35 37 10
35 38 54
35 39 4
35 41 1
35 43 58
35 45 50
35 46 48
35 49 7
35 51 15
35 52 47
35 54 3
35 55 64
35 57 16
35 58 31
35 60 29
35 62 36
35 63 9
35 65 51
35 66 52
35 68 56
35 69 59
36 2 22
36 4 49
36 6 48
36 7 63
36 16 50
36 18 38
36 19 9
36 20 57
36 24 29
36 25 2
36 26 56
36 27 10
36 31 0
36 32 17
36 35 32
36 36 6
36 37 61
36 40 12
36 42 44
36 47 8
36 49 47
36 51 69
36 52 58
36 57 60
36 60 65
36 61 14
36 62 18
36 68 4
37 1 10
37 3 62
37 4 48
37 5 8
37 6 55
37 8 42
37 9 4
37 12 33
37 14 2
37 20 30
37 22 64
37 24 12
37 25 18
37 31 44
37 33 49
37 36 47
37 38 17
37 39 35
37 40 7
37 41 67
37 42 20
37 48 57
37 49 40
37 50 69
37 51 36
37 52 63
37 60 27
37 61 52
37 63 31
37 64 24
37 65 41
37 67 66
37 68 3
38 0 9
38 1 37
38 2 0
38 10 8
38 11 28
38 14 62
38 15 39
38 16 27
38 18 31
38 19 18
38 23 48
38 24 64
38 25 59
38 26 6
38 27 26
38 28 52
38 30 42
38 33 2
38 35 65
38 36 23
38 38 25
38 39 3
38 42 50
38 44 12
38 45 45
38 51 56
38 55 69
38 59 49
38 62 14
38 64 68
38 67 46
39 0 69
39 1 44
39 6 29
39 10 68
39 12 23
39 13 38
39 15 8
39 18 19
39 26 61
39 27 1
39 28 64
39 29 50
39 32 27
39 33 20
39 34 46
39 36 15
39 37 43
39 43 18
39 44 9
39 45 22
39 47 42
39 48 36
39 49 37
39 50 32
39 51 4
39 52 0
39 54 67
39 56 17
39 59 58
39 60 57
39 61 63
39 66 16
39 68 54
40 0 66
40 1 59
40 2 19
40 4 51
40 7 35
40 12 42
40 17 2
40 20 43
40 21 55
40 22 9
40 24 15
40 25 67
40 26 49
40 27 4
40 30 57
40 33 34
40 34 60
40 37 28
40 38 6
40 42 22
40 44 40
40 48 38
40 53 29
40 54 36
40 55 50
40 61 65
40 63 18
40 66 39
40 67 58
40 68 0
41 0 62
41 1 13
41 5 14
41 6 38
41 7 8
41 9 46
41 12 15
41 17 25
41 18 26
41 20 35
41 23 37
41 27 60
41 28 6
41 29 61
41 31 2
41 35 22
41 36 48
41 37 19
41 40 21
41 41 65
41 42 10
41 43 4
41 44 55
41 45 53
41 47 23
41 48 44
41 49 41
41 52 24
41 57 33
41 59 56
41 60 11
41 61 7
41 64 29
41 66 45
41 67 47
41 69 39
42 1 14
42 3 0
42 10 46
42 12 59
42 13 12
42 17 32
42 19 8
42 24 45
42 25 49
42 31 60
42 32 67
42 33 25
42 34 31
42 39 57
42 46 29
42 49 27
42 53 55
42 58 21
42 59 41
42 67 1
42 69 3
43 0 56
43 1 40
43 2 45
43 3 5
43 5 60
43 6 18
43 7 17
43 10 26
43 12 38
43 14 13
43 16 34
43 17 22
43 21 42
43 23 67
43 24 47
43 25 57
43 27 9
43 28 59
43 30 58
43 31 32
43 33 51
43 34 69
43 37 20
43 39 63
43 40 27
43 43 28
43 44 30
43 45 41
43 46 10
43 48 35
43 49 54
43 51 64
43 52 62
43 53 6
43 54 11
43 58 33
43 61 53
43 62 50
43 63 0
43 64 66
43 67 36
43 68 29
44 0 46
44 1 67
44 2 21
44 3 38
44 6 64
44 7 48
44 8 58
44 9 31
44 10 25
44 11 41
44 13 51
44 15 0
44 17 11
44 23 36
44 26 14
44 30 28
44 36 24
44 37 17
44 39 49
44 41 66
44 42 43
44 46 45
44 48 65
44 49 59
44 50 33
44 55 4
44 57 2
44 60 5
44 61 57
44 62 44
44 65 6
44 69 40
45 1 3
45 3 4
45 4 43
45 6 10
45 9 6
45 12 25
45 13 63
45 14 46
45 15 2
45 17 49
45 18 44
45 19 58
45 24 21
45 26 13
45 27 52
45 31 33
45 32 45
45 33 16
45 34 24
45 37 67
45 38 51
45 39 5
45 41 60
45 42 62
45 43 68
45 44 59
45 46 47
45 48 8
45 49 23
45 52 41
45 53 28
45 54 50
45 55 19
45 56 48
45 57 64
45 61 12
45 62 7
45 64 38
45 66 29
45 67 56
45 68 35
46 0 37
46 1 19
46 3 20
46 5 65
46 7 22
46 8 57
46 9 60
46 13 15
46 14 49
46 15 58
46 16 25
46 19 54
46 23 6
46 24 48
46 25 26
46 27 47
46 29 23
46 30 21
46 34 3
46 36 13
46 38 46
46 41 52
46 44 67
46 45 61
46 46 39
46 47 12
46 49 64
46 50 8
46 52 51
46 56 14
46 59 59
46 61 35
46 62 45
46 64 69
46 67 0
46 68 66
47 0 7
47 1 12
47 2 64
47 4 59
47 5 42
47 6 26
47 7 13
47 8 4
47 11 61
47 12 58
47 16 35
47 17 29
47 18 20
47 19 43
47 25 48
47 26 25
47 27 57
47 28 56
47 29 49
47 36 40
47 38 37
47 43 45
47 44 66
47 45 69
47 47 53
47 51 11
47 52 18
47 53 47
47 57 32
47 62 24
47 63 28
47 65 2
47 66 8
48 0 47
48 1 23
48 2 48
48 3 49
48 5 22
48 6 1
48 7 53
48 19 67
48 20 24
48 22 30
48 23 59
48 24 13
48 26 63
48 28 58
48 29 36
48 32 0
48 33 64
48 37 35
48 38 2
48 40 29
48 42 57
48 46 16
48 49 4
48 53 10
48 54 20
48 56 9
48 57 56
48 58 43
48 62 42
48 63 40
48 64 12
48 69 65
49 1 47
49 2 20
49 4 26
49 6 9
49 7 14
49 8 56
49 11 5
49 12 3
49 13 0
49 14 59
49 15 4
49 16 33
49 17 61
49 19 30
49 20 17
49 25 52
49 28 67
49 30 18
49 32 50
49 33 46
49 35 38
49 38 55
49 40 65
49 41 40
49 43 24
49 44 68
49 45 13
49 46 12
49 49 31
49 50 63
49 51 29
49 53 44
49 57 35
49 58 27
49 59 19
49 60 15
49 61 39
49 63 32
49 66 7
49 67 23
49 68 36
49 69 49
50 0 42
50 3 33
50 5 53
50 6 56
50 9 49
50 10 54
50 11 3
50 13 37
50 20 28
50 21 62
50 25 47
50 26 34
50 27 11
50 29 0
50 32 68
50 35 31
50 37 5
50 38 65
50 42 45
50 43 38
50 44 17
50 46 44
50 50 24
50 52 69
50 53 26
50 54 22
50 56 4
50 59 64
50 60 7
50 61 40
50 63 41
50 65 19
50 67 10
50 68 23
50 69 16
51 1 7
51 5 36
51 7 26
51 10 44
51 12 53
51 14 51
51 16 43
51 17 41
51 19 17
51 20 66
51 21 61
51 23 11
51 24 63
51 30 27
51 32 46
51 37 59
51 38 31
51 39 67
51 40 62
51 44 15
51 48 24
51 50 57
51 51 9
51 53 40
51 54 64
51 55 37
51 56 28
51 57 10
51 58 60
51 59 3
51 63 5
51 64 55
51 67 35
51 68 18
51 69 58
52 0 13
52 2 50
52 3 30
52 4 65
52 6 47
52 8 41
52 9 8
52 10 53
52 12 12
52 14 29
52 15 43
52 18 66
52 21 69
52 22 23
52 23 2
52 26 26
52 27 19
52 29 64
52 31 42
52 33 17
52 35 25
52 38 60
52 39 16
52 41 10
52 42 4
52 43 35
52 45 39
52 46 52
52 47 36
52 49 28
52 50 15
52 52 38
52 54 27
52 55 51
52 56 49
52 58 32
52 59 37
52 60 20
52 65 24
52 66 31
52 67 11
52 68 55
52 69 22
53 4 37
53 5 38
53 6 42
53 8 18
53 10 63
53 13 29
53 17 43
53 21 51
53 23 4
53 24 67
53 25 0
53 27 2
53 28 66
53 29 13
53 31 25
53 32 59
53 33 55
53 37 23
53 39 62
53 41 35
53 44 50
53 46 26
53 47 44
53 50 14
53 51 54
53 53 21
53 54 8
53 57 49
53 58 47
53 59 27
53 61 28
53 62 9
53 63 1
53 65 31
53 68 17
53 69 33
54 0 29
54 1 39
54 2 47
54 3 66
54 4 56
54 5 17
54 7 62
54 14 16
54 20 0
54 22 2
54 24 41
54 25 7
54 27 28
54 29 18
54 33 37
54 34 44
54 35 61
54 36 9
54 38 12
54 40 59
54 41 19
54 43 23
54 44 51
54 45 33
54 46 55
54 48 42
54 49 3
54 51 21
54 52 26
54 53 58
54 54 63
54 55 35
54 56 53
54 64 14
54 67 8
54 68 40
55 0 40
55 1 65
55 6 50
55 9 10
55 14 42
55 15 63
55 20 39
55 21 6
55 24 59
55 26 43
55 27 30
55 28 31
55 29 46
55 31 9
55 32 69
55 33 19
55 37 15
55 40 58
55 43 56
55 44 38
55 45 23
55 46 18
55 55 8
55 56 64
55 59 4
55 60 54
55 64 37
55 65 3
55 66 66
55 69 24
56 0 54
56 2 67
56 7 15
56 8 69
56 10 62
56 11 45
56 13 5
56 15 48
56 16 23
56 17 33
56 19 3
56 20 26
56 21 39
56 23 63
56 26 8
56 30 34
56 31 49
56 33 0
56 34 21
56 35 36
56 39 61
56 40 35
56 42 58
56 44 46
56 47 13
56 50 28
56 54 41
56 56 50
56 58 51
56 59 6
56 62 1
56 63 56
56 64 47
57 0 11
57 3 40
57 8 48
57 9 62
57 11 68
57 15 21
57 16 24
57 19 28
57 20 14
57 22 8
57 24 43
57 26 22
57 30 56
57 33 53
57 34 9
57 35 17
57 36 35
57 37 42
57 38 3
57 40 39
57 42 51
57 43 57
57 46 65
57 48 13
57 52 7
57 55 26
57 56 36
57 58 41
57 59 30
57 61 59
57 63 10
57 64 2
57 65 5
57 66 18
57 67 15
58 0 59
58 1 34
58 7 25
58 8 51
58 9 30
58 12 2
58 16 20
58 17 7
58 19 0
58 20 13
58 21 29
58 22 62
58 24 22
58 27 65
58 29 58
58 31 69
58 33 36
58 38 53
58 40 46
58 43 61
58 44 45
58 47 31
58 49 21
58 50 42
58 51 43
58 54 9
58 57 41
58 58 35
58 59 10
58 61 26
58 62 38
58 64 39
59 1 64
59 4 2
59 7 65
59 9 67
59 10 32
59 12 43
59 16 21
59 17 62
59 19 16
59 20 27
59 22 12
59 23 41
59 24 24
59 25 66
59 26 45
59 27 0
59 28 7
59 31 47
59 32 3
59 33 44
59 34 11
59 38 69
59 39 25
59 41 18
59 42 1
59 43 55
59 44 63
59 46 36
59 47 39
59 49 10
59 53 54
59 54 59
59 55 42
59 56 38
59 57 6
59 58 29
59 61 56
59 66 57
59 69 13
60 0 45
60 2 55
60 7 28
60 8 10
60 10 60
60 12 4
60 14 31
60 15 5
60 17 64
60 18 36
60 20 41
60 21 46
60 22 53
60 25 58
60 26 42
60 27 34
60 30 54
60 31 12
60 32 9
60 33 50
60 34 51
60 36 0
60 39 37
60 40 63
60 44 33
60 47 15
60 48 14
60 49 65
60 50 67
60 53 43
60 55 13
60 56 57
60 57 29
60 58 44
60 59 48
60 60 49
60 62 68
60 63 8
60 64 1
60 65 25
61 3 6
61 6 46
61 7 11
61 9 51
61 11 58
61 12 39
61 13 47
61 17 63
61 18 64
61 20 52
61 21 44
61 23 68
61 24 28
61 25 14
61 28 54
61 29 60
61 30 43
61 31 36
61 32 10
61 33 40
61 34 2
61 35 37
61 37 41
61 40 56
61 41 29
61 44 4
61 45 21
61 47 0
61 48 18
61 50 3
61 57 31
61 58 61
61 59 24
61 60 23
61 61 45
61 62 27
61 63 17
61 64 49
61 65 8
61 66 53
61 68 7
61 69 55
62 0 17
62 2 52
62 4 63
62 5 43
62 8 61
62 9 66
62 11 7
62 12 68
62 13 62
62 22 29
62 23 14
62 24 20
62 27 36
62 28 21
62 34 6
62 35 69
62 37 60
62 39 28
62 40 53
62 41 2
62 44 42
62 45 10
62 47 35
62 49 67
62 50 54
62 51 0
62 55 41
62 58 40
62 59 18
62 60 51
62 61 33
62 62 23
62 67 50
62 69 1
63 0 8
63 1 43
63 2 66
63 6 28
63 7 7
63 8 29
63 9 52
63 13 11
63 14 35
63 16 3
63 17 56
63 20 48
63 21 24
63 22 41
63 23 23
63 26 10
63 27 58
63 28 69
63 34 37
63 35 45
63 36 59
63 38 42
63 39 14
63 40 47
63 41 44
63 42 0
63 47 32
63 48 12
63 51 25
63 56 65
63 58 68
63 61 51
63 63 30
63 64 40
63 66 62
63 68 21
63 69 20
64 0 23
64 2 24
64 3 57
64 4 28
64 6 43
64 8 65
64 9 26
64 10 11
64 12 54
64 13 34
64 14 55
64 16 7
64 18 12
64 22 18
64 23 35
64 24 58
64 25 46
64 26 40
64 29 3
64 33 9
64 34 8
64 37 48
64 40 64
64 41 17
64 42 61
64 43 31
64 45 59
64 49 63
64 50 19
64 52 53
64 54 32
64 58 5
64 64 0
65 0 1
65 1 20
65 2 41
65 4 9
65 5 39
65 6 65
65 7 56
65 8 50
65 9 27
65 12 66
65 14 0
65 15 17
65 16 8
65 19 44
65 20 29
65 21 3
65 23 34
65 26 28
65 27 67
65 30 16
65 32 37
65 36 64
65 41 30
65 43 42
65 45 55
65 46 63
65 48 25
65 52 31
65 54 14
65 55 54
65 56 58
65 58 15
65 59 33
65 60 69
65 61 38
65 62 47
65 63 49
65 67 2
65 68 43
65 69 5
66 2 18
66 4 27
66 5 23
66 6 20
66 8 55
66 9 37
66 13 22
66 16 67
66 18 61
66 19 15
66 20 68
66 21 63
66 24 14
66 25 62
66 26 58
66 27 17
66 29 10
66 32 39
66 35 5
66 36 69
66 38 1
66 39 7
66 42 66
66 43 9
66 45 6
66 46 46
66 47 56
66 48 51
66 51 52
66 52 45
66 53 65
66 54 25
66 55 29
66 59 21
66 60 42
66 61 60
66 62 26
66 64 44
66 65 57
66 66 0
67 0 16
67 1 52
67 3 60
67 4 64
67 6 5
67 7 58
67 8 38
67 9 11
67 10 3
67 12 27
67 13 35
67 14 63
67 15 61
67 17 12
67 18 49
67 20 18
67 21 31
67 22 42
67 24 50
67 25 13
67 27 46
67 30 0
67 34 36
67 36 53
67 39 15
67 40 57
67 46 32
67 53 48
67 57 14
67 60 45
67 62 41
67 65 23
67 66 54
67 67 40
67 69 29
68 0 2
68 4 29
68 5 41
68 10 69
68 11 9
68 13 66
68 15 10
68 16 17
68 17 60
68 18 0
68 20 44
68 21 53
68 23 33
68 27 61
68 29 24
68 34 12
68 40 34
68 43 64
68 44 22
68 47 25
68 48 58
68 49 52
68 52 14
68 53 45
68 59 63
68 60 47
68 65 16
68 66 15
68 67 48
68 69 8
69 0 4
69 4 0
69 6 66
69 9 45
69 11 12
69 12 50
69 16 19
69 17 18
69 23 20
69 24 42
69 26 51
69 27 33
69 28 47
69 31 52
69 37 6
69 38 32
69 39 29
69 41 14
69 43 7
69 45 5
69 46 8
69 50 56
69 52 10
69 54 2
69 55 25
69 57 28
69 60 68
69 62 67
69 64 22
69 66 24
69 67 65
69 68 11
