70
0 2 5
0 3 43
0 4 14
0 6 45
0 7 29
0 8 64
0 9 15
0 10 35
0 11 40
0 13 18
0 15 53
0 16 41
0 17 4
0 19 63
0 21 21
0 22 36
0 24 69
0 25 13
0 27 33
0 28 6
0 29 48
0 30 50
0 32 28
0 34 34
0 36 66
0 37 56
0 38 30
0 40 9
0 41 38
0 42 3
0 43 61
0 44 39
0 45 17
0 46 44
0 47 32
0 48 52
0 49 26
0 51 10
0 52 37
0 53 62
0 54 1
0 56 60
0 58 2
0 59 7
0 60 65
0 61 31
0 65 22
0 67 19
0 68 54
0 69 59
1 0 9
1 2 30
1 4 63
1 6 18
1 7 8
1 8 16
1 9 28
1 12 15
1 13 49
1 14 48
1 15 57
1 16 43
1 17 52
1 20 0
1 21 24
1 22 50
1 23 20
1 24 55
1 25 26
1 26 21
1 27 11
1 28 39
1 29 61
1 30 59
1 31 25
1 34 31
1 35 19
1 36 69
1 37 32
1 38 22
1 40 46
1 41 40
1 43 54
1 44 51
1 45 3
1 46 53
1 47 62
1 48 65
1 50 14
1 51 67
1 52 29
1 53 37
1 55 36
1 56 5
1 58 56
1 60 60
1 61 35
1 64 33
1 67 13
1 68 47
1 69 12
2 0 4
2 1 3
2 2 31
2 3 45
2 4 52
2 7 26
2 10 55
2 11 34
2 12 47
2 15 66
2 16 32
2 17 33
2 19 29
2 20 36
2 21 61
2 22 30
2 23 16
2 24 10
2 25 22
2 26 62
2 30 44
2 31 48
2 34 15
2 39 43
2 40 13
2 41 1
2 42 8
2 43 60
2 44 12
2 45 46
2 47 53
2 48 38
2 49 11
2 51 64
2 53 51
2 54 67
2 55 5
2 57 50
2 58 28
2 60 69
2 61 59
2 62 24
2 63 42
2 65 63
2 66 57
2 67 9
2 69 41
3 0 31
3 1 47
3 2 50
3 4 0
3 5 62
3 6 19
3 7 58
3 9 46
3 11 7
3 12 43
3 13 27
3 14 24
3 15 33
3 17 38
3 18 34
3 22 40
3 26 20
3 27 15
3 28 25
3 29 5
3 31 23
3 32 65
3 33 3
3 34 35
3 36 53
3 37 59
3 38 64
3 39 49
3 41 2
3 43 63
3 44 13
3 49 22
3 51 21
3 56 48
3 57 6
3 59 60
3 60 18
3 61 54
3 62 16
3 63 4
3 64 39
3 65 45
3 67 56
3 68 36
4 0 7
4 1 50
4 3 54
4 4 16
4 5 31
4 6 6
4 8 9
4 9 36
4 11 56
4 12 42
4 13 60
4 14 67
4 16 5
4 17 0
4 19 55
4 20 68
4 21 45
4 22 37
4 23 59
4 24 35
4 25 39
4 27 66
4 28 26
4 29 43
4 30 49
4 32 40
4 33 18
4 34 8
4 35 21
4 36 47
4 37 24
4 38 69
4 39 28
4 40 53
4 41 10
4 42 61
4 43 30
4 45 4
4 47 57
4 48 12
4 49 14
4 50 19
4 51 11
4 52 33
4 54 48
4 55 25
4 56 22
4 57 63
4 58 29
4 60 41
4 62 38
4 63 1
4 64 51
4 65 32
4 66 65
4 67 17
4 68 20
4 69 2
5 0 56
5 1 13
5 4 32
5 5 26
5 7 42
5 9 50
5 11 62
5 12 20
5 16 1
5 17 51
5 19 59
5 20 21
5 21 7
5 23 3
5 24 4
5 25 54
5 26 28
5 27 25
5 28 10
5 29 64
5 30 45
5 34 61
5 37 46
5 38 63
5 39 66
5 40 31
5 41 43
5 42 69
5 43 36
5 44 37
5 45 67
5 46 68
5 47 38
5 50 65
5 52 34
5 53 47
5 54 44
5 55 29
5 57 48
5 58 39
5 59 40
5 61 27
5 62 0
5 63 23
5 64 55
5 65 9
5 66 18
5 67 53
5 68 6
5 69 17
6 2 17
6 3 47
6 4 67
6 5 34
6 6 52
6 7 27
6 8 21
6 10 11
6 14 69
6 15 65
6 16 35
6 17 20
6 19 56
6 21 54
6 22 28
6 26 38
6 27 49
6 28 29
6 29 60
6 30 23
6 31 40
6 32 15
6 34 66
6 35 14
6 36 2
6 38 24
6 40 10
6 42 57
6 43 37
6 44 25
6 45 64
6 47 61
6 48 62
6 50 5
6 51 39
6 52 0
6 57 26
6 58 22
6 62 36
6 63 9
6 64 53
6 66 31
6 68 4
6 69 6
7 3 60
7 4 7
7 5 13
7 6 63
7 8 25
7 9 45
7 11 4
7 12 10
7 14 40
7 19 46
7 20 59
7 21 38
7 22 19
7 23 54
7 24 15
7 25 34
7 26 49
7 29 65
7 30 33
7 31 68
7 32 27
7 33 39
7 34 24
7 35 31
7 36 51
7 37 23
7 38 3
7 41 36
7 43 21
7 47 2
7 52 48
7 53 41
7 54 11
7 55 42
7 56 6
7 58 57
7 59 64
7 60 9
7 61 26
7 63 43
7 64 28
7 65 18
7 67 0
8 0 35
8 3 25
8 4 1
8 5 2
8 6 28
8 7 14
8 8 46
8 9 19
8 10 15
8 11 21
8 13 69
8 14 44
8 15 60
8 16 52
8 18 53
8 20 48
8 21 16
8 22 61
8 24 58
8 25 38
8 27 26
8 28 34
8 30 43
8 31 9
8 32 6
8 34 12
8 36 50
8 39 29
8 40 55
8 41 30
8 43 11
8 44 62
8 46 10
8 47 36
8 48 31
8 49 57
8 50 68
8 51 63
8 52 23
8 53 4
8 54 33
8 55 56
8 56 37
8 57 0
8 60 49
8 61 8
8 62 42
8 63 47
8 64 22
8 66 64
8 67 5
8 68 27
8 69 24
9 0 63
9 1 12
9 2 37
9 4 55
9 5 4
9 7 59
9 8 33
9 9 3
9 13 36
9 15 15
9 18 32
9 19 7
9 20 30
9 21 20
9 22 48
9 23 34
9 25 23
9 26 69
9 27 67
9 28 56
9 29 47
9 30 24
9 33 6
9 34 19
9 35 22
9 36 68
9 37 17
9 38 10
9 41 60
9 42 46
9 43 58
9 44 65
9 45 43
9 46 57
9 47 51
9 48 5
9 49 62
9 50 18
9 51 29
9 52 14
9 56 45
9 57 54
9 58 38
9 59 9
9 60 2
9 62 40
9 64 27
9 66 8
9 68 11
9 69 25
10 0 37
10 1 31
10 2 9
10 3 68
10 4 51
10 5 8
10 6 27
10 7 4
10 8 59
10 9 38
10 11 42
10 12 48
10 13 32
10 15 50
10 20 44
10 21 13
10 26 45
10 27 41
10 28 15
10 29 2
10 30 14
10 31 16
10 33 57
10 34 55
10 35 3
10 36 19
10 38 33
10 39 60
10 42 58
10 43 20
10 46 25
10 49 24
10 50 36
10 51 49
10 52 28
10 53 43
10 54 12
10 55 64
10 57 34
10 58 67
10 59 35
10 60 62
10 61 47
10 64 40
10 65 1
10 66 21
11 0 0
11 1 32
11 4 49
11 7 17
11 9 54
11 10 28
11 11 9
11 12 64
11 13 30
11 14 43
11 16 55
11 17 8
11 18 66
11 19 39
11 22 67
11 23 11
11 24 25
11 26 31
11 27 46
11 29 62
11 32 14
11 33 56
11 35 7
11 38 51
11 42 2
11 43 1
11 44 38
11 45 48
11 47 37
11 49 6
11 52 44
11 53 68
11 54 41
11 55 27
11 56 47
11 57 61
11 58 18
11 59 24
11 62 3
11 63 36
11 64 58
11 67 42
11 69 69
12 1 65
12 2 21
12 3 16
12 4 59
12 5 22
12 6 46
12 7 51
12 12 6
12 13 64
12 14 61
12 16 31
12 18 28
12 19 10
12 23 62
12 26 7
12 28 58
12 29 42
12 30 47
12 31 39
12 32 18
12 33 48
12 35 23
12 36 27
12 37 55
12 39 12
12 40 11
12 42 19
12 43 34
12 44 50
12 45 32
12 46 26
12 47 68
12 48 3
12 49 60
12 51 14
12 52 63
12 53 67
12 54 29
12 55 41
12 56 38
12 57 24
12 59 2
12 60 44
12 61 9
12 62 33
12 63 66
12 64 49
12 65 52
12 66 40
12 69 15
13 0 44
13 1 30
13 2 43
13 3 55
13 4 23
13 6 16
13 7 49
13 8 42
13 9 56
13 10 29
13 13 37
13 14 63
13 16 2
13 18 6
13 19 65
13 20 33
13 21 47
13 23 1
13 25 28
13 26 19
13 30 31
13 31 36
13 33 60
13 34 5
13 36 48
13 37 11
13 38 0
13 39 59
13 41 39
13 42 10
13 46 7
13 48 24
13 49 27
13 50 8
13 51 12
13 53 61
13 54 40
13 55 57
13 56 69
13 59 26
13 61 64
13 63 53
13 65 66
13 66 46
13 67 52
14 0 40
14 1 53
14 4 28
14 5 9
14 6 20
14 7 11
14 8 1
14 9 39
14 12 38
14 13 23
14 14 35
14 15 8
14 16 51
14 17 27
14 19 42
14 21 66
14 24 60
14 25 6
14 29 10
14 30 0
14 32 34
14 34 59
14 35 58
14 37 67
14 38 49
14 39 19
14 40 22
14 41 14
14 42 54
14 43 32
14 44 57
14 45 21
14 46 64
14 50 55
14 51 68
14 52 18
14 53 7
14 54 61
14 55 62
14 60 56
14 61 52
14 62 25
14 63 15
14 64 5
14 65 13
14 66 3
14 67 65
14 68 63
15 1 15
15 2 4
15 3 20
15 4 64
15 7 7
15 8 39
15 9 58
15 11 8
15 12 46
15 13 44
15 14 45
15 16 61
15 17 9
15 18 69
15 19 53
15 20 38
15 21 48
15 25 12
15 26 57
15 27 2
15 28 21
15 29 67
15 31 3
15 32 66
15 33 25
15 35 41
15 36 32
15 37 19
15 38 11
15 40 42
15 41 65
15 42 6
15 43 33
15 44 16
15 45 63
15 46 1
15 47 30
15 48 68
15 49 23
15 51 55
15 52 59
15 53 34
15 54 52
15 56 51
15 58 54
15 60 31
15 61 50
15 62 14
15 63 28
15 64 37
15 65 43
15 66 26
15 67 40
15 69 10
16 0 19
16 2 22
16 3 15
16 5 30
16 6 56
16 9 62
16 10 7
16 11 53
16 12 27
16 14 57
16 15 64
16 16 0
16 17 65
16 18 31
16 20 16
16 23 29
16 24 45
16 26 9
16 27 21
16 28 44
16 29 4
16 30 20
16 33 68
16 40 34
16 42 23
16 43 69
16 44 28
16 45 6
16 46 2
16 48 49
16 50 33
16 53 35
16 54 18
16 55 50
16 56 67
16 57 32
16 59 54
16 60 17
16 61 51
16 62 66
16 63 46
16 64 26
16 65 48
16 67 61
16 69 55
17 0 15
17 1 52
17 2 60
17 3 57
17 4 24
17 8 5
17 9 22
17 10 31
17 11 45
17 12 61
17 14 66
17 15 16
17 17 59
17 19 13
17 21 14
17 22 62
17 24 19
17 25 25
17 28 36
17 29 51
17 31 54
17 32 64
17 33 49
17 34 44
17 36 12
17 37 8
17 38 53
17 39 1
17 40 41
17 41 6
17 42 67
17 44 42
17 46 50
17 47 40
17 49 35
17 50 34
17 53 32
17 54 17
17 55 47
17 58 3
17 59 23
17 60 37
17 61 38
17 62 65
17 65 56
17 66 48
17 67 18
17 68 21
17 69 27
18 0 28
18 1 11
18 3 30
18 7 0
18 8 12
18 13 41
18 14 62
18 15 40
18 17 32
18 18 2
18 19 17
18 20 54
18 21 3
18 22 57
18 23 58
18 24 47
18 25 29
18 27 34
18 29 44
18 30 39
18 31 8
18 33 35
18 34 18
18 36 31
18 37 5
18 38 13
18 39 45
18 41 49
18 42 22
18 44 7
18 45 53
18 46 63
18 48 42
18 50 6
18 55 66
18 56 52
18 57 10
18 60 14
18 61 43
18 62 4
18 63 60
18 64 69
18 66 67
18 67 27
18 68 61
19 0 30
19 1 5
19 2 3
19 3 64
19 4 42
19 5 29
19 6 7
19 7 37
19 11 11
19 12 22
19 13 50
19 16 38
19 17 45
19 19 15
19 24 54
19 26 60
19 28 14
19 29 12
19 30 48
19 31 20
19 33 44
19 34 4
19 37 58
19 38 66
19 41 68
19 42 41
19 43 57
19 44 69
19 49 59
19 50 16
19 51 61
19 52 43
19 53 17
19 54 35
19 55 49
19 56 36
19 57 67
19 59 55
19 60 33
19 61 32
19 63 65
19 64 56
19 65 10
19 66 13
19 67 63
19 68 53
19 69 34
20 0 34
20 3 56
20 5 60
20 6 49
20 7 38
20 8 48
20 10 24
20 11 1
20 12 44
20 13 31
20 14 54
20 15 37
20 16 26
20 18 9
20 19 67
20 23 23
20 24 63
20 25 46
20 26 30
20 28 32
20 30 7
20 31 27
20 32 33
20 33 28
20 34 52
20 35 50
20 36 59
20 37 69
20 38 17
20 39 55
20 40 25
20 42 36
20 43 66
20 45 2
20 46 0
20 48 6
20 49 29
20 51 62
20 52 8
20 53 58
20 54 45
20 55 15
20 58 10
20 59 51
20 61 39
20 63 16
20 64 21
20 66 19
20 67 4
20 68 13
20 69 43
21 0 53
21 1 64
21 2 7
21 3 26
21 4 58
21 5 37
21 6 66
21 7 46
21 8 6
21 9 27
21 10 1
21 11 10
21 14 11
21 16 45
21 17 35
21 18 16
21 19 20
21 20 52
21 22 14
21 23 22
21 24 40
21 25 32
21 26 42
21 27 29
21 29 28
21 31 51
21 32 0
21 33 55
21 36 33
21 37 36
21 38 4
21 39 69
21 41 23
21 42 47
21 43 43
21 44 21
21 45 62
21 46 38
21 47 63
21 48 67
21 49 41
21 50 61
21 51 34
21 53 5
21 54 30
21 55 12
21 56 2
21 57 65
21 58 19
21 61 57
21 62 9
21 63 8
21 64 31
21 65 49
21 66 54
21 67 39
21 69 56
22 0 64
22 1 6
22 4 57
22 5 47
22 7 10
22 8 44
22 9 7
22 10 25
22 12 45
22 13 19
22 14 5
22 18 65
22 19 35
22 20 51
22 21 39
22 22 23
22 25 14
22 26 36
22 27 22
22 28 67
22 29 54
22 30 69
22 32 17
22 34 41
22 36 61
22 38 28
22 39 9
22 40 38
22 41 62
22 42 29
22 43 24
22 44 43
22 45 20
22 47 52
22 48 63
22 49 53
22 50 26
22 51 59
22 52 3
22 54 31
22 55 48
22 57 16
22 58 58
22 59 12
22 60 30
22 61 0
22 62 13
22 63 11
22 64 60
22 65 8
22 66 34
23 0 68
23 1 26
23 3 18
23 4 45
23 5 3
23 7 63
23 9 41
23 11 46
23 12 66
23 14 64
23 15 51
23 16 58
23 18 49
23 19 57
23 21 23
23 22 38
23 24 14
23 25 2
23 26 5
23 27 32
23 28 61
23 29 6
23 30 53
23 31 35
23 32 36
23 33 21
23 36 55
23 38 60
23 39 47
23 40 69
23 42 44
23 44 1
23 45 37
23 46 12
23 48 22
23 49 39
23 52 19
23 53 16
23 54 54
23 55 43
23 56 8
23 60 15
23 61 48
23 63 33
23 64 20
23 66 30
23 67 62
23 69 7
24 0 60
24 1 48
24 2 29
24 3 41
24 4 33
24 5 17
24 6 44
24 7 43
24 8 54
24 11 50
24 12 59
24 14 18
24 16 53
24 17 30
24 19 26
24 22 42
24 23 28
24 24 64
24 25 37
24 27 31
24 28 2
24 29 63
24 30 6
24 32 39
24 33 46
24 34 22
24 35 52
24 36 62
24 37 15
24 39 38
24 40 36
24 41 34
24 44 8
24 46 20
24 47 13
24 48 25
24 49 7
24 52 11
24 53 40
24 55 9
24 56 19
24 58 66
24 59 45
24 60 58
24 64 14
24 65 69
24 67 32
24 68 55
24 69 49
25 0 32
25 1 59
25 2 63
25 3 40
25 7 47
25 8 22
25 11 17
25 12 12
25 13 21
25 14 30
25 15 41
25 16 57
25 17 24
25 18 18
25 20 9
25 21 55
25 22 43
25 23 45
25 24 37
25 25 3
25 26 0
25 28 65
25 29 36
25 30 29
25 32 58
25 33 10
25 34 51
25 35 56
25 37 16
25 39 14
25 41 61
25 42 49
25 43 53
25 44 15
25 46 11
25 48 8
25 49 20
25 50 64
25 51 69
25 52 5
25 53 25
25 56 23
25 57 52
25 58 44
25 59 1
25 60 66
25 61 33
25 62 62
25 63 13
25 65 39
25 67 48
25 69 28
26 1 38
26 5 65
26 6 23
26 7 53
26 8 27
26 9 29
26 10 18
26 15 22
26 16 34
26 17 43
26 19 8
26 20 64
26 22 49
26 25 36
26 26 33
26 27 4
26 28 59
26 31 52
26 32 44
26 33 50
26 34 54
26 35 20
26 37 61
26 38 21
26 40 2
26 42 30
26 43 12
26 45 31
26 46 5
26 47 45
26 49 15
26 50 69
26 51 28
26 52 39
26 54 13
26 55 60
26 56 63
26 57 11
26 58 6
26 59 66
26 60 35
26 61 37
26 62 56
26 63 19
26 67 25
26 68 24
26 69 14
27 0 13
27 2 58
27 3 32
27 5 49
27 6 0
27 8 10
27 9 64
27 10 6
27 11 67
27 12 53
27 13 40
27 14 33
27 15 68
27 16 7
27 17 48
27 18 22
27 19 16
27 20 23
27 21 36
27 22 39
27 23 55
27 24 59
27 25 5
27 26 46
27 27 47
27 28 43
27 29 69
27 30 57
27 34 14
27 35 15
27 36 42
27 37 25
27 39 27
27 40 26
27 41 50
27 45 8
27 46 41
27 47 29
27 48 4
27 50 62
27 51 52
27 52 51
27 53 11
27 54 3
27 57 56
27 59 20
27 60 21
27 62 28
27 63 37
27 64 35
27 65 2
27 66 63
27 67 34
27 68 44
27 69 30
28 2 38
28 3 62
28 4 6
28 7 60
28 8 17
28 9 43
28 10 3
28 11 65
28 12 33
28 13 34
28 14 9
28 15 28
28 16 10
28 18 59
28 19 47
28 22 63
28 25 27
28 26 58
28 27 39
28 28 20
28 29 40
28 30 25
28 31 14
28 32 12
28 34 30
28 35 61
28 36 56
28 37 64
28 39 54
28 41 42
28 42 15
28 43 7
28 45 66
28 46 36
28 47 41
28 50 44
28 53 23
28 54 46
28 55 51
28 56 35
28 57 37
28 58 53
28 62 52
28 63 22
28 64 67
28 65 19
28 66 45
28 67 11
28 68 8
28 69 5
29 1 9
29 2 44
29 7 28
29 9 26
29 11 59
29 12 40
29 15 42
29 16 18
29 17 29
29 18 21
29 19 33
29 20 58
29 21 53
29 23 66
29 26 1
29 27 5
29 28 19
29 29 46
29 30 65
29 31 67
29 32 22
29 33 47
29 34 50
29 35 51
29 37 27
29 41 8
29 42 55
29 44 54
29 45 11
29 46 49
29 47 39
29 48 34
29 49 31
29 51 37
29 52 17
29 55 10
29 56 62
29 57 68
29 58 24
29 59 0
29 60 6
29 62 35
29 63 64
29 64 45
29 67 3
29 68 14
29 69 60
30 0 33
30 2 25
30 4 48
30 5 12
30 6 3
30 7 21
30 8 31
30 10 46
30 11 55
30 12 17
30 14 27
30 15 30
30 16 36
30 17 49
30 18 38
30 19 54
30 20 15
30 21 69
30 23 14
30 24 18
30 25 35
30 26 61
30 28 24
30 30 40
30 32 67
30 33 13
30 34 28
30 35 5
30 36 16
30 38 29
30 40 66
30 41 9
30 43 19
30 45 44
30 46 4
30 49 37
30 50 58
30 51 6
30 52 53
30 53 2
30 54 63
30 55 23
30 57 64
30 58 45
30 59 47
30 60 57
30 61 10
30 63 68
30 64 41
30 66 43
30 67 51
30 69 42
31 0 3
31 2 39
31 3 13
31 4 41
31 5 68
31 7 9
31 8 38
31 9 49
31 10 51
31 11 57
31 12 60
31 13 24
31 14 50
31 16 11
31 17 54
31 18 5
31 21 37
31 22 64
31 23 33
31 25 56
31 26 55
31 27 23
31 28 17
31 31 63
31 34 27
31 35 65
31 37 28
31 38 18
31 39 53
31 40 21
31 42 12
31 43 0
31 44 29
31 45 30
31 46 6
31 47 7
31 49 25
31 52 32
31 53 10
31 54 8
31 55 45
31 57 2
31 59 58
31 60 52
31 61 40
31 63 69
31 66 59
31 67 36
31 69 44
32 0 24
32 1 69
32 2 52
32 3 38
32 4 5
32 7 18
32 10 50
32 12 68
32 13 59
32 14 34
32 15 67
32 17 47
32 20 2
32 21 46
32 22 41
32 24 33
32 25 53
32 26 32
32 27 51
32 28 42
32 30 1
32 31 29
32 34 9
32 35 62
32 36 65
32 38 14
32 39 10
32 40 58
32 42 43
32 43 17
32 46 60
32 47 21
32 49 64
32 50 31
32 52 36
32 54 57
32 56 56
32 57 15
32 58 49
32 59 63
32 61 3
32 62 7
32 63 39
32 64 16
32 66 23
32 67 54
32 69 66
33 0 38
33 1 16
33 2 47
33 3 69
33 4 66
33 5 48
33 8 26
33 10 10
33 12 31
33 14 59
33 15 58
33 16 12
33 17 21
33 18 57
33 19 50
33 20 6
33 21 63
33 23 56
33 25 7
33 27 8
33 29 23
33 30 60
33 31 22
33 32 25
33 33 52
33 34 13
33 35 0
33 36 9
33 37 43
33 38 55
33 39 40
33 41 15
33 42 11
33 43 46
33 44 14
33 45 33
33 46 27
33 47 3
33 48 32
33 50 2
33 53 54
33 54 37
33 55 30
33 57 62
33 60 28
33 61 68
33 63 34
33 64 65
33 66 49
33 67 24
33 69 35
34 0 62
34 1 10
34 2 69
34 4 56
34 6 54
34 7 45
34 8 29
34 9 47
34 11 44
34 12 57
34 14 32
34 15 43
34 16 15
34 18 7
34 19 6
34 20 25
34 21 34
34 22 58
34 24 41
34 26 66
34 28 38
34 29 11
34 30 37
34 32 30
34 33 61
34 35 39
34 37 35
34 39 42
34 40 8
34 41 27
34 44 24
34 46 18
34 48 20
34 49 67
34 50 9
34 51 31
34 54 65
34 55 22
34 57 5
34 58 13
34 59 59
34 61 23
34 62 60
34 63 12
34 65 21
34 67 46
34 68 68
34 69 63
35 0 2
35 2 6
35 4 46
35 5 43
35 6 32
35 7 56
35 9 1
35 10 13
35 11 61
35 12 23
35 13 62
35 14 10
35 16 47
35 20 3
35 23 60
35 25 52
35 26 22
35 27 37
35 28 28
35 29 14
35 30 38
35 31 19
35 32 35
35 33 8
35 34 49
35 35 33
35 36 64
35 37 40
35 38 44
35 42 0
35 43 51
35 44 34
35 45 59
35 46 30
35 48 15
35 50 20
35 51 66
35 52 68
35 53 39
35 54 53
35 56 11
35 57 7
35 59 21
35 61 36
35 62 55
35 63 29
35 64 4
35 65 26
35 67 41
35 68 45
35 69 48
36 0 51
36 2 36
36 3 24
36 4 31
36 5 44
36 7 68
36 9 0
36 10 20
36 13 65
36 14 49
36 15 3
36 16 69
36 17 41
36 18 11
36 20 66
36 21 12
36 22 26
36 23 30
36 26 10
36 28 50
36 29 8
36 31 53
36 33 14
36 34 6
36 35 38
36 36 4
36 37 45
36 39 64
36 40 35
36 41 54
36 43 22
36 44 2
36 47 46
36 48 56
36 50 21
36 52 42
36 55 39
36 56 13
36 57 33
36 58 27
36 59 29
36 63 67
36 64 57
36 66 58
36 67 23
37 0 67
37 1 66
37 3 44
37 4 43
37 5 57
37 6 5
37 7 12
37 9 11
37 11 54
37 12 62
37 13 0
37 15 49
37 16 3
37 17 15
37 18 47
37 19 58
37 21 27
37 23 42
37 24 7
37 25 33
37 26 68
37 27 10
37 29 50
37 30 22
37 31 30
37 32 8
37 34 37
37 35 6
37 36 28
37 37 29
37 38 25
37 39 34
37 40 1
37 42 39
37 44 35
37 46 19
37 47 20
37 48 14
37 49 16
37 50 23
37 51 45
37 54 24
37 55 63
37 56 40
37 58 60
37 59 48
37 61 13
37 62 69
37 65 31
37 66 32
37 68 41
38 1 33
38 3 63
38 4 37
38 6 65
38 7 32
38 9 59
38 10 16
38 12 56
38 13 38
38 20 1
38 21 62
38 23 9
38 25 67
38 26 4
38 28 51
38 29 41
38 30 3
38 31 10
38 33 12
38 34 21
38 35 11
38 36 44
38 38 45
38 39 13
38 40 60
38 41 17
38 42 35
38 43 8
38 44 55
38 49 19
38 50 22
38 51 48
38 52 54
38 53 15
38 54 0
38 56 31
38 58 26
38 59 69
38 60 29
38 61 20
38 62 43
38 65 5
38 66 36
38 67 30
38 68 64
39 1 29
39 2 33
39 3 42
39 4 13
39 5 25
39 8 52
39 9 17
39 10 49
39 12 69
39 13 35
39 15 63
39 16 6
39 17 55
39 18 14
39 19 34
39 20 39
39 21 41
39 22 11
39 23 2
39 24 21
39 26 47
39 27 16
39 28 5
39 29 0
39 32 51
39 33 20
39 34 67
39 35 64
39 36 45
39 38 32
39 40 65
39 41 19
39 45 18
39 46 22
39 47 59
39 48 36
39 49 3
39 50 53
39 52 9
39 53 57
39 54 10
39 55 46
39 56 26
39 59 44
39 60 24
39 61 60
39 63 62
39 64 15
39 65 7
39 66 50
39 67 1
39 68 56
40 0 16
40 1 19
40 2 56
40 3 11
40 5 33
40 6 62
40 7 44
40 8 69
40 9 48
40 11 39
40 12 29
40 13 54
40 15 32
40 16 67
40 17 66
40 18 36
40 20 22
40 21 9
40 22 55
40 26 50
40 27 61
40 29 53
40 30 41
40 31 59
40 32 47
40 33 51
40 37 21
40 40 0
40 41 31
40 42 65
40 43 5
40 44 18
40 45 14
40 46 45
40 48 64
40 49 4
40 50 60
40 51 7
40 52 30
40 54 15
40 55 68
40 56 25
40 57 23
40 59 17
40 62 12
40 64 24
40 66 52
40 67 37
40 68 34
40 69 13
41 0 57
41 2 65
41 3 36
41 4 15
41 5 1
41 6 48
41 7 31
41 8 3
41 9 21
41 10 63
41 11 33
41 13 11
41 14 12
41 17 61
41 19 69
41 20 67
41 21 6
41 22 47
41 23 8
41 27 60
41 28 52
41 29 24
41 30 19
41 31 41
41 32 46
41 34 42
41 38 5
41 39 30
41 40 44
41 43 56
41 45 28
41 47 54
41 49 51
41 50 49
41 51 23
41 52 66
41 54 22
41 57 17
41 58 16
41 59 53
41 62 2
41 65 35
41 66 9
41 67 55
41 69 40
42 2 24
42 3 1
42 4 34
42 5 10
42 6 22
42 7 69
42 9 44
42 10 37
42 11 19
42 12 51
42 13 33
42 14 21
42 15 47
42 16 9
42 17 6
42 20 49
42 21 4
42 22 3
42 23 38
42 24 46
42 26 48
42 27 53
42 30 61
42 31 26
42 32 43
42 34 57
42 35 59
42 37 41
42 38 54
42 40 45
42 42 64
42 43 25
42 46 42
42 47 60
42 48 30
42 49 63
42 50 56
42 51 50
42 52 55
42 54 7
42 57 18
42 60 36
42 61 28
42 62 32
42 63 40
42 64 8
42 65 67
42 66 2
42 67 15
42 68 5
43 0 23
43 1 46
43 2 18
43 3 61
43 4 30
43 5 39
43 6 47
43 9 51
43 10 48
43 11 60
43 12 34
43 16 50
43 17 67
43 18 63
43 20 26
43 21 42
43 22 54
43 24 44
43 26 35
43 27 69
43 28 7
43 30 10
43 32 41
43 33 33
43 36 37
43 37 22
43 40 6
43 42 20
43 43 62
43 44 53
43 46 52
43 47 17
43 48 27
43 50 1
43 51 65
43 52 56
43 53 29
43 54 43
43 55 38
43 56 4
43 58 31
43 60 0
43 63 32
43 66 5
43 68 66
43 69 8
44 0 59
44 3 23
44 5 27
44 6 60
44 7 57
44 8 15
44 9 34
44 10 30
44 12 67
44 14 22
44 15 7
44 17 37
44 19 12
44 20 40
44 21 17
44 22 4
44 24 9
44 25 21
44 28 13
44 29 39
44 30 16
44 31 64
44 32 69
44 34 10
44 36 18
44 37 52
44 38 46
44 41 3
44 42 48
44 44 5
44 45 0
44 47 43
44 48 29
44 49 68
44 50 63
44 51 24
44 53 36
44 54 2
44 55 53
44 57 14
44 58 50
44 59 8
44 61 55
44 62 51
44 63 58
44 64 44
44 65 54
44 66 66
44 67 45
44 69 38
45 1 44
45 3 37
45 4 53
45 5 42
45 6 31
45 7 2
45 8 67
45 9 10
45 12 8
45 13 29
45 14 36
45 15 20
45 18 55
45 19 14
45 23 48
45 25 61
45 26 40
45 27 68
45 29 32
45 30 5
45 31 17
45 35 46
45 36 6
45 38 16
45 40 33
45 41 18
45 44 41
45 45 26
45 48 13
45 50 15
45 53 28
45 54 39
45 58 21
45 59 57
45 60 63
45 62 19
45 63 56
45 65 0
45 66 51
45 67 64
46 0 6
46 1 58
46 2 57
46 3 33
46 4 61
46 10 21
46 11 5
46 12 13
46 13 12
46 14 25
46 15 9
46 16 49
46 17 53
46 20 47
46 21 44
46 22 8
46 23 31
46 24 23
46 29 35
46 30 62
46 32 4
46 33 7
46 37 0
46 38 42
46 39 56
46 40 29
46 42 63
46 44 11
46 45 34
46 46 67
46 47 50
46 48 66
46 51 46
46 52 69
46 53 27
46 54 19
46 55 55
46 56 43
46 57 20
46 58 40
46 60 16
46 61 22
46 62 18
46 63 10
46 65 59
46 66 28
46 67 26
46 68 2
46 69 65
47 0 52
47 1 28
47 2 19
47 5 6
47 6 53
47 7 24
47 8 0
47 9 69
47 10 39
47 12 21
47 14 55
47 15 11
47 16 4
47 17 3
47 20 12
47 21 49
47 22 31
47 23 63
47 24 67
47 25 50
47 26 59
47 27 54
47 28 37
47 29 58
47 31 33
47 33 26
47 34 45
47 35 47
47 36 1
47 37 51
47 39 44
47 40 17
47 41 64
47 42 25
47 45 29
47 46 46
47 48 40
47 50 13
47 52 35
47 53 65
47 54 20
47 55 61
47 56 34
47 58 14
47 59 16
47 60 10
47 61 62
47 62 48
47 64 30
47 65 41
47 66 7
47 67 60
48 0 42
48 2 49
48 3 35
48 4 19
48 6 64
48 7 52
48 8 65
48 9 24
48 10 5
48 14 28
48 15 31
48 20 69
48 21 26
48 22 21
48 25 10
48 26 41
48 29 16
48 30 8
48 32 61
48 33 63
48 35 17
48 36 54
48 38 34
48 39 3
48 41 51
48 43 23
48 44 44
48 45 57
48 50 48
48 52 27
48 54 14
48 55 2
48 56 46
48 59 39
48 61 11
48 62 50
48 66 20
48 67 22
48 68 9
48 69 33
49 0 45
49 1 51
49 2 16
49 3 9
49 4 10
49 5 36
49 6 25
49 9 66
49 12 30
49 15 35
49 16 8
49 17 46
49 19 22
49 22 0
49 23 68
49 24 24
49 26 43
49 27 48
49 28 31
49 29 37
49 30 26
49 32 56
49 34 47
49 36 15
49 37 49
49 39 7
49 40 67
49 41 69
49 42 62
49 43 13
49 44 33
49 45 19
49 46 61
49 47 64
49 48 28
49 49 38
49 50 4
49 53 3
49 54 5
49 55 17
49 58 63
49 60 34
49 62 57
49 63 27
49 64 12
49 65 55
49 67 6
49 68 23
49 69 39
50 0 1
50 1 63
50 2 12
50 4 39
50 10 41
50 13 56
50 14 15
50 15 52
50 16 42
50 19 19
50 20 43
50 21 31
50 22 20
50 23 18
50 24 48
50 25 49
50 26 64
50 27 30
50 28 3
50 29 7
50 30 34
50 32 55
50 33 0
50 36 35
50 38 38
50 39 16
50 40 23
50 41 37
50 42 26
50 44 27
50 48 59
50 49 21
50 51 33
50 52 61
50 53 24
50 54 28
50 55 32
50 56 17
50 58 46
50 59 4
50 60 54
50 63 6
50 64 36
50 65 44
50 66 60
50 67 47
50 68 25
50 69 45
51 0 49
51 2 66
51 3 52
51 4 60
51 5 55
51 6 35
51 7 25
51 8 62
51 9 16
51 10 65
51 14 13
51 15 12
51 16 37
51 17 5
51 18 46
51 19 41
51 22 9
51 24 56
51 25 18
51 26 8
51 27 0
51 29 34
51 30 28
51 31 38
51 32 45
51 33 27
51 35 36
51 36 24
51 38 67
51 39 17
51 41 48
51 43 15
51 45 69
51 46 47
51 47 44
51 48 11
51 50 10
51 51 2
51 52 6
51 54 68
51 55 26
51 56 53
51 58 4
51 59 31
51 62 54
51 63 21
51 64 59
51 66 1
51 67 14
51 68 42
51 69 51
52 1 43
52 2 23
52 3 51
52 4 50
52 6 39
52 7 55
52 8 4
52 12 52
52 15 54
52 18 64
52 19 27
52 20 32
52 23 53
52 24 61
52 25 0
52 27 17
52 28 66
52 29 31
52 30 11
52 31 47
52 32 68
52 35 28
52 36 20
52 37 10
52 38 62
52 39 26
52 41 59
52 42 7
52 43 65
52 44 45
52 47 33
52 48 44
52 49 8
52 50 46
52 51 36
52 53 14
52 54 6
52 55 34
52 56 15
52 59 41
52 60 1
52 61 21
52 62 29
52 63 5
52 64 13
52 65 30
52 66 38
52 67 49
52 69 57
53 2 67
53 3 50
53 5 61
53 6 9
53 7 62
53 8 8
53 10 32
53 11 28
53 12 63
53 13 25
53 14 39
53 16 54
53 17 11
53 19 21
53 20 29
53 21 35
53 22 53
53 23 5
53 24 6
53 25 51
53 26 16
53 29 68
53 30 52
53 31 65
53 34 0
53 35 55
53 36 49
53 37 14
53 38 19
53 39 48
53 40 27
53 41 44
53 42 13
53 43 3
53 45 1
53 46 17
53 47 24
53 48 60
53 50 42
53 52 57
53 53 59
53 54 4
53 55 40
53 56 20
53 57 43
53 59 10
53 61 15
53 62 30
53 63 41
53 64 66
53 65 38
53 67 33
53 68 31
54 0 66
54 1 8
54 2 59
54 4 29
54 5 50
54 7 22
54 8 13
54 10 64
54 11 38
54 12 2
54 13 3
54 15 6
54 16 44
54 17 63
54 18 56
54 19 9
54 20 60
54 21 10
54 22 52
54 23 35
54 24 36
54 26 39
54 31 21
54 32 16
54 34 25
54 35 18
54 37 31
54 39 33
54 40 7
54 41 26
54 42 24
54 43 48
54 44 40
54 47 65
54 48 23
54 49 43
54 50 27
54 51 53
54 52 20
54 53 69
54 54 32
54 55 28
54 56 54
54 57 42
54 59 34
54 60 61
54 61 41
54 62 46
54 63 55
54 64 62
54 65 37
54 68 0
54 69 11
55 0 46
55 1 4
55 2 1
55 6 58
55 7 13
55 8 61
55 9 25
55 11 20
55 13 15
55 16 63
55 17 17
55 18 0
55 19 40
55 20 24
55 21 65
55 22 34
55 24 26
55 25 68
55 26 14
55 27 56
55 28 54
55 30 9
55 31 31
55 32 11
55 33 37
55 35 45
55 36 36
55 37 44
55 38 35
55 39 18
55 40 43
55 42 42
55 43 67
55 44 60
55 45 7
55 46 66
55 48 39
55 49 49
55 50 29
55 51 32
55 53 8
55 55 33
55 56 50
55 58 51
55 59 52
55 60 64
55 61 16
55 63 48
55 64 23
55 65 57
55 66 10
55 68 30
56 0 22
56 1 40
56 2 48
56 3 67
56 4 62
56 5 59
56 6 38
56 8 36
56 9 13
56 10 12
56 11 15
56 12 65
56 15 34
56 16 16
56 17 44
56 18 35
56 19 1
56 20 19
56 21 52
56 22 29
56 23 47
56 24 42
56 26 23
56 29 30
56 31 28
56 33 64
56 34 63
56 36 58
56 37 9
56 39 41
56 40 37
56 41 32
56 44 20
56 45 5
56 48 26
56 50 51
56 53 18
56 54 66
56 55 11
56 56 39
56 57 60
56 58 55
56 59 46
56 61 17
56 62 8
56 63 14
56 65 53
56 66 24
56 67 43
56 68 69
56 69 50
57 0 69
57 1 42
57 2 53
57 4 65
57 6 2
57 7 39
57 8 51
57 9 33
57 10 23
57 11 13
57 13 68
57 14 17
57 15 44
57 16 48
57 17 28
57 18 40
57 19 43
57 21 60
57 23 26
57 24 8
57 26 15
57 27 19
57 28 27
57 30 64
57 31 5
57 32 49
57 34 32
57 35 29
57 36 52
57 37 57
57 38 50
57 39 25
57 40 61
57 42 45
57 43 47
57 44 56
57 45 41
57 46 9
57 47 0
57 48 55
57 49 34
57 50 59
57 54 36
57 56 30
57 57 38
57 58 11
57 59 37
57 60 67
57 61 4
57 62 1
57 67 10
57 68 7
57 69 54
58 0 55
58 1 14
58 2 68
58 3 17
58 4 47
58 5 38
58 7 61
58 8 23
58 9 9
58 10 53
58 11 31
58 12 28
58 15 4
58 16 46
58 17 36
58 18 25
58 19 3
58 22 32
58 23 0
58 24 34
58 26 2
58 27 24
58 28 60
58 29 56
58 30 63
58 34 64
58 35 27
58 36 7
58 37 54
58 42 37
58 43 44
58 44 10
58 46 40
58 48 33
58 50 12
58 51 15
58 52 62
58 55 20
58 56 58
58 57 21
58 59 43
58 61 69
58 62 45
58 63 30
58 64 11
58 65 50
58 67 16
58 68 49
58 69 1
59 2 62
59 3 59
59 4 20
59 5 41
59 6 61
59 7 54
59 8 58
59 9 23
59 10 26
59 11 69
59 14 3
59 15 46
59 18 60
59 19 28
59 20 27
59 21 33
59 22 2
59 23 44
59 24 65
59 26 52
59 27 40
59 28 11
59 30 55
59 31 43
59 32 48
59 33 5
59 34 36
59 35 8
59 36 0
59 37 6
59 39 37
59 41 53
59 42 31
59 43 45
59 44 19
59 45 56
59 46 24
59 47 42
59 49 30
59 52 13
59 55 67
59 56 16
59 57 57
59 58 64
59 60 39
59 61 34
59 62 15
59 64 9
59 65 29
59 67 68
59 69 4
60 0 17
60 2 26
60 3 10
60 4 2
60 5 14
60 6 55
60 7 5
60 8 45
60 9 57
60 11 32
60 12 16
60 13 48
60 14 4
60 15 27
60 17 62
60 18 24
60 19 64
60 21 40
60 22 18
60 23 12
60 24 51
60 25 11
60 26 6
60 28 9
60 29 22
60 34 7
60 37 63
60 39 39
60 40 52
60 41 67
60 42 28
60 43 31
60 45 58
60 48 46
60 49 33
60 50 38
60 51 0
60 53 19
60 54 42
60 55 13
60 56 3
60 57 36
60 60 53
60 62 20
60 63 35
60 64 43
60 65 68
60 66 69
60 69 61
61 0 11
61 1 35
61 2 15
61 3 21
61 4 27
61 5 69
61 6 17
61 7 65
61 9 67
61 10 40
61 11 14
61 12 9
61 13 43
61 14 20
61 17 31
61 18 52
61 19 25
61 21 8
61 23 61
61 24 29
61 25 44
61 26 63
61 27 42
61 28 33
61 29 13
61 30 36
61 31 49
61 32 32
61 33 58
61 34 1
61 35 54
61 36 30
61 38 41
61 39 2
61 40 39
61 41 24
61 42 68
61 43 50
61 44 6
61 47 4
61 48 48
61 49 18
61 53 22
61 54 55
61 55 59
61 56 57
61 57 53
61 58 47
61 60 7
61 61 5
61 62 64
61 65 34
61 67 66
61 68 10
61 69 0
62 2 32
62 3 22
62 4 44
62 6 14
62 7 50
62 8 19
62 9 55
62 11 47
62 12 11
62 13 28
62 14 29
62 17 26
62 18 39
62 20 8
62 21 56
62 22 1
62 24 38
62 25 48
62 27 62
62 30 30
62 31 0
62 32 3
62 33 45
62 34 69
62 35 25
62 36 17
62 37 37
62 38 9
62 39 58
62 40 4
62 41 33
62 43 2
62 46 51
62 47 16
62 48 43
62 50 7
62 51 41
62 52 31
62 53 49
62 54 21
62 55 65
62 56 27
62 59 67
62 60 40
62 61 63
62 63 54
62 65 12
62 66 35
62 67 57
63 1 55
63 2 54
63 3 48
63 4 8
63 5 53
63 7 66
63 8 14
63 9 42
63 10 33
63 14 7
63 15 29
63 16 25
63 17 23
63 18 13
63 21 28
63 22 59
63 23 49
63 26 3
63 27 18
63 28 63
63 29 57
63 30 46
63 31 34
63 32 50
63 33 19
63 35 24
63 36 11
63 37 62
63 38 65
63 40 47
63 41 35
63 44 32
63 45 60
63 46 16
63 47 67
63 48 9
63 49 10
63 50 30
63 51 22
63 52 38
63 54 56
63 55 52
63 56 44
63 57 12
63 59 61
63 60 26
63 63 20
63 64 64
63 68 17
63 69 68
64 0 48
64 4 25
64 6 10
64 8 66
64 10 22
64 11 35
64 12 37
64 14 53
64 15 0
64 16 65
64 17 7
64 20 34
64 21 50
64 25 30
64 26 26
64 27 55
64 28 49
64 29 29
64 30 56
64 32 38
64 33 62
64 34 23
64 35 43
64 36 8
64 37 4
64 38 68
64 40 54
64 42 59
64 43 6
64 44 67
64 45 40
64 46 33
64 47 18
64 48 47
64 50 41
64 51 42
64 52 16
64 53 21
64 54 69
64 55 14
64 56 24
64 59 28
64 60 45
64 61 2
64 63 44
64 64 32
64 65 60
64 69 52
65 2 27
65 3 31
65 4 9
65 5 64
65 8 57
65 9 35
65 10 61
65 11 2
65 12 18
65 13 8
65 14 60
65 16 28
65 18 42
65 19 66
65 20 10
65 21 0
65 24 52
65 26 24
65 27 43
65 28 69
65 29 19
65 30 51
65 31 44
65 32 13
65 35 32
65 37 34
65 38 20
65 39 21
65 40 62
65 41 63
65 44 36
65 46 56
65 47 11
65 48 54
65 51 17
65 52 15
65 55 4
65 56 59
65 57 25
65 58 12
65 60 55
65 62 26
65 66 47
65 67 38
66 0 54
66 1 56
66 2 20
66 4 21
66 5 40
66 6 33
66 7 41
66 9 32
66 10 2
66 12 14
66 13 66
66 14 31
66 15 36
66 16 62
66 18 29
66 19 23
66 20 4
66 22 13
66 24 22
66 25 16
66 27 57
66 28 30
66 29 26
66 30 67
66 31 45
66 32 59
66 33 53
66 34 65
66 35 63
66 39 50
66 40 51
66 41 0
66 42 38
66 43 52
66 44 58
66 45 27
66 47 19
66 48 1
66 49 69
66 53 46
66 56 64
66 58 61
66 61 42
66 62 37
66 64 10
66 65 17
66 66 15
66 67 8
66 69 18
67 0 41
67 1 57
67 2 11
67 3 28
67 8 40
67 10 45
67 11 43
67 12 35
67 13 61
67 14 37
67 15 62
67 18 20
67 20 31
67 21 30
67 22 66
67 23 50
67 24 53
67 25 9
67 27 27
67 28 55
67 30 15
67 31 7
67 32 42
67 33 67
67 34 46
67 36 38
67 37 60
67 38 59
67 39 0
67 40 64
67 42 52
67 44 23
67 45 36
67 46 65
67 47 6
67 49 47
67 51 13
67 52 10
67 53 63
67 54 16
67 55 58
67 56 12
67 58 8
67 59 56
67 60 32
67 62 49
67 64 19
67 65 51
67 67 69
67 69 29
68 1 36
68 2 41
68 3 4
68 4 18
68 5 45
68 6 12
68 7 1
68 8 37
68 9 5
68 11 63
68 13 16
68 15 56
68 16 59
68 17 19
68 18 67
68 20 11
68 21 68
68 22 44
68 23 21
68 25 17
68 26 51
68 28 8
68 29 33
68 30 13
68 31 50
68 33 32
68 35 30
68 36 29
68 38 43
68 40 48
68 41 22
68 42 40
68 43 14
68 44 49
68 46 62
68 48 35
68 51 27
68 53 0
68 55 6
68 57 3
68 58 23
68 59 25
68 61 66
68 63 52
68 64 34
68 65 15
68 67 7
68 68 57
69 0 29
69 2 34
69 3 7
69 5 20
69 6 36
69 7 15
69 10 59
69 12 39
69 13 14
69 16 17
69 18 41
69 19 30
69 20 46
69 21 43
69 22 24
69 24 49
69 26 53
69 27 12
69 28 16
69 30 4
69 31 56
69 32 63
69 33 2
69 34 38
69 35 48
69 36 67
69 37 1
69 38 31
69 40 3
69 41 28
69 42 21
69 43 10
69 44 64
69 45 52
69 46 69
69 48 51
69 50 40
69 51 8
69 53 13
69 55 37
69 57 9
69 58 5
69 59 6
69 61 18
69 62 23
69 66 44
69 67 50
