70
0 1 41
0 2 17
0 3 53
0 5 65
0 6 4
0 7 8
0 8 67
0 10 16
0 11 22
0 12 46
0 13 31
0 14 5
0 16 38
0 17 26
0 20 15
0 22 56
0 23 10
0 26 21
0 27 23
0 29 43
0 30 48
0 31 55
0 32 37
0 33 12
0 34 45
0 36 57
0 37 64
0 38 3
0 39 6
0 40 68
0 43 49
0 44 29
0 47 62
0 50 9
0 51 39
0 53 7
0 54 13
0 55 19
0 56 47
0 57 32
0 59 2
0 60 30
0 63 34
0 64 18
0 66 28
0 67 59
0 68 0
0 69 24
1 0 53
1 1 49
1 2 51
1 3 59
1 4 33
1 5 15
1 7 42
1 8 25
1 9 9
1 12 26
1 13 12
1 15 55
1 16 45
1 18 37
1 19 60
1 22 3
1 23 5
1 24 20
1 25 8
1 28 7
1 29 67
1 33 2
1 35 30
1 36 1
1 37 38
1 38 36
1 39 52
1 42 44
1 44 47
1 46 28
1 47 41
1 48 23
1 49 10
1 50 19
1 51 68
1 52 6
1 54 50
1 56 40
1 57 65
1 58 24
1 59 14
1 60 11
1 61 69
1 62 16
1 63 22
1 64 64
1 65 61
1 67 18
1 68 32
1 69 48
2 0 9
2 2 6
2 4 65
2 5 39
2 7 18
2 8 61
2 10 66
2 11 14
2 12 32
2 13 8
2 16 56
2 17 52
2 19 55
2 22 46
2 23 31
2 24 36
2 25 58
2 26 41
2 27 68
2 28 64
2 29 20
2 30 33
2 31 69
2 34 12
2 35 27
2 36 29
2 37 11
2 38 16
2 39 25
2 40 63
2 41 44
2 42 34
2 45 67
2 46 38
2 47 54
2 48 7
2 49 51
2 50 49
2 52 2
2 54 5
2 56 22
2 59 28
2 62 47
2 63 21
2 64 26
2 66 15
2 68 59
3 0 27
3 1 47
3 5 16
3 6 66
3 7 37
3 8 65
3 9 44
3 10 15
3 11 35
3 12 31
3 13 28
3 14 48
3 16 20
3 18 54
3 19 53
3 21 58
3 22 67
3 23 29
3 24 24
3 26 7
3 27 10
3 31 45
3 32 59
3 33 63
3 34 34
3 37 49
3 38 64
3 39 38
3 43 14
3 46 36
3 48 69
3 49 17
3 54 42
3 55 25
3 57 9
3 58 18
3 59 8
3 60 52
3 61 51
3 62 68
3 63 5
3 65 39
3 67 32
3 68 13
3 69 19
4 0 57
4 1 30
4 2 61
4 3 34
4 4 17
4 5 56
4 6 47
4 8 53
4 9 2
4 10 65
4 17 29
4 18 67
4 19 43
4 22 4
4 23 9
4 25 16
4 26 55
4 27 37
4 28 8
4 29 58
4 30 5
4 31 46
4 33 69
4 35 36
4 37 62
4 38 18
4 39 32
4 40 40
4 41 31
4 43 25
4 44 15
4 45 59
4 46 68
4 47 10
4 48 28
4 49 63
4 50 52
4 53 35
4 54 33
4 55 0
4 57 20
4 58 66
4 59 45
4 60 12
4 61 7
4 62 24
4 63 38
4 64 11
4 65 26
4 67 3
4 68 54
5 0 59
5 1 32
5 2 30
5 3 65
5 6 20
5 7 36
5 8 42
5 9 58
5 10 51
5 11 47
5 13 13
5 14 40
5 15 66
5 16 48
5 17 37
5 18 22
5 19 26
5 20 62
5 21 53
5 24 60
5 25 31
5 26 45
5 30 34
5 31 3
5 33 18
5 34 10
5 36 35
5 40 11
5 41 46
5 42 9
5 43 24
5 44 6
5 46 50
5 48 5
5 49 14
5 50 8
5 51 12
5 52 56
5 54 64
5 55 55
5 56 57
5 57 43
5 59 68
5 60 23
5 61 4
5 63 41
5 64 16
5 65 38
5 66 27
5 68 52
5 69 63
6 1 20
6 3 21
6 4 13
6 5 22
6 6 12
6 7 38
6 9 35
6 11 48
6 12 33
6 15 29
6 16 37
6 17 56
6 18 9
6 19 8
6 22 15
6 23 59
6 27 1
6 30 66
6 31 53
6 32 54
6 33 65
6 34 39
6 35 41
6 36 6
6 37 44
6 38 47
6 40 36
6 43 62
6 46 27
6 48 58
6 49 11
6 50 25
6 53 28
6 54 26
6 55 40
6 56 23
6 57 31
6 60 46
6 61 16
6 62 61
6 63 17
6 64 7
6 66 51
6 68 57
6 69 18
7 0 2
7 1 7
7 2 55
7 3 48
7 5 61
7 6 39
7 7 46
7 8 8
7 9 37
7 10 25
7 13 27
7 14 20
7 15 22
7 17 64
7 18 34
7 19 1
7 21 26
7 22 54
7 24 3
7 25 32
7 26 35
7 28 66
7 29 28
7 31 10
7 32 60
7 33 0
7 35 58
7 36 21
7 37 57
7 39 50
7 41 40
7 42 11
7 43 17
7 44 13
7 47 56
7 48 65
7 49 68
7 51 29
7 52 18
7 53 23
7 54 51
7 56 69
7 57 41
7 58 31
7 61 15
7 63 9
7 64 4
7 65 42
7 66 19
7 67 52
7 68 33
7 69 12
8 0 6
8 3 15
8 4 35
8 6 5
8 7 19
8 8 38
8 9 21
8 11 62
8 12 50
8 13 54
8 14 43
8 16 24
8 17 55
8 18 52
8 20 44
8 22 16
8 23 23
8 25 69
8 26 2
8 27 22
8 30 51
8 31 8
8 33 47
8 34 37
8 35 7
8 36 45
8 38 39
8 39 1
8 40 27
8 42 17
8 43 58
8 44 57
8 45 4
8 46 25
8 47 67
8 48 41
8 50 0
8 51 11
8 52 61
8 54 60
8 55 14
8 57 46
8 58 40
8 59 30
8 60 53
8 61 9
8 62 32
8 63 65
8 64 59
8 66 12
8 67 48
8 69 68
9 0 16
9 1 42
9 2 52
9 3 58
9 4 68
9 5 27
9 7 14
9 8 63
9 10 4
9 11 43
9 12 12
9 14 65
9 15 31
9 19 69
9 20 25
9 24 28
9 25 11
9 28 53
9 29 50
9 33 33
9 34 2
9 36 3
9 37 30
9 39 35
9 40 7
9 41 19
9 42 37
9 43 39
9 47 23
9 48 66
9 50 56
9 51 36
9 52 15
9 53 60
9 54 1
9 55 59
9 56 21
9 59 67
9 60 8
9 61 20
9 64 49
9 65 13
9 66 5
9 67 57
9 68 26
9 69 22
10 0 47
10 2 12
10 3 10
10 4 5
10 5 24
10 8 44
10 9 66
10 10 42
10 11 49
10 12 38
10 13 26
10 14 64
10 15 68
10 18 50
10 19 39
10 20 36
10 21 48
10 22 40
10 23 41
10 25 45
10 26 0
10 28 37
10 30 2
10 31 63
10 32 32
10 33 17
10 34 22
10 36 61
10 38 55
10 39 58
10 40 15
10 41 13
10 42 16
10 44 11
10 45 31
10 46 35
10 47 34
10 48 62
10 49 69
10 51 33
10 53 3
10 54 8
10 56 27
10 58 52
10 59 56
10 60 29
10 61 14
10 62 6
10 63 18
10 64 65
10 65 30
10 66 60
10 68 67
10 69 46
11 1 16
11 2 39
11 3 11
11 4 24
11 5 58
11 6 37
11 8 59
11 10 57
11 12 44
11 13 21
11 14 54
11 16 2
11 17 43
11 18 55
11 20 50
11 21 22
11 23 34
11 24 53
11 25 12
11 26 18
11 27 41
11 28 62
11 29 1
11 30 28
11 31 30
11 33 45
11 34 20
11 38 19
11 40 13
11 41 47
11 42 40
11 43 69
11 44 46
11 45 35
11 46 65
11 47 52
11 49 25
11 51 42
11 52 8
11 53 67
11 54 49
11 55 31
11 56 9
11 58 51
11 61 36
11 63 29
11 64 6
11 68 7
12 0 42
12 1 4
12 8 7
12 9 20
12 10 30
12 11 16
12 12 61
12 13 11
12 15 15
12 16 58
12 17 65
12 18 23
12 20 31
12 21 24
12 22 51
12 23 60
12 24 57
12 26 17
12 28 1
12 30 14
12 31 43
12 32 36
12 33 49
12 34 52
12 35 28
12 36 12
12 37 32
12 40 5
12 42 41
12 43 50
12 44 10
12 45 46
12 46 48
12 49 40
12 50 34
12 51 3
12 52 39
12 53 55
12 56 35
12 57 45
12 58 27
12 59 59
12 60 6
12 61 53
12 63 37
12 64 8
12 65 44
12 66 22
12 67 33
12 68 9
13 0 29
13 1 45
13 2 44
13 4 26
13 5 8
13 6 3
13 9 51
13 10 59
13 11 12
13 12 28
13 13 46
13 14 61
13 15 50
13 16 15
13 17 6
13 18 41
13 19 58
13 20 16
13 21 54
13 24 38
13 25 57
13 26 34
13 27 13
13 28 10
13 29 0
13 32 5
13 33 43
13 35 39
13 36 14
13 37 17
13 38 31
13 39 66
13 40 48
13 41 37
13 42 21
13 44 19
13 46 47
13 47 18
13 50 42
13 52 40
13 53 65
13 56 30
13 57 60
13 58 4
13 59 35
13 60 32
13 61 23
13 63 63
13 64 62
13 65 1
13 69 55
14 0 36
14 1 9
14 2 3
14 4 42
14 5 45
14 6 23
14 7 0
14 8 4
14 9 6
14 10 62
14 12 58
14 13 10
14 16 59
14 18 27
14 19 32
14 20 37
14 21 47
14 22 65
14 23 39
14 24 21
14 25 67
14 27 64
14 29 61
14 32 22
14 33 11
14 34 13
14 35 56
14 37 53
14 38 46
14 40 2
14 41 43
14 42 7
14 45 66
14 46 69
14 49 52
14 50 12
14 51 20
14 52 25
14 53 1
14 55 63
14 57 50
14 61 29
14 62 60
14 63 35
14 65 5
14 66 14
14 67 17
14 68 41
15 0 68
15 1 26
15 2 4
15 3 5
15 4 3
15 5 64
15 6 46
15 8 22
15 9 69
15 10 0
15 12 34
15 14 38
15 15 7
15 16 21
15 17 14
15 19 9
15 20 61
15 21 1
15 22 43
15 27 49
15 29 47
15 32 55
15 34 25
15 36 50
15 37 52
15 38 29
15 39 37
15 40 45
15 41 67
15 42 6
15 43 54
15 46 44
15 47 8
15 48 24
15 49 62
15 51 57
15 52 58
15 55 33
15 57 11
15 58 60
15 59 36
15 60 59
15 61 66
15 62 35
15 64 63
15 66 53
15 69 41
16 0 66
16 1 67
16 5 44
16 7 59
16 8 21
16 10 40
16 12 47
16 13 9
16 14 13
16 15 51
16 20 10
16 21 41
16 22 48
16 23 64
16 24 45
16 25 7
16 26 22
16 27 43
16 28 31
16 29 34
16 30 23
16 31 54
16 32 14
16 33 1
16 34 16
16 35 46
16 36 60
16 39 29
16 40 50
16 41 56
16 43 55
16 45 18
16 46 26
16 47 42
16 48 38
16 49 49
16 52 37
16 55 30
16 56 8
16 57 4
16 58 65
16 59 61
16 61 39
16 62 3
16 64 19
16 65 52
16 66 24
16 67 25
16 68 12
16 69 57
17 0 32
17 1 66
17 2 58
17 4 57
17 5 4
17 6 7
17 7 62
17 8 14
17 9 43
17 10 53
17 11 13
17 13 68
17 16 29
17 17 15
17 21 18
17 22 36
17 23 8
17 25 34
17 26 16
17 27 9
17 28 35
17 29 39
17 30 46
17 31 48
17 32 64
17 33 31
17 34 24
17 35 25
17 36 27
17 37 55
17 38 26
17 41 51
17 42 0
17 43 44
17 44 42
17 45 61
17 48 21
17 49 23
17 50 65
17 51 67
17 53 2
17 54 10
17 55 11
17 57 28
17 59 52
17 60 41
17 61 54
17 62 17
17 63 56
17 64 45
17 65 20
17 66 47
17 67 6
17 68 38
18 0 21
18 1 37
18 3 39
18 4 11
18 5 10
18 7 49
18 8 50
18 11 54
18 13 2
18 14 33
18 16 17
18 17 44
18 18 68
18 19 62
18 20 0
18 21 45
18 22 29
18 23 65
18 24 34
18 25 26
18 26 15
18 27 16
18 28 30
18 30 8
18 31 52
18 32 23
18 33 66
18 34 18
18 35 40
18 37 42
18 38 14
18 40 61
18 41 4
18 42 25
18 46 22
18 47 60
18 48 51
18 49 36
18 51 63
18 52 48
18 53 32
18 54 57
18 56 20
18 58 67
18 59 24
18 60 27
18 61 55
18 62 28
18 63 59
18 64 38
18 66 58
18 69 56
19 0 45
19 1 25
19 3 18
19 4 31
19 5 32
19 6 53
19 7 33
19 8 17
19 9 48
19 11 24
19 14 21
19 15 56
19 16 61
19 17 69
19 19 63
19 20 64
19 21 40
19 23 35
19 24 16
19 25 23
19 26 3
19 28 29
19 29 52
19 30 30
19 31 9
19 32 39
19 34 14
19 35 8
19 36 66
19 39 60
19 40 44
19 41 38
19 42 43
19 43 19
19 47 20
19 48 27
19 49 12
19 50 28
19 53 36
19 54 68
19 55 7
19 56 51
19 57 1
19 59 46
19 61 42
19 63 57
19 64 0
19 65 2
19 66 65
19 68 5
20 1 50
20 3 60
20 4 69
20 6 61
20 8 47
20 10 46
20 13 41
20 14 36
20 15 1
20 16 49
20 17 23
20 18 5
20 19 24
20 21 33
20 22 13
20 25 51
20 27 56
20 29 31
20 30 52
20 31 40
20 33 55
20 35 54
20 36 19
20 37 67
20 38 63
20 39 57
20 40 18
20 43 32
20 44 7
20 45 10
20 46 45
20 47 26
20 48 12
20 49 29
20 51 8
20 52 9
20 55 27
20 56 64
20 57 53
20 59 48
20 60 68
20 62 38
20 64 14
20 65 3
20 66 17
20 67 34
20 68 37
20 69 59
21 0 50
21 1 57
21 2 38
21 3 37
21 4 47
21 5 19
21 6 16
21 8 66
21 9 63
21 10 21
21 11 2
21 12 20
21 13 55
21 15 54
21 16 42
21 17 24
21 18 17
21 19 44
21 20 32
21 21 9
21 24 33
21 25 52
21 26 67
21 28 51
21 29 41
21 31 25
21 32 34
21 33 27
21 34 68
21 37 12
21 38 8
21 40 14
21 42 10
21 43 11
21 44 28
21 46 58
21 47 43
21 48 46
21 49 61
21 50 29
21 51 15
21 54 18
21 57 59
21 59 65
21 60 36
21 62 56
21 64 30
21 65 31
21 67 13
21 69 40
22 1 58
22 2 34
22 5 68
22 6 55
22 7 27
22 8 51
22 9 30
22 10 19
22 11 32
22 12 1
22 13 49
22 14 50
22 16 0
22 17 46
22 18 66
22 19 61
22 21 57
22 22 7
22 24 59
22 25 5
22 26 28
22 27 2
22 28 3
22 30 31
22 31 16
22 32 18
22 33 41
22 35 52
22 36 47
22 37 25
22 38 37
22 40 60
22 41 17
22 43 9
22 44 43
22 45 65
22 46 54
22 47 6
22 48 29
22 50 11
22 52 62
22 55 15
22 56 38
22 57 67
22 58 39
22 61 10
22 62 12
22 64 23
22 65 24
22 66 35
22 67 45
23 3 56
23 4 36
23 7 11
23 8 12
23 9 8
23 10 47
23 12 53
23 13 59
23 15 52
23 16 31
23 18 0
23 19 46
23 20 29
23 23 44
23 24 65
23 26 13
23 27 7
23 28 18
23 29 14
23 30 69
23 32 2
23 33 60
23 36 49
23 37 35
23 41 32
23 42 68
23 44 33
23 45 40
23 46 4
23 47 15
23 48 10
23 50 17
23 52 57
23 54 21
23 55 28
23 58 41
23 59 26
23 60 39
23 61 19
23 62 20
23 63 16
23 65 51
23 66 9
23 67 58
23 68 43
23 69 3
24 0 46
24 1 12
24 3 55
24 4 27
24 6 10
24 7 23
24 9 64
24 11 9
24 12 54
24 14 18
24 15 4
24 16 34
24 21 52
24 22 25
24 23 15
24 24 67
24 25 48
24 27 62
24 28 65
24 29 56
24 30 43
24 31 44
24 32 41
24 34 49
24 36 24
24 37 19
24 38 38
24 39 22
24 40 69
24 42 35
24 43 66
24 44 5
24 46 33
24 47 31
24 49 16
24 52 20
24 53 58
24 57 37
24 58 6
24 60 7
24 61 26
24 62 63
24 66 1
24 68 53
24 69 42
25 0 25
25 2 42
25 4 56
25 5 6
25 7 31
25 8 54
25 9 67
25 11 18
25 12 17
25 13 4
25 14 9
25 15 44
25 16 63
25 17 62
25 19 34
25 20 23
25 21 29
25 22 69
25 23 46
25 24 49
25 26 1
25 27 38
25 30 68
25 35 48
25 37 43
25 38 52
25 39 28
25 40 10
25 41 16
25 43 2
25 44 36
25 46 11
25 47 24
25 48 33
25 50 57
25 53 41
25 54 66
25 55 60
25 56 53
25 57 15
25 59 3
25 60 14
25 62 8
25 64 37
25 65 58
25 66 20
25 67 55
25 68 45
25 69 64
26 0 35
26 1 38
26 2 49
26 6 29
26 7 40
26 8 3
26 9 41
26 10 9
26 11 50
26 12 68
26 13 47
26 15 43
26 16 67
26 17 33
26 18 32
26 20 56
26 21 62
26 22 31
26 23 14
26 25 53
26 26 12
26 29 51
26 30 54
26 31 19
26 33 48
26 34 61
26 35 10
26 36 15
26 43 8
26 45 55
26 47 65
26 49 64
26 51 17
26 52 22
26 53 0
26 54 27
26 55 69
26 57 5
26 58 34
26 61 1
26 62 59
26 66 42
26 68 18
26 69 60
27 0 54
27 2 24
27 3 64
27 4 9
27 5 33
27 6 27
27 12 66
27 13 45
27 14 51
27 15 11
27 17 10
27 18 26
27 19 35
27 20 49
27 25 40
27 26 38
27 27 14
27 28 67
27 30 63
27 31 41
27 32 52
27 33 30
27 37 60
27 39 42
27 40 46
27 41 25
27 42 4
27 43 16
27 44 18
27 46 15
27 47 50
27 48 20
27 49 59
27 51 7
27 52 17
27 53 8
27 54 0
27 55 44
27 56 48
27 58 55
27 61 68
27 62 36
27 64 43
27 65 32
27 66 57
27 67 65
27 68 22
27 69 1
28 0 8
28 1 60
28 2 16
28 3 14
28 5 36
28 6 48
28 7 55
28 8 10
28 9 23
28 11 59
28 12 69
28 14 41
28 15 42
28 16 51
28 17 34
28 18 13
28 20 11
28 21 4
28 23 54
28 24 47
28 27 32
28 28 52
28 29 62
28 31 56
28 32 25
28 33 19
28 34 27
28 35 3
28 36 7
28 37 58
28 38 57
28 40 9
28 41 53
28 42 45
28 43 28
28 44 40
28 45 49
28 46 66
28 49 46
28 52 43
28 53 50
28 55 64
28 56 29
28 57 63
28 58 21
28 59 15
28 65 18
28 68 30
28 69 33
29 1 36
29 2 5
29 3 31
29 4 50
29 6 14
29 8 15
29 10 38
29 11 27
29 12 39
29 13 40
29 15 67
29 16 30
29 17 51
29 18 60
29 19 52
29 20 45
29 21 61
29 22 10
29 23 66
29 24 6
29 25 59
29 26 20
29 27 63
29 28 2
29 29 37
29 30 41
29 31 18
29 34 64
29 37 56
29 38 22
29 39 17
29 41 29
29 42 53
29 44 1
29 46 42
29 47 12
29 48 9
29 50 26
29 51 48
29 52 65
29 53 4
29 54 62
29 55 32
29 56 13
29 57 21
29 60 58
29 62 44
29 63 19
29 65 43
29 69 23
30 0 49
30 2 45
30 3 19
30 4 51
30 6 30
30 7 52
30 9 56
30 11 0
30 12 48
30 13 39
30 14 28
30 15 23
30 16 1
30 17 31
30 18 7
30 19 36
30 22 53
30 23 37
30 24 61
30 26 50
30 28 44
30 29 9
30 32 58
30 34 4
30 36 25
30 38 13
30 39 59
30 40 17
30 42 14
30 43 41
30 45 43
30 48 42
30 49 57
30 51 26
30 52 38
30 53 21
30 56 2
30 58 11
30 59 10
30 62 34
30 65 54
30 66 62
30 68 6
30 69 5
31 0 28
31 1 52
31 2 22
31 3 3
31 4 12
31 6 1
31 7 54
31 8 41
31 10 67
31 11 69
31 12 36
31 13 63
31 14 39
31 16 65
31 17 9
31 18 18
31 20 51
31 21 25
31 22 30
31 23 33
31 24 11
31 25 15
31 26 64
31 27 59
31 29 60
31 30 16
31 32 6
31 33 57
31 35 29
31 36 20
31 37 8
31 38 62
31 39 27
31 42 47
31 44 34
31 45 37
31 46 5
31 49 0
31 50 55
31 51 14
31 52 50
31 54 53
31 55 26
31 56 61
31 57 44
31 58 42
31 59 19
31 60 4
31 64 46
31 66 48
31 68 40
32 0 40
32 1 53
32 2 48
32 3 29
32 4 14
32 7 50
32 8 31
32 9 60
32 11 37
32 12 25
32 13 32
32 14 44
32 15 3
32 16 52
32 17 16
32 19 51
32 21 5
32 23 38
32 24 43
32 25 39
32 26 46
32 27 12
32 28 28
32 29 33
32 34 21
32 35 34
32 36 17
32 37 26
32 38 6
32 39 19
32 40 4
32 42 54
32 43 65
32 45 64
32 46 30
32 47 2
32 49 1
32 50 22
32 51 56
32 52 0
32 53 49
32 55 41
32 56 24
32 57 61
32 58 8
32 59 13
32 61 58
32 62 69
32 64 20
32 65 67
32 67 15
32 68 11
33 0 62
33 1 13
33 2 68
33 3 6
33 4 30
33 5 54
33 7 61
33 8 18
33 9 65
33 10 35
33 11 28
33 12 37
33 13 19
33 14 2
33 15 58
33 16 32
33 18 4
33 19 14
33 20 33
33 21 27
33 22 44
33 23 55
33 25 9
33 26 31
33 27 42
33 28 12
33 29 29
33 30 26
33 32 20
33 34 50
33 35 45
33 36 43
33 37 7
33 38 53
33 39 16
33 42 56
33 45 5
33 46 10
33 48 8
33 50 69
33 51 47
33 53 52
33 54 36
33 55 48
33 56 46
33 58 63
33 59 51
33 61 64
33 62 49
33 63 0
33 64 39
33 65 22
33 66 59
33 67 60
33 69 11
34 0 44
34 1 6
34 3 51
34 4 15
34 5 52
34 6 42
34 10 10
34 11 68
34 12 45
34 14 0
34 17 32
34 19 30
34 20 66
34 21 63
34 22 14
34 23 69
34 25 18
34 27 5
34 28 43
34 29 12
34 30 9
34 32 3
34 35 57
34 36 40
34 37 59
34 38 48
34 39 54
34 41 24
34 42 1
34 44 41
34 46 64
34 47 17
34 48 37
34 49 60
34 50 4
34 51 2
34 52 49
34 53 34
34 54 35
34 56 33
34 57 39
34 58 20
34 60 55
34 61 27
34 63 11
34 64 22
34 66 13
34 68 29
34 69 53
35 0 55
35 2 60
35 4 34
35 5 59
35 6 31
35 7 39
35 9 53
35 11 21
35 12 10
35 13 44
35 14 67
35 15 19
35 16 7
35 17 20
35 18 36
35 19 28
35 20 1
35 21 13
35 22 57
35 24 64
35 27 65
35 28 22
35 29 8
35 30 42
35 31 66
35 32 33
35 33 68
35 34 58
35 36 38
35 40 52
35 42 32
35 45 11
35 47 63
35 48 16
35 50 46
35 51 4
35 52 24
35 53 12
35 54 6
35 55 51
35 57 18
35 58 9
35 59 47
35 60 61
35 61 41
35 62 62
35 64 54
35 67 0
35 68 14
35 69 43
36 0 12
36 1 21
36 2 65
36 4 8
36 5 47
36 6 26
36 7 34
36 8 13
36 10 56
36 11 20
36 12 11
36 13 48
36 14 14
36 16 64
36 18 45
36 20 67
36 22 35
36 23 62
36 24 63
36 25 29
36 26 4
36 27 51
36 28 38
36 29 44
36 30 3
36 31 1
36 32 50
36 33 5
36 34 19
36 35 9
36 36 16
36 37 18
36 38 61
36 42 58
36 44 39
36 45 36
36 47 46
36 48 55
36 49 6
36 50 31
36 51 60
36 52 32
36 53 66
36 58 2
36 59 25
36 61 37
36 62 43
36 64 27
36 65 53
36 67 40
36 68 68
36 69 54
37 0 56
37 2 26
37 3 43
37 6 18
37 7 1
37 8 46
37 9 4
37 10 5
37 11 8
37 13 22
37 14 37
37 16 25
37 18 42
37 19 57
37 20 19
37 22 20
37 23 32
37 24 10
37 25 30
37 26 61
37 27 34
37 29 6
37 31 15
37 32 9
37 33 24
37 35 63
37 36 33
37 37 27
37 39 13
37 41 60
37 42 67
37 43 36
37 45 50
37 46 7
37 47 69
37 48 40
37 49 47
37 50 35
37 51 23
37 52 31
37 53 11
37 54 52
37 58 48
37 59 21
37 60 66
37 62 2
37 63 62
37 65 29
37 67 12
37 69 28
38 0 10
38 2 59
38 4 22
38 6 28
38 7 43
38 8 24
38 9 3
38 12 51
38 13 29
38 14 32
38 15 27
38 17 66
38 20 14
38 21 21
38 24 4
38 25 55
38 26 68
38 27 6
38 28 54
38 34 38
38 36 56
38 38 1
38 41 0
38 42 31
38 44 52
38 45 48
38 46 60
38 47 9
38 48 39
38 50 58
38 51 69
38 54 63
38 56 45
38 57 34
38 58 13
38 59 64
38 60 19
38 61 50
38 62 37
38 63 33
38 64 53
38 66 2
39 0 14
39 1 0
39 3 12
39 4 6
39 7 28
39 8 57
39 9 24
39 12 21
39 13 25
39 14 55
39 15 49
39 17 7
39 18 64
39 19 17
39 22 52
39 23 67
39 24 46
39 26 48
39 27 29
39 28 13
39 29 4
39 31 11
39 32 51
39 33 22
39 34 60
39 35 68
39 37 36
39 38 35
39 39 9
39 41 15
39 42 33
39 43 63
39 44 58
39 45 41
39 47 27
39 48 26
39 49 32
39 52 10
39 53 62
39 54 47
39 56 31
39 57 56
39 58 61
39 59 16
39 60 2
39 62 39
39 64 66
39 66 50
39 68 8
39 69 38
40 0 43
40 1 59
40 2 54
40 3 13
40 4 4
40 6 52
40 7 63
40 8 33
40 9 14
40 10 49
40 13 0
40 14 11
40 17 60
40 19 48
40 25 46
40 26 27
40 28 40
40 29 16
40 30 24
40 31 7
40 32 38
40 33 6
40 34 62
40 36 37
40 37 39
40 38 32
40 40 34
40 43 64
40 44 69
40 45 45
40 46 57
40 47 1
40 48 67
40 49 50
40 50 53
40 51 65
40 52 66
40 53 68
40 54 3
40 55 12
40 56 44
40 58 36
40 59 17
40 60 42
40 62 41
40 64 58
40 65 25
40 66 10
40 67 31
40 68 47
40 69 51
41 0 20
41 2 63
41 3 8
41 4 2
41 5 1
41 6 22
41 7 5
41 9 28
41 10 58
41 11 23
41 13 36
41 14 62
41 15 45
41 18 19
41 19 64
41 20 52
41 23 43
41 24 31
41 25 35
41 26 56
41 28 21
41 34 57
41 35 49
41 36 59
41 37 48
41 38 10
41 39 3
41 40 51
41 41 65
41 43 34
41 46 9
41 47 39
41 48 17
41 50 14
41 54 69
41 56 0
41 57 55
41 60 44
41 61 60
41 62 30
41 63 46
41 64 50
41 65 37
41 66 18
41 68 25
42 0 4
42 1 29
42 2 69
42 5 28
42 6 38
42 7 67
42 8 5
42 9 40
42 13 62
42 15 14
42 17 68
42 18 10
42 19 13
42 20 8
42 23 20
42 24 7
42 25 1
42 26 11
42 27 57
42 28 6
42 30 60
42 34 30
42 35 65
42 36 18
42 37 24
42 38 21
42 40 53
42 41 42
42 45 17
42 46 61
42 48 2
42 50 37
42 51 34
42 52 19
42 53 25
42 54 23
42 55 16
42 56 41
42 57 3
42 58 26
42 59 55
42 60 54
42 62 51
42 63 47
42 64 56
42 67 27
42 68 58
43 0 38
43 1 63
43 2 62
43 3 17
43 4 48
43 5 66
43 7 45
43 8 39
43 9 54
43 11 10
43 13 53
43 14 42
43 15 47
43 16 44
43 17 19
43 18 12
43 19 40
43 20 28
43 22 49
43 23 56
43 24 9
43 25 61
43 26 58
43 28 41
43 29 55
43 33 37
43 35 2
43 37 50
43 38 67
43 39 7
43 40 31
43 41 30
43 42 51
43 43 20
43 44 23
43 45 22
43 46 29
43 47 36
43 48 52
43 49 18
43 50 3
43 54 4
43 55 68
43 56 16
43 58 46
43 61 13
43 62 65
43 64 21
43 65 0
43 66 8
43 67 43
43 68 1
43 69 35
44 0 19
44 1 55
44 2 35
44 5 62
44 6 9
44 8 11
44 9 29
44 11 63
44 12 2
44 14 15
44 15 10
44 16 60
44 18 31
44 19 65
44 22 58
44 24 0
44 25 36
44 27 69
44 28 25
44 29 24
44 30 4
44 31 34
44 32 56
44 34 46
44 36 42
44 38 33
44 41 7
44 42 48
44 43 6
44 44 45
44 45 52
44 46 21
44 47 30
44 48 57
44 49 39
44 53 51
44 55 37
44 56 59
44 57 64
44 59 22
44 61 12
44 63 13
44 64 61
44 65 27
44 68 16
44 69 20
45 0 3
45 1 22
45 4 25
45 6 60
45 8 69
45 9 50
45 10 7
45 11 67
45 13 5
45 14 23
45 15 46
45 16 18
45 19 15
45 20 17
45 24 40
45 25 64
45 27 66
45 28 32
45 29 65
45 30 11
45 31 35
45 32 29
45 33 38
45 34 36
45 35 37
45 36 13
45 37 1
45 38 30
45 39 33
45 40 26
45 41 59
45 43 27
45 45 34
45 46 62
45 49 43
45 50 45
45 52 41
45 53 48
45 54 44
45 55 54
45 57 6
45 61 49
45 62 21
45 63 31
45 65 10
45 66 61
45 68 55
45 69 16
46 0 17
46 3 4
46 4 29
46 6 50
46 7 65
46 8 27
46 9 12
46 11 34
46 14 53
46 15 57
46 16 54
46 17 18
46 18 3
46 19 68
46 20 6
46 21 55
46 24 30
46 25 56
46 26 49
46 28 59
46 29 64
46 30 38
46 31 26
46 33 62
46 34 5
46 35 43
46 36 52
46 39 46
46 42 60
46 43 13
46 44 48
46 45 15
46 46 23
46 47 0
46 50 51
46 53 20
46 54 61
46 55 10
46 57 2
46 61 25
46 62 11
46 64 44
46 65 36
46 66 69
46 67 21
46 68 28
46 69 32
47 0 67
47 1 5
47 6 51
47 7 41
47 9 52
47 10 2
47 13 20
47 14 68
47 15 40
47 16 46
47 17 54
47 19 27
47 20 3
47 21 31
47 22 60
47 23 18
47 24 50
47 25 65
47 26 26
47 27 17
47 30 22
47 31 62
47 32 15
47 33 58
47 34 33
47 36 44
47 37 0
47 38 25
47 40 49
47 41 69
47 42 23
47 43 56
47 44 8
47 45 21
47 46 43
47 51 35
47 52 63
47 55 6
47 56 37
47 58 32
47 59 39
47 60 16
47 62 29
47 63 4
47 66 55
47 67 47
47 69 10
48 2 8
48 3 1
48 6 44
48 10 41
48 11 11
48 12 62
48 13 42
48 14 56
48 15 9
48 17 30
48 25 17
48 26 14
48 27 50
48 28 5
48 29 49
48 30 40
48 31 36
48 33 4
48 34 63
48 35 59
48 36 0
48 37 37
48 40 19
48 41 28
48 42 46
48 43 18
48 44 65
48 45 32
48 46 6
48 49 2
48 50 13
48 52 68
48 55 24
48 56 67
48 58 23
48 59 69
48 61 22
48 64 15
48 65 64
48 66 3
48 67 61
48 68 35
48 69 31
49 1 65
49 2 32
49 3 36
49 5 23
49 6 49
49 9 25
49 10 1
49 11 57
49 13 7
49 14 12
49 15 2
49 16 40
49 20 38
49 21 69
49 22 6
49 23 13
49 24 62
49 25 54
49 26 44
49 27 26
49 28 50
49 30 59
49 31 29
49 34 55
49 35 33
49 36 67
49 38 20
49 40 58
49 42 8
49 43 47
49 44 35
49 45 0
49 46 46
49 47 4
49 48 3
49 49 37
49 51 27
49 52 64
49 53 14
49 54 56
49 55 61
49 56 10
49 58 30
49 59 18
49 60 24
49 63 60
49 65 68
49 66 31
50 0 69
50 1 3
50 2 15
50 3 49
50 5 46
50 11 7
50 13 65
50 14 52
50 16 8
50 17 63
50 19 45
50 20 48
50 21 14
50 23 16
50 24 23
50 25 19
50 27 27
50 28 55
50 29 35
50 30 25
50 31 4
50 32 12
50 34 9
50 36 36
50 37 2
50 38 42
50 39 51
50 40 38
50 41 5
50 43 59
50 44 61
50 45 20
50 46 0
50 47 47
50 48 60
50 49 53
50 50 10
50 53 37
50 54 58
50 55 34
50 56 11
50 57 68
50 58 28
50 60 26
50 61 17
50 64 57
50 66 66
50 67 29
50 69 6
51 0 0
51 2 64
51 3 47
51 4 62
51 5 43
51 6 65
51 7 22
51 9 39
51 10 8
51 11 3
51 12 14
51 14 66
51 15 63
51 16 69
51 18 59
51 19 21
51 22 41
51 23 7
51 24 27
51 25 4
51 27 20
51 28 58
51 29 18
51 31 33
51 36 23
51 37 40
51 38 12
51 39 11
51 40 37
51 41 48
51 42 15
51 43 31
51 44 30
51 45 9
51 46 13
51 47 29
51 48 19
51 49 5
51 50 2
51 51 61
51 53 38
51 54 67
51 56 60
51 57 42
51 58 50
51 59 34
51 60 57
51 62 1
51 63 28
51 64 32
51 65 55
51 66 54
51 68 49
51 69 25
52 0 61
52 1 43
52 2 20
52 3 54
52 4 16
52 7 30
52 10 28
52 11 60
52 13 66
52 14 3
52 15 65
52 16 14
52 18 2
52 20 27
52 23 42
52 27 46
52 28 57
52 29 5
52 31 50
52 32 63
52 34 29
52 35 44
52 36 41
52 37 45
52 38 23
52 39 62
52 41 22
52 42 18
52 43 21
52 44 67
52 46 51
52 47 7
52 49 15
52 51 19
52 54 17
52 56 52
52 57 40
52 58 12
52 59 31
52 60 38
52 61 8
52 62 0
52 63 26
52 64 35
52 66 56
52 68 34
52 69 37
53 0 7
53 1 18
53 2 10
53 4 19
53 5 25
53 6 11
53 7 68
53 8 52
53 9 42
53 11 26
53 12 9
53 13 37
53 16 13
53 20 24
53 21 2
53 22 63
53 23 49
53 24 39
53 25 38
53 26 69
53 29 3
53 30 45
53 32 62
53 33 20
53 35 51
53 36 64
53 37 65
53 38 5
53 40 33
53 43 48
53 45 16
53 46 8
53 47 40
53 48 56
53 50 60
53 51 31
53 52 55
53 53 30
53 54 54
53 57 29
53 58 58
53 59 66
53 60 0
53 61 59
53 62 53
53 63 27
53 64 47
53 66 41
53 67 1
53 68 15
53 69 17
54 0 65
54 1 17
54 2 27
54 3 40
54 4 59
54 5 9
54 6 2
54 7 35
54 8 19
54 9 34
54 11 46
54 12 49
54 13 69
54 15 41
54 17 3
54 18 24
54 20 13
54 21 8
54 23 45
54 25 20
54 30 32
54 31 37
54 32 26
54 33 44
54 35 67
54 38 43
54 40 30
54 41 23
54 43 12
54 46 14
54 47 33
54 48 6
54 49 55
54 51 52
54 52 11
54 54 29
54 55 53
54 56 68
54 57 57
54 58 38
54 59 50
54 64 51
54 65 60
54 68 21
54 69 7
55 1 46
55 2 67
55 4 45
55 5 50
55 8 35
55 9 32
55 10 52
55 11 6
55 12 3
55 14 29
55 16 22
55 19 16
55 20 47
55 21 12
55 23 51
55 24 69
55 25 0
55 27 33
55 30 17
55 31 2
55 32 65
55 34 44
55 36 39
55 38 58
55 39 4
55 40 56
55 41 55
55 42 27
55 43 53
55 46 31
55 47 13
55 49 48
55 52 54
55 55 49
55 56 1
55 57 7
55 58 15
55 59 41
55 60 9
55 61 34
55 62 42
55 64 36
55 65 28
55 66 43
55 67 37
55 68 60
56 1 39
56 2 18
56 4 55
56 6 0
56 8 36
56 9 7
56 10 60
56 11 41
56 12 56
56 15 25
56 17 21
56 18 48
56 19 6
56 20 58
56 21 68
56 23 27
56 24 35
56 26 47
56 27 45
56 30 50
56 31 5
56 32 4
56 33 52
56 34 69
56 35 31
56 36 26
56 37 13
56 38 15
56 39 65
56 41 8
56 42 49
56 43 29
56 45 28
56 47 53
56 48 34
56 50 40
56 51 9
56 53 44
56 58 14
56 59 57
56 60 67
56 61 24
56 62 64
56 63 66
56 64 1
56 65 33
56 67 46
56 69 30
57 1 34
57 2 47
57 3 67
57 4 60
57 8 43
57 9 5
57 10 61
57 11 29
57 12 15
57 13 50
57 14 35
57 15 59
57 16 6
57 17 0
57 18 46
57 19 3
57 22 64
57 23 2
57 25 68
57 28 69
57 29 32
57 30 36
57 31 27
57 32 49
57 35 4
57 36 31
57 37 54
57 38 65
57 43 37
57 44 12
57 47 11
57 49 7
57 50 62
57 51 41
57 53 45
57 54 39
57 55 18
57 56 63
57 59 23
57 60 28
57 62 33
57 63 30
57 64 10
57 66 25
57 67 38
57 68 19
57 69 52
58 1 28
58 2 19
58 4 43
58 5 37
58 7 51
58 8 34
58 9 26
58 11 55
58 12 13
58 13 1
58 15 69
58 17 25
58 19 50
58 20 65
58 21 7
58 24 56
58 25 41
58 27 53
58 28 17
58 29 59
58 31 14
58 32 21
58 33 42
58 35 18
58 36 10
58 37 15
58 39 0
58 41 20
58 42 3
58 43 60
58 44 64
58 45 30
58 47 44
58 49 35
58 51 22
58 52 5
58 53 31
58 54 40
58 55 4
58 56 6
58 57 27
58 58 45
58 60 47
58 61 2
58 63 12
58 65 57
58 66 11
58 67 67
58 68 46
58 69 29
59 1 11
59 2 53
59 3 22
59 4 0
59 9 13
59 10 24
59 11 61
59 13 43
59 16 4
59 17 47
59 18 28
59 19 37
59 21 30
59 22 59
59 23 50
59 25 33
59 28 36
59 29 10
59 30 56
59 32 17
59 34 66
59 35 42
59 38 34
59 39 55
59 40 8
59 41 64
59 43 1
59 44 68
59 45 12
59 48 18
59 49 38
59 50 54
59 51 32
59 52 45
59 53 63
59 54 15
59 55 65
59 56 19
59 59 27
59 61 40
59 62 57
59 63 14
59 64 60
59 65 62
59 66 67
59 69 44
60 0 1
60 1 8
60 2 14
60 3 2
60 4 10
60 5 12
60 6 36
60 8 20
60 9 46
60 11 38
60 12 52
60 13 57
60 14 45
60 15 18
60 17 58
60 18 56
60 19 67
60 20 59
60 22 50
60 23 53
60 25 42
60 26 19
60 29 40
60 32 43
60 33 35
60 35 6
60 36 63
60 37 68
60 38 4
60 39 23
60 40 55
60 41 27
60 42 13
60 43 30
60 44 9
60 45 47
60 50 33
60 51 28
60 52 51
60 53 29
60 54 16
60 55 5
60 56 54
60 57 0
60 58 64
60 59 7
60 60 62
60 61 32
60 63 49
60 64 25
60 65 11
60 66 34
60 67 44
60 68 69
60 69 65
61 0 37
61 1 64
61 3 66
61 7 4
61 8 58
61 10 32
61 13 60
61 14 49
61 15 6
61 16 62
61 17 41
61 19 31
61 21 16
61 22 9
61 24 48
61 25 27
61 27 67
61 28 61
61 29 68
61 30 35
61 32 13
61 33 15
61 34 47
61 35 20
61 36 8
61 42 2
61 44 25
61 45 14
61 46 55
61 47 28
61 48 50
61 52 3
61 54 24
61 56 18
61 57 12
61 59 43
61 60 40
61 62 10
61 63 39
61 64 42
61 65 19
61 66 52
62 0 13
62 2 50
62 3 32
62 4 38
62 6 15
62 8 0
62 9 55
62 10 37
62 11 44
62 12 27
62 13 17
62 15 61
62 16 5
62 17 59
62 20 46
62 21 42
62 22 23
62 23 3
62 25 28
62 26 8
62 27 36
62 29 30
62 31 6
62 32 1
62 33 64
62 34 48
62 35 22
62 36 51
62 37 20
62 38 11
62 39 34
62 40 65
62 41 68
62 42 52
62 43 10
62 44 2
62 46 19
62 47 66
62 48 53
62 49 58
62 51 62
62 53 40
62 54 45
62 55 9
62 56 26
62 57 35
62 58 49
62 59 29
62 62 4
62 64 31
62 66 7
62 67 41
62 68 63
63 0 52
63 2 40
63 3 57
63 4 20
63 5 21
63 7 69
63 8 49
63 9 68
63 11 42
63 14 8
63 15 17
63 16 50
63 17 13
63 18 35
63 22 47
63 23 36
63 24 66
63 25 24
63 27 0
63 28 15
63 29 11
63 30 58
63 31 51
63 32 10
63 33 7
63 34 32
63 35 60
63 36 28
63 37 3
63 38 9
63 39 31
63 40 16
63 42 65
63 43 61
63 44 53
63 45 38
63 46 37
63 47 59
63 49 4
63 50 67
63 52 33
63 53 54
63 54 25
63 55 56
63 57 62
63 59 12
63 60 1
63 62 46
63 63 43
63 64 48
63 65 34
63 66 30
63 67 26
63 68 44
63 69 27
64 0 33
64 1 62
64 2 41
64 3 52
64 6 69
64 8 64
64 9 18
64 10 26
64 11 19
64 14 47
64 15 21
64 16 9
64 17 36
64 18 57
64 19 54
64 20 30
64 22 34
64 23 12
64 24 17
64 26 42
64 27 15
64 28 27
64 29 48
64 30 29
64 31 39
64 32 61
64 34 23
64 35 0
64 36 46
64 37 51
64 38 49
64 39 43
64 40 59
64 44 14
64 45 8
64 47 37
64 48 1
64 50 7
64 52 35
64 53 24
64 54 28
64 56 25
64 57 16
64 58 5
64 59 6
64 60 22
64 61 11
64 62 31
64 63 55
64 64 68
64 65 63
64 67 10
64 68 20
65 0 41
65 1 2
65 2 43
65 3 7
65 4 54
65 5 17
65 6 21
65 8 6
65 9 1
65 10 11
65 11 64
65 12 67
65 13 18
65 15 8
65 16 53
65 18 44
65 20 12
65 22 27
65 23 25
65 24 68
65 28 60
65 29 69
65 31 0
65 32 45
65 33 29
65 34 59
65 35 55
65 36 30
65 38 24
65 39 26
65 40 22
65 41 33
65 42 61
65 43 51
65 44 32
65 45 23
65 46 63
65 47 3
65 48 35
65 50 50
65 51 13
65 52 28
65 54 65
65 55 39
65 56 14
65 57 49
65 58 10
65 59 20
65 60 56
65 61 62
65 62 52
65 63 48
65 64 5
65 65 16
65 66 38
65 67 42
65 68 4
66 5 34
66 6 33
66 7 21
66 8 37
66 9 0
66 10 23
66 11 51
66 13 52
66 14 60
66 15 28
66 17 61
66 18 39
66 19 18
66 20 35
66 21 36
66 22 1
66 25 49
66 26 40
66 27 58
66 30 67
66 31 20
66 34 41
66 36 55
66 40 66
66 41 62
66 42 64
66 45 69
66 46 53
66 47 48
66 48 45
66 49 3
66 52 29
66 54 43
66 55 2
66 56 65
66 60 17
66 61 6
66 63 44
66 65 8
66 66 68
66 67 5
66 68 10
66 69 4
67 0 30
67 1 24
67 2 11
67 3 44
67 5 3
67 7 53
67 8 60
67 9 10
67 10 36
67 12 29
67 13 58
67 14 1
67 15 64
67 16 41
67 18 65
67 19 19
67 20 57
67 22 21
67 23 0
67 24 52
67 25 2
67 27 48
67 28 39
67 30 55
67 31 61
67 32 68
67 34 28
67 37 34
67 38 40
67 40 23
67 41 49
67 42 59
67 44 4
67 45 63
67 47 22
67 49 20
67 52 42
67 55 17
67 56 56
67 57 14
67 59 9
67 62 15
67 64 33
67 65 6
67 66 45
67 67 62
67 68 27
67 69 50
68 0 31
68 1 56
68 2 46
68 4 52
68 5 63
68 6 57
68 8 62
68 9 59
68 10 43
68 12 18
68 13 33
68 14 10
68 15 60
68 16 27
68 17 2
68 18 1
68 19 0
68 21 49
68 22 17
68 25 21
68 26 5
68 27 35
68 28 16
68 29 38
68 30 20
68 31 22
68 32 11
68 33 23
68 34 7
68 35 15
68 38 44
68 40 29
68 41 9
68 42 30
68 44 51
68 46 34
68 49 24
68 50 66
68 51 54
68 54 19
68 56 32
68 57 58
68 58 25
68 60 48
68 61 67
68 63 42
68 64 12
68 67 39
68 68 50
68 69 8
69 1 68
69 3 27
69 4 39
69 5 40
69 6 59
69 8 32
69 9 15
69 11 58
69 12 64
69 14 4
69 15 36
69 16 57
69 17 12
69 18 63
69 20 43
69 21 37
69 22 28
69 24 44
69 25 60
69 26 9
69 28 34
69 30 13
69 31 49
69 32 69
69 33 21
69 34 0
69 37 33
69 38 7
69 39 8
69 42 55
69 43 45
69 45 53
69 46 56
69 47 61
69 48 22
69 49 19
69 50 5
69 52 14
69 53 18
69 54 46
69 55 20
69 58 29
69 59 42
69 60 65
69 61 47
69 64 52
69 66 16
69 67 66
69 68 31
69 69 2
