70
0 2 12
0 3 36
0 10 64
0 14 45
0 27 67
0 28 50
0 29 20
0 40 37
0 44 8
0 47 42
0 48 32
0 53 39
0 59 48
0 60 19
0 61 40
0 62 1
0 64 15
0 69 2
1 0 57
1 4 24
1 7 33
1 9 62
1 11 43
1 14 47
1 17 1
1 23 52
1 30 27
1 33 67
1 38 69
1 39 19
1 43 20
1 49 56
1 53 59
1 57 14
1 58 18
1 60 46
1 68 53
1 69 10
2 5 63
2 8 62
2 9 16
2 10 18
2 15 40
2 16 59
2 19 47
2 22 6
2 24 5
2 25 23
2 26 30
2 30 33
2 31 29
2 32 1
2 36 14
2 38 34
2 44 11
2 45 51
2 53 32
2 58 8
2 60 43
2 61 48
2 62 42
2 67 2
3 1 32
3 4 22
3 8 65
3 12 52
3 13 59
3 19 38
3 22 20
3 23 40
3 24 44
3 26 58
3 27 37
3 30 50
3 32 14
3 34 43
3 35 23
3 37 33
3 40 18
3 41 60
3 47 35
3 52 25
3 63 19
3 68 54
4 0 0
4 6 32
4 8 66
4 9 15
4 11 31
4 14 1
4 17 18
4 18 9
4 20 7
4 25 58
4 33 10
4 34 54
4 37 63
4 38 59
4 40 35
4 52 69
4 54 42
4 55 22
4 57 52
4 58 13
4 59 51
4 60 38
4 63 41
4 69 19
5 0 69
5 11 26
5 15 63
5 20 41
5 23 60
5 27 13
5 28 58
5 30 9
5 33 59
5 34 8
5 35 27
5 36 20
5 37 23
5 40 15
5 41 0
5 42 52
5 48 24
5 50 11
5 51 16
5 55 43
5 57 44
5 58 67
5 62 46
5 66 19
5 69 48
6 1 21
6 3 13
6 4 14
6 6 44
6 8 6
6 16 32
6 21 24
6 22 9
6 25 59
6 26 50
6 28 53
6 30 12
6 39 60
6 40 25
6 41 68
6 45 23
6 46 19
6 48 54
6 58 31
6 68 55
7 0 31
7 3 22
7 6 57
7 10 46
7 20 9
7 29 69
7 32 17
7 47 66
7 51 10
7 53 64
7 55 36
7 56 41
7 57 29
7 58 3
7 60 55
7 62 67
7 66 23
7 68 34
7 69 25
8 0 55
8 2 54
8 3 52
8 4 57
8 10 23
8 20 8
8 25 45
8 29 27
8 34 10
8 35 6
8 38 67
8 40 28
8 41 18
8 44 12
8 45 47
8 48 39
8 50 30
8 51 33
8 52 63
8 55 0
8 58 22
8 62 38
8 65 3
9 6 40
9 9 67
9 11 41
9 13 37
9 17 12
9 18 34
9 21 20
9 29 31
9 33 24
9 34 36
9 37 14
9 39 43
9 42 56
9 43 51
9 47 69
9 52 26
9 53 9
9 55 32
9 64 45
10 0 28
10 2 21
10 3 62
10 6 49
10 12 3
10 13 1
10 17 14
10 21 18
10 23 19
10 27 29
10 29 6
10 34 32
10 36 58
10 39 24
10 41 48
10 46 16
10 51 0
10 53 61
10 55 66
10 62 22
10 63 7
10 67 64
11 5 48
11 8 18
11 11 13
11 17 57
11 21 15
11 24 68
11 25 36
11 29 9
11 33 35
11 37 64
11 40 2
11 47 65
11 48 47
11 49 55
11 50 63
11 58 50
11 59 6
11 66 44
11 67 53
11 68 41
11 69 60
12 0 2
12 6 53
12 7 13
12 10 60
12 12 61
12 15 42
12 18 36
12 19 59
12 30 54
12 32 55
12 35 21
12 38 12
12 44 19
12 45 16
12 51 4
12 59 23
12 66 56
12 67 52
12 68 64
13 3 35
13 10 21
13 11 61
13 13 65
13 14 23
13 17 2
13 18 28
13 20 45
13 30 32
13 32 8
13 33 39
13 35 63
13 45 69
13 46 3
13 47 64
13 48 5
13 49 42
13 55 19
13 59 31
13 61 17
13 69 24
14 1 51
14 4 23
14 9 63
14 10 68
14 14 49
14 17 43
14 20 64
14 22 3
14 24 57
14 27 53
14 29 58
14 31 69
14 34 35
14 36 27
14 38 26
14 39 4
14 40 13
14 42 67
14 44 48
14 45 19
14 54 21
14 57 28
14 63 8
15 0 47
15 9 24
15 12 58
15 13 48
15 16 42
15 22 15
15 23 26
15 37 19
15 38 35
15 41 39
15 42 50
15 43 30
15 44 66
15 49 29
15 53 53
15 54 3
15 57 41
15 60 59
15 62 34
15 64 14
15 65 5
16 0 19
16 5 25
16 13 11
16 15 13
16 18 15
16 19 30
16 21 66
16 24 26
16 27 58
16 30 52
16 36 24
16 37 40
16 44 46
16 46 18
16 58 68
16 59 60
16 60 54
16 61 53
16 66 48
16 67 39
16 68 43
16 69 12
17 0 7
17 3 57
17 9 43
17 11 16
17 15 4
17 18 1
17 21 8
17 27 10
17 28 9
17 31 68
17 36 60
17 43 50
17 47 49
17 49 32
17 50 28
17 51 52
17 52 48
17 55 30
17 66 6
18 3 27
18 10 44
18 15 20
18 16 30
18 17 11
18 19 35
18 24 59
18 29 17
18 30 15
18 33 25
18 34 38
18 35 45
18 41 2
18 45 62
18 46 7
18 53 36
18 54 46
18 55 31
18 62 16
18 63 28
19 0 54
19 4 66
19 10 25
19 21 38
19 30 57
19 37 6
19 41 61
19 43 26
19 47 27
19 53 51
19 55 64
19 60 65
19 66 14
20 1 52
20 2 59
20 7 45
20 10 57
20 11 44
20 13 8
20 16 11
20 18 10
20 21 49
20 22 62
20 25 19
20 34 12
20 38 43
20 45 61
20 46 42
20 49 68
20 57 50
20 59 39
20 60 26
21 1 27
21 3 45
21 5 24
21 8 38
21 9 10
21 30 11
21 40 60
21 45 15
21 59 8
21 62 23
21 64 55
21 65 17
21 66 36
21 68 42
22 1 33
22 2 35
22 5 49
22 11 0
22 14 28
22 17 69
22 18 41
22 21 43
22 23 8
22 34 60
22 36 64
22 45 46
22 52 53
22 56 58
22 57 26
22 58 42
22 59 18
22 60 62
22 62 13
22 64 59
22 66 11
22 68 10
23 1 0
23 2 14
23 9 6
23 20 34
23 22 1
23 23 16
23 29 44
23 32 61
23 36 31
23 39 47
23 41 12
23 42 54
23 43 63
23 48 28
23 50 5
23 53 56
23 56 11
23 60 8
23 63 68
23 64 2
23 68 37
24 1 34
24 5 52
24 8 31
24 13 56
24 14 53
24 20 13
24 29 21
24 34 68
24 40 5
24 41 65
24 52 59
24 53 16
24 54 19
24 55 47
24 56 7
24 61 18
24 64 49
24 69 58
25 0 60
25 2 33
25 4 32
25 8 41
25 15 59
25 22 5
25 25 35
25 26 46
25 34 63
25 36 25
25 38 24
25 39 7
25 40 43
25 45 18
25 47 40
25 49 44
25 51 1
25 61 28
25 63 17
25 65 38
25 66 3
25 68 31
26 6 63
26 7 39
26 8 40
26 9 50
26 10 34
26 11 23
26 14 31
26 15 25
26 16 33
26 17 6
26 19 60
26 20 57
26 25 14
26 31 22
26 35 47
26 41 62
26 44 44
26 50 49
26 55 26
26 57 24
26 58 45
26 59 69
27 0 64
27 12 29
27 13 13
27 20 25
27 23 42
27 24 15
27 26 27
27 27 9
27 28 34
27 36 37
27 38 68
27 39 61
27 40 14
27 43 18
27 48 60
27 49 0
27 50 55
27 52 56
27 54 63
27 55 4
27 60 39
27 62 35
27 63 6
27 66 43
28 2 8
28 12 57
28 18 35
28 25 4
28 29 52
28 32 68
28 37 65
28 39 55
28 41 5
28 47 11
28 48 59
28 53 17
28 56 18
28 58 48
28 62 50
28 65 13
28 67 9
29 2 30
29 5 12
29 8 29
29 11 6
29 12 62
29 14 8
29 17 61
29 19 53
29 20 37
29 28 17
29 32 64
29 34 67
29 35 33
29 38 5
29 41 24
29 42 16
29 44 47
29 51 39
29 58 40
29 59 54
29 60 34
29 65 58
29 68 50
30 0 62
30 2 18
30 9 33
30 11 30
30 14 24
30 17 49
30 19 34
30 21 29
30 23 59
30 30 5
30 38 2
30 39 39
30 40 66
30 43 48
30 45 14
30 46 0
30 48 42
30 49 3
30 51 69
30 54 57
30 55 9
30 61 68
30 63 67
30 67 19
31 6 55
31 8 52
31 10 67
31 11 9
31 13 45
31 15 60
31 16 50
31 19 12
31 20 27
31 23 64
31 24 32
31 25 20
31 26 11
31 32 3
31 33 21
31 35 46
31 36 33
31 39 29
31 44 22
31 46 63
31 51 56
31 53 26
31 55 1
31 60 23
32 1 61
32 2 58
32 18 19
32 19 31
32 21 27
32 23 17
32 32 67
32 34 44
32 36 30
32 37 34
32 39 28
32 44 5
32 47 7
32 50 66
32 56 29
32 60 2
32 61 14
32 64 41
32 66 22
32 69 3
33 0 26
33 2 69
33 6 62
33 9 5
33 11 66
33 13 18
33 15 68
33 17 16
33 18 31
33 21 30
33 29 47
33 32 60
33 43 27
33 47 38
33 48 17
33 49 57
33 54 14
33 55 13
33 58 46
33 63 53
33 64 36
33 66 9
33 68 52
34 5 22
34 6 10
34 10 65
34 14 57
34 15 5
34 16 34
34 17 28
34 23 32
34 29 23
34 32 15
34 34 69
34 35 58
34 36 48
34 42 7
34 45 43
34 46 39
34 48 8
34 52 20
34 53 38
34 60 0
34 64 33
34 65 56
34 69 13
35 0 61
35 2 43
35 7 2
35 10 37
35 16 57
35 20 62
35 26 64
35 29 50
35 30 14
35 32 48
35 34 40
35 35 31
35 38 58
35 40 59
35 41 13
35 42 23
35 43 53
35 46 51
35 58 26
35 61 21
35 66 15
36 4 8
36 7 35
36 9 58
36 10 55
36 13 47
36 26 57
36 29 14
36 31 38
36 32 49
36 33 30
36 37 46
36 40 36
36 41 28
36 44 1
36 45 50
36 47 10
36 49 9
36 52 24
36 55 51
36 57 62
36 59 3
36 62 68
36 67 7
37 0 14
37 10 5
37 12 22
37 14 60
37 15 65
37 18 3
37 22 16
37 23 31
37 24 46
37 27 33
37 29 19
37 31 13
37 33 2
37 37 56
37 39 30
37 42 18
37 45 32
37 47 20
37 50 43
37 53 55
37 54 50
37 55 28
37 63 51
37 68 58
38 2 52
38 8 26
38 12 17
38 17 20
38 18 29
38 20 15
38 28 51
38 30 66
38 43 68
38 45 24
38 52 19
38 53 46
38 54 12
38 55 10
38 57 61
38 58 47
38 60 50
39 5 47
39 7 26
39 9 55
39 11 60
39 12 53
39 13 44
39 15 33
39 17 23
39 27 22
39 30 6
39 33 41
39 37 13
39 40 24
39 42 42
39 47 68
39 53 69
39 58 5
39 59 14
39 60 18
39 62 4
39 64 7
39 65 40
39 68 15
40 1 30
40 2 5
40 3 17
40 5 37
40 9 48
40 10 16
40 24 10
40 30 41
40 31 31
40 37 47
40 38 18
40 39 42
40 41 3
40 46 14
40 54 59
40 55 69
40 56 43
40 61 22
40 64 51
41 6 5
41 7 58
41 9 34
41 11 25
41 12 42
41 13 15
41 15 11
41 17 36
41 18 51
41 26 19
41 33 50
41 34 14
41 35 32
41 38 8
41 44 54
41 45 38
41 47 31
41 57 21
41 64 40
41 65 22
41 69 27
42 3 51
42 4 26
42 5 7
42 8 60
42 16 61
42 17 30
42 19 43
42 20 22
42 28 31
42 29 11
42 30 36
42 36 32
42 37 50
42 40 49
42 41 19
42 47 52
42 48 2
42 51 12
42 56 1
42 60 28
42 61 39
42 65 14
43 0 34
43 4 5
43 5 26
43 6 68
43 8 58
43 9 60
43 12 44
43 21 63
43 22 23
43 23 36
43 24 12
43 27 2
43 28 65
43 31 47
43 36 53
43 44 7
43 45 37
43 47 8
43 56 54
43 63 57
43 67 16
44 2 2
44 3 23
44 4 3
44 5 11
44 9 56
44 11 15
44 17 22
44 18 13
44 30 64
44 31 52
44 33 1
44 37 66
44 39 54
44 40 57
44 42 29
44 45 20
44 50 33
44 57 30
44 58 39
44 59 49
44 61 19
44 62 55
44 65 16
44 69 47
45 0 25
45 2 6
45 3 2
45 4 51
45 11 10
45 16 9
45 23 57
45 25 49
45 28 44
45 31 58
45 34 22
45 39 35
45 48 48
45 49 40
45 51 47
45 53 5
45 55 15
45 61 54
46 2 48
46 4 54
46 7 36
46 10 7
46 18 58
46 27 69
46 30 30
46 32 10
46 33 18
46 37 20
46 40 34
46 43 12
46 48 37
46 51 14
46 52 61
46 58 66
46 59 21
46 61 3
46 62 11
46 63 4
47 4 35
47 5 39
47 6 29
47 13 12
47 14 51
47 19 40
47 21 55
47 22 37
47 29 10
47 32 46
47 35 68
47 36 18
47 41 26
47 47 48
47 48 21
47 49 20
47 52 44
47 65 8
48 8 24
48 13 53
48 14 21
48 15 64
48 17 3
48 27 47
48 28 28
48 32 40
48 41 58
48 44 10
48 46 32
48 47 1
48 48 33
48 56 50
48 67 25
48 68 62
49 1 23
49 5 30
49 6 8
49 10 43
49 13 69
49 15 17
49 20 36
49 21 60
49 26 63
49 36 16
49 37 45
49 50 53
49 52 7
49 56 46
49 60 56
49 61 64
49 62 2
49 63 62
49 66 42
49 68 65
50 1 25
50 2 61
50 3 42
50 4 67
50 8 3
50 17 4
50 20 6
50 25 24
50 27 18
50 28 57
50 36 45
50 41 29
50 42 63
50 43 46
50 44 28
50 45 33
50 46 48
50 49 12
50 51 41
50 53 68
50 54 62
50 55 50
50 57 22
50 58 21
50 61 10
50 65 66
50 68 13
51 6 31
51 7 34
51 12 4
51 14 39
51 15 58
51 16 41
51 17 24
51 20 10
51 21 9
51 22 66
51 30 60
51 31 45
51 32 38
51 35 26
51 37 3
51 38 25
51 40 33
51 42 59
51 43 14
51 50 0
51 51 54
51 52 62
51 57 15
51 58 30
51 60 52
51 64 50
51 69 43
52 2 63
52 4 19
52 11 56
52 16 53
52 19 65
52 20 58
52 21 39
52 25 47
52 30 22
52 34 61
52 41 54
52 50 6
52 52 42
52 53 15
52 56 57
52 58 16
52 60 32
52 61 26
52 65 11
52 66 49
53 1 11
53 3 21
53 7 55
53 14 9
53 15 19
53 26 59
53 29 1
53 31 27
53 34 47
53 36 43
53 44 16
53 47 26
53 48 66
53 55 7
53 56 24
53 59 17
53 62 15
53 69 35
54 2 47
54 3 39
54 6 18
54 7 59
54 10 52
54 11 64
54 12 66
54 17 48
54 18 53
54 19 2
54 23 68
54 25 17
54 27 60
54 28 42
54 29 38
54 30 13
54 31 34
54 41 43
54 46 33
54 60 6
54 61 36
54 66 25
54 69 31
55 0 11
55 3 34
55 9 68
55 14 18
55 22 17
55 25 3
55 27 44
55 29 56
55 31 2
55 40 8
55 43 5
55 47 45
55 49 54
55 51 64
55 53 66
55 63 40
55 67 46
56 1 59
56 3 37
56 5 46
56 11 12
56 14 30
56 16 66
56 23 53
56 24 14
56 26 29
56 29 54
56 32 58
56 35 22
56 36 44
56 37 10
56 38 42
56 44 43
56 48 62
56 50 64
56 51 28
56 53 57
56 55 23
56 56 65
56 59 24
56 61 34
56 62 69
57 8 1
57 13 3
57 22 38
57 25 9
57 27 55
57 28 2
57 31 23
57 36 13
57 38 20
57 39 12
57 43 25
57 45 68
57 53 0
57 56 10
57 60 42
57 64 26
57 66 46
58 7 29
58 10 0
58 13 27
58 15 30
58 19 32
58 24 69
58 25 7
58 26 48
58 29 61
58 34 6
58 39 68
58 40 38
58 45 44
58 49 53
58 57 34
58 58 36
58 59 26
58 60 41
58 61 62
58 64 5
58 65 20
58 68 25
59 4 31
59 8 47
59 10 26
59 16 8
59 24 43
59 27 51
59 28 35
59 31 46
59 37 15
59 38 23
59 42 33
59 44 53
59 45 41
59 47 60
59 50 16
59 54 5
59 55 57
59 57 13
59 58 1
59 60 44
59 61 63
59 62 36
59 63 27
59 64 56
59 65 25
59 67 59
59 68 7
60 1 44
60 2 65
60 5 43
60 6 11
60 9 32
60 12 54
60 14 27
60 17 52
60 18 20
60 21 47
60 23 10
60 30 46
60 34 17
60 35 15
60 37 9
60 38 61
60 39 23
60 40 39
60 47 21
60 54 37
60 62 14
60 64 30
60 67 66
60 69 49
61 0 46
61 2 19
61 4 60
61 5 6
61 8 17
61 12 1
61 13 32
61 15 54
61 17 56
61 25 11
61 27 43
61 37 2
61 39 37
61 46 49
61 47 53
61 53 12
61 54 15
61 62 44
61 66 68
61 67 8
62 5 50
62 11 22
62 12 2
62 13 42
62 16 29
62 18 40
62 28 20
62 39 15
62 50 7
62 52 55
62 53 37
62 58 38
62 60 63
62 63 45
62 66 58
62 68 46
63 1 39
63 2 67
63 4 6
63 5 1
63 8 48
63 11 4
63 12 27
63 16 3
63 22 30
63 25 55
63 26 34
63 27 26
63 36 36
63 37 5
63 41 22
63 42 51
63 43 23
63 45 52
63 46 11
63 49 16
63 53 65
63 55 37
63 66 7
63 68 28
64 0 18
64 1 28
64 2 37
64 4 40
64 5 44
64 6 43
64 7 19
64 12 5
64 16 14
64 19 49
64 20 1
64 23 46
64 27 39
64 30 47
64 34 51
64 36 35
64 38 38
64 41 69
64 46 12
64 47 2
64 49 30
64 50 62
64 54 6
64 57 45
64 66 63
64 67 57
64 68 60
65 1 50
65 3 63
65 4 13
65 6 3
65 8 20
65 9 35
65 12 14
65 14 12
65 15 43
65 17 34
65 18 45
65 22 48
65 40 54
65 43 0
65 46 41
65 47 17
65 48 68
65 50 46
65 51 36
65 54 66
65 66 8
65 67 56
66 2 26
66 4 41
66 7 61
66 13 33
66 15 47
66 18 49
66 23 62
66 27 5
66 30 39
66 36 6
66 41 67
66 53 21
66 56 20
66 57 31
66 59 37
66 65 27
66 66 30
67 2 1
67 8 28
67 9 23
67 18 33
67 20 50
67 22 43
67 23 0
67 24 2
67 25 51
67 26 65
67 33 46
67 35 4
67 39 53
67 43 8
67 46 36
67 53 13
67 57 12
67 60 30
67 62 20
67 63 63
68 0 40
68 4 18
68 6 23
68 7 22
68 9 19
68 12 69
68 16 2
68 22 36
68 25 10
68 28 47
68 30 42
68 31 17
68 32 24
68 34 4
68 37 1
68 47 28
68 51 21
68 53 25
68 54 48
68 56 13
68 62 0
69 8 32
69 12 21
69 14 33
69 18 50
69 23 63
69 26 1
69 29 62
69 33 26
69 35 66
69 40 55
69 42 31
69 43 11
69 45 5
69 51 8
69 54 7
69 57 42
69 62 3
69 68 45
