70
0 1 23
0 2 7
0 4 11
0 7 67
0 10 28
0 11 19
0 15 66
0 16 48
0 17 30
0 19 63
0 20 59
0 27 40
0 29 22
0 31 32
0 37 69
0 38 15
0 39 56
0 43 26
0 45 38
0 48 45
0 55 25
0 57 42
0 59 8
0 60 61
0 61 27
0 66 46
0 69 3
1 2 58
1 6 49
1 9 19
1 17 47
1 23 46
1 25 53
1 26 3
1 29 44
1 31 52
1 38 68
1 41 60
1 43 55
1 46 7
1 50 20
1 53 35
1 54 51
1 56 33
1 57 0
1 59 5
1 62 38
1 66 14
1 69 61
2 0 67
2 2 8
2 3 48
2 7 37
2 10 18
2 12 13
2 13 15
2 14 9
2 15 40
2 19 33
2 20 1
2 21 64
2 22 46
2 26 59
2 29 56
2 30 41
2 37 5
2 40 17
2 42 65
2 49 29
2 51 61
2 52 21
2 53 44
2 54 52
2 56 53
2 61 24
2 62 51
2 63 66
2 66 19
2 67 0
2 68 68
3 1 33
3 5 2
3 7 51
3 12 67
3 15 12
3 17 42
3 18 22
3 19 44
3 21 52
3 23 69
3 27 13
3 32 41
3 33 38
3 34 43
3 35 10
3 39 1
3 40 68
3 42 63
3 43 5
3 45 49
3 46 40
3 49 0
3 50 31
3 53 50
3 54 24
3 56 59
3 57 35
3 59 26
3 62 27
3 63 46
3 64 28
3 66 39
3 68 14
3 69 7
4 1 50
4 5 69
4 6 33
4 13 11
4 14 35
4 17 39
4 20 19
4 22 44
4 25 56
4 27 18
4 29 4
4 31 14
4 34 30
4 35 41
4 37 53
4 38 57
4 39 24
4 40 3
4 41 10
4 46 59
4 48 37
4 49 45
4 51 26
4 54 55
4 57 23
4 58 52
4 62 9
4 67 15
4 69 51
5 0 16
5 5 0
5 8 12
5 15 41
5 17 14
5 19 1
5 23 65
5 30 58
5 31 67
5 32 9
5 33 63
5 36 18
5 37 20
5 38 69
5 40 6
5 41 37
5 43 49
5 45 60
5 46 46
5 47 62
5 50 36
5 52 32
5 53 4
5 54 21
5 58 13
5 60 28
5 61 30
5 62 10
5 63 38
6 4 36
6 6 2
6 7 68
6 8 42
6 12 18
6 13 44
6 17 69
6 22 27
6 24 43
6 25 26
6 26 6
6 28 10
6 30 65
6 33 28
6 45 7
6 48 24
6 50 54
6 51 16
6 52 37
6 56 19
6 60 31
6 61 40
6 64 63
6 65 66
6 69 62
7 4 48
7 7 41
7 13 23
7 18 52
7 21 63
7 23 45
7 27 29
7 29 34
7 36 60
7 37 14
7 38 2
7 41 4
7 44 65
7 45 20
7 46 17
7 48 16
7 50 6
7 54 13
7 57 39
7 59 0
7 61 59
7 63 47
7 65 22
7 66 30
8 1 55
8 2 21
8 4 56
8 5 30
8 6 32
8 7 53
8 10 60
8 12 52
8 13 43
8 15 61
8 17 24
8 19 39
8 21 13
8 22 62
8 23 22
8 25 51
8 27 57
8 28 28
8 32 17
8 33 31
8 35 46
8 36 41
8 37 66
8 38 14
8 40 1
8 42 12
8 44 2
8 47 20
8 50 4
8 52 45
8 54 15
8 55 27
8 59 44
8 60 38
8 64 50
8 65 25
8 69 68
9 0 14
9 1 27
9 2 48
9 9 11
9 10 20
9 17 36
9 18 17
9 21 35
9 26 16
9 27 55
9 29 47
9 32 68
9 33 65
9 35 15
9 36 63
9 42 64
9 47 38
9 49 3
9 53 13
9 55 2
9 57 9
9 64 41
10 1 36
10 4 42
10 6 53
10 8 22
10 9 52
10 15 5
10 18 46
10 19 12
10 23 41
10 26 62
10 28 60
10 29 8
10 32 13
10 33 19
10 37 31
10 39 64
10 40 21
10 42 44
10 44 18
10 50 48
10 58 34
10 61 32
10 62 57
10 63 29
10 64 39
10 66 6
10 67 26
11 0 42
11 1 54
11 2 55
11 4 5
11 5 46
11 6 36
11 9 34
11 11 29
11 15 49
11 16 20
11 17 6
11 20 39
11 21 61
11 22 60
11 23 19
11 24 45
11 25 43
11 26 52
11 29 0
11 31 15
11 36 16
11 38 13
11 40 53
11 41 69
11 42 1
11 44 37
11 47 28
11 49 30
11 52 59
11 53 65
11 57 51
11 59 27
11 61 57
11 63 17
11 64 9
11 65 10
11 67 41
11 68 21
11 69 18
12 0 13
12 1 1
12 4 14
12 8 41
12 10 24
12 15 10
12 17 34
12 19 46
12 22 54
12 24 56
12 25 6
12 29 49
12 30 19
12 32 40
12 35 21
12 38 25
12 40 7
12 41 59
12 42 39
12 46 36
12 48 64
12 50 50
12 53 12
12 56 26
12 58 63
12 61 2
12 62 68
12 66 42
12 69 48
13 7 35
13 9 62
13 11 59
13 13 34
13 14 36
13 15 54
13 19 56
13 26 57
13 28 26
13 29 45
13 31 58
13 33 17
13 36 49
13 38 39
13 41 40
13 42 41
13 44 48
13 47 8
13 49 47
13 52 51
13 55 66
13 56 65
13 57 2
13 58 44
13 62 1
13 68 52
14 4 31
14 7 56
14 11 12
14 13 9
14 17 19
14 20 28
14 24 53
14 25 60
14 26 39
14 31 41
14 33 30
14 36 15
14 37 24
14 38 62
14 39 3
14 40 0
14 41 5
14 45 16
14 49 35
14 51 6
14 53 18
14 54 46
14 56 57
14 57 20
14 59 14
14 60 26
14 61 13
14 67 1
14 68 38
15 4 24
15 7 60
15 8 26
15 10 36
15 20 27
15 26 67
15 31 12
15 33 8
15 35 38
15 38 42
15 40 9
15 41 7
15 42 58
15 43 16
15 45 61
15 51 19
15 53 31
15 54 43
15 56 69
15 58 4
15 60 49
15 62 34
15 63 39
15 64 2
15 65 11
15 66 45
15 69 59
16 12 16
16 13 39
16 19 17
16 21 40
16 22 66
16 24 1
16 28 49
16 29 59
16 37 2
16 39 20
16 40 28
16 42 7
16 44 34
16 45 36
16 46 12
16 55 8
16 56 55
16 57 69
16 58 30
16 59 23
16 62 22
16 67 6
17 1 25
17 2 43
17 4 1
17 7 40
17 9 39
17 11 64
17 12 51
17 16 8
17 19 68
17 21 27
17 22 57
17 25 32
17 28 22
17 32 34
17 33 59
17 35 12
17 42 37
17 43 14
17 44 56
17 46 21
17 47 65
17 49 55
17 51 30
17 52 6
17 55 26
17 57 38
17 58 20
17 60 50
17 62 7
17 63 58
17 65 60
17 67 33
17 68 11
18 2 56
18 3 31
18 7 44
18 8 36
18 9 59
18 13 49
18 23 0
18 24 26
18 25 13
18 29 5
18 33 54
18 37 12
18 38 37
18 39 4
18 41 52
18 42 62
18 44 7
18 45 69
18 46 16
18 47 61
18 48 20
18 49 63
18 51 66
18 54 2
18 56 41
18 61 48
18 62 6
18 63 22
18 65 27
18 67 35
18 69 33
19 6 66
19 10 46
19 11 14
19 16 32
19 17 64
19 20 4
19 24 61
19 25 49
19 26 0
19 28 1
19 29 60
19 31 31
19 34 17
19 38 50
19 42 38
19 49 8
19 52 55
19 55 21
19 56 45
19 58 65
19 63 48
19 67 27
19 69 9
20 0 6
20 3 46
20 4 67
20 5 49
20 6 59
20 7 43
20 12 29
20 13 17
20 15 16
20 17 58
20 22 15
20 23 34
20 24 57
20 25 24
20 27 20
20 32 25
20 33 22
20 34 52
20 35 23
20 37 13
20 41 38
20 46 19
20 49 2
20 50 0
20 53 30
20 55 1
20 56 12
20 61 21
20 62 26
20 64 11
20 66 47
20 67 40
20 68 7
21 2 22
21 7 45
21 8 61
21 10 65
21 14 47
21 17 7
21 18 44
21 27 30
21 28 27
21 29 11
21 32 52
21 36 26
21 39 62
21 43 3
21 44 0
21 47 40
21 48 9
21 49 6
21 53 68
21 55 37
21 56 50
21 57 5
21 59 54
21 62 18
21 65 63
21 66 10
22 4 39
22 6 34
22 7 14
22 9 9
22 10 31
22 14 55
22 21 16
22 23 2
22 26 60
22 27 65
22 30 17
22 31 23
22 43 59
22 45 0
22 46 5
22 48 40
22 49 19
22 53 37
22 55 46
22 59 53
22 60 3
22 61 69
22 62 24
22 67 44
22 68 41
23 0 26
23 4 50
23 7 55
23 10 41
23 13 45
23 14 17
23 16 37
23 17 51
23 23 8
23 26 18
23 27 44
23 28 13
23 30 66
23 33 61
23 36 14
23 42 24
23 46 42
23 49 39
23 50 52
23 52 19
23 53 32
23 56 21
23 57 34
23 61 22
23 65 67
23 68 49
23 69 31
24 3 13
24 4 16
24 7 32
24 10 0
24 12 14
24 13 38
24 14 27
24 21 50
24 24 12
24 25 8
24 27 1
24 28 44
24 30 25
24 35 59
24 37 55
24 38 52
24 39 30
24 43 15
24 45 48
24 47 42
24 48 3
24 51 31
24 53 53
24 55 9
24 63 21
24 64 29
24 65 57
24 67 68
24 68 37
25 1 8
25 6 62
25 7 48
25 8 30
25 9 32
25 10 55
25 15 6
25 16 58
25 20 47
25 28 50
25 29 68
25 32 26
25 33 14
25 34 60
25 35 49
25 37 25
25 39 23
25 41 36
25 42 40
25 48 7
25 49 18
25 53 10
25 54 19
25 57 45
25 59 52
25 61 43
25 65 37
25 67 69
25 68 24
26 0 44
26 1 47
26 6 29
26 9 66
26 15 30
26 18 10
26 19 7
26 21 67
26 26 28
26 28 36
26 30 46
26 32 57
26 33 68
26 34 41
26 35 63
26 41 6
26 43 35
26 46 34
26 48 11
26 52 20
26 53 51
26 57 24
26 59 50
26 60 17
26 64 49
26 69 38
27 2 19
27 3 35
27 5 1
27 6 51
27 10 62
27 11 38
27 12 37
27 13 7
27 15 0
27 16 18
27 17 55
27 20 33
27 25 20
27 28 63
27 30 28
27 36 53
27 38 9
27 40 11
27 45 66
27 48 49
27 52 64
27 56 36
27 58 21
27 59 69
27 60 48
27 62 47
27 65 12
27 67 30
27 68 22
28 0 3
28 1 12
28 7 38
28 8 50
28 9 18
28 10 17
28 11 8
28 15 11
28 16 46
28 17 57
28 21 21
28 22 22
28 27 56
28 30 53
28 31 61
28 32 69
28 33 29
28 37 0
28 38 24
28 47 45
28 48 48
28 50 55
28 51 63
28 56 13
28 59 67
28 60 16
28 62 59
28 63 7
28 67 28
28 69 60
29 0 43
29 1 46
29 8 38
29 10 47
29 11 31
29 13 16
29 17 32
29 19 8
29 23 63
29 29 13
29 30 55
29 35 35
29 36 44
29 42 15
29 47 50
29 48 54
29 49 23
29 51 24
29 56 3
29 57 27
29 58 33
29 63 52
29 65 39
30 0 10
30 4 35
30 6 13
30 7 16
30 13 42
30 19 2
30 22 41
30 24 55
30 25 0
30 29 6
30 31 19
30 34 53
30 35 57
30 36 69
30 39 52
30 40 36
30 41 58
30 43 40
30 44 63
30 45 4
30 47 56
30 51 65
30 54 49
30 55 28
30 58 31
30 59 24
30 63 61
30 64 25
30 65 30
30 66 22
30 67 43
30 68 66
31 0 30
31 2 60
31 5 52
31 8 28
31 13 46
31 18 36
31 20 55
31 22 10
31 28 32
31 31 42
31 33 51
31 37 16
31 39 40
31 42 33
31 43 21
31 44 23
31 45 9
31 49 54
31 52 24
31 53 43
31 55 58
31 60 37
31 63 14
31 67 66
32 0 9
32 1 37
32 2 17
32 3 30
32 4 57
32 8 27
32 9 55
32 11 61
32 13 35
32 14 58
32 15 8
32 18 40
32 20 10
32 22 25
32 26 49
32 27 67
32 28 15
32 31 44
32 32 6
32 33 13
32 35 31
32 36 22
32 39 53
32 40 20
32 41 19
32 42 11
32 43 43
32 44 45
32 48 29
32 49 38
32 50 34
32 51 64
32 55 63
32 56 42
32 58 12
32 59 21
32 61 65
32 64 46
33 0 2
33 2 39
33 4 66
33 5 34
33 6 41
33 8 60
33 11 7
33 21 42
33 22 69
33 26 23
33 27 19
33 28 51
33 29 18
33 30 12
33 40 10
33 41 14
33 42 21
33 43 48
33 45 32
33 46 28
33 47 16
33 48 17
33 56 9
33 57 26
33 58 37
33 60 58
33 61 38
33 68 61
34 0 33
34 1 3
34 2 12
34 7 39
34 8 53
34 10 64
34 14 32
34 18 31
34 20 68
34 25 4
34 26 7
34 28 56
34 30 35
34 33 44
34 34 65
34 35 48
34 38 49
34 43 45
34 47 21
34 49 34
34 51 52
34 52 23
34 53 61
34 57 63
34 58 22
34 65 18
34 67 36
34 68 5
35 1 49
35 4 64
35 8 34
35 9 33
35 10 39
35 11 37
35 13 10
35 14 51
35 15 68
35 29 36
35 30 9
35 33 15
35 34 18
35 35 44
35 36 31
35 37 65
35 41 56
35 44 16
35 45 17
35 46 47
35 47 11
35 49 62
35 52 7
35 55 48
35 58 67
35 63 24
35 64 6
35 67 54
35 69 53
36 0 41
36 2 40
36 4 58
36 8 15
36 11 26
36 13 31
36 14 42
36 16 33
36 18 28
36 19 16
36 31 59
36 33 6
36 37 30
36 38 5
36 39 55
36 44 14
36 47 35
36 49 43
36 50 69
36 52 8
36 53 3
36 55 60
36 57 49
36 58 46
36 60 47
36 64 22
36 65 44
37 3 44
37 6 18
37 9 5
37 10 63
37 12 57
37 13 68
37 14 54
37 15 17
37 17 67
37 20 16
37 21 24
37 22 21
37 23 11
37 24 0
37 27 58
37 28 64
37 29 38
37 36 55
37 41 42
37 43 46
37 45 15
37 46 1
37 50 25
37 51 9
37 52 33
37 53 36
37 55 52
37 56 35
37 60 39
37 64 3
37 65 43
37 66 60
37 68 27
37 69 66
38 0 0
38 1 40
38 4 13
38 5 53
38 7 66
38 8 45
38 9 50
38 10 37
38 11 62
38 13 59
38 19 23
38 20 6
38 21 29
38 22 35
38 23 3
38 25 15
38 29 10
38 31 24
38 33 26
38 34 67
38 36 36
38 40 38
38 41 8
38 43 65
38 46 14
38 48 25
38 50 9
38 52 12
38 53 64
38 58 57
38 59 30
38 60 42
38 61 4
38 62 63
38 64 48
38 68 19
38 69 39
39 0 51
39 2 54
39 3 17
39 6 1
39 7 30
39 8 23
39 9 10
39 12 60
39 13 40
39 14 44
39 15 59
39 17 61
39 18 62
39 23 66
39 24 46
39 28 68
39 29 3
39 30 52
39 31 25
39 33 37
39 35 5
39 39 32
39 42 19
39 43 34
39 44 4
39 46 58
39 47 49
39 49 11
39 51 42
39 55 16
39 58 24
39 59 41
39 62 56
39 67 12
39 68 43
39 69 64
40 3 23
40 4 18
40 5 28
40 7 13
40 9 35
40 10 3
40 12 0
40 14 4
40 15 14
40 18 26
40 19 11
40 21 19
40 25 48
40 30 60
40 31 62
40 37 42
40 38 63
40 39 36
40 41 41
40 42 9
40 44 43
40 45 25
40 48 8
40 49 51
40 50 44
40 53 55
40 58 38
40 59 59
40 63 20
40 65 5
40 69 34
41 0 18
41 1 39
41 7 29
41 14 13
41 15 21
41 16 6
41 19 58
41 23 9
41 25 37
41 29 17
41 33 41
41 38 46
41 43 42
41 46 4
41 48 31
41 49 68
41 50 19
41 54 50
41 59 66
41 62 40
41 64 24
41 66 26
41 68 33
42 2 65
42 6 46
42 7 54
42 11 4
42 12 53
42 13 28
42 17 9
42 20 60
42 22 67
42 26 36
42 27 31
42 35 29
42 40 12
42 42 10
42 44 26
42 45 44
42 47 3
42 50 39
42 54 25
42 55 5
42 56 38
42 57 41
42 64 68
42 68 32
43 1 44
43 2 1
43 3 59
43 4 45
43 7 49
43 8 7
43 9 43
43 10 11
43 12 46
43 13 62
43 15 28
43 17 40
43 19 42
43 22 16
43 27 38
43 28 6
43 30 64
43 33 39
43 35 24
43 36 66
43 38 29
43 41 15
43 43 51
43 50 26
43 51 14
43 58 32
43 59 61
43 60 19
43 61 35
43 63 69
43 67 13
44 5 7
44 7 23
44 9 41
44 17 0
44 18 65
44 21 57
44 22 36
44 26 44
44 28 40
44 33 48
44 34 66
44 35 53
44 36 3
44 37 46
44 38 54
44 41 2
44 42 16
44 43 30
44 44 68
44 45 22
44 48 32
44 49 24
44 62 52
44 63 26
44 66 63
44 67 67
44 68 10
45 1 38
45 2 23
45 5 32
45 7 58
45 10 13
45 11 41
45 12 45
45 20 65
45 21 66
45 25 30
45 26 17
45 34 50
45 35 7
45 36 42
45 39 68
45 41 25
45 45 54
45 47 29
45 53 22
45 54 27
45 60 56
45 65 1
45 67 39
45 68 8
45 69 52
46 0 49
46 1 53
46 4 44
46 5 54
46 7 46
46 8 57
46 9 22
46 12 63
46 13 20
46 14 41
46 15 34
46 17 29
46 21 36
46 23 18
46 24 17
46 25 47
46 28 48
46 31 2
46 33 7
46 41 65
46 43 19
46 45 10
46 46 45
46 48 6
46 49 1
46 50 28
46 53 21
46 55 68
46 56 51
46 60 24
46 61 50
47 1 17
47 12 15
47 16 67
47 17 25
47 20 58
47 21 8
47 29 46
47 35 30
47 38 66
47 42 5
47 45 57
47 46 29
47 47 59
47 48 21
47 51 38
47 56 43
47 57 48
47 58 36
47 60 33
47 63 55
47 64 34
47 65 16
47 67 63
47 68 45
47 69 19
48 0 29
48 1 32
48 7 34
48 8 24
48 11 9
48 12 3
48 13 36
48 15 57
48 16 61
48 17 65
48 18 8
48 19 64
48 22 51
48 38 35
48 41 66
48 45 26
48 47 53
48 48 67
48 53 38
48 55 30
48 56 37
48 59 10
48 60 15
48 63 63
48 66 50
48 68 25
48 69 1
49 0 19
49 1 6
49 2 25
49 3 53
49 8 65
49 10 57
49 11 36
49 15 46
49 17 17
49 22 49
49 27 51
49 29 16
49 32 3
49 35 66
49 37 35
49 38 18
49 39 0
49 44 42
49 45 13
49 46 44
49 54 7
49 57 50
49 58 43
49 61 28
49 64 15
49 66 20
49 68 9
49 69 12
50 0 32
50 1 16
50 6 42
50 11 34
50 13 13
50 16 14
50 17 28
50 20 23
50 21 5
50 26 54
50 27 8
50 29 51
50 32 59
50 33 57
50 36 29
50 40 4
50 41 50
50 42 35
50 46 26
50 47 18
50 50 66
50 53 25
50 56 10
50 62 55
50 64 21
50 66 0
50 68 20
51 0 24
51 1 41
51 2 33
51 12 50
51 13 30
51 14 11
51 16 7
51 24 38
51 26 34
51 28 59
51 31 63
51 36 40
51 48 58
51 53 28
51 54 42
51 55 18
51 59 68
51 64 64
51 65 69
51 67 25
52 0 61
52 5 19
52 6 26
52 7 20
52 8 63
52 10 25
52 11 53
52 12 59
52 14 39
52 16 22
52 17 5
52 18 23
52 20 13
52 24 69
52 25 62
52 26 58
52 27 4
52 28 46
52 37 64
52 41 55
52 42 28
52 43 33
52 44 31
52 45 18
52 47 36
52 49 15
52 51 0
52 53 40
52 60 7
52 67 8
52 68 57
53 0 54
53 1 26
53 5 67
53 6 44
53 7 8
53 13 58
53 15 64
53 17 4
53 20 48
53 23 51
53 26 24
53 29 62
53 36 20
53 38 22
53 39 50
53 40 55
53 46 32
53 47 13
53 48 63
53 49 61
53 63 42
53 65 35
53 67 60
54 0 17
54 1 58
54 7 57
54 8 3
54 9 8
54 10 44
54 13 54
54 15 19
54 21 18
54 27 66
54 31 55
54 32 53
54 34 63
54 38 47
54 40 45
54 48 59
54 50 51
54 57 21
54 58 2
54 60 67
54 63 49
54 64 4
54 69 0
55 0 64
55 2 30
55 3 65
55 5 3
55 6 0
55 7 47
55 8 62
55 9 36
55 11 16
55 14 1
55 17 37
55 18 55
55 20 43
55 24 11
55 25 38
55 29 63
55 34 29
55 35 40
55 36 21
55 39 39
55 41 24
55 45 67
55 47 23
55 52 49
55 60 66
55 66 33
55 67 17
55 68 12
55 69 27
56 4 52
56 11 66
56 13 32
56 14 63
56 15 55
56 18 30
56 22 23
56 27 48
56 28 67
56 32 56
56 35 19
56 36 62
56 39 17
56 40 47
56 44 64
56 51 21
56 53 39
56 59 20
56 61 51
56 62 8
56 65 42
56 68 26
57 2 6
57 3 56
57 4 27
57 5 21
57 7 3
57 8 11
57 11 58
57 12 38
57 16 54
57 21 65
57 23 49
57 24 10
57 26 12
57 29 40
57 32 16
57 33 55
57 35 33
57 39 61
57 40 25
57 41 9
57 44 19
57 45 53
57 63 62
57 66 34
57 68 15
58 3 24
58 5 20
58 9 6
58 10 32
58 12 49
58 13 4
58 14 60
58 17 62
58 23 38
58 36 61
58 38 53
58 39 12
58 44 51
58 45 35
58 50 11
58 52 29
58 55 0
58 58 40
58 63 64
58 64 57
58 67 42
58 69 15
59 0 36
59 3 69
59 6 6
59 8 37
59 10 34
59 19 61
59 22 68
59 24 29
59 25 63
59 26 51
59 28 45
59 29 39
59 30 20
59 34 2
59 35 22
59 37 27
59 38 43
59 41 26
59 42 54
59 43 13
59 44 1
59 45 11
59 48 60
59 54 56
59 55 62
59 57 30
59 61 55
59 65 32
59 67 48
59 69 24
60 0 50
60 1 24
60 5 42
60 8 4
60 10 12
60 13 33
60 16 13
60 18 21
60 19 22
60 21 49
60 22 17
60 23 1
60 24 47
60 26 65
60 27 62
60 30 29
60 32 2
60 33 10
60 34 14
60 36 32
60 37 54
60 39 26
60 42 46
60 43 36
60 44 38
60 45 8
60 46 63
60 47 19
60 48 52
60 53 69
60 57 53
60 60 41
60 63 35
60 64 56
60 69 45
61 5 45
61 8 18
61 9 42
61 11 69
61 13 25
61 15 23
61 17 10
61 18 11
61 19 24
61 24 16
61 25 67
61 27 37
61 28 4
61 30 14
61 31 60
61 34 32
61 39 9
61 42 17
61 44 54
61 47 12
61 49 22
61 51 51
61 54 66
61 55 6
61 57 52
61 58 47
61 60 27
61 66 7
61 68 2
61 69 13
62 5 15
62 9 0
62 13 19
62 15 42
62 20 7
62 22 26
62 23 61
62 24 40
62 27 10
62 29 66
62 30 2
62 32 12
62 35 39
62 39 51
62 41 31
62 44 47
62 45 33
62 50 67
62 52 1
62 55 22
62 57 62
62 58 35
62 59 64
62 63 44
62 65 24
62 69 46
63 2 20
63 4 3
63 8 5
63 9 37
63 10 26
63 11 51
63 15 47
63 16 29
63 17 63
63 18 25
63 21 55
63 23 13
63 25 41
63 27 42
63 29 53
63 36 4
63 38 7
63 39 57
63 40 48
63 45 50
63 49 64
63 51 27
63 54 10
63 57 11
63 59 33
63 61 9
63 63 56
63 66 38
64 2 34
64 3 37
64 5 35
64 6 21
64 7 9
64 8 6
64 11 68
64 14 12
64 18 24
64 24 13
64 27 43
64 28 16
64 29 19
64 33 4
64 35 2
64 37 28
64 38 23
64 39 22
64 40 49
64 41 0
64 43 31
64 46 67
64 53 57
64 54 44
64 55 61
64 57 33
64 67 29
64 68 54
64 69 32
65 15 33
65 17 26
65 19 40
65 20 45
65 22 18
65 24 27
65 28 41
65 35 50
65 36 10
65 38 34
65 40 29
65 42 0
65 46 55
65 48 66
65 51 15
65 55 42
65 56 64
65 58 5
65 60 13
65 64 35
65 66 12
65 67 9
65 68 31
66 1 20
66 2 31
66 5 48
66 6 45
66 11 17
66 14 15
66 18 7
66 19 30
66 22 64
66 23 52
66 24 39
66 28 42
66 30 11
66 31 68
66 38 10
66 40 27
66 48 38
66 50 40
66 51 49
66 54 53
66 56 0
66 57 4
66 61 12
66 64 51
66 68 56
67 3 6
67 7 42
67 8 52
67 11 30
67 12 8
67 14 33
67 16 4
67 17 1
67 20 31
67 21 41
67 24 21
67 31 47
67 32 39
67 36 23
67 37 68
67 45 43
67 47 64
67 48 62
67 49 27
67 51 55
67 53 9
67 54 26
67 57 18
67 58 45
67 59 46
67 60 69
67 64 44
67 66 49
67 67 65
67 68 51
68 3 41
68 4 7
68 5 27
68 12 30
68 13 22
68 15 3
68 20 42
68 22 12
68 23 36
68 24 35
68 26 38
68 27 68
68 28 21
68 35 60
68 36 56
68 37 1
68 39 2
68 44 61
68 49 58
68 55 69
68 58 16
68 60 43
68 61 64
68 62 25
68 69 20
69 1 31
69 3 4
69 4 38
69 5 60
69 7 24
69 8 25
69 9 29
69 10 61
69 18 54
69 21 20
69 24 62
69 26 56
69 28 55
69 32 35
69 35 37
69 37 51
69 38 27
69 39 21
69 41 17
69 42 66
69 43 64
69 48 47
69 49 9
69 53 52
69 56 40
69 60 22
69 61 63
69 67 10
69 68 42
