60
0 1 19
0 5 25
0 7 36
0 12 13
0 14 14
0 20 53
0 22 35
0 23 9
0 26 0
0 31 56
0 32 26
0 33 52
0 38 41
0 42 24
0 45 5
0 49 30
0 51 47
0 54 48
0 57 37
0 58 2
1 1 0
1 3 25
1 4 59
1 5 50
1 8 39
1 12 14
1 13 44
1 17 41
1 26 8
1 29 29
1 30 47
1 31 19
1 32 51
1 33 21
1 35 57
1 37 38
1 40 22
1 41 15
1 42 58
1 44 24
1 45 42
1 46 20
1 47 6
1 48 34
1 55 48
1 56 55
1 57 33
2 0 17
2 5 38
2 8 37
2 10 55
2 12 48
2 15 16
2 16 47
2 17 42
2 18 58
2 19 29
2 22 53
2 25 4
2 26 11
2 31 27
2 34 44
2 37 15
2 46 10
2 47 28
2 50 57
2 56 33
2 57 36
2 59 59
3 0 6
3 5 12
3 11 7
3 15 17
3 17 48
3 19 53
3 20 0
3 22 33
3 25 42
3 27 16
3 31 59
3 32 23
3 33 38
3 42 37
3 43 51
3 44 19
3 45 14
3 46 43
3 47 10
3 52 52
3 57 8
3 59 25
4 7 0
4 8 8
4 12 32
4 16 56
4 18 26
4 19 3
4 20 46
4 21 19
4 23 52
4 24 7
4 26 33
4 27 44
4 28 27
4 31 34
4 32 45
4 33 22
4 34 23
4 35 1
4 36 51
4 38 12
4 43 39
4 47 17
4 48 6
4 49 57
4 52 20
4 54 53
4 56 10
5 0 36
5 3 50
5 4 33
5 5 51
5 6 15
5 7 4
5 9 34
5 11 19
5 12 53
5 16 55
5 17 1
5 18 25
5 21 5
5 26 45
5 27 23
5 28 11
5 35 48
5 38 2
5 40 52
5 41 6
5 42 32
5 43 31
5 44 37
5 45 30
5 49 46
5 53 20
5 55 8
5 56 18
5 58 22
5 59 13
6 3 44
6 6 25
6 7 56
6 8 17
6 10 45
6 11 9
6 13 28
6 14 51
6 15 33
6 19 16
6 21 1
6 24 19
6 25 5
6 26 37
6 29 40
6 32 58
6 38 20
6 40 34
6 41 30
6 47 41
6 48 39
6 53 31
6 54 47
6 55 46
7 0 35
7 6 33
7 7 31
7 8 3
7 9 26
7 11 38
7 17 17
7 18 57
7 28 24
7 30 32
7 35 7
7 38 5
7 40 20
7 42 51
7 43 4
7 47 11
7 51 50
7 52 41
7 54 18
7 58 43
7 59 21
8 0 9
8 1 48
8 6 59
8 7 34
8 10 50
8 15 20
8 16 17
8 17 46
8 18 28
8 21 15
8 25 32
8 26 10
8 28 35
8 33 25
8 35 6
8 36 1
8 37 30
8 39 8
8 41 7
8 43 36
8 44 38
8 48 27
8 51 4
8 53 26
8 54 11
8 57 56
8 58 39
9 1 1
9 2 5
9 6 57
9 7 59
9 10 24
9 14 44
9 20 27
9 27 3
9 28 30
9 31 45
9 33 31
9 34 6
9 39 38
9 47 43
9 49 28
9 52 14
9 55 23
9 56 48
9 59 17
10 0 53
10 5 36
10 7 35
10 10 9
10 15 21
10 19 50
10 20 16
10 23 22
10 25 8
10 26 32
10 31 55
10 34 46
10 41 2
10 42 44
10 45 54
10 47 25
10 48 18
10 49 3
10 52 1
10 56 29
10 58 13
11 0 51
11 5 47
11 6 44
11 9 22
11 10 35
11 13 32
11 14 9
11 15 4
11 17 38
11 19 33
11 20 34
11 23 1
11 24 42
11 26 36
11 27 8
11 31 12
11 33 45
11 35 21
11 40 2
11 41 10
11 42 17
11 43 18
11 45 50
11 48 52
11 50 48
11 51 3
11 54 55
11 56 27
12 3 56
12 4 2
12 5 31
12 6 49
12 7 24
12 10 48
12 13 19
12 19 34
12 21 27
12 24 58
12 27 45
12 35 52
12 37 17
12 46 29
12 48 25
12 50 32
12 51 10
12 54 23
12 55 13
12 56 9
13 1 49
13 3 48
13 6 34
13 16 45
13 31 54
13 32 6
13 33 7
13 34 5
13 36 13
13 37 33
13 39 39
13 40 14
13 43 57
13 45 27
13 46 1
13 48 51
13 51 9
13 56 0
13 57 19
14 0 41
14 2 57
14 5 8
14 7 48
14 9 24
14 10 0
14 11 50
14 14 1
14 19 5
14 28 12
14 29 38
14 30 25
14 33 34
14 36 17
14 37 36
14 39 33
14 42 15
14 43 21
14 44 16
14 45 26
14 46 56
14 47 23
14 51 51
14 55 35
15 0 47
15 1 29
15 3 13
15 4 17
15 6 26
15 9 46
15 10 11
15 13 53
15 14 27
15 15 12
15 20 58
15 21 39
15 23 43
15 27 56
15 30 57
15 31 1
15 35 35
15 36 14
15 43 23
15 44 7
15 46 22
15 48 45
15 51 24
15 55 42
15 57 44
15 58 55
16 0 32
16 2 9
16 5 27
16 10 57
16 13 35
16 16 26
16 17 54
16 18 8
16 19 10
16 24 13
16 26 16
16 36 19
16 37 37
16 42 23
16 48 44
16 59 2
17 1 34
17 3 32
17 7 45
17 12 39
17 13 54
17 17 14
17 19 26
17 20 12
17 21 11
17 24 25
17 27 55
17 31 9
17 32 38
17 33 40
17 34 16
17 35 37
17 37 50
17 43 20
17 46 33
17 48 29
17 49 7
17 52 44
17 55 53
17 56 22
18 0 42
18 3 18
18 5 53
18 7 41
18 14 39
18 15 0
18 17 52
18 21 12
18 22 34
18 24 24
18 26 1
18 29 27
18 31 7
18 32 5
18 33 6
18 36 46
18 37 20
18 38 56
18 39 47
18 40 16
18 42 21
18 45 31
18 51 32
18 53 51
19 3 37
19 14 23
19 15 5
19 16 20
19 19 14
19 21 9
19 24 50
19 30 52
19 32 7
19 33 43
19 35 19
19 37 28
19 39 2
19 45 10
19 54 51
19 55 30
19 56 11
20 0 57
20 2 8
20 7 40
20 8 24
20 9 17
20 11 44
20 13 50
20 14 12
20 16 21
20 18 9
20 22 20
20 28 39
20 35 45
20 36 55
20 39 48
20 42 49
20 48 42
20 51 30
20 52 31
20 53 34
20 54 5
21 0 50
21 1 10
21 4 39
21 5 28
21 6 36
21 7 23
21 13 30
21 17 21
21 19 12
21 22 59
21 24 40
21 25 41
21 30 54
21 31 4
21 33 42
21 34 2
21 40 7
21 41 43
21 46 47
21 49 56
21 52 17
21 53 6
21 55 15
21 58 19
21 59 53
22 0 5
22 1 45
22 2 22
22 4 8
22 5 32
22 6 23
22 9 11
22 15 27
22 18 46
22 20 35
22 21 13
22 25 50
22 31 14
22 33 19
22 34 52
22 35 28
22 38 21
22 39 54
22 41 48
22 43 58
22 45 12
22 46 40
22 51 29
22 53 39
22 55 2
22 56 57
22 57 51
23 8 55
23 9 31
23 10 56
23 13 11
23 18 51
23 22 26
23 23 32
23 24 12
23 26 20
23 27 17
23 30 15
23 36 27
23 37 52
23 40 6
23 41 36
23 45 25
23 46 49
23 48 16
23 50 39
23 53 19
23 56 59
23 59 45
24 2 54
24 3 1
24 5 16
24 8 9
24 15 28
24 20 8
24 25 29
24 29 41
24 30 0
24 34 15
24 35 56
24 36 58
24 37 40
24 38 13
24 43 11
24 46 37
24 47 45
24 49 35
24 50 20
24 51 36
24 53 22
25 1 52
25 2 7
25 4 41
25 7 2
25 8 13
25 13 1
25 16 35
25 17 5
25 18 42
25 20 23
25 22 40
25 24 26
25 29 14
25 31 31
25 35 9
25 38 19
25 41 56
25 45 6
25 50 45
25 51 33
25 52 25
25 54 10
25 56 12
25 57 57
25 59 16
26 0 49
26 2 26
26 3 23
26 6 5
26 7 11
26 9 13
26 12 4
26 13 27
26 16 22
26 19 35
26 24 6
26 25 36
26 27 59
26 28 55
26 33 48
26 34 53
26 35 34
26 36 38
26 37 24
26 38 15
26 40 21
26 41 31
26 46 46
26 47 12
26 51 42
26 53 8
26 54 33
26 55 28
26 56 14
27 1 51
27 6 24
27 12 23
27 13 29
27 14 17
27 16 2
27 17 58
27 18 18
27 19 15
27 20 45
27 21 55
27 24 46
27 25 57
27 26 26
27 27 28
27 30 39
27 31 42
27 33 20
27 34 48
27 37 22
27 38 11
27 40 41
27 42 53
27 45 56
27 47 5
27 48 32
27 49 50
27 50 49
27 51 27
27 56 25
27 58 44
27 59 35
28 0 56
28 1 55
28 3 7
28 9 1
28 12 21
28 14 31
28 17 37
28 18 23
28 22 42
28 24 49
28 35 27
28 36 36
28 37 51
28 38 9
28 39 40
28 41 32
28 44 54
28 45 4
28 48 28
28 49 14
28 50 18
28 52 29
28 53 12
28 54 57
28 55 50
29 0 13
29 1 41
29 6 39
29 9 59
29 13 21
29 20 29
29 23 23
29 25 2
29 33 1
29 34 42
29 35 40
29 36 9
29 39 11
29 43 34
29 44 58
29 45 48
29 46 18
29 50 43
29 51 45
29 52 37
29 56 53
29 57 14
29 59 36
30 2 34
30 4 16
30 5 22
30 8 29
30 9 3
30 10 5
30 17 28
30 20 38
30 25 6
30 28 17
30 29 48
30 30 56
30 31 40
30 33 12
30 34 13
30 37 26
30 38 58
30 39 59
30 40 30
30 45 36
30 49 47
30 51 44
30 56 4
30 57 43
31 0 25
31 2 48
31 4 26
31 5 11
31 7 58
31 9 49
31 11 21
31 13 14
31 16 4
31 21 3
31 23 6
31 26 29
31 28 19
31 30 51
31 31 50
31 33 5
31 34 10
31 37 54
31 38 1
31 42 9
31 46 38
31 47 18
31 51 37
31 53 33
31 55 16
31 57 23
32 0 27
32 1 57
32 2 0
32 3 42
32 6 17
32 13 55
32 15 34
32 16 23
32 17 7
32 21 10
32 23 19
32 24 31
32 25 44
32 29 37
32 30 45
32 31 26
32 34 18
32 39 16
32 40 53
32 41 25
32 43 29
32 44 33
32 46 13
32 47 30
32 50 51
32 55 47
32 56 40
32 58 6
32 59 11
33 1 40
33 5 44
33 7 47
33 10 59
33 12 17
33 13 56
33 15 36
33 16 27
33 18 38
33 24 32
33 31 23
33 32 8
33 35 51
33 37 57
33 38 42
33 39 52
33 40 9
33 41 35
33 42 20
33 47 13
33 49 5
33 50 26
33 53 30
33 54 22
33 55 3
34 1 6
34 2 56
34 4 44
34 6 16
34 8 40
34 10 58
34 13 46
34 17 9
34 18 36
34 22 39
34 25 51
34 27 7
34 32 43
34 33 8
34 34 31
34 35 20
34 36 25
34 38 55
34 40 26
34 41 4
34 47 2
34 48 50
34 51 54
34 54 52
34 58 41
34 59 28
35 0 26
35 8 52
35 9 57
35 13 18
35 15 11
35 17 34
35 18 48
35 21 37
35 22 51
35 23 50
35 25 49
35 31 3
35 39 21
35 44 25
35 45 2
35 48 15
35 49 20
35 55 56
35 56 30
36 2 44
36 3 38
36 5 33
36 6 52
36 8 30
36 9 58
36 10 46
36 11 40
36 12 1
36 13 26
36 14 56
36 23 45
36 24 5
36 25 3
36 27 21
36 28 36
36 32 22
36 34 35
36 36 50
36 37 18
36 38 29
36 43 55
36 45 24
36 46 7
36 53 37
36 54 34
36 56 15
36 57 0
36 58 51
36 59 47
37 0 12
37 1 46
37 3 43
37 5 39
37 6 38
37 9 55
37 14 15
37 19 21
37 20 36
37 24 59
37 25 30
37 27 26
37 31 20
37 33 14
37 34 34
37 35 42
37 36 49
37 38 22
37 40 37
37 42 19
37 45 52
37 50 47
37 51 11
37 56 50
37 57 16
37 59 8
38 1 9
38 2 6
38 5 14
38 7 49
38 10 53
38 15 38
38 18 44
38 20 31
38 24 47
38 27 35
38 28 23
38 29 39
38 32 16
38 35 5
38 36 57
38 38 48
38 39 29
38 40 11
38 44 10
38 45 45
38 54 25
38 57 59
38 59 50
39 7 26
39 15 40
39 16 5
39 17 19
39 25 53
39 27 54
39 28 28
39 33 16
39 34 47
39 35 44
39 36 52
39 37 11
39 38 3
39 39 55
39 42 18
39 45 23
39 46 4
39 47 31
39 48 49
39 49 39
39 51 34
39 52 50
39 54 9
39 55 57
39 57 30
40 0 3
40 1 31
40 7 10
40 8 5
40 11 33
40 13 6
40 15 56
40 16 25
40 17 24
40 18 55
40 22 41
40 26 38
40 30 16
40 31 21
40 34 39
40 37 8
40 38 7
40 40 40
40 43 32
40 44 29
40 45 44
40 52 43
40 57 2
40 58 14
40 59 9
41 0 24
41 2 11
41 3 12
41 4 48
41 5 23
41 6 9
41 9 56
41 12 55
41 13 2
41 14 53
41 19 6
41 29 1
41 30 35
41 32 39
41 42 27
41 44 21
41 45 57
41 46 50
41 49 59
41 51 15
41 53 41
41 54 19
41 55 34
41 57 18
41 58 58
42 0 11
42 1 5
42 7 27
42 9 15
42 10 39
42 12 16
42 14 0
42 15 8
42 17 33
42 19 37
42 21 6
42 29 47
42 30 28
42 32 24
42 36 12
42 38 26
42 39 35
42 45 22
42 46 41
42 50 9
42 52 13
42 53 46
42 55 14
43 1 37
43 3 20
43 7 12
43 9 52
43 13 16
43 14 5
43 15 29
43 16 43
43 17 39
43 18 27
43 22 38
43 23 25
43 24 54
43 25 13
43 33 58
43 36 48
43 37 31
43 38 44
43 39 6
43 40 57
43 41 40
43 42 46
43 46 34
43 52 10
43 54 15
43 55 17
43 57 7
43 59 26
44 5 35
44 6 37
44 11 48
44 14 42
44 18 43
44 20 33
44 25 31
44 31 30
44 37 1
44 39 32
44 50 54
44 55 7
44 56 52
44 59 57
45 1 27
45 3 39
45 4 11
45 5 10
45 6 2
45 12 49
45 13 57
45 16 18
45 18 32
45 19 31
45 20 52
45 22 16
45 30 46
45 31 43
45 33 9
45 34 20
45 37 55
45 42 38
45 43 59
45 44 22
45 47 19
45 51 26
45 53 7
45 56 6
45 58 34
46 3 8
46 4 36
46 5 18
46 11 28
46 12 34
46 13 13
46 20 6
46 23 39
46 26 47
46 28 38
46 29 17
46 31 29
46 32 56
46 33 51
46 35 26
46 36 4
46 38 45
46 39 27
46 41 57
46 47 35
46 48 37
46 49 19
46 50 31
46 51 46
46 53 5
46 56 16
46 57 10
46 58 30
47 2 16
47 3 59
47 5 46
47 7 14
47 10 51
47 12 56
47 14 8
47 19 44
47 20 24
47 21 50
47 23 13
47 27 58
47 29 36
47 31 5
47 32 55
47 33 2
47 37 29
47 38 40
47 39 22
47 42 30
47 45 38
47 47 53
47 50 27
47 57 41
48 1 28
48 2 18
48 5 15
48 8 21
48 9 48
48 10 17
48 12 25
48 16 13
48 19 56
48 21 38
48 22 2
48 23 3
48 27 19
48 28 43
48 29 22
48 30 33
48 35 54
48 36 41
48 37 7
48 41 49
48 42 26
48 45 11
48 47 44
48 48 35
48 53 0
48 55 4
48 56 47
48 57 9
48 58 24
48 59 34
49 1 44
49 9 28
49 11 25
49 13 34
49 18 50
49 19 30
49 20 41
49 21 31
49 24 17
49 25 37
49 26 48
49 30 5
49 31 46
49 34 27
49 36 16
49 37 45
49 38 10
49 42 52
49 46 54
49 48 57
49 50 22
49 52 36
49 53 56
49 55 19
49 57 40
50 2 40
50 10 34
50 14 13
50 15 7
50 17 47
50 19 17
50 23 27
50 29 2
50 33 32
50 35 58
50 36 54
50 38 37
50 40 12
50 45 0
50 48 9
50 49 8
50 53 42
50 56 21
50 58 38
50 59 4
51 5 13
51 6 31
51 8 43
51 9 47
51 14 54
51 16 30
51 20 17
51 21 46
51 24 10
51 27 32
51 30 48
51 31 37
51 38 25
51 39 24
51 40 44
51 43 12
51 44 26
51 46 52
51 47 38
51 49 29
51 51 2
51 52 51
51 56 45
51 58 27
51 59 56
52 5 4
52 8 56
52 9 41
52 10 43
52 11 22
52 13 20
52 14 2
52 16 38
52 17 51
52 22 10
52 24 1
52 26 59
52 27 46
52 28 29
52 29 30
52 31 47
52 32 19
52 34 37
52 35 13
52 36 33
52 37 27
52 40 35
52 41 28
52 42 45
52 44 50
52 45 3
52 55 44
52 56 54
52 59 0
53 4 35
53 5 42
53 8 57
53 9 23
53 12 15
53 14 7
53 15 2
53 19 19
53 20 55
53 21 20
53 23 5
53 25 28
53 31 16
53 32 44
53 34 49
53 36 30
53 40 27
53 42 10
53 43 26
53 44 52
53 46 0
53 47 54
53 48 56
53 49 32
53 50 53
53 55 29
53 58 8
53 59 24
54 4 55
54 5 20
54 7 21
54 9 18
54 10 36
54 17 12
54 18 10
54 23 46
54 25 34
54 28 52
54 31 25
54 36 59
54 37 43
54 38 38
54 43 6
54 44 27
54 47 50
54 48 33
54 50 40
54 53 4
54 59 3
55 2 14
55 9 25
55 10 54
55 13 10
55 16 8
55 17 6
55 20 11
55 21 7
55 31 44
55 32 3
55 36 34
55 38 17
55 39 5
55 40 33
55 48 24
55 49 4
55 51 28
55 56 46
55 58 29
55 59 27
56 2 20
56 3 47
56 6 51
56 7 42
56 8 10
56 9 53
56 10 6
56 15 52
56 16 50
56 20 26
56 21 43
56 26 56
56 28 57
56 34 12
56 35 17
56 39 34
56 43 24
56 45 15
56 47 29
56 48 41
56 51 21
56 58 1
57 0 18
57 1 11
57 4 13
57 6 43
57 7 55
57 8 7
57 11 45
57 14 4
57 17 35
57 21 59
57 29 24
57 32 10
57 33 29
57 37 14
57 43 56
57 47 52
57 51 8
57 53 3
57 55 0
57 57 17
58 0 21
58 12 40
58 14 37
58 18 16
58 21 2
58 23 24
58 25 20
58 30 34
58 32 47
58 36 6
58 37 32
58 38 53
58 40 36
58 41 29
58 43 50
58 45 17
58 47 3
58 49 45
58 54 42
58 56 26
58 58 15
58 59 10
59 1 53
59 3 51
59 4 50
59 5 55
59 6 45
59 7 5
59 9 36
59 10 1
59 12 54
59 14 3
59 23 49
59 25 56
59 26 46
59 27 31
59 28 14
59 29 15
59 31 57
59 34 26
59 38 39
59 43 38
59 50 4
59 51 58
59 53 43
59 54 40
59 56 37
