60
0 0 56
0 1 6
0 2 47
0 6 45
0 9 18
0 10 35
0 12 31
0 14 21
0 21 24
0 22 54
0 25 23
0 26 20
0 27 48
0 30 53
0 32 12
0 34 30
0 37 7
0 38 42
0 43 32
0 46 10
0 49 28
0 59 14
1 3 17
1 8 40
1 11 4
1 12 54
1 17 56
1 18 16
1 22 13
1 26 14
1 32 35
1 34 7
1 35 44
1 37 47
1 39 39
1 40 37
1 41 36
1 42 10
1 46 12
1 47 45
1 49 41
1 52 31
1 54 19
1 55 8
1 57 20
1 59 33
2 3 5
2 4 56
2 5 12
2 13 25
2 22 10
2 30 13
2 36 21
2 41 45
2 45 20
2 50 15
2 51 27
2 52 17
2 53 6
2 54 42
3 1 41
3 5 3
3 8 36
3 13 0
3 14 34
3 20 37
3 21 4
3 22 43
3 25 30
3 31 23
3 32 58
3 33 8
3 36 2
3 40 51
3 43 40
3 44 16
3 56 26
3 59 57
4 2 35
4 3 2
4 4 32
4 8 38
4 14 18
4 18 37
4 19 21
4 20 55
4 21 30
4 22 11
4 23 54
4 30 42
4 31 48
4 42 22
4 45 14
4 48 4
4 50 44
4 52 56
4 54 5
4 56 25
4 57 40
5 0 36
5 3 52
5 5 23
5 8 37
5 12 45
5 15 15
5 19 51
5 28 10
5 33 13
5 37 54
5 38 5
5 39 56
5 40 11
5 43 4
5 44 7
5 47 43
5 53 48
6 9 52
6 18 22
6 19 37
6 22 28
6 25 56
6 28 45
6 31 18
6 39 14
6 40 10
6 42 51
6 46 38
6 50 8
6 52 32
6 53 49
6 54 30
6 55 4
6 59 36
7 0 34
7 1 31
7 8 44
7 13 27
7 15 57
7 16 16
7 18 4
7 21 33
7 22 37
7 26 46
7 30 41
7 31 29
7 34 39
7 37 8
7 42 45
7 47 48
7 49 12
7 54 6
7 56 30
7 59 5
8 2 58
8 8 31
8 10 32
8 12 50
8 16 51
8 17 41
8 23 42
8 24 56
8 27 14
8 38 19
8 43 59
8 44 40
8 49 36
8 56 2
8 57 29
8 59 10
9 0 51
9 3 38
9 4 55
9 8 48
9 13 26
9 14 42
9 15 52
9 30 47
9 31 19
9 33 9
9 36 50
9 37 41
9 42 36
9 43 56
9 44 59
9 46 28
9 47 1
9 51 18
9 57 34
10 0 9
10 1 48
10 2 42
10 7 35
10 17 19
10 24 29
10 26 26
10 27 33
10 29 24
10 32 28
10 36 0
10 38 20
10 39 1
10 40 8
10 41 22
10 42 56
10 52 45
10 59 11
11 2 29
11 4 17
11 5 57
11 6 3
11 8 10
11 10 2
11 12 13
11 13 58
11 16 15
11 19 47
11 27 18
11 35 7
11 37 46
11 47 34
11 48 33
11 50 38
11 51 35
11 58 21
12 0 6
12 1 39
12 2 22
12 5 31
12 9 19
12 10 59
12 13 54
12 14 49
12 15 23
12 22 48
12 31 32
12 32 4
12 33 20
12 36 42
12 37 33
12 38 17
12 40 47
12 43 45
12 49 29
12 57 2
13 1 38
13 2 13
13 4 28
13 11 32
13 14 57
13 16 40
13 24 19
13 25 11
13 26 51
13 28 9
13 29 54
13 31 56
13 34 42
13 37 48
13 38 18
13 43 37
13 47 0
13 49 3
13 52 34
13 53 59
13 54 12
13 56 47
13 57 23
14 0 41
14 4 27
14 8 8
14 10 14
14 15 12
14 21 0
14 25 57
14 30 45
14 33 36
14 34 11
14 36 47
14 38 34
14 42 32
14 44 1
14 47 30
14 50 51
14 52 38
14 55 56
14 57 4
15 5 28
15 7 7
15 8 43
15 24 14
15 30 33
15 33 58
15 38 45
15 40 42
15 42 25
15 45 19
15 52 50
15 53 30
15 55 11
15 56 29
16 4 52
16 11 9
16 19 6
16 20 50
16 22 46
16 29 32
16 40 58
16 41 1
16 48 34
16 50 11
16 52 20
16 53 57
16 54 29
16 59 47
17 0 18
17 1 46
17 7 9
17 8 34
17 10 43
17 11 27
17 22 52
17 23 24
17 31 42
17 35 29
17 36 22
17 38 36
17 39 19
17 40 55
17 46 56
17 47 17
17 49 21
18 0 30
18 2 31
18 3 56
18 7 25
18 10 33
18 12 4
18 17 5
18 19 42
18 25 45
18 26 48
18 28 58
18 29 34
18 39 26
18 40 6
18 42 1
18 47 49
18 48 51
18 49 40
18 59 15
19 2 15
19 5 25
19 10 45
19 12 35
19 13 49
19 19 19
19 20 41
19 21 8
19 25 5
19 27 40
19 32 1
19 34 0
19 38 48
19 41 51
19 43 17
19 46 32
19 50 34
20 0 40
20 1 11
20 2 9
20 7 42
20 13 56
20 17 31
20 18 20
20 25 43
20 27 12
20 31 30
20 46 49
20 50 36
20 54 44
20 55 15
21 7 16
21 10 57
21 12 29
21 18 31
21 20 32
21 22 12
21 24 39
21 27 51
21 29 45
21 33 53
21 37 23
21 44 54
21 47 42
21 49 5
21 50 17
21 53 35
21 55 14
21 59 0
22 3 15
22 5 35
22 6 26
22 7 57
22 8 24
22 9 1
22 10 58
22 11 38
22 14 14
22 16 0
22 17 37
22 25 25
22 26 40
22 31 55
22 32 33
22 35 9
22 38 10
22 39 32
22 40 34
22 41 8
22 44 52
22 46 41
22 50 13
22 54 43
22 58 27
23 4 39
23 6 25
23 8 4
23 9 14
23 11 45
23 16 36
23 18 8
23 20 21
23 26 44
23 27 30
23 29 20
23 36 9
23 37 15
23 41 19
23 43 24
23 46 43
23 47 11
23 53 41
24 0 4
24 2 34
24 5 43
24 9 15
24 11 23
24 12 20
24 15 55
24 19 36
24 22 2
24 26 35
24 27 3
24 32 40
24 33 18
24 43 44
24 57 25
25 1 9
25 8 39
25 9 47
25 17 33
25 19 20
25 21 57
25 34 17
25 39 12
25 41 13
25 42 28
25 44 44
25 46 46
25 50 31
26 9 49
26 11 34
26 12 33
26 17 18
26 19 26
26 21 35
26 24 20
26 25 17
26 26 42
26 27 7
26 32 55
26 34 14
26 36 46
26 41 59
26 43 8
26 45 54
26 47 23
26 50 45
26 54 39
26 55 47
26 57 50
27 0 0
27 2 2
27 11 44
27 12 23
27 13 20
27 14 1
27 17 24
27 21 40
27 22 27
27 29 53
27 32 11
27 33 3
27 38 59
27 40 32
27 44 22
27 47 21
27 48 52
27 50 9
27 59 12
28 0 19
28 8 41
28 12 44
28 23 16
28 25 14
28 31 15
28 34 37
28 35 18
28 36 4
28 41 7
28 42 24
28 49 8
28 54 0
28 56 28
28 57 43
29 0 35
29 5 53
29 11 57
29 12 51
29 19 43
29 24 16
29 29 22
29 30 5
29 33 52
29 34 2
29 36 56
29 37 10
29 38 13
29 47 20
29 51 42
29 55 9
29 59 59
30 1 52
30 4 40
30 6 19
30 9 34
30 10 0
30 16 6
30 23 33
30 25 21
30 30 30
30 32 32
30 33 14
30 34 57
30 44 20
30 46 26
30 51 36
30 53 44
30 56 56
30 58 4
31 7 39
31 8 58
31 10 55
31 12 37
31 13 7
31 17 38
31 21 20
31 22 57
31 23 45
31 26 47
31 27 10
31 31 11
31 35 59
31 36 13
31 37 25
31 42 29
31 45 51
31 50 19
31 52 15
31 57 41
31 59 53
32 0 33
32 1 30
32 4 12
32 6 11
32 7 50
32 16 7
32 19 35
32 20 45
32 22 14
32 26 37
32 30 49
32 31 57
32 32 20
32 33 22
32 38 44
32 41 42
32 42 13
32 44 27
32 45 31
32 47 25
32 49 24
32 50 55
32 58 5
33 1 24
33 5 2
33 6 43
33 12 11
33 14 58
33 16 49
33 20 51
33 21 26
33 25 4
33 37 21
33 40 20
33 41 37
33 42 55
33 44 19
33 50 5
33 51 25
33 52 18
33 56 6
34 1 43
34 3 37
34 7 34
34 8 35
34 11 25
34 12 21
34 16 42
34 20 54
34 24 4
34 27 19
34 31 47
34 32 14
34 42 17
34 44 12
34 45 56
34 46 18
34 57 51
34 59 46
35 2 18
35 7 45
35 14 32
35 16 21
35 19 13
35 21 34
35 24 41
35 25 0
35 27 5
35 28 51
35 30 9
35 32 19
35 34 58
35 35 28
35 36 53
35 40 17
35 41 15
35 44 31
35 52 40
35 54 36
35 56 7
35 57 33
35 58 48
36 0 5
36 2 11
36 4 3
36 7 8
36 10 7
36 14 30
36 16 59
36 19 49
36 21 25
36 22 45
36 35 14
36 38 47
36 43 36
36 47 28
36 49 10
36 50 2
36 55 0
37 0 24
37 2 41
37 3 26
37 9 33
37 10 48
37 19 7
37 22 51
37 23 15
37 25 38
37 26 56
37 29 52
37 33 25
37 35 53
37 39 10
37 40 1
37 43 42
37 49 0
37 51 47
37 52 13
37 55 50
38 4 46
38 11 10
38 12 53
38 14 40
38 18 7
38 19 14
38 23 11
38 24 37
38 30 35
38 33 5
38 34 27
38 45 9
38 49 57
38 54 31
38 58 26
39 2 57
39 3 55
39 4 50
39 6 37
39 7 44
39 10 21
39 17 11
39 20 20
39 24 46
39 25 7
39 28 43
39 32 25
39 34 35
39 39 6
39 46 27
39 48 22
40 5 59
40 6 23
40 17 25
40 23 34
40 24 9
40 30 54
40 42 6
40 45 45
40 46 37
40 49 48
40 52 22
40 53 36
40 56 46
40 58 57
41 0 38
41 3 11
41 4 59
41 5 24
41 12 52
41 17 22
41 19 45
41 20 30
41 28 44
41 29 10
41 33 34
41 35 2
41 39 25
41 46 36
41 48 21
41 57 53
41 58 49
42 4 15
42 10 50
42 16 29
42 17 45
42 21 46
42 22 20
42 24 34
42 26 13
42 28 33
42 32 47
42 33 39
42 36 48
42 41 57
42 43 28
42 50 41
42 52 54
42 58 18
43 1 3
43 8 32
43 9 35
43 10 36
43 11 7
43 12 39
43 13 19
43 16 41
43 17 2
43 21 43
43 22 18
43 23 47
43 27 56
43 28 52
43 29 59
43 32 45
43 33 17
43 39 37
43 44 33
43 45 42
43 47 16
43 49 55
43 51 29
43 53 58
43 55 10
43 58 25
44 10 10
44 11 14
44 12 42
44 16 27
44 17 58
44 20 17
44 23 56
44 25 39
44 26 12
44 27 47
44 29 26
44 31 41
44 34 40
44 36 23
44 38 7
44 39 51
44 46 59
44 52 44
45 2 14
45 4 51
45 9 48
45 10 1
45 12 12
45 14 0
45 19 10
45 20 26
45 29 6
45 31 4
45 34 55
45 40 13
45 43 23
45 44 3
45 45 37
45 54 11
45 56 49
46 1 7
46 8 16
46 9 36
46 10 5
46 11 20
46 19 1
46 20 35
46 24 28
46 28 8
46 31 6
46 32 13
46 34 52
46 35 30
46 37 26
46 38 41
46 40 50
46 44 46
46 47 22
46 49 37
46 50 39
46 55 24
46 57 17
47 8 53
47 16 44
47 19 31
47 23 14
47 26 2
47 33 45
47 39 42
47 47 8
47 48 19
47 49 38
47 51 40
47 52 47
47 54 7
47 56 43
47 59 58
48 13 3
48 15 41
48 21 58
48 23 23
48 27 36
48 28 18
48 29 46
48 37 40
48 38 21
48 41 32
48 43 7
48 44 10
48 46 1
48 50 50
48 53 5
48 54 35
48 57 6
48 58 42
48 59 48
49 1 19
49 5 47
49 7 20
49 8 6
49 11 43
49 12 8
49 13 22
49 14 17
49 18 33
49 21 48
49 22 41
49 23 44
49 30 37
49 31 36
49 33 51
49 34 38
49 39 11
49 41 56
49 42 39
49 50 23
49 53 4
49 55 54
49 56 42
49 58 50
50 2 49
50 9 44
50 10 30
50 17 48
50 19 46
50 23 1
50 26 7
50 27 32
50 28 25
50 29 4
50 30 8
50 33 26
50 35 47
50 36 59
50 41 38
50 43 11
50 44 41
50 45 12
50 48 43
50 49 27
50 52 58
50 56 23
50 58 2
51 10 25
51 12 43
51 14 35
51 24 47
51 31 49
51 36 52
51 40 57
51 47 40
51 54 20
51 57 44
52 5 38
52 9 13
52 13 46
52 17 44
52 32 27
52 34 49
52 35 26
52 36 29
52 42 53
52 45 59
52 48 6
52 49 23
52 53 40
52 54 48
52 55 32
52 56 33
53 13 50
53 18 27
53 20 47
53 21 41
53 23 39
53 25 22
53 28 24
53 30 59
53 32 6
53 34 54
53 36 28
53 41 25
53 46 11
53 47 44
53 49 14
53 50 32
53 52 35
53 54 9
53 56 19
54 2 17
54 4 53
54 7 38
54 8 27
54 9 37
54 11 12
54 19 32
54 24 44
54 27 52
54 29 25
54 38 58
54 40 4
54 42 48
54 44 39
54 46 13
54 47 18
54 59 51
55 3 34
55 8 21
55 12 16
55 15 56
55 19 44
55 22 6
55 24 24
55 28 41
55 40 54
55 43 2
55 52 19
55 56 57
55 58 40
55 59 39
56 8 55
56 9 25
56 13 37
56 14 16
56 16 33
56 29 49
56 33 6
56 51 39
57 1 36
57 4 19
57 6 44
57 8 15
57 9 24
57 10 34
57 12 38
57 14 8
57 20 18
57 34 29
57 35 12
57 38 14
57 39 55
57 40 26
57 42 3
57 47 27
57 56 4
58 1 29
58 3 9
58 5 20
58 17 34
58 18 11
58 22 56
58 23 22
58 24 58
58 29 36
58 30 32
58 31 1
58 36 39
58 39 33
58 49 43
58 53 18
58 57 14
58 59 37
59 1 16
59 4 9
59 14 54
59 18 43
59 24 23
59 26 45
59 27 21
59 30 56
59 34 1
59 39 48
59 41 47
59 42 18
59 44 15
59 46 40
59 48 27
59 49 2
59 54 59
59 55 3
59 57 32
