70
0 3 7
0 7 40
0 8 27
0 10 63
0 12 39
0 14 24
0 15 53
0 17 11
0 22 29
0 23 16
0 24 13
0 26 32
0 28 38
0 29 62
0 30 51
0 32 43
0 33 20
0 35 28
0 36 64
0 39 6
0 40 68
0 41 42
0 42 49
0 45 36
0 46 60
0 48 18
0 49 10
0 50 31
0 53 8
0 57 34
0 60 4
0 61 5
0 62 65
0 64 1
0 65 69
0 67 12
0 69 0
1 6 55
1 7 18
1 9 60
1 10 33
1 12 11
1 17 54
1 18 14
1 20 32
1 21 0
1 22 28
1 23 34
1 24 24
1 25 58
1 28 16
1 29 46
1 31 22
1 36 12
1 37 52
1 38 29
1 40 8
1 41 53
1 42 2
1 44 21
1 45 38
1 47 43
1 48 40
1 49 48
1 50 50
1 51 68
1 52 45
1 55 10
1 56 39
1 60 5
1 61 27
1 65 64
1 66 31
1 67 59
1 68 37
1 69 57
2 1 16
2 2 33
2 3 9
2 4 34
2 9 0
2 10 5
2 11 51
2 14 7
2 15 45
2 19 63
2 22 12
2 24 55
2 28 1
2 31 20
2 36 52
2 37 3
2 40 6
2 41 27
2 42 18
2 43 42
2 49 38
2 51 64
2 53 29
2 54 36
2 55 31
2 56 25
2 59 8
2 60 59
2 61 53
2 63 65
2 64 49
2 66 60
2 67 17
3 1 14
3 2 1
3 6 32
3 8 45
3 9 69
3 10 38
3 14 58
3 20 64
3 23 37
3 24 41
3 25 17
3 26 67
3 34 6
3 35 61
3 44 34
3 47 66
3 48 25
3 52 12
3 56 44
3 57 48
3 60 60
3 62 23
3 63 5
3 64 65
3 65 20
3 69 11
4 2 52
4 3 53
4 4 6
4 8 38
4 10 30
4 11 48
4 14 49
4 15 11
4 17 59
4 18 16
4 19 31
4 20 27
4 21 41
4 23 40
4 24 7
4 25 61
4 26 10
4 29 19
4 33 36
4 35 9
4 36 54
4 40 4
4 41 51
4 42 62
4 46 46
4 49 42
4 50 25
4 51 58
4 53 63
4 54 2
4 55 47
4 58 14
4 59 21
4 60 43
4 61 0
4 62 32
4 63 56
4 64 8
5 0 64
5 4 19
5 7 20
5 9 16
5 12 50
5 13 24
5 14 33
5 15 52
5 17 0
5 18 7
5 22 1
5 23 21
5 24 25
5 25 48
5 26 17
5 28 45
5 29 66
5 31 67
5 33 65
5 34 56
5 35 8
5 37 34
5 42 69
5 43 46
5 45 42
5 46 10
5 47 40
5 48 29
5 49 6
5 53 12
5 54 59
5 55 18
5 56 28
5 57 58
5 59 2
5 60 26
5 61 23
5 63 39
5 64 44
5 65 3
5 67 5
5 69 30
6 4 4
6 5 31
6 9 15
6 10 60
6 11 9
6 17 8
6 19 36
6 20 3
6 24 27
6 26 58
6 28 57
6 29 51
6 30 13
6 31 32
6 32 40
6 35 39
6 36 5
6 37 29
6 38 1
6 41 11
6 42 0
6 45 66
6 46 53
6 49 26
6 50 33
6 51 30
6 53 59
6 54 69
6 55 16
6 56 37
6 57 22
6 60 47
6 61 67
6 63 10
6 69 14
7 0 15
7 1 30
7 2 9
7 3 45
7 4 51
7 7 44
7 8 57
7 10 20
7 11 67
7 12 62
7 13 39
7 16 21
7 19 25
7 24 12
7 25 13
7 29 69
7 31 34
7 32 37
7 33 53
7 34 42
7 38 64
7 45 4
7 48 36
7 50 24
7 52 43
7 53 16
7 56 49
7 59 32
7 60 35
7 61 41
7 63 66
7 67 27
8 2 23
8 4 10
8 7 6
8 11 62
8 13 3
8 15 58
8 17 46
8 18 56
8 21 63
8 23 25
8 25 35
8 29 64
8 33 28
8 34 55
8 36 26
8 37 12
8 38 69
8 41 43
8 42 31
8 43 8
8 44 54
8 45 32
8 50 49
8 51 38
8 52 1
8 54 60
8 58 0
8 59 9
8 61 13
8 62 27
8 67 15
9 0 49
9 1 33
9 3 35
9 6 64
9 8 44
9 10 31
9 14 67
9 15 10
9 17 51
9 19 32
9 21 68
9 23 62
9 25 47
9 26 0
9 27 39
9 28 46
9 31 37
9 34 43
9 37 65
9 40 22
9 42 24
9 47 42
9 49 19
9 50 29
9 51 61
9 54 21
9 57 6
9 60 40
9 62 48
9 68 3
9 69 5
10 0 3
10 3 43
10 5 56
10 6 37
10 7 9
10 10 22
10 11 5
10 12 35
10 14 12
10 17 64
10 18 30
10 19 8
10 20 28
10 22 14
10 23 44
10 24 42
10 25 0
10 27 47
10 29 34
10 30 32
10 34 54
10 38 27
10 45 46
10 47 69
10 48 67
10 51 15
10 53 1
10 54 6
10 55 45
10 56 55
10 58 52
10 59 33
10 61 36
10 62 60
10 64 10
10 65 49
10 66 61
10 67 57
11 3 17
11 4 46
11 5 51
11 6 24
11 7 65
11 8 29
11 10 54
11 13 25
11 15 13
11 17 5
11 18 40
11 21 62
11 23 10
11 24 61
11 25 63
11 26 43
11 32 27
11 36 58
11 38 53
11 40 60
11 42 23
11 46 14
11 48 47
11 49 0
11 50 34
11 51 55
11 53 36
11 55 44
11 56 8
11 57 28
11 61 69
11 62 19
11 63 16
11 64 22
11 66 45
11 69 68
12 0 11
12 2 57
12 3 37
12 8 48
12 11 4
12 12 45
12 15 5
12 18 12
12 24 43
12 25 60
12 26 21
12 28 3
12 29 20
12 32 58
12 33 2
12 34 33
12 37 66
12 38 10
12 40 0
12 42 54
12 44 9
12 46 27
12 49 41
12 50 23
12 51 26
12 52 31
12 55 65
12 56 1
12 57 42
12 59 63
12 60 68
12 63 36
12 65 53
12 66 67
12 69 46
13 2 56
13 5 57
13 9 32
13 10 45
13 13 11
13 14 30
13 17 55
13 18 20
13 19 54
13 20 43
13 22 38
13 24 14
13 25 34
13 27 26
13 28 40
13 29 18
13 30 63
13 31 51
13 32 49
13 33 19
13 37 10
13 39 31
13 41 23
13 42 52
13 43 65
13 44 2
13 50 27
13 53 58
13 54 62
13 55 46
13 59 36
13 60 69
13 63 3
13 68 5
14 0 60
14 2 11
14 3 57
14 4 63
14 6 49
14 7 54
14 8 31
14 10 34
14 13 32
14 15 61
14 16 40
14 17 44
14 20 59
14 21 36
14 25 51
14 26 26
14 27 38
14 32 22
14 35 12
14 38 20
14 40 64
14 49 28
14 50 53
14 52 55
14 53 48
14 55 69
14 56 24
14 58 68
14 59 43
14 60 66
14 61 56
14 62 41
14 63 7
14 64 21
14 67 2
14 68 46
15 0 58
15 3 11
15 4 45
15 6 33
15 8 65
15 10 32
15 13 35
15 14 44
15 16 15
15 17 48
15 20 34
15 21 43
15 26 66
15 28 59
15 29 54
15 31 49
15 34 62
15 36 16
15 37 38
15 39 24
15 40 26
15 44 4
15 45 50
15 46 12
15 48 20
15 50 40
15 51 6
15 52 21
15 56 61
15 57 27
15 59 0
15 60 10
15 63 57
15 64 41
15 65 63
15 67 52
16 0 57
16 1 41
16 4 31
16 6 30
16 12 47
16 13 10
16 14 16
16 16 64
16 17 68
16 22 49
16 24 20
16 28 58
16 29 35
16 31 42
16 32 39
16 33 66
16 34 8
16 37 7
16 42 4
16 44 6
16 45 63
16 50 54
16 51 44
16 52 3
16 53 13
16 55 32
16 57 67
16 58 59
16 59 56
16 66 17
16 69 36
17 0 54
17 1 19
17 3 50
17 5 26
17 6 28
17 12 22
17 14 27
17 16 37
17 19 59
17 22 9
17 27 64
17 30 69
17 34 12
17 37 18
17 41 3
17 43 16
17 45 34
17 47 45
17 49 7
17 57 66
17 60 58
17 63 8
17 64 52
17 65 67
17 66 65
17 69 2
18 0 35
18 3 46
18 5 36
18 9 28
18 12 61
18 14 57
18 15 41
18 16 19
18 18 43
18 19 55
18 20 7
18 22 8
18 23 49
18 25 67
18 26 38
18 27 63
18 28 14
18 29 24
18 31 58
18 32 0
18 33 30
18 35 1
18 37 48
18 40 51
18 46 59
18 52 22
18 53 62
18 54 16
18 57 25
18 58 15
18 59 53
18 60 18
18 61 54
18 62 20
18 63 6
18 64 68
18 65 34
18 67 3
18 68 26
19 2 18
19 4 12
19 5 40
19 6 66
19 7 47
19 9 50
19 11 23
19 18 8
19 23 55
19 25 30
19 27 3
19 28 22
19 29 60
19 30 33
19 32 64
19 34 53
19 38 34
19 39 1
19 41 0
19 42 67
19 43 28
19 46 41
19 49 43
19 53 19
19 57 17
19 59 42
19 61 6
19 62 14
19 63 37
19 64 24
19 67 32
19 68 16
19 69 39
20 4 2
20 6 3
20 10 69
20 12 18
20 15 46
20 17 49
20 21 24
20 23 11
20 24 59
20 25 43
20 26 14
20 27 17
20 28 32
20 31 25
20 33 22
20 34 64
20 38 66
20 42 13
20 44 30
20 45 51
20 46 39
20 47 33
20 48 12
20 53 68
20 54 40
20 59 37
20 62 9
20 63 60
20 65 16
20 68 8
20 69 47
21 2 13
21 4 52
21 8 63
21 9 61
21 10 58
21 11 15
21 12 65
21 13 27
21 14 37
21 15 21
21 16 55
21 19 43
21 20 68
21 23 54
21 28 67
21 29 23
21 30 8
21 33 1
21 34 38
21 35 45
21 45 59
21 46 22
21 51 12
21 52 26
21 54 18
21 55 17
21 56 29
21 57 7
21 58 69
21 62 5
21 65 47
21 67 33
21 68 20
21 69 16
22 2 44
22 3 41
22 4 42
22 5 52
22 6 62
22 8 51
22 9 21
22 11 45
22 12 66
22 13 43
22 15 18
22 17 17
22 18 13
22 21 7
22 22 19
22 23 1
22 24 16
22 25 24
22 26 53
22 28 60
22 29 33
22 30 15
22 31 63
22 34 30
22 35 5
22 40 67
22 41 26
22 44 31
22 45 29
22 46 50
22 49 64
22 52 23
22 55 8
22 56 38
22 57 57
22 58 27
22 62 47
22 63 2
22 65 28
22 66 34
22 69 4
23 1 31
23 2 29
23 3 2
23 6 35
23 9 53
23 11 66
23 12 49
23 14 9
23 19 52
23 20 20
23 22 0
23 23 8
23 27 14
23 29 6
23 31 10
23 34 39
23 37 25
23 39 4
23 40 17
23 42 32
23 43 56
23 44 23
23 48 68
23 49 22
23 50 44
23 51 13
23 52 27
23 53 18
23 54 51
23 55 36
23 59 11
23 62 26
23 65 12
23 66 46
23 67 42
23 69 48
24 2 42
24 4 7
24 10 66
24 13 48
24 16 38
24 22 4
24 24 68
24 25 29
24 27 67
24 31 3
24 34 0
24 35 56
24 36 39
24 38 6
24 39 63
24 41 47
24 42 44
24 43 61
24 44 5
24 45 54
24 46 16
24 50 12
24 52 40
24 53 23
24 54 31
24 58 43
24 59 58
24 61 22
24 63 51
24 66 28
24 68 24
24 69 52
25 2 41
25 5 20
25 6 65
25 7 19
25 10 67
25 12 2
25 13 58
25 14 3
25 15 66
25 17 14
25 21 56
25 22 23
25 23 7
25 25 32
25 26 11
25 27 18
25 30 57
25 31 47
25 33 0
25 36 69
25 38 5
25 39 38
25 40 54
25 41 33
25 42 45
25 43 60
25 45 40
25 46 43
25 48 34
25 53 37
25 58 64
25 60 15
25 61 28
25 62 68
25 63 30
25 64 27
25 68 6
26 4 57
26 5 65
26 6 10
26 7 14
26 8 2
26 9 62
26 17 66
26 19 1
26 20 58
26 21 20
26 26 40
26 30 6
26 31 15
26 32 9
26 39 12
26 40 69
26 41 24
26 44 19
26 45 25
26 46 11
26 47 49
26 49 31
26 50 42
26 52 7
26 53 45
26 56 35
26 58 26
26 59 59
26 61 17
26 62 28
26 67 44
26 68 63
27 1 10
27 5 11
27 7 29
27 8 12
27 11 16
27 12 56
27 14 61
27 15 36
27 18 47
27 19 21
27 22 33
27 23 0
27 26 64
27 27 52
27 29 63
27 32 13
27 39 49
27 43 66
27 44 15
27 45 68
27 49 35
27 50 69
27 52 34
27 53 41
27 54 48
27 55 7
27 56 19
27 58 62
27 59 45
27 60 51
27 61 2
27 64 50
27 67 38
27 69 24
28 1 48
28 3 20
28 5 32
28 6 2
28 8 36
28 9 23
28 10 59
28 11 39
28 12 58
28 15 43
28 18 37
28 20 53
28 23 42
28 24 54
28 25 25
28 26 3
28 28 52
28 29 57
28 30 21
28 33 49
28 39 41
28 40 16
28 41 46
28 43 47
28 44 24
28 46 65
28 49 11
28 50 14
28 51 40
28 52 44
28 53 67
28 57 13
28 59 64
28 60 27
28 61 7
28 62 69
28 64 35
28 69 31
29 1 40
29 2 27
29 3 54
29 4 67
29 5 58
29 6 6
29 15 59
29 16 61
29 17 47
29 18 32
29 19 30
29 23 3
29 26 37
29 32 52
29 33 18
29 34 50
29 35 34
29 36 44
29 38 24
29 39 25
29 41 49
29 43 68
29 48 53
29 51 43
29 55 64
29 56 60
29 59 17
29 60 13
29 61 14
29 62 2
29 64 5
29 65 4
29 67 69
29 69 63
30 0 33
30 3 14
30 4 32
30 5 55
30 6 18
30 7 61
30 8 10
30 9 20
30 11 34
30 12 63
30 13 37
30 16 27
30 17 24
30 18 25
30 22 59
30 23 57
30 27 53
30 28 49
30 29 21
30 30 23
30 34 41
30 36 67
30 37 1
30 39 30
30 40 5
30 42 8
30 43 38
30 44 3
30 45 69
30 47 31
30 51 28
30 52 60
30 54 19
30 55 62
30 57 11
30 58 44
30 60 9
30 61 39
30 62 35
30 63 17
30 67 43
30 69 6
31 0 59
31 2 21
31 6 9
31 8 0
31 9 43
31 11 28
31 12 1
31 13 36
31 14 11
31 15 57
31 16 47
31 18 10
31 19 62
31 20 4
31 21 12
31 22 26
31 23 51
31 24 6
31 25 64
31 26 5
31 28 8
31 30 56
31 31 19
31 34 65
31 35 33
31 41 7
31 42 15
31 43 40
31 45 35
31 47 22
31 50 20
31 51 45
31 52 18
31 53 14
31 54 67
31 55 63
31 57 24
31 63 38
31 66 37
31 68 41
31 69 50
32 0 66
32 2 2
32 5 13
32 9 57
32 11 33
32 14 43
32 23 22
32 25 36
32 26 6
32 34 52
32 35 42
32 37 20
32 39 32
32 40 24
32 41 39
32 43 63
32 44 40
32 45 18
32 48 44
32 49 17
32 50 5
32 51 53
32 55 50
32 57 23
32 58 30
32 59 28
32 63 62
32 67 41
32 69 45
33 0 8
33 2 25
33 3 24
33 5 2
33 6 47
33 7 50
33 10 7
33 20 63
33 21 10
33 23 52
33 27 40
33 30 16
33 33 64
33 35 49
33 36 15
33 38 43
33 39 62
33 44 65
33 48 59
33 49 66
33 50 21
33 51 46
33 52 69
33 54 33
33 56 20
33 57 32
33 60 30
33 61 1
33 63 14
33 64 9
33 66 54
33 68 58
34 4 0
34 5 41
34 6 36
34 10 18
34 11 7
34 12 32
34 13 2
34 14 17
34 15 40
34 18 66
34 22 58
34 23 47
34 24 69
34 26 46
34 28 33
34 31 39
34 34 34
34 38 48
34 42 63
34 45 16
34 47 5
34 48 51
34 49 49
34 50 35
34 51 22
34 52 61
34 53 64
34 55 19
34 59 10
34 60 62
34 61 44
34 63 24
34 65 54
34 66 25
34 67 20
34 69 65
35 0 22
35 1 18
35 4 29
35 6 40
35 8 32
35 11 56
35 12 46
35 13 8
35 16 62
35 21 67
35 23 61
35 24 52
35 25 68
35 27 5
35 29 50
35 30 14
35 32 17
35 33 44
35 35 15
35 37 27
35 40 42
35 42 11
35 45 57
35 46 55
35 48 26
35 55 37
35 57 54
35 58 53
35 59 31
35 60 21
35 63 47
35 64 3
35 65 41
35 66 19
35 67 58
35 68 13
35 69 20
36 0 25
36 1 2
36 2 32
36 3 64
36 7 34
36 9 47
36 10 56
36 11 11
36 12 54
36 13 46
36 18 65
36 19 15
36 20 14
36 21 58
36 26 12
36 27 44
36 35 68
36 36 6
36 38 61
36 39 3
36 41 41
36 42 35
36 43 22
36 45 28
36 46 1
36 48 48
36 49 27
36 50 19
36 51 29
36 55 20
36 57 5
36 64 62
36 65 30
36 67 16
37 2 34
37 3 68
37 4 36
37 7 23
37 8 42
37 9 24
37 12 48
37 13 57
37 14 22
37 15 35
37 17 10
37 21 8
37 24 49
37 26 20
37 28 53
37 33 12
37 36 3
37 37 30
37 40 47
37 41 64
37 43 51
37 45 67
37 46 21
37 48 45
37 53 40
37 55 25
37 58 1
37 60 55
37 63 31
37 64 0
37 65 27
37 69 9
38 0 20
38 2 38
38 4 24
38 8 67
38 12 19
38 13 66
38 14 55
38 16 33
38 17 22
38 19 7
38 20 0
38 22 6
38 24 23
38 28 29
38 30 60
38 32 63
38 33 5
38 34 32
38 35 69
38 37 61
38 38 57
38 39 27
38 43 36
38 44 47
38 45 41
38 47 56
38 49 59
38 50 37
38 51 49
38 52 13
38 53 31
38 55 54
38 56 3
38 57 46
38 59 39
38 65 2
39 0 27
39 1 55
39 2 68
39 4 62
39 5 7
39 6 0
39 7 39
39 9 26
39 10 24
39 12 8
39 14 51
39 15 47
39 18 52
39 19 12
39 20 41
39 21 45
39 23 23
39 24 5
39 26 25
39 27 21
39 28 13
39 34 67
39 36 20
39 37 31
39 38 44
39 39 14
39 42 50
39 46 34
39 49 58
39 53 22
39 56 36
39 58 42
39 62 6
39 64 30
39 65 18
39 68 48
40 1 47
40 2 12
40 3 40
40 5 17
40 15 38
40 16 26
40 21 57
40 22 51
40 23 60
40 25 8
40 26 22
40 27 28
40 29 59
40 34 2
40 35 67
40 37 45
40 38 62
40 39 11
40 42 30
40 44 39
40 46 32
40 47 64
40 52 16
40 54 9
40 55 14
40 60 7
40 62 44
40 63 29
40 64 58
40 68 52
41 4 22
41 5 0
41 7 35
41 9 63
41 11 69
41 12 13
41 14 46
41 16 9
41 17 52
41 19 57
41 23 45
41 27 49
41 31 2
41 33 21
41 34 59
41 37 5
41 39 37
41 44 58
41 46 6
41 48 15
41 52 67
41 54 11
41 55 38
41 57 40
41 58 12
41 59 24
41 60 28
41 62 66
41 63 53
41 64 16
41 65 42
41 66 39
41 67 62
41 68 14
42 1 65
42 3 47
42 4 43
42 5 4
42 9 58
42 10 10
42 11 6
42 12 33
42 13 34
42 15 32
42 17 53
42 18 39
42 19 44
42 20 13
42 21 40
42 22 18
42 23 38
42 26 30
42 27 20
42 30 41
42 31 12
42 33 37
42 35 0
42 36 36
42 39 51
42 43 31
42 44 17
42 46 56
42 48 62
42 49 5
42 50 46
42 51 59
42 53 26
42 54 8
42 55 27
42 56 69
42 57 68
42 59 52
42 60 19
42 62 16
42 65 35
42 66 42
43 1 46
43 2 40
43 8 30
43 11 60
43 14 38
43 18 11
43 21 69
43 25 14
43 26 35
43 29 5
43 30 52
43 31 53
43 34 36
43 35 44
43 37 55
43 39 57
43 40 21
43 41 29
43 42 42
43 44 28
43 45 2
43 46 49
43 47 63
43 51 56
43 52 8
43 53 66
43 54 43
43 59 50
43 60 48
43 61 65
43 62 24
43 63 27
43 64 13
43 66 6
43 67 1
43 68 10
43 69 51
44 0 9
44 6 61
44 8 1
44 9 54
44 12 0
44 13 16
44 14 2
44 15 34
44 22 62
44 23 29
44 25 6
44 28 24
44 29 47
44 31 8
44 32 21
44 35 14
44 36 17
44 39 48
44 41 30
44 43 69
44 44 35
44 45 10
44 46 44
44 47 7
44 48 19
44 51 60
44 52 66
44 57 63
44 58 13
44 59 41
44 65 31
44 66 40
44 68 12
45 2 30
45 3 66
45 4 1
45 6 22
45 9 49
45 10 46
45 11 20
45 15 64
45 19 51
45 20 37
45 21 2
45 23 48
45 26 54
45 28 5
45 31 4
45 32 47
45 36 40
45 38 11
45 40 53
45 41 14
45 47 21
45 51 32
45 52 63
45 53 33
45 54 26
45 55 24
45 56 68
45 57 19
45 63 44
45 65 15
45 68 17
45 69 3
46 1 7
46 2 65
46 5 28
46 6 5
46 7 58
46 8 43
46 9 40
46 10 29
46 11 25
46 12 10
46 13 12
46 14 64
46 15 69
46 16 53
46 17 21
46 18 51
46 22 16
46 23 35
46 24 3
46 25 27
46 26 49
46 30 54
46 32 41
46 36 34
46 37 37
46 38 55
46 40 36
46 41 1
46 42 60
46 43 48
46 46 15
46 48 39
46 51 9
46 52 59
46 54 22
46 56 56
46 57 0
46 59 46
46 61 20
46 65 45
46 66 23
46 67 63
46 68 66
46 69 26
47 1 57
47 3 22
47 8 56
47 9 37
47 10 9
47 11 68
47 12 24
47 14 31
47 18 61
47 19 16
47 22 30
47 23 50
47 26 60
47 31 23
47 32 42
47 33 35
47 37 54
47 38 3
47 40 33
47 42 41
47 44 12
47 46 13
47 48 8
47 49 4
47 51 25
47 53 5
47 55 6
47 59 18
47 60 1
47 61 10
47 63 59
47 64 46
47 65 66
47 67 7
48 0 69
48 1 58
48 3 36
48 4 53
48 5 44
48 6 15
48 10 68
48 15 37
48 16 65
48 17 2
48 18 38
48 20 5
48 21 31
48 22 24
48 23 63
48 26 1
48 29 39
48 30 64
48 32 46
48 34 60
48 35 54
48 36 7
48 37 13
48 38 41
48 40 30
48 43 9
48 45 23
48 46 33
48 49 55
48 55 21
48 57 49
48 58 29
48 59 16
48 60 34
48 62 8
48 66 26
48 67 47
48 68 62
49 0 51
49 3 48
49 5 27
49 7 38
49 10 15
49 11 46
49 13 17
49 14 50
49 16 6
49 17 41
49 18 2
49 20 9
49 22 3
49 24 1
49 25 49
49 29 68
49 32 14
49 35 19
49 36 53
49 37 8
49 40 12
49 44 26
49 46 45
49 47 29
49 48 33
49 49 62
49 50 0
49 51 63
49 55 22
49 56 30
49 57 44
49 61 66
49 64 4
49 65 57
49 68 39
50 0 46
50 4 5
50 10 43
50 11 54
50 15 4
50 16 48
50 17 33
50 20 23
50 21 9
50 27 68
50 31 30
50 32 18
50 33 3
50 36 59
50 40 29
50 41 22
50 44 44
50 45 6
50 46 25
50 48 35
50 51 21
50 53 2
50 58 38
50 60 36
50 62 7
50 63 13
50 66 51
51 0 31
51 1 3
51 2 6
51 3 10
51 5 61
51 6 69
51 9 41
51 12 17
51 14 5
51 18 64
51 25 15
51 27 25
51 29 37
51 30 11
51 31 52
51 34 1
51 35 53
51 37 67
51 38 23
51 40 43
51 41 19
51 48 2
51 50 30
51 52 9
51 54 68
51 62 45
51 65 39
51 66 59
52 1 9
52 3 28
52 4 15
52 16 51
52 18 69
52 19 29
52 21 30
52 25 31
52 29 41
52 31 27
52 32 66
52 33 14
52 35 47
52 36 25
52 38 13
52 39 36
52 41 40
52 42 38
52 43 0
52 45 12
52 46 64
52 48 46
52 49 67
52 50 22
52 51 57
52 53 34
52 57 37
52 58 65
52 59 62
52 60 44
52 64 18
52 65 5
52 67 19
52 68 42
53 1 62
53 2 3
53 4 37
53 5 34
53 6 23
53 7 46
53 8 59
53 10 4
53 12 42
53 14 69
53 15 16
53 18 0
53 22 66
53 24 51
53 29 8
53 37 17
53 38 25
53 41 15
53 42 6
53 43 21
53 44 38
53 45 5
53 46 24
53 49 1
53 50 65
53 51 31
53 53 56
53 55 57
53 63 40
53 64 26
53 66 33
53 67 11
53 69 49
54 0 45
54 5 12
54 7 11
54 9 59
54 10 55
54 12 38
54 13 20
54 14 13
54 15 28
54 19 4
54 21 17
54 22 22
54 25 26
54 29 2
54 30 1
54 32 61
54 33 32
54 34 9
54 37 47
54 38 8
54 40 37
54 43 62
54 45 21
54 46 35
54 47 14
54 48 0
54 49 16
54 51 41
54 52 49
54 53 53
54 56 6
54 57 56
54 62 54
54 63 63
54 66 27
54 69 7
55 0 21
55 1 0
55 2 69
55 3 15
55 4 48
55 7 64
55 8 13
55 9 25
55 12 34
55 14 54
55 15 67
55 17 23
55 21 61
55 25 5
55 26 27
55 27 36
55 28 7
55 31 24
55 33 6
55 34 10
55 35 65
55 39 29
55 43 18
55 46 20
55 48 42
55 50 51
55 51 66
55 53 52
55 57 50
55 58 33
55 59 44
55 60 12
55 61 55
55 62 57
55 63 32
55 64 53
55 66 8
55 67 49
56 1 17
56 2 7
56 3 8
56 4 59
56 5 64
56 6 44
56 7 53
56 11 65
56 12 52
56 14 20
56 15 49
56 17 18
56 18 36
56 20 66
56 23 33
56 24 30
56 25 3
56 26 47
56 29 31
56 31 56
56 36 21
56 38 42
56 44 37
56 46 23
56 47 0
56 48 13
56 49 54
56 50 11
56 51 1
56 52 19
56 56 26
56 58 48
56 60 2
56 62 4
56 64 57
56 65 29
56 66 38
57 0 55
57 1 69
57 2 10
57 3 18
57 4 16
57 5 21
57 7 31
57 9 34
57 10 12
57 11 40
57 12 25
57 15 60
57 18 9
57 22 42
57 23 5
57 25 59
57 26 41
57 27 50
57 30 20
57 31 6
57 32 62
57 34 68
57 35 57
57 36 13
57 37 43
57 38 67
57 39 58
57 41 35
57 42 29
57 44 48
57 45 17
57 46 36
57 49 46
57 51 0
57 52 38
57 54 7
57 61 61
57 65 44
57 66 30
57 67 53
58 0 24
58 1 53
58 2 54
58 3 56
58 4 3
58 5 14
58 7 5
58 8 47
58 10 35
58 12 36
58 14 41
58 16 59
58 18 67
58 20 60
58 22 10
58 23 20
58 31 69
58 33 7
58 35 50
58 37 9
58 38 33
58 39 13
58 41 48
58 43 17
58 46 2
58 47 26
58 49 57
58 50 28
58 55 68
58 56 40
58 59 27
58 63 52
58 64 19
58 65 25
58 66 64
58 69 66
59 0 4
59 3 32
59 6 27
59 7 51
59 8 6
59 10 1
59 11 36
59 12 55
59 16 30
59 21 48
59 23 59
59 24 26
59 26 62
59 27 9
59 29 25
59 32 24
59 33 34
59 36 35
59 40 49
59 44 29
59 46 63
59 48 5
59 50 61
59 51 23
59 52 57
59 53 17
59 57 47
59 58 21
59 59 38
59 61 64
59 64 37
59 65 33
59 69 53
60 2 53
60 5 45
60 10 25
60 12 44
60 13 49
60 16 8
60 21 51
60 23 67
60 24 36
60 29 32
60 30 22
60 31 46
60 34 13
60 36 27
60 39 65
60 41 55
60 43 35
60 44 14
60 46 19
60 47 17
60 49 12
60 50 47
60 51 62
60 53 10
60 54 39
60 56 5
60 57 21
60 58 63
60 59 68
60 61 59
60 62 18
60 65 9
60 68 7
60 69 29
61 2 22
61 3 55
61 4 38
61 5 15
61 6 1
61 10 52
61 12 9
61 13 68
61 15 3
61 17 63
61 19 27
61 20 49
61 21 6
61 24 39
61 28 34
61 29 10
61 30 17
61 32 44
61 35 23
61 38 56
61 42 16
61 43 2
61 44 59
61 45 19
61 46 62
61 47 47
61 49 53
61 51 50
61 52 58
61 58 66
61 59 13
61 61 46
61 63 41
61 67 18
61 68 25
62 0 6
62 5 69
62 8 24
62 13 64
62 15 42
62 16 11
62 17 61
62 20 50
62 24 21
62 25 38
62 26 29
62 30 62
62 31 28
62 32 65
62 33 45
62 34 35
62 35 32
62 36 33
62 40 31
62 41 58
62 42 22
62 46 54
62 49 2
62 50 67
62 51 7
62 52 5
62 53 44
62 55 3
62 59 30
62 60 46
62 61 63
62 62 15
62 65 8
63 2 19
63 3 62
63 5 49
63 6 11
63 7 37
63 8 15
63 13 31
63 14 68
63 16 29
63 19 28
63 20 24
63 21 44
63 22 54
63 23 32
63 24 67
63 27 33
63 30 10
63 31 45
63 32 56
63 33 41
63 34 47
63 40 18
63 44 1
63 47 61
63 48 64
63 49 14
63 50 6
63 52 46
63 53 21
63 54 55
63 55 5
63 56 7
63 58 50
63 60 25
63 62 52
63 63 22
63 65 26
64 1 21
64 3 13
64 4 61
64 7 2
64 8 64
64 10 40
64 11 63
64 12 59
64 14 66
64 17 50
64 18 54
64 19 41
64 21 47
64 24 10
64 25 57
64 26 9
64 28 35
64 31 60
64 32 33
64 33 23
64 34 45
64 37 69
64 39 55
64 40 19
64 41 31
64 42 68
64 43 27
64 44 36
64 45 11
64 46 5
64 50 4
64 51 14
64 54 37
64 56 22
64 57 29
64 61 52
64 63 20
64 68 67
65 0 47
65 1 4
65 3 6
65 6 67
65 7 13
65 8 69
65 11 50
65 14 39
65 15 44
65 16 12
65 17 35
65 18 24
65 19 38
65 21 22
65 22 48
65 26 65
65 28 62
65 30 3
65 31 1
65 33 68
65 36 57
65 38 0
65 39 15
65 43 7
65 45 31
65 46 42
65 47 25
65 49 45
65 50 55
65 52 10
65 53 11
65 57 64
65 60 33
65 61 16
65 63 46
65 64 20
65 65 58
65 67 40
65 68 54
65 69 32
66 0 39
66 3 4
66 6 38
66 7 63
66 12 14
66 13 28
66 15 30
66 16 1
66 18 48
66 20 52
66 21 13
66 23 15
66 25 16
66 27 55
66 28 64
66 30 68
66 31 41
66 35 66
66 37 53
66 39 23
66 40 58
66 42 33
66 44 27
66 45 9
66 46 51
66 48 3
66 49 56
66 50 26
66 51 5
66 52 42
66 53 35
66 55 49
66 58 19
66 59 57
66 63 50
66 64 69
66 67 10
66 68 47
66 69 60
67 0 14
67 4 49
67 5 16
67 8 46
67 9 44
67 10 53
67 11 27
67 12 6
67 13 5
67 14 56
67 15 12
67 16 18
67 18 15
67 19 64
67 20 30
67 23 43
67 28 47
67 32 32
67 35 48
67 37 62
67 38 35
67 39 7
67 41 65
67 47 3
67 50 58
67 51 39
67 55 28
67 59 29
67 61 33
67 64 42
67 65 11
67 66 2
68 1 11
68 3 58
68 4 26
68 6 7
68 8 37
68 10 14
68 11 17
68 12 69
68 14 62
68 16 28
68 17 36
68 18 44
68 19 66
68 21 23
68 22 57
68 23 53
68 24 45
68 25 1
68 28 56
68 30 34
68 37 22
68 39 18
68 41 20
68 42 51
68 43 25
68 47 68
68 48 49
68 50 41
68 53 15
68 55 52
68 57 4
68 60 6
68 63 19
68 64 32
68 67 64
69 0 42
69 8 33
69 9 39
69 11 53
69 12 68
69 14 21
69 16 50
69 19 2
69 25 12
69 29 52
69 32 48
69 34 5
69 36 11
69 37 16
69 38 31
69 41 37
69 42 55
69 43 30
69 44 67
69 46 3
69 47 28
69 48 60
69 49 9
69 51 51
69 52 54
69 54 41
69 56 34
69 58 32
69 60 20
69 61 58
69 62 62
69 66 22
69 68 56
69 69 10
