70
0 0 52
0 2 21
0 5 49
0 8 23
0 11 47
0 16 41
0 18 26
0 20 18
0 25 27
0 27 33
0 28 4
0 29 58
0 32 22
0 34 68
0 36 56
0 39 38
0 40 65
0 45 63
0 47 10
0 49 48
0 51 42
0 59 0
0 61 66
0 65 64
1 0 47
1 1 29
1 5 69
1 9 20
1 13 9
1 21 35
1 22 5
1 24 8
1 28 13
1 32 63
1 34 33
1 40 10
1 43 60
1 44 28
1 45 27
1 57 48
1 58 16
1 61 38
1 62 42
1 63 11
1 64 44
1 68 34
2 0 46
2 3 27
2 9 39
2 11 56
2 17 22
2 18 5
2 21 48
2 22 12
2 23 45
2 25 65
2 26 23
2 28 50
2 30 3
2 32 44
2 39 18
2 40 26
2 44 29
2 45 37
2 50 20
2 59 51
2 65 59
2 68 32
3 0 18
3 1 17
3 4 51
3 9 15
3 10 11
3 14 53
3 16 4
3 18 0
3 19 68
3 20 39
3 22 37
3 25 26
3 26 36
3 28 46
3 30 10
3 33 66
3 34 55
3 35 35
3 37 16
3 39 58
3 40 67
3 41 41
3 42 34
3 45 13
3 48 54
3 53 25
3 54 5
3 56 31
3 58 28
3 65 38
4 1 59
4 2 63
4 3 13
4 8 30
4 16 66
4 20 3
4 23 47
4 27 23
4 29 57
4 30 43
4 31 64
4 32 48
4 44 51
4 51 10
4 52 39
4 53 45
4 54 28
4 55 6
4 56 9
4 57 33
4 59 54
4 64 27
4 67 15
5 0 11
5 8 51
5 9 22
5 19 16
5 21 57
5 23 0
5 25 43
5 26 66
5 27 34
5 29 15
5 30 55
5 33 27
5 34 3
5 35 45
5 36 48
5 39 64
5 41 38
5 42 21
5 44 56
5 45 18
5 47 46
5 50 59
5 52 12
5 53 9
5 55 13
5 57 2
5 60 6
5 65 31
5 66 63
5 67 14
6 2 52
6 3 23
6 5 41
6 12 15
6 13 16
6 17 5
6 18 57
6 22 27
6 23 14
6 28 44
6 31 60
6 35 3
6 42 64
6 46 20
6 47 68
6 48 56
6 50 37
6 51 55
6 52 66
6 53 42
6 56 2
6 64 8
6 66 13
6 67 63
6 69 58
7 0 26
7 4 28
7 5 18
7 6 25
7 7 2
7 8 32
7 9 51
7 11 6
7 12 61
7 14 14
7 16 19
7 17 44
7 23 54
7 30 30
7 32 40
7 33 13
7 35 11
7 36 17
7 37 66
7 42 43
7 43 36
7 45 65
7 47 67
7 48 68
7 50 24
7 52 4
7 54 0
7 55 53
7 58 23
7 68 8
7 69 16
8 0 65
8 1 41
8 3 61
8 5 42
8 6 34
8 12 7
8 13 39
8 15 25
8 19 29
8 22 22
8 26 33
8 27 20
8 31 69
8 32 58
8 33 11
8 35 44
8 36 6
8 37 24
8 39 31
8 40 63
8 41 46
8 43 15
8 45 60
8 54 51
8 56 55
8 61 45
8 63 5
8 64 2
8 67 27
9 1 56
9 3 35
9 4 30
9 5 60
9 9 59
9 12 25
9 13 58
9 15 46
9 16 42
9 17 54
9 20 53
9 24 37
9 28 61
9 31 63
9 33 39
9 42 1
9 44 3
9 45 9
9 49 10
9 51 13
9 53 69
9 54 65
9 55 33
9 57 50
9 59 62
9 60 5
9 63 0
9 65 57
9 67 28
9 68 15
10 0 4
10 10 32
10 11 25
10 13 42
10 14 64
10 17 62
10 21 66
10 27 2
10 29 36
10 36 60
10 37 31
10 39 6
10 41 30
10 42 35
10 45 23
10 47 27
10 50 28
10 52 16
10 54 52
10 57 47
10 58 58
10 60 10
10 62 37
10 67 55
10 68 21
10 69 11
11 1 58
11 2 3
11 5 17
11 6 44
11 12 30
11 18 67
11 22 28
11 25 68
11 27 52
11 28 21
11 29 13
11 30 59
11 31 43
11 34 0
11 37 35
11 39 32
11 45 62
11 47 57
11 48 15
11 52 40
11 53 33
11 54 48
11 56 50
11 58 14
11 59 12
11 62 55
11 63 49
11 67 4
11 68 2
12 3 4
12 4 62
12 5 21
12 8 59
12 9 29
12 10 49
12 12 13
12 15 2
12 16 30
12 17 8
12 18 63
12 20 66
12 21 43
12 22 20
12 24 3
12 29 69
12 30 38
12 32 27
12 42 56
12 43 5
12 44 15
12 46 64
12 47 17
12 48 1
12 52 55
12 53 23
12 54 54
12 55 46
12 58 65
12 64 31
12 65 68
12 67 16
12 68 28
12 69 0
13 0 33
13 2 62
13 3 55
13 9 31
13 13 6
13 16 48
13 17 14
13 18 58
13 20 16
13 22 18
13 30 49
13 32 38
13 35 40
13 36 43
13 38 47
13 39 42
13 40 32
13 42 65
13 43 25
13 46 56
13 48 17
13 49 37
13 53 1
13 54 3
13 55 2
13 59 13
13 63 67
13 64 34
13 65 51
13 66 41
13 67 24
13 68 54
14 0 32
14 1 45
14 2 66
14 3 62
14 4 31
14 5 37
14 6 64
14 14 33
14 15 68
14 16 58
14 18 41
14 20 46
14 23 4
14 25 11
14 27 40
14 30 18
14 31 9
14 32 51
14 34 52
14 36 36
14 37 3
14 39 21
14 40 42
14 48 13
14 49 61
14 51 26
14 52 44
14 53 8
14 59 2
14 68 50
15 3 56
15 4 55
15 5 45
15 6 65
15 11 23
15 12 9
15 14 2
15 19 38
15 26 10
15 28 28
15 29 21
15 31 31
15 32 26
15 33 42
15 35 18
15 38 54
15 39 30
15 43 3
15 47 40
15 49 36
15 60 16
15 61 14
15 63 27
15 64 5
15 65 22
15 68 64
15 69 32
16 1 37
16 2 56
16 3 51
16 4 41
16 11 14
16 12 6
16 14 29
16 15 22
16 17 3
16 20 0
16 21 8
16 23 55
16 25 2
16 29 7
16 31 39
16 34 54
16 37 38
16 38 33
16 42 27
16 43 31
16 50 13
16 51 47
16 56 68
16 58 49
16 65 19
16 67 17
17 5 26
17 6 58
17 7 30
17 11 15
17 12 20
17 14 55
17 16 65
17 17 66
17 18 32
17 22 62
17 23 61
17 25 54
17 27 8
17 28 11
17 29 18
17 31 17
17 37 57
17 39 49
17 40 43
17 47 16
17 52 1
17 53 56
17 58 46
17 59 9
17 62 2
17 64 38
17 69 45
18 2 25
18 3 21
18 4 33
18 5 59
18 6 41
18 7 38
18 10 37
18 11 31
18 12 66
18 13 40
18 15 20
18 17 11
18 18 15
18 20 5
18 21 50
18 23 65
18 24 34
18 26 67
18 32 14
18 33 1
18 35 6
18 41 68
18 44 17
18 49 2
18 50 60
18 56 44
18 65 0
18 66 16
18 68 23
18 69 54
19 10 17
19 11 11
19 12 27
19 16 52
19 18 40
19 19 64
19 21 15
19 22 57
19 23 9
19 24 10
19 26 5
19 27 6
19 28 14
19 31 51
19 33 24
19 35 28
19 37 59
19 41 61
19 42 7
19 43 12
19 46 68
19 48 16
19 54 45
19 58 18
19 59 53
19 60 69
19 63 2
19 66 26
19 67 48
19 69 62
20 1 69
20 2 53
20 3 36
20 6 27
20 10 66
20 12 43
20 13 63
20 14 19
20 15 51
20 16 44
20 25 30
20 27 48
20 30 9
20 38 10
20 39 50
20 43 41
20 44 20
20 45 33
20 47 45
20 48 49
20 49 56
20 50 0
20 52 13
20 55 24
20 63 47
20 65 21
20 66 31
20 68 17
20 69 8
21 6 68
21 7 36
21 11 37
21 12 31
21 15 13
21 17 19
21 18 39
21 19 2
21 20 17
21 22 56
21 23 53
21 31 55
21 38 30
21 40 59
21 46 12
21 51 67
21 54 27
21 55 61
21 56 21
21 62 1
21 64 3
21 65 47
21 68 24
22 2 9
22 3 40
22 4 6
22 6 4
22 9 26
22 10 14
22 12 52
22 15 65
22 17 0
22 19 1
22 25 3
22 29 27
22 30 37
22 31 10
22 37 25
22 41 33
22 44 57
22 46 67
22 47 53
22 48 61
22 51 56
22 53 60
22 54 41
22 56 22
22 58 8
22 61 62
22 67 21
22 68 55
22 69 43
23 1 1
23 4 66
23 6 28
23 10 56
23 11 2
23 12 36
23 13 21
23 15 3
23 16 33
23 18 31
23 21 25
23 22 32
23 23 37
23 24 45
23 25 12
23 27 47
23 29 64
23 31 67
23 35 54
23 48 51
23 50 19
23 51 40
23 53 27
23 54 9
23 55 15
23 56 8
23 65 29
23 66 4
23 67 39
24 0 25
24 2 27
24 4 38
24 6 12
24 9 54
24 11 51
24 15 11
24 19 34
24 21 2
24 22 0
24 24 52
24 26 58
24 28 17
24 29 41
24 30 56
24 34 50
24 37 5
24 42 69
24 44 33
24 45 8
24 53 64
24 55 14
24 57 16
24 58 62
25 1 5
25 2 65
25 5 31
25 6 67
25 7 25
25 11 38
25 12 48
25 13 62
25 15 0
25 18 51
25 21 63
25 24 42
25 27 18
25 28 15
25 30 39
25 37 53
25 38 43
25 39 26
25 45 21
25 49 54
25 51 52
25 52 32
25 55 34
25 57 22
25 60 41
25 62 29
25 64 47
25 66 35
25 67 3
25 69 37
26 1 6
26 6 47
26 7 3
26 9 5
26 10 67
26 11 57
26 13 30
26 14 50
26 15 10
26 17 45
26 19 61
26 23 34
26 26 26
26 27 56
26 29 40
26 31 59
26 33 12
26 38 39
26 42 60
26 49 9
26 52 17
26 63 62
26 64 37
26 66 42
26 67 51
26 68 65
26 69 46
27 0 10
27 5 43
27 6 39
27 7 41
27 9 67
27 14 37
27 18 18
27 20 8
27 21 17
27 24 12
27 28 55
27 29 62
27 31 3
27 33 58
27 38 53
27 40 16
27 45 59
27 51 64
27 52 38
27 53 61
27 55 56
27 59 19
27 60 44
27 62 40
27 63 51
27 66 69
28 1 24
28 3 41
28 5 19
28 7 47
28 9 65
28 10 44
28 12 22
28 14 51
28 17 57
28 19 5
28 22 26
28 26 50
28 28 27
28 33 3
28 35 68
28 36 67
28 39 10
28 42 14
28 43 37
28 46 58
28 47 60
28 48 2
28 50 66
28 52 9
28 54 13
28 55 17
28 58 55
28 60 8
28 61 18
28 62 28
28 63 7
28 69 52
29 0 28
29 1 44
29 4 12
29 12 5
29 15 33
29 24 38
29 25 64
29 27 53
29 28 26
29 30 45
29 37 34
29 39 48
29 41 16
29 43 65
29 47 32
29 55 9
29 56 58
29 58 13
29 59 55
29 61 54
29 62 22
29 64 7
29 66 20
29 69 2
30 0 41
30 1 33
30 6 0
30 9 7
30 11 60
30 15 43
30 20 67
30 21 47
30 22 40
30 24 53
30 25 4
30 27 55
30 29 31
30 31 21
30 34 38
30 38 48
30 39 19
30 41 23
30 43 9
30 45 3
30 48 36
30 49 68
30 51 16
30 52 14
30 53 52
30 54 62
30 55 26
30 58 32
30 59 58
30 61 2
30 64 61
30 66 17
30 69 34
31 1 39
31 2 5
31 3 9
31 4 42
31 7 14
31 8 69
31 9 40
31 12 51
31 14 7
31 16 43
31 18 36
31 21 1
31 22 19
31 25 31
31 26 11
31 29 56
31 31 41
31 38 22
31 48 64
31 49 3
31 53 59
31 55 63
31 57 15
31 58 66
31 61 17
31 65 28
31 66 0
31 67 61
31 68 37
31 69 13
32 0 0
32 3 54
32 6 5
32 9 38
32 10 18
32 11 1
32 12 32
32 13 52
32 16 37
32 21 65
32 22 66
32 32 59
32 37 47
32 43 21
32 51 51
32 54 6
32 56 39
32 58 53
32 62 11
33 1 13
33 4 15
33 13 20
33 14 38
33 15 63
33 21 45
33 27 31
33 28 42
33 29 43
33 30 62
33 31 36
33 33 17
33 34 34
33 35 60
33 37 30
33 41 14
33 42 40
33 45 29
33 56 26
33 57 37
33 59 52
33 60 12
33 66 51
33 67 19
33 69 49
34 1 15
34 2 4
34 5 34
34 7 44
34 9 28
34 11 17
34 14 56
34 21 22
34 27 58
34 28 53
34 29 9
34 33 0
34 34 48
34 38 27
34 39 3
34 42 37
34 43 54
34 45 1
34 46 59
34 49 50
34 50 18
34 55 52
34 64 43
34 66 30
34 67 67
34 69 36
35 2 14
35 5 67
35 7 46
35 11 52
35 12 37
35 13 65
35 15 57
35 21 54
35 22 69
35 25 16
35 29 4
35 31 35
35 33 22
35 34 39
35 36 38
35 40 44
35 42 15
35 48 32
35 49 0
35 51 20
35 55 36
35 57 62
35 59 68
35 61 3
35 62 34
35 63 42
35 64 45
35 67 11
35 68 5
36 3 5
36 4 49
36 5 66
36 6 33
36 10 6
36 12 64
36 13 19
36 14 46
36 15 59
36 18 14
36 19 69
36 20 23
36 25 63
36 27 4
36 31 47
36 34 41
36 35 8
36 43 13
36 48 25
36 49 45
36 51 21
36 52 62
36 55 3
36 57 0
36 60 61
36 62 60
36 63 58
36 64 16
36 65 9
36 66 53
36 67 20
36 68 7
37 0 63
37 2 33
37 4 56
37 6 3
37 9 53
37 10 28
37 12 4
37 13 59
37 16 49
37 21 19
37 24 48
37 26 17
37 28 31
37 30 61
37 34 45
37 39 68
37 41 15
37 45 25
37 46 54
37 47 64
37 48 21
37 50 5
37 51 66
37 53 34
37 56 36
37 57 8
37 59 42
37 60 26
37 64 18
37 66 55
37 67 30
38 0 37
38 1 62
38 5 3
38 6 15
38 7 23
38 9 50
38 12 35
38 13 0
38 14 54
38 16 9
38 18 27
38 19 31
38 21 46
38 22 47
38 23 57
38 24 36
38 25 69
38 31 33
38 35 63
38 46 60
38 48 8
38 52 26
38 53 19
38 54 53
38 58 30
38 66 5
38 69 42
39 2 6
39 3 10
39 4 3
39 5 46
39 7 21
39 9 48
39 10 29
39 13 18
39 14 67
39 16 8
39 19 19
39 23 24
39 24 68
39 27 32
39 31 38
39 34 22
39 35 2
39 36 34
39 38 55
39 39 61
39 43 23
39 44 45
39 48 37
39 49 52
39 50 47
39 52 25
39 53 65
39 56 15
39 57 39
39 58 56
39 60 66
39 61 57
39 63 31
39 64 12
39 66 28
39 67 1
40 0 44
40 1 55
40 3 39
40 4 47
40 10 10
40 13 48
40 14 34
40 15 64
40 18 7
40 20 13
40 23 46
40 25 0
40 28 9
40 32 20
40 36 62
40 37 56
40 38 15
40 41 21
40 42 36
40 43 4
40 45 17
40 51 31
40 54 8
40 56 61
40 57 38
40 59 5
40 60 50
40 62 33
40 63 41
40 64 30
40 68 66
40 69 18
41 0 24
41 4 37
41 6 30
41 8 61
41 10 33
41 12 0
41 20 68
41 23 11
41 24 60
41 25 23
41 28 64
41 33 67
41 34 5
41 36 66
41 38 8
41 39 22
41 41 50
41 42 19
41 44 32
41 46 10
41 54 7
41 56 62
41 59 31
41 62 21
41 63 46
41 64 48
41 65 27
41 66 2
41 67 12
42 2 51
42 4 23
42 5 6
42 7 18
42 9 11
42 10 13
42 16 24
42 23 15
42 26 1
42 27 7
42 28 32
42 29 33
42 30 41
42 31 20
42 35 39
42 38 3
42 40 48
42 42 2
42 45 67
42 48 26
42 53 53
42 55 19
42 58 43
42 60 25
42 64 57
42 65 17
43 1 67
43 3 58
43 5 68
43 6 60
43 8 44
43 9 34
43 13 49
43 19 14
43 20 38
43 21 52
43 22 59
43 23 33
43 24 4
43 26 62
43 29 24
43 30 19
43 32 66
43 33 10
43 34 51
43 35 61
43 36 39
43 37 29
43 38 31
43 40 15
43 41 48
43 43 11
43 44 9
43 47 13
43 49 57
43 56 20
43 57 46
43 58 21
43 61 42
43 62 56
43 64 53
43 65 43
44 0 51
44 1 26
44 2 23
44 5 54
44 6 40
44 7 28
44 9 2
44 10 63
44 11 30
44 17 50
44 20 55
44 25 67
44 26 56
44 31 61
44 32 11
44 33 19
44 35 17
44 36 9
44 39 15
44 40 5
44 43 6
44 44 48
44 45 39
44 46 45
44 47 36
44 49 60
44 52 43
44 53 49
44 57 52
44 58 24
44 65 16
44 67 41
45 2 38
45 5 8
45 9 13
45 10 2
45 17 69
45 18 46
45 20 35
45 23 49
45 26 9
45 27 17
45 29 30
45 30 50
45 31 34
45 33 6
45 35 7
45 37 32
45 38 51
45 43 58
45 48 67
45 50 15
45 53 4
45 54 60
45 55 16
45 58 0
45 63 26
45 64 64
45 65 24
46 2 2
46 4 58
46 5 64
46 6 9
46 7 51
46 8 42
46 10 26
46 11 36
46 12 44
46 13 24
46 21 49
46 22 65
46 25 17
46 31 15
46 33 4
46 34 7
46 37 54
46 42 0
46 44 67
46 47 52
46 49 63
46 50 14
46 55 28
46 58 10
46 59 60
46 61 33
46 62 23
46 64 39
46 67 37
47 0 54
47 1 60
47 8 49
47 11 66
47 15 6
47 16 55
47 22 52
47 23 43
47 25 40
47 26 68
47 29 0
47 33 16
47 34 56
47 37 51
47 38 37
47 39 46
47 40 18
47 43 39
47 45 11
47 48 45
47 49 62
47 50 12
47 51 35
47 52 33
47 54 25
47 55 5
47 56 41
47 57 42
47 60 14
47 61 53
47 62 27
47 64 17
47 65 1
47 67 2
47 69 59
48 2 22
48 3 38
48 5 62
48 8 52
48 10 59
48 12 26
48 17 15
48 18 17
48 19 46
48 23 67
48 24 41
48 29 53
48 30 40
48 31 7
48 32 18
48 33 47
48 37 63
48 38 20
48 40 28
48 44 37
48 45 49
48 47 33
48 49 30
48 50 11
48 53 35
48 63 54
48 64 56
48 68 4
49 2 39
49 3 63
49 4 22
49 6 56
49 13 25
49 17 43
49 19 58
49 22 45
49 25 28
49 27 49
49 28 57
49 32 64
49 33 53
49 34 2
49 38 65
49 39 47
49 40 13
49 43 66
49 44 26
49 47 51
49 48 62
49 49 16
49 52 18
49 60 55
49 63 52
49 66 36
49 69 33
50 5 12
50 7 8
50 11 28
50 14 26
50 15 18
50 16 22
50 19 42
50 20 50
50 22 17
50 25 61
50 26 2
50 28 60
50 29 46
50 30 53
50 31 52
50 32 0
50 34 35
50 36 15
50 37 33
50 38 58
50 43 40
50 44 64
50 46 9
50 48 24
50 50 51
50 53 39
50 60 62
50 63 21
50 66 54
51 0 30
51 1 8
51 6 32
51 8 14
51 10 58
51 11 53
51 12 62
51 17 47
51 20 48
51 23 26
51 24 51
51 27 1
51 29 28
51 30 63
51 31 56
51 37 68
51 39 66
51 40 39
51 41 43
51 42 6
51 44 59
51 46 15
51 51 50
51 53 21
51 54 16
51 63 19
51 64 65
51 65 5
51 66 24
51 67 54
51 68 0
51 69 17
52 0 50
52 5 51
52 7 55
52 8 64
52 10 46
52 11 48
52 12 68
52 13 69
52 22 54
52 25 53
52 27 39
52 29 19
52 37 2
52 39 27
52 42 5
52 47 35
52 48 43
52 51 12
52 54 4
52 58 33
52 63 13
52 65 45
52 68 9
53 2 55
53 3 16
53 5 50
53 6 26
53 7 32
53 12 19
53 13 38
53 14 4
53 16 0
53 18 69
53 22 43
53 24 59
53 28 39
53 29 63
53 30 64
53 35 20
53 36 44
53 38 17
53 43 34
53 44 47
53 45 6
53 47 49
53 49 40
53 50 30
53 51 25
53 53 68
53 54 31
53 56 33
53 61 27
53 63 61
53 65 56
53 67 35
53 68 67
53 69 51
54 0 22
54 1 66
54 6 21
54 7 33
54 10 65
54 11 50
54 15 12
54 16 67
54 17 58
54 22 53
54 29 68
54 31 4
54 32 46
54 36 26
54 40 6
54 48 47
54 57 14
54 58 61
54 61 16
54 62 17
54 66 37
54 67 69
54 68 62
54 69 48
55 4 45
55 5 56
55 6 49
55 13 3
55 14 57
55 15 60
55 16 61
55 17 52
55 20 4
55 22 33
55 32 30
55 35 37
55 38 68
55 39 13
55 43 14
55 47 6
55 48 9
55 49 18
55 53 29
55 55 10
55 57 53
55 58 20
55 63 48
55 64 15
55 65 66
55 66 22
55 68 36
55 69 47
56 8 16
56 10 34
56 11 26
56 15 67
56 22 2
56 23 41
56 24 9
56 25 56
56 26 3
56 30 52
56 31 66
56 32 39
56 33 7
56 40 24
56 45 12
56 46 11
56 50 22
56 53 48
56 54 33
56 56 40
56 60 46
56 65 32
56 69 68
57 0 60
57 7 13
57 8 53
57 9 69
57 10 47
57 12 34
57 18 42
57 19 62
57 20 30
57 23 28
57 26 20
57 31 45
57 33 56
57 35 43
57 36 52
57 38 16
57 41 58
57 48 6
57 51 48
57 52 63
57 57 24
57 58 39
57 60 38
57 65 44
57 66 23
57 68 27
58 1 12
58 4 1
58 6 37
58 7 26
58 9 63
58 10 69
58 12 33
58 15 34
58 17 17
58 19 23
58 20 61
58 21 30
58 22 48
58 25 59
58 27 45
58 30 28
58 33 20
58 34 13
58 37 4
58 39 54
58 45 46
58 47 58
58 50 50
58 51 60
58 52 7
58 55 57
58 56 0
58 60 27
58 64 21
58 69 40
59 0 9
59 1 49
59 3 17
59 4 69
59 12 14
59 14 48
59 19 12
59 21 24
59 24 54
59 33 51
59 35 22
59 36 0
59 39 28
59 41 35
59 43 53
59 44 39
59 52 31
59 54 64
59 55 11
59 56 63
59 58 2
59 61 20
59 62 46
59 69 25
60 1 21
60 2 36
60 7 15
60 8 45
60 9 33
60 11 4
60 14 40
60 20 41
60 21 26
60 30 35
60 31 16
60 37 37
60 39 25
60 44 2
60 47 55
60 48 66
60 49 38
60 50 64
60 52 42
60 53 17
60 59 11
60 62 62
60 63 1
60 65 14
61 1 47
61 2 18
61 4 53
61 6 13
61 10 22
61 16 23
61 17 40
61 20 33
61 21 9
61 23 29
61 27 54
61 30 25
61 31 28
61 34 16
61 35 57
61 37 50
61 39 51
61 41 36
61 42 31
61 43 26
61 44 52
61 46 4
61 47 24
61 50 38
61 54 42
61 58 6
61 63 68
61 64 20
61 65 30
61 66 39
61 69 35
62 3 18
62 4 46
62 5 5
62 9 64
62 11 32
62 12 29
62 13 45
62 17 13
62 20 20
62 21 0
62 23 42
62 29 11
62 30 57
62 35 48
62 37 44
62 39 36
62 40 8
62 41 19
62 42 16
62 44 69
62 49 17
62 50 23
62 51 33
62 56 35
62 63 55
62 65 3
62 67 49
63 0 43
63 3 42
63 6 61
63 9 21
63 14 35
63 15 66
63 19 47
63 22 31
63 24 27
63 26 52
63 27 25
63 30 22
63 34 12
63 35 24
63 40 4
63 41 20
63 42 39
63 44 38
63 48 41
63 51 1
63 54 36
63 58 9
63 62 5
63 63 8
63 66 19
63 67 40
64 5 36
64 6 62
64 11 22
64 12 12
64 13 47
64 15 26
64 17 10
64 20 15
64 25 41
64 29 17
64 31 29
64 32 50
64 33 23
64 36 37
64 39 44
64 40 49
64 42 30
64 43 68
64 54 18
64 55 32
64 59 27
64 60 33
64 67 9
64 68 52
65 0 42
65 1 20
65 5 24
65 6 7
65 7 19
65 9 44
65 12 3
65 16 26
65 21 64
65 24 13
65 25 45
65 30 21
65 31 27
65 33 40
65 36 31
65 39 67
65 40 62
65 42 68
65 45 50
65 46 41
65 47 38
65 52 36
65 54 56
65 57 1
65 58 25
65 59 39
65 61 8
65 64 60
65 65 48
65 66 11
66 0 21
66 4 32
66 9 47
66 10 55
66 11 5
66 12 10
66 13 17
66 14 0
66 15 62
66 18 23
66 19 37
66 25 14
66 26 19
66 32 67
66 33 45
66 34 6
66 38 63
66 41 60
66 42 51
66 46 28
66 57 56
66 58 35
66 60 15
66 62 53
66 65 13
66 69 39
67 0 31
67 1 9
67 7 40
67 8 33
67 11 68
67 12 17
67 17 64
67 18 16
67 19 41
67 21 58
67 23 63
67 24 66
67 25 51
67 30 14
67 35 32
67 36 13
67 40 2
67 42 50
67 44 22
67 45 43
67 51 38
67 54 69
67 56 65
67 63 10
67 66 56
68 1 4
68 3 67
68 7 7
68 10 3
68 13 43
68 14 5
68 19 36
68 21 6
68 22 15
68 27 63
68 28 54
68 30 11
68 32 2
68 33 48
68 34 23
68 38 0
68 44 27
68 45 45
68 46 26
68 47 25
68 48 33
68 52 46
68 53 51
68 54 61
68 56 53
68 58 40
68 61 31
68 65 60
68 66 49
69 2 67
69 3 68
69 4 19
69 8 39
69 9 60
69 14 24
69 16 56
69 22 16
69 23 51
69 24 65
69 29 50
69 34 69
69 35 21
69 39 35
69 42 55
69 47 31
69 51 17
69 53 37
69 55 66
69 59 46
69 60 11
69 62 49
69 63 28
69 65 62
69 68 22
69 69 53
