70
0 0 62
0 6 0
0 10 40
0 12 7
0 13 68
0 17 9
0 18 20
0 19 26
0 21 38
0 22 36
0 23 22
0 24 24
0 25 15
0 26 4
0 28 3
0 32 11
0 35 10
0 36 42
0 37 12
0 39 63
0 41 54
0 43 32
0 44 23
0 45 66
0 49 13
0 56 5
0 57 53
0 61 28
0 62 41
0 67 8
0 69 46
1 0 8
1 1 25
1 2 59
1 4 7
1 6 69
1 7 47
1 9 55
1 12 60
1 13 14
1 18 2
1 22 46
1 23 45
1 26 53
1 29 67
1 31 13
1 34 51
1 35 18
1 36 33
1 37 48
1 38 34
1 41 64
1 43 15
1 44 35
1 47 56
1 54 66
1 55 12
1 56 4
1 58 19
1 60 68
1 65 43
1 66 26
2 0 51
2 4 42
2 5 21
2 11 14
2 12 25
2 17 37
2 18 26
2 19 66
2 20 58
2 23 6
2 24 38
2 25 4
2 27 57
2 30 36
2 33 55
2 38 17
2 40 41
2 42 60
2 48 69
2 50 67
2 53 16
2 55 44
2 57 48
2 59 27
2 60 29
2 61 31
2 62 20
2 69 59
3 0 35
3 4 36
3 16 51
3 18 27
3 19 30
3 20 64
3 21 41
3 24 12
3 25 26
3 26 42
3 33 4
3 35 57
3 39 47
3 40 52
3 42 31
3 48 39
3 49 11
3 52 6
3 53 38
3 57 13
3 60 7
3 61 56
3 62 15
3 66 32
3 67 37
4 5 45
4 6 52
4 8 20
4 10 19
4 12 42
4 13 59
4 14 58
4 19 38
4 23 15
4 25 69
4 26 25
4 28 56
4 29 32
4 30 50
4 34 29
4 37 17
4 38 63
4 47 65
4 53 10
4 55 66
4 59 6
4 60 62
4 61 54
4 63 22
4 64 0
4 68 39
4 69 30
5 1 49
5 4 61
5 5 29
5 6 51
5 10 36
5 12 17
5 15 23
5 16 39
5 17 20
5 18 64
5 19 52
5 21 21
5 22 38
5 23 32
5 27 65
5 30 68
5 34 30
5 39 43
5 41 55
5 45 69
5 46 19
5 48 22
5 50 7
5 51 8
5 57 5
5 60 37
5 66 59
5 67 18
5 68 54
6 3 56
6 8 34
6 11 65
6 12 21
6 13 31
6 14 51
6 16 14
6 17 64
6 18 5
6 20 24
6 21 20
6 26 29
6 32 6
6 36 61
6 40 53
6 41 58
6 45 60
6 50 32
6 52 50
6 54 68
6 56 49
6 59 26
6 60 11
6 62 0
6 65 41
6 68 48
6 69 44
7 1 33
7 2 51
7 3 53
7 6 19
7 8 31
7 9 48
7 12 27
7 14 25
7 15 11
7 16 41
7 17 59
7 19 39
7 20 32
7 21 57
7 23 61
7 25 62
7 26 67
7 28 34
7 29 58
7 31 40
7 32 45
7 33 43
7 34 5
7 37 7
7 38 24
7 41 65
7 42 21
7 45 50
7 48 66
7 50 52
7 51 60
7 52 15
7 53 8
7 55 35
7 57 4
7 60 18
7 61 37
7 62 16
7 64 47
7 66 69
7 67 10
7 68 9
7 69 63
8 0 24
8 1 22
8 2 44
8 3 8
8 6 56
8 7 4
8 10 64
8 12 51
8 13 3
8 15 60
8 18 48
8 22 21
8 34 12
8 36 66
8 39 18
8 40 26
8 43 54
8 44 59
8 53 36
8 54 37
8 59 55
8 63 68
8 64 33
8 65 47
8 69 7
9 1 15
9 5 55
9 7 50
9 10 32
9 11 26
9 14 68
9 21 54
9 22 10
9 23 42
9 24 20
9 26 2
9 27 33
9 29 7
9 30 35
9 35 14
9 37 40
9 40 61
9 44 13
9 45 5
9 46 11
9 47 67
9 48 36
9 53 57
9 55 23
9 58 24
9 64 9
9 65 30
9 66 1
9 67 34
10 2 64
10 5 17
10 6 41
10 7 69
10 9 46
10 11 66
10 16 25
10 19 42
10 23 23
10 24 68
10 26 32
10 29 5
10 34 24
10 36 49
10 38 19
10 42 14
10 43 9
10 44 22
10 47 54
10 50 55
10 56 10
10 58 60
10 59 56
10 60 57
10 63 15
10 68 35
10 69 4
11 1 24
11 2 7
11 5 2
11 9 44
11 14 57
11 21 5
11 24 55
11 29 30
11 30 49
11 36 37
11 38 22
11 39 31
11 44 38
11 48 17
11 50 45
11 51 42
11 53 50
11 55 60
11 56 29
11 57 46
11 65 59
11 66 51
12 0 26
12 2 22
12 4 0
12 9 5
12 15 68
12 16 36
12 18 34
12 19 1
12 20 60
12 21 19
12 22 66
12 23 47
12 25 48
12 26 43
12 27 55
12 31 24
12 33 30
12 42 65
12 44 6
12 46 58
12 48 25
12 52 21
12 56 69
12 58 11
12 64 64
12 66 27
12 67 31
13 0 29
13 1 43
13 3 69
13 7 7
13 12 68
13 14 60
13 15 35
13 18 65
13 19 47
13 22 2
13 23 18
13 27 63
13 31 49
13 34 64
13 40 11
13 48 33
13 53 61
13 55 36
13 58 15
13 63 45
13 64 3
13 68 67
13 69 13
14 1 20
14 4 31
14 7 56
14 8 68
14 11 53
14 13 22
14 14 30
14 16 15
14 19 67
14 20 6
14 22 13
14 26 69
14 27 54
14 28 25
14 29 64
14 30 24
14 31 32
14 32 57
14 33 37
14 36 51
14 38 3
14 39 66
14 41 18
14 43 5
14 46 36
14 47 60
14 48 49
14 50 14
14 53 12
14 57 59
14 58 43
14 61 8
14 63 0
15 0 9
15 1 67
15 2 8
15 3 11
15 7 18
15 10 33
15 11 4
15 12 41
15 16 7
15 20 15
15 21 56
15 27 32
15 29 26
15 30 59
15 33 12
15 36 34
15 37 14
15 38 27
15 41 17
15 43 3
15 45 25
15 50 65
15 51 39
15 53 29
15 56 20
15 59 68
15 61 38
15 63 58
15 64 36
15 68 37
15 69 1
16 0 11
16 1 59
16 4 64
16 9 31
16 11 16
16 12 20
16 14 66
16 26 65
16 27 38
16 28 39
16 29 42
16 30 53
16 31 17
16 40 24
16 41 19
16 43 37
16 45 46
16 46 3
16 50 6
16 54 34
16 61 51
16 63 29
16 65 54
16 68 25
17 0 49
17 4 44
17 8 16
17 9 58
17 11 27
17 12 47
17 15 26
17 21 65
17 22 30
17 23 11
17 27 29
17 30 28
17 32 38
17 34 66
17 36 40
17 41 12
17 43 2
17 44 39
17 45 21
17 48 62
17 49 10
17 50 54
17 51 67
17 52 7
17 53 19
17 54 18
17 55 24
17 56 50
17 62 23
17 67 52
17 68 51
18 0 33
18 1 8
18 3 68
18 4 69
18 5 61
18 6 21
18 7 44
18 9 63
18 15 2
18 16 37
18 19 27
18 22 18
18 28 65
18 29 13
18 32 26
18 33 24
18 35 51
18 36 36
18 42 42
18 43 55
18 46 38
18 50 17
18 54 40
18 56 15
18 64 14
18 66 10
18 67 53
18 69 28
19 0 36
19 3 41
19 12 63
19 15 42
19 17 47
19 18 4
19 21 31
19 22 3
19 26 61
19 30 5
19 31 35
19 33 51
19 37 15
19 45 56
19 46 7
19 48 43
19 50 48
19 51 64
19 52 26
19 61 68
19 63 19
19 64 10
19 68 32
20 0 7
20 2 24
20 5 38
20 6 44
20 7 20
20 9 39
20 12 3
20 14 65
20 15 56
20 16 60
20 24 58
20 25 17
20 26 15
20 28 46
20 31 64
20 35 68
20 36 27
20 38 8
20 40 23
20 42 51
20 43 14
20 44 18
20 45 4
20 50 13
20 53 42
20 54 61
20 57 54
20 59 10
20 61 22
20 65 19
20 66 12
21 0 13
21 1 39
21 3 27
21 7 25
21 8 7
21 9 11
21 12 48
21 16 3
21 17 10
21 18 24
21 19 55
21 20 62
21 25 18
21 26 63
21 27 36
21 32 33
21 33 32
21 34 53
21 38 56
21 39 4
21 47 42
21 50 28
21 51 68
21 54 44
21 57 35
21 60 69
21 64 41
21 65 37
22 0 37
22 1 42
22 4 20
22 5 26
22 10 8
22 11 40
22 14 41
22 17 2
22 21 49
22 24 23
22 27 45
22 31 54
22 34 13
22 35 47
22 40 3
22 42 48
22 43 44
22 44 31
22 52 39
22 54 36
22 55 62
22 58 52
22 60 58
22 61 25
22 62 12
22 64 68
22 65 67
22 67 29
23 0 67
23 4 5
23 8 62
23 14 69
23 16 24
23 17 56
23 19 36
23 21 64
23 24 11
23 25 22
23 28 44
23 29 47
23 31 4
23 35 48
23 38 30
23 42 1
23 44 21
23 45 52
23 46 39
23 50 18
23 51 45
23 52 16
23 53 20
23 55 13
23 60 43
23 61 40
23 62 57
23 65 29
23 67 9
23 69 49
24 0 46
24 3 52
24 5 14
24 7 1
24 8 43
24 9 17
24 11 60
24 16 69
24 18 11
24 19 59
24 24 0
24 26 19
24 28 48
24 29 20
24 31 36
24 33 57
24 40 42
24 42 25
24 45 15
24 46 35
24 50 10
24 53 6
24 55 31
24 59 51
24 63 3
24 66 21
25 2 52
25 3 54
25 4 18
25 6 35
25 7 16
25 10 43
25 14 38
25 19 56
25 21 12
25 22 45
25 27 58
25 28 30
25 30 34
25 33 11
25 34 2
25 35 61
25 39 27
25 40 55
25 41 25
25 42 67
25 47 46
25 49 4
25 51 14
25 55 57
25 59 59
25 63 63
25 67 51
26 3 22
26 4 46
26 6 63
26 7 66
26 8 17
26 16 47
26 17 13
26 21 10
26 23 48
26 26 50
26 29 18
26 30 67
26 31 20
26 32 36
26 35 49
26 37 9
26 38 12
26 40 43
26 42 32
26 44 28
26 47 53
26 49 15
26 51 54
26 52 37
26 56 8
26 60 27
26 61 30
26 64 55
26 65 64
26 66 7
27 1 52
27 3 28
27 7 40
27 10 13
27 12 1
27 17 34
27 20 55
27 21 8
27 26 47
27 27 27
27 29 14
27 33 59
27 38 15
27 39 45
27 42 49
27 46 68
27 47 66
27 50 24
27 55 26
27 58 69
27 63 57
27 65 44
27 67 0
27 68 58
27 69 23
28 11 61
28 21 37
28 24 63
28 26 56
28 31 19
28 32 52
28 33 40
28 35 24
28 40 28
28 41 29
28 42 58
28 44 51
28 45 34
28 46 1
28 47 4
28 53 69
28 55 6
28 56 47
28 57 33
28 60 49
28 61 50
28 62 21
28 63 36
28 68 41
29 3 34
29 6 26
29 7 41
29 8 37
29 9 16
29 10 55
29 12 8
29 15 51
29 17 33
29 18 69
29 19 63
29 20 35
29 21 28
29 23 10
29 29 46
29 33 52
29 34 36
29 35 7
29 37 65
29 39 17
29 40 39
29 41 43
29 42 19
29 43 67
29 44 1
29 45 0
29 47 20
29 54 23
29 56 27
29 60 15
29 61 5
29 64 58
29 65 57
29 67 4
29 68 31
30 3 48
30 5 18
30 6 65
30 7 22
30 9 43
30 11 64
30 13 60
30 15 40
30 20 36
30 23 30
30 25 13
30 29 0
30 31 55
30 32 67
30 36 11
30 43 45
30 47 38
30 55 47
30 57 8
30 58 62
30 63 7
30 68 68
30 69 25
31 4 11
31 5 49
31 7 59
31 9 38
31 11 30
31 12 43
31 14 29
31 15 18
31 22 28
31 23 36
31 25 40
31 26 17
31 34 60
31 41 53
31 44 37
31 45 22
31 46 46
31 48 48
31 49 45
31 55 27
31 56 7
31 61 65
31 62 69
31 63 66
31 64 54
31 65 42
31 68 55
32 0 60
32 1 61
32 2 11
32 4 53
32 7 42
32 9 15
32 12 57
32 16 0
32 18 55
32 20 68
32 21 14
32 25 44
32 28 59
32 34 58
32 35 17
32 37 34
32 39 46
32 41 21
32 42 24
32 44 20
32 46 64
32 52 66
32 53 2
32 57 12
32 58 41
32 60 4
32 61 62
32 64 69
32 65 7
32 69 10
33 6 61
33 8 12
33 9 59
33 10 22
33 13 1
33 14 4
33 15 67
33 16 43
33 21 6
33 22 15
33 23 8
33 26 16
33 27 66
33 28 32
33 32 64
33 44 69
33 46 51
33 49 60
33 53 68
33 54 52
33 55 33
33 57 9
33 58 14
33 61 63
33 63 41
33 64 21
33 65 65
33 66 24
33 67 49
33 69 47
34 0 68
34 1 11
34 2 36
34 5 63
34 6 31
34 8 18
34 9 25
34 13 29
34 17 65
34 19 33
34 22 43
34 30 64
34 35 32
34 37 67
34 39 3
34 43 30
34 44 62
34 47 22
34 49 5
34 55 39
34 57 27
34 58 17
34 63 53
34 67 7
34 69 40
35 3 20
35 8 6
35 11 44
35 13 48
35 16 67
35 19 68
35 20 21
35 21 45
35 22 22
35 23 46
35 25 47
35 26 26
35 27 28
35 29 12
35 31 38
35 32 65
35 40 59
35 41 10
35 43 23
35 44 25
35 45 40
35 47 37
35 53 51
35 54 11
35 56 36
35 58 66
35 60 52
35 62 5
35 64 18
35 66 31
35 67 55
36 1 57
36 5 41
36 6 58
36 9 6
36 15 45
36 17 67
36 18 42
36 20 30
36 22 1
36 23 69
36 24 14
36 26 24
36 28 52
36 31 66
36 33 36
36 35 11
36 38 10
36 39 62
36 40 2
36 41 37
36 42 46
36 43 53
36 46 29
36 49 56
36 50 21
36 51 35
36 52 34
36 54 28
36 55 43
36 56 22
36 60 12
36 64 19
36 65 55
36 67 13
37 0 28
37 1 64
37 3 57
37 6 55
37 7 62
37 9 50
37 12 40
37 13 32
37 15 48
37 19 20
37 20 33
37 23 39
37 33 23
37 35 34
37 36 15
37 40 18
37 42 45
37 43 11
37 44 10
37 46 66
37 48 56
37 49 63
37 51 7
37 53 13
37 54 25
37 55 54
37 56 52
37 63 6
37 65 1
37 66 2
37 67 43
37 69 53
38 2 63
38 4 37
38 6 42
38 9 0
38 10 53
38 16 10
38 22 19
38 23 12
38 24 28
38 26 21
38 28 8
38 30 61
38 31 45
38 32 23
38 33 20
38 34 11
38 35 22
38 37 4
38 40 46
38 41 44
38 47 31
38 48 7
38 50 58
38 51 27
38 53 1
38 54 30
38 62 59
38 63 25
38 64 26
38 67 24
38 68 69
39 1 18
39 4 2
39 11 54
39 12 37
39 15 21
39 16 23
39 18 56
39 19 17
39 21 22
39 26 55
39 28 40
39 30 13
39 33 10
39 35 41
39 36 9
39 40 0
39 43 49
39 45 68
39 53 24
39 55 11
39 56 46
39 60 31
39 62 4
39 63 27
39 66 33
39 68 12
40 1 40
40 7 54
40 8 33
40 9 2
40 10 26
40 11 23
40 12 0
40 13 46
40 14 62
40 15 38
40 18 21
40 19 5
40 22 67
40 23 1
40 25 43
40 26 48
40 28 55
40 31 44
40 32 30
40 33 47
40 36 20
40 37 22
40 39 34
40 41 69
40 43 18
40 49 49
40 52 12
40 56 61
40 57 3
40 60 35
40 63 37
40 64 39
40 68 27
41 2 69
41 11 57
41 12 50
41 15 54
41 21 42
41 24 59
41 25 34
41 27 11
41 30 19
41 32 17
41 33 46
41 34 14
41 35 33
41 38 29
41 42 26
41 43 13
41 48 2
41 49 18
41 52 65
41 56 0
41 62 60
41 63 52
41 67 47
41 68 53
42 1 1
42 2 60
42 4 48
42 10 11
42 12 18
42 20 27
42 27 6
42 29 68
42 30 46
42 31 30
42 32 25
42 34 52
42 37 54
42 38 26
42 40 69
42 41 56
42 43 33
42 46 62
42 47 0
42 48 67
42 49 22
42 51 12
42 58 2
42 59 65
42 61 32
42 63 47
42 67 57
43 0 38
43 1 6
43 2 34
43 3 14
43 4 45
43 7 53
43 8 10
43 9 28
43 11 52
43 12 54
43 15 64
43 17 43
43 19 44
43 20 48
43 23 62
43 24 25
43 25 9
43 30 66
43 33 69
43 36 22
43 37 21
43 43 12
43 44 29
43 45 19
43 46 26
43 47 1
43 49 42
43 51 46
43 52 51
43 56 59
43 59 58
43 60 0
43 64 60
43 65 27
44 1 0
44 4 13
44 5 27
44 8 8
44 10 62
44 11 11
44 16 33
44 19 58
44 21 16
44 25 53
44 30 4
44 31 18
44 32 9
44 35 44
44 36 3
44 37 59
44 38 6
44 39 50
44 41 38
44 43 36
44 51 29
44 53 30
44 56 35
44 59 47
44 65 28
44 66 37
44 67 41
44 68 26
45 0 43
45 1 23
45 6 49
45 7 57
45 16 2
45 18 29
45 25 54
45 28 10
45 30 39
45 31 42
45 36 47
45 38 28
45 39 36
45 41 11
45 42 27
45 43 58
45 49 40
45 50 53
45 51 51
45 56 37
45 57 7
45 58 20
45 59 22
45 65 33
45 68 14
45 69 5
46 0 31
46 8 38
46 10 39
46 17 25
46 18 1
46 19 12
46 23 13
46 25 57
46 26 9
46 28 7
46 36 24
46 37 42
46 40 54
46 41 41
46 51 33
46 52 44
46 54 45
46 56 18
46 65 8
46 66 60
46 68 65
47 2 49
47 4 27
47 7 5
47 8 22
47 10 34
47 11 17
47 14 61
47 15 4
47 17 15
47 19 10
47 21 66
47 22 23
47 24 21
47 25 19
47 26 12
47 27 47
47 29 9
47 33 8
47 37 33
47 39 65
47 43 57
47 46 44
47 49 16
47 51 25
47 53 39
47 55 37
47 59 69
47 60 46
47 61 2
47 62 58
47 63 48
47 69 0
48 1 36
48 2 17
48 6 29
48 7 28
48 14 47
48 15 69
48 22 26
48 23 43
48 27 14
48 32 18
48 38 37
48 39 61
48 45 3
48 49 27
48 50 2
48 51 15
48 56 12
48 62 13
48 64 5
48 65 63
48 66 48
48 67 39
48 68 52
48 69 45
49 1 19
49 11 0
49 12 4
49 14 46
49 16 1
49 17 8
49 19 54
49 20 41
49 22 59
49 24 51
49 26 11
49 28 63
49 29 62
49 30 17
49 33 29
49 34 45
49 38 18
49 40 36
49 41 52
49 42 47
49 43 69
49 46 12
49 47 23
49 49 65
49 52 56
49 55 53
49 57 22
49 59 48
49 60 44
49 62 10
49 64 43
49 65 21
49 66 30
49 68 28
50 2 48
50 8 55
50 12 62
50 14 5
50 16 52
50 17 60
50 18 36
50 26 6
50 29 22
50 30 0
50 31 41
50 32 61
50 33 68
50 34 15
50 35 9
50 39 56
50 40 32
50 43 59
50 46 45
50 53 54
50 54 21
50 57 37
50 58 63
50 59 4
50 60 38
50 61 27
50 62 24
50 63 31
50 69 12
51 0 30
51 1 32
51 3 15
51 4 3
51 6 48
51 8 61
51 10 63
51 16 9
51 17 55
51 24 37
51 30 57
51 34 8
51 35 50
51 37 23
51 38 52
51 39 40
51 42 11
51 46 47
51 47 27
51 48 19
51 50 41
51 52 13
51 53 22
51 64 42
51 67 12
51 68 43
51 69 33
52 1 4
52 20 12
52 21 30
52 23 56
52 24 39
52 32 15
52 33 42
52 41 48
52 45 8
52 47 50
52 48 37
52 49 3
52 50 61
52 51 65
52 52 23
52 53 17
52 54 24
52 56 33
52 57 51
52 58 57
52 63 40
52 64 27
52 66 35
52 68 62
53 0 63
53 2 37
53 3 59
53 11 1
53 12 2
53 15 16
53 16 35
53 18 66
53 19 14
53 20 10
53 21 4
53 23 25
53 26 39
53 28 38
53 29 55
53 34 65
53 35 52
53 36 56
53 37 20
53 38 33
53 39 6
53 41 67
53 43 0
53 44 42
53 48 23
53 49 30
53 50 57
53 51 5
53 53 62
53 59 61
53 60 24
53 61 19
53 62 46
53 63 9
53 65 17
54 0 45
54 1 60
54 8 50
54 9 24
54 12 11
54 13 28
54 14 67
54 20 22
54 22 52
54 23 66
54 28 36
54 29 54
54 30 15
54 32 20
54 33 38
54 34 10
54 39 1
54 41 8
54 42 29
54 43 51
54 45 53
54 46 6
54 48 34
54 53 55
54 54 56
54 55 18
54 61 0
54 63 12
54 64 62
54 65 5
54 66 23
54 67 21
55 0 12
55 1 46
55 2 66
55 3 0
55 6 28
55 8 63
55 9 67
55 14 13
55 18 18
55 19 61
55 23 41
55 27 7
55 28 14
55 30 37
55 38 60
55 39 15
55 41 36
55 42 17
55 43 38
55 44 33
55 45 9
55 47 30
55 50 51
55 56 57
55 57 69
55 61 4
55 63 20
55 64 6
55 65 16
55 68 11
56 0 41
56 2 12
56 3 3
56 4 21
56 5 54
56 7 6
56 8 5
56 12 66
56 15 61
56 16 48
56 18 30
56 22 9
56 23 2
56 24 19
56 28 57
56 31 60
56 33 67
56 35 42
56 37 38
56 39 58
56 43 27
56 46 4
56 48 28
56 51 34
56 52 49
56 53 33
56 54 26
56 56 31
56 59 14
56 60 63
56 61 69
56 62 11
56 64 8
56 66 62
57 4 1
57 5 15
57 6 3
57 7 24
57 8 44
57 11 35
57 13 30
57 14 64
57 16 19
57 17 27
57 19 31
57 22 55
57 23 33
57 27 52
57 28 26
57 34 69
57 42 7
57 45 20
57 51 47
57 53 65
57 56 67
57 59 0
57 61 12
57 63 13
58 3 37
58 4 43
58 5 4
58 7 34
58 10 47
58 11 38
58 14 33
58 15 55
58 16 57
58 17 62
58 19 60
58 30 40
58 32 24
58 39 13
58 40 27
58 45 51
58 46 18
58 47 64
58 50 31
58 54 16
58 55 63
58 56 53
58 58 9
58 60 61
58 65 11
58 67 65
59 3 32
59 7 31
59 8 2
59 9 12
59 13 6
59 14 56
59 16 68
59 17 57
59 19 29
59 20 45
59 21 47
59 22 69
59 25 3
59 29 66
59 32 53
59 38 42
59 39 16
59 41 26
59 42 61
59 45 48
59 48 8
59 49 36
59 50 37
59 53 46
59 56 63
59 58 27
59 59 35
59 60 59
59 67 15
60 3 7
60 6 22
60 7 68
60 8 54
60 9 26
60 19 18
60 25 28
60 26 66
60 27 24
60 34 37
60 39 10
60 40 57
60 44 55
60 52 58
60 56 32
60 58 47
60 62 25
60 64 53
60 65 51
60 69 19
61 1 45
61 7 9
61 8 58
61 9 57
61 11 43
61 12 38
61 13 21
61 15 34
61 18 32
61 20 29
61 22 39
61 32 42
61 33 16
61 34 44
61 35 35
61 38 7
61 41 15
61 42 23
61 47 49
61 49 46
61 52 4
61 53 11
61 57 61
61 60 2
61 63 56
61 65 52
61 68 64
61 69 54
62 0 32
62 1 56
62 2 13
62 4 22
62 7 45
62 13 63
62 14 52
62 16 64
62 17 6
62 19 11
62 21 43
62 31 28
62 33 54
62 36 16
62 40 37
62 42 18
62 46 40
62 47 14
62 50 29
62 52 30
62 54 48
62 56 65
62 57 41
62 58 21
62 60 19
62 67 23
63 0 16
63 2 54
63 7 55
63 16 6
63 19 45
63 21 9
63 22 25
63 24 15
63 26 36
63 27 61
63 29 21
63 32 4
63 33 62
63 34 56
63 36 52
63 42 34
63 45 32
63 48 18
63 52 43
63 54 46
63 58 67
63 59 64
63 60 8
63 62 38
63 64 66
63 66 50
64 1 29
64 2 33
64 5 7
64 7 21
64 8 0
64 9 36
64 16 20
64 21 26
64 23 59
64 27 68
64 29 63
64 31 65
64 32 22
64 34 23
64 35 53
64 38 31
64 39 60
64 41 6
64 42 69
64 44 4
64 45 39
64 49 58
64 52 64
64 54 17
64 59 43
64 60 25
64 62 19
64 63 2
64 67 28
65 0 61
65 1 17
65 2 50
65 3 35
65 7 15
65 10 51
65 13 9
65 18 58
65 22 65
65 29 69
65 39 55
65 49 59
65 50 64
65 51 56
65 53 27
65 54 19
65 56 62
65 57 34
65 58 22
65 60 14
65 66 3
65 69 39
66 3 38
66 4 6
66 5 10
66 8 32
66 9 51
66 12 39
66 13 18
66 14 19
66 15 65
66 17 26
66 21 7
66 24 56
66 28 67
66 30 14
66 32 44
66 34 40
66 39 29
66 42 37
66 44 2
66 46 23
66 49 52
66 55 68
66 57 49
66 58 16
66 62 28
66 63 30
66 64 25
66 67 63
66 68 66
67 0 0
67 5 67
67 10 65
67 12 24
67 13 56
67 16 5
67 18 52
67 19 32
67 21 40
67 24 54
67 29 17
67 33 2
67 34 20
67 36 23
67 39 42
67 44 16
67 46 25
67 48 35
67 50 62
67 56 41
67 58 34
67 61 60
67 64 37
67 65 61
68 4 24
68 6 36
68 8 29
68 13 0
68 20 38
68 24 40
68 25 63
68 26 8
68 30 54
68 31 52
68 33 27
68 35 12
68 36 1
68 37 13
68 40 66
68 48 15
68 51 31
68 56 55
68 62 6
68 63 18
68 64 20
68 68 3
69 4 57
69 8 51
69 10 10
69 13 38
69 15 44
69 25 37
69 26 34
69 27 62
69 28 19
69 30 56
69 35 2
69 36 8
69 37 66
69 38 1
69 40 65
69 41 9
69 43 48
69 46 24
69 53 4
69 58 18
69 59 50
69 62 33
69 63 54
69 65 35
