70
0 0 36
0 2 67
0 3 3
0 4 48
0 5 63
0 6 46
0 8 35
0 9 66
0 10 52
0 11 26
0 12 30
0 13 11
0 16 17
0 20 28
0 21 29
0 22 49
0 23 38
0 25 24
0 26 43
0 27 60
0 31 62
0 32 32
0 33 33
0 34 55
0 35 12
0 37 58
0 38 22
0 41 16
0 42 7
0 47 42
0 48 0
0 49 41
0 50 25
0 51 8
0 52 15
0 54 14
0 56 40
0 58 19
0 59 13
0 62 61
0 64 50
0 66 56
0 67 6
0 69 59
1 1 64
1 4 50
1 8 63
1 9 60
1 10 59
1 13 36
1 15 17
1 16 15
1 19 69
1 20 53
1 21 13
1 24 28
1 26 54
1 27 67
1 28 23
1 29 19
1 30 3
1 31 56
1 32 46
1 33 32
1 34 35
1 35 9
1 37 43
1 38 27
1 39 48
1 40 66
1 41 38
1 43 6
1 44 65
1 45 10
1 46 51
1 47 14
1 48 57
1 51 61
1 54 8
1 56 47
1 59 25
1 62 29
1 66 40
1 68 5
2 0 34
2 2 32
2 3 62
2 6 61
2 7 45
2 8 66
2 9 59
2 11 47
2 12 26
2 13 2
2 17 0
2 18 18
2 19 14
2 20 8
2 21 42
2 22 16
2 24 15
2 29 55
2 31 37
2 32 67
2 33 4
2 34 40
2 35 25
2 37 5
2 38 41
2 39 65
2 41 7
2 42 10
2 47 69
2 48 21
2 49 9
2 51 48
2 55 29
2 56 1
2 57 63
2 58 23
2 59 60
2 62 35
2 63 49
2 65 33
2 66 36
2 68 22
3 0 15
3 1 54
3 3 17
3 4 32
3 5 67
3 6 43
3 8 59
3 9 34
3 10 42
3 11 48
3 13 40
3 14 14
3 16 1
3 18 6
3 19 47
3 20 35
3 21 41
3 22 18
3 25 38
3 26 49
3 29 37
3 30 10
3 31 11
3 32 13
3 33 22
3 34 69
3 35 7
3 36 68
3 38 55
3 39 33
3 40 51
3 44 26
3 46 39
3 47 27
3 50 36
3 51 52
3 55 31
3 57 25
3 59 21
3 60 28
3 62 2
3 63 60
3 64 45
3 65 0
3 67 50
3 68 8
3 69 29
4 0 4
4 3 48
4 4 40
4 5 36
4 6 65
4 7 7
4 9 31
4 10 29
4 11 34
4 14 21
4 16 44
4 17 64
4 18 15
4 19 30
4 20 67
4 22 37
4 23 35
4 25 52
4 26 13
4 28 47
4 29 45
4 30 59
4 33 69
4 36 62
4 37 51
4 38 32
4 41 18
4 44 17
4 46 11
4 48 22
4 49 33
4 50 39
4 52 23
4 53 55
4 55 61
4 57 9
4 58 57
4 59 38
4 61 26
4 63 66
4 64 0
4 66 41
4 69 28
5 1 52
5 3 2
5 5 29
5 6 6
5 7 1
5 8 46
5 9 15
5 11 68
5 13 44
5 14 28
5 16 5
5 18 63
5 22 19
5 23 8
5 24 55
5 26 10
5 28 27
5 29 60
5 30 57
5 31 21
5 33 41
5 36 32
5 38 7
5 39 49
5 41 43
5 43 3
5 44 54
5 45 35
5 46 58
5 48 38
5 51 30
5 52 14
5 54 69
5 56 59
5 58 39
5 61 50
5 62 62
5 63 4
5 65 61
5 68 0
6 0 58
6 1 21
6 3 16
6 5 17
6 6 40
6 7 41
6 8 25
6 11 53
6 12 63
6 15 36
6 16 8
6 20 32
6 21 38
6 23 66
6 24 0
6 25 43
6 26 37
6 28 65
6 30 18
6 32 12
6 33 26
6 35 11
6 36 20
6 38 68
6 39 28
6 42 62
6 43 7
6 44 52
6 45 15
6 47 47
6 49 4
6 50 42
6 51 56
6 53 39
6 55 19
6 56 45
6 57 23
6 60 6
6 61 57
6 62 49
6 63 33
6 64 29
6 65 10
6 66 55
6 67 2
7 1 48
7 2 18
7 3 50
7 5 53
7 7 24
7 8 12
7 10 47
7 11 65
7 12 44
7 13 1
7 14 34
7 15 9
7 18 64
7 19 55
7 20 17
7 22 41
7 23 26
7 27 58
7 28 8
7 29 2
7 31 3
7 34 15
7 36 61
7 37 67
7 40 59
7 41 54
7 42 25
7 43 62
7 47 63
7 48 60
7 51 51
7 52 29
7 53 14
7 54 52
7 56 27
7 57 49
7 59 46
7 60 42
7 62 37
7 63 68
7 66 6
7 67 7
8 0 63
8 1 65
8 5 25
8 6 28
8 7 23
8 11 35
8 13 45
8 15 8
8 16 20
8 17 55
8 18 56
8 19 2
8 21 32
8 23 40
8 24 19
8 25 47
8 27 33
8 29 64
8 30 50
8 32 17
8 35 37
8 37 27
8 39 30
8 41 36
8 42 31
8 43 61
8 44 16
8 45 68
8 48 58
8 49 69
8 50 67
8 51 14
8 52 21
8 55 3
8 57 5
8 59 18
8 63 59
8 64 22
8 65 57
8 67 51
8 68 66
8 69 0
9 0 66
9 1 44
9 2 43
9 4 22
9 8 27
9 9 14
9 11 17
9 12 34
9 13 50
9 15 12
9 18 48
9 19 51
9 21 1
9 26 32
9 27 6
9 28 13
9 29 25
9 33 28
9 34 16
9 37 54
9 38 49
9 39 60
9 40 29
9 41 40
9 43 55
9 44 21
9 45 36
9 46 0
9 48 67
9 51 23
9 54 68
9 55 64
9 56 11
9 57 58
9 58 24
9 59 63
9 60 5
9 61 46
9 63 20
9 66 37
9 67 56
9 68 35
10 1 62
10 2 49
10 3 8
10 4 7
10 6 25
10 7 59
10 8 47
10 9 48
10 11 33
10 12 4
10 15 61
10 16 9
10 17 44
10 18 5
10 20 11
10 21 60
10 22 46
10 24 64
10 25 31
10 26 22
10 29 10
10 33 35
10 35 45
10 36 6
10 37 52
10 40 54
10 41 67
10 42 32
10 44 15
10 46 3
10 47 29
10 49 14
10 56 34
10 57 68
10 59 65
10 61 58
10 66 30
10 68 37
10 69 21
11 0 7
11 1 3
11 2 53
11 3 26
11 4 57
11 5 43
11 6 39
11 7 62
11 8 61
11 9 50
11 10 64
11 11 12
11 12 51
11 13 8
11 15 28
11 16 10
11 18 38
11 20 21
11 22 36
11 24 33
11 25 22
11 27 2
11 31 45
11 32 42
11 33 9
11 35 30
11 36 15
11 42 1
11 44 69
11 45 66
11 48 56
11 49 67
11 52 25
11 53 16
11 54 31
11 55 35
11 56 55
11 58 20
11 63 29
11 64 46
11 67 5
11 68 49
11 69 41
12 0 5
12 1 22
12 3 33
12 4 1
12 6 0
12 7 13
12 8 19
12 9 42
12 10 50
12 13 32
12 14 58
12 15 66
12 17 10
12 18 39
12 19 48
12 20 68
12 21 18
12 24 43
12 25 55
12 29 23
12 32 56
12 33 24
12 34 46
12 35 59
12 36 12
12 38 69
12 39 51
12 42 26
12 43 37
12 45 7
12 46 4
12 47 8
12 50 63
12 52 16
12 53 21
12 61 54
12 64 17
12 65 52
12 66 65
12 68 27
12 69 35
13 0 47
13 1 20
13 5 68
13 6 62
13 7 66
13 9 36
13 10 43
13 13 49
13 14 17
13 15 31
13 16 65
13 17 39
13 18 24
13 20 51
13 21 5
13 22 27
13 23 57
13 24 10
13 25 44
13 26 55
13 27 25
13 30 1
13 31 14
13 32 18
13 35 40
13 36 2
13 38 50
13 40 32
13 41 56
13 43 67
13 44 12
13 48 3
13 50 7
13 51 38
13 52 41
13 53 0
13 54 15
13 56 26
13 57 35
13 58 42
13 60 64
13 67 34
13 68 53
14 0 68
14 1 63
14 2 3
14 5 50
14 6 10
14 7 20
14 9 16
14 10 49
14 11 27
14 12 46
14 13 15
14 15 48
14 16 13
14 18 67
14 19 32
14 20 18
14 21 47
14 22 66
14 23 43
14 25 14
14 26 41
14 28 56
14 31 30
14 33 58
14 39 25
14 40 40
14 42 59
14 43 1
14 44 57
14 45 6
14 48 44
14 49 39
14 50 33
14 52 65
14 53 2
14 56 0
14 57 69
14 58 52
14 59 37
14 61 64
14 63 23
14 65 5
14 66 12
14 67 60
14 68 38
14 69 19
15 0 3
15 2 29
15 3 47
15 5 20
15 6 59
15 9 67
15 11 37
15 14 62
15 15 25
15 17 43
15 22 40
15 26 14
15 27 49
15 29 33
15 30 48
15 31 66
15 33 63
15 38 52
15 39 53
15 40 8
15 42 34
15 46 5
15 47 36
15 48 24
15 49 16
15 51 17
15 52 1
15 58 4
15 61 11
15 62 6
15 66 35
15 68 2
15 69 68
16 2 7
16 3 13
16 5 32
16 6 19
16 7 27
16 8 6
16 9 22
16 11 3
16 13 26
16 18 36
16 19 11
16 20 52
16 21 68
16 23 46
16 24 67
16 25 2
16 26 20
16 27 10
16 28 51
16 31 23
16 32 0
16 33 49
16 34 48
16 36 34
16 38 61
16 39 38
16 40 56
16 41 35
16 46 9
16 47 65
16 48 37
16 49 43
16 50 5
16 54 17
16 55 24
16 56 50
16 57 30
16 58 21
16 59 15
16 63 64
16 64 66
16 65 1
16 66 54
16 67 69
16 68 55
16 69 57
17 1 57
17 2 9
17 5 40
17 7 19
17 9 2
17 10 48
17 12 62
17 13 69
17 14 63
17 15 14
17 17 68
17 19 17
17 21 61
17 22 32
17 26 47
17 29 11
17 32 25
17 33 55
17 36 4
17 38 31
17 39 3
17 40 50
17 42 39
17 43 5
17 45 46
17 48 49
17 49 8
17 50 56
17 53 64
17 57 0
17 59 43
17 61 60
17 62 66
17 64 24
17 65 45
17 68 21
18 0 22
18 1 32
18 2 47
18 5 60
18 8 28
18 9 1
18 10 21
18 11 59
18 12 0
18 14 53
18 15 24
18 16 58
18 19 18
18 20 66
18 22 34
18 23 15
18 25 17
18 26 12
18 27 20
18 28 3
18 29 5
18 31 50
18 35 33
18 36 39
18 37 14
18 39 4
18 40 55
18 41 69
18 43 38
18 44 41
18 45 2
18 46 25
18 48 16
18 50 46
18 52 56
18 53 8
18 54 19
18 55 40
18 56 65
18 57 48
18 58 62
18 60 44
18 62 67
18 65 64
18 67 45
18 68 31
18 69 37
19 1 55
19 2 37
19 3 43
19 4 52
19 6 36
19 7 38
19 10 45
19 14 24
19 15 65
19 18 16
19 19 23
19 21 19
19 23 64
19 25 4
19 26 40
19 28 62
19 30 49
19 31 10
19 34 63
19 35 32
19 36 57
19 38 47
19 39 66
19 40 35
19 43 15
19 44 29
19 45 58
19 47 67
19 51 27
19 58 30
19 59 44
19 61 56
19 62 69
19 64 31
19 66 25
19 67 61
19 69 8
20 2 45
20 3 55
20 4 18
20 7 67
20 8 40
20 9 25
20 12 23
20 13 14
20 14 20
20 15 2
20 16 69
20 17 47
20 19 52
20 20 50
20 22 29
20 23 48
20 26 36
20 27 35
20 29 49
20 31 65
20 35 34
20 36 60
20 37 44
20 38 64
20 41 33
20 42 57
20 44 59
20 46 12
20 47 56
20 48 61
20 50 19
20 52 68
20 53 28
20 56 63
20 57 24
20 59 66
20 60 1
20 61 0
20 63 42
20 64 54
20 66 62
20 67 43
20 68 11
20 69 39
21 2 41
21 3 64
21 5 66
21 7 4
21 8 69
21 9 10
21 18 33
21 19 44
21 24 54
21 26 52
21 29 20
21 32 61
21 34 39
21 35 17
21 36 14
21 38 5
21 40 22
21 41 48
21 42 28
21 44 40
21 45 23
21 46 1
21 47 19
21 48 7
21 50 59
21 51 53
21 52 6
21 54 49
21 55 58
21 57 16
21 59 50
21 60 11
21 61 45
21 62 26
21 65 35
21 66 68
21 67 29
21 68 56
21 69 2
22 0 26
22 1 18
22 6 31
22 8 37
22 9 3
22 11 28
22 13 4
22 14 2
22 18 44
22 19 27
22 20 59
22 21 43
22 26 5
22 27 45
22 28 32
22 29 50
22 31 6
22 32 69
22 36 64
22 37 68
22 38 60
22 39 35
22 41 10
22 43 41
22 44 33
22 46 40
22 47 30
22 48 54
22 50 15
22 51 39
22 52 52
22 54 48
22 58 46
22 59 11
22 61 23
22 63 47
22 64 8
22 65 51
22 66 57
22 67 16
22 68 20
23 0 28
23 1 59
23 3 54
23 4 65
23 5 14
23 8 23
23 12 50
23 14 41
23 15 33
23 16 2
23 17 60
23 20 58
23 21 7
23 22 17
23 24 24
23 27 51
23 28 15
23 29 56
23 30 30
23 31 64
23 33 18
23 34 19
23 35 66
23 36 31
23 38 67
23 40 34
23 41 61
23 43 46
23 46 20
23 47 32
23 48 68
23 51 55
23 53 53
23 54 36
23 55 26
23 56 13
23 57 47
23 58 44
23 59 9
23 60 43
23 61 42
23 62 48
23 64 63
23 65 38
23 66 5
24 0 12
24 1 60
24 2 21
24 4 16
24 8 3
24 10 26
24 11 32
24 13 68
24 14 40
24 15 5
24 18 27
24 24 48
24 25 61
24 28 49
24 29 22
24 30 56
24 31 54
24 32 51
24 33 42
24 34 34
24 35 0
24 36 10
24 37 41
24 39 46
24 41 50
24 47 62
24 48 43
24 49 17
24 50 14
24 52 55
24 56 31
24 60 36
24 61 4
24 64 28
24 66 19
25 0 57
25 3 41
25 4 5
25 7 34
25 8 36
25 9 39
25 13 17
25 15 45
25 18 31
25 19 29
25 20 33
25 23 12
25 25 7
25 26 9
25 27 27
25 28 28
25 29 40
25 30 63
25 31 58
25 32 48
25 37 38
25 38 10
25 39 1
25 41 26
25 42 68
25 43 66
25 44 46
25 45 52
25 46 43
25 47 35
25 48 8
25 49 54
25 50 22
25 54 23
25 57 62
25 58 53
25 60 56
25 61 30
25 62 14
25 63 11
25 65 69
25 66 51
26 2 57
26 3 35
26 4 39
26 5 56
26 8 32
26 10 58
26 12 2
26 14 12
26 15 59
26 16 19
26 17 49
26 19 46
26 22 53
26 23 51
26 24 13
26 25 65
26 26 68
26 28 61
26 29 41
26 30 66
26 33 0
26 37 26
26 38 30
26 39 10
26 42 3
26 44 14
26 45 60
26 46 8
26 48 47
26 50 16
26 52 62
26 53 44
26 55 37
26 56 43
26 57 4
26 59 27
26 63 28
26 64 33
26 65 31
26 66 17
26 69 42
27 1 61
27 2 23
27 5 64
27 6 30
27 7 14
27 9 13
27 10 8
27 11 31
27 12 24
27 14 36
27 15 15
27 16 26
27 19 49
27 24 17
27 27 19
27 31 55
27 33 34
27 34 28
27 37 62
27 38 48
27 39 16
27 40 46
27 41 3
27 43 0
27 44 39
27 45 32
27 48 12
27 50 66
27 51 11
27 52 35
27 53 41
27 56 57
27 58 63
27 59 69
27 62 51
27 63 5
27 64 7
27 65 2
27 66 50
27 68 43
27 69 56
28 0 2
28 1 45
28 2 60
28 4 4
28 7 55
28 8 10
28 9 43
28 10 14
28 11 18
28 13 7
28 14 6
28 15 54
28 17 15
28 21 59
28 24 40
28 25 0
28 26 44
28 28 66
28 29 69
28 31 9
28 32 47
28 33 57
28 34 30
28 36 36
28 37 50
28 38 20
28 39 32
28 40 61
28 41 24
28 43 34
28 44 49
28 45 21
28 46 27
28 47 64
28 49 53
28 50 3
28 52 48
28 55 38
28 56 42
28 59 5
28 60 41
28 61 22
28 65 12
28 66 33
28 67 19
28 68 29
28 69 17
29 0 37
29 1 10
29 3 52
29 4 63
29 16 33
29 19 20
29 20 69
29 21 55
29 22 67
29 23 34
29 25 25
29 30 8
29 31 38
29 32 62
29 33 14
29 34 65
29 37 66
29 39 0
29 41 42
29 42 11
29 43 43
29 45 47
29 46 31
29 47 5
29 48 18
29 49 64
29 50 29
29 52 13
29 53 32
29 57 3
29 58 1
29 59 56
29 61 49
29 62 9
29 63 19
29 64 51
29 65 28
29 66 2
29 67 15
29 68 7
29 69 44
30 1 29
30 7 63
30 8 33
30 9 4
30 10 61
30 11 16
30 12 41
30 16 11
30 17 46
30 19 10
30 20 36
30 21 35
30 22 15
30 24 62
30 25 64
30 27 38
30 28 0
30 31 13
30 32 50
30 33 5
30 34 8
30 35 57
30 37 47
30 41 37
30 42 66
30 43 22
30 44 58
30 45 12
30 47 23
30 49 31
30 50 68
30 52 39
30 53 7
30 54 2
30 56 28
30 58 49
30 59 45
30 61 20
30 64 53
30 68 40
30 69 27
31 0 25
31 1 47
31 4 29
31 5 34
31 7 43
31 9 0
31 11 2
31 12 40
31 13 48
31 14 44
31 15 22
31 16 21
31 17 27
31 19 50
31 20 38
31 21 37
31 24 45
31 25 57
31 26 8
31 28 31
31 30 41
31 31 52
31 33 67
31 35 65
31 36 23
31 37 16
31 38 66
31 39 19
31 40 69
31 41 14
31 42 9
31 44 63
31 45 61
31 47 53
31 49 15
31 50 13
31 51 64
31 52 46
31 53 68
31 54 51
31 55 59
31 56 36
31 57 56
31 58 33
31 60 60
31 62 54
31 65 39
31 68 28
31 69 11
32 2 31
32 3 27
32 4 67
32 6 20
32 8 14
32 15 0
32 17 40
32 18 45
32 20 10
32 21 16
32 22 26
32 25 11
32 26 60
32 29 61
32 30 34
32 31 46
32 32 57
32 33 21
32 34 41
32 38 35
32 39 36
32 43 9
32 46 23
32 47 6
32 49 32
32 51 50
32 54 55
32 55 53
32 56 5
32 57 66
32 58 59
32 61 62
32 62 33
32 63 15
32 64 25
32 65 43
32 66 8
32 67 28
32 68 17
32 69 54
33 0 53
33 1 2
33 2 35
33 3 49
33 4 14
33 5 61
33 12 13
33 13 34
33 15 3
33 21 64
33 24 69
33 26 19
33 28 11
33 29 29
33 30 37
33 32 45
33 33 10
33 34 58
33 35 62
33 37 33
33 38 28
33 40 9
33 41 17
33 42 55
33 44 31
33 45 57
33 46 32
33 47 43
33 49 50
33 52 40
33 54 27
33 56 12
33 59 51
33 60 63
33 62 24
33 63 7
33 68 68
34 0 56
34 2 26
34 3 69
34 5 7
34 13 58
34 17 22
34 19 19
34 21 20
34 22 57
34 24 50
34 26 67
34 32 44
34 33 62
34 35 15
34 36 65
34 38 34
34 39 24
34 40 10
34 42 4
34 44 51
34 45 28
34 47 59
34 49 52
34 50 61
34 54 66
34 57 21
34 58 48
34 61 41
34 62 42
34 63 1
34 65 17
34 66 38
34 67 63
34 68 45
34 69 32
35 2 36
35 3 56
35 4 3
35 6 55
35 7 52
35 9 65
35 10 27
35 12 31
35 13 16
35 14 35
35 15 26
35 16 43
35 18 8
35 20 19
35 21 22
35 23 33
35 24 44
35 25 23
35 26 1
35 27 63
35 29 21
35 31 59
35 35 47
35 36 7
35 38 14
35 39 61
35 42 0
35 44 10
35 48 42
35 49 62
35 50 12
35 51 46
35 52 54
35 55 17
35 57 37
35 58 32
35 59 57
35 61 6
35 62 13
35 63 24
35 66 48
35 67 9
36 0 60
36 1 33
36 2 66
36 3 5
36 4 53
36 6 15
36 7 50
36 8 2
36 9 68
36 12 59
36 13 10
36 14 18
36 15 40
36 16 67
36 17 38
36 18 30
36 19 12
36 20 1
36 21 69
36 23 58
36 24 51
36 25 54
36 26 16
36 27 21
36 28 55
36 29 39
36 31 19
36 32 29
36 33 31
36 34 43
36 36 44
36 38 56
36 39 14
36 40 4
36 42 61
36 43 17
36 45 42
36 48 48
36 49 13
36 50 24
36 51 49
36 55 8
36 57 27
36 58 7
36 60 32
36 62 11
36 64 35
36 65 47
36 66 26
36 68 25
36 69 52
37 3 66
37 5 30
37 7 49
37 11 36
37 12 45
37 13 65
37 15 39
37 22 54
37 23 28
37 27 48
37 28 17
37 29 18
37 30 24
37 31 43
37 33 38
37 34 59
37 35 41
37 38 40
37 43 35
37 44 55
37 45 67
37 46 16
37 47 21
37 48 50
37 49 12
37 50 2
37 51 57
37 52 32
37 53 10
37 56 15
37 57 22
37 58 69
37 59 7
37 61 5
37 62 46
37 65 53
37 67 1
37 68 19
37 69 4
38 3 42
38 5 69
38 6 49
38 8 9
38 11 1
38 13 63
38 15 35
38 18 40
38 19 26
38 20 22
38 22 3
38 23 67
38 25 56
38 27 36
38 28 25
38 31 41
38 37 6
38 38 39
38 40 65
38 43 68
38 44 27
38 48 17
38 49 46
38 50 52
38 51 13
38 52 7
38 53 54
38 54 30
38 55 5
38 56 19
38 57 51
38 58 45
38 59 34
38 60 24
38 61 14
38 63 32
38 64 21
38 67 37
38 69 10
39 2 39
39 4 19
39 6 38
39 7 56
39 9 7
39 10 12
39 12 22
39 14 8
39 17 34
39 19 45
39 20 25
39 22 65
39 25 53
39 26 57
39 27 64
39 28 26
39 29 62
39 31 1
39 32 16
39 33 2
39 34 36
39 35 60
39 36 33
39 38 46
39 43 63
39 44 32
39 46 35
39 47 66
39 49 28
39 51 10
39 52 5
39 53 58
39 54 43
39 56 67
39 57 54
39 58 31
39 62 68
39 64 47
39 65 55
39 69 23
40 0 52
40 4 42
40 5 15
40 6 5
40 8 8
40 9 35
40 11 11
40 12 21
40 14 61
40 15 34
40 18 9
40 19 33
40 20 45
40 21 3
40 22 23
40 24 22
40 25 39
40 26 24
40 28 69
40 31 60
40 32 6
40 34 67
40 38 37
40 39 2
40 41 66
40 42 47
40 43 64
40 44 18
40 45 14
40 46 59
40 47 16
40 51 31
40 53 48
40 54 58
40 55 1
40 56 20
40 59 0
40 64 57
40 66 46
40 67 49
40 68 62
40 69 38
41 0 35
41 1 12
41 2 64
41 3 36
41 4 33
41 6 66
41 7 54
41 9 38
41 10 17
41 11 39
41 12 16
41 13 53
41 16 49
41 17 69
41 18 50
41 19 24
41 20 56
41 25 26
41 28 43
41 29 28
41 31 34
41 32 40
41 37 61
41 38 23
41 39 11
41 41 51
41 43 25
41 44 22
41 45 4
41 46 21
41 47 55
41 48 9
41 49 60
41 50 47
41 54 57
41 55 14
41 56 30
41 57 29
41 58 15
41 59 32
41 63 48
41 64 13
41 67 8
42 0 29
42 1 67
42 4 64
42 5 48
42 8 38
42 9 6
42 10 36
42 11 10
42 12 1
42 14 5
42 15 23
42 18 57
42 20 20
42 22 39
42 25 63
42 26 7
42 27 37
42 29 59
42 32 55
42 33 47
42 34 14
42 35 44
42 36 30
42 37 35
42 39 21
42 41 68
42 42 54
42 43 69
42 46 65
42 47 17
42 49 34
42 50 31
42 52 3
42 54 9
42 56 25
42 57 19
42 58 56
42 59 53
42 60 50
42 61 13
42 62 15
42 64 49
42 67 62
42 68 16
42 69 43
43 1 68
43 2 61
43 3 51
43 4 66
43 5 21
43 14 46
43 15 6
43 17 37
43 18 25
43 19 57
43 20 5
43 21 62
43 23 44
43 24 30
43 25 1
43 26 65
43 27 32
43 30 60
43 31 22
43 32 35
43 35 13
43 36 41
43 37 4
43 38 59
43 39 26
43 42 38
43 44 50
43 45 39
43 46 15
43 47 40
43 48 28
43 50 20
43 52 17
43 55 2
43 58 11
43 62 18
43 63 45
43 64 19
43 65 3
43 66 49
43 68 9
44 0 64
44 1 11
44 2 6
44 3 21
44 8 24
44 9 41
44 10 10
44 13 33
44 16 39
44 17 57
44 19 15
44 22 61
44 23 22
44 24 25
44 25 19
44 26 2
44 27 29
44 28 38
44 29 30
44 31 40
44 34 20
44 35 52
44 36 56
44 38 4
44 39 13
44 40 53
44 43 23
44 44 43
44 45 45
44 46 60
44 47 7
44 48 51
44 49 42
44 50 18
44 51 5
44 52 69
44 53 36
44 54 44
44 56 66
44 57 50
44 58 35
44 59 1
44 60 49
44 61 68
44 63 54
44 65 34
44 66 63
44 69 62
45 0 51
45 1 49
45 3 38
45 6 63
45 7 46
45 8 43
45 10 7
45 13 35
45 14 48
45 16 14
45 17 23
45 18 19
45 19 3
45 20 27
45 22 22
45 27 13
45 29 1
45 31 16
45 32 53
45 33 60
45 34 62
45 35 29
45 36 59
45 37 2
45 38 21
45 39 39
45 40 26
45 42 45
45 45 41
45 49 68
45 50 17
45 51 34
45 53 66
45 55 52
45 56 56
45 58 10
45 59 64
45 60 55
45 61 40
45 63 65
45 65 58
45 67 44
46 0 32
46 3 6
46 4 35
46 5 19
46 6 24
46 7 30
46 8 16
46 11 42
46 12 20
46 13 59
46 16 27
46 20 34
46 22 12
46 29 65
46 30 33
46 31 68
46 32 1
46 34 21
46 38 25
46 40 18
46 43 48
46 44 38
46 45 17
46 49 66
46 50 8
46 52 26
46 53 3
46 56 44
46 57 11
46 60 69
46 64 52
46 65 62
46 66 15
46 67 10
47 0 46
47 3 53
47 4 6
47 5 2
47 6 50
47 8 1
47 11 69
47 13 21
47 14 0
47 15 43
47 18 55
47 20 4
47 23 20
47 25 41
47 26 29
47 27 18
47 29 63
47 30 7
47 31 5
47 35 14
47 36 38
47 37 19
47 38 13
47 39 37
47 40 60
47 44 48
47 45 56
47 49 45
47 51 40
47 52 57
47 53 65
47 54 34
47 55 51
47 57 42
47 59 28
47 61 17
47 62 32
47 67 58
47 68 52
47 69 3
48 2 28
48 3 40
48 5 37
48 6 27
48 7 60
48 8 53
48 9 64
48 11 46
48 13 61
48 14 13
48 15 21
48 17 65
48 20 63
48 21 17
48 25 48
48 26 33
48 28 45
48 33 52
48 34 12
48 35 58
48 36 47
48 37 56
48 38 16
48 39 50
48 40 1
48 42 5
48 44 7
48 46 57
48 48 14
48 52 36
48 53 6
48 54 59
48 56 68
48 57 10
48 58 38
48 60 62
48 63 26
48 69 34
49 0 18
49 2 30
49 3 60
49 7 5
49 8 50
49 9 57
49 10 63
49 13 6
49 14 10
49 15 38
49 16 29
49 17 8
49 18 66
49 21 21
49 22 69
49 25 27
49 29 16
49 30 58
49 31 20
49 32 52
49 33 53
49 35 54
49 36 55
49 37 7
49 39 15
49 41 47
49 42 40
49 43 59
49 44 56
49 48 31
49 50 4
49 51 3
49 52 2
49 54 35
49 55 62
49 57 67
49 59 68
49 60 26
49 61 24
49 62 1
49 63 0
49 67 14
49 68 33
49 69 36
50 0 17
50 4 10
50 5 16
50 6 18
50 7 0
50 9 63
50 14 60
50 16 22
50 19 39
50 20 61
50 21 50
50 22 43
50 23 23
50 25 20
50 26 45
50 27 52
50 30 64
50 31 7
50 34 31
50 35 38
50 37 25
50 39 57
50 40 12
50 41 49
50 42 19
50 43 21
50 45 27
50 46 30
50 48 26
50 50 55
50 51 67
50 52 59
50 53 33
50 55 4
50 56 3
50 57 14
50 58 13
50 59 6
50 60 35
50 63 40
50 67 48
50 69 69
51 1 27
51 3 14
51 4 36
51 5 57
51 6 67
51 7 31
51 8 64
51 10 20
51 13 51
51 14 45
51 15 1
51 16 52
51 17 41
51 18 7
51 20 55
51 21 30
51 22 50
51 23 69
51 24 4
51 25 8
51 26 21
51 27 3
51 28 29
51 30 19
51 31 0
51 33 13
51 35 61
51 36 37
51 37 10
51 38 62
51 41 39
51 42 46
51 43 16
51 44 9
51 48 66
51 49 48
51 50 6
51 51 15
51 54 60
51 55 34
51 56 32
51 58 43
51 59 12
51 60 17
51 63 58
51 64 40
51 66 22
51 67 47
51 69 65
52 4 55
52 5 62
52 11 58
52 16 40
52 17 5
52 18 2
52 20 13
52 22 48
52 23 6
52 24 60
52 25 51
52 26 31
52 27 28
52 29 27
52 30 36
52 32 59
52 34 32
52 35 20
52 37 1
52 38 43
52 40 19
52 42 22
52 43 47
52 44 23
52 45 69
52 46 37
52 49 7
52 50 34
52 51 29
52 55 49
52 57 8
52 58 17
52 60 10
52 65 16
52 66 61
52 67 33
52 68 63
53 0 40
53 1 41
53 2 46
53 3 11
53 4 24
53 5 0
53 6 14
53 7 29
53 9 17
53 10 57
53 11 21
53 12 33
53 13 25
53 14 56
53 15 58
53 16 4
53 17 9
53 19 42
53 20 54
53 21 39
53 22 45
53 24 32
53 25 10
53 27 53
53 28 34
53 29 15
53 33 61
53 34 1
53 35 5
53 37 60
53 38 18
53 39 20
53 40 36
53 41 44
53 42 43
53 43 65
53 44 8
53 45 64
53 47 28
53 49 38
53 52 31
53 53 62
53 54 12
53 60 48
53 61 35
53 62 19
53 64 26
53 65 22
53 67 30
53 68 59
54 0 11
54 1 25
54 5 52
54 6 22
54 10 44
54 11 51
54 12 37
54 13 39
54 15 50
54 16 54
54 18 42
54 19 16
54 20 49
54 21 26
54 28 58
54 31 31
54 34 57
54 36 53
54 38 63
54 41 6
54 42 14
54 43 8
54 44 5
54 48 34
54 49 35
54 53 13
54 55 18
54 56 61
54 57 41
54 58 28
54 59 55
54 60 3
54 61 1
54 64 30
54 65 36
54 66 45
54 68 46
54 69 40
55 0 41
55 1 46
55 2 19
55 3 39
55 4 21
55 6 44
55 7 3
55 8 65
55 9 55
55 10 35
55 11 60
55 12 27
55 13 57
55 14 15
55 15 47
55 17 59
55 19 36
55 20 40
55 21 67
55 22 10
55 23 24
55 25 49
55 26 38
55 27 1
55 28 48
55 29 51
55 31 32
55 32 33
55 33 68
55 35 23
55 36 8
55 37 17
55 38 54
55 44 2
55 45 34
55 46 50
55 47 20
55 51 62
55 52 42
55 54 22
55 55 69
55 56 7
55 57 12
55 58 66
55 59 26
55 60 37
55 61 18
55 62 63
55 66 4
55 67 31
55 68 64
55 69 9
56 0 62
56 1 9
56 3 25
56 4 34
56 5 44
56 6 4
56 7 32
56 8 0
56 9 23
56 11 19
56 13 67
56 14 51
56 16 7
56 17 20
56 18 43
56 19 5
56 21 31
56 24 56
56 25 35
56 27 14
56 28 10
56 29 57
56 32 64
56 35 55
56 37 24
56 38 1
56 40 48
56 42 16
56 44 36
56 45 65
56 46 54
56 47 22
56 49 37
56 50 21
56 51 2
56 53 40
56 54 33
56 55 42
56 56 29
56 57 18
56 58 27
56 61 3
56 63 50
56 64 69
56 65 8
56 66 28
56 67 59
56 68 15
56 69 45
57 0 61
57 1 8
57 8 5
57 9 32
57 11 56
57 14 33
57 16 57
57 18 13
57 19 37
57 20 30
57 23 11
57 24 68
57 25 16
57 27 39
57 28 36
57 30 44
57 32 9
57 33 7
57 35 35
57 39 62
57 41 19
57 45 40
57 46 52
57 48 23
57 49 18
57 50 50
57 52 24
57 53 1
57 54 29
57 56 22
57 57 45
57 58 54
57 59 20
57 60 59
57 61 65
57 62 55
57 63 10
57 64 38
57 65 26
57 67 4
58 4 58
58 5 23
58 6 68
58 8 56
58 9 52
58 10 28
58 13 54
58 17 26
58 18 34
58 20 16
58 21 12
58 23 36
58 24 2
58 26 48
58 27 66
58 28 59
58 32 39
58 33 45
58 35 6
58 36 67
58 37 13
58 40 5
58 41 8
58 42 65
58 43 53
58 44 42
58 45 55
58 46 14
58 47 60
58 48 10
58 50 11
58 54 25
58 55 41
58 56 35
58 58 29
58 61 37
58 62 43
58 65 50
58 67 57
58 69 18
59 0 31
59 2 5
59 3 57
59 4 49
59 7 44
59 9 51
59 10 37
59 13 20
59 15 68
59 17 67
59 18 46
59 20 2
59 21 65
59 22 14
59 23 32
59 24 29
59 26 17
59 29 9
59 31 42
59 32 7
59 36 3
59 37 34
59 38 12
59 39 63
59 40 45
59 41 11
59 42 30
59 45 25
59 46 6
59 47 33
59 50 62
59 52 43
59 53 4
59 54 18
59 57 38
59 60 19
59 62 64
59 65 66
59 68 36
59 69 48
60 0 16
60 1 6
60 6 26
60 7 47
60 8 42
60 10 11
60 12 64
60 13 41
60 14 50
60 16 18
60 17 61
60 21 33
60 22 56
60 23 17
60 24 38
60 25 45
60 27 23
60 28 39
60 29 66
60 32 36
60 34 37
60 38 3
60 40 21
60 41 46
60 42 53
60 43 24
60 44 19
60 45 59
60 47 48
60 51 32
60 54 54
60 55 60
60 57 2
60 58 14
60 60 4
60 62 0
60 63 62
60 64 10
60 65 68
60 66 43
60 68 1
61 0 50
61 1 7
61 2 2
61 4 30
61 5 35
61 9 44
61 10 38
61 12 47
61 14 42
61 17 62
61 19 67
61 20 3
61 21 34
61 22 21
61 25 46
61 26 18
61 27 26
61 28 16
61 30 14
61 31 12
61 33 37
61 34 0
61 35 1
61 36 27
61 38 45
61 39 40
61 43 56
61 46 24
61 48 65
61 49 49
61 51 25
61 53 60
61 54 61
61 62 36
61 63 8
61 65 6
61 66 10
61 67 32
62 0 43
62 1 35
62 2 59
62 3 44
62 5 54
62 8 29
62 9 11
62 10 30
62 11 41
62 18 60
62 19 56
62 22 8
62 24 53
62 27 50
62 28 40
62 33 17
62 36 48
62 37 9
62 42 51
62 43 20
62 44 6
62 48 1
62 49 26
62 50 49
62 51 22
62 52 64
62 53 45
62 56 52
62 58 68
62 60 2
62 61 34
62 66 0
62 67 39
62 69 55
63 0 59
63 3 67
63 5 22
63 8 57
63 13 62
63 14 55
63 15 69
63 16 45
63 18 11
63 19 38
63 23 60
63 25 40
63 28 4
63 29 43
63 31 63
63 32 24
63 34 56
63 35 68
63 36 21
63 37 48
63 38 6
63 39 54
63 41 65
63 42 58
63 43 50
63 44 44
63 45 13
63 46 41
63 47 3
63 48 39
63 50 10
63 51 42
63 52 27
63 53 25
63 55 15
63 56 23
63 58 5
63 59 17
63 60 30
63 61 61
63 63 51
63 65 29
63 66 16
63 67 35
63 69 46
64 1 30
64 2 42
64 4 60
64 6 57
64 7 40
64 9 45
64 11 5
64 12 52
64 14 27
64 16 36
64 17 32
64 18 35
64 20 43
64 23 56
64 26 34
64 27 24
64 28 19
64 30 69
64 33 16
64 34 61
64 36 11
64 37 18
64 38 29
64 39 41
64 40 3
64 43 49
64 48 33
64 49 55
64 50 28
64 52 8
64 54 39
64 55 10
64 58 25
64 61 51
64 63 2
64 64 20
64 65 15
64 67 38
64 68 6
64 69 47
65 1 0
65 3 12
65 4 41
65 5 24
65 8 51
65 10 16
65 11 20
65 12 7
65 13 66
65 15 46
65 19 40
65 20 44
65 21 15
65 22 2
65 23 30
65 24 23
65 25 50
65 26 64
65 29 13
65 31 36
65 34 52
65 36 28
65 39 29
65 40 43
65 42 33
65 43 11
65 44 25
65 45 48
65 46 62
65 50 35
65 53 5
65 54 63
65 55 6
65 56 37
65 58 18
65 61 47
65 62 21
65 63 55
65 64 27
65 65 19
65 68 65
66 0 8
66 1 15
66 2 62
66 3 45
66 7 51
66 8 39
66 11 57
66 12 12
66 13 18
66 17 63
66 19 35
66 20 6
66 24 3
66 25 34
66 27 55
66 28 67
66 29 58
66 30 2
66 33 11
66 34 44
66 36 50
66 37 22
66 39 68
66 40 27
66 41 5
66 43 40
66 47 31
66 48 32
66 49 1
66 50 54
66 52 9
66 53 38
66 54 16
66 55 56
66 56 69
66 57 46
66 58 47
66 62 17
66 64 48
66 65 21
66 66 23
66 67 36
66 68 42
66 69 7
67 0 9
67 1 69
67 2 16
67 5 10
67 6 41
67 7 33
67 8 49
67 10 22
67 13 52
67 14 19
67 15 51
67 16 46
67 20 60
67 21 28
67 23 21
67 24 1
67 27 59
67 28 35
67 29 4
67 30 0
67 34 29
67 36 26
67 37 42
67 38 65
67 39 56
67 40 13
67 42 2
67 43 39
67 44 66
67 45 31
67 46 55
67 47 57
67 49 6
67 50 32
67 51 18
67 54 24
67 55 45
67 56 54
67 57 36
67 60 61
67 62 40
67 63 37
67 64 12
67 66 11
67 67 68
67 68 44
67 69 25
68 0 6
68 1 14
68 2 55
68 3 19
68 4 62
68 5 11
68 6 58
68 7 28
68 11 66
68 13 42
68 14 69
68 15 52
68 16 3
68 17 48
68 18 4
68 19 59
68 21 9
68 23 10
68 26 56
68 29 12
68 30 54
68 31 35
68 34 13
68 36 51
68 40 64
68 42 20
68 43 33
68 44 30
68 45 38
68 48 46
68 49 47
68 50 27
68 51 68
68 52 45
68 53 61
68 55 50
68 56 41
68 57 43
68 60 40
68 61 25
68 63 63
68 65 18
68 66 39
68 69 60
69 1 50
69 8 45
69 9 49
69 10 15
69 11 8
69 13 22
69 14 68
69 15 62
69 16 6
69 18 1
69 19 13
69 20 24
69 21 0
69 22 5
69 24 18
69 25 36
69 26 63
69 27 41
69 28 33
69 29 67
69 30 29
69 31 28
69 32 34
69 33 64
69 34 17
69 35 26
69 36 66
69 42 27
69 43 54
69 44 61
69 46 56
69 47 51
69 48 4
69 49 20
69 50 38
69 52 37
69 54 42
69 55 55
69 56 46
69 58 40
69 60 57
69 61 48
69 63 30
69 65 60
69 69 12
