60
0 3 9
0 5 11
0 6 4
0 8 18
0 12 12
0 16 2
0 17 44
0 19 10
0 24 35
0 26 13
0 27 54
0 31 22
0 35 33
0 36 42
0 37 38
0 39 26
0 41 32
0 45 15
0 47 16
0 54 6
1 1 18
1 2 40
1 4 57
1 5 13
1 10 0
1 13 44
1 19 23
1 21 8
1 27 53
1 30 48
1 32 35
1 33 39
1 37 29
1 38 5
1 40 10
1 46 43
1 47 55
1 48 3
1 50 1
1 52 50
1 53 30
1 55 16
2 6 13
2 7 57
2 8 33
2 10 24
2 11 37
2 13 20
2 15 55
2 17 51
2 19 36
2 26 41
2 33 54
2 34 32
2 37 23
2 38 34
2 40 0
2 41 2
2 43 5
2 46 10
2 50 45
2 51 18
2 52 14
2 53 40
2 56 59
2 58 31
3 0 45
3 1 48
3 5 28
3 6 18
3 9 6
3 10 32
3 14 29
3 16 20
3 17 36
3 22 51
3 27 12
3 36 15
3 41 17
3 48 38
3 55 21
4 2 47
4 5 2
4 6 25
4 7 13
4 13 30
4 16 14
4 20 32
4 22 15
4 24 9
4 27 4
4 30 29
4 35 56
4 36 39
4 38 44
4 40 35
4 41 54
4 45 48
4 47 46
4 48 45
4 49 0
4 55 12
4 57 21
5 2 13
5 4 30
5 7 26
5 8 40
5 9 32
5 14 35
5 20 57
5 25 53
5 26 55
5 27 3
5 34 16
5 35 58
5 38 23
5 41 48
5 44 47
5 45 59
5 46 5
5 50 34
5 53 4
5 54 22
6 1 41
6 6 5
6 7 50
6 10 8
6 16 10
6 21 19
6 22 22
6 31 20
6 32 47
6 34 29
6 37 32
6 39 25
6 43 28
6 49 54
6 51 4
6 53 12
6 57 27
7 0 12
7 1 38
7 3 56
7 7 46
7 8 43
7 9 16
7 18 35
7 19 9
7 23 50
7 25 28
7 30 17
7 31 37
7 35 34
7 38 54
7 45 41
7 52 4
7 56 22
7 59 32
8 2 50
8 5 20
8 9 17
8 17 0
8 20 8
8 21 28
8 25 19
8 32 56
8 37 43
8 39 52
8 46 34
8 55 22
8 56 37
8 59 57
9 2 44
9 5 34
9 14 31
9 19 54
9 24 0
9 29 40
9 33 41
9 34 38
9 35 42
9 37 26
9 40 28
9 41 9
9 42 19
9 44 55
9 50 30
9 52 56
9 53 24
9 55 23
10 8 6
10 20 58
10 21 57
10 22 3
10 26 27
10 38 56
10 41 43
10 46 1
10 48 20
10 49 46
10 54 38
11 0 16
11 2 9
11 6 6
11 10 38
11 12 24
11 21 33
11 23 4
11 24 3
11 33 5
11 40 51
11 43 21
11 44 50
11 48 30
11 49 11
11 54 56
11 55 0
11 56 25
12 13 22
12 17 9
12 20 40
12 22 19
12 24 7
12 31 28
12 39 15
12 43 43
12 47 36
12 48 13
12 51 54
12 55 11
12 56 48
13 4 16
13 7 3
13 8 24
13 15 27
13 22 59
13 24 20
13 25 47
13 29 25
13 31 42
13 37 48
13 45 39
13 46 11
13 50 41
13 55 29
13 57 7
13 58 45
14 4 9
14 5 35
14 6 30
14 8 15
14 12 11
14 13 14
14 14 6
14 16 37
14 18 7
14 22 18
14 27 19
14 33 42
14 34 10
14 37 36
14 43 13
14 47 20
14 52 55
14 53 31
15 6 58
15 9 37
15 10 45
15 15 47
15 18 16
15 21 55
15 22 12
15 25 18
15 27 35
15 29 3
15 34 5
15 40 21
15 49 8
15 51 11
15 57 4
15 58 41
16 2 19
16 3 6
16 8 13
16 9 54
16 13 24
16 17 40
16 20 4
16 21 0
16 24 1
16 26 37
16 28 10
16 32 43
16 33 48
16 36 11
16 37 20
16 58 8
17 1 32
17 3 14
17 4 13
17 22 47
17 26 46
17 28 59
17 34 55
17 38 24
17 39 1
17 41 30
17 42 0
17 45 16
17 51 15
17 57 36
17 58 12
17 59 44
18 4 2
18 6 11
18 7 56
18 12 28
18 13 3
18 16 26
18 18 30
18 19 0
18 21 6
18 23 21
18 26 29
18 29 1
18 30 43
18 33 55
18 37 39
18 41 24
18 42 53
18 47 12
18 55 42
18 56 27
19 2 41
19 3 18
19 4 51
19 6 28
19 7 38
19 12 27
19 23 22
19 25 46
19 39 20
19 42 36
19 46 33
19 48 8
19 50 26
19 51 42
19 54 59
19 59 35
20 1 8
20 3 35
20 6 39
20 11 23
20 14 27
20 18 17
20 21 5
20 24 24
20 26 18
20 28 31
20 33 7
20 34 12
20 38 41
20 41 44
20 43 53
20 54 50
20 59 11
21 0 5
21 4 55
21 5 23
21 6 54
21 8 41
21 13 2
21 20 45
21 24 6
21 25 20
21 26 1
21 27 7
21 29 33
21 31 46
21 34 42
21 38 48
21 55 58
21 59 59
22 1 54
22 4 20
22 7 7
22 8 39
22 10 18
22 13 0
22 17 37
22 18 45
22 21 26
22 23 19
22 24 46
22 28 28
22 31 13
22 33 15
22 36 9
22 37 4
22 39 59
22 48 35
22 52 16
22 59 6
23 2 45
23 7 30
23 12 25
23 18 32
23 19 34
23 22 50
23 24 56
23 25 58
23 26 5
23 30 2
23 34 54
23 37 7
23 41 37
23 44 36
23 45 43
23 48 12
23 54 53
23 57 33
24 6 44
24 12 36
24 13 57
24 16 21
24 22 10
24 23 55
24 33 33
24 35 45
24 37 1
24 39 19
24 40 12
24 42 56
24 43 42
24 46 3
24 47 22
24 50 9
24 52 32
24 54 20
24 55 28
24 59 43
25 2 35
25 3 50
25 4 1
25 6 19
25 9 36
25 11 52
25 12 42
25 13 12
25 16 32
25 19 40
25 20 5
25 27 20
25 30 53
25 31 48
25 32 15
25 33 0
25 35 47
25 36 45
25 38 46
25 39 8
25 42 13
25 50 23
25 51 30
25 54 58
25 55 49
25 59 38
26 8 52
26 9 51
26 10 13
26 17 32
26 20 33
26 21 9
26 23 18
26 26 4
26 33 57
26 35 10
26 38 31
26 41 59
26 43 48
26 44 43
26 46 39
26 50 22
26 52 24
26 58 28
27 4 43
27 5 39
27 6 47
27 10 35
27 18 13
27 19 16
27 20 14
27 21 59
27 24 27
27 28 36
27 29 9
27 30 56
27 31 53
27 40 17
27 43 52
27 45 38
27 49 24
27 50 25
27 52 22
27 54 19
27 56 0
28 0 33
28 8 29
28 9 18
28 11 28
28 25 34
28 28 42
28 36 37
28 37 51
28 43 46
28 44 14
28 45 17
28 50 20
28 52 9
28 59 54
29 1 33
29 7 42
29 8 55
29 16 46
29 17 28
29 21 38
29 26 30
29 27 27
29 32 13
29 34 21
29 35 7
29 36 17
29 45 35
29 51 37
29 53 58
29 54 52
29 57 14
30 0 26
30 12 39
30 14 28
30 17 50
30 19 44
30 23 13
30 26 53
30 27 36
30 33 17
30 36 41
30 37 54
30 42 57
30 48 6
30 49 7
30 50 29
30 55 46
30 57 49
30 58 11
31 2 54
31 3 8
31 6 29
31 12 52
31 14 44
31 18 36
31 19 28
31 20 3
31 22 7
31 27 31
31 31 9
31 33 40
31 34 41
31 38 37
31 40 15
31 42 24
31 43 19
31 47 34
31 48 58
31 50 2
31 51 5
31 57 55
32 3 34
32 4 35
32 8 30
32 10 58
32 11 20
32 12 45
32 13 43
32 15 49
32 16 9
32 19 31
32 20 6
32 22 40
32 24 50
32 26 0
32 27 59
32 31 11
32 32 32
32 34 25
32 37 14
32 49 4
32 55 2
33 1 34
33 2 38
33 5 46
33 9 3
33 16 25
33 17 45
33 18 4
33 19 49
33 20 22
33 23 59
33 33 16
33 43 6
33 44 2
33 50 32
33 51 26
33 53 42
33 54 24
34 4 58
34 6 35
34 7 16
34 15 18
34 21 3
34 25 44
34 32 51
34 33 43
34 34 23
34 35 5
34 40 41
34 41 38
34 47 47
34 56 1
35 0 35
35 4 36
35 5 30
35 6 16
35 10 26
35 16 34
35 17 18
35 24 47
35 32 10
35 36 8
35 37 5
35 41 31
35 42 50
35 51 23
35 55 19
35 57 48
35 58 38
36 6 20
36 12 18
36 13 54
36 14 53
36 15 31
36 17 8
36 19 50
36 21 39
36 25 59
36 26 38
36 28 15
36 31 51
36 34 7
36 43 12
36 47 37
36 49 32
36 52 26
36 58 34
37 3 12
37 4 50
37 6 56
37 8 34
37 9 25
37 12 0
37 16 3
37 17 31
37 18 40
37 21 23
37 25 38
37 26 9
37 27 45
37 34 46
37 35 4
37 36 27
37 37 21
37 39 14
37 40 5
37 41 47
37 42 39
37 48 28
37 54 35
37 57 24
38 3 45
38 4 29
38 5 54
38 6 43
38 8 53
38 11 59
38 12 4
38 18 27
38 22 46
38 25 6
38 26 47
38 30 55
38 32 22
38 33 36
38 34 39
38 35 31
38 40 33
38 41 3
38 51 51
38 53 11
38 55 35
38 58 16
39 1 43
39 2 32
39 4 22
39 6 23
39 8 58
39 10 48
39 11 24
39 12 59
39 16 6
39 18 38
39 19 1
39 24 39
39 27 34
39 28 30
39 33 35
39 37 42
39 41 40
39 48 47
40 1 3
40 2 58
40 6 48
40 18 15
40 20 7
40 26 6
40 27 43
40 36 52
40 38 47
40 40 1
40 43 41
40 47 11
40 51 56
40 52 13
40 55 34
40 57 59
40 59 51
41 7 5
41 12 51
41 14 25
41 16 48
41 23 52
41 27 24
41 28 35
41 36 29
41 40 32
41 41 1
41 44 19
41 45 11
41 49 41
41 53 43
41 57 30
42 0 0
42 3 10
42 5 4
42 18 47
42 20 36
42 22 32
42 25 41
42 31 16
42 32 38
42 34 40
42 45 22
42 47 21
42 48 42
42 53 9
42 55 26
42 56 5
43 5 10
43 9 24
43 12 3
43 14 56
43 15 33
43 16 8
43 18 14
43 21 15
43 27 21
43 28 57
43 31 41
43 34 47
43 36 35
43 37 37
43 39 7
43 42 1
43 44 16
43 45 54
43 50 43
43 54 13
43 55 32
44 0 10
44 1 13
44 8 5
44 9 53
44 10 47
44 12 29
44 13 38
44 22 16
44 25 26
44 31 0
44 38 1
44 39 44
45 3 1
45 4 25
45 5 52
45 7 45
45 8 0
45 12 17
45 13 37
45 17 56
45 19 51
45 20 54
45 32 59
45 33 10
45 35 38
45 37 8
45 39 2
45 40 42
45 42 11
45 43 3
45 47 32
45 48 43
45 51 29
45 58 30
46 0 32
46 7 55
46 12 19
46 13 23
46 16 54
46 22 30
46 24 4
46 25 39
46 26 51
46 27 10
46 33 22
46 35 29
46 39 58
46 40 46
46 46 8
46 47 28
46 49 38
46 51 2
46 53 36
46 55 3
46 59 7
47 0 23
47 6 33
47 8 37
47 11 46
47 12 58
47 17 2
47 19 29
47 26 20
47 27 56
47 28 17
47 30 4
47 32 30
47 37 28
47 42 15
47 44 1
47 49 40
47 52 12
47 57 6
48 11 3
48 12 34
48 15 7
48 18 22
48 19 5
48 20 42
48 26 45
48 27 33
48 28 48
48 32 50
48 38 43
48 39 29
48 46 27
48 48 23
48 50 24
48 52 10
48 56 53
48 59 25
49 17 19
49 21 42
49 25 52
49 33 51
49 34 11
49 36 40
49 39 57
49 40 6
49 46 13
49 48 54
49 53 22
49 55 31
50 0 38
50 6 34
50 12 55
50 13 7
50 16 44
50 23 9
50 24 19
50 26 12
50 27 1
50 30 8
50 34 4
50 35 18
50 40 29
50 46 42
50 48 5
50 53 23
50 57 54
50 58 2
51 2 25
51 3 0
51 4 28
51 5 6
51 6 9
51 9 44
51 12 26
51 17 43
51 29 29
51 36 30
51 37 52
51 40 20
51 45 5
51 54 47
51 56 13
51 57 53
51 58 19
52 3 40
52 4 31
52 7 35
52 9 15
52 14 11
52 17 52
52 21 34
52 24 38
52 26 10
52 30 57
52 37 2
52 39 41
52 45 46
52 46 17
52 51 20
52 58 4
52 59 29
53 1 47
53 3 51
53 9 31
53 11 26
53 13 32
53 14 19
53 15 2
53 19 30
53 20 41
53 25 12
53 26 57
53 31 33
53 32 23
53 38 27
53 41 11
53 45 56
53 51 14
53 55 15
54 2 3
54 6 12
54 7 11
54 10 50
54 12 44
54 14 17
54 15 26
54 16 51
54 17 5
54 21 16
54 26 19
54 28 27
54 31 23
54 32 45
54 35 28
54 37 53
54 40 4
54 44 58
54 48 24
54 51 41
54 54 15
54 55 1
54 56 36
55 0 30
55 2 0
55 6 17
55 8 7
55 9 46
55 14 32
55 15 48
55 18 42
55 28 34
55 34 9
55 35 55
55 38 12
55 39 6
55 43 56
55 48 33
55 52 29
55 55 50
55 58 37
55 59 5
56 7 52
56 15 32
56 19 7
56 25 4
56 29 39
56 34 34
56 47 41
56 51 57
56 53 25
56 54 37
57 1 44
57 9 57
57 10 34
57 15 58
57 16 18
57 17 48
57 19 2
57 22 5
57 27 16
57 30 25
57 33 13
57 35 35
57 39 0
57 42 59
57 44 51
57 46 50
57 49 52
57 50 6
57 54 33
57 56 4
57 59 26
58 5 14
58 6 10
58 9 11
58 16 28
58 17 35
58 20 37
58 21 12
58 27 26
58 29 49
58 31 44
58 33 21
58 35 9
58 36 43
58 37 47
58 38 45
58 45 50
58 52 7
58 53 32
58 55 8
58 56 54
58 58 36
58 59 13
59 0 6
59 8 8
59 13 59
59 15 25
59 22 53
59 26 43
59 28 56
59 34 30
59 37 0
59 41 16
59 48 36
59 55 41
59 56 14
59 57 11
59 59 1
