70
0 0 49
0 1 66
0 2 7
0 3 43
0 5 10
0 8 55
0 9 0
0 10 5
0 11 61
0 12 48
0 14 36
0 16 1
0 17 42
0 18 47
0 21 65
0 22 69
0 24 29
0 25 38
0 27 59
0 28 11
0 29 41
0 30 60
0 31 16
0 33 46
0 35 44
0 36 25
0 37 34
0 39 56
0 42 40
0 43 24
0 44 57
0 45 30
0 47 67
0 49 13
0 52 35
0 54 32
0 55 63
0 56 9
0 57 51
0 58 14
0 59 58
0 61 54
0 62 64
0 65 15
0 68 33
1 1 32
1 2 53
1 3 17
1 4 22
1 6 10
1 8 37
1 9 11
1 11 51
1 14 14
1 15 16
1 19 45
1 21 43
1 22 30
1 23 49
1 26 41
1 27 58
1 28 20
1 29 0
1 30 67
1 31 4
1 34 47
1 35 12
1 36 23
1 37 35
1 38 6
1 40 8
1 41 40
1 43 62
1 44 65
1 45 18
1 47 5
1 49 24
1 51 3
1 52 50
1 53 7
1 54 54
1 56 34
1 59 31
1 60 66
1 61 44
1 62 28
1 65 1
1 67 52
1 68 29
1 69 21
2 0 63
2 2 5
2 3 50
2 6 19
2 7 1
2 8 46
2 9 41
2 10 31
2 11 43
2 12 14
2 13 49
2 14 57
2 16 25
2 18 4
2 20 7
2 22 44
2 23 18
2 24 54
2 25 21
2 31 47
2 32 0
2 34 65
2 35 58
2 36 30
2 37 24
2 38 13
2 40 16
2 41 36
2 42 3
2 43 42
2 45 52
2 46 61
2 47 8
2 48 34
2 49 40
2 51 68
2 53 45
2 55 15
2 58 66
2 59 69
2 60 55
2 61 6
2 62 20
2 67 22
2 68 37
3 0 28
3 1 59
3 2 10
3 3 45
3 4 25
3 6 61
3 7 39
3 8 48
3 11 37
3 12 0
3 13 31
3 14 6
3 16 52
3 18 67
3 19 36
3 20 11
3 24 9
3 26 19
3 28 43
3 30 64
3 31 34
3 32 5
3 33 65
3 34 57
3 36 53
3 37 60
3 40 4
3 43 21
3 44 18
3 46 8
3 48 20
3 49 16
3 51 14
3 52 68
3 53 17
3 54 44
3 55 50
3 56 22
3 58 63
3 59 62
3 62 24
3 65 27
3 66 29
3 68 30
3 69 2
4 1 43
4 2 66
4 4 54
4 5 17
4 6 68
4 8 56
4 11 50
4 12 52
4 13 12
4 14 20
4 15 65
4 16 34
4 17 46
4 18 25
4 19 7
4 20 15
4 23 22
4 25 39
4 27 8
4 28 55
4 30 48
4 31 6
4 32 62
4 33 51
4 34 41
4 35 60
4 37 33
4 40 64
4 41 63
4 42 2
4 43 4
4 44 5
4 45 21
4 47 40
4 48 27
4 49 67
4 50 0
4 53 37
4 55 30
4 57 61
4 58 3
4 59 44
4 60 58
4 61 69
4 68 57
4 69 47
5 0 3
5 2 8
5 3 64
5 4 49
5 5 45
5 6 11
5 7 46
5 11 66
5 14 30
5 15 55
5 18 63
5 21 23
5 22 2
5 24 56
5 25 10
5 26 29
5 30 37
5 31 41
5 33 13
5 36 69
5 38 7
5 39 16
5 40 47
5 43 28
5 44 22
5 46 53
5 47 15
5 48 33
5 50 35
5 52 17
5 54 68
5 55 32
5 57 67
5 58 26
5 63 5
5 65 60
5 68 14
5 69 54
6 1 33
6 2 58
6 4 2
6 7 41
6 9 25
6 10 54
6 13 21
6 14 62
6 15 6
6 17 66
6 19 11
6 20 30
6 22 48
6 26 28
6 28 44
6 29 31
6 31 22
6 33 3
6 36 52
6 37 61
6 38 8
6 39 0
6 40 65
6 41 16
6 44 37
6 47 50
6 48 18
6 49 57
6 50 1
6 51 4
6 52 63
6 53 29
6 54 40
6 57 7
6 58 13
6 60 19
6 61 17
6 64 12
6 65 39
6 67 32
6 69 10
7 1 16
7 2 26
7 4 13
7 6 65
7 7 60
7 8 61
7 9 59
7 10 30
7 11 1
7 12 28
7 13 10
7 14 32
7 15 33
7 20 36
7 22 14
7 23 51
7 25 64
7 27 12
7 28 53
7 29 52
7 31 9
7 32 44
7 34 42
7 35 41
7 36 63
7 37 21
7 40 11
7 41 66
7 42 0
7 43 55
7 45 62
7 46 15
7 47 56
7 50 25
7 56 46
7 58 50
7 59 3
7 64 34
7 66 67
7 67 68
8 0 18
8 1 20
8 2 37
8 3 52
8 4 14
8 6 43
8 7 9
8 8 4
8 9 30
8 12 69
8 13 5
8 16 48
8 19 33
8 21 55
8 23 57
8 24 67
8 26 63
8 27 51
8 29 49
8 30 17
8 31 27
8 34 60
8 35 42
8 38 41
8 39 25
8 41 39
8 42 50
8 43 32
8 44 13
8 47 0
8 48 46
8 49 54
8 50 62
8 52 23
8 53 58
8 54 61
8 56 6
8 57 47
8 58 35
8 59 56
8 61 64
8 62 8
8 63 26
8 64 10
8 65 12
8 66 15
8 67 44
8 68 40
8 69 36
9 1 54
9 3 0
9 4 34
9 6 62
9 8 3
9 10 58
9 12 25
9 13 35
9 16 67
9 17 17
9 18 16
9 19 51
9 21 4
9 23 29
9 24 14
9 25 8
9 28 27
9 30 55
9 31 26
9 33 36
9 34 5
9 37 41
9 38 61
9 40 1
9 41 49
9 43 48
9 46 11
9 48 56
9 51 65
9 52 44
9 53 28
9 56 47
9 67 42
9 68 50
9 69 13
10 0 39
10 1 60
10 3 47
10 4 65
10 5 69
10 7 13
10 9 27
10 11 15
10 12 9
10 14 8
10 15 18
10 17 2
10 19 48
10 21 44
10 23 41
10 24 40
10 25 1
10 27 4
10 28 12
10 31 21
10 32 31
10 33 58
10 34 25
10 35 30
10 37 55
10 41 33
10 42 17
10 44 32
10 47 62
10 49 50
10 51 53
10 53 63
10 55 29
10 58 61
10 60 59
10 62 66
10 64 16
10 66 68
10 67 67
10 68 49
10 69 20
11 0 36
11 1 24
11 3 46
11 5 35
11 6 60
11 8 43
11 9 45
11 10 34
11 12 2
11 15 23
11 16 17
11 19 67
11 21 37
11 25 62
11 26 58
11 27 29
11 29 16
11 30 31
11 32 12
11 36 47
11 37 59
11 38 11
11 41 27
11 42 18
11 45 57
11 46 22
11 47 19
11 49 33
11 50 4
11 51 8
11 52 20
11 53 6
11 54 13
11 55 41
11 56 10
11 57 54
11 58 64
11 59 51
11 61 7
11 63 44
11 64 25
11 65 32
11 67 39
11 68 65
11 69 63
12 0 24
12 1 35
12 5 48
12 6 16
12 7 31
12 11 18
12 12 13
12 14 46
12 15 37
12 18 22
12 19 6
12 22 41
12 23 19
12 26 15
12 27 69
12 30 8
12 32 47
12 33 28
12 34 40
12 37 30
12 38 23
12 39 42
12 42 53
12 43 66
12 44 12
12 45 34
12 46 63
12 48 62
12 49 17
12 50 59
12 51 60
12 53 55
12 54 25
12 55 3
12 59 29
12 60 56
12 62 9
12 63 1
12 64 64
12 65 45
12 66 11
12 67 58
13 0 30
13 2 56
13 4 4
13 5 6
13 7 55
13 9 42
13 12 17
13 13 8
13 14 29
13 15 53
13 18 60
13 20 68
13 21 52
13 22 45
13 23 24
13 26 49
13 28 9
13 31 59
13 33 63
13 35 1
13 38 38
13 39 31
13 40 2
13 41 15
13 43 69
13 44 61
13 45 26
13 47 36
13 48 13
13 49 32
13 52 66
13 53 19
13 56 18
13 60 35
13 65 3
13 66 48
13 68 5
13 69 22
14 3 62
14 6 1
14 7 49
14 8 58
14 12 32
14 14 0
14 15 35
14 16 9
14 22 5
14 25 37
14 26 50
14 27 46
14 28 15
14 30 2
14 33 29
14 37 47
14 40 38
14 41 69
14 44 25
14 46 45
14 47 53
14 48 40
14 50 33
14 53 3
14 56 54
14 57 66
14 58 24
14 60 26
14 66 44
14 67 27
14 68 8
14 69 61
15 1 45
15 2 14
15 6 53
15 7 16
15 10 6
15 12 15
15 13 22
15 14 69
15 15 2
15 16 66
15 18 48
15 20 56
15 21 67
15 25 13
15 26 31
15 27 61
15 28 1
15 30 10
15 31 20
15 32 60
15 38 37
15 41 54
15 44 26
15 45 19
15 46 58
15 47 39
15 49 52
15 50 68
15 51 7
15 55 44
15 57 63
15 58 47
15 59 41
15 60 36
15 61 4
15 62 12
15 64 46
15 66 43
15 67 11
15 69 51
16 0 23
16 1 34
16 5 22
16 7 26
16 9 44
16 12 45
16 13 36
16 17 52
16 19 31
16 21 56
16 23 0
16 24 64
16 25 29
16 26 54
16 27 14
16 28 68
16 30 40
16 31 19
16 33 38
16 39 62
16 40 46
16 43 27
16 46 20
16 48 6
16 49 4
16 50 28
16 51 42
16 52 55
16 54 33
16 56 41
16 57 18
16 58 39
16 59 32
16 60 9
16 62 47
16 63 49
16 64 8
16 65 16
16 66 2
16 68 25
16 69 12
17 2 63
17 3 29
17 4 44
17 5 9
17 6 2
17 7 47
17 8 31
17 11 39
17 12 5
17 13 68
17 14 45
17 16 8
17 18 69
17 19 61
17 20 41
17 22 62
17 23 30
17 25 18
17 26 57
17 29 43
17 30 25
17 33 19
17 34 46
17 35 17
17 36 38
17 38 22
17 39 6
17 40 53
17 42 33
17 45 40
17 48 49
17 49 12
17 53 27
17 54 37
17 56 15
17 59 35
17 61 1
17 63 58
17 65 26
17 66 7
17 67 54
17 69 67
18 0 25
18 1 3
18 2 61
18 3 10
18 6 21
18 8 18
18 9 54
18 10 26
18 12 42
18 13 62
18 14 9
18 18 51
18 19 57
18 21 40
18 23 43
18 28 32
18 29 63
18 30 34
18 32 6
18 33 0
18 34 12
18 35 48
18 36 7
18 37 50
18 38 45
18 40 28
18 41 8
18 43 1
18 44 60
18 47 16
18 50 41
18 55 67
18 57 53
18 58 49
18 59 30
18 63 36
18 64 22
18 65 69
18 67 4
18 68 52
19 0 0
19 4 53
19 5 30
19 6 52
19 7 18
19 13 55
19 14 44
19 16 10
19 17 65
19 19 42
19 22 24
19 23 33
19 26 62
19 28 17
19 29 68
19 30 19
19 34 69
19 38 60
19 39 1
19 41 28
19 43 51
19 45 41
19 46 7
19 47 29
19 49 63
19 50 22
19 52 48
19 55 36
19 58 16
19 59 25
19 62 2
19 64 3
19 66 46
19 68 13
20 4 29
20 6 57
20 10 2
20 12 3
20 13 56
20 16 28
20 17 61
20 19 21
20 20 14
20 21 1
20 22 6
20 25 51
20 26 11
20 28 36
20 29 53
20 32 18
20 33 9
20 36 40
20 37 58
20 38 42
20 39 49
20 40 66
20 41 5
20 42 22
20 43 60
20 44 8
20 45 17
20 47 27
20 49 39
20 50 55
20 51 52
20 52 67
20 53 12
20 54 43
20 57 4
20 59 24
20 60 32
20 61 34
20 62 33
20 63 20
20 65 35
20 67 63
21 0 52
21 1 21
21 2 46
21 3 39
21 5 20
21 6 23
21 7 34
21 9 13
21 10 62
21 11 40
21 12 10
21 13 24
21 15 30
21 16 57
21 17 6
21 18 14
21 19 58
21 21 66
21 22 32
21 23 27
21 24 45
21 25 47
21 26 35
21 27 33
21 29 56
21 33 41
21 34 26
21 35 22
21 38 17
21 39 38
21 42 68
21 43 18
21 44 43
21 49 51
21 50 8
21 51 49
21 53 69
21 54 36
21 55 19
21 57 16
21 59 12
21 62 42
21 64 61
21 66 37
21 67 53
21 68 11
22 3 4
22 4 11
22 5 0
22 8 5
22 9 35
22 10 43
22 12 46
22 14 25
22 19 29
22 20 24
22 23 66
22 25 16
22 26 59
22 27 19
22 29 6
22 30 14
22 31 37
22 34 10
22 35 52
22 36 9
22 37 15
22 39 8
22 40 56
22 41 68
22 42 21
22 43 23
22 44 33
22 47 32
22 50 47
22 51 63
22 52 69
22 53 34
22 54 27
22 57 50
22 58 55
22 59 65
22 60 67
22 63 17
22 66 42
22 67 28
22 69 30
23 0 14
23 2 68
23 3 44
23 4 45
23 5 26
23 6 54
23 7 29
23 14 53
23 15 22
23 16 19
23 17 49
23 19 56
23 22 10
23 23 13
23 25 57
23 26 65
23 27 3
23 30 21
23 31 5
23 32 34
23 33 12
23 34 51
23 35 35
23 36 50
23 38 20
23 40 59
23 44 38
23 45 15
23 48 4
23 50 42
23 51 18
23 52 46
23 54 11
23 55 16
23 58 60
23 60 63
23 61 24
23 62 67
23 63 9
23 64 52
23 67 17
23 69 33
24 1 48
24 3 34
24 8 30
24 9 62
24 11 49
24 13 17
24 14 64
24 16 39
24 19 65
24 22 18
24 24 21
24 26 22
24 27 38
24 29 10
24 32 58
24 33 67
24 38 51
24 42 59
24 43 33
24 44 36
24 46 50
24 47 66
24 49 42
24 50 54
24 52 31
24 53 26
24 54 20
24 55 7
24 56 4
24 57 68
24 58 52
24 62 23
24 66 24
24 67 5
24 68 15
25 1 19
25 3 69
25 4 23
25 5 53
25 6 14
25 7 56
25 8 45
25 9 60
25 10 67
25 11 10
25 14 18
25 15 41
25 17 11
25 18 55
25 20 35
25 21 8
25 22 58
25 24 44
25 26 64
25 29 37
25 32 33
25 33 32
25 36 1
25 37 63
25 40 31
25 41 2
25 43 30
25 44 9
25 45 0
25 46 25
25 48 65
25 49 28
25 50 27
25 51 54
25 55 34
25 56 49
25 57 17
25 59 66
25 64 7
25 65 59
25 66 62
25 67 36
25 69 29
26 2 13
26 4 41
26 5 33
26 6 7
26 8 8
26 9 43
26 14 28
26 16 65
26 17 10
26 18 19
26 19 50
26 20 29
26 22 12
26 23 21
26 24 5
26 27 20
26 28 48
26 29 59
26 30 68
26 31 15
26 32 17
26 36 57
26 37 25
26 38 53
26 39 55
26 41 58
26 42 34
26 43 67
26 45 63
26 46 6
26 49 11
26 50 69
26 51 56
26 52 4
26 53 60
26 55 64
26 58 18
26 60 16
26 61 32
26 62 54
26 63 27
26 64 0
26 66 45
26 67 14
26 69 24
27 0 33
27 1 26
27 2 25
27 4 31
27 5 42
27 6 48
27 7 43
27 8 49
27 9 34
27 10 21
27 12 47
27 13 13
27 15 52
27 16 16
27 17 14
27 18 24
27 19 27
27 20 44
27 21 51
27 22 61
27 23 45
27 27 53
27 30 1
27 31 46
27 32 63
27 33 40
27 34 55
27 35 32
27 36 37
27 37 18
27 38 4
27 39 66
27 41 67
27 42 12
27 46 36
27 47 64
27 48 30
27 49 10
27 51 38
27 52 5
27 55 11
27 56 60
27 58 9
27 59 68
27 61 62
27 62 69
27 63 15
27 64 28
27 65 65
27 67 3
27 68 7
28 0 15
28 1 55
28 3 53
28 4 39
28 5 47
28 8 17
28 9 18
28 10 59
28 11 42
28 15 27
28 17 32
28 18 41
28 20 52
28 22 19
28 23 63
28 26 37
28 28 30
28 29 22
28 30 43
28 31 1
28 32 13
28 34 58
28 35 33
28 36 51
28 38 3
28 39 46
28 42 26
28 46 21
28 48 11
28 49 25
28 50 16
28 51 29
28 53 54
28 54 7
28 57 6
28 58 23
28 59 9
28 60 5
28 65 62
29 0 35
29 2 23
29 3 59
29 6 22
29 7 62
29 8 1
29 10 63
29 12 6
29 14 50
29 18 49
29 19 54
29 21 68
29 24 34
29 26 8
29 27 0
29 28 52
29 29 4
29 31 28
29 32 65
29 33 47
29 34 7
29 35 66
29 36 18
29 37 42
29 38 19
29 40 9
29 43 26
29 46 55
29 50 14
29 51 40
29 54 29
29 55 53
29 56 27
29 57 24
29 58 48
29 60 25
29 61 10
29 63 43
29 64 37
29 67 57
30 0 19
30 1 44
30 2 59
30 3 33
30 4 27
30 5 64
30 7 23
30 8 52
30 9 3
30 11 7
30 12 36
30 14 11
30 15 17
30 16 38
30 17 53
30 18 32
30 20 39
30 24 30
30 26 43
30 29 35
30 32 15
30 33 2
30 34 13
30 36 12
30 37 1
30 39 61
30 40 6
30 42 65
30 44 50
30 45 69
30 46 46
30 47 55
30 48 66
30 53 22
30 55 49
30 56 28
30 57 58
30 59 37
30 61 48
30 63 29
30 65 47
30 67 51
31 0 61
31 4 66
31 6 69
31 7 11
31 8 39
31 12 38
31 13 19
31 15 63
31 16 50
31 18 52
31 19 37
31 20 16
31 21 0
31 22 57
31 25 49
31 26 20
31 27 65
31 28 67
31 31 13
31 32 25
31 33 5
31 38 64
31 40 33
31 41 44
31 43 17
31 47 54
31 48 12
31 49 41
31 50 32
31 53 47
31 54 18
31 55 22
31 58 31
31 60 46
31 61 14
31 62 55
31 63 34
31 64 21
31 69 4
32 2 32
32 4 56
32 6 44
32 7 50
32 8 67
32 9 16
32 11 54
32 15 61
32 16 42
32 18 45
32 23 15
32 24 3
32 26 52
32 27 9
32 30 49
32 34 29
32 35 64
32 36 4
32 37 26
32 39 69
32 41 65
32 42 19
32 43 7
32 44 30
32 48 21
32 50 63
32 51 28
32 52 0
32 53 11
32 54 57
32 56 5
32 57 23
32 59 6
32 61 39
32 62 14
32 63 24
32 64 1
32 65 51
32 67 20
32 69 18
33 1 1
33 2 44
33 4 16
33 11 30
33 13 58
33 14 48
33 15 39
33 16 13
33 18 68
33 19 24
33 21 22
33 23 50
33 24 53
33 26 17
33 27 63
33 31 38
33 32 43
33 37 0
33 38 2
33 39 37
33 40 45
33 41 9
33 42 4
33 43 34
33 44 42
33 47 33
33 48 52
33 51 20
33 52 15
33 53 25
33 54 49
33 55 5
33 56 11
33 57 69
33 58 41
33 59 46
33 61 3
33 62 40
33 66 55
33 68 51
33 69 7
34 3 38
34 4 40
34 5 34
34 6 49
34 8 57
34 9 2
34 11 22
34 13 66
34 16 63
34 19 64
34 20 32
34 21 21
34 24 35
34 25 65
34 29 23
34 30 58
34 32 14
34 33 53
34 36 28
34 37 62
34 38 24
34 39 29
34 42 47
34 43 16
34 45 67
34 46 3
34 47 52
34 52 26
34 53 61
34 54 56
34 60 41
34 61 50
34 63 18
34 65 42
34 66 8
34 68 43
35 0 54
35 2 69
35 3 9
35 4 17
35 8 10
35 9 15
35 10 25
35 11 59
35 12 65
35 13 3
35 14 31
35 15 36
35 18 35
35 20 8
35 22 42
35 25 6
35 26 44
35 27 60
35 28 51
35 29 38
35 31 58
35 33 49
35 34 28
35 35 47
35 36 22
35 38 30
35 39 48
35 40 27
35 43 19
35 44 63
35 46 26
35 47 46
35 48 67
35 49 2
35 52 39
35 54 0
35 55 62
35 56 52
35 57 11
35 58 45
35 59 43
35 60 64
35 62 1
35 63 7
35 67 34
35 69 16
36 0 41
36 1 62
36 2 24
36 3 19
36 5 44
36 6 12
36 7 65
36 9 36
36 11 32
36 12 40
36 14 43
36 17 45
36 21 48
36 24 31
36 25 20
36 26 16
36 27 39
36 29 29
36 30 38
36 31 17
36 34 3
36 37 10
36 39 68
36 40 51
36 41 46
36 42 15
36 43 63
36 49 22
36 51 26
36 52 61
36 54 23
36 59 4
36 60 53
36 61 5
36 62 49
36 65 9
37 1 11
37 3 68
37 4 1
37 5 54
37 6 46
37 8 64
37 9 51
37 10 8
37 11 69
37 12 21
37 15 9
37 17 25
37 18 31
37 19 47
37 20 45
37 21 53
37 25 15
37 26 3
37 28 37
37 29 30
37 32 39
37 34 49
37 36 17
37 37 32
37 40 42
37 43 13
37 44 20
37 47 18
37 48 41
37 49 35
37 51 50
37 55 65
37 57 27
37 58 33
37 59 60
37 61 40
37 62 26
37 63 19
37 64 44
37 65 52
37 69 56
38 0 16
38 1 27
38 3 15
38 5 50
38 6 35
38 7 67
38 10 55
38 11 2
38 12 51
38 16 4
38 17 57
38 18 5
38 19 32
38 20 0
38 22 7
38 23 46
38 25 9
38 26 30
38 27 13
38 30 53
38 32 8
38 33 62
38 34 66
38 35 20
38 36 19
38 39 10
38 40 41
38 41 59
38 42 29
38 43 11
38 46 60
38 48 24
38 49 23
38 52 47
38 54 14
38 55 26
38 58 44
38 59 63
38 60 22
38 61 65
38 63 54
38 65 28
38 66 61
38 67 1
38 69 42
39 0 38
39 1 63
39 2 41
39 4 48
39 5 25
39 6 33
39 7 57
39 8 20
39 9 9
39 10 36
39 11 27
39 13 64
39 15 12
39 16 46
39 17 19
39 18 65
39 20 23
39 24 10
39 25 50
39 26 68
39 31 52
39 32 26
39 33 11
39 34 35
39 35 55
39 37 44
39 40 54
39 41 47
39 42 56
39 45 4
39 46 59
39 48 37
39 51 34
39 52 51
39 55 58
39 59 17
39 61 28
39 63 66
39 64 43
39 65 40
39 66 6
39 67 60
39 69 0
40 0 40
40 1 15
40 4 50
40 5 21
40 9 37
40 13 0
40 14 38
40 15 56
40 17 31
40 18 54
40 19 3
40 20 63
40 22 36
40 24 39
40 25 34
40 26 18
40 27 32
40 28 14
40 29 65
40 30 51
40 31 62
40 34 4
40 38 10
40 40 29
40 41 17
40 43 45
40 45 33
40 46 52
40 47 41
40 48 42
40 49 5
40 50 9
40 51 61
40 52 53
40 53 66
40 54 55
40 55 20
40 56 44
40 58 1
40 60 23
40 61 25
40 63 2
40 64 26
40 65 11
40 66 16
40 68 59
41 1 13
41 2 48
41 3 32
41 4 62
41 5 60
41 6 58
41 9 23
41 11 33
41 13 14
41 14 41
41 16 35
41 18 17
41 20 2
41 23 52
41 25 5
41 26 46
41 27 37
41 28 47
41 29 45
41 30 20
41 32 19
41 34 36
41 35 25
41 36 42
41 37 6
41 38 50
41 39 67
41 41 11
41 44 16
41 46 30
41 48 1
41 52 56
41 53 9
41 55 39
41 56 7
41 57 44
41 58 4
41 60 69
41 61 59
41 64 51
41 65 68
41 66 0
41 67 29
41 68 63
41 69 49
42 0 45
42 2 16
42 3 21
42 4 61
42 5 66
42 6 6
42 7 5
42 9 63
42 14 68
42 15 26
42 19 12
42 20 58
42 22 31
42 23 10
42 25 42
42 27 57
42 28 23
42 32 1
42 35 62
42 37 14
42 38 40
42 41 19
42 42 20
42 43 25
42 46 69
42 47 4
42 48 28
42 51 22
42 52 54
42 53 15
42 54 3
42 55 8
42 57 34
42 59 48
42 65 55
42 66 36
42 68 39
42 69 9
43 1 36
43 3 66
43 5 49
43 7 69
43 8 29
43 11 26
43 12 50
43 13 33
43 14 35
43 15 47
43 18 1
43 20 5
43 21 16
43 23 58
43 24 46
43 25 3
43 26 56
43 27 52
43 29 11
43 30 28
43 31 63
43 32 54
43 34 6
43 35 43
43 38 25
43 41 37
43 42 39
43 45 27
43 46 23
43 47 61
43 48 45
43 49 0
43 50 17
43 51 2
43 53 32
43 55 48
43 56 42
43 58 30
43 59 64
43 61 53
43 64 57
43 66 10
43 67 40
43 68 38
43 69 60
44 0 2
44 1 41
44 3 28
44 6 30
44 7 8
44 8 24
44 9 50
44 10 37
44 12 35
44 13 4
44 15 29
44 18 23
44 20 57
44 21 6
44 23 31
44 24 12
44 26 69
44 31 11
44 32 64
44 33 61
44 34 68
44 35 9
44 39 7
44 40 15
44 41 1
44 43 43
44 45 38
44 46 44
44 47 45
44 49 18
44 52 27
44 53 10
44 54 66
44 55 56
44 57 19
44 58 65
44 59 33
44 60 0
44 63 63
44 64 55
44 65 22
44 66 32
44 67 48
45 0 43
45 1 52
45 3 18
45 4 59
45 5 5
45 7 53
45 8 16
45 10 12
45 11 31
45 16 30
45 17 4
45 18 36
45 20 17
45 21 26
45 22 67
45 23 54
45 24 24
45 25 22
45 30 9
45 31 23
45 32 3
45 35 68
45 38 57
45 39 32
45 40 20
45 41 34
45 42 66
45 43 8
45 45 48
45 46 56
45 47 51
45 48 35
45 52 49
45 54 45
45 58 6
45 59 1
45 62 62
45 63 39
45 65 33
45 66 47
45 67 65
46 0 26
46 1 14
46 2 62
46 4 19
46 5 32
46 6 59
46 8 66
46 9 28
46 10 0
46 12 11
46 13 20
46 14 42
46 15 57
46 16 31
46 17 50
46 19 63
46 20 65
46 22 37
46 24 33
46 25 58
46 27 67
46 30 69
46 32 52
46 33 22
46 34 45
46 36 61
46 37 54
46 38 21
46 39 51
46 40 36
46 41 18
46 44 47
46 47 44
46 48 15
46 49 30
46 50 3
46 52 60
46 53 68
46 56 16
46 57 55
46 61 38
46 62 53
46 64 41
46 65 17
47 0 37
47 1 2
47 5 18
47 8 27
47 9 1
47 10 56
47 13 9
47 17 34
47 18 44
47 19 62
47 20 20
47 23 39
47 25 36
47 27 6
47 28 16
47 29 64
47 34 31
47 35 5
47 36 15
47 38 47
47 40 19
47 41 52
47 43 46
47 44 68
47 45 60
47 47 14
47 48 23
47 54 50
47 55 69
47 56 51
47 58 29
47 59 54
47 62 57
47 63 25
47 64 24
47 66 21
47 68 22
47 69 28
48 0 6
48 3 49
48 5 62
48 6 8
48 7 58
48 12 20
48 13 23
48 14 22
48 15 24
48 16 55
48 17 69
48 18 10
48 19 35
48 23 17
48 25 41
48 27 40
48 31 0
48 33 37
48 34 64
48 35 29
48 36 27
48 39 5
48 40 43
48 41 7
48 43 54
48 44 15
48 45 3
48 46 65
48 47 63
48 53 51
48 55 66
48 56 14
48 57 25
48 59 2
48 64 53
48 65 48
48 66 34
48 67 18
49 0 21
49 1 5
49 2 20
49 3 14
49 4 36
49 5 68
49 6 28
49 7 19
49 9 55
49 10 69
49 11 52
49 12 39
49 14 26
49 15 43
49 17 54
49 19 41
49 20 64
49 21 13
49 23 61
49 25 24
49 26 47
49 28 50
49 29 3
49 30 16
49 31 45
49 33 33
49 37 29
49 38 56
49 39 44
49 41 6
49 42 42
49 45 10
49 46 67
49 47 48
49 50 51
49 54 35
49 56 32
49 57 12
49 58 15
49 59 49
49 61 8
49 63 22
49 64 9
49 66 53
49 69 65
50 0 22
50 1 38
50 3 63
50 4 24
50 5 67
50 6 45
50 7 4
50 8 28
50 9 7
50 10 14
50 11 13
50 12 19
50 13 50
50 14 60
50 15 66
50 16 18
50 17 64
50 19 17
50 20 1
50 21 54
50 22 3
50 24 47
50 25 44
50 26 55
50 27 27
50 28 21
50 32 32
50 35 26
50 37 16
50 38 68
50 41 20
50 42 35
50 43 29
50 45 53
50 46 34
50 47 43
50 48 5
50 49 69
50 52 11
50 54 48
50 56 0
50 59 59
50 60 15
50 64 49
50 68 23
50 69 6
51 0 42
51 1 50
51 3 41
51 4 43
51 6 13
51 7 35
51 8 26
51 9 29
51 11 20
51 15 0
51 16 3
51 17 5
51 18 9
51 22 40
51 23 64
51 24 62
51 25 2
51 26 1
51 29 17
51 30 54
51 32 21
51 33 15
51 34 23
51 36 34
51 37 52
51 38 63
51 39 27
51 41 24
51 45 6
51 46 28
51 49 36
51 50 39
51 53 56
51 55 18
51 59 53
51 60 51
51 61 22
51 64 19
51 65 25
51 67 55
51 68 16
51 69 11
52 1 0
52 2 36
52 3 3
52 5 39
52 9 66
52 10 53
52 13 44
52 15 28
52 18 40
52 20 38
52 21 50
52 22 4
52 23 5
52 24 57
52 25 59
52 26 23
52 30 63
52 32 7
52 33 25
52 34 32
52 35 2
52 36 64
52 37 22
52 38 69
52 41 13
52 43 41
52 44 49
52 45 45
52 48 19
52 49 8
52 50 31
52 51 51
52 54 52
52 56 68
52 57 46
52 59 47
52 61 35
52 62 48
52 63 11
52 64 42
52 65 54
52 66 65
52 67 16
52 68 1
52 69 14
53 0 5
53 2 49
53 3 65
53 4 68
53 7 17
53 9 22
53 10 44
53 12 30
53 13 29
53 14 56
53 19 25
53 21 15
53 22 51
53 24 28
53 25 0
53 26 60
53 27 66
53 28 4
53 30 7
53 33 14
53 34 1
53 37 8
53 38 52
53 39 34
53 41 42
53 45 13
53 46 38
53 47 6
53 48 63
53 50 37
53 51 59
53 55 24
53 59 55
53 61 57
53 62 16
53 64 47
53 65 19
53 67 50
54 0 4
54 3 37
54 6 26
54 7 44
54 11 58
54 14 51
54 16 27
54 18 59
54 19 68
54 20 21
54 23 55
54 24 8
54 25 45
54 26 66
54 27 18
54 28 63
54 30 47
54 32 16
54 33 42
54 36 24
54 38 28
54 40 52
54 41 61
54 44 11
54 46 35
54 47 17
54 48 25
54 49 14
54 50 67
54 51 48
54 55 10
54 56 53
54 57 30
54 58 62
54 60 3
54 63 40
54 64 29
54 67 38
54 68 2
54 69 32
55 0 68
55 2 47
55 3 25
55 4 10
55 5 31
55 6 18
55 7 30
55 8 63
55 9 56
55 10 7
55 11 4
55 12 16
55 13 6
55 14 54
55 15 20
55 16 11
55 19 26
55 20 9
55 24 23
55 25 69
55 26 32
55 27 22
55 28 46
55 29 66
55 31 14
55 32 61
55 35 50
55 36 41
55 38 67
55 39 33
55 41 29
55 42 28
55 46 17
55 47 12
55 49 53
55 55 0
55 58 51
55 59 15
55 61 58
55 66 27
55 67 8
55 68 24
56 4 42
56 7 14
56 9 32
56 10 22
56 11 67
56 12 43
56 16 45
56 17 68
56 18 29
56 19 49
56 22 59
56 23 12
56 24 37
56 26 4
56 27 24
56 29 50
56 30 61
56 31 57
56 33 27
56 34 0
56 35 39
56 36 56
56 37 48
56 39 9
56 41 25
56 42 41
56 43 3
56 44 17
56 45 51
56 46 5
56 47 23
56 49 62
56 50 20
56 51 66
56 54 65
56 55 28
56 56 36
56 58 53
56 59 40
56 61 33
56 62 13
56 63 69
56 64 35
56 68 21
56 69 55
57 1 69
57 4 38
57 10 48
57 11 23
57 12 61
57 13 16
57 14 67
57 15 5
57 17 28
57 18 12
57 20 18
57 23 47
57 26 26
57 29 21
57 30 65
57 31 66
57 34 53
57 36 45
57 37 57
57 38 29
57 41 31
57 45 32
57 46 27
57 47 60
57 49 56
57 54 63
57 55 2
57 56 62
57 57 1
57 59 42
57 60 33
57 62 35
57 65 34
57 66 3
57 68 19
58 0 57
58 2 6
58 3 13
58 4 12
58 6 51
58 8 2
58 9 5
58 10 29
58 11 8
58 12 4
58 13 45
58 14 55
58 15 10
58 16 24
58 17 40
58 18 46
58 20 67
58 22 20
58 24 16
58 25 35
58 26 33
58 29 14
58 30 30
58 32 9
58 33 39
58 34 61
58 36 32
58 38 31
58 43 47
58 44 41
58 45 11
58 53 52
58 54 19
58 58 43
58 61 23
58 62 37
58 63 3
58 64 59
58 66 58
59 2 4
59 3 1
59 5 58
59 7 52
59 8 34
59 9 65
59 10 24
59 11 16
59 12 63
59 13 7
59 14 40
59 16 43
59 17 30
59 18 61
59 19 5
59 20 46
59 25 32
59 27 35
59 28 8
59 29 25
59 31 33
59 32 42
59 33 64
59 37 37
59 38 66
59 43 22
59 44 44
59 45 39
59 46 10
59 47 21
59 49 59
59 52 62
59 54 9
59 55 27
59 57 31
59 59 45
59 60 49
59 61 47
59 63 56
59 64 18
59 65 0
59 66 28
60 0 67
60 1 31
60 2 9
60 3 2
60 5 55
60 6 47
60 8 41
60 9 4
60 10 11
60 12 26
60 14 16
60 15 42
60 17 7
60 18 33
60 19 0
60 20 60
60 23 34
60 24 17
60 25 48
60 27 36
60 28 64
60 29 28
60 30 22
60 32 37
60 33 45
60 34 50
60 35 19
60 38 49
60 40 18
60 41 14
60 42 1
60 44 54
60 47 59
60 48 68
60 50 10
60 51 5
60 55 25
60 57 32
60 58 40
60 59 27
60 61 61
60 63 52
60 64 23
60 65 44
60 69 35
61 0 50
61 1 67
61 3 56
61 4 64
61 5 15
61 6 38
61 7 25
61 12 27
61 13 46
61 15 34
61 16 33
61 17 48
61 20 3
61 21 47
61 22 1
61 24 59
61 27 31
61 29 61
61 30 52
61 31 53
61 32 24
61 33 20
61 34 14
61 35 8
61 36 58
61 39 36
61 40 21
61 41 62
61 42 7
61 45 23
61 46 12
61 47 11
61 49 9
61 50 45
61 52 13
61 54 22
61 55 43
61 56 55
61 58 10
61 59 18
61 60 44
61 61 16
61 63 42
62 1 57
62 3 27
62 7 45
62 8 19
62 10 41
62 11 68
62 13 38
62 14 17
62 15 25
62 16 61
62 17 67
62 19 44
62 20 53
62 22 43
62 24 20
62 25 23
62 26 7
62 27 34
62 28 66
62 29 15
62 31 8
62 36 29
62 37 11
62 38 55
62 39 59
62 41 60
62 42 24
62 43 52
62 44 56
62 45 22
62 46 32
62 47 69
62 50 18
62 52 33
62 53 46
62 54 2
62 55 13
62 56 40
62 57 64
62 58 36
62 60 42
62 62 0
62 65 63
62 66 50
62 67 30
62 68 35
63 3 24
63 4 37
63 5 65
63 9 64
63 10 16
63 11 62
63 12 1
63 13 57
63 15 59
63 17 47
63 18 15
63 20 49
63 21 58
63 22 35
63 24 19
63 25 40
63 26 10
63 28 34
63 30 0
63 33 23
63 34 18
63 36 21
63 37 27
63 38 44
63 39 4
63 40 26
63 41 30
63 43 5
63 44 51
63 45 50
63 46 43
63 49 60
63 50 66
63 52 36
63 53 2
63 54 41
63 55 42
63 57 8
63 59 11
63 60 12
63 62 61
63 63 67
63 64 48
63 66 13
63 67 25
63 68 9
64 0 69
64 1 65
64 2 50
64 3 5
64 4 3
64 5 28
64 6 25
64 7 66
64 8 11
64 11 34
64 12 68
64 14 39
64 15 62
64 17 15
64 18 38
64 19 23
64 21 63
64 22 9
64 25 17
64 26 36
64 29 46
64 30 18
64 32 30
64 33 4
64 34 27
64 35 7
64 36 10
64 37 43
64 38 14
64 41 12
64 43 31
64 44 40
64 45 64
64 46 1
64 49 45
64 50 21
64 51 0
64 52 6
64 54 8
64 55 47
64 56 58
64 57 29
64 58 37
64 59 16
64 60 57
64 61 55
64 62 59
64 63 48
64 64 13
64 66 49
64 69 19
65 0 13
65 1 6
65 4 51
65 8 69
65 9 14
65 10 10
65 11 19
65 12 7
65 13 48
65 14 4
65 15 11
65 18 66
65 19 53
65 20 40
65 21 25
65 22 39
65 23 1
65 24 60
65 25 30
65 26 34
65 27 68
65 28 18
65 30 33
65 31 2
65 33 52
65 34 63
65 35 16
65 38 27
65 39 65
65 40 61
65 41 35
65 42 44
65 43 36
65 44 3
65 45 49
65 46 42
65 47 20
65 48 32
65 49 15
65 50 23
65 51 45
65 53 5
65 54 47
65 56 67
65 57 38
65 59 50
65 60 24
65 61 21
65 62 29
65 63 0
65 65 46
65 66 56
65 67 43
65 68 26
65 69 64
66 2 29
66 3 6
66 4 18
66 6 32
66 7 21
66 9 8
66 10 45
66 11 57
66 12 67
66 15 7
66 18 28
66 19 10
66 20 22
66 25 25
66 26 61
66 27 11
66 28 65
66 29 13
66 30 42
66 31 40
66 32 49
66 37 4
66 38 15
66 41 55
66 42 58
66 44 69
66 45 5
66 47 3
66 48 9
66 50 36
66 51 24
66 52 2
66 53 59
66 54 46
66 56 31
66 57 14
66 58 19
66 59 52
66 60 48
66 61 26
66 62 44
66 63 62
66 66 17
66 67 33
66 68 0
66 69 34
67 0 64
67 1 22
67 2 67
67 4 46
67 12 59
67 14 12
67 16 36
67 18 18
67 20 61
67 24 15
67 25 28
67 28 40
67 30 66
67 31 32
67 33 10
67 34 8
67 36 6
67 37 5
67 38 65
67 39 14
67 40 35
67 41 53
67 44 45
67 45 44
67 49 49
67 50 19
67 51 62
67 52 25
67 53 33
67 55 37
67 56 30
67 57 3
67 59 38
67 62 4
67 67 31
67 68 60
67 69 58
68 0 60
68 2 57
68 4 58
68 7 54
68 9 52
68 10 15
68 13 26
68 15 31
68 17 33
68 18 39
68 20 25
68 21 29
68 22 65
68 23 38
68 25 67
68 26 53
68 27 48
68 28 19
68 29 7
68 30 46
68 32 51
68 33 16
68 36 62
68 37 2
68 38 59
68 42 32
68 43 9
68 45 43
68 46 24
68 47 47
68 49 55
68 50 30
68 51 11
68 52 34
68 53 13
68 55 68
68 56 8
68 59 20
68 61 42
68 62 50
68 65 6
68 66 5
68 67 21
69 0 56
69 4 0
69 9 61
69 10 49
69 14 33
69 15 68
69 19 22
69 20 4
69 21 62
69 25 46
69 26 5
69 27 41
69 28 24
69 29 19
69 31 18
69 32 55
69 33 43
69 35 10
69 39 15
69 44 23
69 45 37
69 47 31
69 48 3
69 50 52
69 52 40
69 53 42
69 54 6
69 55 17
69 57 20
69 58 69
69 60 60
69 62 63
69 66 35
69 67 13
