70
0 0 57
0 1 49
0 2 43
0 3 66
0 4 68
0 5 24
0 6 1
0 7 52
0 8 38
0 9 28
0 10 19
0 12 34
0 13 50
0 14 26
0 16 69
0 17 7
0 18 46
0 20 14
0 21 33
0 22 20
0 23 32
0 24 56
0 25 42
0 27 35
0 29 55
0 30 47
0 31 29
0 32 53
0 34 27
0 35 17
0 36 59
0 37 15
0 38 51
0 39 62
0 40 21
0 41 36
0 42 25
0 46 30
0 47 23
0 48 61
0 49 6
0 50 37
0 52 22
0 53 16
0 55 4
0 58 5
0 59 58
0 60 54
0 61 40
0 62 65
0 63 41
0 64 18
0 65 44
0 67 31
0 68 9
0 69 60
1 0 26
1 1 46
1 2 18
1 3 8
1 4 47
1 5 14
1 6 49
1 7 38
1 9 24
1 10 64
1 11 57
1 12 37
1 14 45
1 15 19
1 17 1
1 18 32
1 19 0
1 20 68
1 21 21
1 22 50
1 23 29
1 25 25
1 26 66
1 27 36
1 28 17
1 29 48
1 30 34
1 31 53
1 32 7
1 33 20
1 35 43
1 36 63
1 37 51
1 41 59
1 42 54
1 43 28
1 45 6
1 46 52
1 49 30
1 50 55
1 51 31
1 52 33
1 54 44
1 55 65
1 56 3
1 57 35
1 58 16
1 59 12
1 60 39
1 61 60
1 62 23
1 63 2
1 64 9
1 65 27
1 66 61
1 67 41
1 68 22
1 69 15
2 1 1
2 2 46
2 3 47
2 4 35
2 5 25
2 6 31
2 7 37
2 8 59
2 9 43
2 11 39
2 14 63
2 15 27
2 16 64
2 17 38
2 18 66
2 19 56
2 20 11
2 21 6
2 23 5
2 24 52
2 25 32
2 27 42
2 28 8
2 30 9
2 31 62
2 32 50
2 34 2
2 35 33
2 36 26
2 38 57
2 41 34
2 42 58
2 43 41
2 44 23
2 46 44
2 47 29
2 48 30
2 50 3
2 51 67
2 52 36
2 53 14
2 54 28
2 55 20
2 56 12
2 57 7
2 58 4
2 59 13
2 61 16
2 63 54
2 66 60
2 69 18
3 0 4
3 1 9
3 2 54
3 4 36
3 5 56
3 6 60
3 7 61
3 8 21
3 10 31
3 13 64
3 14 69
3 15 17
3 17 44
3 18 48
3 19 2
3 21 58
3 23 63
3 24 43
3 25 27
3 26 15
3 27 22
3 29 32
3 30 46
3 31 50
3 32 14
3 36 29
3 37 20
3 40 41
3 41 16
3 42 13
3 43 18
3 44 67
3 45 38
3 46 7
3 47 45
3 48 37
3 49 66
3 50 5
3 52 3
3 53 47
3 54 0
3 55 19
3 58 1
3 59 59
3 60 62
3 61 23
3 62 40
3 63 42
3 64 34
3 65 33
3 66 65
3 67 35
3 68 53
3 69 39
4 0 8
4 1 52
4 2 38
4 3 1
4 4 30
4 5 61
4 6 0
4 8 60
4 9 5
4 10 66
4 12 18
4 14 48
4 15 59
4 16 4
4 17 42
4 18 50
4 19 46
4 21 28
4 23 40
4 24 54
4 25 7
4 26 41
4 27 12
4 28 16
4 30 23
4 31 9
4 33 21
4 34 63
4 35 19
4 36 15
4 38 29
4 39 58
4 41 24
4 42 6
4 43 14
4 44 26
4 45 45
4 46 2
4 47 43
4 48 62
4 51 64
4 52 68
4 53 57
4 54 47
4 55 17
4 56 34
4 57 10
4 58 22
4 60 20
4 61 51
4 62 56
4 64 11
4 66 27
4 67 32
4 68 69
4 69 44
5 0 24
5 1 5
5 2 34
5 3 9
5 5 53
5 6 19
5 7 60
5 9 47
5 10 44
5 12 59
5 13 32
5 15 63
5 18 10
5 19 31
5 20 1
5 21 3
5 22 39
5 23 62
5 26 35
5 27 69
5 29 15
5 32 4
5 33 6
5 34 16
5 36 42
5 37 14
5 38 36
5 39 8
5 42 46
5 43 11
5 47 66
5 49 18
5 50 29
5 52 37
5 54 27
5 56 68
5 57 51
5 58 21
5 59 67
5 60 7
5 61 61
5 63 26
5 64 56
5 65 13
5 66 49
5 69 40
6 0 16
6 1 36
6 2 50
6 3 39
6 4 53
6 6 48
6 7 35
6 8 46
6 9 15
6 12 64
6 13 21
6 14 14
6 15 23
6 16 59
6 17 8
6 20 37
6 21 7
6 22 27
6 23 56
6 24 25
6 25 52
6 26 63
6 27 29
6 29 62
6 30 18
6 31 58
6 32 55
6 33 4
6 34 54
6 35 13
6 36 66
6 37 44
6 39 43
6 40 57
6 41 20
6 42 11
6 43 2
6 44 32
6 45 61
6 46 9
6 47 1
6 48 17
6 49 38
6 51 28
6 52 30
6 53 34
6 54 67
6 56 40
6 57 65
6 58 49
6 60 68
6 61 24
6 63 69
6 64 41
6 65 19
6 66 47
6 67 22
7 2 49
7 3 45
7 5 18
7 6 21
7 8 8
7 9 64
7 10 0
7 12 62
7 13 15
7 14 27
7 16 57
7 18 43
7 19 1
7 20 55
7 21 4
7 22 12
7 23 30
7 25 39
7 26 33
7 28 56
7 29 19
7 30 60
7 31 7
7 32 48
7 33 67
7 34 69
7 35 14
7 36 61
7 37 2
7 38 53
7 41 66
7 42 47
7 43 37
7 47 25
7 48 10
7 49 41
7 52 29
7 54 16
7 55 40
7 57 23
7 58 26
7 60 32
7 62 11
7 64 22
7 65 68
7 66 20
7 67 51
8 0 68
8 1 39
8 2 69
8 3 10
8 4 33
8 6 43
8 7 7
8 8 42
8 9 14
8 10 60
8 11 63
8 12 8
8 13 0
8 14 20
8 15 9
8 17 34
8 20 48
8 21 15
8 22 38
8 23 18
8 24 35
8 25 37
8 26 32
8 27 25
8 28 57
8 29 46
8 30 11
8 31 56
8 32 24
8 34 23
8 35 52
8 37 12
8 38 64
8 39 51
8 40 47
8 41 2
8 42 26
8 43 5
8 44 29
8 45 1
8 46 6
8 48 3
8 49 59
8 50 67
8 51 53
8 52 62
8 53 44
8 54 13
8 55 31
8 56 28
8 57 49
8 58 36
8 59 40
8 60 19
8 61 30
8 62 41
8 63 22
8 64 66
8 65 65
8 66 16
8 68 17
8 69 27
9 1 27
9 2 5
9 3 56
9 4 31
9 5 6
9 6 65
9 8 48
9 9 10
9 11 61
9 12 43
9 13 2
9 14 7
9 15 24
9 16 42
9 17 66
9 19 23
9 20 16
9 23 68
9 24 4
9 25 15
9 26 17
9 27 39
9 28 58
9 30 54
9 31 38
9 32 37
9 33 14
9 34 55
9 35 11
9 38 9
9 39 47
9 41 45
9 42 41
9 43 26
9 44 52
9 45 21
9 46 0
9 47 59
9 48 57
9 50 53
9 51 49
9 52 1
9 54 30
9 55 63
9 56 33
9 57 34
9 58 8
9 60 3
9 61 69
9 62 18
9 63 32
9 65 51
9 66 40
9 67 13
9 69 46
10 0 36
10 2 52
10 3 68
10 5 35
10 6 18
10 7 22
10 9 21
10 11 64
10 12 40
10 13 17
10 15 57
10 16 34
10 17 62
10 18 28
10 19 5
10 20 31
10 22 67
10 23 15
10 24 13
10 25 19
10 26 7
10 27 11
10 28 9
10 31 12
10 32 41
10 34 8
10 35 26
10 36 32
10 38 60
10 39 59
10 40 29
10 41 55
10 42 14
10 43 54
10 44 43
10 45 46
10 46 3
10 47 2
10 48 0
10 50 25
10 51 42
10 52 27
10 53 39
10 54 38
10 55 48
10 56 1
10 57 24
10 58 51
10 62 33
10 65 53
10 66 66
10 67 56
10 69 6
11 0 11
11 1 8
11 2 53
11 3 60
11 5 65
11 6 26
11 7 58
11 9 33
11 10 48
11 11 20
11 12 55
11 15 25
11 16 7
11 17 24
11 19 3
11 20 54
11 21 44
11 25 13
11 26 38
11 27 4
11 28 30
11 29 45
11 30 16
11 31 69
11 32 35
11 33 36
11 35 28
11 36 49
11 37 61
11 38 59
11 39 66
11 41 14
11 43 32
11 44 68
11 45 47
11 46 46
11 47 17
11 48 18
11 49 52
11 51 63
11 52 12
11 53 6
11 54 42
11 55 41
11 56 39
11 57 0
11 58 56
11 60 43
11 62 51
11 63 19
11 64 31
11 65 64
11 66 67
11 67 23
11 68 34
11 69 50
12 0 13
12 1 69
12 2 42
12 3 3
12 4 46
12 5 12
12 6 67
12 7 43
12 8 26
12 9 60
12 10 29
12 12 48
12 13 39
12 14 38
12 16 2
12 17 53
12 18 22
12 20 19
12 21 41
12 23 58
12 24 24
12 25 4
12 28 59
12 29 68
12 30 45
12 31 32
12 32 25
12 33 34
12 35 8
12 36 20
12 37 10
12 38 62
12 39 30
12 40 33
12 41 5
12 42 1
12 44 40
12 45 28
12 46 18
12 47 27
12 48 50
12 49 11
12 50 47
12 51 0
12 52 16
12 53 55
12 54 51
12 55 14
12 56 23
12 57 21
12 58 31
12 61 36
12 62 35
12 64 64
12 65 56
12 66 63
12 67 7
13 0 25
13 1 23
13 2 16
13 3 50
13 4 18
13 5 28
13 6 56
13 7 27
13 8 45
13 10 41
13 11 55
13 12 38
13 13 9
13 14 12
13 15 3
13 17 29
13 18 34
13 19 11
13 20 69
13 21 0
13 22 59
13 23 65
13 24 14
13 26 5
13 29 58
13 31 39
13 32 46
13 33 24
13 35 51
13 37 37
13 38 44
13 39 67
13 40 40
13 41 53
13 42 31
13 44 33
13 45 22
13 46 19
13 48 52
13 49 47
13 51 68
13 52 42
13 53 13
13 55 57
13 56 66
13 57 4
13 59 7
13 60 64
13 61 48
13 62 54
13 63 8
13 67 15
13 68 20
13 69 43
14 0 7
14 1 4
14 3 24
14 4 15
14 5 1
14 6 40
14 7 28
14 8 56
14 9 46
14 11 18
14 12 53
14 13 19
14 14 65
14 15 13
14 16 41
14 17 16
14 19 8
14 20 66
14 21 55
14 22 49
14 23 3
14 24 29
14 25 54
14 26 12
14 27 30
14 28 47
14 29 59
14 30 5
14 31 36
14 32 6
14 34 14
14 35 10
14 36 27
14 37 58
14 38 69
14 39 32
14 40 25
14 41 23
14 42 9
14 44 51
14 45 50
14 46 33
14 47 64
14 48 39
14 50 21
14 51 60
14 52 31
14 53 20
14 55 68
14 56 45
14 59 43
14 61 2
14 62 44
14 63 57
14 64 63
14 65 37
14 68 48
15 0 2
15 1 19
15 2 44
15 4 22
15 5 59
15 8 27
15 10 37
15 15 61
15 16 65
15 17 55
15 18 41
15 19 21
15 21 5
15 22 7
15 23 43
15 24 17
15 25 45
15 26 3
15 27 40
15 28 13
15 29 28
15 30 42
15 33 16
15 35 66
15 36 64
15 37 67
15 41 12
15 42 51
15 43 33
15 44 49
15 46 15
15 47 39
15 48 11
15 49 14
15 50 69
15 51 23
15 52 24
15 53 48
15 54 35
15 56 46
15 57 56
15 58 9
15 59 36
15 60 38
15 61 63
15 62 8
15 63 20
15 64 50
15 65 26
15 66 29
15 68 31
15 69 47
16 0 23
16 1 68
16 2 58
16 3 53
16 4 44
16 5 64
16 6 16
16 7 51
16 8 15
16 10 52
16 11 48
16 12 41
16 13 18
16 14 1
16 15 30
16 16 66
16 19 26
16 20 36
16 23 20
16 24 60
16 27 10
16 30 49
16 31 54
16 32 42
16 33 31
16 35 67
16 36 34
16 37 33
16 38 12
16 39 0
16 41 4
16 42 21
16 43 57
16 44 38
16 45 3
16 47 7
16 48 27
16 49 45
16 51 69
16 52 61
16 53 65
16 54 50
16 55 24
16 57 5
16 58 39
16 60 29
16 61 62
16 62 25
16 63 43
16 65 11
16 66 28
16 67 19
16 68 6
16 69 22
17 0 12
17 4 42
17 6 27
17 7 13
17 9 63
17 10 4
17 11 68
17 12 54
17 14 23
17 15 1
17 16 17
17 17 52
17 19 67
17 21 9
17 22 25
17 24 16
17 28 28
17 30 57
17 31 30
17 32 2
17 33 48
17 34 65
17 35 56
17 36 46
17 37 38
17 38 3
17 39 6
17 40 45
17 42 49
17 43 8
17 44 34
17 45 39
17 46 66
17 47 22
17 48 19
17 49 26
17 50 31
17 51 47
17 52 11
17 53 29
17 54 14
17 55 5
17 56 43
17 58 35
17 59 53
17 60 50
17 63 58
17 64 44
17 65 62
17 66 41
17 67 33
17 68 37
17 69 64
18 0 41
18 2 56
18 3 18
18 5 48
18 6 11
18 8 66
18 9 57
18 10 62
18 11 31
18 12 28
18 13 51
18 14 6
18 15 38
18 16 50
18 17 19
18 18 9
18 19 45
18 20 49
18 21 2
18 22 52
18 24 20
18 25 63
18 26 36
18 27 68
18 28 26
18 29 30
18 30 44
18 31 4
18 33 61
18 34 67
18 35 16
18 38 55
18 39 7
18 40 14
18 41 27
18 42 22
18 43 43
18 44 39
18 45 33
18 46 1
18 47 10
18 50 17
18 51 35
18 52 58
18 53 8
18 54 23
18 55 21
18 56 24
18 57 47
18 58 54
18 59 0
18 60 59
18 61 29
18 63 46
18 64 37
18 65 12
18 66 5
18 67 53
18 68 42
18 69 3
19 1 15
19 2 36
19 3 51
19 4 40
19 5 37
19 6 50
19 7 11
19 8 44
19 9 55
19 10 6
19 11 7
19 12 32
19 13 42
19 14 4
19 16 28
19 19 62
19 20 60
19 21 45
19 22 23
19 23 19
19 24 69
19 25 2
19 26 16
19 28 18
19 29 9
19 31 5
19 32 43
19 33 35
19 35 1
19 37 27
19 38 66
19 39 12
19 40 26
19 41 58
19 42 30
19 43 21
19 44 24
19 45 52
19 47 38
19 49 57
19 50 68
19 54 8
19 55 29
19 56 47
19 57 14
19 58 25
19 60 41
19 61 59
19 62 22
19 63 67
19 64 46
19 65 3
19 66 10
19 67 17
19 68 0
19 69 20
20 0 5
20 2 9
20 3 20
20 4 63
20 5 30
20 6 37
20 7 54
20 8 55
20 9 45
20 10 46
20 11 58
20 12 26
20 13 57
20 14 3
20 15 4
20 16 12
20 17 22
20 18 51
20 20 59
20 21 61
20 22 47
20 23 39
20 24 32
20 26 25
20 28 0
20 29 66
20 30 27
20 31 10
20 32 67
20 33 42
20 34 17
20 35 35
20 36 7
20 38 14
20 39 69
20 40 13
20 42 36
20 43 64
20 44 2
20 46 31
20 47 40
20 48 41
20 49 33
20 51 48
20 52 43
20 53 19
20 54 68
20 55 44
20 56 21
20 57 11
20 60 28
20 61 34
20 62 50
20 63 56
20 64 29
20 65 38
20 66 15
20 67 8
20 68 65
20 69 1
21 1 37
21 2 40
21 3 69
21 4 20
21 6 13
21 7 10
21 8 12
21 9 50
21 10 32
21 11 46
21 12 29
21 13 16
21 15 43
21 16 53
21 17 49
21 19 27
21 20 61
21 21 60
21 22 56
21 23 59
21 24 65
21 25 18
21 26 67
21 27 21
21 29 34
21 30 22
21 31 68
21 33 54
21 34 66
21 36 31
21 37 4
21 38 15
21 40 17
21 41 8
21 43 62
21 45 41
21 46 64
21 48 36
21 49 39
21 50 7
21 51 19
21 52 9
21 53 51
21 54 52
21 55 47
21 56 25
21 58 11
21 59 5
21 60 23
21 62 48
21 63 28
21 65 42
21 66 58
21 68 2
21 69 33
22 0 54
22 1 21
22 2 48
22 3 36
22 5 67
22 8 0
22 9 12
22 10 27
22 11 23
22 12 3
22 13 53
22 14 42
22 15 29
22 16 62
22 17 40
22 19 38
22 20 8
22 21 1
22 22 66
22 24 50
22 25 55
22 26 11
22 27 47
22 28 60
22 29 17
22 30 14
22 31 2
22 32 19
22 33 56
22 34 39
22 35 44
22 36 52
22 37 26
22 38 20
22 39 46
22 40 59
22 41 15
22 42 18
22 43 7
22 44 22
22 46 25
22 47 37
22 48 24
22 49 9
22 50 43
22 51 32
22 53 10
22 54 49
22 56 6
22 57 57
22 60 51
22 61 35
22 62 68
22 63 61
22 64 33
22 65 45
22 67 16
22 68 58
23 0 46
23 1 43
23 2 19
23 3 15
23 4 56
23 5 22
23 6 14
23 7 12
23 8 30
23 9 27
23 13 40
23 14 32
23 15 2
23 16 8
23 17 0
23 18 36
23 20 10
23 22 31
23 23 57
23 24 38
23 25 50
23 27 60
23 28 3
23 29 5
23 30 68
23 31 35
23 32 51
23 33 39
23 34 33
23 35 21
23 36 47
23 37 18
23 39 11
23 40 42
23 41 64
23 42 62
23 43 29
23 45 34
23 48 9
23 49 48
23 50 44
23 53 24
23 54 25
23 55 23
23 56 16
23 57 54
23 58 59
23 59 41
23 62 58
23 64 1
23 65 7
23 66 6
23 67 49
23 68 55
23 69 53
24 0 30
24 2 21
24 3 4
24 4 25
24 5 26
24 6 41
24 7 31
24 8 17
24 10 49
24 11 1
24 12 10
24 13 28
24 14 9
24 15 44
24 16 45
24 18 2
24 19 40
24 22 3
24 24 22
24 25 11
24 27 65
24 28 48
24 29 14
24 30 13
24 33 33
24 35 20
24 37 68
24 38 8
24 39 29
24 40 56
24 41 37
24 43 23
24 44 55
24 45 51
24 46 47
24 48 59
24 49 53
24 51 24
24 53 61
24 54 58
24 56 38
24 57 19
24 58 66
24 59 15
24 60 52
24 62 64
24 63 7
24 66 54
24 67 42
24 68 67
25 0 32
25 1 33
25 3 44
25 4 64
25 5 31
25 8 52
25 9 3
25 11 22
25 12 56
25 13 66
25 14 18
25 15 15
25 16 38
25 17 41
25 18 67
25 19 25
25 20 24
25 21 29
25 22 0
25 23 55
25 24 58
25 25 69
25 26 39
25 27 50
25 28 7
25 30 1
25 31 21
25 32 59
25 35 12
25 36 36
25 38 48
25 39 27
25 40 49
25 41 46
25 42 42
25 45 16
25 47 19
25 48 23
25 49 2
25 50 9
25 51 6
25 52 47
25 53 4
25 54 53
25 55 11
25 57 28
25 58 60
25 59 10
25 60 65
25 61 54
25 64 43
25 65 17
25 66 8
25 67 61
25 68 35
25 69 62
26 0 50
26 1 28
26 2 47
26 3 67
26 4 19
26 5 58
26 6 64
26 8 13
26 9 6
26 10 38
26 12 27
26 13 26
26 15 66
26 16 37
26 18 61
26 19 4
26 20 22
26 21 63
26 22 15
26 24 11
26 26 68
26 27 34
26 28 12
26 29 52
26 30 3
26 32 62
26 33 29
26 34 59
26 35 30
26 36 23
26 37 43
26 38 5
26 39 48
26 40 16
26 42 65
26 43 31
26 44 42
26 47 14
26 48 46
26 51 56
26 52 35
26 54 45
26 56 51
26 57 41
26 58 33
26 59 20
26 60 53
26 61 39
26 62 69
26 64 54
26 65 10
26 68 1
27 1 47
27 2 57
27 3 54
27 4 55
27 5 52
27 6 10
27 7 64
27 8 6
27 11 49
27 12 7
27 14 46
27 15 21
27 16 48
27 18 65
27 20 34
27 21 35
27 22 11
27 23 42
27 24 41
27 25 36
27 27 53
27 30 20
27 33 62
27 34 0
27 35 58
27 36 22
27 37 5
27 39 60
27 40 69
27 41 61
27 42 15
27 43 39
27 44 56
27 45 59
27 46 51
27 48 67
27 49 19
27 50 4
27 51 1
27 52 32
27 53 68
27 56 26
27 57 13
27 58 43
27 61 38
27 62 24
27 63 40
27 64 23
27 66 18
27 69 37
28 0 59
28 1 14
28 2 3
28 3 32
28 4 16
28 5 51
28 6 30
28 7 6
28 9 42
28 11 50
28 13 38
28 14 54
28 15 46
28 16 56
28 17 58
28 19 22
28 20 9
28 21 24
28 22 45
28 23 41
28 26 23
28 27 57
28 28 43
28 29 63
28 31 26
28 32 27
28 33 25
28 34 47
28 35 15
28 37 7
28 38 17
28 39 21
28 40 8
28 41 31
28 42 34
28 43 12
28 44 1
28 47 62
28 50 20
28 51 39
28 52 40
28 53 35
28 55 53
28 56 13
28 57 2
28 58 18
28 59 60
28 60 49
28 61 10
28 64 67
28 65 48
28 68 68
28 69 28
29 0 39
29 2 26
29 3 17
29 5 50
29 6 44
29 7 0
29 8 23
29 9 65
29 11 19
29 12 63
29 13 22
29 14 13
29 15 7
29 16 43
29 17 5
29 18 68
29 19 34
29 20 33
29 21 51
29 23 52
29 24 9
29 25 40
29 26 49
29 27 16
29 28 15
29 29 35
29 30 25
29 31 42
29 32 29
29 33 32
29 37 56
29 38 46
29 39 61
29 40 4
29 41 38
29 42 48
29 43 6
29 44 47
29 45 11
29 46 60
29 47 55
29 48 1
29 49 54
29 50 24
29 51 59
29 53 69
29 54 31
29 55 62
29 56 67
29 57 45
29 58 30
29 59 18
29 60 66
29 61 3
29 62 28
29 63 27
29 64 57
29 65 58
29 66 2
29 69 8
30 0 38
30 1 65
30 2 2
30 3 0
30 4 26
30 6 6
30 7 49
30 8 10
30 9 62
30 10 25
30 11 8
30 12 67
30 13 23
30 14 37
30 16 15
30 17 60
30 19 29
30 20 42
30 21 69
30 22 16
30 24 59
30 25 64
30 26 18
30 27 43
30 28 44
30 29 51
30 30 36
30 32 3
30 33 17
30 34 34
30 35 63
30 36 48
30 37 57
30 38 47
30 39 4
30 40 1
30 43 9
30 44 30
30 45 7
30 46 22
30 47 58
30 48 14
30 51 20
30 52 46
30 53 31
30 54 12
30 55 56
30 56 54
30 57 53
30 58 32
30 59 28
30 60 5
30 61 68
30 62 19
30 63 24
30 64 13
30 65 50
30 66 11
30 67 52
31 1 26
31 3 65
31 4 49
31 5 63
31 7 53
31 9 30
31 11 51
31 12 36
31 13 52
31 15 11
31 16 60
31 17 10
31 18 6
31 19 55
31 20 41
31 21 8
31 22 58
31 23 9
31 24 48
31 25 68
31 26 20
31 27 46
31 28 38
31 29 44
31 30 61
31 31 43
31 33 5
31 35 27
31 36 67
31 38 45
31 39 18
31 40 54
31 41 29
31 42 64
31 43 16
31 44 4
31 45 56
31 46 34
31 47 69
31 48 40
31 51 57
31 52 25
31 53 59
31 55 39
31 56 31
31 57 42
31 58 28
31 59 24
31 60 2
31 61 47
31 63 15
31 64 62
31 65 23
31 66 17
31 67 0
31 69 19
32 0 15
32 1 58
32 3 2
32 4 69
32 5 68
32 7 26
32 8 1
32 9 18
32 10 9
32 11 38
32 12 25
32 13 47
32 14 30
32 15 33
32 16 16
32 18 40
32 19 24
32 20 7
32 21 17
32 22 43
32 24 12
32 26 19
32 27 28
32 29 11
32 30 39
32 32 64
32 33 22
32 34 52
32 35 36
32 37 50
32 38 13
32 39 31
32 40 20
32 41 35
32 42 67
32 43 27
32 44 61
32 45 66
32 46 63
32 47 32
32 48 6
32 49 46
32 50 51
32 51 5
32 52 0
32 53 21
32 54 65
32 55 45
32 56 56
32 57 48
32 58 37
32 59 8
32 60 57
32 61 53
32 62 29
32 63 34
32 67 59
32 68 4
32 69 41
33 0 31
33 1 66
33 2 11
33 3 34
33 5 15
33 7 57
33 8 43
33 9 9
33 10 20
33 11 59
33 13 61
33 15 49
33 16 13
33 17 12
33 18 53
33 19 69
33 20 39
33 21 26
33 22 1
33 23 48
33 24 23
33 26 29
33 27 64
33 28 4
33 32 36
33 33 46
33 34 32
33 35 41
33 36 37
33 37 52
33 38 33
33 39 2
33 40 22
33 41 47
33 42 24
33 43 25
33 44 7
33 45 68
33 46 38
33 47 30
33 49 56
33 51 54
33 52 10
33 54 55
33 56 58
33 58 17
33 60 16
33 61 18
33 62 67
33 63 6
33 64 3
33 65 5
33 66 14
33 68 19
33 69 45
34 0 29
34 2 41
34 3 40
34 4 43
34 6 20
34 7 45
34 8 32
34 9 1
34 10 34
34 11 27
34 12 19
34 13 62
34 14 5
34 15 37
34 16 51
34 17 63
34 19 50
34 20 4
34 21 16
34 22 61
34 23 26
34 24 6
34 25 57
34 26 60
34 27 24
34 28 33
34 29 64
34 30 2
34 32 39
34 33 59
34 38 23
34 41 30
34 42 55
34 43 46
34 44 10
34 46 14
34 47 28
34 48 22
34 49 42
34 50 36
34 51 44
34 53 7
34 54 56
34 58 58
34 59 3
34 60 35
34 61 8
34 63 52
34 64 68
34 65 67
34 66 21
34 68 47
35 0 60
35 1 59
35 2 64
35 3 16
35 4 32
35 5 69
35 6 3
35 7 29
35 8 28
35 9 49
35 10 56
35 12 46
35 13 41
35 14 17
35 15 34
35 17 45
35 18 7
35 20 0
35 21 62
35 22 54
35 25 67
35 26 42
35 28 10
35 29 21
35 30 37
35 31 51
35 32 33
35 34 6
35 35 57
35 36 14
35 37 48
35 38 19
35 39 26
35 40 27
35 41 65
35 42 44
35 43 13
35 44 63
35 45 43
35 47 31
35 48 20
35 49 22
35 50 61
35 51 38
35 52 8
35 53 9
35 54 66
35 55 12
35 56 30
35 57 25
35 59 4
35 60 18
35 61 5
35 62 47
35 63 50
35 65 39
35 66 24
35 67 40
35 69 68
36 0 17
36 1 7
36 2 31
36 3 12
36 4 6
36 5 33
36 6 15
36 7 65
36 8 39
36 9 52
36 10 24
36 11 43
36 12 22
36 13 14
36 14 47
36 15 68
36 16 19
36 17 32
36 18 42
36 19 20
36 20 67
36 21 38
36 22 21
36 23 44
36 24 18
36 25 23
36 26 46
36 29 16
36 30 0
36 31 11
36 32 49
36 33 58
36 35 64
36 36 28
36 37 41
36 39 57
36 40 66
36 41 13
36 42 37
36 43 59
36 44 35
36 46 48
36 47 9
36 48 54
36 49 27
36 50 30
36 52 55
36 53 50
36 54 62
36 55 61
36 56 2
36 57 69
36 59 45
36 60 10
36 61 56
36 62 60
36 63 63
36 64 25
36 65 8
36 66 3
36 67 34
36 68 40
36 69 5
37 0 43
37 2 13
37 3 42
37 4 66
37 5 38
37 6 23
37 7 68
37 9 51
37 11 52
37 13 60
37 14 22
37 15 65
37 16 3
37 17 48
37 18 16
37 19 14
37 20 46
37 22 28
37 23 27
37 24 39
37 25 9
37 26 2
37 27 18
37 29 20
37 30 59
37 31 25
37 33 15
37 34 19
37 35 54
37 36 21
37 37 47
37 38 41
37 39 35
37 40 7
37 41 63
37 42 29
37 43 49
37 44 0
37 45 57
37 46 4
37 47 11
37 48 53
37 50 64
37 53 32
37 54 10
37 55 30
37 56 61
37 59 55
37 60 33
37 61 6
37 62 34
37 63 36
37 65 69
37 66 62
37 67 1
37 68 24
38 0 18
38 1 53
38 2 0
38 3 64
38 4 4
38 5 57
38 6 58
38 7 56
38 8 36
38 9 2
38 11 17
38 12 16
38 13 49
38 14 33
38 16 24
38 18 37
38 19 43
38 20 13
38 21 68
38 22 19
38 24 3
38 26 69
38 27 51
38 28 65
38 29 42
38 30 6
38 31 48
38 32 44
38 33 1
38 34 30
38 35 31
38 36 38
38 37 32
38 38 40
38 39 14
38 40 39
38 41 21
38 44 8
38 45 27
38 46 67
38 47 26
38 48 47
38 49 60
38 50 59
38 51 62
38 52 7
38 54 20
38 57 55
38 58 52
38 59 61
38 60 9
38 61 25
38 63 11
38 64 35
38 66 22
38 67 10
38 69 29
39 0 35
39 1 6
39 2 1
39 3 14
39 4 38
39 8 3
39 9 25
39 10 43
39 11 41
39 12 39
39 13 7
39 14 51
39 15 5
39 16 49
39 17 65
39 18 54
39 19 52
39 20 53
39 22 32
39 23 50
39 24 68
39 25 33
39 26 40
39 28 64
39 29 10
39 30 12
39 31 22
39 32 23
39 33 8
39 34 44
39 35 61
39 36 30
39 37 16
39 38 37
39 39 9
39 40 28
39 42 60
39 43 55
39 44 18
39 46 56
39 49 13
39 50 42
39 51 21
39 52 19
39 53 15
39 54 4
39 55 58
39 56 11
39 57 36
39 58 48
39 60 47
39 61 17
39 62 31
39 63 45
39 64 2
39 66 59
39 67 63
39 68 29
39 69 69
40 0 22
40 3 33
40 4 29
40 5 39
40 6 61
40 9 41
40 10 68
40 11 60
40 12 52
40 14 58
40 15 18
40 16 10
40 17 17
40 18 47
40 19 13
40 20 50
40 23 11
40 24 26
40 25 6
40 26 21
40 27 20
40 28 69
40 29 8
40 30 31
40 31 37
40 32 57
40 34 1
40 35 5
40 40 24
40 41 49
40 42 53
40 43 4
40 45 30
40 47 34
40 48 55
40 50 15
40 51 27
40 52 14
40 53 38
40 54 48
40 55 67
40 56 32
40 57 3
40 58 45
40 59 19
40 60 56
40 61 0
40 63 62
40 64 36
40 65 59
40 66 46
40 67 43
40 68 25
40 69 2
41 0 1
41 1 30
41 2 8
41 3 41
41 4 57
41 6 29
41 7 47
41 8 64
41 10 16
41 12 0
41 13 25
41 14 36
41 15 50
41 18 44
41 19 7
41 20 6
41 21 20
41 22 18
41 24 33
41 25 5
41 26 51
41 27 62
41 28 2
41 31 67
41 32 52
41 33 19
41 34 10
41 35 22
41 36 13
41 37 59
41 38 63
41 39 34
41 40 15
41 41 9
41 42 43
41 43 35
41 44 48
41 45 42
41 46 54
41 47 3
41 49 61
41 50 66
41 51 17
41 52 65
41 53 40
41 54 24
41 55 69
41 56 4
41 58 46
41 59 27
41 61 21
41 63 12
41 64 38
41 65 28
41 66 37
41 67 45
41 68 39
41 69 23
42 0 58
42 1 64
42 2 10
42 3 52
42 4 21
42 5 54
42 6 68
42 7 2
42 8 18
42 9 40
42 10 53
42 11 65
42 12 12
42 13 46
42 15 56
42 16 20
42 18 35
42 19 15
42 22 6
42 23 36
42 24 7
42 26 61
42 28 32
42 29 25
42 31 59
42 32 31
42 34 50
42 35 62
42 36 9
42 37 1
42 38 39
42 39 37
42 40 38
42 41 19
42 42 0
42 43 3
42 44 14
42 45 67
42 46 8
42 47 41
42 48 51
42 50 57
42 53 28
42 54 26
42 55 27
42 56 22
42 57 16
42 60 69
42 61 43
42 62 42
42 63 30
42 66 23
42 67 55
42 69 48
43 1 62
43 2 7
43 5 17
43 6 32
43 8 4
43 9 36
43 11 2
43 13 54
43 15 0
43 17 47
43 18 57
43 19 64
43 21 22
43 22 35
43 23 13
43 24 28
43 26 31
43 28 50
43 30 10
43 31 15
43 32 61
43 33 52
43 35 48
43 36 18
43 37 30
43 39 5
43 41 25
43 42 20
43 43 69
43 44 3
43 45 65
43 46 37
43 47 68
43 48 42
43 49 16
43 50 41
43 52 23
43 53 11
43 54 34
43 56 9
43 57 33
43 58 6
43 59 56
43 60 46
43 61 19
43 62 59
43 63 55
43 64 53
43 65 66
43 66 45
43 67 60
43 68 26
43 69 24
44 0 45
44 3 63
44 4 50
44 6 46
44 7 39
44 9 19
44 10 33
44 11 10
44 12 9
44 13 43
44 14 2
44 15 48
44 16 27
44 17 30
44 18 58
44 19 37
44 20 3
44 21 47
44 23 61
44 24 53
44 25 66
44 26 1
44 27 41
44 28 34
44 30 29
44 31 6
44 32 20
44 34 60
44 35 25
44 37 69
44 38 65
44 39 52
44 40 55
44 41 18
44 42 59
44 43 22
44 44 57
44 46 32
44 49 67
44 50 11
44 51 51
44 53 36
44 54 7
44 55 54
44 56 42
44 57 40
44 58 23
44 59 35
44 60 24
44 61 15
44 62 17
44 63 5
44 64 8
44 65 4
44 66 44
44 67 26
44 68 14
44 69 38
45 0 10
45 1 2
45 2 55
45 3 59
45 4 12
45 7 33
45 9 26
45 10 3
45 11 4
45 12 50
45 13 30
45 14 25
45 17 37
45 18 60
45 19 19
45 20 27
45 21 11
45 22 65
45 23 1
45 24 66
45 25 21
45 26 64
45 27 31
45 29 18
45 30 69
45 34 42
45 35 46
45 36 68
45 39 20
45 41 17
45 43 53
45 44 6
45 45 9
45 46 41
45 47 61
45 48 8
45 49 62
45 50 56
45 51 45
45 53 5
45 54 63
45 55 28
45 58 15
45 59 23
45 60 22
45 64 52
45 65 54
45 66 38
45 67 24
45 68 43
45 69 51
46 1 67
46 4 9
46 5 16
46 6 38
46 7 18
46 8 35
46 9 7
46 11 34
46 12 65
46 15 64
46 16 1
46 17 54
46 18 63
46 20 47
46 21 30
46 23 22
46 24 51
46 26 10
46 27 23
46 28 55
46 29 69
46 30 41
46 31 28
46 32 11
46 33 60
46 34 25
46 35 3
46 37 39
46 38 42
46 39 68
46 40 2
46 41 0
46 43 52
46 44 21
46 45 53
46 46 29
46 47 15
46 48 13
46 49 12
46 50 40
46 51 14
46 52 57
46 53 58
46 54 37
46 55 49
46 56 59
46 57 43
46 58 27
46 59 50
46 61 33
46 62 5
46 64 20
46 65 61
46 66 36
46 67 46
46 68 45
46 69 32
47 0 66
47 1 35
47 2 51
47 4 2
47 5 8
47 6 57
47 7 63
47 9 34
47 10 11
47 11 42
47 12 13
47 13 1
47 14 52
47 15 28
47 16 0
47 18 45
47 19 33
47 20 20
47 21 56
47 23 7
47 25 30
47 26 44
47 27 37
47 28 19
47 29 67
47 30 48
47 31 18
47 33 55
47 34 43
47 35 68
47 36 6
47 37 21
47 38 10
47 40 58
47 43 36
47 45 60
47 46 39
47 47 53
47 48 16
47 49 23
47 50 27
47 51 26
47 52 5
47 53 3
47 54 32
47 55 22
47 56 15
47 57 17
47 58 69
47 59 14
47 60 25
47 61 41
47 62 46
47 63 47
47 64 59
47 65 49
47 66 31
47 68 12
47 69 65
48 1 44
48 2 20
48 3 13
48 4 39
48 6 9
48 7 36
48 8 61
48 9 48
48 10 57
48 11 5
48 13 58
48 14 34
48 15 62
48 16 31
48 17 3
48 18 19
48 19 28
48 20 18
48 21 10
48 22 63
48 23 47
48 24 8
48 25 12
48 26 55
48 27 17
48 28 24
48 29 1
48 30 26
48 31 52
48 32 66
48 35 65
48 37 29
48 38 56
48 39 23
48 40 50
48 41 67
48 42 32
48 43 68
48 44 15
48 46 27
48 47 51
48 48 21
48 49 35
48 50 38
48 52 59
48 53 45
48 54 54
48 55 33
48 56 69
48 57 22
48 58 14
48 59 64
48 60 6
48 61 49
48 62 16
48 63 37
48 64 0
48 66 53
48 67 11
48 68 46
48 69 25
49 1 45
49 2 29
49 3 62
49 4 48
49 5 47
49 6 39
49 7 69
49 8 25
49 10 26
49 11 12
49 12 23
49 13 65
49 14 8
49 15 31
49 17 56
49 18 30
49 19 17
49 20 32
49 21 18
49 22 60
49 23 67
49 24 34
49 25 35
49 26 24
49 27 7
49 31 64
49 32 5
49 33 63
49 34 22
49 35 9
49 36 58
49 37 3
49 38 49
49 39 40
49 41 6
49 42 57
49 46 42
49 47 0
49 48 43
49 49 1
49 50 52
49 51 55
49 52 4
49 54 36
49 56 50
49 57 66
49 58 20
49 59 16
49 60 21
49 61 46
49 63 51
49 64 61
49 65 14
49 66 33
49 67 2
49 68 27
50 0 62
50 1 61
50 2 67
50 3 11
50 4 14
50 5 19
50 6 52
50 7 42
50 8 68
50 10 54
50 11 53
50 12 21
50 13 55
50 14 50
50 15 12
50 16 39
50 17 69
50 18 29
50 19 59
50 20 56
50 21 65
50 24 15
50 25 58
50 26 48
50 27 3
50 28 45
50 29 6
50 30 51
50 31 20
50 32 17
50 33 18
50 34 41
50 35 7
50 36 40
50 37 46
50 39 28
50 41 44
50 42 10
50 43 38
50 44 27
50 45 2
50 46 13
50 47 49
50 48 64
50 49 63
50 50 32
50 51 16
50 52 60
50 54 5
50 57 1
50 58 0
50 59 66
50 60 8
50 62 9
50 64 47
50 65 34
50 66 57
50 67 25
50 68 30
50 69 26
51 0 34
51 1 22
51 2 4
51 3 26
51 4 45
51 5 66
51 6 5
51 8 19
51 9 0
51 10 18
51 11 13
51 12 31
51 13 29
51 14 28
51 15 41
51 16 23
51 18 3
51 19 30
51 20 35
51 21 54
51 22 48
51 23 14
51 24 63
51 25 17
51 28 20
51 29 61
51 31 24
51 32 9
51 33 37
51 35 39
51 36 1
51 37 8
51 38 50
51 39 44
51 41 51
51 42 68
51 43 47
51 44 53
51 46 49
51 47 6
51 48 38
51 49 36
51 52 15
51 53 33
51 54 46
51 55 43
51 58 40
51 59 52
51 60 60
51 61 11
51 62 12
51 63 10
51 65 16
51 66 69
51 69 59
52 0 19
52 1 11
52 2 27
52 3 30
52 4 51
52 5 42
52 6 53
52 7 17
52 8 63
52 9 31
52 10 22
52 11 29
52 13 4
52 14 67
52 15 52
52 17 20
52 18 56
52 19 32
52 20 38
52 21 14
52 22 33
52 23 21
52 24 62
52 25 47
52 26 8
52 27 45
52 28 37
52 30 50
52 34 68
52 35 34
52 36 16
52 37 54
52 39 39
52 40 64
52 41 48
52 42 28
52 43 40
52 44 59
52 45 35
52 46 24
52 47 65
52 48 2
52 49 44
52 51 15
52 52 66
52 53 41
52 54 57
52 55 3
52 57 46
52 60 26
52 61 12
52 62 13
52 63 25
52 64 5
52 65 9
52 66 0
52 67 6
52 68 23
52 69 58
53 1 54
53 2 33
53 3 5
53 4 7
53 5 40
53 7 48
53 8 34
53 9 37
53 11 26
53 12 58
53 13 27
53 14 64
53 15 14
53 16 30
53 17 59
53 19 57
53 20 51
53 21 19
53 22 29
53 23 38
53 24 31
53 25 43
53 28 63
53 29 50
53 30 24
53 31 61
53 32 21
53 34 53
53 36 44
53 37 28
53 38 25
53 40 65
53 41 42
53 42 16
53 43 17
53 44 66
53 45 12
53 46 62
53 47 13
53 49 15
53 50 35
53 51 2
53 52 56
53 53 46
53 54 41
53 56 18
53 57 9
53 58 3
53 59 68
53 60 36
53 61 32
53 62 49
53 64 6
53 65 22
53 66 1
53 68 11
53 69 52
54 0 6
54 1 3
54 2 12
54 3 35
54 4 58
54 5 9
54 6 36
54 8 5
54 9 39
54 10 13
54 12 57
54 14 59
54 15 47
54 16 29
54 17 11
54 18 8
54 20 2
54 22 41
54 23 24
54 24 19
54 25 46
54 26 56
54 27 38
54 28 22
54 29 53
54 30 32
54 32 54
54 33 27
54 34 28
54 35 60
54 36 69
54 37 64
54 38 21
54 39 45
54 40 18
54 42 7
54 43 10
54 44 65
54 46 23
54 47 20
54 50 0
54 51 61
54 52 52
54 53 66
54 54 40
54 55 26
54 56 37
54 58 42
54 59 33
54 60 1
54 61 44
54 64 15
54 65 31
54 66 51
54 67 30
54 68 49
54 69 4
55 0 53
55 2 63
55 3 61
55 5 3
55 7 1
55 8 41
55 9 69
55 10 10
55 12 33
55 13 59
55 14 44
55 15 40
55 16 6
55 17 50
55 18 49
55 19 16
55 21 31
55 22 46
55 23 34
55 24 64
55 25 62
55 26 54
55 27 48
55 28 27
55 29 39
55 30 7
55 31 17
55 32 15
55 33 13
55 35 29
55 36 57
55 37 36
55 38 28
55 39 38
55 40 30
55 42 56
55 43 19
55 44 11
55 45 26
55 46 68
55 47 35
55 48 32
55 49 4
55 51 12
55 53 23
55 54 18
55 55 51
55 57 20
55 58 47
55 59 65
55 60 42
55 62 55
55 64 58
55 65 43
55 66 9
55 67 66
55 68 52
56 0 14
56 1 0
56 2 66
56 3 31
56 4 24
56 5 23
56 6 59
56 7 25
56 9 53
56 10 7
56 11 62
56 12 35
56 13 63
56 14 10
56 16 46
56 17 57
56 19 47
56 21 12
56 23 54
56 24 42
56 25 51
56 26 30
56 27 49
56 29 40
56 30 8
56 31 45
56 32 69
56 33 41
56 34 20
56 36 50
56 37 11
56 38 38
56 39 33
56 40 68
56 41 3
56 42 2
56 44 17
56 47 4
56 48 29
56 49 21
56 50 18
56 51 65
56 52 34
56 53 43
56 55 9
56 56 55
56 57 6
56 58 19
56 59 37
56 60 27
56 61 64
56 62 1
56 64 28
56 65 52
56 66 39
56 67 36
56 69 61
57 0 21
57 2 59
57 3 38
57 4 13
57 5 46
57 6 62
57 9 56
57 10 28
57 11 66
57 13 36
57 14 41
57 15 35
57 16 9
57 17 4
57 18 12
57 19 6
57 20 29
57 21 64
57 22 14
57 24 44
57 25 48
57 26 58
57 27 0
57 28 49
57 30 53
57 32 30
57 34 3
57 35 42
57 36 33
57 37 55
57 38 22
57 39 19
57 40 60
57 41 50
57 42 17
57 43 24
57 44 20
57 45 37
57 46 40
57 47 54
57 48 45
57 49 43
57 50 10
57 52 63
57 57 32
57 58 57
57 59 26
57 60 11
57 61 1
57 63 68
57 64 39
57 65 25
57 66 34
57 67 47
58 1 29
58 2 61
58 3 28
58 4 23
58 6 47
58 7 40
58 8 33
58 9 32
58 10 2
58 12 5
58 13 44
58 15 36
58 16 52
58 17 64
58 18 59
58 19 41
58 20 17
58 22 22
58 23 49
58 24 55
58 26 9
58 27 19
58 28 62
58 29 26
58 30 38
58 31 8
58 32 34
58 33 66
58 34 4
58 35 24
58 36 0
58 38 68
58 39 16
58 40 53
58 44 25
58 45 48
58 47 42
58 48 31
58 49 37
58 50 12
58 51 58
58 52 20
58 54 6
58 56 10
58 57 18
58 58 50
58 59 39
58 60 63
58 62 27
58 63 60
58 64 51
58 65 1
58 66 35
58 67 69
58 68 57
59 1 38
59 2 6
59 3 57
59 4 54
59 5 55
59 6 22
59 7 46
59 10 15
59 11 56
59 12 11
59 13 3
59 14 40
59 16 58
59 17 51
59 18 69
59 20 65
59 21 39
59 22 53
59 23 45
59 24 61
59 25 41
59 26 34
59 27 5
59 29 27
59 30 43
59 31 33
59 32 16
59 33 23
59 34 64
59 35 59
59 36 60
59 37 62
59 38 7
59 43 50
59 44 31
59 45 20
59 46 26
59 47 48
59 49 29
59 50 13
59 51 37
59 53 30
59 54 9
59 55 32
59 56 49
59 57 52
59 58 44
59 60 12
59 61 4
59 62 14
59 63 35
59 64 24
59 66 42
59 68 36
59 69 66
60 1 48
60 3 22
60 4 3
60 6 7
60 7 44
60 9 29
60 10 12
60 11 69
60 12 47
60 13 67
60 14 55
60 15 51
60 18 38
60 19 65
60 20 64
60 21 23
60 22 42
60 23 16
60 24 2
60 25 10
60 26 28
60 27 56
60 28 1
60 29 4
60 31 34
60 32 45
60 34 37
60 36 5
60 37 9
60 38 18
60 39 15
60 40 62
60 41 57
60 42 27
60 44 46
60 45 54
60 46 17
60 47 33
60 48 35
60 49 20
60 50 60
60 51 36
60 53 26
60 54 19
60 55 59
60 56 63
60 57 8
60 58 41
60 59 49
60 61 13
60 62 39
60 63 53
60 64 21
60 66 30
60 67 58
60 68 32
60 69 14
61 0 40
61 1 34
61 4 11
61 5 29
61 6 8
61 7 14
61 8 20
61 9 23
61 11 16
61 12 2
61 13 69
61 14 15
61 15 39
61 16 67
61 18 33
61 20 58
61 22 10
61 24 47
61 25 31
61 26 65
61 27 44
61 28 21
61 29 3
61 32 63
61 33 30
61 34 36
61 35 4
61 36 51
61 37 25
61 39 41
61 40 46
61 41 22
61 42 12
61 44 60
61 47 52
61 48 49
61 49 28
61 50 48
61 51 66
61 52 18
61 53 1
61 54 17
61 55 42
61 56 5
61 57 64
61 58 7
61 59 54
61 60 61
61 61 45
61 62 37
61 63 9
61 64 26
61 65 57
61 66 50
61 67 68
61 68 38
61 69 13
62 0 64
62 1 41
62 2 17
62 3 46
62 4 1
62 5 7
62 6 2
62 9 20
62 10 21
62 13 56
62 14 43
62 15 69
62 16 26
62 19 54
62 20 45
62 21 50
62 22 4
62 23 37
62 24 49
62 25 24
62 26 6
62 27 55
62 28 36
62 29 31
62 30 35
62 31 47
62 33 9
62 34 5
62 37 23
62 38 30
62 39 42
62 40 34
62 41 68
62 42 8
62 43 0
62 44 62
62 45 15
62 46 65
62 47 12
62 48 58
62 49 51
62 50 63
62 51 33
62 52 28
62 54 61
62 55 18
62 56 19
62 57 60
62 58 38
62 59 44
62 60 67
62 61 52
62 62 10
62 64 48
62 66 25
62 67 27
62 68 3
63 0 20
63 1 24
63 3 43
63 4 5
63 5 10
63 6 63
63 7 9
63 8 14
63 11 15
63 12 44
63 13 8
63 15 42
63 16 25
63 17 6
63 18 0
63 19 51
63 20 30
63 21 27
63 22 34
63 24 21
63 26 50
63 27 58
63 29 56
63 30 55
63 31 19
63 32 47
63 33 69
63 34 29
63 35 38
63 36 4
63 37 40
63 38 11
63 39 36
63 40 23
63 41 1
63 42 45
63 43 48
63 44 54
63 45 49
63 46 28
63 47 18
63 48 7
63 49 68
63 50 46
63 51 3
63 52 41
63 54 59
63 55 66
63 56 52
63 57 26
63 58 13
63 59 57
63 60 17
63 62 61
63 64 16
63 65 2
63 66 32
63 67 12
63 68 60
63 69 31
64 0 52
64 1 40
64 2 35
64 3 23
64 4 65
64 5 27
64 7 59
64 9 58
64 10 51
64 11 9
64 12 20
64 15 32
64 16 47
64 17 26
64 18 13
64 19 42
64 20 62
64 21 36
64 23 28
64 24 30
64 26 45
64 28 46
64 29 43
64 30 19
64 32 18
64 33 49
64 34 57
64 35 37
64 36 3
64 37 17
64 38 34
64 39 56
64 40 5
64 42 33
64 43 1
64 44 12
64 45 44
64 46 50
64 47 24
64 48 66
64 49 25
64 51 7
64 52 38
64 53 64
64 54 15
64 55 10
64 56 53
64 57 61
64 59 22
64 60 14
64 61 55
64 63 29
64 64 60
64 67 39
64 68 63
64 69 21
65 0 3
65 1 32
65 2 15
65 3 48
65 4 0
65 5 41
65 7 4
65 8 54
65 9 44
65 10 61
65 12 45
65 13 11
65 15 10
65 16 55
65 17 27
65 18 23
65 19 39
65 20 40
65 21 59
65 22 8
65 23 35
65 24 37
65 26 14
65 27 26
65 28 52
65 29 7
65 30 67
65 31 13
65 32 56
65 33 53
65 34 9
65 35 49
65 36 43
65 37 31
65 39 17
65 40 63
65 41 69
65 42 38
65 43 42
65 44 50
65 45 58
65 46 57
65 47 60
65 48 25
65 49 24
65 50 19
65 51 22
65 52 51
65 53 18
65 54 33
65 55 16
65 57 62
65 58 34
65 62 6
65 63 1
65 64 65
65 65 46
65 66 64
65 69 36
66 0 48
66 3 19
66 4 59
66 5 5
66 6 54
66 7 50
66 8 53
66 9 38
66 10 42
66 11 47
66 12 6
66 13 33
66 14 29
66 15 26
66 16 21
66 18 11
66 19 61
66 20 12
66 22 40
66 23 17
66 25 8
66 26 22
66 27 9
66 28 66
66 29 23
66 30 4
66 31 49
66 34 18
66 36 24
66 37 34
66 38 35
66 39 63
66 40 3
66 41 28
66 42 52
66 43 51
66 44 16
66 45 14
66 47 44
66 48 15
66 49 58
66 50 65
66 51 41
66 54 1
66 56 36
66 57 31
66 58 68
66 59 25
66 60 0
66 61 20
66 62 43
66 63 64
66 64 27
66 65 32
66 66 56
66 67 62
66 68 10
66 69 7
67 0 67
67 1 63
67 2 32
67 3 7
67 4 10
67 5 34
67 6 35
67 7 19
67 8 57
67 10 55
67 11 11
67 12 30
67 13 6
67 15 54
67 16 5
67 18 4
67 19 9
67 20 15
67 21 48
67 24 27
67 26 26
67 27 33
67 28 41
67 29 12
67 31 65
67 33 38
67 34 40
67 35 18
67 36 8
67 37 66
67 38 1
67 39 49
67 40 51
67 42 23
67 43 58
67 44 37
67 45 69
67 47 47
67 48 44
67 49 31
67 50 45
67 51 50
67 52 53
67 53 60
67 54 22
67 55 25
67 56 62
67 57 59
67 58 24
67 59 2
67 60 13
67 61 42
67 62 52
67 64 14
67 65 20
67 66 43
67 67 29
67 68 16
67 69 56
68 0 27
68 1 57
68 2 65
68 3 37
68 4 41
68 5 13
68 6 17
68 7 21
68 8 22
68 9 61
68 10 47
68 14 56
68 15 60
68 16 33
68 17 28
68 18 1
68 19 18
68 21 42
68 22 9
68 24 5
68 25 53
68 26 4
68 27 59
68 28 39
68 29 54
68 30 15
68 31 14
68 32 8
68 33 3
68 34 48
68 35 2
68 38 16
68 39 50
68 40 19
68 41 11
68 42 69
68 43 67
68 44 36
68 45 25
68 46 10
68 47 46
68 48 26
68 49 34
68 50 23
68 51 52
68 53 0
68 55 6
68 56 20
68 57 29
68 59 32
68 62 38
68 63 31
68 64 7
68 65 30
68 66 68
68 68 62
68 69 55
69 0 51
69 1 50
69 3 49
69 4 60
69 5 62
69 6 55
69 7 32
69 8 37
69 10 1
69 11 28
69 12 69
69 13 68
69 14 0
69 17 15
69 20 23
69 21 53
69 22 30
69 23 4
69 24 46
69 26 43
69 27 66
69 28 42
69 29 29
69 30 65
69 31 31
69 33 64
69 34 13
69 36 19
69 37 6
69 38 27
69 39 25
69 41 56
69 44 41
69 46 59
69 47 8
69 48 33
69 49 10
69 50 54
69 51 9
69 52 17
69 53 63
69 54 2
69 55 7
69 56 44
69 57 39
69 58 61
69 59 38
69 61 14
69 62 57
69 63 16
69 64 12
69 65 21
69 67 67
69 68 18
69 69 11
