60
0 1 51
0 5 56
0 7 36
0 9 9
0 10 59
0 11 11
0 13 18
0 15 13
0 16 33
0 18 47
0 19 0
0 20 50
0 21 19
0 24 4
0 26 25
0 27 2
0 33 29
0 40 43
0 41 10
0 43 1
0 45 16
0 47 52
0 48 30
0 53 3
0 54 35
0 55 55
0 57 5
0 59 22
1 0 41
1 1 43
1 2 55
1 3 15
1 8 38
1 11 16
1 12 4
1 13 57
1 14 44
1 17 19
1 22 27
1 27 40
1 33 36
1 35 54
1 36 48
1 42 25
1 43 8
1 44 45
1 48 32
1 51 10
1 55 22
2 2 59
2 3 22
2 6 47
2 7 11
2 11 51
2 13 15
2 16 24
2 22 37
2 26 0
2 27 45
2 28 3
2 29 4
2 36 6
2 38 13
2 40 53
2 43 39
2 44 8
2 45 1
2 48 36
2 50 10
2 53 19
2 55 43
2 56 33
2 57 40
3 2 22
3 4 40
3 5 26
3 12 24
3 13 36
3 14 7
3 16 27
3 17 28
3 20 51
3 23 0
3 26 6
3 28 4
3 29 47
3 30 45
3 31 48
3 33 2
3 34 43
3 36 5
3 37 54
3 40 17
3 42 42
3 43 19
3 44 46
3 45 21
3 47 13
3 53 58
4 6 52
4 7 51
4 8 17
4 11 2
4 12 29
4 13 19
4 14 54
4 16 34
4 27 6
4 28 27
4 29 41
4 30 49
4 31 14
4 32 25
4 34 55
4 35 16
4 36 40
4 37 43
4 42 47
4 43 48
4 44 35
4 48 50
4 49 58
4 50 36
4 53 5
4 55 9
5 0 17
5 1 0
5 2 2
5 5 47
5 9 11
5 10 51
5 14 16
5 15 20
5 24 46
5 27 43
5 28 54
5 29 18
5 31 19
5 35 6
5 37 57
5 38 25
5 39 7
5 40 45
5 44 13
5 46 30
5 48 39
5 49 48
5 54 53
5 58 36
6 0 57
6 3 0
6 5 9
6 8 54
6 10 34
6 11 19
6 12 25
6 13 53
6 16 18
6 17 5
6 18 43
6 20 46
6 22 16
6 28 20
6 29 2
6 30 14
6 33 11
6 34 41
6 35 31
6 37 12
6 44 21
6 46 32
6 49 42
6 52 36
6 53 37
6 54 33
6 55 7
6 56 47
7 0 58
7 3 6
7 6 1
7 7 42
7 9 40
7 10 21
7 11 57
7 14 45
7 16 32
7 17 29
7 22 51
7 23 4
7 28 0
7 32 50
7 34 9
7 37 56
7 39 14
7 40 33
7 42 44
7 46 28
7 48 34
7 53 43
7 56 19
7 57 16
8 7 21
8 8 1
8 9 37
8 11 30
8 13 25
8 14 29
8 15 54
8 16 9
8 17 18
8 18 19
8 19 12
8 20 57
8 21 47
8 22 13
8 27 11
8 30 56
8 34 59
8 35 40
8 39 52
8 41 36
8 42 41
8 43 17
8 44 26
8 46 24
8 49 28
8 53 27
9 3 23
9 4 18
9 5 55
9 10 10
9 12 6
9 13 0
9 14 22
9 15 33
9 28 24
9 29 56
9 30 54
9 32 3
9 33 30
9 35 36
9 40 21
9 41 8
9 43 12
9 45 57
9 46 46
9 54 59
9 56 14
9 58 2
9 59 13
10 0 3
10 2 30
10 4 44
10 9 1
10 11 28
10 13 11
10 20 20
10 21 45
10 23 29
10 28 55
10 33 19
10 34 24
10 40 6
10 42 31
10 46 23
10 48 49
10 49 43
10 51 8
10 52 12
10 55 18
11 5 15
11 9 57
11 11 43
11 12 28
11 13 52
11 14 17
11 18 24
11 19 46
11 24 47
11 26 55
11 33 32
11 34 36
11 37 35
11 40 48
11 41 29
11 43 53
11 44 59
11 45 54
11 46 37
11 48 27
11 50 22
11 52 0
11 53 20
11 57 56
11 58 6
11 59 16
12 6 22
12 7 47
12 8 39
12 9 53
12 10 20
12 16 37
12 19 56
12 25 51
12 30 55
12 31 2
12 32 15
12 34 6
12 37 41
12 38 28
12 41 11
12 42 50
12 44 58
12 46 48
12 47 14
12 50 18
12 51 5
12 54 17
12 56 21
13 0 8
13 1 27
13 2 56
13 3 12
13 10 5
13 13 3
13 17 55
13 20 26
13 26 23
13 28 41
13 31 33
13 33 38
13 37 1
13 39 17
13 40 46
13 41 16
13 46 31
13 47 21
13 48 19
13 49 54
13 50 25
13 52 39
13 53 28
13 56 2
13 57 35
13 59 20
14 1 11
14 3 19
14 5 18
14 7 59
14 14 28
14 18 40
14 20 6
14 21 20
14 26 26
14 28 36
14 29 14
14 30 15
14 35 43
14 37 55
14 39 21
14 40 42
14 51 4
14 54 0
14 56 46
14 57 52
14 59 58
15 0 13
15 2 34
15 6 28
15 9 12
15 11 0
15 15 9
15 18 51
15 20 16
15 23 21
15 25 43
15 27 1
15 29 40
15 35 14
15 37 45
15 40 8
15 43 36
15 44 55
15 47 24
15 48 47
15 51 25
15 53 10
15 54 58
15 57 33
16 2 53
16 3 32
16 4 20
16 5 58
16 6 45
16 7 8
16 8 28
16 11 21
16 12 56
16 13 46
16 14 5
16 20 15
16 23 14
16 27 55
16 28 23
16 32 30
16 33 42
16 36 27
16 38 11
16 40 19
16 46 50
16 47 51
16 50 41
16 55 0
16 59 38
17 0 35
17 4 39
17 5 38
17 6 37
17 7 58
17 12 7
17 13 21
17 15 42
17 17 56
17 18 17
17 25 15
17 28 31
17 30 32
17 34 22
17 36 43
17 37 3
17 39 24
17 40 23
17 41 2
17 43 34
17 47 48
17 49 33
17 50 13
17 53 41
17 56 50
17 58 11
17 59 51
18 9 25
18 13 56
18 17 51
18 18 0
18 20 14
18 21 13
18 26 43
18 27 24
18 32 2
18 33 10
18 40 16
18 42 45
18 43 31
18 46 54
18 49 50
18 51 44
18 55 39
18 56 48
19 0 32
19 11 24
19 12 26
19 13 6
19 14 56
19 15 31
19 17 1
19 21 16
19 22 42
19 23 40
19 24 3
19 25 17
19 26 35
19 27 51
19 30 30
19 32 59
19 33 15
19 41 47
19 44 27
19 45 44
19 46 39
19 47 43
19 48 55
19 49 9
19 53 33
19 54 22
19 56 49
19 57 11
19 59 41
20 1 23
20 5 8
20 6 2
20 8 36
20 11 39
20 14 21
20 15 45
20 16 25
20 19 5
20 23 28
20 25 48
20 30 33
20 31 53
20 32 56
20 35 9
20 36 4
20 39 50
20 42 7
20 43 49
20 45 14
20 46 51
20 52 19
20 54 10
20 55 44
21 0 37
21 1 32
21 3 36
21 6 49
21 7 19
21 8 48
21 11 59
21 18 35
21 23 43
21 24 18
21 27 16
21 32 13
21 33 21
21 39 31
21 41 56
21 44 20
21 49 24
21 51 38
21 55 17
21 56 45
22 0 22
22 3 58
22 7 23
22 9 7
22 10 0
22 11 42
22 12 8
22 14 46
22 16 52
22 20 34
22 21 24
22 25 49
22 26 17
22 30 26
22 31 12
22 33 6
22 34 1
22 36 44
22 41 4
22 50 54
22 51 21
22 53 45
22 55 27
22 57 10
23 0 7
23 6 16
23 7 28
23 10 44
23 13 30
23 18 58
23 21 32
23 22 53
23 24 14
23 25 2
23 27 20
23 28 1
23 31 9
23 33 5
23 35 13
23 38 40
23 39 11
23 45 39
23 46 21
23 47 19
23 48 56
23 49 46
23 53 57
23 54 24
23 56 22
23 57 36
23 58 59
23 59 17
24 1 13
24 4 14
24 6 42
24 8 56
24 11 1
24 12 41
24 14 34
24 16 5
24 18 44
24 25 22
24 26 29
24 28 19
24 35 2
24 36 17
24 37 6
24 39 30
24 40 55
24 43 23
24 44 15
24 45 36
24 46 8
24 48 52
24 49 21
24 50 11
24 52 25
24 57 39
25 0 28
25 7 33
25 23 59
25 24 11
25 26 51
25 30 5
25 32 18
25 33 40
25 34 29
25 35 12
25 36 8
25 43 47
25 46 20
25 47 7
25 51 37
25 53 17
25 55 45
25 56 34
25 57 15
26 1 36
26 2 50
26 7 32
26 8 46
26 10 54
26 13 4
26 15 23
26 16 31
26 18 1
26 20 0
26 22 3
26 26 13
26 39 55
26 40 49
26 43 2
26 44 57
26 45 11
26 46 5
26 49 37
26 50 47
26 53 42
26 54 20
26 56 39
26 59 44
27 0 59
27 2 19
27 3 40
27 8 27
27 9 16
27 12 53
27 14 20
27 16 7
27 21 41
27 22 54
27 23 45
27 26 50
27 29 21
27 35 52
27 36 34
27 38 38
27 39 3
27 40 12
27 43 4
27 44 36
27 45 42
27 47 6
27 55 56
27 57 23
27 58 14
28 2 28
28 5 59
28 7 24
28 8 34
28 13 39
28 14 8
28 18 21
28 19 44
28 22 4
28 23 18
28 27 23
28 28 47
28 31 51
28 36 29
28 38 48
28 39 46
28 41 27
28 44 43
28 45 3
28 46 2
28 47 22
28 50 6
28 51 58
28 52 5
28 57 57
28 58 37
28 59 40
29 3 37
29 5 57
29 6 6
29 7 0
29 10 3
29 13 49
29 15 12
29 16 2
29 17 58
29 19 30
29 23 31
29 24 22
29 25 29
29 26 48
29 27 17
29 29 52
29 30 25
29 31 41
29 32 36
29 34 10
29 36 39
29 38 45
29 42 11
29 43 56
29 45 47
29 47 32
29 48 23
29 49 13
29 52 33
29 56 26
29 57 44
30 1 18
30 2 6
30 3 11
30 4 0
30 5 20
30 8 15
30 10 23
30 12 46
30 14 53
30 15 48
30 19 49
30 22 8
30 26 19
30 32 54
30 34 57
30 38 41
30 40 2
30 45 35
30 52 40
30 56 37
31 3 56
31 8 29
31 11 47
31 13 23
31 15 8
31 17 9
31 19 18
31 22 19
31 26 41
31 34 48
31 36 54
31 42 43
31 43 40
31 46 49
31 52 7
31 53 6
31 54 2
31 55 35
31 58 53
31 59 30
32 3 29
32 4 53
32 5 13
32 8 35
32 11 26
32 12 19
32 15 49
32 18 8
32 24 17
32 25 9
32 26 47
32 29 27
32 30 31
32 33 44
32 35 46
32 41 40
32 42 38
32 44 33
32 46 56
32 47 59
32 50 48
32 52 6
32 53 50
32 55 16
33 2 43
33 6 59
33 7 22
33 8 10
33 9 14
33 10 52
33 12 40
33 14 19
33 17 7
33 18 3
33 22 18
33 23 37
33 27 21
33 29 44
33 30 38
33 31 57
33 32 26
33 35 5
33 37 9
33 42 8
33 43 27
33 44 51
33 49 12
33 50 55
33 57 47
33 58 29
34 0 11
34 2 47
34 4 45
34 18 28
34 19 37
34 23 19
34 24 26
34 25 59
34 28 8
34 34 21
34 35 1
34 38 42
34 40 35
34 41 9
34 42 29
34 44 44
34 45 30
34 47 34
34 48 18
34 51 27
34 54 56
34 57 4
34 58 20
35 0 40
35 7 52
35 8 50
35 13 55
35 17 20
35 19 28
35 20 29
35 21 57
35 26 5
35 34 3
35 35 47
35 38 59
35 39 25
35 43 26
35 44 31
35 45 6
35 53 18
35 54 45
35 58 24
36 0 14
36 2 1
36 3 34
36 8 55
36 9 51
36 10 40
36 11 5
36 13 37
36 14 58
36 15 52
36 17 2
36 19 13
36 20 17
36 24 54
36 26 27
36 28 29
36 29 3
36 31 8
36 32 20
36 33 31
36 34 4
36 37 19
36 42 21
36 43 57
36 45 28
36 47 35
36 48 46
36 51 53
36 52 11
36 53 7
36 59 42
37 0 46
37 1 50
37 2 33
37 3 9
37 4 23
37 5 29
37 8 5
37 10 4
37 11 37
37 17 27
37 20 13
37 24 41
37 28 30
37 29 31
37 30 44
37 31 10
37 32 1
37 34 34
37 35 35
37 36 36
37 37 42
37 38 8
37 40 51
37 43 32
37 45 48
37 47 49
37 48 3
37 53 12
37 59 14
38 0 44
38 4 21
38 5 31
38 6 13
38 8 58
38 9 42
38 10 8
38 12 36
38 13 35
38 14 52
38 17 45
38 19 54
38 20 53
38 21 18
38 24 7
38 27 49
38 28 46
38 30 27
38 31 28
38 35 56
38 36 47
38 41 55
38 43 30
38 44 17
38 48 6
38 51 43
38 55 20
38 56 15
38 57 38
38 59 11
39 0 52
39 2 16
39 4 42
39 8 20
39 13 59
39 14 2
39 17 26
39 19 45
39 21 40
39 22 12
39 23 48
39 24 57
39 26 56
39 28 51
39 29 25
39 31 31
39 32 46
39 36 28
39 42 17
39 47 53
39 49 32
39 50 4
39 52 35
39 54 47
39 58 15
39 59 37
40 0 24
40 2 35
40 5 37
40 12 55
40 13 10
40 19 25
40 21 54
40 22 15
40 29 50
40 34 20
40 35 38
40 36 52
40 40 9
40 43 51
40 45 31
40 47 39
40 53 56
40 56 59
40 58 28
40 59 47
41 1 8
41 4 57
41 5 44
41 6 51
41 8 52
41 16 50
41 17 23
41 18 42
41 21 0
41 23 15
41 28 43
41 32 22
41 33 14
41 39 53
41 40 18
41 43 7
41 44 25
41 46 47
41 48 13
41 50 17
41 53 54
41 54 1
41 55 6
41 56 5
41 59 19
42 0 2
42 1 48
42 3 51
42 4 7
42 10 56
42 11 15
42 12 9
42 15 14
42 19 33
42 20 10
42 24 21
42 26 30
42 28 16
42 29 17
42 32 4
42 34 27
42 37 37
42 39 39
42 41 6
42 44 47
42 46 1
42 49 59
42 51 54
42 58 19
43 0 55
43 2 31
43 3 49
43 5 11
43 10 32
43 13 28
43 14 1
43 18 15
43 24 59
43 25 18
43 31 29
43 33 50
43 35 27
43 36 19
43 37 33
43 39 6
43 40 24
43 42 10
43 43 38
43 44 2
43 47 57
43 48 53
43 50 21
43 51 35
43 57 13
43 59 23
44 0 9
44 10 38
44 14 3
44 15 28
44 16 40
44 19 24
44 21 37
44 24 49
44 26 53
44 30 39
44 31 43
44 34 42
44 35 20
44 39 4
44 41 48
44 42 27
44 43 45
44 47 11
44 48 8
44 49 29
44 51 41
44 58 26
45 2 37
45 10 46
45 11 40
45 15 0
45 21 28
45 25 23
45 30 52
45 31 16
45 35 45
45 36 14
45 44 5
45 52 27
45 58 4
46 1 26
46 5 32
46 6 34
46 7 18
46 9 27
46 13 22
46 15 2
46 27 4
46 28 6
46 29 8
46 30 40
46 33 54
46 35 33
46 37 31
46 38 19
46 39 16
46 41 37
46 42 58
46 43 3
46 46 59
46 47 44
46 48 51
46 50 1
46 53 21
46 55 42
46 56 38
46 57 29
47 1 56
47 8 3
47 9 54
47 11 31
47 17 49
47 18 32
47 23 46
47 26 1
47 32 43
47 33 47
47 36 45
47 38 30
47 39 42
47 40 10
47 42 52
47 44 4
47 47 12
47 48 29
47 49 22
47 52 17
47 55 5
47 57 41
48 0 48
48 1 5
48 2 54
48 11 3
48 12 13
48 14 33
48 15 40
48 17 50
48 18 56
48 23 9
48 25 24
48 27 53
48 29 23
48 30 4
48 33 27
48 37 39
48 38 55
48 39 12
48 41 15
48 44 14
48 45 32
48 51 16
48 53 22
48 55 57
48 57 42
48 58 25
49 1 46
49 3 17
49 4 49
49 14 42
49 17 16
49 18 4
49 25 21
49 26 28
49 27 58
49 28 34
49 29 33
49 32 38
49 33 39
49 41 50
49 47 30
49 48 37
49 50 45
49 54 27
49 55 47
49 58 23
50 2 32
50 5 6
50 6 14
50 7 37
50 9 47
50 10 58
50 14 57
50 23 30
50 28 52
50 31 23
50 36 18
50 38 12
50 42 24
50 43 25
50 46 9
50 47 29
50 49 15
50 51 50
50 52 45
50 54 3
50 55 19
50 57 43
50 59 33
51 3 42
51 4 41
51 8 51
51 11 27
51 17 34
51 20 32
51 24 2
51 26 39
51 29 59
51 30 36
51 31 18
51 33 13
51 35 50
51 39 56
51 40 31
51 43 24
51 46 52
51 50 44
51 53 30
51 54 8
51 55 54
51 56 29
51 57 20
51 58 43
51 59 7
52 0 27
52 1 22
52 6 53
52 8 33
52 9 32
52 12 21
52 13 2
52 15 5
52 16 44
52 26 4
52 28 26
52 30 37
52 31 25
52 35 39
52 41 30
52 46 38
52 47 18
52 52 9
52 53 11
52 54 15
52 57 24
52 59 45
53 1 28
53 8 21
53 12 37
53 13 14
53 15 55
53 19 57
53 25 26
53 28 17
53 29 48
53 31 42
53 32 23
53 35 41
53 37 27
53 38 56
53 40 20
53 45 45
53 47 10
53 48 9
53 49 4
53 52 24
53 56 51
54 4 59
54 5 39
54 8 24
54 10 1
54 14 12
54 15 38
54 16 36
54 19 6
54 20 8
54 21 29
54 22 52
54 23 55
54 26 33
54 27 14
54 29 7
54 30 2
54 34 32
54 35 51
54 36 25
54 37 44
54 38 0
54 39 28
54 42 4
54 47 23
54 50 37
54 51 26
54 52 15
54 53 16
54 56 35
54 58 54
55 4 16
55 6 8
55 8 9
55 9 44
55 10 29
55 14 31
55 16 58
55 24 1
55 28 25
55 31 24
55 33 51
55 37 7
55 38 39
55 43 20
55 44 56
55 47 54
55 54 4
55 56 23
55 57 17
55 59 50
56 2 4
56 3 28
56 8 43
56 10 35
56 11 38
56 12 45
56 13 33
56 18 48
56 19 2
56 20 56
56 21 25
56 24 36
56 29 20
56 30 22
56 32 52
56 35 42
56 38 27
56 40 29
56 41 53
56 46 26
56 49 16
56 50 0
56 59 55
57 1 53
57 4 5
57 5 41
57 9 39
57 12 18
57 14 25
57 15 46
57 17 8
57 23 10
57 24 9
57 29 57
57 34 47
57 36 38
57 38 6
57 46 17
57 47 45
57 49 27
57 51 22
57 53 55
57 54 11
57 56 31
58 2 20
58 5 49
58 8 26
58 9 6
58 11 12
58 12 16
58 15 47
58 19 55
58 21 59
58 23 24
58 25 11
58 26 18
58 27 38
58 29 1
58 32 45
58 41 58
58 46 41
58 49 44
58 50 15
58 54 39
58 55 25
58 59 21
59 3 10
59 6 50
59 8 45
59 12 20
59 15 32
59 16 11
59 17 54
59 18 27
59 19 21
59 26 46
59 27 19
59 28 7
59 29 13
59 33 37
59 34 2
59 36 57
59 37 40
59 40 47
59 45 34
59 46 36
59 48 22
59 49 35
59 56 24
59 57 51
