60
0 1 23
0 4 3
0 6 49
0 10 50
0 11 44
0 12 12
0 13 58
0 16 47
0 18 35
0 23 37
0 24 15
0 39 38
0 45 6
0 50 9
0 52 29
0 58 41
1 11 32
1 12 5
1 13 39
1 14 1
1 16 7
1 18 37
1 23 13
1 27 6
1 30 45
1 33 25
1 36 8
1 37 21
1 38 12
1 40 23
1 43 18
1 50 50
1 51 29
1 52 59
1 57 14
2 2 54
2 6 35
2 15 5
2 17 42
2 20 38
2 25 30
2 26 10
2 38 32
2 39 12
2 41 21
2 47 40
2 48 15
2 49 7
2 52 2
3 2 53
3 3 16
3 4 28
3 8 47
3 10 7
3 17 29
3 18 32
3 19 21
3 20 23
3 22 10
3 30 36
3 31 52
3 33 43
3 34 37
3 37 5
3 38 0
3 41 2
3 43 9
3 45 55
3 46 56
3 57 40
4 8 9
4 9 36
4 14 2
4 18 23
4 21 21
4 26 38
4 33 54
4 34 34
4 36 32
4 37 40
4 38 22
4 41 13
4 49 25
4 51 57
4 57 45
4 59 59
5 5 52
5 6 28
5 7 21
5 8 56
5 9 42
5 14 54
5 17 53
5 18 39
5 23 12
5 25 16
5 31 37
5 35 27
5 42 43
5 47 9
5 53 33
5 56 11
6 4 19
6 5 49
6 9 50
6 11 59
6 18 13
6 20 47
6 22 14
6 24 51
6 27 37
6 35 34
6 36 43
6 41 28
6 42 44
6 46 33
6 53 38
6 55 23
7 4 45
7 8 6
7 9 5
7 12 49
7 13 13
7 20 48
7 21 19
7 22 41
7 25 37
7 27 31
7 28 44
7 34 56
7 37 18
7 39 54
7 40 59
7 43 29
7 44 53
7 48 28
7 50 51
7 53 36
7 54 2
7 56 47
8 0 14
8 1 47
8 2 25
8 3 15
8 6 5
8 7 22
8 8 10
8 14 58
8 15 54
8 20 36
8 33 29
8 34 9
8 38 33
8 39 53
8 45 34
8 46 57
8 56 20
8 57 50
8 58 26
9 1 5
9 2 20
9 6 18
9 10 26
9 24 19
9 28 12
9 31 21
9 34 53
9 37 58
9 41 25
9 44 43
9 46 41
9 49 33
9 53 48
9 54 17
9 56 27
9 58 51
10 0 30
10 2 9
10 6 0
10 7 13
10 9 34
10 11 35
10 15 31
10 19 55
10 25 12
10 26 18
10 27 45
10 29 14
10 31 29
10 33 58
10 34 33
10 35 52
10 36 50
10 37 28
10 44 21
10 49 57
10 56 7
10 58 5
11 0 56
11 7 11
11 10 9
11 16 39
11 17 44
11 20 14
11 21 25
11 24 54
11 25 36
11 26 47
11 30 43
11 33 49
11 34 7
11 36 42
11 44 52
11 45 46
11 50 41
11 51 34
11 55 5
11 57 17
12 2 18
12 7 55
12 19 13
12 30 23
12 42 52
12 43 46
12 44 5
12 47 12
12 48 34
12 49 45
12 50 37
12 51 49
12 55 10
12 56 50
12 59 40
13 2 16
13 7 12
13 11 26
13 16 46
13 18 58
13 25 1
13 27 56
13 28 18
13 30 39
13 31 22
13 40 15
13 43 21
13 48 49
13 49 5
13 51 47
13 53 34
13 58 42
14 1 55
14 3 36
14 4 32
14 9 44
14 28 26
14 31 20
14 50 49
14 55 35
14 58 18
15 0 5
15 2 26
15 4 1
15 6 42
15 7 15
15 8 59
15 10 28
15 11 4
15 14 36
15 16 35
15 23 45
15 26 48
15 29 54
15 34 30
15 35 53
15 37 56
15 41 50
15 45 51
15 46 3
15 48 25
15 53 58
15 55 6
16 9 58
16 10 14
16 12 32
16 13 22
16 15 55
16 17 8
16 21 27
16 27 59
16 28 34
16 30 37
16 35 7
16 39 3
16 40 18
16 47 28
16 50 4
16 51 54
16 52 12
16 54 46
16 55 40
16 56 45
16 58 16
17 5 19
17 9 45
17 10 17
17 17 56
17 20 57
17 25 28
17 36 30
17 37 53
17 40 49
17 44 42
17 48 39
17 51 46
17 52 52
17 55 1
17 57 55
17 58 13
18 3 2
18 4 40
18 6 9
18 9 15
18 13 7
18 16 6
18 19 11
18 21 24
18 28 10
18 32 45
18 33 33
18 35 22
18 37 52
18 40 26
18 41 37
18 43 19
18 46 14
18 50 36
18 52 20
19 1 24
19 2 55
19 3 45
19 6 22
19 9 19
19 10 25
19 12 47
19 14 38
19 20 43
19 21 56
19 23 42
19 24 35
19 25 15
19 31 9
19 32 12
19 35 18
19 36 11
19 37 0
19 38 28
19 49 40
19 56 10
20 1 57
20 7 8
20 12 52
20 13 49
20 19 34
20 20 30
20 21 28
20 22 6
20 24 26
20 28 21
20 32 32
20 33 35
20 34 5
20 39 20
20 42 29
20 44 54
20 50 43
20 51 3
20 55 12
20 57 58
20 58 50
21 9 27
21 12 7
21 13 40
21 15 36
21 16 56
21 22 38
21 26 46
21 32 5
21 34 54
21 47 52
21 56 9
21 58 37
21 59 4
22 0 26
22 2 59
22 18 20
22 24 45
22 28 33
22 29 51
22 32 10
22 35 31
22 37 17
22 40 3
22 46 13
22 47 54
22 48 27
22 52 18
22 53 25
23 3 38
23 10 0
23 18 34
23 21 33
23 25 35
23 28 16
23 31 44
23 38 53
23 39 46
23 51 15
23 55 52
24 4 47
24 8 14
24 12 4
24 14 57
24 15 18
24 18 38
24 20 7
24 26 42
24 32 25
24 34 26
24 38 6
24 39 59
24 41 9
24 43 33
24 54 37
25 1 15
25 2 0
25 9 51
25 12 39
25 13 42
25 14 40
25 15 25
25 22 36
25 23 2
25 27 57
25 29 31
25 31 34
25 37 27
25 38 8
25 45 20
25 47 46
25 49 3
25 50 22
25 53 35
25 58 59
26 1 29
26 6 51
26 13 55
26 19 5
26 20 56
26 27 33
26 29 20
26 31 48
26 35 2
26 38 27
26 42 22
26 45 21
26 59 54
27 10 19
27 11 47
27 14 30
27 15 14
27 18 36
27 20 27
27 22 56
27 24 31
27 26 8
27 29 55
27 30 24
27 33 50
27 37 39
27 38 45
27 40 46
27 43 25
27 49 49
27 50 13
27 58 40
28 5 37
28 8 33
28 16 59
28 38 18
28 42 36
28 46 25
28 51 41
28 52 19
28 59 45
29 5 47
29 12 53
29 13 38
29 14 12
29 17 57
29 18 46
29 21 16
29 22 23
29 25 10
29 28 6
29 31 41
29 33 51
29 34 14
29 38 37
29 39 5
29 41 31
29 54 40
29 55 15
29 56 26
29 59 7
30 1 20
30 2 6
30 3 52
30 14 39
30 18 31
30 19 18
30 21 36
30 22 13
30 23 5
30 24 22
30 25 38
30 38 25
30 47 58
30 49 50
30 53 15
30 54 57
30 56 53
30 59 27
31 0 54
31 2 51
31 3 47
31 8 41
31 17 58
31 22 53
31 24 36
31 31 1
31 32 3
31 36 18
31 38 10
31 39 25
31 40 16
31 44 45
31 48 20
31 49 48
31 54 33
31 57 32
31 59 55
32 0 37
32 1 58
32 6 27
32 17 4
32 23 19
32 26 23
32 27 55
32 30 15
32 37 59
32 38 54
32 39 16
32 41 7
32 46 38
32 47 24
32 49 42
32 50 10
32 51 25
33 11 13
33 14 9
33 20 17
33 23 38
33 24 47
33 25 11
33 31 54
33 33 5
33 36 7
33 37 12
33 38 48
33 39 50
33 42 57
33 43 53
33 45 56
33 47 1
33 55 45
33 59 32
34 3 59
34 5 5
34 6 46
34 8 32
34 9 48
34 12 16
34 18 49
34 19 39
34 29 36
34 33 23
34 36 20
34 40 27
34 41 45
34 53 42
34 58 19
35 0 19
35 7 20
35 9 9
35 11 28
35 13 27
35 14 34
35 18 3
35 19 40
35 20 49
35 24 2
35 30 5
35 33 22
35 37 30
35 39 24
35 40 50
35 41 17
35 43 57
35 44 46
35 45 14
35 46 59
35 48 48
35 53 39
36 2 37
36 4 18
36 5 7
36 6 23
36 10 13
36 14 45
36 16 15
36 17 52
36 22 34
36 27 3
36 28 29
36 31 43
36 33 6
36 35 47
36 36 21
36 41 22
36 42 42
36 43 2
36 45 11
36 56 38
36 59 39
37 0 35
37 8 21
37 10 33
37 13 36
37 17 32
37 18 10
37 21 5
37 27 51
37 28 1
37 35 45
37 40 53
37 44 8
37 45 19
37 47 41
37 50 26
37 51 56
38 2 46
38 6 8
38 9 47
38 10 23
38 11 31
38 13 0
38 14 29
38 16 32
38 18 53
38 25 40
38 29 42
38 31 51
38 34 3
38 35 59
38 38 2
38 42 21
38 43 15
38 44 39
38 45 45
38 46 58
38 49 10
38 52 56
38 55 9
39 1 8
39 3 40
39 4 49
39 12 2
39 16 24
39 18 1
39 19 29
39 25 56
39 29 21
39 32 28
39 33 52
39 41 32
39 43 59
39 44 10
39 48 12
39 49 20
39 52 16
40 2 22
40 4 39
40 9 23
40 12 26
40 15 11
40 16 28
40 17 20
40 18 4
40 21 54
40 22 19
40 23 48
40 25 9
40 26 31
40 28 36
40 33 38
40 41 40
40 43 56
40 45 57
40 47 30
40 48 32
40 50 15
40 52 34
40 56 16
40 59 33
41 1 30
41 2 10
41 5 16
41 6 44
41 7 47
41 8 4
41 11 21
41 14 53
41 16 52
41 22 57
41 25 32
41 27 41
41 31 33
41 33 17
41 34 11
41 38 34
41 40 48
41 42 46
41 43 0
41 46 45
41 55 55
42 1 21
42 3 3
42 4 5
42 5 18
42 7 1
42 10 56
42 13 31
42 16 14
42 17 45
42 22 26
42 29 48
42 32 37
42 36 29
42 37 47
42 39 11
42 41 52
42 42 20
42 45 12
42 51 35
42 56 51
43 8 24
43 9 56
43 11 38
43 12 50
43 13 11
43 14 37
43 17 14
43 18 0
43 21 43
43 28 23
43 34 28
43 35 16
43 37 1
43 40 42
43 42 25
43 46 35
43 47 6
43 49 15
43 56 58
44 1 42
44 5 23
44 7 37
44 9 55
44 11 15
44 15 17
44 23 0
44 24 53
44 25 7
44 29 9
44 30 22
44 37 4
44 39 58
44 57 47
44 58 38
45 9 29
45 11 19
45 12 54
45 18 41
45 22 59
45 26 28
45 30 4
45 32 31
45 35 35
45 36 23
45 38 5
45 39 34
45 40 21
45 41 53
45 42 51
45 44 32
45 46 0
45 48 6
45 51 16
45 54 50
45 56 49
45 57 8
45 58 46
46 0 15
46 1 14
46 3 34
46 6 45
46 7 40
46 10 29
46 13 20
46 19 30
46 20 10
46 22 22
46 25 25
46 27 53
46 29 44
46 30 55
46 32 47
46 36 13
46 38 52
46 39 32
46 40 43
46 42 49
46 44 9
46 47 5
46 48 59
46 52 42
46 53 21
46 54 0
46 57 41
46 58 2
46 59 31
47 0 28
47 2 34
47 5 54
47 9 18
47 12 38
47 16 37
47 20 13
47 21 52
47 22 11
47 31 8
47 37 48
47 38 4
47 40 6
47 52 51
47 53 10
47 54 49
48 6 36
48 9 16
48 12 45
48 16 23
48 21 44
48 22 8
48 26 27
48 33 42
48 39 51
48 40 38
48 42 59
48 44 37
48 45 40
48 49 26
48 50 56
48 52 47
49 1 33
49 3 57
49 4 9
49 6 6
49 8 16
49 9 1
49 10 24
49 19 56
49 21 23
49 25 48
49 26 49
49 27 32
49 28 27
49 38 40
49 40 54
49 49 58
49 55 21
49 57 7
49 58 11
49 59 29
50 0 4
50 3 22
50 7 58
50 12 57
50 13 17
50 17 18
50 20 16
50 23 28
50 26 37
50 27 0
50 28 49
50 29 23
50 32 46
50 33 56
50 35 8
50 36 5
50 39 55
50 42 27
50 46 36
50 54 32
50 58 25
51 0 27
51 2 49
51 6 41
51 10 32
51 11 17
51 13 10
51 19 24
51 31 45
51 32 55
51 34 38
51 38 20
51 39 31
51 40 19
51 42 54
51 43 16
51 48 8
51 50 21
51 52 39
51 54 7
51 57 36
52 0 42
52 1 51
52 5 29
52 8 37
52 9 53
52 12 31
52 13 1
52 22 5
52 23 39
52 24 6
52 28 17
52 35 23
52 43 35
52 48 52
52 49 9
52 51 32
52 59 28
53 0 59
53 7 9
53 19 50
53 20 1
53 25 39
53 27 22
53 28 45
53 29 19
53 32 27
53 33 44
53 39 0
53 42 40
53 43 14
53 46 16
53 59 42
54 0 25
54 4 44
54 7 45
54 11 57
54 12 43
54 14 23
54 15 51
54 17 55
54 22 39
54 23 50
54 24 48
54 28 53
54 29 35
54 35 36
54 36 58
54 38 29
54 51 6
54 53 56
54 55 18
54 56 34
55 3 50
55 10 57
55 14 51
55 20 32
55 26 14
55 31 58
55 32 29
55 37 45
55 38 9
55 39 49
55 42 34
55 43 10
55 46 5
55 49 11
56 0 9
56 5 3
56 6 4
56 8 0
56 11 16
56 18 54
56 19 44
56 25 47
56 26 19
56 30 58
56 32 36
56 33 1
56 35 41
56 38 49
56 44 57
56 46 7
56 47 50
56 49 39
56 55 28
56 57 38
57 1 22
57 2 39
57 8 44
57 11 18
57 14 17
57 24 52
57 25 29
57 29 41
57 30 38
57 31 10
57 39 48
57 42 31
57 50 12
57 51 21
57 52 37
57 56 57
58 2 1
58 6 50
58 7 44
58 11 36
58 17 15
58 18 27
58 26 41
58 30 56
58 31 18
58 33 13
58 40 39
58 42 37
58 43 11
58 46 24
58 48 30
58 53 46
58 54 55
59 0 23
59 3 54
59 5 17
59 7 56
59 11 29
59 18 43
59 19 49
59 21 8
59 27 36
59 35 9
59 40 55
59 41 12
59 46 21
59 49 27
59 50 0
59 56 22
59 57 16
