60
0 0 37
0 1 17
0 3 52
0 4 4
0 5 58
0 6 20
0 7 34
0 8 27
0 9 9
0 10 54
0 11 57
0 12 22
0 13 16
0 14 10
0 15 23
0 16 7
0 17 15
0 18 33
0 20 55
0 21 43
0 22 53
0 23 49
0 24 29
0 25 36
0 26 47
0 27 25
0 28 35
0 29 3
0 30 0
0 31 5
0 32 14
0 33 40
0 34 42
0 35 13
0 36 46
0 37 6
0 38 28
0 39 44
0 40 59
0 41 2
0 42 26
0 43 21
0 45 12
0 46 38
0 47 56
0 49 50
0 50 8
0 51 19
0 53 39
0 54 30
0 55 51
0 56 11
0 57 41
0 58 45
1 0 17
1 2 21
1 3 29
1 4 46
1 5 39
1 6 8
1 7 56
1 9 24
1 10 1
1 12 43
1 14 47
1 15 9
1 16 27
1 17 48
1 18 44
1 20 25
1 21 40
1 22 58
1 24 54
1 25 26
1 26 42
1 29 7
1 30 13
1 31 2
1 33 4
1 34 41
1 35 14
1 36 57
1 37 37
1 39 59
1 40 16
1 41 53
1 42 31
1 43 6
1 44 28
1 45 38
1 46 0
1 48 49
1 52 55
1 53 3
1 54 32
1 55 50
1 56 10
1 58 12
1 59 36
2 1 20
2 2 19
2 4 51
2 5 10
2 6 29
2 7 50
2 9 33
2 10 21
2 11 17
2 12 2
2 13 28
2 14 3
2 16 5
2 18 4
2 19 41
2 20 54
2 21 8
2 22 14
2 23 34
2 24 43
2 26 55
2 27 24
2 28 48
2 29 36
2 30 7
2 31 30
2 32 25
2 33 0
2 34 15
2 35 27
2 36 31
2 37 52
2 39 6
2 40 42
2 42 49
2 43 11
2 44 38
2 45 18
2 46 35
2 47 12
2 48 57
2 51 23
2 52 13
2 53 47
2 54 37
2 55 46
2 56 56
2 57 9
2 59 39
3 1 41
3 2 17
3 3 8
3 4 28
3 5 23
3 6 27
3 7 4
3 8 13
3 9 50
3 10 25
3 11 52
3 12 42
3 14 14
3 15 43
3 16 35
3 17 58
3 18 21
3 19 47
3 20 38
3 21 49
3 22 37
3 23 24
3 24 56
3 25 19
3 26 36
3 27 51
3 28 39
3 29 22
3 30 34
3 32 0
3 33 46
3 36 3
3 37 54
3 38 16
3 39 9
3 40 15
3 41 1
3 45 44
3 46 7
3 48 5
3 49 40
3 51 59
3 52 32
3 53 12
3 54 2
3 55 11
3 56 29
3 57 18
3 58 55
3 59 6
4 1 3
4 2 33
4 3 44
4 4 41
4 5 6
4 7 25
4 8 14
4 9 35
4 10 28
4 14 38
4 15 49
4 16 24
4 17 50
4 18 20
4 19 13
4 20 48
4 21 30
4 22 36
4 24 19
4 25 23
4 27 1
4 28 2
4 29 26
4 30 55
4 31 32
4 32 57
4 33 29
4 34 27
4 35 51
4 36 59
4 37 45
4 40 56
4 41 21
4 42 34
4 44 43
4 45 17
4 46 37
4 48 40
4 49 8
4 50 15
4 51 47
4 52 39
4 54 52
4 55 10
4 56 54
4 57 58
4 58 16
4 59 31
5 1 49
5 2 18
5 3 19
5 5 29
5 6 14
5 7 37
5 8 7
5 9 3
5 10 8
5 11 36
5 12 41
5 13 48
5 14 26
5 15 10
5 16 12
5 17 34
5 18 31
5 20 2
5 21 58
5 22 4
5 23 0
5 24 9
5 26 22
5 27 42
5 29 6
5 30 52
5 31 13
5 32 28
5 33 43
5 35 11
5 37 17
5 38 21
5 39 30
5 40 1
5 42 51
5 43 57
5 44 45
5 45 32
5 47 33
5 48 16
5 49 20
5 50 56
5 51 46
5 52 5
5 53 44
5 55 27
5 56 39
5 57 40
5 58 47
5 59 38
6 0 23
6 1 42
6 3 14
6 4 55
6 5 34
6 6 6
6 7 58
6 8 39
6 10 44
6 11 51
6 12 19
6 13 50
6 15 54
6 16 15
6 17 36
6 18 32
6 20 35
6 21 28
6 22 33
6 23 21
6 24 38
6 25 3
6 26 45
6 27 2
6 28 41
6 29 18
6 31 20
6 32 11
6 33 1
6 34 25
6 35 53
6 37 10
6 39 52
6 40 27
6 42 4
6 43 37
6 44 56
6 45 30
6 46 22
6 47 43
6 48 12
6 49 0
6 50 40
6 52 26
6 53 24
6 54 5
6 55 9
6 56 8
6 57 16
6 58 31
6 59 17
7 0 51
7 2 40
7 3 36
7 4 57
7 6 48
7 7 41
7 8 17
7 9 53
7 10 34
7 12 50
7 13 47
7 14 52
7 16 58
7 17 19
7 18 5
7 19 39
7 20 27
7 22 49
7 23 55
7 24 4
7 25 31
7 26 56
7 27 22
7 28 30
7 29 1
7 30 28
7 31 29
7 33 32
7 34 21
7 36 9
7 37 11
7 38 24
7 39 42
7 40 25
7 42 15
7 43 16
7 44 35
7 45 10
7 46 12
7 47 13
7 50 26
7 51 54
7 52 3
7 53 8
7 54 45
7 55 18
7 56 44
7 57 37
7 58 33
7 59 7
8 1 47
8 2 22
8 3 9
8 4 16
8 5 49
8 6 37
8 7 53
8 8 29
8 11 42
8 12 7
8 14 20
8 16 28
8 17 31
8 19 38
8 20 13
8 22 17
8 23 5
8 24 41
8 26 44
8 27 27
8 28 51
8 29 11
8 30 56
8 32 24
8 33 45
8 34 57
8 35 21
8 36 1
8 37 50
8 40 35
8 41 40
8 42 6
8 43 34
8 44 19
8 45 3
8 47 48
8 49 26
8 50 0
8 52 14
8 53 54
8 54 55
8 55 58
8 56 30
8 57 33
8 58 8
8 59 25
9 0 32
9 1 15
9 2 52
9 4 38
9 5 5
9 6 50
9 7 54
9 8 47
9 9 13
9 11 14
9 12 55
9 13 37
9 15 6
9 16 43
9 18 45
9 19 44
9 20 58
9 23 26
9 24 48
9 25 49
9 26 23
9 27 9
9 29 19
9 30 35
9 32 51
9 33 10
9 34 46
9 35 4
9 36 21
9 37 56
9 38 40
9 39 31
9 40 33
9 41 57
9 42 29
9 43 39
9 44 16
9 46 11
9 47 3
9 49 59
9 50 27
9 52 2
9 55 34
9 56 0
9 57 1
9 59 30
10 0 18
10 1 56
10 2 49
10 3 33
10 5 55
10 6 36
10 7 21
10 10 53
10 14 45
10 15 50
10 16 25
10 17 17
10 18 41
10 19 1
10 20 24
10 21 26
10 22 30
10 23 51
10 24 16
10 26 15
10 27 14
10 29 32
10 30 8
10 31 47
10 32 23
10 33 35
10 35 43
10 36 40
10 37 4
10 38 54
10 40 37
10 41 0
10 42 7
10 43 20
10 44 52
10 45 19
10 46 58
10 47 59
10 48 10
10 49 39
10 51 38
10 52 42
10 54 57
10 56 2
10 57 6
10 58 22
10 59 11
11 1 23
11 3 31
11 4 50
11 5 12
11 6 2
11 7 22
11 8 36
11 9 28
11 11 13
11 12 46
11 13 11
11 14 16
11 15 37
11 16 6
11 18 27
11 20 1
11 22 52
11 23 33
11 24 26
11 26 5
11 27 55
11 28 4
11 29 10
11 30 43
11 31 14
11 32 44
11 33 19
11 34 30
11 35 59
11 36 32
11 37 38
11 38 0
11 39 51
11 40 18
11 41 3
11 42 57
11 43 35
11 44 25
11 45 40
11 46 34
11 47 49
11 48 45
11 49 53
11 50 7
11 51 21
11 52 8
11 53 42
11 54 56
11 55 20
11 56 9
11 57 29
11 59 15
12 0 13
12 1 35
12 2 14
12 3 23
12 4 3
12 5 25
12 6 4
12 7 43
12 8 11
12 9 20
12 10 57
12 13 6
12 14 5
12 16 51
12 17 53
12 19 10
12 20 37
12 21 17
12 23 45
12 24 46
12 26 21
12 27 56
12 28 31
12 29 44
12 30 24
12 32 16
12 34 7
12 35 36
12 36 0
12 37 55
12 38 47
12 39 29
12 40 9
12 41 26
12 42 19
12 43 18
12 44 49
12 45 41
12 46 15
12 47 54
12 48 22
12 49 48
12 50 58
12 51 30
12 52 12
12 53 59
12 55 40
12 56 42
12 57 39
12 58 1
13 0 9
13 2 5
13 3 15
13 4 44
13 5 19
13 6 7
13 7 8
13 8 37
13 11 56
13 12 26
13 13 51
13 14 24
13 15 11
13 16 32
13 17 30
13 18 39
13 19 53
13 20 40
13 21 36
13 22 42
13 23 31
13 24 12
13 25 57
13 26 50
13 27 43
13 28 27
13 29 59
13 30 2
13 31 58
13 32 34
13 33 18
13 35 41
13 36 45
13 37 33
13 38 10
13 41 52
13 43 0
13 44 13
13 45 22
13 46 29
13 47 46
13 48 17
13 49 1
13 50 47
13 51 3
13 52 25
13 53 49
13 54 54
13 55 48
13 56 6
13 59 4
14 1 37
14 2 29
14 4 26
14 6 58
14 7 14
14 8 16
14 9 43
14 11 40
14 12 33
14 13 30
14 15 24
14 16 39
14 17 55
14 19 52
14 20 45
14 23 17
14 29 49
14 30 6
14 31 27
14 32 20
14 33 47
14 34 59
14 35 7
14 36 11
14 37 51
14 38 12
14 39 3
14 41 8
14 42 42
14 43 36
14 44 48
14 45 31
14 46 50
14 47 57
14 48 54
14 49 44
14 52 28
14 54 9
14 55 35
14 57 0
14 58 32
14 59 41
15 0 16
15 1 22
15 2 55
15 3 57
15 4 7
15 5 1
15 7 26
15 8 18
15 10 50
15 11 47
15 12 58
15 13 0
15 14 39
15 15 12
15 16 3
15 17 51
15 18 53
15 20 20
15 21 25
15 22 31
15 23 32
15 24 11
15 25 37
15 27 45
15 28 6
15 29 13
15 32 30
15 33 48
15 34 40
15 36 29
15 38 43
15 39 27
15 41 19
15 42 24
15 43 2
15 44 14
15 45 52
15 47 36
15 48 44
15 49 21
15 50 34
15 55 54
15 56 38
15 57 59
15 58 46
16 0 55
16 1 50
16 2 28
16 3 6
16 4 32
16 5 8
16 6 35
16 7 31
16 8 54
16 9 34
16 10 49
16 11 4
16 12 36
16 14 11
16 15 33
16 16 22
16 19 18
16 20 16
16 21 23
16 22 25
16 23 41
16 25 44
16 27 48
16 28 0
16 29 21
16 30 45
16 31 43
16 32 37
16 33 42
16 34 10
16 37 46
16 38 57
16 39 2
16 40 38
16 41 51
16 42 13
16 43 40
16 45 9
16 46 19
16 47 29
16 48 26
16 49 5
16 50 14
16 51 52
16 52 20
16 53 53
16 54 3
16 55 1
16 56 15
16 58 27
17 0 1
17 1 40
17 2 44
17 3 17
17 4 6
17 5 22
17 6 55
17 7 47
17 8 33
17 9 4
17 10 45
17 11 37
17 12 39
17 13 31
17 14 36
17 15 3
17 18 30
17 20 29
17 21 38
17 22 28
17 24 59
17 25 25
17 26 32
17 27 19
17 29 54
17 30 23
17 32 10
17 35 57
17 36 53
17 37 27
17 38 18
17 39 12
17 40 41
17 43 46
17 44 8
17 45 56
17 46 51
17 47 58
17 48 48
17 49 35
17 50 42
17 51 15
17 52 0
17 53 50
17 54 20
17 55 26
17 56 52
17 57 34
17 58 5
17 59 43
18 0 30
18 1 31
18 3 48
18 4 58
18 6 19
18 7 40
18 8 46
18 9 37
18 11 55
18 12 12
18 13 42
18 14 17
18 15 4
18 16 10
18 18 57
18 19 32
18 22 21
18 23 38
18 24 15
18 25 2
18 26 9
18 27 3
18 28 14
18 29 24
18 30 26
18 31 22
18 32 54
18 33 50
18 35 29
18 36 41
18 37 23
18 38 36
18 39 34
18 40 51
18 41 45
18 43 25
18 44 47
18 45 53
18 46 18
18 47 7
18 48 39
18 50 11
18 51 27
18 52 44
18 53 1
18 54 59
18 55 0
18 56 13
18 57 5
18 58 49
18 59 8
19 0 43
19 1 7
19 2 2
19 3 13
19 4 45
19 5 21
19 7 29
19 9 38
19 10 36
19 11 8
19 12 16
19 13 58
19 14 1
19 15 0
19 16 46
19 18 26
19 19 11
19 20 34
19 21 14
19 22 59
19 23 23
19 24 27
19 25 47
19 26 24
19 28 40
19 30 31
19 31 15
19 32 17
19 33 54
19 35 49
19 36 52
19 37 18
19 38 56
19 39 22
19 40 57
19 41 30
19 43 9
19 44 4
19 45 42
19 46 3
19 47 6
19 50 32
19 51 28
19 52 37
19 53 19
19 54 51
19 55 39
19 56 33
19 57 10
19 58 48
20 3 55
20 4 54
20 5 59
20 6 24
20 7 11
20 8 48
20 9 42
20 10 2
20 12 30
20 15 34
20 16 29
20 17 57
20 18 28
20 19 25
20 23 16
20 24 44
20 26 52
20 27 17
20 31 45
20 32 47
20 33 8
20 35 31
20 38 38
20 39 14
20 41 20
20 42 18
20 43 15
20 44 51
20 46 5
20 47 32
20 48 1
20 49 10
20 50 19
20 54 13
20 55 12
20 56 3
20 57 36
20 59 22
21 0 34
21 1 12
21 2 37
21 3 56
21 4 13
21 5 50
21 6 5
21 7 24
21 8 2
21 9 27
21 10 29
21 12 10
21 13 4
21 14 30
21 15 40
21 16 55
21 17 46
21 18 43
21 19 16
21 20 51
21 21 11
21 24 3
21 25 0
21 27 8
21 28 21
21 29 33
21 30 58
21 31 41
21 32 19
21 33 59
21 34 18
21 35 17
21 36 44
21 37 25
21 38 48
21 39 35
21 40 31
21 41 7
21 42 1
21 43 49
21 44 22
21 45 57
21 46 14
21 47 20
21 49 36
21 51 42
21 52 6
21 53 38
21 54 28
21 55 52
21 56 45
21 58 15
21 59 47
22 2 25
22 3 47
22 5 18
22 7 2
22 9 55
22 10 17
22 11 48
22 12 44
22 13 5
22 14 46
22 15 7
22 16 8
22 18 34
22 19 58
22 20 28
22 22 0
22 23 29
22 25 30
22 26 57
22 27 12
22 29 27
22 30 41
22 32 6
22 33 26
22 34 11
22 35 45
22 38 19
22 39 49
22 40 32
22 41 38
22 42 3
22 43 53
22 44 24
22 45 14
22 46 40
22 47 16
22 48 9
22 51 51
22 54 10
22 55 22
22 56 36
22 57 20
22 58 35
22 59 50
23 0 35
23 2 51
23 4 14
23 5 32
23 6 52
23 7 42
23 8 5
23 9 45
23 10 43
23 11 12
23 13 1
23 14 57
23 15 36
23 17 4
23 20 18
23 21 34
23 22 11
23 23 6
23 24 49
23 25 13
23 28 59
23 29 39
23 31 44
23 32 8
23 33 3
23 36 20
23 37 16
23 38 53
23 39 38
23 40 23
23 41 54
23 42 55
23 43 19
23 45 2
23 46 56
23 47 50
23 48 46
23 50 30
23 51 58
23 52 22
23 53 41
23 54 24
23 55 21
23 56 48
24 0 7
24 1 28
24 2 26
24 3 30
24 4 27
24 5 14
24 6 3
24 7 1
24 8 20
24 9 31
24 10 24
24 11 21
24 15 13
24 16 48
24 17 29
24 18 25
24 19 50
24 20 8
24 22 16
24 23 2
24 24 45
24 25 15
24 26 43
24 27 38
24 28 17
24 30 18
24 31 57
24 32 56
24 33 49
24 34 6
24 35 5
24 37 22
24 38 52
24 40 11
24 41 44
24 43 32
24 44 46
24 45 33
24 46 36
24 47 37
24 48 35
24 49 58
24 50 41
24 51 40
24 54 39
24 55 42
25 0 44
25 1 51
25 2 23
25 3 46
25 4 48
25 5 26
25 6 39
25 7 5
25 9 36
25 10 3
25 12 45
25 13 41
25 14 31
25 15 55
25 16 54
25 18 59
25 20 10
25 21 27
25 23 25
25 24 50
25 25 56
25 27 11
25 29 8
25 30 32
25 31 40
25 32 42
25 33 37
25 34 34
25 35 1
25 39 57
25 40 21
25 41 12
25 42 47
25 44 6
25 45 15
25 46 16
25 48 2
25 49 52
25 51 24
25 52 30
25 53 0
25 54 18
25 57 28
25 58 43
25 59 9
26 0 36
26 5 31
26 6 40
26 7 3
26 8 55
26 9 8
26 10 56
26 11 33
26 12 48
26 13 57
26 14 44
26 15 29
26 16 50
26 17 25
26 18 37
26 20 14
26 22 13
26 24 47
26 26 35
26 27 49
26 28 28
26 29 17
26 30 30
26 31 11
26 32 15
26 34 1
26 36 54
26 37 7
26 38 23
26 39 24
26 40 0
26 41 6
26 42 43
26 43 12
26 44 32
26 45 20
26 46 26
26 47 52
26 50 5
26 51 16
26 53 34
26 54 46
26 55 2
26 56 53
26 58 59
27 0 0
27 2 34
27 3 11
27 4 49
27 6 59
27 7 6
27 8 43
27 9 12
27 10 35
27 11 15
27 12 24
27 13 27
27 14 8
27 15 5
27 16 19
27 17 37
27 19 28
27 20 46
27 21 7
27 22 56
27 23 39
27 24 14
27 25 22
27 26 10
27 27 18
27 28 23
27 29 40
27 30 57
27 32 29
27 34 47
27 35 20
27 36 16
27 38 17
27 40 26
27 41 55
27 42 50
27 43 44
27 44 33
27 45 58
27 46 42
27 47 1
27 48 30
27 50 3
27 52 52
27 53 21
27 54 53
27 55 13
27 57 48
27 58 41
27 59 2
28 0 25
28 1 26
28 2 42
28 4 24
28 5 11
28 7 48
28 8 44
28 9 52
28 10 0
28 11 9
28 13 18
28 14 21
28 15 51
28 16 30
28 17 3
28 18 16
28 19 29
28 20 43
28 22 6
28 23 8
28 25 50
28 26 7
28 27 20
28 29 14
28 30 15
28 31 33
28 32 55
28 35 23
28 36 38
28 37 34
28 38 58
28 39 5
28 40 4
28 41 17
28 43 56
28 44 39
28 45 36
28 46 2
28 47 53
28 48 41
28 49 13
28 50 31
28 51 1
28 52 54
28 53 57
28 54 19
28 55 59
28 56 32
28 57 46
28 58 28
28 59 40
29 0 49
29 1 24
29 2 59
29 3 53
29 4 10
29 5 9
29 6 28
29 7 19
29 8 0
29 10 18
29 11 11
29 12 6
29 13 20
29 15 8
29 16 17
29 17 23
29 18 50
29 19 57
29 22 32
29 23 22
29 24 52
29 25 46
29 27 15
29 28 45
29 29 38
29 30 5
29 31 31
29 33 58
29 35 56
29 36 34
29 38 30
29 39 16
29 40 3
29 41 39
29 42 14
29 43 54
29 44 42
29 47 2
29 48 47
29 50 33
29 51 37
29 52 36
29 54 48
29 55 29
29 56 1
29 57 21
29 58 44
29 59 26
30 0 19
30 1 54
30 2 48
30 3 58
30 4 1
30 5 15
30 7 18
30 10 55
30 11 38
30 12 47
30 13 2
30 14 27
30 15 14
30 17 9
30 19 17
30 20 49
30 21 12
30 22 41
30 24 23
30 25 51
30 27 36
30 28 44
30 30 37
30 31 28
30 32 45
30 33 57
30 34 31
30 36 5
30 37 29
30 38 46
30 40 50
30 41 13
30 42 52
30 43 26
30 44 0
30 45 21
30 47 22
30 48 59
30 49 4
30 50 10
30 51 8
30 52 43
30 53 7
30 54 33
30 56 20
30 57 3
30 59 24
31 2 12
31 3 16
31 4 22
31 5 57
31 6 21
31 8 31
31 9 49
31 10 48
31 11 20
31 12 29
31 13 17
31 14 32
31 15 28
31 17 2
31 18 9
31 19 54
31 20 26
31 21 15
31 23 42
31 25 39
31 26 1
31 27 30
31 28 43
31 29 56
31 30 38
31 31 51
31 32 41
31 33 14
31 35 40
31 36 19
31 38 50
31 39 36
31 41 10
31 42 58
31 43 45
31 44 37
31 46 53
31 47 25
31 50 55
31 52 11
31 53 18
31 55 44
31 56 59
31 57 7
31 58 0
31 59 23
32 0 45
32 1 18
32 2 0
32 3 21
32 4 8
32 5 40
32 6 41
32 8 6
32 9 58
32 10 23
32 11 44
32 12 31
32 13 38
32 15 59
32 16 26
32 17 27
32 18 13
32 20 52
32 21 29
32 22 3
32 23 57
32 24 17
32 25 10
32 26 16
32 27 32
32 28 47
32 29 2
32 30 50
32 31 39
32 32 22
32 33 51
32 34 19
32 35 34
32 38 1
32 39 7
32 41 9
32 42 33
32 45 28
32 47 11
32 48 4
32 49 25
32 52 24
32 53 30
32 55 53
32 56 5
32 57 43
32 58 54
32 59 37
33 0 56
33 1 57
33 2 3
33 3 43
33 4 5
33 5 41
33 6 54
33 7 55
33 8 8
33 9 0
33 10 15
33 11 6
33 12 28
33 14 4
33 15 22
33 18 38
33 19 40
33 20 19
33 21 32
33 22 10
33 25 27
33 26 49
33 27 58
33 28 20
33 29 46
33 30 47
33 31 7
33 33 30
33 35 16
33 36 36
33 38 59
33 39 48
33 40 44
33 41 29
33 42 35
33 43 24
33 44 21
33 46 39
33 47 17
33 48 13
33 49 34
33 50 37
33 51 11
33 53 51
33 54 26
33 55 33
33 57 45
33 59 53
34 0 28
34 1 46
34 3 41
34 4 42
34 5 43
34 6 1
34 8 51
34 9 16
34 11 18
34 12 11
34 13 56
34 14 2
34 15 45
34 16 21
34 17 35
34 18 47
34 19 37
34 20 31
34 22 48
34 24 10
34 25 20
34 26 34
34 27 4
34 28 49
34 29 5
34 30 25
34 31 52
34 32 40
34 33 23
34 35 50
34 36 26
34 38 3
34 41 14
34 43 33
34 44 30
34 46 57
34 47 15
34 49 29
34 50 54
34 51 0
34 52 7
34 54 44
34 55 8
34 57 55
34 58 38
34 59 13
35 2 30
35 3 1
35 4 31
35 5 7
35 6 33
35 7 57
35 8 56
35 9 44
35 10 32
35 11 22
35 12 34
35 13 19
35 14 18
35 15 41
35 16 45
35 17 59
35 18 48
35 19 15
35 20 42
35 21 16
35 22 35
35 23 13
35 25 5
35 26 39
35 31 46
35 32 36
35 34 29
35 35 6
35 36 24
35 37 2
35 38 14
35 39 17
35 40 49
35 41 4
35 42 23
35 44 3
35 45 54
35 46 9
35 47 55
35 48 51
35 49 37
35 51 50
35 52 27
35 55 28
35 57 12
35 59 20
36 0 38
36 1 11
36 2 27
36 3 54
36 4 36
36 5 47
36 6 10
36 7 49
36 11 53
36 12 51
36 15 46
36 16 23
36 17 26
36 18 35
36 19 21
36 20 56
36 22 9
36 24 31
36 25 29
36 27 52
36 28 25
36 29 28
36 30 44
36 31 42
36 33 6
36 34 43
36 35 24
36 37 1
36 39 33
36 40 14
36 42 40
36 44 7
36 45 16
36 46 20
36 48 34
36 49 45
36 50 59
36 51 2
36 52 17
36 53 5
36 54 15
36 55 32
36 56 22
36 58 3
36 59 18
37 0 27
37 2 9
37 3 42
37 4 23
37 5 3
37 6 49
37 7 46
37 9 54
37 10 5
37 11 32
37 12 25
37 13 22
37 15 15
37 16 40
37 17 52
37 18 0
37 20 53
37 21 48
37 22 34
37 23 1
37 24 20
37 25 7
37 26 51
37 27 16
37 28 56
37 29 30
37 31 50
37 32 33
37 34 17
37 35 35
37 36 39
37 37 21
37 39 4
37 41 24
37 42 12
37 43 10
37 44 44
37 45 37
37 46 59
37 47 38
37 48 29
37 49 43
37 50 6
37 51 45
37 52 31
37 53 26
37 54 41
37 56 18
37 57 14
37 58 2
37 59 57
38 1 2
38 2 45
38 3 24
38 4 52
38 5 27
38 6 34
38 7 9
38 8 10
38 9 22
38 10 33
38 11 54
38 12 18
38 13 13
38 14 49
38 17 40
38 18 17
38 19 0
38 20 12
38 21 53
38 22 57
38 23 48
38 24 32
38 25 16
38 26 8
38 27 37
38 28 29
38 30 42
38 31 3
38 32 21
38 33 55
38 35 46
38 36 43
38 37 5
38 38 20
38 39 19
38 40 7
38 42 39
38 43 47
38 44 15
38 46 41
38 47 30
38 48 6
38 49 31
38 51 35
38 52 58
38 53 36
38 54 11
38 55 38
38 56 51
38 58 14
38 59 59
39 0 47
39 1 1
39 2 56
39 3 35
39 4 53
39 5 52
39 6 16
39 7 0
39 8 19
39 9 57
39 10 37
39 11 31
39 16 2
39 17 32
39 18 51
39 19 34
39 20 36
39 21 9
39 22 54
39 23 44
39 24 21
39 25 33
39 27 59
39 28 8
39 29 55
39 30 46
39 31 48
39 32 50
39 33 12
39 34 3
39 35 15
39 36 14
39 39 41
39 41 28
39 42 22
39 43 5
39 44 10
39 45 27
39 46 45
39 47 23
39 49 30
39 50 39
39 52 4
39 53 20
39 54 6
39 55 24
39 56 43
39 57 17
39 58 18
39 59 49
40 0 3
40 1 32
40 2 53
40 3 51
40 5 42
40 6 44
40 8 9
40 9 25
40 11 5
40 12 23
40 13 46
40 14 54
40 15 21
40 16 47
40 17 41
40 18 15
40 19 12
40 20 11
40 21 56
40 22 50
40 23 28
40 24 6
40 25 24
40 28 36
40 29 43
40 32 31
40 33 16
40 34 2
40 35 39
40 36 33
40 37 49
40 38 26
40 40 20
40 41 58
40 42 48
40 43 52
40 44 55
40 45 4
40 46 30
40 47 40
40 48 14
40 49 57
40 50 17
40 51 22
40 52 59
40 53 45
40 54 34
40 56 27
40 57 19
40 58 29
41 1 14
41 2 47
41 4 40
41 5 46
41 6 38
41 7 30
41 8 57
41 9 18
41 10 51
41 11 26
41 12 17
41 13 21
41 15 39
41 16 0
41 18 42
41 19 49
41 21 2
41 22 29
41 23 56
41 24 55
41 26 4
41 27 53
41 29 45
41 30 22
41 31 23
41 32 59
41 33 25
41 34 20
41 35 54
41 36 15
41 37 48
41 38 32
41 39 50
41 40 52
41 43 28
41 45 8
41 46 44
41 47 9
41 48 19
41 49 11
41 50 36
41 52 16
41 53 35
41 55 6
41 56 37
41 57 31
41 59 12
42 0 10
42 1 38
42 3 0
42 4 39
42 5 48
42 6 30
42 7 59
42 8 23
42 9 51
42 10 6
42 11 2
42 12 54
42 13 32
42 15 44
42 17 1
42 18 46
42 19 5
42 20 9
42 21 47
42 22 19
42 23 27
42 25 45
42 26 3
42 27 57
42 28 22
42 29 12
42 30 29
42 31 26
42 33 53
42 34 50
42 35 18
42 36 56
42 38 34
42 39 37
42 40 24
42 41 43
42 43 7
42 44 41
42 45 25
42 46 28
42 48 8
42 49 33
42 51 49
42 54 4
42 55 15
42 56 55
42 57 52
42 58 11
42 59 16
43 0 20
43 1 25
43 2 38
43 3 37
43 4 19
43 5 17
43 6 46
43 8 52
43 9 5
43 10 47
43 11 16
43 14 56
43 15 26
43 16 4
43 17 12
43 18 2
43 19 55
43 20 32
43 21 59
43 22 18
43 23 11
43 25 48
43 26 40
43 27 35
43 28 3
43 29 9
43 30 51
43 31 0
43 32 13
43 33 39
43 35 10
43 36 27
43 37 30
43 38 44
43 40 43
43 41 22
43 42 53
43 45 45
43 47 42
43 48 7
43 49 49
43 50 57
43 52 50
43 53 23
43 54 29
43 55 41
43 59 54
44 0 53
44 1 33
44 2 35
44 4 47
44 6 9
44 7 52
44 8 42
44 9 41
44 10 39
44 11 34
44 12 1
44 14 58
44 15 38
44 17 44
44 18 36
44 20 17
44 21 10
44 23 59
44 24 2
44 25 6
44 26 31
44 28 11
44 29 57
44 30 19
44 31 21
44 32 5
44 33 27
44 34 51
44 35 48
44 36 18
44 38 45
44 39 15
44 40 29
44 41 56
44 42 37
44 43 13
44 44 50
44 45 24
44 46 8
44 47 0
44 48 55
44 49 28
44 50 49
44 51 7
44 52 23
44 53 25
44 54 40
44 55 43
44 57 54
44 58 4
45 0 31
45 1 27
45 3 20
45 4 30
45 6 45
45 7 12
45 8 40
45 9 29
45 11 46
45 13 15
45 15 32
45 16 57
45 17 16
45 19 42
45 20 50
45 21 0
45 22 38
45 23 54
45 24 13
45 25 53
45 26 11
45 27 6
45 29 51
45 30 14
45 31 55
45 33 44
45 34 33
45 35 26
45 36 23
45 37 9
45 38 49
45 39 21
45 40 17
45 41 35
45 42 28
45 43 22
45 46 47
45 47 24
45 49 2
45 50 52
45 51 39
45 52 34
45 53 58
45 54 43
45 55 56
45 56 41
45 57 25
45 59 48
46 0 40
46 1 29
46 2 20
46 5 36
46 6 57
46 7 15
46 8 25
46 9 1
46 10 14
46 12 52
46 13 3
46 14 37
46 15 19
46 16 11
46 17 33
46 18 49
46 19 8
46 20 41
46 21 6
46 22 7
46 24 18
46 26 59
46 27 46
46 28 5
46 30 53
46 32 32
46 33 17
46 34 0
46 35 42
46 37 26
46 38 2
46 40 10
46 41 31
46 42 54
46 44 58
46 46 23
46 47 44
46 48 24
46 49 9
46 50 48
46 51 13
46 54 21
46 55 45
46 56 34
46 57 22
46 59 27
47 2 15
47 3 2
47 4 35
47 5 44
47 6 18
47 9 30
47 10 11
47 12 56
47 13 29
47 14 51
47 17 49
47 18 10
47 19 43
47 21 3
47 22 40
47 23 37
47 24 28
47 26 46
47 27 5
47 28 32
47 29 52
47 30 21
47 31 9
47 32 39
47 33 24
47 35 25
47 36 58
47 37 31
47 39 47
47 40 45
47 41 48
47 44 53
47 46 54
47 47 26
47 48 42
47 50 16
47 51 55
47 52 1
47 53 6
47 54 50
47 55 36
47 56 7
47 57 13
47 58 20
47 59 19
48 0 6
48 2 8
48 5 54
48 6 31
48 7 51
48 8 22
48 9 10
48 10 30
48 11 24
48 12 35
48 13 49
48 14 40
48 15 57
48 16 20
48 17 28
48 19 3
48 20 0
48 21 19
48 22 44
48 24 5
48 25 9
48 26 37
48 27 21
48 29 25
48 30 27
48 32 26
48 33 15
48 34 4
48 35 12
48 37 43
48 38 29
48 39 39
48 40 36
48 41 18
48 44 23
48 45 55
48 46 48
48 47 41
48 48 56
48 49 47
48 50 45
48 51 53
48 52 46
48 53 32
48 55 14
48 57 42
48 58 13
48 59 58
49 1 52
49 2 1
49 3 26
49 4 20
49 5 53
49 6 32
49 7 39
49 9 21
49 10 7
49 12 57
49 13 35
49 14 6
49 15 47
49 17 10
49 18 58
49 19 4
49 20 5
49 22 12
49 23 43
49 24 22
49 25 11
49 26 48
49 27 28
49 29 34
49 30 3
49 32 27
49 33 41
49 34 8
49 35 38
49 36 42
49 38 51
49 39 54
49 40 40
49 42 44
49 43 30
49 44 9
49 46 31
49 50 18
49 51 14
49 52 15
49 53 56
49 54 16
49 55 37
49 56 49
49 57 50
49 58 23
49 59 46
50 0 21
50 1 48
50 2 16
50 3 4
50 4 25
50 5 24
50 6 26
50 7 44
50 8 41
50 9 11
50 10 31
50 11 29
50 12 49
50 13 43
50 14 50
50 17 20
50 18 22
50 20 59
50 21 37
50 22 55
50 23 40
50 24 58
50 25 52
50 26 28
50 27 13
50 28 42
50 29 15
50 30 17
50 31 54
50 32 53
50 35 32
50 36 30
50 38 27
50 39 23
50 41 5
50 42 45
50 43 3
50 44 36
50 45 35
50 46 10
50 47 51
50 48 38
50 49 7
50 51 18
50 52 9
50 53 33
50 54 0
50 55 19
50 56 12
50 57 56
50 58 57
50 59 14
51 0 24
51 1 5
51 2 54
51 4 17
51 6 11
51 7 13
51 8 30
51 9 47
51 11 58
51 12 9
51 13 33
51 14 34
51 15 35
51 17 43
51 18 14
51 19 59
51 20 44
51 21 52
51 22 51
51 23 15
51 24 40
51 25 38
51 26 29
51 27 39
51 28 50
51 29 16
51 30 48
51 32 3
51 34 53
51 35 0
51 37 36
51 38 6
51 39 20
51 42 32
51 43 41
51 45 49
51 46 55
51 47 8
51 48 28
51 49 12
51 50 22
51 51 10
51 52 19
51 53 2
51 54 1
51 56 31
51 57 23
51 58 7
51 59 45
52 0 5
52 1 10
52 2 24
52 3 22
52 4 56
52 5 35
52 6 17
52 7 45
52 8 59
52 9 39
52 10 46
52 11 43
52 12 0
52 14 28
52 16 9
52 18 55
52 19 30
52 20 15
52 21 42
52 22 26
52 23 18
52 24 36
52 25 1
52 27 7
52 28 57
52 30 12
52 32 49
52 33 38
52 35 52
52 36 6
52 37 44
52 38 31
52 40 13
52 41 33
52 42 8
52 43 23
52 44 11
52 45 50
52 46 27
52 47 19
52 48 53
52 50 4
52 51 41
52 52 29
52 53 16
52 54 58
52 55 25
52 56 47
52 58 40
53 2 4
53 4 12
53 5 45
53 6 51
53 7 27
53 8 3
53 9 15
53 11 1
53 12 20
53 13 10
53 15 53
53 16 41
53 17 22
53 18 11
53 19 26
53 21 13
53 22 39
53 23 14
53 24 7
53 25 32
53 26 30
53 27 31
53 28 24
53 29 42
53 30 36
53 31 6
53 33 56
53 34 16
53 35 47
53 37 35
53 38 55
53 39 25
53 40 19
53 41 50
53 42 9
53 45 5
53 46 33
53 47 28
53 48 0
53 49 54
53 50 2
53 51 44
53 52 38
53 53 29
53 54 17
53 55 23
53 56 57
53 57 8
53 58 37
53 59 34
54 0 26
54 1 55
54 2 10
54 3 12
54 4 0
54 5 20
54 6 13
54 8 15
54 9 32
54 11 45
54 12 21
54 14 22
54 15 56
54 16 34
54 18 29
54 19 19
54 22 43
54 23 4
54 24 57
54 25 14
54 26 33
54 27 54
54 28 37
54 29 41
54 30 39
54 31 18
54 34 38
54 35 3
54 36 47
54 37 24
54 40 2
54 41 16
54 42 27
54 43 42
54 44 40
54 45 11
54 46 46
54 47 35
54 49 51
54 52 53
54 53 48
54 54 31
54 57 49
54 58 25
54 59 5
55 0 29
55 1 30
55 2 50
55 3 59
55 4 9
55 5 16
55 6 0
55 7 20
55 8 1
55 10 26
55 11 7
55 12 15
55 14 42
55 15 31
55 16 49
55 17 24
55 18 3
55 19 22
55 20 47
55 22 8
55 24 39
55 26 38
55 27 41
55 28 10
55 29 48
55 30 54
55 33 36
55 34 44
55 36 17
55 37 57
55 38 11
55 39 18
55 40 53
55 41 37
55 42 5
55 43 27
55 44 2
55 45 43
55 47 21
55 48 23
55 49 46
55 50 51
55 51 25
55 52 45
55 53 14
55 54 12
55 55 4
55 56 35
55 57 32
55 58 6
55 59 28
56 0 54
56 1 39
56 2 11
56 4 21
56 5 38
56 6 25
56 7 28
56 8 32
56 9 17
56 10 41
56 11 3
56 12 13
56 13 7
56 15 30
56 16 44
56 18 19
56 19 45
56 21 1
56 22 46
56 23 20
56 25 42
56 26 6
56 27 34
56 28 55
56 30 16
56 32 9
56 33 33
56 35 37
56 36 35
56 38 5
56 39 40
56 40 47
56 42 2
56 43 43
56 44 27
56 45 48
56 46 4
56 49 18
56 50 24
56 51 26
56 52 57
56 53 10
56 54 49
56 55 31
56 56 58
56 59 29
57 0 57
57 1 44
57 2 31
57 3 45
57 4 11
57 5 2
57 6 43
57 8 35
57 9 23
57 10 16
57 11 10
57 13 53
57 14 15
57 15 58
57 17 14
57 18 12
57 19 56
57 20 6
57 21 18
57 22 5
57 23 46
57 24 33
57 25 28
57 26 0
57 30 59
57 32 48
57 34 13
57 35 19
57 36 8
57 37 41
57 38 39
57 39 55
57 40 30
57 41 49
57 42 25
57 44 54
57 45 47
57 46 1
57 47 34
57 48 27
57 49 42
57 51 17
57 52 40
57 53 22
57 54 36
57 55 3
57 56 26
57 57 24
57 59 21
58 0 11
58 4 29
58 7 16
58 8 38
58 9 26
58 10 42
58 12 4
58 13 39
58 14 25
58 16 53
58 17 18
58 18 8
58 23 36
58 24 0
58 25 41
58 26 14
58 27 44
58 28 7
58 30 20
58 31 24
58 32 35
58 33 5
58 34 58
58 35 9
58 36 10
58 37 28
58 38 15
58 39 1
58 40 54
58 41 34
58 42 46
58 43 17
58 44 12
58 46 6
58 47 27
58 48 37
58 49 56
58 50 43
58 51 48
58 52 47
58 53 55
58 54 22
58 55 49
58 57 51
58 58 19
59 0 42
59 1 8
59 2 13
59 4 2
59 5 4
59 6 53
59 7 10
59 8 50
59 9 6
59 10 27
59 12 59
59 13 45
59 14 48
59 15 16
59 16 36
59 17 11
59 18 40
59 19 35
59 22 15
59 25 17
59 26 19
59 27 23
59 28 54
59 29 29
59 30 9
59 31 12
59 32 7
59 33 20
59 34 49
59 35 44
59 36 28
59 38 41
59 40 22
59 41 46
59 42 56
59 43 38
59 44 1
59 45 0
59 47 47
59 48 18
59 49 32
59 51 31
59 53 37
59 55 55
59 56 25
59 57 57
59 58 51
59 59 52
