70
0 1 31
0 2 46
0 3 69
0 4 41
0 5 1
0 6 25
0 9 6
0 10 57
0 14 65
0 15 63
0 17 5
0 18 3
0 19 7
0 20 13
0 21 53
0 23 66
0 24 61
0 25 30
0 26 16
0 28 54
0 30 0
0 33 68
0 34 42
0 36 32
0 37 52
0 38 19
0 39 38
0 41 60
0 42 21
0 46 28
0 49 22
0 50 55
0 51 39
0 55 23
0 56 58
0 58 33
0 61 67
0 62 27
0 63 12
0 64 49
0 65 11
0 66 59
0 67 24
0 68 51
0 69 36
1 0 38
1 4 58
1 5 15
1 7 9
1 8 45
1 9 7
1 10 8
1 12 44
1 13 26
1 15 0
1 17 29
1 18 37
1 19 43
1 20 30
1 21 31
1 22 56
1 24 52
1 25 57
1 26 32
1 31 59
1 33 54
1 35 18
1 36 42
1 37 60
1 38 64
1 39 55
1 41 36
1 44 53
1 45 23
1 46 22
1 48 25
1 51 1
1 53 51
1 54 2
1 55 50
1 56 34
1 57 12
1 58 28
1 59 5
1 60 39
1 61 11
1 62 4
1 63 61
1 64 46
1 65 3
1 68 47
2 1 30
2 5 37
2 6 5
2 11 31
2 14 18
2 16 16
2 17 22
2 18 42
2 19 23
2 22 26
2 23 7
2 24 0
2 25 52
2 28 25
2 30 65
2 31 56
2 33 1
2 36 44
2 37 62
2 40 47
2 41 54
2 42 10
2 43 28
2 44 34
2 45 45
2 51 40
2 52 66
2 53 8
2 54 19
2 55 63
2 56 46
2 58 58
2 59 27
2 60 29
2 61 57
2 66 17
2 67 13
2 68 9
3 5 48
3 8 62
3 14 21
3 15 68
3 16 28
3 22 52
3 24 19
3 25 40
3 27 43
3 28 60
3 29 1
3 30 66
3 32 53
3 33 44
3 34 17
3 35 23
3 38 11
3 39 69
3 40 61
3 42 2
3 43 7
3 44 33
3 45 57
3 46 29
3 47 18
3 48 24
3 53 45
3 54 22
3 56 41
3 61 37
3 62 3
3 63 38
3 65 31
3 66 55
3 67 58
3 69 14
4 1 45
4 2 67
4 3 65
4 4 1
4 5 7
4 6 32
4 7 63
4 8 35
4 9 31
4 11 47
4 15 19
4 16 6
4 17 12
4 18 50
4 19 51
4 20 40
4 21 42
4 22 20
4 23 18
4 24 33
4 27 15
4 31 62
4 32 48
4 33 41
4 35 5
4 36 56
4 38 60
4 39 34
4 42 59
4 44 39
4 45 53
4 52 28
4 53 30
4 57 57
4 59 11
4 61 66
4 62 29
4 63 17
4 64 14
4 66 3
4 68 27
4 69 0
5 1 58
5 2 23
5 3 47
5 4 14
5 5 63
5 6 16
5 11 12
5 18 27
5 19 55
5 21 21
5 25 39
5 28 18
5 29 11
5 31 67
5 33 69
5 38 0
5 39 29
5 40 7
5 42 52
5 43 2
5 44 30
5 45 3
5 46 5
5 47 48
5 48 37
5 49 19
5 50 20
5 54 45
5 55 42
5 56 31
5 57 54
5 60 4
5 61 9
5 62 17
5 63 13
5 64 68
5 65 34
5 66 28
5 69 32
6 0 62
6 2 10
6 3 58
6 6 47
6 8 20
6 9 26
6 11 35
6 13 4
6 14 12
6 15 50
6 16 34
6 17 69
6 19 8
6 20 1
6 22 53
6 23 52
6 26 14
6 27 27
6 28 15
6 31 33
6 32 25
6 33 7
6 36 64
6 37 66
6 41 56
6 42 45
6 43 30
6 44 63
6 45 0
6 48 6
6 52 48
6 54 44
6 55 9
6 56 21
6 59 28
6 60 13
6 61 55
6 62 60
6 64 5
6 67 38
6 68 19
6 69 22
7 0 12
7 1 69
7 2 53
7 4 64
7 5 28
7 6 54
7 8 48
7 11 37
7 13 41
7 14 49
7 16 46
7 18 63
7 20 42
7 22 0
7 23 4
7 27 8
7 28 22
7 30 52
7 32 56
7 34 68
7 37 43
7 39 25
7 43 33
7 44 27
7 45 60
7 46 6
7 47 29
7 50 36
7 52 31
7 54 38
7 55 15
7 57 59
7 59 23
7 62 34
7 63 3
7 64 10
7 66 18
7 69 35
8 0 2
8 1 36
8 4 42
8 6 40
8 8 32
8 11 30
8 12 61
8 13 69
8 14 63
8 15 31
8 16 38
8 19 19
8 20 5
8 22 47
8 24 43
8 25 46
8 28 51
8 31 8
8 32 35
8 33 10
8 34 12
8 35 68
8 37 48
8 38 13
8 43 54
8 44 29
8 45 11
8 46 25
8 47 3
8 50 26
8 54 67
8 57 17
8 59 4
8 60 18
8 62 33
8 63 20
8 64 27
8 67 16
8 68 44
8 69 37
9 1 41
9 2 44
9 3 40
9 4 62
9 5 27
9 6 22
9 7 48
9 9 30
9 10 10
9 12 18
9 19 1
9 21 51
9 22 33
9 23 69
9 24 63
9 25 42
9 26 20
9 30 2
9 32 43
9 33 0
9 34 35
9 37 34
9 38 56
9 41 45
9 42 37
9 43 11
9 44 57
9 45 9
9 46 54
9 47 68
9 48 66
9 51 7
9 52 49
9 54 59
9 55 61
9 60 26
9 62 55
9 63 53
9 65 25
9 66 23
9 67 21
9 68 8
9 69 5
10 0 48
10 1 7
10 3 32
10 4 29
10 7 27
10 8 63
10 9 13
10 10 11
10 11 9
10 14 56
10 15 43
10 18 46
10 23 20
10 24 16
10 25 21
10 26 39
10 27 50
10 29 53
10 30 38
10 34 26
10 36 51
10 38 14
10 39 15
10 44 28
10 45 59
10 49 2
10 50 49
10 51 33
10 54 62
10 55 18
10 57 0
10 59 34
10 61 10
10 62 40
10 64 22
10 68 54
11 0 66
11 2 27
11 5 60
11 6 26
11 8 54
11 9 32
11 11 18
11 12 49
11 17 45
11 18 25
11 20 12
11 21 29
11 22 38
11 23 39
11 25 41
11 28 67
11 29 0
11 32 20
11 35 11
11 36 36
11 37 1
11 39 62
11 40 21
11 44 5
11 46 69
11 47 34
11 48 9
11 49 40
11 50 31
11 51 59
11 54 58
11 55 46
11 57 63
11 58 3
11 59 19
11 61 33
11 62 8
11 63 65
11 65 6
11 66 61
11 67 57
11 68 50
11 69 23
12 2 8
12 3 46
12 6 0
12 7 68
12 11 19
12 12 55
12 13 11
12 15 20
12 16 18
12 19 57
12 20 26
12 21 50
12 22 25
12 24 4
12 26 35
12 29 63
12 31 3
12 32 42
12 33 53
12 34 52
12 36 29
12 40 27
12 42 44
12 44 16
12 45 17
12 47 14
12 49 45
12 50 24
12 52 64
12 61 60
12 62 47
12 63 59
12 64 9
12 66 6
12 67 51
13 2 41
13 3 27
13 4 9
13 5 49
13 6 65
13 7 37
13 8 29
13 9 40
13 13 14
13 14 53
13 15 34
13 17 58
13 19 44
13 21 48
13 22 39
13 23 16
13 24 24
13 25 36
13 26 1
13 27 62
13 30 51
13 31 52
13 32 54
13 34 61
13 40 4
13 41 18
13 42 23
13 43 47
13 44 17
13 45 25
13 46 46
13 49 57
13 50 35
13 51 43
13 53 33
13 54 66
13 55 13
13 56 19
13 57 21
13 59 10
13 60 42
13 61 3
13 63 32
13 64 64
13 65 56
13 68 31
13 69 69
14 1 35
14 2 30
14 3 17
14 6 18
14 8 67
14 10 39
14 12 36
14 13 7
14 14 1
14 16 61
14 19 32
14 21 60
14 23 65
14 24 15
14 25 28
14 26 5
14 27 14
14 28 20
14 30 6
14 31 69
14 33 46
14 34 41
14 38 24
14 39 63
14 41 38
14 42 66
14 44 25
14 48 23
14 50 50
14 51 21
14 53 56
14 54 48
14 56 52
14 59 8
14 60 49
14 62 59
14 63 47
14 65 53
14 66 22
14 68 68
14 69 57
15 2 56
15 3 11
15 8 17
15 9 29
15 10 47
15 11 44
15 14 52
15 15 21
15 17 64
15 18 14
15 21 58
15 22 59
15 23 0
15 24 13
15 25 5
15 27 20
15 28 19
15 30 35
15 31 9
15 32 66
15 36 34
15 38 40
15 39 24
15 41 37
15 42 28
15 44 4
15 45 62
15 47 51
15 48 31
15 49 38
15 50 10
15 51 36
15 54 69
15 55 60
15 56 48
15 58 1
15 59 53
15 61 2
15 64 43
15 66 49
15 68 18
15 69 68
16 0 0
16 1 66
16 3 52
16 5 69
16 7 58
16 8 8
16 9 53
16 10 56
16 12 32
16 15 59
16 17 51
16 19 15
16 20 11
16 21 61
16 24 41
16 27 2
16 28 5
16 31 46
16 32 65
16 33 34
16 34 45
16 35 42
16 38 26
16 40 23
16 42 7
16 43 40
16 44 13
16 49 60
16 50 43
16 52 44
16 55 27
16 56 25
16 57 62
16 58 49
16 59 29
16 60 1
16 62 21
16 63 35
16 64 19
16 65 38
16 66 31
16 67 9
16 68 17
16 69 3
17 3 3
17 4 57
17 5 34
17 6 69
17 8 22
17 9 35
17 10 53
17 11 56
17 12 65
17 16 62
17 18 1
17 19 4
17 21 39
17 23 30
17 24 21
17 25 55
17 28 64
17 30 47
17 31 17
17 32 8
17 33 38
17 35 49
17 37 11
17 38 61
17 41 48
17 42 32
17 43 23
17 44 18
17 45 42
17 48 52
17 50 33
17 53 66
17 54 16
17 55 19
17 58 26
17 59 2
17 60 46
17 63 29
17 64 40
17 65 9
17 66 15
17 67 60
18 0 39
18 2 37
18 8 19
18 9 69
18 11 1
18 12 23
18 14 44
18 16 29
18 18 10
18 20 46
18 21 8
18 22 36
18 25 65
18 26 17
18 27 42
18 28 34
18 29 26
18 33 2
18 34 7
18 35 20
18 38 53
18 39 9
18 40 13
18 42 15
18 44 59
18 45 66
18 46 14
18 48 51
18 51 48
18 52 22
18 57 67
18 59 3
18 60 56
18 61 24
18 64 60
18 66 32
18 67 45
18 68 35
19 0 52
19 2 69
19 4 54
19 5 44
19 6 39
19 8 4
19 9 22
19 10 6
19 12 37
19 15 46
19 16 48
19 17 36
19 18 0
19 19 40
19 20 60
19 22 65
19 23 57
19 24 55
19 27 24
19 28 43
19 29 3
19 30 15
19 34 38
19 35 62
19 36 16
19 37 64
19 41 1
19 46 27
19 47 25
19 48 30
19 49 59
19 51 32
19 54 35
19 55 11
19 56 17
19 59 61
19 61 8
19 62 53
19 63 7
19 66 26
19 67 33
19 68 12
19 69 28
20 0 32
20 1 16
20 2 14
20 5 59
20 8 21
20 9 8
20 12 58
20 13 54
20 14 28
20 15 35
20 17 17
20 18 13
20 19 30
20 21 66
20 22 45
20 23 31
20 25 12
20 29 22
20 30 46
20 31 2
20 32 10
20 33 51
20 34 4
20 35 60
20 36 5
20 38 69
20 39 7
20 40 40
20 42 29
20 44 0
20 46 50
20 47 9
20 48 20
20 50 27
20 51 11
20 53 42
20 54 49
20 55 37
20 57 1
20 58 39
20 59 48
20 62 43
20 64 23
20 65 47
20 67 18
20 68 24
21 0 24
21 2 13
21 3 35
21 5 47
21 6 55
21 7 52
21 8 5
21 9 23
21 10 32
21 12 57
21 13 1
21 14 30
21 15 25
21 16 67
21 18 40
21 19 27
21 22 46
21 24 50
21 25 62
21 26 18
21 27 54
21 28 58
21 29 9
21 31 53
21 33 28
21 35 59
21 36 68
21 37 26
21 38 22
21 39 2
21 42 43
21 44 48
21 45 56
21 46 42
21 47 63
21 49 7
21 50 16
21 54 33
21 55 17
21 57 39
21 58 6
21 60 37
21 62 31
21 64 3
21 65 0
21 66 8
21 69 15
22 0 40
22 1 11
22 2 54
22 3 37
22 4 51
22 5 62
22 8 57
22 9 28
22 10 13
22 11 48
22 13 30
22 14 41
22 21 63
22 22 15
22 23 10
22 24 67
22 25 24
22 28 59
22 29 16
22 32 64
22 37 17
22 39 18
22 40 19
22 42 27
22 47 35
22 49 43
22 50 5
22 53 58
22 54 14
22 55 47
22 58 32
22 60 33
22 61 39
22 62 68
22 64 0
22 66 2
22 67 50
22 69 25
23 0 31
23 1 13
23 2 9
23 8 26
23 9 12
23 11 61
23 13 6
23 14 33
23 16 44
23 18 22
23 19 10
23 21 20
23 22 17
23 24 40
23 25 18
23 28 42
23 29 57
23 30 34
23 31 24
23 33 67
23 34 1
23 36 38
23 38 55
23 39 54
23 40 8
23 41 30
23 45 19
23 47 59
23 48 5
23 49 53
23 50 62
23 51 46
23 53 49
23 54 64
23 55 29
23 56 39
23 58 47
23 60 16
23 62 41
23 63 11
23 66 35
23 69 43
24 0 22
24 1 18
24 2 55
24 3 33
24 4 34
24 5 36
24 6 62
24 7 10
24 8 24
24 9 59
24 10 46
24 15 11
24 16 19
24 17 7
24 21 43
24 22 3
24 23 54
24 27 31
24 30 29
24 31 57
24 32 27
24 33 35
24 35 64
24 36 69
24 37 44
24 39 39
24 41 9
24 42 49
24 43 16
24 45 5
24 50 38
24 52 21
24 54 53
24 55 30
24 56 1
24 57 42
24 60 14
24 61 13
24 62 45
24 63 52
24 64 61
24 65 51
24 68 20
24 69 4
25 0 29
25 1 61
25 2 19
25 3 12
25 5 54
25 6 1
25 7 42
25 8 68
25 10 58
25 11 69
25 14 38
25 15 60
25 16 10
25 18 47
25 22 62
25 23 37
25 24 64
25 28 50
25 29 66
25 31 44
25 33 31
25 34 21
25 35 35
25 36 67
25 37 0
25 38 30
25 39 5
25 40 41
25 42 14
25 43 57
25 47 23
25 51 65
25 56 51
25 57 52
25 58 13
25 60 28
25 61 48
25 62 6
25 64 8
25 65 26
25 67 43
26 0 36
26 6 66
26 7 0
26 9 60
26 13 59
26 14 64
26 18 58
26 19 31
26 20 48
26 21 4
26 22 28
26 23 12
26 24 69
26 26 33
26 28 47
26 29 34
26 33 3
26 36 55
26 37 57
26 39 35
26 42 46
26 43 24
26 45 13
26 46 2
26 47 44
26 48 1
26 49 14
26 52 51
26 53 40
26 55 68
26 56 9
26 57 16
26 61 53
26 66 5
26 67 42
26 69 21
27 1 12
27 2 33
27 3 23
27 5 53
27 6 61
27 7 22
27 8 43
27 9 55
27 11 25
27 14 47
27 15 49
27 17 62
27 18 31
27 19 63
27 20 37
27 23 9
27 24 3
27 27 66
27 28 29
27 32 21
27 34 64
27 35 65
27 36 8
27 37 14
27 39 44
27 40 42
27 41 34
27 42 40
27 44 7
27 45 58
27 46 57
27 48 46
27 51 2
27 52 39
27 55 41
27 56 10
27 57 35
27 58 52
27 60 38
27 61 30
27 62 26
27 63 5
27 65 20
27 66 51
27 67 48
27 68 15
28 0 54
28 1 42
28 2 59
28 3 1
28 5 56
28 6 21
28 7 24
28 10 34
28 11 29
28 14 25
28 17 39
28 18 8
28 20 38
28 22 40
28 25 4
28 26 45
28 27 47
28 29 12
28 32 11
28 33 58
28 34 53
28 35 33
28 36 3
28 37 10
28 38 62
28 40 52
28 41 35
28 42 55
28 44 51
28 45 7
28 47 19
28 48 68
28 49 50
28 50 32
28 52 15
28 54 63
28 56 5
28 58 27
28 65 23
28 67 61
29 0 17
29 2 29
29 3 22
29 4 8
29 5 58
29 8 49
29 10 52
29 11 28
29 13 5
29 14 55
29 18 6
29 20 62
29 22 14
29 23 36
29 24 68
29 25 27
29 28 26
29 33 45
29 34 63
29 35 39
29 36 19
29 37 23
29 40 1
29 42 38
29 43 42
29 44 61
29 45 48
29 46 47
29 47 57
29 48 10
29 49 21
29 51 20
29 52 65
29 55 7
29 58 41
29 60 25
29 61 43
29 66 56
29 67 53
29 69 16
30 0 20
30 2 64
30 3 8
30 4 39
30 6 3
30 7 31
30 9 49
30 11 0
30 12 12
30 13 42
30 15 40
30 16 54
30 17 23
30 19 17
30 20 55
30 23 28
30 26 47
30 27 44
30 29 51
30 30 59
30 31 35
30 34 34
30 35 24
30 36 37
30 37 67
30 38 46
30 39 56
30 40 38
30 42 58
30 43 66
30 44 10
30 46 33
30 47 22
30 48 14
30 51 57
30 52 36
30 54 52
30 56 60
30 57 25
30 58 5
30 60 19
30 61 21
30 63 30
30 64 15
30 65 61
30 69 62
31 1 14
31 2 58
31 3 25
31 4 10
31 5 68
31 6 28
31 7 56
31 8 55
31 9 17
31 11 7
31 12 38
31 14 50
31 15 3
31 16 53
31 18 60
31 20 8
31 22 22
31 24 11
31 26 66
31 27 12
31 28 35
31 29 19
31 31 61
31 32 46
31 33 39
31 34 2
31 36 40
31 37 15
31 39 37
31 40 18
31 41 57
31 46 64
31 47 42
31 48 32
31 49 26
31 51 23
31 52 59
31 53 13
31 54 51
31 55 34
31 58 62
31 59 65
31 64 21
31 65 33
31 67 4
32 0 43
32 1 6
32 4 3
32 6 15
32 7 49
32 8 41
32 9 33
32 11 60
32 12 9
32 13 46
32 15 65
32 16 58
32 17 55
32 18 45
32 20 23
32 22 1
32 23 61
32 24 20
32 26 13
32 27 26
32 28 7
32 30 30
32 32 14
32 33 11
32 34 36
32 35 38
32 36 18
32 38 47
32 39 27
32 41 22
32 42 51
32 43 53
32 44 31
32 45 10
32 48 44
32 51 25
32 54 24
32 55 66
32 58 19
32 59 17
32 61 42
32 63 21
32 64 52
32 66 16
32 67 59
33 1 0
33 2 34
33 3 24
33 4 55
33 9 2
33 16 12
33 17 54
33 18 66
33 23 19
33 28 40
33 31 68
33 34 10
33 35 26
33 37 50
33 39 49
33 42 53
33 43 13
33 44 32
33 46 61
33 47 45
33 49 42
33 52 1
33 54 29
33 55 21
33 56 23
33 57 8
33 60 52
33 62 69
33 64 31
33 65 16
33 66 39
33 67 65
34 1 68
34 3 39
34 4 48
34 6 60
34 7 46
34 8 59
34 9 38
34 12 20
34 15 16
34 19 52
34 20 3
34 21 17
34 22 61
34 25 11
34 26 7
34 28 49
34 29 44
34 30 14
34 31 63
34 32 51
34 34 33
34 35 34
34 36 23
34 39 30
34 40 36
34 41 66
34 42 31
34 45 1
34 46 56
34 48 64
34 49 54
34 50 12
34 52 55
34 54 13
34 55 24
34 56 65
34 57 41
34 58 57
34 60 35
34 61 62
34 62 2
34 67 8
34 69 19
35 0 61
35 3 31
35 4 56
35 5 4
35 7 32
35 8 47
35 11 40
35 12 0
35 15 58
35 17 68
35 18 18
35 19 3
35 21 62
35 22 13
35 24 8
35 27 34
35 28 39
35 29 55
35 30 42
35 32 38
35 33 21
35 34 11
35 36 24
35 37 45
35 38 16
35 40 12
35 41 27
35 44 2
35 46 15
35 50 14
35 51 6
35 52 52
35 54 9
35 55 67
35 56 53
35 57 33
35 60 54
35 61 41
35 63 10
35 66 1
35 67 35
35 69 50
36 0 68
36 1 43
36 2 52
36 4 21
36 7 36
36 8 60
36 9 3
36 10 2
36 11 34
36 13 40
36 19 28
36 20 67
36 22 48
36 23 13
36 24 12
36 26 9
36 27 38
36 32 29
36 34 20
36 35 37
36 36 61
36 37 59
36 38 63
36 40 10
36 41 42
36 42 17
36 43 26
36 44 1
36 45 47
36 46 30
36 48 35
36 49 46
36 55 16
36 56 22
36 57 31
36 59 58
36 60 8
36 61 65
36 63 50
36 65 5
36 66 53
36 68 66
37 0 9
37 2 25
37 3 60
37 4 26
37 6 6
37 8 42
37 9 50
37 10 63
37 12 29
37 15 23
37 16 40
37 17 32
37 20 14
37 22 55
37 23 47
37 24 46
37 28 24
37 30 16
37 31 58
37 32 4
37 33 33
37 35 2
37 36 41
37 37 54
37 38 27
37 40 31
37 41 51
37 42 1
37 45 30
37 46 43
37 47 11
37 49 34
37 51 45
37 53 17
37 54 56
37 58 15
37 63 49
37 64 13
37 65 7
37 66 37
37 69 53
38 0 64
38 1 63
38 2 15
38 3 10
38 4 45
38 5 57
38 6 50
38 7 3
38 9 5
38 11 23
38 14 35
38 15 32
38 16 4
38 19 67
38 20 0
38 21 46
38 22 44
38 23 29
38 25 68
38 26 34
38 27 56
38 29 17
38 31 39
38 33 6
38 34 16
38 38 21
38 40 22
38 41 41
38 42 13
38 45 31
38 46 24
38 47 1
38 49 36
38 51 26
38 52 61
38 53 25
38 54 30
38 55 62
38 57 38
38 59 40
38 60 58
38 63 28
38 64 48
38 65 14
38 66 12
38 67 2
38 69 8
39 0 56
39 1 4
39 2 39
39 3 29
39 4 60
39 6 46
39 8 3
39 11 33
39 13 38
39 14 31
39 15 48
39 17 34
39 20 17
39 22 11
39 23 62
39 24 14
39 25 0
39 26 24
39 27 51
39 29 49
39 30 45
39 31 18
39 32 19
39 33 40
39 36 52
39 37 53
39 38 36
39 40 64
39 41 44
39 43 69
39 45 50
39 47 2
39 48 57
39 53 55
39 54 61
39 56 42
39 57 66
39 59 63
39 61 5
39 62 22
39 63 37
39 64 47
39 65 27
39 67 23
39 68 25
40 1 32
40 2 43
40 4 20
40 5 9
40 6 27
40 7 23
40 8 11
40 11 59
40 13 2
40 16 57
40 19 21
40 22 42
40 24 17
40 26 38
40 29 28
40 30 1
40 32 61
40 37 49
40 38 8
40 41 50
40 43 60
40 44 36
40 45 34
40 46 52
40 49 3
40 50 54
40 52 19
40 54 31
40 55 25
40 56 45
40 57 40
40 58 69
40 60 62
40 62 7
40 63 46
40 64 35
40 66 10
40 68 64
40 69 39
41 0 15
41 1 25
41 2 32
41 4 37
41 6 12
41 7 14
41 9 11
41 11 13
41 12 22
41 14 48
41 15 45
41 16 20
41 20 18
41 21 30
41 22 50
41 23 44
41 25 38
41 27 10
41 28 2
41 29 41
41 31 1
41 33 43
41 34 39
41 35 0
41 36 28
41 37 27
41 38 23
41 42 65
41 43 36
41 45 64
41 47 8
41 48 34
41 50 42
41 51 51
41 52 69
41 53 67
41 55 5
41 60 3
41 63 16
41 65 63
41 66 54
41 69 29
42 0 35
42 1 64
42 2 31
42 3 36
42 4 0
42 6 14
42 7 45
42 9 18
42 10 12
42 11 2
42 12 16
42 13 61
42 15 51
42 17 47
42 18 43
42 19 25
42 21 5
42 23 21
42 25 60
42 26 10
42 27 57
42 28 1
42 29 29
42 30 53
42 33 22
42 36 15
42 37 41
42 38 68
42 39 46
42 40 58
42 41 40
42 42 24
42 43 56
42 45 39
42 47 37
42 48 8
42 49 49
42 51 3
42 54 42
42 55 26
42 56 20
42 57 28
42 58 50
42 59 62
42 60 69
42 61 17
42 65 52
42 66 13
42 69 9
43 0 21
43 1 44
43 4 25
43 9 27
43 11 39
43 13 62
43 16 31
43 17 48
43 18 7
43 19 11
43 20 16
43 21 13
43 22 63
43 26 40
43 28 14
43 29 18
43 30 64
43 31 60
43 33 32
43 34 46
43 35 10
43 37 56
43 39 23
43 40 6
43 41 17
43 43 15
43 44 49
43 45 28
43 46 20
43 47 50
43 49 8
43 50 41
43 53 26
43 55 51
43 56 35
43 57 68
43 58 65
43 59 47
43 61 36
43 63 22
43 64 42
43 66 33
43 67 69
43 68 29
44 2 66
44 3 68
44 7 47
44 9 65
44 12 52
44 13 37
44 14 36
44 16 23
44 18 49
44 21 28
44 23 55
44 24 5
44 28 10
44 29 43
44 31 15
44 32 0
44 33 63
44 34 60
44 37 19
44 38 44
44 39 31
44 40 67
44 43 59
44 44 46
44 46 8
44 47 64
44 48 27
44 53 21
44 54 20
44 56 26
44 57 13
44 63 2
44 65 30
44 66 50
44 68 4
44 69 45
45 0 46
45 3 6
45 5 52
45 9 43
45 11 10
45 13 57
45 14 69
45 17 24
45 20 44
45 24 39
45 25 7
45 28 36
45 30 25
45 31 12
45 32 45
45 33 27
45 36 49
45 39 66
45 41 19
45 43 0
45 44 14
45 46 34
45 48 56
45 50 30
45 51 53
45 53 64
45 54 47
45 55 48
45 56 68
45 57 23
45 59 16
45 60 60
45 61 38
45 62 42
45 64 62
45 67 15
45 69 13
46 0 47
46 1 17
46 3 50
46 4 59
46 5 31
46 6 43
46 7 40
46 9 56
46 10 48
46 11 58
46 13 24
46 14 51
46 16 37
46 18 44
46 19 65
46 20 2
46 22 67
46 23 11
46 25 35
46 26 62
46 28 53
46 30 9
46 32 57
46 34 22
46 35 25
46 37 69
46 38 39
46 40 60
46 42 12
46 43 52
46 45 68
46 46 3
46 47 5
46 49 32
46 53 41
46 54 27
46 55 6
46 58 4
46 59 55
46 60 23
46 61 63
46 64 34
46 65 49
46 66 21
46 67 54
46 68 46
47 0 50
47 1 8
47 2 28
47 3 14
47 4 38
47 7 5
47 8 66
47 9 63
47 12 30
47 15 39
47 18 23
47 19 64
47 22 54
47 23 17
47 26 26
47 28 32
47 31 16
47 32 37
47 34 24
47 35 1
47 37 2
47 38 15
47 39 10
47 40 3
47 41 29
47 43 6
47 44 42
47 45 41
47 46 44
47 47 40
47 48 67
47 49 13
47 51 35
47 53 7
47 55 31
47 57 61
47 58 22
47 59 12
47 60 51
47 61 18
47 62 46
47 63 58
47 65 62
47 66 60
47 67 49
47 69 65
48 1 39
48 3 5
48 4 31
48 5 30
48 6 38
48 8 51
48 10 69
48 11 66
48 14 32
48 15 53
48 16 7
48 17 4
48 20 57
48 21 18
48 22 9
48 23 8
48 25 44
48 26 54
48 28 62
48 30 21
48 32 50
48 33 14
48 34 56
48 35 43
48 36 22
48 37 28
48 38 34
48 39 17
48 40 37
48 41 15
48 43 35
48 44 24
48 48 40
48 49 6
48 51 58
48 52 60
48 54 10
48 55 33
48 57 46
48 58 20
48 59 1
48 60 48
48 61 61
48 63 25
48 64 65
48 65 41
48 66 63
48 67 67
48 69 52
49 1 34
49 2 16
49 3 13
49 6 9
49 8 23
49 9 37
49 11 50
49 14 45
49 17 52
49 19 66
49 20 29
49 22 64
49 23 49
49 24 62
49 25 54
49 26 4
49 28 27
49 29 8
49 31 65
49 35 63
49 36 10
49 37 7
49 39 42
49 40 43
49 41 47
49 42 3
49 43 44
49 45 15
49 47 38
49 49 18
49 50 40
49 53 5
49 54 17
49 57 55
49 58 61
49 59 35
49 60 36
49 62 56
49 63 31
49 65 48
49 66 20
49 68 21
50 0 8
50 1 53
50 4 18
50 6 7
50 7 69
50 8 15
50 12 68
50 13 52
50 14 22
50 15 56
50 16 59
50 19 46
50 21 9
50 22 10
50 23 42
50 27 60
50 28 16
50 29 67
50 30 37
50 33 50
50 34 58
50 35 41
50 37 29
50 38 28
50 39 45
50 40 20
50 42 39
50 43 21
50 44 11
50 45 65
50 46 66
50 48 2
50 49 61
50 53 31
50 54 32
50 56 14
50 57 27
50 58 24
50 64 4
50 65 44
50 67 36
50 68 43
51 0 23
51 2 22
51 3 63
51 6 58
51 7 16
51 8 52
51 10 65
51 11 53
51 14 40
51 17 1
51 19 59
51 21 41
51 22 37
51 23 35
51 24 47
51 25 14
51 26 28
51 27 68
51 29 10
51 32 5
51 33 56
51 34 30
51 36 9
51 38 49
51 41 26
51 44 62
51 45 8
51 49 0
51 53 6
51 55 45
51 56 67
51 57 7
51 58 43
51 59 42
51 60 57
51 61 12
51 62 64
51 63 60
51 66 38
51 68 32
51 69 31
52 1 47
52 4 50
52 5 6
52 7 39
52 8 16
52 9 54
52 10 27
52 11 38
52 12 64
52 14 20
52 16 9
52 17 56
52 20 28
52 21 35
52 23 15
52 24 31
52 25 43
52 26 52
52 30 19
52 32 18
52 33 61
52 34 32
52 35 45
52 38 57
52 41 53
52 46 60
52 47 46
52 48 63
52 52 23
52 53 68
52 57 44
52 58 36
52 59 59
52 60 66
52 62 30
52 63 62
52 65 58
53 0 19
53 2 6
53 3 48
53 4 46
53 5 29
53 6 49
53 7 21
53 8 33
53 10 51
53 12 56
53 13 15
53 18 69
53 19 38
53 20 31
53 22 68
53 23 1
53 24 32
53 26 50
53 27 45
53 28 9
53 30 60
53 31 64
53 32 44
53 33 65
53 42 63
53 43 18
53 44 26
53 46 62
53 47 4
53 48 7
53 49 12
53 50 22
53 51 14
53 55 53
53 56 61
53 57 10
53 60 11
53 61 27
53 63 0
53 65 36
53 66 24
53 68 34
54 0 37
54 4 4
54 5 40
54 6 68
54 7 61
54 9 36
54 10 42
54 13 45
54 15 41
54 18 33
54 20 9
54 22 69
54 26 23
54 27 0
54 28 46
54 30 7
54 36 48
54 38 50
54 39 65
54 40 26
54 42 16
54 43 55
54 44 56
54 45 51
54 46 58
54 47 53
54 48 47
54 49 67
54 50 17
54 51 29
54 52 35
54 54 12
54 55 20
54 57 32
54 59 22
54 61 28
54 62 62
54 65 60
54 66 66
54 67 27
55 0 69
55 1 56
55 2 40
55 3 43
55 4 66
55 7 60
55 9 25
55 10 64
55 11 14
55 14 15
55 15 10
55 17 26
55 20 58
55 21 37
55 23 45
55 25 13
55 26 36
55 27 46
55 28 57
55 30 22
55 31 28
55 32 41
55 33 29
55 35 67
55 36 47
55 37 31
55 38 12
55 41 49
55 43 62
55 45 63
55 46 0
55 47 7
55 48 3
55 51 50
55 52 38
55 53 23
55 58 53
55 60 61
55 61 4
55 63 34
55 64 33
55 65 19
55 66 48
55 67 5
55 68 59
55 69 17
56 0 65
56 1 26
56 3 0
56 4 12
56 8 25
56 11 43
56 12 62
56 13 16
56 14 8
56 15 38
56 16 66
56 18 61
56 19 9
56 21 47
56 22 24
56 23 58
56 24 45
56 27 39
56 28 37
56 33 55
56 35 17
56 36 33
56 37 13
56 38 1
56 40 57
56 41 31
56 42 64
56 43 27
56 44 50
56 45 54
56 47 67
56 48 21
56 50 19
56 51 10
56 52 46
56 54 4
56 57 36
56 58 42
56 59 41
56 60 7
56 61 69
56 65 2
56 67 56
56 68 48
57 0 13
57 2 17
57 3 45
57 4 5
57 6 34
57 7 15
57 8 14
57 9 42
57 10 44
57 11 52
57 12 63
57 13 66
57 14 68
57 16 60
57 18 32
57 19 0
57 20 41
57 21 10
57 22 21
57 25 53
57 28 11
57 30 8
57 34 40
57 35 47
57 36 57
57 37 16
57 38 38
57 39 43
57 40 48
57 42 54
57 43 25
57 45 67
57 47 24
57 48 19
57 50 46
57 52 30
57 55 28
57 56 33
57 57 3
57 58 59
57 61 26
57 62 50
57 64 39
57 65 18
57 66 64
57 67 7
58 4 23
58 6 56
58 8 6
58 9 10
58 10 1
58 11 65
58 12 5
58 13 34
58 14 60
58 15 33
58 16 39
58 17 9
58 19 18
58 21 0
58 23 59
58 24 36
58 25 19
58 26 64
58 27 29
58 28 48
58 29 40
58 30 43
58 31 50
58 32 22
58 35 7
58 37 3
58 38 52
58 40 11
58 42 69
58 43 61
58 44 15
58 45 12
58 47 30
58 48 49
58 49 63
58 50 58
58 51 17
58 53 24
58 55 32
58 56 37
58 57 51
58 58 68
58 60 47
58 61 25
59 0 11
59 1 48
59 2 3
59 3 16
59 9 9
59 11 41
59 12 34
59 15 47
59 17 57
59 22 2
59 23 51
59 25 17
59 26 0
59 27 35
59 28 65
59 29 30
59 30 23
59 37 38
59 38 7
59 39 53
59 40 32
59 43 22
59 46 31
59 47 33
59 48 12
59 49 68
59 51 18
59 52 50
59 55 58
59 56 43
59 57 49
59 58 40
59 59 69
59 65 46
59 67 29
59 69 61
60 0 30
60 2 62
60 4 68
60 5 39
60 6 51
60 7 1
60 8 44
60 9 61
60 11 36
60 13 32
60 15 37
60 17 11
60 18 4
60 20 20
60 21 34
60 23 26
60 24 60
60 25 56
60 29 38
60 30 18
60 31 0
60 32 33
60 34 66
60 35 53
60 37 42
60 42 47
60 43 41
60 44 45
60 45 6
60 48 17
60 51 52
60 53 29
60 54 8
60 55 57
60 56 12
60 57 19
60 59 64
60 62 54
60 65 22
60 66 58
60 67 31
60 68 28
61 0 45
61 1 23
61 2 21
61 4 67
61 5 43
61 7 4
61 8 10
61 9 19
61 10 36
61 11 11
61 13 3
61 15 57
61 16 50
61 18 12
61 20 7
61 21 24
61 22 35
61 23 25
61 25 58
61 26 55
61 29 48
61 31 27
61 32 39
61 34 51
61 36 14
61 37 6
61 38 54
61 39 61
61 42 34
61 43 38
61 44 65
61 45 52
61 46 26
61 47 60
61 48 16
61 50 9
61 51 62
61 52 5
61 53 22
61 54 46
61 55 2
61 61 49
61 62 32
61 65 68
61 67 47
61 68 0
61 69 33
62 1 19
62 3 49
62 7 33
62 9 52
62 10 31
62 11 20
62 15 55
62 16 14
62 17 38
62 19 56
62 20 68
62 21 11
62 22 12
62 24 54
62 25 26
62 28 6
62 29 65
62 33 57
62 34 62
62 35 46
62 36 63
62 37 35
62 38 59
62 39 21
62 40 15
62 44 43
62 45 22
62 47 0
62 48 28
62 49 51
62 50 64
62 51 4
62 54 60
62 56 66
62 57 48
62 58 30
62 59 44
62 62 16
62 63 24
62 68 13
62 69 7
63 0 67
63 2 11
63 3 44
63 4 6
63 5 61
63 7 54
63 12 10
63 14 46
63 15 62
63 17 27
63 19 26
63 20 66
63 23 60
63 24 30
63 25 69
63 26 42
63 27 18
63 28 4
63 30 3
63 33 20
63 35 15
63 36 2
63 37 39
63 38 51
63 39 48
63 41 21
63 44 68
63 45 43
63 46 49
63 50 29
63 51 64
63 54 34
63 55 56
63 57 14
63 58 37
63 61 32
63 62 36
63 63 9
63 64 24
64 0 16
64 2 38
64 3 42
64 5 32
64 7 41
64 8 69
64 9 21
64 10 3
64 11 57
64 12 26
64 15 17
64 16 43
64 17 13
64 18 52
64 21 2
64 22 66
64 23 64
64 24 53
64 26 29
64 27 58
64 28 44
64 29 56
64 33 60
64 35 50
64 36 4
64 38 48
64 39 59
64 40 68
64 44 47
64 46 55
64 47 62
64 48 0
64 52 18
64 53 12
64 54 7
64 55 1
64 56 11
64 59 25
64 60 65
64 61 45
64 63 51
64 65 8
64 66 34
64 67 6
64 68 67
65 0 59
65 5 42
65 7 26
65 8 1
65 9 41
65 13 36
65 14 57
65 16 45
65 17 15
65 18 48
65 19 16
65 21 22
65 24 65
65 27 30
65 29 52
65 30 12
65 32 63
65 33 25
65 35 58
65 37 68
65 39 11
65 41 4
65 42 62
65 43 29
65 44 20
65 45 33
65 46 13
65 47 21
65 49 27
65 53 38
65 54 5
65 55 39
65 57 9
65 58 2
65 59 7
65 60 64
65 61 47
65 63 14
65 65 40
65 67 0
65 68 10
66 0 7
66 1 55
66 6 64
66 8 12
66 10 60
66 11 5
66 14 66
66 15 2
66 16 69
66 19 49
66 20 54
66 24 35
66 26 21
66 27 13
66 28 63
66 29 47
66 32 36
66 34 57
66 35 3
66 36 26
66 37 4
66 41 46
66 42 61
66 43 1
66 44 41
66 45 32
66 47 52
66 49 30
66 53 44
66 56 40
66 57 29
66 58 51
66 60 68
66 61 20
66 62 19
66 64 28
66 65 17
66 67 34
66 68 37
67 0 44
67 2 7
67 3 51
67 5 64
67 6 2
67 7 18
67 9 58
67 10 43
67 11 3
67 12 25
67 15 14
67 16 21
67 17 46
67 18 17
67 22 30
67 23 50
67 24 29
67 26 31
67 27 63
67 28 52
67 29 4
67 30 24
67 31 45
67 32 68
67 34 48
67 35 9
67 37 22
67 38 35
67 39 19
67 41 62
67 43 67
67 44 23
67 45 38
67 47 39
67 48 41
67 50 1
67 51 28
67 52 8
67 54 65
67 55 49
67 59 60
67 60 53
67 62 13
67 64 16
68 0 42
68 1 15
68 3 56
68 4 19
68 6 24
68 7 8
68 11 45
68 12 21
68 13 33
68 14 3
68 16 17
68 17 63
68 18 36
68 19 58
68 20 43
68 21 27
68 22 5
68 23 23
68 24 10
68 26 68
68 27 28
68 28 61
68 29 32
68 33 16
68 35 57
68 37 47
68 40 51
68 43 37
68 44 38
68 45 69
68 46 11
68 48 59
68 52 13
68 53 39
68 54 0
68 55 54
68 56 62
68 57 53
68 63 26
68 64 29
68 65 4
68 67 64
68 68 52
69 0 6
69 1 29
69 3 26
69 4 17
69 5 46
69 9 57
69 10 35
69 11 32
69 16 2
69 17 49
69 19 12
69 20 25
69 21 54
69 22 23
69 24 56
69 26 58
69 27 52
69 29 39
69 30 13
69 32 3
69 33 62
69 34 0
69 36 60
69 37 5
69 39 33
69 41 61
69 44 55
69 45 37
69 46 51
69 47 31
69 48 69
69 49 11
69 52 34
69 53 50
69 54 15
69 55 14
69 57 18
69 58 38
69 60 59
69 62 66
69 63 45
69 64 41
69 67 28
