60
0 0 52
0 3 16
0 4 47
0 5 49
0 8 39
0 9 58
0 10 19
0 11 1
0 12 56
0 13 7
0 15 17
0 16 0
0 17 50
0 18 10
0 19 27
0 20 2
0 21 45
0 25 4
0 26 12
0 27 36
0 28 59
0 30 42
0 31 40
0 32 33
0 39 37
0 40 30
0 41 34
0 44 22
0 45 55
0 47 11
0 48 13
0 49 32
0 53 48
0 54 41
0 55 54
0 57 31
0 58 3
0 59 38
1 0 13
1 2 14
1 3 54
1 4 57
1 5 44
1 6 12
1 8 52
1 12 39
1 13 6
1 14 22
1 15 2
1 17 59
1 19 46
1 20 47
1 21 35
1 22 41
1 24 5
1 27 16
1 29 24
1 30 38
1 31 31
1 32 18
1 34 53
1 35 43
1 36 51
1 37 21
1 38 17
1 41 48
1 42 45
1 43 37
1 44 23
1 48 28
1 50 8
1 52 58
1 54 30
1 55 33
1 57 42
1 58 9
2 1 26
2 2 10
2 4 14
2 7 4
2 8 7
2 9 30
2 10 20
2 13 42
2 14 55
2 15 15
2 16 25
2 17 24
2 18 57
2 19 36
2 20 21
2 21 46
2 22 59
2 23 39
2 26 38
2 28 31
2 30 13
2 31 53
2 33 41
2 34 49
2 35 6
2 40 43
2 44 17
2 45 48
2 46 0
2 47 3
2 50 54
2 52 28
2 53 47
2 54 1
2 55 50
2 56 52
2 57 9
2 59 29
3 0 34
3 1 22
3 2 41
3 4 9
3 5 27
3 6 4
3 7 15
3 8 50
3 12 49
3 14 7
3 16 37
3 17 43
3 19 6
3 20 59
3 21 21
3 23 3
3 24 30
3 25 32
3 27 52
3 29 57
3 31 13
3 34 17
3 35 55
3 36 2
3 37 46
3 38 42
3 41 19
3 42 25
3 45 16
3 47 1
3 51 31
3 55 39
3 56 26
3 57 8
3 58 47
4 0 20
4 2 49
4 3 25
4 4 18
4 5 28
4 6 2
4 7 37
4 9 32
4 10 27
4 11 55
4 16 17
4 19 24
4 20 29
4 21 7
4 23 22
4 25 56
4 26 34
4 27 11
4 29 15
4 30 33
4 31 9
4 36 53
4 37 57
4 40 16
4 41 38
4 42 1
4 47 59
4 50 30
4 51 10
4 53 4
4 55 36
4 56 31
4 57 3
4 58 5
4 59 8
5 0 47
5 3 22
5 7 24
5 8 49
5 11 43
5 12 2
5 13 33
5 14 10
5 16 28
5 17 57
5 18 23
5 19 40
5 21 30
5 24 17
5 26 56
5 28 34
5 29 19
5 30 21
5 31 54
5 38 8
5 39 44
5 40 52
5 41 18
5 44 15
5 49 26
5 52 46
5 53 53
5 55 31
5 56 41
5 57 11
5 59 39
6 0 50
6 4 0
6 6 53
6 7 28
6 9 36
6 12 13
6 13 4
6 16 47
6 18 14
6 19 3
6 20 1
6 23 24
6 24 8
6 27 54
6 29 51
6 30 45
6 34 16
6 38 22
6 40 37
6 42 44
6 44 49
6 45 27
6 46 57
6 48 39
6 51 48
6 52 31
6 53 29
6 54 40
6 55 7
6 57 17
6 58 6
6 59 52
7 1 18
7 3 11
7 4 37
7 6 28
7 7 52
7 8 33
7 9 23
7 10 25
7 11 42
7 13 8
7 14 29
7 16 13
7 17 32
7 19 48
7 20 30
7 21 5
7 22 49
7 25 14
7 26 15
7 27 56
7 30 19
7 31 3
7 33 53
7 35 39
7 39 40
7 42 16
7 43 51
7 44 54
7 45 50
7 47 31
7 48 21
7 49 58
7 50 38
7 51 43
7 53 12
7 54 4
7 55 59
7 56 47
7 57 20
7 59 45
8 1 33
8 5 36
8 6 45
8 7 25
8 9 48
8 12 37
8 13 28
8 15 56
8 18 4
8 19 10
8 22 57
8 23 7
8 25 35
8 26 1
8 28 30
8 29 8
8 32 40
8 35 0
8 36 54
8 37 23
8 38 31
8 39 14
8 40 53
8 41 51
8 42 3
8 43 41
8 44 9
8 45 5
8 53 44
8 54 29
8 55 38
8 56 19
8 58 34
9 0 25
9 2 23
9 3 24
9 6 43
9 9 3
9 10 8
9 13 48
9 14 37
9 15 16
9 18 56
9 19 22
9 21 18
9 25 59
9 26 36
9 28 41
9 29 5
9 30 27
9 33 35
9 34 52
9 35 34
9 36 29
9 41 13
9 45 26
9 46 49
9 48 58
9 51 7
9 52 19
9 53 9
9 57 2
10 0 18
10 1 58
10 2 3
10 4 43
10 5 21
10 6 1
10 7 13
10 8 23
10 9 40
10 11 54
10 12 29
10 13 34
10 14 39
10 15 26
10 16 24
10 21 52
10 22 44
10 23 37
10 26 8
10 28 2
10 31 17
10 32 14
10 34 22
10 35 48
10 36 57
10 39 10
10 41 6
10 42 19
10 43 55
10 45 42
10 46 25
10 47 7
10 48 31
10 49 56
10 50 49
10 53 5
11 2 52
11 4 55
11 5 7
11 6 35
11 8 6
11 9 44
11 11 8
11 12 4
11 13 10
11 14 20
11 15 11
11 16 22
11 17 2
11 18 9
11 19 59
11 20 27
11 21 36
11 22 54
11 24 39
11 28 49
11 30 43
11 32 31
11 39 57
11 41 58
11 42 46
11 43 34
11 44 56
11 45 53
11 52 50
11 54 51
11 55 37
11 56 17
11 57 5
11 58 18
11 59 0
12 1 55
12 2 11
12 4 41
12 5 58
12 8 3
12 9 20
12 10 1
12 11 56
12 14 51
12 15 29
12 16 14
12 17 15
12 18 22
12 19 4
12 21 53
12 22 43
12 24 32
12 25 40
12 26 25
12 27 37
12 28 52
12 29 35
12 32 5
12 34 24
12 36 31
12 38 46
12 41 44
12 42 7
12 45 23
12 48 2
12 50 50
12 52 45
12 54 47
12 55 18
12 57 28
12 59 10
13 3 48
13 4 51
13 5 38
13 7 34
13 8 47
13 9 35
13 11 19
13 12 36
13 13 53
13 14 50
13 15 31
13 17 54
13 18 46
13 19 55
13 20 4
13 21 20
13 23 18
13 24 1
13 26 14
13 28 12
13 34 58
13 35 57
13 37 13
13 38 6
13 40 25
13 42 23
13 43 59
13 44 32
13 46 45
13 47 33
13 48 49
13 49 30
13 50 22
13 51 0
13 52 8
13 54 5
13 55 3
13 57 24
13 59 40
14 0 43
14 1 49
14 2 8
14 3 26
14 4 35
14 5 37
14 6 46
14 7 23
14 8 1
14 10 36
14 12 45
14 13 40
14 14 42
14 15 55
14 19 50
14 23 58
14 24 56
14 25 7
14 27 13
14 31 52
14 35 33
14 36 59
14 38 27
14 39 0
14 40 2
14 41 15
14 43 5
14 44 57
14 45 12
14 46 22
14 48 44
14 50 34
14 52 30
14 56 21
14 57 38
14 58 48
14 59 24
15 0 6
15 4 52
15 8 28
15 10 31
15 11 34
15 12 27
15 14 21
15 16 1
15 18 50
15 19 9
15 22 14
15 23 59
15 24 15
15 25 48
15 27 46
15 28 20
15 30 11
15 33 54
15 35 49
15 36 16
15 37 2
15 39 43
15 40 19
15 41 24
15 42 53
15 43 42
15 47 38
15 52 4
15 53 32
15 54 37
15 55 30
15 57 35
15 58 33
15 59 22
16 0 36
16 2 39
16 3 1
16 5 54
16 8 34
16 9 41
16 10 24
16 11 26
16 12 25
16 13 17
16 14 11
16 15 4
16 16 59
16 17 21
16 20 3
16 21 0
16 22 18
16 24 46
16 27 32
16 28 44
16 29 33
16 32 19
16 34 14
16 36 15
16 39 50
16 40 12
16 42 51
16 44 48
16 45 45
16 46 2
16 48 30
16 49 53
16 52 13
16 54 16
16 57 6
16 58 37
17 0 39
17 1 23
17 2 2
17 3 56
17 5 41
17 7 20
17 9 54
17 11 59
17 12 17
17 13 50
17 15 53
17 16 30
17 17 3
17 18 37
17 19 49
17 20 57
17 21 24
17 22 12
17 23 16
17 26 43
17 28 47
17 29 0
17 30 22
17 32 7
17 33 8
17 34 21
17 35 19
17 36 32
17 37 36
17 39 45
17 40 29
17 41 31
17 43 1
17 44 26
17 47 27
17 48 35
17 49 13
17 50 5
17 52 11
17 53 14
17 54 38
17 56 48
17 57 25
17 58 4
18 0 1
18 1 17
18 2 44
18 3 43
18 4 30
18 5 0
18 7 48
18 9 47
18 10 37
18 12 14
18 13 38
18 14 26
18 15 54
18 17 40
18 18 31
18 20 34
18 21 28
18 24 52
18 26 16
18 27 39
18 29 6
18 31 46
18 32 13
18 33 51
18 36 50
18 37 12
18 42 4
18 43 23
18 45 29
18 46 58
18 47 2
18 49 19
18 50 9
18 52 22
18 53 49
18 54 42
18 55 55
18 57 41
19 0 46
19 1 36
19 2 40
19 4 12
19 5 8
19 6 15
19 7 38
19 9 33
19 10 56
19 11 48
19 12 3
19 13 47
19 14 43
19 16 44
19 17 37
19 18 52
19 21 6
19 22 42
19 25 53
19 27 0
19 28 27
19 29 1
19 30 54
19 31 32
19 32 41
19 34 28
19 36 58
19 37 50
19 39 4
19 41 11
19 44 31
19 46 51
19 48 59
19 49 23
19 51 2
19 52 21
19 53 26
19 58 7
20 0 31
20 2 27
20 5 56
20 6 52
20 7 2
20 8 30
20 9 5
20 10 55
20 11 0
20 12 54
20 13 37
20 14 15
20 16 46
20 17 34
20 19 21
20 21 47
20 23 17
20 24 40
20 25 36
20 27 6
20 29 43
20 31 26
20 32 28
20 35 44
20 38 16
20 39 42
20 40 8
20 43 32
20 45 38
20 46 10
20 48 11
20 52 41
20 53 20
20 55 53
20 56 57
20 57 59
20 58 1
21 1 40
21 2 21
21 3 51
21 7 1
21 8 10
21 10 45
21 11 39
21 13 15
21 14 59
21 15 34
21 16 6
21 17 13
21 18 33
21 20 5
21 21 4
21 22 56
21 23 25
21 24 37
21 25 46
21 26 2
21 27 43
21 28 36
21 29 44
21 32 38
21 33 55
21 34 57
21 35 9
21 36 3
21 38 14
21 39 17
21 41 54
21 42 31
21 44 24
21 46 19
21 47 28
21 52 42
21 56 7
21 57 27
21 58 30
21 59 20
22 0 21
22 1 56
22 3 36
22 5 13
22 7 47
22 13 30
22 14 40
22 15 33
22 16 7
22 17 39
22 18 0
22 20 54
22 21 57
22 22 23
22 25 31
22 26 27
22 27 14
22 29 38
22 30 37
22 31 2
22 32 9
22 33 50
22 35 51
22 37 18
22 40 59
22 41 55
22 43 6
22 44 44
22 45 49
22 47 17
22 49 48
22 51 45
22 53 24
22 55 12
22 58 52
23 0 14
23 2 53
23 4 31
23 7 12
23 12 30
23 13 44
23 17 22
23 18 42
23 19 15
23 21 49
23 22 9
23 24 27
23 27 34
23 28 11
23 29 36
23 30 55
23 32 37
23 33 39
23 34 25
23 35 56
23 36 19
23 38 0
23 39 20
23 40 23
23 41 46
23 43 10
23 44 13
23 46 17
23 47 47
23 48 54
23 50 24
23 52 2
23 53 41
23 54 21
23 56 59
23 58 29
23 59 58
24 0 0
24 1 13
24 2 29
24 3 30
24 7 36
24 8 31
24 9 12
24 11 14
24 12 32
24 14 4
24 15 37
24 17 33
24 18 35
24 19 45
24 20 24
24 21 48
24 23 40
24 24 18
24 25 51
24 29 52
24 30 10
24 33 42
24 35 59
24 37 39
24 38 25
24 39 8
24 41 50
24 42 54
24 45 41
24 54 23
24 56 1
24 58 16
25 2 43
25 5 34
25 6 5
25 9 50
25 10 47
25 11 30
25 13 11
25 15 21
25 16 10
25 19 42
25 22 53
25 25 44
25 26 39
25 29 22
25 30 41
25 33 58
25 34 7
25 36 36
25 41 37
25 42 13
25 43 54
25 45 51
25 49 24
25 51 59
25 54 3
25 55 4
25 57 57
25 59 25
26 2 37
26 3 29
26 4 25
26 5 51
26 6 8
26 8 44
26 10 26
26 11 18
26 13 46
26 16 40
26 17 4
26 18 53
26 20 42
26 21 13
26 22 45
26 23 2
26 25 27
26 26 22
26 27 17
26 28 9
26 30 32
26 33 33
26 35 11
26 36 24
26 39 56
26 40 49
26 41 30
26 42 34
26 43 21
26 45 1
26 46 6
26 48 55
26 51 54
26 53 15
26 54 31
26 55 43
26 57 50
27 2 45
27 5 17
27 6 11
27 7 46
27 9 14
27 10 13
27 11 20
27 12 42
27 13 25
27 14 56
27 16 41
27 19 44
27 20 39
27 21 38
27 23 30
27 24 23
27 25 8
27 30 1
27 33 22
27 35 29
27 36 26
27 37 16
27 38 58
27 41 32
27 44 33
27 45 3
27 47 24
27 49 27
27 52 53
27 53 50
27 54 57
27 55 35
27 58 36
28 1 52
28 2 54
28 3 47
28 4 10
28 5 48
28 7 56
28 12 11
28 18 25
28 19 18
28 20 19
28 21 43
28 22 46
28 24 57
28 25 33
28 26 49
28 29 59
28 33 44
28 34 6
28 35 3
28 36 4
28 37 40
28 41 7
28 42 0
28 44 5
28 45 17
28 47 58
28 49 14
28 52 15
28 53 45
28 54 2
28 55 29
28 56 50
28 57 13
28 58 38
28 59 37
29 0 8
29 3 23
29 10 39
29 11 51
29 12 31
29 14 58
29 19 7
29 21 40
29 22 3
29 23 28
29 25 18
29 26 26
29 27 19
29 28 16
29 29 45
29 32 10
29 34 44
29 36 20
29 39 55
29 40 38
29 42 41
29 44 37
29 45 34
29 47 56
29 48 17
29 50 47
29 53 0
29 54 27
29 56 43
29 57 48
29 59 4
30 0 35
30 3 44
30 4 29
30 5 52
30 7 18
30 8 43
30 10 49
30 12 33
30 14 3
30 16 42
30 18 51
30 20 13
30 21 8
30 23 50
30 26 46
30 28 1
30 29 27
30 30 26
30 31 14
30 32 11
30 34 31
30 38 54
30 39 23
30 40 17
30 41 16
30 43 22
30 45 7
30 46 47
30 49 36
30 50 10
30 51 6
30 52 40
30 54 15
30 57 56
31 1 1
31 2 18
31 3 55
31 4 26
31 5 9
31 6 34
31 7 53
31 8 45
31 9 59
31 10 12
31 11 11
31 13 31
31 15 28
31 16 43
31 17 36
31 19 32
31 21 10
31 23 35
31 24 47
31 25 16
31 26 6
31 27 57
31 29 54
31 30 17
31 32 42
31 34 8
31 37 25
31 38 29
31 39 27
31 43 14
31 44 0
31 46 39
31 48 56
31 51 5
31 52 51
31 54 49
31 55 13
31 56 20
31 57 40
31 58 46
31 59 50
32 0 28
32 1 57
32 3 20
32 4 33
32 8 58
32 9 10
32 14 47
32 15 39
32 17 11
32 18 19
32 19 1
32 20 53
32 23 15
32 24 6
32 25 23
32 29 13
32 30 34
32 32 59
32 33 30
32 34 46
32 35 2
32 36 7
32 37 56
32 38 12
32 40 54
32 43 36
32 44 51
32 48 40
32 50 21
32 51 37
32 52 5
32 54 55
32 55 0
32 58 45
33 0 11
33 3 37
33 4 21
33 6 56
33 7 3
33 13 43
33 14 18
33 15 47
33 18 1
33 19 25
33 20 33
33 22 13
33 25 52
33 27 2
33 28 42
33 30 30
33 31 5
33 32 45
33 33 46
33 35 41
33 36 39
33 37 58
33 39 22
33 40 55
33 42 17
33 52 16
33 54 48
33 56 53
33 57 10
34 0 48
34 3 39
34 6 54
34 8 8
34 11 9
34 12 28
34 13 19
34 15 59
34 17 41
34 18 47
34 20 44
34 22 6
34 28 40
34 29 3
34 30 58
34 31 25
34 32 35
34 33 16
34 34 32
34 35 10
34 36 18
34 37 1
34 38 7
34 39 21
34 40 4
34 41 29
34 42 24
34 45 31
34 47 53
34 48 38
34 49 43
34 50 23
34 51 56
34 55 51
34 56 22
35 0 59
35 1 5
35 2 33
35 4 4
35 6 13
35 7 14
35 8 0
35 9 31
35 10 43
35 12 46
35 13 51
35 16 26
35 18 29
35 19 28
35 21 27
35 22 22
35 23 19
35 24 55
35 25 47
35 27 7
35 28 15
35 29 20
35 31 57
35 34 38
35 35 53
35 36 17
35 37 42
35 38 36
35 39 54
35 41 25
35 43 11
35 44 3
35 45 2
35 51 34
35 52 18
35 53 21
35 54 12
35 55 41
35 57 52
35 59 35
36 0 4
36 2 17
36 3 8
36 4 32
36 5 33
36 6 30
36 8 53
36 9 7
36 10 42
36 12 57
36 13 13
36 18 34
36 21 16
36 23 44
36 26 5
36 27 49
36 30 59
36 32 21
36 36 9
36 37 51
36 38 26
36 39 12
36 43 29
36 44 43
36 45 56
36 46 18
36 47 15
36 48 27
36 50 2
36 52 52
36 53 23
36 58 31
36 59 47
37 0 49
37 1 54
37 2 56
37 4 3
37 5 45
37 6 38
37 9 22
37 10 2
37 11 46
37 12 58
37 13 29
37 14 0
37 15 48
37 17 28
37 18 16
37 20 31
37 21 11
37 23 51
37 26 18
37 27 40
37 28 26
37 29 39
37 32 47
37 33 27
37 37 17
37 38 41
37 39 15
37 42 6
37 43 19
37 48 37
37 49 5
37 51 33
37 55 23
37 56 14
37 57 21
37 58 59
37 59 57
38 1 20
38 2 0
38 3 9
38 5 57
38 6 36
38 8 48
38 10 30
38 11 10
38 13 12
38 15 3
38 16 49
38 17 31
38 18 6
38 20 55
38 21 56
38 23 41
38 25 21
38 26 28
38 27 51
38 29 40
38 30 25
38 31 7
38 32 54
38 33 47
38 35 50
38 36 38
38 39 34
38 40 46
38 41 2
38 43 16
38 44 27
38 45 37
38 47 42
38 50 26
38 53 1
38 55 5
38 56 18
39 1 3
39 2 24
39 3 17
39 4 5
39 5 23
39 7 50
39 9 28
39 10 59
39 12 8
39 13 45
39 14 12
39 15 10
39 16 9
39 18 15
39 19 51
39 21 29
39 22 11
39 23 53
39 25 37
39 31 48
39 32 46
39 33 34
39 34 26
39 35 36
39 39 35
39 40 33
39 41 43
39 42 56
39 43 39
39 44 41
39 45 57
39 46 31
39 47 52
39 48 25
39 49 44
39 51 19
39 52 1
39 53 6
39 54 0
39 55 14
39 56 27
39 58 58
40 0 45
40 1 46
40 2 30
40 3 49
40 5 59
40 6 10
40 7 42
40 8 38
40 9 34
40 10 48
40 11 29
40 13 41
40 14 2
40 17 53
40 18 11
40 19 19
40 20 40
40 21 14
40 22 32
40 23 6
40 26 3
40 27 26
40 29 55
40 31 51
40 32 57
40 34 37
40 36 21
40 37 24
40 38 43
40 39 52
40 40 39
40 41 47
40 42 33
40 43 44
40 44 58
40 45 15
40 46 50
40 47 18
40 48 16
40 49 31
40 51 23
40 52 7
40 55 8
40 56 9
40 57 36
41 1 19
41 2 47
41 3 0
41 6 3
41 7 16
41 8 11
41 10 15
41 11 24
41 12 41
41 13 57
41 15 13
41 18 32
41 20 48
41 21 59
41 22 2
41 23 56
41 24 28
41 26 9
41 28 5
41 29 34
41 30 29
41 31 39
41 32 25
41 34 40
41 35 22
41 38 53
41 39 31
41 40 42
41 41 36
41 42 10
41 45 33
41 48 12
41 50 46
41 51 26
41 52 37
41 53 18
41 59 17
42 1 11
42 2 58
42 3 31
42 5 43
42 7 0
42 8 29
42 9 55
42 12 6
42 13 5
42 15 35
42 16 8
42 17 7
42 19 12
42 20 46
42 22 34
42 23 13
42 25 41
42 27 4
42 29 9
42 30 28
42 31 44
42 34 54
42 35 30
42 36 40
42 37 3
42 38 37
42 43 26
42 45 47
42 47 45
42 50 57
42 51 27
42 57 22
43 4 2
43 5 47
43 6 59
43 7 7
43 10 23
43 12 50
43 15 27
43 16 51
43 17 44
43 18 39
43 19 14
43 20 26
43 21 54
43 22 38
43 23 1
43 24 31
43 25 13
43 26 53
43 27 48
43 28 28
43 29 12
43 31 34
43 32 29
43 34 18
43 35 17
43 38 19
43 39 49
43 40 56
43 41 0
43 43 25
43 44 46
43 45 20
43 46 21
43 48 45
43 49 10
43 50 33
43 52 6
43 53 36
43 55 11
43 56 58
43 58 24
43 59 41
44 0 9
44 1 34
44 3 12
44 4 42
44 5 22
44 7 26
44 10 53
44 13 32
44 14 54
44 15 51
44 17 16
44 18 17
44 20 56
44 21 3
44 22 27
44 23 11
44 24 38
44 25 49
44 26 20
44 27 21
44 28 39
44 30 35
44 31 55
44 34 29
44 35 28
44 38 13
44 42 47
44 43 46
44 44 1
44 46 43
44 47 30
44 49 8
44 51 40
44 53 7
44 54 18
44 58 14
44 59 2
45 1 38
45 2 1
45 3 40
45 4 8
45 5 39
45 6 20
45 7 55
45 9 25
45 10 51
45 11 44
45 12 26
45 13 3
45 16 57
45 17 19
45 18 41
45 19 35
45 22 0
45 23 43
45 24 7
45 26 10
45 27 5
45 29 29
45 30 24
45 33 13
45 36 47
45 37 6
45 39 46
45 40 34
45 41 14
45 43 12
45 44 53
45 46 48
45 47 4
45 48 9
45 49 50
45 52 33
45 53 31
45 55 58
45 56 56
45 57 15
45 58 23
45 59 28
46 0 22
46 3 14
46 4 13
46 7 58
46 9 18
46 10 6
46 12 52
46 13 56
46 14 33
46 15 9
46 16 53
46 17 48
46 19 39
46 20 15
46 22 25
46 23 23
46 25 11
46 26 54
46 27 50
46 28 43
46 29 21
46 30 44
46 31 30
46 33 37
46 35 8
46 37 0
46 39 36
46 40 3
46 43 2
46 44 38
46 45 10
46 47 16
46 50 59
46 51 24
46 52 47
46 53 19
46 55 57
46 56 46
46 58 41
47 1 53
47 3 38
47 5 5
47 7 9
47 8 21
47 10 34
47 12 51
47 13 16
47 14 41
47 20 36
47 26 33
47 28 8
47 31 24
47 32 23
47 34 11
47 35 52
47 36 37
47 37 19
47 38 1
47 40 50
47 41 35
47 43 13
47 44 59
47 45 30
47 46 14
47 48 48
47 49 55
47 50 39
47 54 17
47 55 26
47 56 4
47 58 27
47 59 18
48 2 51
48 3 2
48 5 15
48 6 40
48 9 9
48 11 37
48 12 59
48 13 21
48 14 24
48 16 19
48 19 0
48 20 38
48 21 39
48 24 14
48 25 25
48 27 1
48 30 7
48 31 29
48 32 26
48 33 28
48 34 10
48 35 47
48 36 41
48 37 34
48 39 32
48 40 6
48 42 20
48 43 33
48 47 12
48 48 42
48 49 35
48 54 46
48 55 45
48 56 5
48 58 55
48 59 44
49 1 25
49 3 50
49 4 39
49 6 47
49 8 17
49 9 0
49 10 11
49 13 18
49 15 38
49 16 54
49 17 26
49 18 21
49 19 8
49 22 28
49 23 46
49 24 4
49 28 57
49 30 20
49 33 6
49 35 24
49 36 1
49 37 27
49 39 9
49 41 53
49 42 49
49 50 45
49 51 30
49 52 29
49 53 43
49 54 35
49 55 10
49 57 12
49 58 42
49 59 23
50 1 47
50 2 31
50 3 59
50 7 41
50 8 19
50 9 56
50 10 17
50 11 52
50 13 35
50 14 34
50 15 46
50 16 48
50 17 49
50 18 54
50 19 11
50 24 21
50 25 28
50 26 13
50 27 22
50 28 7
50 29 53
50 30 5
50 36 27
50 37 10
50 39 1
50 41 4
50 43 43
50 44 39
50 47 37
50 48 36
50 53 30
50 55 16
50 56 45
50 57 29
50 59 12
51 0 41
51 1 15
51 4 24
51 5 46
51 7 59
51 8 25
51 14 53
51 16 18
51 17 23
51 19 33
51 20 8
51 21 51
51 22 16
51 23 55
51 25 57
51 26 0
51 27 42
51 30 9
51 32 36
51 33 45
51 34 1
51 35 27
51 37 32
51 42 52
51 43 30
51 44 35
51 45 43
51 47 39
51 48 26
51 51 11
51 52 54
51 55 6
51 59 31
52 0 5
52 1 2
52 3 42
52 5 40
52 7 8
52 9 46
52 10 54
52 11 36
52 12 24
52 14 31
52 16 35
52 17 17
52 18 12
52 19 29
52 20 58
52 25 9
52 26 11
52 27 3
52 28 13
52 29 10
52 30 6
52 31 15
52 32 53
52 34 34
52 35 1
52 38 48
52 40 18
52 42 37
52 43 50
52 44 45
52 48 43
52 49 4
52 53 16
52 54 14
52 55 52
53 0 17
53 2 13
53 4 36
53 5 11
53 6 50
53 9 29
53 11 23
53 13 2
53 14 48
53 15 58
53 16 16
53 18 38
53 19 37
53 20 45
53 22 47
53 23 10
53 24 3
53 28 21
53 29 7
53 30 39
53 31 6
53 36 44
53 39 18
53 40 40
53 43 52
53 46 5
53 48 46
53 49 41
53 51 14
53 57 0
53 59 19
54 1 0
54 3 21
54 7 32
54 8 24
54 10 4
54 11 3
54 12 16
54 15 25
54 17 5
54 19 54
54 20 35
54 21 42
54 22 17
54 23 29
54 24 22
54 25 50
54 29 31
54 34 43
54 37 38
54 38 57
54 39 47
54 40 15
54 41 9
54 43 7
54 44 2
54 45 59
54 47 55
54 49 11
54 53 33
54 55 44
54 57 19
54 58 56
55 1 31
55 2 5
55 5 4
55 7 54
55 8 36
55 9 39
55 13 59
55 15 42
55 16 29
55 17 25
55 19 57
55 20 41
55 21 9
55 22 33
55 23 48
55 27 53
55 28 32
55 29 17
55 30 8
55 32 44
55 37 37
55 38 50
55 39 3
55 41 21
55 43 15
55 44 14
55 45 18
55 46 1
55 47 51
55 48 47
55 49 46
55 52 27
55 54 52
55 55 56
55 57 55
55 58 2
55 59 26
56 1 50
56 2 46
56 3 19
56 4 40
56 5 12
56 6 39
56 7 49
56 8 16
56 9 42
56 10 7
56 13 24
56 14 28
56 15 1
56 17 18
56 21 55
56 22 5
56 24 11
56 27 8
56 29 30
56 30 2
56 33 32
56 35 26
56 36 25
56 40 22
56 41 59
56 42 36
56 44 52
56 45 9
56 46 54
56 47 57
56 50 4
56 51 20
56 53 17
56 55 34
56 57 33
56 58 43
56 59 48
57 0 57
57 1 48
57 3 58
57 4 44
57 5 42
57 6 9
57 7 27
57 8 41
57 9 15
57 10 29
57 11 53
57 12 43
57 13 52
57 15 12
57 17 14
57 18 2
57 19 23
57 21 37
57 23 31
57 24 0
57 25 3
57 27 59
57 30 51
57 32 22
57 35 13
57 37 5
57 39 24
57 40 45
57 41 20
57 44 40
57 47 25
57 48 6
57 49 34
57 50 11
57 51 47
57 53 35
57 54 39
57 59 46
58 0 53
58 3 52
58 4 28
58 6 33
58 8 15
58 9 16
58 10 50
58 11 35
58 12 48
58 14 1
58 15 43
58 16 45
58 18 49
58 22 19
58 23 27
58 26 30
58 29 58
58 32 51
58 33 36
58 34 59
58 35 40
58 36 0
58 38 3
58 40 32
58 41 56
58 43 20
58 45 46
58 46 13
58 47 5
58 48 18
58 50 31
58 51 38
58 52 9
58 54 44
58 55 22
58 56 24
58 59 42
59 0 44
59 2 42
59 6 14
59 7 30
59 8 40
59 9 37
59 10 33
59 12 21
59 13 49
59 14 38
59 15 45
59 16 55
59 17 9
59 18 36
59 19 13
59 21 32
59 22 52
59 24 16
59 25 43
59 26 19
59 28 18
59 29 4
59 30 23
59 31 0
59 33 48
59 34 15
59 36 22
59 37 54
59 39 39
59 41 26
59 42 29
59 45 35
59 47 41
59 52 34
59 54 59
59 55 2
59 56 3
59 57 51
59 59 5
