70
0 4 7
0 6 2
0 9 0
0 10 49
0 11 42
0 14 25
0 21 24
0 22 66
0 24 51
0 27 58
0 34 13
0 39 22
0 43 32
0 49 27
0 54 33
0 55 26
0 61 21
0 63 61
0 64 48
0 65 6
0 66 3
0 68 20
1 7 39
1 9 62
1 10 18
1 13 48
1 17 56
1 19 29
1 27 40
1 28 46
1 32 66
1 34 33
1 37 12
1 44 34
1 47 17
1 50 19
1 51 36
1 52 27
1 53 43
1 55 15
1 58 35
1 59 38
1 60 7
1 63 59
1 65 3
1 68 8
1 69 23
2 2 29
2 7 10
2 8 55
2 11 6
2 15 53
2 16 26
2 22 58
2 25 14
2 32 33
2 34 44
2 36 51
2 39 12
2 41 54
2 46 43
2 49 9
2 50 28
2 56 48
2 61 2
2 62 5
2 63 49
2 65 16
2 69 64
3 0 6
3 5 31
3 7 51
3 14 12
3 19 37
3 23 53
3 24 65
3 26 62
3 27 23
3 34 28
3 36 13
3 42 8
3 44 41
3 46 4
3 52 68
3 59 7
3 65 0
4 5 55
4 7 8
4 24 39
4 25 45
4 27 33
4 29 0
4 36 40
4 37 44
4 44 24
4 46 16
4 48 56
4 50 43
4 51 25
4 52 1
4 54 7
4 55 35
4 61 32
4 67 51
4 68 62
5 1 67
5 14 64
5 17 30
5 18 65
5 19 40
5 23 59
5 24 53
5 26 17
5 30 12
5 32 2
5 34 63
5 36 39
5 38 9
5 41 23
5 42 25
5 43 48
5 44 57
5 46 6
5 57 34
5 58 7
5 62 15
5 63 8
5 69 1
6 1 24
6 2 6
6 5 2
6 8 66
6 16 50
6 30 46
6 32 25
6 34 55
6 44 47
6 48 30
6 55 62
6 56 61
6 65 11
6 68 12
6 69 68
7 3 68
7 4 40
7 8 41
7 9 5
7 15 54
7 18 30
7 21 3
7 22 44
7 23 65
7 25 2
7 27 60
7 30 7
7 32 12
7 33 53
7 35 46
7 46 15
7 52 57
7 55 34
7 56 6
7 59 21
7 61 8
7 68 33
8 1 52
8 7 46
8 8 17
8 11 50
8 12 64
8 19 9
8 21 42
8 22 25
8 23 58
8 24 10
8 27 69
8 28 34
8 36 45
8 38 33
8 46 19
8 48 15
8 49 68
8 51 7
8 53 65
8 56 20
8 57 41
8 61 16
8 63 62
8 67 4
8 69 67
9 1 3
9 3 10
9 10 63
9 12 33
9 19 45
9 21 26
9 48 67
9 51 46
9 52 18
9 62 13
9 63 69
9 66 25
9 67 37
9 69 60
10 4 1
10 7 67
10 8 65
10 9 57
10 10 20
10 12 62
10 13 61
10 14 7
10 15 69
10 23 34
10 29 42
10 32 39
10 39 43
10 44 11
10 48 40
10 51 41
10 53 2
10 59 37
10 65 45
10 66 26
11 0 17
11 2 57
11 3 2
11 7 15
11 8 62
11 10 33
11 13 25
11 16 56
11 18 45
11 23 8
11 24 6
11 30 39
11 32 68
11 36 30
11 42 51
11 44 46
11 48 64
11 52 53
11 55 23
11 57 54
11 59 52
11 61 47
11 62 7
11 64 37
11 66 60
11 67 49
11 68 35
11 69 3
12 2 23
12 9 34
12 10 39
12 16 66
12 18 27
12 29 47
12 31 9
12 40 31
12 41 26
12 42 41
12 50 50
12 51 38
12 54 40
12 55 32
12 58 59
12 65 17
13 0 67
13 6 5
13 10 6
13 18 40
13 19 3
13 21 22
13 24 21
13 28 29
13 29 39
13 37 35
13 38 65
13 42 44
13 43 19
13 46 33
13 52 66
13 53 64
13 57 18
13 65 59
14 0 50
14 2 42
14 4 52
14 5 39
14 11 41
14 12 15
14 17 5
14 18 33
14 22 36
14 23 0
14 30 20
14 33 22
14 35 3
14 37 23
14 41 28
14 46 44
14 50 54
14 52 6
14 53 11
14 54 62
14 59 8
14 60 69
14 62 1
14 64 68
14 65 7
14 66 59
14 67 9
14 68 48
15 0 48
15 1 19
15 2 25
15 12 30
15 21 2
15 22 22
15 27 12
15 28 55
15 34 20
15 36 33
15 42 50
15 44 60
15 46 69
15 49 61
15 51 44
15 55 49
15 57 7
15 64 36
15 66 47
16 0 33
16 4 37
16 12 13
16 18 20
16 19 0
16 23 57
16 28 30
16 32 50
16 34 52
16 37 59
16 38 68
16 39 53
16 43 41
16 44 69
16 47 39
16 60 40
16 64 35
16 65 18
16 67 5
16 68 54
17 0 54
17 4 41
17 10 43
17 11 16
17 12 39
17 13 53
17 14 68
17 15 35
17 22 18
17 32 62
17 33 15
17 34 38
17 37 48
17 40 32
17 41 21
17 49 1
17 54 17
17 58 11
17 59 5
17 60 61
17 68 60
17 69 57
18 0 47
18 3 54
18 6 29
18 12 5
18 15 11
18 17 59
18 18 25
18 27 62
18 28 43
18 29 65
18 30 42
18 31 21
18 34 10
18 38 3
18 41 61
18 42 6
18 43 55
18 44 50
18 49 57
18 52 8
18 53 39
18 55 37
18 60 33
18 61 40
18 69 53
19 0 43
19 5 13
19 6 3
19 7 63
19 9 16
19 14 35
19 16 1
19 23 25
19 29 8
19 31 62
19 32 64
19 34 27
19 35 37
19 39 28
19 40 2
19 43 21
19 45 18
19 47 7
19 49 50
19 59 59
19 60 58
19 63 41
19 66 69
19 69 55
20 1 62
20 3 23
20 5 18
20 6 51
20 9 60
20 10 50
20 14 53
20 16 35
20 18 1
20 24 40
20 27 38
20 29 43
20 32 22
20 33 26
20 35 58
20 37 45
20 45 12
20 47 25
20 52 9
20 57 5
20 58 36
20 60 28
20 63 32
20 66 37
20 69 4
21 1 43
21 3 3
21 4 4
21 6 1
21 8 39
21 9 66
21 14 61
21 18 69
21 20 50
21 21 48
21 27 41
21 28 57
21 36 9
21 38 16
21 44 28
21 46 21
21 47 53
21 49 20
21 56 22
21 57 0
21 58 38
21 61 24
22 2 18
22 3 45
22 11 38
22 17 28
22 24 66
22 30 8
22 32 7
22 40 3
22 44 0
22 45 62
22 49 64
22 51 11
22 52 15
22 53 34
22 54 54
22 58 37
22 59 63
22 61 53
22 67 65
22 68 6
23 0 16
23 1 49
23 4 61
23 8 52
23 13 33
23 15 8
23 17 58
23 18 4
23 23 45
23 30 65
23 40 40
23 43 34
23 44 43
23 46 13
23 49 2
23 50 7
23 52 42
23 55 20
23 60 47
24 3 19
24 7 64
24 13 6
24 16 67
24 17 47
24 25 29
24 26 22
24 27 21
24 29 45
24 30 28
24 32 56
24 33 30
24 35 34
24 37 49
24 38 2
24 41 60
24 43 37
24 45 0
24 50 55
24 54 31
24 57 10
24 59 40
24 63 65
25 1 7
25 8 59
25 13 27
25 19 13
25 23 47
25 24 57
25 25 32
25 26 66
25 32 37
25 34 42
25 37 21
25 38 64
25 39 45
25 40 49
25 49 48
25 55 39
25 57 3
25 60 18
25 66 68
25 68 31
26 1 0
26 2 8
26 4 28
26 5 35
26 8 57
26 9 20
26 12 34
26 14 56
26 17 54
26 18 61
26 19 1
26 22 11
26 23 24
26 28 19
26 30 41
26 41 31
26 42 59
26 45 30
26 48 66
26 49 26
26 56 38
26 66 21
26 69 13
27 3 48
27 6 49
27 10 55
27 12 52
27 18 18
27 19 65
27 23 29
27 24 3
27 25 68
27 30 35
27 32 67
27 34 47
27 37 50
27 39 62
27 41 59
27 46 64
27 48 45
27 49 63
27 50 14
27 52 34
27 53 53
27 54 36
27 58 15
27 59 11
27 60 0
27 61 58
27 63 25
27 69 39
28 4 42
28 5 64
28 9 14
28 19 27
28 22 67
28 23 40
28 31 15
28 35 49
28 44 8
28 45 20
28 53 21
28 55 22
28 66 53
28 69 5
29 3 50
29 9 65
29 11 1
29 15 67
29 16 51
29 18 8
29 19 57
29 23 44
29 24 54
29 29 26
29 33 21
29 34 14
29 38 4
29 40 15
29 41 27
29 43 38
29 49 45
29 51 2
29 53 12
29 60 66
29 63 18
30 0 7
30 2 38
30 4 43
30 7 2
30 9 3
30 11 9
30 13 8
30 15 47
30 20 37
30 24 11
30 27 25
30 29 16
30 33 39
30 35 68
30 38 12
30 41 24
30 43 51
30 47 22
30 48 5
30 49 4
30 50 15
30 52 13
30 56 50
30 63 28
31 1 55
31 2 27
31 9 7
31 15 62
31 18 16
31 21 69
31 23 38
31 31 25
31 32 19
31 34 12
31 40 46
31 45 53
31 46 57
31 52 54
31 54 49
31 55 11
31 56 2
31 59 6
31 60 29
31 62 21
31 63 10
31 66 65
31 67 15
32 0 10
32 4 57
32 5 46
32 6 40
32 11 53
32 13 34
32 20 21
32 21 36
32 22 14
32 26 4
32 27 3
32 29 17
32 32 31
32 33 27
32 38 35
32 39 69
32 44 7
32 45 22
32 52 50
32 55 66
32 56 13
32 58 20
32 60 45
32 62 26
32 63 54
33 2 50
33 5 16
33 10 42
33 12 29
33 13 13
33 15 32
33 17 22
33 25 43
33 29 1
33 30 14
33 38 66
33 44 35
33 45 44
33 46 28
33 53 60
33 54 37
33 55 68
33 60 12
33 69 2
34 4 66
34 9 40
34 10 4
34 12 10
34 22 29
34 23 22
34 25 19
34 26 57
34 28 45
34 30 67
34 31 48
34 32 51
34 35 36
34 39 49
34 41 30
34 43 35
34 51 56
34 54 60
34 58 3
34 62 55
34 65 39
34 66 14
34 68 53
35 3 49
35 8 51
35 10 12
35 15 60
35 16 65
35 17 52
35 19 53
35 22 59
35 25 30
35 29 55
35 30 0
35 31 28
35 32 69
35 33 16
35 34 7
35 39 15
35 40 23
35 49 42
35 52 64
35 53 6
35 61 20
35 62 63
36 0 56
36 10 37
36 14 36
36 21 18
36 23 20
36 27 63
36 28 51
36 31 42
36 32 27
36 34 67
36 36 34
36 40 6
36 42 49
36 46 62
36 48 24
36 50 13
36 51 47
36 54 35
36 67 8
37 2 16
37 3 12
37 4 44
37 17 50
37 19 66
37 20 63
37 31 13
37 36 65
37 39 61
37 49 60
37 50 10
37 55 40
37 68 2
38 4 53
38 5 5
38 8 36
38 9 4
38 11 37
38 13 10
38 21 1
38 23 3
38 31 46
38 32 65
38 34 45
38 39 48
38 41 29
38 42 56
38 44 62
38 46 26
38 47 30
38 50 2
38 52 24
38 54 50
38 56 57
38 61 23
38 62 12
38 68 40
39 5 22
39 7 37
39 11 13
39 13 7
39 17 6
39 21 35
39 22 21
39 24 4
39 33 45
39 36 44
39 38 59
39 39 33
39 41 63
39 51 68
39 53 20
39 55 28
39 57 16
39 58 40
39 61 39
39 64 15
39 65 69
39 68 19
40 0 68
40 2 35
40 4 9
40 6 4
40 10 62
40 12 36
40 15 18
40 17 42
40 20 20
40 21 17
40 23 23
40 24 63
40 27 15
40 28 6
40 31 39
40 32 55
40 33 61
40 39 40
40 45 21
40 52 38
40 54 12
40 57 31
40 62 45
40 63 16
40 66 28
40 68 46
41 1 58
41 6 56
41 9 53
41 10 67
41 11 49
41 12 31
41 14 62
41 16 33
41 21 10
41 26 46
41 35 20
41 36 11
41 37 4
41 40 69
41 42 28
41 47 55
41 48 42
41 51 65
41 55 0
41 65 13
41 66 44
42 2 34
42 5 63
42 7 26
42 10 53
42 15 39
42 27 27
42 31 66
42 33 24
42 35 67
42 37 13
42 38 42
42 39 59
42 42 0
42 46 5
42 47 48
42 51 40
42 54 45
42 55 10
42 58 32
42 60 65
42 61 56
42 64 12
42 65 29
42 66 17
42 67 7
43 1 66
43 2 30
43 4 63
43 8 64
43 16 57
43 20 34
43 25 49
43 34 37
43 35 38
43 37 26
43 38 45
43 39 39
43 40 54
43 41 8
43 50 9
43 51 23
43 53 47
43 62 3
43 65 50
43 67 27
44 0 53
44 3 63
44 4 3
44 5 57
44 9 21
44 25 34
44 28 20
44 31 19
44 32 46
44 38 36
44 40 22
44 42 67
44 46 38
44 52 14
44 56 27
44 59 47
44 60 56
44 64 29
44 65 37
45 0 5
45 3 33
45 9 45
45 15 34
45 17 16
45 20 52
45 22 48
45 28 58
45 29 54
45 30 37
45 34 0
45 38 43
45 42 40
45 44 26
45 45 15
45 46 66
45 48 7
45 49 51
45 54 56
45 56 9
45 59 2
45 65 30
45 68 41
46 1 64
46 4 26
46 5 52
46 10 32
46 20 39
46 24 44
46 25 12
46 27 47
46 35 48
46 43 33
46 51 42
46 52 40
46 57 65
46 61 18
46 62 23
46 63 19
47 2 17
47 3 13
47 7 24
47 8 40
47 10 52
47 11 56
47 12 8
47 13 59
47 27 11
47 28 64
47 29 10
47 32 18
47 34 31
47 35 65
47 38 6
47 40 41
47 46 12
47 48 21
47 49 0
47 51 3
47 55 2
47 58 69
47 59 36
47 64 38
47 67 58
48 2 7
48 4 6
48 10 29
48 16 19
48 28 18
48 31 8
48 32 17
48 36 23
48 37 34
48 40 36
48 42 48
48 43 45
48 46 1
48 50 22
48 52 55
48 54 5
48 61 25
48 64 16
49 1 34
49 2 10
49 6 18
49 7 52
49 8 63
49 9 28
49 11 27
49 16 15
49 22 17
49 25 3
49 27 56
49 30 60
49 36 20
49 42 57
49 46 31
49 49 46
49 51 55
49 57 32
49 58 39
49 61 48
49 62 0
49 66 41
49 68 45
50 4 12
50 16 36
50 17 35
50 23 69
50 31 33
50 35 50
50 44 40
50 50 53
50 55 65
50 57 14
50 58 55
50 65 23
50 67 1
51 2 51
51 3 62
51 8 6
51 15 28
51 20 13
51 21 23
51 27 61
51 28 26
51 30 19
51 32 59
51 35 52
51 38 14
51 42 37
51 43 46
51 45 4
51 50 64
51 51 57
51 55 21
51 57 67
51 66 30
52 4 10
52 5 15
52 7 58
52 11 46
52 21 59
52 25 28
52 27 48
52 28 5
52 30 45
52 35 4
52 37 0
52 38 7
52 40 21
52 44 30
52 52 31
52 55 42
52 59 57
52 61 33
52 64 65
52 68 68
52 69 66
53 0 36
53 5 47
53 10 59
53 11 65
53 12 1
53 20 68
53 25 54
53 29 66
53 30 16
53 35 29
53 39 10
53 42 17
53 44 3
53 46 56
53 47 8
53 49 7
53 58 9
53 60 20
53 64 51
53 68 37
53 69 26
54 1 41
54 2 0
54 3 22
54 8 8
54 10 10
54 11 62
54 15 29
54 19 6
54 25 56
54 34 66
54 36 48
54 40 67
54 41 14
54 43 4
54 45 61
54 50 42
54 56 65
54 60 37
54 68 15
54 69 12
55 0 22
55 1 30
55 5 14
55 13 42
55 18 46
55 22 2
55 23 41
55 25 62
55 26 35
55 33 55
55 38 50
55 39 4
55 47 37
55 51 58
55 52 56
55 62 51
55 67 48
55 69 19
56 3 57
56 7 25
56 12 24
56 20 22
56 21 39
56 24 55
56 26 50
56 28 42
56 30 62
56 32 63
56 42 13
56 43 31
56 44 45
56 49 10
56 54 44
56 57 8
56 66 61
56 68 27
57 1 28
57 4 15
57 5 48
57 12 58
57 15 16
57 22 7
57 23 19
57 25 38
57 33 29
57 35 26
57 37 17
57 40 63
57 46 40
57 47 59
57 54 57
57 57 6
57 58 47
57 62 9
57 66 36
58 2 65
58 6 9
58 8 34
58 15 17
58 22 15
58 26 16
58 30 63
58 32 32
58 35 54
58 36 22
58 37 57
58 46 48
58 49 56
58 50 24
58 52 41
58 54 47
58 55 43
58 62 66
58 65 60
58 68 38
59 0 61
59 3 41
59 7 12
59 10 66
59 17 62
59 21 11
59 23 30
59 24 16
59 27 51
59 30 6
59 32 54
59 34 36
59 40 28
59 43 17
59 45 65
59 47 33
59 48 19
59 49 22
59 51 53
59 52 21
59 53 58
59 58 56
59 60 24
59 63 20
59 64 59
59 66 48
59 68 29
60 2 40
60 14 29
60 20 42
60 23 60
60 24 13
60 30 53
60 32 38
60 38 30
60 39 20
60 40 24
60 47 62
60 48 59
60 51 37
60 52 45
60 53 55
60 54 28
60 55 33
60 60 43
60 65 10
61 0 55
61 5 37
61 7 13
61 11 67
61 13 26
61 15 36
61 18 10
61 29 9
61 30 49
61 35 33
61 39 50
61 42 15
61 45 14
61 50 12
61 51 62
61 59 48
61 65 65
61 68 39
62 2 31
62 5 43
62 6 35
62 11 61
62 17 15
62 20 46
62 27 26
62 29 25
62 30 10
62 38 54
62 41 34
62 46 22
62 47 38
62 48 11
62 52 4
62 53 67
62 54 2
62 55 45
62 60 49
62 63 66
62 66 23
62 69 20
63 1 9
63 4 45
63 6 58
63 7 22
63 8 13
63 9 31
63 10 11
63 13 55
63 20 41
63 22 57
63 24 62
63 25 1
63 31 35
63 33 56
63 39 64
63 43 42
63 49 12
63 51 18
63 52 5
63 54 59
63 56 53
63 58 25
63 67 34
64 0 57
64 1 45
64 10 21
64 11 55
64 13 29
64 14 34
64 15 46
64 18 22
64 20 66
64 21 19
64 30 3
64 33 18
64 35 30
64 36 6
64 43 62
64 44 15
64 46 53
64 50 61
64 55 9
64 58 49
64 60 23
65 2 5
65 7 18
65 16 28
65 20 59
65 28 69
65 34 16
65 40 62
65 48 27
65 51 20
65 54 48
65 59 26
65 64 30
66 3 32
66 4 2
66 5 28
66 6 13
66 7 29
66 10 34
66 11 3
66 12 7
66 20 55
66 21 4
66 23 54
66 28 17
66 30 56
66 43 23
66 50 30
66 51 16
66 53 24
66 55 41
66 57 26
66 65 14
66 67 19
66 68 61
67 4 55
67 9 19
67 17 27
67 19 38
67 24 7
67 28 39
67 30 1
67 34 50
67 35 17
67 37 64
67 41 10
67 51 61
67 53 26
67 54 20
67 61 44
67 65 54
67 66 46
67 67 66
67 68 57
68 0 32
68 3 53
68 4 62
68 5 20
68 6 8
68 7 3
68 10 35
68 11 43
68 14 63
68 15 61
68 16 13
68 21 45
68 27 22
68 30 26
68 31 55
68 35 40
68 37 30
68 38 56
68 39 46
68 42 12
68 43 65
68 52 37
68 59 25
68 61 49
68 64 66
68 68 23
68 69 16
69 0 65
69 1 68
69 5 50
69 10 7
69 12 61
69 15 37
69 16 55
69 21 33
69 22 24
69 26 6
69 34 41
69 38 67
69 42 29
69 45 17
69 56 19
69 57 21
69 60 34
69 61 3
69 62 54
69 64 22
69 66 62
