70
0 0 40
0 1 16
0 2 30
0 6 54
0 8 23
0 20 3
0 26 2
0 29 47
0 30 46
0 31 41
0 32 43
0 45 49
0 47 1
0 50 66
0 51 4
0 54 14
0 56 31
0 61 37
0 63 9
0 65 22
1 4 40
1 5 26
1 7 7
1 8 16
1 19 45
1 20 5
1 21 32
1 22 56
1 28 20
1 29 48
1 34 11
1 38 31
1 39 62
1 40 39
1 42 34
1 43 37
1 47 66
1 48 15
1 51 22
1 54 19
1 58 35
1 59 49
1 62 54
1 66 67
1 67 21
2 4 4
2 5 67
2 6 49
2 8 3
2 10 57
2 11 20
2 15 17
2 17 26
2 20 34
2 24 11
2 31 32
2 34 56
2 38 50
2 41 2
2 46 0
2 49 38
2 55 13
2 56 55
2 58 66
2 60 48
2 61 28
2 63 37
2 67 61
2 69 18
3 0 56
3 2 1
3 6 47
3 14 11
3 19 33
3 22 49
3 28 50
3 29 10
3 38 19
3 41 5
3 42 59
3 46 30
3 50 29
3 60 31
3 63 51
3 64 53
4 3 27
4 6 43
4 8 66
4 10 52
4 11 45
4 20 47
4 21 68
4 22 39
4 24 25
4 29 40
4 32 48
4 35 22
4 45 54
4 46 60
4 48 9
4 51 13
4 55 64
4 57 62
4 59 6
4 62 20
5 1 68
5 3 24
5 4 30
5 5 0
5 7 43
5 10 44
5 13 48
5 15 49
5 17 36
5 26 55
5 29 1
5 32 63
5 33 5
5 35 28
5 36 8
5 38 39
5 42 23
5 48 64
5 57 35
5 59 14
5 64 27
5 65 41
6 2 53
6 7 61
6 8 49
6 9 45
6 18 57
6 25 6
6 27 66
6 28 13
6 29 14
6 30 47
6 31 16
6 32 68
6 33 0
6 35 46
6 38 67
6 40 23
6 44 31
6 48 27
6 51 20
6 52 37
6 54 4
6 55 24
6 57 15
6 59 30
6 61 65
6 62 3
6 65 36
6 66 8
7 1 15
7 2 59
7 13 6
7 16 53
7 20 63
7 27 51
7 32 61
7 33 62
7 38 25
7 40 45
7 42 2
7 56 48
7 58 17
7 59 34
7 60 37
7 64 60
7 67 3
7 69 27
8 1 39
8 2 64
8 9 16
8 15 45
8 19 26
8 20 22
8 21 27
8 23 58
8 30 69
8 31 49
8 33 18
8 34 62
8 39 55
8 44 10
8 47 4
8 48 43
8 56 32
8 58 52
8 60 13
8 65 56
9 0 0
9 2 48
9 4 60
9 14 38
9 18 30
9 19 64
9 22 58
9 23 17
9 25 59
9 27 4
9 33 47
9 37 20
9 38 51
9 40 14
9 41 25
9 42 54
9 43 33
9 53 65
9 57 66
9 58 40
9 61 1
9 62 24
9 63 26
9 65 3
10 6 2
10 7 36
10 8 20
10 9 50
10 10 41
10 23 60
10 25 56
10 29 38
10 32 53
10 35 30
10 37 22
10 40 49
10 42 64
10 46 29
10 49 11
10 53 32
10 57 59
10 60 14
10 65 39
11 0 16
11 1 26
11 3 10
11 4 57
11 5 20
11 6 23
11 10 63
11 13 22
11 14 33
11 17 59
11 18 49
11 24 64
11 25 54
11 26 4
11 27 8
11 28 61
11 29 58
11 30 30
11 37 43
11 38 56
11 43 45
11 46 50
11 48 39
11 49 41
11 51 7
11 62 18
12 1 49
12 4 31
12 5 37
12 6 15
12 11 61
12 15 3
12 20 64
12 23 67
12 24 2
12 29 9
12 31 55
12 34 57
12 41 20
12 42 29
12 53 35
12 57 39
12 61 41
12 69 58
13 0 20
13 6 36
13 9 29
13 10 18
13 12 13
13 13 58
13 20 2
13 23 45
13 25 28
13 26 48
13 33 7
13 39 1
13 40 59
13 42 37
13 52 49
13 54 57
13 58 56
13 63 53
13 66 16
13 69 51
14 1 7
14 4 28
14 6 63
14 7 53
14 14 23
14 15 58
14 17 33
14 20 1
14 24 26
14 26 17
14 27 21
14 30 39
14 34 59
14 35 18
14 46 43
14 62 31
14 66 25
15 0 12
15 3 34
15 4 56
15 7 40
15 10 23
15 19 46
15 20 32
15 21 36
15 25 69
15 29 49
15 30 66
15 35 68
15 38 38
15 41 1
15 46 24
15 47 59
15 51 8
15 56 63
15 58 20
15 60 39
15 61 29
15 66 60
15 69 43
16 0 67
16 1 63
16 4 53
16 7 15
16 12 43
16 20 10
16 21 42
16 22 17
16 28 27
16 31 0
16 43 55
16 46 52
16 51 51
16 56 6
16 62 36
16 66 62
16 69 29
17 2 7
17 6 52
17 7 28
17 12 62
17 14 49
17 16 42
17 27 24
17 28 44
17 32 26
17 36 58
17 44 67
17 47 32
17 48 2
17 51 69
17 55 38
17 57 41
17 59 21
17 63 29
17 65 61
17 66 31
18 0 18
18 1 45
18 3 20
18 6 14
18 7 51
18 10 16
18 14 54
18 15 66
18 20 25
18 23 5
18 25 15
18 29 22
18 32 64
18 37 28
18 40 60
18 47 2
18 50 17
18 51 35
18 55 9
18 57 65
18 67 57
19 0 9
19 13 49
19 15 41
19 19 3
19 21 30
19 25 23
19 30 28
19 34 32
19 37 62
19 42 56
19 43 29
19 46 48
19 47 25
19 50 21
19 55 27
19 58 26
19 59 36
19 64 5
19 68 67
20 0 14
20 1 13
20 5 53
20 8 67
20 10 61
20 11 56
20 12 47
20 14 0
20 15 44
20 19 11
20 21 24
20 27 32
20 29 45
20 31 19
20 32 22
20 37 9
20 45 27
20 47 12
20 48 8
20 49 26
20 51 31
20 52 60
20 54 39
20 55 29
20 56 23
20 58 43
20 64 1
20 66 65
21 1 14
21 5 7
21 7 0
21 8 32
21 10 56
21 13 3
21 16 62
21 19 4
21 21 6
21 28 57
21 32 35
21 37 60
21 41 49
21 45 19
21 46 13
21 50 63
21 53 69
21 56 65
21 59 67
21 62 10
21 64 16
21 65 31
22 3 9
22 5 1
22 7 45
22 9 64
22 10 67
22 14 32
22 19 56
22 22 65
22 26 13
22 29 62
22 31 28
22 33 41
22 37 68
22 40 55
22 41 51
22 44 12
22 50 34
22 55 31
22 57 3
22 64 15
23 2 49
23 4 32
23 6 16
23 7 39
23 9 30
23 10 29
23 11 26
23 14 48
23 18 0
23 21 52
23 25 55
23 28 3
23 33 58
23 34 68
23 36 34
23 38 22
23 39 20
23 41 9
23 43 44
23 44 33
23 54 5
23 55 54
23 57 69
23 59 2
23 60 65
23 62 50
23 64 21
23 69 57
24 3 42
24 6 8
24 10 30
24 11 6
24 15 36
24 21 62
24 25 24
24 28 58
24 33 10
24 35 27
24 36 15
24 38 46
24 42 39
24 46 18
24 49 50
24 52 64
24 53 68
24 55 11
24 56 44
24 59 38
24 61 69
25 0 55
25 1 56
25 2 43
25 3 22
25 5 27
25 7 10
25 8 8
25 9 58
25 10 33
25 16 57
25 18 3
25 21 12
25 23 34
25 24 69
25 31 11
25 32 59
25 37 46
25 38 18
25 42 32
25 43 24
25 46 19
25 53 2
25 54 63
25 57 49
25 60 28
25 61 14
25 66 51
25 67 66
25 68 64
25 69 21
26 3 60
26 9 68
26 10 14
26 13 27
26 14 42
26 18 44
26 23 47
26 30 2
26 36 31
26 38 65
26 39 57
26 41 12
26 43 26
26 44 39
26 45 6
26 46 37
26 47 36
26 54 32
26 57 25
26 58 33
26 61 20
26 62 52
26 63 30
26 67 7
27 1 17
27 3 29
27 5 55
27 7 46
27 8 47
27 11 68
27 12 60
27 14 63
27 17 13
27 31 33
27 37 16
27 39 53
27 40 48
27 41 43
27 43 12
27 54 61
27 56 2
27 58 30
27 60 59
27 62 8
27 63 66
27 64 57
28 2 58
28 7 55
28 8 14
28 12 5
28 13 46
28 19 20
28 38 1
28 46 45
28 52 7
28 56 59
28 58 69
28 62 56
28 63 68
28 64 11
28 66 61
28 69 36
29 9 39
29 14 58
29 15 10
29 19 42
29 21 49
29 30 16
29 36 69
29 40 64
29 41 68
29 42 53
29 43 56
29 45 66
29 46 4
29 51 14
29 55 28
29 57 55
29 60 54
29 62 11
30 2 25
30 6 6
30 8 44
30 9 61
30 12 66
30 15 52
30 16 56
30 17 49
30 19 50
30 28 60
30 30 19
30 31 14
30 33 54
30 34 35
30 38 0
30 39 36
30 40 7
30 41 24
30 43 2
30 49 27
30 52 59
30 53 42
30 54 34
30 55 22
30 65 58
30 67 15
31 2 6
31 3 28
31 7 18
31 12 55
31 16 22
31 24 50
31 28 16
31 32 1
31 37 42
31 44 36
31 51 17
31 54 29
31 59 31
31 65 53
31 66 10
31 67 64
31 69 25
32 1 52
32 14 46
32 15 1
32 20 9
32 24 53
32 25 43
32 26 38
32 28 66
32 30 55
32 31 34
32 35 54
32 36 50
32 40 27
32 47 20
32 49 35
32 51 42
32 53 13
32 57 29
32 59 12
32 60 11
32 63 24
32 65 59
32 67 40
33 6 65
33 8 2
33 13 14
33 20 38
33 22 21
33 26 6
33 31 18
33 37 66
33 38 55
33 44 43
33 46 34
33 48 62
33 55 51
33 56 49
33 57 12
33 60 7
33 67 33
33 68 53
33 69 13
34 3 35
34 10 38
34 15 53
34 18 1
34 26 15
34 28 37
34 29 69
34 30 68
34 31 44
34 46 7
34 49 34
34 51 47
34 52 19
34 53 57
34 56 66
34 59 9
34 62 55
34 65 14
34 68 63
35 1 50
35 5 49
35 7 3
35 8 39
35 13 28
35 15 56
35 16 2
35 24 55
35 25 16
35 32 51
35 33 23
35 34 18
35 37 17
35 39 5
35 44 21
35 46 36
35 47 47
35 55 40
35 63 11
35 65 65
35 67 41
36 4 5
36 9 27
36 11 30
36 15 63
36 16 32
36 18 38
36 22 42
36 27 28
36 28 14
36 29 23
36 31 45
36 35 31
36 39 69
36 43 58
36 47 41
36 49 49
36 50 61
36 51 39
36 56 36
36 61 4
36 66 12
37 0 49
37 2 67
37 7 47
37 9 48
37 10 27
37 17 39
37 19 68
37 21 63
37 23 32
37 24 4
37 28 36
37 43 69
37 44 55
37 51 44
37 53 23
37 55 57
37 56 22
37 59 59
37 66 11
37 67 35
37 68 5
38 3 68
38 11 66
38 13 25
38 18 63
38 21 31
38 26 53
38 30 7
38 35 23
38 38 27
38 49 2
38 51 30
38 55 49
38 56 35
38 58 32
38 61 56
38 62 51
38 66 39
38 67 44
38 68 52
39 1 32
39 4 65
39 6 41
39 8 18
39 13 40
39 23 62
39 25 67
39 41 29
39 43 49
39 44 66
39 53 22
39 54 55
39 55 4
39 57 43
39 67 2
39 68 45
40 9 1
40 10 11
40 11 55
40 15 64
40 23 39
40 24 68
40 28 10
40 29 46
40 30 51
40 32 0
40 36 7
40 41 38
40 42 36
40 49 60
40 51 67
40 58 57
40 62 44
40 63 22
41 2 28
41 3 16
41 7 65
41 9 37
41 10 3
41 11 43
41 13 60
41 17 17
41 18 45
41 19 31
41 21 19
41 23 27
41 25 22
41 28 2
41 29 13
41 33 53
41 38 29
41 39 14
41 41 66
41 46 15
41 49 42
41 51 5
41 52 52
41 54 58
41 57 21
41 60 9
41 61 44
42 3 12
42 4 63
42 8 64
42 12 19
42 19 48
42 24 22
42 27 35
42 28 8
42 30 6
42 35 66
42 45 20
42 47 61
42 48 37
42 54 36
42 57 34
42 58 41
42 62 38
42 65 47
42 68 14
42 69 16
43 0 39
43 3 46
43 6 62
43 7 16
43 10 31
43 12 9
43 15 35
43 19 65
43 24 21
43 28 12
43 36 0
43 37 69
43 39 38
43 40 13
43 41 40
43 45 24
43 51 49
43 58 11
43 59 52
43 66 47
43 68 55
43 69 6
44 1 34
44 5 2
44 9 13
44 11 28
44 16 37
44 21 22
44 22 54
44 25 62
44 30 4
44 37 63
44 38 9
44 39 33
44 40 56
44 44 7
44 46 32
44 48 5
44 55 1
44 59 40
44 60 25
44 63 69
44 66 59
45 0 29
45 3 11
45 6 3
45 7 22
45 12 14
45 20 61
45 21 43
45 25 42
45 26 57
45 29 24
45 34 69
45 36 37
45 39 39
45 42 27
45 44 0
45 47 55
45 52 30
45 57 23
45 60 44
45 64 2
45 65 19
46 3 6
46 9 57
46 13 56
46 14 27
46 16 10
46 17 9
46 18 62
46 20 39
46 21 65
46 26 16
46 30 13
46 33 61
46 34 19
46 35 67
46 45 68
46 48 63
46 50 35
46 59 54
46 63 45
46 69 52
47 3 44
47 4 17
47 5 40
47 7 21
47 12 53
47 13 15
47 23 1
47 26 65
47 28 33
47 36 55
47 41 11
47 50 24
47 54 69
47 57 14
47 62 42
47 64 13
47 69 23
48 1 25
48 6 37
48 7 38
48 13 61
48 15 30
48 25 0
48 26 29
48 29 56
48 32 62
48 35 50
48 37 53
48 41 33
48 42 63
48 44 32
48 46 14
48 47 19
48 48 52
48 54 44
48 55 18
48 61 3
49 0 53
49 2 46
49 6 32
49 9 55
49 10 21
49 11 13
49 13 16
49 14 39
49 20 48
49 21 20
49 23 22
49 25 31
49 28 67
49 31 27
49 37 25
49 38 60
49 46 49
49 53 38
49 54 52
49 55 15
49 64 0
49 65 44
50 3 31
50 4 64
50 14 44
50 26 42
50 27 7
50 32 34
50 33 30
50 34 21
50 39 25
50 49 24
50 50 69
50 51 16
50 54 9
50 57 40
50 60 26
50 69 53
51 0 54
51 3 30
51 6 19
51 11 36
51 12 41
51 15 60
51 21 1
51 23 55
51 31 10
51 32 42
51 36 25
51 37 24
51 40 11
51 43 48
51 45 56
51 48 65
51 52 43
51 55 34
51 58 61
51 61 33
51 64 39
51 68 21
52 5 64
52 6 59
52 7 62
52 10 12
52 12 58
52 15 16
52 17 25
52 18 66
52 21 0
52 23 41
52 24 49
52 25 3
52 26 46
52 28 24
52 30 22
52 34 17
52 44 37
52 49 1
52 51 65
52 53 6
52 66 50
53 0 62
53 3 61
53 4 33
53 5 30
53 9 26
53 17 6
53 25 49
53 26 44
53 27 23
53 30 31
53 32 29
53 45 67
53 47 46
53 50 20
53 58 55
53 59 1
53 61 34
53 64 18
53 67 22
53 68 13
53 69 32
54 0 60
54 2 38
54 3 1
54 10 42
54 12 51
54 15 68
54 17 52
54 21 67
54 27 65
54 28 53
54 29 66
54 33 45
54 34 44
54 43 30
54 46 3
54 47 26
54 55 33
54 61 59
54 66 57
55 1 53
55 7 69
55 12 2
55 21 28
55 24 14
55 27 55
55 28 56
55 29 35
55 30 26
55 35 60
55 37 3
55 38 37
55 39 12
55 40 0
55 42 47
55 47 58
55 48 36
55 52 63
55 56 20
55 63 39
55 64 46
55 69 40
56 0 33
56 4 20
56 14 1
56 19 61
56 20 23
56 21 47
56 33 3
56 34 27
56 37 4
56 41 55
56 43 35
56 45 69
56 47 29
56 48 12
56 51 62
56 52 2
56 55 39
56 57 58
56 61 67
57 1 33
57 4 42
57 7 48
57 11 31
57 14 37
57 17 60
57 19 18
57 25 35
57 29 63
57 31 38
57 32 12
57 33 65
57 35 53
57 40 29
57 43 27
57 46 26
57 47 28
57 50 3
57 53 62
57 57 6
57 58 4
57 64 19
57 67 52
57 69 66
58 2 51
58 6 4
58 8 6
58 9 54
58 11 39
58 12 18
58 14 29
58 16 11
58 18 22
58 24 15
58 25 25
58 26 30
58 30 5
58 31 67
58 40 66
58 41 37
58 42 41
58 52 47
58 53 20
58 57 46
58 58 8
58 60 58
58 62 61
59 6 69
59 10 7
59 13 0
59 17 50
59 20 41
59 21 13
59 26 23
59 43 32
59 51 40
59 53 54
59 54 21
59 57 28
59 58 45
59 67 29
59 69 64
60 3 4
60 5 57
60 8 31
60 11 32
60 18 26
60 27 69
60 28 25
60 40 21
60 45 65
60 47 8
60 52 1
60 54 0
60 65 9
61 1 22
61 2 34
61 3 18
61 12 1
61 13 30
61 16 36
61 17 31
61 23 49
61 25 38
61 26 50
61 29 7
61 34 43
61 44 9
61 47 42
61 48 32
61 53 27
61 54 6
61 56 54
61 57 16
61 60 24
61 61 52
61 63 65
61 66 40
62 4 62
62 6 42
62 12 27
62 13 17
62 14 2
62 16 43
62 18 20
62 36 26
62 38 6
62 39 34
62 40 19
62 43 38
62 45 9
62 48 11
62 52 22
62 56 4
62 61 12
62 62 46
62 66 13
63 2 52
63 3 39
63 4 24
63 5 5
63 7 31
63 11 3
63 12 28
63 13 8
63 14 34
63 15 50
63 16 45
63 22 30
63 23 33
63 24 65
63 25 47
63 27 6
63 28 23
63 35 13
63 38 26
63 39 43
63 40 10
63 43 46
63 45 32
63 49 62
63 60 66
63 62 63
63 63 16
63 64 14
63 65 20
63 68 68
64 0 66
64 1 20
64 4 39
64 7 26
64 11 35
64 13 9
64 14 53
64 17 24
64 20 69
64 22 31
64 25 61
64 26 33
64 31 36
64 32 38
64 33 11
64 35 19
64 37 14
64 43 43
64 47 57
64 48 56
64 49 21
64 55 30
64 63 63
64 66 3
64 69 22
65 4 23
65 6 5
65 11 1
65 14 25
65 15 2
65 23 18
65 30 14
65 31 57
65 33 59
65 36 36
65 39 9
65 40 15
65 41 50
65 49 12
65 57 27
65 58 68
65 59 47
65 63 58
65 67 20
65 68 61
66 0 47
66 5 52
66 6 13
66 11 8
66 18 28
66 19 39
66 23 30
66 28 68
66 29 20
66 33 63
66 44 53
66 46 67
66 54 35
66 55 44
66 56 3
66 57 33
66 59 60
66 62 66
66 64 69
66 65 42
66 67 49
66 68 0
66 69 56
67 0 51
67 5 4
67 9 31
67 13 47
67 18 33
67 20 43
67 22 40
67 23 56
67 27 18
67 34 41
67 36 42
67 38 23
67 49 52
67 53 10
67 60 17
67 62 62
68 12 52
68 15 7
68 16 65
68 17 68
68 19 17
68 20 45
68 24 44
68 31 39
68 34 63
68 41 47
68 43 19
68 44 49
68 45 26
68 48 61
68 51 48
68 52 41
68 58 16
68 61 35
68 65 27
68 68 43
69 0 64
69 3 67
69 4 26
69 6 45
69 9 59
69 10 58
69 16 4
69 17 27
69 24 43
69 25 19
69 28 55
69 31 35
69 32 30
69 33 32
69 34 15
69 38 66
69 40 31
69 45 57
69 46 61
69 53 44
69 61 13
69 66 1
69 69 3
