60
0 0 50
0 1 37
0 2 2
0 3 40
0 5 20
0 6 52
0 10 36
0 11 42
0 12 31
0 13 27
0 14 15
0 15 54
0 16 33
0 17 29
0 19 53
0 25 51
0 26 57
0 27 19
0 29 0
0 31 55
0 32 43
0 34 3
0 35 32
0 36 23
0 37 30
0 38 10
0 39 16
0 40 14
0 42 22
0 43 12
0 45 38
0 46 49
0 47 47
0 49 8
0 52 9
0 53 11
0 54 41
0 55 13
0 57 45
0 58 58
0 59 21
1 0 52
1 1 0
1 2 54
1 4 7
1 6 8
1 8 23
1 9 24
1 10 53
1 11 26
1 13 32
1 15 57
1 17 22
1 18 20
1 19 33
1 21 55
1 23 46
1 24 21
1 26 16
1 27 42
1 28 14
1 29 19
1 32 10
1 33 38
1 34 44
1 35 2
1 36 31
1 37 34
1 38 27
1 39 5
1 40 48
1 43 30
1 44 29
1 45 59
1 46 9
1 47 39
1 50 25
1 52 15
1 53 1
1 55 56
1 56 47
1 59 40
2 2 42
2 4 8
2 7 14
2 9 43
2 13 7
2 15 13
2 16 37
2 18 22
2 21 26
2 22 53
2 23 23
2 24 49
2 25 39
2 26 3
2 27 59
2 28 6
2 29 20
2 30 38
2 31 34
2 34 41
2 35 31
2 37 58
2 39 35
2 40 40
2 43 1
2 45 45
2 47 2
2 48 24
2 49 55
2 50 52
2 51 54
2 52 0
2 53 21
2 54 12
2 56 50
2 57 29
3 0 5
3 1 31
3 2 12
3 3 1
3 5 54
3 6 30
3 7 28
3 10 29
3 11 33
3 12 52
3 13 35
3 14 9
3 15 50
3 16 32
3 21 39
3 22 34
3 23 16
3 24 47
3 27 26
3 28 17
3 31 56
3 33 14
3 34 59
3 36 11
3 37 8
3 38 45
3 39 37
3 40 46
3 41 44
3 42 7
3 44 0
3 46 41
3 47 10
3 48 4
3 52 21
3 53 58
3 54 42
3 55 27
3 56 55
3 57 19
3 58 22
4 1 18
4 2 6
4 3 38
4 4 9
4 5 4
4 7 44
4 8 26
4 11 22
4 12 57
4 14 25
4 15 8
4 16 58
4 17 35
4 18 2
4 19 20
4 22 39
4 23 47
4 24 59
4 25 13
4 26 12
4 28 3
4 30 54
4 31 29
4 32 16
4 33 23
4 34 17
4 35 10
4 36 48
4 37 1
4 39 34
4 40 7
4 41 43
4 42 56
4 44 11
4 45 31
4 46 30
4 49 46
4 51 55
4 53 53
4 54 5
4 55 36
4 57 37
4 58 21
4 59 24
5 0 31
5 2 33
5 3 34
5 4 38
5 5 30
5 6 19
5 7 48
5 9 8
5 11 35
5 12 7
5 13 13
5 16 20
5 17 37
5 18 52
5 22 40
5 23 15
5 24 57
5 26 47
5 27 28
5 28 53
5 29 59
5 30 42
5 31 1
5 32 22
5 33 41
5 35 46
5 37 51
5 38 32
5 39 39
5 40 54
5 41 45
5 42 3
5 43 58
5 44 23
5 45 16
5 46 55
5 47 14
5 48 21
5 49 9
5 50 2
5 51 44
5 52 10
5 54 0
5 56 36
5 57 43
5 58 4
5 59 17
6 0 32
6 3 13
6 5 34
6 7 19
6 8 59
6 9 26
6 10 38
6 11 29
6 12 17
6 14 8
6 15 25
6 16 12
6 17 21
6 18 33
6 22 49
6 23 6
6 24 20
6 25 18
6 26 14
6 27 10
6 29 27
6 30 56
6 33 45
6 35 42
6 36 43
6 37 41
6 38 57
6 39 7
6 42 52
6 43 31
6 44 1
6 45 58
6 47 22
6 48 50
6 49 30
6 52 46
6 57 54
6 59 2
7 0 24
7 1 47
7 2 35
7 3 3
7 4 59
7 6 2
7 7 27
7 8 31
7 9 46
7 10 8
7 11 11
7 12 22
7 13 12
7 15 23
7 16 49
7 18 40
7 20 13
7 21 50
7 22 6
7 23 10
7 24 58
7 26 53
7 27 39
7 28 0
7 29 57
7 32 17
7 33 33
7 34 42
7 35 20
7 36 18
7 41 15
7 42 26
7 43 38
7 46 25
7 47 55
7 48 52
7 49 28
7 51 34
7 52 4
7 54 54
7 55 37
7 56 1
7 57 5
7 59 9
8 1 30
8 3 53
8 6 39
8 7 32
8 8 0
8 10 3
8 11 44
8 12 40
8 13 18
8 15 4
8 16 7
8 17 57
8 18 21
8 19 52
8 23 58
8 24 19
8 25 24
8 31 28
8 32 42
8 33 26
8 34 20
8 35 23
8 36 12
8 37 50
8 39 29
8 40 5
8 42 2
8 45 47
8 46 22
8 47 43
8 50 56
8 51 10
8 52 14
8 53 51
8 54 33
8 55 49
8 56 9
8 57 38
8 58 46
8 59 54
9 0 36
9 2 0
9 7 56
9 8 51
9 9 7
9 12 30
9 13 9
9 14 45
9 15 43
9 16 57
9 17 33
9 19 24
9 21 6
9 22 28
9 23 35
9 24 23
9 25 8
9 26 50
9 28 40
9 29 53
9 30 22
9 31 11
9 32 4
9 33 42
9 34 12
9 35 14
9 36 41
9 37 13
9 38 44
9 39 55
9 42 10
9 44 2
9 45 25
9 46 37
9 47 31
9 48 20
9 50 34
9 52 27
9 54 47
9 55 46
9 56 32
9 57 59
9 58 54
9 59 52
10 0 58
10 1 24
10 2 36
10 3 48
10 5 33
10 6 6
10 8 4
10 9 14
10 10 11
10 11 59
10 13 3
10 14 16
10 16 25
10 17 0
10 18 53
10 19 8
10 20 20
10 23 2
10 24 28
10 25 26
10 26 27
10 27 40
10 28 52
10 30 45
10 31 10
10 32 37
10 34 57
10 35 5
10 37 42
10 40 15
10 45 17
10 48 35
10 49 22
10 50 44
10 51 43
10 53 54
10 54 55
10 55 7
10 56 18
10 57 31
10 59 19
11 0 48
11 1 50
11 2 51
11 3 23
11 4 19
11 6 44
11 8 52
11 9 38
11 10 7
11 11 12
11 12 36
11 13 14
11 14 57
11 15 29
11 16 34
11 17 25
11 20 16
11 22 18
11 23 3
11 24 42
11 25 31
11 26 49
11 27 55
11 30 13
11 31 33
11 32 9
11 33 58
11 34 0
11 35 4
11 36 59
11 37 43
11 39 40
11 40 28
11 41 27
11 42 45
11 43 24
11 45 30
11 46 21
11 47 56
11 48 54
11 49 17
11 50 37
11 53 26
11 54 32
11 55 35
11 58 6
11 59 20
12 0 34
12 1 41
12 2 17
12 4 15
12 5 53
12 9 58
12 10 19
12 12 26
12 13 30
12 14 32
12 15 6
12 16 44
12 17 31
12 18 46
12 19 51
12 20 49
12 21 54
12 22 47
12 23 38
12 24 11
12 25 42
12 27 33
12 28 27
12 29 35
12 30 48
12 32 8
12 33 7
12 36 2
12 37 52
12 38 21
12 40 50
12 41 28
12 42 36
12 43 55
12 44 59
12 45 29
12 46 18
12 47 24
12 48 23
12 49 45
12 50 20
12 51 40
12 52 25
12 58 13
12 59 5
13 0 43
13 1 13
13 2 28
13 4 1
13 5 17
13 6 7
13 7 55
13 9 6
13 12 9
13 13 50
13 14 47
13 15 53
13 17 49
13 18 51
13 19 31
13 20 36
13 23 27
13 27 3
13 28 4
13 29 10
13 30 35
13 32 46
13 33 48
13 35 21
13 36 33
13 37 45
13 40 19
13 42 39
13 43 5
13 46 58
13 47 29
13 48 59
13 51 15
13 53 16
13 54 23
13 55 38
13 57 56
13 58 32
13 59 44
14 1 58
14 2 9
14 3 21
14 4 3
14 5 25
14 7 41
14 8 15
14 10 20
14 11 7
14 12 33
14 13 10
14 15 17
14 18 29
14 19 45
14 20 37
14 21 36
14 22 48
14 23 26
14 24 13
14 25 59
14 26 35
14 27 38
14 28 2
14 30 6
14 31 43
14 32 19
14 33 47
14 34 46
14 35 28
14 36 1
14 38 55
14 39 18
14 40 27
14 41 49
14 42 53
14 43 0
14 45 42
14 46 24
14 47 16
14 48 22
14 49 44
14 52 56
14 54 30
14 56 54
14 59 39
15 0 15
15 1 11
15 3 20
15 6 32
15 7 16
15 8 43
15 9 39
15 10 31
15 12 41
15 15 52
15 17 7
15 19 40
15 20 17
15 21 3
15 23 45
15 24 0
15 25 46
15 26 44
15 27 53
15 28 5
15 30 10
15 31 14
15 32 55
15 33 57
15 34 2
15 35 27
15 36 9
15 39 59
15 40 23
15 41 19
15 43 28
15 46 4
15 47 58
15 48 38
15 49 37
15 53 35
15 54 36
15 55 48
15 56 6
15 57 21
15 58 30
16 0 11
16 1 36
16 3 7
16 5 29
16 6 23
16 7 59
16 8 55
16 9 9
16 10 25
16 11 31
16 12 37
16 13 19
16 14 42
16 15 56
16 17 24
16 19 10
16 20 35
16 21 53
16 23 4
16 24 51
16 25 32
16 26 38
16 27 6
16 28 48
16 33 34
16 35 18
16 36 49
16 37 15
16 38 47
16 39 46
16 42 58
16 43 45
16 44 52
16 46 27
16 47 1
16 49 40
16 51 14
16 52 5
16 54 16
16 55 17
16 56 28
16 58 2
16 59 8
17 2 32
17 3 41
17 5 40
17 6 10
17 7 1
17 8 47
17 11 30
17 14 55
17 15 21
17 17 51
17 20 48
17 21 11
17 22 45
17 23 25
17 24 6
17 25 20
17 26 26
17 30 34
17 31 46
17 32 44
17 33 12
17 34 50
17 35 24
17 36 17
17 38 5
17 39 36
17 40 52
17 41 3
17 47 4
17 48 14
17 50 13
17 51 35
17 52 18
17 53 59
17 54 58
17 55 43
17 56 39
17 57 8
17 58 27
18 0 33
18 2 11
18 4 12
18 5 41
18 6 42
18 7 9
18 8 6
18 9 37
18 10 14
18 11 46
18 12 51
18 13 29
18 15 39
18 16 17
18 17 19
18 18 3
18 19 55
18 20 31
18 21 22
18 22 52
18 23 21
18 24 44
18 28 47
18 29 54
18 30 40
18 31 59
18 32 26
18 34 18
18 36 58
18 39 38
18 40 24
18 41 53
18 42 28
18 44 5
18 45 57
18 46 8
18 49 50
18 51 1
18 54 48
18 56 15
18 57 4
18 58 20
18 59 35
19 1 48
19 2 45
19 3 42
19 4 36
19 5 49
19 6 24
19 7 52
19 8 13
19 10 59
19 11 50
19 13 25
19 14 23
19 17 47
19 18 8
19 19 11
19 20 57
19 21 21
19 22 7
19 24 46
19 25 54
19 26 33
19 28 15
19 29 32
19 30 58
19 31 18
19 32 1
19 33 28
19 34 38
19 35 6
19 37 53
19 40 30
19 41 16
19 42 40
19 43 37
19 44 41
19 45 14
19 47 26
19 49 4
19 50 17
19 54 2
19 55 34
19 57 20
19 58 19
19 59 10
20 0 14
20 1 22
20 2 37
20 3 58
20 7 24
20 10 44
20 12 38
20 14 54
20 15 33
20 18 26
20 19 39
20 20 12
20 22 41
20 23 5
20 24 36
20 25 17
20 28 49
20 31 45
20 32 30
20 33 31
20 34 7
20 35 40
20 36 53
20 37 35
20 39 13
20 41 46
20 42 59
20 43 6
20 44 20
20 48 15
20 49 42
20 50 8
20 54 1
20 56 48
20 57 51
20 59 43
21 0 18
21 1 59
21 2 49
21 3 50
21 7 25
21 9 33
21 10 23
21 11 8
21 12 5
21 13 56
21 14 24
21 15 1
21 16 45
21 18 6
21 20 53
21 21 15
21 22 29
21 24 2
21 26 9
21 27 20
21 29 43
21 30 52
21 31 0
21 32 21
21 33 27
21 34 55
21 36 4
21 38 40
21 39 48
21 40 34
21 41 51
21 42 57
21 43 41
21 44 37
21 45 28
21 49 7
21 50 38
21 52 31
21 53 10
21 54 22
21 55 39
21 56 14
21 57 36
21 58 42
21 59 13
22 0 2
22 1 33
22 2 59
22 3 6
22 4 30
22 5 56
22 6 38
22 7 34
22 8 54
22 9 48
22 13 20
22 14 58
22 18 25
22 20 7
22 21 28
22 22 19
22 23 17
22 24 18
22 25 21
22 26 1
22 28 13
22 29 8
22 30 51
22 31 42
22 32 50
22 34 52
22 35 36
22 36 24
22 37 0
22 38 41
22 39 23
22 40 22
22 42 44
22 44 40
22 45 9
22 46 39
22 47 57
22 48 46
22 49 14
22 50 11
22 51 45
22 52 53
22 53 37
22 54 3
22 55 32
22 56 10
22 57 15
22 58 43
22 59 27
23 3 0
23 6 4
23 10 12
23 12 14
23 15 32
23 17 39
23 18 36
23 19 19
23 20 22
23 22 8
23 27 43
23 29 16
23 30 11
23 31 23
23 32 24
23 35 13
23 37 46
23 39 6
23 40 9
23 41 1
23 43 10
23 44 49
23 46 47
23 47 30
23 48 2
23 49 52
23 50 59
23 52 57
23 54 40
23 55 51
23 56 5
23 58 29
23 59 15
24 0 40
24 2 38
24 5 24
24 7 20
24 9 0
24 10 10
24 12 54
24 13 52
24 14 46
24 15 36
24 18 39
24 20 45
24 22 21
24 23 56
24 25 48
24 26 7
24 27 30
24 28 22
24 29 6
24 31 50
24 33 25
24 35 1
24 36 57
24 37 49
24 41 18
24 43 35
24 44 16
24 45 32
24 46 33
24 48 47
24 50 43
24 51 31
24 52 2
24 54 34
24 55 12
24 58 44
24 59 11
25 1 8
25 2 44
25 3 15
25 4 21
25 5 11
25 6 50
25 9 18
25 11 23
25 13 31
25 14 36
25 15 22
25 16 10
25 17 56
25 19 27
25 20 24
25 21 38
25 22 9
25 24 37
25 25 35
25 27 4
25 30 19
25 32 49
25 36 6
25 38 43
25 40 12
25 42 48
25 43 39
25 44 25
25 46 46
25 47 52
25 49 34
25 50 51
25 51 41
25 52 28
25 55 2
25 57 32
25 59 55
26 0 3
26 1 54
26 2 22
26 3 31
26 4 42
26 5 0
26 6 41
26 7 45
26 8 32
26 10 46
26 11 14
26 12 6
26 13 49
26 15 48
26 16 8
26 17 34
26 18 59
26 20 10
26 21 58
26 26 43
26 29 55
26 32 28
26 33 29
26 34 37
26 36 35
26 38 51
26 39 26
26 40 38
26 41 21
26 42 23
26 43 4
26 44 44
26 46 53
26 47 40
26 48 18
26 49 25
26 50 50
26 52 24
26 53 20
26 55 15
26 57 17
27 0 27
27 1 44
27 4 47
27 6 51
27 7 36
27 9 40
27 10 48
27 11 41
27 12 39
27 19 2
27 20 43
27 21 46
27 22 31
27 23 49
27 24 32
27 25 38
27 26 59
27 27 56
27 29 13
27 30 20
27 31 7
27 32 6
27 33 30
27 34 22
27 35 29
27 36 42
27 37 37
27 38 1
27 40 53
27 42 15
27 43 54
27 44 58
27 45 21
27 46 45
27 47 8
27 48 34
27 51 0
27 52 3
27 54 17
27 55 33
27 57 11
27 58 18
27 59 12
28 0 54
28 1 25
28 2 18
28 3 14
28 4 11
28 5 35
28 7 37
28 8 2
28 12 56
28 13 42
28 15 59
28 16 39
28 18 31
28 23 34
28 24 24
28 25 5
28 26 58
28 27 7
28 28 46
28 29 9
28 30 33
28 31 49
28 32 29
28 33 1
28 34 30
28 35 15
28 36 45
28 37 23
28 38 16
28 39 43
28 41 0
28 42 41
28 43 53
28 44 17
28 45 52
28 46 26
28 47 20
28 48 12
28 49 10
28 50 32
28 51 47
28 54 44
28 56 57
28 57 50
29 1 38
29 4 57
29 6 58
29 7 2
29 8 3
29 9 59
29 10 26
29 11 51
29 12 46
29 16 4
29 19 50
29 21 5
29 23 31
29 24 12
29 25 55
29 26 37
29 27 35
29 28 44
29 29 34
29 30 16
29 31 41
29 32 27
29 35 39
29 36 29
29 38 24
29 39 28
29 40 1
29 41 20
29 42 8
29 43 32
29 44 19
29 45 0
29 46 7
29 47 17
29 48 13
29 49 53
29 51 6
29 55 21
29 56 45
29 57 48
29 58 33
29 59 25
30 0 57
30 3 47
30 4 33
30 5 39
30 6 36
30 10 43
30 11 1
30 12 3
30 14 38
30 15 5
30 16 31
30 17 52
30 19 14
30 20 59
30 21 2
30 23 41
30 24 45
30 26 23
30 27 25
30 28 55
30 29 44
30 30 24
30 31 20
30 32 12
30 34 15
30 35 37
30 36 54
30 38 58
30 39 32
30 41 40
30 44 6
30 45 10
30 46 17
30 48 16
30 50 22
30 51 26
30 52 50
30 54 29
30 55 19
30 56 49
30 58 34
31 0 1
31 2 55
31 6 29
31 9 52
31 11 2
31 12 15
31 13 41
31 14 43
31 15 51
31 16 6
31 17 30
31 18 16
31 19 59
31 20 39
31 22 57
31 23 24
31 24 5
31 27 37
31 28 36
31 29 28
31 30 17
31 31 22
31 32 3
31 34 14
31 36 27
31 38 50
31 39 58
31 40 45
31 41 9
31 42 34
31 43 20
31 44 54
31 48 42
31 49 33
31 50 0
31 51 48
31 52 32
31 54 10
31 55 26
31 58 25
32 0 44
32 1 15
32 2 48
32 3 27
32 6 5
32 7 13
32 8 10
32 9 34
32 10 33
32 12 11
32 13 46
32 14 22
32 16 16
32 17 36
32 18 24
32 19 25
32 24 31
32 26 30
32 28 43
32 29 37
32 30 47
32 31 6
32 35 53
32 36 3
32 37 12
32 38 2
32 39 56
32 40 32
32 41 42
32 42 19
32 43 50
32 46 40
32 47 7
32 50 55
32 51 21
32 52 35
32 54 9
32 55 1
32 58 17
32 59 4
33 0 0
33 1 12
33 3 52
33 4 45
33 5 59
33 7 50
33 8 37
33 10 42
33 11 34
33 12 43
33 13 54
33 14 1
33 15 31
33 17 55
33 18 48
33 19 4
33 20 25
33 22 14
33 23 28
33 24 35
33 26 13
33 27 32
33 29 41
33 30 39
33 31 47
33 32 36
33 35 30
33 36 44
33 37 16
33 40 6
33 41 24
33 45 11
33 46 29
33 47 49
33 49 21
33 50 7
33 53 3
33 54 46
33 58 5
33 59 18
34 0 22
34 2 16
34 4 53
34 5 31
34 8 35
34 11 52
34 12 34
34 13 17
34 15 58
34 16 13
34 17 38
34 18 56
34 20 54
34 21 4
34 22 12
34 23 44
34 24 29
34 26 8
34 27 47
34 29 42
34 30 36
34 31 25
34 32 11
34 33 6
34 34 26
34 36 10
34 40 0
34 41 30
34 43 14
34 44 33
34 46 15
34 47 48
34 48 39
34 49 3
34 50 1
34 52 45
34 53 27
34 54 50
34 55 41
34 56 37
34 57 40
34 58 55
35 0 28
35 2 5
35 4 32
35 7 31
35 9 23
35 11 43
35 12 58
35 13 6
35 15 24
35 16 1
35 17 54
35 20 52
35 21 57
35 22 13
35 23 55
35 24 10
35 26 51
35 27 17
35 28 50
35 29 56
35 32 45
35 33 22
35 34 9
35 35 8
35 36 30
35 37 14
35 40 41
35 41 47
35 42 37
35 43 25
35 44 7
35 45 49
35 47 11
35 48 40
35 49 59
35 50 3
35 51 38
35 52 44
35 53 42
35 54 18
35 57 39
36 2 20
36 3 29
36 5 27
36 6 43
36 7 47
36 8 19
36 10 0
36 11 45
36 12 48
36 13 51
36 15 46
36 16 50
36 17 59
36 18 41
36 20 44
36 23 14
36 24 1
36 25 30
36 26 18
36 27 58
36 28 25
36 30 15
36 36 56
36 37 24
36 38 9
36 39 33
36 44 3
36 45 26
36 46 42
36 47 12
36 48 5
36 50 23
36 51 32
36 52 39
36 54 38
36 55 28
36 56 53
36 57 13
36 58 7
36 59 6
37 1 6
37 3 22
37 4 20
37 5 36
37 6 37
37 7 18
37 9 15
37 10 55
37 11 32
37 13 44
37 14 50
37 15 16
37 16 46
37 17 45
37 18 17
37 19 7
37 20 28
37 21 1
37 22 25
37 23 53
37 24 8
37 25 33
37 26 2
37 27 41
37 28 10
37 29 47
37 30 9
37 32 13
37 33 35
37 35 48
37 39 30
37 40 4
37 42 42
37 46 43
37 47 54
37 48 57
37 50 24
37 52 12
37 54 51
37 57 49
37 58 39
37 59 14
38 0 53
38 1 14
38 2 29
38 3 57
38 5 3
38 7 12
38 8 44
38 9 25
38 10 5
38 11 27
38 12 55
38 13 1
38 14 41
38 15 47
38 17 10
38 19 35
38 21 49
38 22 33
38 24 39
38 25 19
38 27 51
38 28 11
38 30 37
38 31 26
38 32 52
38 34 43
38 36 36
38 38 6
38 40 21
38 44 34
38 45 15
38 46 23
38 47 42
38 49 38
38 51 46
38 55 4
38 56 2
38 57 18
38 59 45
39 0 9
39 1 1
39 2 31
39 3 4
39 4 41
39 5 55
39 6 34
39 7 17
39 8 40
39 9 44
39 10 56
39 12 25
39 13 23
39 16 59
39 17 46
39 20 26
39 24 7
39 25 2
39 27 48
39 28 28
39 29 50
39 31 12
39 33 11
39 34 53
39 35 45
39 38 49
39 40 33
39 42 21
39 43 47
39 44 39
39 45 36
39 46 54
39 49 15
39 50 30
39 53 24
39 54 37
39 55 52
39 56 58
39 57 27
39 58 3
39 59 57
40 1 4
40 2 13
40 3 56
40 4 5
40 5 15
40 7 29
40 8 24
40 13 2
40 14 35
40 17 27
40 18 32
40 19 23
40 20 34
40 22 38
40 24 54
40 25 52
40 26 11
40 27 36
40 28 31
40 30 30
40 31 48
40 33 55
40 35 19
40 36 37
40 37 57
40 39 44
40 40 58
40 41 7
40 42 33
40 45 39
40 48 53
40 51 49
40 52 51
40 53 43
40 54 26
40 55 14
40 56 12
40 57 6
41 7 40
41 9 57
41 12 50
41 13 43
41 14 44
41 15 42
41 19 0
41 20 1
41 21 56
41 23 13
41 24 14
41 26 48
41 27 22
41 29 45
41 30 41
41 35 17
41 36 7
41 37 36
41 41 4
41 43 3
41 44 15
41 45 8
41 46 10
41 47 35
41 48 11
41 50 47
41 51 20
41 52 33
41 54 27
41 56 21
41 57 55
41 58 12
42 2 52
42 3 45
42 4 16
42 5 23
42 6 40
42 8 17
42 10 50
42 11 24
42 12 28
42 15 44
42 16 41
42 17 18
42 19 37
42 20 56
42 22 20
42 26 42
42 27 15
42 29 46
42 30 25
42 31 2
42 32 57
42 37 32
42 38 31
42 39 11
42 40 13
42 41 5
42 43 36
42 44 43
42 45 54
42 47 6
42 48 27
42 49 12
42 50 21
42 52 22
42 53 49
42 54 19
42 56 59
42 58 48
42 59 34
43 0 46
43 2 53
43 3 43
43 4 52
43 5 6
43 6 26
43 7 22
43 8 33
43 10 28
43 11 17
43 12 42
43 13 45
43 14 27
43 15 3
43 17 23
43 18 54
43 20 55
43 21 12
43 22 37
43 23 7
43 24 40
43 25 10
43 27 24
43 28 51
43 29 14
43 30 0
43 31 9
43 32 15
43 33 16
43 34 31
43 37 4
43 38 36
43 39 8
43 40 49
43 43 21
43 44 13
43 45 35
43 46 19
43 47 41
43 49 18
43 57 58
43 58 57
43 59 1
44 0 20
44 4 14
44 5 16
44 6 45
44 7 46
44 9 2
44 12 49
44 13 40
44 14 48
44 16 53
44 18 43
44 21 19
44 24 56
44 27 5
44 28 1
44 29 3
44 30 21
44 31 35
44 34 23
44 35 12
44 37 44
44 39 10
44 40 47
44 41 26
44 43 33
44 44 30
44 45 55
44 46 6
44 48 37
44 51 58
44 53 52
44 54 39
44 58 31
45 1 35
45 2 47
45 4 26
45 5 7
45 6 21
45 7 57
45 8 1
45 12 4
45 13 48
45 15 11
45 16 0
45 19 41
45 20 3
45 21 42
45 23 52
45 24 55
45 25 15
45 26 46
45 28 19
45 29 36
45 30 2
45 31 30
45 32 39
45 33 18
45 34 8
45 35 49
45 36 22
45 37 38
45 39 14
45 40 31
45 43 51
45 44 32
45 45 24
45 46 28
45 47 27
45 48 25
45 49 43
45 50 33
45 52 13
45 53 12
45 54 56
45 55 10
45 57 9
45 59 37
46 0 25
46 3 49
46 5 13
46 6 3
46 8 12
46 9 11
46 10 27
46 13 4
46 14 31
46 15 37
46 16 26
46 21 41
46 22 56
46 23 33
46 24 38
46 25 28
46 26 10
46 27 52
46 28 30
46 30 43
46 31 57
46 34 36
46 35 55
46 36 32
46 39 45
46 41 59
46 42 24
46 43 48
46 44 42
46 45 34
46 46 50
46 47 0
46 48 44
46 49 20
46 50 18
46 51 5
46 53 6
46 54 15
46 55 54
46 56 22
46 57 16
46 59 46
47 1 26
47 2 56
47 3 36
47 4 55
47 5 9
47 6 22
47 7 38
47 8 58
47 9 42
47 10 4
47 11 54
47 13 11
47 14 10
47 15 45
47 16 51
47 17 17
47 18 27
47 19 30
47 20 50
47 21 14
47 22 46
47 23 20
47 26 29
47 27 8
47 28 34
47 29 48
47 33 43
47 35 59
47 36 52
47 37 5
47 38 39
47 39 12
47 40 37
47 42 16
47 43 18
47 44 24
47 45 1
47 48 7
47 49 47
47 53 13
47 54 35
47 55 57
47 56 33
47 57 28
47 59 31
48 0 38
48 1 52
48 3 2
48 4 34
48 5 1
48 6 56
48 7 0
48 8 45
48 10 18
48 11 53
48 14 40
48 17 41
48 18 50
48 19 28
48 20 23
48 21 9
48 23 8
48 24 48
48 25 47
48 26 24
48 27 11
48 28 54
48 29 51
48 30 3
48 32 58
48 34 29
48 35 35
48 36 20
48 37 59
48 38 37
48 39 22
48 41 55
48 42 27
48 43 46
48 46 44
48 47 32
48 48 30
48 51 39
48 52 26
48 53 33
48 54 6
48 55 42
48 56 31
48 57 25
48 58 14
48 59 36
49 0 39
49 1 3
49 2 23
49 3 35
49 4 13
49 5 32
49 6 0
49 7 6
49 9 30
49 10 9
49 11 38
49 13 16
49 14 29
49 15 34
49 16 11
49 17 12
49 18 49
49 19 56
49 20 41
49 21 7
49 22 5
49 23 40
49 24 4
49 25 58
49 26 21
49 27 14
49 30 18
49 31 27
49 32 54
49 33 20
49 34 1
49 35 25
49 36 55
49 37 22
49 38 19
49 39 2
49 41 48
49 43 15
49 44 36
49 46 52
49 47 53
49 48 33
49 49 51
49 50 31
49 51 8
49 52 43
49 53 57
49 54 45
49 55 44
49 57 24
50 1 57
50 2 41
50 4 24
50 6 12
50 7 23
50 8 38
50 10 45
50 12 29
50 13 34
50 14 33
50 15 2
50 16 54
50 17 50
50 18 5
50 19 42
50 20 11
50 21 35
50 22 15
50 23 19
50 24 25
50 25 27
50 26 55
50 27 49
50 28 21
50 29 4
50 31 8
50 33 37
50 34 10
50 35 9
50 36 40
50 37 17
50 38 46
50 39 47
50 40 36
50 41 6
50 42 43
50 44 48
50 45 53
50 46 3
50 47 44
50 48 31
50 49 39
50 51 30
50 52 7
50 53 14
50 57 1
50 58 28
50 59 58
51 0 47
51 1 29
51 2 26
51 3 44
51 5 58
51 6 1
51 7 33
51 8 9
51 13 39
51 14 4
51 15 19
51 16 38
51 17 40
51 18 34
51 19 16
51 21 45
51 22 36
51 24 43
51 25 11
51 26 56
51 27 50
51 28 20
51 29 24
51 30 53
51 31 13
51 33 15
51 35 3
51 37 27
51 38 17
51 39 42
51 41 41
51 42 6
51 44 28
51 45 18
51 46 5
51 47 37
51 48 0
51 50 12
51 51 51
51 52 49
51 54 21
51 56 46
51 58 59
51 59 30
52 1 34
52 2 7
52 3 37
52 5 42
52 6 57
52 7 21
52 8 46
52 9 13
52 12 44
52 13 53
52 15 12
52 16 19
52 17 8
52 19 9
52 21 40
52 22 24
52 23 22
52 24 27
52 26 52
52 27 23
52 29 31
52 30 1
52 32 5
52 34 11
52 35 16
52 36 47
52 37 25
52 38 35
52 39 54
52 41 36
52 42 50
52 44 18
52 45 33
52 46 2
52 47 38
52 48 49
52 49 56
52 50 48
52 51 28
52 52 58
52 53 55
52 54 20
52 55 3
52 56 43
52 57 41
53 0 8
53 1 32
53 2 46
53 4 29
53 6 55
53 7 39
53 8 49
53 9 21
53 10 13
53 11 36
53 12 18
53 13 57
53 14 7
53 15 30
53 17 48
53 18 37
53 21 16
53 23 11
53 24 50
53 25 23
53 27 2
53 28 42
53 29 52
53 32 35
53 33 44
53 34 24
53 35 0
53 36 5
53 37 20
53 40 26
53 42 38
53 44 27
53 45 3
53 46 14
53 47 33
53 48 45
53 49 41
53 50 58
53 51 19
53 52 54
53 54 28
53 55 6
53 57 10
53 58 56
53 59 59
54 0 26
54 1 2
54 3 46
54 5 57
54 6 48
54 7 49
54 9 47
54 11 0
54 12 32
54 14 5
54 15 15
54 16 3
54 17 1
54 18 44
54 19 54
54 20 33
54 21 27
54 25 36
54 26 17
54 27 9
54 28 35
54 29 30
54 30 12
54 31 39
54 32 40
54 33 24
54 35 41
54 36 19
54 37 55
54 38 28
54 40 56
54 42 31
54 44 21
54 45 37
54 46 59
54 47 13
54 48 29
54 50 10
54 51 42
54 52 20
54 53 18
54 54 4
54 55 25
54 56 52
54 57 7
54 58 45
54 59 38
55 0 23
55 2 40
55 3 25
55 4 37
55 5 12
55 6 33
55 8 56
55 9 16
55 10 39
55 11 6
55 12 8
55 13 47
55 14 21
55 15 41
55 16 52
55 17 2
55 18 4
55 19 26
55 20 32
55 22 22
55 25 1
55 26 28
55 28 24
55 29 7
55 30 27
55 31 5
55 32 20
55 34 48
55 36 0
55 37 10
55 38 18
55 39 3
55 40 11
55 42 14
55 44 55
55 46 57
55 49 31
55 50 42
55 52 36
55 54 49
55 55 29
55 56 51
56 0 45
56 1 42
56 2 24
56 3 5
56 4 27
56 5 44
56 7 35
56 8 57
56 9 51
56 10 32
56 11 28
56 12 20
56 13 59
56 15 18
56 16 29
56 18 55
56 20 2
56 21 31
56 22 23
56 23 36
56 25 16
56 27 46
56 28 8
56 29 38
56 31 52
56 33 9
56 36 39
56 37 3
56 38 13
56 39 0
56 41 10
56 43 40
56 44 53
56 45 48
56 46 56
56 47 34
56 48 6
56 50 14
56 53 41
56 54 11
56 55 47
56 56 26
56 58 49
56 59 7
57 3 8
57 4 58
57 5 50
57 7 30
57 8 18
57 10 34
57 11 40
57 12 47
57 13 5
57 14 53
57 16 21
57 19 43
57 20 9
57 21 48
57 22 2
57 23 51
57 24 16
57 25 22
57 26 45
57 27 31
57 28 37
57 29 11
57 30 28
57 32 59
57 33 32
57 34 13
57 35 38
57 36 46
57 38 23
57 39 49
57 40 39
57 42 0
57 44 14
57 45 27
57 47 15
57 48 56
57 49 35
57 50 19
57 51 52
57 52 6
57 53 17
57 54 25
57 55 55
57 57 57
58 0 49
58 1 51
58 5 45
58 6 11
58 7 42
58 8 7
58 9 54
58 10 41
58 11 57
58 12 16
58 14 39
58 15 38
58 16 9
58 17 58
58 18 35
58 19 44
58 20 21
58 21 37
58 22 32
58 23 18
58 24 52
58 25 14
58 26 5
58 27 1
58 28 12
58 29 22
58 30 59
58 32 56
58 33 3
58 34 19
58 36 15
58 37 28
58 39 17
58 40 2
58 41 33
58 42 20
58 44 4
58 45 6
58 46 48
58 47 25
58 51 13
58 52 40
58 53 29
58 54 43
58 56 0
58 57 47
58 59 53
59 0 13
59 1 46
59 2 21
59 3 30
59 4 44
59 5 2
59 6 17
59 7 54
59 9 3
59 11 4
59 12 24
59 13 55
59 14 52
59 16 27
59 17 26
59 20 42
59 21 33
59 22 10
59 24 15
59 25 50
59 27 0
59 28 58
59 29 25
59 30 49
59 31 38
59 33 19
59 34 45
59 35 43
59 36 16
59 37 31
59 38 12
59 39 20
59 40 59
59 42 5
59 43 22
59 44 35
59 46 34
59 47 28
59 50 6
59 51 9
59 53 39
59 54 8
59 55 23
59 56 11
59 57 53
59 58 47
