60
0 7 15
0 15 43
0 19 52
0 21 16
0 22 44
0 31 54
0 33 9
0 34 1
0 39 5
0 42 24
0 46 55
0 52 56
1 2 5
1 5 19
1 6 23
1 7 9
1 14 59
1 15 10
1 20 21
1 21 38
1 23 2
1 25 44
1 26 4
1 27 40
1 28 14
1 35 24
1 37 48
1 39 6
1 40 41
1 43 35
1 49 13
1 54 31
1 55 8
1 57 49
2 3 38
2 6 20
2 7 32
2 15 29
2 16 5
2 17 7
2 19 24
2 22 34
2 25 58
2 31 59
2 33 52
2 37 16
2 38 22
2 39 13
2 40 3
2 41 37
2 46 35
2 47 57
2 48 6
2 49 21
2 53 18
2 54 43
2 55 48
3 0 4
3 2 28
3 5 23
3 10 2
3 11 14
3 14 50
3 18 29
3 20 6
3 22 39
3 25 13
3 31 43
3 32 9
3 37 12
3 38 26
3 40 22
3 46 31
3 49 20
3 59 17
4 1 22
4 2 51
4 3 19
4 4 52
4 6 59
4 7 6
4 9 47
4 11 56
4 17 14
4 18 45
4 28 11
4 36 55
4 37 33
4 41 27
4 42 43
4 43 41
4 44 53
4 46 37
4 50 3
4 52 32
4 54 16
5 0 36
5 4 45
5 11 18
5 12 21
5 17 33
5 22 3
5 23 17
5 30 48
5 32 2
5 33 26
5 35 41
5 38 7
5 40 54
5 42 4
5 43 23
5 46 40
5 47 10
5 48 5
5 52 11
5 59 22
6 3 39
6 7 17
6 12 42
6 13 16
6 16 33
6 21 34
6 29 21
6 34 12
6 38 24
6 54 27
6 55 22
6 57 19
7 1 1
7 5 28
7 11 57
7 15 27
7 22 14
7 26 47
7 34 25
7 35 21
7 38 5
7 42 16
7 43 55
7 48 7
7 51 4
7 52 2
7 53 22
7 55 54
8 5 54
8 6 40
8 9 5
8 12 57
8 20 9
8 21 13
8 28 52
8 30 2
8 35 51
8 49 38
8 50 28
8 53 4
9 1 28
9 3 30
9 5 6
9 10 47
9 12 36
9 16 4
9 18 22
9 21 49
9 26 20
9 31 8
9 35 40
9 37 0
9 40 1
9 46 9
9 48 31
9 50 55
9 52 37
9 55 11
10 1 51
10 8 37
10 14 17
10 16 7
10 17 24
10 20 54
10 23 5
10 26 2
10 30 4
10 32 50
10 39 16
10 41 26
10 43 39
10 56 32
11 2 56
11 3 6
11 12 11
11 24 40
11 25 25
11 31 52
11 34 0
11 39 39
11 44 24
11 52 48
11 55 33
11 58 38
11 59 10
12 4 44
12 7 20
12 12 52
12 17 43
12 19 34
12 22 6
12 23 32
12 26 21
12 36 35
12 37 1
12 39 58
12 42 22
12 43 46
12 45 31
12 49 19
12 51 26
12 52 36
12 57 39
13 2 1
13 9 38
13 15 30
13 17 13
13 18 40
13 22 18
13 23 57
13 26 7
13 32 20
13 33 27
13 34 10
13 38 35
13 45 9
13 51 17
13 54 23
13 58 11
13 59 12
14 0 29
14 2 59
14 6 34
14 7 24
14 9 25
14 11 26
14 16 17
14 17 28
14 22 54
14 23 52
14 27 15
14 28 22
14 30 18
14 33 3
14 35 11
14 39 1
14 40 57
14 41 8
14 43 33
14 50 42
14 51 6
14 52 10
14 53 0
15 0 19
15 1 54
15 2 50
15 4 12
15 7 40
15 12 38
15 15 48
15 18 20
15 19 29
15 23 49
15 27 26
15 31 22
15 36 56
15 47 25
15 53 59
15 55 51
15 56 6
15 57 41
16 2 15
16 7 53
16 8 24
16 14 51
16 15 13
16 16 18
16 26 46
16 34 48
16 39 38
16 46 43
16 50 12
16 59 34
17 4 8
17 8 14
17 10 34
17 11 45
17 12 50
17 13 5
17 17 47
17 18 25
17 25 43
17 28 12
17 30 1
17 33 55
17 50 21
17 52 23
17 56 51
17 57 35
18 0 57
18 6 41
18 22 31
18 24 24
18 26 22
18 27 38
18 28 49
18 32 54
18 35 56
18 38 55
18 44 23
18 46 32
18 48 16
18 49 28
18 50 45
18 51 19
18 57 0
18 58 13
18 59 59
19 1 52
19 4 17
19 5 20
19 9 31
19 10 11
19 18 16
19 22 10
19 23 6
19 29 29
19 32 42
19 34 3
19 35 49
19 38 57
19 39 33
19 41 21
19 45 36
19 46 46
19 49 59
19 53 56
19 57 5
19 58 50
19 59 9
20 7 41
20 12 43
20 15 47
20 16 11
20 17 44
20 26 48
20 29 16
20 41 34
20 42 8
20 43 56
20 46 59
20 47 53
20 49 50
20 50 39
20 58 29
21 0 13
21 1 46
21 15 33
21 17 36
21 27 19
21 28 39
21 30 9
21 32 56
21 34 45
21 41 54
21 44 22
21 45 58
21 49 37
21 50 5
21 53 14
21 54 21
22 0 50
22 1 40
22 9 56
22 10 14
22 12 9
22 15 12
22 19 51
22 23 55
22 28 10
22 29 19
22 30 22
22 32 18
22 37 39
22 38 21
22 51 52
22 52 31
22 58 5
23 1 13
23 6 25
23 7 21
23 15 32
23 17 5
23 18 26
23 20 14
23 23 33
23 28 40
23 34 7
23 37 10
23 39 3
23 42 29
23 43 2
23 44 49
23 47 1
23 49 36
23 54 47
23 59 44
24 9 29
24 10 9
24 11 37
24 14 56
24 15 35
24 19 43
24 22 20
24 25 4
24 26 0
24 27 34
24 28 38
24 29 1
24 30 17
24 33 45
24 36 53
24 37 22
24 42 18
24 43 16
24 52 49
25 12 0
25 13 40
25 14 6
25 15 14
25 22 2
25 32 35
25 33 41
25 35 26
25 37 28
25 41 50
25 43 48
25 44 33
25 52 47
25 59 36
26 1 4
26 3 37
26 5 52
26 7 7
26 9 27
26 10 0
26 11 31
26 12 8
26 13 57
26 16 51
26 20 22
26 28 16
26 29 5
26 31 11
26 34 32
26 44 48
26 46 41
26 50 23
26 52 53
27 1 39
27 14 5
27 15 53
27 21 11
27 30 47
27 35 43
27 37 52
27 40 48
27 44 14
27 47 24
27 50 7
27 55 58
27 56 1
27 58 2
28 1 27
28 2 42
28 3 45
28 11 22
28 12 31
28 13 43
28 14 2
28 16 49
28 17 23
28 20 0
28 22 41
28 24 3
28 27 25
28 35 10
28 37 54
28 39 30
28 41 19
28 50 24
28 55 1
28 57 36
29 0 15
29 5 48
29 9 37
29 12 27
29 18 54
29 22 17
29 25 33
29 27 22
29 34 39
29 35 29
29 38 9
29 39 57
29 41 4
29 44 10
29 47 12
29 50 59
29 54 0
29 56 11
29 57 45
29 59 55
30 0 11
30 3 10
30 5 26
30 9 39
30 13 24
30 19 15
30 32 59
30 37 30
30 38 17
30 40 46
30 48 34
30 50 57
30 52 35
30 54 54
30 58 23
31 0 28
31 1 29
31 5 10
31 7 56
31 21 50
31 23 16
31 25 17
31 31 26
31 32 48
31 35 39
31 42 52
31 46 0
31 53 2
31 57 34
32 0 56
32 2 17
32 4 3
32 6 21
32 9 13
32 10 1
32 12 22
32 16 27
32 18 5
32 20 49
32 23 46
32 28 19
32 44 59
32 56 57
32 57 30
33 2 55
33 7 44
33 8 43
33 10 35
33 18 24
33 22 51
33 26 28
33 32 0
33 34 42
33 38 2
33 41 14
33 42 40
33 45 12
33 46 7
33 52 58
33 54 50
33 57 27
34 1 42
34 5 41
34 6 39
34 7 23
34 15 45
34 18 58
34 19 55
34 22 59
34 24 19
34 28 37
34 29 17
34 34 44
34 38 3
34 41 0
34 47 13
34 50 27
34 55 16
35 5 7
35 6 54
35 7 51
35 9 10
35 10 37
35 12 35
35 14 41
35 16 59
35 18 21
35 22 40
35 25 26
35 26 8
35 27 11
35 33 0
35 38 27
35 40 32
35 44 46
35 49 4
35 50 56
35 51 38
35 52 1
35 55 49
35 58 6
36 0 14
36 1 56
36 3 16
36 6 46
36 12 7
36 14 3
36 16 52
36 18 23
36 19 37
36 20 51
36 23 48
36 26 6
36 28 21
36 32 49
36 33 22
36 38 39
36 39 2
36 41 5
36 53 10
36 56 8
36 57 33
37 1 45
37 6 49
37 7 38
37 9 35
37 10 25
37 15 16
37 17 10
37 18 17
37 21 6
37 23 23
37 24 46
37 28 50
37 37 51
37 46 48
37 49 41
37 51 12
37 53 53
37 54 56
37 55 27
38 4 1
38 5 24
38 8 33
38 11 29
38 18 37
38 21 30
38 22 9
38 25 12
38 27 0
38 28 31
38 38 45
38 40 34
38 52 39
38 54 40
38 55 38
39 0 49
39 5 38
39 9 19
39 13 50
39 16 57
39 22 56
39 23 58
39 28 20
39 29 42
39 35 54
39 38 10
39 39 8
39 41 25
39 42 33
39 43 7
39 44 36
39 46 51
39 50 31
39 51 53
39 53 15
39 56 13
39 59 27
40 0 25
40 1 50
40 2 0
40 5 3
40 10 56
40 11 39
40 17 45
40 18 53
40 22 49
40 23 9
40 27 43
40 32 8
40 33 30
40 34 16
40 37 57
40 44 29
40 46 27
40 48 19
40 49 48
40 58 22
41 0 21
41 2 10
41 6 58
41 11 7
41 19 28
41 20 32
41 21 1
41 23 43
41 25 38
41 26 41
41 27 52
41 28 27
41 31 50
41 34 40
41 37 29
41 38 19
41 40 51
41 43 26
41 45 16
41 46 2
41 55 12
41 59 5
42 2 24
42 4 50
42 5 16
42 18 39
42 19 33
42 29 18
42 30 52
42 40 37
42 45 25
42 52 28
42 54 53
43 8 39
43 9 52
43 10 46
43 15 49
43 21 36
43 25 3
43 27 13
43 29 35
43 33 4
43 37 58
43 38 42
43 41 12
43 54 37
43 55 19
43 57 54
43 58 16
44 0 59
44 8 4
44 14 38
44 32 11
44 33 15
44 35 22
44 38 54
44 40 16
44 41 10
44 42 48
44 44 31
44 47 35
44 55 56
44 57 29
44 58 34
45 0 9
45 1 19
45 7 46
45 8 40
45 15 41
45 20 55
45 22 23
45 25 52
45 27 51
45 29 20
45 32 36
45 35 28
45 36 7
45 37 34
45 38 50
45 39 43
45 41 31
45 47 8
45 49 26
45 50 1
45 51 58
45 52 44
45 54 59
46 2 43
46 3 28
46 5 58
46 6 6
46 8 50
46 9 48
46 13 59
46 19 57
46 22 27
46 24 0
46 25 10
46 26 42
46 28 54
46 39 52
46 45 29
46 48 35
46 50 51
46 59 18
47 5 22
47 6 48
47 11 10
47 12 19
47 13 31
47 14 8
47 20 15
47 23 50
47 24 2
47 30 6
47 31 58
47 33 21
47 35 23
47 41 30
47 42 9
47 43 20
47 51 43
47 53 55
47 56 25
48 2 48
48 6 47
48 15 17
48 16 38
48 17 59
48 27 4
48 29 3
48 44 32
48 48 0
48 49 56
48 50 35
48 51 15
48 52 26
48 54 8
48 58 45
49 1 11
49 9 8
49 10 36
49 11 33
49 14 10
49 15 40
49 25 18
49 29 54
49 30 23
49 31 34
49 33 38
49 37 2
49 44 26
49 45 51
49 48 14
49 51 7
49 54 1
49 55 25
50 1 47
50 3 31
50 7 34
50 9 32
50 11 13
50 12 28
50 15 22
50 16 39
50 17 1
50 18 36
50 22 46
50 25 21
50 26 23
50 27 55
50 28 18
50 29 56
50 36 19
50 37 4
50 41 41
50 42 20
50 43 37
50 45 17
50 50 48
50 51 40
50 57 53
50 58 57
51 2 37
51 5 13
51 6 50
51 10 29
51 11 49
51 12 23
51 18 31
51 22 4
51 23 21
51 27 24
51 28 28
51 29 34
51 34 17
51 36 58
51 38 8
51 46 56
51 56 18
51 59 30
52 3 36
52 9 24
52 12 40
52 16 47
52 21 19
52 23 38
52 24 7
52 31 28
52 36 51
52 40 42
52 41 17
52 48 21
52 53 52
52 54 14
52 55 26
52 57 2
52 58 30
52 59 56
53 1 48
53 4 20
53 6 3
53 9 44
53 12 58
53 13 15
53 14 21
53 15 24
53 19 38
53 20 2
53 21 47
53 22 7
53 26 16
53 34 14
53 37 27
53 38 36
53 40 50
53 42 41
53 48 8
53 49 45
53 50 26
53 51 5
53 52 30
53 53 19
53 56 46
53 57 17
53 58 42
54 3 5
54 4 2
54 16 41
54 17 35
54 20 30
54 22 12
54 23 28
54 26 29
54 29 22
54 32 16
54 33 59
54 36 21
54 37 9
54 41 40
54 45 19
54 48 13
54 49 53
54 53 39
54 55 47
54 56 54
55 3 9
55 4 18
55 9 4
55 10 32
55 12 49
55 15 2
55 24 54
55 25 42
55 26 26
55 28 8
55 31 7
55 34 34
55 39 22
55 42 11
55 52 27
55 55 45
56 0 24
56 6 29
56 11 23
56 12 56
56 18 34
56 21 3
56 24 22
56 29 52
56 32 27
56 33 51
56 35 44
56 39 4
56 41 28
56 43 10
56 45 26
56 50 54
56 51 32
56 52 9
56 53 13
56 54 11
56 56 17
56 58 20
56 59 31
57 0 48
57 3 44
57 9 16
57 17 21
57 18 7
57 21 54
57 27 46
57 29 2
57 32 6
57 33 40
57 41 39
57 43 51
57 46 22
57 48 45
57 50 10
57 55 43
57 58 58
57 59 4
58 2 40
58 4 39
58 8 54
58 10 44
58 13 32
58 15 8
58 17 58
58 27 2
58 28 30
58 31 31
58 38 59
58 42 7
58 50 19
58 57 48
59 0 52
59 3 32
59 4 22
59 6 36
59 9 54
59 10 45
59 12 18
59 17 29
59 20 23
59 21 39
59 22 26
59 25 40
59 26 58
59 29 38
59 36 59
59 38 41
59 40 31
59 43 34
59 46 49
59 49 55
59 51 56
59 52 3
59 53 48
59 55 28
59 57 11
59 58 14
