60
0 0 9
0 1 44
0 2 34
0 3 33
0 5 5
0 6 49
0 8 18
0 12 17
0 14 14
0 15 11
0 17 53
0 18 50
0 19 40
0 25 7
0 26 12
0 27 39
0 29 16
0 33 54
0 36 19
0 37 41
0 41 43
0 42 21
0 43 59
0 44 36
0 47 52
0 53 48
0 54 31
0 55 24
0 56 55
1 0 40
1 1 1
1 3 23
1 4 31
1 6 59
1 8 27
1 9 8
1 12 33
1 15 15
1 16 49
1 17 58
1 18 20
1 19 32
1 20 26
1 21 17
1 22 43
1 26 11
1 27 16
1 28 30
1 31 25
1 37 6
1 40 19
1 42 14
1 44 55
1 48 4
1 51 57
1 52 5
1 54 52
1 56 39
1 58 51
2 0 34
2 2 14
2 3 10
2 4 51
2 6 4
2 7 53
2 11 3
2 12 46
2 14 48
2 15 37
2 16 26
2 18 45
2 19 27
2 22 39
2 26 2
2 27 29
2 31 13
2 35 57
2 36 52
2 37 59
2 40 50
2 42 47
2 48 38
2 51 18
2 52 41
2 53 31
2 54 1
2 56 5
2 57 49
2 58 44
3 0 43
3 1 12
3 2 23
3 3 17
3 5 6
3 7 49
3 9 51
3 10 16
3 11 29
3 12 21
3 13 2
3 15 57
3 16 38
3 18 39
3 21 19
3 22 3
3 23 54
3 25 44
3 27 35
3 28 5
3 29 41
3 33 27
3 34 24
3 37 52
3 39 53
3 44 4
3 48 55
3 55 36
3 57 47
4 1 10
4 4 18
4 5 8
4 10 50
4 11 28
4 13 20
4 14 19
4 16 13
4 19 55
4 21 49
4 25 47
4 27 17
4 29 32
4 32 45
4 33 6
4 34 5
4 35 26
4 37 43
4 38 15
4 39 12
4 43 25
4 44 27
4 46 33
4 47 46
4 49 3
4 50 31
4 51 9
4 52 59
4 54 21
4 55 7
4 56 14
5 1 50
5 2 53
5 5 16
5 7 39
5 8 48
5 9 4
5 14 59
5 15 45
5 17 23
5 24 13
5 25 32
5 29 12
5 30 18
5 31 9
5 32 31
5 33 41
5 34 28
5 35 6
5 37 3
5 38 38
5 39 30
5 41 33
5 45 43
5 48 15
5 49 44
5 50 55
5 55 54
5 56 47
5 59 24
6 1 27
6 2 58
6 8 13
6 9 12
6 10 52
6 11 18
6 15 14
6 16 34
6 17 4
6 18 11
6 19 15
6 20 42
6 26 3
6 27 44
6 28 47
6 34 36
6 36 29
6 38 45
6 39 57
6 43 43
6 45 23
6 46 49
6 47 21
6 51 51
6 52 2
6 54 24
6 56 20
6 57 5
6 58 0
7 1 37
7 2 54
7 4 1
7 6 6
7 7 9
7 9 41
7 10 48
7 15 35
7 19 18
7 20 38
7 21 29
7 23 0
7 24 10
7 25 36
7 26 34
7 27 22
7 28 15
7 29 56
7 31 33
7 35 40
7 36 4
7 38 7
7 40 32
7 43 46
7 44 43
7 51 28
7 52 50
7 54 26
7 55 17
7 58 5
7 59 49
8 0 30
8 1 0
8 2 32
8 3 42
8 4 43
8 5 37
8 6 24
8 10 39
8 11 46
8 12 20
8 13 14
8 16 48
8 17 18
8 20 58
8 27 10
8 28 35
8 29 29
8 32 33
8 34 12
8 37 53
8 40 22
8 43 45
8 45 56
8 50 34
8 52 21
8 55 15
8 56 1
9 0 17
9 1 34
9 3 18
9 4 39
9 6 15
9 8 1
9 9 33
9 14 13
9 15 55
9 17 35
9 18 3
9 19 48
9 20 59
9 21 41
9 22 32
9 24 21
9 25 19
9 28 29
9 29 2
9 30 37
9 32 46
9 34 50
9 39 9
9 42 52
9 43 57
9 44 11
9 47 40
9 48 26
9 50 12
9 52 44
10 0 55
10 3 20
10 5 39
10 6 16
10 10 44
10 13 32
10 17 1
10 19 50
10 23 40
10 24 57
10 25 54
10 29 30
10 31 31
10 39 15
10 40 45
10 42 5
10 49 34
10 52 23
10 55 6
10 58 4
11 0 57
11 1 54
11 4 5
11 7 7
11 10 4
11 11 24
11 12 27
11 13 51
11 15 25
11 19 0
11 21 1
11 22 46
11 24 48
11 25 41
11 26 35
11 29 33
11 30 17
11 34 2
11 37 36
11 38 50
11 42 53
11 44 19
11 45 21
11 47 28
11 49 23
11 50 18
11 56 13
11 57 31
12 0 45
12 3 25
12 4 41
12 6 14
12 8 58
12 9 52
12 10 22
12 11 11
12 12 32
12 13 31
12 14 28
12 15 16
12 17 6
12 18 13
12 19 51
12 20 37
12 21 53
12 23 27
12 25 40
12 26 46
12 29 23
12 32 54
12 34 39
12 36 12
12 37 47
12 38 19
12 40 30
12 42 24
12 44 33
12 49 20
12 50 50
12 51 56
12 54 34
12 55 1
12 56 10
12 58 3
13 0 53
13 1 15
13 2 11
13 4 12
13 5 23
13 6 44
13 8 8
13 9 49
13 11 41
13 12 5
13 14 21
13 15 24
13 17 19
13 18 51
13 20 9
13 23 42
13 24 59
13 26 52
13 27 1
13 33 18
13 35 54
13 36 14
13 38 25
13 39 47
13 42 55
13 43 6
13 44 17
13 45 10
13 46 39
13 48 28
13 49 2
13 51 29
13 52 46
13 54 32
13 56 36
13 57 35
13 59 22
14 0 33
14 3 47
14 5 56
14 6 57
14 11 37
14 13 44
14 17 13
14 18 23
14 19 22
14 24 34
14 26 15
14 27 11
14 30 28
14 31 29
14 34 52
14 38 35
14 39 7
14 41 2
14 44 30
14 45 0
14 46 31
14 47 17
14 50 27
14 53 41
14 54 50
14 57 39
15 3 24
15 4 7
15 7 13
15 8 36
15 9 54
15 10 6
15 11 1
15 12 2
15 13 19
15 14 17
15 16 28
15 18 35
15 19 53
15 21 26
15 26 5
15 28 43
15 29 3
15 30 15
15 31 51
15 32 52
15 33 20
15 34 8
15 38 29
15 41 38
15 42 42
15 43 23
15 49 12
15 51 4
15 53 22
15 54 47
15 56 21
15 57 9
16 2 46
16 4 21
16 5 35
16 6 42
16 7 18
16 8 0
16 9 48
16 10 28
16 11 50
16 12 24
16 13 53
16 16 17
16 17 31
16 18 33
16 19 14
16 20 47
16 21 22
16 22 34
16 24 2
16 25 43
16 26 20
16 27 26
16 28 9
16 30 39
16 31 16
16 32 27
16 33 59
16 35 29
16 36 58
16 38 41
16 40 54
16 41 6
16 42 51
16 43 55
16 49 52
16 50 7
16 51 19
16 56 11
16 57 8
16 58 1
16 59 30
17 2 56
17 5 38
17 6 21
17 8 57
17 9 34
17 10 55
17 11 15
17 12 28
17 13 47
17 15 36
17 17 37
17 18 22
17 21 24
17 25 23
17 27 0
17 30 29
17 33 13
17 35 50
17 36 10
17 38 32
17 41 9
17 42 6
17 44 46
17 47 59
17 48 25
17 50 19
17 51 14
17 52 20
17 56 18
17 57 44
17 58 17
17 59 2
18 3 30
18 4 46
18 6 13
18 7 27
18 12 14
18 14 24
18 17 9
18 18 59
18 19 31
18 23 4
18 26 17
18 29 55
18 32 51
18 34 25
18 39 0
18 40 47
18 41 32
18 46 37
18 47 38
18 49 6
18 50 58
18 52 45
18 53 49
18 55 39
18 56 33
18 57 56
18 59 42
19 0 42
19 1 36
19 2 6
19 5 9
19 7 12
19 13 10
19 15 44
19 16 37
19 17 16
19 18 0
19 22 2
19 25 3
19 26 4
19 27 5
19 28 33
19 31 28
19 32 47
19 33 25
19 34 59
19 35 43
19 36 51
19 37 55
19 39 49
19 42 1
19 44 22
19 47 41
19 49 48
19 50 20
19 53 17
19 54 18
19 55 26
19 57 40
20 0 8
20 1 14
20 2 41
20 3 43
20 4 24
20 5 36
20 7 58
20 9 45
20 12 56
20 16 39
20 18 7
20 20 27
20 22 4
20 25 22
20 26 49
20 27 3
20 28 40
20 29 50
20 30 31
20 31 53
20 33 42
20 34 17
20 35 51
20 39 34
20 43 13
20 44 12
20 45 28
20 47 9
20 48 44
20 49 15
20 50 29
20 52 37
20 54 33
20 55 21
20 58 6
21 2 12
21 8 24
21 11 19
21 13 11
21 14 25
21 15 52
21 18 46
21 19 44
21 21 28
21 23 48
21 24 41
21 25 45
21 26 23
21 27 57
21 29 4
21 30 35
21 32 30
21 34 32
21 35 16
21 36 20
21 39 14
21 40 51
21 41 36
21 44 0
21 45 53
21 49 26
21 52 6
21 55 42
21 56 34
21 59 31
22 0 11
22 3 8
22 4 17
22 7 41
22 8 23
22 10 27
22 11 59
22 12 3
22 14 44
22 16 24
22 18 14
22 20 7
22 22 55
22 24 37
22 25 12
22 27 51
22 28 57
22 31 50
22 33 32
22 35 46
22 38 58
22 39 6
22 40 52
22 41 15
22 45 2
22 49 56
22 53 36
22 56 49
22 57 28
22 59 9
23 0 6
23 1 28
23 5 47
23 6 50
23 7 23
23 8 2
23 9 11
23 10 40
23 12 0
23 14 43
23 15 41
23 16 59
23 19 46
23 20 55
23 21 44
23 22 42
23 23 32
23 24 58
23 26 30
23 27 53
23 32 17
23 33 56
23 35 21
23 41 19
23 42 20
23 43 26
23 46 54
23 47 37
23 55 57
23 56 45
23 57 22
23 58 9
24 0 26
24 1 48
24 2 0
24 3 34
24 4 45
24 5 21
24 11 55
24 13 54
24 15 33
24 16 35
24 17 57
24 19 49
24 22 28
24 23 41
24 24 18
24 27 50
24 28 39
24 30 5
24 32 6
24 33 12
24 37 44
24 41 7
24 45 46
24 46 51
24 48 16
24 49 8
24 50 23
24 52 42
24 55 20
25 1 19
25 2 26
25 3 35
25 8 39
25 9 25
25 12 13
25 13 15
25 17 45
25 18 43
25 19 38
25 21 52
25 22 20
25 23 36
25 26 51
25 27 8
25 31 49
25 32 5
25 33 4
25 35 56
25 36 46
25 37 21
25 44 16
25 46 32
25 49 50
25 50 42
25 51 54
25 54 12
25 55 2
25 56 44
25 57 23
26 2 52
26 3 39
26 8 5
26 9 32
26 12 19
26 14 46
26 15 53
26 19 20
26 20 45
26 23 35
26 24 43
26 29 44
26 31 15
26 35 47
26 36 54
26 38 51
26 40 23
26 42 17
26 46 41
26 47 27
26 48 1
26 49 11
26 50 40
26 53 18
26 54 29
27 0 31
27 5 57
27 8 54
27 10 11
27 14 56
27 16 55
27 17 47
27 19 12
27 21 37
27 24 16
27 26 44
27 27 13
27 33 36
27 37 15
27 38 40
27 39 8
27 40 20
27 41 35
27 42 29
27 43 42
27 48 24
27 49 21
27 51 1
27 52 27
27 53 28
27 54 53
27 57 7
28 0 51
28 4 28
28 5 7
28 6 41
28 7 14
28 8 22
28 9 6
28 12 29
28 13 34
28 15 56
28 16 3
28 17 2
28 20 12
28 22 35
28 25 59
28 28 48
28 29 10
28 30 49
28 31 54
28 32 19
28 35 8
28 37 0
28 38 57
28 40 31
28 42 16
28 44 38
28 46 13
28 47 24
28 50 4
28 52 26
28 54 43
28 56 58
28 58 32
28 59 50
29 2 49
29 3 11
29 4 8
29 5 28
29 10 41
29 12 22
29 13 1
29 14 58
29 15 30
29 19 5
29 21 4
29 24 20
29 25 15
29 28 54
29 31 46
29 33 16
29 34 3
29 35 14
29 37 50
29 38 23
29 39 51
29 40 29
29 47 26
29 50 33
29 52 57
29 54 35
29 55 43
29 56 59
29 57 38
30 0 15
30 1 21
30 2 57
30 5 58
30 7 36
30 8 30
30 9 59
30 11 31
30 15 0
30 20 50
30 22 10
30 23 20
30 28 19
30 29 5
30 30 4
30 32 39
30 33 11
30 34 46
30 37 22
30 39 2
30 41 23
30 44 42
30 45 13
30 46 29
30 49 28
30 54 54
30 55 47
30 56 12
30 57 27
30 58 25
31 1 8
31 8 35
31 10 15
31 12 6
31 13 55
31 14 31
31 17 52
31 19 47
31 21 58
31 26 9
31 32 10
31 34 48
31 39 28
31 40 27
31 43 54
31 45 49
31 50 32
31 52 11
31 56 2
31 57 0
31 58 40
31 59 56
32 0 49
32 2 8
32 4 9
32 6 39
32 7 50
32 8 56
32 11 12
32 13 28
32 14 16
32 15 32
32 16 6
32 17 17
32 18 54
32 19 1
32 21 38
32 23 53
32 25 34
32 27 27
32 28 20
32 31 10
32 37 30
32 38 46
32 40 57
32 44 15
32 51 48
32 53 13
32 55 35
32 59 52
33 3 41
33 6 32
33 9 13
33 14 22
33 17 5
33 19 45
33 20 49
33 23 21
33 25 14
33 28 50
33 30 59
33 32 28
33 33 40
33 34 19
33 35 58
33 38 44
33 39 38
33 40 16
33 42 35
33 46 24
33 48 6
33 49 10
33 52 30
33 53 47
33 56 37
33 57 55
34 0 59
34 1 51
34 4 32
34 11 7
34 12 54
34 16 23
34 17 25
34 19 43
34 22 56
34 27 41
34 28 22
34 29 26
34 32 49
34 35 12
34 36 1
34 37 27
34 40 2
34 42 13
34 43 34
34 44 50
34 46 47
34 47 11
34 48 17
34 49 14
34 55 8
35 0 56
35 1 59
35 2 36
35 6 28
35 7 15
35 9 40
35 11 13
35 16 5
35 18 12
35 20 16
35 21 45
35 22 22
35 23 39
35 24 23
35 25 37
35 28 31
35 29 54
35 30 1
35 31 8
35 32 29
35 33 47
35 35 33
35 39 10
35 40 53
35 44 51
35 46 2
35 48 52
35 51 7
35 53 21
35 54 20
35 55 55
35 56 42
35 59 17
36 1 9
36 2 1
36 3 3
36 4 36
36 5 54
36 7 31
36 8 34
36 10 42
36 11 2
36 12 59
36 13 46
36 14 27
36 17 26
36 20 5
36 21 33
36 26 6
36 27 7
36 28 55
36 29 11
36 31 56
36 33 22
36 34 13
36 36 53
36 37 45
36 39 23
36 43 32
36 45 24
36 46 19
36 47 29
36 52 58
36 54 10
36 55 51
36 56 43
36 59 20
37 0 54
37 3 32
37 5 43
37 7 5
37 11 42
37 14 0
37 15 8
37 17 21
37 19 9
37 21 18
37 22 47
37 25 2
37 27 59
37 29 34
37 32 20
37 34 35
37 35 22
37 38 4
37 40 46
37 42 26
37 43 51
37 45 48
37 46 50
37 49 29
37 50 37
37 51 23
37 53 12
37 55 19
37 56 15
37 57 14
37 58 45
37 59 13
38 1 13
38 2 5
38 3 9
38 6 45
38 9 21
38 10 1
38 11 10
38 12 41
38 13 22
38 18 8
38 19 26
38 20 23
38 25 39
38 27 6
38 28 7
38 31 44
38 33 43
38 36 57
38 37 58
38 38 36
38 43 15
38 47 12
38 48 2
38 50 38
38 53 29
38 54 16
38 55 50
38 57 52
38 58 20
38 59 54
39 1 6
39 2 59
39 3 28
39 6 12
39 9 16
39 10 51
39 11 4
39 13 13
39 14 2
39 15 3
39 16 8
39 18 57
39 24 53
39 26 21
39 29 15
39 30 20
39 33 14
39 35 24
39 42 54
39 43 49
39 44 23
39 45 45
39 53 43
39 58 22
40 0 16
40 1 24
40 2 21
40 4 25
40 6 56
40 7 44
40 8 12
40 11 23
40 12 35
40 13 17
40 14 8
40 15 10
40 16 33
40 17 49
40 18 28
40 19 58
40 23 9
40 27 14
40 28 2
40 30 40
40 31 32
40 32 3
40 33 5
40 34 55
40 35 48
40 36 36
40 37 54
40 38 47
40 40 41
40 41 57
40 44 31
40 45 38
40 47 39
40 48 46
40 51 52
40 53 15
40 58 37
41 3 15
41 4 33
41 6 1
41 11 17
41 16 22
41 18 38
41 20 52
41 22 27
41 23 31
41 25 16
41 27 54
41 28 11
41 29 20
41 35 25
41 37 18
41 41 50
41 42 30
41 43 48
41 44 7
41 49 57
41 51 8
41 53 46
41 55 5
41 57 19
41 58 2
42 0 58
42 1 49
42 3 4
42 4 26
42 6 5
42 7 43
42 8 31
42 9 23
42 11 20
42 15 6
42 16 14
42 17 3
42 23 56
42 24 47
42 25 57
42 26 50
42 28 16
42 29 13
42 30 44
42 31 59
42 34 0
42 36 41
42 39 22
42 41 17
42 43 40
42 44 29
42 45 37
42 47 51
42 48 35
42 49 18
42 50 1
42 51 27
42 52 12
42 55 52
42 56 24
42 58 48
42 59 46
43 0 37
43 2 3
43 8 10
43 11 38
43 12 8
43 14 5
43 15 20
43 17 56
43 21 42
43 22 57
43 25 55
43 27 19
43 30 52
43 31 0
43 36 2
43 37 16
43 38 31
43 39 17
43 40 12
43 42 34
43 43 39
43 46 26
43 48 41
43 49 36
43 50 35
43 52 9
43 53 4
43 54 44
44 0 2
44 2 15
44 3 6
44 4 0
44 7 3
44 8 17
44 10 58
44 11 34
44 12 30
44 14 38
44 15 31
44 17 20
44 18 10
44 20 40
44 23 8
44 25 9
44 26 1
44 28 36
44 29 48
44 34 47
44 36 49
44 37 37
44 41 28
44 43 16
44 45 14
44 46 11
44 48 43
44 50 21
44 51 42
44 52 4
44 53 51
44 55 13
44 57 26
44 58 56
44 59 32
45 6 20
45 10 14
45 13 37
45 17 15
45 20 8
45 21 50
45 22 52
45 24 51
45 26 43
45 31 35
45 33 57
45 34 56
45 36 23
45 40 39
45 42 27
45 43 36
45 53 5
45 55 59
45 57 46
45 59 3
46 0 23
46 1 25
46 3 56
46 4 54
46 6 53
46 9 37
46 10 45
46 11 43
46 12 48
46 13 42
46 14 10
46 15 29
46 16 15
46 17 12
46 19 7
46 20 17
46 21 2
46 22 19
46 23 44
46 25 28
46 26 24
46 27 34
46 29 1
46 30 58
46 31 26
46 33 0
46 36 6
46 38 55
46 39 11
46 41 59
46 44 20
46 46 52
46 48 3
46 50 57
46 51 35
46 52 33
46 53 50
46 54 5
46 57 21
46 58 39
46 59 18
47 3 16
47 5 18
47 6 37
47 8 26
47 15 27
47 16 57
47 18 41
47 19 28
47 21 9
47 24 24
47 25 38
47 26 47
47 29 8
47 31 40
47 32 2
47 36 33
47 38 30
47 39 21
47 40 55
47 41 4
47 46 20
47 48 50
47 49 13
47 51 59
47 57 32
48 2 37
48 5 30
48 7 24
48 8 49
48 10 47
48 11 44
48 12 7
48 13 23
48 15 38
48 17 36
48 18 17
48 19 13
48 20 57
48 26 16
48 27 52
48 29 42
48 30 19
48 31 11
48 32 55
48 33 33
48 35 20
48 36 28
48 38 39
48 39 4
48 41 14
48 43 22
48 44 41
48 48 56
48 49 31
48 54 51
48 59 1
49 1 38
49 2 13
49 6 11
49 7 8
49 8 55
49 9 30
49 10 19
49 13 57
49 15 43
49 16 46
49 20 0
49 22 6
49 30 54
49 31 12
49 35 9
49 36 47
49 37 35
49 43 2
49 45 41
49 47 56
49 49 45
49 50 5
49 52 3
49 53 27
49 55 28
49 56 48
49 57 42
50 0 22
50 1 5
50 2 50
50 4 3
50 5 4
50 6 9
50 7 29
50 9 43
50 10 57
50 11 47
50 12 25
50 13 35
50 15 34
50 16 56
50 20 31
50 21 7
50 22 0
50 27 46
50 32 44
50 33 19
50 34 41
50 35 42
50 38 17
50 40 24
50 42 15
50 44 45
50 47 6
50 51 37
50 52 1
50 53 23
50 55 18
50 56 54
50 57 58
50 59 38
51 0 20
51 1 46
51 6 22
51 8 37
51 10 35
51 13 38
51 14 45
51 15 42
51 18 36
51 19 16
51 21 21
51 22 26
51 23 29
51 24 5
51 25 13
51 27 48
51 31 24
51 32 9
51 33 53
51 35 15
51 37 39
51 40 28
51 42 57
51 43 19
51 46 6
51 47 54
51 48 12
51 52 47
51 54 11
51 55 14
52 0 21
52 3 12
52 4 2
52 5 46
52 7 22
52 8 19
52 9 7
52 12 39
52 13 52
52 19 56
52 20 18
52 22 44
52 24 11
52 25 31
52 29 57
52 36 45
52 37 10
52 38 14
52 40 37
52 45 40
52 46 34
52 47 23
52 49 43
52 52 17
52 57 24
52 58 50
52 59 41
53 3 2
53 5 41
53 6 8
53 14 50
53 15 40
53 17 38
53 18 26
53 24 42
53 27 33
53 28 10
53 29 35
53 31 14
53 32 59
53 33 46
53 37 56
53 38 9
53 40 15
53 41 44
53 42 0
53 44 48
53 45 5
53 47 4
53 49 51
53 50 17
53 51 55
53 52 25
53 53 16
53 55 58
53 57 57
53 59 6
54 2 30
54 5 19
54 9 53
54 10 9
54 12 23
54 13 4
54 15 18
54 17 24
54 18 42
54 20 39
54 22 54
54 23 5
54 25 56
54 26 13
54 29 46
54 30 32
54 35 0
54 36 25
54 38 33
54 39 1
54 43 58
54 45 59
54 46 45
54 47 35
54 48 27
54 49 40
54 50 8
54 51 50
55 0 27
55 1 29
55 3 48
55 4 13
55 5 50
55 6 43
55 10 49
55 11 25
55 12 26
55 13 30
55 14 4
55 17 41
55 18 16
55 20 2
55 22 14
55 23 46
55 26 33
55 27 36
55 29 21
55 32 1
55 33 31
55 34 40
55 35 3
55 36 59
55 37 20
55 38 12
55 39 19
55 40 38
55 42 18
55 45 42
55 46 9
55 50 11
55 52 39
55 54 58
55 56 56
55 58 8
56 5 12
56 7 56
56 9 9
56 12 4
56 13 59
56 14 29
56 15 50
56 17 55
56 18 5
56 24 52
56 26 31
56 28 53
56 29 22
56 33 51
56 34 18
56 35 10
56 39 27
56 40 0
56 42 39
56 45 1
56 46 8
56 48 13
56 50 49
56 52 38
56 54 17
56 59 21
57 0 3
57 3 37
57 5 49
57 7 2
57 10 23
57 12 43
57 14 55
57 16 16
57 18 1
57 20 20
57 21 35
57 22 24
57 26 14
57 28 6
57 32 13
57 33 10
57 36 50
57 37 12
57 38 18
57 40 8
57 41 29
57 43 0
57 46 22
57 47 19
57 48 51
57 49 5
57 50 47
57 52 28
57 59 4
58 0 50
58 6 30
58 7 45
58 10 25
58 11 5
58 13 9
58 16 4
58 18 55
58 20 46
58 23 26
58 26 8
58 29 14
58 30 24
58 31 52
58 32 38
58 33 7
58 35 27
58 36 56
58 39 54
58 40 13
58 41 40
58 43 28
58 44 18
58 45 35
58 50 53
58 52 36
58 56 22
58 57 43
58 58 21
58 59 57
59 1 3
59 3 21
59 4 16
59 5 53
59 6 55
59 11 30
59 12 47
59 13 18
59 14 51
59 16 40
59 22 17
59 24 28
59 25 20
59 26 37
59 30 33
59 31 22
59 33 23
59 37 13
59 39 39
59 41 58
59 42 50
59 43 4
59 45 19
59 46 57
59 47 31
59 49 25
59 50 24
59 51 38
59 52 29
59 54 46
59 55 0
59 56 52
59 58 54
