60
0 1 4
0 2 10
0 3 48
0 5 43
0 6 17
0 7 31
0 9 9
0 10 54
0 11 47
0 12 37
0 13 11
0 16 3
0 18 15
0 19 22
0 20 24
0 21 29
0 23 19
0 25 44
0 26 42
0 29 46
0 30 32
0 31 1
0 32 21
0 33 39
0 34 30
0 35 53
0 36 6
0 37 0
0 38 2
0 39 12
0 40 34
0 41 20
0 42 58
0 43 16
0 44 25
0 45 28
0 46 27
0 47 41
0 48 56
0 49 36
0 50 40
0 51 50
0 54 59
0 55 51
0 56 35
0 59 14
1 2 49
1 3 6
1 4 25
1 5 36
1 6 0
1 7 35
1 9 12
1 10 56
1 11 39
1 13 15
1 14 42
1 15 30
1 17 11
1 18 10
1 19 54
1 20 16
1 21 58
1 22 1
1 23 9
1 25 59
1 26 40
1 27 41
1 29 45
1 30 51
1 32 7
1 33 14
1 35 24
1 36 19
1 37 32
1 38 52
1 39 23
1 42 29
1 44 47
1 45 37
1 47 3
1 48 8
1 51 22
1 52 4
1 53 18
1 54 34
1 55 5
1 57 57
1 58 55
2 0 28
2 1 0
2 4 55
2 5 45
2 6 16
2 7 20
2 8 48
2 9 38
2 10 46
2 11 34
2 12 15
2 13 44
2 14 17
2 15 26
2 16 47
2 17 29
2 18 52
2 19 6
2 20 23
2 21 9
2 22 51
2 23 8
2 24 1
2 25 22
2 26 43
2 27 14
2 28 33
2 29 49
2 30 42
2 31 56
2 32 57
2 33 21
2 35 7
2 36 24
2 37 31
2 39 5
2 40 13
2 41 50
2 42 36
2 43 37
2 44 40
2 46 30
2 47 53
2 48 2
2 49 25
2 51 11
2 52 19
2 53 10
2 54 41
2 55 39
2 56 59
2 57 18
2 58 27
2 59 32
3 0 10
3 1 32
3 2 18
3 3 13
3 4 58
3 7 54
3 8 31
3 9 2
3 10 6
3 11 57
3 12 4
3 14 8
3 15 40
3 16 26
3 17 23
3 18 25
3 19 34
3 20 15
3 21 48
3 22 50
3 24 59
3 25 14
3 26 49
3 27 43
3 28 56
3 29 11
3 30 39
3 31 9
3 32 51
3 33 55
3 34 47
3 35 52
3 37 5
3 38 35
3 39 1
3 40 19
3 42 0
3 44 30
3 47 22
3 48 36
3 49 24
3 50 21
3 51 38
3 52 3
3 53 53
3 54 12
3 55 16
3 56 17
3 57 37
3 58 45
3 59 42
4 0 54
4 1 33
4 2 47
4 3 1
4 4 9
4 5 22
4 6 42
4 7 43
4 8 25
4 9 16
4 10 14
4 12 11
4 13 26
4 14 31
4 15 56
4 16 4
4 17 39
4 18 37
4 19 5
4 20 53
4 22 41
4 23 21
4 24 36
4 25 55
4 26 32
4 27 23
4 28 52
4 29 30
4 30 27
4 31 28
4 32 44
4 34 18
4 35 46
4 36 0
4 37 7
4 38 58
4 40 12
4 41 3
4 42 2
4 43 35
4 44 38
4 45 40
4 46 15
4 48 48
4 49 19
4 50 34
4 53 24
4 57 10
4 58 6
4 59 49
5 0 48
5 1 23
5 2 32
5 4 46
5 5 20
5 7 58
5 9 8
5 10 17
5 11 54
5 13 36
5 14 15
5 15 39
5 16 13
5 17 55
5 18 21
5 19 27
5 20 18
5 21 43
5 22 42
5 23 22
5 24 11
5 26 37
5 27 34
5 28 38
5 30 3
5 31 35
5 33 47
5 35 57
5 36 50
5 37 2
5 38 24
5 39 59
5 40 52
5 41 16
5 43 10
5 44 41
5 45 56
5 46 25
5 47 6
5 49 4
5 50 9
5 53 28
5 54 14
5 55 29
5 56 7
5 57 53
5 58 26
6 0 6
6 1 18
6 3 23
6 4 38
6 5 53
6 6 45
6 7 51
6 8 41
6 10 36
6 12 13
6 13 9
6 14 55
6 15 21
6 16 20
6 17 32
6 18 28
6 19 47
6 20 26
6 21 37
6 23 52
6 24 3
6 25 0
6 27 48
6 28 2
6 29 27
6 30 8
6 31 5
6 32 46
6 33 42
6 35 33
6 36 40
6 37 34
6 40 35
6 41 22
6 42 39
6 44 31
6 45 7
6 46 58
6 47 19
6 49 49
6 51 43
6 52 56
6 53 1
6 54 30
6 55 54
6 56 12
6 57 44
6 58 16
7 3 2
7 4 26
7 6 8
7 7 14
7 8 16
7 9 45
7 10 42
7 11 49
7 12 33
7 13 24
7 14 1
7 15 53
7 17 50
7 18 34
7 19 48
7 20 37
7 21 44
7 22 39
7 24 21
7 25 31
7 26 36
7 27 56
7 28 32
7 29 59
7 31 23
7 32 27
7 33 41
7 34 4
7 35 29
7 36 30
7 37 38
7 38 17
7 39 52
7 40 20
7 42 57
7 43 43
7 44 51
7 45 5
7 46 3
7 47 0
7 48 13
7 49 6
7 50 47
7 51 18
7 52 55
7 53 54
7 54 10
7 55 22
7 56 25
7 57 9
7 58 11
7 59 19
8 0 44
8 1 51
8 2 36
8 3 9
8 4 39
8 6 41
8 7 47
8 8 53
8 10 43
8 11 37
8 16 14
8 17 18
8 18 8
8 19 58
8 20 38
8 22 17
8 24 26
8 25 28
8 26 20
8 27 25
8 28 1
8 29 50
8 30 11
8 31 2
8 32 42
8 34 56
8 35 34
8 36 15
8 37 6
8 38 19
8 39 16
8 40 29
8 41 27
8 42 3
8 43 45
8 46 59
8 47 21
8 48 30
8 49 46
8 50 57
8 51 13
8 52 7
8 54 54
8 56 49
8 57 0
8 58 32
8 59 52
9 0 3
9 2 53
9 3 0
9 4 27
9 5 47
9 6 4
9 8 24
9 9 30
9 10 9
9 11 52
9 13 33
9 14 57
9 15 43
9 18 38
9 19 26
9 21 14
9 22 25
9 23 13
9 24 46
9 25 6
9 26 2
9 30 10
9 31 58
9 32 55
9 33 54
9 34 22
9 35 44
9 36 31
9 38 20
9 39 17
9 40 21
9 41 18
9 42 28
9 45 41
9 46 51
9 47 11
9 48 59
9 49 45
9 50 37
9 51 19
9 52 48
9 53 56
9 54 23
9 55 35
9 56 39
9 57 5
9 58 29
9 59 40
10 0 49
10 2 22
10 4 3
10 6 5
10 7 41
10 8 9
10 10 59
10 11 51
10 12 38
10 13 25
10 15 6
10 17 12
10 18 35
10 19 44
10 22 34
10 23 15
10 26 4
10 27 18
10 28 45
10 31 7
10 32 30
10 33 1
10 34 13
10 35 32
10 36 58
10 37 24
10 38 55
10 39 33
10 40 17
10 41 10
10 42 14
10 43 52
10 44 19
10 45 20
10 46 48
10 48 16
10 49 8
10 50 39
10 51 29
10 52 46
10 53 11
10 54 27
10 55 0
10 56 21
10 58 2
10 59 31
11 0 46
11 1 36
11 2 24
11 3 11
11 4 15
11 5 6
11 6 30
11 7 25
11 9 59
11 10 35
11 11 58
11 12 21
11 13 14
11 14 39
11 15 13
11 18 3
11 21 42
11 22 20
11 23 43
11 26 27
11 27 40
11 28 29
11 31 50
11 32 10
11 33 38
11 34 23
11 36 57
11 37 33
11 38 56
11 39 37
11 40 45
11 41 2
11 42 52
11 43 51
11 44 4
11 45 47
11 46 8
11 47 1
11 48 49
11 49 5
11 50 26
11 52 17
11 53 0
11 54 7
11 55 31
11 56 53
11 57 22
11 59 55
12 0 1
12 1 46
12 2 20
12 4 42
12 6 26
12 7 33
12 9 23
12 10 25
12 11 8
12 12 52
12 14 41
12 15 35
12 16 22
12 17 51
12 19 36
12 20 2
12 22 0
12 25 43
12 26 30
12 28 5
12 29 48
12 30 13
12 31 6
12 32 29
12 33 7
12 34 57
12 35 47
12 38 15
12 39 21
12 40 53
12 41 44
12 42 17
12 45 39
12 46 54
12 47 27
12 48 12
12 49 28
12 50 55
12 51 24
12 52 40
12 53 19
12 55 59
12 57 49
12 58 37
12 59 16
13 0 18
13 1 20
13 3 25
13 4 59
13 5 57
13 6 37
13 9 28
13 11 48
13 13 1
13 14 35
13 15 34
13 16 5
13 17 17
13 18 4
13 19 42
13 20 22
13 21 7
13 22 43
13 23 47
13 25 29
13 26 33
13 27 31
13 28 30
13 29 53
13 30 24
13 31 21
13 32 32
13 33 27
13 34 36
13 35 13
13 36 10
13 37 14
13 38 49
13 39 56
13 40 3
13 41 41
13 42 46
13 43 8
13 44 44
13 45 52
13 46 12
13 48 38
13 49 54
13 51 40
13 52 45
13 53 55
13 54 2
13 56 58
13 57 26
13 59 9
14 0 11
14 1 45
14 2 13
14 3 24
14 4 7
14 5 10
14 6 31
14 7 6
14 10 28
14 11 44
14 12 18
14 13 42
14 14 20
14 16 33
14 17 58
14 18 54
14 20 32
14 21 57
14 23 2
14 24 35
14 25 3
14 26 1
14 27 17
14 28 40
14 29 26
14 30 53
14 31 51
14 32 19
14 34 16
14 35 30
14 36 49
14 37 36
14 38 27
14 39 8
14 40 41
14 41 37
14 42 43
14 43 55
14 44 21
14 45 38
14 46 56
14 47 50
14 48 22
14 49 14
14 52 29
14 53 46
14 54 4
14 55 12
14 56 23
14 57 34
14 58 39
14 59 47
15 3 45
15 5 21
15 6 56
15 7 8
15 8 55
15 9 7
15 10 38
15 11 26
15 12 50
15 13 31
15 14 32
15 15 44
15 16 59
15 17 0
15 18 58
15 19 29
15 20 52
15 21 33
15 22 24
15 23 35
15 24 47
15 25 10
15 27 22
15 28 13
15 29 54
15 32 28
15 33 6
15 35 9
15 37 53
15 38 16
15 39 27
15 40 36
15 41 19
15 43 48
15 45 3
15 46 2
15 47 20
15 48 11
15 49 17
15 50 30
15 52 34
15 53 23
15 55 49
15 56 40
15 57 12
15 59 39
16 0 13
16 4 57
16 6 9
16 8 59
16 10 21
16 12 26
16 13 41
16 14 52
16 15 11
16 16 37
16 17 45
16 18 46
16 19 49
16 20 14
16 22 35
16 24 23
16 25 8
16 26 50
16 28 20
16 29 58
16 30 54
16 31 19
16 32 3
16 34 51
16 35 18
16 37 1
16 38 30
16 39 31
16 40 56
16 41 17
16 42 53
16 43 40
16 44 22
16 45 27
16 46 0
16 47 7
16 49 10
16 50 32
16 51 42
16 52 47
16 53 34
16 54 25
16 55 55
16 56 4
16 57 2
16 59 12
17 0 16
17 1 24
17 2 42
17 3 26
17 5 3
17 7 21
17 8 20
17 9 55
17 12 47
17 13 43
17 14 56
17 15 38
17 16 27
17 17 49
17 18 18
17 19 1
17 20 8
17 21 5
17 22 29
17 23 14
17 24 19
17 25 9
17 26 10
17 27 44
17 28 4
17 29 34
17 31 31
17 32 23
17 33 58
17 35 17
17 37 48
17 39 39
17 40 30
17 41 6
17 42 59
17 44 37
17 46 11
17 48 0
17 49 7
17 50 22
17 51 52
17 52 12
17 53 40
17 54 45
17 55 15
17 56 51
17 57 33
17 58 35
17 59 54
18 0 36
18 1 12
18 2 21
18 3 32
18 4 1
18 5 30
18 7 13
18 8 57
18 9 10
18 10 55
18 11 18
18 12 17
18 13 23
18 15 2
18 16 43
18 17 24
18 18 19
18 19 7
18 20 6
18 21 20
18 22 26
18 24 9
18 26 0
18 27 54
18 28 51
18 29 42
18 30 22
18 32 59
18 35 4
18 36 35
18 38 11
18 39 58
18 40 8
18 41 15
18 42 47
18 43 53
18 44 39
18 45 34
18 46 28
18 47 5
18 48 45
18 49 41
18 50 46
18 51 3
18 52 14
18 53 31
18 54 16
18 55 27
18 57 56
18 58 50
19 0 33
19 1 5
19 2 16
19 4 37
19 5 39
19 6 13
19 7 44
19 8 29
19 11 46
19 12 36
19 13 6
19 14 54
19 15 50
19 16 45
19 17 47
19 18 27
19 19 18
19 20 59
19 21 21
19 22 22
19 23 55
19 26 53
19 27 20
19 28 57
19 29 19
19 30 9
19 31 41
19 34 28
19 35 11
19 36 3
19 37 12
19 39 38
19 43 14
19 44 0
19 45 10
19 46 43
19 47 42
19 48 24
19 49 35
19 51 7
19 52 30
19 53 15
19 54 49
19 55 40
19 56 56
19 57 32
19 58 58
20 0 7
20 1 54
20 2 34
20 3 40
20 4 52
20 5 26
20 6 22
20 7 39
20 10 45
20 12 24
20 13 28
20 14 3
20 15 57
20 18 31
20 19 55
20 21 11
20 22 27
20 23 0
20 24 37
20 25 42
20 26 6
20 27 33
20 28 49
20 29 2
20 30 12
20 31 29
20 32 43
20 34 58
20 35 48
20 36 41
20 37 23
20 38 36
20 39 50
20 43 1
20 45 51
20 46 20
20 47 17
20 48 15
20 49 21
20 50 19
20 51 53
20 53 32
20 54 13
20 55 14
20 56 44
20 57 30
20 58 56
20 59 59
21 0 0
21 3 39
21 4 8
21 5 18
21 6 34
21 7 57
21 8 3
21 9 46
21 11 5
21 12 19
21 13 56
21 15 7
21 16 30
21 18 45
21 19 40
21 20 9
21 21 53
21 22 49
21 24 52
21 25 24
21 26 31
21 27 21
21 28 36
21 29 4
21 30 23
21 31 10
21 32 13
21 33 28
21 34 33
21 35 20
21 36 22
21 38 29
21 40 15
21 41 26
21 42 41
21 43 32
21 44 17
21 45 25
21 46 47
21 47 35
21 48 50
21 50 6
21 51 58
21 52 43
21 53 2
21 54 55
21 55 48
21 56 16
21 57 59
21 58 51
22 0 24
22 2 9
22 3 51
22 4 56
22 5 55
22 6 59
22 7 15
22 8 39
22 9 33
22 10 57
22 11 36
22 12 30
22 13 17
22 14 46
22 15 8
22 16 11
22 17 19
22 18 40
22 19 16
22 20 20
22 21 28
22 22 4
22 26 48
22 28 14
22 29 22
22 30 43
22 32 58
22 33 52
22 34 5
22 35 10
22 36 53
22 38 37
22 39 41
22 41 25
22 43 49
22 44 54
22 45 1
22 46 18
22 47 45
22 48 6
22 49 0
22 50 35
22 51 34
22 52 23
22 53 38
22 55 32
22 56 2
22 58 21
22 59 44
23 0 57
23 1 30
23 2 0
23 3 41
23 5 44
23 6 54
23 7 7
23 8 38
23 9 53
23 12 51
23 13 59
23 14 19
23 15 36
23 17 35
23 18 17
23 20 5
23 22 55
23 23 50
23 24 4
23 25 58
23 26 26
23 27 27
23 28 9
23 30 25
23 32 45
23 33 34
23 34 31
23 35 43
23 37 49
23 38 21
23 39 3
23 40 6
23 42 22
23 43 33
23 44 8
23 46 40
23 48 32
23 49 47
23 50 16
23 51 20
23 52 11
23 53 52
23 54 39
23 55 24
23 56 1
23 58 15
23 59 37
24 1 8
24 2 54
24 3 19
24 4 53
24 6 47
24 7 59
24 8 13
24 9 49
24 10 20
24 11 35
24 12 44
24 13 58
24 14 25
24 15 24
24 17 42
24 19 15
24 20 51
24 21 22
24 22 11
24 24 7
24 25 16
24 26 52
24 28 0
24 29 43
24 30 30
24 31 12
24 32 6
24 33 10
24 34 40
24 35 14
24 36 1
24 37 4
24 38 45
24 39 55
24 40 57
24 41 34
24 42 37
24 43 5
24 44 46
24 48 21
24 49 48
24 51 33
24 52 27
24 53 29
24 54 28
24 55 23
24 56 26
24 57 41
24 58 3
25 2 57
25 3 12
25 4 11
25 5 16
25 6 6
25 7 3
25 8 26
25 9 52
25 10 39
25 12 46
25 14 58
25 15 5
25 18 42
25 21 24
25 22 54
25 24 49
25 25 23
25 26 47
25 27 2
25 28 17
25 29 41
25 30 18
25 31 25
25 32 8
25 33 56
25 36 48
25 37 19
25 38 34
25 39 51
25 41 9
25 42 10
25 43 38
25 44 28
25 45 22
25 46 32
25 47 37
25 51 30
25 52 15
25 54 0
25 55 44
25 56 43
25 57 50
25 58 4
25 59 21
26 0 8
26 1 47
26 2 7
26 3 46
26 4 34
26 5 27
26 6 49
26 7 0
26 8 36
26 9 11
26 10 40
26 11 25
26 12 29
26 13 53
26 15 3
26 16 41
26 17 26
26 18 1
26 22 57
26 24 2
26 26 19
26 28 28
26 30 48
26 31 55
26 32 56
26 33 51
26 34 20
26 36 37
26 37 43
26 41 31
26 43 22
26 44 23
26 46 42
26 48 5
26 49 39
26 50 14
26 51 12
26 52 44
26 53 50
26 54 38
26 55 58
26 56 24
26 57 21
26 58 17
26 59 6
27 1 58
27 2 55
27 3 53
27 4 16
27 5 34
27 6 2
27 8 17
27 9 32
27 10 3
27 12 59
27 13 46
27 14 49
27 15 10
27 16 23
27 17 25
27 18 47
27 19 33
27 20 29
27 21 50
27 22 6
27 24 20
27 25 21
27 27 13
27 28 19
27 29 12
27 30 38
27 31 27
27 32 52
27 33 22
27 34 37
27 35 56
27 37 30
27 39 0
27 40 44
27 41 24
27 42 40
27 43 15
27 44 18
27 45 26
27 46 45
27 47 54
27 48 51
27 49 43
27 50 42
27 52 36
27 56 48
27 57 39
27 59 8
28 0 17
28 1 3
28 2 27
28 3 59
28 4 50
28 5 11
28 6 18
28 7 56
28 9 22
28 10 49
28 11 28
28 12 57
28 13 19
28 14 2
28 15 47
28 16 7
28 17 8
28 18 23
28 19 38
28 21 1
28 22 14
28 23 34
28 24 24
28 25 4
28 26 51
28 27 29
28 29 31
28 30 58
28 31 36
28 32 25
28 34 55
28 35 40
28 38 10
28 40 39
28 41 32
28 42 16
28 43 44
28 45 6
28 46 33
28 47 46
28 49 42
28 50 12
28 51 0
28 52 13
28 53 45
28 55 9
28 56 41
28 58 30
28 59 5
29 1 27
29 2 19
29 3 34
29 4 5
29 5 50
29 6 25
29 7 42
29 9 17
29 10 24
29 11 0
29 12 14
29 13 12
29 14 29
29 15 32
29 16 9
29 17 10
29 18 33
29 19 57
29 20 7
29 22 2
29 23 4
29 24 15
29 25 56
29 26 22
29 28 48
29 29 8
29 30 31
29 31 13
29 33 35
29 34 21
29 35 38
29 36 11
29 37 28
29 38 3
29 39 40
29 40 51
29 42 45
29 43 58
29 44 59
29 46 39
29 47 52
29 48 46
29 49 16
29 50 36
29 51 6
29 52 20
29 53 44
29 54 53
29 55 37
29 58 49
29 59 26
30 0 56
30 1 57
30 2 2
30 3 29
30 4 43
30 5 35
30 6 46
30 7 10
30 8 19
30 10 27
30 11 7
30 12 0
30 13 30
30 14 11
30 16 8
30 18 5
30 19 28
30 20 31
30 21 38
30 23 3
30 24 45
30 25 48
30 26 34
30 29 24
30 30 47
30 31 54
30 32 1
30 33 59
30 34 26
30 35 42
30 38 32
30 39 9
30 40 14
30 41 40
30 42 55
30 43 12
30 44 6
30 45 53
30 46 21
30 47 23
30 48 18
30 49 37
30 50 58
30 51 4
30 52 41
30 53 49
30 54 52
30 55 17
30 56 22
30 57 25
30 58 20
30 59 36
31 0 22
31 1 39
31 3 10
31 4 12
31 5 9
31 6 1
31 7 5
31 8 37
31 9 21
31 10 30
31 11 43
31 12 56
31 13 7
31 16 2
31 17 14
31 18 51
31 19 8
31 20 44
31 21 40
31 22 3
31 23 20
31 24 0
31 25 53
31 26 58
31 27 26
31 28 54
31 29 35
31 31 16
31 32 34
31 35 15
31 36 36
31 38 42
31 41 29
31 42 19
31 43 13
31 45 49
31 47 55
31 48 47
31 49 32
31 50 45
31 51 31
31 53 4
31 54 46
31 55 52
31 56 50
31 57 38
31 58 18
31 59 11
32 0 29
32 3 8
32 5 51
32 6 11
32 8 5
32 11 45
32 12 35
32 13 54
32 15 55
32 19 46
32 22 16
32 23 33
32 24 53
32 25 32
32 28 15
32 29 21
32 30 19
32 31 24
32 32 36
32 33 31
32 34 9
32 35 27
32 36 4
32 38 39
32 39 18
32 41 58
32 42 20
32 43 23
32 44 42
32 45 48
32 46 38
32 47 49
32 48 3
32 49 34
32 50 50
32 51 47
32 52 2
32 54 43
32 55 30
32 56 0
32 57 14
32 58 40
32 59 10
33 0 38
33 1 15
33 2 29
33 3 5
33 6 51
33 7 37
33 8 28
33 9 43
33 10 47
33 11 50
33 12 6
33 13 21
33 14 13
33 17 41
33 18 14
33 19 30
33 20 56
33 21 0
33 22 53
33 23 11
33 24 16
33 28 12
33 29 10
33 30 34
33 31 3
33 32 17
33 33 24
33 35 1
33 36 44
33 37 27
33 39 26
33 40 49
33 41 8
33 42 33
33 43 54
33 44 32
33 45 36
33 46 4
33 49 23
33 50 25
33 51 39
33 52 22
33 53 20
33 54 40
33 55 2
33 56 42
33 57 45
33 58 59
33 59 18
34 1 11
34 2 38
34 3 4
34 4 35
34 5 29
34 6 55
34 7 18
34 8 50
34 9 40
34 10 37
34 11 27
34 12 48
34 13 52
34 15 45
34 16 0
34 17 54
34 19 21
34 22 31
34 23 56
34 24 22
34 25 1
34 26 5
34 27 12
34 28 58
34 31 32
34 32 39
34 33 16
34 35 8
34 36 33
34 40 59
34 41 51
34 42 30
34 43 6
34 44 24
34 45 43
34 46 57
34 47 13
34 48 28
34 50 7
34 52 25
34 54 19
34 55 34
34 56 20
34 59 46
35 0 34
35 1 59
35 3 20
35 4 54
35 6 23
35 7 29
35 9 44
35 10 33
35 11 30
35 12 41
35 14 21
35 16 51
35 18 2
35 21 45
35 22 38
35 23 17
35 24 31
35 25 47
35 26 35
35 27 19
35 28 55
35 29 57
35 30 0
35 31 53
35 32 37
35 34 46
35 35 49
35 36 18
35 37 16
35 38 6
35 39 4
35 41 28
35 42 27
35 44 14
35 45 50
35 46 26
35 47 40
35 48 42
35 49 12
35 52 32
35 53 7
35 54 36
35 55 25
35 56 13
35 57 3
35 59 24
36 1 37
36 2 30
36 3 7
36 4 22
36 5 13
36 6 28
36 7 11
36 8 18
36 9 42
36 10 44
36 11 16
36 16 55
36 17 52
36 18 53
36 20 1
36 22 48
36 23 12
36 24 40
36 25 39
36 27 36
36 28 50
36 30 26
36 31 49
36 33 19
36 34 29
36 35 23
36 36 43
36 38 54
36 39 57
36 41 4
36 44 10
36 45 32
36 46 34
36 47 51
36 48 58
36 51 41
36 52 35
36 53 8
36 55 21
36 57 24
36 58 46
36 59 15
37 0 59
37 1 2
37 2 46
37 4 41
37 5 8
37 6 33
37 8 49
37 11 38
37 12 27
37 13 34
37 15 17
37 17 30
37 19 43
37 20 28
37 21 19
37 23 24
37 25 13
37 26 45
37 27 53
37 29 55
37 30 15
37 31 57
37 32 40
37 33 5
37 34 0
37 35 51
37 36 7
37 37 47
37 38 12
37 39 36
37 40 37
37 41 11
37 42 23
37 44 3
37 47 26
37 48 14
37 49 29
37 50 4
37 51 16
37 52 58
37 53 39
37 54 22
37 56 6
37 57 1
37 58 25
38 0 52
38 1 53
38 2 50
38 3 18
38 4 14
38 5 7
38 6 27
38 7 28
38 11 19
38 12 8
38 13 13
38 14 36
38 15 22
38 16 58
38 17 44
38 18 32
38 19 24
38 20 34
38 22 30
38 23 26
38 25 51
38 27 6
38 29 20
38 31 15
38 32 49
38 33 12
38 34 2
38 35 39
38 36 45
38 37 41
38 38 9
38 39 11
38 40 38
38 41 59
38 42 35
38 44 56
38 45 0
38 47 4
38 48 10
38 49 31
38 50 17
38 51 55
38 52 42
38 55 1
38 57 40
38 58 47
39 0 32
39 1 17
39 4 51
39 5 12
39 6 24
39 7 2
39 9 34
39 10 18
39 11 33
39 12 40
39 13 3
39 15 15
39 17 13
39 20 11
39 21 10
39 22 52
39 23 41
39 26 39
39 28 27
39 29 37
39 30 36
39 31 48
39 32 16
39 33 49
39 34 6
39 35 31
39 36 29
39 37 35
39 38 5
39 39 47
39 40 7
39 41 45
39 42 54
39 43 30
39 44 53
39 45 19
39 46 55
39 48 43
39 49 58
39 50 1
39 51 26
39 52 21
39 53 57
39 54 8
39 55 46
39 56 38
39 57 28
39 58 23
39 59 0
40 0 27
40 1 9
40 3 42
40 4 4
40 6 40
40 7 53
40 9 18
40 10 10
40 11 56
40 12 34
40 13 37
40 14 0
40 16 28
40 19 20
40 20 47
40 21 23
40 22 7
40 23 38
40 24 14
40 29 39
40 30 45
40 32 15
40 33 33
40 34 24
40 35 25
40 36 8
40 38 46
40 39 48
40 41 21
40 42 50
40 43 59
40 44 49
40 45 12
40 46 13
40 47 2
40 48 54
40 49 57
40 50 41
40 51 36
40 52 5
40 53 51
40 54 29
40 56 31
40 57 43
40 58 1
40 59 35
41 0 51
41 1 16
41 2 58
41 3 31
41 8 44
41 10 5
41 11 4
41 12 55
41 13 35
41 14 38
41 15 12
41 16 21
41 17 34
41 18 7
41 19 32
41 20 54
41 21 3
41 23 59
41 24 41
41 25 36
41 26 23
41 27 30
41 28 8
41 29 6
41 30 40
41 31 18
41 32 11
41 33 0
41 34 39
41 36 14
41 37 17
41 38 22
41 39 43
41 40 50
41 41 46
41 42 25
41 43 29
41 44 45
41 45 9
41 46 37
41 47 28
41 48 27
41 49 52
41 50 2
41 51 57
41 52 53
41 53 47
41 55 13
41 56 15
41 57 19
41 58 42
41 59 33
42 0 53
42 1 10
42 2 26
42 3 14
42 4 33
42 5 59
42 6 12
42 7 45
42 8 2
42 9 31
42 10 19
42 11 6
42 12 58
42 13 49
42 14 47
42 15 23
42 16 24
42 19 56
42 20 39
42 22 40
42 23 37
42 25 41
42 26 28
42 27 16
42 28 46
42 30 44
42 31 4
42 32 9
42 34 25
42 35 54
42 36 55
42 37 20
42 38 1
42 39 13
42 40 22
42 41 35
42 42 8
42 43 11
42 44 50
42 45 18
42 48 34
42 49 30
42 52 51
42 53 21
42 54 15
42 55 57
42 56 3
42 57 7
42 58 52
42 59 48
43 0 12
43 1 42
43 2 40
43 4 17
43 5 19
43 6 58
43 7 22
43 8 27
43 9 25
43 10 2
43 12 53
43 14 5
43 15 4
43 17 6
43 18 16
43 20 21
43 22 32
43 23 54
43 25 50
43 26 56
43 27 24
43 28 10
43 29 38
43 31 52
43 32 18
43 33 23
43 35 37
43 36 26
43 37 46
43 39 45
43 40 0
43 41 13
43 43 20
43 44 7
43 45 55
43 46 36
43 47 34
43 49 59
43 50 48
43 51 49
43 52 39
43 53 43
43 55 33
43 57 11
43 58 8
43 59 41
44 0 58
44 4 36
44 5 56
44 9 39
44 11 32
44 13 40
44 15 29
44 16 6
44 17 15
44 18 26
44 19 25
44 21 35
44 23 1
44 24 13
44 25 18
44 26 9
44 27 49
44 28 16
44 29 33
44 30 52
44 31 37
44 32 5
44 33 17
44 34 14
44 36 23
44 38 7
44 39 2
44 41 47
44 42 4
44 43 46
44 44 43
44 45 24
44 46 50
44 47 31
44 48 53
44 49 11
44 50 0
44 51 21
44 52 8
44 54 48
44 55 28
44 57 20
44 58 44
44 59 38
45 0 25
45 1 6
45 2 5
45 4 24
45 5 37
45 6 32
45 7 48
45 9 27
45 10 29
45 11 42
45 12 16
45 13 39
45 14 14
45 15 59
45 16 56
45 17 4
45 18 55
45 19 9
45 20 45
45 21 8
45 22 28
45 24 12
45 25 40
45 26 15
45 27 11
45 28 3
45 29 47
45 30 20
45 31 34
45 32 38
45 33 36
45 34 54
45 35 2
45 36 21
45 37 26
45 38 13
45 40 18
45 41 49
45 43 50
45 44 57
45 45 33
45 46 22
45 47 44
45 48 52
45 49 1
45 50 31
45 52 0
45 53 17
45 54 35
45 56 19
45 57 58
46 0 20
46 1 34
46 2 8
46 3 22
46 4 48
46 5 32
46 6 14
46 7 55
46 8 7
46 9 19
46 10 0
46 11 13
46 12 2
46 14 51
46 15 1
46 16 10
46 17 43
46 18 36
46 20 58
46 21 15
46 22 47
46 24 25
46 25 54
46 26 41
46 27 57
46 29 3
46 30 4
46 31 59
46 32 53
46 33 30
46 34 11
46 35 21
46 36 17
46 38 40
46 39 28
46 40 31
46 41 56
46 42 24
46 43 39
46 44 29
46 45 45
46 46 49
46 47 33
46 49 38
46 50 44
46 52 52
46 53 26
46 54 50
46 56 5
46 57 35
46 58 12
47 0 31
47 1 28
47 2 48
47 3 47
47 4 0
47 5 17
47 7 52
47 8 35
47 10 8
47 12 7
47 14 34
47 16 16
47 17 40
47 18 41
47 20 25
47 21 51
47 23 49
47 25 5
47 26 59
47 28 22
47 29 36
47 30 33
47 31 39
47 32 24
47 33 3
47 34 38
47 35 19
47 36 12
47 37 21
47 38 23
47 40 46
47 41 42
47 42 32
47 43 2
47 44 15
47 45 30
47 47 18
47 49 13
47 50 56
47 51 54
47 52 9
47 53 27
47 54 57
47 56 11
47 58 10
47 59 58
48 0 50
48 1 35
48 2 23
48 3 17
48 5 15
48 6 57
48 8 34
48 9 51
48 10 41
48 11 55
48 12 39
48 13 45
48 14 40
48 15 33
48 16 44
48 17 31
48 18 20
48 19 52
48 20 48
48 21 56
48 22 37
48 23 5
48 24 38
48 25 49
48 26 25
48 28 6
48 30 21
48 31 11
48 32 26
48 33 18
48 34 43
48 35 59
48 37 13
48 39 29
48 40 58
48 41 30
48 42 9
48 43 28
48 46 53
48 47 12
48 48 4
48 49 22
48 51 2
48 52 10
48 53 36
48 54 47
48 56 54
48 58 19
48 59 3
49 0 15
49 2 11
49 3 54
49 4 19
49 5 41
49 6 10
49 8 43
49 9 24
49 10 4
49 11 23
49 12 49
49 15 31
49 16 52
49 17 20
49 18 22
49 19 12
49 20 40
49 22 21
49 25 46
49 26 55
49 27 58
49 28 59
49 29 0
49 30 37
49 31 17
49 32 35
49 33 29
49 34 53
49 35 28
49 36 42
49 37 18
49 38 38
49 39 44
49 40 48
49 41 39
49 42 51
49 43 47
49 44 2
49 48 26
49 50 33
49 51 8
49 52 57
49 54 32
49 56 9
49 57 6
49 58 7
49 59 13
50 1 49
50 2 1
50 4 29
50 5 24
50 6 36
50 7 32
50 8 6
50 9 5
50 11 21
50 14 27
50 15 0
50 16 19
50 17 53
50 18 57
50 19 2
50 20 46
50 21 34
50 22 33
50 23 44
50 24 28
50 25 17
50 26 8
50 28 7
50 29 13
50 30 55
50 31 30
50 32 4
50 33 26
50 34 10
50 35 41
50 36 47
50 37 58
50 38 31
50 40 11
50 41 23
50 42 48
50 43 25
50 44 12
50 45 15
50 46 16
50 47 39
50 48 40
50 49 56
50 51 59
50 52 54
50 53 3
50 55 50
50 56 14
50 58 22
50 59 45
51 0 35
51 1 29
51 2 14
51 4 21
51 6 53
51 7 46
51 8 1
51 11 40
51 13 4
51 14 48
51 15 18
51 16 36
51 17 9
51 19 37
51 20 17
51 21 55
51 23 16
51 24 32
51 25 30
51 26 12
51 27 47
51 28 25
51 29 56
51 30 57
51 31 0
51 32 2
51 34 8
51 35 50
51 36 5
51 37 52
51 38 26
51 39 49
51 40 28
51 41 7
51 42 31
51 43 19
51 46 10
51 47 38
51 48 39
51 49 20
51 51 44
51 53 42
51 54 6
51 55 41
51 56 33
51 57 51
51 58 34
51 59 43
52 0 41
52 1 56
52 2 37
52 4 47
52 5 0
52 7 40
52 8 12
52 9 6
52 10 22
52 12 20
52 13 51
52 14 16
52 17 2
52 18 29
52 19 53
52 20 36
52 21 32
52 22 18
52 23 25
52 25 57
52 26 44
52 27 15
52 28 24
52 30 7
52 31 45
52 32 33
52 33 46
52 34 52
52 35 5
52 36 34
52 37 50
52 39 19
52 40 10
52 41 54
52 42 11
52 43 26
52 46 35
52 47 58
52 48 23
52 49 3
52 50 49
52 51 28
52 52 38
52 53 59
52 54 21
52 55 43
52 56 30
52 58 13
52 59 4
53 0 37
53 2 35
53 3 33
53 4 30
53 5 40
53 6 21
53 7 36
53 8 11
53 9 26
53 10 48
53 11 2
53 12 42
53 14 10
53 16 34
53 17 1
53 18 49
53 19 3
53 21 16
53 22 9
53 24 39
53 25 12
53 26 54
53 27 8
53 28 23
53 30 41
53 31 22
53 32 47
53 33 25
53 34 59
53 35 0
53 36 13
53 37 15
53 38 53
53 40 24
53 41 52
53 42 6
53 43 7
53 44 55
53 45 57
53 46 5
53 47 14
53 48 44
53 49 51
53 50 20
53 51 56
53 52 31
53 53 58
53 54 18
53 55 38
53 56 46
53 57 4
53 58 43
53 59 17
54 0 30
54 1 14
54 2 59
54 4 23
54 5 25
54 6 38
54 7 12
54 8 40
54 9 29
54 10 13
54 11 24
54 12 10
54 14 7
54 15 19
54 17 21
54 21 41
54 22 45
54 24 51
54 25 27
54 27 37
54 28 39
54 30 50
54 31 43
54 32 22
54 35 3
54 38 18
54 39 42
54 40 54
54 41 5
54 43 31
54 44 26
54 45 16
54 46 6
54 47 15
54 48 57
54 49 9
54 50 11
54 51 32
54 52 1
54 53 33
54 54 58
54 55 47
54 57 17
54 58 48
55 0 47
55 1 22
55 2 51
55 3 49
55 4 44
55 6 15
55 7 38
55 8 10
55 9 56
55 11 1
55 13 2
55 14 23
55 15 27
55 17 37
55 18 6
55 19 17
55 20 35
55 21 54
55 22 36
55 24 29
55 25 19
55 26 14
55 27 3
55 28 34
55 29 25
55 30 59
55 31 8
55 32 0
55 33 53
55 34 50
55 35 58
55 36 32
55 37 9
55 38 43
55 40 5
55 41 48
55 42 42
55 43 57
55 44 20
55 45 21
55 46 41
55 47 24
55 48 31
55 49 55
55 50 28
55 51 46
55 52 16
55 53 13
55 56 45
55 57 52
55 58 33
55 59 7
56 0 26
56 1 13
56 3 35
56 4 40
56 6 29
56 7 17
56 8 30
56 10 15
56 11 22
56 12 45
56 13 32
56 14 50
56 15 42
56 16 12
56 18 39
56 19 0
56 21 6
56 22 46
56 23 18
56 24 48
56 25 2
56 26 21
56 27 52
56 28 37
56 30 49
56 32 20
56 33 43
56 34 34
56 36 59
56 37 11
56 38 44
56 40 4
56 41 57
56 42 38
56 44 36
56 45 58
56 46 19
56 49 53
56 50 5
56 51 14
56 52 28
56 53 9
56 54 56
56 55 10
56 56 8
56 57 27
56 58 54
56 59 23
57 0 39
57 5 5
57 6 35
57 7 24
57 9 37
57 10 32
57 11 3
57 12 9
57 14 43
57 15 54
57 17 57
57 18 13
57 19 11
57 21 18
57 22 12
57 26 16
57 27 4
57 28 47
57 29 1
57 30 14
57 31 40
57 32 48
57 33 50
57 34 41
57 36 51
57 37 25
57 38 59
57 39 10
57 40 55
57 41 0
57 42 21
57 43 27
57 44 34
57 45 29
57 46 7
57 47 30
57 48 20
57 49 2
57 51 45
57 52 26
57 53 6
57 55 8
57 56 36
58 0 19
58 1 21
58 2 31
58 3 15
58 5 2
58 6 43
58 8 42
58 9 3
58 10 34
58 12 1
58 13 48
58 15 46
58 16 50
58 17 56
58 18 12
58 19 51
58 20 30
58 21 49
58 22 58
58 24 5
58 25 11
58 26 18
58 27 39
58 29 44
58 30 6
58 31 14
58 32 54
58 33 8
58 34 45
58 35 16
58 36 52
58 37 57
58 38 28
58 39 22
58 40 32
58 41 55
58 42 13
58 43 0
58 44 9
58 45 4
58 46 29
58 47 10
58 49 40
58 51 35
58 52 24
58 53 25
58 54 33
58 55 36
58 56 37
58 58 38
59 0 4
59 2 45
59 3 16
59 4 2
59 5 48
59 6 52
59 7 49
59 8 14
59 10 1
59 11 9
59 12 3
59 13 57
59 15 25
59 16 54
59 17 5
59 18 43
59 19 41
59 20 33
59 21 17
59 22 8
59 23 27
59 24 10
59 25 38
59 26 24
59 27 35
59 28 21
59 29 28
59 30 46
59 31 47
59 32 50
59 33 15
59 35 6
59 36 39
59 37 55
59 38 0
59 41 36
59 43 56
59 44 13
59 45 11
59 46 31
59 47 59
59 48 19
59 49 18
59 50 51
59 51 23
59 52 37
59 53 12
59 55 20
59 56 32
59 57 29
59 58 53
59 59 22
