60
0 0 5
0 2 12
0 7 39
0 8 26
0 9 15
0 10 29
0 11 7
0 12 42
0 14 58
0 15 49
0 17 56
0 19 43
0 21 46
0 22 6
0 25 10
0 26 19
0 27 50
0 29 36
0 33 1
0 36 2
0 38 22
0 40 37
0 41 0
0 44 57
0 45 28
0 46 51
0 48 32
0 49 47
0 50 55
0 51 48
0 54 23
1 1 42
1 2 44
1 5 39
1 8 54
1 10 11
1 12 6
1 13 21
1 14 15
1 15 35
1 18 1
1 22 22
1 26 52
1 29 56
1 37 30
1 45 26
1 46 0
1 48 38
1 49 50
1 52 20
1 54 9
1 56 33
1 58 13
1 59 8
2 0 14
2 5 27
2 8 59
2 10 9
2 13 45
2 14 3
2 16 1
2 17 6
2 24 24
2 25 33
2 28 53
2 32 25
2 34 0
2 38 56
2 41 16
2 43 41
2 50 10
2 51 38
2 53 13
2 55 44
3 4 3
3 7 14
3 8 21
3 9 17
3 16 45
3 19 27
3 22 57
3 24 20
3 26 34
3 28 38
3 30 13
3 31 25
3 32 12
3 34 48
3 36 24
3 37 37
3 42 26
3 43 30
3 47 41
3 48 35
3 50 23
3 51 28
3 55 29
4 3 23
4 4 19
4 8 20
4 11 27
4 13 51
4 15 57
4 16 6
4 17 49
4 22 31
4 24 7
4 29 34
4 30 39
4 31 54
4 32 2
4 35 38
4 36 50
4 37 25
4 39 47
4 43 12
4 46 29
4 51 1
4 52 8
4 53 28
5 0 1
5 2 52
5 3 7
5 4 40
5 8 15
5 14 45
5 15 12
5 17 31
5 19 56
5 21 24
5 22 51
5 24 3
5 27 23
5 29 33
5 33 21
5 34 49
5 35 54
5 36 14
5 37 11
5 45 27
5 46 38
5 48 30
5 49 17
5 52 13
5 56 16
5 57 46
5 59 36
6 7 31
6 9 24
6 12 2
6 20 0
6 24 34
6 25 30
6 26 38
6 28 3
6 34 57
6 35 32
6 39 39
6 40 40
6 41 29
6 52 37
6 54 28
6 55 54
6 58 35
7 0 8
7 2 14
7 3 1
7 4 49
7 5 10
7 6 17
7 7 48
7 10 40
7 13 44
7 16 11
7 17 55
7 18 4
7 19 2
7 20 46
7 25 23
7 27 47
7 29 57
7 30 27
7 35 36
7 36 20
7 39 9
7 43 32
7 44 12
7 46 35
7 49 43
7 55 59
7 57 28
7 59 30
8 1 55
8 2 6
8 3 30
8 4 39
8 6 40
8 7 5
8 8 17
8 9 35
8 10 8
8 11 9
8 14 12
8 15 47
8 24 10
8 26 32
8 28 27
8 29 31
8 30 0
8 31 37
8 32 22
8 37 29
8 39 15
8 42 20
8 44 46
8 45 56
8 46 44
8 47 7
8 57 38
9 6 33
9 11 11
9 19 17
9 21 14
9 22 41
9 25 47
9 30 53
9 31 15
9 41 31
9 44 21
9 46 24
9 47 43
9 48 20
9 50 3
9 53 51
10 5 57
10 6 52
10 7 42
10 8 48
10 10 43
10 14 20
10 15 25
10 19 13
10 20 9
10 23 0
10 31 35
10 32 24
10 34 29
10 35 11
10 36 44
10 38 6
10 39 50
10 41 45
10 44 37
10 47 5
10 48 28
10 49 30
10 54 4
10 56 58
10 58 51
11 3 52
11 7 43
11 8 10
11 11 44
11 13 2
11 14 17
11 17 7
11 18 11
11 19 28
11 20 12
11 25 31
11 27 29
11 32 57
11 36 42
11 38 53
11 41 55
11 42 34
11 45 16
11 49 24
11 50 20
11 54 50
11 57 49
11 59 5
12 2 58
12 4 55
12 5 49
12 12 36
12 15 9
12 16 40
12 17 15
12 18 34
12 21 16
12 23 32
12 27 4
12 28 1
12 33 14
12 38 23
12 39 56
12 42 47
12 48 24
12 51 33
12 55 50
12 56 25
13 1 49
13 4 36
13 8 28
13 10 56
13 11 34
13 12 25
13 16 22
13 17 41
13 19 55
13 22 54
13 25 16
13 29 38
13 31 3
13 33 19
13 36 43
13 41 48
13 45 8
13 48 2
13 56 59
14 2 41
14 3 54
14 7 16
14 8 9
14 9 4
14 10 38
14 11 26
14 14 2
14 15 43
14 18 46
14 20 30
14 28 21
14 32 35
14 33 39
14 37 53
14 43 0
14 44 33
14 47 25
14 49 49
14 52 36
14 55 14
15 0 33
15 1 51
15 2 45
15 5 31
15 6 25
15 15 11
15 17 5
15 19 30
15 21 56
15 23 42
15 40 47
15 41 39
15 42 37
15 43 57
15 45 23
15 47 13
15 51 40
15 52 6
15 53 1
15 54 10
15 56 38
15 58 18
16 3 34
16 4 13
16 5 0
16 6 53
16 9 23
16 10 12
16 11 16
16 12 41
16 13 56
16 14 47
16 15 4
16 17 35
16 18 42
16 30 54
16 31 28
16 32 18
16 35 7
16 39 36
16 40 44
16 42 22
16 43 58
16 46 19
16 52 17
16 56 6
16 57 8
16 58 43
17 0 51
17 1 22
17 3 35
17 8 2
17 9 36
17 12 38
17 16 8
17 17 26
17 22 28
17 25 57
17 27 6
17 30 10
17 34 9
17 37 58
17 41 33
17 43 34
17 45 4
17 46 17
17 47 15
17 48 42
17 49 41
17 51 50
17 52 30
17 55 45
17 56 44
17 58 48
18 0 32
18 2 27
18 3 4
18 7 21
18 8 1
18 9 19
18 10 53
18 11 0
18 13 47
18 14 13
18 18 15
18 20 31
18 24 8
18 25 51
18 30 16
18 31 45
18 34 28
18 37 46
18 41 20
18 42 54
18 46 10
18 50 41
18 51 35
18 52 24
18 54 36
18 55 9
18 58 6
18 59 2
19 1 56
19 3 16
19 7 3
19 11 17
19 14 55
19 18 13
19 21 15
19 22 43
19 23 51
19 24 19
19 31 44
19 34 11
19 36 10
19 37 9
19 39 29
19 40 22
19 42 40
19 46 4
19 47 39
19 48 53
19 49 32
19 51 54
19 52 7
19 56 50
19 58 49
19 59 37
20 0 38
20 4 0
20 8 49
20 9 22
20 12 39
20 13 9
20 14 56
20 15 36
20 16 52
20 18 48
20 22 11
20 24 12
20 27 35
20 32 59
20 37 32
20 38 25
20 43 31
20 44 6
20 51 47
20 53 23
20 57 26
20 59 28
21 1 1
21 2 55
21 3 27
21 4 4
21 5 43
21 8 35
21 16 54
21 19 31
21 22 29
21 25 49
21 26 16
21 27 44
21 28 34
21 29 42
21 37 59
21 39 6
21 40 17
21 41 40
21 42 50
21 45 47
21 47 58
21 48 21
21 50 8
21 51 0
21 52 18
21 53 25
21 55 48
22 0 0
22 2 40
22 4 26
22 11 53
22 13 34
22 17 51
22 23 21
22 24 50
22 26 57
22 27 3
22 30 29
22 34 7
22 35 2
22 38 45
22 40 39
22 45 35
22 51 12
22 56 17
23 2 3
23 7 29
23 11 49
23 12 51
23 14 37
23 15 45
23 16 14
23 21 47
23 25 54
23 26 36
23 30 18
23 33 23
23 38 48
23 40 15
23 41 6
23 43 43
23 44 42
23 48 9
23 49 56
23 51 17
23 52 41
23 55 55
23 56 40
24 2 59
24 3 26
24 4 27
24 7 12
24 8 56
24 9 8
24 11 37
24 14 34
24 16 53
24 17 17
24 19 9
24 22 50
24 24 6
24 25 14
24 28 41
24 29 52
24 30 24
24 32 10
24 36 11
24 39 28
24 41 21
24 44 7
24 45 22
24 47 0
24 49 15
24 52 57
24 53 35
24 56 1
24 58 40
24 59 49
25 2 28
25 4 5
25 11 50
25 12 56
25 15 24
25 16 20
25 17 59
25 19 12
25 23 55
25 28 51
25 35 35
25 36 7
25 37 49
25 40 53
25 41 13
25 45 44
25 47 11
25 49 19
25 57 57
25 59 34
26 4 50
26 5 36
26 11 12
26 12 18
26 15 55
26 21 54
26 22 32
26 24 2
26 29 40
26 31 26
26 33 52
26 38 34
26 40 42
26 45 14
26 48 16
26 50 28
26 51 4
26 52 39
26 58 46
27 2 16
27 8 57
27 10 39
27 12 5
27 13 29
27 17 25
27 19 44
27 21 31
27 23 46
27 24 38
27 29 4
27 34 50
27 40 9
27 41 24
27 44 26
27 49 3
27 51 6
27 53 41
27 54 14
27 55 32
27 56 8
27 59 55
28 0 4
28 4 54
28 7 49
28 9 1
28 10 10
28 13 58
28 14 11
28 18 6
28 19 32
28 20 29
28 26 40
28 30 8
28 32 47
28 33 26
28 38 35
28 39 45
28 44 19
28 46 28
28 51 23
28 54 0
28 58 27
29 1 35
29 2 54
29 3 55
29 7 19
29 8 47
29 9 26
29 16 12
29 17 50
29 18 28
29 19 6
29 21 34
29 23 4
29 26 25
29 27 36
29 29 58
29 33 33
29 35 57
29 38 2
29 40 30
29 49 1
29 50 39
29 53 9
29 54 38
29 57 56
29 59 16
30 1 44
30 3 28
30 7 33
30 8 14
30 10 55
30 12 27
30 15 31
30 17 40
30 22 21
30 26 24
30 27 37
30 30 9
30 31 4
30 32 32
30 40 43
30 41 11
30 44 18
30 45 34
30 46 16
30 47 29
30 48 17
30 49 10
30 51 51
30 57 45
30 58 23
30 59 56
31 0 47
31 7 13
31 9 28
31 11 42
31 15 41
31 19 50
31 20 54
31 25 58
31 26 6
31 27 53
31 31 20
31 32 44
31 33 35
31 34 1
31 35 51
31 36 46
31 37 22
31 38 31
31 43 40
31 45 2
31 47 4
31 49 39
31 52 21
31 53 5
31 58 14
31 59 25
32 1 28
32 3 36
32 4 51
32 5 44
32 16 10
32 18 35
32 25 2
32 26 8
32 27 25
32 28 24
32 30 59
32 31 50
32 33 58
32 34 4
32 37 17
32 38 0
32 43 38
32 46 52
32 48 14
32 50 34
32 51 56
32 55 57
32 56 54
32 57 33
33 0 39
33 1 34
33 2 9
33 7 52
33 11 41
33 13 16
33 15 58
33 24 56
33 29 50
33 31 23
33 32 0
33 33 28
33 34 35
33 35 40
33 38 10
33 43 22
33 46 5
33 50 33
33 51 3
33 56 36
33 57 24
34 3 9
34 4 20
34 7 17
34 8 11
34 11 45
34 12 0
34 13 5
34 14 23
34 18 41
34 19 10
34 20 4
34 21 50
34 24 21
34 25 24
34 28 14
34 32 40
34 34 43
34 35 22
34 37 27
34 39 44
34 41 52
34 43 18
34 52 2
34 54 3
34 55 37
34 57 51
34 58 28
34 59 59
35 6 49
35 7 54
35 9 9
35 15 32
35 17 46
35 19 58
35 22 42
35 23 28
35 24 11
35 25 19
35 28 20
35 31 10
35 35 37
35 36 30
35 37 14
35 50 4
35 53 26
35 57 40
35 59 13
36 4 16
36 9 55
36 10 25
36 11 4
36 12 24
36 13 19
36 16 33
36 17 44
36 18 39
36 19 47
36 20 1
36 23 53
36 24 43
36 26 11
36 28 9
36 31 58
36 33 2
36 38 15
36 43 59
36 46 49
36 47 40
36 49 23
36 51 41
36 52 35
36 53 22
36 54 27
36 58 8
36 59 48
37 4 22
37 9 16
37 12 17
37 13 46
37 16 56
37 20 20
37 22 39
37 23 25
37 24 49
37 27 11
37 29 5
37 31 18
37 34 44
37 45 6
37 47 38
37 52 15
37 53 31
37 58 30
37 59 1
38 0 30
38 1 10
38 3 29
38 5 48
38 9 50
38 11 18
38 12 57
38 14 40
38 15 54
38 20 2
38 22 1
38 23 12
38 26 7
38 27 15
38 28 33
38 29 28
38 30 47
38 31 38
38 33 55
38 39 23
38 40 21
38 41 41
38 43 52
38 45 37
38 46 14
38 47 53
38 50 27
38 52 59
38 53 46
38 55 3
38 58 31
39 9 52
39 15 17
39 16 32
39 18 55
39 23 23
39 26 4
39 27 43
39 34 12
39 40 2
39 41 34
39 42 30
39 47 50
39 49 45
39 50 22
39 53 20
39 54 49
39 55 40
39 56 7
39 57 9
39 58 24
40 0 40
40 10 51
40 17 23
40 21 57
40 22 25
40 23 54
40 25 26
40 32 58
40 36 37
40 37 31
40 38 29
40 39 0
40 41 35
40 42 42
40 43 50
40 44 48
40 46 8
40 48 49
40 54 41
40 56 34
41 0 35
41 1 11
41 2 15
41 4 58
41 8 8
41 10 22
41 12 54
41 18 25
41 22 40
41 25 56
41 27 21
41 28 52
41 32 53
41 33 48
41 39 51
41 41 30
41 45 49
41 46 20
41 47 47
41 48 37
41 49 29
41 53 50
41 54 7
41 56 9
42 4 48
42 6 27
42 7 46
42 16 9
42 23 58
42 25 44
42 26 49
42 27 56
42 29 25
42 31 40
42 32 38
42 38 54
42 41 1
42 43 33
42 45 42
42 46 21
42 48 13
42 50 26
42 51 37
42 54 52
42 57 3
42 58 12
42 59 47
43 0 7
43 1 4
43 6 28
43 10 50
43 12 9
43 17 11
43 18 37
43 19 18
43 20 38
43 22 46
43 24 40
43 28 15
43 31 31
43 34 39
43 35 48
43 36 58
43 37 0
43 40 36
43 42 33
43 44 44
43 45 3
43 46 30
43 49 16
43 56 57
43 57 25
43 58 29
44 1 32
44 2 18
44 4 46
44 5 58
44 14 5
44 15 42
44 17 13
44 18 19
44 19 0
44 20 51
44 21 55
44 23 56
44 26 45
44 28 48
44 29 7
44 30 21
44 33 3
44 35 26
44 36 47
44 39 17
44 42 9
44 49 25
44 58 16
45 1 25
45 5 22
45 6 42
45 7 18
45 8 50
45 9 48
45 10 58
45 11 15
45 14 4
45 17 2
45 18 59
45 22 5
45 23 34
45 26 10
45 27 32
45 31 43
45 33 9
45 34 40
45 35 0
45 36 49
45 37 16
45 38 30
45 40 23
45 45 39
45 48 41
45 50 45
45 51 36
45 53 47
45 58 55
45 59 27
46 0 29
46 2 26
46 5 24
46 6 50
46 10 45
46 12 28
46 14 6
46 15 23
46 16 49
46 18 3
46 27 57
46 28 7
46 31 46
46 34 34
46 36 35
46 38 43
46 40 33
46 41 4
46 42 27
46 45 12
46 49 2
46 50 1
46 51 59
46 52 52
46 54 17
46 55 47
47 5 47
47 6 56
47 7 57
47 8 6
47 13 49
47 14 16
47 16 36
47 20 8
47 23 37
47 24 28
47 27 34
47 28 54
47 31 2
47 32 51
47 33 38
47 37 40
47 40 27
47 42 46
47 44 30
47 45 9
47 46 45
47 47 19
47 48 10
47 49 13
47 54 29
47 58 26
47 59 17
48 4 31
48 5 41
48 6 34
48 8 22
48 17 30
48 20 40
48 21 29
48 26 50
48 27 17
48 28 28
48 31 11
48 33 57
48 34 55
48 36 25
48 37 3
48 40 32
48 46 33
48 47 42
48 48 23
48 50 44
48 51 49
48 53 54
48 56 20
48 59 46
49 0 17
49 1 39
49 5 1
49 8 4
49 10 18
49 13 36
49 16 13
49 19 19
49 20 14
49 22 47
49 25 59
49 26 30
49 31 21
49 34 41
49 35 45
49 38 28
49 42 11
49 45 58
49 46 22
49 47 35
49 48 52
49 49 0
49 50 6
49 53 29
49 57 12
49 59 44
50 0 26
50 2 29
50 6 43
50 7 11
50 8 31
50 10 28
50 13 37
50 14 39
50 17 54
50 20 19
50 21 49
50 22 13
50 23 5
50 26 23
50 30 34
50 31 41
50 32 7
50 39 14
50 42 35
50 45 17
50 46 3
50 47 16
50 48 47
50 49 9
50 52 33
50 53 48
50 54 45
50 55 30
51 4 9
51 6 45
51 11 23
51 13 13
51 17 38
51 18 29
51 20 50
51 21 25
51 25 4
51 27 46
51 29 11
51 30 3
51 33 53
51 35 20
51 38 8
51 39 21
51 40 6
51 42 31
51 44 52
51 45 55
51 47 14
51 49 5
51 51 30
51 52 1
51 56 43
51 57 37
51 58 32
51 59 33
52 2 32
52 4 47
52 5 54
52 6 26
52 10 17
52 17 52
52 18 50
52 23 36
52 24 46
52 28 44
52 29 39
52 30 12
52 32 3
52 33 11
52 41 19
52 43 14
52 45 1
52 46 56
52 50 49
52 54 6
52 57 2
53 0 42
53 3 25
53 4 59
53 7 15
53 8 44
53 9 41
53 10 26
53 11 38
53 13 40
53 14 36
53 15 10
53 16 31
53 20 55
53 23 35
53 24 45
53 25 28
53 26 9
53 27 13
53 28 16
53 31 57
53 34 21
53 37 33
53 38 1
53 43 56
53 46 32
53 48 22
53 50 7
53 52 0
53 56 47
53 57 58
54 0 45
54 1 37
54 6 7
54 7 59
54 11 31
54 13 17
54 17 16
54 22 23
54 24 48
54 25 46
54 26 3
54 30 42
54 32 27
54 33 13
54 35 29
54 36 15
54 37 6
54 41 49
54 48 56
54 49 38
54 51 53
54 53 40
54 54 5
54 55 52
54 56 28
54 57 14
55 3 45
55 11 40
55 13 33
55 14 57
55 15 2
55 16 48
55 21 7
55 22 27
55 24 17
55 25 9
55 28 31
55 30 28
55 32 23
55 34 32
55 38 11
55 40 29
55 41 50
55 43 20
55 44 14
55 47 30
55 48 3
55 50 56
55 51 16
55 52 5
55 54 54
55 56 52
56 1 5
56 3 22
56 6 37
56 7 40
56 9 18
56 10 19
56 11 13
56 24 23
56 35 42
56 38 38
56 39 46
56 42 14
56 44 43
56 45 20
56 46 12
56 48 50
56 50 25
56 51 27
56 53 24
56 55 41
57 1 7
57 3 41
57 4 11
57 8 52
57 11 10
57 16 19
57 18 44
57 19 14
57 20 23
57 21 36
57 22 55
57 29 32
57 31 42
57 34 8
57 35 31
57 36 5
57 37 48
57 48 57
57 52 26
57 55 35
57 56 21
57 59 3
58 3 32
58 4 18
58 5 46
58 6 57
58 7 50
58 8 42
58 10 37
58 11 1
58 12 14
58 15 27
58 16 2
58 23 33
58 26 53
58 28 58
58 30 26
58 33 10
58 35 47
58 36 12
58 39 49
58 40 19
58 41 17
58 42 23
58 43 51
58 44 35
58 48 55
58 52 54
58 58 22
58 59 20
59 0 48
59 3 49
59 4 30
59 9 11
59 10 5
59 11 47
59 13 50
59 15 19
59 17 9
59 21 4
59 27 58
59 29 15
59 32 28
59 35 1
59 38 18
59 39 38
59 44 2
59 47 12
59 48 45
59 49 33
59 52 27
59 53 0
59 59 40
