70
0 5 65
0 6 4
0 10 16
0 11 22
0 12 46
0 13 31
0 16 38
0 17 26
0 22 56
0 23 10
0 26 21
0 27 23
0 30 48
0 31 55
0 33 12
0 34 45
0 37 64
0 40 68
0 44 29
0 51 39
0 56 47
0 64 18
0 66 28
1 0 53
1 3 59
1 4 33
1 5 15
1 7 42
1 13 12
1 19 60
1 23 5
1 24 20
1 25 8
1 35 30
1 37 38
1 39 52
1 42 44
1 44 47
1 49 10
1 50 19
1 51 68
1 56 40
1 58 24
1 59 14
1 61 69
1 64 64
1 65 61
1 67 18
2 5 39
2 8 61
2 11 14
2 17 52
2 22 46
2 23 31
2 24 36
2 26 41
2 27 68
2 29 20
2 30 33
2 34 12
2 35 27
2 36 29
2 37 11
2 38 16
2 39 25
2 41 44
2 42 34
2 45 67
2 46 38
2 49 51
2 54 5
2 56 22
2 68 59
3 6 66
3 10 15
3 11 35
3 12 31
3 13 28
3 14 48
3 16 20
3 18 54
3 21 58
3 23 29
3 24 24
3 32 59
3 34 34
3 37 49
3 39 38
3 43 14
3 48 69
3 49 17
3 54 42
3 57 9
3 59 8
3 60 52
3 62 68
3 63 5
3 65 39
3 68 13
4 2 61
4 3 34
4 4 17
4 5 56
4 17 29
4 18 67
4 22 4
4 23 9
4 26 55
4 31 46
4 35 36
4 37 62
4 40 40
4 41 31
4 43 25
4 48 28
4 49 63
4 50 52
4 55 0
4 60 12
4 62 24
4 67 3
4 68 54
5 1 32
5 2 30
5 3 65
5 8 42
5 9 58
5 11 47
5 14 40
5 17 37
5 19 26
5 21 53
5 25 31
5 26 45
5 30 34
5 34 10
5 41 46
5 42 9
5 44 6
5 46 50
5 50 8
5 55 55
5 57 43
5 59 68
5 60 23
5 63 41
5 66 27
5 69 63
6 1 20
6 4 13
6 6 12
6 7 38
6 19 8
6 23 59
6 30 66
6 31 53
6 32 54
6 34 39
6 35 41
6 36 6
6 38 47
6 40 36
6 46 27
6 48 58
6 49 11
6 50 25
6 54 26
6 57 31
6 60 46
6 64 7
6 68 57
7 0 2
7 7 46
7 9 37
7 14 20
7 17 64
7 18 34
7 21 26
7 24 3
7 26 35
7 28 66
7 35 58
7 36 21
7 37 57
7 39 50
7 41 40
7 42 11
7 43 17
7 44 13
7 48 65
7 51 29
7 52 18
7 56 69
7 57 41
7 63 9
7 64 4
7 65 42
7 66 19
7 68 33
8 0 6
8 4 35
8 6 5
8 7 19
8 8 38
8 11 62
8 12 50
8 14 43
8 16 24
8 17 55
8 18 52
8 20 44
8 22 16
8 23 23
8 26 2
8 30 51
8 31 8
8 36 45
8 40 27
8 42 17
8 43 58
8 45 4
8 47 67
8 48 41
8 50 0
8 51 11
8 55 14
8 57 46
8 58 40
8 62 32
8 69 68
9 5 27
9 7 14
9 8 63
9 10 4
9 11 43
9 12 12
9 14 65
9 15 31
9 19 69
9 24 28
9 25 11
9 28 53
9 33 33
9 40 7
9 41 19
9 48 66
9 51 36
9 52 15
9 54 1
9 55 59
9 56 21
9 65 13
9 67 57
9 69 22
10 4 5
10 9 66
10 11 49
10 12 38
10 13 26
10 15 68
10 18 50
10 19 39
10 23 41
10 26 0
10 28 37
10 31 63
10 32 32
10 33 17
10 34 22
10 36 61
10 39 58
10 40 15
10 41 13
10 42 16
10 44 11
10 46 35
10 47 34
10 49 69
10 51 33
10 53 3
10 54 8
10 56 27
10 59 56
10 60 29
10 62 6
10 66 60
10 68 67
11 1 16
11 2 39
11 3 11
11 4 24
11 5 58
11 6 37
11 13 21
11 14 54
11 18 55
11 20 50
11 21 22
11 23 34
11 24 53
11 25 12
11 27 41
11 28 62
11 29 1
11 30 28
11 31 30
11 33 45
11 34 20
11 44 46
11 45 35
11 47 52
11 49 25
11 52 8
11 53 67
11 55 31
11 56 9
11 58 51
11 61 36
11 68 7
12 0 42
12 1 4
12 8 7
12 9 20
12 12 61
12 22 51
12 26 17
12 32 36
12 34 52
12 35 28
12 36 12
12 37 32
12 40 5
12 50 34
12 51 3
12 52 39
12 53 55
12 56 35
12 57 45
12 58 27
12 60 6
12 61 53
12 63 37
12 66 22
12 68 9
13 1 45
13 2 44
13 4 26
13 6 3
13 9 51
13 11 12
13 12 28
13 13 46
13 14 61
13 15 50
13 16 15
13 17 6
13 19 58
13 20 16
13 21 54
13 24 38
13 33 43
13 35 39
13 36 14
13 37 17
13 39 66
13 40 48
13 41 37
13 42 21
13 44 19
13 47 18
13 53 65
13 57 60
13 58 4
13 59 35
13 60 32
13 61 23
13 64 62
13 65 1
14 0 36
14 1 9
14 4 42
14 5 45
14 7 0
14 9 6
14 10 62
14 12 58
14 18 27
14 20 37
14 21 47
14 22 65
14 23 39
14 25 67
14 27 64
14 32 22
14 33 11
14 35 56
14 37 53
14 38 46
14 40 2
14 41 43
14 42 7
14 45 66
14 46 69
14 51 20
14 52 25
14 53 1
14 65 5
14 67 17
15 0 68
15 1 26
15 2 4
15 4 3
15 5 64
15 6 46
15 8 22
15 10 0
15 14 38
15 16 21
15 19 9
15 20 61
15 21 1
15 27 49
15 32 55
15 34 25
15 36 50
15 39 37
15 40 45
15 42 6
15 49 62
15 57 11
15 58 60
15 59 36
15 60 59
15 61 66
15 64 63
15 69 41
16 0 66
16 5 44
16 7 59
16 8 21
16 15 51
16 22 48
16 24 45
16 28 31
16 30 23
16 31 54
16 35 46
16 36 60
16 40 50
16 45 18
16 56 8
16 58 65
16 59 61
16 61 39
16 62 3
16 67 25
16 68 12
16 69 57
17 1 66
17 2 58
17 4 57
17 6 7
17 7 62
17 9 43
17 11 13
17 13 68
17 17 15
17 21 18
17 22 36
17 23 8
17 25 34
17 26 16
17 27 9
17 29 39
17 34 24
17 35 25
17 36 27
17 37 55
17 43 44
17 44 42
17 49 23
17 50 65
17 51 67
17 53 2
17 55 11
17 57 28
17 60 41
17 61 54
17 63 56
17 64 45
18 0 21
18 3 39
18 4 11
18 7 49
18 13 2
18 17 44
18 18 68
18 19 62
18 20 0
18 22 29
18 25 26
18 27 16
18 28 30
18 35 40
18 37 42
18 41 4
18 47 60
18 49 36
18 51 63
18 52 48
18 53 32
18 58 67
18 59 24
18 64 38
18 66 58
18 69 56
19 1 25
19 3 18
19 5 32
19 6 53
19 9 48
19 11 24
19 14 21
19 15 56
19 16 61
19 19 63
19 20 64
19 21 40
19 24 16
19 26 3
19 28 29
19 29 52
19 31 9
19 32 39
19 34 14
19 36 66
19 41 38
19 47 20
19 48 27
19 49 12
19 53 36
19 54 68
19 55 7
19 56 51
19 57 1
19 59 46
19 61 42
19 63 57
19 64 0
19 65 2
19 66 65
19 68 5
20 4 69
20 6 61
20 10 46
20 14 36
20 15 1
20 16 49
20 17 23
20 18 5
20 19 24
20 21 33
20 22 13
20 29 31
20 30 52
20 31 40
20 35 54
20 36 19
20 37 67
20 38 63
20 40 18
20 43 32
20 46 45
20 47 26
20 48 12
20 52 9
20 55 27
20 57 53
20 59 48
20 62 38
20 64 14
20 65 3
20 67 34
20 68 37
21 0 50
21 2 38
21 3 37
21 4 47
21 5 19
21 6 16
21 11 2
21 12 20
21 15 54
21 16 42
21 19 44
21 21 9
21 24 33
21 25 52
21 28 51
21 31 25
21 32 34
21 34 68
21 42 10
21 43 11
21 49 61
21 50 29
21 51 15
21 54 18
21 57 59
21 59 65
21 62 56
21 64 30
21 65 31
21 67 13
21 69 40
22 1 58
22 5 68
22 7 27
22 8 51
22 10 19
22 11 32
22 12 1
22 14 50
22 17 46
22 18 66
22 19 61
22 21 57
22 24 59
22 25 5
22 26 28
22 27 2
22 30 31
22 31 16
22 32 18
22 33 41
22 35 52
22 36 47
22 37 25
22 38 37
22 41 17
22 43 9
22 44 43
22 45 65
22 48 29
22 55 15
22 56 38
22 58 39
22 62 12
22 65 24
22 66 35
23 4 36
23 8 12
23 9 8
23 10 47
23 15 52
23 16 31
23 19 46
23 20 29
23 24 65
23 28 18
23 29 14
23 30 69
23 32 2
23 33 60
23 41 32
23 45 40
23 46 4
23 48 10
23 52 57
23 58 41
23 60 39
23 62 20
23 65 51
23 66 9
23 67 58
23 68 43
23 69 3
24 4 27
24 6 10
24 7 23
24 9 64
24 14 18
24 16 34
24 21 52
24 22 25
24 24 67
24 25 48
24 28 65
24 29 56
24 30 43
24 31 44
24 32 41
24 34 49
24 36 24
24 37 19
24 43 66
24 44 5
24 49 16
24 52 20
24 57 37
24 60 7
24 61 26
24 62 63
24 68 53
24 69 42
25 0 25
25 4 56
25 5 6
25 8 54
25 9 67
25 11 18
25 15 44
25 19 34
25 20 23
25 22 69
25 23 46
25 24 49
25 26 1
25 27 38
25 30 68
25 37 43
25 38 52
25 39 28
25 41 16
25 44 36
25 46 11
25 47 24
25 48 33
25 50 57
25 54 66
25 55 60
25 56 53
25 57 15
25 59 3
25 60 14
25 62 8
25 69 64
26 6 29
26 7 40
26 8 3
26 10 9
26 12 68
26 13 47
26 15 43
26 16 67
26 17 33
26 18 32
26 21 62
26 23 14
26 26 12
26 31 19
26 33 48
26 35 10
26 43 8
26 45 55
26 47 65
26 55 69
26 58 34
26 66 42
26 68 18
26 69 60
27 0 54
27 2 24
27 3 64
27 4 9
27 13 45
27 14 51
27 15 11
27 17 10
27 18 26
27 19 35
27 20 49
27 27 14
27 30 63
27 31 41
27 33 30
27 39 42
27 40 46
27 41 25
27 42 4
27 44 18
27 47 50
27 48 20
27 53 8
27 54 0
27 56 48
27 58 55
27 62 36
27 65 32
27 67 65
27 68 22
28 0 8
28 1 60
28 2 16
28 3 14
28 6 48
28 7 55
28 8 10
28 9 23
28 11 59
28 12 69
28 15 42
28 17 34
28 20 11
28 21 4
28 24 47
28 28 52
28 29 62
28 32 25
28 35 3
28 37 58
28 38 57
28 40 9
28 41 53
28 42 45
28 49 46
28 52 43
28 55 64
28 57 63
28 59 15
28 65 18
29 1 36
29 4 50
29 6 14
29 10 38
29 11 27
29 12 39
29 15 67
29 20 45
29 22 10
29 24 6
29 25 59
29 26 20
29 27 63
29 28 2
29 29 37
29 30 41
29 31 18
29 37 56
29 38 22
29 39 17
29 42 53
29 47 12
29 48 9
29 50 26
29 56 13
29 62 44
29 63 19
30 2 45
30 4 51
30 6 30
30 12 48
30 13 39
30 14 28
30 16 1
30 17 31
30 18 7
30 19 36
30 22 53
30 23 37
30 26 50
30 32 58
30 34 4
30 36 25
30 38 13
30 39 59
30 43 41
30 48 42
30 53 21
30 59 10
30 66 62
31 0 28
31 1 52
31 3 3
31 4 12
31 6 1
31 7 54
31 8 41
31 10 67
31 11 69
31 12 36
31 13 63
31 14 39
31 16 65
31 17 9
31 22 30
31 25 15
31 26 64
31 27 59
31 29 60
31 30 16
31 33 57
31 36 20
31 37 8
31 38 62
31 42 47
31 44 34
31 46 5
31 49 0
31 50 55
31 51 14
31 52 50
31 54 53
31 55 26
31 56 61
31 58 42
31 59 19
31 66 48
31 68 40
32 1 53
32 3 29
32 4 14
32 7 50
32 9 60
32 12 25
32 15 3
32 16 52
32 17 16
32 25 39
32 26 46
32 29 33
32 34 21
32 37 26
32 38 6
32 40 4
32 46 30
32 49 1
32 55 41
32 57 61
32 59 13
32 62 69
32 67 15
33 0 62
33 2 68
33 4 30
33 5 54
33 7 61
33 9 65
33 11 28
33 14 2
33 16 32
33 18 4
33 22 44
33 23 55
33 27 42
33 28 12
33 32 20
33 34 50
33 35 45
33 38 53
33 39 16
33 42 56
33 45 5
33 46 10
33 48 8
33 50 69
33 54 36
33 56 46
33 58 63
33 64 39
34 0 44
34 4 15
34 5 52
34 11 68
34 17 32
34 19 30
34 20 66
34 21 63
34 22 14
34 23 69
34 27 5
34 28 43
34 30 9
34 32 3
34 35 57
34 38 48
34 39 54
34 42 1
34 44 41
34 46 64
34 47 17
34 49 60
34 51 2
34 54 35
34 57 39
34 58 20
34 60 55
34 61 27
34 63 11
34 64 22
34 68 29
34 69 53
35 0 55
35 2 60
35 9 53
35 11 21
35 14 67
35 15 19
35 16 7
35 17 20
35 18 36
35 19 28
35 20 1
35 21 13
35 24 64
35 31 66
35 33 68
35 36 38
35 45 11
35 47 63
35 48 16
35 50 46
35 54 6
35 58 9
35 61 41
35 62 62
35 64 54
35 69 43
36 0 12
36 1 21
36 4 8
36 5 47
36 6 26
36 7 34
36 8 13
36 10 56
36 11 20
36 12 11
36 16 64
36 18 45
36 20 67
36 22 35
36 23 62
36 24 63
36 25 29
36 28 38
36 30 3
36 31 1
36 35 9
36 36 16
36 37 18
36 38 61
36 42 58
36 48 55
36 50 31
36 52 32
36 53 66
36 58 2
36 62 43
36 64 27
36 65 53
36 68 68
36 69 54
37 0 56
37 2 26
37 6 18
37 7 1
37 9 4
37 11 8
37 14 37
37 18 42
37 19 57
37 22 20
37 24 10
37 25 30
37 27 34
37 35 63
37 39 13
37 42 67
37 43 36
37 46 7
37 50 35
37 51 23
37 52 31
37 53 11
37 54 52
37 62 2
37 69 28
38 4 22
38 6 28
38 9 3
38 13 29
38 14 32
38 15 27
38 24 4
38 25 55
38 27 6
38 34 38
38 42 31
38 45 48
38 46 60
38 48 39
38 50 58
38 54 63
38 56 45
38 57 34
38 58 13
38 62 37
38 63 33
38 66 2
39 0 14
39 4 6
39 12 21
39 14 55
39 15 49
39 17 7
39 18 64
39 22 52
39 24 46
39 26 48
39 29 4
39 31 11
39 32 51
39 33 22
39 35 68
39 37 36
39 38 35
39 41 15
39 43 63
39 47 27
39 48 26
39 49 32
39 52 10
39 59 16
39 60 2
39 64 66
40 0 43
40 2 54
40 8 33
40 13 0
40 14 11
40 17 60
40 19 48
40 25 46
40 28 40
40 29 16
40 31 7
40 32 38
40 36 37
40 37 39
40 40 34
40 43 64
40 44 69
40 45 45
40 46 57
40 52 66
40 54 3
40 55 12
40 56 44
40 58 36
40 59 17
40 60 42
40 62 41
40 64 58
40 68 47
40 69 51
41 2 63
41 3 8
41 4 2
41 5 1
41 6 22
41 7 5
41 11 23
41 18 19
41 20 52
41 23 43
41 25 35
41 26 56
41 28 21
41 35 49
41 38 10
41 39 3
41 40 51
41 41 65
41 43 34
41 47 39
41 48 17
41 50 14
41 54 69
41 56 0
41 61 60
41 64 50
41 66 18
41 68 25
42 1 29
42 6 38
42 7 67
42 9 40
42 13 62
42 17 68
42 18 10
42 24 7
42 28 6
42 30 60
42 34 30
42 37 24
42 38 21
42 40 53
42 45 17
42 48 2
42 50 37
42 51 34
42 52 19
42 53 25
42 54 23
42 56 41
42 58 26
42 59 55
42 62 51
42 63 47
42 67 27
42 68 58
43 0 38
43 2 62
43 3 17
43 4 48
43 5 66
43 7 45
43 9 54
43 13 53
43 14 42
43 15 47
43 16 44
43 18 12
43 19 40
43 20 28
43 22 49
43 23 56
43 25 61
43 33 37
43 35 2
43 38 67
43 39 7
43 40 31
43 42 51
43 43 20
43 45 22
43 47 36
43 48 52
43 50 3
43 64 21
43 65 0
43 67 43
43 68 1
44 0 19
44 1 55
44 6 9
44 8 11
44 9 29
44 12 2
44 14 15
44 25 36
44 29 24
44 31 34
44 34 46
44 38 33
44 41 7
44 43 6
44 44 45
44 46 21
44 48 57
44 53 51
44 57 64
44 59 22
44 63 13
44 68 16
44 69 20
45 4 25
45 9 50
45 10 7
45 11 67
45 13 5
45 14 23
45 16 18
45 19 15
45 27 66
45 30 11
45 32 29
45 33 38
45 34 36
45 38 30
45 39 33
45 40 26
45 43 27
45 45 34
45 46 62
45 49 43
45 50 45
45 52 41
45 54 44
45 55 54
45 63 31
45 65 10
45 68 55
45 69 16
46 0 17
46 3 4
46 6 50
46 7 65
46 14 53
46 15 57
46 16 54
46 17 18
46 18 3
46 19 68
46 24 30
46 25 56
46 26 49
46 28 59
46 29 64
46 31 26
46 33 62
46 39 46
46 45 15
46 47 0
46 54 61
46 55 10
46 62 11
46 65 36
46 67 21
46 68 28
47 0 67
47 1 5
47 6 51
47 15 40
47 20 3
47 24 50
47 26 26
47 30 22
47 31 62
47 33 58
47 36 44
47 37 0
47 38 25
47 40 49
47 41 69
47 43 56
47 51 35
47 52 63
47 55 6
47 58 32
47 59 39
47 60 16
47 62 29
47 63 4
47 67 47
47 69 10
48 2 8
48 6 44
48 11 11
48 14 56
48 26 14
48 27 50
48 30 40
48 31 36
48 33 4
48 34 63
48 35 59
48 36 0
48 37 37
48 41 28
48 42 46
48 45 32
48 46 6
48 52 68
48 56 67
48 59 69
48 65 64
48 68 35
49 2 32
49 3 36
49 5 23
49 10 1
49 13 7
49 14 12
49 15 2
49 16 40
49 21 69
49 22 6
49 24 62
49 28 50
49 31 29
49 34 55
49 40 58
49 42 8
49 44 35
49 46 46
49 49 37
49 51 27
49 54 56
49 55 61
49 58 30
49 59 18
49 63 60
49 65 68
50 1 3
50 2 15
50 3 49
50 5 46
50 11 7
50 13 65
50 17 63
50 20 48
50 21 14
50 24 23
50 27 27
50 28 55
50 30 25
50 31 4
50 32 12
50 34 9
50 37 2
50 39 51
50 41 5
50 43 59
50 44 61
50 45 20
50 46 0
50 47 47
50 50 10
50 54 58
50 55 34
50 56 11
50 61 17
50 66 66
50 67 29
50 69 6
51 0 0
51 2 64
51 3 47
51 4 62
51 7 22
51 9 39
51 11 3
51 12 14
51 14 66
51 15 63
51 16 69
51 18 59
51 19 21
51 23 7
51 27 20
51 31 33
51 36 23
51 41 48
51 43 31
51 45 9
51 46 13
51 48 19
51 49 5
51 50 2
51 51 61
51 53 38
51 56 60
51 59 34
51 60 57
51 62 1
51 65 55
51 66 54
51 68 49
51 69 25
52 1 43
52 2 20
52 3 54
52 4 16
52 7 30
52 10 28
52 11 60
52 13 66
52 14 3
52 15 65
52 23 42
52 29 5
52 31 50
52 32 63
52 34 29
52 35 44
52 36 41
52 37 45
52 38 23
52 41 22
52 42 18
52 43 21
52 44 67
52 47 7
52 49 15
52 51 19
52 54 17
52 57 40
52 58 12
52 61 8
52 64 35
52 69 37
53 2 10
53 4 19
53 5 25
53 6 11
53 9 42
53 11 26
53 13 37
53 20 24
53 21 2
53 22 63
53 25 38
53 26 69
53 32 62
53 35 51
53 36 64
53 40 33
53 45 16
53 46 8
53 47 40
53 48 56
53 50 60
53 53 30
53 58 58
53 59 66
53 60 0
53 61 59
53 62 53
53 63 27
53 64 47
53 67 1
53 68 15
53 69 17
54 5 9
54 6 2
54 8 19
54 9 34
54 11 46
54 13 69
54 17 3
54 18 24
54 20 13
54 23 45
54 25 20
54 30 32
54 33 44
54 35 67
54 38 43
54 41 23
54 43 12
54 46 14
54 47 33
54 48 6
54 52 11
54 54 29
54 55 53
54 56 68
54 57 57
54 58 38
54 59 50
54 64 51
54 68 21
54 69 7
55 8 35
55 11 6
55 12 3
55 24 69
55 25 0
55 27 33
55 30 17
55 34 44
55 36 39
55 38 58
55 40 56
55 42 27
55 43 53
55 47 13
55 52 54
55 55 49
55 56 1
55 57 7
55 58 15
55 59 41
55 61 34
55 64 36
55 66 43
55 67 37
56 2 18
56 4 55
56 6 0
56 11 41
56 12 56
56 15 25
56 18 48
56 20 58
56 23 27
56 30 50
56 31 5
56 33 52
56 35 31
56 37 13
56 39 65
56 41 8
56 42 49
56 43 29
56 48 34
56 50 40
56 58 14
56 59 57
56 60 67
56 61 24
56 62 64
56 64 1
56 65 33
56 69 30
57 1 34
57 8 43
57 10 61
57 11 29
57 16 6
57 17 0
57 18 46
57 19 3
57 22 64
57 30 36
57 32 49
57 35 4
57 37 54
57 38 65
57 43 37
57 44 12
57 50 62
57 53 45
57 54 39
57 56 63
57 59 23
57 60 28
57 63 30
57 67 38
57 68 19
57 69 52
58 1 28
58 2 19
58 4 43
58 7 51
58 8 34
58 9 26
58 11 55
58 13 1
58 19 50
58 21 7
58 24 56
58 28 17
58 31 14
58 32 21
58 36 10
58 37 15
58 45 30
58 49 35
58 51 22
58 53 31
58 56 6
58 58 45
58 61 2
58 63 12
58 65 57
58 67 67
59 2 53
59 3 22
59 4 0
59 9 13
59 11 61
59 16 4
59 17 47
59 18 28
59 19 37
59 21 30
59 22 59
59 23 50
59 28 36
59 29 10
59 30 56
59 34 66
59 38 34
59 39 55
59 41 64
59 43 1
59 48 18
59 50 54
59 53 63
59 54 15
59 56 19
59 62 57
59 65 62
59 66 67
59 69 44
60 0 1
60 1 8
60 3 2
60 4 10
60 6 36
60 11 38
60 15 18
60 18 56
60 22 50
60 25 42
60 26 19
60 32 43
60 33 35
60 35 6
60 37 68
60 41 27
60 43 30
60 44 9
60 45 47
60 52 51
60 53 29
60 54 16
60 56 54
60 57 0
60 58 64
60 60 62
60 65 11
61 0 37
61 1 64
61 7 4
61 17 41
61 19 31
61 24 48
61 27 67
61 30 35
61 33 15
61 44 25
61 46 55
61 52 3
61 54 24
61 56 18
61 62 10
61 64 42
61 66 52
62 0 13
62 2 50
62 8 0
62 9 55
62 10 37
62 11 44
62 12 27
62 13 17
62 15 61
62 16 5
62 17 59
62 20 46
62 21 42
62 25 28
62 26 8
62 27 36
62 31 6
62 32 1
62 34 48
62 36 51
62 37 20
62 40 65
62 41 68
62 42 52
62 43 10
62 44 2
62 47 66
62 51 62
62 53 40
62 54 45
62 56 26
62 57 35
62 58 49
62 59 29
62 64 31
62 67 41
62 68 63
63 0 52
63 2 40
63 4 20
63 5 21
63 8 49
63 14 8
63 16 50
63 18 35
63 23 36
63 24 66
63 27 0
63 29 11
63 30 58
63 31 51
63 33 7
63 34 32
63 37 3
63 39 31
63 43 61
63 44 53
63 47 59
63 50 67
63 52 33
63 53 54
63 59 12
63 62 46
63 64 48
63 66 30
63 67 26
63 69 27
64 1 62
64 3 52
64 6 69
64 8 64
64 9 18
64 14 47
64 16 9
64 18 57
64 22 34
64 23 12
64 24 17
64 26 42
64 27 15
64 28 27
64 29 48
64 30 29
64 31 39
64 34 23
64 37 51
64 38 49
64 39 43
64 40 59
64 44 14
64 47 37
64 48 1
64 52 35
64 53 24
64 57 16
64 58 5
64 59 6
64 60 22
64 63 55
64 65 63
64 67 10
64 68 20
65 0 41
65 2 43
65 3 7
65 4 54
65 6 21
65 8 6
65 10 11
65 12 67
65 13 18
65 15 8
65 16 53
65 18 44
65 29 69
65 31 0
65 33 29
65 35 55
65 43 51
65 44 32
65 46 63
65 47 3
65 48 35
65 50 50
65 51 13
65 54 65
65 56 14
65 57 49
65 59 20
65 61 62
65 62 52
65 63 48
65 64 5
65 67 42
66 5 34
66 6 33
66 8 37
66 9 0
66 10 23
66 11 51
66 14 60
66 18 39
66 19 18
66 21 36
66 30 67
66 31 20
66 40 66
66 41 62
66 46 53
66 48 45
66 49 3
66 52 29
66 56 65
66 67 5
66 68 10
67 2 11
67 3 44
67 5 3
67 7 53
67 8 60
67 9 10
67 13 58
67 20 57
67 22 21
67 24 52
67 27 48
67 31 61
67 37 34
67 38 40
67 40 23
67 41 49
67 45 63
67 47 22
67 52 42
67 56 56
67 57 14
67 59 9
67 62 15
67 64 33
68 4 52
68 5 63
68 10 43
68 12 18
68 14 10
68 18 1
68 19 0
68 21 49
68 25 21
68 26 5
68 28 16
68 29 38
68 31 22
68 33 23
68 35 15
68 40 29
68 41 9
68 42 30
68 44 51
68 46 34
68 49 24
68 51 54
68 56 32
68 60 48
68 61 67
68 63 42
68 69 8
69 8 32
69 12 64
69 14 4
69 15 36
69 18 63
69 20 43
69 22 28
69 24 44
69 26 9
69 30 13
69 31 49
69 33 21
69 39 8
69 43 45
69 47 61
69 49 19
69 52 14
69 54 46
69 58 29
69 66 16
69 68 31
69 69 2
