70
0 10 19
0 14 26
0 20 54
0 21 25
0 28 47
0 31 5
0 32 37
0 36 17
0 38 31
0 43 45
0 49 20
0 62 59
0 63 28
0 64 64
0 68 41
0 69 11
1 3 26
1 8 27
1 15 25
1 16 43
1 22 65
1 23 35
1 25 51
1 28 54
1 30 34
1 31 1
1 44 3
1 46 7
1 47 2
1 48 67
1 49 50
1 50 37
1 53 56
1 56 58
1 57 13
1 59 23
1 68 57
2 2 62
2 4 31
2 6 61
2 8 42
2 9 30
2 13 19
2 18 44
2 22 7
2 25 68
2 26 40
2 30 54
2 31 33
2 32 58
2 34 46
2 37 15
2 40 55
2 43 26
2 46 17
2 57 14
2 59 12
2 69 21
3 0 67
3 1 21
3 11 1
3 12 22
3 15 56
3 21 39
3 35 45
3 38 61
3 41 48
3 46 25
3 52 55
3 55 44
3 57 60
3 62 50
3 63 16
3 65 42
4 3 23
4 4 50
4 5 51
4 6 64
4 7 8
4 9 35
4 10 0
4 16 63
4 18 12
4 19 60
4 22 1
4 27 22
4 30 5
4 31 56
4 38 20
4 40 26
4 48 62
4 57 25
4 59 29
4 61 9
4 63 7
4 65 66
4 66 68
5 5 15
5 6 38
5 7 39
5 10 8
5 15 18
5 18 65
5 20 20
5 24 13
5 26 2
5 27 36
5 31 63
5 32 46
5 34 67
5 40 35
5 41 32
5 42 47
5 44 69
5 48 26
5 52 61
5 53 42
5 61 66
6 5 33
6 13 68
6 16 69
6 19 59
6 20 30
6 21 28
6 23 14
6 25 56
6 27 34
6 28 5
6 29 20
6 35 43
6 40 32
6 41 16
6 54 26
6 55 47
6 63 17
6 65 49
6 66 63
7 1 67
7 3 4
7 8 14
7 9 24
7 12 13
7 13 54
7 29 5
7 33 15
7 36 49
7 37 28
7 38 50
7 50 64
7 53 53
7 66 59
8 3 43
8 6 42
8 7 31
8 28 28
8 29 18
8 34 66
8 36 59
8 40 23
8 41 13
8 43 27
8 53 55
8 54 37
8 55 49
8 56 15
8 59 5
8 62 44
9 0 1
9 2 49
9 4 67
9 5 9
9 6 2
9 8 34
9 12 60
9 13 30
9 15 23
9 21 6
9 23 47
9 24 17
9 30 35
9 32 66
9 34 50
9 36 13
9 42 45
9 43 46
9 49 58
9 53 26
9 60 19
9 61 4
9 62 52
9 63 40
9 64 3
9 67 15
9 69 12
10 8 33
10 18 8
10 21 58
10 22 63
10 36 5
10 37 20
10 44 55
10 46 2
10 49 40
10 54 49
10 55 1
10 58 59
10 62 28
10 68 24
10 69 4
11 2 18
11 6 36
11 12 0
11 20 34
11 21 52
11 23 39
11 24 67
11 26 38
11 30 3
11 31 2
11 33 10
11 35 1
11 36 42
11 39 27
11 42 6
11 44 14
11 46 5
11 48 49
11 50 51
11 51 17
11 57 35
11 62 64
11 65 57
12 1 33
12 4 54
12 7 46
12 15 45
12 18 51
12 21 2
12 25 25
12 27 28
12 37 69
12 38 55
12 39 5
12 41 15
12 47 34
12 48 31
12 53 12
12 56 14
12 62 53
12 64 49
12 67 68
13 0 49
13 6 15
13 18 68
13 22 20
13 24 43
13 25 1
13 29 58
13 33 51
13 44 34
13 47 4
13 48 48
13 51 42
13 52 10
13 58 12
13 59 22
13 62 41
13 63 56
13 65 30
13 69 38
14 1 40
14 3 6
14 17 9
14 24 41
14 25 64
14 31 62
14 35 57
14 40 47
14 41 59
14 42 50
14 44 13
14 45 43
14 52 29
14 54 17
14 55 37
14 59 31
14 60 33
14 63 36
14 66 14
14 67 39
14 68 44
15 0 17
15 1 15
15 5 37
15 9 46
15 17 67
15 19 68
15 22 3
15 23 40
15 27 35
15 32 6
15 34 51
15 38 56
15 41 26
15 47 29
15 51 20
15 59 53
15 62 21
15 65 31
15 68 25
15 69 59
16 2 35
16 4 37
16 9 28
16 11 16
16 12 57
16 15 17
16 16 3
16 22 48
16 26 15
16 34 23
16 35 68
16 36 39
16 37 61
16 38 7
16 47 24
16 49 55
16 51 13
16 52 14
16 54 32
16 55 66
16 57 1
16 60 10
16 69 26
17 1 19
17 5 22
17 8 7
17 11 25
17 13 57
17 20 21
17 21 24
17 23 31
17 26 56
17 27 14
17 28 41
17 31 20
17 41 62
17 44 64
17 45 9
17 49 63
17 53 40
17 59 36
17 64 2
18 2 63
18 4 12
18 8 41
18 10 15
18 11 51
18 13 21
18 15 40
18 17 10
18 19 34
18 20 48
18 21 47
18 31 27
18 33 66
18 37 3
18 40 29
18 41 35
18 46 33
18 50 56
18 52 69
18 53 28
18 54 31
18 56 54
18 60 2
18 64 26
18 65 13
18 69 55
19 2 36
19 3 37
19 4 53
19 5 63
19 11 4
19 14 60
19 16 24
19 23 33
19 24 40
19 25 55
19 29 42
19 34 34
19 38 2
19 40 20
19 41 11
19 48 13
19 52 9
19 54 16
19 56 7
19 58 6
19 59 48
19 61 49
19 65 21
19 66 45
20 3 57
20 9 6
20 10 32
20 12 38
20 13 23
20 19 33
20 25 45
20 26 28
20 30 15
20 31 49
20 34 10
20 37 12
20 38 35
20 41 50
20 42 39
20 43 68
20 45 22
20 48 43
20 50 42
20 53 62
20 62 9
20 64 63
20 66 44
20 68 20
20 69 61
21 0 44
21 2 14
21 3 48
21 7 51
21 8 43
21 11 18
21 12 3
21 17 54
21 18 34
21 24 28
21 25 23
21 27 58
21 32 2
21 40 17
21 41 21
21 46 61
21 50 47
21 52 42
21 57 36
21 58 68
21 59 35
21 61 67
21 66 64
21 68 1
22 0 69
22 1 2
22 3 19
22 5 56
22 6 26
22 9 33
22 16 35
22 19 13
22 20 45
22 23 55
22 30 17
22 32 27
22 33 43
22 40 62
22 42 10
22 43 37
22 45 38
22 47 47
22 51 22
22 54 24
22 55 28
22 56 4
22 60 32
22 65 54
23 2 59
23 4 69
23 5 4
23 6 34
23 17 55
23 19 6
23 23 41
23 25 61
23 28 27
23 35 5
23 41 29
23 44 58
23 46 11
23 47 23
23 52 56
23 57 64
23 62 20
24 5 43
24 7 40
24 8 63
24 13 18
24 14 51
24 17 5
24 22 67
24 25 19
24 28 29
24 34 27
24 37 34
24 39 58
24 42 46
24 43 31
24 45 39
24 52 3
24 55 10
24 59 56
24 62 66
24 64 42
25 4 66
25 5 29
25 7 1
25 8 55
25 11 68
25 12 23
25 15 53
25 21 46
25 22 33
25 25 27
25 29 11
25 30 64
25 32 57
25 40 48
25 42 20
25 43 40
25 44 30
25 45 26
25 49 65
25 50 54
25 51 47
25 58 16
25 59 7
25 60 37
25 62 43
25 63 45
25 64 34
25 65 9
25 69 69
26 2 6
26 5 60
26 7 14
26 8 28
26 12 47
26 14 30
26 16 18
26 19 53
26 20 12
26 21 13
26 23 67
26 25 41
26 27 64
26 28 49
26 32 26
26 37 8
26 38 16
26 41 63
26 45 45
26 46 27
26 47 33
26 53 24
26 57 57
26 58 54
26 60 46
26 61 38
26 68 3
27 3 15
27 10 41
27 15 14
27 18 62
27 22 31
27 28 11
27 33 19
27 35 61
27 40 4
27 44 29
27 45 18
27 46 40
27 57 34
27 58 3
27 62 1
27 65 39
27 66 7
27 69 6
28 2 57
28 6 5
28 14 6
28 27 24
28 32 29
28 37 1
28 40 59
28 43 61
28 44 56
28 46 46
28 49 19
28 53 33
28 54 62
28 56 21
28 60 68
28 68 39
29 0 9
29 10 10
29 14 32
29 17 46
29 18 35
29 19 24
29 21 19
29 23 7
29 24 15
29 25 67
29 31 39
29 33 61
29 34 18
29 36 55
29 38 66
29 43 33
29 45 25
29 51 45
29 52 26
29 53 27
29 57 50
29 59 60
29 67 11
29 68 2
30 0 52
30 5 44
30 8 56
30 9 10
30 10 37
30 14 47
30 17 11
30 20 66
30 21 34
30 32 31
30 40 19
30 45 42
30 50 61
30 51 9
30 54 29
30 55 63
30 60 14
30 62 45
30 64 15
30 68 35
31 0 50
31 2 37
31 3 2
31 4 56
31 8 31
31 11 52
31 19 42
31 20 33
31 22 30
31 26 64
31 30 9
31 36 34
31 41 67
31 42 15
31 45 35
31 46 65
31 47 20
31 50 6
31 53 21
31 56 47
31 63 14
31 64 36
31 65 19
31 69 10
32 0 23
32 4 9
32 8 6
32 13 20
32 15 19
32 16 29
32 18 13
32 47 38
32 55 22
32 56 51
32 59 26
32 64 14
32 67 24
33 0 20
33 9 68
33 10 17
33 11 38
33 14 28
33 18 24
33 20 23
33 23 53
33 27 5
33 28 44
33 31 25
33 34 9
33 36 33
33 38 64
33 41 41
33 43 16
33 47 12
33 56 34
33 62 32
33 63 61
33 64 52
34 0 11
34 5 69
34 6 41
34 9 51
34 16 10
34 18 27
34 21 44
34 25 13
34 26 14
34 27 40
34 29 45
34 32 59
34 33 46
34 35 52
34 43 34
34 53 43
34 58 21
34 61 53
34 62 18
34 67 23
35 2 16
35 3 56
35 4 22
35 5 59
35 9 1
35 16 42
35 17 17
35 19 43
35 20 14
35 22 32
35 36 48
35 42 0
35 44 66
35 45 7
35 46 13
35 47 53
35 52 33
35 54 47
35 57 61
35 59 54
36 0 61
36 1 54
36 13 10
36 14 46
36 15 29
36 17 24
36 22 36
36 25 20
36 26 4
36 27 3
36 28 7
36 31 42
36 36 25
36 38 37
36 43 35
36 47 9
36 50 16
36 55 68
36 60 6
36 65 1
36 68 18
37 1 14
37 3 64
37 8 60
37 12 50
37 14 21
37 15 10
37 19 47
37 22 68
37 25 15
37 27 13
37 28 69
37 29 36
37 32 22
37 35 65
37 38 0
37 41 7
37 42 5
37 45 34
37 47 48
37 50 24
37 55 46
37 56 39
37 57 29
38 0 36
38 3 21
38 5 48
38 7 9
38 9 19
38 10 13
38 15 68
38 16 22
38 21 26
38 25 44
38 26 11
38 29 55
38 30 63
38 32 65
38 34 41
38 48 4
38 54 0
38 59 30
38 60 53
38 61 34
38 62 69
38 66 2
38 67 17
38 68 29
39 6 25
39 10 26
39 11 33
39 17 51
39 18 1
39 19 0
39 20 37
39 23 3
39 25 63
39 31 30
39 36 15
39 37 68
39 39 28
39 45 12
39 46 4
39 48 69
39 50 31
39 52 13
39 58 52
39 60 9
39 62 47
39 68 27
40 1 5
40 8 13
40 14 56
40 16 39
40 18 31
40 19 14
40 22 64
40 29 66
40 46 32
40 49 43
40 51 34
40 52 6
40 53 68
40 54 27
40 56 65
40 62 55
40 64 4
40 68 15
41 0 28
41 5 50
41 17 27
41 18 57
41 20 67
41 23 4
41 30 26
41 33 41
41 36 40
41 37 33
41 39 66
41 40 64
41 42 43
41 46 37
41 47 58
41 49 42
41 50 3
41 54 69
41 58 15
41 59 51
41 61 5
41 63 59
41 65 18
41 67 54
41 69 46
42 0 3
42 2 25
42 7 29
42 8 11
42 9 55
42 14 50
42 16 60
42 21 43
42 23 13
42 24 36
42 27 48
42 29 62
42 32 7
42 33 12
42 35 40
42 36 41
42 38 57
42 42 16
42 43 28
42 44 15
42 45 53
42 47 64
42 49 38
42 53 1
42 60 65
42 66 9
43 8 61
43 12 27
43 15 58
43 17 23
43 21 67
43 30 30
43 31 57
43 35 46
43 36 21
43 37 35
43 48 68
43 51 7
43 52 48
43 53 20
43 57 11
43 64 19
43 66 49
43 67 51
44 1 63
44 5 66
44 6 20
44 7 38
44 17 44
44 23 12
44 28 58
44 36 62
44 37 32
44 40 15
44 42 1
44 45 40
44 52 57
44 66 27
44 67 9
44 68 11
45 0 43
45 6 63
45 7 6
45 13 62
45 16 8
45 17 48
45 34 21
45 36 19
45 37 37
45 39 24
45 41 1
45 43 64
45 47 5
45 48 36
45 49 22
45 51 12
45 55 41
45 58 30
45 66 53
45 69 57
46 1 7
46 5 25
46 18 48
46 27 52
46 32 19
46 36 3
46 39 40
46 41 18
46 42 11
46 43 53
46 46 1
46 47 27
46 54 55
46 56 8
46 62 65
46 69 14
47 2 64
47 7 50
47 8 44
47 11 28
47 15 16
47 19 25
47 20 6
47 22 29
47 23 24
47 27 23
47 29 69
47 31 10
47 34 65
47 37 59
47 39 21
47 40 31
47 41 47
47 42 30
47 43 4
47 45 54
47 47 37
47 52 68
47 56 2
47 57 55
47 59 43
47 61 52
47 66 41
48 4 28
48 6 17
48 8 20
48 12 32
48 13 5
48 25 57
48 30 25
48 32 62
48 33 11
48 35 51
48 41 43
48 44 67
48 54 33
48 55 16
48 62 6
48 63 38
48 64 47
48 66 12
49 2 51
49 6 11
49 13 47
49 18 41
49 20 60
49 22 43
49 25 40
49 26 12
49 28 9
49 29 2
49 30 50
49 31 22
49 34 24
49 36 66
49 37 19
49 64 33
49 65 69
49 67 56
49 69 15
50 6 51
50 9 57
50 12 63
50 14 19
50 15 52
50 16 67
50 18 46
50 19 12
50 26 8
50 30 29
50 32 0
50 36 18
50 39 53
50 42 38
50 45 16
50 50 7
50 51 1
50 60 43
50 62 35
50 64 25
50 66 37
50 69 40
51 2 13
51 5 18
51 9 43
51 10 61
51 11 69
51 13 35
51 16 68
51 17 29
51 26 55
51 27 9
51 28 15
51 34 2
51 36 63
51 46 49
51 47 16
51 49 31
51 51 26
51 58 41
51 59 66
51 60 60
51 61 28
51 64 40
51 68 51
52 0 10
52 8 17
52 10 4
52 11 64
52 14 34
52 17 66
52 21 50
52 23 52
52 24 42
52 29 59
52 30 21
52 38 49
52 41 40
52 42 56
52 43 12
52 44 18
52 46 6
52 48 29
52 51 35
52 56 25
52 63 57
52 66 13
53 0 40
53 1 62
53 3 66
53 4 11
53 10 30
53 12 49
53 19 26
53 21 17
53 23 38
53 25 22
53 27 51
53 31 15
53 33 56
53 37 24
53 39 45
53 42 52
53 43 41
53 44 28
53 48 19
53 54 53
53 61 54
53 63 4
53 64 69
53 69 50
54 5 34
54 9 50
54 11 47
54 15 49
54 19 37
54 23 9
54 24 62
54 25 0
54 27 27
54 28 26
54 32 48
54 33 18
54 35 7
54 36 4
54 39 55
54 41 20
54 42 2
54 45 44
54 49 13
54 51 24
54 56 53
54 58 25
54 60 22
54 63 67
55 3 1
55 5 39
55 7 54
55 11 59
55 18 61
55 20 42
55 21 49
55 30 11
55 33 69
55 34 12
55 40 56
55 42 34
55 47 68
55 48 24
55 57 7
55 58 9
55 61 27
56 3 5
56 7 35
56 9 38
56 10 21
56 11 32
56 13 36
56 16 47
56 17 61
56 18 26
56 28 10
56 33 37
56 35 3
56 43 7
56 46 44
56 48 11
56 49 60
56 57 56
56 62 30
56 68 12
57 2 67
57 6 24
57 10 9
57 12 53
57 14 66
57 15 51
57 19 55
57 22 11
57 23 30
57 26 7
57 28 3
57 29 63
57 33 65
57 36 14
57 37 47
57 40 43
57 45 4
57 46 22
57 49 46
57 50 26
57 52 39
57 66 29
57 68 60
58 1 1
58 2 52
58 4 23
58 11 53
58 13 24
58 17 39
58 30 48
58 32 56
58 39 18
58 40 63
58 43 50
58 47 59
58 51 14
58 52 11
58 54 67
58 55 38
58 59 40
58 67 25
58 69 44
59 1 56
59 4 32
59 6 1
59 12 66
59 13 43
59 14 52
59 18 50
59 19 3
59 25 11
59 26 10
59 27 17
59 31 12
59 32 41
59 33 23
59 38 69
59 44 54
59 51 59
59 55 62
59 61 15
59 68 28
59 69 16
60 2 58
60 6 68
60 7 21
60 10 14
60 19 65
60 20 7
60 31 11
60 38 34
60 43 2
60 44 59
60 45 23
60 47 13
60 52 20
60 53 48
60 54 39
60 56 1
60 60 55
60 62 19
60 64 29
60 67 41
61 6 53
61 16 56
61 18 49
61 19 1
61 21 59
61 22 12
61 37 29
61 38 24
61 39 11
61 40 18
61 41 60
61 44 41
61 48 7
61 58 34
61 59 69
61 60 40
61 63 55
61 69 54
62 7 58
62 9 7
62 16 19
62 30 14
62 31 41
62 32 61
62 34 13
62 35 60
62 36 45
62 39 15
62 41 8
62 43 65
62 46 20
62 52 34
62 53 51
62 55 36
62 58 50
62 65 28
62 66 55
62 67 29
62 69 2
63 1 11
63 3 55
63 4 59
63 6 13
63 7 69
63 8 48
63 9 15
63 12 52
63 15 39
63 16 45
63 17 0
63 19 56
63 20 36
63 21 60
63 27 38
63 29 25
63 32 12
63 34 22
63 40 54
63 42 58
63 46 43
63 47 31
63 48 40
63 49 51
63 51 16
63 52 63
63 53 5
63 56 32
63 57 2
63 58 44
63 60 35
63 65 68
63 66 17
63 68 7
64 2 15
64 4 17
64 5 36
64 6 67
64 12 33
64 14 55
64 17 28
64 19 16
64 23 58
64 28 61
64 33 4
64 36 9
64 38 63
64 40 52
64 45 59
64 50 48
64 52 23
64 53 7
64 55 39
64 58 45
64 59 65
64 62 13
64 64 11
64 66 30
64 67 19
65 2 29
65 6 58
65 11 37
65 12 14
65 13 63
65 19 5
65 20 8
65 21 0
65 25 39
65 28 65
65 37 22
65 40 24
65 44 53
65 46 60
65 49 18
65 53 31
65 54 51
65 66 10
65 67 2
66 10 5
66 15 44
66 17 7
66 24 31
66 31 17
66 33 32
66 34 14
66 36 69
66 38 25
66 44 20
66 48 34
66 51 48
66 60 50
66 62 56
66 64 37
66 65 16
67 2 28
67 3 10
67 7 24
67 8 51
67 9 48
67 11 12
67 13 34
67 14 40
67 15 64
67 16 44
67 17 33
67 21 41
67 26 13
67 27 50
67 29 21
67 30 38
67 33 31
67 34 16
67 35 39
67 52 49
67 57 47
67 67 37
68 1 50
68 4 1
68 9 58
68 11 13
68 13 45
68 14 0
68 26 54
68 27 68
68 29 7
68 31 47
68 33 25
68 34 35
68 35 64
68 49 17
68 50 22
68 52 43
68 54 34
68 60 57
68 61 63
69 3 40
69 4 34
69 10 63
69 12 41
69 14 18
69 15 11
69 18 39
69 22 25
69 23 45
69 25 2
69 27 29
69 29 8
69 33 47
69 34 32
69 35 50
69 37 60
69 38 44
69 45 6
69 46 15
69 52 58
69 55 64
69 61 7
69 63 62
69 69 43
