60
0 2 18
0 4 36
0 13 9
0 20 0
0 25 8
0 27 17
0 28 6
0 31 27
0 34 25
0 37 24
0 41 2
0 42 40
0 47 11
0 48 22
0 50 44
0 56 33
0 59 20
1 2 35
1 8 42
1 9 56
1 12 44
1 17 39
1 18 34
1 19 58
1 22 13
1 23 5
1 24 1
1 25 49
1 30 46
1 31 28
1 34 15
1 36 12
1 37 2
1 41 27
1 43 55
1 44 22
1 52 7
1 54 53
1 55 40
1 58 59
1 59 9
2 2 50
2 8 21
2 9 6
2 10 1
2 12 0
2 13 39
2 22 32
2 28 33
2 31 16
2 34 55
2 37 48
2 38 19
2 39 5
2 47 37
2 52 59
2 55 11
2 56 42
2 58 15
3 1 56
3 3 21
3 5 50
3 6 2
3 10 55
3 17 20
3 28 5
3 29 19
3 31 31
3 35 40
3 41 1
3 43 24
3 44 57
3 45 25
3 47 34
3 48 16
3 51 26
3 56 39
3 57 0
3 58 54
4 9 52
4 11 21
4 13 8
4 15 36
4 17 30
4 19 28
4 20 48
4 22 11
4 24 53
4 25 22
4 26 33
4 27 57
4 31 10
4 32 12
4 33 23
4 41 24
4 43 1
4 53 5
4 54 32
4 55 18
5 1 34
5 3 48
5 4 55
5 5 26
5 6 40
5 8 16
5 11 22
5 15 43
5 16 15
5 19 49
5 23 37
5 25 1
5 27 6
5 29 12
5 30 51
5 34 4
5 39 59
5 40 36
5 44 44
5 46 57
5 48 39
5 55 45
6 10 35
6 17 9
6 18 58
6 21 15
6 32 4
6 36 7
6 37 37
6 41 3
6 43 42
6 45 23
6 51 0
6 56 11
6 58 22
7 3 2
7 10 11
7 11 42
7 12 59
7 13 55
7 18 24
7 20 44
7 23 51
7 25 28
7 26 30
7 27 29
7 48 32
7 50 27
7 51 34
8 3 30
8 5 48
8 9 50
8 23 2
8 24 38
8 26 49
8 32 26
8 33 46
8 36 39
8 40 44
8 47 52
8 48 0
8 51 20
8 53 27
8 57 56
9 0 36
9 4 27
9 5 15
9 6 13
9 18 11
9 21 32
9 29 10
9 30 5
9 33 24
9 35 57
9 36 19
9 39 48
9 40 0
9 41 44
9 42 47
9 51 28
9 54 42
9 55 41
9 57 7
9 58 16
10 1 25
10 2 8
10 4 38
10 9 3
10 14 57
10 16 58
10 18 22
10 26 6
10 27 20
10 29 55
10 34 42
10 37 49
10 38 44
10 44 41
10 46 27
10 53 17
10 55 12
10 56 43
10 57 34
11 8 52
11 9 45
11 16 41
11 19 1
11 23 22
11 25 2
11 26 12
11 27 48
11 30 32
11 32 23
11 35 27
11 42 33
11 45 37
11 48 6
11 49 56
11 52 15
11 54 13
11 55 4
11 56 47
12 7 38
12 8 20
12 14 3
12 16 26
12 26 54
12 27 39
12 30 40
12 33 28
12 34 1
12 37 59
12 45 34
12 46 52
12 47 4
12 56 25
12 57 44
12 59 49
13 2 1
13 8 40
13 16 36
13 24 10
13 25 13
13 26 38
13 28 42
13 36 57
13 42 11
13 43 23
13 45 52
13 53 35
13 56 56
13 57 16
13 59 55
14 5 45
14 13 54
14 17 41
14 20 38
14 24 36
14 26 15
14 30 12
14 32 46
14 36 40
14 37 18
14 42 13
14 43 28
14 47 23
14 51 59
14 54 49
14 56 9
14 57 3
15 5 9
15 6 56
15 8 35
15 13 15
15 14 49
15 21 39
15 22 4
15 25 48
15 26 45
15 28 11
15 30 14
15 32 51
15 38 36
15 40 42
15 43 46
15 45 29
15 47 22
15 48 27
15 54 12
15 59 7
16 0 4
16 11 32
16 16 59
16 21 0
16 25 36
16 27 27
16 30 55
16 33 14
16 36 31
16 41 18
16 43 10
16 46 22
16 47 56
16 52 35
16 54 45
16 55 5
16 56 48
17 2 57
17 8 25
17 14 14
17 15 49
17 22 2
17 25 56
17 29 34
17 30 8
17 33 48
17 34 24
17 35 45
17 39 1
17 40 35
17 43 6
17 44 28
17 45 59
17 46 44
17 48 9
17 52 13
17 53 50
17 54 19
17 55 52
17 57 5
18 2 38
18 9 15
18 11 35
18 15 26
18 19 11
18 29 6
18 33 10
18 36 30
18 41 48
18 46 21
18 47 50
18 49 13
18 55 56
18 56 29
19 3 34
19 6 57
19 11 23
19 22 42
19 23 50
19 31 5
19 38 9
19 43 36
19 44 3
19 48 40
19 52 58
19 57 11
20 0 16
20 1 9
20 3 51
20 5 49
20 9 5
20 12 23
20 16 29
20 19 32
20 20 34
20 21 47
20 23 41
20 24 0
20 27 25
20 28 19
20 35 28
20 36 8
20 38 30
20 40 2
20 43 27
20 44 11
20 48 35
20 49 58
20 50 46
20 57 4
20 59 54
21 6 28
21 18 52
21 20 15
21 22 39
21 25 31
21 37 23
21 38 26
21 39 38
21 40 33
21 43 4
21 45 6
21 46 37
21 48 13
21 49 16
21 53 55
21 55 30
21 56 5
21 58 49
22 0 57
22 2 28
22 6 31
22 7 30
22 9 11
22 10 24
22 16 7
22 18 33
22 21 41
22 23 44
22 25 37
22 30 0
22 31 34
22 32 27
22 36 13
22 40 54
22 41 6
22 46 9
22 47 38
22 49 59
22 57 12
22 59 26
23 1 19
23 10 33
23 11 6
23 15 0
23 17 14
23 21 23
23 24 3
23 28 29
23 32 41
23 33 57
23 35 46
23 36 59
23 39 40
23 46 10
23 58 38
24 3 0
24 8 28
24 9 53
24 12 16
24 14 42
24 18 38
24 22 36
24 31 7
24 33 20
24 38 50
24 42 4
24 43 17
24 46 32
24 53 14
24 54 31
24 56 24
25 0 46
25 3 35
25 6 10
25 8 5
25 18 1
25 20 57
25 24 19
25 29 18
25 31 54
25 33 45
25 39 50
25 41 52
25 47 24
25 49 9
25 51 11
25 57 31
26 3 31
26 6 16
26 7 18
26 12 11
26 15 38
26 18 27
26 20 55
26 23 9
26 33 2
26 36 25
26 47 39
26 50 53
26 58 26
27 2 37
27 3 41
27 7 5
27 8 12
27 12 51
27 13 43
27 14 54
27 21 35
27 24 23
27 27 53
27 29 31
27 34 27
27 37 8
27 39 34
27 40 28
27 41 11
27 46 49
27 53 56
27 58 48
28 2 36
28 4 39
28 6 5
28 9 31
28 12 20
28 16 44
28 23 40
28 27 2
28 31 15
28 33 33
28 34 19
28 39 42
28 42 37
28 44 24
28 45 51
28 46 30
28 47 49
28 52 32
28 54 21
28 59 23
29 3 7
29 4 13
29 8 32
29 17 4
29 18 28
29 22 30
29 23 33
29 25 41
29 28 57
29 30 11
29 31 40
29 35 15
29 45 48
29 47 5
29 51 19
29 55 43
29 59 56
30 2 22
30 3 23
30 4 43
30 5 25
30 6 51
30 7 6
30 11 58
30 13 33
30 14 7
30 19 40
30 20 1
30 23 48
30 24 45
30 28 2
30 29 30
30 30 37
30 42 29
30 43 0
30 45 24
30 49 44
30 50 47
30 51 16
30 56 57
31 3 1
31 5 39
31 6 0
31 8 48
31 10 27
31 14 19
31 19 25
31 26 42
31 28 43
31 29 36
31 36 47
31 38 18
31 43 53
31 45 26
31 46 59
31 48 17
31 52 24
31 54 33
31 55 2
31 59 28
32 0 47
32 2 49
32 4 3
32 7 17
32 8 2
32 10 58
32 11 7
32 16 42
32 17 11
32 24 44
32 26 5
32 31 20
32 35 1
32 42 9
32 45 19
32 48 38
32 51 10
32 53 8
32 54 54
33 1 33
33 2 19
33 12 27
33 15 44
33 22 12
33 26 32
33 29 35
33 31 30
33 33 59
33 39 31
33 42 25
33 48 41
33 55 1
33 56 16
34 0 30
34 3 8
34 5 53
34 7 45
34 11 48
34 15 18
34 18 32
34 22 56
34 28 17
34 29 2
34 30 23
34 34 34
34 42 6
34 52 50
34 54 9
34 56 59
34 57 41
35 3 11
35 4 46
35 5 1
35 8 41
35 10 47
35 11 59
35 18 43
35 19 22
35 20 42
35 21 24
35 27 31
35 33 35
35 34 37
35 40 56
35 41 5
35 49 50
35 56 54
35 59 2
36 1 23
36 7 10
36 12 17
36 17 29
36 19 55
36 22 28
36 25 6
36 37 16
36 41 41
36 43 54
36 44 52
36 50 9
36 53 2
37 1 38
37 4 40
37 9 48
37 16 47
37 22 51
37 24 33
37 27 9
37 28 49
37 30 3
37 32 24
37 36 37
37 37 28
37 40 11
37 44 10
37 51 6
37 52 25
37 54 26
37 55 35
37 56 18
37 58 36
37 59 30
38 0 17
38 2 15
38 12 5
38 13 58
38 14 37
38 17 24
38 20 52
38 25 43
38 26 0
38 33 54
38 34 28
38 35 18
38 41 12
38 45 8
38 48 33
38 51 3
38 52 44
39 1 59
39 4 31
39 8 29
39 17 55
39 27 24
39 34 47
39 39 16
39 43 20
39 45 27
39 50 6
39 51 54
39 55 50
40 0 55
40 1 48
40 6 43
40 8 50
40 9 8
40 10 2
40 12 6
40 13 7
40 15 34
40 18 44
40 23 19
40 28 16
40 35 30
40 46 35
40 48 56
40 52 49
40 53 59
40 56 28
40 59 46
41 13 14
41 20 21
41 22 35
41 24 17
41 25 54
41 27 45
41 28 22
41 30 18
41 31 3
41 36 55
41 42 23
41 43 59
41 45 0
41 48 28
41 50 32
41 52 47
41 54 15
41 58 2
42 4 48
42 16 27
42 22 44
42 33 11
42 38 29
42 39 0
42 40 46
42 41 7
42 44 37
42 53 58
42 59 33
43 0 38
43 5 16
43 10 30
43 15 50
43 20 39
43 21 22
43 23 58
43 29 44
43 30 31
43 31 52
43 32 35
43 33 42
43 35 19
43 36 32
43 38 34
43 49 47
43 55 46
43 58 0
44 3 45
44 4 5
44 5 7
44 16 17
44 17 3
44 19 30
44 23 25
44 25 19
44 27 22
44 34 9
44 36 33
44 44 2
44 46 18
44 48 12
44 50 4
44 52 42
44 56 37
44 57 8
44 58 24
45 0 43
45 2 33
45 4 2
45 6 46
45 9 21
45 10 36
45 11 26
45 12 3
45 18 25
45 24 28
45 27 34
45 28 39
45 34 14
45 38 53
45 42 58
45 49 5
45 56 19
46 1 47
46 3 38
46 5 36
46 15 32
46 19 29
46 21 26
46 23 59
46 25 57
46 32 50
46 36 1
46 39 19
46 40 14
46 43 30
46 47 8
46 48 4
46 51 45
46 53 48
46 54 56
46 56 10
46 58 51
46 59 3
47 2 45
47 8 58
47 10 26
47 11 2
47 12 41
47 15 16
47 18 56
47 19 12
47 20 40
47 21 59
47 26 39
47 30 7
47 33 32
47 36 10
47 42 31
47 45 22
47 46 48
47 50 21
47 55 28
47 56 52
47 58 3
47 59 17
48 0 18
48 4 9
48 5 32
48 11 53
48 13 47
48 14 11
48 17 7
48 24 35
48 28 15
48 32 10
48 34 46
48 36 17
48 39 13
48 40 20
48 42 51
48 43 38
48 44 29
48 46 12
48 49 0
48 58 19
48 59 21
49 3 18
49 6 32
49 7 46
49 17 21
49 21 31
49 33 16
49 42 45
49 44 23
49 50 5
49 51 25
49 52 56
49 56 14
49 57 19
49 58 6
49 59 29
50 0 42
50 5 11
50 6 53
50 7 56
50 16 28
50 18 20
50 20 24
50 24 55
50 25 0
50 26 58
50 27 46
50 29 8
50 30 13
50 32 33
50 35 21
50 36 38
50 38 4
50 40 12
50 45 35
50 48 18
50 52 41
50 59 1
51 2 23
51 3 28
51 8 30
51 9 29
51 12 10
51 20 12
51 24 16
51 31 21
51 32 25
51 36 44
51 38 47
51 40 15
51 41 22
51 43 2
51 46 55
51 47 53
51 48 24
51 51 7
51 52 14
51 57 1
51 58 5
52 0 0
52 1 22
52 3 19
52 6 27
52 7 35
52 9 39
52 11 54
52 12 45
52 16 49
52 17 23
52 27 33
52 29 47
52 32 36
52 33 37
52 34 7
52 37 46
52 40 26
52 41 51
52 43 48
52 47 1
52 54 44
52 55 17
53 1 11
53 3 43
53 10 28
53 14 6
53 15 19
53 26 10
53 27 38
53 28 26
53 37 29
53 38 8
53 39 24
53 41 20
53 42 59
53 43 58
53 46 33
53 52 0
53 56 3
54 7 42
54 16 8
54 19 26
54 22 33
54 23 1
54 25 59
54 33 38
54 34 23
54 38 10
54 40 45
54 41 28
54 44 53
54 48 51
54 50 19
54 56 17
54 59 32
55 7 0
55 13 10
55 19 51
55 23 28
55 26 59
55 30 42
55 38 35
55 52 27
55 53 21
56 0 34
56 3 52
56 11 46
56 14 12
56 17 48
56 19 10
56 21 40
56 22 17
56 24 11
56 26 25
56 27 19
56 29 4
56 36 5
56 38 6
56 41 59
56 43 47
56 44 9
56 45 31
56 52 43
56 53 42
56 56 0
57 0 59
57 4 30
57 5 3
57 10 49
57 13 23
57 14 51
57 20 25
57 21 5
57 23 29
57 24 54
57 27 4
57 28 48
57 32 7
57 36 26
57 42 24
57 43 56
57 44 32
57 45 10
57 55 20
57 56 44
57 57 17
57 58 21
58 0 56
58 3 46
58 5 42
58 8 37
58 13 35
58 14 26
58 16 19
58 20 33
58 26 52
58 29 48
58 32 3
58 35 55
58 36 27
58 41 45
58 42 21
58 43 15
58 44 49
58 48 54
58 50 18
58 51 17
58 52 16
58 55 6
58 56 20
58 58 13
58 59 40
59 0 45
59 5 41
59 8 19
59 12 40
59 13 29
59 20 8
59 22 43
59 25 21
59 26 47
59 36 58
59 39 46
59 44 48
59 56 30
59 58 34
