70
0 0 54
0 1 38
0 2 36
0 4 42
0 6 34
0 7 65
0 11 6
0 12 46
0 15 16
0 18 11
0 19 4
0 20 28
0 21 32
0 22 29
0 24 12
0 25 55
0 26 1
0 27 48
0 28 10
0 29 30
0 30 63
0 31 45
0 33 2
0 34 27
0 35 21
0 36 58
0 37 62
0 38 23
0 40 64
0 41 43
0 42 68
0 43 0
0 44 3
0 45 14
0 46 37
0 47 66
0 48 61
0 49 47
0 50 53
0 51 24
0 52 51
0 53 26
0 54 40
0 55 18
0 56 8
0 57 7
0 58 25
0 59 17
0 60 5
0 61 59
0 63 22
0 64 33
0 65 52
0 66 19
0 67 57
0 68 15
0 69 9
1 0 69
1 1 27
1 3 38
1 4 21
1 6 41
1 7 55
1 8 62
1 10 25
1 11 63
1 12 8
1 13 18
1 14 50
1 15 14
1 16 49
1 17 57
1 18 28
1 20 45
1 21 35
1 22 10
1 23 61
1 24 13
1 25 26
1 26 46
1 27 23
1 30 5
1 31 19
1 33 12
1 34 9
1 35 7
1 36 11
1 37 68
1 38 66
1 39 40
1 40 43
1 41 15
1 42 60
1 43 42
1 44 37
1 45 52
1 46 4
1 48 36
1 49 51
1 50 6
1 51 17
1 52 39
1 53 32
1 55 34
1 56 0
1 58 24
1 59 29
1 60 47
1 61 64
1 62 65
1 63 3
1 64 22
1 65 59
1 67 1
1 68 2
2 0 53
2 1 48
2 3 36
2 4 65
2 5 30
2 6 3
2 7 35
2 8 49
2 9 19
2 10 47
2 11 58
2 12 39
2 14 32
2 15 29
2 16 52
2 17 46
2 18 61
2 19 16
2 21 20
2 22 1
2 23 51
2 24 17
2 25 27
2 26 59
2 27 63
2 29 57
2 30 2
2 31 12
2 32 0
2 33 33
2 34 41
2 35 15
2 36 66
2 37 28
2 39 4
2 40 50
2 41 13
2 42 31
2 43 21
2 44 11
2 45 69
2 46 26
2 47 6
2 48 64
2 49 10
2 50 7
2 51 37
2 52 42
2 53 44
2 54 67
2 55 55
2 56 60
2 57 45
2 60 56
2 62 38
2 63 18
2 64 14
2 65 25
2 66 9
2 67 22
2 68 5
2 69 43
3 0 49
3 1 29
3 2 1
3 3 13
3 4 26
3 5 68
3 6 7
3 9 61
3 10 35
3 12 12
3 13 50
3 14 37
3 15 41
3 16 55
3 17 31
3 18 51
3 19 32
3 20 64
3 22 33
3 23 45
3 24 27
3 25 20
3 27 6
3 28 39
3 29 40
3 30 16
3 31 4
3 32 59
3 33 38
3 34 17
3 35 0
3 36 44
3 37 60
3 39 42
3 40 67
3 41 5
3 42 15
3 44 19
3 45 57
3 47 47
3 48 24
3 49 11
3 50 66
3 51 2
3 53 10
3 54 18
3 55 9
3 56 30
3 57 53
3 58 14
3 59 65
3 60 25
3 61 3
3 62 21
3 64 56
3 65 34
3 66 28
3 67 36
3 68 54
3 69 63
4 0 24
4 1 63
4 3 59
4 4 62
4 5 26
4 8 51
4 9 21
4 10 40
4 11 68
4 12 7
4 13 55
4 14 31
4 15 27
4 16 18
4 17 64
4 18 52
4 19 43
4 21 28
4 22 17
4 23 13
4 24 36
4 25 45
4 26 66
4 27 12
4 28 16
4 29 3
4 30 23
4 32 50
4 33 30
4 35 25
4 36 29
4 37 19
4 39 5
4 40 0
4 41 60
4 43 20
4 44 2
4 45 38
4 46 47
4 47 53
4 49 61
4 50 65
4 51 22
4 52 46
4 53 9
4 54 41
4 55 48
4 56 56
4 57 67
4 58 49
4 60 10
4 61 32
4 62 35
4 65 54
4 66 1
4 67 44
4 68 11
4 69 69
5 0 64
5 1 20
5 2 19
5 4 27
5 6 35
5 7 62
5 9 50
5 10 10
5 11 39
5 12 38
5 13 56
5 14 9
5 15 4
5 16 21
5 17 2
5 19 58
5 20 47
5 21 37
5 22 63
5 23 69
5 24 61
5 27 40
5 30 45
5 31 15
5 32 55
5 33 44
5 35 54
5 36 25
5 37 23
5 38 13
5 39 51
5 42 49
5 43 11
5 44 46
5 45 33
5 46 14
5 47 18
5 48 43
5 49 26
5 50 41
5 51 42
5 53 8
5 54 28
5 55 60
5 56 3
5 58 32
5 59 53
5 60 12
5 61 17
5 62 6
5 63 65
5 65 16
5 66 36
5 67 29
5 69 0
6 0 40
6 1 16
6 2 43
6 3 46
6 4 22
6 6 59
6 7 3
6 9 54
6 10 57
6 11 13
6 12 31
6 13 10
6 14 47
6 15 50
6 16 26
6 17 12
6 19 2
6 20 20
6 21 27
6 22 15
6 23 37
6 25 44
6 28 18
6 29 51
6 30 4
6 31 49
6 32 68
6 33 7
6 34 48
6 35 34
6 36 52
6 37 65
6 38 60
6 39 33
6 40 69
6 41 61
6 42 55
6 43 32
6 44 67
6 45 17
6 46 8
6 47 64
6 48 0
6 49 63
6 51 9
6 53 29
6 57 36
6 58 56
6 59 6
6 61 24
6 63 21
6 64 62
6 65 5
6 66 66
6 67 41
6 68 1
7 1 65
7 2 40
7 3 44
7 4 13
7 5 3
7 6 69
7 7 24
7 8 67
7 9 28
7 10 15
7 11 66
7 12 48
7 13 61
7 15 17
7 16 12
7 17 63
7 19 34
7 20 26
7 21 14
7 22 36
7 23 59
7 24 56
7 25 54
7 26 10
7 27 52
7 28 9
7 31 55
7 33 49
7 34 50
7 35 29
7 36 43
7 37 21
7 38 53
7 40 33
7 41 4
7 42 64
7 43 68
7 44 23
7 45 46
7 46 2
7 47 11
7 48 41
7 49 20
7 50 22
7 51 35
7 52 27
7 54 32
7 55 51
7 56 1
7 57 8
7 58 6
7 59 31
7 60 18
7 61 7
7 62 30
7 63 60
7 64 39
7 65 42
7 66 57
7 67 5
7 68 37
8 0 55
8 1 68
8 3 17
8 5 64
8 6 67
8 7 4
8 8 24
8 10 11
8 12 18
8 13 19
8 14 59
8 16 56
8 17 42
8 18 65
8 19 1
8 20 43
8 21 48
8 22 40
8 23 47
8 26 31
8 27 34
8 28 57
8 30 51
8 31 62
8 32 53
8 33 9
8 34 7
8 35 36
8 37 5
8 38 16
8 40 49
8 41 38
8 42 3
8 43 41
8 44 30
8 45 44
8 46 45
8 47 69
8 49 52
8 50 10
8 51 33
8 54 50
8 55 39
8 56 66
8 57 25
8 59 54
8 60 20
8 61 23
8 62 27
8 63 28
8 65 58
8 66 63
8 67 8
8 69 6
9 0 14
9 1 4
9 2 12
9 3 39
9 4 47
9 5 0
9 6 9
9 7 7
9 8 48
9 9 43
9 10 26
9 11 60
9 12 3
9 14 34
9 16 68
9 17 65
9 18 32
9 20 46
9 21 18
9 22 8
9 23 1
9 24 16
9 25 17
9 27 58
9 28 23
9 29 56
9 30 10
9 31 63
9 32 30
9 33 55
9 34 69
9 35 64
9 36 62
9 37 41
9 38 15
9 39 36
9 40 22
9 41 44
9 42 61
9 43 66
9 45 50
9 46 20
9 47 45
9 48 21
9 50 51
9 51 27
9 52 5
9 53 31
9 54 38
9 55 40
9 56 2
9 57 42
9 58 11
9 59 28
9 60 54
9 61 29
9 62 57
9 63 49
9 64 6
9 66 35
9 67 67
9 68 59
9 69 19
10 0 42
10 1 26
10 3 41
10 4 64
10 5 59
10 6 16
10 9 63
10 10 37
10 11 55
10 12 28
10 13 17
10 16 58
10 17 66
10 18 34
10 20 57
10 22 24
10 23 54
10 25 65
10 26 15
10 27 67
10 28 22
10 30 14
10 31 18
10 32 33
10 34 32
10 35 30
10 36 69
10 37 38
10 38 43
10 39 35
10 40 31
10 41 45
10 42 53
10 43 12
10 44 8
10 46 21
10 47 48
10 49 19
10 51 25
10 53 52
10 54 7
10 55 44
10 56 40
10 58 20
10 59 4
10 61 27
10 63 0
10 64 11
10 65 62
10 66 60
10 67 49
10 68 46
10 69 29
11 0 47
11 2 53
11 3 50
11 4 38
11 5 40
11 6 51
11 7 57
11 8 22
11 9 56
11 10 42
11 11 29
11 12 17
11 13 7
11 14 10
11 16 4
11 18 66
11 19 18
11 20 16
11 21 8
11 23 62
11 25 60
11 26 5
11 27 25
11 28 24
11 29 35
11 30 43
11 31 64
11 32 65
11 34 31
11 35 26
11 36 45
11 38 37
11 39 34
11 40 23
11 41 39
11 42 27
11 43 46
11 44 61
11 45 11
11 47 32
11 49 55
11 50 58
11 51 30
11 52 48
11 53 33
11 54 0
11 56 14
11 57 20
11 59 1
11 61 9
11 62 2
11 63 68
11 65 3
11 66 21
11 67 69
11 68 67
11 69 52
12 0 62
12 2 67
12 3 64
12 6 33
12 7 45
12 8 36
12 10 34
12 11 43
12 12 69
12 13 20
12 14 48
12 15 0
12 19 55
12 20 37
12 21 50
12 22 12
12 23 39
12 24 2
12 25 49
12 26 29
12 27 11
12 28 15
12 29 60
12 30 21
12 33 68
12 34 18
12 35 8
12 36 35
12 37 46
12 40 54
12 41 16
12 43 61
12 44 38
12 45 9
12 46 25
12 47 40
12 48 4
12 49 24
12 50 59
12 51 65
12 52 1
12 53 47
12 54 26
12 55 57
12 57 32
12 58 27
12 59 13
12 61 63
12 63 52
12 64 58
12 65 17
12 66 23
12 67 42
12 68 51
12 69 5
13 0 26
13 1 25
13 2 16
13 3 29
13 4 44
13 5 49
13 6 4
13 7 15
13 8 20
13 10 50
13 11 32
13 12 43
13 13 65
13 15 22
13 16 0
13 17 5
13 18 68
13 19 53
13 21 10
13 22 45
13 23 41
13 24 34
13 25 61
13 26 12
13 27 57
13 28 17
13 30 55
13 31 60
13 32 2
13 33 52
13 37 40
13 39 64
13 40 30
13 43 36
13 44 21
13 46 6
13 48 7
13 49 3
13 50 39
13 51 28
13 52 14
13 53 37
13 57 33
13 58 46
13 59 24
13 62 63
13 65 9
13 66 13
13 67 18
13 68 42
13 69 66
14 0 23
14 1 3
14 2 46
14 4 12
14 5 17
14 6 39
14 9 48
14 10 30
14 11 1
14 12 56
14 13 63
14 15 44
14 17 37
14 18 21
14 19 9
14 20 5
14 21 64
14 22 6
14 24 26
14 25 22
14 26 11
14 28 13
14 29 25
14 30 68
14 31 47
14 33 35
14 34 28
14 35 55
14 36 24
14 37 10
14 39 58
14 40 61
14 41 31
14 43 45
14 44 42
14 46 51
14 47 27
14 49 38
14 50 4
14 51 62
14 52 36
14 53 7
14 54 29
14 55 2
14 56 33
14 58 43
14 60 41
14 61 15
14 62 34
14 63 20
14 64 16
14 65 65
14 66 18
14 67 40
14 68 8
14 69 50
15 0 48
15 1 44
15 2 7
15 3 55
15 4 68
15 5 5
15 6 37
15 7 20
15 8 63
15 10 62
15 13 66
15 14 21
15 15 31
15 16 42
15 17 9
15 18 13
15 19 28
15 20 18
15 21 51
15 22 22
15 23 58
15 24 40
15 25 34
15 26 35
15 27 45
15 28 3
15 30 46
15 31 69
15 33 23
15 34 14
15 35 67
15 38 0
15 39 26
15 41 6
15 42 52
15 43 24
15 44 41
15 45 43
15 46 65
15 48 10
15 49 17
15 51 32
15 52 2
15 53 16
15 54 47
15 55 15
15 57 39
15 58 30
15 59 50
15 60 33
15 61 60
15 62 29
15 63 25
15 64 1
15 65 64
15 66 59
15 67 19
15 68 38
15 69 61
16 0 31
16 2 26
16 3 54
16 4 40
16 5 42
16 6 18
16 7 50
16 8 7
16 9 45
16 10 64
16 12 16
16 13 21
16 14 52
16 15 47
16 16 62
16 17 22
16 18 67
16 19 35
16 20 8
16 21 29
16 22 57
16 23 34
16 24 24
16 25 14
16 26 9
16 27 20
16 29 59
16 30 36
16 31 48
16 32 11
16 34 51
16 37 44
16 38 2
16 39 27
16 40 12
16 42 1
16 43 6
16 44 56
16 46 69
16 49 23
16 50 63
16 51 38
16 52 68
16 53 41
16 54 37
16 55 49
16 56 39
16 57 65
16 61 58
16 62 5
16 63 55
16 64 30
16 65 61
16 66 10
16 67 46
16 69 13
17 0 51
17 2 28
17 4 4
17 5 29
17 6 48
17 7 1
17 9 15
17 12 57
17 13 26
17 14 8
17 15 7
17 16 19
17 18 50
17 19 6
17 21 13
17 22 55
17 24 53
17 26 20
17 27 0
17 29 49
17 30 37
17 31 44
17 33 5
17 34 12
17 36 65
17 37 35
17 38 25
17 39 66
17 40 42
17 41 18
17 42 33
17 43 47
17 44 31
17 45 39
17 46 34
17 47 22
17 48 40
17 49 60
17 51 58
17 52 10
17 53 54
17 54 45
17 55 38
17 57 23
17 58 9
17 59 59
17 60 52
17 61 62
17 62 11
17 63 67
17 64 69
17 65 30
17 66 56
17 67 32
17 68 61
17 69 46
18 0 9
18 2 30
18 4 54
18 5 43
18 6 60
18 7 27
18 9 37
18 10 49
18 11 57
18 12 22
18 13 53
18 15 62
18 16 31
18 17 55
18 19 26
18 20 29
18 21 6
18 23 35
18 24 45
18 25 11
18 26 34
18 27 38
18 28 61
18 29 33
18 31 40
18 32 13
18 34 64
18 35 52
18 36 42
18 37 39
18 39 65
18 40 56
18 41 2
18 42 0
18 43 7
18 44 32
18 45 18
18 46 50
18 47 15
18 49 5
18 51 19
18 54 59
18 56 48
18 58 66
18 59 67
18 60 51
18 61 69
18 65 21
18 66 25
18 68 41
18 69 24
19 0 61
19 1 34
19 2 60
19 3 37
19 4 14
19 7 9
19 8 42
19 9 35
19 11 27
19 12 29
19 14 12
19 16 47
19 17 19
19 18 23
19 19 52
19 20 36
19 21 7
19 22 66
19 23 55
19 26 41
19 27 17
19 28 44
19 30 18
19 31 30
19 32 48
19 33 4
19 34 0
19 35 40
19 36 32
19 37 57
19 38 39
19 39 50
19 40 38
19 41 26
19 43 1
19 44 49
19 45 3
19 46 59
19 47 63
19 48 2
19 49 62
19 50 67
19 51 6
19 54 46
19 55 21
19 56 20
19 57 43
19 58 13
19 61 11
19 63 15
19 64 64
19 65 31
19 66 53
19 68 69
19 69 25
20 1 5
20 2 64
20 3 61
20 5 60
20 6 28
20 7 48
20 9 67
20 10 13
20 11 52
20 12 9
20 13 30
20 14 24
20 16 46
20 17 49
20 18 42
20 20 59
20 21 33
20 23 32
20 24 14
20 26 38
20 27 4
20 28 68
20 29 16
20 30 11
20 31 2
20 32 26
20 33 1
20 34 44
20 36 56
20 37 66
20 39 25
20 40 27
20 42 57
20 43 53
20 44 54
20 45 34
20 46 15
20 47 21
20 48 69
20 49 7
20 50 8
20 53 51
20 54 19
20 56 36
20 58 62
20 59 40
20 60 39
20 61 65
20 62 45
20 64 43
20 65 50
20 67 17
20 68 6
20 69 55
21 0 22
21 1 23
21 2 11
21 3 9
21 4 67
21 5 21
21 6 26
21 7 66
21 8 65
21 9 64
21 12 51
21 13 60
21 14 15
21 15 20
21 17 59
21 18 8
21 19 19
21 20 33
21 21 62
21 22 68
21 24 4
21 25 2
21 28 0
21 29 39
21 30 31
21 31 32
21 32 27
21 33 63
21 34 10
21 36 34
21 40 45
21 45 16
21 46 17
21 47 42
21 48 53
21 49 36
21 50 1
21 51 52
21 53 57
21 54 54
21 55 24
21 56 49
21 57 37
21 58 18
21 60 44
21 61 38
21 62 40
21 63 7
21 64 47
21 65 14
21 66 3
21 67 61
21 68 56
21 69 48
22 0 1
22 1 46
22 2 37
22 4 57
22 5 35
22 6 68
22 7 49
22 8 19
22 9 47
22 10 16
22 11 69
22 12 42
22 13 9
22 14 54
22 16 22
22 18 14
22 19 30
22 21 25
22 22 18
22 23 21
22 25 6
22 27 27
22 28 2
22 30 15
22 32 41
22 33 59
22 35 53
22 38 32
22 40 4
22 41 62
22 43 29
22 44 45
22 45 58
22 46 52
22 49 8
22 50 3
22 51 0
22 52 64
22 53 36
22 54 33
22 58 67
22 59 39
22 60 34
22 61 12
22 62 55
22 63 50
22 64 13
22 65 10
22 66 7
22 67 48
22 68 24
22 69 11
23 0 19
23 1 43
23 2 42
23 3 35
23 4 58
23 5 20
23 6 44
23 7 68
23 8 34
23 9 69
23 10 27
23 11 49
23 13 4
23 14 16
23 16 3
23 17 67
23 18 40
23 19 59
23 20 54
23 21 61
23 22 60
23 23 26
23 26 36
23 27 51
23 28 25
23 29 45
23 30 7
23 31 6
23 32 21
23 33 66
23 35 32
23 36 48
23 37 9
23 38 62
23 41 64
23 44 1
23 45 56
23 47 38
23 50 57
23 51 10
23 52 33
23 53 55
23 55 13
23 57 15
23 58 50
23 59 22
23 60 0
23 62 41
23 64 24
23 65 12
23 66 2
23 67 11
24 0 35
24 1 47
24 2 29
24 5 18
24 6 53
24 8 0
24 9 57
24 10 60
24 11 30
24 12 6
24 14 20
24 15 55
24 16 1
24 18 12
24 19 54
24 20 51
24 21 41
24 22 48
24 26 67
24 27 44
24 28 34
24 29 31
24 30 52
24 32 32
24 33 24
24 34 16
24 35 61
24 36 63
24 37 3
24 38 49
24 40 9
24 41 59
24 42 40
24 44 65
24 46 33
24 47 36
24 48 50
24 49 45
24 51 7
24 52 4
24 53 62
24 54 25
24 55 11
24 56 37
24 58 17
24 59 5
24 60 64
24 61 10
24 62 22
24 63 42
24 64 28
24 65 68
24 66 38
25 1 0
25 2 17
25 4 59
25 5 36
25 7 42
25 9 1
25 10 28
25 11 61
25 12 55
25 14 6
25 15 18
25 17 30
25 19 3
25 20 32
25 21 24
25 22 37
25 23 15
25 24 58
25 25 35
25 26 56
25 27 65
25 28 63
25 30 29
25 35 9
25 36 33
25 37 8
25 38 48
25 39 23
25 40 57
25 41 19
25 42 14
25 43 60
25 45 53
25 47 12
25 49 46
25 50 50
25 51 34
25 52 62
25 53 45
25 54 4
25 55 69
25 57 44
25 58 31
25 59 47
25 61 25
25 62 43
25 63 11
25 64 10
25 65 20
25 66 51
25 67 7
25 68 40
25 69 68
26 1 12
26 2 41
26 4 45
26 6 43
26 8 8
26 9 17
26 10 14
26 11 9
26 12 63
26 13 13
26 14 51
26 15 5
26 16 39
26 18 0
26 19 69
26 21 49
26 23 42
26 24 64
26 25 4
26 27 54
26 28 32
26 29 55
26 30 25
26 31 11
26 33 56
26 34 1
26 35 66
26 36 30
26 37 18
26 40 20
26 41 68
26 42 47
26 43 57
26 44 7
26 45 26
26 46 3
26 47 59
26 48 52
26 49 50
26 50 35
26 51 53
26 55 61
26 56 15
26 57 38
26 58 65
26 60 29
26 61 31
26 62 10
26 63 16
26 64 60
26 65 36
26 66 48
26 68 33
26 69 37
27 0 32
27 1 51
27 2 68
27 3 33
27 4 69
27 5 2
27 6 8
27 7 10
27 9 62
27 10 5
27 12 25
27 13 39
27 15 1
27 16 28
27 20 53
27 21 67
27 22 65
27 23 23
27 24 59
27 25 19
27 26 30
27 27 49
27 28 11
27 29 29
27 30 9
27 32 43
27 33 61
27 36 16
27 37 27
27 38 14
27 40 35
27 41 21
27 42 12
27 43 18
27 44 50
27 45 24
27 47 57
27 48 15
27 49 56
27 50 38
27 51 48
27 52 17
27 53 40
27 54 31
27 55 52
27 56 7
27 57 6
27 58 54
27 60 58
27 61 36
27 63 4
27 64 34
27 65 60
27 66 44
27 67 3
27 68 66
27 69 26
28 0 17
28 1 7
28 2 34
28 3 52
28 4 66
28 5 46
28 7 32
28 8 59
28 10 44
28 11 23
28 13 6
28 15 12
28 16 41
28 17 56
28 19 22
28 20 69
28 21 47
28 22 49
28 23 64
28 24 57
28 25 37
28 26 14
28 27 31
28 28 33
28 30 27
28 31 61
28 33 62
28 35 10
28 36 54
28 37 29
28 39 67
28 40 60
28 41 48
28 42 39
28 43 43
28 45 21
28 46 18
28 47 55
28 48 25
28 49 0
28 51 1
28 52 24
28 53 13
28 54 5
28 55 26
28 56 42
28 57 19
28 58 68
28 60 65
28 61 50
28 63 35
28 64 4
28 65 40
28 66 8
28 67 45
28 68 63
29 0 36
29 1 17
29 2 63
29 3 25
29 4 46
29 5 37
29 6 31
29 7 51
29 8 26
29 9 49
29 10 0
29 11 16
29 12 50
29 13 3
29 14 41
29 15 57
29 16 30
29 17 24
29 18 69
29 19 12
29 20 2
29 21 23
29 22 39
29 24 8
29 25 38
29 26 43
29 27 56
29 28 14
29 30 53
29 31 54
29 32 29
29 33 48
29 35 18
29 37 52
29 39 13
29 40 40
29 41 1
29 42 44
29 43 27
29 44 5
29 45 15
29 46 35
29 47 4
29 48 58
29 49 67
29 50 60
29 51 55
29 52 20
29 53 42
29 54 66
29 55 33
29 56 21
29 57 22
29 59 45
29 60 9
29 61 61
29 63 6
29 64 32
29 65 11
29 66 65
29 69 28
30 0 13
30 2 24
30 3 42
30 4 55
30 5 50
30 6 61
30 7 19
30 8 66
30 9 44
30 10 46
30 11 45
30 12 21
30 13 22
30 14 33
30 15 40
30 16 27
30 17 18
30 18 35
30 19 57
30 21 58
30 22 2
30 23 30
30 24 60
30 25 32
30 26 68
30 27 43
30 28 52
30 29 34
30 30 0
30 31 3
30 32 31
30 33 25
30 34 20
30 35 1
30 37 26
30 38 17
30 39 49
30 40 5
30 41 47
30 42 36
30 43 10
30 44 64
30 45 41
30 46 16
30 47 28
30 49 12
30 51 15
30 52 65
30 53 39
30 55 59
30 56 29
30 57 62
30 58 51
30 59 56
30 60 23
30 61 54
30 63 48
30 64 38
30 65 8
30 66 6
30 67 63
30 69 7
31 0 30
31 1 67
31 2 0
31 3 7
31 4 28
31 5 53
31 6 20
31 7 8
31 8 6
31 9 42
31 10 19
31 11 50
31 12 1
31 14 5
31 15 3
31 16 36
31 17 33
31 18 9
31 21 66
31 22 43
31 23 56
31 24 69
31 25 48
31 28 65
31 29 13
31 30 35
31 31 59
31 33 64
31 34 2
31 35 11
31 36 51
31 37 45
31 38 27
31 39 37
31 40 24
31 41 10
31 42 38
31 43 40
31 44 57
31 45 55
31 46 61
31 48 39
31 49 25
31 50 54
31 52 60
31 53 15
31 54 62
31 55 32
31 56 46
31 57 17
31 58 21
31 59 34
31 60 4
31 61 47
31 62 58
31 63 44
31 64 63
31 65 41
31 66 16
31 67 26
31 68 29
32 0 63
32 1 8
32 2 45
32 3 28
32 4 35
32 5 61
32 6 21
32 8 32
32 9 16
32 10 17
32 11 59
32 12 0
32 13 25
32 15 54
32 16 33
32 17 48
32 18 57
32 19 36
32 20 39
32 22 26
32 25 67
32 26 55
32 27 46
32 28 27
32 29 58
32 31 7
32 32 44
32 33 20
32 34 5
32 35 56
32 36 15
32 37 30
32 39 1
32 40 52
32 41 23
32 42 65
32 44 9
32 45 47
32 46 53
32 47 29
32 48 34
32 49 14
32 50 64
32 52 12
32 54 13
32 55 62
32 56 68
32 57 4
32 59 10
32 60 31
32 63 66
32 64 18
32 66 50
32 68 60
32 69 22
33 0 4
33 1 57
33 2 27
33 3 40
33 5 6
33 8 25
33 9 52
33 10 23
33 11 21
33 12 32
33 13 24
33 15 42
33 18 62
33 19 63
33 20 55
33 21 9
33 22 46
33 23 11
33 24 29
33 25 1
33 26 0
33 27 41
33 28 47
33 29 36
33 30 54
33 32 51
33 33 28
33 35 16
33 36 13
33 37 56
33 38 5
33 39 39
33 40 68
33 41 3
33 42 66
33 44 18
33 45 35
33 46 60
33 47 31
33 48 26
33 49 49
33 51 64
33 52 50
33 53 34
33 54 43
33 55 12
33 56 67
33 57 61
33 58 7
33 59 44
33 60 30
33 62 8
33 63 58
33 64 45
33 65 22
33 66 20
33 67 33
33 68 48
33 69 59
34 0 5
34 2 61
34 3 53
34 4 51
34 5 54
34 6 6
34 8 57
34 10 68
34 11 24
34 14 46
34 15 32
34 16 60
34 17 45
34 18 4
34 19 25
34 20 41
34 21 16
34 22 14
34 23 65
34 24 52
34 26 62
34 27 59
34 28 55
34 29 37
34 30 50
34 31 0
34 33 21
34 34 40
34 35 39
34 36 22
34 37 15
34 39 8
34 42 10
34 43 48
34 44 47
34 45 13
34 46 1
34 47 58
34 49 31
34 50 20
34 51 26
34 52 18
34 53 63
34 54 34
34 55 3
34 56 69
34 58 38
34 60 11
34 61 66
34 62 23
34 64 67
34 65 29
34 67 43
34 68 49
34 69 27
35 1 59
35 2 50
35 3 22
35 4 7
35 5 27
35 6 38
35 7 64
35 9 10
35 10 9
35 11 8
35 12 52
35 14 43
35 15 56
35 16 67
35 17 16
35 18 33
35 19 17
35 20 65
35 21 19
35 22 54
35 23 20
35 24 15
35 25 39
35 26 47
35 27 66
35 28 53
35 30 60
35 31 58
35 32 28
35 35 45
35 36 55
35 37 24
35 38 1
35 41 12
35 42 2
35 43 31
35 46 23
35 47 37
35 48 62
35 50 5
35 51 40
35 52 57
35 53 30
35 54 36
35 55 4
35 56 35
35 57 14
35 59 41
35 62 69
35 63 13
35 64 29
35 65 63
35 66 26
35 67 25
35 68 0
35 69 34
36 0 38
36 1 40
36 2 18
36 3 68
36 4 11
36 6 19
36 7 22
36 8 56
36 9 3
36 10 51
36 11 4
36 12 23
36 13 32
36 14 58
36 15 65
36 16 34
36 17 26
36 18 29
36 19 20
36 20 35
36 21 46
36 22 64
36 23 66
36 24 50
36 25 0
36 26 69
36 27 30
36 28 5
36 29 62
36 30 61
36 32 17
36 33 60
36 34 25
36 36 59
36 37 48
36 38 47
36 39 24
36 41 42
36 42 6
36 43 63
36 45 45
36 46 27
36 47 39
36 50 33
36 52 54
36 53 12
36 54 16
36 57 31
36 58 52
36 59 8
36 60 49
36 61 55
36 62 37
36 63 53
36 66 15
36 68 43
37 1 39
37 2 35
37 3 23
37 4 61
37 5 8
37 6 2
37 7 60
37 10 7
37 11 42
37 12 62
37 13 44
37 15 19
37 16 11
37 17 28
37 18 3
37 20 48
37 22 21
37 24 0
37 26 49
37 27 55
37 28 40
37 29 32
37 30 59
37 31 51
37 32 1
37 34 13
37 35 33
37 36 9
37 37 20
37 38 36
37 41 34
37 42 17
37 44 22
37 45 4
37 46 31
37 47 68
37 48 63
37 49 15
37 50 47
37 51 14
37 52 56
37 53 46
37 54 10
37 55 37
37 56 25
37 57 69
37 58 29
37 60 45
37 61 26
37 62 12
37 63 57
37 64 52
37 65 53
37 66 41
37 67 30
37 69 65
38 0 27
38 1 21
38 2 39
38 3 14
38 4 15
38 5 45
38 6 47
38 8 44
38 9 65
38 10 12
38 11 22
38 13 64
38 14 25
38 15 6
38 16 20
38 17 38
38 18 60
38 20 40
38 21 5
38 22 7
38 23 50
38 24 31
38 25 62
38 26 37
38 27 16
38 28 43
38 29 24
38 30 19
38 32 46
38 33 17
38 34 35
38 35 58
38 36 57
38 37 69
38 38 55
38 39 10
38 40 34
38 41 52
38 42 8
38 44 68
38 45 36
38 46 9
38 47 54
38 48 29
38 49 4
38 50 32
38 51 61
38 53 18
38 54 3
38 55 66
38 56 51
38 57 48
38 60 42
38 61 0
38 62 13
38 63 1
38 64 26
38 65 49
38 68 23
38 69 33
39 0 45
39 1 66
39 2 23
39 3 34
39 4 63
39 5 28
39 6 14
39 9 68
39 10 48
39 11 47
39 13 43
39 14 36
39 15 11
39 16 25
39 17 13
39 18 17
39 20 50
39 21 40
39 23 7
39 24 32
39 25 58
39 27 5
39 28 54
39 30 12
39 31 20
39 32 61
39 33 3
39 34 46
39 35 4
39 37 64
39 38 59
39 39 9
39 40 6
39 41 37
39 42 24
39 43 69
39 44 39
39 46 42
39 47 60
39 49 30
39 50 44
39 52 52
39 53 53
39 54 55
39 56 19
39 57 26
39 58 41
39 59 18
39 60 22
39 62 49
39 63 56
39 65 33
39 66 62
39 67 27
40 0 25
40 1 1
40 2 49
40 3 57
40 4 5
40 5 11
40 6 22
40 7 29
40 10 54
40 11 7
40 12 30
40 13 27
40 15 36
40 16 59
40 17 23
40 18 2
40 20 42
40 21 53
40 22 61
40 23 48
40 24 51
40 26 39
40 27 47
40 29 63
40 30 56
40 31 34
40 33 13
40 34 3
40 36 8
40 37 12
40 38 20
40 39 60
40 41 46
40 42 50
40 44 17
40 45 65
40 46 19
40 47 67
40 50 37
40 51 69
40 52 26
40 53 64
40 56 28
40 57 68
40 59 52
40 60 32
40 61 43
40 62 0
40 63 38
40 64 41
40 65 6
40 66 55
40 67 14
40 68 9
40 69 40
41 1 58
41 3 47
41 5 22
41 6 56
41 7 6
41 8 64
41 9 60
41 10 31
41 11 48
41 12 33
41 13 14
41 15 10
41 16 45
41 17 27
41 18 30
41 19 37
41 21 69
41 22 42
41 23 5
41 24 43
41 25 40
41 26 32
41 27 13
41 28 29
41 29 46
41 30 67
41 31 9
41 33 50
41 34 66
41 35 65
41 36 38
41 37 0
41 40 3
41 41 49
41 42 59
41 43 17
41 44 55
41 48 57
41 51 21
41 52 11
41 53 4
41 54 23
41 55 20
41 56 24
41 57 52
41 58 12
41 59 15
41 60 53
41 61 51
41 62 39
41 64 44
41 67 62
41 68 18
41 69 36
42 1 31
42 2 4
42 3 65
42 5 23
42 6 54
42 7 14
42 8 29
42 9 0
42 10 52
42 11 28
42 14 40
42 15 46
42 16 15
42 17 21
42 19 61
42 20 1
42 22 53
42 23 36
42 24 25
42 25 18
42 26 50
42 27 42
42 28 38
42 29 43
42 30 48
42 31 57
42 32 64
42 33 67
42 34 30
42 35 5
42 37 7
42 39 2
42 40 11
42 41 56
42 43 51
42 44 59
42 45 6
42 46 63
42 47 17
42 49 13
42 50 49
42 51 39
42 52 55
42 55 16
42 56 34
42 57 60
42 59 66
42 61 45
42 62 33
42 63 62
42 64 37
42 65 19
42 66 22
42 67 12
42 69 35
43 0 21
43 1 61
43 2 25
43 4 3
43 5 58
43 6 42
43 7 12
43 8 60
43 9 51
43 10 29
43 11 20
43 13 28
43 14 11
43 16 69
43 17 15
43 18 6
43 20 17
43 21 39
43 22 9
43 23 0
43 24 23
43 27 32
43 28 36
43 29 64
43 30 8
43 31 37
43 32 19
43 33 40
43 34 47
43 35 35
43 36 50
43 37 22
43 38 26
43 39 14
43 40 10
43 41 63
43 42 18
43 45 54
43 48 59
43 49 65
43 50 62
43 51 44
43 52 16
43 53 5
43 55 68
43 56 31
43 57 1
43 58 2
43 59 48
43 60 7
43 62 66
43 63 45
43 64 55
43 65 27
43 66 4
43 67 13
43 68 30
44 0 57
44 1 60
44 4 23
44 5 31
44 7 53
44 8 43
44 9 8
44 10 4
44 11 26
44 12 40
44 13 45
44 14 67
44 15 25
44 16 32
44 17 58
44 19 21
44 20 7
44 21 44
44 22 50
44 23 14
44 26 63
44 27 22
44 28 37
44 29 5
44 30 66
44 31 38
44 32 52
44 33 65
44 35 17
44 36 1
44 38 11
44 39 59
44 40 39
44 41 30
44 43 49
44 44 12
44 45 20
44 46 56
44 47 24
44 49 9
44 51 47
44 52 61
44 53 19
44 54 6
44 56 27
44 57 34
44 58 28
44 59 36
44 61 41
44 63 54
44 64 51
44 65 69
44 66 64
44 67 35
44 68 62
44 69 2
45 0 3
45 1 36
45 2 55
45 3 2
45 4 8
45 5 32
45 7 18
45 9 24
45 10 39
45 12 54
45 13 37
45 14 29
45 21 63
45 22 4
45 23 10
45 24 21
45 25 15
45 26 13
45 28 56
45 29 1
45 30 26
45 31 52
45 32 66
45 33 31
45 34 38
45 35 19
45 36 41
45 37 58
45 38 6
45 39 11
45 41 20
45 42 42
45 43 9
45 44 43
45 45 30
45 46 5
45 47 0
45 49 59
45 50 46
45 51 12
45 52 47
45 53 28
45 54 65
45 56 50
45 59 61
45 60 60
45 62 62
45 63 33
45 65 23
45 66 34
45 67 16
45 68 25
45 69 45
46 1 37
46 3 63
46 4 6
46 5 9
46 6 45
46 7 46
46 8 16
46 9 31
46 10 8
46 11 19
46 12 35
46 13 0
46 14 64
46 15 66
46 16 10
46 17 52
46 18 1
46 19 48
46 20 24
46 21 2
46 22 3
46 23 60
46 24 44
46 25 23
46 26 17
46 27 61
46 28 50
46 29 12
46 30 65
46 32 4
46 33 39
46 34 33
46 35 22
46 36 18
46 37 59
46 38 42
46 39 47
46 40 51
46 41 29
46 42 25
46 43 15
46 44 58
46 45 49
46 46 30
46 47 7
46 49 53
46 50 28
46 51 11
46 52 32
46 53 68
46 54 27
46 55 56
46 56 55
46 57 41
46 60 38
46 61 34
46 62 26
46 65 67
46 66 14
46 67 21
46 68 20
46 69 62
47 0 11
47 1 33
47 3 69
47 4 17
47 5 52
47 6 40
47 7 25
47 8 28
47 9 36
47 10 61
47 11 65
47 12 49
47 13 5
47 14 22
47 15 15
47 16 50
47 17 53
47 18 20
47 19 0
47 20 60
47 21 68
47 22 30
47 23 57
47 24 9
47 26 24
47 27 1
47 28 6
47 29 21
47 30 62
47 31 56
47 33 8
47 34 19
47 35 41
47 36 47
47 37 67
47 38 63
47 41 7
47 42 51
47 44 16
47 45 10
47 47 2
47 48 66
47 49 43
47 50 55
47 51 4
47 52 34
47 53 48
47 54 42
47 55 45
47 56 64
47 57 3
47 59 37
47 60 14
47 63 26
47 64 27
47 66 46
47 68 32
47 69 12
48 0 37
48 1 62
48 2 6
48 3 27
48 4 25
48 5 69
48 7 54
48 9 14
48 11 17
48 12 15
48 13 1
48 14 38
48 15 21
48 17 4
48 19 49
48 20 66
48 21 11
48 22 58
48 24 18
48 25 50
48 26 48
48 27 8
48 29 42
48 30 3
48 31 39
48 32 45
48 33 29
48 34 65
48 36 23
48 37 51
48 38 40
48 39 32
48 40 19
48 41 24
48 43 59
48 46 67
48 47 5
48 48 55
48 50 34
48 52 13
48 54 22
48 55 0
48 56 9
48 57 10
48 58 16
48 59 60
48 60 46
48 61 56
48 62 7
48 63 64
48 64 53
48 65 2
48 66 33
48 68 52
48 69 30
49 1 56
49 2 20
49 3 45
49 5 12
49 6 64
49 7 0
49 8 27
49 9 66
49 10 18
49 11 25
49 12 13
49 13 51
49 14 61
49 15 28
49 16 24
49 18 5
49 19 29
49 20 34
49 21 3
49 23 38
49 24 49
49 25 10
49 29 52
49 30 33
49 31 68
49 32 42
49 35 69
49 36 37
49 37 53
49 38 57
49 39 62
49 40 48
49 41 65
49 42 21
49 43 58
49 44 4
49 45 31
49 46 36
49 47 43
49 48 11
49 50 30
49 51 50
49 52 22
49 54 14
49 55 8
49 56 41
49 58 63
49 60 55
49 61 35
49 62 59
49 63 19
49 64 9
49 65 46
49 66 47
49 68 39
49 69 15
50 1 53
50 5 65
50 6 63
50 7 41
50 8 14
50 10 59
50 11 15
50 12 27
50 13 49
50 14 18
50 15 26
50 16 48
50 17 61
50 18 37
50 19 8
50 21 30
50 22 5
50 23 19
50 24 66
50 25 9
50 27 62
50 28 45
50 29 23
50 31 29
50 32 12
50 33 69
50 34 52
50 35 50
50 36 40
50 37 25
50 38 34
50 39 54
50 40 16
50 41 36
50 42 7
50 43 56
50 44 6
50 45 60
50 46 13
50 47 51
50 48 3
50 49 42
50 50 17
50 51 46
50 54 24
50 55 35
50 56 43
50 57 47
50 59 64
50 60 1
50 61 20
50 62 44
50 63 31
50 64 2
50 65 28
50 66 11
50 67 39
50 68 10
50 69 32
51 0 59
51 1 52
51 2 3
51 3 24
51 4 39
51 5 41
51 6 25
51 7 44
51 8 38
51 11 33
51 12 19
51 14 0
51 15 58
51 17 54
51 18 43
51 19 27
51 20 10
51 21 60
51 22 28
51 24 55
51 25 16
51 27 26
51 28 30
51 29 4
51 31 35
51 32 15
51 33 53
51 34 22
51 35 31
51 36 5
51 37 63
51 38 69
51 39 45
51 40 47
51 41 8
51 42 13
51 43 65
51 45 12
51 47 56
51 48 49
51 49 64
51 50 61
51 51 66
51 52 21
51 53 20
51 54 48
51 55 17
51 58 1
51 59 9
51 60 67
51 61 6
51 62 36
51 64 57
51 65 51
51 66 68
51 67 37
52 0 8
52 3 60
52 4 20
52 5 47
52 7 52
52 8 55
52 9 41
52 11 18
52 12 53
52 13 31
52 14 28
52 15 39
52 16 29
52 17 35
52 20 12
52 21 38
52 22 11
52 24 7
52 25 57
52 26 51
52 28 62
52 29 66
52 32 9
52 33 58
52 34 26
52 35 14
52 36 61
52 37 2
52 39 21
52 40 37
52 41 40
52 42 4
52 43 25
52 44 0
52 45 32
52 46 46
52 49 33
52 50 45
52 51 36
52 52 59
52 53 67
52 56 23
52 58 22
52 59 3
52 60 63
52 61 48
52 62 17
52 64 15
52 65 13
52 66 69
52 67 6
52 68 27
52 69 44
53 0 15
53 2 32
53 3 8
53 6 12
53 8 50
53 9 46
53 10 3
53 12 66
53 13 38
53 14 49
53 15 60
53 16 2
53 17 20
53 18 63
53 20 4
53 21 36
53 22 56
53 23 9
53 24 67
53 25 53
53 26 16
53 28 59
53 29 61
53 30 64
53 31 27
53 32 6
53 34 34
53 37 11
53 38 41
53 39 28
53 40 29
53 42 26
53 43 35
53 44 40
53 45 42
53 46 43
53 47 1
53 49 69
53 50 31
53 51 13
53 53 22
53 54 68
53 55 25
53 56 58
53 57 18
53 58 55
53 59 62
53 60 24
53 61 33
53 62 52
53 63 30
53 64 19
53 66 17
53 67 65
53 68 47
53 69 10
54 0 6
54 1 11
54 2 52
54 3 19
54 4 33
54 6 32
54 8 17
54 9 12
54 10 65
54 12 45
54 13 57
54 14 7
54 15 69
54 16 63
54 18 16
54 19 66
54 20 9
54 22 25
54 23 18
54 24 39
54 25 28
54 26 40
54 27 29
54 28 58
54 29 20
54 31 41
54 32 56
54 33 47
54 34 8
54 36 64
54 39 46
54 41 0
54 44 51
54 46 55
54 47 3
54 49 27
54 50 26
54 51 23
54 53 50
54 54 30
54 55 22
54 56 10
54 57 13
54 58 36
54 59 42
54 60 62
54 61 2
54 62 14
54 63 5
54 65 38
54 66 24
54 67 15
54 68 35
54 69 60
55 0 50
55 1 55
55 2 9
55 3 32
55 6 1
55 8 30
55 9 20
55 10 53
55 11 67
55 12 68
55 13 35
55 14 69
55 15 64
55 16 51
55 17 62
55 18 39
55 19 5
55 20 13
55 21 34
55 22 38
55 23 63
55 24 47
55 26 22
55 27 15
55 28 26
55 29 27
55 30 41
55 31 31
55 32 14
55 33 18
55 34 43
55 36 60
55 37 37
55 38 33
55 39 7
55 40 2
55 41 28
55 43 8
55 44 66
55 45 59
55 48 17
55 49 54
55 51 49
55 52 40
55 53 24
55 54 52
55 55 6
55 56 45
55 57 0
55 61 44
55 62 61
55 63 23
55 64 46
55 65 4
55 67 10
55 68 12
55 69 3
56 0 56
56 1 22
56 2 33
56 4 10
56 5 38
56 7 13
56 8 31
56 9 27
56 12 26
56 13 40
56 14 44
56 15 8
56 16 5
56 17 29
56 18 18
56 19 11
56 21 45
56 22 19
56 23 6
56 24 62
56 27 24
56 28 64
56 30 28
56 31 16
56 32 34
56 33 15
56 34 4
56 36 39
56 37 61
56 38 52
56 41 50
56 43 2
56 48 54
56 51 20
56 52 66
56 53 49
56 55 63
56 56 32
56 57 55
56 59 7
56 61 42
56 62 51
56 63 14
56 64 25
56 65 0
56 67 47
56 68 36
56 69 17
57 0 66
57 1 2
57 2 65
57 3 10
57 5 63
57 8 46
57 9 26
57 10 36
57 11 12
57 12 20
57 14 4
57 15 59
57 16 35
57 18 22
57 21 52
57 22 31
57 23 40
57 24 11
57 25 47
57 26 64
57 27 21
57 28 41
57 29 9
57 30 17
57 31 1
57 32 24
57 33 0
57 34 61
57 35 44
57 36 3
57 37 43
57 38 29
57 39 16
57 40 13
57 42 23
57 43 33
57 44 60
57 45 48
57 47 14
57 48 68
57 49 57
57 50 25
57 51 18
57 52 28
57 53 56
57 54 53
57 55 27
57 56 5
57 57 49
57 58 69
57 59 32
57 60 8
57 61 39
57 62 42
57 63 34
57 64 50
57 65 55
57 67 54
57 68 19
57 69 51
58 0 46
58 1 49
58 2 69
58 3 66
58 4 36
58 5 13
58 6 10
58 7 17
58 8 33
58 9 30
58 10 45
58 12 59
58 13 29
58 14 23
58 15 51
58 16 9
58 17 11
58 18 47
58 19 56
58 20 6
58 22 44
58 23 43
58 24 20
58 25 7
58 27 3
58 28 19
58 29 28
58 30 1
58 31 65
58 32 5
58 34 57
58 35 37
58 37 55
58 39 68
58 40 15
58 41 25
58 42 67
58 43 16
58 45 63
58 46 54
58 47 62
58 48 32
58 50 0
58 51 8
58 52 35
58 53 58
58 54 61
58 55 42
58 56 4
58 57 50
58 59 38
58 61 18
58 62 48
58 63 24
58 64 40
58 65 39
58 67 60
58 68 22
58 69 53
59 1 18
59 2 48
59 4 29
59 5 16
59 6 55
59 7 5
59 8 4
59 9 9
59 11 40
59 13 15
59 14 68
59 15 38
59 16 53
59 17 10
59 18 24
59 19 42
59 20 0
59 21 21
59 22 47
59 26 25
59 27 39
59 28 67
59 29 14
59 31 36
59 33 22
59 34 49
59 35 12
59 36 20
59 37 1
59 40 17
59 42 54
59 45 66
59 46 64
59 47 46
59 49 6
59 50 52
59 51 57
59 52 37
59 53 61
59 54 8
59 55 7
59 59 27
59 60 50
59 61 28
59 62 19
59 63 32
59 64 59
59 65 44
59 66 43
59 69 56
60 0 44
60 1 45
60 2 58
60 3 31
60 4 9
60 5 57
60 6 62
60 7 38
60 8 5
60 9 13
60 11 36
60 12 10
60 14 39
60 15 24
60 16 8
60 17 32
60 19 40
60 20 15
60 21 55
60 22 52
60 24 41
60 25 63
60 27 33
60 28 60
60 29 47
60 31 50
60 32 54
60 33 27
60 34 59
60 35 28
60 36 12
60 37 42
60 38 61
60 39 18
60 40 65
60 41 69
60 42 34
60 44 35
60 45 2
60 46 66
60 47 25
60 50 68
60 51 56
60 52 19
60 53 0
60 54 21
60 55 43
60 56 53
60 57 29
60 58 4
60 59 16
60 60 17
60 61 14
60 65 7
60 66 49
60 67 20
60 68 26
61 1 42
61 2 14
61 3 56
61 4 19
61 5 24
61 6 29
61 7 43
61 8 69
61 10 55
61 12 61
61 13 67
61 14 1
61 16 16
61 17 39
61 19 64
61 20 3
61 21 4
61 22 34
61 23 22
61 24 65
61 25 66
61 26 54
61 27 53
61 29 17
61 30 6
61 31 46
61 32 62
61 33 37
61 34 36
61 35 60
61 36 7
61 37 50
61 38 18
61 39 12
61 40 41
61 41 57
61 42 11
61 43 26
61 47 35
61 48 23
61 49 28
61 51 59
61 52 45
61 53 27
61 54 63
61 55 30
61 56 44
61 58 8
61 59 25
61 60 40
61 62 32
61 63 2
61 64 48
61 65 15
61 66 31
61 67 0
61 68 58
61 69 47
62 0 34
62 1 19
62 2 51
62 4 53
62 5 33
62 7 47
62 8 12
62 9 25
62 10 38
62 11 10
62 12 5
62 13 59
62 14 26
62 15 67
62 18 7
62 19 44
62 21 0
62 22 13
62 23 4
62 24 30
62 25 64
62 26 58
62 27 36
62 28 1
62 29 18
62 30 24
62 32 37
62 33 46
62 34 21
62 35 42
62 36 14
62 37 49
62 38 8
62 39 3
62 40 32
62 41 11
62 43 55
62 44 15
62 45 22
62 46 39
62 47 50
62 48 27
62 50 40
62 51 31
62 53 60
62 54 56
62 55 23
62 56 57
62 57 63
62 58 45
62 60 2
62 61 68
62 62 16
62 63 29
62 65 48
62 68 28
62 69 54
63 0 0
63 1 9
63 2 13
63 4 49
63 7 33
63 8 47
63 9 40
63 10 66
63 11 31
63 13 69
63 15 53
63 17 50
63 18 56
63 19 62
63 20 30
63 21 22
63 22 51
63 24 37
63 25 3
63 26 19
63 27 10
63 28 35
63 30 34
63 31 8
63 32 39
63 33 42
63 35 57
63 36 28
63 37 14
63 38 65
63 39 17
63 40 55
63 41 27
63 42 48
63 43 64
63 45 23
63 46 11
63 47 41
63 48 46
63 49 21
63 50 24
63 51 60
63 52 43
63 54 15
63 55 67
63 56 59
63 57 2
63 58 5
63 59 63
63 60 61
63 63 12
63 64 20
63 65 26
63 66 32
63 67 52
63 68 68
63 69 38
64 0 41
64 2 8
64 3 21
64 4 50
64 5 44
64 6 49
64 7 23
64 8 9
64 10 1
64 11 14
64 12 67
64 13 34
64 14 57
64 17 69
64 18 25
64 19 47
64 21 15
64 23 27
64 24 3
64 25 42
64 26 26
64 27 7
64 28 51
64 30 39
64 31 43
64 32 60
64 33 11
64 34 68
64 35 46
64 37 13
64 38 56
64 40 58
64 41 32
64 42 20
64 43 54
64 45 62
64 47 33
64 48 18
64 50 36
64 51 45
64 52 38
64 53 2
64 55 19
64 56 65
64 58 61
64 59 12
64 60 59
64 61 5
64 62 28
64 63 63
64 64 17
64 68 55
64 69 4
65 0 12
65 1 6
65 4 34
65 7 2
65 8 39
65 9 59
65 10 24
65 11 44
65 12 60
65 13 48
65 15 37
65 16 40
65 18 49
65 19 68
65 20 56
65 21 65
65 22 41
65 23 28
65 24 33
65 25 8
65 26 42
65 27 9
65 29 11
65 30 20
65 31 25
65 32 67
65 33 45
65 35 51
65 36 36
65 37 16
65 38 50
65 39 52
65 40 7
65 41 53
65 42 19
65 43 13
65 44 63
65 45 1
65 46 38
65 47 61
65 48 22
65 49 18
65 50 29
65 51 54
65 53 43
65 54 57
65 55 10
65 56 17
65 61 4
65 62 3
65 63 47
65 64 35
65 67 64
65 68 14
66 0 65
66 1 64
66 2 66
66 3 51
66 4 56
66 8 41
66 9 5
66 10 32
66 11 11
66 12 37
66 14 3
66 15 34
66 17 25
66 18 26
66 19 67
66 21 17
66 23 8
66 25 52
66 30 40
66 31 24
66 32 36
66 33 43
66 34 6
66 35 38
66 37 31
66 38 7
66 39 29
66 40 46
66 41 14
66 42 35
66 43 4
66 44 28
66 45 0
66 46 62
66 48 30
66 49 48
66 50 15
66 51 16
66 53 59
66 54 12
66 55 1
66 56 22
66 57 21
66 58 58
66 59 2
66 60 57
66 62 47
66 63 27
66 64 49
66 65 18
66 66 39
66 67 68
66 69 42
67 0 52
67 1 32
67 2 38
67 3 1
67 6 23
67 8 45
67 9 29
67 11 2
67 12 34
67 13 68
67 14 65
67 15 13
67 16 7
67 17 41
67 19 60
67 20 22
67 21 57
67 22 69
67 23 33
67 25 59
67 27 18
67 28 42
67 29 8
67 30 47
67 31 5
67 33 14
67 34 63
67 35 49
67 36 17
67 37 4
67 38 67
67 39 19
67 40 28
67 42 30
67 43 39
67 45 64
67 46 58
67 47 20
67 48 12
67 50 56
67 51 51
67 52 53
67 53 3
67 54 9
67 57 11
67 58 48
67 60 26
67 61 21
67 63 36
67 64 61
67 65 37
67 66 27
67 67 50
67 68 44
67 69 31
68 1 13
68 3 4
68 4 31
68 5 51
68 6 5
68 7 11
68 8 54
68 9 58
68 11 37
68 12 14
68 13 8
68 14 53
68 15 63
68 16 6
68 17 36
68 18 44
68 19 46
68 20 19
68 23 24
68 24 48
68 25 43
68 27 64
68 28 49
68 30 32
68 33 34
68 34 45
68 35 62
68 36 2
68 38 12
68 40 25
68 41 33
68 42 16
68 44 52
68 45 40
68 47 9
68 49 41
68 50 23
68 51 3
68 53 66
68 54 69
68 55 50
68 56 61
68 57 27
68 58 10
68 60 68
68 61 30
68 62 60
68 63 39
68 64 65
68 65 56
68 66 42
68 68 17
68 69 1
69 0 20
69 1 50
69 2 44
69 3 12
69 5 39
69 6 17
69 7 58
69 8 37
69 9 34
69 11 54
69 12 4
69 13 36
69 14 14
69 15 68
69 16 61
69 18 59
69 19 65
69 20 27
69 22 62
69 24 42
69 25 69
69 26 3
69 27 60
69 28 48
69 29 38
69 30 57
69 31 28
69 32 25
69 33 19
69 34 11
69 35 6
69 36 49
69 37 32
69 38 64
69 39 15
69 41 35
69 42 45
69 45 29
69 46 10
69 48 16
69 49 66
69 50 18
69 51 5
69 53 21
69 54 2
69 55 41
69 56 63
69 57 24
69 58 0
69 59 55
69 61 67
69 62 46
69 63 9
69 66 40
69 67 56
69 68 7
69 69 8
