70
0 0 25
0 2 29
0 5 60
0 6 9
0 7 48
0 9 2
0 11 1
0 12 34
0 15 64
0 16 24
0 18 45
0 19 11
0 21 42
0 24 38
0 26 59
0 29 62
0 32 55
0 33 32
0 34 0
0 35 33
0 37 39
0 39 65
0 40 56
0 42 6
0 43 8
0 44 23
0 45 66
0 46 28
0 49 36
0 50 4
0 52 35
0 53 22
0 54 14
0 56 10
0 58 51
0 59 53
0 60 67
0 61 27
0 65 17
0 66 13
0 67 7
0 68 57
0 69 69
1 0 60
1 4 45
1 5 23
1 6 5
1 7 26
1 8 50
1 9 7
1 10 9
1 11 33
1 12 59
1 13 39
1 14 68
1 15 3
1 16 6
1 17 34
1 18 52
1 19 2
1 20 37
1 21 13
1 22 63
1 23 18
1 25 27
1 26 49
1 27 22
1 29 38
1 30 10
1 31 19
1 32 21
1 34 42
1 36 30
1 37 1
1 38 15
1 39 20
1 40 44
1 41 54
1 43 16
1 44 66
1 45 47
1 46 53
1 47 25
1 48 40
1 49 55
1 51 41
1 52 24
1 54 62
1 56 51
1 57 17
1 58 12
1 59 14
1 60 11
1 61 56
1 63 61
1 64 43
1 66 29
1 67 48
1 68 0
1 69 65
2 0 50
2 1 14
2 2 3
2 3 33
2 4 21
2 6 20
2 7 61
2 8 23
2 11 66
2 12 62
2 13 63
2 14 48
2 16 44
2 17 5
2 21 10
2 22 64
2 23 45
2 24 12
2 25 60
2 28 38
2 29 16
2 30 17
2 31 51
2 32 52
2 33 7
2 35 49
2 36 35
2 38 57
2 40 27
2 41 31
2 43 41
2 45 4
2 46 43
2 48 8
2 49 6
2 50 18
2 51 29
2 52 68
2 56 56
2 58 53
2 59 55
2 60 24
2 61 32
2 62 34
2 63 69
2 64 47
2 66 11
2 67 37
2 69 15
3 0 29
3 2 46
3 5 25
3 6 10
3 8 49
3 9 47
3 11 53
3 12 42
3 13 7
3 14 22
3 16 69
3 17 11
3 18 55
3 21 32
3 22 20
3 23 34
3 25 58
3 26 36
3 27 57
3 28 40
3 29 41
3 30 43
3 31 14
3 32 3
3 33 13
3 36 2
3 37 66
3 38 51
3 40 67
3 41 23
3 42 62
3 43 27
3 44 12
3 45 0
3 47 24
3 50 6
3 55 44
3 57 33
3 58 28
3 59 26
3 60 68
3 62 59
3 63 31
3 66 60
3 67 5
4 0 49
4 1 38
4 3 27
4 4 3
4 5 33
4 7 39
4 9 32
4 10 34
4 11 58
4 12 4
4 13 21
4 14 12
4 15 68
4 16 23
4 18 14
4 19 47
4 21 26
4 22 48
4 23 1
4 24 20
4 25 22
4 26 56
4 27 41
4 28 16
4 29 9
4 31 0
4 32 2
4 33 52
4 34 25
4 36 69
4 37 65
4 38 11
4 39 53
4 40 15
4 41 59
4 45 31
4 48 29
4 49 46
4 51 35
4 52 30
4 53 6
4 57 54
4 58 55
4 59 45
4 60 62
4 62 19
4 63 66
4 64 17
4 65 8
4 66 24
4 67 44
4 68 5
4 69 18
5 0 1
5 2 66
5 3 24
5 4 37
5 5 7
5 7 69
5 10 51
5 11 54
5 12 6
5 13 41
5 14 25
5 15 31
5 17 26
5 18 65
5 21 56
5 22 9
5 23 19
5 24 11
5 25 21
5 26 62
5 27 4
5 30 46
5 36 42
5 38 53
5 39 52
5 41 28
5 43 50
5 44 16
5 45 23
5 46 27
5 47 15
5 48 55
5 50 2
5 51 34
5 52 33
5 53 30
5 54 61
5 55 22
5 56 47
5 57 14
5 58 67
5 61 3
5 63 43
5 64 0
5 66 18
5 67 40
5 68 39
5 69 68
6 2 0
6 4 32
6 5 26
6 6 67
6 7 31
6 8 12
6 9 37
6 10 2
6 11 17
6 12 7
6 13 36
6 14 11
6 15 48
6 16 8
6 17 56
6 19 60
6 20 59
6 22 68
6 23 54
6 24 13
6 25 51
6 26 35
6 27 25
6 28 23
6 29 24
6 31 69
6 32 34
6 33 1
6 35 66
6 36 5
6 37 64
6 38 14
6 39 30
6 41 65
6 42 39
6 43 55
6 47 46
6 49 53
6 50 49
6 51 61
6 52 15
6 53 20
6 54 58
6 55 29
6 56 18
6 57 21
6 58 10
6 59 43
6 61 42
6 63 22
6 65 28
6 66 38
6 68 40
6 69 62
7 0 4
7 2 48
7 5 43
7 6 38
7 8 69
7 9 57
7 10 25
7 11 60
7 12 58
7 13 40
7 14 59
7 17 45
7 18 67
7 20 44
7 21 11
7 22 7
7 23 27
7 24 65
7 25 16
7 26 68
7 28 18
7 29 42
7 30 55
7 32 63
7 33 34
7 35 37
7 36 21
7 37 6
7 38 47
7 40 8
7 41 35
7 42 54
7 43 20
7 44 3
7 46 62
7 47 30
7 48 19
7 50 41
7 51 23
7 52 32
7 53 49
7 54 17
7 56 39
7 57 28
7 58 52
7 59 15
7 60 31
7 61 26
7 62 51
7 64 33
7 65 24
7 69 0
8 0 19
8 1 15
8 3 6
8 4 65
8 5 32
8 6 11
8 9 33
8 12 68
8 14 52
8 15 47
8 17 48
8 18 64
8 19 5
8 20 27
8 23 66
8 24 43
8 25 62
8 26 9
8 27 24
8 29 2
8 31 35
8 33 63
8 34 46
8 37 59
8 39 31
8 41 38
8 44 18
8 45 21
8 46 55
8 49 60
8 50 10
8 51 44
8 52 20
8 54 25
8 56 61
8 58 7
8 59 28
8 61 36
8 62 39
8 63 49
8 64 45
8 67 13
8 68 14
8 69 50
9 0 22
9 1 59
9 3 49
9 4 2
9 5 27
9 9 30
9 10 4
9 11 8
9 12 44
9 13 55
9 14 53
9 15 62
9 17 19
9 19 37
9 21 54
9 22 0
9 23 65
9 24 26
9 25 48
9 26 18
9 27 7
9 28 51
9 30 34
9 32 61
9 33 50
9 34 35
9 35 57
9 36 39
9 39 38
9 40 23
9 42 47
9 43 58
9 46 45
9 47 28
9 48 17
9 49 5
9 50 9
9 53 42
9 55 41
9 57 46
9 58 68
9 59 21
9 61 14
9 62 63
9 65 12
9 68 56
9 69 6
10 0 55
10 2 20
10 3 60
10 4 19
10 5 15
10 6 35
10 7 2
10 8 43
10 10 67
10 11 34
10 12 51
10 13 66
10 15 32
10 16 1
10 18 50
10 20 18
10 22 3
10 23 9
10 24 49
10 26 42
10 27 17
10 31 57
10 33 24
10 34 16
10 36 59
10 38 31
10 40 39
10 41 5
10 42 61
10 43 0
10 48 12
10 49 14
10 50 11
10 51 27
10 52 41
10 54 45
10 56 36
10 57 37
10 58 54
10 61 22
10 63 38
10 64 64
10 65 10
10 67 62
11 0 47
11 1 11
11 2 55
11 4 60
11 6 64
11 7 9
11 8 40
11 9 63
11 10 5
11 11 2
11 12 38
11 13 58
11 15 20
11 16 18
11 17 8
11 19 61
11 20 29
11 22 46
11 23 57
11 24 10
11 25 4
11 28 53
11 30 59
11 31 22
11 35 32
11 39 51
11 46 49
11 49 62
11 50 44
11 53 68
11 54 69
11 55 67
11 57 65
11 59 30
11 61 12
11 62 37
11 63 39
11 64 3
11 65 31
11 66 36
11 67 66
11 69 13
12 0 2
12 1 55
12 2 9
12 3 3
12 4 48
12 6 57
12 7 66
12 8 53
12 9 62
12 10 15
12 11 45
12 12 60
12 14 17
12 15 26
12 16 63
12 17 37
12 18 22
12 20 0
12 21 36
12 22 39
12 24 56
12 25 28
12 26 54
12 28 49
12 30 19
12 31 43
12 33 59
12 34 18
12 35 40
12 36 24
12 37 5
12 39 29
12 40 6
12 42 51
12 43 44
12 44 41
12 45 35
12 46 52
12 47 34
12 48 25
12 49 8
12 50 47
12 51 14
12 54 31
12 55 23
12 56 65
12 57 12
12 58 16
12 59 61
12 60 32
12 61 11
12 62 13
12 65 58
12 66 21
12 69 30
13 4 29
13 5 58
13 6 16
13 7 3
13 8 32
13 10 35
13 12 53
13 13 50
13 14 46
13 15 54
13 16 31
13 17 64
13 18 63
13 19 42
13 21 22
13 22 15
13 25 37
13 26 0
13 27 49
13 28 2
13 29 47
13 31 44
13 32 20
13 34 48
13 35 1
13 36 13
13 39 4
13 40 11
13 41 40
13 43 56
13 44 25
13 45 7
13 46 24
13 47 52
13 48 33
13 49 26
13 50 27
13 53 41
13 54 59
13 55 6
13 56 19
13 57 8
13 58 62
13 59 36
13 60 39
13 62 61
13 63 18
13 64 28
13 66 23
13 68 21
13 69 57
14 0 41
14 1 32
14 2 15
14 3 67
14 4 64
14 5 68
14 7 30
14 8 52
14 9 25
14 10 39
14 11 12
14 12 26
14 14 55
14 15 57
14 16 29
14 17 47
14 18 17
14 19 0
14 23 33
14 24 16
14 25 36
14 28 50
14 29 63
14 33 53
14 35 22
14 36 3
14 37 45
14 39 35
14 40 46
14 41 37
14 42 1
14 43 42
14 45 6
14 47 43
14 48 51
14 49 11
14 53 4
14 54 54
14 56 34
14 58 69
14 59 18
14 60 61
14 61 24
14 62 40
14 63 27
14 64 59
14 65 44
14 66 56
14 69 58
15 0 38
15 1 54
15 5 5
15 6 34
15 7 53
15 8 6
15 9 60
15 11 36
15 13 10
15 14 19
15 17 22
15 18 13
15 19 68
15 20 61
15 21 51
15 23 41
15 24 50
15 25 65
15 26 69
15 29 20
15 30 4
15 31 29
15 32 47
15 33 33
15 34 62
15 36 31
15 37 26
15 38 25
15 39 55
15 41 0
15 44 64
15 45 14
15 46 3
15 47 11
15 48 39
15 51 57
15 52 16
15 53 44
15 54 49
15 55 46
15 56 21
15 57 52
15 60 7
15 61 8
15 62 30
15 63 58
15 64 2
15 65 15
15 66 28
15 67 67
15 69 63
16 1 37
16 2 49
16 5 36
16 6 7
16 7 15
16 8 24
16 9 8
16 10 44
16 13 54
16 14 2
16 15 25
16 16 16
16 17 3
16 18 30
16 19 21
16 20 42
16 21 28
16 22 52
16 24 53
16 27 51
16 29 31
16 30 41
16 31 68
16 32 10
16 33 6
16 34 32
16 35 23
16 38 50
16 39 58
16 40 45
16 41 63
16 42 57
16 43 14
16 44 27
16 48 5
16 50 67
16 52 39
16 53 43
16 54 55
16 56 35
16 57 40
16 58 11
16 59 66
16 60 56
16 61 46
16 64 62
16 65 18
16 67 59
16 68 22
16 69 48
17 0 52
17 2 34
17 4 69
17 5 63
17 6 12
17 7 67
17 8 38
17 11 27
17 12 0
17 14 65
17 15 46
17 16 43
17 17 28
17 18 51
17 19 19
17 20 1
17 21 57
17 22 47
17 23 30
17 24 18
17 28 56
17 31 4
17 32 13
17 34 22
17 36 37
17 39 6
17 40 29
17 41 21
17 42 2
17 44 24
17 45 8
17 46 41
17 47 40
17 48 15
17 53 3
17 54 64
17 56 54
17 57 60
17 58 26
17 60 23
17 61 45
17 63 5
17 66 20
17 67 14
17 69 9
18 0 63
18 1 67
18 2 16
18 3 57
18 4 12
18 5 62
18 6 51
18 10 52
18 11 5
18 13 18
18 16 7
18 21 4
18 22 60
18 23 56
18 25 13
18 26 53
18 27 42
18 28 59
18 29 10
18 30 20
18 31 25
18 32 15
18 33 22
18 34 69
18 37 27
18 39 14
18 41 68
18 45 54
18 46 58
18 48 28
18 50 3
18 51 26
18 52 45
18 54 1
18 55 39
18 57 0
18 58 49
18 64 37
18 66 50
18 68 34
18 69 44
19 0 39
19 1 1
19 2 5
19 3 13
19 5 57
19 6 45
19 7 29
19 8 3
19 9 16
19 10 20
19 11 32
19 14 28
19 17 23
19 18 49
19 19 7
19 20 68
19 22 55
19 23 8
19 24 41
19 26 21
19 28 31
19 30 18
19 31 12
19 33 19
19 36 34
19 38 56
19 39 48
19 42 33
19 43 4
19 44 46
19 45 2
19 46 51
19 47 47
19 48 65
19 49 64
19 50 0
19 51 24
19 52 38
19 53 14
19 54 27
19 55 63
19 58 36
19 59 52
19 60 43
19 61 10
19 62 54
19 63 11
19 64 66
19 65 62
19 66 30
19 67 6
19 69 26
20 0 42
20 4 30
20 5 34
20 6 43
20 7 28
20 9 66
20 11 47
20 12 17
20 13 53
20 14 39
20 15 51
20 16 46
20 17 18
20 18 10
20 20 57
20 21 12
20 22 61
20 23 52
20 25 32
20 26 19
20 27 11
20 28 20
20 29 33
20 30 58
20 32 45
20 34 3
20 35 9
20 36 44
20 38 8
20 39 67
20 42 48
20 46 5
20 47 7
20 48 60
20 49 41
20 50 16
20 52 69
20 56 6
20 58 50
20 59 63
20 60 27
20 61 35
20 65 21
20 66 26
20 67 0
20 68 25
20 69 49
21 3 63
21 4 8
21 6 69
21 7 7
21 10 26
21 16 3
21 17 35
21 18 16
21 19 38
21 21 45
21 22 36
21 24 22
21 25 50
21 26 41
21 27 56
21 29 39
21 31 13
21 32 9
21 33 64
21 34 68
21 35 29
21 37 60
21 38 32
21 39 33
21 41 11
21 43 49
21 44 30
21 45 25
21 46 21
21 47 14
21 48 20
21 49 58
21 50 53
21 51 12
21 52 2
21 54 43
21 56 52
21 57 18
21 59 27
21 61 31
21 62 10
21 63 15
21 65 61
21 66 48
21 68 66
21 69 1
22 0 40
22 2 26
22 3 39
22 4 23
22 5 67
22 6 27
22 7 6
22 8 60
22 9 61
22 10 45
22 12 46
22 13 9
22 14 47
22 15 0
22 16 54
22 19 18
22 20 30
22 21 21
22 22 58
22 23 11
22 24 48
22 25 38
22 26 13
22 28 69
22 29 17
22 30 5
22 31 52
22 32 44
22 35 31
22 36 62
22 38 42
22 39 43
22 40 22
22 41 56
22 42 10
22 43 34
22 46 15
22 47 35
22 48 1
22 49 20
22 52 14
22 53 24
22 54 33
22 55 59
22 56 55
22 57 16
22 59 51
22 61 4
22 62 41
22 64 68
22 65 19
22 67 64
22 69 12
23 1 19
23 4 1
23 5 69
23 6 68
23 7 38
23 8 65
23 9 11
23 10 8
23 11 7
23 12 39
23 13 5
23 14 21
23 15 9
23 16 27
23 19 58
23 22 26
23 23 22
23 24 33
23 26 2
23 27 40
23 28 44
23 29 46
23 30 54
23 31 59
23 33 51
23 34 6
23 36 17
23 38 34
23 40 32
23 41 14
23 42 55
23 43 37
23 45 29
23 46 64
23 49 50
23 53 47
23 54 63
23 57 45
23 59 35
23 60 36
23 61 28
23 62 15
23 63 67
23 65 20
23 66 41
23 68 10
23 69 25
24 0 5
24 1 31
24 2 57
24 3 46
24 6 65
24 11 26
24 12 11
24 13 22
24 14 51
24 15 16
24 17 49
24 18 23
24 19 8
24 20 6
24 22 66
24 23 36
24 25 24
24 26 20
24 28 19
24 29 53
24 32 37
24 33 45
24 37 15
24 38 28
24 40 68
24 42 4
24 43 69
24 44 33
24 45 39
24 46 38
24 47 58
24 49 3
24 50 59
24 53 60
24 54 42
24 55 18
24 56 0
24 57 32
24 58 44
24 60 13
24 63 48
24 64 25
24 65 40
24 67 21
24 68 52
24 69 64
25 1 0
25 2 45
25 4 18
25 7 59
25 9 24
25 10 47
25 11 49
25 12 10
25 13 17
25 14 27
25 15 14
25 18 42
25 19 56
25 21 3
25 22 37
25 23 16
25 24 55
25 26 48
25 28 52
25 31 2
25 32 32
25 33 4
25 34 67
25 35 43
25 36 33
25 37 61
25 38 21
25 40 63
25 41 6
25 43 7
25 44 53
25 45 46
25 47 62
25 48 31
25 49 15
25 50 60
25 51 11
25 52 44
25 53 29
25 56 23
25 57 66
25 58 30
25 59 20
25 60 28
25 61 65
25 62 58
25 63 57
25 65 50
25 68 19
25 69 5
26 1 66
26 3 38
26 5 59
26 6 55
26 7 63
26 9 36
26 10 50
26 11 42
26 14 33
26 15 58
26 16 30
26 17 6
26 18 48
26 20 11
26 21 52
26 24 25
26 25 64
26 26 60
26 27 21
26 28 26
26 29 8
26 31 45
26 32 12
26 33 62
26 34 41
26 35 27
26 36 1
26 37 53
26 38 23
26 39 34
26 40 43
26 41 20
26 43 3
26 45 16
26 47 54
26 48 24
26 49 22
26 50 51
26 51 9
26 52 4
26 54 35
26 55 19
26 56 67
26 57 15
26 58 57
26 60 46
26 61 61
26 62 31
26 63 0
26 65 65
26 67 39
26 69 32
27 0 14
27 2 21
27 3 55
27 5 8
27 7 13
27 8 45
27 12 32
27 15 34
27 16 60
27 17 51
27 18 31
27 19 23
27 23 6
27 25 11
27 26 63
27 27 66
27 29 36
27 32 17
27 34 33
27 35 38
27 37 4
27 38 58
27 39 9
27 40 37
27 41 25
27 42 67
27 43 15
27 44 42
27 45 68
27 46 0
27 47 53
27 48 16
27 49 28
27 50 39
27 52 62
27 53 10
27 54 26
27 55 47
27 56 12
27 57 27
27 59 69
27 60 59
27 62 56
27 64 5
27 65 7
27 66 2
27 67 29
28 0 30
28 1 48
28 2 8
28 3 69
28 4 16
28 6 41
28 7 40
28 8 29
28 10 32
28 12 27
28 13 37
28 14 38
28 16 57
28 18 43
28 20 33
28 21 65
28 22 18
28 24 21
28 26 39
28 28 58
28 29 13
28 30 25
28 31 66
28 32 5
28 33 20
28 35 44
28 37 34
28 38 60
28 40 50
28 41 10
28 42 9
28 43 2
28 44 47
28 47 22
28 49 23
28 50 55
28 52 42
28 53 19
28 54 7
28 55 0
28 56 59
28 57 6
28 58 17
28 59 46
28 60 1
28 61 68
28 62 12
28 63 28
28 64 11
28 65 54
28 66 31
28 67 45
28 69 36
29 1 12
29 3 66
29 4 49
29 6 44
29 7 51
29 8 4
29 12 22
29 13 65
29 14 24
29 15 11
29 17 59
29 18 60
29 19 25
29 20 54
29 21 17
29 22 28
29 25 20
29 26 29
29 27 18
29 29 19
29 31 32
29 32 42
29 33 21
29 34 37
29 35 68
29 36 56
29 38 41
29 40 5
29 41 61
29 42 23
29 43 33
29 44 55
29 45 36
29 46 40
29 50 14
29 51 46
29 52 31
29 53 34
29 54 67
29 55 8
29 56 58
29 57 47
29 58 39
29 59 16
29 60 52
29 61 53
29 62 38
29 64 10
29 66 9
29 67 26
29 68 45
30 1 5
30 3 7
30 4 28
30 5 45
30 7 24
30 12 43
30 14 14
30 15 6
30 16 52
30 17 57
30 18 25
30 20 55
30 21 39
30 22 41
30 23 64
30 25 56
30 26 46
30 28 42
30 29 27
30 30 67
30 32 35
30 36 36
30 38 59
30 39 19
30 40 12
30 44 51
30 45 34
30 46 26
30 47 20
30 48 62
30 50 38
30 51 54
30 52 58
30 53 2
30 55 31
30 56 66
30 57 48
30 60 21
30 61 33
30 62 53
30 63 23
30 64 61
30 66 68
30 67 18
30 68 69
30 69 60
31 2 67
31 3 62
31 4 4
31 6 3
31 7 32
31 8 1
31 9 54
31 10 65
31 11 11
31 13 69
31 15 7
31 16 33
31 17 40
31 18 34
31 19 14
31 21 19
31 22 29
31 24 24
31 26 50
31 27 12
31 28 41
31 29 57
31 31 26
31 32 27
31 33 9
31 34 36
31 37 68
31 38 55
31 41 53
31 42 63
31 43 64
31 44 28
31 47 2
31 49 43
31 52 0
31 53 21
31 54 51
31 57 44
31 58 37
31 59 56
31 60 48
31 63 6
31 66 15
31 68 16
31 69 31
32 0 67
32 1 40
32 2 47
32 3 12
32 7 8
32 8 22
32 10 61
32 11 31
32 12 50
32 13 59
32 14 41
32 15 38
32 16 11
32 17 69
32 18 20
32 19 55
32 20 63
32 22 21
32 23 43
32 25 35
32 26 66
32 27 44
32 28 3
32 30 15
32 32 33
32 33 18
32 34 28
32 35 19
32 36 51
32 37 58
32 38 45
32 41 17
32 42 29
32 48 54
32 49 7
32 51 6
32 52 56
32 53 64
32 54 34
32 55 37
32 56 46
32 57 26
32 58 5
32 62 49
32 64 24
32 66 4
32 67 9
32 69 16
33 2 7
33 3 44
33 4 5
33 5 2
33 6 66
33 7 52
33 10 60
33 11 48
33 12 24
33 13 43
33 16 19
33 17 46
33 18 37
33 19 39
33 20 64
33 21 20
33 22 16
33 23 13
33 24 58
33 25 15
33 26 14
33 28 8
33 29 29
33 31 41
33 32 30
33 33 0
33 34 57
33 35 6
33 36 26
33 38 33
33 39 28
33 40 18
33 42 25
33 44 56
33 47 67
33 48 42
33 50 65
33 51 36
33 52 3
33 53 69
33 54 68
33 55 21
33 56 4
33 58 40
33 61 34
33 63 12
33 65 9
33 66 54
33 67 10
33 69 11
34 0 0
34 1 2
34 2 1
34 4 11
34 6 40
34 7 23
34 8 62
34 9 46
34 13 29
34 14 30
34 15 12
34 16 61
34 17 58
34 19 13
34 20 69
34 21 48
34 24 4
34 25 63
34 26 27
34 28 34
34 29 5
34 31 39
34 32 41
34 35 10
34 37 18
34 38 52
34 39 66
34 40 42
34 43 68
34 44 36
34 45 55
34 48 21
34 49 45
34 50 32
34 51 22
34 52 37
34 53 35
34 54 15
34 55 7
34 56 9
34 57 43
34 59 54
34 60 3
34 61 50
34 63 14
34 64 6
34 66 44
34 67 17
34 68 24
35 0 45
35 1 58
35 2 61
35 3 0
35 5 44
35 6 18
35 12 47
35 13 4
35 15 52
35 17 15
35 19 57
35 20 56
35 21 59
35 22 19
35 23 42
35 25 49
35 26 30
35 27 53
35 28 12
35 30 40
35 31 63
35 33 43
35 37 41
35 38 3
35 39 8
35 40 31
35 41 39
35 43 5
35 44 60
35 45 48
35 46 11
35 49 38
35 50 25
35 51 65
35 54 13
35 55 9
35 57 64
35 58 2
35 59 62
35 60 29
35 62 1
35 63 54
35 64 16
35 65 27
35 66 32
35 67 69
35 68 26
36 0 13
36 1 16
36 4 46
36 7 43
36 9 17
36 10 53
36 12 31
36 13 12
36 14 57
36 15 40
36 16 41
36 17 21
36 18 62
36 19 35
36 21 15
36 22 33
36 23 59
36 24 39
36 25 1
36 26 67
36 29 37
36 30 27
36 31 20
36 33 42
36 34 26
36 35 58
36 36 54
36 37 8
36 38 36
36 40 19
36 41 32
36 43 6
36 44 4
36 45 49
36 46 56
36 48 9
36 49 65
36 50 68
36 51 69
36 52 50
36 54 23
36 55 60
36 56 45
36 58 63
36 60 10
36 62 2
36 63 7
36 65 25
36 67 34
36 68 30
36 69 28
37 0 12
37 1 20
37 2 31
37 5 49
37 6 54
37 7 17
37 8 18
37 9 67
37 10 68
37 11 23
37 12 65
37 14 1
37 16 15
37 17 63
37 18 5
37 20 39
37 21 34
37 23 58
37 26 22
37 28 37
37 29 28
37 31 55
37 32 62
37 33 2
37 35 52
37 37 25
37 38 66
37 41 46
37 42 11
37 43 24
37 45 45
37 46 69
37 47 64
37 50 13
37 51 60
37 52 51
37 53 7
37 54 47
37 55 50
37 56 16
37 57 57
37 59 40
37 62 48
37 63 19
37 64 8
37 66 6
37 67 35
37 69 4
38 0 51
38 1 29
38 3 43
38 4 67
38 6 8
38 7 11
38 8 10
38 9 12
38 12 21
38 14 32
38 16 38
38 17 20
38 18 9
38 19 15
38 21 35
38 23 44
38 24 23
38 26 34
38 27 59
38 29 22
38 30 7
38 31 28
38 33 48
38 35 0
38 36 50
38 37 33
38 41 27
38 42 3
38 44 58
38 45 62
38 47 6
38 49 68
38 50 69
38 51 18
38 52 52
38 53 65
38 55 30
38 56 26
38 57 36
38 58 13
38 60 45
38 63 40
38 66 19
38 68 42
39 2 13
39 3 42
39 4 62
39 6 48
39 7 60
39 10 7
39 12 37
39 13 47
39 14 54
39 15 50
39 16 28
39 17 24
39 19 44
39 22 34
39 23 21
39 25 52
39 26 45
39 27 29
39 28 30
39 29 1
39 30 69
39 34 58
39 36 16
39 37 0
39 39 32
39 41 33
39 43 38
39 44 39
39 45 26
39 46 19
39 47 18
39 48 36
39 50 17
39 52 40
39 55 11
39 56 22
39 57 10
39 59 3
39 60 8
39 61 2
39 62 57
39 64 15
39 66 25
39 67 20
39 68 31
39 69 51
40 0 69
40 2 2
40 3 68
40 5 12
40 6 31
40 7 58
40 8 64
40 9 18
40 10 19
40 11 25
40 16 39
40 17 1
40 18 66
40 19 45
40 21 16
40 25 42
40 26 17
40 28 36
40 30 28
40 31 3
40 32 29
40 33 35
40 34 21
40 35 14
40 36 22
40 38 26
40 39 63
40 40 13
40 41 51
40 42 56
40 44 44
40 46 47
40 47 59
40 48 7
40 49 54
40 52 65
40 53 32
40 55 62
40 56 27
40 57 4
40 58 46
40 59 34
40 60 6
40 61 60
40 65 5
40 66 61
40 68 8
40 69 67
41 0 56
41 1 44
41 4 42
41 6 58
41 7 62
41 9 21
41 10 11
41 12 5
41 13 26
41 14 20
41 16 4
41 17 68
41 18 6
41 20 17
41 22 53
41 24 31
41 27 47
41 31 48
41 33 29
41 34 43
41 35 24
41 36 18
41 39 49
41 40 9
41 41 13
41 42 50
41 43 54
41 44 67
41 49 52
41 54 32
41 58 60
41 60 0
41 62 55
41 63 8
41 64 39
41 65 59
41 67 63
41 68 15
41 69 10
42 0 3
42 1 34
42 3 20
42 6 14
42 9 58
42 10 48
42 11 21
42 12 41
42 13 38
42 14 60
42 15 65
42 16 36
42 18 39
42 19 6
42 21 31
42 23 2
42 24 8
42 25 68
42 27 67
42 30 52
42 31 42
42 32 57
42 33 25
42 35 63
42 36 0
42 37 46
42 40 53
42 41 66
42 44 11
42 46 37
42 47 4
42 49 10
42 50 45
42 51 40
42 53 28
42 54 30
42 55 13
42 56 69
42 57 62
42 59 33
42 60 26
42 61 44
42 62 16
42 64 54
42 66 55
42 67 49
42 68 18
42 69 35
43 0 6
43 2 22
43 3 14
43 4 26
43 5 37
43 6 28
43 7 10
43 8 44
43 9 15
43 11 0
43 12 3
43 13 68
43 15 60
43 16 51
43 17 2
43 18 46
43 19 29
43 20 34
43 21 18
43 22 5
43 24 7
43 25 55
43 27 9
43 29 58
43 34 56
43 35 13
43 36 53
43 38 69
43 40 66
43 42 64
43 43 25
43 46 42
43 47 32
43 48 59
43 49 39
43 50 1
43 52 11
43 54 24
43 55 57
43 57 23
43 58 33
43 59 38
43 60 35
43 61 52
43 62 17
43 63 47
43 64 48
43 65 67
43 66 65
43 67 41
43 68 50
43 69 19
44 0 54
44 2 6
44 9 38
44 10 24
44 11 40
44 12 23
44 13 28
44 17 43
44 22 51
44 23 69
44 25 30
44 26 15
44 27 55
44 28 61
44 29 3
44 31 37
44 32 48
44 34 39
44 35 56
44 36 65
44 38 49
44 39 17
44 40 25
44 41 8
44 44 59
44 45 13
44 49 9
44 51 47
44 53 26
44 55 33
44 56 7
44 58 19
44 59 10
44 60 60
44 61 21
44 63 52
44 65 63
44 66 46
44 67 42
44 69 14
45 1 3
45 3 11
45 4 53
45 7 56
45 9 43
45 10 30
45 11 13
45 12 69
45 14 10
45 16 21
45 17 55
45 18 47
45 19 40
45 20 60
45 21 6
45 24 37
45 26 51
45 27 68
45 28 22
45 29 59
45 32 26
45 33 8
45 34 12
45 38 20
45 40 2
45 41 48
45 42 28
45 44 62
45 45 44
45 46 25
45 47 9
45 48 66
45 49 0
45 51 31
45 52 29
45 53 52
45 54 36
45 55 34
45 56 5
45 57 41
45 58 14
45 59 4
45 61 7
45 62 45
45 64 19
45 65 38
45 66 42
45 67 54
45 68 61
45 69 17
46 0 58
46 2 52
46 5 65
46 6 63
46 7 49
46 8 68
46 9 39
46 11 15
46 12 8
46 13 13
46 15 24
46 16 0
46 17 7
46 18 12
46 19 53
46 20 4
46 21 64
46 23 47
46 25 2
46 26 26
46 27 5
46 28 10
46 30 23
46 31 40
46 32 18
46 33 55
46 36 43
46 37 56
46 41 44
46 42 14
46 43 61
46 44 19
46 46 29
46 50 57
46 52 21
46 53 66
46 54 50
46 56 28
46 57 59
46 60 38
46 61 54
46 62 69
46 63 45
46 64 30
46 65 6
46 66 1
46 67 27
46 68 35
46 69 42
47 1 39
47 2 42
47 3 50
47 4 63
47 5 66
47 7 45
47 8 2
47 9 19
47 10 54
47 12 33
47 14 61
47 15 27
47 16 32
47 17 44
47 19 41
47 21 29
47 23 35
47 24 67
47 25 69
47 27 20
47 28 55
47 29 60
47 30 22
47 32 53
47 33 15
47 35 7
47 36 14
47 37 52
47 38 30
47 40 17
47 41 47
47 43 40
47 44 26
47 45 28
47 46 12
47 47 36
47 48 0
47 49 49
47 51 68
47 52 23
47 53 5
47 55 58
47 56 31
47 57 25
47 59 37
47 60 51
47 61 1
47 62 6
47 63 9
47 64 57
47 66 43
47 67 46
47 68 13
48 0 46
48 1 43
48 2 40
48 3 25
48 4 41
48 5 9
48 7 16
48 10 55
48 12 15
48 14 64
48 15 45
48 17 0
48 19 20
48 20 31
48 21 66
48 22 8
48 24 28
48 26 47
48 27 10
48 29 61
48 30 62
48 31 54
48 32 51
48 34 23
48 35 12
48 36 68
48 38 44
48 40 24
48 43 30
48 44 32
48 45 52
48 46 14
48 47 33
48 48 11
48 49 69
48 50 50
48 51 13
48 52 6
48 53 53
48 57 49
48 58 21
48 59 17
48 61 63
48 62 7
48 64 34
48 65 1
48 66 57
48 68 4
48 69 22
49 0 7
49 2 54
49 3 52
49 4 59
49 6 0
49 7 18
49 8 26
49 11 6
49 12 25
49 13 1
49 14 42
49 15 56
49 16 62
49 18 53
49 19 46
49 20 23
49 21 30
49 23 68
49 24 32
49 26 33
49 27 16
49 28 13
49 29 34
49 30 14
49 31 36
49 32 69
49 33 66
49 34 31
49 35 60
49 36 64
49 37 3
49 38 39
49 39 24
49 40 65
49 41 43
49 42 58
49 43 45
49 44 15
49 45 19
49 46 50
49 47 55
49 48 67
49 49 4
49 50 37
49 52 63
49 53 48
49 54 10
49 55 61
49 58 9
49 59 2
49 60 12
49 61 20
49 63 21
49 64 38
49 65 41
49 68 11
49 69 29
50 0 28
50 1 51
50 2 58
50 3 48
50 4 40
50 7 64
50 8 9
50 10 36
50 11 19
50 12 57
50 14 23
50 15 1
50 16 20
50 17 25
50 18 21
50 19 69
50 21 62
50 22 56
50 23 26
50 26 65
50 27 15
50 28 67
50 29 44
50 30 3
50 32 39
50 33 17
50 34 55
50 35 2
50 37 31
50 38 7
50 39 54
50 40 60
50 41 4
50 43 35
50 44 10
50 46 6
50 47 38
50 50 46
50 51 53
50 52 34
50 53 50
50 54 12
50 55 24
50 56 49
50 57 30
50 59 11
50 60 37
50 61 5
50 62 33
50 63 13
50 64 52
50 65 68
50 67 22
50 68 43
50 69 27
51 0 53
51 1 56
51 2 44
51 4 43
51 5 19
51 6 23
51 9 69
51 10 66
51 11 41
51 13 25
51 14 37
51 15 18
51 18 15
51 19 48
51 20 62
51 21 14
51 22 6
51 23 31
51 24 9
51 25 39
51 27 58
51 28 4
51 29 21
51 30 68
51 32 65
51 35 26
51 37 55
51 38 22
51 39 40
51 40 52
51 41 7
51 43 10
51 44 63
51 45 42
51 47 13
51 48 27
51 49 17
51 50 12
51 51 59
51 53 0
51 54 29
51 55 3
51 56 24
51 57 1
51 59 57
51 61 38
51 62 8
51 63 32
51 64 46
51 65 11
51 67 61
51 68 51
52 0 59
52 1 61
52 2 69
52 3 9
52 4 15
52 5 29
52 6 53
52 8 25
52 9 0
52 11 18
52 13 19
52 14 31
52 15 42
52 16 26
52 17 52
52 18 35
52 19 43
52 20 24
52 21 33
52 22 1
52 24 6
52 26 40
52 27 62
52 29 65
52 30 13
52 31 67
52 34 7
52 35 54
52 36 32
52 39 68
52 40 10
52 41 49
52 42 30
52 43 17
52 44 37
52 45 60
52 46 44
52 47 56
52 48 47
52 49 2
52 50 36
52 51 38
52 52 22
52 54 48
52 55 28
52 56 20
52 57 63
52 58 27
52 59 8
52 63 4
52 64 51
52 68 12
52 69 45
53 1 42
53 2 37
53 3 56
53 5 39
53 9 6
53 10 17
53 11 38
53 13 67
53 15 36
53 16 47
53 17 4
53 19 9
53 20 10
53 21 43
53 22 62
53 23 50
53 25 57
53 26 61
53 27 2
53 28 24
53 29 54
53 31 34
53 32 66
53 33 11
53 35 21
53 36 40
53 37 63
53 38 13
53 39 45
53 40 3
53 43 12
53 45 22
53 46 18
53 47 8
53 48 44
53 50 15
53 51 58
53 53 51
53 55 1
53 57 5
53 58 48
53 59 7
53 61 49
53 64 32
53 65 30
53 67 16
53 68 23
53 69 46
54 0 21
54 1 47
54 2 27
54 3 16
54 4 54
54 5 48
54 7 4
54 8 61
54 9 29
54 10 33
54 11 56
54 14 40
54 16 65
54 17 10
54 18 44
54 19 36
54 20 2
54 21 25
54 22 12
54 24 30
54 25 19
54 26 6
54 28 32
54 30 0
54 32 22
54 33 5
54 34 52
54 35 53
54 36 7
54 37 43
54 40 38
54 42 68
54 43 67
54 45 58
54 46 1
54 52 9
54 53 57
54 54 11
54 57 31
54 59 42
54 61 66
54 62 24
54 63 62
54 65 35
54 67 23
54 68 20
54 69 41
55 0 27
55 1 41
55 4 9
55 7 37
55 11 3
55 12 61
55 14 6
55 16 68
55 18 8
55 21 2
55 22 24
55 23 53
55 24 45
55 25 29
55 26 57
55 27 64
55 28 0
55 29 14
55 30 42
55 31 49
55 32 59
55 33 26
55 34 54
55 35 55
55 36 10
55 37 36
55 39 11
55 40 28
55 42 34
55 43 63
55 44 35
55 45 65
55 47 69
55 48 50
55 49 1
55 50 40
55 51 48
55 52 60
55 53 15
55 55 25
55 57 58
55 59 5
55 60 22
55 61 51
55 62 18
55 63 30
55 64 31
55 66 47
55 69 21
56 2 56
56 3 45
56 5 21
56 6 60
56 7 54
56 8 59
56 9 55
56 10 38
56 13 24
56 14 26
56 15 5
56 17 39
56 19 22
56 20 48
56 21 0
56 22 57
56 23 10
56 24 29
56 25 17
56 26 7
56 27 28
56 28 47
56 29 66
56 30 61
56 32 1
56 33 40
56 35 25
56 36 20
56 37 2
56 39 23
56 40 58
56 41 36
56 45 12
56 46 30
56 47 16
56 48 69
56 49 42
56 50 19
56 51 43
56 52 64
56 53 31
56 54 9
56 55 14
56 56 15
56 58 6
56 59 68
56 60 34
56 61 41
56 62 52
56 63 35
56 64 67
56 68 32
56 69 37
57 0 15
57 1 28
57 2 63
57 6 24
57 8 58
57 10 0
57 12 66
57 13 48
57 14 56
57 15 19
57 16 53
57 17 9
57 18 36
57 19 52
57 20 22
57 21 8
57 23 40
57 24 54
57 25 6
57 26 31
57 27 37
57 28 21
57 31 11
57 32 38
57 33 69
57 34 13
57 36 25
57 37 29
57 38 61
57 39 2
57 40 49
57 41 30
57 42 20
57 44 57
57 45 10
57 46 68
57 48 14
57 49 16
57 51 67
57 52 47
57 53 33
57 54 3
57 55 55
57 59 32
57 60 4
57 61 59
57 64 12
57 66 17
57 67 1
57 68 41
57 69 7
58 0 57
58 2 62
58 3 2
58 4 7
58 6 17
58 7 50
58 8 63
58 10 14
58 11 52
58 12 29
58 13 56
58 17 65
58 21 44
58 22 23
58 23 3
58 24 5
58 25 43
58 26 25
58 27 8
58 29 48
58 30 30
58 32 0
58 33 12
58 36 15
58 37 40
58 38 54
58 39 64
58 41 45
58 44 31
58 46 59
58 47 42
58 48 49
58 50 28
58 52 1
58 53 39
58 55 26
58 56 32
58 57 13
58 58 20
58 59 58
58 60 47
58 61 67
58 63 46
58 65 60
58 66 34
58 68 33
58 69 53
59 0 64
59 1 13
59 2 50
59 3 10
59 4 55
59 5 11
59 6 47
59 8 41
59 9 22
59 10 28
59 11 30
59 12 36
59 13 52
59 15 33
59 17 42
59 18 18
59 20 35
59 21 27
59 22 45
59 25 8
59 28 7
59 29 26
59 30 24
59 31 61
59 32 6
59 33 16
59 35 69
59 36 49
59 38 0
59 39 1
59 40 40
59 41 57
59 42 19
59 43 21
59 44 38
59 46 46
59 48 3
59 49 51
59 51 15
59 52 66
59 57 56
59 61 58
59 62 9
59 63 17
59 64 23
59 65 39
59 66 37
59 67 2
59 68 60
59 69 59
60 1 53
60 4 57
60 5 13
60 6 52
60 7 14
60 8 56
60 9 4
60 10 12
60 11 39
60 14 3
60 15 55
60 16 5
60 17 36
60 18 68
60 19 34
60 20 46
60 21 69
60 22 35
60 23 61
60 24 63
60 26 38
60 27 30
60 28 33
60 29 51
60 30 16
60 32 8
60 33 28
60 34 19
60 35 41
60 37 54
60 38 27
60 39 0
60 41 42
60 42 31
60 44 1
60 45 37
60 46 32
60 47 66
60 50 22
60 51 50
60 52 43
60 53 17
60 55 10
60 59 49
60 60 9
60 62 20
60 64 44
60 66 45
60 67 15
60 68 48
60 69 24
61 0 10
61 1 7
61 2 64
61 4 39
61 5 4
61 6 56
61 7 57
61 8 28
61 10 27
61 11 9
61 12 30
61 13 11
61 14 49
61 15 66
61 19 24
61 20 58
61 21 40
61 22 50
61 26 3
61 27 69
61 28 63
61 31 16
61 32 19
61 33 31
61 34 14
61 36 60
61 37 38
61 38 2
61 39 22
61 42 21
61 44 61
61 47 5
61 49 44
61 51 20
61 52 59
61 53 36
61 55 48
61 56 1
61 57 68
61 58 43
61 59 65
61 60 15
61 61 6
61 62 62
61 63 53
61 64 35
61 65 13
61 66 67
61 67 51
61 68 29
61 69 47
62 0 20
62 1 69
62 3 1
62 5 28
62 7 34
62 8 35
62 9 53
62 10 6
62 11 62
62 12 49
62 14 58
62 15 22
62 16 59
62 18 0
62 19 27
62 20 12
62 22 40
62 23 37
62 24 19
62 26 8
62 27 38
62 28 68
62 29 18
62 30 2
62 31 17
62 32 46
62 33 3
62 35 4
62 38 10
62 39 21
62 40 26
62 41 16
62 42 42
62 44 13
62 45 43
62 46 57
62 47 48
62 48 52
62 49 31
62 50 54
62 51 39
62 53 56
62 54 44
62 55 32
62 56 63
62 57 67
62 58 41
62 59 9
62 60 66
62 62 65
62 63 50
62 64 29
62 65 47
62 66 64
62 67 60
62 68 7
63 1 24
63 2 25
63 3 54
63 5 56
63 7 44
63 8 5
63 9 28
63 10 3
63 13 23
63 16 64
63 17 29
63 18 69
63 19 63
63 22 10
63 23 15
63 24 46
63 26 52
63 27 60
63 28 11
63 29 32
63 30 6
63 31 30
63 33 68
63 35 59
63 36 38
63 37 21
63 38 62
63 40 7
63 41 1
63 42 37
63 43 43
63 48 48
63 49 13
63 51 0
63 52 36
63 53 58
63 54 66
63 55 12
63 56 40
63 57 39
63 58 61
63 59 22
63 62 50
63 63 51
63 64 26
63 65 14
63 66 53
63 67 31
63 68 55
64 0 36
64 3 4
64 4 24
64 5 22
64 6 26
64 7 42
64 8 55
64 11 28
64 13 31
64 15 43
64 16 48
64 17 33
64 18 61
64 19 32
64 20 65
64 22 30
64 26 11
64 28 60
64 29 56
64 30 47
64 31 10
64 32 7
64 34 29
64 36 9
64 37 50
64 39 3
64 42 0
64 43 59
64 44 21
64 45 51
64 47 44
64 49 34
64 50 8
64 51 66
64 52 67
64 53 63
64 54 57
64 55 54
64 57 38
64 58 15
64 59 19
64 60 20
64 61 13
64 64 69
64 65 2
64 66 52
64 68 1
64 69 39
65 1 64
65 3 15
65 4 34
65 5 61
65 6 36
65 7 12
65 9 49
65 10 10
65 11 43
65 13 14
65 14 63
65 15 8
65 16 9
65 17 17
65 18 40
65 19 26
65 20 53
65 22 2
65 23 7
65 24 27
65 25 5
65 26 23
65 27 39
65 28 35
65 29 6
65 30 21
65 31 47
65 32 68
65 34 66
65 37 22
65 40 0
65 41 29
65 42 32
65 43 51
65 44 69
65 45 59
65 46 54
65 47 45
65 50 31
65 51 62
65 53 55
65 54 28
65 55 52
65 56 13
65 57 20
65 58 1
65 60 30
65 61 16
65 64 60
65 65 33
65 68 38
66 0 16
66 5 3
66 6 6
66 8 51
66 9 68
66 10 41
66 13 45
66 14 7
66 16 49
66 17 54
66 18 32
66 21 55
66 22 17
66 24 44
66 26 1
66 27 13
66 28 48
66 29 35
66 32 58
66 33 39
66 34 27
66 36 46
66 37 12
66 38 19
66 39 69
66 40 59
66 41 15
66 42 40
66 45 11
66 46 34
66 47 0
66 48 61
66 51 10
66 53 18
66 56 37
66 57 2
66 58 23
66 60 63
66 61 29
66 63 60
66 64 36
66 65 42
66 66 22
66 67 57
67 1 52
67 2 53
67 3 37
67 5 40
67 6 61
67 7 65
67 8 11
67 9 42
67 10 13
67 11 68
67 12 14
67 13 57
67 14 5
67 15 29
67 16 10
67 17 32
67 18 58
67 19 64
67 23 49
67 24 47
67 25 7
67 28 39
67 30 51
67 31 31
67 32 54
67 33 27
67 34 1
67 35 50
67 37 44
67 38 6
67 39 18
67 41 67
67 42 69
67 43 60
67 44 45
67 45 20
67 46 48
67 47 17
67 48 43
67 49 19
67 50 34
67 51 25
67 53 8
67 54 16
67 55 56
67 58 38
67 59 23
67 60 2
67 61 15
67 62 36
67 63 3
67 65 55
67 66 63
67 68 59
67 69 66
68 0 11
68 1 21
68 2 14
68 3 26
68 5 46
68 7 25
68 8 19
68 10 1
68 11 10
68 13 33
68 15 49
68 17 13
68 18 54
68 19 12
68 20 36
68 22 32
68 23 5
68 24 60
68 26 55
68 27 23
68 28 15
68 30 8
68 31 58
68 32 31
68 33 57
68 34 59
68 35 67
68 36 27
68 37 69
68 38 48
68 40 51
68 41 24
68 42 52
68 43 9
68 44 7
68 45 30
68 46 39
68 47 3
68 48 4
68 49 63
68 50 20
68 51 17
68 52 53
68 53 37
68 57 35
68 58 42
68 62 44
68 63 56
68 65 29
68 66 0
68 67 43
68 68 6
69 0 37
69 1 22
69 3 34
69 4 31
69 5 17
69 7 27
69 9 14
69 11 69
69 12 54
69 13 30
69 15 63
69 17 50
69 18 4
69 21 23
69 22 43
69 23 29
69 24 61
69 25 12
69 27 52
69 29 7
69 30 32
69 31 33
69 32 11
69 33 67
69 34 15
69 35 51
69 36 66
69 37 10
69 39 46
69 41 41
69 42 60
69 45 56
69 46 36
69 47 1
69 48 13
69 49 40
69 50 35
69 51 45
69 53 16
69 56 48
69 57 53
69 64 58
69 66 39
69 67 38
69 68 47
