70
0 0 32
0 1 31
0 5 57
0 7 1
0 11 62
0 14 25
0 16 21
0 17 0
0 20 58
0 21 60
0 33 38
0 40 50
0 41 53
0 42 29
0 46 65
0 50 44
0 65 41
0 66 63
0 67 17
0 69 7
1 0 23
1 3 43
1 7 20
1 17 69
1 19 22
1 20 27
1 22 1
1 30 33
1 31 62
1 34 5
1 36 9
1 40 2
1 42 10
1 43 42
1 44 18
1 46 35
1 54 13
1 56 11
1 58 29
1 61 41
1 63 59
1 66 52
1 67 37
2 0 58
2 1 23
2 3 29
2 4 5
2 7 24
2 13 49
2 14 47
2 16 53
2 20 16
2 26 39
2 29 34
2 33 54
2 34 68
2 38 11
2 40 52
2 43 1
2 47 27
2 50 21
2 53 46
2 54 6
2 55 9
2 57 26
2 59 48
2 61 64
2 62 28
2 67 4
3 1 52
3 6 61
3 7 57
3 8 14
3 9 28
3 10 58
3 12 69
3 13 34
3 16 55
3 18 18
3 19 47
3 27 6
3 31 17
3 39 13
3 46 51
3 47 40
3 48 59
3 49 33
3 51 26
3 53 27
3 62 8
3 64 36
3 66 20
3 67 44
4 1 3
4 7 52
4 9 21
4 10 12
4 13 48
4 15 39
4 17 27
4 19 0
4 22 2
4 34 10
4 36 15
4 37 31
4 40 69
4 45 61
4 47 49
4 55 16
4 58 7
4 59 66
4 61 4
4 62 64
4 68 56
5 0 24
5 2 11
5 4 26
5 9 65
5 16 15
5 18 14
5 20 51
5 21 67
5 22 32
5 26 31
5 29 41
5 32 60
5 41 49
5 43 12
5 44 8
5 46 6
5 48 38
5 49 66
5 50 4
5 53 39
5 56 7
5 59 28
5 61 10
5 63 29
5 66 25
6 0 9
6 1 4
6 6 41
6 11 20
6 12 30
6 15 32
6 18 68
6 21 35
6 23 49
6 28 22
6 38 50
6 42 53
6 46 27
6 48 16
6 49 17
6 57 13
7 1 20
7 4 16
7 7 22
7 9 7
7 13 18
7 18 35
7 20 36
7 22 56
7 28 26
7 31 3
7 34 61
7 37 51
7 38 42
7 42 5
7 46 47
7 49 23
7 50 32
7 54 33
7 65 49
7 66 9
7 69 28
8 1 25
8 10 17
8 12 60
8 15 66
8 17 52
8 18 12
8 23 57
8 25 2
8 27 7
8 30 15
8 33 69
8 38 65
8 41 68
8 43 13
8 44 30
8 45 59
8 48 22
8 49 45
8 53 47
8 58 67
8 60 32
8 63 1
9 1 47
9 2 21
9 5 69
9 6 25
9 12 32
9 18 37
9 19 9
9 27 40
9 30 54
9 32 28
9 37 67
9 39 27
9 51 34
9 55 10
9 56 45
9 60 24
9 67 39
9 69 1
10 0 4
10 1 49
10 8 25
10 12 5
10 16 23
10 24 39
10 35 56
10 40 62
10 42 38
10 46 55
10 47 31
10 48 30
10 51 22
10 55 17
10 59 1
10 65 33
11 1 10
11 4 58
11 5 65
11 7 39
11 10 31
11 15 57
11 17 68
11 19 21
11 21 66
11 27 26
11 36 11
11 38 53
11 40 5
11 45 38
11 49 48
11 52 16
11 57 14
11 60 56
11 63 23
11 64 52
11 65 47
12 2 16
12 3 51
12 4 36
12 5 29
12 9 61
12 10 65
12 14 23
12 16 46
12 17 56
12 18 21
12 24 28
12 26 33
12 30 34
12 32 62
12 33 26
12 38 9
12 40 57
12 42 27
12 44 22
12 45 37
12 51 42
12 65 19
12 67 38
13 0 28
13 2 69
13 5 18
13 6 22
13 10 51
13 11 37
13 12 36
13 19 19
13 22 53
13 23 47
13 28 29
13 29 42
13 30 39
13 31 26
13 37 48
13 41 6
13 43 17
13 48 60
13 49 40
13 53 41
13 64 54
13 68 4
14 7 49
14 10 45
14 15 60
14 17 33
14 26 53
14 32 29
14 38 10
14 40 42
14 44 13
14 50 26
14 53 15
14 59 44
14 65 38
14 66 19
14 69 17
15 0 48
15 2 8
15 4 46
15 9 58
15 10 63
15 11 49
15 17 50
15 21 1
15 22 61
15 24 37
15 26 60
15 29 7
15 30 62
15 32 39
15 35 66
15 36 55
15 48 14
15 52 68
15 53 31
15 56 41
15 57 6
15 61 29
15 62 69
15 65 15
16 1 50
16 4 24
16 12 65
16 13 15
16 21 0
16 27 36
16 28 13
16 32 16
16 33 67
16 39 66
16 42 59
16 43 27
16 47 39
16 48 5
16 52 3
16 53 6
16 54 61
16 57 12
16 59 17
16 60 23
16 61 48
16 65 56
16 66 33
16 68 26
16 69 43
17 1 42
17 7 9
17 11 57
17 13 3
17 15 35
17 22 14
17 23 56
17 25 52
17 27 37
17 38 69
17 39 33
17 44 39
17 49 0
17 50 61
17 53 68
17 56 23
17 58 41
17 59 53
17 61 6
17 65 24
17 66 10
17 68 28
17 69 5
18 1 35
18 2 10
18 3 31
18 6 16
18 9 56
18 10 41
18 11 64
18 15 14
18 17 44
18 19 11
18 21 45
18 22 27
18 34 51
18 35 60
18 41 46
18 43 52
18 44 25
18 45 4
18 55 37
18 57 43
18 60 20
18 65 42
18 66 17
19 2 27
19 4 3
19 10 16
19 23 59
19 33 24
19 34 46
19 36 42
19 41 31
19 45 66
19 54 19
19 56 39
19 61 58
19 63 52
19 66 21
20 1 5
20 2 49
20 5 1
20 7 32
20 9 25
20 11 0
20 12 6
20 13 26
20 14 62
20 17 59
20 18 51
20 21 14
20 22 9
20 23 30
20 26 36
20 27 58
20 34 43
20 36 27
20 37 64
20 44 24
20 47 29
20 52 61
20 54 8
20 57 38
20 59 69
20 62 48
20 64 35
20 66 66
20 69 12
21 0 31
21 2 47
21 3 27
21 5 8
21 10 9
21 11 36
21 12 49
21 19 38
21 22 13
21 28 28
21 30 16
21 35 14
21 36 68
21 38 56
21 42 61
21 44 29
21 49 51
21 50 19
21 52 60
21 56 6
21 58 35
21 65 34
21 67 7
21 68 39
21 69 37
22 0 1
22 1 63
22 2 56
22 3 25
22 4 35
22 5 10
22 6 33
22 7 29
22 9 64
22 11 27
22 15 22
22 16 49
22 18 44
22 22 19
22 23 7
22 25 8
22 27 39
22 29 69
22 30 37
22 32 43
22 33 28
22 40 61
22 41 17
22 42 34
22 51 14
22 52 51
22 56 18
22 57 65
22 58 2
22 61 20
22 65 66
23 1 64
23 4 59
23 7 56
23 9 43
23 11 14
23 13 6
23 15 28
23 27 54
23 29 68
23 32 41
23 33 40
23 37 50
23 39 5
23 41 45
23 42 19
23 46 30
23 52 21
23 54 17
23 60 31
23 61 2
23 64 22
24 0 11
24 2 34
24 4 8
24 6 59
24 9 0
24 10 36
24 11 44
24 12 25
24 15 38
24 19 17
24 26 4
24 27 5
24 28 27
24 31 58
24 35 2
24 40 24
24 48 6
24 50 67
24 56 29
24 58 14
24 60 48
24 62 7
24 66 13
25 1 60
25 4 50
25 5 2
25 11 55
25 12 29
25 24 43
25 33 31
25 34 12
25 35 30
25 48 39
25 51 51
25 52 54
25 53 9
25 55 64
25 62 58
26 1 22
26 2 31
26 3 40
26 4 25
26 6 26
26 7 67
26 13 16
26 16 10
26 17 38
26 19 18
26 23 29
26 24 27
26 26 61
26 27 66
26 29 57
26 32 54
26 33 64
26 36 37
26 37 28
26 42 30
26 44 55
26 46 46
26 51 9
26 53 45
26 61 19
26 62 33
26 64 4
26 66 43
27 0 36
27 1 17
27 13 43
27 15 51
27 18 2
27 21 65
27 24 15
27 27 42
27 28 30
27 34 16
27 37 46
27 40 29
27 44 57
27 47 56
27 48 34
27 51 33
27 54 63
27 55 50
27 57 10
27 58 54
27 63 49
27 69 64
28 7 4
28 12 51
28 19 44
28 21 54
28 23 28
28 33 53
28 37 45
28 55 13
28 57 49
28 61 66
28 63 57
28 64 0
28 68 25
28 69 68
29 1 46
29 2 2
29 13 40
29 15 3
29 17 28
29 20 66
29 21 15
29 26 47
29 27 41
29 29 31
29 30 21
29 31 4
29 34 25
29 39 50
29 46 18
29 47 45
29 49 35
29 50 52
29 54 36
29 55 29
29 57 53
29 58 34
29 60 39
29 61 51
29 63 65
29 65 30
29 66 56
29 67 27
30 6 7
30 8 30
30 10 44
30 16 26
30 17 49
30 22 55
30 29 24
30 42 39
30 46 38
30 55 58
30 62 14
30 66 2
30 69 56
31 2 65
31 8 33
31 13 42
31 15 31
31 16 68
31 20 4
31 21 25
31 23 22
31 24 26
31 26 18
31 29 45
31 33 13
31 34 54
31 36 20
31 38 23
31 41 34
31 42 37
31 44 0
31 51 47
31 53 3
31 56 58
31 57 52
31 61 44
31 62 51
31 63 32
31 68 15
32 2 61
32 10 25
32 11 53
32 14 51
32 15 5
32 28 11
32 32 1
32 33 22
32 34 60
32 36 8
32 38 17
32 45 16
32 46 39
32 57 29
32 59 41
32 65 46
32 67 30
32 69 24
33 7 14
33 10 3
33 12 55
33 15 11
33 16 60
33 19 29
33 20 20
33 21 19
33 25 69
33 32 24
33 34 48
33 40 27
33 47 63
33 50 34
33 51 49
33 56 52
33 58 15
33 61 5
33 63 13
33 65 17
33 66 39
33 69 21
34 0 22
34 7 17
34 10 21
34 20 15
34 22 0
34 23 41
34 24 38
34 29 62
34 30 13
34 31 34
34 37 14
34 40 19
34 41 64
34 45 69
34 49 26
34 54 55
34 55 68
34 58 56
34 67 66
35 2 37
35 4 34
35 6 19
35 10 61
35 12 40
35 13 44
35 19 12
35 22 50
35 28 15
35 35 46
35 36 18
35 44 7
35 48 47
35 49 63
35 56 25
35 58 60
35 61 26
35 62 32
35 66 38
35 69 36
36 0 3
36 3 32
36 6 13
36 12 66
36 13 25
36 17 54
36 18 34
36 20 33
36 24 36
36 30 35
36 31 27
36 42 52
36 45 14
36 51 38
36 65 29
36 67 43
37 3 33
37 4 21
37 5 5
37 8 48
37 9 20
37 10 43
37 11 6
37 16 67
37 19 27
37 22 10
37 23 18
37 25 46
37 27 60
37 28 7
37 29 56
37 30 14
37 32 4
37 34 69
37 36 36
37 39 24
37 43 51
37 44 2
37 50 1
37 53 50
37 54 54
37 57 32
37 60 11
38 0 16
38 6 65
38 7 40
38 9 18
38 11 8
38 14 11
38 19 58
38 20 48
38 25 23
38 28 61
38 36 66
38 46 69
38 50 55
38 53 17
38 55 22
38 64 46
38 68 29
39 2 54
39 3 15
39 10 49
39 14 4
39 20 9
39 22 38
39 28 36
39 29 43
39 32 59
39 33 68
39 37 0
39 42 11
39 45 20
39 48 45
39 50 57
39 53 52
39 60 53
39 61 1
39 66 50
39 67 51
39 68 41
39 69 29
40 7 12
40 9 48
40 10 59
40 15 49
40 25 47
40 27 27
40 32 9
40 35 18
40 46 58
40 53 2
40 59 50
40 62 22
40 63 31
40 64 66
40 68 35
41 8 36
41 14 38
41 17 42
41 23 44
41 26 16
41 29 17
41 33 23
41 38 1
41 43 48
41 46 53
41 48 64
41 51 29
41 59 20
41 64 67
41 69 32
42 1 53
42 7 36
42 10 52
42 14 10
42 15 68
42 17 66
42 19 28
42 21 9
42 23 32
42 25 37
42 27 11
42 30 0
42 31 54
42 47 23
42 48 7
42 54 46
42 56 43
42 59 25
42 60 67
42 66 16
42 69 33
43 5 63
43 8 60
43 9 38
43 11 32
43 14 26
43 15 46
43 17 41
43 28 18
43 29 21
43 30 29
43 31 35
43 35 55
43 36 49
43 43 15
43 44 66
43 45 27
43 47 58
43 51 17
43 54 30
43 58 1
43 60 7
43 62 10
43 64 16
44 0 8
44 4 64
44 13 2
44 16 40
44 18 9
44 20 11
44 21 4
44 22 68
44 25 29
44 27 62
44 28 47
44 39 46
44 44 52
44 48 18
44 49 27
44 51 21
44 61 37
44 67 59
45 2 63
45 3 9
45 4 19
45 5 14
45 6 31
45 8 35
45 10 54
45 11 15
45 15 25
45 16 1
45 21 21
45 24 0
45 25 5
45 26 24
45 30 22
45 34 37
45 35 62
45 37 38
45 38 13
45 43 11
45 45 10
45 47 51
45 48 61
45 49 42
45 50 40
45 56 64
45 57 27
45 59 29
45 61 34
45 67 67
45 69 44
46 1 48
46 7 21
46 9 10
46 17 2
46 25 24
46 26 63
46 27 56
46 34 65
46 37 33
46 41 26
46 46 34
46 47 42
46 49 53
46 51 37
46 56 57
46 58 17
46 65 1
46 68 8
47 0 21
47 5 60
47 7 58
47 13 7
47 17 55
47 21 16
47 32 66
47 36 35
47 38 64
47 39 38
47 45 33
47 47 65
47 49 32
47 51 24
47 54 37
47 55 8
47 57 44
47 58 4
47 65 48
47 69 69
48 1 15
48 3 18
48 4 23
48 12 8
48 15 54
48 16 3
48 17 64
48 18 10
48 19 5
48 23 35
48 24 9
48 29 16
48 30 41
48 40 6
48 41 12
48 46 21
48 47 22
48 50 2
48 51 58
48 52 7
48 53 25
48 54 27
48 58 42
48 59 14
48 63 20
48 64 29
48 67 34
48 68 0
49 0 29
49 2 60
49 5 54
49 9 30
49 10 66
49 12 10
49 15 15
49 19 46
49 23 62
49 28 56
49 34 18
49 37 7
49 41 20
49 48 40
49 49 39
49 52 48
49 53 53
49 54 14
49 59 63
49 61 35
49 63 42
49 68 9
50 4 28
50 5 50
50 11 68
50 12 54
50 13 45
50 15 36
50 19 60
50 24 30
50 28 59
50 29 67
50 30 42
50 31 22
50 36 10
50 41 24
50 42 55
50 52 49
50 57 40
50 61 39
50 62 31
50 66 41
51 4 20
51 13 17
51 16 62
51 18 49
51 20 39
51 24 1
51 25 56
51 27 63
51 32 69
51 33 21
51 35 12
51 37 5
51 39 28
51 40 66
51 43 19
51 44 51
51 46 9
51 48 57
51 58 13
51 63 58
52 4 0
52 6 48
52 7 13
52 8 46
52 10 37
52 12 23
52 19 31
52 22 47
52 23 34
52 29 50
52 30 26
52 32 67
52 34 55
52 36 25
52 38 22
52 41 56
52 48 9
52 51 44
52 52 35
52 53 57
52 54 62
52 56 32
52 58 64
52 62 41
52 65 61
52 68 60
53 4 41
53 5 38
53 8 64
53 9 11
53 10 29
53 15 9
53 18 30
53 19 56
53 20 10
53 22 6
53 23 55
53 25 62
53 26 0
53 28 60
53 30 51
53 31 47
53 32 15
53 33 36
53 35 22
53 38 49
53 39 40
53 56 34
53 63 24
53 64 57
53 65 68
53 66 48
53 67 26
54 0 38
54 1 9
54 4 56
54 8 18
54 11 35
54 13 27
54 15 40
54 22 30
54 26 32
54 27 69
54 29 39
54 31 14
54 35 34
54 40 43
54 44 61
54 47 67
54 48 11
54 57 8
54 63 15
54 64 58
54 65 45
54 67 68
55 2 9
55 8 16
55 9 33
55 19 65
55 23 25
55 24 62
55 28 41
55 35 47
55 38 63
55 44 64
55 45 0
55 46 67
55 48 46
55 49 8
55 50 6
55 55 61
55 57 21
55 58 12
55 59 60
55 62 19
55 68 49
55 69 34
56 4 66
56 5 43
56 7 62
56 11 50
56 12 52
56 13 60
56 15 53
56 16 27
56 17 61
56 18 1
56 21 56
56 26 28
56 29 11
56 33 51
56 40 33
56 43 0
56 44 48
56 50 9
56 54 40
56 55 36
56 59 26
56 61 12
56 62 44
56 64 59
56 65 22
57 10 34
57 11 7
57 12 35
57 16 32
57 17 22
57 20 6
57 27 16
57 36 5
57 42 67
57 43 28
57 46 63
57 49 25
57 51 12
57 55 48
57 59 52
57 60 47
57 61 43
57 62 18
57 64 8
57 66 1
58 1 41
58 12 27
58 14 35
58 16 4
58 17 6
58 18 53
58 20 43
58 21 63
58 22 11
58 24 60
58 26 2
58 27 19
58 32 47
58 33 65
58 34 32
58 35 10
58 40 40
58 44 54
58 46 59
58 50 15
58 53 21
58 55 25
58 63 45
58 64 18
58 68 52
59 2 15
59 4 7
59 5 49
59 10 4
59 16 22
59 27 46
59 29 12
59 31 33
59 32 64
59 33 66
59 36 45
59 37 23
59 42 2
59 45 18
59 54 41
59 63 14
59 69 6
60 0 68
60 1 55
60 5 7
60 10 13
60 13 14
60 17 11
60 18 33
60 24 29
60 25 20
60 27 15
60 29 1
60 32 10
60 36 26
60 43 38
60 44 42
60 45 24
60 47 50
60 48 48
60 50 69
60 51 39
60 52 28
60 53 16
60 54 56
60 59 61
60 60 59
60 61 18
60 63 66
61 9 68
61 16 66
61 19 51
61 22 20
61 25 58
61 29 52
61 30 12
61 34 22
61 36 24
61 38 60
61 41 42
61 42 64
61 45 55
61 47 25
61 48 27
61 63 38
61 64 44
62 1 44
62 5 35
62 7 28
62 8 24
62 12 14
62 14 13
62 18 20
62 19 67
62 27 9
62 35 3
62 37 22
62 45 58
62 49 11
62 52 66
62 53 5
62 57 57
62 59 39
62 65 36
62 67 56
63 0 34
63 11 48
63 16 33
63 25 67
63 26 54
63 30 20
63 35 40
63 36 14
63 39 61
63 41 21
63 44 19
63 48 69
63 55 15
63 57 62
63 58 22
63 59 56
63 60 36
63 64 39
63 66 59
64 0 45
64 1 58
64 2 40
64 3 66
64 5 12
64 10 35
64 20 44
64 22 26
64 26 52
64 30 4
64 43 9
64 52 15
64 59 65
64 62 55
64 64 48
64 69 49
65 4 27
65 20 54
65 23 39
65 31 9
65 34 13
65 40 4
65 43 21
65 50 64
65 52 57
65 54 52
65 63 67
65 67 14
66 1 6
66 7 2
66 8 37
66 10 39
66 20 35
66 25 50
66 34 52
66 37 61
66 44 33
66 48 29
66 49 56
66 56 44
66 61 32
66 65 40
66 68 64
67 0 63
67 4 51
67 13 59
67 14 57
67 20 32
67 21 29
67 35 65
67 39 4
67 40 35
67 42 26
67 43 41
67 45 50
67 55 56
67 58 49
67 65 54
67 67 52
67 69 40
68 0 20
68 3 68
68 4 62
68 5 52
68 6 32
68 18 31
68 19 23
68 21 41
68 29 64
68 31 5
68 39 7
68 40 9
68 50 66
68 52 24
68 55 19
68 63 3
68 67 12
69 1 26
69 4 33
69 8 11
69 11 43
69 22 63
69 27 8
69 30 6
69 34 44
69 35 17
69 38 0
69 42 40
69 49 68
69 51 55
69 52 65
69 54 4
69 56 1
69 62 29
69 67 15
