60
0 2 39
0 5 16
0 6 28
0 7 57
0 8 41
0 9 23
0 12 38
0 13 2
0 15 6
0 17 11
0 18 24
0 21 53
0 24 58
0 25 35
0 27 46
0 28 0
0 29 31
0 32 55
0 33 42
0 36 19
0 39 48
0 42 5
0 43 59
0 46 12
0 47 50
0 48 21
0 49 52
0 51 4
0 52 49
0 53 14
0 54 20
1 0 38
1 2 1
1 4 25
1 6 6
1 7 23
1 8 50
1 9 37
1 12 18
1 17 30
1 18 17
1 21 33
1 22 47
1 23 59
1 29 43
1 31 48
1 34 32
1 38 28
1 39 57
1 41 9
1 43 22
1 45 34
1 46 10
1 49 55
1 53 52
1 54 5
1 55 39
1 57 27
1 58 46
2 0 53
2 1 3
2 2 15
2 3 55
2 4 31
2 7 12
2 11 20
2 14 48
2 18 1
2 19 13
2 21 57
2 25 44
2 28 11
2 29 6
2 36 33
2 37 56
2 38 17
2 39 18
2 43 10
2 44 39
2 46 50
2 51 22
2 53 23
2 54 46
2 55 34
2 57 52
3 3 39
3 4 14
3 10 33
3 11 57
3 14 1
3 17 25
3 23 52
3 24 27
3 25 42
3 26 47
3 28 15
3 33 37
3 34 30
3 36 56
3 37 40
3 38 44
3 41 13
3 44 29
3 46 11
3 47 10
3 48 7
3 55 5
3 57 43
3 59 36
4 1 20
4 2 46
4 4 32
4 6 1
4 7 6
4 11 28
4 12 15
4 13 57
4 16 45
4 17 43
4 19 9
4 20 7
4 24 44
4 25 36
4 26 37
4 27 11
4 31 24
4 33 53
4 34 3
4 36 41
4 39 17
4 40 13
4 42 18
4 46 29
4 47 25
4 49 27
4 50 51
4 52 48
4 53 2
4 55 26
4 56 16
4 57 59
4 58 19
4 59 52
5 1 16
5 5 47
5 8 26
5 10 27
5 12 50
5 13 36
5 15 35
5 16 12
5 17 8
5 19 30
5 21 38
5 22 33
5 24 20
5 25 52
5 26 3
5 29 18
5 30 59
5 31 44
5 33 31
5 34 57
5 35 9
5 36 22
5 37 17
5 43 24
5 44 23
5 46 43
5 48 37
5 49 39
5 51 28
5 53 48
5 54 40
5 55 45
5 56 55
5 57 58
6 0 50
6 1 32
6 2 2
6 4 36
6 6 48
6 8 40
6 12 13
6 15 34
6 18 9
6 19 8
6 21 59
6 22 39
6 25 37
6 27 31
6 28 28
6 29 23
6 33 20
6 35 41
6 38 52
6 42 45
6 47 38
6 54 55
7 0 48
7 3 27
7 5 15
7 8 36
7 9 17
7 10 2
7 13 32
7 18 5
7 19 7
7 20 39
7 21 6
7 26 0
7 31 59
7 32 4
7 33 1
7 34 42
7 36 20
7 40 18
7 44 33
7 45 3
7 47 53
7 49 38
7 52 47
7 55 19
7 56 52
8 3 19
8 4 2
8 5 9
8 6 29
8 7 34
8 9 25
8 11 53
8 12 36
8 13 56
8 16 42
8 17 55
8 18 51
8 20 27
8 22 1
8 24 49
8 30 50
8 31 5
8 32 21
8 33 22
8 34 59
8 35 12
8 37 13
8 38 0
8 39 37
8 40 23
8 41 57
8 43 58
8 46 26
8 47 14
8 48 28
8 50 48
8 53 4
8 54 15
8 57 10
8 59 31
9 0 13
9 8 22
9 9 43
9 14 18
9 15 29
9 19 2
9 25 50
9 26 23
9 28 44
9 30 21
9 32 32
9 33 47
9 34 9
9 36 26
9 39 3
9 40 38
9 41 46
9 43 19
9 49 48
9 50 6
9 52 45
9 53 58
9 54 11
9 55 24
9 57 12
10 1 6
10 3 0
10 5 24
10 11 31
10 14 26
10 15 37
10 16 29
10 18 20
10 19 50
10 24 17
10 27 52
10 28 58
10 29 45
10 30 5
10 33 8
10 34 38
10 36 3
10 40 19
10 41 16
10 45 57
10 47 15
10 48 39
10 51 46
10 53 33
10 56 48
10 58 43
11 1 23
11 2 22
11 3 42
11 4 7
11 5 51
11 6 57
11 7 31
11 8 58
11 9 30
11 15 16
11 16 49
11 17 18
11 18 6
11 19 59
11 22 14
11 23 8
11 24 24
11 28 10
11 31 56
11 33 54
11 36 13
11 40 36
11 41 35
11 44 50
11 46 53
11 48 40
11 49 44
11 52 0
11 53 55
11 55 9
11 58 48
12 0 47
12 1 9
12 5 39
12 6 30
12 7 7
12 9 51
12 17 24
12 18 35
12 20 44
12 22 15
12 23 21
12 24 50
12 26 12
12 29 59
12 31 52
12 32 28
12 35 54
12 36 40
12 38 10
12 40 48
12 43 11
12 46 41
12 48 49
12 49 23
12 51 18
12 52 1
12 56 57
13 0 3
13 1 30
13 2 52
13 4 27
13 6 20
13 7 19
13 9 18
13 11 54
13 12 26
13 13 43
13 16 1
13 17 34
13 18 28
13 19 46
13 23 57
13 24 47
13 25 10
13 26 21
13 29 37
13 31 33
13 32 9
13 34 50
13 42 44
13 46 39
13 48 12
13 50 14
13 51 7
13 53 45
13 56 25
13 58 38
14 0 0
14 1 19
14 2 9
14 8 55
14 10 46
14 11 7
14 16 2
14 20 24
14 21 30
14 22 57
14 26 33
14 27 6
14 28 3
14 31 1
14 32 23
14 33 43
14 34 48
14 36 42
14 38 26
14 44 10
14 48 35
14 49 40
14 50 11
14 51 38
14 53 37
14 55 59
14 56 34
14 57 13
14 58 29
14 59 49
15 0 18
15 1 5
15 2 40
15 6 56
15 9 24
15 15 43
15 16 46
15 17 47
15 20 37
15 21 19
15 23 10
15 26 1
15 28 45
15 41 15
15 43 57
15 45 59
15 46 30
15 48 41
15 49 6
15 50 31
15 51 13
15 52 21
15 53 29
15 54 12
15 55 52
15 56 33
15 57 9
15 58 50
16 2 37
16 3 32
16 5 4
16 9 45
16 10 49
16 11 11
16 12 56
16 15 59
16 20 14
16 21 34
16 22 5
16 23 9
16 24 30
16 28 52
16 30 29
16 32 51
16 33 26
16 34 55
16 35 19
16 37 3
16 38 58
16 40 42
16 43 13
16 45 21
16 48 44
16 51 39
16 53 22
16 54 35
16 56 27
16 57 46
16 58 41
16 59 50
17 0 6
17 3 35
17 4 12
17 6 25
17 11 49
17 14 45
17 15 57
17 16 17
17 18 23
17 19 48
17 20 22
17 23 40
17 24 52
17 25 9
17 26 59
17 29 10
17 30 11
17 31 37
17 32 44
17 35 42
17 37 8
17 38 14
17 41 3
17 48 34
17 49 1
17 50 27
17 52 18
17 54 58
17 55 43
17 58 51
17 59 38
18 3 18
18 5 38
18 6 2
18 7 10
18 8 48
18 9 31
18 10 17
18 11 26
18 15 15
18 16 37
18 19 1
18 20 11
18 22 59
18 23 3
18 24 32
18 26 53
18 27 47
18 28 9
18 29 0
18 30 34
18 31 46
18 33 6
18 34 27
18 35 35
18 37 36
18 39 56
18 40 50
18 42 30
18 45 40
18 46 16
18 50 28
18 51 33
18 53 21
18 55 49
18 57 54
18 58 24
18 59 12
19 2 23
19 3 52
19 6 18
19 8 46
19 9 12
19 10 36
19 12 59
19 13 39
19 14 16
19 15 26
19 17 50
19 18 57
19 19 51
19 20 40
19 21 24
19 22 25
19 27 13
19 29 1
19 33 21
19 34 44
19 38 8
19 39 53
19 41 34
19 43 43
19 44 45
19 46 58
19 47 32
19 51 54
19 52 15
19 53 42
19 54 4
19 55 0
19 56 5
20 2 7
20 3 30
20 4 0
20 8 37
20 9 4
20 14 6
20 17 41
20 18 2
20 19 31
20 21 20
20 23 19
20 25 25
20 26 38
20 27 50
20 28 51
20 29 34
20 31 23
20 32 49
20 33 56
20 34 53
20 35 44
20 36 45
20 41 59
20 43 8
20 44 21
20 45 33
20 47 16
20 48 13
20 49 36
20 51 57
20 53 26
20 55 47
20 56 46
20 57 35
20 58 32
21 0 25
21 1 27
21 2 28
21 3 9
21 5 46
21 13 5
21 14 47
21 16 4
21 19 3
21 20 33
21 26 57
21 27 20
21 28 41
21 29 39
21 34 12
21 36 48
21 37 54
21 38 21
21 40 15
21 41 1
21 42 23
21 44 52
21 46 49
21 47 30
21 51 29
21 53 50
21 54 44
21 55 16
21 56 6
21 58 18
21 59 34
22 0 16
22 1 0
22 3 37
22 4 24
22 6 15
22 7 52
22 9 2
22 11 1
22 12 33
22 13 38
22 16 56
22 18 42
22 20 10
22 23 45
22 24 28
22 28 18
22 29 9
22 31 29
22 33 27
22 34 58
22 35 3
22 36 47
22 37 11
22 38 50
22 42 12
22 43 31
22 44 30
22 45 14
22 46 25
22 47 34
22 48 32
22 50 35
22 52 46
22 53 41
22 54 8
22 55 20
22 57 6
22 59 40
23 0 39
23 5 25
23 6 7
23 7 2
23 8 1
23 9 56
23 10 5
23 12 17
23 16 59
23 17 58
23 19 26
23 20 42
23 21 55
23 22 13
23 23 32
23 24 57
23 25 51
23 28 27
23 29 19
23 30 15
23 31 0
23 35 21
23 37 37
23 38 33
23 40 24
23 42 46
23 45 35
23 52 3
23 54 28
23 55 4
23 58 16
24 0 34
24 1 37
24 3 44
24 4 59
24 7 25
24 8 35
24 9 26
24 12 20
24 15 21
24 20 6
24 21 31
24 23 4
24 24 11
24 26 7
24 28 36
24 29 22
24 31 14
24 34 0
24 36 18
24 37 9
24 38 16
24 39 45
24 41 41
24 42 49
24 43 23
24 48 15
24 49 28
24 50 2
24 55 54
24 57 48
24 58 30
24 59 19
25 0 28
25 1 53
25 3 40
25 4 41
25 7 8
25 9 13
25 17 1
25 18 4
25 21 7
25 22 48
25 23 15
25 24 25
25 26 2
25 28 31
25 29 32
25 32 36
25 33 50
25 38 55
25 40 43
25 41 19
25 43 51
25 45 58
25 46 0
25 49 12
25 50 49
25 51 42
25 52 57
26 0 35
26 1 48
26 4 13
26 5 55
26 6 59
26 7 0
26 10 9
26 13 42
26 14 17
26 19 49
26 20 8
26 21 18
26 22 7
26 24 31
26 26 20
26 29 56
26 32 11
26 35 37
26 36 21
26 38 25
26 40 51
26 42 43
26 45 16
26 48 58
26 49 15
26 52 23
26 53 10
26 56 24
26 57 14
26 59 30
27 0 49
27 1 22
27 6 50
27 8 8
27 10 54
27 11 46
27 13 53
27 15 18
27 16 33
27 18 30
27 21 28
27 23 38
27 25 1
27 27 59
27 30 32
27 32 45
27 33 13
27 34 10
27 35 27
27 37 6
27 39 35
27 40 16
27 42 47
27 44 55
27 45 43
27 46 24
27 47 2
27 50 29
27 52 17
27 55 12
27 58 42
27 59 57
28 2 43
28 3 12
28 4 9
28 6 39
28 7 46
28 8 44
28 11 2
28 12 16
28 13 23
28 15 31
28 19 11
28 20 41
28 21 42
28 22 0
28 24 1
28 25 58
28 28 54
28 37 55
28 38 36
28 40 27
28 41 45
28 43 28
28 44 13
28 48 26
28 52 37
28 53 17
28 55 7
28 56 53
29 0 2
29 1 25
29 4 26
29 6 5
29 8 51
29 10 42
29 11 59
29 13 35
29 14 14
29 16 22
29 17 48
29 18 33
29 20 54
29 21 15
29 25 34
29 26 9
29 27 30
29 28 20
29 29 38
29 35 4
29 36 37
29 37 52
29 39 58
29 40 47
29 41 6
29 43 50
29 44 31
29 45 1
29 47 19
29 50 46
29 51 11
29 52 40
29 53 57
29 54 24
29 55 56
29 58 0
29 59 43
30 2 8
30 3 20
30 4 19
30 5 27
30 9 50
30 13 10
30 14 22
30 15 39
30 18 34
30 21 29
30 26 36
30 27 7
30 29 54
30 31 13
30 32 57
30 34 18
30 36 58
30 37 49
30 38 15
30 40 6
30 41 52
30 42 9
30 43 38
30 44 25
30 46 48
30 47 51
30 50 42
30 52 2
30 58 47
30 59 28
31 4 51
31 5 40
31 7 58
31 12 12
31 13 50
31 16 55
31 17 6
31 20 4
31 25 18
31 26 14
31 30 35
31 31 34
31 33 36
31 35 15
31 38 9
31 39 52
31 40 39
31 41 22
31 42 1
31 43 42
31 44 11
31 47 44
31 51 19
31 52 26
31 55 41
31 57 0
32 1 51
32 7 35
32 9 27
32 10 25
32 14 40
32 16 52
32 17 3
32 20 19
32 21 41
32 22 17
32 27 37
32 32 56
32 33 57
32 40 12
32 41 32
32 42 38
32 45 0
32 47 23
32 48 14
32 50 43
32 55 21
33 0 4
33 1 10
33 2 18
33 3 49
33 6 51
33 8 27
33 9 15
33 12 57
33 14 37
33 16 20
33 17 16
33 20 55
33 21 23
33 23 5
33 25 13
33 26 45
33 27 40
33 29 30
33 30 42
33 32 50
33 33 48
33 37 12
33 40 21
33 41 43
33 44 14
33 45 7
33 46 2
33 48 36
33 49 11
33 50 44
33 53 6
33 55 25
33 59 9
34 3 38
34 4 18
34 9 59
34 10 13
34 11 40
34 13 8
34 14 4
34 15 0
34 16 6
34 17 33
34 18 44
34 21 9
34 24 3
34 27 19
34 32 14
34 38 35
34 39 20
34 43 45
34 44 51
34 53 25
34 57 11
35 1 57
35 2 26
35 3 50
35 5 59
35 6 53
35 7 3
35 9 38
35 10 43
35 11 42
35 12 21
35 15 55
35 21 48
35 26 8
35 27 14
35 28 2
35 29 44
35 33 18
35 36 15
35 39 51
35 40 33
35 42 11
35 44 28
35 46 52
35 47 31
35 48 20
35 50 36
35 53 27
35 54 16
35 56 40
35 57 34
36 0 52
36 1 14
36 2 25
36 4 34
36 5 42
36 6 41
36 8 7
36 10 22
36 12 47
36 13 11
36 16 43
36 18 46
36 20 23
36 21 45
36 22 36
36 26 40
36 27 27
36 29 16
36 30 55
36 31 2
36 32 30
36 35 38
36 36 32
36 37 5
36 39 26
36 44 59
36 45 50
36 47 28
36 50 58
36 52 33
36 54 31
36 55 37
36 56 49
36 59 18
37 1 56
37 2 30
37 3 25
37 4 53
37 6 21
37 9 57
37 10 34
37 13 48
37 15 3
37 17 22
37 18 45
37 19 32
37 20 38
37 23 54
37 25 28
37 28 6
37 30 10
37 31 12
37 32 31
37 34 15
37 36 0
37 38 47
37 39 44
37 41 17
37 42 39
37 46 37
37 48 2
37 52 16
37 56 43
37 57 1
37 58 11
37 59 55
38 0 5
38 1 45
38 2 29
38 3 43
38 4 33
38 5 32
38 8 28
38 9 3
38 11 19
38 12 37
38 14 27
38 15 8
38 16 58
38 17 59
38 18 16
38 19 20
38 22 46
38 23 51
38 27 34
38 29 12
38 33 39
38 34 21
38 36 53
38 38 22
38 39 55
38 41 49
38 43 15
38 44 17
38 45 42
38 46 36
38 47 54
38 49 30
38 52 52
38 59 2
39 1 12
39 3 21
39 5 20
39 8 15
39 11 18
39 14 50
39 17 26
39 21 22
39 22 54
39 23 27
39 24 39
39 25 19
39 29 57
39 33 59
39 35 25
39 36 10
39 37 2
39 38 1
39 39 30
39 40 0
39 42 29
39 43 47
39 45 13
39 47 45
39 49 14
39 50 4
39 51 44
39 52 35
39 53 40
39 54 53
39 55 46
39 56 8
39 57 38
39 59 11
40 0 8
40 3 31
40 6 14
40 7 32
40 12 52
40 14 35
40 16 18
40 17 38
40 18 11
40 19 15
40 20 36
40 21 3
40 23 50
40 24 48
40 25 43
40 26 29
40 31 16
40 32 5
40 33 28
40 35 20
40 36 59
40 41 37
40 42 13
40 43 0
40 44 12
40 46 40
40 49 54
40 51 25
40 52 4
40 54 45
40 55 10
40 59 21
41 1 55
41 3 47
41 4 3
41 7 50
41 8 20
41 9 48
41 10 58
41 11 8
41 12 49
41 13 51
41 15 38
41 19 22
41 20 34
41 21 52
41 22 10
41 26 30
41 31 40
41 33 11
41 36 54
41 37 25
41 45 9
41 47 37
41 53 44
41 58 21
41 59 33
42 1 35
42 2 50
42 3 24
42 7 22
42 8 13
42 10 52
42 11 34
42 12 45
42 13 46
42 15 49
42 16 9
42 22 12
42 23 17
42 24 14
42 25 20
42 26 18
42 27 41
42 30 39
42 31 38
42 32 3
42 33 32
42 34 19
42 35 23
42 37 4
42 39 27
42 40 29
42 41 55
42 44 7
42 45 11
42 47 36
42 49 42
42 59 58
43 2 54
43 3 46
43 4 10
43 5 30
43 6 45
43 7 51
43 8 21
43 11 24
43 18 18
43 19 38
43 20 2
43 21 25
43 23 13
43 27 49
43 29 7
43 37 0
43 40 9
43 41 20
43 44 5
43 45 44
43 46 6
43 53 32
43 54 33
43 56 17
44 1 58
44 4 15
44 6 46
44 7 42
44 8 17
44 10 57
44 11 29
44 12 44
44 16 41
44 18 48
44 19 19
44 20 56
44 22 38
44 23 36
44 24 43
44 25 40
44 26 5
44 27 33
44 33 3
44 35 24
44 36 50
44 37 21
44 39 12
44 41 11
44 52 13
44 53 7
44 55 55
44 57 37
44 58 4
45 0 26
45 1 2
45 2 12
45 4 38
45 5 50
45 6 0
45 7 13
45 9 44
45 10 1
45 12 22
45 13 54
45 14 49
45 16 23
45 17 27
45 18 37
45 22 58
45 25 7
45 29 21
45 30 30
45 32 24
45 33 29
45 34 14
45 39 9
45 41 8
45 44 3
45 46 32
45 47 48
45 49 59
45 51 45
45 56 15
45 58 20
46 0 17
46 2 13
46 3 5
46 5 2
46 6 31
46 7 20
46 8 33
46 9 36
46 11 0
46 15 41
46 16 11
46 17 51
46 18 38
46 19 24
46 20 58
46 21 21
46 24 19
46 27 3
46 29 28
46 34 4
46 36 16
46 37 45
46 38 7
46 39 6
46 40 22
46 41 10
46 42 57
46 47 40
46 48 43
46 50 50
46 51 32
46 52 14
46 53 9
46 54 34
46 55 8
46 58 39
46 59 56
47 0 32
47 8 25
47 9 22
47 12 14
47 13 24
47 15 53
47 21 49
47 23 0
47 24 54
47 25 38
47 29 51
47 30 45
47 31 39
47 34 46
47 35 33
47 37 31
47 39 23
47 45 15
47 46 27
47 47 1
47 51 30
47 53 18
47 54 2
47 55 44
47 57 57
48 1 59
48 4 50
48 8 57
48 10 31
48 12 19
48 14 13
48 15 27
48 19 53
48 21 11
48 23 28
48 26 51
48 27 10
48 28 5
48 29 17
48 32 41
48 35 43
48 37 30
48 38 32
48 42 42
48 45 37
48 46 21
48 49 18
48 52 20
48 55 40
48 57 29
48 59 39
49 0 33
49 2 31
49 3 51
49 5 43
49 6 44
49 8 14
49 11 48
49 12 32
49 16 34
49 18 10
49 19 16
49 20 57
49 29 8
49 30 46
49 31 3
49 37 58
49 41 53
49 47 26
49 49 35
49 50 24
49 51 6
49 53 30
49 54 41
49 55 11
49 56 9
49 57 49
49 59 13
50 1 4
50 2 58
50 4 30
50 5 12
50 6 49
50 12 55
50 16 44
50 17 31
50 19 41
50 20 52
50 21 32
50 22 20
50 23 26
50 24 56
50 26 10
50 31 25
50 32 15
50 35 57
50 38 54
50 39 19
50 43 6
50 44 2
50 45 51
50 47 7
50 49 37
50 50 18
50 51 47
50 52 43
50 53 36
50 54 50
50 55 13
50 56 11
50 57 28
50 59 24
51 2 11
51 3 59
51 4 5
51 5 44
51 6 26
51 9 7
51 11 21
51 16 53
51 19 27
51 20 47
51 21 0
51 23 18
51 24 15
51 26 16
51 30 6
51 33 34
51 35 50
51 36 1
51 37 35
51 40 52
51 42 22
51 44 41
51 54 37
51 58 28
51 59 25
52 0 11
52 1 24
52 3 7
52 4 56
52 10 23
52 11 12
52 13 59
52 16 25
52 19 58
52 21 1
52 23 39
52 26 27
52 27 2
52 28 57
52 30 14
52 31 43
52 32 20
52 35 36
52 38 29
52 39 21
52 40 37
52 41 38
52 43 46
52 44 34
52 46 18
52 48 45
52 49 5
52 50 53
52 51 10
52 52 50
52 53 19
52 54 49
52 56 22
52 57 47
52 58 15
52 59 48
53 2 59
53 4 46
53 7 43
53 8 6
53 9 39
53 10 26
53 11 58
53 13 1
53 16 0
53 18 7
53 20 48
53 21 16
53 25 27
53 27 53
53 29 36
53 32 33
53 33 19
53 35 29
53 36 5
53 39 32
53 43 3
53 44 49
53 45 55
53 46 22
53 49 57
53 50 17
53 51 56
53 53 24
53 55 28
53 58 31
53 59 23
54 2 38
54 3 3
54 4 21
54 5 0
54 6 34
54 7 27
54 8 2
54 10 20
54 11 32
54 12 58
54 14 52
54 15 56
54 16 10
54 19 39
54 20 43
54 23 11
54 26 44
54 31 51
54 32 37
54 33 49
54 34 28
54 35 55
54 38 31
54 41 14
54 42 19
54 43 29
54 44 57
54 47 12
54 49 46
54 50 22
54 51 50
54 52 42
54 55 35
54 56 45
54 57 26
54 59 5
55 0 30
55 3 11
55 13 49
55 21 56
55 23 20
55 24 8
55 25 15
55 26 28
55 27 57
55 38 12
55 39 54
55 41 48
55 44 35
55 45 6
55 46 42
55 49 16
55 52 41
55 58 40
55 59 51
56 3 33
56 4 37
56 5 35
56 6 10
56 8 3
56 9 58
56 12 46
56 13 13
56 15 48
56 17 2
56 18 52
56 20 18
56 25 11
56 26 39
56 27 22
56 28 30
56 29 49
56 30 23
56 31 17
56 32 53
56 34 29
56 37 19
56 40 28
56 42 24
56 43 32
56 44 4
56 45 56
56 46 38
56 47 59
56 51 14
56 52 34
56 53 31
56 54 51
56 56 1
56 58 44
56 59 20
57 0 58
57 4 54
57 5 49
57 12 39
57 14 34
57 15 52
57 17 28
57 19 36
57 20 15
57 24 33
57 25 5
57 26 32
57 28 35
57 29 4
57 31 10
57 32 12
57 33 45
57 34 1
57 37 59
57 39 50
57 40 20
57 41 24
57 43 18
57 44 56
57 45 2
57 46 8
57 47 43
57 48 30
57 49 31
57 50 57
57 51 16
57 53 13
57 55 6
57 59 0
58 1 47
58 2 34
58 3 15
58 4 42
58 7 40
58 11 17
58 15 13
58 16 54
58 17 14
58 18 0
58 19 23
58 22 37
58 23 44
58 24 18
58 25 57
58 26 50
58 30 24
58 32 25
58 33 30
58 40 8
58 43 16
58 44 1
58 47 21
58 50 52
58 51 26
58 52 9
58 58 5
59 1 8
59 2 35
59 6 27
59 10 19
59 15 22
59 16 39
59 17 44
59 18 15
59 22 42
59 23 49
59 24 6
59 25 32
59 28 14
59 29 25
59 31 20
59 33 0
59 36 57
59 39 13
59 41 50
59 43 41
59 45 30
59 47 4
59 48 52
59 50 23
59 52 5
59 53 11
59 55 3
59 56 47
59 59 37
