70
0 0 6
0 2 9
0 5 42
0 6 0
0 7 48
0 10 19
0 11 10
0 12 44
0 14 26
0 15 33
0 18 40
0 19 30
0 20 54
0 21 25
0 22 51
0 23 68
0 24 35
0 27 7
0 28 47
0 31 5
0 32 37
0 33 22
0 36 17
0 38 31
0 43 45
0 44 49
0 47 3
0 48 15
0 49 20
0 50 46
0 51 63
0 54 13
0 57 23
0 59 34
0 60 58
0 61 39
0 62 59
0 63 28
0 64 64
0 66 57
0 67 43
0 68 41
0 69 11
1 0 8
1 1 30
1 2 53
1 3 26
1 5 49
1 6 10
1 8 27
1 9 20
1 10 46
1 13 59
1 15 25
1 16 43
1 17 31
1 22 65
1 23 35
1 25 51
1 26 45
1 27 62
1 28 54
1 29 52
1 30 34
1 31 1
1 32 42
1 34 33
1 36 60
1 38 6
1 44 3
1 46 7
1 47 2
1 48 67
1 49 50
1 50 37
1 52 0
1 53 56
1 54 18
1 56 58
1 57 13
1 59 23
1 61 55
1 64 22
1 68 57
1 69 66
2 2 62
2 3 63
2 4 31
2 6 61
2 8 42
2 9 30
2 12 5
2 13 19
2 14 27
2 18 44
2 19 51
2 22 7
2 25 68
2 26 40
2 27 67
2 28 4
2 30 54
2 31 33
2 32 58
2 34 46
2 37 15
2 40 55
2 41 23
2 43 26
2 46 17
2 47 28
2 54 20
2 57 14
2 58 35
2 59 12
2 60 48
2 61 11
2 63 8
2 66 34
2 69 21
3 0 67
3 1 21
3 2 47
3 8 38
3 11 1
3 12 22
3 13 15
3 15 56
3 17 37
3 19 8
3 21 39
3 27 59
3 29 4
3 30 53
3 31 52
3 34 6
3 35 45
3 37 17
3 38 61
3 39 26
3 41 48
3 46 25
3 48 3
3 52 55
3 55 44
3 56 35
3 57 60
3 58 28
3 59 68
3 62 50
3 63 16
3 64 65
3 65 42
3 67 69
3 69 31
4 0 55
4 1 18
4 3 23
4 4 50
4 5 51
4 6 64
4 7 8
4 9 35
4 10 0
4 11 65
4 14 57
4 16 63
4 17 59
4 18 12
4 19 60
4 22 1
4 23 43
4 24 48
4 27 22
4 28 34
4 30 5
4 31 56
4 32 32
4 33 67
4 36 24
4 37 40
4 38 20
4 40 26
4 44 6
4 46 28
4 47 69
4 48 62
4 49 27
4 52 19
4 53 44
4 56 45
4 57 25
4 58 47
4 59 29
4 61 9
4 62 54
4 63 7
4 65 66
4 66 68
4 68 49
5 1 45
5 4 16
5 5 15
5 6 38
5 7 39
5 8 29
5 9 54
5 10 8
5 11 56
5 12 62
5 13 33
5 15 18
5 16 1
5 18 65
5 19 49
5 20 20
5 21 7
5 24 13
5 26 2
5 27 36
5 29 24
5 31 63
5 32 46
5 34 67
5 36 31
5 40 35
5 41 32
5 42 47
5 44 69
5 47 11
5 48 26
5 50 28
5 51 68
5 52 61
5 53 42
5 55 48
5 57 10
5 60 17
5 61 66
5 63 52
5 64 6
5 65 40
5 66 5
5 67 53
6 2 2
6 3 41
6 4 44
6 5 33
6 6 7
6 10 39
6 11 60
6 13 68
6 15 3
6 16 69
6 19 59
6 20 30
6 21 28
6 22 4
6 23 14
6 24 50
6 25 56
6 27 34
6 28 5
6 29 20
6 30 18
6 32 8
6 34 0
6 35 43
6 38 10
6 40 32
6 41 16
6 42 25
6 45 52
6 46 12
6 48 38
6 52 40
6 54 26
6 55 47
6 56 6
6 58 31
6 59 45
6 60 24
6 62 29
6 63 17
6 65 49
6 66 63
7 0 32
7 1 67
7 3 4
7 4 43
7 6 44
7 7 34
7 8 14
7 9 24
7 10 45
7 12 13
7 13 54
7 15 46
7 19 39
7 22 23
7 23 51
7 25 66
7 27 56
7 29 5
7 30 55
7 31 36
7 32 69
7 33 15
7 36 49
7 37 28
7 38 50
7 39 9
7 44 52
7 45 68
7 47 35
7 50 64
7 53 53
7 55 20
7 56 19
7 57 22
7 59 0
7 60 61
7 61 57
7 64 58
7 66 59
7 69 18
8 0 46
8 1 8
8 2 7
8 3 43
8 4 64
8 6 42
8 7 31
8 8 54
8 9 53
8 11 26
8 12 20
8 15 63
8 21 30
8 23 2
8 24 45
8 28 28
8 29 18
8 34 66
8 35 32
8 36 59
8 39 6
8 40 23
8 41 13
8 42 9
8 43 27
8 44 35
8 45 47
8 51 58
8 52 24
8 53 55
8 54 37
8 55 49
8 56 15
8 57 17
8 58 29
8 59 5
8 62 44
8 63 0
8 67 33
8 68 52
9 0 1
9 1 20
9 2 49
9 4 67
9 5 9
9 6 2
9 8 34
9 12 60
9 13 30
9 15 23
9 17 8
9 18 29
9 19 22
9 20 61
9 21 6
9 22 53
9 23 47
9 24 17
9 26 65
9 27 39
9 28 51
9 29 37
9 30 35
9 32 66
9 34 50
9 36 13
9 37 27
9 42 45
9 43 46
9 44 44
9 49 58
9 51 41
9 53 26
9 55 0
9 56 43
9 57 21
9 58 11
9 60 19
9 61 4
9 62 52
9 63 40
9 64 3
9 67 15
9 69 12
10 1 38
10 4 27
10 8 33
10 9 64
10 14 22
10 15 9
10 16 61
10 18 8
10 21 58
10 22 63
10 24 68
10 25 50
10 26 60
10 29 44
10 33 17
10 35 67
10 36 5
10 37 20
10 40 21
10 44 55
10 46 2
10 48 54
10 49 40
10 51 10
10 52 30
10 54 49
10 55 1
10 56 16
10 57 41
10 58 59
10 60 3
10 61 37
10 62 28
10 63 12
10 64 7
10 65 56
10 67 62
10 68 24
10 69 4
11 2 18
11 3 65
11 5 16
11 6 36
11 8 25
11 10 23
11 11 66
11 12 0
11 13 7
11 16 32
11 17 68
11 20 34
11 21 52
11 23 39
11 24 67
11 26 38
11 30 3
11 31 2
11 33 10
11 35 1
11 36 42
11 39 27
11 41 19
11 42 6
11 44 14
11 46 5
11 47 56
11 48 49
11 50 51
11 51 17
11 54 41
11 55 45
11 57 35
11 62 64
11 63 22
11 64 31
11 65 57
11 66 26
11 67 28
12 0 21
12 1 33
12 3 0
12 4 54
12 7 46
12 11 43
12 13 58
12 15 45
12 16 62
12 18 51
12 20 24
12 21 2
12 25 25
12 27 28
12 31 4
12 32 30
12 33 36
12 35 10
12 37 69
12 38 55
12 39 5
12 41 15
12 43 17
12 47 34
12 48 31
12 52 41
12 53 12
12 55 50
12 56 14
12 58 40
12 62 53
12 64 49
12 65 22
12 66 65
12 67 68
12 69 13
13 0 49
13 4 60
13 6 15
13 13 65
13 16 53
13 17 69
13 18 68
13 19 46
13 20 9
13 21 23
13 22 20
13 23 57
13 24 43
13 25 1
13 26 37
13 28 32
13 29 58
13 33 51
13 37 11
13 40 13
13 41 52
13 43 47
13 44 34
13 47 4
13 48 48
13 51 42
13 52 10
13 53 64
13 55 21
13 56 50
13 58 12
13 59 22
13 62 41
13 63 56
13 64 54
13 65 30
13 67 45
13 68 6
13 69 38
14 1 40
14 3 6
14 4 25
14 6 12
14 7 56
14 10 55
14 15 38
14 16 5
14 17 9
14 19 4
14 21 3
14 24 41
14 25 64
14 26 21
14 27 42
14 28 18
14 29 35
14 31 62
14 32 16
14 33 45
14 35 57
14 37 10
14 40 47
14 41 59
14 42 50
14 43 51
14 44 13
14 45 43
14 47 7
14 48 60
14 50 67
14 51 2
14 52 29
14 54 17
14 55 37
14 56 22
14 57 49
14 58 24
14 59 31
14 60 33
14 61 8
14 63 36
14 65 32
14 66 14
14 67 39
14 68 44
15 0 17
15 1 15
15 2 42
15 4 55
15 5 37
15 8 4
15 9 46
15 11 44
15 17 67
15 19 68
15 20 50
15 22 3
15 23 40
15 24 22
15 27 35
15 31 45
15 32 6
15 34 51
15 36 36
15 37 30
15 38 56
15 41 26
15 43 14
15 44 38
15 47 29
15 49 28
15 51 20
15 52 16
15 53 23
15 54 54
15 59 53
15 61 24
15 62 21
15 65 31
15 67 61
15 68 25
15 69 59
16 1 52
16 2 35
16 4 37
16 8 36
16 9 28
16 11 16
16 12 57
16 13 51
16 14 44
16 15 17
16 16 3
16 17 56
16 18 9
16 19 69
16 21 20
16 22 48
16 23 49
16 26 15
16 27 21
16 28 59
16 29 60
16 32 50
16 34 23
16 35 68
16 36 39
16 37 61
16 38 7
16 39 38
16 40 25
16 42 4
16 45 29
16 47 24
16 49 55
16 51 13
16 52 14
16 54 32
16 55 66
16 57 1
16 59 42
16 60 10
16 61 30
16 62 12
16 63 46
16 64 5
16 65 27
16 69 26
17 1 19
17 5 22
17 6 16
17 7 3
17 8 7
17 9 34
17 10 58
17 11 25
17 13 57
17 14 8
17 15 12
17 17 45
17 18 15
17 19 10
17 20 21
17 21 24
17 22 49
17 23 31
17 26 56
17 27 14
17 28 41
17 31 20
17 37 54
17 40 69
17 41 62
17 44 64
17 45 9
17 46 66
17 47 50
17 48 39
17 49 63
17 51 6
17 53 40
17 54 61
17 55 55
17 56 26
17 59 36
17 60 44
17 64 2
17 66 35
17 67 52
18 0 57
18 2 63
18 3 11
18 4 12
18 8 41
18 9 25
18 10 15
18 11 51
18 12 68
18 13 21
18 15 40
18 17 10
18 19 34
18 20 48
18 21 47
18 24 32
18 26 18
18 27 6
18 28 60
18 29 46
18 30 7
18 31 27
18 33 66
18 34 45
18 37 3
18 40 29
18 41 35
18 45 50
18 46 33
18 50 56
18 52 69
18 53 28
18 54 31
18 55 24
18 56 54
18 58 22
18 59 19
18 60 2
18 61 14
18 62 4
18 63 64
18 64 26
18 65 13
18 66 67
18 67 20
18 69 55
19 0 39
19 2 36
19 3 37
19 4 53
19 5 63
19 6 47
19 11 4
19 12 28
19 13 56
19 14 60
19 15 65
19 16 24
19 20 17
19 23 33
19 24 40
19 25 55
19 26 31
19 28 57
19 29 42
19 30 52
19 34 34
19 35 0
19 36 35
19 37 67
19 38 2
19 39 44
19 40 20
19 41 11
19 43 30
19 45 14
19 46 41
19 47 15
19 48 13
19 52 9
19 53 8
19 54 16
19 56 7
19 58 6
19 59 48
19 61 49
19 63 68
19 65 21
19 66 45
19 69 19
20 0 58
20 2 54
20 3 57
20 6 14
20 9 6
20 10 32
20 12 38
20 13 23
20 15 24
20 16 25
20 17 19
20 19 33
20 22 41
20 24 66
20 25 45
20 26 28
20 30 15
20 31 49
20 33 13
20 34 10
20 36 46
20 37 12
20 38 35
20 40 53
20 41 50
20 42 39
20 43 68
20 44 17
20 45 22
20 48 43
20 49 7
20 50 42
20 52 37
20 53 62
20 58 1
20 61 59
20 62 9
20 63 60
20 64 63
20 66 44
20 68 20
20 69 61
21 0 44
21 1 49
21 2 14
21 3 48
21 7 51
21 8 43
21 10 62
21 11 18
21 12 3
21 16 40
21 17 54
21 18 34
21 20 15
21 23 16
21 24 28
21 25 23
21 27 58
21 28 25
21 30 24
21 32 2
21 33 7
21 34 56
21 37 38
21 39 50
21 40 17
21 41 21
21 46 61
21 47 46
21 48 33
21 49 4
21 50 47
21 52 42
21 53 45
21 54 11
21 56 31
21 57 36
21 58 68
21 59 35
21 61 67
21 65 65
21 66 64
21 68 1
21 69 0
22 0 69
22 1 2
22 3 19
22 5 56
22 6 26
22 9 33
22 11 34
22 14 36
22 16 35
22 17 25
22 19 13
22 20 45
22 21 11
22 22 57
22 23 55
22 24 65
22 25 7
22 30 17
22 32 27
22 33 43
22 34 63
22 37 18
22 40 62
22 41 12
22 42 10
22 43 37
22 45 38
22 46 42
22 47 47
22 49 49
22 50 29
22 51 22
22 52 53
22 54 24
22 55 28
22 56 4
22 59 50
22 60 32
22 61 41
22 62 46
22 65 54
22 66 6
23 2 59
23 3 54
23 4 69
23 5 4
23 6 34
23 7 15
23 8 2
23 9 9
23 10 44
23 13 32
23 15 28
23 17 55
23 18 45
23 19 6
23 22 62
23 23 41
23 25 61
23 26 39
23 27 12
23 28 27
23 30 51
23 32 52
23 33 63
23 35 5
23 39 65
23 40 67
23 41 29
23 42 13
23 43 66
23 44 58
23 46 11
23 47 23
23 48 42
23 51 21
23 52 56
23 53 36
23 54 38
23 55 17
23 57 64
23 60 49
23 61 43
23 62 20
23 67 26
24 3 8
24 5 43
24 6 23
24 7 40
24 8 63
24 9 49
24 10 65
24 11 2
24 13 18
24 14 51
24 16 50
24 17 5
24 20 52
24 21 22
24 22 67
24 25 19
24 26 6
24 27 45
24 28 29
24 32 38
24 34 27
24 35 47
24 37 34
24 38 60
24 39 58
24 42 46
24 43 31
24 45 39
24 48 14
24 49 16
24 52 3
24 53 17
24 54 68
24 55 10
24 58 0
24 59 56
24 60 54
24 62 66
24 63 11
24 64 42
24 68 13
24 69 35
25 1 25
25 3 49
25 4 66
25 5 29
25 7 1
25 8 55
25 9 32
25 11 68
25 12 23
25 14 41
25 15 53
25 16 14
25 17 22
25 21 46
25 22 33
25 25 27
25 27 4
25 29 11
25 30 64
25 32 57
25 33 62
25 34 31
25 35 28
25 36 56
25 37 13
25 38 5
25 40 48
25 41 61
25 42 20
25 43 40
25 44 30
25 45 26
25 49 65
25 50 54
25 51 47
25 53 10
25 56 52
25 57 0
25 58 16
25 59 7
25 60 37
25 62 43
25 63 45
25 64 34
25 65 9
25 66 24
25 67 12
25 68 36
25 69 69
26 1 66
26 2 6
26 5 60
26 6 9
26 7 14
26 8 28
26 9 11
26 12 47
26 13 69
26 14 30
26 15 21
26 16 18
26 18 56
26 19 53
26 20 12
26 21 13
26 22 15
26 23 67
26 25 41
26 26 44
26 27 64
26 28 49
26 32 26
26 33 34
26 34 17
26 37 8
26 38 16
26 39 42
26 40 36
26 41 63
26 43 59
26 45 45
26 46 27
26 47 33
26 48 25
26 49 52
26 50 55
26 52 35
26 53 24
26 55 43
26 57 57
26 58 54
26 59 10
26 60 46
26 61 38
26 62 68
26 63 32
26 66 1
26 68 3
27 3 15
27 4 38
27 6 28
27 8 24
27 9 44
27 10 41
27 11 49
27 13 13
27 15 14
27 18 62
27 21 42
27 22 31
27 24 27
27 26 22
27 27 54
27 28 11
27 30 16
27 33 19
27 35 61
27 36 0
27 39 8
27 40 4
27 41 69
27 44 29
27 45 18
27 46 40
27 48 30
27 49 2
27 51 64
27 57 34
27 58 3
27 59 67
27 62 1
27 64 12
27 65 39
27 66 7
27 69 6
28 0 14
28 1 4
28 2 57
28 4 45
28 6 5
28 8 50
28 14 6
28 15 22
28 17 2
28 18 30
28 19 18
28 20 0
28 22 16
28 27 24
28 28 48
28 31 13
28 32 29
28 34 20
28 35 66
28 37 1
28 40 59
28 41 53
28 42 40
28 43 61
28 44 56
28 45 11
28 46 46
28 48 28
28 49 19
28 52 25
28 53 33
28 54 62
28 56 21
28 60 68
28 66 32
28 68 39
29 0 9
29 2 17
29 5 54
29 7 23
29 10 10
29 12 42
29 14 32
29 15 47
29 16 41
29 17 46
29 18 35
29 19 24
29 21 19
29 22 44
29 23 7
29 24 15
29 25 67
29 27 49
29 28 31
29 31 39
29 33 61
29 34 18
29 35 59
29 36 55
29 37 51
29 38 66
29 40 28
29 43 33
29 45 25
29 47 63
29 49 29
29 50 62
29 51 45
29 52 26
29 53 27
29 55 4
29 57 50
29 59 60
29 63 34
29 65 53
29 66 16
29 67 11
29 68 2
30 0 52
30 1 68
30 5 44
30 8 56
30 9 10
30 10 37
30 11 6
30 12 46
30 14 47
30 15 41
30 17 11
30 19 58
30 20 66
30 21 34
30 24 7
30 26 30
30 27 18
30 28 20
30 31 38
30 32 31
30 33 59
30 38 43
30 40 19
30 41 55
30 43 48
30 45 42
30 46 26
30 48 17
30 49 53
30 50 61
30 51 9
30 52 22
30 54 29
30 55 63
30 56 28
30 57 5
30 60 14
30 62 45
30 64 15
30 66 25
30 67 8
30 68 35
31 0 50
31 2 37
31 3 2
31 4 56
31 5 24
31 6 40
31 8 31
31 10 11
31 11 52
31 14 17
31 15 13
31 16 55
31 19 42
31 20 33
31 22 30
31 23 29
31 24 69
31 26 64
31 30 9
31 31 46
31 33 38
31 35 54
31 36 34
31 38 26
31 39 12
31 40 3
31 41 67
31 42 15
31 44 68
31 45 35
31 46 65
31 47 20
31 48 51
31 49 44
31 50 6
31 52 27
31 53 21
31 54 7
31 56 47
31 57 53
31 59 32
31 61 0
31 62 22
31 63 14
31 64 36
31 65 19
31 66 62
31 67 58
31 69 10
32 0 23
32 2 39
32 4 9
32 8 6
32 10 49
32 13 20
32 15 19
32 16 29
32 17 32
32 18 13
32 20 31
32 23 50
32 24 47
32 25 54
32 28 17
32 29 12
32 30 28
32 31 53
32 32 35
32 35 34
32 36 64
32 37 66
32 38 36
32 40 44
32 43 15
32 44 8
32 45 56
32 47 38
32 49 25
32 51 33
32 54 63
32 55 22
32 56 51
32 58 2
32 59 26
32 61 42
32 62 58
32 63 30
32 64 14
32 67 24
32 68 5
33 0 20
33 2 27
33 9 68
33 10 17
33 11 38
33 12 43
33 14 28
33 15 8
33 17 6
33 18 24
33 20 23
33 23 53
33 26 49
33 27 5
33 28 44
33 29 26
33 30 1
33 31 25
33 32 14
33 34 9
33 36 33
33 37 42
33 38 64
33 39 3
33 41 41
33 42 19
33 43 16
33 44 21
33 46 67
33 47 12
33 49 10
33 51 18
33 55 54
33 56 34
33 60 59
33 62 32
33 63 61
33 64 52
34 0 11
34 2 66
34 3 35
34 5 69
34 6 41
34 9 51
34 12 25
34 16 10
34 17 57
34 18 27
34 19 48
34 20 55
34 21 44
34 22 50
34 24 61
34 25 13
34 26 14
34 27 40
34 28 56
34 29 45
34 32 59
34 33 46
34 35 52
34 41 4
34 42 3
34 43 34
34 46 68
34 48 5
34 49 33
34 52 54
34 53 43
34 56 20
34 58 21
34 59 39
34 60 30
34 61 53
34 62 18
34 64 9
34 65 58
34 67 23
35 0 29
35 2 16
35 3 56
35 4 22
35 5 59
35 6 21
35 9 1
35 11 11
35 12 6
35 14 39
35 15 30
35 16 42
35 17 17
35 18 63
35 19 43
35 20 14
35 22 32
35 23 46
35 25 62
35 26 51
35 32 44
35 33 64
35 34 3
35 35 26
35 36 48
35 38 41
35 39 57
35 40 45
35 41 9
35 42 0
35 43 38
35 44 66
35 45 7
35 46 13
35 47 53
35 48 55
35 49 15
35 52 33
35 53 19
35 54 47
35 57 61
35 59 54
35 62 25
35 63 65
35 64 27
35 65 36
35 66 18
35 67 5
36 0 61
36 1 54
36 3 17
36 5 12
36 6 56
36 7 67
36 8 0
36 11 31
36 13 10
36 14 46
36 15 29
36 17 24
36 18 47
36 22 36
36 25 20
36 26 4
36 27 3
36 28 7
36 31 42
36 33 60
36 34 64
36 35 14
36 36 25
36 37 65
36 38 37
36 41 57
36 42 62
36 43 35
36 44 45
36 47 9
36 48 58
36 50 16
36 53 52
36 54 50
36 55 68
36 57 48
36 59 38
36 60 6
36 61 13
36 65 1
36 67 34
36 68 18
36 69 5
37 1 14
37 2 26
37 3 64
37 6 31
37 8 60
37 9 61
37 11 55
37 12 50
37 13 38
37 14 21
37 15 10
37 16 28
37 18 11
37 19 47
37 21 37
37 22 68
37 24 25
37 25 15
37 27 13
37 28 69
37 29 36
37 32 22
37 35 65
37 38 0
37 41 7
37 42 5
37 44 33
37 45 34
37 46 63
37 47 48
37 50 24
37 52 2
37 55 46
37 56 39
37 57 29
37 58 53
37 59 17
37 62 16
37 65 67
37 68 58
37 69 23
38 0 36
38 3 21
38 5 48
38 6 52
38 7 9
38 9 19
38 10 13
38 11 42
38 12 58
38 15 68
38 16 22
38 17 15
38 21 26
38 25 44
38 26 11
38 27 43
38 28 62
38 29 55
38 30 63
38 32 65
38 33 6
38 34 41
38 35 56
38 36 47
38 37 46
38 38 33
38 41 27
38 45 51
38 47 45
38 48 4
38 49 23
38 50 35
38 52 31
38 53 57
38 54 0
38 55 8
38 56 38
38 59 30
38 60 53
38 61 34
38 62 69
38 63 49
38 66 2
38 67 17
38 68 29
38 69 67
39 2 60
39 6 25
39 8 22
39 10 26
39 11 33
39 14 35
39 15 66
39 17 51
39 18 1
39 19 0
39 20 37
39 21 14
39 23 3
39 24 54
39 25 63
39 26 62
39 28 43
39 30 39
39 31 30
39 32 24
39 33 29
39 35 17
39 36 15
39 37 68
39 39 28
39 40 7
39 43 8
39 45 12
39 46 4
39 48 69
39 50 31
39 52 13
39 54 65
39 56 61
39 58 52
39 60 9
39 61 36
39 62 47
39 63 58
39 64 55
39 65 34
39 66 50
39 67 49
39 68 27
39 69 64
40 1 5
40 5 52
40 7 16
40 8 13
40 10 12
40 14 56
40 15 42
40 16 39
40 18 31
40 19 14
40 20 59
40 21 1
40 22 64
40 27 41
40 28 46
40 29 66
40 30 40
40 33 3
40 34 7
40 35 8
40 38 9
40 39 63
40 42 33
40 43 0
40 44 24
40 46 32
40 48 53
40 49 43
40 51 34
40 52 6
40 53 68
40 54 27
40 56 65
40 59 62
40 60 51
40 61 60
40 62 55
40 64 4
40 65 50
40 68 15
41 0 28
41 1 24
41 5 50
41 6 45
41 10 25
41 12 48
41 13 55
41 16 16
41 17 27
41 18 57
41 20 67
41 21 10
41 22 13
41 23 4
41 24 20
41 26 0
41 27 1
41 28 19
41 30 26
41 33 41
41 34 39
41 35 23
41 36 40
41 37 33
41 39 66
41 40 64
41 41 38
41 42 43
41 43 56
41 45 30
41 46 37
41 47 58
41 49 42
41 50 3
41 51 65
41 53 29
41 54 69
41 58 15
41 59 51
41 61 5
41 62 7
41 63 59
41 65 18
41 67 54
41 69 46
42 0 3
42 2 25
42 3 22
42 5 19
42 6 39
42 7 29
42 8 11
42 9 55
42 10 20
42 11 0
42 12 31
42 13 37
42 14 50
42 16 60
42 17 34
42 21 43
42 22 17
42 23 13
42 24 36
42 25 30
42 26 24
42 27 48
42 29 62
42 30 10
42 32 7
42 33 12
42 35 40
42 36 41
42 38 57
42 40 49
42 42 16
42 43 28
42 44 15
42 45 53
42 47 64
42 49 38
42 53 1
42 54 44
42 57 18
42 58 33
42 59 46
42 60 65
42 65 47
42 66 9
42 67 21
43 0 38
43 4 63
43 7 13
43 8 61
43 9 5
43 10 56
43 12 27
43 13 39
43 15 58
43 17 23
43 18 43
43 20 10
43 21 67
43 23 36
43 26 42
43 27 16
43 29 9
43 30 30
43 31 57
43 33 50
43 35 46
43 36 21
43 37 35
43 38 29
43 41 28
43 43 25
43 45 24
43 46 69
43 48 68
43 50 44
43 51 7
43 52 48
43 53 20
43 56 41
43 57 11
43 58 64
43 61 22
43 62 60
43 63 47
43 64 19
43 66 49
43 67 51
43 68 32
44 0 54
44 1 63
44 2 22
44 5 66
44 6 20
44 7 38
44 10 43
44 11 50
44 13 60
44 14 67
44 17 44
44 19 52
44 20 49
44 21 61
44 23 12
44 27 10
44 28 58
44 36 62
44 37 32
44 40 15
44 41 33
44 42 1
44 44 51
44 45 40
44 48 46
44 50 23
44 52 57
44 53 6
44 54 2
44 55 3
44 59 8
44 60 56
44 61 65
44 65 59
44 66 27
44 67 9
44 68 11
45 0 43
45 2 40
45 4 68
45 5 38
45 6 63
45 7 6
45 9 3
45 10 7
45 13 62
45 14 59
45 16 8
45 17 48
45 18 25
45 19 9
45 28 13
45 30 31
45 31 60
45 32 15
45 34 21
45 36 19
45 37 37
45 39 24
45 40 42
45 41 1
45 42 55
45 43 64
45 45 46
45 46 10
45 47 5
45 48 36
45 49 22
45 51 12
45 52 66
45 53 34
45 55 41
45 56 69
45 58 30
45 61 23
45 63 33
45 66 53
45 67 44
45 69 57
46 0 31
46 1 7
46 2 43
46 3 36
46 4 42
46 5 25
46 7 33
46 8 46
46 10 54
46 11 29
46 17 58
46 18 48
46 19 66
46 20 63
46 24 57
46 26 35
46 27 52
46 30 23
46 31 61
46 32 19
46 36 3
46 39 40
46 41 18
46 42 11
46 43 53
46 46 1
46 47 27
46 49 24
46 51 60
46 53 9
46 54 55
46 55 59
46 56 8
46 57 6
46 59 28
46 60 0
46 61 2
46 62 65
46 64 68
46 67 50
46 69 14
47 1 51
47 2 64
47 5 5
47 6 32
47 7 50
47 8 44
47 10 40
47 11 28
47 14 3
47 15 16
47 17 49
47 18 17
47 19 25
47 20 6
47 21 15
47 22 29
47 23 24
47 26 57
47 27 23
47 29 69
47 30 20
47 31 10
47 33 48
47 34 65
47 35 58
47 37 59
47 39 21
47 40 31
47 41 47
47 42 30
47 43 4
47 44 36
47 45 54
47 46 45
47 47 37
47 52 68
47 53 14
47 54 19
47 56 2
47 57 55
47 59 43
47 60 38
47 61 52
47 62 63
47 64 60
47 66 41
48 0 34
48 2 45
48 4 28
48 6 17
48 7 10
48 8 20
48 11 35
48 12 32
48 13 5
48 16 36
48 19 61
48 21 54
48 22 21
48 25 57
48 26 19
48 28 8
48 30 25
48 31 31
48 32 62
48 33 11
48 34 40
48 35 51
48 38 4
48 41 43
48 44 67
48 46 39
48 50 15
48 51 29
48 52 59
48 53 65
48 54 33
48 55 16
48 56 68
48 57 9
48 58 56
48 59 2
48 60 1
48 61 48
48 62 6
48 63 38
48 64 47
48 65 60
48 66 12
48 67 0
48 69 30
49 0 53
49 2 51
49 3 14
49 5 1
49 6 11
49 8 10
49 9 4
49 10 36
49 13 47
49 14 45
49 15 67
49 17 52
49 18 41
49 20 60
49 22 43
49 25 40
49 26 12
49 28 9
49 29 2
49 30 50
49 31 22
49 32 28
49 33 44
49 34 24
49 36 66
49 37 19
49 38 48
49 43 32
49 47 42
49 48 35
49 49 54
49 54 3
49 57 46
49 60 26
49 61 16
49 64 33
49 65 69
49 67 56
49 68 34
49 69 15
50 0 27
50 1 58
50 2 11
50 3 28
50 5 30
50 6 51
50 8 3
50 9 57
50 12 63
50 14 19
50 15 52
50 16 67
50 17 60
50 18 46
50 19 12
50 23 66
50 26 8
50 27 32
50 28 24
50 30 29
50 32 0
50 33 49
50 36 18
50 38 17
50 39 53
50 42 38
50 44 23
50 45 16
50 46 50
50 50 7
50 51 1
50 52 36
50 56 42
50 58 26
50 59 44
50 60 43
50 62 35
50 64 25
50 65 6
50 66 37
50 69 40
51 0 56
51 2 13
51 4 57
51 5 18
51 9 43
51 10 61
51 11 69
51 12 45
51 13 35
51 15 6
51 16 68
51 17 29
51 19 67
51 22 38
51 25 8
51 26 55
51 27 9
51 28 15
51 33 5
51 34 2
51 35 37
51 36 63
51 39 7
51 44 4
51 46 49
51 47 16
51 49 31
51 50 14
51 51 26
51 53 58
51 56 46
51 58 41
51 59 66
51 60 60
51 61 28
51 62 11
51 63 44
51 64 40
51 66 22
51 67 65
51 68 51
52 0 10
52 2 41
52 3 38
52 5 3
52 8 17
52 9 65
52 10 4
52 11 64
52 12 24
52 13 53
52 14 34
52 17 66
52 18 14
52 20 27
52 21 50
52 22 26
52 23 52
52 24 42
52 26 58
52 28 22
52 29 59
52 30 21
52 32 39
52 38 49
52 41 40
52 42 56
52 43 12
52 44 18
52 46 6
52 47 0
52 48 29
52 51 35
52 52 46
52 54 60
52 56 25
52 60 15
52 63 57
52 64 48
52 65 44
52 66 13
53 0 40
53 1 62
53 3 66
53 4 11
53 5 58
53 6 18
53 7 20
53 8 1
53 9 29
53 10 30
53 11 3
53 12 49
53 14 23
53 18 7
53 19 26
53 20 25
53 21 17
53 23 38
53 25 22
53 27 51
53 29 6
53 31 15
53 33 56
53 37 24
53 38 68
53 39 45
53 42 52
53 43 41
53 44 28
53 45 33
53 47 57
53 48 19
53 51 44
53 54 53
53 57 27
53 60 34
53 61 54
53 62 31
53 63 4
53 64 69
53 69 50
54 1 28
54 2 32
54 3 51
54 5 34
54 9 50
54 11 47
54 14 58
54 15 49
54 16 65
54 18 23
54 19 37
54 21 63
54 23 9
54 24 62
54 25 0
54 27 27
54 28 26
54 31 54
54 32 48
54 33 18
54 34 19
54 35 7
54 36 4
54 37 56
54 39 55
54 41 20
54 42 2
54 43 60
54 45 44
54 47 10
54 48 1
54 49 13
54 51 24
54 52 12
54 56 53
54 57 15
54 58 25
54 59 57
54 60 22
54 61 6
54 63 67
54 64 21
54 65 29
54 66 42
55 3 1
55 5 39
55 6 29
55 7 54
55 9 14
55 10 53
55 11 59
55 12 64
55 16 20
55 18 61
55 20 42
55 21 49
55 22 28
55 23 25
55 27 26
55 30 11
55 32 23
55 33 69
55 34 12
55 36 2
55 38 40
55 40 56
55 41 44
55 42 34
55 44 47
55 46 52
55 47 68
55 48 24
55 49 57
55 50 8
55 51 67
55 52 18
55 54 30
55 57 7
55 58 9
55 60 16
55 61 27
55 64 0
55 66 60
55 68 62
56 3 5
56 6 19
56 7 35
56 9 38
56 10 21
56 11 32
56 12 69
56 13 36
56 14 49
56 16 47
56 17 61
56 18 26
56 22 34
56 23 20
56 26 25
56 28 10
56 32 51
56 33 37
56 35 3
56 37 43
56 40 50
56 41 0
56 43 7
56 46 44
56 48 11
56 49 60
56 50 63
56 53 2
56 54 22
56 55 31
56 57 56
56 59 9
56 60 39
56 61 18
56 62 30
56 63 6
56 65 45
56 66 48
56 67 40
56 68 12
57 1 10
57 2 67
57 4 41
57 6 24
57 7 0
57 10 9
57 11 23
57 12 53
57 13 40
57 14 66
57 15 51
57 17 35
57 19 55
57 21 12
57 22 11
57 23 30
57 26 7
57 28 3
57 29 63
57 30 13
57 31 64
57 33 65
57 36 14
57 37 47
57 39 19
57 40 43
57 43 44
57 45 4
57 46 22
57 47 21
57 49 46
57 50 26
57 52 39
57 53 49
57 56 56
57 57 8
57 58 57
57 61 69
57 62 34
57 63 25
57 64 50
57 66 29
57 68 60
58 0 22
58 1 1
58 2 52
58 4 23
58 5 21
58 8 57
58 11 53
58 13 24
58 15 26
58 17 39
58 23 34
58 25 4
58 29 15
58 30 48
58 31 6
58 32 56
58 33 28
58 34 49
58 39 18
58 40 63
58 41 58
58 43 50
58 45 62
58 47 59
58 50 20
58 51 14
58 52 11
58 54 67
58 55 38
58 56 0
58 58 17
58 59 40
58 60 47
58 61 31
58 62 2
58 63 27
58 64 45
58 67 25
58 69 44
59 0 13
59 1 56
59 3 67
59 4 32
59 6 1
59 7 64
59 8 9
59 11 46
59 12 66
59 13 43
59 14 52
59 17 14
59 18 50
59 19 3
59 21 21
59 22 42
59 25 11
59 26 10
59 27 17
59 30 61
59 31 12
59 32 41
59 33 23
59 36 29
59 38 69
59 39 33
59 44 54
59 45 27
59 48 63
59 50 30
59 51 59
59 52 60
59 53 0
59 55 62
59 57 20
59 59 58
59 61 15
59 62 57
59 63 37
59 64 35
59 66 4
59 68 28
59 69 16
60 2 58
60 4 8
60 5 10
60 6 68
60 7 21
60 8 67
60 10 14
60 12 40
60 14 12
60 15 50
60 16 15
60 17 42
60 18 53
60 19 65
60 20 7
60 22 9
60 23 44
60 25 38
60 27 57
60 28 16
60 29 56
60 31 11
60 33 30
60 38 34
60 41 45
60 43 2
60 44 59
60 45 23
60 47 13
60 51 46
60 52 20
60 53 48
60 54 39
60 55 51
60 56 1
60 57 37
60 60 55
60 62 19
60 63 3
60 64 29
60 66 28
60 67 41
60 68 43
61 1 6
61 3 30
61 6 53
61 8 68
61 9 13
61 11 20
61 12 19
61 13 0
61 14 61
61 16 56
61 18 49
61 19 1
61 20 35
61 21 59
61 22 12
61 35 15
61 37 29
61 38 24
61 39 11
61 40 18
61 41 60
61 43 22
61 44 41
61 45 3
61 48 7
61 51 43
61 58 34
61 59 69
61 60 40
61 63 55
61 67 4
61 69 54
62 1 64
62 2 33
62 5 67
62 7 58
62 8 69
62 9 7
62 10 18
62 12 1
62 14 54
62 16 19
62 17 40
62 18 21
62 28 39
62 30 14
62 31 41
62 32 61
62 33 53
62 34 13
62 35 60
62 36 45
62 39 15
62 41 8
62 42 35
62 43 65
62 45 31
62 46 20
62 49 32
62 50 27
62 51 56
62 52 34
62 53 51
62 55 36
62 56 5
62 58 50
62 59 25
62 65 28
62 66 55
62 67 29
62 68 38
62 69 2
63 1 11
63 3 55
63 4 59
63 5 28
63 6 13
63 7 69
63 8 48
63 9 15
63 10 64
63 11 21
63 12 52
63 13 3
63 14 33
63 15 39
63 16 45
63 17 0
63 19 56
63 20 36
63 21 60
63 23 1
63 27 38
63 29 25
63 31 9
63 32 12
63 34 22
63 35 24
63 39 41
63 40 54
63 41 49
63 42 58
63 44 50
63 45 20
63 46 43
63 47 31
63 48 40
63 49 51
63 51 16
63 52 63
63 53 5
63 55 34
63 56 32
63 57 2
63 58 44
63 59 37
63 60 35
63 63 66
63 65 68
63 66 17
63 67 14
63 68 7
64 2 15
64 3 44
64 4 17
64 5 36
64 6 67
64 10 34
64 12 33
64 14 55
64 17 28
64 19 16
64 22 24
64 23 58
64 24 0
64 28 61
64 29 27
64 30 6
64 31 43
64 32 21
64 33 4
64 34 47
64 35 42
64 36 9
64 37 26
64 38 63
64 39 1
64 40 52
64 42 49
64 45 59
64 47 14
64 50 48
64 52 23
64 53 7
64 54 5
64 55 39
64 56 18
64 58 45
64 59 65
64 62 13
64 63 10
64 64 11
64 66 30
64 67 19
64 69 53
65 0 45
65 1 26
65 2 29
65 5 62
65 6 58
65 8 64
65 9 66
65 10 27
65 11 37
65 12 14
65 13 63
65 14 48
65 16 9
65 17 47
65 19 5
65 20 8
65 21 0
65 24 12
65 25 39
65 28 65
65 32 13
65 33 68
65 34 1
65 35 35
65 37 22
65 39 34
65 40 24
65 42 28
65 44 53
65 45 67
65 46 60
65 49 18
65 50 4
65 51 15
65 53 31
65 54 51
65 55 30
65 57 69
65 58 32
65 59 11
65 60 42
65 62 36
65 63 50
65 64 20
65 65 43
65 66 10
65 67 2
66 3 45
66 4 21
66 8 26
66 10 5
66 12 9
66 15 44
66 16 57
66 17 7
66 18 60
66 19 36
66 24 31
66 26 53
66 27 11
66 28 64
66 29 22
66 31 17
66 33 32
66 34 14
66 35 19
66 36 69
66 37 58
66 38 25
66 39 35
66 41 66
66 44 20
66 48 34
66 49 6
66 50 10
66 51 48
66 55 65
66 57 12
66 60 50
66 61 3
66 62 56
66 63 18
66 64 37
66 65 16
66 68 30
66 69 63
67 0 62
67 1 60
67 2 28
67 3 10
67 4 30
67 6 27
67 7 24
67 8 51
67 9 48
67 11 12
67 12 55
67 13 34
67 14 40
67 15 64
67 16 44
67 17 33
67 18 0
67 19 57
67 21 41
67 23 11
67 24 63
67 25 59
67 26 13
67 27 50
67 29 21
67 30 38
67 31 26
67 33 31
67 34 16
67 35 39
67 36 6
67 42 29
67 43 67
67 47 19
67 48 23
67 52 49
67 55 56
67 57 47
67 58 42
67 62 3
67 67 37
68 0 42
68 1 50
68 2 4
68 4 1
68 5 23
68 9 58
68 10 2
68 11 13
68 13 45
68 14 0
68 15 62
68 17 21
68 19 15
68 24 51
68 25 26
68 26 54
68 27 68
68 28 38
68 29 7
68 31 47
68 33 25
68 34 35
68 35 64
68 38 28
68 39 56
68 42 36
68 43 9
68 45 60
68 48 37
68 49 17
68 50 22
68 52 43
68 54 34
68 55 40
68 56 30
68 58 14
68 60 57
68 61 63
68 64 67
68 65 20
68 66 69
68 67 59
68 68 48
68 69 49
69 0 12
69 2 56
69 3 40
69 4 34
69 10 63
69 12 41
69 14 18
69 15 11
69 16 23
69 18 39
69 19 17
69 20 53
69 21 55
69 22 25
69 23 45
69 24 59
69 25 2
69 27 29
69 29 8
69 30 42
69 31 21
69 33 47
69 34 32
69 35 50
69 37 60
69 38 44
69 44 19
69 45 6
69 46 15
69 47 30
69 48 20
69 49 35
69 51 36
69 52 58
69 53 54
69 55 64
69 56 13
69 57 24
69 61 7
69 62 61
69 63 62
69 67 1
69 69 43
