70
0 2 25
0 3 57
0 4 48
0 5 15
0 6 12
0 7 56
0 8 46
0 9 38
0 10 23
0 11 32
0 13 3
0 14 7
0 15 40
0 16 31
0 17 49
0 19 62
0 20 43
0 21 24
0 22 64
0 23 39
0 24 55
0 27 59
0 28 58
0 29 53
0 32 11
0 34 35
0 37 29
0 40 63
0 42 65
0 43 5
0 44 8
0 45 47
0 46 51
0 47 60
0 49 22
0 50 44
0 51 20
0 52 9
0 53 18
0 59 14
0 61 1
0 63 66
0 65 30
0 68 45
0 69 67
1 0 52
1 1 7
1 2 8
1 4 24
1 5 26
1 6 49
1 8 42
1 9 11
1 10 55
1 11 39
1 12 14
1 13 37
1 14 36
1 15 18
1 16 0
1 18 10
1 19 56
1 20 69
1 21 34
1 25 54
1 27 17
1 28 30
1 29 1
1 30 20
1 31 60
1 32 22
1 34 32
1 35 68
1 36 2
1 37 62
1 38 43
1 39 59
1 40 16
1 41 12
1 42 13
1 43 63
1 44 4
1 45 58
1 46 9
1 47 51
1 49 29
1 52 23
1 53 53
1 55 31
1 57 33
1 58 48
1 60 45
1 61 25
1 62 41
1 63 3
1 64 35
1 65 28
1 68 57
2 0 27
2 1 68
2 2 20
2 3 44
2 4 55
2 5 50
2 7 42
2 8 62
2 11 36
2 12 13
2 13 69
2 14 51
2 15 34
2 16 54
2 18 53
2 19 32
2 20 21
2 22 47
2 24 59
2 25 45
2 27 8
2 28 14
2 30 48
2 31 57
2 33 22
2 34 11
2 35 5
2 36 67
2 37 56
2 38 63
2 39 19
2 40 66
2 42 0
2 44 29
2 46 61
2 47 16
2 49 35
2 52 26
2 53 1
2 56 60
2 58 33
2 61 23
2 63 4
2 64 40
2 65 58
2 67 25
2 69 52
3 0 66
3 1 6
3 2 24
3 5 27
3 7 53
3 9 8
3 10 1
3 12 31
3 13 50
3 14 69
3 15 29
3 17 56
3 19 42
3 20 30
3 22 59
3 23 28
3 25 21
3 26 58
3 27 62
3 28 9
3 29 39
3 30 18
3 32 35
3 33 55
3 34 25
3 36 49
3 37 13
3 38 40
3 39 48
3 40 0
3 44 26
3 46 37
3 48 7
3 50 67
3 51 12
3 52 43
3 54 4
3 56 68
3 58 47
3 59 64
3 60 52
3 62 63
3 63 65
3 65 23
3 66 33
3 68 61
3 69 19
4 0 11
4 1 53
4 2 7
4 4 52
4 5 22
4 8 0
4 9 44
4 10 62
4 11 31
4 13 45
4 14 67
4 15 48
4 16 38
4 18 39
4 19 27
4 20 15
4 22 19
4 24 8
4 25 14
4 26 40
4 27 24
4 29 25
4 31 17
4 32 29
4 35 46
4 39 3
4 40 49
4 41 69
4 42 54
4 43 51
4 44 36
4 45 26
4 49 50
4 50 5
4 51 55
4 52 41
4 53 16
4 55 43
4 56 20
4 57 63
4 59 58
4 60 35
4 61 65
4 62 6
4 63 42
4 66 66
4 68 37
4 69 59
5 0 48
5 1 60
5 2 16
5 3 11
5 6 57
5 7 50
5 8 66
5 9 14
5 10 52
5 11 65
5 14 2
5 15 27
5 16 8
5 18 21
5 19 3
5 20 10
5 23 25
5 25 29
5 26 54
5 27 35
5 28 24
5 29 31
5 31 59
5 32 39
5 33 17
5 34 62
5 35 67
5 36 1
5 37 51
5 38 42
5 39 7
5 42 53
5 44 23
5 45 38
5 47 0
5 48 37
5 49 41
5 50 6
5 51 44
5 53 69
5 54 20
5 55 22
5 56 9
5 57 32
5 59 47
5 61 15
5 63 63
5 66 30
5 67 46
5 68 26
6 0 57
6 1 29
6 4 21
6 5 23
6 6 44
6 7 64
6 8 13
6 9 24
6 10 28
6 12 7
6 13 36
6 14 20
6 16 10
6 17 25
6 20 33
6 21 68
6 23 12
6 25 66
6 27 42
6 28 34
6 29 55
6 30 50
6 32 58
6 33 15
6 35 54
6 36 30
6 38 32
6 39 31
6 41 47
6 43 9
6 44 27
6 46 52
6 51 35
6 52 67
6 54 69
6 55 6
6 58 4
6 59 51
6 60 48
6 62 18
6 64 63
6 65 46
6 68 40
6 69 3
7 0 26
7 2 31
7 5 21
7 6 35
7 7 5
7 8 44
7 9 19
7 10 36
7 11 62
7 12 20
7 13 63
7 14 53
7 15 16
7 16 39
7 18 67
7 20 61
7 21 0
7 22 13
7 23 42
7 24 3
7 25 27
7 30 28
7 31 65
7 32 57
7 34 34
7 35 6
7 36 66
7 37 47
7 38 41
7 39 49
7 40 7
7 41 25
7 42 24
7 44 1
7 45 33
7 46 38
7 48 14
7 49 55
7 51 2
7 53 60
7 54 54
7 55 15
7 58 52
7 60 4
7 61 18
7 63 59
7 65 64
7 68 43
8 0 67
8 1 17
8 2 9
8 3 68
8 4 29
8 7 55
8 8 20
8 10 41
8 11 12
8 12 63
8 13 47
8 14 4
8 15 35
8 16 69
8 17 40
8 18 14
8 19 43
8 20 1
8 21 27
8 24 25
8 25 15
8 26 49
8 27 61
8 28 32
8 29 24
8 30 56
8 34 54
8 35 48
8 36 33
8 38 2
8 40 60
8 41 50
8 42 58
8 44 64
8 45 59
8 46 3
8 47 7
8 48 42
8 50 21
8 51 62
8 53 57
8 54 36
8 55 65
8 56 46
8 57 66
8 58 6
8 61 22
8 62 19
8 64 44
8 65 38
8 66 37
8 67 53
8 68 31
9 0 6
9 3 5
9 5 48
9 7 36
9 8 1
9 9 53
9 10 33
9 11 22
9 12 25
9 13 38
9 14 9
9 15 3
9 17 15
9 19 7
9 20 28
9 21 32
9 23 57
9 24 27
9 25 35
9 26 60
9 27 13
9 28 66
9 30 47
9 31 46
9 32 45
9 35 30
9 36 19
9 37 24
9 38 55
9 39 29
9 40 65
9 41 64
9 42 18
9 44 21
9 45 12
9 46 0
9 47 8
9 50 59
9 52 44
9 53 11
9 54 49
9 55 67
9 56 39
9 57 17
9 59 23
9 61 58
9 63 37
9 65 51
9 66 26
9 67 20
9 68 62
10 0 29
10 1 33
10 2 26
10 3 38
10 4 61
10 6 59
10 7 20
10 10 16
10 14 39
10 16 37
10 17 2
10 19 12
10 21 52
10 22 28
10 23 15
10 24 40
10 26 5
10 27 68
10 28 42
10 30 19
10 32 7
10 33 25
10 35 47
10 36 62
10 38 56
10 39 63
10 40 35
10 42 66
10 44 31
10 45 45
10 47 54
10 48 21
10 51 23
10 52 50
10 53 27
10 54 18
10 56 48
10 57 3
10 60 43
10 61 10
10 63 32
10 65 11
10 68 69
11 0 16
11 2 46
11 3 3
11 4 6
11 6 32
11 7 2
11 9 57
11 10 29
11 11 61
11 12 51
11 13 23
11 15 4
11 16 30
11 17 33
11 19 45
11 20 60
11 21 64
11 22 53
11 23 13
11 24 1
11 25 37
11 26 56
11 27 18
11 28 25
11 29 8
11 30 21
11 31 63
11 32 36
11 33 59
11 34 55
11 36 48
11 37 11
11 38 10
11 39 28
11 40 43
11 42 52
11 43 24
11 44 0
11 46 54
11 48 62
11 51 17
11 52 7
11 53 12
11 54 22
11 55 20
11 57 34
11 58 31
11 59 41
11 60 65
11 61 39
11 62 69
11 63 50
11 64 47
11 66 49
11 68 68
12 2 22
12 3 45
12 4 19
12 6 30
12 7 0
12 9 10
12 10 46
12 11 63
12 12 17
12 13 52
12 14 49
12 15 42
12 17 43
12 18 8
12 20 36
12 23 32
12 26 65
12 27 44
12 28 56
12 29 64
12 30 25
12 32 12
12 33 24
12 34 15
12 36 40
12 37 39
12 38 31
12 42 55
12 43 6
12 44 28
12 45 68
12 46 13
12 47 48
12 48 53
12 49 38
12 50 69
12 51 41
12 52 51
12 55 33
12 57 59
12 58 61
12 60 58
12 61 35
12 63 34
12 64 67
12 65 20
12 66 5
12 67 66
12 68 60
13 0 19
13 2 27
13 4 35
13 6 67
13 8 48
13 9 69
13 10 47
13 12 33
13 13 39
13 16 26
13 18 24
13 20 50
13 22 60
13 23 62
13 24 46
13 27 32
13 28 8
13 31 29
13 32 56
13 33 36
13 34 66
13 36 41
13 37 52
13 39 21
13 40 4
13 41 22
13 42 5
13 43 43
13 44 16
13 47 53
13 48 34
13 49 65
13 50 11
13 51 3
13 52 30
13 55 54
13 57 57
13 58 1
13 59 7
13 60 14
13 61 59
13 62 55
13 64 49
13 65 63
13 66 15
13 67 23
13 68 28
14 0 65
14 1 28
14 4 66
14 6 6
14 7 54
14 8 23
14 9 34
14 10 69
14 12 39
14 13 18
14 14 48
14 15 67
14 16 52
14 17 57
14 19 26
14 21 25
14 22 36
14 23 60
14 24 20
14 26 45
14 28 50
14 29 3
14 30 61
14 32 37
14 33 47
14 35 44
14 36 14
14 37 9
14 40 17
14 41 40
14 42 27
14 43 53
14 44 63
14 45 5
14 46 33
14 48 11
14 50 12
14 51 43
14 52 35
14 53 24
14 54 16
14 59 55
14 60 8
14 62 46
14 63 21
14 65 68
14 66 13
14 67 58
14 68 49
14 69 22
15 0 68
15 3 62
15 4 18
15 6 55
15 7 7
15 8 38
15 9 54
15 10 37
15 12 40
15 13 31
15 16 33
15 17 13
15 18 1
15 20 39
15 21 19
15 22 44
15 23 61
15 26 43
15 27 23
15 28 3
15 29 28
15 30 26
15 31 42
15 33 14
15 36 22
15 38 65
15 39 46
15 42 4
15 43 67
15 44 69
15 45 16
15 47 17
15 49 56
15 51 63
15 53 32
15 54 51
15 55 53
15 56 8
15 58 59
15 59 11
15 60 30
15 61 20
15 62 21
15 63 49
15 67 9
15 68 10
15 69 2
16 0 12
16 1 32
16 2 52
16 5 60
16 8 4
16 9 18
16 10 27
16 11 7
16 12 15
16 13 57
16 14 62
16 15 21
16 16 19
16 17 47
16 20 17
16 21 37
16 22 67
16 24 64
16 25 9
16 27 25
16 28 51
16 30 49
16 31 3
16 32 30
16 35 26
16 38 54
16 39 13
16 40 34
16 41 36
16 43 2
16 44 48
16 46 41
16 47 69
16 48 22
16 49 45
16 51 40
16 53 55
16 54 29
16 56 63
16 57 8
16 58 53
16 59 20
16 60 39
16 62 5
16 64 33
16 66 6
16 67 24
16 68 44
17 0 32
17 1 19
17 2 30
17 3 48
17 5 18
17 6 68
17 7 66
17 8 15
17 9 2
17 10 7
17 11 27
17 13 28
17 14 33
17 15 39
17 16 43
17 17 59
17 18 9
17 19 13
17 21 55
17 22 54
17 24 37
17 25 36
17 27 0
17 29 26
17 30 5
17 31 67
17 33 53
17 34 60
17 35 35
17 37 6
17 38 17
17 39 45
17 40 8
17 41 24
17 42 69
17 43 41
17 44 12
17 45 51
17 46 22
17 48 65
17 49 62
17 50 20
17 51 47
17 52 49
17 53 50
17 55 25
17 58 42
17 59 56
17 60 21
17 61 52
17 62 3
17 67 1
17 68 29
18 0 36
18 1 30
18 3 40
18 4 8
18 5 35
18 6 26
18 9 3
18 10 65
18 11 68
18 12 19
18 15 57
18 16 61
18 17 67
18 18 56
18 20 52
18 21 1
18 24 18
18 25 16
18 26 48
18 27 4
18 28 45
18 29 13
18 31 12
18 33 7
18 34 17
18 36 55
18 37 50
18 40 6
18 41 63
18 44 44
18 45 10
18 46 15
18 47 2
18 48 24
18 49 33
18 50 34
18 51 14
18 52 28
18 55 58
18 56 43
18 57 23
18 59 39
18 63 38
18 64 62
18 66 54
18 68 59
18 69 11
19 0 2
19 1 37
19 2 68
19 3 52
19 7 49
19 8 43
19 9 33
19 10 42
19 12 0
19 14 58
19 16 11
19 18 44
19 21 4
19 22 7
19 23 14
19 24 23
19 25 67
19 26 12
19 27 60
19 28 40
19 29 15
19 30 13
19 32 66
19 33 61
19 34 20
19 35 69
19 36 5
19 37 36
19 39 25
19 40 32
19 41 56
19 42 10
19 43 54
19 44 55
19 45 31
19 46 30
19 48 59
19 49 63
19 50 45
19 52 48
19 53 64
19 58 39
19 59 16
19 60 6
19 63 46
19 65 57
19 66 24
19 67 28
19 68 9
20 0 5
20 1 59
20 2 67
20 3 60
20 5 45
20 6 4
20 7 15
20 8 39
20 9 17
20 11 51
20 12 1
20 13 66
20 15 56
20 17 68
20 18 48
20 19 10
20 21 38
20 22 35
20 23 19
20 24 42
20 25 8
20 26 47
20 27 29
20 29 27
20 30 2
20 32 0
20 34 3
20 35 34
20 38 33
20 41 7
20 42 26
20 43 25
20 44 54
20 45 23
20 46 65
20 47 43
20 49 46
20 50 28
20 51 11
20 53 13
20 54 6
20 55 40
20 56 32
20 60 69
20 61 41
20 62 36
20 64 12
20 65 31
20 66 53
20 67 50
20 68 58
20 69 55
21 0 41
21 2 44
21 3 46
21 4 65
21 5 47
21 6 18
21 7 68
21 8 37
21 10 11
21 11 6
21 12 29
21 14 66
21 16 34
21 18 58
21 19 55
21 21 16
21 22 26
21 23 4
21 25 63
21 26 61
21 27 64
21 29 33
21 30 31
21 31 0
21 32 49
21 33 48
21 34 40
21 35 23
21 36 51
21 38 39
21 39 32
21 40 27
21 41 54
21 43 45
21 45 13
21 46 42
21 48 67
21 49 1
21 51 10
21 53 28
21 56 69
21 57 53
21 58 43
21 59 9
21 60 36
21 61 8
21 62 20
21 66 21
21 67 5
21 68 7
21 69 60
22 0 69
22 1 55
22 2 61
22 4 3
22 5 29
22 8 56
22 9 32
22 10 26
22 11 34
22 12 49
22 13 25
22 14 31
22 15 62
22 16 63
22 17 16
22 18 12
22 19 41
22 20 5
22 21 65
22 23 30
22 25 10
22 26 42
22 28 15
22 30 6
22 31 33
22 33 67
22 34 59
22 37 48
22 38 27
22 39 36
22 40 46
22 41 8
22 42 68
22 43 20
22 45 35
22 47 22
22 49 7
22 51 4
22 52 0
22 54 58
22 55 44
22 56 54
22 57 21
22 58 66
22 59 13
22 61 43
22 62 40
22 63 11
22 64 38
22 65 37
22 67 45
22 69 51
23 1 21
23 2 45
23 3 17
23 4 10
23 5 16
23 6 60
23 7 59
23 9 40
23 10 56
23 11 3
23 12 8
23 14 35
23 15 64
23 16 4
23 19 9
23 20 67
23 21 57
23 22 58
23 23 11
23 24 51
23 25 1
23 26 69
23 27 14
23 29 50
23 30 15
23 31 38
23 33 37
23 34 61
23 35 0
23 37 41
23 38 36
23 41 27
23 43 52
23 44 65
23 45 34
23 46 28
23 47 32
23 48 55
23 50 54
23 52 63
23 54 2
23 55 49
23 57 26
23 58 30
23 60 68
23 62 53
23 63 29
23 64 18
23 65 48
23 68 66
23 69 25
24 0 44
24 2 49
24 3 18
24 7 51
24 9 35
24 11 5
24 12 43
24 13 56
24 16 47
24 17 19
24 18 32
24 20 63
24 21 26
24 24 69
24 25 68
24 26 28
24 28 23
24 29 40
24 30 62
24 31 27
24 33 10
24 37 7
24 38 61
24 39 50
24 40 38
24 41 53
24 42 15
24 43 16
24 45 64
24 46 4
24 47 1
24 48 57
24 49 21
24 50 13
24 51 9
24 52 65
24 53 20
24 54 39
24 56 36
24 57 48
24 59 8
24 60 41
24 61 54
24 62 12
24 63 31
24 64 66
24 65 45
24 66 55
24 67 29
24 68 67
24 69 17
25 1 40
25 3 39
25 5 52
25 6 63
25 7 60
25 8 10
25 10 24
25 11 30
25 12 2
25 13 22
25 14 1
25 15 17
25 16 50
25 17 42
25 18 62
25 19 11
25 21 28
25 22 3
25 23 66
25 25 64
25 26 23
25 27 6
25 28 57
25 30 65
25 32 69
25 33 44
25 34 7
25 35 32
25 36 37
25 37 21
25 38 38
25 40 33
25 41 68
25 42 8
25 44 14
25 45 27
25 46 34
25 47 31
25 50 43
25 51 67
25 52 59
25 53 41
25 55 19
25 56 16
25 57 58
25 60 53
25 61 0
25 62 15
25 63 13
25 64 25
25 67 55
25 69 48
26 0 28
26 1 47
26 2 12
26 3 23
26 4 38
26 5 65
26 6 52
26 7 39
26 9 67
26 10 13
26 11 10
26 12 36
26 13 7
26 14 17
26 15 59
26 16 55
26 19 25
26 20 2
26 22 37
26 23 54
26 25 40
26 27 34
26 28 41
26 29 68
26 31 56
26 32 16
26 33 6
26 35 62
26 36 50
26 37 61
26 38 44
26 40 51
26 44 11
26 46 21
26 47 20
26 48 32
26 49 19
26 50 58
26 52 14
26 55 48
26 58 8
26 60 5
26 61 66
26 62 24
26 63 60
26 64 57
26 66 29
26 67 64
26 68 27
26 69 53
27 0 45
27 1 69
27 3 32
27 4 27
27 6 19
27 7 8
27 8 24
27 9 62
27 13 61
27 14 12
27 15 41
27 16 51
27 17 9
27 18 6
27 20 49
27 21 22
27 23 2
27 24 21
27 25 11
27 26 0
27 27 63
27 28 38
27 29 10
27 30 33
27 31 36
27 32 20
27 33 13
27 35 1
27 38 28
27 39 43
27 41 52
27 42 56
27 43 42
27 44 40
27 45 60
27 46 25
27 47 35
27 48 15
27 49 37
27 50 29
27 51 30
27 52 58
27 54 68
27 55 23
27 56 34
27 57 39
27 62 26
27 63 55
27 64 46
27 66 65
27 69 50
28 0 15
28 1 3
28 2 66
28 3 51
28 5 67
28 6 7
28 7 38
28 8 27
28 11 20
28 12 69
28 13 34
28 14 8
28 17 37
28 18 19
28 19 29
28 20 57
28 21 46
28 22 23
28 23 49
28 25 43
28 26 1
28 27 54
28 29 47
28 30 14
28 31 21
28 32 9
28 33 32
28 34 56
28 35 61
28 36 35
28 37 45
28 38 4
28 40 42
28 41 41
28 42 40
28 45 39
28 46 50
28 47 28
28 48 12
28 50 48
28 51 6
28 52 53
28 53 33
28 54 63
28 55 2
28 56 0
28 57 36
28 58 26
28 60 44
28 61 30
28 62 11
28 63 68
28 64 5
28 65 55
28 66 17
28 67 62
28 68 24
29 0 13
29 1 18
29 2 28
29 3 34
29 5 36
29 7 12
29 8 54
29 9 45
29 10 20
29 12 62
29 13 0
29 14 3
29 17 64
29 18 50
29 19 57
29 20 38
29 21 51
29 22 69
29 24 7
29 25 39
29 27 46
29 28 4
29 29 52
29 35 17
29 36 59
29 38 30
29 39 5
29 40 19
29 41 67
29 43 29
29 46 55
29 47 33
29 49 61
29 50 49
29 52 27
29 55 16
29 56 44
29 57 43
29 58 24
29 59 25
29 60 42
29 62 68
29 65 14
29 66 22
29 67 2
29 68 32
30 3 29
30 4 39
30 5 3
30 7 13
30 8 61
30 9 36
30 10 35
30 11 54
30 14 14
30 15 50
30 16 7
30 17 60
30 18 57
30 19 58
30 20 9
30 21 17
30 23 21
30 24 11
30 26 4
30 27 20
30 28 68
30 29 51
30 30 27
30 31 40
30 36 44
30 37 31
30 38 25
30 39 42
30 40 28
30 41 48
30 42 30
30 44 24
30 45 2
30 47 47
30 48 16
30 50 46
30 52 19
30 55 8
30 57 69
30 58 38
30 59 52
30 60 37
30 61 26
30 62 10
30 63 56
30 66 0
30 67 22
30 68 15
31 0 38
31 4 69
31 5 68
31 6 27
31 8 60
31 9 13
31 11 23
31 12 35
31 13 17
31 14 47
31 15 26
31 16 40
31 17 53
31 19 5
31 20 29
31 21 50
31 23 22
31 24 43
31 26 33
31 27 41
31 28 19
31 29 49
31 32 1
31 33 34
31 34 12
31 36 8
31 37 42
31 40 15
31 41 39
31 43 55
31 46 46
31 47 62
31 48 25
31 49 30
31 50 4
31 51 36
31 53 59
31 56 52
31 57 37
31 58 28
31 62 44
31 63 67
31 64 64
31 65 10
31 67 3
31 68 2
31 69 65
32 2 32
32 3 20
32 4 40
32 5 53
32 6 64
32 8 49
32 10 38
32 12 42
32 14 54
32 18 5
32 20 6
32 21 61
32 22 43
32 23 51
32 28 13
32 29 63
32 30 66
32 32 31
32 34 58
32 35 18
32 36 12
32 37 14
32 38 50
32 39 16
32 40 9
32 41 65
32 42 41
32 43 68
32 45 30
32 46 59
32 48 10
32 50 27
32 51 0
32 53 52
32 54 19
32 55 60
32 56 56
32 58 36
32 59 34
32 60 33
32 63 25
32 65 7
32 67 11
32 68 46
32 69 21
33 0 34
33 1 10
33 2 59
33 3 54
33 4 42
33 6 31
33 7 19
33 8 32
33 9 7
33 10 12
33 11 45
33 13 62
33 15 55
33 17 4
33 18 38
33 19 64
33 20 26
33 21 56
33 23 3
33 25 50
33 26 20
33 28 39
33 29 29
33 30 40
33 31 58
33 33 11
33 34 27
33 35 65
33 36 25
33 37 66
33 39 60
33 41 13
33 44 18
33 45 17
33 46 47
33 47 46
33 49 43
33 51 52
33 52 8
33 53 36
33 55 68
33 56 37
33 57 15
33 58 5
33 61 69
33 64 48
33 65 2
33 66 51
33 68 0
33 69 63
34 0 21
34 3 26
34 5 59
34 6 40
34 7 33
34 10 48
34 11 4
34 13 67
34 14 61
34 16 41
34 18 27
34 19 18
34 22 46
34 23 29
34 24 0
34 25 28
34 26 11
34 27 57
34 28 60
34 29 38
34 30 45
34 31 31
34 32 2
34 33 63
34 34 13
34 35 8
34 36 42
34 37 20
34 39 62
34 40 44
34 41 1
34 42 25
34 43 15
34 45 14
34 48 19
34 50 3
34 51 54
34 52 16
34 54 53
34 56 51
34 57 68
34 58 49
34 59 10
34 61 55
34 62 37
34 63 24
34 64 50
34 65 35
34 66 52
34 67 47
34 69 39
35 0 43
35 1 31
35 2 13
35 4 45
35 6 3
35 9 55
35 11 14
35 12 38
35 15 22
35 17 24
35 18 61
35 19 44
35 20 54
35 21 42
35 22 1
35 23 35
35 24 50
35 27 40
35 28 10
35 29 6
35 30 37
35 31 52
35 32 47
35 33 49
35 34 26
35 35 16
35 36 29
35 37 32
35 38 46
35 39 58
35 42 34
35 44 33
35 45 67
35 46 63
35 47 4
35 48 27
35 50 66
35 53 68
35 54 25
35 55 0
35 56 2
35 58 7
35 59 36
35 60 56
35 61 53
35 63 69
35 65 65
35 67 51
35 68 48
35 69 20
36 0 40
36 1 41
36 4 68
36 5 30
36 6 23
36 7 67
36 8 5
36 10 44
36 11 46
36 12 18
36 13 21
36 14 27
36 15 52
36 16 3
36 17 31
36 19 16
36 20 24
36 21 47
36 23 48
36 24 2
36 25 55
36 27 58
36 28 29
36 29 20
36 30 11
36 35 50
36 36 17
36 37 64
36 38 12
36 41 59
36 46 62
36 47 26
36 48 13
36 49 53
36 51 38
36 52 37
36 54 60
36 55 34
36 57 4
36 58 65
36 59 49
36 61 33
36 62 54
36 64 69
36 65 15
36 67 36
36 69 42
37 0 56
37 2 14
37 4 49
37 6 41
37 7 16
37 9 1
37 10 19
37 12 10
37 13 2
37 14 6
37 16 42
37 17 32
37 19 48
37 20 66
37 21 33
37 24 44
37 26 29
37 27 7
37 31 25
37 33 31
37 34 24
37 35 22
37 36 47
37 37 26
37 38 60
37 39 15
37 40 11
37 41 30
37 45 40
37 46 53
37 47 27
37 48 45
37 50 35
37 51 13
37 52 52
37 53 51
37 60 54
37 61 37
37 62 67
37 64 4
37 65 12
37 66 46
37 67 0
37 68 38
37 69 69
38 0 33
38 1 57
38 2 11
38 3 30
38 4 67
38 5 0
38 6 16
38 7 27
38 9 42
38 10 45
38 11 55
38 12 48
38 13 46
38 14 15
38 15 20
38 17 61
38 19 53
38 21 2
38 25 69
38 26 39
38 27 43
38 28 6
38 29 35
38 30 10
38 31 18
38 33 68
38 34 38
38 35 21
38 38 24
38 39 4
38 41 49
38 42 29
38 43 56
38 44 5
38 46 14
38 47 19
38 49 59
38 50 31
38 52 36
38 54 32
38 55 63
38 56 28
38 57 41
38 58 44
38 59 62
38 61 51
38 62 13
38 63 40
38 67 60
38 68 8
39 0 7
39 2 62
39 3 36
39 5 63
39 6 58
39 7 45
39 8 16
39 9 29
39 10 0
39 11 18
39 14 40
39 16 27
39 17 34
39 18 13
39 19 35
39 20 59
39 21 60
39 24 39
39 25 42
39 26 22
39 28 44
39 31 32
39 32 52
39 33 41
39 34 23
39 36 24
39 37 10
39 38 49
39 39 55
39 40 2
39 42 64
39 43 31
39 44 19
39 47 21
39 48 3
39 49 57
39 50 38
39 53 43
39 54 50
39 57 14
39 58 46
39 59 15
39 61 9
39 63 28
39 64 37
39 65 54
39 66 8
39 67 30
39 68 17
39 69 61
40 0 10
40 1 9
40 2 17
40 3 25
40 5 37
40 6 39
40 7 3
40 8 18
40 10 22
40 11 56
40 12 23
40 13 58
40 14 45
40 15 11
40 17 5
40 18 7
40 19 46
40 20 16
40 21 67
40 22 49
40 23 63
40 24 61
40 25 6
40 26 24
40 27 47
40 29 65
40 30 59
40 31 55
40 33 1
40 34 69
40 35 40
40 36 13
40 37 38
40 38 53
40 39 20
40 40 52
40 43 26
40 44 34
40 45 44
40 46 48
40 47 30
40 48 31
40 49 2
40 50 8
40 51 68
40 53 35
40 54 12
40 55 66
40 57 54
40 58 50
40 59 19
40 61 57
40 62 29
40 63 33
40 64 21
40 65 27
40 66 60
40 68 14
40 69 36
41 0 0
41 1 49
41 2 55
41 3 58
41 4 34
41 5 42
41 6 33
41 8 40
41 10 63
41 11 28
41 12 67
41 13 9
41 14 57
41 15 31
41 16 16
41 19 23
41 20 20
41 23 69
41 24 65
41 25 17
41 26 10
41 28 21
41 29 48
41 31 50
41 35 43
41 37 19
41 38 26
41 40 12
41 41 6
41 42 7
41 44 30
41 46 45
41 47 64
41 48 5
41 49 36
41 50 25
41 51 53
41 52 13
41 54 61
41 55 62
41 56 38
41 58 35
41 59 2
41 61 68
41 62 39
41 63 54
41 64 24
41 65 66
41 66 1
41 67 4
41 68 47
42 1 42
42 2 48
42 3 37
42 4 62
42 7 35
42 8 25
42 9 39
42 10 43
42 12 4
42 14 63
42 16 24
42 18 28
42 21 49
42 22 0
42 23 36
42 24 12
42 25 46
42 26 9
42 30 29
42 32 67
42 33 38
42 36 20
42 37 23
42 38 58
42 40 14
42 42 50
42 43 27
42 44 3
42 45 18
42 48 1
42 50 41
42 52 68
42 54 45
42 55 13
42 57 30
42 59 53
42 62 17
42 64 6
42 65 22
42 66 7
42 69 32
43 0 47
43 2 37
43 3 16
43 4 26
43 6 42
43 8 3
43 11 57
43 14 59
43 15 36
43 16 46
43 18 66
43 19 19
43 21 53
43 23 8
43 25 23
43 27 31
43 28 61
43 29 34
43 31 13
43 32 50
43 34 18
43 35 11
43 36 39
43 37 69
43 38 21
43 41 45
43 42 28
43 43 14
43 48 38
43 49 9
43 50 15
43 52 20
43 53 22
43 54 33
43 56 12
43 57 55
43 58 29
43 59 40
43 61 44
43 62 4
43 64 65
43 66 10
43 67 68
43 68 5
43 69 62
44 1 26
44 2 23
44 3 6
44 5 43
44 6 8
44 8 52
44 9 65
44 12 59
44 13 20
44 14 34
44 17 48
44 18 37
44 19 69
44 21 40
44 22 56
44 23 24
44 24 32
44 25 33
44 26 50
44 27 66
44 28 2
44 29 16
44 32 53
44 33 5
44 34 29
44 35 9
44 37 15
44 38 68
44 39 39
44 43 28
44 44 42
44 45 4
44 46 35
44 48 61
44 49 51
44 50 7
44 52 17
44 53 25
44 55 55
44 56 1
44 57 38
44 59 0
44 61 11
44 64 45
44 65 3
44 66 62
44 67 63
44 68 12
45 0 24
45 1 34
45 3 21
45 4 20
45 6 17
45 8 26
45 9 6
45 11 8
45 12 66
45 13 41
45 14 22
45 16 1
45 17 63
45 18 29
45 20 27
45 23 59
45 24 19
45 26 13
45 27 9
45 30 52
45 31 23
45 33 69
45 35 56
45 37 28
45 38 67
45 39 14
45 40 25
45 41 3
45 42 31
45 43 58
45 44 62
45 45 54
45 47 55
45 49 68
45 50 36
45 51 64
45 53 65
45 54 42
45 55 37
45 56 7
45 57 18
45 58 11
45 59 38
45 61 50
45 62 48
45 64 43
45 65 16
45 66 39
45 67 61
45 69 57
46 0 49
46 3 8
46 5 28
46 7 32
46 8 36
46 9 58
46 10 66
46 11 69
46 12 57
46 15 54
46 16 59
46 17 26
46 18 11
46 20 7
46 21 35
46 23 16
46 25 22
46 26 25
46 27 30
46 28 67
46 29 62
46 30 38
46 31 4
46 32 55
46 33 9
46 35 20
46 36 53
46 39 24
46 40 50
46 41 46
46 44 37
46 45 21
46 46 17
46 47 5
46 48 41
46 49 0
46 50 23
46 52 64
46 53 29
46 54 48
46 55 14
46 57 6
46 59 3
46 60 27
46 61 2
46 62 31
46 64 52
46 65 56
46 66 40
46 68 34
47 3 64
47 4 37
47 6 62
47 7 4
47 8 35
47 9 0
47 11 29
47 12 65
47 13 6
47 15 47
47 17 8
47 18 63
47 19 38
47 20 68
47 21 30
47 22 5
47 23 56
47 24 26
47 26 59
47 27 51
47 31 45
47 33 39
47 34 48
47 35 49
47 36 58
47 37 17
47 38 22
47 39 34
47 40 69
47 42 14
47 43 19
47 44 10
47 45 3
47 46 40
47 49 44
47 52 61
47 53 66
47 55 32
47 57 46
47 58 55
47 59 42
47 60 1
47 61 12
47 62 33
47 63 7
47 64 28
47 65 24
47 66 31
47 67 21
47 69 9
48 1 36
48 2 69
48 3 42
48 5 61
48 6 50
48 8 58
48 9 49
48 11 24
48 12 9
48 13 43
48 15 37
48 16 62
48 18 55
48 20 45
48 21 54
48 23 44
48 26 66
48 29 4
48 30 23
48 31 48
48 33 21
48 34 14
48 35 41
48 36 64
48 38 20
48 39 10
48 41 15
48 42 39
48 44 52
48 47 34
48 48 33
48 49 8
48 50 17
48 51 26
48 52 2
48 53 46
48 54 38
48 55 7
48 57 47
48 59 32
48 60 25
48 62 65
48 64 59
48 65 5
48 66 27
48 68 16
49 0 1
49 1 0
49 2 56
49 4 32
49 5 38
49 6 66
49 7 43
49 9 52
49 10 51
49 12 50
49 13 10
49 14 13
49 15 63
49 17 28
49 18 60
49 20 18
49 21 20
49 23 27
49 24 48
49 25 7
49 28 49
49 29 58
49 31 62
49 32 25
49 34 41
49 36 57
49 38 64
49 39 65
49 40 30
49 42 35
49 44 68
49 46 19
49 47 45
49 48 46
49 49 42
49 50 26
49 51 16
49 53 40
49 54 31
49 56 11
49 57 67
49 60 55
49 61 36
49 62 2
49 66 47
49 69 4
50 1 62
50 2 4
50 3 33
50 4 1
50 7 14
50 8 63
50 10 64
50 11 58
50 12 3
50 13 11
50 14 50
50 15 25
50 16 9
50 17 12
50 18 31
50 19 22
50 21 45
50 22 57
50 24 10
50 25 51
50 27 36
50 28 17
50 31 5
50 33 35
50 34 21
50 35 42
50 38 16
50 39 41
50 41 28
50 42 32
50 43 48
50 44 20
50 45 8
50 46 23
50 47 49
50 48 39
50 50 24
50 51 19
50 52 38
50 53 15
50 55 47
50 56 61
50 57 44
50 58 2
50 59 37
50 64 7
50 67 43
50 69 46
51 0 14
51 3 35
51 4 64
51 5 62
51 7 52
51 8 65
51 10 5
51 13 16
51 15 24
51 16 53
51 17 6
51 18 0
51 20 46
51 22 27
51 24 47
51 25 57
51 26 31
51 27 26
51 28 12
51 29 36
51 30 17
51 31 1
51 32 13
51 33 4
51 35 10
51 36 60
51 38 11
51 39 30
51 40 39
51 41 37
51 43 3
51 44 66
51 46 7
51 48 20
51 49 58
51 51 50
51 53 61
51 54 8
51 55 56
51 56 25
51 57 29
51 60 18
51 61 34
51 63 2
51 65 40
51 66 67
51 69 54
52 0 58
52 1 51
52 2 6
52 3 53
52 4 23
52 5 9
52 7 46
52 8 19
52 10 32
52 11 41
52 12 45
52 13 13
52 14 44
52 18 2
52 20 48
52 21 12
52 22 62
52 23 18
52 24 63
52 26 21
52 27 37
52 29 61
52 30 8
52 31 47
52 32 68
52 33 56
52 34 43
52 35 57
52 37 0
52 40 54
52 41 35
52 42 38
52 44 22
52 45 49
52 47 40
52 49 14
52 50 1
52 51 69
52 53 3
52 54 11
52 55 30
52 56 67
52 57 50
52 60 20
52 61 24
52 63 36
52 65 39
52 66 42
52 67 27
53 1 56
53 3 55
53 4 28
53 6 37
53 7 6
53 9 22
53 10 9
53 11 17
53 13 24
53 14 21
53 15 66
53 16 12
53 18 20
53 19 31
53 20 58
53 22 41
53 23 26
53 24 54
53 25 44
53 26 18
53 28 59
53 31 43
53 33 0
53 34 53
53 35 15
53 36 63
53 38 8
53 41 42
53 42 46
53 44 67
53 45 7
53 46 36
53 47 11
53 48 47
53 50 2
53 51 32
53 52 40
53 53 39
53 55 51
53 56 50
53 58 27
53 59 35
53 60 60
53 61 38
53 64 61
53 65 29
53 66 14
53 67 52
53 69 33
54 0 39
54 2 47
54 4 2
54 5 56
54 6 51
54 7 25
54 8 21
54 10 68
54 11 1
54 12 55
54 13 15
54 14 24
54 15 33
54 16 17
54 17 14
54 20 62
54 23 64
54 24 31
54 26 27
54 27 67
54 28 69
54 30 7
54 31 61
54 34 22
54 35 59
54 37 53
54 38 6
54 39 35
54 40 45
54 41 4
54 42 42
54 46 57
54 47 29
54 48 44
54 49 12
54 50 18
54 51 58
54 52 46
54 56 3
54 57 19
54 58 13
54 62 34
54 63 0
54 65 52
54 66 41
54 68 20
55 0 9
55 2 65
55 3 59
55 4 47
55 5 49
55 6 14
55 7 40
55 8 33
55 9 63
55 10 50
55 11 38
55 12 52
55 14 37
55 15 6
55 16 25
55 17 36
55 19 20
55 20 3
55 21 69
55 23 0
55 27 22
55 28 26
55 29 7
55 30 42
55 33 23
55 34 16
55 36 15
55 39 12
55 40 48
55 41 43
55 42 67
55 43 30
55 44 56
55 45 19
55 46 39
55 47 57
55 48 17
55 49 34
55 50 61
55 51 8
55 54 64
55 55 28
55 56 45
55 57 10
55 58 18
55 59 54
55 60 11
55 61 5
55 62 60
55 65 44
55 68 13
56 4 41
56 5 19
56 6 29
56 8 53
56 11 13
56 12 47
56 13 65
56 15 1
56 18 26
56 19 68
56 20 23
56 22 52
56 23 31
56 25 25
56 26 16
56 27 12
56 29 44
56 30 35
56 31 14
56 32 60
56 33 51
56 35 63
56 36 28
56 37 2
56 41 34
56 43 36
56 46 24
56 47 3
56 48 48
56 49 64
56 51 37
56 53 49
56 54 17
56 56 66
56 57 7
56 58 0
56 59 59
56 60 61
56 62 56
56 63 45
56 64 22
56 65 62
56 66 38
56 67 33
56 68 42
57 0 17
57 2 1
57 3 13
57 4 12
57 6 0
57 7 47
57 8 8
57 9 59
57 10 60
57 12 32
57 13 4
57 14 52
57 15 45
57 16 22
57 17 3
57 18 51
57 19 21
57 20 40
57 26 57
57 27 48
57 28 31
57 29 66
57 30 16
57 31 53
57 32 24
57 34 63
57 37 67
57 38 15
57 39 23
57 40 58
57 41 20
57 42 6
57 43 49
57 44 61
57 45 62
57 46 43
57 47 10
57 49 25
57 50 56
57 52 34
57 53 7
57 55 11
57 56 41
57 58 54
57 59 69
57 60 46
57 61 64
57 62 27
57 63 19
57 64 42
57 66 28
57 67 37
57 68 50
57 69 26
58 0 20
58 1 64
58 2 38
58 3 24
58 4 30
58 5 4
58 6 43
58 7 62
58 8 69
58 9 5
58 11 53
58 12 11
58 13 48
58 15 61
58 17 50
58 18 17
58 20 14
58 21 66
58 23 41
58 25 65
58 26 46
58 27 2
58 29 59
58 31 35
58 32 26
58 34 67
58 36 36
58 37 33
58 38 45
58 39 68
58 40 55
58 41 16
58 42 21
58 43 44
58 45 63
58 46 49
58 47 42
58 49 28
58 50 0
58 51 22
58 54 52
58 55 9
58 56 47
58 57 51
58 58 32
58 59 27
58 60 40
58 61 56
58 62 23
58 63 15
58 64 60
58 65 25
58 66 19
58 67 6
58 69 37
59 2 60
59 3 4
59 4 15
59 8 51
59 9 16
59 10 67
59 11 25
59 12 28
59 14 32
59 15 68
59 16 21
59 19 49
59 20 47
59 21 36
59 23 52
59 24 13
59 27 65
59 28 33
59 29 18
59 32 40
59 35 27
59 36 54
59 37 57
59 39 64
59 42 48
59 43 50
59 44 43
59 45 56
59 46 20
59 48 8
59 49 26
59 50 37
59 51 34
59 52 10
59 53 42
59 54 66
59 56 19
59 60 63
59 62 38
59 63 35
59 64 31
59 67 14
59 68 1
60 0 31
60 2 54
60 3 47
60 4 7
60 10 3
60 11 19
60 13 29
60 14 46
60 16 58
60 17 41
60 18 23
60 20 53
60 21 59
60 22 11
60 23 10
60 25 61
60 26 6
60 27 55
60 28 22
60 30 44
60 32 43
60 33 40
60 34 49
60 35 39
60 36 16
60 37 60
60 38 48
60 39 1
60 40 68
60 41 32
60 43 8
60 44 45
60 45 37
60 46 27
60 47 38
60 48 56
60 49 18
60 52 4
60 54 35
60 55 24
60 57 25
60 58 64
60 60 13
60 61 42
60 62 0
60 63 51
60 64 14
60 65 9
60 66 50
60 67 65
60 68 21
60 69 15
61 0 8
61 1 43
61 2 36
61 4 13
61 6 34
61 7 24
61 8 67
61 9 68
61 10 31
61 12 26
61 13 40
61 15 15
61 16 57
61 17 66
61 18 69
61 20 25
61 21 63
61 22 61
61 23 7
61 24 6
61 26 44
61 27 19
61 28 48
61 30 12
61 32 14
61 33 42
61 34 45
61 35 58
61 37 55
61 39 11
61 42 37
61 44 17
61 45 29
61 46 10
61 47 52
61 48 64
61 49 20
61 50 32
61 52 60
61 53 0
61 55 27
61 57 5
61 59 65
61 60 3
61 61 49
61 62 9
61 63 62
61 64 54
61 65 47
61 66 16
61 67 18
61 68 51
62 0 18
62 3 41
62 4 16
62 6 69
62 8 7
62 10 25
62 13 42
62 16 44
62 18 68
62 20 8
62 21 62
62 23 6
62 24 58
62 25 30
62 26 53
62 27 49
62 28 5
62 30 32
62 34 1
62 36 3
62 37 59
62 38 23
62 39 61
62 41 14
62 43 37
62 44 50
62 45 24
62 46 67
62 47 12
62 49 48
62 51 27
62 52 57
62 53 56
62 54 28
62 55 26
62 57 9
62 58 20
62 59 31
62 60 29
62 61 19
62 64 39
62 65 13
62 66 63
62 68 22
63 0 42
63 3 22
63 4 54
63 5 31
63 6 48
63 7 1
63 8 6
63 10 17
63 11 9
63 12 37
63 13 51
63 14 28
63 15 32
63 16 66
63 19 24
63 20 34
63 21 14
63 24 52
63 25 38
63 26 15
63 27 27
63 28 16
63 29 67
63 33 46
63 34 33
63 35 3
63 36 45
63 37 40
63 38 0
63 39 2
63 40 10
63 41 11
63 42 60
63 43 35
63 44 41
63 45 65
63 46 69
63 47 36
63 48 30
63 49 39
63 50 19
63 51 49
63 52 12
63 53 26
63 55 5
63 56 55
63 58 21
63 59 4
63 60 57
63 61 61
63 62 62
63 64 8
63 67 13
63 68 56
64 0 60
64 1 2
64 2 33
64 3 31
64 8 29
64 9 51
64 10 10
64 13 44
64 14 0
64 15 9
64 16 28
64 17 22
64 18 40
64 20 32
64 21 21
64 22 16
64 23 5
64 24 35
64 26 38
64 27 1
64 28 55
64 30 43
64 31 49
64 32 17
64 33 62
64 34 46
64 35 4
64 36 65
64 37 34
64 39 47
64 40 57
64 41 58
64 42 3
64 45 15
64 46 66
64 47 63
64 48 68
64 50 14
64 52 42
64 54 27
64 55 61
64 56 59
64 58 25
64 59 45
64 60 24
64 61 7
64 63 8
64 66 56
64 67 67
64 68 11
64 69 30
65 0 35
65 2 50
65 6 24
65 8 55
65 9 20
65 10 2
65 12 56
65 13 1
65 14 16
65 15 51
65 16 13
65 18 65
65 19 61
65 21 3
65 23 17
65 24 34
65 25 47
65 26 68
65 27 5
65 28 7
65 29 57
65 31 64
65 32 19
65 34 8
65 35 12
65 38 66
65 39 40
65 40 36
65 41 21
65 42 62
65 43 33
65 44 38
65 45 32
65 46 18
65 48 23
65 49 10
65 50 39
65 51 45
65 52 69
65 53 6
65 54 0
65 55 52
65 58 41
65 59 67
65 61 48
65 62 28
65 63 30
65 64 58
65 66 59
65 67 49
65 68 53
65 69 44
66 2 42
66 4 63
66 5 8
66 6 36
66 7 23
66 8 12
66 9 66
66 10 34
66 11 43
66 12 27
66 13 26
66 15 49
66 19 15
66 20 0
66 21 39
66 22 51
66 23 65
66 25 24
66 26 7
66 28 35
66 29 41
66 30 67
66 32 48
66 33 16
66 34 6
66 35 31
66 36 10
66 38 19
66 39 18
66 41 60
66 42 61
66 45 25
66 46 2
66 47 58
66 48 69
66 49 32
66 51 28
66 55 64
66 57 1
66 58 14
66 59 68
66 60 17
66 62 30
66 64 20
66 65 50
66 67 57
67 1 16
67 3 49
67 4 43
67 5 46
67 10 21
67 11 42
67 12 58
67 14 65
67 15 8
67 17 38
67 18 47
67 19 28
67 20 55
67 21 7
67 22 15
67 23 53
67 25 52
67 27 45
67 28 27
67 29 17
67 32 6
67 36 0
67 37 12
67 38 34
67 41 23
67 42 57
67 43 13
67 44 35
67 46 11
67 48 29
67 49 69
67 51 25
67 52 39
67 53 62
67 55 59
67 58 40
67 59 61
67 60 66
67 64 36
67 68 18
67 69 14
68 0 54
68 1 13
68 2 19
68 4 59
68 5 25
68 6 2
68 7 17
68 8 64
68 9 9
68 11 35
68 13 68
68 15 7
68 16 45
68 17 55
68 19 14
68 21 15
68 22 33
68 24 36
68 26 62
68 28 46
68 29 30
68 30 51
68 31 26
68 32 61
68 34 4
68 35 52
68 36 23
68 39 67
68 40 29
68 42 12
68 43 60
68 44 32
68 45 42
68 46 31
68 47 18
68 51 65
68 53 10
68 54 43
68 55 39
68 56 22
68 57 24
68 60 38
68 61 6
68 62 58
68 63 47
68 64 0
68 65 8
68 66 20
68 67 34
68 69 56
69 2 15
69 4 57
69 6 65
69 7 58
69 11 49
69 12 64
69 13 59
69 14 26
69 15 14
69 16 6
69 17 45
69 21 5
69 22 66
69 24 9
69 26 32
69 27 53
69 30 3
69 32 42
69 33 18
69 34 44
69 35 28
69 36 31
69 37 22
69 38 35
69 40 40
69 41 19
69 42 33
69 44 51
69 45 55
69 46 29
69 47 13
69 49 47
69 50 60
69 51 24
69 52 1
69 53 17
69 54 67
69 55 46
69 57 56
69 58 10
69 59 63
69 60 62
69 63 48
69 67 38
69 68 36
