60
0 0 26
0 1 40
0 2 47
0 4 49
0 6 44
0 8 34
0 9 22
0 10 23
0 12 4
0 13 31
0 14 28
0 15 54
0 17 2
0 18 27
0 20 24
0 22 11
0 23 13
0 24 56
0 25 36
0 26 7
0 27 55
0 28 58
0 29 33
0 31 37
0 32 16
0 33 52
0 34 20
0 36 45
0 37 25
0 38 30
0 39 0
0 41 39
0 42 53
0 44 21
0 45 29
0 46 17
0 47 57
0 48 42
0 49 6
0 50 3
0 52 32
0 53 5
0 55 15
0 56 41
0 57 50
0 58 46
0 59 14
1 0 49
1 1 35
1 2 48
1 4 50
1 5 53
1 6 20
1 7 45
1 8 18
1 9 8
1 11 59
1 13 40
1 16 47
1 17 30
1 18 28
1 19 42
1 20 55
1 21 56
1 23 34
1 24 36
1 25 38
1 26 37
1 27 11
1 28 17
1 29 4
1 30 15
1 31 26
1 32 12
1 33 6
1 34 0
1 35 43
1 36 33
1 37 10
1 38 24
1 39 39
1 40 1
1 41 9
1 42 3
1 43 14
1 44 41
1 45 51
1 47 16
1 48 19
1 49 5
1 51 57
1 52 44
1 53 25
1 54 22
1 56 27
1 58 54
1 59 23
2 0 11
2 1 41
2 2 35
2 3 53
2 4 32
2 5 4
2 6 24
2 7 19
2 8 49
2 9 51
2 10 9
2 11 13
2 12 45
2 13 56
2 14 27
2 15 39
2 16 46
2 17 14
2 18 23
2 19 31
2 21 55
2 22 52
2 23 37
2 25 43
2 26 42
2 28 59
2 30 22
2 31 10
2 32 17
2 35 1
2 36 30
2 38 8
2 39 58
2 41 38
2 42 25
2 43 21
2 45 3
2 47 40
2 48 29
2 49 0
2 50 28
2 51 18
2 52 26
2 54 36
2 55 12
2 56 50
2 57 33
2 58 57
2 59 20
3 0 29
3 1 6
3 2 4
3 3 48
3 4 39
3 5 18
3 6 50
3 7 21
3 8 16
3 9 3
3 10 58
3 11 37
3 13 23
3 14 35
3 15 9
3 17 43
3 18 13
3 19 53
3 20 34
3 21 31
3 22 2
3 23 11
3 24 46
3 25 14
3 26 32
3 27 5
3 28 55
3 29 42
3 30 0
3 31 17
3 32 20
3 33 33
3 34 49
3 35 7
3 36 51
3 37 57
3 38 12
3 39 45
3 40 41
3 41 36
3 42 40
3 45 30
3 46 44
3 49 59
3 50 24
3 51 56
3 53 1
3 54 26
3 55 28
3 56 47
3 57 15
3 58 52
3 59 27
4 0 1
4 1 49
4 2 52
4 3 41
4 6 38
4 7 58
4 8 20
4 9 15
4 10 39
4 11 45
4 12 24
4 13 59
4 14 19
4 16 31
4 17 32
4 19 26
4 21 33
4 22 4
4 23 50
4 24 55
4 25 54
4 26 30
4 27 18
4 29 7
4 30 6
4 31 16
4 33 21
4 34 14
4 35 5
4 39 9
4 40 11
4 41 17
4 42 10
4 43 48
4 44 57
4 45 43
4 47 0
4 48 36
4 49 2
4 50 22
4 51 35
4 52 53
4 53 23
4 54 37
4 55 27
4 57 8
4 58 42
4 59 56
5 0 53
5 1 17
5 3 12
5 4 38
5 5 14
5 6 32
5 7 23
5 8 37
5 9 21
5 11 27
5 12 10
5 13 5
5 15 42
5 16 22
5 17 59
5 18 50
5 19 13
5 20 39
5 21 48
5 22 0
5 25 25
5 26 19
5 29 35
5 30 7
5 31 9
5 32 41
5 33 24
5 34 57
5 35 11
5 36 58
5 37 56
5 38 3
5 40 44
5 41 8
5 42 45
5 43 46
5 44 49
5 45 28
5 46 6
5 47 54
5 49 1
5 50 33
5 51 4
5 52 34
5 53 31
5 54 40
5 55 16
5 56 18
5 57 43
6 0 19
6 1 22
6 2 37
6 3 24
6 4 34
6 5 31
6 6 11
6 7 28
6 8 0
6 10 46
6 11 47
6 12 48
6 13 52
6 14 23
6 16 41
6 17 56
6 18 32
6 19 2
6 20 53
6 22 35
6 23 30
6 24 59
6 25 44
6 26 13
6 27 25
6 28 7
6 29 9
6 30 4
6 31 39
6 33 12
6 34 40
6 35 42
6 36 8
6 37 14
6 39 50
6 40 45
6 41 57
6 42 5
6 43 3
6 45 55
6 46 58
6 47 1
6 48 10
6 49 36
6 51 6
6 52 49
6 53 20
6 54 33
6 55 18
6 56 51
6 57 21
6 58 15
6 59 26
7 0 20
7 1 0
7 3 59
7 4 48
7 5 35
7 6 21
7 7 5
7 8 28
7 9 39
7 10 25
7 11 44
7 12 37
7 13 6
7 14 50
7 15 8
7 16 33
7 17 17
7 18 43
7 19 54
7 20 27
7 21 2
7 22 40
7 23 51
7 24 32
7 25 7
7 26 58
7 27 45
7 29 10
7 30 24
7 31 3
7 32 52
7 33 26
7 34 11
7 35 13
7 36 47
7 37 49
7 38 34
7 39 16
7 43 12
7 45 18
7 47 23
7 48 38
7 49 57
7 51 30
7 52 42
7 53 41
7 54 19
7 55 29
7 56 46
7 58 4
7 59 22
8 0 48
8 1 26
8 2 49
8 5 15
8 6 52
8 7 18
8 9 5
8 10 24
8 11 39
8 12 1
8 13 25
8 14 22
8 15 21
8 16 20
8 18 29
8 20 0
8 23 16
8 24 7
8 25 17
8 26 47
8 27 58
8 28 50
8 29 46
8 30 34
8 32 9
8 33 2
8 34 19
8 35 41
8 36 14
8 37 27
8 38 10
8 41 54
8 42 44
8 44 42
8 45 56
8 46 30
8 47 8
8 48 6
8 49 40
8 51 3
8 52 43
8 53 51
8 54 31
8 55 37
8 56 12
8 57 35
8 59 45
9 0 30
9 3 27
9 5 23
9 6 58
9 7 11
9 8 55
9 9 24
9 12 25
9 13 53
9 15 19
9 16 49
9 17 38
9 18 48
9 19 18
9 20 9
9 21 8
9 23 35
9 24 26
9 25 50
9 27 57
9 28 40
9 29 54
9 30 29
9 32 36
9 34 21
9 36 42
9 37 34
9 38 37
9 40 43
9 41 22
9 42 41
9 43 20
9 45 2
9 46 56
9 48 28
9 49 52
9 50 17
9 51 12
9 52 45
9 54 47
9 56 31
9 57 13
9 59 15
10 0 46
10 1 16
10 2 43
10 3 47
10 4 14
10 5 40
10 6 49
10 7 0
10 8 33
10 10 45
10 11 15
10 13 9
10 14 32
10 15 37
10 16 53
10 18 10
10 19 55
10 20 51
10 21 23
10 22 18
10 23 20
10 24 17
10 25 21
10 27 52
10 28 19
10 29 41
10 30 36
10 31 38
10 33 59
10 34 30
10 35 48
10 36 56
10 37 11
10 38 44
10 39 24
10 40 57
10 41 28
10 42 8
10 43 34
10 44 50
10 45 6
10 46 12
10 47 58
10 48 4
10 50 27
10 51 39
10 52 7
10 53 22
10 55 54
10 57 5
10 58 3
10 59 25
11 0 45
11 2 42
11 3 34
11 4 18
11 5 0
11 6 13
11 7 37
11 8 22
11 9 2
11 10 6
11 11 48
11 12 21
11 13 15
11 14 30
11 15 10
11 16 25
11 17 57
11 18 24
11 20 5
11 21 35
11 22 49
11 23 9
11 24 11
11 25 12
11 26 50
11 28 32
11 29 29
11 31 33
11 32 7
11 33 23
11 34 55
11 36 36
11 37 47
11 38 52
11 39 1
11 41 4
11 42 46
11 43 31
11 44 40
11 45 38
11 46 27
11 47 43
11 48 44
11 49 58
11 50 59
11 51 53
11 54 16
11 55 8
11 56 3
11 57 41
11 59 54
12 0 39
12 1 1
12 2 22
12 3 44
12 4 29
12 5 32
12 7 42
12 8 38
12 10 53
12 11 21
12 12 5
12 13 20
12 14 36
12 15 33
12 17 10
12 18 52
12 19 11
12 20 3
12 22 43
12 23 24
12 24 50
12 25 0
12 26 16
12 27 41
12 28 57
12 30 45
12 31 27
12 33 25
12 34 4
12 35 49
12 36 28
12 37 9
12 38 6
12 39 17
12 40 15
12 41 19
12 42 35
12 43 58
12 44 23
12 45 48
12 46 8
12 47 26
12 48 31
12 49 30
12 50 54
12 51 40
12 52 56
12 53 12
12 54 18
12 55 14
12 56 2
12 59 55
13 0 37
13 1 34
13 2 40
13 3 39
13 4 52
13 6 12
13 7 57
13 9 13
13 11 41
13 13 17
13 14 3
13 15 24
13 16 54
13 17 0
13 18 25
13 20 6
13 21 10
13 22 28
13 23 36
13 25 4
13 26 35
13 27 27
13 28 14
13 29 43
13 31 58
13 32 8
13 33 46
13 34 44
13 35 45
13 36 53
13 37 1
13 39 42
13 41 59
13 42 22
13 43 9
13 45 5
13 46 16
13 47 7
13 48 26
13 49 11
13 50 15
13 52 50
13 53 48
13 54 23
13 55 21
13 56 30
13 57 55
13 58 18
13 59 38
14 0 21
14 1 37
14 2 8
14 4 24
14 6 17
14 7 34
14 8 40
14 9 23
14 12 11
14 13 51
14 14 53
14 15 47
14 16 50
14 20 42
14 22 22
14 23 26
14 24 0
14 25 59
14 27 43
14 29 15
14 30 18
14 31 31
14 32 56
14 33 39
14 34 1
14 35 16
14 36 32
14 37 45
14 38 33
14 39 3
14 40 52
14 41 41
14 42 4
14 44 13
14 45 19
14 47 38
14 48 12
14 49 27
14 51 10
14 52 6
14 53 36
14 54 44
14 55 2
14 56 58
14 57 14
15 1 23
15 2 57
15 3 20
15 5 38
15 6 46
15 7 47
15 8 4
15 9 43
15 10 31
15 11 50
15 13 48
15 14 45
15 17 53
15 18 58
15 19 41
15 20 32
15 21 30
15 22 16
15 24 28
15 25 9
15 26 11
15 27 40
15 28 34
15 29 22
15 30 3
15 31 14
15 35 8
15 37 26
15 38 1
15 39 2
15 40 12
15 41 21
15 42 54
15 46 52
15 47 33
15 48 56
15 51 17
15 52 51
15 53 55
15 54 25
15 55 36
15 56 24
15 57 6
15 58 5
16 1 9
16 3 51
16 4 25
16 5 30
16 6 37
16 7 17
16 8 15
16 10 26
16 11 2
16 12 16
16 13 21
16 15 11
16 16 35
16 17 55
16 18 36
16 19 12
16 20 22
16 21 0
16 22 27
16 23 5
16 24 42
16 26 29
16 27 48
16 30 43
16 31 6
16 32 54
16 34 8
16 35 57
16 38 19
16 39 7
16 40 10
16 41 56
16 42 24
16 43 50
16 44 14
16 45 13
16 46 3
16 47 34
16 48 53
16 49 39
16 50 52
16 51 44
16 52 33
16 53 4
16 54 59
16 56 32
16 57 40
16 58 45
16 59 58
17 0 16
17 1 4
17 2 54
17 3 32
17 4 41
17 6 14
17 8 29
17 9 25
17 10 3
17 11 22
17 12 0
17 13 37
17 14 18
17 15 7
17 16 15
17 17 27
17 19 58
17 20 30
17 21 11
17 22 46
17 23 57
17 24 47
17 26 28
17 27 10
17 29 8
17 30 35
17 32 2
17 33 51
17 34 5
17 35 24
17 36 26
17 37 44
17 38 31
17 39 13
17 40 55
17 41 23
17 42 21
17 43 1
17 45 17
17 47 12
17 48 33
17 49 42
17 50 49
17 51 36
17 52 52
17 53 50
17 54 34
17 55 38
17 58 19
17 59 48
18 0 59
18 1 20
18 2 27
18 3 52
18 4 9
18 5 11
18 6 18
18 8 17
18 9 0
18 10 55
18 12 8
18 13 10
18 14 37
18 15 57
18 16 7
18 17 16
18 18 35
18 19 34
18 21 50
18 23 39
18 25 30
18 26 23
18 27 49
18 28 44
18 29 31
18 30 26
18 31 22
18 32 33
18 33 15
18 35 56
18 36 43
18 38 51
18 39 46
18 40 5
18 42 14
18 44 47
18 45 36
18 46 54
18 48 41
18 49 13
18 50 4
18 51 25
18 52 3
18 53 45
18 54 28
18 56 40
18 58 58
18 59 32
19 2 14
19 3 54
19 4 37
19 6 3
19 7 33
19 8 21
19 9 53
19 10 59
19 11 25
19 12 56
19 13 36
19 14 6
19 15 41
19 17 7
19 18 18
19 20 45
19 23 10
19 24 5
19 25 47
19 26 55
19 28 8
19 29 19
19 31 49
19 32 32
19 33 38
19 34 12
19 36 17
19 37 31
19 38 13
19 40 34
19 41 35
19 42 26
19 43 11
19 44 43
19 45 9
19 46 0
19 47 22
19 48 2
19 49 4
19 50 50
19 51 48
19 52 24
19 53 46
19 55 30
19 56 15
19 57 23
19 58 27
19 59 42
20 1 19
20 3 56
20 4 3
20 5 46
20 7 52
20 8 14
20 9 32
20 10 5
20 11 20
20 13 16
20 17 23
20 18 17
20 19 24
20 20 48
20 21 36
20 22 47
20 23 15
20 25 33
20 26 51
20 27 9
20 28 6
20 29 21
20 30 1
20 32 11
20 33 42
20 35 44
20 37 18
20 38 7
20 39 31
20 40 53
20 42 38
20 43 49
20 44 12
20 45 54
20 46 57
20 47 39
20 48 40
20 49 34
20 50 45
20 51 58
20 52 55
20 54 10
20 55 59
20 56 29
20 57 28
20 58 37
20 59 43
21 0 28
21 2 53
21 4 10
21 5 44
21 6 48
21 7 7
21 8 3
21 9 57
21 10 21
21 11 34
21 13 35
21 14 13
21 15 2
21 16 14
21 17 31
21 19 19
21 20 4
21 22 51
21 24 18
21 25 15
21 26 43
21 28 33
21 30 41
21 31 12
21 32 30
21 33 55
21 35 22
21 36 20
21 37 24
21 38 9
21 39 27
21 40 58
21 41 16
21 42 59
21 43 52
21 44 36
21 45 37
21 46 46
21 47 6
21 48 39
21 52 11
21 53 32
21 55 49
21 56 5
21 57 17
21 58 0
21 59 29
22 0 34
22 1 38
22 2 39
22 3 37
22 4 31
22 6 45
22 7 4
22 8 2
22 9 30
22 10 54
22 11 29
22 13 12
22 14 1
22 15 52
22 16 40
22 17 20
22 18 44
22 19 16
22 20 59
22 21 42
22 22 9
22 24 3
22 26 0
22 27 50
22 28 22
22 29 17
22 30 21
22 31 56
22 32 6
22 35 18
22 37 19
22 38 53
22 39 15
22 40 13
22 41 48
22 42 58
22 44 25
22 45 33
22 46 28
22 48 57
22 49 32
22 51 5
22 52 46
22 53 24
22 54 11
22 55 10
22 56 55
22 57 27
22 58 43
22 59 35
23 0 2
23 2 3
23 3 17
23 4 16
23 5 41
23 8 30
23 10 34
23 12 32
23 13 29
23 14 52
23 16 57
23 17 39
23 18 15
23 19 56
23 21 59
23 22 58
23 23 31
23 24 40
23 25 46
23 26 33
23 28 47
23 29 53
23 30 49
23 31 1
23 32 45
23 33 0
23 34 27
23 35 37
23 36 7
23 37 5
23 39 38
23 40 9
23 41 14
23 42 48
23 43 22
23 45 12
23 46 4
23 47 10
23 48 13
23 49 35
23 50 44
23 52 28
23 53 43
23 54 42
23 55 19
23 56 26
23 59 6
24 0 42
24 1 52
24 3 10
24 4 13
24 5 45
24 6 43
24 7 9
24 8 11
24 9 49
24 11 51
24 13 8
24 14 25
24 15 22
24 17 58
24 19 7
24 21 28
24 22 31
24 23 40
24 24 15
24 25 20
24 27 6
24 28 27
24 29 1
24 31 57
24 32 59
24 33 4
24 35 3
24 36 39
24 39 41
24 40 30
24 41 2
24 45 32
24 46 50
24 47 44
24 49 56
24 50 35
24 51 38
24 52 16
24 53 53
24 54 46
24 56 19
24 57 48
24 59 21
25 0 8
25 1 31
25 2 6
25 3 49
25 4 12
25 5 27
25 6 56
25 7 41
25 8 43
25 10 1
25 11 4
25 12 40
25 13 50
25 15 25
25 16 45
25 17 22
25 18 0
25 21 29
25 24 58
25 25 53
25 26 57
25 27 21
25 28 10
25 30 17
25 31 59
25 32 39
25 33 34
25 35 23
25 36 11
25 37 33
25 38 15
25 40 46
25 41 26
25 42 42
25 44 51
25 46 48
25 47 2
25 48 35
25 49 37
25 51 24
25 53 9
25 54 32
25 55 13
25 56 16
25 57 7
25 59 3
26 0 12
26 2 17
26 4 20
26 5 39
26 7 2
26 8 42
26 9 9
26 10 22
26 11 57
26 12 34
26 14 54
26 15 4
26 16 43
26 19 23
26 21 24
26 22 13
26 23 49
26 25 19
26 26 25
26 27 15
26 28 5
26 30 32
26 31 8
26 33 35
26 35 53
26 36 1
26 37 52
26 39 48
26 40 14
26 41 10
26 42 31
26 44 58
26 45 21
26 46 41
26 47 37
26 48 55
26 50 30
26 51 26
26 52 29
26 53 6
26 54 27
26 55 44
26 56 56
26 57 18
26 58 7
26 59 28
27 0 43
27 1 10
27 2 28
27 3 16
27 4 11
27 5 54
27 6 51
27 7 36
27 9 48
27 10 50
27 11 52
27 13 47
27 14 42
27 15 53
27 16 56
27 17 34
27 18 57
27 19 46
27 20 40
27 21 44
27 24 27
27 25 49
27 26 15
27 27 0
27 28 24
27 29 13
27 30 59
27 32 1
27 35 14
27 36 19
27 38 22
27 39 8
27 40 39
27 42 23
27 43 6
27 46 38
27 47 35
27 49 20
27 52 4
27 53 18
27 54 21
27 56 33
27 57 32
27 58 2
27 59 12
28 0 35
28 1 8
28 2 13
28 3 36
28 4 56
28 5 55
28 6 22
28 7 43
28 8 26
28 9 18
28 10 41
28 12 54
28 13 46
28 15 16
28 16 42
28 17 15
28 19 21
28 20 23
28 21 9
28 22 38
28 26 34
28 27 31
28 28 0
28 29 14
28 30 30
28 31 52
28 32 5
28 33 53
28 35 2
28 37 29
28 39 4
28 40 7
28 41 11
28 42 51
28 43 28
28 44 44
28 45 59
28 47 50
28 48 25
28 49 19
28 51 45
28 53 40
28 54 20
28 56 48
28 57 12
28 58 39
28 59 47
29 0 40
29 1 33
29 2 15
29 3 25
29 4 2
29 5 50
29 6 42
29 7 59
29 9 12
29 10 52
29 11 11
29 12 29
29 13 55
29 15 31
29 16 3
29 17 44
29 18 9
29 19 37
29 20 36
29 21 27
29 22 8
29 23 0
29 25 45
29 26 5
29 27 30
29 28 26
29 30 47
29 31 28
29 32 51
29 33 57
29 35 54
29 37 38
29 38 21
29 39 53
29 42 16
29 43 4
29 44 56
29 45 35
29 46 34
29 48 48
29 49 46
29 50 23
29 51 19
29 52 22
29 53 14
29 54 6
29 55 58
29 56 39
29 57 49
29 58 10
30 0 32
30 1 56
30 2 7
30 3 5
30 4 19
30 5 58
30 6 53
30 7 40
30 8 13
30 9 45
30 10 36
30 13 11
30 14 34
30 16 39
30 17 48
30 18 22
30 19 51
30 21 6
30 22 44
30 23 4
30 24 10
30 25 52
30 26 59
30 28 38
30 30 27
30 31 47
30 32 35
30 33 14
30 34 28
30 35 55
30 36 24
30 37 3
30 38 25
30 39 54
30 40 31
30 41 15
30 42 30
30 43 42
30 45 0
30 46 18
30 49 21
30 50 43
30 51 41
30 52 17
30 53 57
30 54 8
30 55 20
30 56 37
30 57 29
30 59 46
31 1 30
31 2 38
31 4 5
31 5 24
31 6 35
31 7 25
31 8 8
31 9 34
31 10 48
31 11 3
31 12 43
31 14 12
31 15 18
31 16 55
31 17 40
31 19 10
31 21 57
31 22 54
31 23 14
31 24 4
31 25 39
31 26 56
31 27 29
31 28 41
31 29 32
31 30 16
31 36 21
31 37 42
31 38 11
31 39 47
31 40 59
31 42 52
31 45 22
31 46 20
31 47 49
31 48 46
31 50 36
31 51 9
31 52 1
31 54 45
31 55 23
31 56 17
31 58 6
31 59 13
32 0 36
32 1 11
32 2 59
32 5 48
32 6 41
32 7 44
32 8 6
32 9 55
32 12 27
32 13 1
32 14 21
32 15 58
32 16 0
32 17 49
32 19 38
32 20 54
32 21 22
32 23 7
32 24 12
32 25 51
32 26 18
32 27 33
32 28 23
32 29 52
32 30 46
32 31 4
32 32 26
32 33 13
32 34 53
32 35 31
32 36 3
32 37 40
32 38 56
32 39 14
32 42 9
32 43 19
32 44 35
32 45 50
32 47 45
32 50 16
32 51 20
32 52 8
32 54 39
32 56 28
32 57 2
32 59 57
33 0 25
33 1 2
33 2 58
33 3 19
33 4 21
33 5 43
33 6 36
33 8 57
33 9 46
33 10 32
33 11 10
33 12 59
33 14 0
33 15 13
33 16 24
33 17 18
33 19 52
33 20 56
33 22 55
33 26 12
33 27 37
33 28 53
33 29 39
33 30 44
33 31 34
33 32 14
33 35 35
33 36 6
33 37 28
33 38 49
33 39 30
33 41 51
33 43 5
33 44 15
33 46 42
33 47 27
33 49 45
33 51 54
33 52 31
33 53 3
33 54 50
33 55 40
33 56 8
33 57 9
33 58 26
33 59 4
34 0 58
34 3 7
34 4 8
34 5 17
34 6 27
34 7 39
34 8 52
34 9 1
34 10 35
34 11 33
34 12 19
34 15 40
34 16 36
34 18 21
34 19 6
34 21 43
34 22 14
34 23 56
34 24 24
34 25 37
34 26 31
34 27 54
34 28 4
34 29 12
34 30 53
34 31 20
34 32 42
34 33 10
34 34 16
34 35 0
34 36 23
34 37 48
34 38 57
34 39 22
34 40 50
34 41 34
34 42 55
34 43 25
34 44 30
34 46 9
34 47 46
34 48 3
34 49 38
34 50 18
34 52 5
34 53 28
34 54 15
34 55 32
34 56 49
34 59 59
35 0 22
35 1 59
35 2 24
35 3 57
35 4 54
35 5 1
35 8 23
35 9 36
35 11 26
35 12 9
35 13 30
35 15 5
35 16 4
35 17 37
35 18 41
35 19 48
35 20 18
35 21 49
35 22 17
35 23 8
35 24 20
35 25 35
35 26 21
35 27 56
35 28 3
35 29 0
35 30 11
35 31 44
35 32 50
35 33 43
35 34 33
35 35 51
35 36 38
35 40 29
35 41 6
35 42 32
35 43 45
35 44 39
35 45 25
35 46 31
35 48 58
35 49 28
35 51 15
35 52 13
35 53 42
35 54 53
35 55 52
35 56 10
35 58 14
35 59 19
36 1 48
36 2 11
36 5 2
36 6 7
36 8 10
36 11 14
36 12 47
36 14 4
36 16 28
36 17 36
36 18 20
36 19 59
36 20 17
36 23 52
36 24 25
36 26 46
36 28 31
36 30 51
36 31 18
36 32 22
36 33 1
36 34 15
36 35 34
36 36 55
36 37 13
36 38 29
36 39 57
36 40 35
36 41 42
36 42 6
36 43 0
36 44 9
36 45 23
36 46 19
36 48 49
36 50 56
36 51 16
36 52 37
36 53 44
36 54 30
36 55 50
36 58 53
36 59 24
37 1 7
37 2 41
37 3 50
37 5 9
37 6 6
37 7 26
37 8 47
37 9 4
37 10 38
37 12 17
37 14 44
37 15 29
37 16 2
37 18 33
37 19 20
37 20 58
37 21 3
37 23 18
37 24 53
37 25 48
37 26 10
37 27 19
37 28 1
37 29 34
37 31 54
37 32 37
37 33 11
37 34 46
37 35 12
37 37 15
37 39 5
37 42 39
37 43 56
37 44 22
37 45 40
37 48 24
37 49 55
37 50 51
37 51 27
37 52 0
37 53 59
37 54 14
37 55 42
37 56 23
37 57 30
37 58 35
37 59 49
38 0 24
38 1 42
38 2 45
38 3 0
38 4 33
38 5 25
38 8 31
38 10 11
38 11 23
38 12 3
38 13 28
38 14 59
38 15 1
38 16 16
38 17 8
38 18 2
38 19 9
38 21 12
38 22 48
38 23 41
38 24 14
38 25 29
38 26 6
38 27 17
38 28 54
38 29 30
38 30 57
38 31 55
38 33 58
38 34 38
38 35 40
38 36 4
38 37 32
38 38 20
38 39 44
38 40 37
38 41 5
38 42 27
38 43 13
38 44 46
38 45 53
38 46 21
38 47 51
38 48 18
38 49 26
38 50 10
38 51 43
38 52 47
38 56 34
38 57 36
38 58 22
38 59 50
39 0 31
39 1 3
39 2 46
39 3 6
39 4 44
39 5 5
39 6 0
39 8 56
39 9 54
39 10 17
39 12 7
39 13 32
39 14 24
39 16 21
39 18 55
39 19 43
39 20 35
39 21 37
39 22 20
39 23 53
39 25 41
39 26 49
39 27 13
39 28 42
39 29 45
39 31 2
39 32 23
39 33 48
39 34 10
39 35 28
39 36 22
39 37 39
39 38 58
39 39 29
39 40 51
39 41 40
39 43 33
39 45 57
39 46 59
39 47 18
39 48 52
39 49 47
39 50 19
39 52 15
39 53 30
39 54 9
39 55 4
39 56 36
39 58 25
39 59 8
40 0 44
40 1 54
40 2 1
40 3 31
40 4 23
40 5 37
40 7 13
40 8 53
40 9 16
40 11 7
40 13 18
40 15 45
40 16 29
40 17 9
40 19 3
40 20 52
40 21 19
40 22 12
40 23 46
40 24 41
40 25 34
40 26 20
40 27 24
40 28 48
40 29 50
40 30 14
40 31 15
40 32 57
40 33 32
40 34 39
40 35 30
40 36 25
40 39 35
40 40 0
40 41 49
40 42 2
40 43 36
40 44 55
40 45 8
40 46 40
40 47 5
40 48 27
40 49 17
40 50 58
40 51 47
40 52 59
40 53 10
40 54 43
40 55 11
40 58 33
40 59 51
41 0 4
41 2 12
41 3 8
41 4 35
41 5 21
41 6 34
41 7 31
41 8 1
41 10 15
41 11 5
41 12 50
41 13 22
41 14 20
41 17 33
41 18 59
41 19 32
41 20 37
41 22 23
41 24 39
41 25 28
41 28 18
41 29 2
41 30 56
41 31 24
41 32 44
41 33 47
41 34 29
41 36 16
41 37 30
41 38 45
41 39 51
41 41 43
41 42 13
41 43 55
41 44 7
41 45 46
41 46 25
41 47 42
41 48 9
41 49 10
41 50 57
41 51 11
41 52 54
41 53 49
41 55 3
41 56 52
41 58 41
42 1 27
42 2 33
42 3 35
42 5 56
42 6 19
42 7 20
42 9 29
42 10 42
42 11 36
42 12 18
42 13 14
42 14 40
42 15 28
42 16 34
42 17 5
42 18 31
42 20 10
42 21 46
42 22 32
42 23 44
42 25 57
42 26 39
42 27 22
42 29 58
42 32 3
42 33 41
42 34 48
42 35 4
42 36 15
42 37 43
42 39 49
42 41 52
42 42 1
42 44 6
42 46 23
42 47 24
42 48 54
42 49 12
42 50 47
42 51 55
42 52 21
42 53 2
42 54 17
42 56 11
42 57 59
42 59 37
43 0 50
43 1 5
43 2 51
43 3 46
43 4 47
43 5 42
43 6 40
43 9 38
43 10 44
43 11 54
43 12 52
43 14 31
43 15 14
43 16 10
43 17 25
43 18 37
43 20 41
43 21 4
43 22 57
43 23 59
43 24 8
43 25 2
43 26 22
43 28 11
43 29 6
43 30 55
43 31 53
43 32 49
43 33 9
43 34 17
43 35 29
43 36 12
43 38 18
43 39 19
43 40 21
43 41 45
43 42 20
43 43 23
43 44 32
43 45 27
43 46 26
43 47 56
43 48 16
43 49 3
43 50 1
43 51 28
43 52 58
43 53 39
43 54 24
43 55 33
43 56 43
43 57 0
43 58 13
44 1 25
44 2 9
44 3 3
44 4 15
44 5 51
44 8 36
44 9 28
44 10 27
44 12 14
44 14 55
44 15 35
44 16 30
44 17 6
44 18 8
44 19 45
44 20 57
44 21 58
44 22 24
44 24 37
44 28 52
44 30 38
44 32 48
44 33 44
44 34 22
44 35 47
44 36 31
44 37 17
44 38 39
44 41 33
44 42 18
44 43 26
44 44 59
44 46 13
44 47 4
44 49 50
44 51 42
44 52 23
44 55 53
44 56 54
44 57 10
44 58 21
44 59 41
45 0 13
45 1 18
45 2 19
45 4 59
45 6 57
45 7 51
45 8 27
45 9 56
45 10 47
45 11 58
45 12 6
45 13 54
45 15 20
45 16 12
45 17 3
45 18 1
45 19 28
45 21 14
45 22 41
45 23 25
45 25 31
45 26 26
45 27 53
45 29 37
45 30 23
45 31 50
45 32 10
45 34 52
45 37 46
45 38 17
45 39 33
45 40 40
45 41 24
45 42 0
45 43 38
45 44 11
45 45 4
45 46 5
45 47 55
45 49 16
45 51 21
45 52 36
45 53 35
45 55 43
45 56 44
45 57 42
46 0 17
46 1 50
46 2 25
46 3 2
46 4 43
46 5 3
46 6 5
46 7 29
46 8 12
46 9 35
46 10 57
46 11 49
46 12 13
46 13 44
46 15 55
46 16 38
46 17 1
46 18 30
46 19 36
46 20 31
46 21 39
46 22 59
46 24 52
46 27 42
46 28 51
46 29 26
46 32 24
46 33 20
46 36 40
46 37 58
46 38 23
46 39 6
46 41 46
46 42 56
46 43 15
46 44 0
46 45 45
46 46 47
46 47 53
46 48 34
46 49 54
46 50 32
46 52 27
46 53 16
46 54 41
46 55 9
46 56 4
46 58 28
46 59 7
47 0 55
47 2 5
47 3 40
47 5 26
47 6 2
47 7 49
47 10 10
47 11 9
47 13 58
47 15 17
47 17 52
47 18 54
47 19 4
47 21 15
47 22 53
47 23 33
47 24 19
47 25 3
47 26 24
47 27 8
47 28 13
47 29 18
47 30 20
47 31 42
47 32 31
47 33 56
47 34 47
47 35 6
47 36 0
47 37 59
47 38 48
47 39 25
47 40 22
47 41 27
47 42 28
47 44 38
47 45 16
47 46 1
47 48 21
47 49 23
47 50 39
47 51 14
47 52 41
47 53 11
47 54 51
47 55 34
47 56 57
47 58 36
48 0 3
48 1 58
48 2 10
48 3 42
48 4 7
48 5 16
48 6 28
48 9 52
48 10 13
48 11 46
48 12 53
48 13 4
48 14 14
48 15 34
48 16 9
48 17 35
48 18 19
48 19 27
48 20 11
48 21 54
48 23 32
48 24 49
48 25 18
48 26 1
48 27 36
48 28 20
48 30 50
48 31 30
48 32 0
48 33 45
48 36 29
48 37 51
48 38 43
48 39 21
48 40 23
48 41 44
48 42 12
48 43 8
48 44 37
48 45 47
48 46 2
48 47 48
48 48 17
48 50 31
48 51 22
48 52 39
48 53 15
48 54 56
48 56 59
48 57 25
48 58 40
48 59 33
49 0 15
49 2 44
49 4 22
49 5 49
49 6 9
49 7 30
49 8 58
49 9 42
49 10 4
49 11 0
49 13 45
49 14 2
49 15 59
49 16 26
49 19 5
49 20 16
49 21 13
49 22 50
49 23 6
49 24 33
49 25 27
49 26 53
49 27 23
49 31 21
49 33 19
49 34 3
49 35 20
49 36 41
49 37 8
49 38 35
49 39 18
49 40 54
49 41 37
49 42 7
49 43 32
49 44 28
49 46 43
49 47 29
49 48 51
49 49 14
49 52 10
49 53 47
49 55 24
49 56 25
49 58 48
49 59 17
50 0 23
50 1 55
50 2 32
50 3 18
50 4 6
50 5 34
50 7 38
50 8 46
50 9 33
50 10 8
50 11 53
50 13 24
50 14 39
50 15 49
50 16 11
50 17 19
50 18 12
50 19 0
50 20 1
50 21 17
50 23 48
50 24 45
50 26 9
50 27 14
50 28 43
50 29 44
50 30 54
50 31 35
50 32 21
50 33 3
50 34 51
50 36 50
50 37 4
50 38 26
50 40 27
50 42 36
50 43 40
50 44 52
50 46 7
50 49 22
50 51 29
50 52 30
50 53 13
50 54 5
50 55 57
50 56 42
50 57 20
51 0 41
51 2 21
51 3 22
51 4 0
51 6 15
51 7 35
51 8 45
51 9 10
51 11 1
51 12 39
51 14 48
51 15 46
51 16 52
51 17 4
51 18 16
51 19 40
51 22 56
51 23 54
51 24 44
51 25 42
51 26 27
51 28 30
51 29 28
51 30 58
51 31 51
51 32 38
51 33 18
51 34 59
51 35 25
51 36 57
51 37 37
51 38 5
51 39 43
51 40 2
51 43 29
51 44 19
51 46 11
51 48 8
51 50 26
51 51 23
51 52 14
51 53 7
51 54 55
51 55 47
51 56 6
51 57 53
51 58 50
52 0 33
52 1 57
52 2 36
52 3 26
52 4 53
52 5 52
52 6 54
52 7 3
52 9 6
52 12 2
52 16 19
52 18 51
52 19 39
52 20 29
52 22 10
52 23 43
52 24 23
52 25 16
52 26 4
52 27 28
52 28 37
52 29 27
52 30 42
52 31 41
52 32 18
52 34 9
52 35 50
52 36 5
52 37 35
52 38 55
52 40 25
52 41 13
52 42 17
52 46 45
52 47 11
52 48 20
52 49 44
52 50 14
52 51 49
52 52 48
52 53 38
52 54 58
52 55 22
52 56 7
52 57 1
53 0 51
53 2 34
53 3 9
53 4 58
53 5 12
53 6 8
53 7 50
53 8 19
53 9 47
53 11 31
53 12 44
53 13 27
53 14 17
53 15 30
53 17 28
53 18 11
53 19 22
53 20 38
53 21 53
53 22 15
53 23 1
53 24 57
53 26 3
53 27 35
53 28 21
53 29 25
53 30 10
53 31 23
53 32 4
53 33 37
53 34 6
53 35 59
53 36 52
53 37 54
53 38 42
53 39 32
53 40 16
53 41 7
53 42 43
53 43 39
53 44 48
53 46 36
53 47 20
53 48 45
53 49 29
53 50 46
53 51 33
53 53 0
53 54 49
53 55 5
53 56 14
53 58 24
54 1 36
54 2 2
54 3 58
54 4 51
54 5 22
54 6 33
54 7 1
54 8 54
54 9 44
54 10 18
54 12 28
54 13 49
54 14 16
54 15 15
54 16 23
54 17 29
54 18 47
54 20 7
54 21 20
54 22 37
54 23 42
54 24 21
54 26 52
54 27 32
54 28 39
54 31 40
54 32 27
54 34 43
54 35 46
54 36 59
54 39 12
54 42 50
54 45 10
54 46 24
54 47 13
54 48 0
54 49 8
54 50 41
54 52 38
54 54 35
54 55 56
54 56 53
54 57 57
54 58 9
54 59 11
55 0 56
55 1 15
55 2 16
55 4 4
55 5 10
55 6 1
55 7 53
55 8 41
55 9 59
55 11 55
55 12 30
55 14 9
55 16 6
55 19 33
55 21 47
55 22 45
55 23 29
55 24 35
55 25 24
55 27 44
55 28 49
55 29 51
55 31 19
55 32 28
55 34 58
55 35 21
55 36 2
55 37 50
55 38 32
55 40 18
55 41 25
55 43 27
55 45 42
55 46 39
55 48 14
55 49 7
55 50 20
55 51 31
55 52 12
55 53 17
55 54 52
55 55 48
55 56 0
55 57 22
55 58 38
55 59 5
56 0 54
56 3 55
56 4 57
56 5 33
56 6 25
56 8 48
56 9 17
56 10 20
56 11 8
56 12 49
56 13 42
56 14 15
56 15 6
56 16 44
56 17 21
56 21 40
56 22 30
56 23 23
56 24 43
56 25 32
56 27 4
56 28 16
56 29 56
56 30 2
56 31 29
56 32 19
56 33 27
56 34 36
56 35 52
56 36 34
56 37 7
56 38 14
56 42 37
56 43 51
56 44 26
56 45 1
56 47 59
56 48 47
56 50 5
56 52 9
56 53 58
56 55 46
56 56 45
56 57 11
56 58 12
56 59 18
57 0 6
57 1 43
57 2 20
57 3 21
57 4 28
57 7 22
57 8 39
57 10 19
57 11 17
57 12 36
57 13 33
57 14 11
57 16 1
57 17 24
57 18 53
57 19 47
57 20 8
57 21 25
57 22 42
57 23 38
57 25 10
57 26 45
57 29 5
57 30 52
57 31 46
57 33 30
57 34 50
57 35 26
57 36 54
57 37 0
57 38 41
57 40 32
57 41 18
57 42 29
57 43 37
57 44 31
57 45 34
57 46 49
57 47 15
57 48 23
57 50 13
57 52 2
57 54 4
57 57 3
57 58 44
57 59 40
58 0 10
58 1 29
58 3 14
58 4 46
58 5 6
58 6 30
58 7 32
58 8 59
58 9 58
58 10 49
58 11 42
58 12 57
58 13 2
58 14 8
58 15 44
58 16 5
58 19 17
58 21 34
58 22 26
58 23 12
58 24 51
58 25 13
58 26 36
58 27 39
58 28 15
58 29 3
58 30 33
58 31 48
58 34 25
58 35 27
58 36 9
58 38 47
58 39 23
58 40 4
58 41 1
58 42 19
58 44 53
58 45 11
58 46 55
58 48 43
58 49 18
58 50 37
58 51 52
58 53 56
58 54 38
58 55 7
58 56 20
58 57 24
58 58 16
58 59 0
59 0 9
59 1 12
59 2 56
59 3 28
59 4 42
59 5 13
59 6 31
59 7 15
59 9 50
59 11 40
59 12 58
59 14 57
59 15 51
59 16 32
59 17 47
59 18 4
59 22 19
59 23 22
59 24 54
59 25 6
59 26 41
59 27 46
59 28 35
59 29 16
59 30 25
59 31 5
59 32 55
59 33 8
59 34 37
59 36 27
59 37 23
59 38 59
59 39 26
59 40 49
59 41 0
59 42 34
59 43 43
59 45 24
59 46 33
59 47 52
59 48 7
59 49 53
59 50 11
59 51 2
59 52 20
59 53 21
59 54 48
59 55 1
59 56 38
59 57 45
59 58 17
59 59 36
