60
0 1 24
0 2 18
0 3 6
0 4 54
0 5 38
0 6 45
0 7 9
0 8 23
0 9 20
0 10 31
0 11 15
0 12 53
0 13 25
0 14 58
0 15 26
0 16 33
0 17 10
0 18 34
0 19 49
0 21 16
0 22 56
0 23 52
0 24 14
0 25 39
0 26 35
0 27 30
0 28 43
0 29 0
0 30 40
0 32 37
0 33 2
0 34 28
0 36 36
0 37 57
0 38 5
0 39 17
0 40 55
0 42 1
0 43 29
0 44 59
0 45 42
0 47 3
0 48 8
0 49 13
0 50 27
0 51 11
0 53 4
0 55 32
0 58 19
1 0 36
1 3 4
1 4 13
1 5 49
1 6 46
1 7 24
1 8 3
1 9 12
1 10 47
1 11 33
1 12 57
1 13 40
1 14 19
1 15 2
1 16 16
1 18 26
1 19 41
1 21 5
1 22 53
1 23 32
1 24 44
1 25 43
1 27 50
1 30 25
1 32 55
1 33 38
1 36 31
1 37 28
1 40 51
1 41 15
1 42 18
1 43 6
1 45 29
1 47 9
1 48 56
1 49 42
1 50 45
1 51 17
1 52 34
1 53 1
1 54 59
1 57 23
1 58 7
1 59 21
2 0 16
2 1 52
2 2 8
2 3 21
2 4 24
2 6 23
2 7 15
2 8 45
2 9 56
2 10 18
2 12 47
2 13 35
2 14 11
2 16 39
2 17 40
2 18 31
2 19 17
2 20 32
2 24 3
2 25 50
2 26 7
2 27 9
2 28 46
2 29 28
2 31 25
2 32 29
2 33 13
2 34 44
2 35 48
2 39 6
2 41 27
2 43 4
2 45 51
2 47 19
2 48 20
2 49 58
2 50 54
2 51 55
2 52 2
2 53 26
2 54 10
2 56 53
2 57 30
2 59 59
3 0 52
3 2 1
3 3 36
3 4 29
3 5 6
3 6 25
3 7 8
3 8 39
3 11 2
3 12 14
3 13 33
3 14 48
3 15 58
3 16 46
3 18 28
3 19 38
3 20 31
3 21 21
3 22 0
3 23 41
3 24 16
3 25 54
3 26 13
3 28 3
3 29 4
3 30 19
3 31 10
3 32 30
3 33 44
3 34 5
3 35 18
3 36 40
3 37 50
3 38 35
3 39 59
3 40 20
3 41 17
3 42 11
3 43 49
3 44 56
3 45 9
3 46 26
3 47 15
3 48 53
3 49 32
3 50 57
3 51 12
3 52 55
3 53 23
3 54 37
3 55 24
3 56 22
3 57 51
3 58 27
3 59 42
4 0 56
4 2 14
4 4 52
4 5 20
4 6 3
4 7 34
4 8 50
4 9 26
4 10 10
4 11 7
4 12 11
4 13 36
4 14 16
4 16 47
4 17 29
4 18 45
4 19 48
4 21 30
4 23 37
4 24 32
4 25 15
4 26 18
4 27 42
4 28 12
4 29 54
4 30 8
4 31 55
4 32 44
4 33 59
4 34 23
4 35 41
4 36 39
4 37 9
4 38 49
4 39 2
4 40 53
4 41 40
4 42 22
4 43 1
4 44 25
4 45 46
4 46 4
4 48 33
4 49 28
4 50 24
4 51 13
4 52 5
4 53 57
4 54 0
4 55 38
4 56 17
4 57 43
4 58 51
4 59 27
5 0 17
5 1 14
5 2 53
5 4 58
5 5 2
5 6 9
5 7 55
5 8 47
5 10 46
5 12 33
5 13 0
5 14 5
5 15 16
5 16 54
5 17 50
5 18 22
5 19 12
5 21 37
5 24 10
5 25 18
5 26 39
5 28 59
5 29 26
5 31 57
5 32 3
5 33 40
5 34 35
5 35 23
5 36 52
5 37 19
5 38 4
5 39 11
5 40 27
5 41 1
5 42 48
5 44 7
5 46 15
5 47 29
5 49 44
5 50 49
5 51 56
5 52 51
5 53 28
5 54 13
5 56 32
5 57 21
5 58 6
6 0 7
6 3 29
6 4 53
6 5 58
6 6 56
6 7 59
6 8 25
6 9 55
6 10 42
6 12 23
6 13 4
6 14 6
6 17 8
6 18 30
6 19 1
6 20 34
6 21 40
6 23 10
6 24 24
6 25 28
6 26 45
6 27 27
6 28 50
6 29 48
6 30 52
6 32 35
6 33 0
6 34 2
6 36 9
6 39 39
6 40 37
6 42 5
6 43 20
6 44 43
6 45 15
6 46 49
6 47 12
6 48 18
6 49 14
6 50 21
6 51 19
6 52 54
6 53 44
6 55 41
6 56 38
6 57 11
6 58 33
6 59 36
7 0 27
7 1 11
7 2 55
7 3 39
7 4 5
7 6 59
7 7 17
7 8 31
7 9 52
7 10 28
7 11 49
7 12 6
7 13 46
7 17 37
7 19 51
7 20 18
7 21 32
7 22 29
7 24 40
7 25 4
7 27 0
7 28 25
7 29 58
7 30 2
7 31 50
7 32 22
7 33 57
7 34 36
7 35 42
7 36 15
7 39 23
7 40 1
7 41 38
7 42 3
7 44 45
7 46 9
7 47 20
7 48 54
7 50 43
7 51 48
7 53 7
7 54 56
7 55 16
7 57 33
7 58 35
7 59 14
8 1 16
8 2 5
8 3 52
8 4 55
8 5 29
8 6 36
8 7 56
8 9 33
8 10 19
8 11 13
8 12 17
8 13 45
8 14 39
8 15 32
8 16 15
8 18 1
8 19 46
8 20 44
8 21 49
8 22 10
8 23 34
8 25 26
8 26 23
8 27 20
8 29 42
8 30 7
8 31 28
8 33 30
8 34 53
8 35 58
8 36 22
8 38 21
8 39 0
8 40 59
8 41 57
8 42 24
8 44 8
8 45 37
8 46 51
8 47 50
8 48 4
8 49 18
8 52 40
8 53 2
8 54 11
8 55 48
8 56 12
8 57 31
8 58 47
9 0 44
9 1 45
9 3 9
9 5 16
9 6 17
9 7 1
9 9 35
9 10 56
9 11 18
9 12 50
9 13 53
9 14 15
9 15 51
9 17 59
9 18 12
9 19 30
9 20 4
9 21 57
9 23 19
9 24 0
9 26 29
9 28 22
9 29 6
9 30 20
9 31 21
9 32 36
9 33 32
9 34 13
9 35 39
9 36 24
9 43 48
9 45 7
9 46 2
9 47 54
9 49 8
9 50 38
9 51 33
9 52 11
9 54 47
9 55 52
9 57 27
9 58 40
9 59 26
10 0 2
10 1 47
10 2 26
10 3 50
10 4 49
10 5 56
10 6 24
10 7 10
10 8 18
10 9 4
10 10 7
10 11 31
10 12 37
10 14 38
10 15 11
10 16 41
10 17 30
10 18 48
10 20 25
10 22 54
10 23 39
10 24 13
10 26 52
10 27 22
10 28 58
10 29 51
10 30 15
10 31 3
10 32 6
10 33 36
10 34 0
10 35 33
10 36 45
10 37 29
10 38 19
10 39 42
10 41 35
10 42 44
10 43 59
10 44 17
10 45 14
10 46 23
10 47 8
10 48 21
10 51 27
10 53 43
10 54 53
10 55 1
10 56 40
10 57 34
10 58 5
11 0 43
11 1 35
11 2 3
11 3 59
11 4 20
11 6 53
11 8 1
11 9 54
11 10 48
11 11 51
11 12 46
11 13 9
11 15 45
11 16 44
11 17 4
11 18 14
11 19 27
11 21 50
11 22 41
11 23 49
11 24 17
11 25 31
11 26 24
11 27 23
11 28 18
11 29 30
11 30 56
11 31 38
11 32 21
11 33 47
11 34 26
11 35 32
11 37 55
11 38 57
11 39 33
11 40 16
11 41 7
11 42 28
11 43 12
11 44 11
11 47 58
11 48 22
11 49 29
11 50 8
11 51 36
11 52 52
11 53 39
11 55 37
11 56 15
11 57 10
11 59 25
12 0 0
12 2 34
12 3 58
12 4 41
12 5 43
12 7 49
12 8 28
12 9 21
12 10 8
12 11 48
12 12 18
12 13 7
12 14 31
12 16 38
12 17 52
12 18 55
12 19 36
12 20 14
12 21 45
12 23 23
12 24 37
12 25 12
12 26 42
12 27 33
12 28 44
12 32 46
12 33 39
12 34 17
12 35 53
12 36 11
12 37 3
12 38 47
12 39 20
12 40 6
12 41 13
12 42 2
12 44 27
12 45 57
12 47 32
12 49 10
12 50 25
12 51 54
12 52 19
12 53 40
12 54 29
12 55 26
13 0 9
13 1 1
13 2 17
13 3 3
13 4 11
13 5 21
13 6 14
13 7 0
13 8 16
13 9 51
13 10 50
13 12 52
13 13 15
13 14 23
13 15 59
13 16 42
13 18 24
13 20 36
13 21 35
13 22 37
13 23 13
13 26 31
13 27 10
13 28 56
13 29 40
13 30 39
13 31 6
13 32 25
13 33 19
13 34 48
13 35 7
13 36 55
13 37 5
13 38 33
13 39 49
13 40 38
13 41 46
13 43 30
13 44 18
13 46 45
13 47 47
13 48 57
13 49 26
13 51 34
13 52 8
13 53 58
13 54 4
13 55 54
13 58 53
14 0 40
14 1 44
14 2 49
14 3 41
14 4 34
14 5 33
14 6 13
14 7 36
14 8 56
14 9 43
14 10 38
14 11 21
14 12 48
14 13 51
14 14 42
14 15 18
14 16 11
14 18 58
14 20 19
14 22 24
14 24 30
14 25 57
14 26 28
14 28 47
14 29 20
14 31 32
14 32 17
14 34 16
14 35 46
14 36 29
14 38 10
14 39 8
14 40 7
14 42 26
14 43 5
14 44 35
14 45 54
14 46 37
14 47 39
14 48 0
14 50 12
14 51 45
14 52 23
14 53 22
14 54 9
14 55 25
14 57 1
14 58 3
14 59 52
15 0 51
15 1 30
15 2 58
15 3 2
15 6 55
15 7 57
15 8 19
15 9 7
15 10 4
15 11 20
15 12 8
15 13 29
15 14 56
15 16 36
15 18 5
15 19 10
15 21 43
15 22 3
15 24 48
15 25 0
15 26 40
15 27 54
15 28 6
15 29 31
15 30 18
15 31 11
15 32 23
15 33 1
15 34 15
15 35 50
15 36 16
15 37 47
15 39 38
15 40 12
15 41 25
15 42 32
15 43 42
15 45 53
15 46 59
15 47 14
15 48 45
15 49 22
15 50 17
15 52 46
15 54 41
15 55 35
15 56 44
15 58 28
15 59 34
16 0 8
16 1 5
16 2 38
16 4 33
16 5 59
16 7 47
16 8 2
16 10 6
16 11 57
16 13 34
16 14 17
16 15 56
16 16 28
16 17 41
16 18 43
16 19 32
16 20 10
16 21 31
16 22 55
16 24 15
16 26 14
16 27 35
16 29 27
16 31 22
16 32 45
16 33 23
16 34 7
16 35 24
16 37 40
16 39 44
16 40 19
16 41 42
16 42 30
16 43 3
16 44 1
16 46 54
16 47 52
16 48 49
16 49 36
16 50 50
16 51 9
16 53 21
16 54 46
16 56 51
16 57 26
16 58 0
17 1 25
17 2 57
17 3 53
17 4 51
17 5 23
17 6 40
17 7 58
17 8 43
17 9 48
17 11 54
17 12 27
17 13 41
17 14 22
17 15 35
17 16 59
17 17 36
17 18 8
17 20 12
17 21 13
17 22 38
17 23 14
17 24 7
17 25 11
17 26 49
17 28 15
17 29 2
17 30 4
17 31 19
17 32 52
17 33 28
17 34 29
17 35 10
17 36 47
17 37 21
17 38 3
17 39 1
17 40 0
17 41 44
17 42 42
17 43 26
17 44 30
17 45 39
17 46 31
17 47 55
17 48 17
17 51 50
17 53 9
17 54 16
17 55 5
17 56 37
17 57 20
17 58 24
17 59 56
18 0 41
18 1 50
18 2 29
18 3 54
18 4 27
18 6 2
18 8 48
18 9 14
18 10 33
18 11 32
18 12 25
18 13 6
18 14 45
18 15 13
18 17 42
18 18 16
18 19 26
18 20 1
18 21 53
18 22 11
18 23 55
18 24 46
18 25 51
18 28 40
18 29 57
18 30 36
18 32 18
18 33 9
18 36 20
18 37 43
18 38 23
18 39 10
18 40 34
18 41 5
18 43 15
18 44 12
18 45 56
18 46 52
18 47 17
18 48 59
18 49 24
18 50 44
18 51 35
18 52 7
18 53 8
18 55 31
18 56 28
18 57 38
18 58 22
18 59 0
19 0 19
19 1 42
19 2 23
19 3 14
19 5 53
19 6 44
19 8 49
19 10 37
19 11 35
19 12 31
19 13 10
19 14 24
19 15 46
19 16 2
19 17 3
19 19 11
19 20 15
19 21 20
19 22 34
19 23 40
19 24 33
19 25 13
19 26 25
19 27 18
19 28 30
19 29 5
19 30 59
19 31 0
19 32 56
19 33 48
19 34 52
19 35 4
19 36 21
19 37 58
19 40 9
19 42 54
19 43 51
19 44 36
19 45 26
19 46 43
19 47 1
19 48 28
19 49 50
19 50 32
19 51 41
19 52 39
19 53 38
19 56 6
19 57 29
19 58 57
19 59 47
20 2 31
20 4 36
20 5 45
20 6 15
20 7 7
20 8 44
20 9 34
20 10 25
20 11 16
20 12 26
20 14 32
20 15 47
20 16 37
20 18 59
20 20 56
20 21 11
20 22 27
20 23 1
20 25 19
20 26 21
20 27 24
20 28 8
20 29 35
20 30 17
20 31 39
20 32 57
20 33 41
20 34 38
20 35 9
20 37 23
20 38 53
20 39 48
20 42 14
20 43 18
20 44 46
20 45 5
20 46 33
20 47 22
20 48 51
20 49 0
20 50 29
20 51 42
20 52 4
20 53 6
20 54 28
20 55 13
20 56 49
20 57 40
20 58 10
20 59 20
21 0 15
21 1 7
21 2 33
21 3 18
21 4 31
21 5 50
21 6 16
21 7 44
21 8 38
21 9 37
21 10 3
21 12 41
21 13 13
21 14 36
21 15 10
21 16 8
21 17 43
21 18 54
21 20 27
21 21 23
21 23 11
21 24 29
21 25 35
21 26 4
21 27 46
21 28 5
21 29 59
21 31 17
21 32 0
21 33 25
21 34 21
21 35 52
21 37 2
21 38 28
21 40 24
21 41 14
21 42 51
21 43 58
21 44 34
21 45 20
21 46 42
21 47 56
21 48 9
21 49 12
21 50 22
21 51 40
21 52 53
21 53 47
21 54 6
21 55 19
21 56 45
21 57 49
21 58 32
21 59 30
22 0 57
22 1 19
22 2 42
22 3 5
22 4 37
22 5 14
22 6 51
22 7 3
22 8 22
22 10 27
22 11 41
22 12 4
22 13 44
22 14 29
22 15 54
22 17 34
22 18 33
22 19 20
22 20 48
22 21 25
22 22 45
22 23 17
22 24 12
22 25 40
22 26 1
22 27 2
22 28 26
22 29 46
22 30 43
22 31 13
22 32 9
22 34 10
22 36 18
22 38 30
22 39 24
22 40 15
22 41 56
22 42 49
22 43 31
22 44 58
22 45 59
22 46 55
22 48 32
22 50 52
22 51 23
22 53 11
22 54 38
22 56 8
22 58 16
22 59 7
23 1 28
23 2 44
23 3 8
23 5 52
23 6 41
23 9 31
23 10 22
23 11 30
23 13 47
23 14 14
23 15 55
23 16 27
23 18 56
23 19 15
23 20 7
23 21 0
23 23 54
23 24 20
23 25 53
23 26 6
23 27 21
23 28 29
23 29 11
23 30 32
23 31 23
23 32 39
23 33 34
23 35 16
23 36 33
23 37 24
23 38 45
23 39 4
23 40 36
23 42 57
23 43 40
23 44 42
23 45 3
23 46 48
23 49 49
23 50 2
23 51 37
23 52 38
23 53 51
23 54 25
23 55 59
23 58 43
23 59 35
24 0 26
24 1 6
24 2 2
24 3 49
24 4 0
24 5 9
24 6 28
24 7 19
24 9 30
24 10 20
24 11 11
24 12 39
24 13 31
24 14 53
24 15 34
24 16 32
24 18 57
24 20 58
24 21 24
24 22 40
24 24 4
24 25 44
24 26 36
24 27 1
24 29 15
24 31 42
24 32 27
24 34 59
24 35 38
24 36 17
24 39 18
24 40 29
24 42 50
24 44 10
24 45 16
24 46 5
24 47 41
24 48 37
24 49 56
24 51 22
24 52 3
24 54 45
24 55 47
24 56 48
24 57 25
24 58 12
24 59 23
25 1 20
25 2 21
25 3 24
25 4 32
25 6 31
25 7 53
25 8 36
25 11 23
25 12 42
25 13 14
25 14 43
25 17 6
25 18 50
25 19 35
25 20 49
25 21 9
25 22 58
25 23 47
25 24 26
25 26 55
25 27 44
25 28 38
25 29 37
25 30 13
25 31 2
25 32 51
25 33 4
25 34 8
25 37 1
25 38 56
25 39 28
25 41 41
25 42 12
25 43 11
25 45 33
25 46 0
25 47 10
25 48 25
25 50 7
25 53 3
25 54 54
25 55 15
25 56 19
25 57 45
25 59 18
26 0 38
26 1 15
26 3 19
26 4 2
26 5 11
26 6 5
26 7 28
26 8 21
26 10 52
26 12 7
26 13 48
26 14 18
26 15 9
26 16 29
26 17 16
26 18 35
26 19 40
26 20 39
26 21 22
26 22 51
26 23 45
26 24 23
26 25 56
26 26 44
26 27 17
26 28 33
26 30 27
26 31 24
26 32 1
26 33 26
26 34 37
26 35 20
26 36 46
26 39 50
26 40 25
26 41 32
26 42 59
26 43 47
26 44 49
26 45 58
26 46 34
26 48 13
26 49 3
26 50 6
26 51 14
26 52 36
26 54 43
26 56 0
26 57 42
26 58 55
26 59 57
27 0 3
27 1 46
27 2 10
27 3 57
27 4 35
27 5 41
27 6 19
27 8 27
27 9 32
27 10 44
27 11 56
27 13 24
27 14 33
27 15 30
27 18 53
27 19 4
27 20 6
27 21 38
27 22 49
27 24 8
27 25 45
27 26 26
27 27 25
27 32 43
27 33 20
27 34 54
27 37 13
27 38 2
27 39 47
27 40 18
27 41 11
27 42 16
27 43 36
27 44 37
27 45 40
27 46 14
27 47 34
27 49 5
27 50 28
27 51 15
27 52 0
27 53 42
27 54 50
27 55 39
27 57 52
27 59 17
28 0 34
28 1 41
28 3 10
28 4 6
28 5 12
28 6 7
28 7 37
28 8 4
28 10 59
28 11 39
28 15 33
28 16 30
28 17 38
28 18 3
28 19 54
28 20 20
28 21 51
28 23 44
28 24 31
28 26 47
28 27 26
28 28 35
28 29 21
28 30 57
28 31 40
28 32 49
28 33 8
28 34 24
28 35 43
28 37 18
28 39 19
28 40 17
28 41 48
28 42 9
28 44 2
28 45 50
28 46 28
28 47 16
28 49 45
28 50 5
28 51 1
28 52 32
28 53 25
28 54 42
28 56 52
28 57 36
28 58 58
28 59 53
29 0 10
29 1 39
29 2 37
29 3 7
29 4 4
29 5 44
29 6 47
29 8 15
29 9 57
29 11 26
29 14 20
29 15 3
29 16 9
29 17 5
29 19 21
29 20 52
29 21 28
29 22 14
29 23 50
29 24 45
29 25 16
29 26 38
29 27 56
29 28 31
29 29 23
29 30 0
29 31 36
29 32 13
29 33 49
29 34 46
29 35 59
29 37 35
29 39 32
29 40 8
29 42 58
29 44 54
29 45 22
29 48 55
29 50 42
29 51 53
29 52 43
29 53 33
29 54 27
29 55 34
29 56 41
29 57 24
29 58 18
30 0 55
30 1 57
30 2 4
30 3 46
30 4 10
30 5 51
30 6 27
30 7 11
30 9 19
30 10 5
30 11 37
30 12 43
30 14 12
30 16 24
30 17 56
30 18 49
30 19 3
30 21 44
30 22 36
30 24 58
30 27 48
30 29 18
30 30 54
30 31 52
30 32 42
30 33 50
30 34 41
30 35 0
30 37 7
30 39 40
30 40 33
30 41 59
30 42 31
30 43 21
30 44 38
30 45 6
30 46 13
30 47 28
30 48 1
30 49 47
30 50 16
30 51 39
30 52 15
30 54 8
30 57 35
30 58 14
30 59 22
31 0 47
31 1 37
31 3 20
31 4 14
31 5 1
31 6 12
31 7 26
31 9 29
31 10 54
31 11 44
31 13 58
31 14 50
31 15 4
31 17 15
31 18 38
31 19 16
31 20 13
31 22 39
31 25 3
31 26 30
31 28 34
31 29 17
31 30 23
31 31 43
31 32 33
31 33 11
31 34 56
31 35 22
31 36 35
31 37 32
31 38 51
31 39 21
31 41 2
31 42 6
31 43 19
31 47 45
31 49 31
31 50 40
31 51 0
31 52 24
31 53 49
31 54 18
31 57 46
31 58 42
31 59 41
32 0 4
32 1 29
32 2 16
32 3 11
32 4 45
32 5 54
32 6 50
32 7 14
32 8 32
32 9 0
32 10 40
32 13 23
32 14 46
32 15 20
32 16 25
32 17 51
32 18 13
32 19 58
32 20 38
32 21 18
32 22 6
32 23 24
32 24 36
32 25 27
32 26 10
32 27 8
32 28 57
32 30 49
32 31 47
32 32 59
32 33 31
32 34 12
32 36 34
32 37 42
32 38 26
32 39 15
32 42 53
32 43 17
32 44 19
32 45 35
32 46 7
32 47 43
32 48 2
32 49 21
32 50 56
32 51 28
32 52 41
32 53 30
32 54 39
32 55 33
32 56 3
32 57 44
32 58 52
33 0 33
33 1 32
33 2 40
33 4 19
33 5 36
33 8 29
33 9 10
33 10 21
33 11 46
33 13 12
33 16 34
33 17 49
33 18 0
33 19 42
33 20 2
33 21 1
33 22 25
33 23 5
33 24 51
33 25 48
33 27 57
33 28 37
33 30 47
33 31 59
33 32 53
33 34 31
33 35 54
33 36 27
33 37 8
33 38 38
33 39 13
33 40 50
33 41 23
33 43 7
33 44 6
33 45 17
33 46 16
33 47 26
33 48 44
33 50 41
33 52 56
33 53 45
33 54 52
33 55 30
33 57 28
33 58 39
33 59 55
34 0 18
34 1 26
34 2 11
34 3 44
34 4 42
34 5 0
34 6 32
34 8 14
34 11 36
34 12 21
34 13 39
34 14 2
34 15 41
34 16 40
34 17 28
34 20 46
34 21 19
34 24 49
34 25 34
34 26 17
34 28 10
34 29 33
34 30 29
34 31 31
34 33 35
34 35 45
34 36 5
34 37 27
34 38 12
34 39 55
34 40 23
34 43 9
34 45 1
34 47 37
34 48 30
34 49 54
34 50 47
34 51 43
34 52 22
34 53 50
34 55 51
34 56 56
34 57 58
34 58 13
34 59 48
35 0 50
35 1 13
35 2 0
35 3 43
35 4 48
35 7 45
35 8 42
35 9 18
35 10 49
35 11 6
35 12 29
35 15 38
35 17 57
35 18 10
35 19 2
35 20 51
35 21 26
35 23 46
35 24 1
35 25 30
35 26 11
35 27 39
35 28 41
35 29 44
35 31 15
35 32 32
35 34 27
35 35 12
35 37 33
35 38 25
35 39 58
35 40 54
35 41 31
35 43 53
35 45 55
35 47 40
35 48 47
35 49 7
35 51 16
35 53 56
35 54 24
35 56 23
35 57 22
35 59 37
36 0 28
36 1 53
36 2 13
36 3 55
36 4 3
36 5 4
36 6 11
36 7 33
36 9 25
36 10 57
36 13 38
36 14 8
36 15 43
36 16 21
36 17 44
36 18 40
36 19 31
36 22 16
36 23 36
36 24 19
36 25 41
36 26 59
36 27 14
36 28 17
36 29 32
36 30 46
36 31 1
36 33 7
36 34 51
36 35 56
36 36 6
36 38 22
36 39 27
36 41 50
36 42 23
36 43 37
36 46 58
36 47 30
36 48 52
36 50 26
36 52 49
36 53 48
36 54 34
36 55 10
36 56 54
36 57 5
36 58 20
36 59 24
37 0 42
37 2 22
37 4 57
37 5 39
37 6 35
37 8 37
37 10 51
37 11 52
37 13 3
37 14 26
37 15 44
37 16 17
37 17 0
37 18 36
37 19 33
37 20 28
37 21 58
37 22 50
37 23 48
37 24 38
37 25 21
37 26 32
37 27 34
37 28 49
37 29 55
37 30 41
37 32 54
37 34 45
37 35 6
37 36 19
37 37 16
37 40 56
37 41 24
37 42 47
37 43 43
37 44 4
37 45 18
37 46 27
37 48 31
37 50 30
37 51 10
37 52 14
37 53 46
37 55 53
37 58 8
38 0 53
38 1 4
38 2 36
38 3 1
38 4 46
38 5 24
38 6 57
38 7 32
38 9 2
38 10 43
38 11 40
38 12 49
38 13 5
38 15 17
38 16 56
38 17 14
38 18 6
38 19 55
38 21 33
38 22 18
38 24 34
38 25 8
38 26 27
38 29 41
38 30 37
38 31 48
38 35 15
38 36 38
38 37 45
38 38 9
38 39 52
38 41 47
38 42 39
38 43 13
38 44 31
38 45 0
38 47 35
38 48 42
38 49 51
38 50 59
38 51 25
38 52 30
38 53 12
38 54 26
38 55 11
38 56 10
38 57 16
38 58 21
38 59 44
39 1 12
39 2 46
39 3 32
39 5 22
39 6 58
39 7 20
39 8 51
39 9 39
39 10 9
39 12 3
39 13 27
39 14 52
39 15 48
39 18 47
39 19 29
39 20 42
39 21 17
39 25 1
39 26 57
39 27 6
39 28 16
39 29 36
39 30 24
39 31 54
39 32 40
39 33 18
39 34 4
39 35 19
39 36 28
39 37 37
39 38 59
39 41 30
39 42 7
39 44 14
39 46 35
39 48 50
39 49 11
39 50 34
39 51 31
39 52 26
39 54 33
39 55 8
39 56 13
39 57 0
39 58 23
39 59 2
40 0 1
40 1 49
40 2 24
40 4 25
40 7 12
40 8 10
40 9 45
40 10 36
40 11 53
40 12 28
40 14 55
40 15 8
40 17 32
40 19 22
40 20 16
40 21 48
40 22 7
40 23 20
40 24 27
40 26 56
40 28 52
40 29 9
40 30 44
40 31 41
40 33 17
40 35 35
40 36 50
40 38 58
40 39 30
40 41 34
40 42 29
40 43 54
40 44 3
40 46 46
40 47 18
40 48 26
40 50 11
40 51 5
40 53 59
40 54 14
40 57 6
40 58 38
40 59 15
41 0 59
41 1 17
41 2 51
41 3 30
41 4 40
41 5 55
41 6 38
41 7 18
41 9 15
41 10 12
41 11 45
41 13 43
41 14 1
41 15 53
41 16 48
41 17 20
41 18 9
41 19 0
41 20 37
41 21 7
41 23 16
41 24 41
41 26 2
41 27 3
41 28 32
41 29 13
41 30 28
41 31 5
41 33 46
41 35 47
41 36 4
41 39 54
41 40 26
41 42 19
41 43 14
41 44 39
41 45 31
41 46 10
41 47 11
41 48 34
41 49 52
41 50 23
41 51 21
41 52 29
41 53 35
41 54 22
41 55 57
41 56 33
41 57 56
41 58 25
41 59 50
42 3 15
42 7 52
42 8 9
42 9 40
42 11 5
42 12 55
42 14 25
42 15 12
42 16 43
42 17 26
42 19 56
42 21 8
42 22 22
42 23 33
42 24 59
42 26 16
42 27 36
42 28 1
42 29 19
42 31 4
42 32 28
42 33 10
42 34 47
42 35 13
42 36 3
42 37 48
42 38 17
42 39 31
42 40 45
42 41 0
42 42 46
42 43 24
42 44 29
42 45 21
42 46 30
42 47 51
42 48 11
42 49 20
42 50 14
42 51 44
42 53 27
42 54 32
42 55 23
42 56 7
42 57 54
42 58 41
42 59 49
43 1 0
43 2 48
43 3 45
43 4 15
43 5 32
43 6 54
43 7 42
43 8 11
43 9 3
43 12 59
43 13 56
43 14 57
43 15 5
43 16 58
43 17 25
43 18 20
43 19 47
43 20 40
43 21 27
43 23 4
43 24 28
43 25 14
43 27 16
43 29 52
43 31 7
43 32 26
43 33 51
43 34 39
43 35 49
43 36 12
43 37 30
43 38 50
43 39 41
43 40 21
43 41 22
43 42 13
43 43 38
43 45 8
43 46 53
43 47 23
43 48 29
43 49 37
43 50 19
43 51 2
43 52 17
43 53 36
43 54 1
43 55 44
43 56 24
43 58 46
44 0 20
44 1 2
44 2 45
44 3 25
44 4 30
44 5 35
44 6 22
44 7 40
44 8 53
44 9 23
44 10 14
44 11 19
44 14 54
44 15 15
44 16 5
44 17 21
44 18 46
44 20 24
44 21 59
44 22 1
44 24 39
44 25 42
44 26 37
44 27 47
44 28 27
44 29 50
44 30 9
44 31 8
44 32 16
44 33 58
44 34 11
44 35 34
44 36 10
44 38 43
44 39 29
44 41 26
44 42 33
44 43 44
44 44 41
44 47 57
44 48 12
44 49 38
44 50 31
44 51 7
44 52 48
44 53 18
44 54 55
44 56 36
44 58 49
44 59 51
45 0 58
45 1 21
45 2 43
45 3 26
45 5 48
45 7 4
45 8 13
45 9 44
45 10 0
45 11 12
45 13 42
45 14 47
45 15 7
45 16 1
45 17 19
45 18 29
45 19 23
45 20 54
45 21 36
45 23 56
45 24 22
45 25 59
45 27 49
45 28 39
45 29 25
45 30 5
45 31 51
45 32 34
45 33 53
45 35 11
45 37 46
45 38 14
45 40 30
45 41 18
45 42 45
45 43 52
45 44 24
45 45 28
45 46 41
45 48 38
45 50 37
45 51 57
45 52 33
45 53 31
45 54 17
45 55 3
45 57 2
46 0 21
46 1 54
46 2 7
46 3 37
46 4 44
46 5 26
46 6 29
46 7 48
46 8 24
46 9 50
46 10 41
46 12 38
46 14 10
46 16 23
46 18 25
46 20 47
46 21 12
46 22 2
46 23 30
46 24 52
46 25 46
46 26 19
46 27 15
46 28 13
46 29 16
46 30 1
46 31 27
46 33 33
46 35 31
46 36 56
46 37 59
46 38 36
46 39 14
46 40 57
46 41 39
46 42 55
46 43 45
46 44 51
46 45 34
46 46 32
46 47 49
46 48 35
46 49 43
46 51 20
46 52 28
46 53 53
46 54 5
46 55 42
46 56 4
46 57 3
46 58 11
47 1 33
47 2 6
47 4 12
47 6 42
47 7 38
47 8 26
47 9 59
47 10 1
47 11 50
47 12 13
47 13 32
47 14 7
47 16 19
47 17 58
47 18 52
47 19 53
47 20 11
47 21 39
47 22 28
47 24 57
47 25 55
47 27 51
47 28 0
47 30 45
47 33 37
47 34 43
47 36 30
47 37 14
47 38 16
47 39 3
47 40 49
47 41 8
47 42 4
47 43 23
47 44 21
47 45 27
47 46 36
47 47 24
47 50 18
47 51 29
47 53 20
47 54 44
47 56 9
47 57 15
47 58 48
48 0 35
48 2 32
48 3 17
48 4 56
48 5 8
48 6 30
48 7 2
48 10 23
48 11 34
48 12 54
48 13 16
48 15 0
48 16 10
48 17 27
48 19 6
48 20 29
48 21 3
48 22 48
48 24 50
48 27 31
48 30 42
48 32 5
48 34 55
48 35 14
48 36 49
48 37 20
48 38 11
48 39 7
48 40 13
48 41 21
48 42 38
48 44 28
48 45 45
48 46 12
48 47 33
48 48 58
48 50 1
48 52 37
48 53 19
48 54 36
48 55 46
48 56 18
48 57 47
48 59 4
49 0 37
49 1 38
49 2 15
49 3 40
49 4 16
49 5 57
49 7 21
49 9 42
49 10 53
49 11 17
49 12 24
49 13 59
49 14 30
49 15 52
49 16 0
49 18 32
49 20 5
49 21 6
49 23 58
49 24 47
49 25 23
49 26 41
49 27 11
49 28 4
49 29 12
49 30 3
49 31 44
49 32 2
49 33 56
49 35 27
49 36 25
49 37 22
49 38 55
49 39 26
49 40 31
49 41 29
49 43 28
49 44 48
49 47 7
49 48 46
49 49 33
49 50 36
49 51 8
49 52 1
49 53 54
49 54 51
49 56 39
49 57 19
49 58 50
50 0 12
50 1 9
50 2 50
50 5 5
50 6 52
50 7 31
50 8 35
50 9 1
50 10 13
50 11 59
50 12 0
50 15 29
50 17 33
50 18 4
50 20 17
50 21 41
50 22 57
50 24 18
50 25 25
50 26 53
50 28 48
50 29 43
50 32 11
50 33 16
50 34 22
50 35 28
50 36 2
50 37 10
50 38 46
50 40 58
50 41 36
50 42 40
50 43 32
50 44 44
50 45 47
50 46 3
50 47 21
50 49 23
50 50 15
50 51 51
50 52 45
50 53 55
50 54 19
50 56 42
50 57 8
50 58 54
51 0 14
51 1 8
51 2 41
51 4 21
51 5 18
51 6 43
51 7 22
51 8 54
51 9 17
51 10 55
51 12 36
51 13 52
51 16 3
51 17 48
51 20 50
51 21 2
51 22 42
51 23 35
51 24 53
51 25 6
51 26 5
51 27 13
51 29 7
51 30 38
51 31 33
51 32 47
51 34 32
51 36 23
51 37 51
51 39 9
51 40 40
51 41 19
51 42 20
51 43 46
51 44 15
51 45 11
51 46 56
51 47 25
51 48 39
51 49 1
51 51 4
51 52 57
51 53 16
51 54 30
51 56 31
51 59 58
52 0 13
52 1 22
52 2 59
52 3 38
52 4 23
52 5 19
52 8 52
52 10 26
52 11 42
52 12 51
52 13 8
52 15 28
52 17 45
52 18 39
52 19 34
52 20 43
52 21 10
52 23 12
52 24 21
52 25 17
52 26 54
52 27 53
52 28 11
52 29 3
52 31 16
52 32 7
52 35 55
52 36 37
52 38 40
52 39 5
52 40 2
52 41 20
52 43 57
52 44 50
52 45 48
52 46 29
52 47 36
52 48 15
52 49 30
52 50 46
52 51 47
52 52 18
52 53 0
52 54 58
52 55 14
52 56 25
52 57 9
52 58 31
52 59 1
53 0 24
53 2 19
53 3 13
53 4 43
53 5 31
53 7 29
53 8 12
53 9 38
53 10 32
53 11 27
53 12 35
53 17 39
53 18 23
53 20 22
53 23 9
53 24 11
53 26 51
53 27 52
53 28 7
53 29 14
53 31 45
53 32 50
53 33 42
53 34 3
53 35 25
53 36 0
53 39 56
53 40 46
53 41 33
53 42 36
53 43 8
53 44 5
53 46 1
53 47 59
53 48 40
53 49 6
53 50 53
53 51 58
53 52 44
53 53 15
53 54 49
53 55 17
53 56 2
53 58 26
53 59 16
54 0 29
54 1 23
54 2 12
54 3 47
54 4 9
54 5 25
54 6 48
54 7 54
54 8 59
54 9 49
54 10 17
54 11 14
54 12 30
54 13 21
54 14 51
54 15 39
54 17 31
54 18 18
54 19 43
54 20 53
54 21 52
54 22 4
54 23 26
54 24 6
54 25 7
54 26 20
54 27 5
54 28 28
54 32 15
54 34 57
54 35 8
54 36 1
54 37 38
54 38 24
54 39 45
54 40 44
54 41 10
54 42 0
54 43 2
54 44 22
54 46 40
54 47 46
54 48 19
54 49 27
54 50 13
54 51 32
54 53 37
54 54 35
54 57 55
54 58 56
54 59 33
55 0 25
55 1 56
55 2 9
55 3 28
55 4 22
55 5 3
55 6 26
55 8 17
55 9 58
55 10 15
55 11 47
55 12 32
55 13 49
55 14 34
55 15 40
55 16 14
55 17 1
55 18 11
55 19 7
55 20 55
55 21 54
55 22 59
55 23 0
55 24 42
55 25 10
55 26 33
55 27 12
55 28 36
55 29 29
55 30 51
55 31 35
55 32 31
55 33 45
55 35 57
55 36 8
55 38 20
55 39 43
55 41 53
55 42 21
55 43 41
55 45 30
55 47 5
55 48 6
55 49 48
55 51 52
55 53 24
55 54 23
55 55 18
55 56 46
55 57 37
55 58 2
56 0 11
56 2 54
56 4 47
56 5 10
56 9 24
56 10 58
56 11 9
56 12 34
56 13 57
56 14 27
56 15 31
56 17 23
56 18 21
56 21 14
56 22 46
56 23 18
56 24 56
56 25 5
56 27 19
56 28 42
56 29 45
56 30 12
56 31 30
56 32 48
56 33 15
56 34 1
56 35 2
56 36 7
56 37 36
56 38 41
56 39 51
56 40 52
56 41 28
56 42 17
56 43 50
56 44 13
56 45 44
56 46 39
56 48 43
56 49 35
56 50 4
56 51 38
56 52 20
56 53 29
56 54 3
56 55 6
56 58 37
56 59 32
57 0 23
57 1 10
57 2 28
57 3 0
57 4 26
57 5 7
57 6 1
57 9 16
57 10 24
57 11 25
57 13 22
57 14 37
57 15 50
57 17 47
57 20 3
57 21 56
57 22 31
57 23 53
57 24 35
57 25 9
57 27 40
57 28 45
57 29 38
57 30 33
57 31 34
57 32 41
57 33 27
57 34 18
57 35 51
57 36 44
57 37 17
57 38 13
57 39 36
57 40 11
57 41 54
57 42 52
57 43 39
57 44 20
57 45 49
57 46 21
57 47 42
57 50 58
57 52 12
57 54 48
57 55 55
57 56 29
57 57 32
57 59 8
58 0 39
58 1 36
58 4 18
58 6 37
58 7 23
58 8 55
58 9 6
58 10 11
58 13 30
58 14 35
58 16 53
58 17 24
58 19 5
58 20 59
58 21 4
58 22 47
58 23 42
58 24 9
58 27 28
58 28 2
58 29 49
58 30 58
58 31 26
58 32 14
58 33 22
58 34 34
58 35 1
58 36 54
58 37 56
58 38 52
58 39 25
58 40 41
58 43 0
58 44 32
58 45 13
58 46 44
58 47 38
58 48 27
58 49 19
58 50 48
58 51 46
58 53 17
58 54 40
58 56 57
58 57 12
58 58 29
59 0 32
59 2 56
59 3 27
59 4 59
59 6 6
59 7 43
59 8 33
59 9 36
59 11 8
59 12 5
59 14 13
59 15 42
59 16 12
59 18 19
59 19 52
59 21 29
59 22 44
59 23 7
59 24 54
59 26 48
59 27 45
59 28 21
59 29 53
59 30 26
59 32 20
59 33 55
59 35 3
59 36 41
59 37 11
59 39 37
59 41 49
59 42 25
59 43 16
59 44 0
59 45 38
59 46 22
59 47 4
59 48 23
59 49 15
59 50 51
59 51 24
59 52 10
59 54 57
59 57 14
59 59 28
