60
0 1 33
0 2 43
0 3 4
0 5 10
0 7 56
0 23 41
0 26 45
0 30 49
0 36 52
0 37 24
0 39 5
0 42 42
0 44 37
0 46 50
0 52 23
0 57 3
0 58 19
1 3 17
1 5 40
1 6 34
1 11 30
1 13 44
1 15 53
1 23 11
1 24 43
1 28 4
1 30 10
1 34 47
1 35 33
1 45 19
1 48 32
1 51 3
1 52 5
1 54 25
1 59 57
2 0 6
2 1 24
2 19 13
2 20 52
2 21 26
2 22 37
2 23 53
2 28 33
2 32 31
2 35 44
2 42 41
2 43 1
2 45 14
2 47 20
2 52 39
2 54 28
2 56 36
2 58 57
3 9 43
3 11 33
3 20 31
3 23 55
3 25 0
3 27 53
3 31 29
3 33 14
3 35 46
3 37 2
3 38 9
3 39 26
3 40 4
3 41 18
3 51 32
3 52 3
3 53 45
3 55 24
4 0 38
4 4 21
4 13 36
4 14 6
4 16 5
4 29 33
4 31 49
4 36 24
4 41 43
4 48 29
4 51 57
4 54 13
4 57 34
5 1 59
5 10 16
5 14 32
5 17 18
5 20 48
5 24 53
5 28 31
5 39 14
5 40 26
5 42 51
5 44 2
5 49 57
5 50 3
5 56 42
5 57 49
5 58 8
6 0 55
6 16 50
6 18 16
6 21 30
6 23 9
6 26 25
6 27 31
6 31 20
6 32 59
6 34 21
6 35 57
6 36 13
6 37 36
6 41 58
6 47 29
6 50 47
6 51 45
6 54 41
6 55 56
7 0 59
7 5 29
7 11 32
7 12 27
7 17 46
7 18 41
7 24 19
7 25 51
7 31 16
7 33 33
7 34 37
7 40 47
7 45 44
7 48 56
7 49 21
7 52 38
7 55 42
8 1 47
8 2 18
8 6 56
8 9 12
8 10 57
8 11 45
8 14 30
8 16 11
8 17 13
8 22 28
8 27 2
8 28 34
8 30 17
8 34 26
8 36 50
8 41 46
8 43 32
8 46 7
8 48 14
8 49 44
8 54 42
8 55 6
8 59 19
9 0 22
9 6 9
9 19 52
9 27 15
9 28 32
9 30 50
9 32 48
9 38 13
9 39 24
9 40 59
9 47 47
9 48 36
9 50 8
9 51 35
9 57 7
10 0 50
10 2 29
10 6 19
10 10 22
10 12 10
10 14 20
10 19 12
10 22 46
10 23 57
10 24 33
10 25 6
10 28 38
10 39 3
10 41 24
10 43 9
10 45 37
10 48 13
10 49 5
10 54 51
10 58 30
11 13 54
11 21 4
11 22 13
11 28 37
11 29 35
11 31 19
11 36 47
11 37 5
11 40 14
11 43 7
11 44 3
11 45 39
11 50 43
11 55 49
11 56 33
11 58 31
12 1 53
12 3 14
12 6 44
12 12 37
12 13 28
12 15 38
12 21 6
12 25 18
12 32 45
12 33 39
12 36 41
12 37 25
12 43 42
12 45 27
12 54 30
12 56 1
13 1 1
13 4 18
13 5 15
13 6 13
13 8 6
13 9 7
13 17 40
13 28 51
13 31 24
13 34 16
13 37 39
13 40 31
13 42 38
13 44 48
13 49 46
13 52 58
13 57 56
13 58 52
14 4 19
14 5 54
14 12 12
14 14 55
14 17 35
14 28 30
14 31 4
14 32 39
14 36 36
14 40 9
14 44 24
14 45 48
14 47 32
14 49 7
14 51 23
14 59 40
15 3 16
15 5 33
15 8 10
15 11 36
15 13 22
15 14 1
15 17 47
15 23 12
15 27 6
15 32 20
15 40 41
15 46 9
15 47 38
15 48 5
15 53 42
15 56 37
16 1 37
16 3 55
16 6 46
16 7 48
16 22 3
16 24 26
16 25 12
16 26 11
16 28 44
16 41 9
16 42 27
16 44 4
16 48 34
16 49 35
16 51 24
16 52 33
16 55 45
17 3 12
17 4 52
17 6 40
17 7 38
17 9 30
17 10 25
17 14 9
17 16 24
17 19 21
17 21 20
17 25 29
17 28 3
17 30 41
17 34 53
17 40 36
17 42 57
17 43 26
18 0 28
18 1 2
18 9 21
18 12 30
18 16 44
18 18 55
18 19 15
18 22 54
18 23 34
18 32 10
18 34 20
18 38 14
18 40 57
18 44 26
18 47 40
18 48 52
18 54 50
18 55 39
18 56 6
19 3 45
19 13 2
19 18 52
19 21 17
19 22 10
19 23 44
19 29 3
19 31 21
19 32 18
19 34 34
19 37 22
19 38 32
19 40 23
19 43 40
19 50 20
19 51 55
19 59 31
20 4 46
20 6 54
20 7 28
20 9 40
20 11 18
20 12 23
20 17 20
20 18 59
20 20 29
20 23 13
20 24 45
20 25 37
20 27 49
20 29 7
20 31 6
20 41 56
20 44 30
20 47 58
20 48 17
20 54 32
20 59 44
21 2 7
21 3 37
21 5 0
21 9 41
21 10 29
21 11 15
21 18 57
21 19 23
21 20 30
21 21 2
21 24 55
21 28 16
21 31 36
21 32 38
21 36 39
21 40 32
21 43 59
21 45 13
21 46 5
21 47 27
21 54 8
21 55 50
21 56 18
21 59 25
22 1 12
22 6 7
22 11 3
22 12 9
22 15 41
22 16 34
22 25 52
22 28 58
22 29 46
22 45 45
22 47 10
22 50 55
22 52 43
22 53 28
22 58 16
23 5 42
23 8 29
23 10 13
23 14 19
23 21 35
23 22 32
23 24 7
23 25 53
23 29 37
23 37 14
23 41 10
23 46 36
23 49 34
23 53 46
23 55 30
24 5 57
24 7 37
24 16 54
24 17 36
24 18 9
24 19 28
24 23 1
24 24 52
24 26 58
24 33 19
24 38 51
24 40 11
24 44 53
24 45 29
24 46 55
24 47 30
24 48 48
24 51 49
24 59 41
25 2 2
25 4 50
25 6 48
25 7 19
25 8 36
25 14 5
25 15 30
25 19 20
25 22 9
25 23 37
25 30 44
25 31 59
25 35 56
25 36 7
25 37 18
25 40 0
25 41 32
25 42 17
25 49 49
25 52 40
25 56 46
25 58 34
26 8 52
26 10 59
26 12 26
26 14 31
26 17 23
26 19 29
26 20 21
26 27 35
26 28 53
26 37 54
26 40 15
26 43 50
26 50 28
26 57 38
27 4 3
27 9 0
27 14 38
27 19 25
27 21 34
27 23 56
27 25 49
27 27 45
27 29 48
27 35 17
27 41 57
27 42 54
27 48 11
27 54 40
27 55 29
28 2 12
28 3 13
28 5 22
28 9 6
28 12 32
28 15 33
28 17 53
28 19 0
28 21 58
28 22 27
28 27 21
28 31 15
28 39 39
28 40 24
28 43 31
28 44 59
28 46 38
28 47 23
28 54 46
29 8 30
29 11 41
29 16 32
29 21 56
29 25 1
29 26 31
29 27 46
29 29 27
29 31 43
29 32 12
29 38 18
29 41 53
29 44 20
29 45 42
29 46 4
29 47 37
29 50 0
29 53 34
29 55 59
29 57 2
29 59 35
30 3 28
30 4 58
30 5 59
30 6 41
30 7 36
30 8 55
30 10 27
30 16 39
30 20 13
30 21 31
30 22 29
30 25 4
30 26 23
30 30 21
30 31 14
30 35 45
30 36 40
30 38 20
30 43 57
30 48 24
30 49 1
30 57 47
30 59 43
31 3 57
31 7 5
31 8 23
31 10 2
31 14 7
31 19 50
31 21 53
31 25 32
31 27 34
31 29 44
31 30 9
31 31 11
31 32 58
31 35 52
31 39 43
31 41 13
31 45 40
31 54 26
31 59 51
32 1 0
32 2 9
32 9 39
32 12 38
32 13 56
32 14 3
32 21 37
32 24 54
32 28 6
32 29 40
32 32 33
32 35 7
32 36 44
32 38 55
32 41 14
32 42 48
32 44 11
32 45 5
32 49 32
32 54 58
32 58 26
33 0 43
33 3 18
33 9 50
33 11 35
33 13 13
33 17 52
33 18 22
33 19 53
33 30 1
33 31 55
33 33 7
33 38 57
33 39 49
33 43 14
33 46 39
33 53 41
33 55 8
33 57 40
34 0 46
34 4 41
34 8 4
34 13 37
34 18 35
34 21 8
34 23 29
34 27 55
34 31 0
34 32 24
34 33 49
34 35 13
34 41 50
34 46 19
34 47 1
34 51 28
34 59 54
35 2 16
35 3 5
35 4 11
35 7 45
35 8 42
35 11 56
35 18 47
35 21 41
35 23 0
35 28 14
35 29 38
35 30 52
35 31 34
35 33 57
35 36 20
35 39 48
35 42 50
35 51 9
35 52 26
35 56 44
35 57 12
35 59 28
36 2 25
36 16 57
36 20 59
36 21 15
36 24 58
36 34 30
36 35 48
36 36 56
36 40 6
36 43 28
36 47 53
36 48 46
36 53 5
36 54 33
36 57 21
37 0 15
37 4 42
37 9 14
37 12 0
37 15 45
37 20 18
37 27 38
37 28 22
37 29 4
37 31 37
37 34 36
37 35 20
37 38 16
37 39 6
37 41 40
37 43 30
37 44 28
37 47 3
37 51 1
37 52 47
37 55 10
38 0 47
38 6 59
38 7 9
38 8 21
38 14 52
38 15 24
38 18 51
38 27 1
38 28 26
38 32 50
38 37 19
38 38 34
38 40 37
38 43 20
38 44 42
38 48 53
38 51 0
38 57 4
39 4 38
39 6 35
39 7 34
39 8 39
39 10 50
39 12 46
39 14 0
39 17 1
39 22 57
39 23 14
39 24 17
39 25 45
39 28 40
39 29 13
39 34 55
39 35 23
39 36 30
39 40 49
39 41 3
39 42 28
39 45 41
39 49 20
39 52 6
39 54 22
39 55 15
39 56 21
39 57 18
39 58 9
40 5 24
40 7 43
40 8 25
40 9 49
40 16 20
40 17 30
40 19 16
40 20 19
40 28 46
40 31 41
40 33 0
40 36 22
40 40 17
40 43 18
40 44 47
40 46 37
40 47 56
40 51 26
40 52 57
41 1 19
41 6 16
41 7 11
41 10 39
41 12 15
41 13 27
41 15 59
41 18 31
41 20 32
41 22 1
41 25 22
41 26 43
41 29 25
41 31 52
41 32 17
41 34 51
41 35 36
41 39 37
41 44 45
41 47 54
41 56 57
41 57 6
42 0 42
42 1 39
42 2 5
42 3 3
42 4 36
42 6 49
42 7 41
42 13 59
42 15 20
42 16 33
42 19 38
42 22 24
42 30 43
42 31 57
42 38 23
42 43 21
42 45 30
42 46 26
42 52 45
42 53 55
42 54 53
42 56 2
42 58 54
42 59 7
43 1 50
43 2 34
43 11 43
43 12 6
43 17 0
43 19 31
43 39 54
43 42 1
43 50 49
43 51 42
44 2 11
44 8 20
44 14 39
44 18 6
44 21 7
44 22 47
44 24 28
44 26 50
44 32 15
44 36 53
44 39 30
44 40 35
44 41 17
44 42 58
44 43 36
44 48 40
44 49 42
44 50 34
44 51 43
44 56 55
45 11 13
45 16 30
45 20 41
45 21 21
45 23 23
45 31 58
45 36 12
45 38 40
45 42 36
45 43 49
45 46 53
45 47 57
45 48 4
45 50 26
45 51 6
45 58 50
46 11 14
46 21 16
46 23 2
46 34 39
46 36 46
46 47 0
46 50 51
46 52 53
46 56 7
47 1 14
47 3 54
47 5 17
47 7 29
47 9 24
47 13 5
47 16 2
47 17 43
47 20 47
47 22 21
47 24 30
47 30 23
47 32 19
47 37 48
47 38 56
47 41 1
47 43 4
47 48 35
47 50 9
47 52 31
48 1 52
48 9 13
48 17 37
48 18 1
48 21 11
48 24 20
48 28 54
48 30 3
48 36 31
48 46 42
49 3 26
49 4 0
49 5 7
49 9 45
49 16 31
49 18 40
49 25 19
49 29 20
49 38 28
49 43 12
49 44 17
49 46 44
49 58 33
50 2 15
50 4 10
50 7 0
50 8 41
50 11 11
50 14 58
50 17 2
50 19 4
50 21 36
50 24 6
50 27 16
50 30 22
50 32 3
50 38 50
50 41 38
50 44 8
50 47 7
50 48 45
50 49 17
50 53 14
51 1 16
51 2 51
51 3 42
51 4 4
51 7 32
51 8 46
51 14 17
51 17 29
51 21 3
51 25 11
51 27 7
51 35 54
51 38 19
51 39 41
51 41 26
51 43 8
51 45 35
51 46 21
51 47 12
51 50 10
51 52 52
51 54 15
51 55 20
51 58 1
52 5 19
52 6 18
52 7 24
52 9 34
52 13 11
52 18 12
52 22 8
52 24 40
52 27 48
52 28 29
52 32 42
52 33 13
52 34 28
52 44 57
52 45 38
52 50 14
52 58 37
53 1 9
53 6 22
53 8 53
53 10 20
53 15 56
53 19 1
53 20 24
53 21 27
53 22 35
53 25 7
53 27 19
53 32 14
53 36 25
53 40 46
53 42 37
53 43 45
53 45 43
53 47 18
53 50 52
53 57 26
54 1 29
54 2 6
54 5 9
54 10 12
54 12 49
54 13 33
54 14 46
54 15 5
54 17 55
54 24 42
54 37 53
54 43 54
54 52 11
54 53 37
54 57 52
55 2 58
55 5 5
55 7 27
55 9 16
55 10 23
55 11 26
55 12 44
55 13 15
55 14 49
55 18 53
55 19 45
55 31 30
55 36 57
55 39 46
55 43 0
55 44 1
55 45 18
55 50 24
55 54 10
55 57 35
56 4 17
56 8 44
56 11 34
56 13 3
56 16 40
56 17 5
56 19 57
56 21 32
56 23 20
56 25 24
56 30 14
56 31 45
56 39 31
56 41 16
56 42 6
56 44 19
56 46 12
56 47 52
56 48 41
56 56 59
57 4 23
57 12 21
57 13 43
57 14 11
57 18 28
57 20 8
57 21 46
57 23 19
57 25 16
57 27 10
57 28 42
57 31 26
57 33 41
57 37 57
57 45 12
57 54 17
57 56 45
57 57 9
58 1 58
58 4 39
58 7 40
58 9 37
58 14 13
58 24 27
58 32 43
58 35 9
58 37 44
58 40 1
58 41 20
58 54 3
58 57 0
59 0 45
59 3 48
59 4 25
59 5 20
59 12 57
59 17 11
59 23 52
59 31 44
59 32 30
59 37 21
59 38 54
59 39 32
59 40 39
59 41 6
59 52 7
59 56 38
59 58 15
