60
0 0 29
0 3 11
0 4 45
0 5 35
0 6 42
0 8 27
0 9 49
0 12 41
0 14 15
0 16 54
0 18 20
0 20 44
0 22 48
0 23 13
0 27 10
0 29 53
0 30 30
0 32 40
0 33 47
0 34 51
0 35 31
0 36 4
0 37 55
0 41 32
0 42 14
0 43 25
0 45 6
0 47 28
0 49 18
0 51 50
0 55 1
0 56 8
0 59 0
1 0 35
1 2 11
1 3 54
1 5 44
1 7 52
1 8 33
1 13 6
1 14 50
1 16 7
1 20 9
1 21 28
1 23 34
1 28 43
1 29 40
1 30 8
1 33 46
1 35 45
1 36 32
1 39 24
1 41 42
1 44 14
1 45 26
1 47 59
1 48 51
1 52 58
1 54 22
1 55 0
1 58 10
2 3 9
2 6 26
2 9 24
2 10 58
2 18 36
2 22 21
2 27 55
2 28 49
2 31 45
2 32 14
2 34 12
2 36 25
2 37 13
2 40 2
2 45 32
2 49 3
2 51 59
2 55 15
2 56 23
2 57 18
3 0 44
3 1 19
3 2 34
3 3 40
3 4 56
3 5 6
3 9 43
3 11 18
3 13 2
3 14 14
3 15 48
3 17 26
3 19 47
3 20 7
3 21 38
3 24 59
3 25 21
3 26 52
3 28 32
3 30 17
3 31 33
3 32 54
3 34 57
3 35 5
3 39 29
3 41 24
3 42 36
3 44 8
3 45 10
3 47 58
3 48 23
3 53 9
3 54 12
3 56 51
3 57 28
3 58 0
4 0 22
4 4 2
4 6 40
4 7 43
4 8 46
4 11 55
4 14 58
4 16 13
4 17 16
4 19 57
4 22 15
4 23 35
4 28 24
4 31 7
4 35 3
4 36 47
4 37 50
4 38 0
4 44 23
4 46 49
4 47 1
4 49 31
4 51 5
4 52 29
4 53 42
4 54 28
4 59 11
5 3 30
5 6 53
5 7 3
5 8 38
5 9 51
5 10 10
5 11 19
5 12 59
5 13 34
5 14 23
5 15 12
5 16 14
5 17 35
5 18 46
5 20 37
5 21 49
5 23 41
5 25 16
5 30 1
5 31 52
5 33 36
5 34 55
5 35 27
5 38 22
5 39 45
5 40 21
5 42 18
5 43 42
5 49 29
5 50 5
5 51 31
5 53 43
5 55 13
5 56 58
5 57 48
5 59 7
6 2 29
6 3 20
6 5 23
6 7 1
6 9 48
6 11 49
6 12 37
6 14 47
6 17 59
6 18 33
6 20 16
6 21 14
6 25 8
6 28 36
6 29 24
6 31 17
6 34 18
6 35 57
6 36 45
6 37 19
6 38 2
6 39 43
6 40 44
6 42 40
6 44 22
6 46 12
6 47 35
6 48 38
6 50 26
6 53 31
6 54 25
6 55 11
6 56 56
6 57 42
6 59 6
7 1 59
7 3 24
7 8 20
7 10 8
7 11 45
7 14 52
7 15 2
7 19 33
7 21 6
7 22 38
7 24 51
7 26 7
7 27 9
7 28 25
7 30 10
7 37 34
7 38 29
7 42 16
7 47 49
7 49 28
7 52 56
7 57 37
8 6 57
8 10 25
8 11 56
8 13 18
8 14 24
8 16 17
8 17 40
8 18 1
8 19 6
8 22 59
8 24 44
8 25 11
8 26 53
8 30 19
8 32 28
8 35 14
8 36 41
8 37 33
8 41 49
8 42 30
8 45 47
8 48 22
8 49 50
8 51 35
8 53 37
8 54 54
8 56 36
8 59 43
9 1 28
9 3 15
9 6 32
9 12 12
9 13 51
9 15 50
9 19 37
9 20 43
9 21 59
9 22 24
9 24 56
9 25 20
9 32 29
9 33 49
9 35 30
9 37 52
9 42 38
9 43 46
9 45 36
9 46 2
9 48 33
9 49 45
9 52 25
9 54 58
9 56 19
9 57 7
9 59 16
10 0 46
10 1 3
10 5 38
10 7 30
10 8 13
10 10 47
10 13 4
10 16 40
10 19 51
10 24 10
10 25 36
10 26 49
10 27 57
10 28 28
10 30 0
10 31 55
10 33 24
10 34 59
10 37 42
10 39 56
10 42 19
10 44 27
10 45 11
10 46 22
10 47 20
10 49 17
10 54 5
10 57 53
10 58 48
10 59 39
11 0 55
11 1 21
11 2 49
11 4 26
11 5 3
11 7 4
11 8 32
11 9 2
11 16 0
11 17 38
11 19 8
11 20 52
11 21 56
11 22 50
11 23 28
11 24 30
11 27 51
11 36 17
11 40 20
11 41 45
11 42 13
11 43 15
11 44 10
11 48 34
11 49 9
11 54 14
11 55 22
11 57 5
11 58 39
11 59 29
12 4 11
12 5 33
12 7 28
12 8 49
12 12 43
12 13 10
12 14 34
12 16 4
12 17 5
12 19 17
12 20 24
12 24 46
12 25 52
12 26 32
12 27 45
12 30 27
12 33 48
12 35 2
12 36 51
12 40 30
12 41 6
12 43 1
12 44 59
12 45 12
12 46 44
12 50 7
12 52 16
12 54 31
12 56 50
12 58 37
12 59 26
13 0 10
13 1 37
13 3 59
13 5 55
13 7 31
13 8 36
13 9 11
13 10 57
13 11 48
13 13 5
13 14 44
13 20 0
13 21 27
13 23 25
13 25 51
13 26 3
13 27 13
13 28 54
13 30 49
13 31 22
13 32 35
13 33 29
13 37 12
13 38 24
13 43 26
13 44 56
13 49 52
13 50 1
13 52 7
13 53 28
13 57 14
14 1 7
14 3 6
14 7 51
14 8 22
14 10 20
14 14 8
14 15 30
14 16 2
14 17 25
14 20 3
14 25 40
14 28 4
14 29 31
14 32 57
14 33 50
14 36 52
14 37 26
14 40 35
14 41 19
14 42 44
14 43 55
14 45 23
14 47 46
14 52 18
14 55 38
14 56 5
14 57 49
15 0 27
15 1 10
15 3 36
15 7 58
15 8 54
15 10 48
15 12 29
15 13 39
15 15 20
15 17 49
15 25 2
15 28 37
15 29 11
15 30 23
15 32 25
15 34 5
15 36 7
15 37 30
15 39 35
15 40 8
15 41 34
15 42 42
15 47 19
15 49 14
15 51 12
15 52 45
15 53 44
15 55 6
15 57 50
15 58 3
16 0 45
16 2 47
16 3 0
16 5 8
16 6 48
16 9 6
16 11 46
16 13 12
16 14 3
16 16 18
16 17 32
16 18 50
16 19 44
16 20 22
16 21 9
16 27 21
16 29 23
16 35 41
16 39 53
16 40 49
16 43 24
16 44 1
16 50 10
16 52 42
16 55 56
16 56 59
16 59 36
17 2 52
17 3 27
17 6 46
17 7 6
17 8 25
17 10 59
17 11 12
17 13 38
17 14 51
17 16 58
17 18 29
17 20 20
17 22 45
17 23 30
17 28 5
17 29 35
17 31 34
17 34 10
17 35 0
17 36 56
17 38 21
17 40 37
17 41 33
17 43 48
17 45 7
17 50 40
17 51 44
17 52 3
18 2 51
18 4 14
18 6 17
18 7 29
18 9 22
18 10 0
18 11 3
18 12 40
18 13 31
18 16 28
18 18 56
18 19 10
18 20 36
18 21 42
18 22 30
18 25 35
18 27 11
18 28 6
18 29 52
18 30 48
18 31 59
18 37 41
18 42 58
18 43 18
18 44 7
18 45 37
18 49 24
18 53 25
18 54 50
18 55 5
18 57 1
18 58 19
18 59 4
19 0 40
19 5 57
19 6 52
19 7 32
19 8 6
19 9 29
19 10 56
19 12 28
19 14 4
19 16 34
19 17 7
19 18 5
19 20 48
19 21 44
19 22 11
19 23 46
19 24 50
19 25 45
19 27 35
19 29 16
19 30 20
19 34 36
19 35 53
19 36 13
19 37 1
19 39 25
19 43 33
19 48 12
19 49 22
19 50 51
19 51 17
19 53 26
19 54 49
19 56 30
20 2 18
20 3 32
20 4 17
20 6 43
20 7 34
20 8 58
20 9 36
20 10 24
20 11 53
20 13 52
20 14 57
20 16 8
20 17 3
20 18 40
20 19 50
20 23 20
20 24 23
20 26 25
20 27 5
20 28 19
20 31 42
20 32 7
20 33 45
20 34 13
20 35 6
20 37 47
20 38 56
20 40 0
20 41 39
20 42 59
20 43 35
20 44 16
20 45 55
20 52 33
20 54 9
20 55 2
20 56 1
20 57 41
20 58 30
20 59 28
21 1 54
21 4 36
21 5 50
21 8 2
21 9 47
21 12 27
21 14 20
21 16 26
21 17 24
21 18 57
21 19 43
21 21 34
21 26 51
21 29 4
21 31 8
21 33 53
21 34 38
21 35 32
21 36 0
21 38 10
21 41 41
21 42 29
21 43 49
21 47 31
21 53 30
21 54 18
21 55 55
21 57 35
22 0 41
22 2 58
22 6 44
22 7 39
22 8 48
22 10 28
22 11 20
22 12 3
22 13 0
22 14 17
22 18 52
22 23 45
22 24 31
22 26 37
22 27 16
22 29 33
22 30 36
22 31 19
22 33 55
22 34 25
22 37 21
22 38 11
22 39 2
22 40 50
22 41 30
22 42 51
22 43 23
22 44 26
22 48 57
22 49 10
22 50 4
22 51 8
22 53 12
22 54 1
22 56 15
22 58 54
23 3 28
23 4 12
23 6 35
23 8 47
23 15 40
23 16 11
23 17 15
23 20 18
23 23 57
23 25 7
23 31 0
23 32 46
23 33 30
23 34 45
23 35 24
23 37 59
23 40 38
23 41 3
23 44 31
23 48 39
23 51 52
23 53 1
23 55 37
23 56 32
23 57 16
23 58 44
23 59 14
24 3 12
24 9 13
24 24 54
24 27 1
24 31 35
24 34 0
24 35 56
24 38 36
24 40 11
24 42 17
24 43 28
24 45 3
24 46 55
24 55 16
24 56 22
24 57 46
24 58 25
24 59 57
25 2 46
25 3 1
25 4 28
25 5 15
25 14 33
25 16 24
25 19 7
25 20 39
25 21 8
25 22 13
25 24 37
25 25 18
25 26 41
25 27 20
25 29 22
25 31 6
25 33 3
25 34 27
25 35 40
25 36 26
25 38 49
25 39 21
25 40 9
25 44 38
25 45 53
25 46 25
25 49 30
25 50 55
25 51 2
25 52 4
25 56 0
25 57 34
25 59 59
26 0 47
26 1 2
26 2 41
26 8 9
26 10 54
26 13 56
26 14 53
26 20 21
26 22 4
26 24 55
26 26 44
26 29 42
26 30 38
26 31 10
26 33 11
26 34 15
26 35 33
26 38 46
26 39 30
26 40 57
26 43 6
26 44 28
26 46 23
26 48 1
26 53 50
26 54 35
26 55 43
27 2 1
27 5 42
27 6 28
27 8 0
27 9 33
27 11 44
27 13 59
27 15 27
27 16 37
27 17 14
27 20 45
27 22 53
27 26 8
27 27 40
27 32 41
27 33 10
27 34 34
27 35 54
27 36 30
27 38 18
27 42 20
27 44 47
27 45 46
27 47 29
27 49 32
27 51 21
27 54 55
27 58 4
28 8 35
28 9 27
28 10 21
28 17 9
28 19 16
28 20 49
28 22 36
28 26 46
28 27 2
28 29 55
28 30 39
28 35 47
28 36 58
28 37 57
28 39 28
28 40 59
28 41 48
28 43 41
28 45 22
28 49 44
28 52 37
28 53 53
28 55 34
28 57 45
28 58 40
29 0 23
29 3 21
29 4 3
29 5 20
29 6 45
29 9 0
29 10 32
29 11 52
29 12 11
29 17 44
29 18 9
29 19 42
29 20 4
29 24 27
29 26 58
29 28 56
29 29 14
29 30 46
29 33 8
29 35 7
29 36 33
29 37 36
29 39 16
29 40 40
29 41 51
29 45 1
29 47 17
29 50 54
29 54 29
29 55 28
29 56 24
30 0 58
30 1 57
30 2 21
30 4 9
30 6 33
30 7 47
30 11 23
30 13 41
30 15 28
30 18 45
30 19 14
30 22 56
30 24 39
30 28 12
30 31 20
30 32 3
30 33 31
30 36 24
30 43 7
30 44 0
30 45 40
30 46 34
30 48 37
30 51 10
30 54 6
30 55 42
30 56 13
30 57 52
30 58 53
31 0 42
31 5 56
31 7 15
31 8 12
31 10 43
31 11 32
31 13 57
31 15 31
31 16 5
31 17 11
31 21 19
31 24 18
31 25 53
31 27 58
31 30 41
31 34 39
31 36 2
31 37 4
31 38 14
31 40 16
31 41 8
31 42 7
31 43 44
31 45 50
31 46 59
31 47 24
31 48 29
31 50 28
31 52 36
31 53 40
31 54 46
31 55 21
31 56 45
31 58 20
32 1 4
32 3 45
32 5 34
32 8 26
32 10 9
32 11 6
32 12 22
32 15 1
32 16 55
32 17 30
32 18 18
32 19 35
32 22 8
32 24 21
32 25 43
32 26 40
32 27 7
32 28 31
32 32 19
32 33 38
32 35 58
32 36 46
32 38 52
32 39 47
32 41 17
32 42 12
32 44 2
32 45 5
32 46 39
32 49 57
32 50 36
32 51 23
32 53 13
32 59 51
33 2 38
33 4 37
33 5 9
33 7 21
33 8 23
33 10 13
33 13 33
33 16 31
33 18 54
33 19 22
33 21 25
33 26 59
33 28 50
33 29 34
33 30 11
33 33 42
33 34 40
33 35 44
33 37 7
33 38 6
33 43 8
33 44 48
33 50 0
33 51 24
33 52 57
33 53 39
33 56 47
33 57 43
34 0 48
34 2 39
34 3 41
34 4 31
34 5 32
34 7 8
34 8 34
34 10 42
34 14 2
34 15 3
34 16 29
34 18 10
34 22 1
34 23 5
34 27 15
34 28 46
34 29 0
34 31 26
34 32 16
34 35 52
34 39 4
34 40 33
34 41 37
34 42 53
34 43 11
34 44 21
34 49 23
34 50 12
34 51 18
34 52 6
34 53 38
34 54 13
34 56 9
34 57 58
35 3 2
35 5 25
35 7 23
35 11 27
35 17 57
35 18 0
35 23 17
35 24 19
35 25 9
35 26 35
35 28 11
35 29 15
35 30 34
35 32 24
35 36 22
35 37 45
35 40 53
35 42 3
35 43 4
35 45 44
35 47 43
35 48 28
35 50 32
35 53 46
35 57 12
35 58 13
35 59 30
36 0 39
36 3 29
36 4 32
36 5 1
36 7 26
36 13 42
36 17 27
36 19 11
36 20 38
36 21 10
36 23 3
36 24 28
36 27 22
36 29 48
36 30 43
36 31 25
36 33 0
36 34 20
36 37 8
36 39 41
36 41 52
36 43 5
36 44 12
36 45 45
36 48 7
36 50 18
36 56 17
36 57 13
36 58 59
37 2 54
37 3 17
37 5 4
37 6 15
37 7 53
37 8 41
37 11 8
37 12 48
37 14 6
37 17 29
37 19 52
37 20 13
37 21 20
37 23 47
37 33 57
37 35 37
37 36 11
37 37 43
37 38 55
37 40 28
37 47 3
37 50 59
37 54 7
37 59 2
38 0 56
38 1 44
38 2 36
38 3 23
38 4 29
38 7 25
38 9 1
38 10 16
38 15 5
38 17 21
38 18 35
38 20 2
38 21 11
38 22 33
38 23 0
38 24 15
38 25 22
38 28 57
38 30 12
38 31 28
38 34 50
38 36 54
38 37 31
38 41 53
38 43 58
38 45 51
38 46 42
38 47 9
38 48 32
38 49 47
38 50 46
38 53 18
38 54 37
38 55 52
38 57 39
38 59 55
39 1 25
39 2 20
39 3 58
39 4 55
39 5 13
39 6 59
39 8 7
39 9 40
39 10 5
39 14 38
39 15 56
39 17 36
39 18 49
39 19 53
39 20 19
39 21 41
39 23 42
39 24 34
39 25 15
39 27 28
39 29 1
39 30 14
39 33 4
39 36 39
39 38 48
39 43 27
39 44 33
39 45 52
39 46 57
39 47 0
39 49 26
39 52 24
40 1 17
40 4 53
40 7 12
40 8 59
40 10 35
40 13 13
40 18 55
40 19 40
40 21 18
40 24 48
40 26 29
40 27 33
40 28 3
40 30 25
40 32 2
40 33 19
40 34 1
40 35 16
40 37 10
40 38 28
40 39 15
40 42 54
40 45 42
40 46 8
40 49 36
40 51 11
40 52 39
40 58 57
40 59 49
41 1 24
41 5 52
41 8 43
41 9 32
41 11 59
41 14 26
41 16 16
41 19 28
41 20 54
41 22 34
41 23 14
41 26 31
41 27 47
41 29 44
41 32 0
41 33 35
41 38 1
41 45 20
41 52 46
41 54 21
41 55 3
41 56 55
41 57 6
42 0 3
42 3 39
42 6 20
42 9 30
42 11 13
42 14 0
42 17 19
42 18 38
42 20 17
42 25 55
42 26 16
42 28 29
42 33 12
42 34 56
42 36 31
42 39 49
42 40 47
42 44 53
42 45 9
42 46 14
42 47 4
42 48 50
42 50 6
42 51 42
42 55 24
42 58 2
43 5 28
43 8 30
43 9 41
43 10 7
43 11 5
43 12 35
43 13 40
43 14 27
43 16 46
43 18 22
43 19 59
43 25 57
43 26 17
43 27 32
43 28 34
43 29 10
43 30 2
43 32 43
43 33 26
43 38 51
43 43 38
43 44 4
43 46 1
43 48 13
43 49 48
43 51 53
43 53 45
43 55 58
43 56 18
43 58 16
44 3 57
44 4 4
44 5 14
44 10 12
44 11 29
44 12 52
44 13 9
44 15 16
44 16 47
44 17 2
44 19 21
44 21 31
44 24 41
44 26 36
44 27 26
44 28 30
44 29 59
44 32 48
44 35 19
44 36 44
44 38 38
44 40 51
44 44 34
44 46 18
44 48 42
44 49 53
44 50 27
44 51 40
44 52 1
44 53 8
44 54 20
44 57 33
45 1 34
45 3 3
45 4 35
45 5 12
45 6 29
45 7 41
45 10 23
45 11 50
45 12 16
45 13 17
45 17 1
45 18 19
45 22 2
45 23 32
45 24 52
45 26 56
45 27 44
45 28 9
45 32 59
45 35 55
45 36 20
45 38 5
45 39 22
45 40 15
45 41 43
45 42 0
45 44 6
45 45 27
45 46 33
45 47 36
45 48 26
45 49 51
45 50 49
45 52 54
45 53 48
45 54 11
45 55 40
45 56 31
46 2 6
46 4 52
46 5 18
46 6 11
46 9 58
46 15 33
46 20 50
46 22 5
46 26 2
46 30 28
46 31 43
46 34 17
46 36 38
46 39 44
46 40 12
46 42 49
46 45 31
46 47 10
46 51 48
46 52 51
46 56 37
46 58 45
46 59 42
47 1 33
47 4 43
47 7 45
47 8 50
47 9 35
47 10 22
47 12 49
47 14 29
47 15 6
47 16 27
47 21 7
47 25 30
47 27 0
47 30 56
47 32 4
47 34 21
47 35 25
47 36 16
47 37 24
47 39 48
47 40 3
47 44 37
47 45 28
47 47 42
47 48 8
47 49 11
47 50 20
47 51 19
47 55 23
47 56 10
47 57 59
47 58 26
47 59 9
48 0 13
48 4 30
48 7 16
48 8 44
48 10 36
48 11 34
48 19 18
48 21 3
48 22 19
48 25 33
48 27 56
48 28 48
48 29 57
48 31 21
48 33 25
48 34 22
48 35 20
48 36 15
48 37 0
48 38 17
48 39 38
48 40 14
48 44 35
48 46 45
48 47 55
48 52 31
48 53 11
48 56 52
49 1 32
49 4 50
49 7 56
49 8 28
49 9 54
49 10 2
49 11 1
49 13 35
49 14 7
49 15 17
49 16 30
49 23 16
49 24 42
49 25 38
49 26 24
49 29 49
49 31 53
49 34 47
49 36 19
49 37 14
49 38 23
49 39 57
49 42 37
49 44 46
49 46 5
49 47 22
49 48 0
49 49 59
49 50 11
49 51 55
49 52 44
49 53 20
49 54 33
49 57 36
49 58 34
49 59 58
50 1 11
50 4 39
50 6 2
50 8 24
50 9 56
50 14 18
50 15 51
50 16 15
50 18 17
50 19 34
50 20 28
50 22 9
50 23 12
50 24 16
50 26 0
50 27 49
50 28 35
50 32 53
50 34 43
50 35 29
50 36 1
50 37 38
50 40 13
50 46 31
50 47 52
50 49 42
50 50 48
50 52 22
50 53 41
50 55 7
50 59 50
51 4 6
51 5 31
51 7 18
51 10 50
51 14 42
51 15 53
51 17 37
51 24 26
51 25 46
51 28 59
51 30 55
51 31 41
51 32 17
51 33 1
51 34 35
51 35 28
51 36 34
51 40 4
51 42 2
51 43 20
51 45 0
51 47 47
51 48 27
51 50 13
51 51 15
51 52 48
51 53 32
51 55 9
51 56 54
51 58 49
52 2 3
52 3 53
52 4 5
52 5 7
52 6 38
52 8 37
52 9 44
52 10 49
52 12 25
52 15 10
52 22 55
52 23 43
52 24 33
52 28 15
52 29 36
52 31 32
52 33 52
52 34 54
52 37 51
52 38 35
52 39 23
52 40 46
52 42 34
52 46 27
52 47 16
52 50 50
52 52 0
52 53 17
52 59 22
53 1 14
53 2 45
53 3 22
53 8 3
53 12 8
53 16 1
53 19 46
53 21 24
53 22 25
53 23 55
53 25 17
53 26 12
53 27 6
53 29 32
53 30 44
53 31 29
53 34 52
53 36 28
53 38 16
53 41 23
53 42 27
53 43 51
53 44 41
53 45 19
53 46 53
53 47 21
53 50 47
53 52 59
53 54 36
53 55 57
53 56 38
53 57 31
53 59 54
54 1 42
54 5 53
54 6 12
54 8 18
54 12 23
54 15 54
54 16 39
54 18 6
54 22 20
54 23 52
54 24 7
54 26 50
54 28 1
54 32 36
54 33 14
54 34 41
54 35 11
54 36 3
54 38 30
54 40 55
54 41 13
54 43 22
54 44 49
54 45 21
54 46 43
54 47 45
54 50 33
54 52 10
54 53 34
54 54 0
54 55 51
54 59 44
55 0 37
55 2 55
55 4 51
55 7 9
55 9 28
55 10 1
55 11 14
55 12 7
55 13 15
55 22 49
55 25 31
55 27 23
55 28 17
55 29 27
55 31 48
55 32 38
55 34 8
55 36 36
55 37 5
55 39 54
55 40 39
55 41 56
55 42 41
55 43 2
55 45 13
55 47 57
55 49 35
55 50 53
55 52 52
55 53 59
55 54 30
55 57 47
55 58 22
56 0 50
56 4 44
56 6 55
56 9 23
56 13 32
56 16 35
56 17 22
56 20 51
56 21 0
56 22 46
56 23 4
56 24 53
56 25 14
56 27 52
56 28 13
56 33 33
56 36 12
56 39 3
56 40 34
56 42 15
56 45 2
56 46 29
56 47 26
56 49 16
56 51 28
56 54 41
56 55 47
56 57 20
57 2 0
57 3 35
57 4 59
57 5 19
57 6 54
57 7 42
57 8 1
57 10 51
57 13 22
57 15 11
57 16 32
57 21 48
57 24 20
57 27 50
57 28 47
57 29 37
57 31 2
57 32 10
57 37 6
57 39 12
57 40 23
57 43 40
57 44 45
57 45 25
57 46 46
57 47 41
57 48 4
57 49 5
57 52 30
57 54 52
57 57 57
57 59 13
58 0 36
58 3 7
58 4 8
58 5 37
58 6 3
58 9 16
58 10 30
58 11 17
58 13 46
58 17 47
58 19 4
58 22 23
58 24 49
58 25 39
58 26 1
58 29 54
58 34 28
58 35 42
58 36 43
58 37 27
58 40 48
58 42 32
58 50 29
58 51 25
58 52 38
58 53 2
58 54 10
58 58 5
58 59 41
59 0 54
59 3 13
59 7 49
59 9 34
59 11 21
59 12 31
59 13 26
59 15 41
59 17 45
59 19 30
59 21 15
59 23 38
59 24 57
59 26 19
59 27 48
59 33 32
59 34 2
59 35 22
59 37 18
59 39 27
59 42 52
59 45 56
59 48 53
59 50 37
59 51 4
59 52 40
59 53 29
59 55 33
59 56 14
59 57 0
59 58 35
59 59 46
