70
0 0 45
0 4 25
0 9 59
0 11 63
0 12 19
0 18 24
0 19 56
0 20 51
0 27 40
0 29 42
0 33 69
0 37 1
0 40 34
0 44 52
0 45 65
0 53 9
1 2 21
1 3 59
1 5 56
1 6 50
1 18 6
1 28 22
1 30 66
1 35 17
1 38 46
1 39 12
1 40 47
1 41 14
1 42 15
1 44 68
1 46 49
1 49 23
1 51 18
1 52 53
1 54 48
1 56 19
1 64 45
1 65 61
1 67 25
2 1 18
2 2 14
2 7 65
2 10 40
2 14 67
2 17 47
2 18 59
2 21 34
2 24 66
2 26 24
2 33 36
2 42 63
2 50 53
2 52 26
2 58 22
2 59 38
2 61 35
2 65 1
2 66 50
2 68 45
3 2 48
3 6 40
3 15 44
3 16 61
3 19 52
3 23 28
3 30 26
3 34 37
3 40 23
3 44 18
3 52 59
3 56 35
3 60 9
3 63 57
3 68 65
4 0 48
4 4 62
4 5 52
4 6 36
4 8 31
4 10 64
4 12 66
4 14 69
4 15 11
4 19 30
4 31 60
4 32 63
4 38 42
4 42 53
4 43 34
4 44 8
4 47 19
4 48 67
4 49 16
4 53 21
4 59 49
4 60 4
4 69 45
5 2 47
5 4 60
5 6 51
5 8 25
5 10 20
5 24 64
5 26 49
5 30 56
5 32 65
5 33 46
5 36 23
5 42 28
5 44 21
5 45 19
5 47 54
5 50 6
5 51 45
5 52 57
5 58 52
5 59 7
5 62 63
5 66 16
5 67 0
6 1 32
6 5 55
6 6 63
6 8 43
6 10 7
6 13 54
6 15 13
6 22 3
6 23 31
6 25 69
6 27 65
6 28 53
6 30 15
6 37 67
6 40 30
6 44 60
6 48 17
6 51 35
6 53 12
6 54 33
6 59 37
6 65 0
7 1 11
7 5 31
7 8 61
7 10 56
7 12 21
7 14 47
7 15 45
7 18 36
7 19 15
7 28 68
7 29 39
7 30 40
7 31 6
7 33 59
7 36 66
7 39 16
7 43 41
7 44 64
7 45 8
7 50 26
7 56 3
7 60 42
7 61 28
7 68 49
7 69 1
8 0 32
8 3 47
8 5 62
8 7 38
8 9 65
8 10 69
8 16 21
8 18 8
8 20 48
8 21 54
8 22 50
8 23 44
8 26 39
8 39 0
8 42 30
8 45 4
8 49 68
8 51 31
8 53 49
8 54 18
8 58 17
8 59 5
8 62 24
8 63 41
8 65 3
9 3 27
9 5 3
9 7 62
9 9 33
9 12 60
9 14 21
9 15 58
9 17 16
9 23 18
9 24 44
9 32 54
9 36 4
9 37 56
9 38 59
9 41 64
9 42 55
9 43 9
9 51 48
9 52 8
9 61 24
9 62 7
9 63 68
9 67 45
10 1 24
10 3 52
10 4 33
10 7 23
10 9 48
10 10 4
10 13 8
10 21 69
10 29 12
10 37 31
10 40 6
10 44 46
10 46 3
10 48 61
10 50 19
10 59 14
10 61 27
10 65 45
10 67 5
11 3 68
11 4 45
11 5 35
11 9 36
11 10 52
11 11 40
11 13 41
11 24 4
11 25 32
11 26 12
11 31 13
11 41 15
11 46 14
11 47 3
11 49 51
11 57 27
11 59 25
11 62 2
11 63 38
11 66 43
12 6 60
12 9 23
12 13 53
12 14 64
12 16 2
12 17 34
12 18 48
12 21 52
12 22 9
12 24 42
12 29 57
12 31 59
12 33 27
12 39 1
12 40 51
12 45 62
12 62 46
12 63 14
12 68 30
13 0 10
13 1 52
13 3 57
13 4 15
13 8 6
13 14 16
13 17 53
13 19 44
13 22 18
13 24 23
13 25 27
13 28 2
13 29 22
13 30 54
13 47 35
13 49 65
13 54 36
13 55 69
13 62 68
13 68 41
14 2 54
14 4 51
14 6 66
14 10 26
14 13 16
14 15 27
14 20 39
14 26 63
14 27 48
14 28 3
14 29 1
14 35 2
14 39 41
14 49 67
14 64 10
14 65 22
15 6 32
15 15 49
15 18 0
15 22 34
15 26 53
15 31 4
15 34 40
15 37 5
15 38 2
15 40 67
15 53 35
15 56 36
15 61 57
15 68 24
15 69 41
16 0 16
16 1 64
16 10 63
16 15 26
16 17 54
16 22 56
16 24 37
16 27 6
16 29 49
16 31 45
16 33 51
16 35 40
16 36 60
16 38 10
16 42 68
16 47 44
16 50 3
16 56 0
16 58 20
16 61 52
16 69 36
17 4 63
17 13 30
17 16 57
17 17 61
17 24 34
17 25 55
17 26 45
17 27 7
17 32 43
17 36 52
17 38 47
17 42 66
17 45 14
17 47 37
17 49 39
17 54 25
17 55 11
17 62 67
17 64 38
17 65 29
17 68 3
18 0 27
18 1 35
18 8 2
18 12 11
18 14 48
18 16 56
18 21 17
18 23 6
18 24 46
18 28 31
18 32 39
18 37 64
18 40 61
18 43 29
18 52 36
18 54 68
18 62 13
18 66 42
18 68 28
18 69 19
19 1 20
19 2 25
19 9 21
19 18 46
19 20 15
19 24 65
19 27 60
19 33 18
19 35 26
19 38 51
19 50 5
19 52 40
19 56 43
19 63 13
19 65 14
19 66 47
20 1 53
20 3 67
20 5 21
20 7 7
20 9 3
20 12 35
20 22 46
20 29 36
20 34 31
20 37 62
20 39 54
20 43 37
20 49 49
20 50 60
20 51 59
20 54 22
20 56 29
20 61 5
20 65 18
20 69 51
21 0 22
21 17 23
21 18 17
21 19 27
21 25 10
21 30 38
21 32 31
21 43 15
21 44 43
21 49 11
21 52 9
21 56 25
21 59 52
21 60 20
21 61 59
21 68 56
22 5 41
22 7 32
22 17 9
22 20 1
22 23 10
22 24 0
22 25 21
22 30 14
22 31 30
22 40 20
22 43 50
22 46 34
22 51 53
22 53 52
22 56 49
22 57 3
22 59 27
22 60 31
22 61 42
22 62 51
22 63 18
22 65 57
22 66 46
22 69 68
23 8 9
23 10 21
23 11 53
23 12 28
23 14 35
23 15 69
23 17 59
23 18 57
23 19 36
23 20 11
23 28 30
23 30 43
23 33 19
23 34 52
23 35 42
23 45 46
23 47 68
23 48 4
23 50 49
23 53 65
23 54 66
23 57 34
23 60 63
23 65 16
23 66 7
23 67 20
23 69 8
24 0 62
24 1 5
24 13 17
24 14 49
24 15 15
24 25 3
24 31 51
24 32 14
24 35 55
24 36 11
24 38 24
24 40 57
24 42 0
24 44 58
24 49 27
24 51 1
24 55 46
24 56 40
24 57 31
24 58 61
24 60 7
25 2 11
25 8 65
25 11 56
25 12 17
25 17 12
25 18 27
25 28 64
25 34 53
25 35 67
25 36 44
25 37 42
25 42 34
25 43 66
25 46 59
25 50 22
25 52 38
25 54 5
25 56 69
25 57 10
25 58 3
26 2 58
26 14 34
26 16 25
26 17 64
26 25 49
26 29 66
26 32 46
26 41 35
26 42 32
26 53 18
26 56 7
26 57 14
26 58 4
26 61 50
26 62 17
26 63 23
26 64 22
27 2 2
27 6 33
27 20 32
27 22 22
27 23 64
27 25 50
27 31 53
27 35 4
27 36 17
27 37 16
27 41 18
27 43 26
27 44 25
27 47 14
27 48 20
27 50 46
27 53 8
27 58 45
27 62 47
27 66 23
28 1 56
28 2 67
28 3 48
28 5 7
28 6 69
28 7 4
28 10 49
28 13 66
28 21 9
28 23 58
28 27 36
28 28 41
28 38 43
28 39 55
28 44 51
28 52 28
28 53 22
28 55 61
28 61 54
28 65 60
28 68 25
28 69 30
29 0 61
29 13 57
29 20 6
29 24 20
29 27 52
29 29 41
29 32 42
29 36 35
29 37 15
29 38 0
29 42 5
29 44 59
29 47 16
29 49 62
29 50 64
29 54 13
29 55 3
29 64 58
29 69 24
30 1 69
30 2 43
30 3 9
30 5 68
30 7 55
30 9 51
30 16 16
30 25 64
30 26 30
30 28 23
30 30 35
30 33 40
30 35 20
30 38 65
30 39 53
30 42 2
30 45 12
30 48 19
30 50 52
30 57 48
31 0 65
31 4 6
31 6 20
31 8 42
31 14 23
31 16 68
31 20 64
31 28 7
31 34 26
31 38 55
31 40 31
31 42 45
31 43 18
31 44 63
31 45 61
31 48 24
31 49 21
31 51 46
31 53 69
31 57 0
31 60 53
31 62 34
31 64 8
31 65 13
31 68 4
32 3 61
32 5 20
32 7 18
32 20 44
32 24 21
32 34 46
32 38 49
32 39 29
32 41 56
32 45 57
32 46 51
32 51 65
32 60 25
32 61 45
32 62 19
32 66 58
33 0 35
33 4 67
33 11 6
33 28 60
33 29 64
33 30 13
33 32 26
33 33 38
33 35 43
33 39 15
33 40 14
33 42 31
33 46 56
33 47 58
33 49 45
33 50 69
33 54 54
33 56 46
33 59 18
33 63 36
33 65 53
33 68 42
33 69 50
34 1 57
34 2 39
34 5 34
34 6 48
34 8 8
34 10 10
34 13 21
34 16 60
34 20 68
34 26 22
34 28 65
34 29 35
34 35 28
34 36 15
34 49 37
34 52 47
34 61 49
34 63 2
34 69 54
35 1 54
35 3 55
35 5 0
35 6 64
35 8 36
35 10 8
35 15 20
35 16 31
35 18 14
35 19 4
35 22 49
35 29 48
35 32 44
35 34 66
35 36 45
35 37 39
35 38 6
35 40 10
35 41 58
35 42 26
35 43 42
35 44 22
35 47 30
35 49 61
35 51 25
35 55 60
35 57 59
35 59 16
35 66 57
35 67 3
36 2 34
36 4 13
36 24 56
36 25 1
36 30 57
36 31 52
36 35 9
36 36 3
36 39 59
36 42 48
36 48 66
36 52 39
36 55 24
36 62 49
36 66 18
37 0 51
37 1 13
37 9 66
37 10 42
37 11 64
37 12 25
37 13 5
37 14 55
37 16 17
37 26 46
37 36 27
37 38 12
37 40 56
37 43 52
37 45 32
37 47 60
37 49 3
37 51 10
37 52 6
37 56 28
38 1 29
38 4 69
38 6 14
38 8 11
38 9 68
38 11 57
38 15 4
38 16 40
38 17 21
38 23 25
38 27 39
38 28 42
38 32 0
38 39 30
38 40 49
38 42 36
38 46 31
38 49 35
38 55 12
38 56 15
38 61 67
38 62 52
38 68 20
39 0 9
39 9 60
39 10 44
39 11 26
39 12 8
39 14 45
39 15 35
39 20 69
39 26 58
39 27 50
39 28 4
39 30 64
39 31 55
39 34 28
39 37 13
39 39 19
39 44 27
39 47 46
39 52 14
39 53 33
39 56 30
39 57 24
39 60 34
39 63 56
39 65 42
40 0 30
40 3 28
40 5 61
40 7 2
40 10 46
40 14 29
40 15 37
40 17 55
40 18 38
40 25 36
40 31 24
40 35 22
40 38 41
40 41 6
40 43 63
40 45 3
40 55 52
40 56 12
40 57 43
40 63 50
40 66 51
41 4 53
41 5 57
41 7 9
41 10 22
41 12 69
41 19 61
41 20 49
41 21 59
41 22 2
41 25 26
41 35 30
41 38 14
41 42 54
41 44 55
41 45 18
41 46 13
41 47 33
41 49 42
41 67 63
42 1 4
42 4 57
42 9 44
42 10 15
42 13 67
42 16 0
42 19 32
42 32 64
42 36 37
42 41 51
42 43 43
42 48 68
42 52 54
42 53 2
42 54 17
42 55 18
42 60 48
42 66 69
43 6 39
43 9 42
43 12 55
43 14 17
43 17 51
43 20 35
43 24 9
43 25 33
43 27 8
43 34 10
43 35 66
43 39 58
43 42 11
43 54 28
43 61 3
43 64 43
43 68 5
44 0 23
44 12 5
44 14 12
44 18 55
44 19 64
44 23 51
44 26 67
44 27 43
44 28 27
44 29 6
44 35 59
44 37 28
44 38 13
44 39 50
44 41 40
44 43 3
44 44 29
44 45 25
44 46 30
44 47 36
44 50 24
44 56 4
44 58 53
44 69 31
45 0 41
45 3 39
45 4 2
45 9 26
45 16 38
45 18 21
45 19 60
45 22 62
45 24 1
45 27 11
45 30 17
45 32 67
45 34 4
45 35 54
45 36 20
45 39 52
45 43 13
45 44 35
45 46 23
45 48 28
45 49 59
45 51 24
45 54 6
45 55 42
45 59 61
45 65 8
45 66 0
46 6 21
46 8 38
46 10 68
46 11 61
46 16 8
46 17 66
46 18 35
46 19 40
46 27 57
46 28 14
46 30 65
46 38 11
46 41 31
46 46 1
46 47 12
46 49 33
46 55 20
46 60 47
46 66 34
46 67 19
46 68 43
47 0 47
47 3 21
47 4 58
47 5 1
47 10 29
47 12 65
47 15 12
47 20 18
47 21 38
47 23 17
47 25 63
47 26 68
47 27 62
47 36 13
47 37 23
47 38 20
47 44 36
47 49 53
47 53 15
47 64 11
47 67 37
48 3 36
48 4 35
48 7 49
48 10 14
48 15 56
48 19 62
48 25 30
48 28 61
48 35 64
48 50 45
48 51 11
48 52 13
48 61 55
48 68 48
49 2 69
49 10 57
49 11 45
49 13 32
49 15 59
49 16 51
49 18 5
49 19 67
49 20 29
49 22 19
49 27 35
49 28 47
49 31 58
49 34 30
49 35 27
49 36 46
49 37 40
49 42 50
49 43 48
49 46 24
49 48 6
49 49 13
49 53 60
49 55 4
49 56 1
49 58 7
49 59 34
49 66 64
50 2 53
50 3 64
50 4 50
50 5 32
50 7 11
50 18 65
50 26 9
50 27 38
50 28 51
50 33 47
50 41 48
50 47 2
50 51 42
50 53 6
50 56 13
50 62 36
50 63 45
51 1 55
51 2 30
51 3 7
51 5 45
51 8 5
51 11 51
51 12 67
51 14 38
51 17 35
51 18 2
51 20 43
51 21 22
51 22 57
51 24 28
51 26 54
51 27 31
51 31 10
51 36 33
51 39 4
51 43 39
51 45 59
51 53 34
51 56 44
51 62 3
51 63 40
51 66 66
51 68 53
52 3 40
52 5 39
52 10 32
52 15 46
52 16 22
52 17 14
52 18 19
52 21 48
52 22 37
52 28 16
52 32 25
52 33 1
52 34 8
52 36 55
52 37 65
52 39 63
52 47 49
52 48 62
52 55 28
52 56 47
52 59 59
52 64 18
52 66 67
52 68 57
53 1 59
53 10 43
53 11 50
53 14 2
53 17 56
53 20 34
53 27 13
53 35 52
53 36 31
53 37 51
53 39 18
53 41 26
53 46 33
53 51 0
53 53 39
53 56 21
53 61 65
53 64 44
53 66 68
53 67 16
53 68 29
53 69 57
54 0 55
54 1 48
54 3 62
54 6 41
54 9 56
54 12 10
54 13 6
54 23 47
54 25 57
54 26 0
54 28 28
54 32 4
54 34 51
54 37 45
54 39 26
54 43 16
54 44 23
54 45 60
54 46 19
54 54 65
54 56 18
54 57 2
54 59 39
54 60 15
54 63 22
54 65 50
54 69 43
55 5 11
55 7 8
55 9 39
55 12 47
55 14 59
55 15 52
55 17 6
55 19 16
55 20 61
55 22 65
55 25 31
55 27 53
55 38 62
55 42 23
55 47 66
55 51 28
55 55 48
55 63 12
55 68 55
56 0 59
56 2 37
56 3 0
56 5 25
56 6 6
56 12 40
56 14 41
56 31 22
56 32 45
56 34 17
56 35 49
56 41 61
56 42 3
56 43 21
56 45 66
56 48 53
56 49 46
56 54 26
56 55 51
56 57 36
56 59 54
56 60 11
56 62 30
56 63 32
56 65 2
56 66 28
57 1 23
57 2 26
57 6 22
57 10 27
57 12 15
57 15 64
57 18 51
57 23 12
57 24 57
57 25 68
57 26 43
57 35 21
57 38 60
57 42 19
57 44 67
57 45 42
57 46 39
57 47 45
57 51 38
57 55 54
57 56 66
57 59 13
57 64 63
57 65 9
57 66 48
57 68 34
58 3 42
58 5 27
58 6 59
58 10 36
58 14 8
58 19 25
58 22 20
58 25 40
58 32 37
58 35 39
58 38 61
58 41 9
58 42 24
58 55 34
58 57 56
58 58 68
58 59 35
58 60 45
58 62 33
58 69 22
59 1 31
59 7 64
59 8 10
59 10 66
59 19 57
59 20 12
59 21 3
59 24 52
59 28 8
59 31 18
59 33 43
59 35 45
59 40 53
59 41 39
59 44 30
59 45 49
59 49 4
59 51 50
59 58 40
59 60 5
59 62 27
59 64 29
59 66 15
60 4 24
60 5 44
60 6 30
60 8 32
60 11 18
60 12 31
60 14 56
60 28 55
60 32 2
60 35 61
60 40 42
60 46 48
60 48 65
60 49 57
60 53 4
60 55 5
60 57 52
60 58 25
60 63 47
60 68 51
60 69 49
61 5 16
61 10 65
61 12 41
61 17 48
61 18 31
61 21 46
61 27 1
61 28 50
61 29 4
61 37 11
61 40 24
61 46 8
61 54 43
61 58 36
61 65 39
61 67 56
62 6 10
62 9 37
62 10 62
62 11 14
62 15 24
62 16 59
62 21 53
62 22 45
62 25 5
62 27 46
62 28 15
62 29 16
62 31 40
62 37 0
62 41 63
62 49 52
62 50 61
62 51 9
62 57 41
62 65 7
62 66 31
62 67 13
63 2 5
63 5 37
63 6 68
63 7 41
63 9 31
63 11 62
63 13 19
63 15 9
63 18 22
63 22 16
63 26 69
63 31 50
63 32 40
63 33 52
63 37 38
63 38 53
63 40 55
63 44 45
63 52 2
63 57 12
63 59 36
63 61 61
63 63 49
63 69 44
64 2 22
64 5 38
64 9 8
64 11 35
64 17 18
64 18 49
64 21 19
64 24 68
64 25 44
64 26 41
64 28 69
64 33 34
64 39 60
64 42 29
64 52 33
64 53 3
64 58 67
64 60 51
64 62 40
64 63 0
64 64 6
64 67 15
65 0 57
65 3 22
65 4 43
65 5 28
65 12 6
65 13 7
65 15 0
65 16 53
65 22 25
65 23 16
65 31 11
65 33 67
65 34 56
65 35 58
65 38 33
65 40 62
65 47 20
65 51 15
65 53 55
65 55 2
65 56 34
65 62 41
66 0 43
66 2 12
66 9 22
66 17 11
66 22 27
66 24 49
66 27 47
66 28 38
66 30 68
66 31 57
66 34 14
66 39 67
66 44 17
66 48 2
66 53 42
66 55 1
66 56 61
66 64 34
66 68 39
67 1 63
67 4 44
67 5 46
67 8 15
67 9 57
67 12 2
67 16 32
67 18 60
67 19 43
67 21 25
67 24 29
67 31 3
67 35 47
67 36 50
67 40 38
67 44 19
67 49 14
67 54 58
67 57 17
67 60 36
67 62 22
68 4 65
68 5 2
68 9 24
68 21 68
68 24 39
68 27 55
68 29 54
68 33 50
68 35 5
68 37 48
68 39 44
68 40 41
68 42 10
68 43 60
68 44 31
68 54 38
68 56 57
68 58 28
68 60 32
68 69 25
69 1 33
69 5 65
69 6 42
69 19 68
69 24 6
69 26 19
69 29 59
69 33 58
69 34 39
69 41 29
69 44 0
69 49 47
69 51 34
69 54 9
69 59 45
69 60 35
69 65 63
69 67 1
