70
0 0 18
0 1 30
0 2 1
0 4 47
0 5 39
0 7 19
0 8 61
0 9 57
0 13 23
0 15 4
0 16 15
0 18 10
0 20 60
0 21 34
0 22 62
0 23 31
0 25 37
0 26 35
0 28 9
0 32 41
0 33 7
0 39 44
0 40 28
0 44 38
0 47 43
0 48 46
0 49 20
0 50 29
0 51 8
0 52 13
0 53 54
0 56 11
0 57 3
0 60 63
0 61 22
0 62 55
0 64 6
0 65 25
0 69 2
1 0 47
1 1 34
1 2 50
1 4 8
1 5 56
1 7 64
1 8 65
1 10 61
1 14 32
1 15 42
1 16 27
1 18 4
1 19 69
1 21 58
1 22 53
1 23 45
1 24 33
1 25 16
1 26 5
1 29 40
1 30 55
1 31 9
1 33 37
1 35 23
1 38 22
1 39 41
1 40 0
1 42 35
1 43 6
1 46 14
1 47 44
1 50 49
1 54 38
1 59 62
1 60 24
1 61 48
1 62 43
1 63 26
1 64 66
1 66 52
1 69 7
2 0 22
2 1 11
2 2 38
2 3 23
2 10 10
2 12 21
2 14 8
2 18 15
2 19 29
2 22 7
2 23 43
2 24 3
2 25 24
2 26 56
2 27 6
2 28 40
2 33 33
2 35 13
2 36 26
2 39 57
2 40 20
2 41 19
2 42 1
2 44 28
2 45 31
2 46 51
2 47 35
2 52 39
2 53 2
2 57 59
2 58 49
2 59 25
2 61 54
2 64 34
2 66 4
2 68 41
3 1 42
3 4 25
3 6 6
3 8 33
3 10 39
3 11 44
3 15 69
3 16 3
3 17 0
3 19 23
3 21 66
3 23 20
3 25 26
3 28 49
3 32 21
3 33 14
3 34 67
3 35 29
3 38 24
3 39 53
3 40 31
3 42 57
3 43 36
3 45 55
3 47 15
3 49 12
3 52 54
3 54 32
3 55 62
3 56 68
3 57 30
3 58 22
3 60 16
3 63 27
3 66 41
3 67 11
3 69 37
4 0 29
4 2 17
4 4 52
4 6 36
4 7 25
4 8 43
4 9 69
4 11 27
4 13 59
4 19 19
4 21 42
4 23 35
4 24 34
4 30 61
4 31 62
4 34 44
4 36 45
4 38 46
4 39 48
4 40 13
4 43 49
4 44 14
4 48 31
4 49 50
4 52 23
4 53 6
4 57 65
4 60 54
4 61 3
4 63 24
4 65 40
5 0 38
5 3 4
5 5 11
5 6 55
5 8 48
5 10 56
5 11 57
5 13 15
5 14 5
5 15 2
5 17 64
5 18 59
5 19 6
5 20 53
5 21 16
5 22 42
5 23 66
5 24 28
5 25 60
5 28 61
5 30 3
5 31 41
5 32 51
5 33 62
5 34 29
5 38 13
5 40 33
5 41 40
5 43 30
5 45 63
5 48 17
5 49 0
5 51 49
5 54 9
5 56 1
5 60 14
5 61 24
5 62 10
5 63 43
5 64 67
5 66 69
5 68 65
6 3 17
6 4 51
6 5 24
6 6 45
6 7 22
6 8 35
6 9 47
6 10 69
6 11 21
6 14 12
6 16 55
6 18 56
6 21 1
6 22 60
6 23 4
6 26 19
6 28 57
6 29 64
6 30 68
6 31 37
6 32 9
6 34 0
6 35 67
6 36 16
6 37 5
6 39 63
6 43 20
6 44 10
6 45 8
6 48 7
6 57 50
6 59 53
6 62 48
6 63 52
6 64 49
6 66 66
6 67 3
7 0 3
7 2 28
7 4 35
7 5 32
7 7 33
7 13 60
7 17 2
7 19 15
7 20 4
7 21 39
7 23 26
7 24 37
7 25 65
7 27 23
7 30 53
7 36 30
7 37 12
7 38 62
7 39 20
7 40 57
7 42 46
7 44 56
7 46 49
7 48 51
7 49 38
7 50 6
7 52 1
7 57 34
7 59 59
7 60 7
7 61 40
7 62 44
7 67 14
7 68 63
8 1 8
8 4 38
8 8 30
8 9 12
8 10 46
8 12 67
8 14 22
8 17 19
8 19 49
8 20 16
8 24 27
8 25 31
8 27 25
8 30 45
8 31 0
8 32 66
8 33 17
8 34 6
8 35 64
8 36 7
8 37 52
8 38 26
8 42 13
8 46 62
8 50 34
8 51 20
8 53 1
8 55 2
8 56 44
8 57 56
8 58 36
8 59 32
8 60 50
8 61 41
8 62 53
8 64 48
8 65 37
8 68 68
9 1 23
9 2 21
9 3 34
9 5 61
9 13 3
9 15 30
9 17 38
9 18 13
9 19 17
9 23 53
9 24 16
9 25 12
9 26 18
9 27 14
9 30 54
9 31 24
9 33 52
9 34 59
9 35 43
9 36 11
9 39 46
9 41 29
9 43 57
9 46 2
9 48 27
9 51 65
9 53 33
9 54 7
9 56 8
9 58 42
9 59 39
9 65 55
9 67 51
9 69 31
10 0 15
10 3 67
10 5 29
10 8 10
10 9 49
10 20 36
10 22 12
10 24 0
10 25 2
10 28 44
10 31 51
10 32 25
10 33 68
10 34 18
10 36 60
10 37 61
10 40 46
10 42 31
10 44 9
10 45 34
10 47 56
10 50 40
10 54 22
10 55 45
10 56 41
10 57 27
10 60 62
10 62 64
10 63 17
10 65 19
10 66 54
10 68 48
10 69 28
11 6 63
11 10 43
11 18 25
11 19 68
11 22 29
11 23 22
11 24 40
11 26 11
11 29 67
11 30 10
11 31 8
11 37 23
11 38 3
11 39 17
11 42 19
11 43 48
11 44 47
11 45 37
11 46 28
11 48 14
11 49 33
11 50 53
11 53 32
11 55 44
11 56 66
11 58 64
11 61 16
11 62 4
11 64 58
11 65 31
11 66 51
11 67 54
11 68 5
12 1 18
12 7 21
12 10 48
12 11 19
12 12 32
12 13 24
12 14 62
12 15 34
12 16 7
12 19 42
12 20 39
12 21 33
12 23 28
12 24 6
12 28 17
12 29 68
12 30 69
12 31 49
12 32 46
12 35 55
12 38 0
12 42 52
12 49 3
12 50 20
12 51 10
12 56 63
12 57 16
12 58 66
12 59 54
12 60 36
12 61 29
12 62 40
12 66 45
12 69 26
13 0 14
13 3 30
13 6 22
13 7 9
13 8 50
13 9 21
13 10 24
13 11 39
13 12 16
13 15 61
13 16 23
13 18 34
13 19 18
13 20 68
13 22 67
13 23 1
13 27 64
13 28 25
13 29 35
13 31 66
13 32 59
13 34 10
13 40 3
13 44 69
13 45 32
13 46 12
13 47 41
13 49 5
13 50 7
13 51 53
13 56 51
13 57 44
13 58 47
13 60 48
13 62 28
13 63 29
13 64 54
13 65 8
13 67 27
13 68 40
14 1 68
14 3 31
14 7 63
14 9 33
14 11 37
14 12 1
14 17 22
14 18 62
14 20 38
14 21 54
14 24 15
14 26 51
14 31 58
14 32 17
14 33 13
14 37 4
14 38 12
14 40 18
14 41 36
14 43 50
14 44 67
14 45 57
14 46 53
14 47 60
14 48 28
14 50 14
14 52 26
14 53 46
14 56 21
14 57 43
14 58 48
14 60 3
14 61 0
14 66 6
14 67 55
14 68 24
14 69 49
15 0 53
15 3 59
15 4 12
15 5 3
15 6 41
15 8 22
15 13 4
15 14 17
15 15 19
15 16 60
15 17 65
15 19 25
15 20 56
15 23 40
15 24 7
15 25 61
15 28 18
15 29 20
15 30 24
15 31 33
15 32 55
15 33 67
15 34 49
15 35 36
15 36 15
15 38 64
15 39 5
15 41 63
15 42 54
15 43 11
15 44 50
15 48 32
15 49 46
15 56 9
15 57 48
15 58 0
15 62 47
15 63 69
15 65 35
15 66 37
15 69 6
16 2 66
16 3 27
16 4 31
16 6 33
16 7 51
16 11 17
16 13 64
16 15 53
16 16 65
16 17 48
16 21 69
16 22 49
16 24 58
16 25 55
16 26 44
16 27 18
16 29 7
16 30 52
16 34 45
16 35 20
16 37 60
16 38 61
16 39 42
16 40 19
16 41 59
16 43 67
16 47 68
16 49 47
16 54 13
16 55 11
16 57 57
16 58 24
16 63 0
16 64 14
16 65 62
16 66 32
16 67 22
16 68 2
17 0 0
17 2 3
17 3 64
17 6 50
17 8 62
17 9 59
17 10 68
17 11 41
17 14 2
17 15 35
17 16 9
17 20 49
17 21 4
17 25 15
17 27 33
17 31 47
17 33 28
17 35 14
17 36 10
17 37 44
17 38 8
17 40 16
17 41 22
17 43 53
17 44 55
17 46 39
17 47 46
17 50 32
17 52 57
17 56 42
17 58 5
17 60 12
17 61 17
17 62 20
17 63 66
17 64 25
17 65 60
17 68 37
18 0 25
18 1 65
18 2 62
18 7 57
18 8 32
18 9 37
18 10 0
18 13 51
18 14 19
18 16 61
18 17 42
18 18 63
18 19 24
18 20 34
18 21 55
18 22 22
18 23 41
18 26 14
18 29 2
18 30 8
18 31 3
18 32 35
18 33 56
18 34 1
18 37 53
18 38 17
18 39 23
18 40 52
18 41 38
18 42 18
18 47 50
18 49 28
18 50 11
18 53 36
18 54 30
18 58 33
18 59 5
18 61 15
18 64 59
18 66 16
18 68 49
19 0 69
19 1 9
19 2 33
19 3 26
19 4 46
19 7 68
19 8 1
19 11 56
19 12 12
19 15 0
19 24 48
19 25 7
19 27 28
19 30 15
19 31 16
19 33 27
19 38 39
19 40 49
19 42 25
19 44 19
19 48 38
19 49 11
19 50 63
19 51 34
19 52 41
19 53 45
19 56 20
19 57 64
19 59 61
19 65 65
20 0 42
20 1 46
20 3 36
20 4 10
20 5 52
20 6 56
20 7 6
20 9 2
20 10 1
20 12 17
20 13 41
20 14 61
20 16 25
20 20 59
20 21 26
20 26 38
20 28 3
20 30 47
20 31 39
20 38 34
20 42 44
20 43 13
20 46 68
20 47 22
20 48 16
20 49 63
20 50 5
20 51 33
20 54 53
20 57 9
20 58 27
20 59 55
20 61 45
20 62 67
20 64 62
20 66 65
20 68 60
20 69 23
21 1 66
21 4 39
21 7 5
21 9 25
21 10 19
21 11 13
21 13 40
21 14 37
21 15 28
21 16 49
21 18 2
21 19 4
21 21 60
21 23 56
21 24 1
21 25 35
21 29 3
21 30 32
21 31 67
21 33 22
21 34 41
21 36 0
21 38 14
21 40 6
21 41 18
21 44 63
21 45 27
21 48 34
21 49 8
21 50 24
21 53 17
21 54 31
21 55 29
21 58 51
21 59 12
21 63 23
21 64 7
21 65 21
21 66 42
21 67 15
22 0 32
22 1 56
22 3 62
22 7 48
22 9 23
22 10 66
22 12 29
22 14 15
22 17 16
22 18 53
22 20 26
22 21 57
22 22 47
22 23 3
22 24 38
22 27 11
22 33 24
22 34 61
22 36 6
22 44 68
22 45 52
22 47 33
22 48 13
22 50 22
22 51 40
22 57 10
22 60 55
22 61 64
22 64 51
22 65 41
22 66 7
22 67 35
22 68 43
23 0 46
23 1 35
23 3 14
23 4 17
23 5 10
23 9 67
23 14 64
23 15 40
23 25 58
23 28 8
23 33 23
23 35 6
23 42 56
23 44 32
23 48 22
23 49 61
23 50 43
23 51 52
23 52 49
23 55 69
23 58 18
23 59 30
23 60 34
23 61 39
23 62 26
23 64 41
23 66 15
23 67 33
24 0 6
24 2 39
24 3 21
24 4 15
24 8 37
24 9 53
24 10 64
24 11 65
24 12 59
24 13 7
24 14 4
24 15 48
24 17 8
24 19 22
24 21 32
24 22 30
24 24 26
24 26 10
24 27 49
24 28 14
24 34 34
24 36 36
24 42 23
24 44 42
24 45 62
24 46 0
24 47 19
24 53 24
24 54 45
24 56 31
24 60 13
24 65 3
24 66 27
24 68 56
24 69 55
25 2 5
25 5 18
25 6 7
25 8 11
25 12 40
25 14 41
25 15 37
25 18 27
25 19 59
25 22 44
25 23 10
25 24 69
25 25 14
25 28 68
25 29 60
25 31 2
25 32 1
25 37 48
25 41 4
25 46 38
25 48 55
25 50 15
25 51 47
25 52 29
25 59 52
25 60 31
25 63 62
25 65 12
25 66 56
25 67 58
26 1 15
26 2 41
26 8 13
26 10 44
26 12 57
26 17 18
26 20 55
26 23 60
26 28 23
26 29 24
26 31 32
26 32 4
26 35 25
26 37 38
26 38 6
26 39 26
26 41 9
26 43 14
26 44 40
26 45 49
26 46 66
26 49 29
26 50 65
26 52 36
26 53 67
26 56 53
26 60 39
26 61 46
26 62 52
26 63 33
26 65 5
26 67 8
26 69 35
27 0 34
27 3 20
27 8 6
27 9 60
27 11 46
27 15 50
27 20 31
27 21 56
27 23 42
27 24 61
27 26 13
27 28 7
27 29 19
27 30 33
27 31 40
27 32 69
27 34 32
27 37 15
27 41 49
27 42 11
27 43 8
27 45 14
27 46 58
27 48 25
27 49 24
27 54 26
27 55 54
27 61 28
27 64 3
27 65 9
27 66 55
27 68 4
28 4 36
28 7 45
28 8 4
28 10 59
28 11 29
28 12 15
28 14 1
28 15 17
28 16 42
28 19 53
28 22 18
28 23 44
28 24 5
28 28 33
28 30 13
28 32 54
28 37 16
28 38 27
28 39 28
28 40 55
28 42 60
28 43 69
28 44 25
28 45 67
28 46 50
28 48 65
28 50 3
28 51 22
28 53 68
28 55 38
28 58 23
28 59 66
28 60 21
28 61 2
28 62 51
28 63 56
29 0 66
29 1 13
29 6 62
29 8 63
29 9 22
29 11 3
29 12 48
29 13 18
29 14 58
29 15 46
29 17 21
29 19 47
29 22 8
29 23 36
29 24 55
29 25 44
29 26 1
29 27 54
29 29 57
29 31 52
29 32 53
29 36 34
29 37 49
29 45 6
29 46 33
29 47 25
29 48 68
29 50 37
29 52 56
29 54 2
29 55 30
29 61 67
29 62 14
29 64 43
29 65 28
29 67 26
29 68 12
30 0 41
30 1 14
30 2 48
30 5 67
30 6 11
30 8 9
30 9 10
30 12 51
30 13 27
30 15 63
30 16 34
30 17 49
30 18 35
30 22 5
30 23 18
30 24 60
30 25 33
30 26 55
30 28 62
30 33 1
30 38 31
30 40 40
30 43 16
30 46 42
30 47 64
30 48 58
30 49 4
30 52 15
30 55 20
30 57 2
30 60 38
30 62 19
30 65 59
30 67 6
30 68 25
31 4 63
31 5 50
31 7 56
31 8 46
31 9 40
31 11 32
31 13 66
31 14 21
31 15 41
31 16 44
31 20 64
31 21 59
31 22 1
31 25 11
31 27 4
31 29 9
31 31 13
31 33 36
31 37 26
31 38 33
31 39 47
31 41 17
31 42 14
31 50 35
31 52 6
31 53 16
31 57 18
31 58 3
31 59 15
31 61 38
31 62 27
31 63 10
31 65 43
31 69 48
32 3 15
32 5 43
32 6 67
32 7 24
32 8 27
32 9 11
32 10 65
32 11 62
32 13 38
32 14 3
32 15 55
32 18 1
32 19 12
32 20 7
32 21 49
32 22 41
32 23 21
32 25 13
32 26 28
32 29 23
32 30 17
32 35 47
32 39 35
32 47 29
32 48 66
32 51 19
32 60 51
32 61 31
32 63 63
32 66 53
32 68 34
32 69 14
33 1 67
33 3 56
33 10 62
33 19 50
33 20 15
33 22 2
33 23 55
33 25 39
33 26 43
33 29 13
33 30 63
33 33 44
33 35 16
33 37 66
33 40 29
33 41 5
33 42 34
33 44 11
33 46 30
33 47 61
33 51 36
33 53 21
33 55 6
33 56 65
33 61 33
33 62 23
33 65 18
33 67 0
34 1 21
34 3 66
34 4 53
34 7 2
34 14 30
34 16 0
34 19 48
34 23 24
34 28 10
34 29 15
34 30 35
34 31 56
34 32 62
34 33 20
34 34 50
34 35 9
34 36 49
34 37 37
34 38 54
34 39 16
34 43 60
34 45 1
34 46 52
34 47 34
34 48 64
34 49 19
34 50 23
34 51 69
34 52 45
34 58 11
34 59 22
34 61 42
34 63 4
34 64 32
34 65 29
34 68 57
34 69 44
35 0 59
35 1 47
35 3 65
35 4 22
35 8 34
35 11 15
35 13 8
35 18 60
35 20 11
35 23 25
35 24 50
35 26 49
35 27 45
35 30 48
35 31 12
35 32 14
35 33 32
35 34 42
35 42 5
35 44 57
35 45 18
35 47 36
35 49 62
35 51 58
35 52 9
35 56 23
35 58 41
35 60 33
35 62 63
35 64 4
35 67 29
36 0 45
36 1 62
36 3 3
36 5 38
36 10 34
36 11 4
36 12 23
36 13 30
36 14 46
36 15 12
36 17 13
36 20 0
36 22 16
36 31 29
36 32 68
36 34 39
36 35 69
36 36 33
36 37 20
36 38 10
36 39 55
36 40 14
36 44 6
36 47 49
36 49 36
36 50 59
36 51 37
36 52 60
36 58 56
36 59 48
36 65 22
36 67 18
37 2 22
37 3 42
37 7 13
37 8 5
37 11 14
37 12 2
37 14 43
37 21 46
37 22 6
37 23 63
37 25 29
37 32 32
37 34 31
37 35 44
37 38 28
37 39 8
37 40 61
37 44 45
37 50 48
37 56 35
37 58 15
37 60 20
37 62 59
37 64 23
37 66 26
37 67 66
38 1 59
38 2 64
38 3 32
38 4 19
38 5 30
38 6 3
38 7 60
38 8 54
38 10 9
38 11 18
38 15 23
38 19 21
38 20 67
38 22 50
38 23 5
38 24 25
38 25 49
38 26 17
38 30 36
38 31 45
38 33 61
38 34 24
38 40 38
38 43 55
38 44 58
38 45 26
38 46 41
38 48 53
38 49 48
38 52 69
38 53 63
38 54 56
38 55 12
38 56 46
38 58 2
38 59 65
38 61 1
38 62 34
38 64 29
38 68 22
39 0 62
39 2 23
39 7 44
39 9 54
39 13 17
39 15 29
39 17 43
39 19 10
39 20 14
39 22 52
39 26 3
39 27 65
39 29 11
39 32 31
39 34 5
39 38 60
39 41 8
39 43 34
39 44 2
39 46 15
39 50 39
39 55 37
39 58 45
39 61 30
39 63 51
39 64 20
39 65 56
39 66 49
39 67 16
39 68 28
40 0 23
40 1 6
40 2 9
40 3 69
40 5 28
40 10 52
40 14 13
40 17 57
40 18 3
40 19 30
40 21 68
40 24 22
40 25 10
40 27 1
40 28 64
40 29 48
40 35 21
40 36 39
40 38 63
40 40 35
40 41 15
40 42 62
40 44 18
40 45 66
40 46 26
40 47 59
40 48 61
40 49 41
40 53 12
40 54 42
40 55 50
40 56 5
40 58 8
40 59 4
40 60 32
40 61 19
40 63 14
40 64 47
40 66 38
40 68 46
40 69 53
41 1 10
41 3 44
41 4 48
41 5 55
41 7 8
41 9 18
41 12 61
41 14 25
41 17 12
41 19 60
41 20 30
41 22 51
41 23 64
41 24 49
41 25 50
41 26 2
41 27 57
41 32 0
41 35 4
41 37 9
41 39 21
41 41 28
41 45 11
41 47 20
41 48 6
41 53 62
41 56 7
41 58 13
41 62 32
41 65 58
41 66 34
41 67 24
41 68 47
42 1 19
42 3 2
42 4 33
42 5 14
42 10 6
42 12 39
42 13 54
42 15 43
42 18 18
42 20 27
42 22 68
42 24 56
42 25 9
42 26 8
42 28 4
42 29 51
42 30 41
42 31 65
42 32 13
42 35 49
42 36 25
42 38 15
42 39 67
42 40 59
42 41 55
42 42 3
42 44 64
42 45 50
42 48 20
42 53 42
42 58 37
42 59 24
42 62 57
42 63 44
42 64 22
42 66 17
42 69 61
43 0 54
43 3 1
43 4 16
43 5 58
43 6 69
43 8 17
43 10 22
43 14 56
43 16 41
43 17 40
43 18 9
43 19 28
43 22 38
43 26 39
43 28 32
43 30 4
43 33 60
43 35 34
43 38 53
43 40 27
43 41 30
43 42 67
43 49 26
43 50 31
43 51 13
43 53 47
43 54 52
43 56 64
43 57 29
43 58 14
43 60 25
43 62 11
43 63 35
43 64 55
43 65 33
43 66 46
43 68 62
44 0 36
44 2 12
44 3 68
44 4 23
44 5 60
44 6 31
44 7 61
44 10 32
44 11 54
44 12 37
44 13 5
44 14 51
44 15 56
44 17 53
44 18 47
44 22 17
44 23 65
44 24 41
44 27 39
44 28 63
44 29 30
44 30 43
44 34 69
44 36 2
44 37 1
44 39 29
44 42 66
44 44 46
44 45 35
44 46 21
44 51 4
44 53 14
44 57 33
44 59 3
44 60 8
44 63 9
44 64 26
44 65 49
45 3 45
45 5 65
45 6 15
45 7 20
45 9 16
45 12 0
45 14 27
45 15 39
45 16 53
45 17 35
45 18 44
45 21 5
45 24 63
45 25 56
45 32 42
45 37 69
45 38 30
45 40 7
45 41 43
45 42 41
45 43 61
45 44 60
45 45 36
45 48 29
45 49 55
45 51 26
45 52 8
45 59 11
45 66 23
45 69 59
46 2 18
46 6 49
46 9 0
46 10 37
46 12 44
46 13 28
46 14 24
46 15 64
46 16 46
46 17 1
46 18 8
46 21 43
46 23 12
46 24 54
46 27 13
46 28 11
46 29 6
46 33 53
46 34 30
46 37 31
46 40 10
46 41 60
46 42 7
46 43 3
46 47 63
46 48 45
46 49 9
46 50 68
46 52 32
46 53 56
46 54 65
46 55 25
46 58 35
46 60 19
46 62 36
46 63 40
46 68 17
46 69 22
47 8 67
47 9 5
47 10 20
47 16 64
47 17 69
47 21 37
47 22 14
47 24 10
47 28 16
47 29 25
47 31 30
47 35 61
47 36 8
47 37 6
47 38 21
47 39 49
47 42 12
47 46 59
47 47 47
47 48 33
47 51 23
47 52 63
47 53 57
47 55 24
47 60 18
47 63 68
47 64 28
47 67 31
47 68 51
47 69 27
48 2 67
48 5 31
48 6 2
48 8 60
48 9 34
48 12 33
48 13 56
48 14 49
48 18 26
48 22 55
48 23 6
48 24 14
48 25 21
48 34 25
48 35 53
48 39 38
48 43 66
48 45 41
48 46 64
48 47 7
48 49 13
48 52 19
48 54 54
48 55 46
48 57 12
48 58 1
48 60 57
48 61 35
48 62 16
48 63 47
48 64 68
48 65 15
48 66 30
48 68 42
48 69 51
49 1 29
49 2 25
49 9 19
49 11 50
49 12 18
49 18 61
49 20 8
49 21 21
49 26 66
49 27 5
49 28 24
49 29 36
49 30 22
49 32 67
49 34 52
49 37 34
49 38 48
49 40 1
49 46 20
49 47 27
49 49 45
49 55 9
49 59 26
49 62 42
49 63 7
49 66 57
49 67 41
50 0 43
50 1 26
50 2 44
50 8 28
50 9 51
50 10 40
50 13 19
50 14 18
50 18 16
50 19 57
50 20 69
50 24 8
50 26 33
50 30 11
50 33 25
50 35 62
50 37 45
50 41 34
50 42 64
50 46 22
50 47 1
50 48 59
50 49 15
50 52 4
50 54 63
50 55 65
50 56 55
50 57 61
50 59 42
50 61 12
50 62 29
50 64 53
50 67 23
50 68 32
51 0 35
51 1 25
51 2 13
51 9 68
51 10 41
51 12 26
51 13 53
51 14 20
51 17 50
51 18 5
51 19 54
51 21 12
51 22 65
51 25 0
51 26 31
51 28 30
51 29 56
51 32 49
51 33 64
51 35 38
51 36 44
51 37 42
51 38 47
51 39 2
51 43 45
51 44 27
51 45 29
51 46 3
51 47 58
51 48 4
51 49 69
51 50 55
51 51 21
51 53 11
51 54 33
51 56 6
51 58 28
51 59 60
51 60 15
51 62 7
51 64 61
51 67 36
52 0 61
52 1 64
52 3 57
52 5 25
52 6 53
52 7 38
52 10 17
52 11 6
52 14 40
52 15 58
52 16 36
52 17 28
52 19 67
52 22 0
52 24 51
52 29 50
52 31 42
52 32 26
52 33 9
52 35 60
52 36 48
52 37 35
52 41 62
52 42 49
52 43 32
52 45 45
52 47 66
52 49 1
52 51 18
52 52 44
52 54 11
52 57 31
52 60 22
52 61 20
52 64 65
52 65 68
52 66 33
53 0 63
53 1 22
53 2 6
53 4 50
53 6 48
53 11 1
53 14 68
53 15 25
53 16 35
53 20 9
53 21 41
53 22 61
53 23 11
53 24 52
53 25 17
53 27 21
53 28 38
53 29 43
53 31 10
53 32 16
53 34 26
53 35 56
53 36 3
53 40 32
53 44 51
53 45 60
53 49 31
53 54 64
53 56 45
53 57 37
53 59 28
53 60 2
53 62 13
53 64 27
53 66 19
53 67 59
54 1 53
54 2 43
54 3 19
54 4 20
54 5 0
54 8 45
54 10 47
54 11 69
54 17 66
54 18 21
54 21 2
54 22 3
54 23 8
54 24 11
54 31 38
54 33 65
54 35 18
54 37 55
54 40 41
54 41 37
54 43 10
54 45 33
54 46 35
54 47 17
54 48 57
54 49 6
54 53 40
54 54 49
54 56 16
54 65 42
54 66 25
55 2 69
55 4 29
55 10 28
55 12 6
55 13 13
55 15 10
55 16 12
55 19 8
55 20 32
55 22 4
55 23 59
55 24 2
55 25 46
55 26 26
55 27 47
55 32 30
55 34 38
55 35 68
55 37 36
55 38 56
55 39 58
55 40 24
55 41 53
55 42 63
55 44 33
55 45 22
55 47 57
55 48 62
55 50 51
55 52 67
55 55 41
55 62 3
55 63 50
55 64 40
55 65 20
55 66 0
55 67 37
55 68 44
56 1 52
56 4 18
56 6 51
56 8 0
56 10 45
56 12 66
56 16 54
56 19 46
56 20 24
56 21 3
56 22 19
56 23 30
56 24 32
56 26 27
56 28 42
56 29 65
56 30 62
56 32 43
56 34 23
56 36 55
56 37 47
56 38 4
56 39 1
56 43 59
56 45 2
56 46 61
56 47 16
56 48 10
56 50 60
56 51 6
56 53 53
56 54 12
56 57 15
56 58 40
56 60 9
56 61 25
56 64 11
56 69 56
57 0 28
57 3 18
57 9 44
57 10 2
57 11 9
57 12 34
57 13 69
57 15 20
57 16 43
57 17 61
57 18 49
57 26 30
57 27 46
57 28 59
57 30 42
57 31 22
57 32 58
57 33 38
57 34 64
57 35 63
57 36 41
57 37 11
57 40 66
57 42 47
57 43 68
57 50 21
57 51 12
57 52 14
57 53 51
57 54 1
57 55 23
57 61 56
57 66 10
57 69 5
58 1 41
58 5 42
58 6 18
58 11 2
58 14 50
58 16 38
58 19 33
58 20 58
58 21 29
58 23 17
58 24 35
58 27 32
58 28 0
58 29 22
58 30 49
58 31 23
58 32 63
58 34 11
58 38 19
58 39 30
58 41 25
58 42 8
58 45 69
58 46 5
58 47 52
58 50 45
58 51 3
58 52 24
58 55 56
58 56 59
58 57 21
58 59 36
58 60 65
58 65 13
58 68 1
59 1 4
59 5 1
59 7 52
59 11 40
59 12 63
59 13 16
59 14 29
59 18 42
59 25 48
59 26 45
59 27 51
59 29 8
59 30 12
59 31 60
59 32 37
59 33 43
59 34 28
59 36 38
59 42 10
59 43 44
59 45 15
59 47 23
59 48 0
59 49 65
59 51 5
59 53 58
59 54 39
59 55 33
59 57 55
59 59 57
59 61 50
59 62 9
59 66 36
59 67 62
59 69 20
60 0 55
60 3 49
60 5 26
60 7 46
60 8 47
60 9 63
60 11 7
60 12 56
60 13 48
60 14 38
60 15 15
60 16 4
60 17 5
60 18 64
60 19 9
60 20 20
60 21 62
60 23 34
60 25 51
60 26 29
60 27 0
60 29 37
60 30 21
60 31 68
60 32 57
60 33 19
60 34 58
60 41 27
60 43 65
60 44 16
60 46 8
60 49 32
60 50 42
60 51 44
60 53 22
60 57 23
60 58 67
60 60 1
60 62 24
60 65 52
60 67 13
60 68 45
61 1 37
61 6 61
61 7 26
61 11 42
61 12 8
61 15 59
61 19 65
61 20 10
61 21 11
61 22 39
61 24 44
61 28 12
61 29 41
61 32 3
61 34 33
61 36 46
61 38 69
61 39 43
61 40 54
61 41 56
61 43 27
61 44 5
61 45 47
61 46 57
61 47 53
61 51 66
61 56 19
61 57 25
61 58 7
61 59 64
61 63 1
61 64 63
61 65 51
61 67 38
61 69 62
62 0 17
62 1 5
62 3 24
62 4 41
62 5 19
62 6 59
62 7 15
62 9 64
62 11 60
62 12 10
62 13 43
62 15 33
62 16 39
62 17 31
62 18 22
62 19 27
62 20 61
62 21 30
62 23 67
62 27 55
62 32 6
62 35 51
62 36 58
62 37 29
62 39 40
62 41 57
62 43 0
62 46 48
62 54 28
62 55 3
62 56 37
62 58 46
62 60 11
62 62 68
62 64 44
62 65 7
63 0 68
63 5 34
63 10 36
63 12 25
63 13 52
63 14 59
63 15 3
63 16 51
63 17 11
63 19 14
63 21 35
63 22 15
63 24 66
63 25 30
63 26 69
63 28 26
63 29 53
63 30 65
63 36 21
63 37 33
63 38 9
63 41 41
63 42 17
63 43 42
63 44 8
63 46 1
63 50 54
63 53 7
63 54 5
63 59 67
63 60 64
63 61 58
63 62 0
63 67 47
63 69 39
64 1 0
64 2 46
64 4 32
64 6 12
64 8 29
64 9 15
64 10 13
64 13 39
64 14 45
64 16 67
64 18 11
64 19 20
64 21 17
64 22 63
64 23 62
64 24 18
64 25 8
64 26 6
64 28 36
64 31 14
64 32 10
64 34 54
64 35 52
64 38 16
64 44 65
64 47 21
64 48 48
64 49 68
64 51 59
64 54 41
64 58 44
64 59 27
64 61 60
64 63 37
64 65 69
64 66 3
64 67 50
64 68 55
65 0 19
65 2 24
65 4 26
65 5 49
65 8 55
65 10 53
65 13 22
65 15 6
65 18 43
65 24 21
65 28 67
65 30 30
65 32 56
65 33 51
65 39 52
65 40 47
65 41 20
65 44 37
65 45 28
65 46 17
65 47 8
65 48 69
65 51 7
65 54 14
65 55 40
65 56 32
65 58 54
65 61 5
65 63 60
65 66 29
65 67 12
65 68 39
66 1 45
66 5 62
66 6 64
66 7 49
66 8 14
66 10 51
66 11 34
66 12 35
66 14 31
66 16 37
66 17 4
66 19 26
66 20 1
66 21 50
66 25 47
66 26 22
66 27 29
66 28 6
66 29 10
66 34 63
66 37 3
66 38 32
66 39 65
66 40 69
66 43 12
66 44 44
66 46 19
66 52 59
66 54 25
66 56 30
66 60 28
66 62 66
66 67 60
66 68 36
67 0 8
67 1 33
67 5 40
67 6 21
67 9 7
67 10 63
67 11 52
67 13 35
67 14 14
67 15 47
67 17 67
67 18 23
67 19 41
67 21 18
67 25 62
67 30 28
67 31 44
67 32 48
67 38 20
67 42 16
67 44 49
67 46 56
67 48 9
67 50 19
67 56 24
67 59 34
67 61 6
67 67 1
67 68 27
67 69 4
68 0 27
68 1 31
68 2 15
68 4 5
68 6 28
68 10 21
68 11 16
68 18 55
68 21 64
68 22 10
68 25 59
68 27 26
68 30 6
68 31 50
68 33 34
68 34 19
68 35 11
68 43 63
68 47 51
68 49 67
68 51 24
68 53 25
68 55 8
68 56 29
68 57 22
68 61 18
68 62 35
68 65 30
68 67 39
68 68 0
69 2 51
69 4 4
69 7 41
69 11 67
69 12 60
69 13 2
69 18 58
69 20 37
69 21 20
69 22 27
69 25 25
69 26 32
69 27 69
69 28 66
69 30 44
69 31 61
69 33 48
69 35 19
69 38 52
69 41 1
69 45 10
69 46 31
69 49 35
69 53 55
69 56 54
69 58 34
69 59 47
69 61 23
69 63 30
69 65 53
69 69 45
