60
0 0 50
0 1 52
0 5 49
0 7 22
0 8 10
0 9 34
0 11 40
0 14 11
0 19 4
0 21 0
0 22 23
0 28 1
0 29 15
0 32 7
0 33 21
0 37 20
0 39 25
0 44 27
0 46 24
0 47 46
0 49 26
0 50 42
0 51 32
0 52 9
0 53 51
0 54 55
1 9 45
1 12 0
1 14 1
1 15 54
1 21 56
1 24 10
1 28 53
1 32 49
1 37 19
1 38 23
1 39 57
1 40 8
1 44 22
1 46 26
1 51 28
1 54 33
1 55 44
2 3 22
2 9 2
2 14 53
2 17 36
2 19 12
2 23 46
2 24 34
2 27 43
2 29 13
2 30 10
2 31 20
2 33 58
2 35 19
2 36 4
2 37 21
2 40 48
2 42 3
2 45 42
2 46 17
2 52 32
2 53 16
2 55 7
2 58 0
3 0 57
3 4 2
3 6 58
3 9 42
3 11 21
3 13 12
3 16 39
3 18 6
3 19 28
3 23 38
3 26 14
3 28 54
3 30 18
3 32 26
3 33 4
3 34 33
3 36 9
3 41 23
3 42 7
3 44 15
3 47 30
3 48 52
3 49 35
3 51 24
3 53 13
3 54 19
4 0 36
4 1 31
4 2 29
4 5 14
4 8 41
4 9 43
4 13 9
4 14 23
4 20 48
4 32 27
4 35 1
4 40 6
4 42 0
4 47 33
4 56 58
4 59 57
5 2 21
5 3 52
5 4 28
5 8 35
5 14 42
5 15 13
5 23 49
5 25 33
5 30 27
5 37 6
5 38 34
5 39 12
5 42 57
5 44 39
5 45 17
5 49 18
5 53 40
5 55 41
5 56 9
5 57 37
6 0 0
6 16 32
6 23 47
6 25 21
6 28 6
6 32 23
6 34 56
6 38 18
6 50 57
6 51 12
6 59 22
7 0 37
7 2 9
7 8 3
7 9 46
7 18 1
7 26 11
7 32 55
7 36 45
7 47 34
7 48 53
7 53 41
7 54 23
7 55 30
8 0 46
8 7 5
8 9 8
8 11 39
8 12 29
8 13 11
8 15 12
8 17 32
8 20 7
8 24 28
8 27 10
8 29 48
8 37 42
8 39 27
8 42 34
8 43 38
8 45 30
8 49 47
8 52 25
8 55 58
8 59 4
9 0 34
9 2 17
9 4 29
9 7 48
9 9 16
9 10 46
9 18 4
9 28 30
9 29 40
9 30 21
9 31 18
9 33 26
9 34 50
9 36 37
9 39 41
9 43 35
9 44 20
9 47 25
9 48 42
9 50 59
9 53 3
9 57 10
9 59 11
10 0 56
10 1 20
10 9 33
10 14 18
10 17 29
10 19 14
10 23 26
10 27 50
10 31 12
10 37 5
10 42 55
10 43 7
10 50 13
10 53 36
11 3 58
11 4 33
11 8 20
11 9 22
11 12 9
11 22 12
11 24 55
11 25 50
11 26 31
11 28 40
11 29 0
11 30 36
11 31 27
11 36 57
11 40 24
11 41 32
11 42 29
11 47 21
11 50 41
11 51 51
11 53 56
11 56 7
12 0 26
12 1 21
12 5 15
12 7 44
12 9 51
12 10 20
12 11 45
12 16 4
12 17 28
12 19 33
12 22 25
12 23 7
12 27 19
12 28 0
12 31 57
12 32 17
12 33 42
12 42 23
12 43 3
12 45 37
12 46 31
12 52 27
12 57 32
12 58 16
13 3 9
13 5 31
13 6 30
13 11 6
13 14 49
13 19 10
13 22 21
13 26 34
13 31 41
13 33 11
13 34 23
13 37 25
13 40 19
13 46 5
13 48 16
13 53 54
13 55 12
13 56 4
13 57 51
13 58 26
14 0 33
14 1 39
14 13 46
14 14 59
14 18 25
14 23 18
14 27 52
14 30 23
14 32 2
14 42 50
14 44 12
14 45 26
14 51 57
14 54 48
14 59 31
15 1 41
15 9 32
15 18 19
15 23 21
15 25 15
15 29 38
15 36 51
15 37 39
15 40 30
15 48 25
15 58 6
16 2 24
16 4 9
16 5 23
16 9 6
16 10 30
16 12 16
16 19 15
16 23 4
16 24 29
16 25 49
16 30 0
16 31 3
16 40 13
16 48 46
16 49 14
16 51 50
16 55 8
16 57 44
17 3 16
17 4 30
17 9 59
17 10 33
17 12 14
17 18 29
17 19 13
17 24 48
17 26 45
17 33 49
17 34 31
17 35 12
17 38 1
17 45 5
17 46 18
17 49 19
17 50 35
17 52 24
17 53 46
17 54 34
17 55 27
17 56 11
18 1 29
18 4 10
18 8 25
18 11 46
18 16 5
18 20 0
18 26 24
18 29 36
18 31 55
18 32 41
18 35 30
18 37 50
18 41 45
18 42 16
18 45 52
18 54 57
18 58 8
19 2 26
19 3 55
19 6 2
19 9 50
19 11 27
19 14 3
19 16 51
19 20 18
19 22 28
19 25 23
19 27 49
19 37 56
19 43 6
19 45 0
19 47 17
19 51 7
19 52 36
19 59 30
20 10 3
20 14 27
20 17 21
20 19 49
20 20 11
20 23 39
20 24 42
20 25 46
20 34 26
20 36 33
20 44 10
20 46 15
20 49 25
20 54 4
21 0 58
21 1 42
21 17 59
21 19 41
21 20 22
21 23 8
21 25 2
21 28 33
21 29 25
21 33 5
21 35 13
21 39 18
21 40 28
21 41 47
21 42 14
21 44 1
21 46 12
21 48 10
21 49 32
21 54 26
21 57 24
22 11 29
22 17 38
22 20 37
22 23 33
22 26 40
22 30 14
22 36 26
22 39 53
22 42 1
22 45 8
22 47 24
22 48 0
22 50 5
22 56 50
23 3 54
23 4 42
23 8 7
23 11 35
23 23 22
23 25 48
23 26 9
23 31 50
23 32 51
23 33 59
23 34 29
23 36 14
23 43 37
23 44 17
23 47 18
23 48 39
23 50 58
23 51 11
23 52 41
23 53 44
23 58 12
24 1 15
24 5 48
24 6 5
24 10 0
24 11 8
24 12 50
24 19 42
24 20 6
24 27 23
24 34 59
24 38 4
24 48 1
24 49 10
24 55 26
25 1 10
25 12 13
25 13 1
25 16 30
25 18 48
25 26 44
25 30 59
25 32 24
25 36 36
25 38 49
25 39 0
25 40 2
25 41 6
25 42 53
25 48 35
25 49 27
25 51 23
25 53 18
25 54 28
25 55 31
25 59 58
26 3 20
26 7 12
26 9 0
26 10 26
26 17 5
26 20 25
26 29 44
26 32 37
26 35 17
26 37 11
26 39 1
26 41 39
26 43 32
26 54 2
26 56 33
27 1 18
27 2 15
27 5 59
27 11 42
27 16 55
27 21 2
27 26 35
27 27 36
27 28 49
27 29 51
27 31 47
27 38 40
27 40 7
27 41 26
27 47 56
27 49 48
27 53 5
28 0 22
28 1 14
28 5 36
28 6 4
28 15 57
28 16 11
28 19 43
28 24 49
28 33 54
28 35 28
28 37 32
28 39 2
28 41 24
28 42 51
28 46 20
28 50 6
28 51 5
28 54 3
28 57 17
29 1 57
29 2 22
29 14 48
29 16 41
29 17 50
29 20 59
29 22 20
29 23 36
29 29 39
29 34 9
29 35 0
29 38 33
29 39 52
29 44 55
29 45 31
29 53 29
29 54 46
29 56 44
30 0 9
30 3 21
30 4 38
30 9 40
30 11 26
30 18 39
30 19 25
30 35 45
30 37 57
30 39 35
30 40 16
30 44 59
30 46 30
30 49 51
30 56 3
30 59 28
31 4 51
31 7 32
31 16 2
31 17 35
31 20 5
31 23 3
31 26 17
31 27 57
31 31 4
31 33 28
31 37 55
31 43 8
31 51 22
31 54 50
31 55 20
31 59 18
32 0 25
32 1 47
32 3 45
32 17 37
32 19 2
32 23 41
32 24 32
32 28 55
32 29 58
32 33 20
32 39 9
32 42 59
32 43 19
32 44 21
32 45 18
32 47 16
32 51 34
32 58 35
33 0 27
33 1 4
33 2 33
33 4 26
33 5 3
33 7 50
33 11 32
33 18 21
33 19 17
33 23 31
33 26 0
33 28 39
33 30 49
33 33 37
33 34 22
33 36 8
33 40 10
33 41 16
33 46 45
33 47 12
33 51 42
33 53 38
34 3 10
34 4 50
34 8 56
34 9 35
34 12 12
34 13 43
34 14 55
34 18 9
34 19 22
34 22 57
34 23 28
34 32 3
34 33 34
34 34 24
34 41 8
34 44 31
34 45 54
34 46 53
34 49 20
34 53 49
34 55 32
34 59 39
35 1 8
35 2 0
35 3 44
35 4 18
35 6 40
35 10 48
35 15 2
35 17 42
35 18 26
35 23 52
35 24 59
35 35 22
35 39 29
35 45 3
35 47 14
35 48 21
35 57 7
36 0 19
36 1 3
36 2 41
36 4 56
36 6 31
36 10 7
36 12 1
36 15 44
36 22 53
36 25 26
36 34 46
36 35 35
36 42 37
36 43 20
36 47 11
36 48 28
36 53 33
36 54 14
36 55 45
36 56 21
36 57 23
37 1 24
37 2 43
37 3 0
37 10 6
37 11 53
37 12 59
37 13 31
37 15 52
37 18 17
37 20 28
37 22 47
37 23 11
37 24 26
37 25 18
37 26 55
37 28 34
37 30 1
37 32 12
37 33 33
37 34 10
37 38 39
37 40 36
37 47 38
37 48 49
37 49 56
37 57 16
38 3 18
38 5 32
38 14 9
38 17 1
38 19 8
38 21 44
38 22 45
38 27 6
38 28 10
38 35 42
38 38 31
38 42 39
38 43 41
38 46 38
38 47 3
38 49 40
38 50 55
39 1 0
39 2 59
39 6 48
39 8 2
39 9 37
39 11 25
39 12 30
39 18 32
39 20 3
39 25 22
39 27 47
39 31 11
39 34 52
39 35 38
39 36 44
39 39 26
39 43 57
39 44 36
39 50 9
39 52 43
39 53 15
39 58 23
39 59 16
40 1 35
40 2 10
40 3 2
40 8 38
40 11 1
40 19 11
40 20 34
40 24 51
40 28 59
40 30 40
40 33 13
40 35 52
40 43 27
40 48 58
40 54 9
40 55 33
40 56 19
40 57 25
41 2 31
41 8 47
41 10 2
41 16 57
41 17 24
41 18 12
41 19 44
41 25 25
41 29 35
41 32 36
41 38 5
41 42 20
41 44 33
41 45 34
41 46 10
41 53 19
41 55 3
41 57 28
41 59 53
42 4 12
42 6 27
42 12 58
42 13 47
42 20 57
42 26 51
42 28 7
42 31 38
42 32 52
42 36 15
42 39 16
42 43 42
42 46 3
42 47 10
42 48 8
43 3 41
43 9 9
43 11 28
43 14 20
43 16 54
43 24 8
43 26 27
43 31 37
43 38 44
43 39 7
43 40 4
43 41 35
43 43 1
43 54 13
43 55 52
43 56 46
43 58 39
44 7 55
44 9 47
44 16 24
44 19 5
44 23 16
44 25 11
44 30 57
44 31 8
44 34 48
44 36 40
44 54 15
45 0 23
45 5 33
45 6 53
45 8 50
45 9 31
45 10 58
45 11 52
45 22 11
45 29 12
45 30 6
45 32 59
45 33 40
45 35 55
45 39 42
45 41 38
45 48 43
45 49 2
45 52 37
45 54 24
45 55 28
45 56 57
46 4 57
46 8 15
46 10 24
46 13 28
46 16 8
46 21 37
46 27 54
46 28 56
46 31 0
46 32 29
46 33 48
46 34 39
46 36 1
46 39 50
46 46 58
46 48 31
46 50 7
46 58 33
46 59 51
47 0 51
47 2 11
47 7 42
47 10 5
47 11 20
47 21 28
47 22 58
47 23 1
47 24 25
47 26 6
47 31 48
47 33 45
47 35 54
47 40 18
47 41 15
47 45 56
47 48 19
47 57 40
48 9 26
48 10 17
48 15 0
48 17 20
48 19 34
48 22 27
48 27 28
48 32 8
48 33 36
48 38 3
48 40 31
48 50 47
48 52 51
48 58 9
48 59 44
49 1 32
49 3 17
49 6 26
49 8 23
49 11 33
49 12 3
49 15 37
49 20 49
49 23 55
49 25 44
49 29 22
49 32 31
49 33 12
49 37 15
49 38 46
49 48 36
49 50 8
49 54 6
49 55 21
49 59 50
50 1 43
50 8 9
50 26 22
50 32 38
50 33 24
50 42 26
50 43 13
50 49 58
50 58 54
50 59 55
51 3 35
51 5 10
51 6 57
51 9 15
51 12 26
51 15 24
51 22 19
51 24 16
51 28 29
51 30 50
51 31 49
51 34 25
51 35 47
51 41 59
51 43 46
51 58 55
52 5 20
52 7 6
52 9 38
52 14 14
52 15 42
52 16 26
52 17 49
52 18 35
52 20 36
52 22 18
52 29 2
52 44 41
52 47 58
52 57 59
52 58 56
53 12 34
53 13 26
53 14 37
53 21 1
53 25 27
53 30 48
53 36 6
53 41 19
53 42 41
53 43 51
53 46 11
53 50 49
54 4 53
54 7 34
54 10 18
54 12 4
54 13 15
54 16 10
54 18 50
54 27 40
54 33 1
54 36 56
54 37 17
54 39 6
54 45 32
54 46 37
54 49 38
54 55 23
55 0 11
55 1 54
55 7 53
55 12 22
55 15 10
55 16 40
55 17 27
55 18 36
55 20 20
55 21 4
55 23 48
55 24 44
55 32 46
55 35 25
55 36 42
55 39 34
55 40 35
55 43 0
55 45 33
55 47 49
55 48 23
55 50 26
55 52 14
55 55 57
55 56 52
55 57 50
55 58 17
56 2 40
56 16 12
56 23 20
56 27 4
56 29 56
56 30 55
56 34 28
56 36 23
56 37 43
56 42 8
56 46 9
56 47 53
56 51 13
56 52 29
56 53 7
57 5 51
57 12 38
57 14 29
57 15 35
57 17 25
57 19 19
57 25 37
57 28 50
57 32 44
57 39 43
57 45 1
57 47 6
57 53 11
57 55 14
57 57 53
57 58 30
57 59 56
58 0 45
58 1 48
58 7 17
58 9 54
58 24 7
58 28 36
58 33 47
58 35 9
58 44 56
58 48 22
58 56 25
58 58 4
59 1 51
59 3 59
59 5 1
59 6 20
59 9 56
59 17 13
59 18 43
59 25 54
59 27 21
59 29 24
59 31 19
59 35 44
59 42 4
59 43 26
59 44 3
59 46 25
59 49 34
59 56 38
