60
0 3 22
0 4 16
0 5 9
0 6 5
0 7 49
0 8 52
0 9 53
0 10 39
0 11 11
0 16 36
0 18 54
0 19 3
0 22 24
0 23 50
0 24 27
0 25 51
0 27 41
0 29 48
0 32 7
0 33 26
0 35 43
0 38 12
0 39 14
0 43 28
0 44 40
0 47 35
0 54 17
0 55 37
0 57 55
0 58 31
0 59 38
1 0 22
1 2 41
1 3 38
1 4 3
1 5 35
1 6 57
1 8 23
1 11 25
1 13 17
1 14 7
1 15 48
1 21 16
1 23 44
1 25 26
1 26 19
1 29 54
1 30 0
1 31 30
1 32 29
1 33 12
1 34 24
1 35 37
1 36 10
1 41 31
1 43 11
1 44 39
1 45 20
1 46 46
1 47 49
1 48 55
1 52 51
1 53 40
1 54 59
1 56 28
1 58 43
1 59 58
2 1 44
2 2 48
2 3 45
2 5 33
2 6 39
2 8 5
2 10 8
2 17 47
2 18 42
2 19 13
2 20 54
2 24 16
2 25 50
2 26 26
2 27 30
2 28 43
2 30 21
2 31 27
2 32 40
2 33 36
2 35 56
2 36 7
2 37 28
2 38 25
2 40 53
2 42 38
2 43 59
2 45 6
2 48 4
2 50 37
2 51 23
2 52 58
2 54 46
2 55 11
2 56 49
3 1 29
3 3 49
3 5 48
3 6 13
3 8 39
3 9 33
3 12 14
3 14 16
3 18 36
3 19 11
3 20 3
3 22 45
3 24 35
3 26 2
3 28 1
3 29 26
3 32 12
3 33 58
3 35 21
3 37 46
3 41 15
3 43 7
3 45 4
3 46 24
3 47 0
3 49 40
3 50 54
3 51 44
3 52 9
3 54 18
3 55 22
3 58 34
4 0 35
4 1 37
4 2 43
4 3 4
4 6 24
4 9 32
4 10 28
4 11 23
4 16 56
4 17 25
4 18 0
4 20 51
4 21 49
4 23 47
4 24 50
4 26 7
4 28 46
4 31 17
4 37 2
4 39 16
4 41 21
4 47 1
4 48 41
4 49 58
4 52 6
4 53 5
4 55 20
4 57 38
4 58 10
5 1 24
5 3 55
5 4 22
5 5 19
5 6 2
5 10 16
5 13 25
5 15 0
5 19 40
5 20 58
5 21 36
5 26 4
5 27 59
5 28 27
5 30 44
5 32 30
5 33 48
5 34 11
5 35 8
5 37 9
5 38 26
5 41 51
5 42 14
5 45 38
5 46 54
5 47 45
5 48 46
5 49 49
5 50 35
5 51 29
5 53 15
6 1 39
6 2 16
6 4 30
6 7 18
6 10 3
6 11 29
6 13 38
6 14 15
6 15 59
6 16 44
6 17 37
6 20 55
6 21 1
6 22 4
6 25 31
6 28 33
6 30 45
6 33 5
6 35 11
6 37 42
6 45 12
6 48 17
6 49 26
6 52 14
6 53 51
6 57 27
6 58 20
6 59 19
7 1 50
7 5 26
7 6 54
7 7 52
7 9 44
7 10 41
7 11 46
7 15 28
7 16 5
7 17 11
7 18 27
7 19 37
7 20 49
7 21 45
7 27 33
7 28 34
7 29 39
7 31 25
7 33 32
7 34 20
7 35 4
7 36 14
7 38 19
7 43 36
7 46 21
7 47 58
7 49 13
7 50 22
7 51 7
7 58 55
7 59 18
8 0 3
8 3 32
8 4 42
8 6 25
8 7 30
8 8 27
8 9 29
8 10 13
8 13 23
8 15 22
8 17 17
8 18 19
8 19 21
8 21 54
8 22 8
8 23 39
8 25 4
8 26 1
8 29 37
8 31 50
8 34 7
8 36 52
8 38 49
8 43 56
8 44 0
8 45 36
8 46 40
8 49 48
8 53 18
8 56 10
8 57 2
8 58 5
9 0 36
9 1 7
9 2 24
9 4 5
9 5 45
9 6 41
9 8 15
9 10 21
9 11 43
9 12 19
9 13 26
9 14 46
9 15 9
9 16 59
9 17 39
9 18 6
9 19 12
9 21 3
9 22 38
9 26 27
9 27 32
9 30 51
9 31 8
9 34 22
9 37 10
9 39 49
9 40 48
9 41 35
9 43 17
9 49 55
9 50 25
9 55 28
9 57 11
9 58 0
10 0 59
10 2 51
10 3 5
10 4 23
10 5 13
10 6 32
10 8 50
10 11 58
10 13 53
10 16 3
10 17 52
10 18 8
10 22 7
10 23 25
10 26 56
10 31 49
10 34 38
10 38 55
10 39 44
10 40 12
10 44 43
10 46 18
10 49 0
10 54 20
10 55 14
10 57 4
10 58 28
11 4 4
11 9 42
11 11 12
11 13 41
11 14 28
11 16 49
11 21 57
11 28 26
11 29 32
11 31 15
11 33 8
11 35 38
11 36 9
11 37 53
11 39 46
11 41 40
11 44 23
11 48 48
11 52 17
11 53 54
11 58 24
12 0 39
12 1 3
12 2 23
12 5 25
12 6 36
12 11 26
12 12 48
12 13 55
12 14 58
12 16 1
12 17 50
12 19 18
12 20 46
12 21 31
12 23 40
12 25 29
12 28 6
12 29 10
12 30 49
12 31 2
12 32 8
12 34 47
12 36 42
12 37 4
12 38 20
12 42 7
12 43 12
12 47 56
12 50 53
12 51 5
12 54 0
12 55 54
12 56 19
12 57 57
12 58 9
13 1 1
13 5 23
13 7 9
13 8 38
13 14 49
13 15 31
13 16 57
13 17 44
13 22 55
13 24 24
13 26 29
13 27 40
13 28 56
13 29 5
13 30 32
13 32 19
13 33 17
13 34 45
13 36 0
13 37 54
13 38 8
13 40 27
13 41 59
13 46 41
13 48 20
13 50 52
13 51 34
13 57 25
13 59 43
14 4 1
14 5 21
14 7 16
14 11 6
14 12 53
14 14 44
14 15 40
14 19 45
14 20 19
14 21 13
14 22 35
14 23 12
14 25 57
14 27 36
14 28 2
14 29 52
14 33 49
14 35 27
14 36 11
14 38 14
14 39 8
14 43 0
14 48 5
14 49 15
14 51 54
14 53 25
14 59 4
15 0 33
15 4 34
15 6 55
15 8 14
15 10 50
15 11 27
15 12 22
15 13 11
15 18 31
15 19 8
15 21 43
15 22 5
15 31 59
15 33 29
15 34 40
15 35 32
15 37 49
15 38 54
15 40 4
15 41 20
15 43 6
15 44 51
15 45 25
15 47 3
15 52 39
15 53 24
15 54 13
15 58 1
16 2 10
16 3 8
16 10 42
16 11 17
16 12 6
16 13 46
16 14 22
16 20 25
16 22 19
16 23 38
16 26 47
16 27 0
16 28 59
16 31 7
16 32 9
16 33 15
16 36 37
16 41 43
16 45 2
16 49 39
16 51 3
16 52 41
16 55 29
16 56 33
16 57 5
17 0 13
17 2 53
17 3 3
17 6 35
17 8 37
17 9 52
17 12 8
17 15 24
17 20 32
17 23 11
17 25 5
17 26 51
17 27 25
17 28 41
17 29 57
17 30 31
17 32 0
17 33 59
17 35 20
17 37 1
17 38 9
17 42 46
17 46 27
17 47 38
17 50 12
17 52 7
17 53 44
17 55 34
17 57 16
17 58 2
17 59 45
18 1 40
18 7 22
18 8 45
18 9 9
18 11 16
18 13 52
18 15 14
18 20 31
18 21 29
18 23 4
18 25 55
18 27 3
18 28 38
18 31 19
18 33 1
18 34 36
18 41 53
18 42 2
18 43 10
18 46 20
18 48 28
18 49 54
18 51 43
18 52 5
18 54 37
18 55 46
18 56 8
18 58 49
18 59 57
19 4 54
19 5 1
19 8 49
19 11 15
19 12 31
19 14 27
19 17 38
19 19 51
19 21 35
19 22 37
19 30 56
19 34 32
19 35 58
19 36 41
19 39 22
19 41 24
19 42 13
19 43 2
19 45 48
19 46 11
19 47 7
19 48 9
19 49 12
19 52 50
19 54 6
19 56 57
19 57 33
20 1 2
20 3 27
20 5 59
20 6 26
20 9 13
20 10 20
20 11 18
20 12 50
20 14 36
20 15 42
20 17 4
20 22 0
20 24 29
20 27 12
20 30 25
20 35 15
20 37 52
20 40 8
20 41 49
20 42 6
20 44 33
20 45 54
20 49 51
20 50 17
20 51 39
20 52 10
20 55 53
20 56 23
20 59 37
21 1 59
21 2 44
21 3 16
21 5 4
21 6 30
21 10 58
21 11 32
21 13 10
21 14 9
21 15 2
21 18 28
21 19 47
21 20 33
21 23 17
21 24 14
21 26 40
21 27 34
21 28 36
21 29 41
21 31 39
21 33 18
21 34 54
21 37 50
21 40 46
21 42 12
21 43 23
21 44 48
21 48 38
21 50 8
21 51 21
21 52 3
21 53 20
21 56 42
21 57 52
21 59 5
22 0 37
22 2 59
22 4 10
22 5 24
22 6 38
22 8 25
22 11 53
22 12 44
22 15 13
22 16 0
22 18 21
22 20 39
22 21 55
22 27 31
22 28 23
22 33 52
22 34 56
22 35 57
22 36 17
22 38 6
22 39 20
22 40 18
22 41 33
22 43 16
22 46 51
22 47 41
22 52 11
22 57 45
22 58 14
23 2 47
23 3 35
23 4 25
23 6 52
23 9 39
23 11 30
23 13 32
23 14 19
23 15 20
23 16 17
23 17 23
23 18 11
23 23 37
23 26 46
23 29 53
23 32 6
23 33 9
23 36 40
23 38 42
23 41 57
23 43 49
23 49 10
23 50 26
23 51 24
23 52 12
23 54 16
23 58 15
24 5 52
24 11 2
24 12 46
24 14 23
24 16 48
24 17 55
24 18 29
24 19 49
24 21 37
24 22 40
24 24 17
24 25 41
24 33 39
24 34 3
24 35 51
24 38 53
24 41 32
24 43 9
24 45 31
24 51 35
24 52 0
24 55 33
24 57 36
24 58 50
25 0 50
25 1 15
25 3 24
25 5 18
25 6 40
25 9 4
25 14 10
25 17 21
25 18 23
25 20 34
25 21 41
25 22 14
25 23 22
25 24 31
25 25 44
25 27 46
25 28 58
25 29 36
25 32 28
25 34 13
25 36 12
25 37 32
25 38 35
25 39 29
25 40 0
25 42 43
25 45 5
25 47 52
25 48 7
25 51 2
25 52 49
25 59 53
26 0 9
26 1 12
26 2 38
26 3 1
26 7 53
26 8 42
26 11 36
26 12 59
26 13 39
26 14 20
26 15 58
26 19 55
26 20 48
26 21 28
26 22 17
26 29 0
26 31 16
26 33 24
26 34 23
26 35 34
26 41 10
26 42 4
26 43 13
26 44 21
26 45 56
26 47 51
26 48 26
26 49 30
26 52 47
26 53 14
26 56 25
27 1 9
27 3 51
27 7 37
27 8 44
27 9 55
27 12 40
27 13 4
27 17 49
27 18 33
27 19 14
27 20 22
27 24 26
27 30 10
27 31 11
27 32 38
27 36 45
27 38 1
27 42 41
27 43 27
27 45 43
27 47 21
27 48 39
27 52 42
27 53 13
27 55 59
27 56 24
27 58 8
28 1 18
28 3 40
28 5 36
28 6 49
28 9 45
28 10 35
28 12 23
28 16 55
28 20 14
28 21 7
28 22 57
28 24 25
28 26 37
28 27 56
28 28 51
28 29 21
28 32 17
28 34 59
28 37 22
28 38 43
28 39 48
28 41 46
28 42 20
28 43 3
28 45 19
28 47 33
28 49 47
28 50 15
28 52 16
28 53 52
28 54 38
28 56 41
28 57 32
28 58 54
28 59 11
29 5 7
29 6 48
29 9 38
29 10 22
29 13 9
29 17 5
29 19 53
29 20 10
29 21 24
29 23 26
29 24 32
29 27 52
29 29 27
29 31 6
29 34 30
29 35 2
29 38 21
29 42 39
29 45 57
29 46 0
29 48 8
29 49 23
29 50 42
29 51 59
29 52 4
29 54 29
29 58 58
29 59 51
30 0 4
30 4 56
30 6 22
30 7 48
30 13 37
30 14 0
30 16 7
30 17 3
30 18 49
30 22 46
30 23 8
30 24 44
30 27 47
30 28 31
30 33 54
30 34 14
30 36 55
30 41 1
30 43 21
30 45 59
30 46 25
30 48 43
30 52 53
30 53 10
30 56 35
30 57 13
30 59 26
31 0 20
31 1 23
31 2 2
31 4 32
31 6 1
31 7 57
31 8 28
31 9 31
31 10 36
31 11 34
31 13 48
31 15 50
31 17 8
31 18 4
31 21 15
31 22 30
31 25 33
31 26 22
31 27 55
31 28 19
31 30 41
31 31 51
31 32 27
31 33 44
31 34 17
31 36 46
31 37 14
31 38 40
31 45 0
31 46 47
31 52 26
31 54 45
31 56 3
32 6 51
32 7 0
32 11 48
32 13 12
32 14 40
32 15 11
32 16 45
32 17 57
32 18 5
32 19 35
32 20 28
32 21 59
32 24 6
32 25 27
32 26 53
32 27 54
32 30 37
32 31 21
32 32 31
32 33 30
32 34 15
32 36 36
32 37 18
32 44 46
32 48 25
32 53 9
32 56 58
32 58 44
32 59 23
33 2 9
33 5 39
33 8 8
33 13 59
33 15 5
33 16 2
33 19 26
33 20 6
33 23 19
33 24 28
33 26 24
33 30 23
33 31 37
33 32 42
33 34 49
33 35 30
33 37 40
33 43 1
33 46 4
33 47 12
33 49 32
33 50 34
33 51 13
33 52 52
33 53 50
33 54 48
33 55 56
33 57 0
33 59 15
34 2 31
34 7 43
34 10 4
34 12 21
34 13 54
34 14 18
34 16 53
34 17 26
34 18 57
34 19 24
34 21 14
34 22 9
34 23 49
34 24 46
34 26 25
34 28 16
34 29 22
34 30 59
34 36 3
34 39 12
34 40 55
34 41 38
34 42 40
34 43 39
34 45 41
34 46 37
34 57 23
35 4 33
35 5 28
35 6 43
35 8 16
35 10 57
35 12 4
35 19 58
35 21 19
35 22 13
35 23 51
35 24 41
35 25 42
35 28 3
35 29 18
35 30 55
35 31 45
35 32 2
35 35 22
35 36 21
35 38 39
35 39 31
35 40 37
35 42 0
35 45 30
35 47 46
35 48 23
35 49 6
35 50 49
35 51 10
35 52 48
35 53 12
35 55 25
35 57 7
35 58 35
36 1 4
36 2 5
36 6 18
36 7 26
36 9 59
36 13 22
36 14 2
36 16 41
36 18 10
36 21 11
36 23 1
36 24 45
36 25 3
36 26 9
36 28 54
36 29 56
36 31 57
36 34 19
36 36 28
36 37 44
36 39 17
36 40 58
36 44 8
36 45 21
36 46 35
36 47 30
36 48 52
36 50 32
36 52 36
36 54 25
36 55 12
36 56 15
36 57 14
36 58 16
36 59 48
37 1 32
37 3 44
37 5 38
37 6 58
37 9 40
37 10 14
37 12 42
37 13 27
37 16 47
37 19 29
37 20 20
37 21 56
37 26 48
37 27 10
37 29 2
37 32 53
37 34 0
37 37 23
37 40 54
37 41 7
37 43 51
37 46 39
37 48 18
37 49 19
37 51 55
37 52 22
37 53 31
37 54 11
37 57 15
37 59 28
38 2 58
38 3 41
38 4 8
38 5 47
38 6 7
38 8 40
38 10 51
38 12 20
38 13 18
38 15 37
38 17 28
38 18 52
38 19 0
38 20 12
38 21 48
38 22 54
38 24 39
38 25 21
38 28 45
38 29 16
38 30 33
38 31 43
38 32 49
38 35 14
38 38 24
38 42 59
38 45 9
38 46 5
38 47 25
38 49 35
38 53 6
38 57 3
39 0 32
39 2 29
39 3 46
39 4 38
39 5 20
39 7 6
39 9 24
39 10 10
39 12 47
39 13 58
39 14 34
39 15 25
39 17 13
39 22 39
39 25 2
39 27 44
39 29 1
39 30 17
39 31 42
39 32 45
39 35 52
39 36 51
39 38 48
39 39 5
39 40 35
39 42 28
39 45 53
39 46 57
39 50 31
39 51 12
39 52 19
39 58 56
40 1 41
40 2 3
40 3 42
40 6 20
40 7 7
40 8 12
40 9 28
40 11 14
40 12 38
40 15 39
40 17 35
40 19 52
40 25 15
40 30 54
40 32 16
40 35 40
40 37 11
40 38 45
40 44 5
40 45 50
40 46 29
40 49 59
40 52 2
40 53 49
41 1 13
41 2 15
41 5 43
41 6 45
41 7 8
41 10 24
41 11 56
41 12 55
41 13 50
41 14 48
41 16 20
41 18 47
41 21 5
41 22 3
41 24 49
41 26 23
41 28 9
41 29 12
41 30 22
41 32 46
41 37 17
41 38 51
41 39 57
41 40 39
41 42 27
41 43 54
41 46 58
41 47 6
41 48 2
41 49 31
41 50 0
41 51 16
41 58 37
42 0 57
42 8 59
42 9 36
42 10 31
42 12 18
42 13 40
42 15 7
42 19 46
42 20 23
42 22 34
42 24 53
42 26 16
42 27 58
42 34 50
42 36 44
42 38 28
42 41 12
42 43 37
42 46 17
42 49 5
42 50 43
42 51 38
42 54 41
42 56 56
42 57 49
42 58 48
42 59 0
43 10 23
43 12 33
43 14 54
43 15 3
43 19 9
43 20 7
43 22 59
43 26 18
43 29 38
43 30 43
43 36 39
43 37 25
43 38 56
43 39 13
43 40 45
43 43 58
43 45 10
43 47 24
43 48 37
43 53 26
43 54 36
44 0 38
44 1 52
44 2 11
44 3 33
44 4 46
44 6 50
44 7 5
44 8 30
44 11 24
44 14 29
44 15 53
44 16 34
44 19 16
44 21 25
44 23 54
44 24 51
44 26 14
44 27 7
44 28 42
44 32 58
44 37 26
44 38 59
44 40 21
44 43 43
44 44 32
44 47 27
44 48 3
44 49 36
44 50 20
44 52 13
44 56 31
45 0 44
45 4 18
45 6 11
45 7 38
45 8 4
45 9 1
45 10 9
45 15 30
45 16 21
45 17 10
45 20 45
45 21 17
45 25 0
45 26 39
45 29 19
45 30 7
45 31 24
45 35 3
45 39 42
45 43 52
45 45 15
45 46 28
45 47 22
45 48 54
45 49 27
45 50 14
45 53 46
45 55 8
45 56 12
45 57 58
45 58 41
46 0 7
46 1 16
46 2 46
46 3 19
46 4 48
46 6 3
46 9 12
46 11 49
46 12 28
46 14 57
46 17 54
46 18 38
46 19 44
46 23 20
46 24 59
46 28 13
46 29 4
46 31 32
46 33 27
46 34 35
46 35 5
46 36 24
46 38 2
46 40 23
46 43 33
46 44 15
46 46 56
46 47 55
46 48 40
46 51 26
46 52 30
46 55 17
46 56 29
46 58 36
46 59 25
47 1 8
47 5 14
47 7 44
47 8 48
47 9 0
47 10 45
47 11 39
47 13 19
47 15 56
47 18 59
47 19 15
47 20 16
47 24 34
47 26 54
47 30 40
47 31 13
47 33 38
47 34 2
47 35 10
47 41 9
47 42 21
47 44 20
47 46 31
47 48 58
47 49 43
47 53 22
47 54 3
48 0 47
48 1 36
48 3 23
48 4 26
48 5 42
48 7 15
48 8 6
48 12 3
48 19 31
48 20 21
48 23 30
48 24 40
48 28 48
48 31 12
48 34 10
48 36 19
48 37 57
48 38 44
48 40 9
48 41 14
48 44 24
48 46 52
48 48 0
48 49 41
48 51 51
48 53 16
48 54 54
48 55 43
48 56 22
49 0 6
49 1 58
49 4 44
49 6 4
49 12 30
49 13 14
49 14 38
49 15 32
49 20 0
49 22 12
49 26 17
49 31 52
49 34 51
49 36 20
49 37 45
49 40 22
49 41 28
49 43 29
49 44 34
49 45 13
49 46 26
49 47 23
49 49 7
49 52 25
49 59 8
50 3 30
50 4 28
50 5 5
50 6 53
50 7 24
50 10 19
50 11 59
50 12 43
50 13 33
50 15 46
50 17 9
50 21 18
50 22 49
50 24 12
50 25 6
50 26 52
50 28 8
50 29 45
50 33 10
50 36 23
50 39 0
50 42 11
50 43 41
50 49 42
50 50 3
50 51 20
50 52 31
50 54 4
50 55 38
50 58 39
51 2 49
51 5 46
51 6 12
51 7 27
51 8 2
51 12 51
51 13 20
51 15 41
51 17 1
51 18 17
51 20 15
51 21 53
51 22 25
51 24 52
51 25 7
51 27 45
51 28 37
51 30 48
51 32 10
51 33 0
51 35 36
51 36 16
51 38 30
51 40 50
51 43 8
51 44 55
51 45 42
51 46 9
51 47 29
51 48 14
51 49 44
51 53 4
51 55 31
51 56 6
51 58 32
52 2 28
52 4 40
52 6 8
52 7 20
52 13 49
52 14 53
52 15 1
52 16 29
52 18 37
52 20 42
52 22 52
52 26 0
52 29 17
52 30 16
52 32 35
52 35 54
52 37 59
52 39 21
52 43 47
52 44 6
52 48 45
52 50 2
52 54 58
52 55 9
52 56 46
53 0 17
53 1 5
53 2 33
53 5 15
53 7 14
53 8 53
53 10 29
53 11 28
53 14 30
53 15 43
53 18 18
53 20 1
53 21 26
53 22 22
53 26 35
53 27 51
53 28 40
53 29 20
53 31 4
53 32 54
53 38 3
53 39 56
53 40 41
53 42 55
53 43 50
53 44 13
53 48 34
53 51 48
53 53 23
53 54 31
53 56 59
53 58 21
53 59 52
54 0 21
54 1 51
54 2 22
54 3 54
54 4 27
54 5 49
54 7 56
54 10 5
54 11 10
54 12 29
54 13 28
54 14 43
54 17 14
54 19 25
54 20 41
54 21 9
54 25 16
54 27 2
54 30 57
54 31 40
54 32 48
54 36 13
54 38 18
54 39 55
54 40 33
54 41 26
54 42 19
54 43 31
54 44 44
54 45 58
54 47 15
54 48 59
54 49 20
54 50 4
54 52 46
54 54 1
54 55 39
54 56 52
54 57 35
54 59 7
55 2 20
55 5 54
55 6 0
55 7 33
55 8 58
55 9 48
55 10 26
55 11 41
55 12 32
55 13 51
55 15 29
55 17 18
55 19 2
55 23 27
55 25 19
55 26 50
55 27 39
55 29 55
55 30 52
55 32 5
55 35 6
55 37 21
55 39 9
55 41 8
55 44 14
55 45 24
55 48 13
55 50 45
55 52 23
55 53 47
55 55 7
55 56 40
55 58 25
55 59 36
56 1 35
56 4 24
56 5 17
56 6 44
56 7 23
56 8 21
56 10 49
56 11 8
56 13 45
56 16 4
56 18 50
56 19 38
56 21 12
56 22 16
56 26 15
56 29 47
56 30 39
56 32 26
56 34 27
56 36 54
56 37 20
56 38 46
56 39 30
56 40 40
56 41 13
56 48 29
56 49 3
56 50 9
56 52 55
56 53 32
56 54 57
56 55 41
56 57 19
56 58 7
56 59 59
57 4 51
57 12 0
57 13 8
57 15 38
57 16 15
57 17 27
57 18 40
57 20 2
57 21 20
57 22 26
57 28 30
57 29 9
57 31 35
57 33 55
57 34 28
57 36 29
57 37 16
57 40 42
57 41 50
57 44 1
57 52 34
57 53 19
57 54 24
57 57 6
57 59 46
58 0 0
58 1 48
58 7 35
58 8 13
58 9 8
58 12 54
58 13 43
58 15 26
58 17 46
58 20 24
58 22 51
58 23 31
58 24 33
58 26 42
58 28 52
58 31 3
58 35 59
58 41 4
58 42 50
58 44 36
58 47 47
58 48 49
58 49 16
58 50 21
58 51 32
58 53 58
58 57 40
59 0 8
59 1 38
59 2 14
59 3 2
59 5 34
59 6 17
59 10 32
59 12 36
59 14 4
59 16 26
59 17 0
59 18 9
59 24 42
59 25 39
59 27 37
59 28 7
59 30 19
59 33 33
59 34 29
59 36 35
59 40 56
59 41 30
59 42 25
59 43 45
59 47 11
59 49 57
59 51 18
59 57 22
59 58 47
59 59 24
