60
0 2 31
0 6 2
0 11 6
0 16 59
0 18 29
0 19 3
0 20 12
0 22 57
0 25 45
0 32 39
0 37 22
0 38 5
0 39 52
0 45 56
0 51 16
0 55 25
0 59 44
1 1 55
1 2 1
1 4 50
1 5 15
1 6 23
1 8 39
1 9 28
1 10 7
1 15 5
1 16 30
1 19 56
1 26 37
1 28 26
1 31 59
1 34 42
1 37 19
1 39 48
1 41 0
1 54 41
1 55 16
1 56 38
1 57 40
1 58 6
2 3 43
2 5 20
2 12 30
2 19 57
2 31 18
2 35 51
2 42 49
2 45 22
2 51 48
2 52 41
2 53 7
2 55 39
3 2 44
3 3 37
3 6 9
3 10 27
3 13 45
3 15 30
3 17 59
3 19 31
3 21 13
3 25 15
3 27 41
3 29 20
3 33 1
3 38 19
3 39 36
3 43 49
3 46 23
3 49 34
3 50 39
3 53 40
3 54 22
3 55 46
3 58 57
3 59 28
4 0 35
4 2 42
4 3 36
4 8 6
4 9 40
4 10 38
4 11 8
4 24 34
4 26 23
4 27 19
4 29 22
4 39 37
4 40 54
4 43 1
4 46 16
4 50 21
4 54 9
4 58 41
5 1 18
5 8 37
5 14 1
5 19 7
5 20 28
5 26 11
5 29 32
5 33 23
5 35 44
5 44 27
5 46 39
5 48 35
5 49 26
5 50 24
5 51 29
5 52 33
5 54 12
5 56 17
5 57 34
5 59 41
6 0 54
6 3 4
6 6 36
6 9 50
6 10 48
6 13 34
6 14 28
6 16 9
6 21 6
6 27 53
6 28 41
6 36 5
6 40 56
6 42 16
6 44 40
6 49 1
6 51 11
6 54 31
6 58 26
6 59 22
7 0 44
7 3 17
7 7 53
7 9 22
7 11 3
7 16 45
7 20 38
7 24 7
7 25 36
7 26 41
7 28 9
7 34 48
7 37 42
7 38 39
7 46 27
7 47 20
7 50 58
7 53 31
7 56 5
7 57 11
8 1 43
8 3 8
8 5 58
8 9 51
8 13 25
8 14 42
8 15 45
8 16 53
8 17 24
8 18 17
8 19 27
8 25 9
8 29 57
8 30 19
8 36 15
8 43 26
8 48 21
8 49 22
8 51 2
8 52 39
8 54 16
8 55 12
8 57 49
9 1 16
9 5 8
9 6 29
9 13 32
9 15 31
9 21 20
9 22 17
9 23 6
9 28 23
9 29 55
9 31 3
9 35 14
9 36 33
9 37 52
9 39 15
9 40 11
9 46 51
9 48 7
9 51 24
9 54 38
9 55 58
9 57 13
9 59 2
10 2 49
10 9 24
10 10 13
10 11 11
10 12 44
10 13 50
10 14 37
10 15 48
10 20 58
10 22 16
10 27 15
10 28 34
10 32 17
10 36 45
10 44 18
10 47 39
10 54 6
10 59 53
11 0 59
11 3 40
11 8 19
11 9 46
11 11 54
11 13 2
11 24 22
11 25 8
11 26 14
11 30 25
11 34 24
11 41 16
11 44 35
11 48 27
11 51 3
11 55 56
11 58 49
12 2 34
12 4 9
12 9 59
12 12 53
12 15 36
12 16 26
12 18 50
12 19 33
12 20 51
12 24 19
12 25 23
12 26 46
12 27 1
12 30 55
12 32 47
12 34 28
12 35 5
12 36 24
12 40 7
12 44 57
12 47 14
12 49 35
12 59 13
13 10 45
13 17 16
13 26 33
13 27 49
13 31 52
13 36 41
13 45 10
13 47 42
13 54 13
13 59 15
14 4 30
14 11 48
14 12 57
14 14 41
14 17 19
14 18 36
14 19 22
14 26 38
14 28 47
14 31 29
14 36 31
14 38 51
14 44 9
14 45 11
14 50 1
14 56 26
14 59 25
15 0 11
15 1 2
15 3 21
15 4 17
15 6 22
15 10 52
15 16 47
15 17 40
15 19 34
15 22 23
15 26 20
15 27 50
15 32 1
15 37 28
15 39 46
15 44 26
15 47 13
15 50 6
15 55 31
16 0 34
16 1 12
16 4 59
16 5 36
16 6 26
16 7 49
16 8 2
16 10 31
16 12 37
16 18 41
16 22 50
16 31 57
16 36 53
16 41 35
16 43 25
16 45 8
16 53 45
16 54 21
16 56 20
17 10 43
17 13 20
17 18 16
17 19 24
17 20 35
17 21 47
17 25 41
17 30 54
17 32 51
17 37 26
17 39 9
17 43 22
17 50 30
17 52 34
17 55 6
17 56 36
17 58 59
18 2 56
18 5 10
18 10 29
18 19 25
18 22 51
18 23 58
18 27 0
18 41 48
18 42 15
18 46 24
18 47 40
18 53 4
18 54 17
18 55 2
18 57 41
19 6 19
19 10 49
19 14 29
19 17 13
19 22 39
19 25 58
19 34 46
19 36 37
19 38 30
19 39 11
19 45 36
19 46 1
19 54 20
19 56 24
19 57 42
19 58 55
20 0 42
20 2 11
20 8 9
20 13 13
20 15 22
20 19 8
20 28 44
20 30 52
20 34 31
20 35 59
20 40 43
20 41 46
20 43 53
20 45 7
20 49 55
20 50 25
21 4 55
21 5 30
21 9 10
21 14 33
21 15 0
21 17 6
21 18 49
21 19 21
21 21 25
21 22 54
21 24 26
21 25 4
21 35 22
21 36 17
21 37 11
21 39 20
21 44 31
21 45 27
21 52 18
21 53 32
21 55 1
21 58 34
22 12 35
22 15 27
22 19 20
22 20 23
22 25 51
22 29 52
22 30 33
22 33 58
22 34 19
22 35 57
22 36 43
22 37 1
22 38 56
22 40 26
22 45 44
22 51 30
22 54 55
22 56 50
22 57 21
23 2 6
23 5 47
23 7 16
23 10 1
23 17 15
23 21 18
23 23 4
23 24 27
23 28 48
23 29 44
23 39 59
23 40 57
23 43 29
23 47 30
23 49 21
23 51 52
23 55 23
23 58 51
24 0 58
24 1 54
24 2 22
24 8 17
24 17 35
24 20 15
24 22 25
24 25 34
24 33 18
24 37 9
24 38 0
24 39 2
24 41 7
24 51 12
24 54 52
24 58 50
25 1 4
25 5 14
25 11 44
25 13 7
25 14 31
25 17 28
25 18 57
25 19 9
25 25 6
25 26 52
25 29 56
25 34 3
25 35 25
25 40 22
25 43 37
25 44 16
25 48 26
25 53 36
25 55 53
25 58 32
26 1 1
26 2 40
26 3 59
26 5 43
26 16 39
26 17 56
26 21 54
26 22 35
26 26 42
26 28 53
26 33 36
26 35 24
26 36 3
26 38 27
26 41 30
26 42 33
26 43 13
26 50 46
26 52 21
26 56 57
26 58 28
27 1 37
27 2 33
27 5 57
27 6 38
27 7 40
27 8 12
27 9 26
27 15 2
27 16 46
27 19 48
27 23 8
27 24 4
27 29 42
27 34 11
27 39 14
27 47 41
27 56 6
28 0 6
28 3 42
28 7 11
28 10 32
28 12 7
28 14 59
28 17 58
28 19 54
28 20 40
28 21 26
28 22 5
28 25 17
28 28 45
28 29 46
28 31 56
28 39 35
28 42 10
28 47 43
28 50 51
28 53 20
28 57 1
28 58 33
29 1 17
29 4 11
29 11 18
29 16 35
29 20 54
29 24 42
29 25 57
29 28 24
29 29 50
29 32 56
29 33 26
29 39 30
29 40 10
29 44 20
29 45 31
29 46 5
29 47 15
29 49 6
29 50 7
29 51 21
29 55 55
30 2 29
30 4 1
30 6 7
30 10 51
30 12 36
30 14 50
30 18 26
30 20 53
30 28 32
30 34 22
30 37 33
30 41 38
30 48 18
30 53 13
30 54 47
31 2 38
31 9 33
31 14 44
31 16 8
31 18 5
31 19 52
31 20 31
31 21 17
31 22 34
31 23 23
31 25 50
31 26 12
31 31 39
31 35 9
31 37 21
31 44 6
31 47 56
31 48 45
31 49 3
31 50 0
31 52 22
31 57 47
32 3 28
32 10 19
32 27 43
32 28 57
32 29 37
32 32 30
32 37 0
32 43 56
32 52 8
32 53 6
32 57 5
33 3 55
33 8 7
33 10 47
33 13 29
33 19 30
33 22 33
33 24 9
33 27 59
33 31 0
33 32 46
33 33 12
33 35 4
33 36 56
33 38 38
33 40 6
33 42 11
33 49 42
33 58 23
34 0 43
34 2 26
34 8 16
34 9 8
34 10 20
34 12 46
34 17 31
34 18 3
34 21 38
34 22 56
34 23 40
34 40 51
34 44 50
34 46 29
34 48 13
34 53 54
34 54 14
34 56 28
34 58 11
35 10 44
35 11 43
35 12 59
35 14 18
35 20 32
35 22 21
35 24 45
35 27 42
35 29 47
35 37 15
35 39 13
35 43 51
35 51 31
35 53 26
35 54 36
35 57 57
36 3 58
36 5 0
36 6 18
36 7 36
36 8 35
36 24 6
36 27 46
36 28 42
36 30 7
36 34 29
36 40 16
36 42 21
36 46 38
36 49 57
36 50 49
36 57 8
36 59 56
37 2 50
37 5 21
37 10 25
37 11 27
37 13 35
37 26 39
37 28 4
37 29 11
37 30 51
37 31 6
37 36 59
37 38 18
37 40 45
37 42 41
37 52 31
37 54 58
37 59 30
38 1 51
38 2 28
38 8 49
38 16 6
38 18 46
38 20 41
38 24 37
38 28 17
38 34 57
38 36 18
38 37 5
38 38 34
38 40 8
38 41 23
38 42 19
38 48 9
38 51 59
38 53 56
38 56 27
38 57 0
38 59 39
39 1 26
39 12 33
39 15 57
39 16 15
39 23 34
39 27 27
39 30 12
39 33 5
39 38 41
39 44 47
39 51 10
39 55 13
39 59 48
40 4 33
40 9 14
40 10 34
40 13 48
40 15 51
40 26 29
40 38 50
40 43 32
40 48 10
40 49 2
40 50 54
40 51 53
40 52 26
40 55 44
40 58 1
41 1 24
41 3 9
41 4 23
41 5 49
41 9 16
41 10 11
41 11 30
41 12 18
41 16 54
41 20 44
41 22 6
41 24 5
41 44 53
41 45 19
41 55 52
42 4 28
42 5 51
42 9 6
42 11 15
42 19 23
42 30 32
42 35 56
42 43 18
42 44 10
42 47 58
42 48 37
42 50 20
42 57 53
43 4 39
43 8 0
43 14 43
43 17 34
43 20 19
43 22 59
43 26 32
43 27 20
43 29 38
43 31 28
43 32 44
43 33 52
43 35 37
43 37 55
43 38 21
43 44 42
43 48 46
43 49 48
43 50 14
43 54 18
43 58 58
43 59 36
44 3 25
44 5 38
44 10 21
44 15 35
44 19 51
44 23 32
44 29 15
44 34 50
44 35 3
44 40 31
44 45 57
44 50 10
44 54 48
44 56 49
45 11 49
45 12 31
45 19 15
45 26 5
45 27 26
45 28 10
45 31 33
45 34 14
45 35 6
45 36 39
45 37 27
45 44 22
45 48 8
45 50 35
45 59 57
46 1 31
46 2 32
46 4 10
46 6 21
46 8 45
46 10 41
46 11 29
46 13 1
46 15 12
46 16 11
46 18 23
46 21 0
46 27 55
46 31 13
46 33 39
46 35 28
46 37 44
46 39 26
46 47 7
46 49 47
46 51 40
46 52 25
46 55 5
46 59 20
47 0 41
47 2 51
47 5 3
47 8 44
47 13 56
47 21 1
47 24 35
47 27 40
47 32 32
47 33 29
47 41 59
47 42 17
47 44 36
47 46 18
47 47 33
47 49 24
47 51 0
47 52 43
47 56 12
47 57 14
47 58 16
47 59 7
48 0 14
48 4 37
48 8 56
48 13 17
48 15 19
48 17 55
48 28 5
48 29 59
48 31 12
48 32 21
48 37 36
48 38 48
48 40 58
48 51 43
48 54 49
49 9 4
49 14 58
49 17 38
49 20 48
49 37 43
49 44 13
49 50 22
49 54 8
50 3 53
50 5 33
50 7 26
50 11 17
50 18 21
50 19 40
50 21 9
50 22 7
50 25 2
50 33 16
50 36 27
50 37 6
50 41 14
50 42 38
50 43 12
50 52 56
50 55 10
50 56 13
50 59 54
51 1 49
51 2 58
51 5 17
51 6 52
51 7 13
51 10 57
51 11 34
51 12 41
51 22 19
51 26 24
51 33 0
51 34 47
51 35 40
51 36 2
51 39 1
51 40 48
51 45 39
51 50 3
51 53 43
51 54 33
51 57 23
51 59 16
52 3 44
52 4 20
52 6 30
52 7 21
52 10 55
52 15 56
52 17 9
52 21 37
52 22 4
52 25 27
52 29 3
52 35 15
52 36 48
52 40 23
52 42 1
52 46 43
52 48 12
52 53 50
52 55 24
52 56 29
53 0 23
53 2 4
53 9 1
53 10 15
53 12 5
53 13 18
53 22 2
53 24 52
53 26 44
53 29 40
53 30 42
53 35 31
53 37 41
53 39 25
53 42 12
53 45 59
53 47 8
53 52 49
53 53 10
53 57 46
54 0 52
54 4 25
54 13 24
54 18 9
54 20 3
54 23 51
54 29 30
54 30 57
54 42 23
54 43 42
54 52 6
54 56 2
54 59 46
55 3 45
55 5 34
55 7 42
55 11 20
55 15 53
55 20 13
55 21 15
55 22 3
55 23 11
55 24 21
55 26 54
55 28 22
55 29 31
55 39 24
55 42 56
55 45 40
55 49 17
55 50 36
55 51 58
55 54 4
55 56 7
55 59 32
56 0 51
56 1 58
56 2 55
56 13 54
56 14 22
56 18 19
56 29 0
56 31 38
56 33 45
56 40 47
56 43 21
56 44 49
56 45 53
56 46 25
56 49 40
56 54 34
56 55 8
57 0 31
57 5 55
57 7 33
57 10 2
57 16 4
57 18 59
57 24 8
57 25 24
57 27 25
57 30 6
57 41 44
57 46 14
57 47 22
57 48 58
57 54 56
57 58 12
58 0 1
58 7 35
58 8 38
58 9 48
58 12 45
58 17 23
58 23 39
58 28 2
58 30 34
58 31 42
58 34 56
58 35 52
58 37 57
58 40 50
58 43 41
58 45 58
58 46 9
58 53 11
58 58 30
58 59 0
59 4 40
59 6 31
59 7 7
59 10 5
59 19 16
59 20 8
59 21 35
59 22 22
59 24 36
59 27 4
59 40 42
59 43 39
59 44 3
59 50 53
59 54 25
59 57 15
