60
0 3 17
0 5 44
0 7 11
0 9 41
0 10 29
0 11 20
0 13 39
0 14 28
0 19 16
0 23 21
0 24 53
0 25 15
0 29 10
0 43 23
0 45 13
0 55 37
0 57 24
1 2 28
1 5 18
1 9 26
1 10 17
1 17 12
1 19 25
1 25 39
1 32 4
1 36 30
1 37 37
1 42 54
1 45 7
1 46 45
1 48 43
1 49 57
1 51 42
1 52 55
1 53 35
1 54 58
1 55 15
1 58 24
1 59 13
2 0 15
2 1 16
2 6 29
2 17 11
2 18 0
2 22 34
2 32 44
2 33 42
2 34 52
2 38 31
2 48 41
2 49 24
2 52 5
2 54 19
2 56 32
2 57 57
2 58 27
3 0 29
3 7 49
3 15 50
3 16 5
3 17 43
3 18 33
3 21 23
3 24 57
3 25 8
3 26 44
3 32 58
3 42 53
3 50 34
3 51 47
3 54 36
3 57 56
4 5 50
4 6 2
4 8 51
4 11 42
4 12 36
4 13 17
4 14 7
4 17 3
4 22 26
4 23 22
4 25 57
4 27 18
4 30 40
4 33 31
4 34 46
4 36 45
4 37 19
4 44 53
4 49 52
4 57 33
4 59 21
5 2 9
5 9 5
5 12 53
5 16 45
5 19 37
5 20 13
5 21 44
5 22 35
5 23 15
5 36 38
5 38 57
5 41 22
5 42 49
5 43 27
5 46 25
5 49 6
5 50 21
5 52 2
5 54 30
5 55 10
5 57 16
6 4 6
6 8 41
6 15 51
6 21 30
6 26 37
6 30 56
6 35 15
6 36 42
6 37 45
6 38 23
6 39 38
6 40 7
6 43 52
6 47 25
6 53 33
6 57 59
7 1 6
7 9 55
7 13 46
7 14 5
7 15 41
7 24 16
7 26 2
7 27 53
7 28 47
7 34 34
7 36 20
7 38 48
7 42 52
7 43 9
7 44 42
7 45 54
7 55 14
8 1 29
8 14 1
8 24 51
8 26 11
8 29 57
8 37 5
8 38 20
8 41 45
8 43 47
8 45 41
8 46 19
8 55 34
8 57 10
9 0 39
9 1 57
9 5 26
9 7 34
9 8 5
9 11 8
9 13 6
9 19 49
9 20 17
9 23 36
9 26 16
9 29 3
9 36 18
9 37 41
9 38 45
9 41 46
9 45 47
9 50 51
9 51 15
9 55 2
9 58 53
10 8 35
10 9 47
10 13 42
10 16 55
10 18 18
10 19 50
10 24 23
10 28 5
10 35 41
10 36 37
10 37 57
10 41 4
10 47 52
10 50 44
11 3 21
11 4 1
11 10 44
11 12 17
11 13 43
11 14 51
11 15 56
11 17 48
11 19 59
11 22 12
11 24 29
11 37 36
11 42 11
11 43 54
11 45 50
11 50 27
11 54 0
11 56 35
12 3 15
12 4 58
12 15 35
12 19 4
12 20 5
12 22 10
12 23 46
12 27 47
12 30 3
12 32 49
12 35 38
12 36 27
12 40 13
12 45 17
12 54 7
12 56 1
12 59 45
13 1 27
13 4 40
13 5 58
13 6 54
13 9 31
13 11 22
13 14 26
13 17 45
13 24 4
13 29 12
13 34 56
13 40 59
13 42 14
13 43 1
13 47 39
13 48 19
13 59 43
14 1 7
14 6 6
14 8 50
14 9 23
14 13 33
14 18 17
14 20 27
14 21 21
14 22 24
14 26 38
14 32 47
14 36 16
14 39 2
14 40 57
14 42 28
14 43 55
14 45 0
14 47 45
14 48 54
14 51 19
14 52 26
14 55 59
14 57 42
15 0 1
15 2 37
15 10 30
15 12 58
15 13 5
15 18 27
15 21 39
15 22 52
15 24 35
15 25 31
15 27 46
15 30 0
15 31 23
15 32 12
15 34 24
15 50 9
15 54 3
15 56 6
16 3 25
16 13 10
16 14 33
16 19 28
16 26 20
16 28 37
16 31 56
16 33 45
16 35 52
16 36 15
16 42 9
16 43 19
16 44 39
17 4 11
17 5 40
17 11 7
17 19 13
17 27 43
17 28 1
17 32 8
17 33 38
17 35 53
17 37 58
17 44 12
17 47 9
17 56 30
17 57 0
18 0 52
18 4 25
18 5 6
18 10 5
18 12 11
18 17 42
18 20 56
18 23 18
18 27 16
18 30 19
18 33 22
18 35 26
18 42 45
18 46 12
18 50 50
18 55 0
18 56 10
18 57 14
19 0 8
19 5 17
19 10 51
19 11 39
19 14 46
19 17 6
19 19 57
19 22 16
19 24 59
19 26 53
19 28 19
19 31 47
19 33 13
19 42 1
19 43 30
19 48 29
19 53 2
19 56 52
20 1 44
20 3 18
20 8 8
20 9 40
20 11 0
20 12 39
20 13 9
20 14 16
20 16 3
20 17 59
20 23 20
20 24 38
20 26 17
20 29 29
20 33 54
20 37 47
20 38 50
20 40 36
20 45 14
20 47 10
20 51 45
20 52 12
20 59 5
21 0 6
21 7 4
21 9 22
21 13 1
21 24 8
21 25 20
21 27 0
21 29 58
21 35 18
21 37 42
21 53 14
21 58 39
21 59 31
22 1 17
22 2 45
22 9 1
22 16 37
22 17 5
22 21 31
22 26 35
22 28 20
22 29 11
22 33 34
22 42 42
22 43 2
22 45 22
22 48 40
22 54 56
22 55 28
22 56 50
22 57 46
23 6 7
23 9 51
23 11 14
23 14 55
23 16 26
23 18 24
23 20 6
23 25 34
23 30 33
23 32 23
23 33 19
23 35 43
23 40 58
23 43 28
23 48 30
23 52 21
23 55 50
23 56 0
24 2 15
24 6 33
24 14 39
24 17 49
24 20 25
24 21 47
24 23 23
24 25 13
24 26 50
24 30 46
24 34 14
24 35 28
24 36 3
24 39 26
24 42 16
24 43 10
24 44 40
24 45 1
24 46 17
24 48 35
24 49 56
24 54 2
24 58 7
24 59 44
25 4 43
25 9 24
25 11 15
25 12 10
25 13 41
25 14 27
25 16 52
25 22 3
25 25 30
25 27 9
25 33 49
25 34 28
25 36 33
25 46 7
25 51 16
26 1 36
26 2 1
26 12 38
26 13 20
26 14 57
26 15 21
26 17 27
26 24 25
26 25 33
26 26 42
26 31 19
26 35 51
26 39 59
26 44 7
26 47 6
26 49 45
26 50 14
26 51 8
26 53 28
26 55 16
26 56 17
26 58 15
27 2 48
27 4 46
27 5 47
27 14 2
27 18 8
27 19 21
27 20 57
27 21 53
27 22 33
27 23 37
27 26 34
27 27 52
27 30 18
27 31 55
27 33 26
27 34 1
27 37 15
27 40 6
27 50 35
27 51 41
27 52 7
27 54 50
28 4 14
28 9 48
28 10 9
28 11 16
28 13 34
28 14 40
28 15 44
28 20 26
28 21 7
28 24 3
28 25 32
28 27 29
28 30 49
28 33 33
28 36 55
28 37 43
28 39 37
28 41 18
28 44 13
28 45 53
28 46 23
28 47 8
28 48 1
28 52 22
28 55 57
28 56 12
29 2 53
29 5 3
29 12 6
29 14 32
29 17 7
29 21 1
29 25 19
29 26 21
29 31 30
29 33 27
29 38 2
29 41 23
29 42 18
29 48 25
29 55 56
30 0 56
30 3 40
30 13 0
30 16 6
30 18 48
30 20 19
30 21 41
30 23 34
30 25 37
30 26 46
30 28 50
30 40 1
30 41 15
30 50 45
30 52 16
30 54 27
30 55 38
30 58 20
30 59 11
31 9 20
31 10 27
31 17 57
31 20 3
31 24 40
31 28 52
31 30 25
31 32 37
31 33 48
31 34 8
31 36 46
31 42 33
31 44 47
31 49 21
31 52 28
31 53 7
31 57 23
32 3 41
32 7 33
32 15 58
32 17 46
32 21 16
32 22 54
32 23 12
32 30 47
32 36 2
32 43 21
32 48 28
32 49 48
32 51 40
32 52 59
32 55 13
32 57 20
33 2 29
33 3 55
33 5 43
33 10 24
33 12 57
33 13 30
33 15 38
33 17 41
33 20 44
33 29 1
33 36 13
33 42 5
33 43 32
33 49 58
33 51 14
33 52 10
33 59 26
34 2 7
34 3 16
34 10 12
34 17 31
34 18 52
34 20 39
34 24 46
34 29 25
34 33 44
34 34 5
34 36 19
34 43 26
34 45 29
34 48 48
34 57 54
35 0 58
35 5 19
35 10 10
35 20 47
35 22 51
35 23 32
35 32 48
35 33 59
35 35 29
35 36 35
35 42 34
35 45 8
35 50 52
35 53 27
35 57 45
35 59 57
36 3 31
36 7 44
36 8 29
36 17 26
36 19 9
36 25 16
36 31 28
36 35 23
36 36 36
36 40 53
36 46 34
36 47 12
36 48 51
36 50 32
36 53 22
36 57 39
36 59 0
37 0 13
37 4 20
37 14 12
37 18 59
37 19 29
37 24 42
37 25 40
37 30 35
37 33 56
37 36 25
37 40 45
37 44 48
37 45 34
37 48 22
37 50 38
37 52 32
37 54 1
37 56 47
37 57 15
38 0 44
38 4 42
38 8 57
38 13 50
38 17 17
38 23 38
38 33 29
38 36 59
38 43 53
38 50 43
38 53 1
38 55 24
38 56 40
38 58 36
39 12 27
39 21 40
39 23 0
39 25 36
39 26 31
39 33 23
39 37 9
39 44 16
39 45 28
39 46 56
39 47 20
39 49 49
39 53 45
39 58 6
40 3 51
40 4 17
40 8 26
40 10 54
40 17 19
40 24 6
40 27 33
40 29 50
40 30 22
40 31 36
40 35 59
40 38 30
40 39 5
40 41 43
40 49 29
40 51 37
40 53 31
40 56 8
40 57 47
40 58 56
41 1 49
41 2 52
41 5 1
41 6 31
41 7 13
41 8 36
41 9 10
41 12 3
41 14 43
41 16 42
41 18 25
41 28 44
41 42 39
41 45 27
41 52 4
41 54 26
41 58 21
42 2 24
42 5 8
42 7 25
42 8 38
42 11 35
42 12 0
42 19 30
42 23 4
42 27 7
42 28 26
42 31 54
42 33 47
42 36 40
42 49 51
42 55 3
42 57 50
43 1 12
43 2 46
43 9 29
43 12 40
43 17 52
43 26 18
43 30 51
43 33 32
43 35 30
43 38 55
43 39 42
43 42 31
43 44 35
43 45 56
43 57 2
43 59 1
44 1 20
44 6 15
44 7 19
44 21 11
44 23 59
44 24 37
44 27 23
44 29 32
44 31 44
44 34 40
44 35 46
44 37 34
44 38 47
44 39 43
44 40 21
44 42 0
44 45 52
44 46 2
44 48 57
44 52 8
44 54 5
44 58 50
45 0 45
45 5 9
45 6 11
45 7 36
45 17 35
45 18 46
45 21 52
45 31 29
45 32 59
45 34 58
45 39 8
45 42 26
45 44 22
45 49 16
45 50 6
45 51 12
45 54 21
45 55 17
45 56 13
45 57 32
46 3 6
46 4 45
46 6 24
46 10 19
46 15 47
46 16 20
46 17 9
46 27 1
46 28 8
46 31 17
46 32 30
46 33 4
46 34 59
46 40 27
46 41 35
46 42 43
46 43 3
46 45 15
46 47 14
46 50 25
47 2 50
47 4 30
47 7 5
47 10 15
47 11 53
47 14 36
47 16 32
47 23 49
47 25 26
47 30 20
47 32 51
47 43 43
47 49 14
47 51 6
47 52 35
47 54 9
47 55 18
48 0 17
48 6 13
48 7 48
48 11 50
48 12 24
48 15 7
48 16 9
48 18 22
48 25 41
48 31 31
48 32 26
48 40 25
48 48 37
48 50 0
48 52 23
48 53 36
48 56 56
48 57 3
48 58 33
49 2 27
49 5 38
49 11 41
49 13 15
49 15 2
49 18 13
49 19 23
49 23 10
49 36 6
49 42 7
49 44 21
49 48 8
49 50 56
49 53 43
49 55 58
49 57 48
49 59 59
50 4 34
50 8 33
50 9 56
50 10 28
50 15 17
50 17 20
50 23 52
50 28 31
50 31 8
50 34 38
50 37 3
50 40 15
50 49 32
50 52 1
50 54 12
50 57 49
50 59 39
51 4 35
51 9 18
51 10 37
51 13 8
51 17 29
51 18 3
51 22 30
51 27 59
51 29 22
51 32 5
51 37 26
51 38 43
51 41 47
51 42 41
51 44 50
51 45 4
51 47 49
51 49 38
51 50 7
51 52 25
51 57 17
51 59 42
52 5 46
52 6 5
52 9 50
52 10 14
52 17 44
52 22 9
52 23 35
52 25 6
52 30 29
52 32 1
52 33 21
52 34 4
52 37 20
52 39 31
52 40 23
52 42 37
52 44 19
52 46 47
52 47 48
52 51 0
52 53 51
52 55 55
52 56 2
53 9 33
53 15 46
53 20 51
53 24 26
53 27 14
53 30 39
53 42 56
53 49 0
53 51 58
53 54 13
53 57 34
54 3 22
54 4 9
54 14 14
54 15 57
54 19 46
54 21 20
54 28 38
54 29 40
54 35 27
54 36 1
54 37 4
54 41 54
54 44 34
54 45 3
54 46 33
54 49 10
54 51 7
54 52 17
54 53 0
54 59 52
55 2 43
55 9 49
55 15 29
55 19 53
55 28 3
55 29 5
55 35 31
55 37 32
55 42 46
55 45 30
55 46 51
55 49 50
55 51 55
55 52 20
55 56 36
55 57 22
56 5 2
56 7 0
56 8 11
56 12 9
56 20 37
56 22 41
56 25 23
56 26 30
56 28 29
56 31 15
56 34 31
56 40 49
56 43 13
56 44 25
56 45 36
56 47 46
56 48 44
56 54 57
56 55 33
57 1 24
57 6 17
57 8 0
57 11 59
57 12 14
57 15 53
57 18 26
57 22 19
57 25 2
57 27 58
57 28 22
57 31 42
57 37 8
57 41 50
57 42 40
57 45 6
57 49 4
57 50 31
57 52 38
57 53 12
57 55 9
57 57 13
57 59 27
58 7 56
58 15 0
58 22 18
58 25 28
58 28 46
58 34 11
58 35 1
58 43 51
58 44 49
58 45 9
58 48 45
58 53 37
58 54 33
58 58 13
58 59 8
59 0 3
59 1 46
59 11 58
59 13 48
59 14 8
59 17 50
59 18 56
59 24 45
59 28 18
59 31 53
59 40 35
59 41 21
59 43 17
59 44 44
59 49 43
59 50 19
59 51 10
59 52 11
59 54 22
