70
0 1 39
0 3 40
0 4 7
0 6 2
0 8 19
0 9 0
0 10 49
0 11 42
0 14 25
0 16 46
0 18 50
0 21 24
0 22 66
0 23 67
0 24 51
0 25 37
0 26 28
0 27 58
0 30 69
0 31 36
0 33 44
0 34 13
0 37 10
0 39 22
0 41 43
0 42 30
0 43 32
0 49 27
0 50 4
0 54 33
0 55 26
0 58 17
0 60 5
0 61 21
0 62 29
0 63 61
0 64 48
0 65 6
0 66 3
0 68 20
0 69 56
1 1 54
1 4 14
1 7 39
1 9 62
1 10 18
1 12 67
1 13 48
1 14 6
1 16 16
1 17 56
1 18 41
1 19 29
1 25 57
1 26 53
1 27 40
1 28 46
1 29 60
1 30 50
1 32 66
1 34 33
1 35 25
1 37 12
1 38 49
1 40 20
1 41 22
1 44 34
1 46 65
1 47 17
1 49 30
1 50 19
1 51 36
1 52 27
1 53 43
1 55 15
1 58 35
1 59 38
1 60 7
1 62 52
1 63 59
1 64 44
1 65 3
1 68 8
1 69 23
2 0 66
2 1 59
2 2 29
2 5 21
2 6 45
2 7 10
2 8 55
2 10 27
2 11 6
2 12 60
2 14 42
2 15 53
2 16 26
2 21 50
2 22 58
2 24 30
2 25 14
2 27 7
2 30 18
2 31 57
2 32 33
2 34 44
2 36 51
2 37 56
2 39 12
2 40 47
2 41 54
2 43 39
2 46 43
2 49 9
2 50 28
2 52 65
2 56 48
2 57 25
2 58 62
2 61 2
2 62 5
2 63 49
2 64 17
2 65 16
2 66 19
2 67 11
2 68 4
2 69 64
3 0 6
3 1 33
3 3 24
3 5 31
3 7 51
3 8 67
3 14 12
3 15 22
3 19 37
3 21 66
3 23 53
3 24 65
3 26 62
3 27 23
3 29 36
3 30 21
3 31 1
3 32 42
3 33 49
3 34 28
3 36 13
3 39 52
3 40 38
3 42 8
3 44 41
3 45 27
3 46 4
3 48 55
3 49 32
3 52 68
3 58 46
3 59 7
3 60 19
3 61 26
3 62 14
3 65 0
3 66 64
3 68 63
4 0 27
4 1 15
4 5 55
4 7 8
4 8 11
4 14 23
4 15 2
4 18 14
4 20 18
4 21 31
4 22 28
4 23 46
4 24 39
4 25 45
4 26 69
4 27 33
4 29 0
4 30 34
4 33 19
4 35 13
4 36 40
4 37 44
4 39 30
4 41 37
4 43 20
4 44 24
4 46 16
4 48 56
4 49 21
4 50 43
4 51 25
4 52 1
4 53 61
4 54 7
4 55 35
4 57 66
4 60 3
4 61 32
4 63 63
4 64 42
4 67 51
4 68 62
4 69 52
5 0 45
5 1 67
5 3 14
5 5 26
5 6 27
5 7 41
5 8 50
5 14 64
5 15 5
5 16 44
5 17 30
5 18 65
5 19 40
5 22 42
5 23 59
5 24 53
5 25 61
5 26 17
5 30 12
5 32 2
5 34 63
5 35 60
5 36 39
5 37 20
5 38 9
5 39 13
5 40 37
5 41 23
5 42 25
5 43 48
5 44 57
5 45 46
5 46 6
5 48 43
5 50 62
5 52 10
5 56 51
5 57 34
5 58 7
5 59 28
5 60 22
5 61 31
5 62 15
5 63 8
5 68 36
5 69 1
6 0 41
6 1 24
6 2 6
6 3 18
6 5 2
6 8 66
6 9 9
6 10 5
6 11 58
6 13 19
6 16 50
6 20 33
6 27 13
6 28 48
6 30 46
6 31 22
6 32 25
6 33 38
6 34 55
6 35 7
6 36 28
6 41 42
6 42 60
6 44 47
6 48 30
6 50 35
6 53 0
6 54 34
6 55 62
6 56 61
6 58 57
6 59 54
6 65 11
6 66 4
6 68 12
6 69 68
7 1 50
7 3 68
7 4 40
7 5 32
7 8 41
7 9 5
7 11 52
7 12 22
7 14 9
7 15 54
7 18 30
7 21 3
7 22 44
7 23 65
7 24 56
7 25 2
7 27 60
7 30 7
7 32 12
7 33 53
7 34 58
7 35 46
7 36 67
7 40 4
7 42 20
7 43 61
7 45 39
7 46 15
7 48 69
7 49 38
7 52 57
7 53 66
7 55 34
7 56 6
7 57 11
7 59 21
7 60 17
7 61 8
7 62 16
7 63 43
7 64 27
7 65 28
7 68 33
7 69 45
8 1 52
8 2 55
8 3 26
8 6 21
8 7 46
8 8 17
8 9 29
8 10 36
8 11 50
8 12 64
8 17 0
8 18 54
8 19 9
8 20 24
8 21 42
8 22 25
8 23 58
8 24 10
8 25 6
8 27 69
8 28 34
8 31 61
8 34 40
8 36 45
8 38 33
8 39 37
8 40 57
8 42 43
8 45 32
8 46 19
8 47 66
8 48 15
8 49 68
8 51 7
8 52 23
8 53 65
8 54 63
8 56 20
8 57 41
8 58 18
8 60 13
8 61 16
8 63 62
8 64 2
8 65 12
8 67 4
8 69 67
9 1 3
9 2 56
9 3 10
9 5 62
9 6 66
9 8 31
9 9 39
9 10 63
9 12 33
9 13 30
9 15 55
9 16 9
9 19 45
9 20 7
9 21 26
9 23 14
9 25 44
9 26 61
9 27 34
9 30 27
9 33 1
9 39 0
9 41 2
9 43 16
9 44 17
9 45 42
9 46 36
9 47 12
9 48 67
9 50 29
9 51 46
9 52 18
9 56 23
9 57 47
9 59 51
9 62 13
9 63 69
9 66 25
9 67 37
9 68 28
9 69 60
10 0 60
10 2 9
10 3 6
10 4 1
10 5 36
10 7 67
10 8 65
10 9 57
10 10 20
10 12 62
10 13 61
10 14 7
10 15 69
10 20 56
10 21 5
10 23 34
10 29 42
10 31 12
10 32 39
10 33 14
10 34 46
10 36 50
10 37 28
10 39 43
10 41 64
10 44 11
10 45 48
10 48 40
10 51 41
10 52 3
10 53 2
10 54 16
10 55 51
10 56 4
10 58 66
10 59 37
10 60 15
10 63 35
10 65 45
10 66 26
11 0 17
11 2 57
11 3 2
11 4 11
11 6 19
11 7 15
11 8 62
11 9 13
11 10 33
11 12 42
11 13 25
11 14 41
11 16 56
11 18 45
11 20 12
11 21 67
11 23 8
11 24 6
11 30 39
11 31 0
11 32 68
11 34 22
11 35 18
11 36 30
11 39 5
11 41 40
11 42 51
11 44 46
11 46 50
11 48 64
11 49 55
11 52 53
11 53 16
11 55 23
11 57 54
11 59 52
11 60 38
11 61 47
11 62 7
11 63 29
11 64 37
11 65 21
11 66 60
11 67 49
11 68 35
11 69 3
12 1 42
12 2 23
12 3 43
12 4 35
12 6 6
12 9 34
12 10 39
12 11 12
12 12 11
12 15 51
12 16 66
12 18 27
12 24 58
12 29 47
12 31 9
12 34 57
12 37 19
12 38 5
12 40 31
12 41 26
12 42 41
12 43 54
12 45 7
12 47 65
12 50 50
12 51 38
12 53 3
12 54 40
12 55 32
12 57 29
12 58 59
12 62 30
12 63 45
12 65 17
12 68 13
13 0 67
13 2 45
13 5 61
13 6 5
13 8 28
13 9 25
13 10 6
13 12 48
13 13 68
13 17 24
13 18 40
13 19 3
13 21 22
13 23 7
13 24 21
13 25 17
13 28 29
13 29 39
13 31 54
13 32 58
13 33 42
13 35 55
13 37 35
13 38 65
13 39 26
13 41 47
13 42 44
13 43 19
13 46 33
13 48 62
13 49 37
13 51 0
13 52 66
13 53 64
13 57 18
13 59 41
13 60 57
13 61 63
13 63 4
13 65 59
13 67 12
14 0 50
14 2 42
14 4 52
14 5 39
14 6 61
14 10 57
14 11 41
14 12 15
14 14 14
14 17 5
14 18 33
14 22 36
14 23 0
14 24 49
14 25 35
14 27 4
14 30 20
14 31 34
14 33 22
14 35 3
14 36 32
14 37 23
14 38 63
14 39 38
14 41 28
14 42 19
14 43 26
14 44 31
14 46 44
14 48 37
14 50 54
14 52 6
14 53 11
14 54 62
14 58 10
14 59 8
14 60 69
14 62 1
14 64 68
14 65 7
14 66 59
14 67 9
14 68 48
14 69 65
15 0 48
15 1 19
15 2 25
15 3 38
15 5 6
15 6 41
15 8 45
15 9 64
15 11 40
15 12 30
15 16 39
15 17 46
15 20 8
15 21 2
15 22 22
15 25 27
15 26 21
15 27 12
15 28 55
15 29 24
15 30 43
15 34 20
15 36 33
15 39 1
15 41 65
15 42 50
15 44 60
15 45 63
15 46 69
15 49 61
15 51 44
15 52 29
15 53 59
15 55 49
15 56 35
15 57 7
15 59 31
15 60 54
15 62 68
15 63 67
15 64 36
15 65 62
15 66 47
15 67 14
15 68 66
16 0 33
16 1 11
16 2 21
16 4 37
16 5 60
16 9 27
16 10 2
16 11 23
16 12 13
16 13 28
16 18 20
16 19 0
16 20 9
16 22 46
16 23 57
16 24 25
16 25 15
16 26 48
16 27 43
16 28 30
16 29 19
16 32 50
16 34 52
16 37 59
16 38 68
16 39 53
16 40 26
16 41 55
16 43 41
16 44 69
16 46 42
16 47 39
16 52 16
16 54 67
16 60 40
16 62 36
16 64 35
16 65 18
16 67 5
16 68 54
17 0 54
17 4 41
17 6 37
17 8 7
17 9 6
17 10 43
17 11 16
17 12 39
17 13 53
17 14 68
17 15 35
17 17 8
17 19 44
17 20 30
17 21 9
17 22 18
17 23 66
17 24 59
17 25 46
17 26 29
17 27 65
17 29 13
17 31 51
17 32 62
17 33 15
17 34 38
17 36 27
17 37 48
17 38 19
17 40 32
17 41 21
17 47 36
17 49 1
17 53 14
17 54 17
17 58 11
17 59 5
17 60 61
17 63 55
17 64 28
17 68 60
17 69 57
18 0 47
18 1 56
18 2 36
18 3 54
18 6 29
18 10 44
18 12 5
18 14 13
18 15 11
18 16 0
18 17 59
18 18 25
18 21 58
18 26 51
18 27 62
18 28 43
18 29 65
18 30 42
18 31 21
18 33 46
18 34 10
18 35 24
18 36 17
18 38 3
18 39 31
18 40 7
18 41 61
18 42 6
18 43 55
18 44 50
18 48 18
18 49 57
18 51 32
18 52 8
18 53 39
18 54 27
18 55 37
18 60 33
18 61 40
18 62 35
18 64 60
18 65 15
18 68 64
18 69 53
19 0 43
19 2 32
19 4 22
19 5 13
19 6 3
19 7 63
19 8 15
19 9 16
19 14 35
19 15 23
19 16 1
19 17 65
19 18 12
19 21 14
19 22 40
19 23 25
19 24 48
19 27 20
19 28 53
19 29 8
19 30 51
19 31 62
19 32 64
19 34 27
19 35 37
19 36 52
19 38 34
19 39 28
19 40 2
19 42 26
19 43 21
19 44 10
19 45 18
19 46 11
19 47 7
19 49 50
19 51 6
19 58 68
19 59 59
19 60 58
19 61 29
19 62 44
19 63 41
19 66 69
19 69 55
20 0 46
20 1 62
20 3 23
20 4 16
20 5 18
20 6 51
20 7 59
20 8 44
20 9 60
20 10 50
20 11 21
20 12 56
20 13 49
20 14 53
20 15 42
20 16 35
20 18 1
20 19 48
20 20 65
20 21 52
20 23 39
20 24 40
20 26 34
20 27 38
20 28 24
20 29 43
20 31 6
20 32 22
20 33 26
20 35 58
20 37 45
20 39 14
20 41 0
20 43 13
20 44 2
20 45 12
20 47 25
20 52 9
20 55 63
20 57 5
20 58 36
20 60 28
20 61 66
20 63 32
20 64 67
20 66 37
20 67 57
20 69 4
21 0 2
21 1 43
21 3 3
21 4 4
21 5 10
21 6 1
21 8 39
21 9 66
21 11 63
21 13 23
21 14 61
21 16 54
21 18 69
21 19 35
21 20 50
21 21 48
21 24 36
21 27 41
21 28 57
21 29 67
21 30 17
21 31 14
21 36 9
21 38 16
21 39 18
21 41 6
21 42 32
21 44 28
21 46 21
21 47 53
21 48 47
21 49 20
21 51 59
21 52 60
21 53 40
21 54 42
21 56 22
21 57 0
21 58 38
21 60 31
21 61 24
21 63 33
21 64 58
21 66 13
21 67 46
21 68 30
21 69 44
22 0 52
22 1 51
22 2 18
22 3 45
22 5 56
22 9 32
22 11 38
22 12 41
22 14 46
22 15 68
22 16 17
22 17 28
22 19 26
22 20 49
22 22 16
22 24 66
22 25 58
22 26 19
22 30 8
22 31 44
22 32 7
22 35 10
22 37 14
22 38 61
22 40 3
22 42 55
22 44 0
22 45 62
22 48 22
22 49 64
22 50 60
22 51 11
22 52 15
22 53 34
22 54 54
22 55 1
22 56 67
22 58 37
22 59 63
22 60 35
22 61 53
22 63 39
22 64 20
22 67 65
22 68 6
22 69 21
23 0 16
23 1 49
23 2 37
23 3 35
23 4 61
23 6 54
23 7 55
23 8 52
23 11 15
23 13 33
23 14 38
23 15 8
23 16 14
23 17 58
23 18 4
23 22 23
23 23 45
23 26 60
23 28 63
23 30 65
23 31 30
23 39 36
23 40 40
23 42 27
23 43 34
23 44 43
23 45 31
23 46 13
23 48 48
23 49 2
23 50 7
23 52 42
23 55 20
23 57 22
23 58 5
23 59 10
23 60 47
23 65 68
23 67 0
23 68 9
24 0 35
24 3 19
24 6 20
24 7 64
24 9 38
24 10 1
24 11 51
24 13 6
24 16 67
24 17 47
24 18 42
24 20 25
24 22 5
24 25 29
24 26 22
24 27 21
24 29 45
24 30 28
24 31 16
24 32 56
24 33 30
24 34 18
24 35 34
24 36 15
24 37 49
24 38 2
24 39 63
24 40 39
24 41 60
24 42 11
24 43 37
24 45 0
24 48 50
24 50 55
24 54 31
24 56 62
24 57 10
24 59 40
24 63 65
24 64 4
24 65 52
24 66 27
24 68 69
25 0 69
25 1 7
25 3 5
25 4 58
25 6 43
25 7 30
25 8 59
25 13 27
25 15 14
25 18 24
25 19 13
25 23 47
25 24 57
25 25 32
25 26 66
25 28 10
25 29 33
25 30 44
25 32 37
25 34 42
25 35 56
25 37 21
25 38 64
25 39 45
25 40 49
25 41 15
25 43 1
25 47 28
25 49 48
25 50 8
25 53 9
25 54 65
25 55 39
25 56 17
25 57 3
25 58 26
25 60 18
25 63 6
25 65 4
25 66 68
25 68 31
26 1 0
26 2 8
26 3 7
26 4 28
26 5 35
26 8 57
26 9 20
26 10 23
26 12 34
26 14 56
26 15 9
26 16 43
26 17 54
26 18 61
26 19 1
26 20 29
26 22 11
26 23 24
26 24 2
26 25 47
26 28 19
26 29 37
26 30 41
26 32 6
26 34 53
26 35 39
26 36 68
26 37 63
26 39 67
26 41 31
26 42 59
26 43 36
26 44 51
26 45 30
26 47 60
26 48 66
26 49 26
26 50 3
26 52 48
26 53 52
26 55 17
26 56 38
26 58 14
26 59 15
26 60 50
26 62 62
26 64 33
26 66 21
26 67 22
26 68 49
26 69 13
27 0 21
27 1 27
27 2 54
27 3 48
27 6 49
27 7 66
27 10 55
27 12 52
27 14 51
27 15 41
27 18 18
27 19 65
27 21 37
27 23 29
27 24 3
27 25 68
27 30 35
27 31 4
27 32 67
27 34 47
27 36 5
27 37 50
27 39 62
27 40 60
27 41 59
27 42 69
27 46 64
27 48 45
27 49 63
27 50 14
27 51 28
27 52 34
27 53 53
27 54 36
27 55 8
27 56 46
27 58 15
27 59 11
27 60 0
27 61 58
27 62 57
27 63 25
27 64 6
27 68 7
27 69 39
28 2 3
28 4 42
28 5 64
28 6 62
28 7 11
28 9 14
28 12 38
28 13 56
28 16 68
28 19 27
28 22 67
28 23 40
28 26 13
28 27 9
28 28 31
28 29 46
28 30 58
28 31 15
28 33 0
28 35 49
28 36 16
28 38 23
28 41 36
28 43 66
28 44 8
28 45 20
28 47 24
28 48 35
28 51 48
28 53 21
28 55 22
28 57 4
28 60 10
28 61 30
28 62 50
28 64 52
28 66 53
28 67 55
28 68 59
28 69 5
29 0 13
29 3 50
29 4 33
29 5 53
29 6 34
29 7 20
29 8 24
29 9 65
29 11 1
29 15 67
29 16 51
29 18 8
29 19 57
29 23 44
29 24 54
29 25 11
29 27 17
29 29 26
29 31 47
29 33 21
29 34 14
29 38 4
29 40 15
29 41 27
29 43 38
29 46 37
29 47 5
29 49 45
29 51 2
29 53 12
29 59 22
29 60 66
29 62 43
29 63 18
29 65 35
29 66 40
29 68 58
29 69 7
30 0 7
30 2 38
30 3 27
30 4 43
30 5 40
30 6 26
30 7 2
30 9 3
30 11 9
30 13 8
30 15 47
30 18 63
30 19 61
30 20 37
30 21 6
30 23 31
30 24 11
30 25 66
30 27 25
30 28 44
30 29 16
30 31 23
30 33 39
30 35 68
30 37 62
30 38 12
30 40 65
30 41 24
30 42 34
30 43 51
30 46 60
30 47 22
30 48 5
30 49 4
30 50 15
30 51 64
30 52 13
30 53 19
30 55 36
30 56 50
30 58 54
30 59 33
30 60 52
30 63 28
30 67 53
30 68 0
31 0 63
31 1 55
31 2 27
31 4 5
31 5 58
31 7 40
31 8 30
31 9 7
31 13 43
31 15 62
31 16 22
31 18 16
31 19 42
31 20 4
31 21 69
31 23 38
31 24 37
31 27 44
31 28 60
31 29 64
31 31 25
31 32 19
31 33 52
31 34 12
31 35 51
31 38 28
31 40 46
31 41 17
31 42 1
31 43 0
31 45 53
31 46 57
31 47 35
31 48 9
31 51 34
31 52 54
31 53 56
31 54 49
31 55 11
31 56 2
31 57 13
31 58 45
31 59 6
31 60 29
31 62 21
31 63 10
31 64 26
31 65 31
31 66 65
31 67 15
31 68 67
31 69 24
32 0 10
32 1 44
32 3 15
32 4 57
32 5 46
32 6 40
32 7 65
32 9 43
32 11 53
32 12 12
32 13 34
32 14 33
32 15 19
32 17 29
32 20 21
32 21 36
32 22 14
32 23 2
32 26 4
32 27 3
32 29 17
32 30 52
32 32 31
32 33 27
32 36 55
32 38 35
32 39 69
32 44 7
32 45 22
32 48 51
32 49 49
32 50 25
32 52 50
32 53 28
32 54 0
32 55 66
32 56 13
32 58 20
32 60 45
32 62 26
32 63 54
32 66 5
32 68 1
32 69 58
33 2 50
33 3 39
33 4 27
33 5 16
33 7 0
33 10 42
33 11 30
33 12 29
33 13 13
33 14 55
33 15 32
33 17 22
33 18 64
33 19 33
33 25 43
33 27 6
33 28 11
33 29 1
33 30 14
33 31 17
33 32 24
33 38 66
33 41 45
33 42 53
33 43 67
33 44 35
33 45 44
33 46 28
33 47 69
33 53 60
33 54 37
33 55 68
33 58 51
33 59 9
33 60 12
33 65 40
33 66 34
33 67 41
33 68 47
33 69 2
34 0 23
34 2 62
34 4 66
34 6 38
34 8 27
34 9 40
34 10 4
34 12 10
34 13 47
34 16 12
34 17 13
34 18 7
34 19 46
34 20 2
34 21 63
34 22 29
34 23 22
34 24 20
34 25 19
34 26 57
34 27 37
34 28 45
34 30 67
34 31 48
34 32 51
34 35 36
34 39 49
34 41 30
34 43 35
34 44 58
34 50 18
34 51 56
34 54 60
34 55 59
34 57 61
34 58 3
34 62 55
34 65 39
34 66 14
34 68 53
35 3 49
35 4 17
35 6 46
35 7 36
35 8 51
35 10 12
35 11 25
35 14 2
35 15 60
35 16 65
35 17 52
35 19 53
35 21 57
35 22 59
35 23 27
35 25 30
35 26 68
35 27 67
35 28 1
35 29 55
35 30 0
35 31 28
35 32 69
35 33 16
35 34 7
35 37 11
35 38 18
35 39 15
35 40 23
35 48 54
35 49 42
35 50 58
35 51 9
35 52 64
35 53 6
35 55 29
35 57 44
35 61 20
35 62 63
35 65 43
35 66 8
36 0 56
36 4 65
36 10 37
36 11 14
36 14 36
36 17 2
36 19 59
36 21 18
36 23 20
36 27 63
36 28 51
36 29 28
36 30 32
36 31 42
36 32 27
36 33 41
36 34 67
36 36 34
36 40 6
36 41 68
36 42 49
36 46 62
36 47 31
36 48 24
36 49 44
36 50 13
36 51 47
36 54 35
36 55 64
36 59 12
36 64 5
36 65 38
36 67 8
37 1 1
37 2 16
37 3 12
37 4 44
37 7 4
37 8 20
37 9 17
37 10 64
37 14 26
37 16 53
37 17 50
37 19 66
37 20 63
37 21 27
37 22 52
37 23 32
37 24 9
37 26 18
37 29 68
37 31 13
37 33 8
37 35 28
37 36 65
37 39 61
37 40 59
37 45 19
37 48 41
37 49 60
37 50 10
37 52 47
37 55 40
37 58 48
37 67 38
37 68 2
37 69 42
38 0 9
38 4 53
38 5 5
38 6 67
38 8 36
38 9 4
38 10 15
38 11 37
38 13 10
38 15 52
38 16 49
38 20 32
38 21 1
38 22 61
38 23 3
38 28 47
38 30 66
38 31 46
38 32 65
38 33 68
38 34 45
38 36 35
38 39 48
38 41 29
38 42 56
38 44 62
38 45 51
38 46 26
38 47 30
38 48 63
38 49 43
38 50 2
38 51 21
38 52 24
38 53 27
38 54 50
38 56 57
38 57 33
38 59 13
38 61 23
38 62 12
38 64 41
38 67 44
38 68 40
39 2 66
39 3 1
39 5 22
39 6 57
39 7 37
39 9 61
39 11 13
39 13 7
39 17 6
39 19 17
39 21 35
39 22 21
39 24 4
39 26 55
39 29 34
39 31 5
39 33 45
39 36 44
39 37 29
39 38 59
39 39 33
39 40 48
39 41 63
39 42 58
39 44 52
39 45 67
39 48 49
39 49 24
39 50 23
39 51 68
39 53 20
39 54 32
39 55 28
39 57 16
39 58 40
39 59 65
39 61 39
39 63 38
39 64 15
39 65 69
39 67 26
39 68 19
39 69 25
40 0 68
40 2 35
40 3 60
40 4 9
40 6 4
40 8 32
40 10 62
40 12 36
40 13 11
40 14 3
40 15 18
40 17 42
40 18 59
40 20 20
40 21 17
40 22 33
40 23 23
40 24 63
40 27 15
40 28 6
40 31 39
40 32 55
40 33 61
40 36 24
40 37 7
40 38 48
40 39 40
40 40 66
40 41 50
40 43 22
40 45 21
40 49 65
40 50 0
40 52 38
40 53 37
40 54 12
40 55 47
40 57 31
40 60 41
40 62 45
40 63 16
40 64 49
40 66 28
40 68 46
41 1 58
41 6 56
41 7 19
41 9 53
41 10 67
41 11 49
41 12 31
41 14 62
41 16 33
41 19 63
41 21 10
41 22 60
41 23 15
41 24 27
41 26 46
41 27 36
41 30 54
41 35 20
41 36 11
41 37 4
41 38 26
41 40 69
41 41 7
41 42 28
41 47 55
41 48 42
41 49 3
41 50 17
41 51 65
41 53 25
41 54 22
41 55 0
41 56 18
41 59 66
41 61 6
41 62 8
41 65 13
41 66 44
41 67 29
41 68 5
42 0 31
42 2 34
42 3 30
42 4 47
42 5 63
42 6 15
42 7 26
42 10 53
42 13 3
42 14 18
42 15 39
42 16 6
42 18 9
42 20 58
42 26 38
42 27 27
42 29 61
42 31 66
42 32 14
42 33 24
42 34 35
42 35 67
42 36 41
42 37 13
42 38 42
42 39 59
42 40 68
42 41 46
42 42 0
42 46 5
42 47 48
42 49 36
42 51 40
42 54 45
42 55 10
42 56 44
42 58 32
42 60 65
42 61 56
42 62 2
42 64 12
42 65 29
42 66 17
42 67 7
42 69 22
43 1 66
43 2 30
43 3 44
43 4 63
43 6 25
43 7 68
43 8 64
43 12 43
43 16 57
43 18 6
43 19 10
43 20 34
43 24 46
43 25 49
43 26 20
43 33 33
43 34 37
43 35 38
43 36 69
43 37 26
43 38 45
43 39 39
43 40 54
43 41 8
43 43 53
43 46 18
43 47 40
43 48 14
43 50 9
43 51 23
43 53 47
43 55 4
43 56 31
43 60 32
43 61 62
43 62 3
43 64 7
43 65 50
43 66 22
43 67 27
43 68 55
43 69 41
44 0 53
44 3 63
44 4 3
44 5 57
44 9 21
44 10 60
44 14 39
44 16 40
44 17 32
44 20 35
44 21 15
44 24 28
44 25 34
44 27 0
44 28 20
44 29 49
44 30 68
44 31 19
44 32 46
44 33 13
44 38 36
44 40 22
44 41 44
44 42 67
44 43 7
44 45 26
44 46 38
44 47 6
44 52 14
44 55 12
44 56 27
44 57 24
44 59 47
44 60 56
44 61 69
44 62 61
44 63 58
44 64 29
44 65 37
44 69 50
45 0 5
45 1 46
45 2 61
45 3 33
45 6 17
45 8 18
45 9 45
45 12 59
45 14 32
45 15 34
45 16 42
45 17 16
45 20 52
45 22 48
45 25 20
45 26 12
45 28 58
45 29 54
45 30 37
45 33 36
45 34 0
45 37 67
45 38 43
45 40 29
45 42 40
45 43 14
45 44 26
45 45 15
45 46 66
45 48 7
45 49 51
45 50 21
45 52 39
45 54 56
45 55 27
45 56 9
45 57 62
45 58 64
45 59 2
45 61 1
45 63 60
45 64 55
45 65 30
45 66 57
45 67 28
45 68 41
46 0 8
46 1 64
46 4 26
46 5 52
46 7 61
46 10 32
46 12 35
46 14 50
46 16 62
46 18 36
46 20 39
46 21 20
46 23 63
46 24 44
46 25 12
46 27 47
46 35 48
46 37 46
46 38 10
46 39 51
46 40 34
46 42 45
46 43 33
46 45 9
46 47 15
46 48 57
46 49 17
46 51 42
46 52 40
46 55 6
46 56 58
46 57 65
46 58 13
46 61 18
46 62 23
46 63 19
46 64 43
46 65 27
46 66 29
46 67 3
46 68 22
46 69 54
47 1 16
47 2 17
47 3 13
47 4 46
47 6 28
47 7 24
47 8 40
47 9 1
47 10 52
47 11 56
47 12 8
47 13 59
47 15 20
47 16 23
47 17 68
47 20 14
47 22 53
47 24 35
47 25 67
47 27 11
47 28 64
47 29 10
47 31 27
47 32 18
47 33 60
47 34 31
47 35 65
47 38 6
47 39 34
47 40 41
47 41 19
47 44 39
47 45 66
47 46 12
47 47 29
47 48 21
47 49 0
47 51 3
47 55 2
47 58 69
47 59 36
47 63 47
47 64 38
47 67 58
48 1 60
48 2 7
48 4 6
48 5 69
48 8 35
48 10 29
48 14 59
48 16 19
48 18 2
48 19 32
48 20 27
48 21 46
48 23 33
48 25 50
48 28 18
48 31 8
48 32 17
48 33 58
48 34 30
48 36 23
48 37 34
48 38 37
48 40 36
48 41 38
48 42 48
48 43 45
48 44 68
48 46 1
48 49 67
48 50 22
48 51 4
48 52 55
48 54 5
48 55 61
48 56 21
48 59 3
48 61 25
48 64 16
48 67 43
48 69 28
49 1 34
49 2 10
49 4 51
49 5 12
49 6 18
49 7 52
49 8 63
49 9 28
49 11 27
49 14 30
49 16 15
49 19 23
49 21 7
49 22 17
49 23 49
49 25 3
49 27 56
49 30 60
49 32 4
49 36 20
49 39 16
49 41 33
49 42 57
49 44 9
49 46 31
49 47 44
49 49 46
49 51 55
49 53 5
49 55 13
49 56 64
49 57 32
49 58 39
49 59 42
49 61 48
49 62 0
49 65 1
49 66 41
49 68 45
50 0 44
50 1 63
50 4 12
50 6 59
50 7 42
50 10 30
50 12 57
50 13 67
50 16 36
50 17 35
50 19 34
50 20 5
50 21 25
50 22 6
50 23 69
50 26 52
50 27 18
50 29 41
50 31 33
50 33 37
50 35 50
50 37 39
50 41 16
50 42 62
50 44 40
50 49 13
50 50 53
50 53 68
50 55 65
50 57 14
50 58 55
50 61 54
50 62 20
50 63 64
50 65 23
50 66 2
50 67 1
50 69 9
51 2 51
51 3 62
51 6 47
51 7 54
51 8 6
51 11 22
51 12 17
51 14 58
51 15 28
51 19 2
51 20 13
51 21 23
51 22 34
51 25 0
51 26 7
51 27 61
51 28 26
51 30 19
51 32 59
51 33 66
51 34 69
51 35 52
51 36 38
51 37 40
51 38 14
51 39 25
51 40 9
51 42 37
51 43 46
51 45 4
51 47 32
51 50 64
51 51 57
51 52 11
51 53 10
51 54 3
51 55 21
51 57 67
51 58 50
51 62 65
51 66 30
51 67 24
51 68 42
52 0 29
52 3 20
52 4 10
52 5 15
52 7 58
52 10 14
52 11 46
52 12 44
52 13 60
52 21 59
52 25 28
52 26 32
52 27 48
52 28 5
52 29 27
52 30 45
52 33 9
52 35 4
52 37 0
52 38 7
52 39 11
52 40 21
52 41 49
52 42 23
52 44 30
52 49 25
52 51 12
52 52 31
52 53 54
52 54 64
52 55 42
52 56 34
52 57 35
52 58 53
52 59 57
52 61 33
52 62 39
52 64 65
52 65 61
52 68 68
52 69 66
53 0 36
53 1 21
53 4 50
53 5 47
53 9 63
53 10 59
53 11 65
53 12 1
53 14 67
53 16 48
53 17 39
53 19 31
53 20 68
53 21 40
53 22 45
53 23 6
53 25 54
53 26 2
53 28 33
53 29 66
53 30 16
53 32 0
53 33 69
53 34 64
53 35 29
53 38 58
53 39 10
53 41 52
53 42 17
53 43 49
53 44 3
53 46 56
53 47 8
53 49 7
53 53 22
53 56 12
53 58 9
53 59 62
53 60 20
53 62 42
53 64 51
53 66 11
53 68 37
53 69 26
54 1 41
54 2 0
54 3 22
54 5 34
54 8 8
54 10 10
54 11 62
54 15 29
54 16 30
54 18 17
54 19 6
54 21 44
54 23 68
54 24 52
54 25 56
54 26 9
54 27 45
54 28 7
54 29 57
54 34 66
54 36 48
54 38 27
54 40 67
54 41 14
54 42 3
54 43 4
54 44 64
54 45 61
54 46 63
54 50 42
54 55 55
54 56 65
54 57 40
54 60 37
54 61 13
54 62 33
54 63 46
54 67 47
54 68 15
54 69 12
55 0 22
55 1 30
55 5 14
55 6 44
55 7 9
55 8 12
55 9 23
55 12 28
55 13 42
55 16 29
55 18 46
55 20 6
55 21 13
55 22 2
55 23 41
55 25 62
55 26 35
55 28 8
55 29 11
55 33 55
55 37 65
55 38 50
55 39 4
55 41 18
55 43 40
55 47 37
55 48 26
55 49 5
55 50 68
55 51 58
55 52 56
55 53 31
55 57 59
55 59 53
55 61 52
55 62 51
55 65 20
55 66 15
55 67 48
55 68 34
55 69 19
56 3 57
56 4 60
56 7 25
56 8 69
56 10 40
56 12 24
56 13 9
56 15 4
56 16 34
56 20 22
56 21 39
56 24 55
56 26 50
56 28 42
56 29 59
56 30 62
56 32 63
56 35 6
56 40 33
56 42 13
56 43 31
56 44 45
56 45 47
56 49 10
56 50 65
56 51 5
56 53 49
56 54 44
56 55 3
56 57 8
56 58 23
56 59 29
56 61 28
56 62 48
56 65 64
56 66 61
56 68 27
56 69 18
57 1 28
57 2 49
57 4 15
57 5 48
57 6 33
57 9 24
57 10 13
57 12 58
57 13 22
57 14 27
57 15 16
57 17 43
57 18 56
57 19 25
57 22 7
57 23 19
57 24 60
57 25 38
57 32 23
57 33 29
57 35 26
57 37 17
57 38 46
57 39 8
57 40 63
57 44 67
57 45 54
57 46 40
57 47 59
57 49 69
57 50 1
57 54 57
57 55 53
57 57 6
57 58 47
57 59 64
57 62 9
57 64 45
57 66 36
57 67 39
58 1 40
58 2 65
58 4 30
58 6 9
58 8 34
58 10 68
58 14 0
58 15 17
58 17 20
58 19 39
58 20 45
58 22 15
58 26 16
58 27 31
58 28 27
58 29 5
58 30 63
58 32 32
58 33 7
58 35 54
58 36 22
58 37 57
58 38 52
58 41 3
58 45 69
58 46 48
58 47 26
58 49 56
58 50 24
58 52 41
58 54 47
58 55 43
58 56 10
58 57 28
58 62 66
58 64 53
58 65 60
58 66 1
58 68 38
59 0 61
59 1 37
59 2 63
59 3 41
59 6 60
59 7 12
59 9 42
59 10 66
59 15 10
59 16 69
59 17 62
59 20 44
59 21 11
59 23 30
59 24 16
59 27 51
59 28 38
59 29 3
59 30 6
59 31 45
59 32 54
59 34 36
59 35 9
59 40 28
59 42 46
59 43 17
59 45 65
59 47 33
59 48 19
59 49 22
59 51 53
59 52 21
59 53 58
59 57 55
59 58 56
59 60 24
59 61 34
59 63 20
59 64 59
59 65 2
59 66 48
59 67 13
59 68 29
60 2 40
60 5 9
60 6 69
60 10 16
60 12 4
60 14 29
60 17 61
60 20 42
60 23 60
60 24 13
60 25 36
60 26 63
60 28 2
60 29 50
60 30 53
60 32 38
60 33 47
60 34 5
60 37 22
60 38 30
60 39 20
60 40 24
60 46 7
60 47 62
60 48 59
60 51 37
60 52 45
60 53 55
60 54 28
60 55 33
60 57 51
60 60 43
60 61 67
60 63 44
60 65 10
60 68 21
60 69 31
61 0 55
61 3 29
61 4 64
61 5 37
61 7 13
61 10 56
61 11 67
61 12 21
61 13 26
61 15 36
61 18 10
61 21 61
61 24 38
61 25 63
61 26 47
61 27 5
61 29 9
61 30 49
61 33 6
61 35 33
61 37 60
61 39 50
61 40 58
61 42 15
61 43 3
61 45 14
61 49 19
61 50 12
61 51 62
61 52 17
61 53 23
61 58 0
61 59 48
61 61 43
61 62 4
61 64 18
61 65 65
61 68 39
62 1 5
62 2 31
62 4 56
62 5 43
62 6 35
62 9 55
62 11 61
62 12 37
62 14 17
62 17 15
62 20 46
62 21 30
62 26 3
62 27 26
62 29 25
62 30 10
62 32 9
62 33 65
62 34 60
62 36 63
62 38 54
62 41 34
62 42 39
62 44 59
62 46 22
62 47 38
62 48 11
62 51 33
62 52 4
62 53 67
62 54 2
62 55 45
62 56 28
62 57 64
62 58 27
62 59 19
62 60 49
62 61 12
62 63 66
62 64 8
62 66 23
62 67 68
62 68 50
62 69 20
63 1 9
63 4 45
63 5 30
63 6 58
63 7 22
63 8 13
63 9 31
63 10 11
63 11 20
63 12 2
63 13 55
63 14 16
63 16 37
63 17 36
63 18 21
63 19 49
63 20 41
63 21 60
63 22 57
63 24 62
63 25 1
63 26 10
63 30 15
63 31 35
63 32 47
63 33 56
63 35 27
63 37 38
63 38 24
63 39 64
63 40 52
63 42 63
63 43 42
63 46 51
63 47 0
63 49 12
63 51 18
63 52 5
63 54 59
63 56 53
63 57 68
63 58 25
63 60 44
63 61 65
63 62 46
63 67 34
63 69 40
64 0 57
64 1 45
64 2 43
64 9 2
64 10 21
64 11 55
64 12 63
64 13 29
64 14 34
64 15 46
64 16 64
64 18 22
64 19 68
64 20 66
64 21 19
64 22 47
64 23 12
64 24 69
64 28 67
64 30 3
64 31 65
64 33 18
64 35 30
64 36 6
64 38 60
64 41 48
64 43 62
64 44 15
64 45 24
64 46 53
64 47 56
64 50 61
64 52 33
64 53 44
64 54 8
64 55 9
64 58 49
64 59 35
64 60 23
64 61 7
64 63 5
64 66 58
64 67 10
65 1 14
65 2 5
65 3 55
65 6 31
65 7 18
65 10 65
65 11 0
65 12 6
65 16 28
65 17 4
65 19 41
65 20 59
65 24 12
65 25 21
65 27 8
65 28 69
65 29 29
65 30 23
65 32 13
65 33 10
65 34 16
65 35 57
65 37 2
65 39 19
65 40 62
65 43 47
65 44 49
65 46 45
65 48 27
65 49 39
65 51 20
65 53 33
65 54 48
65 56 54
65 57 56
65 59 26
65 60 60
65 63 50
65 64 30
66 1 36
66 2 48
66 3 32
66 4 2
66 5 28
66 6 13
66 7 29
66 8 22
66 10 34
66 11 3
66 12 7
66 17 40
66 20 55
66 21 4
66 22 27
66 23 54
66 26 5
66 28 17
66 30 56
66 34 59
66 35 64
66 36 62
66 43 23
66 46 46
66 48 20
66 50 30
66 51 16
66 53 24
66 54 6
66 55 41
66 56 37
66 57 26
66 64 1
66 65 14
66 67 19
66 68 61
67 0 58
67 1 18
67 4 55
67 6 16
67 9 19
67 11 60
67 17 27
67 19 38
67 21 47
67 23 9
67 24 7
67 27 24
67 28 39
67 29 51
67 30 1
67 31 59
67 34 50
67 35 17
67 36 31
67 37 64
67 38 22
67 41 10
67 46 23
67 47 21
67 51 61
67 53 26
67 54 20
67 58 8
67 59 14
67 61 44
67 63 56
67 65 54
67 66 46
67 67 66
67 68 57
68 0 32
68 3 53
68 4 62
68 5 20
68 6 8
68 7 3
68 8 10
68 10 35
68 11 43
68 12 0
68 14 63
68 15 61
68 16 13
68 17 11
68 21 45
68 22 39
68 25 33
68 27 22
68 28 9
68 30 26
68 31 55
68 32 36
68 33 2
68 35 40
68 37 30
68 38 56
68 39 46
68 42 12
68 43 65
68 44 21
68 45 6
68 48 38
68 50 31
68 52 37
68 53 41
68 55 7
68 57 57
68 59 25
68 61 49
68 63 48
68 64 66
68 65 47
68 68 23
68 69 16
69 0 65
69 1 68
69 5 50
69 6 12
69 7 14
69 8 1
69 10 7
69 12 61
69 13 4
69 14 66
69 15 37
69 16 55
69 17 63
69 21 33
69 22 24
69 25 53
69 26 6
69 29 35
69 30 40
69 31 10
69 33 23
69 34 41
69 35 11
69 37 27
69 38 67
69 39 57
69 40 51
69 42 29
69 43 60
69 45 17
69 46 30
69 50 26
69 53 38
69 54 52
69 56 19
69 57 21
69 59 49
69 60 34
69 61 3
69 62 54
69 63 2
69 64 22
69 65 32
69 66 62
69 67 20
69 68 25
