60
0 0 36
0 1 17
0 2 32
0 3 43
0 4 42
0 6 13
0 7 5
0 9 24
0 10 10
0 11 16
0 13 45
0 14 2
0 15 18
0 16 54
0 17 59
0 18 8
0 19 52
0 20 15
0 21 0
0 22 31
0 23 3
0 24 40
0 25 6
0 26 39
0 27 51
0 29 57
0 31 26
0 32 35
0 34 28
0 36 20
0 37 11
0 38 53
0 39 1
0 40 41
0 41 37
0 43 49
0 44 23
0 45 47
0 46 14
0 47 38
0 48 22
0 49 29
0 51 25
0 52 56
0 53 33
0 54 7
0 55 19
0 57 27
0 58 34
1 0 27
1 1 10
1 2 50
1 3 5
1 4 6
1 5 40
1 6 17
1 8 54
1 9 44
1 10 18
1 11 31
1 12 25
1 13 43
1 14 49
1 15 58
1 18 55
1 19 22
1 20 42
1 21 1
1 22 3
1 24 9
1 25 14
1 26 45
1 27 38
1 28 16
1 29 11
1 30 32
1 32 2
1 33 41
1 34 51
1 36 28
1 37 0
1 40 37
1 41 36
1 42 33
1 43 46
1 44 48
1 45 7
1 46 26
1 47 47
1 48 4
1 49 8
1 50 20
1 52 35
1 54 39
1 55 15
1 56 19
1 58 53
1 59 52
2 0 8
2 1 23
2 2 27
2 3 21
2 4 22
2 6 52
2 7 2
2 8 41
2 9 55
2 10 49
2 11 7
2 12 34
2 13 48
2 14 51
2 15 9
2 17 40
2 18 5
2 19 56
2 20 36
2 22 39
2 24 10
2 25 19
2 26 28
2 27 42
2 28 11
2 29 29
2 30 4
2 31 58
2 32 15
2 33 3
2 36 47
2 38 37
2 39 46
2 41 18
2 43 32
2 45 57
2 48 17
2 49 16
2 50 30
2 51 31
2 54 54
2 55 33
2 56 35
2 57 14
2 58 45
3 0 3
3 1 20
3 2 24
3 3 33
3 5 13
3 6 42
3 7 12
3 8 25
3 9 10
3 10 0
3 11 2
3 12 29
3 13 57
3 14 44
3 15 8
3 18 53
3 19 49
3 20 43
3 21 47
3 23 32
3 24 45
3 25 16
3 26 15
3 27 56
3 28 48
3 29 58
3 30 38
3 31 4
3 32 41
3 33 51
3 35 19
3 37 22
3 38 39
3 39 30
3 40 52
3 41 7
3 42 54
3 43 31
3 44 37
3 45 23
3 47 35
3 48 5
3 49 34
3 50 26
3 51 27
3 52 59
3 53 9
3 55 6
3 56 40
3 57 21
3 58 55
3 59 18
4 0 32
4 2 41
4 3 24
4 4 56
4 6 29
4 7 26
4 8 11
4 9 50
4 10 47
4 11 21
4 12 9
4 14 16
4 15 34
4 16 35
4 18 39
4 19 19
4 20 10
4 21 22
4 22 49
4 23 14
4 24 46
4 25 33
4 28 15
4 29 52
4 30 0
4 32 38
4 33 27
4 34 3
4 35 57
4 36 40
4 37 4
4 38 51
4 40 8
4 41 20
4 42 13
4 43 44
4 44 53
4 46 18
4 48 23
4 49 12
4 50 43
4 52 54
4 55 58
4 56 37
4 57 28
4 58 5
5 1 28
5 3 44
5 4 50
5 5 12
5 6 11
5 7 10
5 8 53
5 9 32
5 10 36
5 11 33
5 12 43
5 15 51
5 16 6
5 17 38
5 18 30
5 19 35
5 20 31
5 21 14
5 22 8
5 24 26
5 25 23
5 26 46
5 27 54
5 28 27
5 29 20
5 31 42
5 32 40
5 33 59
5 34 5
5 35 2
5 36 45
5 37 34
5 38 3
5 39 39
5 41 24
5 42 52
5 43 17
5 44 21
5 47 29
5 49 47
5 50 22
5 51 7
5 53 13
5 54 48
5 56 1
5 59 0
6 0 33
6 1 47
6 2 19
6 4 11
6 5 53
6 6 43
6 7 56
6 9 9
6 11 1
6 12 30
6 13 32
6 14 45
6 15 23
6 16 15
6 18 37
6 19 50
6 21 20
6 22 26
6 23 2
6 25 0
6 27 34
6 28 14
6 30 40
6 31 39
6 32 22
6 33 48
6 35 54
6 36 31
6 37 8
6 38 12
6 39 28
6 40 44
6 41 52
6 42 7
6 43 3
6 44 36
6 45 59
6 46 21
6 47 46
6 48 41
6 49 5
6 50 10
6 51 16
6 53 57
6 54 6
6 58 27
6 59 29
7 0 25
7 2 47
7 3 16
7 4 49
7 5 26
7 6 27
7 7 33
7 8 32
7 9 34
7 10 28
7 11 24
7 13 20
7 15 5
7 16 11
7 17 22
7 18 1
7 19 48
7 20 50
7 21 56
7 22 58
7 23 15
7 25 45
7 27 9
7 28 53
7 29 2
7 30 31
7 31 23
7 32 4
7 33 10
7 34 21
7 35 55
7 36 7
7 37 43
7 38 14
7 41 12
7 42 51
7 43 19
7 44 8
7 45 13
7 46 39
7 47 54
7 48 36
7 49 40
7 51 6
7 53 44
7 54 3
7 55 42
7 57 29
7 58 17
7 59 30
8 0 58
8 1 27
8 2 9
8 4 53
8 5 18
8 6 16
8 7 24
8 11 55
8 13 25
8 14 5
8 15 37
8 16 40
8 17 48
8 18 14
8 19 34
8 20 21
8 21 29
8 23 43
8 24 38
8 25 26
8 26 56
8 27 46
8 28 36
8 30 11
8 31 17
8 32 0
8 33 20
8 34 57
8 35 8
8 37 12
8 38 30
8 39 51
8 40 1
8 41 44
8 42 39
8 45 41
8 46 23
8 47 28
8 48 52
8 49 49
8 50 50
8 51 35
8 52 7
8 53 32
8 55 47
8 58 15
8 59 6
9 0 5
9 2 36
9 3 1
9 4 18
9 6 39
9 7 29
9 8 30
9 9 17
9 10 48
9 11 54
9 12 50
9 13 21
9 14 32
9 15 49
9 16 31
9 17 41
9 18 26
9 19 25
9 20 33
9 21 59
9 22 34
9 23 55
9 24 7
9 25 58
9 26 57
9 27 27
9 28 19
9 29 22
9 30 6
9 32 14
9 33 24
9 34 2
9 35 3
9 36 37
9 37 20
9 38 42
9 39 4
9 40 45
9 41 46
9 42 40
9 43 10
9 44 35
9 46 44
9 47 9
9 48 0
9 49 23
9 50 47
9 51 11
9 53 8
9 54 12
9 55 52
9 57 16
9 58 43
10 0 1
10 1 16
10 2 15
10 4 9
10 5 6
10 6 28
10 7 58
10 9 21
10 10 2
10 11 35
10 12 40
10 13 13
10 14 38
10 17 19
10 19 3
10 20 23
10 21 8
10 22 22
10 23 36
10 24 34
10 26 5
10 28 59
10 29 48
10 30 54
10 31 41
10 34 0
10 35 53
10 36 10
10 37 42
10 38 31
10 39 49
10 40 57
10 41 33
10 42 44
10 43 24
10 44 12
10 45 20
10 46 29
10 47 18
10 48 11
10 49 4
10 51 37
10 52 25
10 53 45
10 55 56
10 56 50
10 57 55
10 58 7
10 59 32
11 1 40
11 2 23
11 4 27
11 5 36
11 6 24
11 8 21
11 9 49
11 11 51
11 12 54
11 13 52
11 14 30
11 15 33
11 16 8
11 17 42
11 18 56
11 19 5
11 21 17
11 23 41
11 24 20
11 25 7
11 26 44
11 28 9
11 29 32
11 30 34
11 32 57
11 33 26
11 35 13
11 36 38
11 37 28
11 38 11
11 39 31
11 40 3
11 42 55
11 43 37
11 44 0
11 45 39
11 46 48
11 47 59
11 48 58
11 49 14
11 50 6
11 51 45
11 53 25
11 54 43
11 57 22
11 58 19
11 59 50
12 0 18
12 1 21
12 2 46
12 3 26
12 4 8
12 5 48
12 6 45
12 7 43
12 8 59
12 9 6
12 10 22
12 11 37
12 12 44
12 13 39
12 14 40
12 16 16
12 17 4
12 19 13
12 20 24
12 21 57
12 22 9
12 26 11
12 28 17
12 29 28
12 30 33
12 31 20
12 32 5
12 33 55
12 34 58
12 36 25
12 38 10
12 39 41
12 40 14
12 41 50
12 42 29
12 44 7
12 45 31
12 47 34
12 48 42
12 49 27
12 51 54
12 52 51
12 54 15
12 55 36
12 56 56
12 57 38
12 58 30
12 59 23
13 0 53
13 1 34
13 2 33
13 4 30
13 5 59
13 6 26
13 7 9
13 8 35
13 9 16
13 10 38
13 11 50
13 13 54
13 14 6
13 16 42
13 17 29
13 18 48
13 19 45
13 20 4
13 21 11
13 22 18
13 23 37
13 24 27
13 25 12
13 26 51
13 27 19
13 29 36
13 30 5
13 31 1
13 32 3
13 33 43
13 35 20
13 36 24
13 37 55
13 38 52
13 39 47
13 40 32
13 41 56
13 42 8
13 43 0
13 44 49
13 45 22
13 46 2
13 47 40
13 48 10
13 49 39
13 50 13
13 51 44
13 52 17
13 53 21
13 54 23
13 55 57
13 56 28
13 57 25
13 59 46
14 2 51
14 3 28
14 5 38
14 6 35
14 7 30
14 8 56
14 9 25
14 10 17
14 11 15
14 13 58
14 15 48
14 16 10
14 18 18
14 19 39
14 20 6
14 21 32
14 24 29
14 25 54
14 26 49
14 27 7
14 28 31
14 29 47
14 30 21
14 31 9
14 32 13
14 33 2
14 34 40
14 35 42
14 36 3
14 37 46
14 38 23
14 39 53
14 40 43
14 42 24
14 43 14
14 45 52
14 46 8
14 48 16
14 49 1
14 51 5
14 52 55
14 53 36
14 55 50
14 58 11
14 59 27
15 0 54
15 2 57
15 3 50
15 4 7
15 5 16
15 7 25
15 8 20
15 9 48
15 11 39
15 12 59
15 14 52
15 15 55
15 17 3
15 18 10
15 20 14
15 21 21
15 23 31
15 24 58
15 25 41
15 26 35
15 27 53
15 28 2
15 29 27
15 30 30
15 31 0
15 32 1
15 33 34
15 34 46
15 35 33
15 36 18
15 37 51
15 42 11
15 43 12
15 44 56
15 45 6
15 46 15
15 48 47
15 49 26
15 51 43
15 53 28
15 54 8
15 56 36
16 0 7
16 2 2
16 3 4
16 5 3
16 6 0
16 8 51
16 9 14
16 10 59
16 11 26
16 12 17
16 13 33
16 14 47
16 15 53
16 18 50
16 20 46
16 21 5
16 23 30
16 25 44
16 26 16
16 27 58
16 28 25
16 29 13
16 30 18
16 31 54
16 34 39
16 35 34
16 36 27
16 37 40
16 40 12
16 41 38
16 42 23
16 43 42
16 44 11
16 45 8
16 46 32
16 47 56
16 48 21
16 49 55
16 50 49
16 53 6
16 54 10
16 55 41
16 56 31
16 58 9
16 59 15
17 0 22
17 1 2
17 2 11
17 3 49
17 6 56
17 7 4
17 8 5
17 9 7
17 10 41
17 11 9
17 13 28
17 14 55
17 15 50
17 17 45
17 20 30
17 22 13
17 23 26
17 24 39
17 25 46
17 26 8
17 27 35
17 28 44
17 29 40
17 30 29
17 33 6
17 34 18
17 35 0
17 38 38
17 39 37
17 40 47
17 41 23
17 42 19
17 43 54
17 46 12
17 47 21
17 48 31
17 50 1
17 51 57
17 52 20
17 53 10
17 54 17
17 55 25
17 56 58
17 58 48
17 59 43
18 0 24
18 1 43
18 2 3
18 3 53
18 4 33
18 5 50
18 7 57
18 8 42
18 9 5
18 10 1
18 11 34
18 12 35
18 13 4
18 14 48
18 16 55
18 20 37
18 21 18
18 22 29
18 24 36
18 26 9
18 27 26
18 28 6
18 29 14
18 30 51
18 32 8
18 34 7
18 35 49
18 37 23
18 38 56
18 39 17
18 42 0
18 43 58
18 44 40
18 49 2
18 51 13
18 52 39
18 53 46
18 55 21
18 56 30
18 57 31
18 58 44
18 59 19
19 1 54
19 3 37
19 4 41
19 5 11
19 6 57
19 7 31
19 8 8
19 9 39
19 10 45
19 11 58
19 12 19
19 13 50
19 14 13
19 15 32
19 16 3
19 17 18
19 18 23
19 19 2
19 20 51
19 21 43
19 23 16
19 24 1
19 25 25
19 26 12
19 27 20
19 28 55
19 29 56
19 30 28
19 32 59
19 33 35
19 34 15
19 37 14
19 38 47
19 39 26
19 40 24
19 41 27
19 42 21
19 43 36
19 44 17
19 45 40
19 46 7
19 47 52
19 48 34
19 49 46
19 50 38
19 51 33
19 53 4
19 54 53
19 57 44
19 58 42
19 59 22
20 0 50
20 2 56
20 3 13
20 5 15
20 7 45
20 8 34
20 9 0
20 11 11
20 12 2
20 13 47
20 17 12
20 20 38
20 21 52
20 22 32
20 23 23
20 25 17
20 27 24
20 30 57
20 31 35
20 32 31
20 34 29
20 35 46
20 36 55
20 37 58
20 38 5
20 39 44
20 40 59
20 41 1
20 42 3
20 43 33
20 44 18
20 45 14
20 46 42
20 47 41
20 52 19
20 53 26
20 54 16
20 55 48
20 56 53
20 58 20
20 59 40
21 0 9
21 1 41
21 2 0
21 3 45
21 4 55
21 5 32
21 6 21
21 7 8
21 8 2
21 9 26
21 10 29
21 11 42
21 12 16
21 14 14
21 15 1
21 16 49
21 17 56
21 18 11
21 19 46
21 20 52
21 21 39
21 22 53
21 23 6
21 24 59
21 25 47
21 26 31
21 27 44
21 28 28
21 29 15
21 30 50
21 31 24
21 32 12
21 33 57
21 34 23
21 35 58
21 36 4
21 37 27
21 38 34
21 39 40
21 43 18
21 44 13
21 45 19
21 46 25
21 47 37
21 49 36
21 50 33
21 51 10
21 54 20
21 55 35
21 56 51
21 57 3
21 58 54
21 59 7
22 0 10
22 1 24
22 2 45
22 3 9
22 4 39
22 5 27
22 6 50
22 8 33
22 9 54
22 10 34
22 11 59
22 12 21
22 13 14
22 17 30
22 18 57
22 19 31
22 20 19
22 21 48
22 22 20
22 23 8
22 24 12
22 26 6
22 27 49
22 29 43
22 30 3
22 31 15
22 36 58
22 38 7
22 39 55
22 40 28
22 41 0
22 42 46
22 43 25
22 47 5
22 48 53
22 50 56
22 51 36
22 52 29
22 53 52
22 54 26
22 55 4
22 56 41
22 57 40
22 58 35
22 59 11
23 2 59
23 3 39
23 4 32
23 5 19
23 6 23
23 7 51
23 8 57
23 9 18
23 11 4
23 13 34
23 14 22
23 15 40
23 16 46
23 17 9
23 18 12
23 20 16
23 21 58
23 22 21
23 24 50
23 26 3
23 27 6
23 28 0
23 29 17
23 30 1
23 32 42
23 33 38
23 34 43
23 35 7
23 36 30
23 37 54
23 38 36
23 39 15
23 40 33
23 41 13
23 42 37
23 44 5
23 45 49
23 47 48
23 48 56
23 49 35
23 50 55
23 51 28
23 52 26
23 53 41
23 54 45
23 55 53
23 56 14
23 57 11
23 58 10
24 1 53
24 2 21
24 3 22
24 4 15
24 5 52
24 8 0
24 9 11
24 10 46
24 13 31
24 14 1
24 15 7
24 17 33
24 18 59
24 20 12
24 21 13
24 22 47
24 23 10
24 25 29
24 26 17
24 27 45
24 28 23
24 29 50
24 30 48
24 31 3
24 32 28
24 34 38
24 35 6
24 36 9
24 37 26
24 38 55
24 43 35
24 44 58
24 45 30
24 46 27
24 48 40
24 49 18
24 50 4
24 52 43
24 53 37
24 54 49
24 55 20
24 56 44
24 57 19
24 58 36
25 0 43
25 1 38
25 2 40
25 3 6
25 4 44
25 5 4
25 6 2
25 7 23
25 8 17
25 9 13
25 10 57
25 11 12
25 12 36
25 13 55
25 14 33
25 15 41
25 16 9
25 17 7
25 18 20
25 21 50
25 22 46
25 26 32
25 27 0
25 28 37
25 29 42
25 32 51
25 34 35
25 35 10
25 37 59
25 38 21
25 39 18
25 40 26
25 42 45
25 43 39
25 44 30
25 45 48
25 46 5
25 47 49
25 48 14
25 49 15
25 51 52
25 52 31
25 53 11
25 54 27
25 55 29
25 56 3
25 57 56
25 58 16
25 59 47
26 0 49
26 1 18
26 4 52
26 5 28
26 6 38
26 7 53
26 9 22
26 11 43
26 13 41
26 14 54
26 15 56
26 17 37
26 18 44
26 21 35
26 22 30
26 23 12
26 24 25
26 25 36
26 26 7
26 27 55
26 28 1
26 30 27
26 31 34
26 32 58
26 33 46
26 34 33
26 36 8
26 37 3
26 38 48
26 39 10
26 40 40
26 41 21
26 42 17
26 43 57
26 44 31
26 45 16
26 46 50
26 48 24
26 49 32
26 50 5
26 53 47
26 54 42
26 55 2
26 57 20
26 58 59
26 59 9
27 0 44
27 1 14
27 2 38
27 3 12
27 4 1
27 5 9
27 6 49
27 7 48
27 8 27
27 9 46
27 10 26
27 12 33
27 13 36
27 14 17
27 15 52
27 16 23
27 17 58
27 18 40
27 19 15
27 20 5
27 21 10
27 22 50
27 25 56
27 27 11
27 28 20
27 29 34
27 30 53
27 32 16
27 33 0
27 34 30
27 35 32
27 36 13
27 38 41
27 39 42
27 40 2
27 41 31
27 42 43
27 43 29
27 44 55
27 45 35
27 46 6
27 48 59
27 49 19
27 51 47
27 52 57
27 53 54
27 54 18
27 55 22
27 56 24
27 57 39
27 58 3
27 59 45
28 0 39
28 1 48
28 4 16
28 5 0
28 6 14
28 7 20
28 8 3
28 9 53
28 10 55
28 11 46
28 12 45
28 13 17
28 15 54
28 16 28
28 17 8
28 18 47
28 19 29
28 20 59
28 23 56
28 24 57
28 25 15
28 26 40
28 28 38
28 30 13
28 31 49
28 33 42
28 34 24
28 35 37
28 36 12
28 38 22
28 40 4
28 41 9
28 43 7
28 45 21
28 47 58
28 48 26
28 49 10
28 51 2
28 52 5
28 54 25
28 55 30
28 57 6
28 58 50
29 0 2
29 1 5
29 2 17
29 3 57
29 5 37
29 8 6
29 9 33
29 10 20
29 11 40
29 13 56
29 14 53
29 16 14
29 17 55
29 18 3
29 20 0
29 22 41
29 23 34
29 25 35
29 26 1
29 27 52
29 28 58
29 31 8
29 32 50
29 33 54
29 34 59
29 36 21
29 38 46
29 40 31
29 41 25
29 42 26
29 44 29
29 46 43
29 47 30
29 48 27
29 49 51
29 50 9
29 51 39
29 52 45
29 53 49
29 55 38
29 56 4
29 57 47
29 58 12
29 59 48
30 0 12
30 1 3
30 2 52
30 4 31
30 7 21
30 8 4
30 9 59
30 10 33
30 12 46
30 14 56
30 15 44
30 16 13
30 17 39
30 18 27
30 19 20
30 20 7
30 21 28
30 22 42
30 23 0
30 24 6
30 25 37
30 26 10
30 27 23
30 28 34
30 29 16
30 30 43
30 31 40
30 32 47
30 33 18
30 35 35
30 37 2
30 38 25
30 39 36
30 40 50
30 41 51
30 42 48
30 44 54
30 45 1
30 46 45
30 47 11
30 48 57
30 49 22
30 50 15
30 51 32
30 52 49
30 53 58
30 54 38
30 55 14
30 57 24
30 58 26
30 59 17
31 0 28
31 1 56
31 2 8
31 3 40
31 4 12
31 5 10
31 6 3
31 8 19
31 10 51
31 12 38
31 13 5
31 14 9
31 15 22
31 16 36
31 17 35
31 19 14
31 20 29
31 21 25
31 23 52
31 24 42
31 25 21
31 26 26
31 27 17
31 28 49
31 29 23
31 32 20
31 34 16
31 35 48
31 36 39
31 38 6
31 39 45
31 41 58
31 42 1
31 43 43
31 44 15
31 45 11
31 46 34
31 49 54
31 50 24
31 51 53
31 52 44
31 53 18
31 54 32
31 55 0
31 56 27
31 57 46
31 58 47
32 0 42
32 1 0
32 2 48
32 3 25
32 6 15
32 8 50
32 9 27
32 10 52
32 11 20
32 12 57
32 15 29
32 18 36
32 19 47
32 20 28
32 21 31
32 22 7
32 23 46
32 25 43
32 26 18
32 29 24
32 30 16
32 31 14
32 32 55
32 33 37
32 36 6
32 38 35
32 39 5
32 40 54
32 41 34
32 43 53
32 44 26
32 45 4
32 46 51
32 49 33
32 50 3
32 51 30
32 52 11
32 53 40
32 54 9
32 55 17
32 56 39
32 57 10
32 58 22
32 59 2
33 0 14
33 1 46
33 2 13
33 5 29
33 6 1
33 7 36
33 9 42
33 10 6
33 12 20
33 13 53
33 14 43
33 15 4
33 17 49
33 18 19
33 19 10
33 20 17
33 22 38
33 23 27
33 24 11
33 26 58
33 27 50
33 30 56
33 31 33
33 32 32
33 33 8
33 35 15
33 36 57
33 37 48
33 38 24
33 39 2
33 40 21
33 41 55
33 42 12
33 43 41
33 44 52
33 45 25
33 46 0
33 47 44
33 48 9
33 50 18
33 52 47
33 53 39
33 56 34
33 57 45
33 58 51
33 59 16
34 0 21
34 1 37
34 2 22
34 3 14
34 6 4
34 7 49
34 8 39
34 10 25
34 11 52
34 12 27
34 13 6
34 14 28
34 15 36
34 16 59
34 17 46
34 18 41
34 19 26
34 20 44
34 21 54
34 22 55
34 23 40
34 24 33
34 25 42
34 27 47
34 28 10
34 30 35
34 31 13
34 34 32
34 36 50
34 37 17
34 38 9
34 39 11
34 40 15
34 41 8
34 42 18
34 43 56
34 44 20
34 46 24
34 48 2
34 49 30
34 50 48
34 51 12
34 52 3
34 53 53
34 54 58
34 55 34
34 56 16
34 57 7
34 58 0
34 59 38
35 0 20
35 2 34
35 3 19
35 4 58
35 5 7
35 7 46
35 9 35
35 10 3
35 12 18
35 13 30
35 14 11
35 15 38
35 16 56
35 17 28
35 18 45
35 19 53
35 20 48
35 21 44
35 22 43
35 23 57
35 25 39
35 26 42
35 27 8
35 28 21
35 29 55
35 30 23
35 31 36
35 32 26
35 34 47
35 35 59
35 36 16
35 37 5
35 39 13
35 40 29
35 41 2
35 42 4
35 43 52
35 44 24
35 45 27
35 46 33
35 47 17
35 49 50
35 50 12
35 51 0
35 52 22
35 53 31
35 54 41
35 55 54
35 56 9
35 57 37
35 59 51
36 0 56
36 2 31
36 3 48
36 4 35
36 5 55
36 6 37
36 7 19
36 8 40
36 11 13
36 12 28
36 13 0
36 14 3
36 15 27
36 16 39
36 17 26
36 19 21
36 20 54
36 21 7
36 22 1
36 23 42
36 24 5
36 26 24
36 28 46
36 29 51
36 30 2
36 31 6
36 32 25
36 33 17
36 34 22
36 35 44
36 36 52
36 37 9
36 38 43
36 39 58
36 40 11
36 41 16
36 42 15
36 43 20
36 44 47
36 45 53
36 46 38
36 47 12
36 49 45
36 50 57
36 51 50
36 52 41
36 53 34
36 55 49
36 56 23
36 57 59
36 58 18
36 59 33
37 0 0
37 1 59
37 2 35
37 3 51
37 4 47
37 5 41
37 7 15
37 8 43
37 9 3
37 11 23
37 12 58
37 13 49
37 14 46
37 16 17
37 17 50
37 18 24
37 19 18
37 20 57
37 23 28
37 24 55
37 25 48
37 28 42
37 29 12
37 30 44
37 31 21
37 32 10
37 33 7
37 35 25
37 36 32
37 37 52
37 38 54
37 39 38
37 40 13
37 41 29
37 42 34
37 44 39
37 45 9
37 46 40
37 47 20
37 48 30
37 49 6
37 50 27
37 51 14
37 52 36
37 54 56
37 55 1
37 56 8
37 57 26
37 58 2
37 59 5
38 1 29
38 2 10
38 3 31
38 4 43
38 5 30
38 9 28
38 11 36
38 12 24
38 13 18
38 14 27
38 15 42
38 16 1
38 17 6
38 18 58
38 19 41
38 20 32
38 21 37
38 23 39
38 24 13
38 25 53
38 26 25
38 27 5
38 28 54
38 29 0
38 30 46
38 32 11
38 33 19
38 34 9
38 36 44
38 37 38
38 38 15
38 39 8
38 40 7
38 41 48
38 42 50
38 43 45
38 44 33
38 45 26
38 46 55
38 47 4
38 48 3
38 49 57
38 50 21
38 51 59
38 52 2
38 53 14
38 55 16
38 57 35
38 58 52
38 59 20
39 0 29
39 2 20
39 3 3
39 4 54
39 5 8
39 6 33
39 7 14
39 8 37
39 9 52
39 10 30
39 11 5
39 12 1
39 13 15
39 14 19
39 15 24
39 16 48
39 17 57
39 18 34
39 19 6
39 20 13
39 22 40
39 23 17
39 24 21
39 26 50
39 27 22
39 28 35
39 30 12
39 31 31
39 32 18
39 33 11
39 34 27
39 35 45
39 36 23
39 37 49
39 38 44
39 39 9
39 40 39
39 41 43
39 42 47
39 43 38
39 44 59
39 45 36
39 46 41
39 47 10
39 48 25
39 49 42
39 50 16
39 52 0
39 53 2
39 54 46
39 55 7
39 56 32
39 57 53
39 59 28
40 0 40
40 1 6
40 2 54
40 4 19
40 5 2
40 6 12
40 8 26
40 9 8
40 12 11
40 13 37
40 14 36
40 15 46
40 17 10
40 18 0
40 19 16
40 20 20
40 21 49
40 23 18
40 24 24
40 26 27
40 28 45
40 30 47
40 31 5
40 32 33
40 33 52
40 36 51
40 37 29
40 38 17
40 39 34
40 40 23
40 41 39
40 42 59
40 44 14
40 45 43
40 47 57
40 48 55
40 49 48
40 50 58
40 51 15
40 53 50
40 55 13
40 56 7
40 57 4
40 59 3
41 0 13
41 1 15
41 2 28
41 3 36
41 4 14
41 5 23
41 6 47
41 9 29
41 10 35
41 13 11
41 14 26
41 15 10
41 16 33
41 17 21
41 18 31
41 19 12
41 21 9
41 23 7
41 24 8
41 25 20
41 26 0
41 27 16
41 29 4
41 30 17
41 31 22
41 32 56
41 33 50
41 35 30
41 36 49
41 37 53
41 38 19
41 39 25
41 40 34
41 42 27
41 43 1
41 44 44
41 46 52
41 47 3
41 48 46
41 49 37
41 52 38
41 54 2
41 56 5
41 58 39
42 0 6
42 1 45
42 2 58
42 3 38
42 4 25
42 6 55
42 7 16
42 8 12
42 9 37
42 10 8
42 11 53
42 12 5
42 13 3
42 14 39
42 15 17
42 18 4
42 19 59
42 20 49
42 21 2
42 23 50
42 24 52
42 25 30
42 26 23
42 27 13
42 28 26
42 29 46
42 31 43
42 33 47
42 34 11
42 36 22
42 37 19
42 38 1
42 39 27
42 41 54
42 42 32
42 45 29
42 46 56
42 48 18
42 49 31
42 50 42
42 52 10
42 54 57
42 55 44
42 56 21
42 57 15
42 58 40
43 1 31
43 2 39
43 3 18
43 4 38
43 5 54
43 6 30
43 7 34
43 9 15
43 10 32
43 11 14
43 12 23
43 13 26
43 14 7
43 15 13
43 16 25
43 17 53
43 19 33
43 20 47
43 21 42
43 22 16
43 23 45
43 25 4
43 26 43
43 27 59
43 28 50
43 30 41
43 31 37
43 32 17
43 34 48
43 36 36
43 37 35
43 38 49
43 39 57
43 40 22
43 41 3
43 43 51
43 44 2
43 46 10
43 47 6
43 50 29
43 51 56
43 52 21
43 53 12
43 54 11
43 55 27
43 56 20
43 57 58
43 58 1
43 59 55
44 0 35
44 1 39
44 2 26
44 3 52
44 4 0
44 5 44
44 6 20
44 7 3
44 9 36
44 10 27
44 11 48
44 12 6
44 13 2
44 14 37
44 15 47
44 16 38
44 17 15
44 18 51
44 20 1
44 21 53
44 22 25
44 23 19
44 24 49
44 25 40
44 26 59
44 27 18
44 28 43
44 29 45
44 30 42
44 31 11
44 32 7
44 34 8
44 35 16
44 36 29
44 37 30
44 38 50
44 39 12
44 40 17
44 41 57
44 42 58
44 43 5
44 46 9
44 47 23
44 48 33
44 49 41
44 51 55
44 53 56
44 54 24
44 55 31
44 56 10
44 57 54
44 58 21
44 59 14
45 0 48
45 2 42
45 3 7
45 4 21
45 5 25
45 6 19
45 7 18
45 8 58
45 9 51
45 10 40
45 11 17
45 12 55
45 13 9
45 14 31
45 15 45
45 16 20
45 17 5
45 18 6
45 19 24
45 20 11
45 21 38
45 22 27
45 23 47
45 24 30
45 25 34
45 26 13
45 27 33
45 28 39
45 29 3
45 31 46
45 32 53
45 34 52
45 36 35
45 37 50
45 39 0
45 40 10
45 42 41
45 43 4
45 44 28
45 45 54
45 46 36
45 47 14
45 48 37
45 49 56
45 50 2
45 52 32
45 53 15
45 54 29
45 55 26
45 56 12
45 57 43
45 58 8
45 59 49
46 0 55
46 1 11
46 2 16
46 5 33
46 7 44
46 8 1
46 9 47
46 11 27
46 12 26
46 13 23
46 15 6
46 16 45
46 17 54
46 19 43
46 20 40
46 21 34
46 22 48
46 23 38
46 24 56
46 30 59
46 31 19
46 32 46
46 33 32
46 34 13
46 35 14
46 36 5
46 37 36
46 38 58
46 40 42
46 42 20
46 44 57
46 45 12
46 46 31
46 47 0
46 48 51
46 49 52
46 50 7
46 52 8
46 53 35
46 54 21
46 55 37
46 57 49
46 58 41
47 0 19
47 1 36
47 2 30
47 3 46
47 4 26
47 5 51
47 6 48
47 7 47
47 8 45
47 10 58
47 11 32
47 12 37
47 13 10
47 14 20
47 15 3
47 17 27
47 18 35
47 19 28
47 20 53
47 21 33
47 22 44
47 24 23
47 26 52
47 27 40
47 28 18
47 30 9
47 32 54
47 33 12
47 35 39
47 36 2
47 37 15
47 38 4
47 39 7
47 40 25
47 41 42
47 43 50
47 44 43
47 45 0
47 46 49
47 47 16
47 48 29
47 49 13
47 50 14
47 51 22
47 53 55
47 55 8
47 58 24
47 59 56
48 0 38
48 1 8
48 4 34
48 5 35
48 6 59
48 8 16
48 9 23
48 10 21
48 11 45
48 13 46
48 14 4
48 15 26
48 16 19
48 19 11
48 20 41
48 21 40
48 22 15
48 23 49
48 24 47
48 25 9
48 26 48
48 27 14
48 28 24
48 30 7
48 33 29
48 34 36
48 36 43
48 37 33
48 38 18
48 39 22
48 40 53
48 42 6
48 43 13
48 44 51
48 45 37
48 46 57
48 47 50
48 48 28
48 49 20
48 50 39
48 51 58
48 52 12
48 53 3
48 54 55
48 55 10
48 56 52
48 57 17
48 58 25
48 59 54
49 0 16
49 1 26
49 2 44
49 3 17
49 4 45
49 5 31
49 6 22
49 8 38
49 9 56
49 10 50
49 11 57
49 12 8
49 13 59
49 14 42
49 15 12
49 16 5
49 17 14
49 18 7
49 19 55
49 20 2
49 21 15
49 22 0
49 25 49
49 26 21
49 27 30
49 29 25
49 30 10
49 31 48
49 32 39
49 33 53
49 34 20
49 35 47
49 36 54
49 37 6
49 38 13
49 39 52
49 40 51
49 41 11
49 42 28
49 43 9
49 45 33
49 47 19
49 48 1
49 49 3
49 50 36
49 51 18
49 52 23
49 53 27
49 54 40
49 56 43
49 57 41
49 58 29
49 59 58
50 1 50
50 2 49
50 5 42
50 6 34
50 8 29
50 10 43
50 11 19
50 12 4
50 13 40
50 14 25
50 15 35
50 17 24
50 18 33
50 20 26
50 21 16
50 22 51
50 23 13
50 24 31
50 25 11
50 26 30
50 27 15
50 28 7
50 29 53
50 30 20
50 31 2
50 32 9
50 33 56
50 34 37
50 35 18
50 36 14
50 37 44
50 38 32
50 39 21
50 41 47
50 42 10
50 44 41
50 45 3
50 46 1
50 47 55
50 48 39
50 49 0
50 50 45
50 51 46
50 53 59
50 55 28
50 57 5
50 58 57
51 0 11
51 1 32
51 2 7
51 3 0
51 4 4
51 5 39
51 6 46
51 7 13
51 8 18
51 9 40
51 10 42
51 11 28
51 13 44
51 14 34
51 15 20
51 18 25
51 19 54
51 20 35
51 21 36
51 22 24
51 24 3
51 26 22
51 27 48
51 28 8
51 29 30
51 30 19
51 31 10
51 32 29
51 33 58
51 35 56
51 37 57
51 38 26
51 41 41
51 42 14
51 43 55
51 44 50
51 45 51
51 48 15
51 49 9
51 51 49
51 52 33
51 53 5
51 54 37
51 55 12
51 58 38
51 59 21
52 0 34
52 1 12
52 2 4
52 3 58
52 4 20
52 5 14
52 6 31
52 7 55
52 8 52
52 9 45
52 11 3
52 12 49
52 13 35
52 14 8
52 17 13
52 18 22
52 19 27
52 20 56
52 21 30
52 24 2
52 25 18
52 26 41
52 28 33
52 29 59
52 32 37
52 33 9
52 34 50
52 35 38
52 36 48
52 37 47
52 38 29
52 39 54
52 41 10
52 42 57
52 43 15
52 45 5
52 46 16
52 47 39
52 48 7
52 49 17
52 50 28
52 51 42
52 52 40
52 53 0
52 54 51
52 56 25
52 57 32
52 58 46
52 59 36
53 0 17
53 1 9
53 4 3
53 5 57
53 6 51
53 7 39
53 8 23
53 9 2
53 11 30
53 12 0
53 14 12
53 15 59
53 16 52
53 17 1
53 18 54
53 19 8
53 20 27
53 21 26
53 22 28
53 25 31
53 26 14
53 27 29
53 28 47
53 29 49
53 30 58
53 31 50
53 32 6
53 34 55
53 35 4
53 36 41
53 37 10
53 39 16
53 40 46
53 42 42
53 43 21
53 44 22
53 45 56
53 46 35
53 47 32
53 48 44
53 50 11
53 51 38
53 52 18
53 53 43
53 54 33
53 55 45
53 58 13
53 59 37
54 0 26
54 1 51
54 2 55
54 4 2
54 5 46
54 6 58
54 7 27
54 8 14
54 9 12
54 10 31
54 11 38
54 12 53
54 14 15
54 15 19
54 16 4
54 17 25
54 18 43
54 19 7
54 20 8
54 22 5
54 24 54
54 25 59
54 26 47
54 27 36
54 29 39
54 31 57
54 34 10
54 35 41
54 36 56
54 37 45
54 38 0
54 39 29
54 40 18
54 41 32
54 42 49
54 43 11
54 44 3
54 45 17
54 48 50
54 50 35
54 51 9
54 52 34
54 53 16
54 54 28
54 55 40
54 56 13
54 57 30
54 58 6
54 59 44
55 0 59
55 2 29
55 3 10
55 4 17
55 5 22
55 6 44
55 7 40
55 8 48
55 9 20
55 10 15
55 11 0
55 12 12
55 13 27
55 14 50
55 16 18
55 17 47
55 20 34
55 21 6
55 22 37
55 23 5
55 24 51
55 25 55
55 27 57
55 28 52
55 29 38
55 30 25
55 31 7
55 32 24
55 33 13
55 35 11
55 36 53
55 37 41
55 39 14
55 40 58
55 41 49
55 42 2
55 43 23
55 45 32
55 46 4
55 47 43
55 48 54
55 49 28
55 51 3
55 52 16
55 53 1
55 54 35
55 55 9
55 56 45
55 57 8
55 58 31
55 59 26
56 0 46
56 1 49
56 2 43
56 3 56
56 4 40
56 5 47
56 6 8
56 7 7
56 8 44
56 9 58
56 12 13
56 13 29
56 14 35
56 15 2
56 16 12
56 17 31
56 18 32
56 19 51
56 20 55
56 22 6
56 23 54
56 24 15
56 25 3
56 26 20
56 27 21
56 28 57
56 29 10
56 30 45
56 31 59
56 33 5
56 34 19
56 35 36
56 36 33
56 38 27
56 39 48
56 40 9
56 41 22
56 42 25
56 43 34
56 44 1
56 45 50
56 46 30
56 47 24
56 49 11
56 50 53
56 51 17
56 52 28
56 53 42
56 54 14
56 55 39
56 56 26
56 57 0
56 58 23
56 59 41
57 0 37
57 2 53
57 4 23
57 5 45
57 6 18
57 7 11
57 8 36
57 9 41
57 10 7
57 11 47
57 12 10
57 13 12
57 14 21
57 15 57
57 16 22
57 17 44
57 19 58
57 20 3
57 21 51
57 23 9
57 24 32
57 25 24
57 27 4
57 28 56
57 29 19
57 31 55
57 32 49
57 33 30
57 34 42
57 35 27
57 36 26
57 37 25
57 39 33
57 40 5
57 41 6
57 43 40
57 46 13
57 49 43
57 50 31
57 52 14
57 53 29
57 54 0
57 55 59
57 56 17
57 57 50
57 58 28
57 59 35
58 0 47
58 1 55
58 2 12
58 5 1
58 6 36
58 7 38
58 8 10
58 9 43
58 10 54
58 11 49
58 13 24
58 14 29
58 16 0
58 17 51
58 19 37
58 20 45
58 22 14
58 24 17
58 26 19
58 27 3
58 28 5
58 29 9
58 31 25
58 32 21
58 33 31
58 34 41
58 35 40
58 36 46
58 38 59
58 39 20
58 40 30
58 41 28
58 42 56
58 43 6
58 45 44
58 46 22
58 47 53
58 48 35
58 49 58
58 52 42
58 53 7
58 54 4
58 55 18
58 57 52
58 59 34
59 0 45
59 2 5
59 3 59
59 4 24
59 5 21
59 6 54
59 7 17
59 8 47
59 9 19
59 10 56
59 11 25
59 12 22
59 13 51
59 14 0
59 16 57
59 18 13
59 19 40
59 20 9
59 21 46
59 22 2
59 23 44
59 24 43
59 25 1
59 26 55
59 27 41
59 28 29
59 29 31
59 30 49
59 31 18
59 32 30
59 33 16
59 34 34
59 35 52
59 36 15
59 37 39
59 38 8
59 39 3
59 41 53
59 43 26
59 44 4
59 46 58
59 49 7
59 52 27
59 53 48
59 54 50
59 55 11
59 56 42
59 57 12
59 59 10
