60
0 0 2
0 2 19
0 3 47
0 11 59
0 13 45
0 18 57
0 21 25
0 22 23
0 25 29
0 27 46
0 28 42
0 30 20
0 32 4
0 35 28
0 36 16
0 37 54
0 38 56
0 42 10
0 44 14
0 45 31
0 46 24
0 49 1
0 52 38
0 54 7
0 58 53
1 5 45
1 10 41
1 11 47
1 12 59
1 16 53
1 18 49
1 20 35
1 21 24
1 24 21
1 26 27
1 30 54
1 31 0
1 36 15
1 37 31
1 38 3
1 44 7
1 45 38
1 49 36
1 51 20
1 53 55
1 54 14
1 55 10
1 59 34
2 0 54
2 5 39
2 7 32
2 9 26
2 10 51
2 13 12
2 17 29
2 18 41
2 19 48
2 23 28
2 24 6
2 25 22
2 27 2
2 28 43
2 29 59
2 30 7
2 31 17
2 35 1
2 36 24
2 38 11
2 41 57
2 46 55
2 47 44
2 50 30
2 51 31
2 52 45
2 53 5
3 3 19
3 6 59
3 14 31
3 17 16
3 20 42
3 21 10
3 22 36
3 23 15
3 25 8
3 26 6
3 27 52
3 29 56
3 30 13
3 34 1
3 37 27
3 38 32
3 39 23
3 41 43
3 42 35
3 46 47
3 48 38
3 52 20
3 56 14
3 57 3
3 58 22
4 1 22
4 2 9
4 4 2
4 6 38
4 7 55
4 8 26
4 10 32
4 18 29
4 20 53
4 22 28
4 33 12
4 34 47
4 35 44
4 42 23
4 45 24
4 46 4
4 47 21
4 48 3
4 51 10
4 52 33
4 58 20
5 4 36
5 7 21
5 8 6
5 10 50
5 11 15
5 15 16
5 19 5
5 20 19
5 23 25
5 26 34
5 31 57
5 33 38
5 35 3
5 36 8
5 37 24
5 42 13
5 43 32
5 45 1
5 47 17
5 48 20
5 49 53
5 55 39
5 57 49
5 59 33
6 1 9
6 2 11
6 3 35
6 4 39
6 8 43
6 10 20
6 13 30
6 15 22
6 16 28
6 18 7
6 22 4
6 26 8
6 37 16
6 38 50
6 39 10
6 41 18
6 42 56
6 45 19
6 46 36
6 48 6
6 51 12
6 52 48
6 53 2
6 59 45
7 1 10
7 4 32
7 7 14
7 9 39
7 11 23
7 15 36
7 16 37
7 21 16
7 22 41
7 28 40
7 30 15
7 35 27
7 36 57
7 43 4
7 44 44
7 45 18
7 48 30
7 49 26
7 51 1
7 53 28
7 59 56
8 0 19
8 2 57
8 4 17
8 5 5
8 8 27
8 12 14
8 16 6
8 23 32
8 26 20
8 29 16
8 30 41
8 32 10
8 33 44
8 35 30
8 37 11
8 38 0
8 39 25
8 42 51
8 43 8
8 44 28
8 46 35
8 47 50
8 49 2
8 50 59
8 53 24
8 56 15
8 58 36
9 2 7
9 5 4
9 10 30
9 12 17
9 18 52
9 20 10
9 21 48
9 26 12
9 27 25
9 29 40
9 30 16
9 31 19
9 32 41
9 35 38
9 36 29
9 37 33
9 39 36
9 40 39
9 41 42
9 42 24
9 43 46
9 49 59
9 51 8
9 53 21
9 54 18
9 55 14
9 56 32
9 57 55
9 59 51
10 0 3
10 1 24
10 2 12
10 3 46
10 5 23
10 6 37
10 8 16
10 10 8
10 14 35
10 15 29
10 20 58
10 22 20
10 23 11
10 26 17
10 28 55
10 34 14
10 38 9
10 39 56
10 40 50
10 41 15
10 48 51
10 51 54
10 52 30
10 54 34
10 55 38
10 57 33
10 58 10
11 0 7
11 4 56
11 8 59
11 9 41
11 17 49
11 19 11
11 20 40
11 21 26
11 24 1
11 25 48
11 28 34
11 30 9
11 31 46
11 32 55
11 36 52
11 38 24
11 39 17
11 41 2
11 42 37
11 44 21
11 47 39
11 50 12
11 54 3
12 0 39
12 3 31
12 5 56
12 6 2
12 7 46
12 13 57
12 18 40
12 19 53
12 20 27
12 22 47
12 23 35
12 24 43
12 25 36
12 27 41
12 28 32
12 30 58
12 37 29
12 38 14
12 40 42
12 41 17
12 46 16
12 51 28
12 52 26
12 56 50
12 58 6
13 2 40
13 7 5
13 8 42
13 11 4
13 13 8
13 16 20
13 25 57
13 26 31
13 27 38
13 30 28
13 37 3
13 38 36
13 40 15
13 42 21
13 43 26
13 44 23
13 45 12
13 50 9
13 53 30
13 55 6
14 3 29
14 7 25
14 8 50
14 9 13
14 10 56
14 11 45
14 12 20
14 13 48
14 17 58
14 20 44
14 22 32
14 23 9
14 26 49
14 27 53
14 28 37
14 30 35
14 33 19
14 34 39
14 38 55
14 40 12
14 41 54
14 42 27
14 44 47
14 45 43
14 46 8
14 49 30
14 56 59
14 58 40
15 0 1
15 1 47
15 2 21
15 5 13
15 10 53
15 13 19
15 14 10
15 17 44
15 20 24
15 21 30
15 22 50
15 26 22
15 35 29
15 36 14
15 39 54
15 41 20
15 46 25
15 48 2
15 50 36
15 51 52
15 52 42
16 1 48
16 12 50
16 21 40
16 23 29
16 24 3
16 27 8
16 32 38
16 38 6
16 41 51
16 43 58
16 44 24
16 49 52
16 50 45
16 52 47
16 54 56
16 55 37
16 57 11
17 0 51
17 1 5
17 9 3
17 12 7
17 14 11
17 18 27
17 21 44
17 30 52
17 33 47
17 34 28
17 36 48
17 37 21
17 38 53
17 41 45
17 42 46
17 43 59
17 44 58
17 45 0
17 46 43
17 48 8
17 51 32
17 52 24
17 55 22
17 59 50
18 0 59
18 1 3
18 8 4
18 9 30
18 11 38
18 12 44
18 13 6
18 15 8
18 16 21
18 20 36
18 24 49
18 27 11
18 31 20
18 33 23
18 38 34
18 40 10
18 44 33
18 47 25
18 49 57
18 53 47
18 54 46
18 55 45
18 57 18
19 0 58
19 1 32
19 2 48
19 10 25
19 15 18
19 21 22
19 23 34
19 28 19
19 30 0
19 35 5
19 37 59
19 38 45
19 42 7
19 44 20
19 46 29
19 47 57
20 2 14
20 4 23
20 6 6
20 7 12
20 10 37
20 13 28
20 14 43
20 15 7
20 16 8
20 17 54
20 20 38
20 25 44
20 27 13
20 28 1
20 36 19
20 37 50
20 40 46
20 41 4
20 42 55
20 43 40
20 47 51
20 48 35
20 51 27
20 52 36
20 53 49
20 55 42
21 0 4
21 1 58
21 4 53
21 10 43
21 14 21
21 15 59
21 17 52
21 18 3
21 20 56
21 22 40
21 23 50
21 24 45
21 25 7
21 26 5
21 29 2
21 30 49
21 33 35
21 34 22
21 41 11
21 42 48
21 44 17
21 45 29
21 47 12
21 50 33
21 58 16
22 3 49
22 7 15
22 9 56
22 11 43
22 15 25
22 22 42
22 25 16
22 28 30
22 29 19
22 35 24
22 37 51
22 42 36
22 45 37
22 46 33
22 48 12
22 50 55
22 55 28
22 57 5
23 3 25
23 8 45
23 11 20
23 12 21
23 13 17
23 24 10
23 25 11
23 27 58
23 29 51
23 30 27
23 32 39
23 36 59
23 37 4
23 38 8
23 40 28
23 41 12
23 42 32
23 48 13
23 54 40
23 55 57
23 56 53
23 57 9
24 4 13
24 5 31
24 11 24
24 12 32
24 14 1
24 19 33
24 22 5
24 23 43
24 25 55
24 28 16
24 32 37
24 35 22
24 36 7
24 37 58
24 38 28
24 39 47
24 40 53
24 41 36
24 50 2
24 53 0
24 57 8
24 59 6
25 4 50
25 5 29
25 11 16
25 13 1
25 14 45
25 19 27
25 20 18
25 24 38
25 26 10
25 29 58
25 31 3
25 32 33
25 39 42
25 41 53
25 42 40
25 48 34
25 49 21
25 54 28
25 59 8
26 7 23
26 10 15
26 12 10
26 13 25
26 15 3
26 16 30
26 19 31
26 20 7
26 22 35
26 24 37
26 28 28
26 34 16
26 41 6
26 42 11
26 43 14
26 44 50
26 50 32
26 53 41
26 54 54
26 56 43
26 57 0
26 59 9
27 2 17
27 9 28
27 12 52
27 17 48
27 20 59
27 22 49
27 23 33
27 24 25
27 25 43
27 26 35
27 29 41
27 31 40
27 32 54
27 35 14
27 37 18
27 39 46
27 41 19
27 47 58
27 50 56
27 54 13
27 55 15
27 57 53
27 58 57
28 1 36
28 4 20
28 5 9
28 21 23
28 22 59
28 23 26
28 25 10
28 28 8
28 29 15
28 30 22
28 32 49
28 36 41
28 50 50
28 53 39
28 54 58
29 1 7
29 3 32
29 5 20
29 8 37
29 12 3
29 13 54
29 16 17
29 17 36
29 18 23
29 22 27
29 23 13
29 24 0
29 27 59
29 29 55
29 30 42
29 31 39
29 32 46
29 34 49
29 35 4
29 40 6
29 41 21
29 43 22
29 44 1
29 46 56
29 47 47
29 48 14
29 50 35
29 52 29
29 53 11
29 54 57
29 57 31
29 59 18
30 0 13
30 2 51
30 5 44
30 6 15
30 7 54
30 8 52
30 11 9
30 14 3
30 17 26
30 18 45
30 20 22
30 29 18
30 38 35
30 39 7
30 40 30
30 41 28
30 44 36
30 50 14
30 52 4
30 53 48
30 54 12
30 55 32
30 56 46
30 57 38
31 1 59
31 9 20
31 11 55
31 12 53
31 14 47
31 16 14
31 17 7
31 19 44
31 21 3
31 22 45
31 23 39
31 25 12
31 29 8
31 31 16
31 33 46
31 37 1
31 41 56
31 43 10
31 48 22
31 49 15
31 52 18
31 54 29
31 55 49
31 58 34
32 0 16
32 1 0
32 6 54
32 9 45
32 12 35
32 13 51
32 19 17
32 20 25
32 21 6
32 25 30
32 27 48
32 29 52
32 30 5
32 32 19
32 35 32
32 42 41
32 47 22
32 48 50
32 50 28
32 54 1
32 56 49
32 57 47
32 59 14
33 0 24
33 3 12
33 5 41
33 6 13
33 7 2
33 9 42
33 12 48
33 13 38
33 15 11
33 16 31
33 18 25
33 21 51
33 26 3
33 29 0
33 30 46
33 33 56
33 38 23
33 40 17
33 41 5
33 43 54
33 44 40
33 49 33
33 54 47
33 55 29
33 57 4
34 5 1
34 7 28
34 8 35
34 11 58
34 13 32
34 17 57
34 18 15
34 19 41
34 22 17
34 25 13
34 28 53
34 29 45
34 31 23
34 32 9
34 34 26
34 40 40
34 42 59
34 43 2
34 44 22
34 46 14
34 47 24
34 48 21
34 52 5
34 55 8
35 1 42
35 2 28
35 5 15
35 8 58
35 10 57
35 13 16
35 15 34
35 17 38
35 20 13
35 21 17
35 23 20
35 30 51
35 35 49
35 40 56
35 41 23
35 43 5
35 44 46
35 46 30
35 47 32
35 51 3
35 55 35
35 56 39
35 58 43
36 1 26
36 3 45
36 4 5
36 6 48
36 9 55
36 11 12
36 12 4
36 14 57
36 16 44
36 18 18
36 19 58
36 22 16
36 24 36
36 26 32
36 28 59
36 30 53
36 32 40
36 34 17
36 35 50
36 37 46
36 38 38
36 39 37
36 41 22
36 44 27
36 46 15
36 49 39
36 50 19
36 51 29
36 56 31
36 58 30
36 59 41
37 6 32
37 8 8
37 11 51
37 12 46
37 21 11
37 22 34
37 24 20
37 39 35
37 44 56
37 46 42
37 50 7
37 56 0
38 2 2
38 3 5
38 4 8
38 6 18
38 7 6
38 9 7
38 10 1
38 13 4
38 16 25
38 17 45
38 18 30
38 21 32
38 22 24
38 25 38
38 26 51
38 34 41
38 37 52
38 38 31
38 41 33
38 48 55
38 49 47
38 50 16
38 52 10
38 53 17
38 55 48
38 56 28
38 58 59
39 0 53
39 1 57
39 2 43
39 5 30
39 6 24
39 7 35
39 11 41
39 13 44
39 14 36
39 15 19
39 23 22
39 25 54
39 26 13
39 28 47
39 30 38
39 31 49
39 32 23
39 33 42
39 34 48
39 38 29
39 40 59
39 41 27
39 43 12
39 46 51
39 49 10
39 50 6
39 51 15
39 54 16
39 55 56
39 56 1
39 57 21
40 7 30
40 12 38
40 21 45
40 25 18
40 27 50
40 29 24
40 32 32
40 33 51
40 35 12
40 37 55
40 39 13
40 43 43
40 47 56
40 48 49
40 49 42
40 50 57
40 51 59
40 53 35
40 54 20
40 55 9
40 58 26
41 0 31
41 1 43
41 3 27
41 5 2
41 12 16
41 14 9
41 18 50
41 19 47
41 28 35
41 30 57
41 32 21
41 34 18
41 37 6
41 40 14
41 45 51
41 53 34
41 54 53
41 55 44
42 0 6
42 3 59
42 4 3
42 5 54
42 6 12
42 7 9
42 8 25
42 9 51
42 10 2
42 11 49
42 19 35
42 20 16
42 21 43
42 22 39
42 23 8
42 24 56
42 25 41
42 26 46
42 28 36
42 32 28
42 33 45
42 34 0
42 36 42
42 37 23
42 38 37
42 40 27
42 41 44
42 42 17
42 43 57
42 44 31
42 45 10
42 47 14
42 50 47
42 51 21
42 52 15
42 54 32
42 56 38
42 59 4
43 2 32
43 3 14
43 4 31
43 5 24
43 7 53
43 8 1
43 12 51
43 16 34
43 19 0
43 20 9
43 24 59
43 26 58
43 31 52
43 36 4
43 40 19
43 41 37
43 42 30
43 44 43
43 47 38
43 50 8
43 53 23
43 54 55
43 56 2
43 59 11
44 2 33
44 3 43
44 4 1
44 7 45
44 11 8
44 15 4
44 18 58
44 20 39
44 21 15
44 23 41
44 24 35
44 27 16
44 28 17
44 29 53
44 30 14
44 31 24
44 34 7
44 35 55
44 36 56
44 42 44
44 43 47
44 46 3
44 47 27
44 48 42
44 49 38
44 52 40
44 54 36
44 56 25
45 4 40
45 5 34
45 6 52
45 7 31
45 12 36
45 17 55
45 19 3
45 22 58
45 23 38
45 26 39
45 27 10
45 28 20
45 30 33
45 32 0
45 35 9
45 37 35
45 38 27
45 42 43
45 43 6
45 46 7
45 48 48
45 53 8
45 54 45
45 55 5
45 56 51
45 59 30
46 3 6
46 6 25
46 7 50
46 11 14
46 12 47
46 14 0
46 17 15
46 18 1
46 21 39
46 22 38
46 23 48
46 27 7
46 28 49
46 30 24
46 31 45
46 34 20
46 38 19
46 39 52
46 40 31
46 42 58
46 43 27
46 47 28
46 54 23
46 59 55
47 0 35
47 1 31
47 2 52
47 3 11
47 5 42
47 7 13
47 9 4
47 12 6
47 13 23
47 18 22
47 23 7
47 25 15
47 29 48
47 31 55
47 33 30
47 36 32
47 37 43
47 47 1
47 49 50
47 50 41
47 52 9
47 54 37
47 55 2
48 0 8
48 1 56
48 4 12
48 5 27
48 7 33
48 10 47
48 13 26
48 17 31
48 20 32
48 23 40
48 27 14
48 28 39
48 30 30
48 36 3
48 42 42
48 43 34
48 44 48
48 46 2
48 48 7
48 50 10
48 51 0
48 53 9
48 55 1
48 56 41
48 58 24
49 1 27
49 3 48
49 5 37
49 8 20
49 9 2
49 10 24
49 14 16
49 15 23
49 16 22
49 17 13
49 22 8
49 23 3
49 25 33
49 26 50
49 27 36
49 34 19
49 38 15
49 40 38
49 42 5
49 45 46
49 48 17
49 49 14
49 54 10
49 57 58
49 59 43
50 9 59
50 13 33
50 15 1
50 16 51
50 18 55
50 21 52
50 22 31
50 23 6
50 24 48
50 25 21
50 26 7
50 27 35
50 32 12
50 33 13
50 34 27
50 37 44
50 38 4
50 39 40
50 40 0
50 44 10
50 48 26
50 49 49
50 50 38
50 52 32
50 55 47
50 56 30
50 58 15
50 59 2
51 0 48
51 2 3
51 3 13
51 4 29
51 10 17
51 14 52
51 21 19
51 23 23
51 24 51
51 26 28
51 30 21
51 34 4
51 37 49
51 39 22
51 40 11
51 44 5
51 45 20
51 47 2
51 50 1
51 51 30
51 52 57
51 53 56
51 54 24
51 55 16
51 56 45
51 58 55
52 0 42
52 1 16
52 3 22
52 4 52
52 7 10
52 12 9
52 14 26
52 15 40
52 16 33
52 17 14
52 20 48
52 22 57
52 24 18
52 25 3
52 26 38
52 29 46
52 32 15
52 34 32
52 36 17
52 40 1
52 41 13
52 45 41
52 47 36
52 51 2
52 53 58
52 54 4
52 55 21
53 1 55
53 4 22
53 5 51
53 6 19
53 7 17
53 10 3
53 12 57
53 13 14
53 16 15
53 18 43
53 22 37
53 25 0
53 26 24
53 27 23
53 30 8
53 32 13
53 33 21
53 34 56
53 35 2
53 36 40
53 38 16
53 41 10
53 42 26
53 46 49
53 50 39
53 53 59
53 54 31
53 55 30
54 2 35
54 3 40
54 6 30
54 8 31
54 13 0
54 14 25
54 16 5
54 18 28
54 19 39
54 20 12
54 21 21
54 22 54
54 30 18
54 31 53
54 37 34
54 38 1
54 42 33
54 46 58
54 52 7
54 56 17
55 2 50
55 3 15
55 4 18
55 6 57
55 8 47
55 9 29
55 10 39
55 12 42
55 13 37
55 15 17
55 16 16
55 17 10
55 20 23
55 21 36
55 24 40
55 25 24
55 27 45
55 31 21
55 33 41
55 34 9
55 35 34
55 37 48
55 40 35
55 41 55
55 42 1
55 43 28
55 44 13
55 46 32
55 47 0
55 51 11
55 54 22
56 0 47
56 3 21
56 6 7
56 7 36
56 12 5
56 17 34
56 18 12
56 22 22
56 23 14
56 25 1
56 27 32
56 29 31
56 31 6
56 34 42
56 38 2
56 43 44
56 44 52
56 53 16
56 56 54
56 57 56
56 58 50
56 59 57
57 0 12
57 3 0
57 5 6
57 6 9
57 7 7
57 12 33
57 13 11
57 14 50
57 19 13
57 21 2
57 24 8
57 27 5
57 29 47
57 37 56
57 38 49
57 47 26
57 48 28
57 52 23
57 58 19
58 3 44
58 4 59
58 5 35
58 6 40
58 9 10
58 16 54
58 18 2
58 21 47
58 22 21
58 23 16
58 25 9
58 26 29
58 27 42
58 31 11
58 32 7
58 40 4
58 41 34
58 42 22
58 44 0
58 45 13
58 48 45
58 54 6
58 56 23
59 0 10
59 1 23
59 6 14
59 7 18
59 8 12
59 12 27
59 13 46
59 14 39
59 26 37
59 27 15
59 29 49
59 30 36
59 31 4
59 32 47
59 34 38
59 38 33
59 40 32
59 41 0
59 45 8
59 48 56
59 49 28
59 50 43
59 51 55
59 56 58
59 58 9
59 59 40
