60
0 0 15
0 2 32
0 3 50
0 4 47
0 5 44
0 7 28
0 8 21
0 9 38
0 10 52
0 12 11
0 13 30
0 15 36
0 16 25
0 17 4
0 20 55
0 22 19
0 24 49
0 27 26
0 28 59
0 30 53
0 32 56
0 33 14
0 34 46
0 35 35
0 36 3
0 37 18
0 38 45
0 39 37
0 41 27
0 43 39
0 44 54
0 46 29
0 48 34
0 49 22
0 50 23
0 51 0
0 53 43
0 54 7
0 55 6
0 56 57
1 1 56
1 2 35
1 4 45
1 6 6
1 10 37
1 12 19
1 14 53
1 15 15
1 17 57
1 18 13
1 19 20
1 21 10
1 23 34
1 24 36
1 25 58
1 26 16
1 27 39
1 28 14
1 29 31
1 31 29
1 32 8
1 33 12
1 37 7
1 38 54
1 39 50
1 41 28
1 42 30
1 44 9
1 46 24
1 52 51
1 53 4
1 59 23
2 0 19
2 1 7
2 6 24
2 8 14
2 9 31
2 10 27
2 11 29
2 13 35
2 17 30
2 20 51
2 21 38
2 23 45
2 25 36
2 26 44
2 28 48
2 29 21
2 31 3
2 32 41
2 33 26
2 35 40
2 36 58
2 37 0
2 41 8
2 42 49
2 44 2
2 46 42
2 48 11
2 49 59
2 50 55
2 51 20
2 52 32
2 55 54
2 56 15
2 57 50
2 58 25
3 1 3
3 2 41
3 3 53
3 4 30
3 6 1
3 9 43
3 10 28
3 11 13
3 13 24
3 14 59
3 16 22
3 18 14
3 19 58
3 22 27
3 23 8
3 24 40
3 27 0
3 29 11
3 30 50
3 32 10
3 33 35
3 37 31
3 39 54
3 41 6
3 42 26
3 43 15
3 44 7
3 46 20
3 49 37
3 50 2
3 51 4
3 52 42
3 53 29
3 54 39
3 56 44
3 58 36
4 1 20
4 2 27
4 8 2
4 9 33
4 10 12
4 11 39
4 12 28
4 14 4
4 15 59
4 16 18
4 17 45
4 20 32
4 23 24
4 24 42
4 26 23
4 27 49
4 28 3
4 31 53
4 32 30
4 33 9
4 34 35
4 35 10
4 38 1
4 39 40
4 40 25
4 41 48
4 44 41
4 45 14
4 47 21
4 49 51
4 52 36
4 55 13
4 57 47
4 59 58
5 0 32
5 1 58
5 2 13
5 6 35
5 7 44
5 9 6
5 10 24
5 13 52
5 17 49
5 18 7
5 22 29
5 23 38
5 24 2
5 25 57
5 27 9
5 29 46
5 30 54
5 31 17
5 32 3
5 33 16
5 36 25
5 37 55
5 39 14
5 40 37
5 41 18
5 42 50
5 44 30
5 45 42
5 46 12
5 47 1
5 48 48
5 49 26
5 51 39
5 52 4
5 53 8
5 54 15
5 58 43
5 59 41
6 0 37
6 2 39
6 3 54
6 4 27
6 5 25
6 6 13
6 7 57
6 9 46
6 12 53
6 13 47
6 14 0
6 17 18
6 18 34
6 19 19
6 20 59
6 22 23
6 23 44
6 24 45
6 26 14
6 27 10
6 29 50
6 31 41
6 32 43
6 34 4
6 35 3
6 38 8
6 40 42
6 41 15
6 44 40
6 46 22
6 47 11
6 48 6
6 50 31
6 51 58
6 52 29
6 53 38
6 54 56
6 55 12
6 57 21
6 58 20
7 1 12
7 3 10
7 4 48
7 5 1
7 6 41
7 9 39
7 10 42
7 12 23
7 13 34
7 14 18
7 15 56
7 19 9
7 20 27
7 22 50
7 23 30
7 25 14
7 27 29
7 28 11
7 30 35
7 31 38
7 33 7
7 34 3
7 35 15
7 36 17
7 37 58
7 38 51
7 40 20
7 41 26
7 43 5
7 46 52
7 47 43
7 48 13
7 51 22
7 52 21
7 53 53
7 54 40
7 57 44
7 58 19
7 59 16
8 0 16
8 1 59
8 2 33
8 3 4
8 4 46
8 5 31
8 7 23
8 8 3
8 9 51
8 11 12
8 15 35
8 16 50
8 19 55
8 20 1
8 21 28
8 23 9
8 24 57
8 26 32
8 27 6
8 28 24
8 29 27
8 30 19
8 32 26
8 36 56
8 37 13
8 40 22
8 41 42
8 42 21
8 44 39
8 45 29
8 47 8
8 48 10
8 49 25
8 52 2
8 55 11
8 56 38
8 57 36
8 58 45
9 0 36
9 5 28
9 6 39
9 13 10
9 15 53
9 17 32
9 18 21
9 20 34
9 21 27
9 22 37
9 23 1
9 24 15
9 25 55
9 26 4
9 27 20
9 29 16
9 30 41
9 31 9
9 35 22
9 37 11
9 38 30
9 41 14
9 42 23
9 45 25
9 46 51
9 49 3
9 50 17
9 53 2
9 55 18
9 57 46
9 58 29
9 59 6
10 2 10
10 4 18
10 6 4
10 9 30
10 10 21
10 12 44
10 13 42
10 14 56
10 16 8
10 19 39
10 23 46
10 24 35
10 26 45
10 28 34
10 29 59
10 31 43
10 32 7
10 33 15
10 34 55
10 35 20
10 38 5
10 39 58
10 42 13
10 44 53
10 46 19
10 47 26
10 48 2
10 49 6
10 50 25
10 51 14
10 52 9
10 54 33
10 55 24
10 56 17
10 58 54
10 59 3
11 1 40
11 3 36
11 5 9
11 6 16
11 7 43
11 8 56
11 12 0
11 13 22
11 16 34
11 18 15
11 19 49
11 22 28
11 24 31
11 25 50
11 26 33
11 27 27
11 28 45
11 29 58
11 30 6
11 31 37
11 32 5
11 33 20
11 35 18
11 36 51
11 37 42
11 38 53
11 39 7
11 41 29
11 46 26
11 47 12
11 48 4
11 52 47
11 54 19
11 55 59
11 56 30
11 58 11
12 0 54
12 2 20
12 3 56
12 4 6
12 5 39
12 13 5
12 14 30
12 16 42
12 17 19
12 20 7
12 21 46
12 22 51
12 23 3
12 24 33
12 25 37
12 27 21
12 28 9
12 29 4
12 33 28
12 36 1
12 37 26
12 39 35
12 41 13
12 42 38
12 43 41
12 44 15
12 47 22
12 48 16
12 49 8
12 50 32
12 53 59
12 54 23
12 55 44
12 56 27
12 57 11
12 58 0
13 1 9
13 2 15
13 3 49
13 4 10
13 5 27
13 6 12
13 7 4
13 8 43
13 10 33
13 11 35
13 13 54
13 14 57
13 15 31
13 17 38
13 18 44
13 19 3
13 21 16
13 22 1
13 23 18
13 28 47
13 30 0
13 32 14
13 33 53
13 36 8
13 37 29
13 40 51
13 42 24
13 43 40
13 44 50
13 45 46
13 46 48
13 47 34
13 48 36
13 50 39
13 53 25
13 56 13
13 57 32
14 0 40
14 1 18
14 3 47
14 4 49
14 7 35
14 9 53
14 11 6
14 12 34
14 13 46
14 14 27
14 15 8
14 16 13
14 17 21
14 18 38
14 19 56
14 20 14
14 21 30
14 24 1
14 25 28
14 26 19
14 29 41
14 30 26
14 31 0
14 35 55
14 36 12
14 37 52
14 38 39
14 39 36
14 41 32
14 43 42
14 45 17
14 48 25
14 49 4
14 50 15
14 51 44
14 52 48
14 53 22
14 55 5
15 1 31
15 3 51
15 4 59
15 5 29
15 6 43
15 7 39
15 8 4
15 9 32
15 10 15
15 12 22
15 13 40
15 14 7
15 15 38
15 17 0
15 18 20
15 19 2
15 20 45
15 22 49
15 23 52
15 24 48
15 25 12
15 27 56
15 28 26
15 29 35
15 30 14
15 31 36
15 34 19
15 35 50
15 36 10
15 37 57
15 38 9
15 39 33
15 40 5
15 43 30
15 44 44
15 47 46
15 48 42
15 49 13
15 50 11
15 51 23
15 52 16
15 53 3
15 56 1
15 58 58
15 59 47
16 2 19
16 3 9
16 4 21
16 5 56
16 7 8
16 8 30
16 9 15
16 10 46
16 13 53
16 16 44
16 20 20
16 21 18
16 25 47
16 27 34
16 31 2
16 32 42
16 33 27
16 35 33
16 36 50
16 38 14
16 39 49
16 40 12
16 42 17
16 43 45
16 44 4
16 45 0
16 47 10
16 48 35
16 51 25
16 52 22
16 53 39
16 55 58
16 57 52
16 58 31
16 59 55
17 2 49
17 3 58
17 4 55
17 5 57
17 6 50
17 9 22
17 10 1
17 11 42
17 15 26
17 17 34
17 18 25
17 19 52
17 20 18
17 22 17
17 23 48
17 24 8
17 25 9
17 26 11
17 29 23
17 30 47
17 31 46
17 33 19
17 37 56
17 40 39
17 41 3
17 42 10
17 46 40
17 47 16
17 49 30
17 51 7
17 52 27
17 53 33
17 58 4
18 0 57
18 2 26
18 3 1
18 5 40
18 6 54
18 8 27
18 9 8
18 10 36
18 11 16
18 12 39
18 15 3
18 16 52
18 19 14
18 20 50
18 21 21
18 23 53
18 25 17
18 26 20
18 28 32
18 30 34
18 31 49
18 34 18
18 35 58
18 36 9
18 38 59
18 42 41
18 43 56
18 46 33
18 48 44
18 50 4
18 52 55
18 53 48
18 54 28
18 56 22
18 59 42
19 0 0
19 1 36
19 6 40
19 7 21
19 9 4
19 10 50
19 11 55
19 13 7
19 14 6
19 15 11
19 16 46
19 17 48
19 19 8
19 20 31
19 22 5
19 23 57
19 24 18
19 26 27
19 27 13
19 28 54
19 30 44
19 31 58
19 32 2
19 33 29
19 34 22
19 35 45
19 36 52
19 41 59
19 43 34
19 45 49
19 49 10
19 50 38
19 51 16
19 52 37
19 53 15
19 54 14
19 57 23
19 59 9
20 0 22
20 4 17
20 6 33
20 7 41
20 8 18
20 10 23
20 12 29
20 13 43
20 14 52
20 15 24
20 17 58
20 18 39
20 19 1
20 21 11
20 26 57
20 27 5
20 28 16
20 29 38
20 30 32
20 31 44
20 32 59
20 34 6
20 35 12
20 36 30
20 37 35
20 38 50
20 41 49
20 44 25
20 45 10
20 47 54
20 48 19
20 50 21
20 51 13
20 52 7
20 55 20
20 56 53
20 59 34
21 2 9
21 3 39
21 4 37
21 5 55
21 6 46
21 7 52
21 8 35
21 9 50
21 10 19
21 11 41
21 12 7
21 15 30
21 16 27
21 19 57
21 20 48
21 21 6
21 22 43
21 24 44
21 26 1
21 28 33
21 29 8
21 30 24
21 31 18
21 32 49
21 33 56
21 34 40
21 36 31
21 38 36
21 39 23
21 41 4
21 42 11
21 43 25
21 44 12
21 47 38
21 48 54
21 49 16
21 50 53
21 51 42
21 52 20
21 53 0
21 54 5
21 55 51
21 57 10
21 58 2
22 0 58
22 1 11
22 2 52
22 4 41
22 5 22
22 6 28
22 7 13
22 9 26
22 12 8
22 15 21
22 16 14
22 17 50
22 19 27
22 21 57
22 24 17
22 25 35
22 26 36
22 27 47
22 28 56
22 30 15
22 31 33
22 37 43
22 40 9
22 41 19
22 43 37
22 44 1
22 45 30
22 46 39
22 47 23
22 48 7
22 49 54
22 52 59
22 56 4
22 58 40
23 0 43
23 1 17
23 2 25
23 6 53
23 8 58
23 9 28
23 10 26
23 13 56
23 15 34
23 16 4
23 17 2
23 18 42
23 19 36
23 21 22
23 22 47
23 23 23
23 24 16
23 25 7
23 26 3
23 27 24
23 28 51
23 29 5
23 30 30
23 31 8
23 32 0
23 35 44
23 38 38
23 39 9
23 40 27
23 44 46
23 45 31
23 46 6
23 48 20
23 49 39
23 50 52
23 53 50
23 55 33
23 57 12
23 58 21
23 59 49
24 2 59
24 3 0
24 6 38
24 7 42
24 9 45
24 11 4
24 14 22
24 15 23
24 16 17
24 17 36
24 18 28
24 19 44
24 21 24
24 22 39
24 23 32
24 25 49
24 28 50
24 29 6
24 31 12
24 34 52
24 35 11
24 36 53
24 39 48
24 41 16
24 43 46
24 44 33
24 46 56
24 49 43
24 50 54
24 52 25
24 58 47
24 59 40
25 0 18
25 3 37
25 5 12
25 6 56
25 7 47
25 9 20
25 10 22
25 11 2
25 14 19
25 17 14
25 18 58
25 19 28
25 20 36
25 21 45
25 22 16
25 24 13
25 27 3
25 28 15
25 30 48
25 32 52
25 35 26
25 36 41
25 39 1
25 41 11
25 42 59
25 44 23
25 47 31
25 49 44
25 50 35
25 51 33
25 53 51
25 54 30
25 58 39
25 59 17
26 0 28
26 1 35
26 4 16
26 5 43
26 7 2
26 8 13
26 10 11
26 13 6
26 15 46
26 17 39
26 20 53
26 21 44
26 22 21
26 24 54
26 25 38
26 27 50
26 29 33
26 31 15
26 34 5
26 35 41
26 36 40
26 37 47
26 38 55
26 39 3
26 40 30
26 42 19
26 43 36
26 45 58
26 47 51
26 48 59
26 49 52
26 50 56
26 51 1
26 52 10
26 53 26
26 55 8
26 56 24
26 57 31
26 59 22
27 1 45
27 2 18
27 3 43
27 4 57
27 8 5
27 9 59
27 12 30
27 13 33
27 14 55
27 17 17
27 20 37
27 21 39
27 22 11
27 25 42
27 26 48
27 27 51
27 29 14
27 32 9
27 33 44
27 34 13
27 39 31
27 40 7
27 42 0
27 43 58
27 44 22
27 46 49
27 47 52
27 49 56
27 50 12
27 51 50
27 52 26
27 54 41
27 55 2
27 56 16
27 59 8
28 0 5
28 1 30
28 3 41
28 4 33
28 5 17
28 6 3
28 7 27
28 9 55
28 10 6
28 11 31
28 14 42
28 15 32
28 16 49
28 17 46
28 18 56
28 19 15
28 20 38
28 23 47
28 25 22
28 26 58
28 27 25
28 28 43
28 31 34
28 32 44
28 35 36
28 37 20
28 38 13
28 39 28
28 40 52
28 42 40
28 45 23
28 46 1
28 47 19
28 48 29
28 51 45
28 53 12
28 56 9
29 0 10
29 1 1
29 2 31
29 3 26
29 5 35
29 6 30
29 7 7
29 8 57
29 9 52
29 11 22
29 12 49
29 17 41
29 18 2
29 20 13
29 21 36
29 25 44
29 27 12
29 29 48
29 30 46
29 31 19
29 34 58
29 35 42
29 36 55
29 38 32
29 42 43
29 43 27
29 44 21
29 46 37
29 49 23
29 50 9
29 51 24
29 52 50
29 53 11
29 54 51
29 55 39
29 58 16
30 0 53
30 1 33
30 2 0
30 3 19
30 5 46
30 6 47
30 9 1
30 13 16
30 15 42
30 18 26
30 19 32
30 20 4
30 22 35
30 23 12
30 25 24
30 26 52
30 27 38
30 30 58
30 32 15
30 33 11
30 34 17
30 36 34
30 38 31
30 39 18
30 40 41
30 41 44
30 43 22
30 45 7
30 46 9
30 47 2
30 51 55
30 52 13
30 53 6
30 54 21
30 55 3
30 56 56
30 57 48
30 58 57
31 2 16
31 3 21
31 4 52
31 8 9
31 10 54
31 13 11
31 15 44
31 17 35
31 20 39
31 24 26
31 25 19
31 28 12
31 29 34
31 30 33
31 31 42
31 33 4
31 34 36
31 36 2
31 37 3
31 40 18
31 41 22
31 42 7
31 44 38
31 45 51
31 46 45
31 47 17
31 48 41
31 49 5
31 51 6
31 53 40
31 54 32
31 55 28
31 56 14
31 59 13
32 1 55
32 4 35
32 6 2
32 9 19
32 11 52
32 12 4
32 13 12
32 15 41
32 16 21
32 18 11
32 19 13
32 20 42
32 22 9
32 23 51
32 24 20
32 27 22
32 28 58
32 29 1
32 30 43
32 32 33
32 33 17
32 34 48
32 35 57
32 36 27
32 38 40
32 41 30
32 42 46
32 44 32
32 46 18
32 47 45
32 48 39
32 49 24
32 51 28
32 55 16
33 0 38
33 1 47
33 2 40
33 4 26
33 5 52
33 8 10
33 9 56
33 10 2
33 11 9
33 13 51
33 14 20
33 15 48
33 17 1
33 18 50
33 19 25
33 22 41
33 23 37
33 24 22
33 25 34
33 26 18
33 27 33
33 32 46
33 33 8
33 35 31
33 39 24
33 40 13
33 42 3
33 45 27
33 47 32
33 48 17
33 56 35
33 58 30
33 59 5
34 0 39
34 1 53
34 2 46
34 3 28
34 5 13
34 6 58
34 7 59
34 8 23
34 11 30
34 12 43
34 13 2
34 17 44
34 18 22
34 20 49
34 21 1
34 22 38
34 24 56
34 25 32
34 28 17
34 29 3
34 32 37
34 33 36
34 34 0
34 35 54
34 36 35
34 37 34
34 40 47
34 46 55
34 47 40
34 48 14
34 49 15
34 54 29
34 56 33
34 57 5
34 59 11
35 0 55
35 1 2
35 3 22
35 4 43
35 5 10
35 6 32
35 7 9
35 8 48
35 10 30
35 11 50
35 15 1
35 16 51
35 18 45
35 20 24
35 21 25
35 22 53
35 24 46
35 25 6
35 28 23
35 30 7
35 34 44
35 36 4
35 37 37
35 38 16
35 39 17
35 42 5
35 43 14
35 44 31
35 45 15
35 48 40
35 51 27
35 53 42
35 54 8
35 55 57
35 56 52
35 57 3
35 59 0
36 0 49
36 4 23
36 6 7
36 8 41
36 9 21
36 10 3
36 11 8
36 13 19
36 14 2
36 15 27
36 17 52
36 19 5
36 20 33
36 23 43
36 25 10
36 26 47
36 27 35
36 28 39
36 29 12
36 31 16
36 32 20
36 33 32
36 34 50
36 36 28
36 37 14
36 39 38
36 40 56
36 41 58
36 42 55
36 44 26
36 45 45
36 46 11
36 47 15
36 48 24
36 50 37
36 53 57
36 54 36
36 57 53
36 58 1
36 59 54
37 0 26
37 1 6
37 2 47
37 5 42
37 6 17
37 7 36
37 8 32
37 10 31
37 11 44
37 15 50
37 17 40
37 22 30
37 23 15
37 26 0
37 29 56
37 31 39
37 34 54
37 35 49
37 36 37
37 38 11
37 41 41
37 43 59
37 44 48
37 45 21
37 47 14
37 48 38
37 51 43
37 53 20
37 56 18
37 57 22
37 59 4
38 0 33
38 1 29
38 3 55
38 4 34
38 5 59
38 6 19
38 7 14
38 9 42
38 10 13
38 11 1
38 13 20
38 15 43
38 19 12
38 20 22
38 24 41
38 27 15
38 32 27
38 33 58
38 36 18
38 37 21
38 41 5
38 42 48
38 44 49
38 45 36
38 46 44
38 47 7
38 48 26
38 49 40
38 50 46
38 52 57
38 56 51
38 58 32
38 59 39
39 0 42
39 2 30
39 3 5
39 7 33
39 8 1
39 10 48
39 11 43
39 13 26
39 14 41
39 15 4
39 16 16
39 19 40
39 21 58
39 23 55
39 25 21
39 26 6
39 27 11
39 29 57
39 32 54
39 33 18
39 35 17
39 36 46
39 38 47
39 39 51
39 41 37
39 42 15
39 43 35
39 46 14
39 47 24
39 49 34
39 50 8
39 54 10
39 55 31
39 56 36
40 0 14
40 1 16
40 2 43
40 3 24
40 4 31
40 5 15
40 8 45
40 10 8
40 11 58
40 12 6
40 13 36
40 14 51
40 16 29
40 19 23
40 20 3
40 21 35
40 22 26
40 23 49
40 24 27
40 28 57
40 29 0
40 31 55
40 33 22
40 37 40
40 38 17
40 39 13
40 43 18
40 45 4
40 51 38
40 52 44
40 53 47
40 56 39
40 58 10
40 59 1
41 0 11
41 3 27
41 5 41
41 6 29
41 7 37
41 9 34
41 11 46
41 13 25
41 14 10
41 16 24
41 19 51
41 21 42
41 23 33
41 25 4
41 26 39
41 28 44
41 29 32
41 30 59
41 31 30
41 32 55
41 34 9
41 35 8
41 39 15
41 40 17
41 41 7
41 45 26
41 46 43
41 47 28
41 48 53
41 51 54
41 52 40
41 53 14
41 55 50
41 56 2
41 57 18
41 59 52
42 0 50
42 1 24
42 2 56
42 5 4
42 7 26
42 8 38
42 9 14
42 10 43
42 11 47
42 13 32
42 14 5
42 15 18
42 16 48
42 17 3
42 19 22
42 20 0
42 21 40
42 22 59
42 23 31
42 27 17
42 28 46
42 30 8
42 31 28
42 32 39
42 33 51
42 35 23
42 37 33
42 38 37
42 39 12
42 41 34
42 42 16
42 43 7
42 47 53
42 48 58
42 53 1
42 54 42
42 55 19
42 57 20
42 58 55
43 2 6
43 5 50
43 6 0
43 7 18
43 11 3
43 13 29
43 14 39
43 16 23
43 17 27
43 19 16
43 20 17
43 23 41
43 25 53
43 26 46
43 29 30
43 32 38
43 33 31
43 36 7
43 37 4
43 39 55
43 43 20
43 44 28
43 45 1
43 46 21
43 48 22
43 50 48
43 51 49
43 52 5
43 55 56
43 56 12
43 58 34
43 59 33
44 1 13
44 2 34
44 3 35
44 4 5
44 5 47
44 8 16
44 10 53
44 11 59
44 13 1
44 14 14
44 16 6
44 18 40
44 22 55
44 23 25
44 24 58
44 25 18
44 26 43
44 27 8
44 29 44
44 30 9
44 32 36
44 34 51
44 35 32
44 37 30
44 38 56
44 39 20
44 40 49
44 41 12
44 42 54
44 44 29
44 46 7
44 47 0
44 49 33
44 51 3
44 52 23
44 53 41
44 55 27
44 56 26
44 57 28
44 58 42
45 1 52
45 2 57
45 3 44
45 4 29
45 5 51
45 7 20
45 14 26
45 15 7
45 16 39
45 18 9
45 19 11
45 20 6
45 21 55
45 25 8
45 27 4
45 28 13
45 29 17
45 30 3
45 31 59
45 32 23
45 37 54
45 38 24
45 40 48
45 42 22
45 44 45
45 45 12
45 46 53
45 47 49
45 48 1
45 49 19
45 52 41
45 53 30
45 54 35
45 55 38
46 0 52
46 2 17
46 5 21
46 9 54
46 10 40
46 12 20
46 13 13
46 14 11
46 15 29
46 17 5
46 19 34
46 21 50
46 22 0
46 24 7
46 25 33
46 27 57
46 28 30
46 29 43
46 30 31
46 32 32
46 34 1
46 36 48
46 37 59
46 38 49
46 41 53
46 42 6
46 43 26
46 47 36
46 48 45
46 49 47
46 50 44
46 52 35
46 53 56
46 54 37
46 55 15
46 57 41
46 59 18
47 0 7
47 1 46
47 3 17
47 4 4
47 8 31
47 9 3
47 10 55
47 13 45
47 15 33
47 16 20
47 20 16
47 24 30
47 25 40
47 28 38
47 30 12
47 32 18
47 35 29
47 37 32
47 39 22
47 40 1
47 41 50
47 44 19
47 46 59
47 52 49
47 53 27
47 54 2
47 56 0
47 58 52
47 59 25
48 0 41
48 4 11
48 7 51
48 10 14
48 14 40
48 15 28
48 16 58
48 17 55
48 18 4
48 19 53
48 21 19
48 23 39
48 24 37
48 26 30
48 27 31
48 28 42
48 30 22
48 31 26
48 33 49
48 34 24
48 36 32
48 37 46
48 38 18
48 39 8
48 40 59
48 41 21
48 43 9
48 45 43
48 46 57
48 47 13
48 48 15
48 50 27
48 51 52
48 52 17
48 54 0
48 59 29
49 1 8
49 2 55
49 3 13
49 6 9
49 7 15
49 8 53
49 11 21
49 12 48
49 13 27
49 14 1
49 15 49
49 17 54
49 18 46
49 24 39
49 26 35
49 27 59
49 28 36
49 29 29
49 30 17
49 32 31
49 34 28
49 35 0
49 36 42
49 37 10
49 38 57
49 40 58
49 43 19
49 46 4
49 47 18
49 48 5
49 49 45
49 53 23
49 54 3
49 57 51
49 58 50
49 59 43
50 1 39
50 5 24
50 6 14
50 7 0
50 8 37
50 9 10
50 10 58
50 11 53
50 12 16
50 13 41
50 14 29
50 15 45
50 16 40
50 19 46
50 21 49
50 24 3
50 25 56
50 28 4
50 29 22
50 30 38
50 31 5
50 32 19
50 33 2
50 36 15
50 37 28
50 38 6
50 39 57
50 40 43
50 42 47
50 43 55
50 44 52
50 45 33
50 46 54
50 48 27
50 50 50
50 51 8
50 54 59
50 55 21
50 56 32
50 57 17
50 58 23
50 59 20
51 0 59
51 2 29
51 5 3
51 7 49
51 8 25
51 15 37
51 17 9
51 20 41
51 21 5
51 22 12
51 24 47
51 25 39
51 26 13
51 30 55
51 31 7
51 32 48
51 33 23
51 36 45
51 37 6
51 38 27
51 40 8
51 41 35
51 43 16
51 44 17
51 48 51
51 49 31
51 51 19
51 52 14
51 53 54
51 56 28
52 0 47
52 1 37
52 3 7
52 6 27
52 9 29
52 10 5
52 11 54
52 13 9
52 14 16
52 17 59
52 19 45
52 20 52
52 21 34
52 23 35
52 25 13
52 26 31
52 28 10
52 30 25
52 34 8
52 35 51
52 36 43
52 38 15
52 41 0
52 42 39
52 43 38
52 44 58
52 48 12
52 51 17
52 53 55
52 56 11
52 57 19
52 58 18
52 59 26
53 1 54
53 3 2
53 4 20
53 5 58
53 8 15
53 10 59
53 11 40
53 13 49
53 14 9
53 15 57
53 16 45
53 17 42
53 18 27
53 20 12
53 21 51
53 23 4
53 24 53
53 25 31
53 26 7
53 29 26
53 30 5
53 33 30
53 37 38
53 38 52
53 39 39
53 40 0
53 41 23
53 42 56
53 43 29
53 47 6
53 48 21
53 50 3
53 51 37
53 52 28
53 53 34
53 55 43
53 58 8
53 59 46
54 0 13
54 1 41
54 4 53
54 5 54
54 6 25
54 8 39
54 11 7
54 12 9
54 13 17
54 14 46
54 15 22
54 16 5
54 17 6
54 18 55
54 19 35
54 20 30
54 21 59
54 22 4
54 23 42
54 25 51
54 29 20
54 34 32
54 35 34
54 38 3
54 40 31
54 43 11
54 44 16
54 45 38
54 46 36
54 47 44
54 49 50
54 50 18
54 53 10
54 57 33
54 58 48
54 59 12
55 1 14
55 2 22
55 3 38
55 4 54
55 5 30
55 6 34
55 11 11
55 12 36
55 13 39
55 17 7
55 19 33
55 20 35
55 21 2
55 23 16
55 25 20
55 26 5
55 30 56
55 32 40
55 34 27
55 35 52
55 36 0
55 39 26
55 40 15
55 41 57
55 42 58
55 43 32
55 44 37
55 46 25
55 47 3
55 48 50
55 51 18
55 52 31
55 54 4
55 55 47
55 58 28
55 59 21
56 1 34
56 4 44
56 6 45
56 9 0
56 10 16
56 12 51
56 13 23
56 14 47
56 15 10
56 16 37
56 17 13
56 18 49
56 22 32
56 24 43
56 25 29
56 26 50
56 27 55
56 28 22
56 29 40
56 30 39
56 33 54
56 35 38
56 37 36
56 39 21
56 40 26
56 41 25
56 42 57
56 44 59
56 45 11
56 49 58
56 50 30
56 52 6
56 53 18
56 54 52
56 55 7
56 58 14
57 0 12
57 1 44
57 2 53
57 4 19
57 5 45
57 6 37
57 8 7
57 9 41
57 11 27
57 13 21
57 14 48
57 16 38
57 17 16
57 23 56
57 24 5
57 26 17
57 27 52
57 28 40
57 29 36
57 31 35
57 33 47
57 34 42
57 35 9
57 41 46
57 42 28
57 46 34
57 49 29
57 51 51
57 52 24
57 56 20
57 57 26
57 58 13
57 59 50
58 0 17
58 1 42
58 2 48
58 3 8
58 5 6
58 6 31
58 7 58
58 8 22
58 9 24
58 12 47
58 13 37
58 14 13
58 15 5
58 16 56
58 17 20
58 20 40
58 23 54
58 25 0
58 28 41
58 29 15
58 30 2
58 31 21
58 32 34
58 33 50
58 35 46
58 39 4
58 40 38
58 41 51
58 43 33
58 44 55
58 45 19
58 47 27
58 49 11
58 51 35
58 52 18
58 53 52
58 54 49
58 57 9
58 59 45
59 0 56
59 1 15
59 2 3
59 5 49
59 7 45
59 8 44
59 10 18
59 12 35
59 14 58
59 15 54
59 16 0
59 17 33
59 18 17
59 20 21
59 21 20
59 22 24
59 23 11
59 27 2
59 29 19
59 32 13
59 34 26
59 35 37
59 36 5
59 38 42
59 42 52
59 44 57
59 45 59
59 47 39
59 48 43
59 50 22
59 51 10
59 55 1
59 58 12
59 59 7
