60
0 8 53
0 9 12
0 15 49
0 18 30
0 23 13
0 24 55
0 30 29
0 33 38
0 35 37
0 37 39
0 41 52
0 45 36
0 51 24
0 58 41
1 1 22
1 2 5
1 4 31
1 6 16
1 7 37
1 17 17
1 21 21
1 22 38
1 23 15
1 24 48
1 30 4
1 32 51
1 33 36
1 34 50
1 35 59
1 45 25
1 55 8
2 2 14
2 3 16
2 4 1
2 8 24
2 9 11
2 10 43
2 20 30
2 24 36
2 25 18
2 38 8
2 40 49
2 41 12
2 42 35
2 43 19
2 45 51
2 50 29
2 53 46
3 0 46
3 4 43
3 5 8
3 8 27
3 16 14
3 17 19
3 19 32
3 25 50
3 28 45
3 30 36
3 31 39
3 32 53
3 33 6
3 37 15
3 41 42
3 42 44
3 43 22
3 44 5
3 48 38
3 52 11
3 54 26
4 3 42
4 4 5
4 7 27
4 11 4
4 14 26
4 21 6
4 23 9
4 24 39
4 25 54
4 26 8
4 30 31
4 36 40
4 37 56
4 38 38
4 41 35
4 43 11
4 45 14
4 53 2
4 59 50
5 1 53
5 4 22
5 5 51
5 11 21
5 12 54
5 23 43
5 28 1
5 29 14
5 40 16
5 42 7
5 48 29
5 50 20
5 54 0
5 59 31
6 0 55
6 4 39
6 9 8
6 10 14
6 15 57
6 19 20
6 28 51
6 30 6
6 31 10
6 32 26
6 37 25
6 44 31
6 45 29
6 47 19
6 49 54
6 53 12
6 54 22
6 56 48
6 57 4
7 7 17
7 9 21
7 11 29
7 12 0
7 13 53
7 19 22
7 25 49
7 36 10
7 37 11
7 39 55
7 43 59
7 45 33
7 50 4
7 53 14
7 55 1
8 0 35
8 9 14
8 12 27
8 13 28
8 15 21
8 29 39
8 31 5
8 36 18
8 40 10
8 45 58
8 50 23
8 51 50
8 52 42
8 54 17
8 55 24
8 56 43
8 59 13
9 6 44
9 8 6
9 10 36
9 12 39
9 14 45
9 17 59
9 20 5
9 26 29
9 29 20
9 32 1
9 46 24
9 52 52
9 53 50
9 54 12
9 55 19
9 56 56
10 3 25
10 16 44
10 18 19
10 21 0
10 22 30
10 25 38
10 28 15
10 31 6
10 33 5
10 35 1
10 42 20
10 45 47
10 47 36
10 55 26
11 1 20
11 2 32
11 3 59
11 4 30
11 6 23
11 9 39
11 13 15
11 17 7
11 19 36
11 20 56
11 30 9
11 31 19
11 35 42
11 36 25
11 37 8
11 39 10
11 43 43
11 45 28
11 47 4
11 51 11
11 57 37
12 0 0
12 3 11
12 4 42
12 5 15
12 6 47
12 7 3
12 8 52
12 12 36
12 17 1
12 21 57
12 25 45
12 34 59
12 38 27
12 43 5
12 51 17
12 54 38
12 56 41
12 58 20
13 11 25
13 18 44
13 21 15
13 24 0
13 27 6
13 39 43
13 40 50
13 47 45
13 48 37
13 49 47
13 53 9
13 56 30
13 59 4
14 1 17
14 2 45
14 12 6
14 15 4
14 18 5
14 20 54
14 22 34
14 23 38
14 25 25
14 29 8
14 31 36
14 32 33
14 33 39
14 40 11
14 42 12
14 43 57
14 47 18
14 48 9
14 51 49
14 53 3
14 59 26
15 0 8
15 1 1
15 3 21
15 4 2
15 7 40
15 14 34
15 18 55
15 22 50
15 24 47
15 27 25
15 32 46
15 34 10
15 35 17
15 38 51
15 40 54
15 41 15
15 42 23
15 44 53
15 47 12
15 48 32
15 50 37
15 52 39
15 53 19
15 56 45
15 59 58
16 6 25
16 8 13
16 9 10
16 10 54
16 11 42
16 15 37
16 16 27
16 17 15
16 20 55
16 24 26
16 30 34
16 38 36
16 42 9
16 43 33
16 46 51
16 52 29
16 55 38
16 59 59
17 0 44
17 1 21
17 3 23
17 8 5
17 11 17
17 12 38
17 13 57
17 16 26
17 17 46
17 18 22
17 24 30
17 26 41
17 29 59
17 32 42
17 35 25
17 39 32
17 40 51
17 46 52
17 55 2
17 57 20
18 1 55
18 2 11
18 4 59
18 8 14
18 9 41
18 14 22
18 17 44
18 27 8
18 28 39
18 34 25
18 35 52
18 37 26
18 50 45
18 53 51
18 54 34
18 55 7
18 57 5
19 2 59
19 8 33
19 10 32
19 18 42
19 25 26
19 26 35
19 27 54
19 30 44
19 33 47
19 34 57
19 35 46
19 40 24
19 41 28
19 42 2
19 48 3
19 54 20
19 55 15
19 57 11
19 58 12
20 0 25
20 6 38
20 8 51
20 16 31
20 25 28
20 26 18
20 29 40
20 30 39
20 32 41
20 34 4
20 35 14
20 37 0
20 39 3
20 43 47
20 44 32
20 47 6
20 53 54
21 4 44
21 8 23
21 11 13
21 12 14
21 16 21
21 17 53
21 18 20
21 20 22
21 21 49
21 23 50
21 26 34
21 30 38
21 32 45
21 40 52
21 44 16
21 47 31
21 48 10
21 54 9
21 55 54
21 57 25
22 1 26
22 3 36
22 11 59
22 12 12
22 13 5
22 14 55
22 16 24
22 21 53
22 25 3
22 26 38
22 33 50
22 34 17
22 36 34
22 38 18
22 39 11
22 42 54
22 57 42
23 0 2
23 2 56
23 14 50
23 15 32
23 16 59
23 19 37
23 20 34
23 21 14
23 26 19
23 27 55
23 32 35
23 33 33
23 39 42
23 44 3
23 48 49
24 6 46
24 7 50
24 8 39
24 9 57
24 11 30
24 15 45
24 16 58
24 20 20
24 21 17
24 22 44
24 23 53
24 27 42
24 33 4
24 45 21
24 47 9
24 50 19
24 55 52
25 3 22
25 6 19
25 7 49
25 18 38
25 19 6
25 22 43
25 25 44
25 28 8
25 29 0
25 34 5
25 42 16
25 43 10
25 47 23
25 48 55
25 50 50
25 52 3
25 55 33
25 57 17
25 59 52
26 2 25
26 5 12
26 9 58
26 11 35
26 12 33
26 13 45
26 17 6
26 21 26
26 25 37
26 29 50
26 35 34
26 43 30
26 47 38
26 50 54
26 53 5
26 55 48
26 56 1
26 59 43
27 3 17
27 7 51
27 13 12
27 23 22
27 24 24
27 25 55
27 26 2
27 38 48
27 41 11
27 44 23
27 45 34
27 48 8
27 53 18
28 0 53
28 1 6
28 4 57
28 10 28
28 14 39
28 17 12
28 20 9
28 22 40
28 35 58
28 38 59
28 40 36
28 41 21
28 42 25
28 44 44
28 50 52
29 3 10
29 5 13
29 6 42
29 10 45
29 11 32
29 15 16
29 17 28
29 24 34
29 26 49
29 28 27
29 35 2
29 43 50
29 45 3
29 48 4
29 49 31
29 50 25
29 51 37
29 52 30
29 53 7
29 55 55
30 1 35
30 7 26
30 10 49
30 18 54
30 19 27
30 22 46
30 23 16
30 24 15
30 26 12
30 34 11
30 36 31
30 37 34
30 41 22
30 43 24
30 50 33
30 54 51
30 56 53
31 7 16
31 12 21
31 20 6
31 28 13
31 34 43
31 36 5
31 45 26
31 50 24
31 52 1
31 53 17
32 6 49
32 8 8
32 13 20
32 18 41
32 23 34
32 26 4
32 27 15
32 28 46
32 29 5
32 30 55
32 34 36
32 36 38
32 37 7
32 40 30
32 42 17
32 45 42
32 46 31
32 49 18
32 50 48
32 53 59
32 55 51
32 56 32
32 59 44
33 1 7
33 4 9
33 5 17
33 7 54
33 13 23
33 14 3
33 17 45
33 18 8
33 22 39
33 23 46
33 28 48
33 29 15
33 33 51
33 38 22
33 45 55
33 48 40
33 49 4
33 53 11
33 57 35
33 59 20
34 13 19
34 19 9
34 21 27
34 23 3
34 24 50
34 28 7
34 31 51
34 32 40
34 34 47
34 41 6
34 45 16
34 48 41
34 56 18
34 57 34
34 58 45
35 6 57
35 16 51
35 20 33
35 21 41
35 29 31
35 33 12
35 34 39
35 36 17
35 38 29
35 39 37
35 45 1
35 51 59
35 52 58
35 54 44
35 55 5
35 57 28
35 58 8
36 1 31
36 3 40
36 8 54
36 9 52
36 10 30
36 14 5
36 15 22
36 16 2
36 21 10
36 24 25
36 26 3
36 33 34
36 36 51
36 42 29
36 46 12
36 48 35
36 54 14
36 57 26
36 58 0
37 0 14
37 1 58
37 4 24
37 5 57
37 8 30
37 10 40
37 14 48
37 24 7
37 27 47
37 28 31
37 29 26
37 30 11
37 31 41
37 38 42
37 42 50
37 45 38
37 51 56
37 54 27
37 56 15
37 57 43
38 0 37
38 4 11
38 7 57
38 13 34
38 16 54
38 19 16
38 24 4
38 26 5
38 29 30
38 34 29
38 37 59
38 40 17
38 44 38
38 46 50
38 47 26
38 50 7
38 53 48
38 55 27
39 0 54
39 2 30
39 8 58
39 10 35
39 14 52
39 15 41
39 16 50
39 18 51
39 24 2
39 25 7
39 28 43
39 35 10
39 42 28
39 51 48
39 52 4
39 55 9
39 57 18
40 1 48
40 2 34
40 3 57
40 4 27
40 19 17
40 20 41
40 27 13
40 28 9
40 34 31
40 37 54
40 41 53
40 42 45
40 43 56
40 45 52
40 47 37
40 51 39
40 52 32
41 1 15
41 2 6
41 8 31
41 11 20
41 13 46
41 15 54
41 21 19
41 22 21
41 26 30
41 30 1
41 32 16
41 34 28
41 35 33
41 36 52
41 37 53
41 39 56
41 42 39
41 44 55
41 45 59
41 46 5
41 49 3
41 52 25
41 53 29
41 55 35
41 56 22
41 58 51
42 2 43
42 4 12
42 6 58
42 10 0
42 11 50
42 13 21
42 15 17
42 18 36
42 24 49
42 32 39
42 36 14
42 39 54
42 43 31
42 44 7
42 48 47
42 53 23
43 0 22
43 4 16
43 6 52
43 10 53
43 12 40
43 13 47
43 15 56
43 19 55
43 21 46
43 25 5
43 26 27
43 27 45
43 30 0
43 32 30
43 33 28
43 45 2
43 46 34
43 49 59
43 55 12
43 57 21
43 58 25
44 1 46
44 7 2
44 9 27
44 11 16
44 13 55
44 15 19
44 19 14
44 22 18
44 25 53
44 32 4
44 34 20
44 37 36
44 40 37
44 44 56
44 45 15
44 46 35
44 53 42
44 56 5
44 57 23
44 59 11
45 2 0
45 3 14
45 4 26
45 5 39
45 6 43
45 10 47
45 12 52
45 15 28
45 16 9
45 17 49
45 18 59
45 19 24
45 22 23
45 23 25
45 26 48
45 32 36
45 34 55
45 35 27
45 44 17
45 52 40
45 53 34
45 55 4
45 57 2
45 58 7
45 59 5
46 0 45
46 4 20
46 5 29
46 9 36
46 13 49
46 18 1
46 28 11
46 31 8
46 37 2
46 44 42
46 47 55
46 57 44
46 59 25
47 2 29
47 7 53
47 8 12
47 16 28
47 18 58
47 23 59
47 27 1
47 28 49
47 29 43
47 32 18
47 37 17
47 38 13
47 39 4
47 40 31
47 43 16
47 51 26
47 55 37
47 56 33
47 58 14
48 1 49
48 7 30
48 10 5
48 11 6
48 18 50
48 19 43
48 22 29
48 25 8
48 26 26
48 31 37
48 38 14
48 40 58
48 41 40
48 46 54
48 54 7
48 57 48
48 58 47
48 59 10
49 3 2
49 7 18
49 14 11
49 15 34
49 17 51
49 19 35
49 23 42
49 24 20
49 32 32
49 34 12
49 36 59
49 37 13
49 41 4
49 42 1
49 50 10
49 53 25
49 55 45
49 58 30
50 0 48
50 3 0
50 11 45
50 13 32
50 15 46
50 22 27
50 31 38
50 33 2
50 39 44
50 41 9
50 43 17
50 47 42
50 48 1
50 52 54
50 56 52
51 1 51
51 4 17
51 6 1
51 9 54
51 16 47
51 18 13
51 22 33
51 23 18
51 24 27
51 25 9
51 26 42
51 27 7
51 35 4
51 37 41
51 44 8
51 45 44
51 47 52
51 49 23
51 55 43
51 57 46
51 58 16
52 0 9
52 3 20
52 9 22
52 11 52
52 12 56
52 16 18
52 21 54
52 22 41
52 28 4
52 31 24
52 33 16
52 37 29
52 38 35
52 45 37
52 46 10
52 50 46
52 56 6
52 57 14
52 58 57
52 59 47
53 0 40
53 3 47
53 5 35
53 10 24
53 12 50
53 14 6
53 16 55
53 17 36
53 18 48
53 20 45
53 26 16
53 33 42
53 35 18
53 36 39
53 38 12
53 40 43
53 42 21
53 43 53
53 52 46
53 55 23
53 57 0
54 1 2
54 2 3
54 4 55
54 6 5
54 9 48
54 12 43
54 16 20
54 23 14
54 24 9
54 29 35
54 30 45
54 34 16
54 35 31
54 36 11
54 39 7
54 45 22
54 48 6
54 55 34
55 9 46
55 14 0
55 15 30
55 19 38
55 20 7
55 21 36
55 28 10
55 32 57
55 33 32
55 35 50
55 47 44
55 52 51
55 57 24
55 59 56
56 0 34
56 2 19
56 3 5
56 8 29
56 11 12
56 13 50
56 17 41
56 19 45
56 22 31
56 23 24
56 26 11
56 28 42
56 30 2
56 31 58
56 34 37
56 38 21
56 42 15
56 49 53
56 55 44
56 59 9
57 2 36
57 4 32
57 6 21
57 8 48
57 10 52
57 11 0
57 14 33
57 19 49
57 24 18
57 25 23
57 26 17
57 28 59
57 32 20
57 33 13
57 35 54
57 41 27
57 43 1
57 45 53
57 52 55
57 57 30
58 0 19
58 5 24
58 7 41
58 8 40
58 12 28
58 15 48
58 23 23
58 26 32
58 27 9
58 30 25
58 32 49
58 35 7
58 40 34
58 49 0
58 50 2
58 51 30
58 52 20
58 58 13
59 12 7
59 17 39
59 19 30
59 20 52
59 22 48
59 23 4
59 24 31
59 25 33
59 30 14
59 38 57
59 39 12
59 47 10
59 49 26
59 50 1
59 51 18
59 54 25
59 56 42
59 58 32
