60
0 0 7
0 1 6
0 3 22
0 4 18
0 5 3
0 6 19
0 12 20
0 13 10
0 14 42
0 15 1
0 16 46
0 18 31
0 20 48
0 24 36
0 25 33
0 26 58
0 28 21
0 30 15
0 31 0
0 32 25
0 35 11
0 38 39
0 41 37
0 42 35
0 45 30
0 46 55
0 50 9
0 51 51
0 52 5
0 54 54
0 55 12
0 56 40
0 57 26
0 59 17
1 3 35
1 5 9
1 8 18
1 9 30
1 10 57
1 11 23
1 12 25
1 14 4
1 15 39
1 16 11
1 17 32
1 20 50
1 21 38
1 23 36
1 26 28
1 27 48
1 28 31
1 30 3
1 31 12
1 32 53
1 33 37
1 36 34
1 38 44
1 40 56
1 42 15
1 43 10
1 44 26
1 46 24
1 48 17
1 51 52
1 52 54
1 53 16
1 54 19
1 55 51
1 57 6
1 58 14
1 59 2
2 0 42
2 1 4
2 3 37
2 4 47
2 5 18
2 6 17
2 7 50
2 9 2
2 10 9
2 11 54
2 12 26
2 15 34
2 16 51
2 17 13
2 18 36
2 19 24
2 21 23
2 22 45
2 23 10
2 24 46
2 26 40
2 28 7
2 29 56
2 30 19
2 31 16
2 32 48
2 33 21
2 35 3
2 36 29
2 37 20
2 38 5
2 41 22
2 43 27
2 44 32
2 45 12
2 46 6
2 48 52
2 49 25
2 50 0
2 51 28
2 52 15
2 56 1
2 57 30
2 58 57
2 59 44
3 0 17
3 1 43
3 2 16
3 3 30
3 4 22
3 5 37
3 6 1
3 7 8
3 8 35
3 9 51
3 10 14
3 15 5
3 17 7
3 18 28
3 19 21
3 20 23
3 21 49
3 22 56
3 23 11
3 27 38
3 28 54
3 30 41
3 32 9
3 33 48
3 35 39
3 37 13
3 41 32
3 42 33
3 44 58
3 47 20
3 48 6
3 49 29
3 51 36
3 53 55
3 55 59
3 59 40
4 3 49
4 4 50
4 5 40
4 6 47
4 7 51
4 9 19
4 10 46
4 11 22
4 12 54
4 13 44
4 14 27
4 16 13
4 17 17
4 20 32
4 21 26
4 22 1
4 23 21
4 24 10
4 26 39
4 28 25
4 29 37
4 30 48
4 31 8
4 32 4
4 33 53
4 34 29
4 35 55
4 36 41
4 39 38
4 41 57
4 44 36
4 45 14
4 46 28
4 47 45
4 49 33
4 52 58
4 53 24
4 54 56
4 56 30
4 57 12
4 58 31
4 59 42
5 0 45
5 1 19
5 2 58
5 3 40
5 4 44
5 5 14
5 6 36
5 9 17
5 10 10
5 13 37
5 16 7
5 18 18
5 19 9
5 20 42
5 21 4
5 24 52
5 26 53
5 29 48
5 31 47
5 33 30
5 34 24
5 36 28
5 37 38
5 38 50
5 39 57
5 42 55
5 43 25
5 46 26
5 48 22
5 49 1
5 50 2
5 53 32
5 54 34
5 55 21
5 56 31
5 57 23
5 58 59
5 59 33
6 0 34
6 2 39
6 4 11
6 6 56
6 7 38
6 8 17
6 9 43
6 13 0
6 15 36
6 16 23
6 18 10
6 20 31
6 21 54
6 22 21
6 24 24
6 32 1
6 33 41
6 34 52
6 35 59
6 36 49
6 38 9
6 39 3
6 41 5
6 43 48
6 44 14
6 46 4
6 47 27
6 49 6
6 50 28
6 51 55
6 52 30
6 54 37
6 55 19
6 57 40
6 58 53
7 1 36
7 3 28
7 10 49
7 12 32
7 13 59
7 14 57
7 15 2
7 16 21
7 18 17
7 20 25
7 22 43
7 23 1
7 24 51
7 25 3
7 26 34
7 27 11
7 28 42
7 31 48
7 32 15
7 33 47
7 35 26
7 36 20
7 37 6
7 38 23
7 41 30
7 42 8
7 44 35
7 46 39
7 47 10
7 48 9
7 50 18
7 51 12
7 52 40
7 53 56
7 54 53
7 56 41
7 57 14
7 58 52
8 0 36
8 1 53
8 2 6
8 3 27
8 4 38
8 6 3
8 10 19
8 11 33
8 14 44
8 16 2
8 17 35
8 18 49
8 20 11
8 21 34
8 22 39
8 23 50
8 26 42
8 27 17
8 28 28
8 29 5
8 30 29
8 33 58
8 34 20
8 35 1
8 36 55
8 39 13
8 42 18
8 44 4
8 45 46
8 47 56
8 49 48
8 51 32
8 52 23
8 54 21
8 55 30
8 57 16
8 59 9
9 0 51
9 2 18
9 3 46
9 5 10
9 6 55
9 7 27
9 9 37
9 10 20
9 12 17
9 15 3
9 16 26
9 17 21
9 18 43
9 20 41
9 21 28
9 22 48
9 23 30
9 25 34
9 27 5
9 30 11
9 31 31
9 32 13
9 33 42
9 34 6
9 35 45
9 36 1
9 41 44
9 43 36
9 45 52
9 47 38
9 48 32
9 49 22
9 50 29
9 53 7
9 54 47
9 55 49
9 56 56
9 57 4
9 58 16
9 59 23
10 0 50
10 1 7
10 3 57
10 4 16
10 5 13
10 6 49
10 7 2
10 11 55
10 12 24
10 14 40
10 17 27
10 21 52
10 23 0
10 25 32
10 26 18
10 30 26
10 32 17
10 35 35
10 36 19
10 37 39
10 39 51
10 40 36
10 42 14
10 45 54
10 46 15
10 48 23
10 51 53
10 52 29
10 53 25
10 54 59
10 55 44
10 56 4
10 57 20
10 58 42
11 0 28
11 2 9
11 7 42
11 11 27
11 13 3
11 14 1
11 15 43
11 16 6
11 19 45
11 22 23
11 23 39
11 26 13
11 28 17
11 29 22
11 30 33
11 31 29
11 32 36
11 34 16
11 38 35
11 39 31
11 40 44
11 41 20
11 42 12
11 49 51
11 51 59
11 53 40
11 56 57
11 57 55
11 58 10
12 2 40
12 3 1
12 4 31
12 5 53
12 6 50
12 7 47
12 9 0
12 12 28
12 13 7
12 15 14
12 16 19
12 17 36
12 18 55
12 19 41
12 20 33
12 21 25
12 24 17
12 25 42
12 26 43
12 28 26
12 30 18
12 33 57
12 36 3
12 38 27
12 39 6
12 43 35
12 44 24
12 47 48
12 49 59
12 53 2
12 56 58
12 57 22
12 58 8
13 1 31
13 3 43
13 4 33
13 5 55
13 6 18
13 9 58
13 10 15
13 12 8
13 16 20
13 17 38
13 18 48
13 21 59
13 23 22
13 24 21
13 27 23
13 28 57
13 29 39
13 31 3
13 32 5
13 33 29
13 34 41
13 36 42
13 37 7
13 38 52
13 39 32
13 40 11
13 41 16
13 42 30
13 43 56
13 45 9
13 47 19
13 49 4
13 50 46
13 52 2
13 54 28
13 55 35
13 56 24
13 57 13
13 59 47
14 2 35
14 3 13
14 4 30
14 5 23
14 8 46
14 10 36
14 12 7
14 16 27
14 17 25
14 19 5
14 20 53
14 25 17
14 26 41
14 28 20
14 29 6
14 30 4
14 32 28
14 33 19
14 34 21
14 35 50
14 37 10
14 38 12
14 40 55
14 41 14
14 43 42
14 44 39
14 46 33
14 48 57
14 49 49
14 51 11
14 52 24
14 53 0
14 54 16
14 55 54
14 58 3
14 59 8
15 0 16
15 1 56
15 2 52
15 3 48
15 5 32
15 6 30
15 7 13
15 8 44
15 11 57
15 12 35
15 17 4
15 19 3
15 20 21
15 21 55
15 25 53
15 26 2
15 27 18
15 29 33
15 30 14
15 31 20
15 34 46
15 36 51
15 37 40
15 38 45
15 40 34
15 42 10
15 44 50
15 45 22
15 46 1
15 47 26
15 48 25
15 49 37
15 50 36
15 54 9
15 56 38
15 58 0
15 59 49
16 1 44
16 2 3
16 3 25
16 4 43
16 8 8
16 9 36
16 10 55
16 12 47
16 14 46
16 15 29
16 16 10
16 21 9
16 22 14
16 26 15
16 27 33
16 29 24
16 31 59
16 32 39
16 33 1
16 35 28
16 36 7
16 37 57
16 38 37
16 39 22
16 40 19
16 41 21
16 42 16
16 43 20
16 45 42
16 48 18
16 49 35
16 50 5
16 51 6
16 55 50
16 59 58
17 1 26
17 3 16
17 5 56
17 6 32
17 9 52
17 12 15
17 13 39
17 14 21
17 15 6
17 16 33
17 17 19
17 18 2
17 19 51
17 20 38
17 21 10
17 22 40
17 23 29
17 25 14
17 27 37
17 29 54
17 30 28
17 32 31
17 33 50
17 36 22
17 37 9
17 38 46
17 39 35
17 40 4
17 43 55
17 44 57
17 46 47
17 51 18
17 56 48
18 0 37
18 2 22
18 3 12
18 6 34
18 7 31
18 15 54
18 17 14
18 18 1
18 19 58
18 20 57
18 24 42
18 25 9
18 26 21
18 27 29
18 28 56
18 29 52
18 31 28
18 32 47
18 34 2
18 35 49
18 36 45
18 37 35
18 38 13
18 39 23
18 40 32
18 42 24
18 43 17
18 44 7
18 45 16
18 47 39
18 48 26
18 49 18
18 50 38
18 52 33
18 54 20
18 55 48
18 58 11
19 0 2
19 1 42
19 4 12
19 5 0
19 6 52
19 9 28
19 11 31
19 12 22
19 19 33
19 20 45
19 24 19
19 26 1
19 28 24
19 29 41
19 30 50
19 31 54
19 32 46
19 33 43
19 36 10
19 38 57
19 40 47
19 41 15
19 45 44
19 46 7
19 48 35
19 49 30
19 50 49
19 53 27
19 54 55
19 55 25
19 59 6
20 1 23
20 3 19
20 4 27
20 7 7
20 8 47
20 9 20
20 10 4
20 11 36
20 12 55
20 15 15
20 17 51
20 19 39
20 20 54
20 21 42
20 22 2
20 25 21
20 26 8
20 28 35
20 30 34
20 31 18
20 36 44
20 37 46
20 38 49
20 39 11
20 40 38
20 41 9
20 43 52
20 46 37
20 47 6
20 48 0
20 50 25
20 51 17
20 52 57
20 55 33
20 57 29
20 59 16
21 0 35
21 1 47
21 3 29
21 5 54
21 8 59
21 11 3
21 16 37
21 17 2
21 18 26
21 21 39
21 23 5
21 24 32
21 26 23
21 28 22
21 29 11
21 30 7
21 35 19
21 38 25
21 40 52
21 41 18
21 44 6
21 46 49
21 48 4
21 50 42
21 52 48
21 53 46
21 54 58
21 55 31
21 57 41
21 58 28
22 0 47
22 3 54
22 5 5
22 6 12
22 7 48
22 8 22
22 9 24
22 13 58
22 14 15
22 15 33
22 16 28
22 21 44
22 22 18
22 23 26
22 24 6
22 26 35
22 27 39
22 28 14
22 30 16
22 31 52
22 32 55
22 33 7
22 36 30
22 37 2
22 39 21
22 40 9
22 41 49
22 42 17
22 43 53
22 45 23
22 46 13
22 47 57
22 48 42
22 49 36
22 50 45
22 51 27
22 52 19
22 53 10
22 55 38
22 57 43
22 58 50
22 59 20
23 4 25
23 6 42
23 7 56
23 9 9
23 10 29
23 12 3
23 15 27
23 16 52
23 17 1
23 19 28
23 22 22
23 26 59
23 27 7
23 29 32
23 30 53
23 32 58
23 34 18
23 36 11
23 38 55
23 39 36
23 40 12
23 44 43
23 45 6
23 48 31
23 49 8
23 53 47
23 56 54
23 58 21
24 0 23
24 1 39
24 6 35
24 7 30
24 8 34
24 9 31
24 10 43
24 12 10
24 13 49
24 16 16
24 17 3
24 18 12
24 20 6
24 22 36
24 24 14
24 26 29
24 28 44
24 30 52
24 34 53
24 36 8
24 37 48
24 38 41
24 39 17
24 41 38
24 44 51
24 47 2
24 48 45
24 49 15
24 51 25
24 53 9
24 54 5
24 57 0
24 59 7
25 2 32
25 3 41
25 5 28
25 7 40
25 8 39
25 10 2
25 11 0
25 12 52
25 14 10
25 15 49
25 16 38
25 17 24
25 18 37
25 21 36
25 25 26
25 26 7
25 28 15
25 29 44
25 30 9
25 31 19
25 34 45
25 35 17
25 36 14
25 37 43
25 38 31
25 39 8
25 40 20
25 43 34
25 45 11
25 48 27
25 49 13
25 51 1
25 52 55
25 55 22
25 56 51
25 57 59
25 58 23
26 0 19
26 1 52
26 2 27
26 3 3
26 4 59
26 6 53
26 7 18
26 8 45
26 12 6
26 14 2
26 17 39
26 18 24
26 20 29
26 21 30
26 22 11
26 23 12
26 25 44
26 28 33
26 29 43
26 30 42
26 31 14
26 32 38
26 33 31
26 37 0
26 38 40
26 40 48
26 41 55
26 42 13
26 43 37
26 46 50
26 49 23
26 51 54
26 52 8
26 53 57
26 54 4
26 55 5
26 56 34
26 57 35
26 59 36
27 0 22
27 1 18
27 2 30
27 4 19
27 5 44
27 6 38
27 7 52
27 8 15
27 9 1
27 11 7
27 12 31
27 14 58
27 20 9
27 21 24
27 22 55
27 23 57
27 24 34
27 27 35
27 29 13
27 30 5
27 31 11
27 32 6
27 34 4
27 36 39
27 37 21
27 38 36
27 39 26
27 41 54
27 42 50
27 44 56
27 45 53
27 46 2
27 47 29
27 49 42
27 51 8
27 52 28
27 54 41
27 55 23
27 56 0
27 57 17
28 2 11
28 3 44
28 5 20
28 7 4
28 8 23
28 9 50
28 10 58
28 12 13
28 16 57
28 18 52
28 21 7
28 22 53
28 23 19
28 24 1
28 25 31
28 27 14
28 29 0
28 30 35
28 31 9
28 33 56
28 34 12
28 35 33
28 37 29
28 39 34
28 40 5
28 41 25
28 42 48
28 43 15
28 44 45
28 45 36
28 48 47
28 49 26
28 51 49
28 52 32
28 54 2
28 55 39
28 56 17
28 58 18
29 1 28
29 2 5
29 3 6
29 4 58
29 5 7
29 6 23
29 8 43
29 10 40
29 14 31
29 15 25
29 16 12
29 18 9
29 19 19
29 20 34
29 21 27
29 25 39
29 28 37
29 29 47
29 31 42
29 32 52
29 33 49
29 34 11
29 37 33
29 38 32
29 40 53
29 43 3
29 45 59
29 47 50
29 48 29
29 50 8
29 51 4
29 52 44
29 57 51
30 0 14
30 1 12
30 3 20
30 4 2
30 5 1
30 11 10
30 12 38
30 13 22
30 14 18
30 15 4
30 18 0
30 20 27
30 22 33
30 24 44
30 25 24
30 26 48
30 27 36
30 30 51
30 31 5
30 32 7
30 33 23
30 34 35
30 35 53
30 36 46
30 40 31
30 43 8
30 44 42
30 45 25
30 46 29
30 48 56
30 49 41
30 52 13
30 53 3
30 55 16
30 56 59
30 58 19
30 59 11
31 0 25
31 1 57
31 3 33
31 4 48
31 6 37
31 7 36
31 8 19
31 9 5
31 11 16
31 13 12
31 17 31
31 18 45
31 19 44
31 20 2
31 21 15
31 23 17
31 24 23
31 25 30
31 26 9
31 27 8
31 28 50
31 33 59
31 34 14
31 37 49
31 38 26
31 43 6
31 44 20
31 45 58
31 46 54
31 47 13
31 52 41
31 55 1
31 56 18
31 58 35
31 59 29
32 5 31
32 6 8
32 7 25
32 12 34
32 14 26
32 16 9
32 17 53
32 18 21
32 20 18
32 21 41
32 22 4
32 24 3
32 25 23
32 26 17
32 28 39
32 29 7
32 33 55
32 34 49
32 35 47
32 36 50
32 37 5
32 39 0
32 41 24
32 42 40
32 43 28
32 48 1
32 49 32
32 50 37
32 51 45
32 52 43
32 57 44
33 0 39
33 1 54
33 3 32
33 4 10
33 6 46
33 8 4
33 9 41
33 11 20
33 12 23
33 13 55
33 16 56
33 18 7
33 19 16
33 21 37
33 26 5
33 29 14
33 32 59
33 35 6
33 36 35
33 37 51
33 39 43
33 40 28
33 41 36
33 42 21
33 44 31
33 45 19
33 46 48
33 47 53
33 48 3
33 49 2
33 50 30
33 51 9
33 53 15
33 55 40
33 56 27
34 0 1
34 2 54
34 3 56
34 4 9
34 5 6
34 8 41
34 9 4
34 11 42
34 12 53
34 14 28
34 15 19
34 16 48
34 17 43
34 18 30
34 19 57
34 21 32
34 22 16
34 23 7
34 25 45
34 26 0
34 27 15
34 28 52
34 30 59
34 31 22
34 34 39
34 36 58
34 37 36
34 38 21
34 40 40
34 45 5
34 47 55
34 48 44
34 50 35
34 51 37
34 53 20
34 55 10
34 56 46
34 58 34
34 59 27
35 0 58
35 1 59
35 2 56
35 3 4
35 5 43
35 6 41
35 8 37
35 12 49
35 15 46
35 16 54
35 17 52
35 19 10
35 21 21
35 22 35
35 23 14
35 24 11
35 25 36
35 26 30
35 27 2
35 30 22
35 31 23
35 32 20
35 33 12
35 36 31
35 37 34
35 39 7
35 40 50
35 41 19
35 43 24
35 45 32
35 46 5
35 48 51
35 50 39
35 51 13
35 53 29
35 54 17
35 55 45
35 58 44
35 59 57
36 1 1
36 2 21
36 4 35
36 5 50
36 6 26
36 8 28
36 15 55
36 16 36
36 19 49
36 20 0
36 21 31
36 22 57
36 23 54
36 24 18
36 25 46
36 28 11
36 29 16
36 31 45
36 32 41
36 35 2
36 38 3
36 39 48
36 41 27
36 42 7
36 44 13
36 45 8
36 46 14
36 47 12
36 48 53
36 50 51
36 53 4
36 54 29
36 55 47
36 57 19
36 58 25
37 0 56
37 3 52
37 6 13
37 7 44
37 10 31
37 11 32
37 12 11
37 13 21
37 15 16
37 16 58
37 18 33
37 19 12
37 21 3
37 22 49
37 23 18
37 24 55
37 27 53
37 28 4
37 29 42
37 30 47
37 32 57
37 33 45
37 34 48
37 36 59
37 37 15
37 38 2
37 41 29
37 42 39
37 43 19
37 44 9
37 45 28
37 46 23
37 49 38
37 50 17
37 54 22
37 55 20
37 56 10
37 58 24
37 59 14
38 2 44
38 3 55
38 4 49
38 6 21
38 10 8
38 11 17
38 16 15
38 17 12
38 18 16
38 20 19
38 22 37
38 23 45
38 25 51
38 26 14
38 28 53
38 31 50
38 32 2
38 35 34
38 37 22
38 39 30
38 41 59
38 42 27
38 43 1
38 44 47
38 45 56
38 49 31
38 52 42
38 53 38
38 54 39
38 56 35
38 57 28
38 58 26
38 59 54
39 0 43
39 1 25
39 2 41
39 3 14
39 4 4
39 5 29
39 6 59
39 7 32
39 8 52
39 10 7
39 12 16
39 14 53
39 16 5
39 17 54
39 18 8
39 20 49
39 21 45
39 23 38
39 29 50
39 31 39
39 32 10
39 33 0
39 34 34
39 35 42
39 37 31
39 38 17
39 39 58
39 41 48
39 43 47
39 44 55
39 45 35
39 47 36
39 48 37
39 49 21
39 50 44
39 51 30
39 52 6
39 54 12
39 55 2
39 57 3
39 59 26
40 0 48
40 2 8
40 3 24
40 8 42
40 10 1
40 11 30
40 12 56
40 14 49
40 15 44
40 17 6
40 19 20
40 20 59
40 21 51
40 22 32
40 24 35
40 26 57
40 27 4
40 29 17
40 30 12
40 32 18
40 33 28
40 34 10
40 38 22
40 41 26
40 42 31
40 43 38
40 44 52
40 45 29
40 46 36
40 47 37
40 50 47
40 51 41
40 52 3
40 53 23
40 54 27
40 55 14
40 56 43
40 57 45
40 58 55
41 0 41
41 1 33
41 2 10
41 5 12
41 7 21
41 9 46
41 10 5
41 13 18
41 14 19
41 15 42
41 16 3
41 17 8
41 20 22
41 21 2
41 22 47
41 23 24
41 24 16
41 25 52
41 27 20
41 28 30
41 29 35
41 31 25
41 32 50
41 33 4
41 35 31
41 36 36
41 37 59
41 38 58
41 41 7
41 42 29
41 43 39
41 44 34
41 46 51
41 47 49
41 49 56
41 50 48
41 51 15
41 52 38
41 54 45
41 55 53
41 56 14
41 59 32
42 1 38
42 5 57
42 8 40
42 9 42
42 12 36
42 14 45
42 15 56
42 16 17
42 17 33
42 19 47
42 20 58
42 21 16
42 22 25
42 24 43
42 26 4
42 28 12
42 29 59
42 30 24
42 33 2
42 34 28
42 37 30
42 39 44
42 40 3
42 42 37
42 43 22
42 48 20
42 49 19
42 51 14
42 52 7
42 55 13
42 58 48
43 2 2
43 3 10
43 4 8
43 7 59
43 8 16
43 10 56
43 13 6
43 15 50
43 16 39
43 17 41
43 18 54
43 19 22
43 24 40
43 25 28
43 27 52
43 33 20
43 34 37
43 36 26
43 40 27
43 42 19
43 43 11
43 44 3
43 46 34
43 54 23
43 55 36
43 58 17
44 1 8
44 3 59
44 4 5
44 8 11
44 9 3
44 13 36
44 15 47
44 18 19
44 19 48
44 23 52
44 24 13
44 26 51
44 27 55
44 28 29
44 31 43
44 32 30
44 34 42
44 35 38
44 37 32
44 39 25
44 40 1
44 41 10
44 44 2
44 45 31
44 47 34
44 49 17
44 51 0
44 52 49
44 53 6
44 54 15
44 55 58
44 57 33
44 59 37
45 1 49
45 4 13
45 5 38
45 6 45
45 7 1
45 10 48
45 14 20
45 15 31
45 17 22
45 18 23
45 22 34
45 23 35
45 24 28
45 27 51
45 28 0
45 32 32
45 34 15
45 39 12
45 40 30
45 43 4
45 44 27
45 45 21
45 48 39
45 49 44
45 50 10
45 52 26
45 53 50
45 54 7
45 56 11
45 57 46
45 59 59
46 3 15
46 4 17
46 6 11
46 7 0
46 8 36
46 9 35
46 10 13
46 11 18
46 13 24
46 14 23
46 16 47
46 19 52
46 22 9
46 23 2
46 24 45
46 25 59
46 28 49
46 29 30
46 34 7
46 35 20
46 36 4
46 37 55
46 39 41
46 42 3
46 44 22
46 46 19
46 49 10
46 50 21
46 52 27
46 53 8
46 54 25
46 55 34
46 56 42
46 57 37
46 58 38
47 1 11
47 3 50
47 7 28
47 10 34
47 12 42
47 13 38
47 14 48
47 16 14
47 17 5
47 18 35
47 19 15
47 20 46
47 24 4
47 25 6
47 26 55
47 29 1
47 30 32
47 31 36
47 32 8
47 33 25
47 35 7
47 36 43
47 37 44
47 38 51
47 42 56
47 43 9
47 45 47
47 46 17
47 47 18
47 48 19
47 49 12
47 51 20
47 53 58
47 55 3
47 56 37
47 59 21
48 1 20
48 3 58
48 4 36
48 6 24
48 7 14
48 8 10
48 9 56
48 12 27
48 13 25
48 14 7
48 15 53
48 16 43
48 17 57
48 18 39
48 21 46
48 23 28
48 25 38
48 26 19
48 27 31
48 30 21
48 31 17
48 33 3
48 35 4
48 38 33
48 42 6
48 43 30
48 44 11
48 45 2
48 46 16
48 47 32
48 48 5
48 52 50
48 55 9
48 56 8
48 57 15
48 58 41
49 0 6
49 1 34
49 2 46
49 4 52
49 10 54
49 11 9
49 12 40
49 14 59
49 15 26
49 16 45
49 18 38
49 19 23
49 21 47
49 22 13
49 23 8
49 24 27
49 26 36
49 29 15
49 30 20
49 31 4
49 34 51
49 36 2
49 37 42
49 40 16
49 42 11
49 43 49
49 44 18
49 45 41
49 46 58
49 48 24
49 52 56
49 53 21
49 54 14
49 55 0
49 56 22
49 58 7
49 59 48
50 0 32
50 1 10
50 4 6
50 7 41
50 8 14
50 9 59
50 10 25
50 12 9
50 13 35
50 16 1
50 17 47
50 18 11
50 19 4
50 20 3
50 23 37
50 24 58
50 25 57
50 26 20
50 28 51
50 29 27
50 31 7
50 32 34
50 34 56
50 35 52
50 39 19
50 40 54
50 41 39
50 42 23
50 43 33
50 44 46
50 45 24
50 46 43
50 47 15
50 50 55
50 51 22
50 53 36
50 55 17
50 56 44
50 57 5
50 58 29
51 0 11
51 1 55
51 2 13
51 4 24
51 5 22
51 8 7
51 9 10
51 11 6
51 12 48
51 17 20
51 18 34
51 19 53
51 20 52
51 21 18
51 22 3
51 26 45
51 28 59
51 29 19
51 30 31
51 31 35
51 34 44
51 36 33
51 37 26
51 39 29
51 40 21
51 41 12
51 42 32
51 43 58
51 45 39
51 46 9
51 47 4
51 48 2
51 50 16
51 53 5
51 55 57
51 58 47
51 59 1
52 1 15
52 2 49
52 4 14
52 5 59
52 6 51
52 7 11
52 8 38
52 9 55
52 11 13
52 13 54
52 14 39
52 15 24
52 16 30
52 18 42
52 22 12
52 23 27
52 24 48
52 26 47
52 28 9
52 30 46
52 32 23
52 34 17
52 37 1
52 43 29
52 44 19
52 47 22
52 49 58
52 52 21
52 53 45
52 54 6
52 56 53
52 57 36
52 59 4
53 1 48
53 3 39
53 4 37
53 5 16
53 6 43
53 7 9
53 11 47
53 12 45
53 13 27
53 14 32
53 15 22
53 18 15
53 20 44
53 22 19
53 23 40
53 24 50
53 25 10
53 26 3
53 28 36
53 31 46
53 33 8
53 34 54
53 35 41
53 37 11
53 38 6
53 39 4
53 42 49
53 43 14
53 45 38
53 47 28
53 49 5
53 50 1
53 51 33
53 52 52
53 54 24
53 56 20
53 58 51
53 59 18
54 1 13
54 5 24
54 7 29
54 8 21
54 9 14
54 10 22
54 11 51
54 16 4
54 17 42
54 18 53
54 20 5
54 22 6
54 23 44
54 24 39
54 26 52
54 29 58
54 31 37
54 32 40
54 34 55
54 35 15
54 36 23
54 37 3
54 39 33
54 40 45
54 41 11
54 44 12
54 45 50
54 46 35
54 50 27
54 53 41
54 54 31
54 55 56
54 56 32
54 58 30
54 59 28
55 2 15
55 3 47
55 4 40
55 5 45
55 6 22
55 7 16
55 8 20
55 10 52
55 11 53
55 12 41
55 13 5
55 15 37
55 19 7
55 21 0
55 22 31
55 23 55
55 24 9
55 25 19
55 26 26
55 27 28
55 29 8
55 31 1
55 32 33
55 34 23
55 35 14
55 36 32
55 39 24
55 41 58
55 42 42
55 46 38
55 47 25
55 48 59
55 49 57
55 52 11
55 53 17
55 54 48
55 57 39
55 58 49
55 59 56
56 0 26
56 3 21
56 4 23
56 5 46
56 7 20
56 9 49
56 13 30
56 14 11
56 15 52
56 16 42
56 17 18
56 19 2
56 21 22
56 27 44
56 28 19
56 29 51
56 31 55
56 32 24
56 34 27
56 36 6
56 37 12
56 38 48
56 41 50
56 42 34
56 44 17
56 45 43
56 46 25
56 47 0
56 48 54
56 49 45
56 51 5
56 53 33
56 57 47
56 58 39
56 59 15
57 0 8
57 1 30
57 3 9
57 4 1
57 5 33
57 6 29
57 8 0
57 9 11
57 10 32
57 11 25
57 12 14
57 13 52
57 14 51
57 18 57
57 20 47
57 21 56
57 22 58
57 23 4
57 24 12
57 27 6
57 28 45
57 29 28
57 30 54
57 31 15
57 32 35
57 33 13
57 34 31
57 35 5
57 37 17
57 41 53
57 43 23
57 45 26
57 46 41
57 47 16
57 51 48
57 52 20
57 54 18
57 56 36
57 57 27
57 58 37
58 2 36
58 3 38
58 5 2
58 6 25
58 7 57
58 8 26
58 9 33
58 10 3
58 12 19
58 16 40
58 18 4
58 21 20
58 22 17
58 24 37
58 27 13
58 31 27
58 32 16
58 33 34
58 34 50
58 35 43
58 38 8
58 39 5
58 42 58
58 45 0
58 46 21
58 50 6
58 51 31
58 52 45
58 56 28
59 1 17
59 2 25
59 6 4
59 7 55
59 8 12
59 10 6
59 11 19
59 13 2
59 14 24
59 15 35
59 18 46
59 19 11
59 20 36
59 21 57
59 22 54
59 23 23
59 24 20
59 25 8
59 26 56
59 28 40
59 31 58
59 33 22
59 34 13
59 35 44
59 36 21
59 37 50
59 38 14
59 42 1
59 43 41
59 44 38
59 45 7
59 46 31
59 48 30
59 49 52
59 50 59
59 51 10
59 54 51
59 55 26
59 56 29
59 57 49
59 58 27
59 59 53
