70
0 2 15
0 3 68
0 5 12
0 6 50
0 7 29
0 9 62
0 10 0
0 12 13
0 13 52
0 17 58
0 18 3
0 19 27
0 22 32
0 24 6
0 25 31
0 26 19
0 32 56
0 33 21
0 37 16
0 44 42
0 46 36
0 48 5
0 51 40
0 53 64
0 55 67
0 57 60
0 59 26
0 60 7
0 64 2
0 66 65
1 0 37
1 5 48
1 9 44
1 10 11
1 12 54
1 13 27
1 16 22
1 25 12
1 26 13
1 29 25
1 34 19
1 36 0
1 41 66
1 43 61
1 45 29
1 47 36
1 48 57
1 55 31
1 56 14
1 65 34
1 67 26
1 68 23
1 69 20
2 2 34
2 4 66
2 7 11
2 9 40
2 11 18
2 14 31
2 17 16
2 18 61
2 23 41
2 24 22
2 29 23
2 32 50
2 34 49
2 36 33
2 39 48
2 40 25
2 43 14
2 45 44
2 46 67
2 47 13
2 51 69
2 52 52
2 56 15
2 61 20
2 64 38
2 67 64
2 69 6
3 0 54
3 2 55
3 4 69
3 5 18
3 6 61
3 7 51
3 8 62
3 9 43
3 10 12
3 15 65
3 19 10
3 22 66
3 27 35
3 28 20
3 36 14
3 37 29
3 38 32
3 40 53
3 43 3
3 45 33
3 47 44
3 49 21
3 51 38
3 56 6
3 57 1
3 58 63
3 60 27
3 65 13
3 68 56
3 69 45
4 1 13
4 2 64
4 10 22
4 11 69
4 15 66
4 16 0
4 17 36
4 18 50
4 20 60
4 31 6
4 33 35
4 39 67
4 40 57
4 42 52
4 45 8
4 50 42
4 51 19
4 54 16
4 55 56
4 56 10
4 57 39
4 61 51
4 62 62
4 65 2
4 66 11
4 67 17
4 69 55
5 0 44
5 2 38
5 4 6
5 5 30
5 7 28
5 11 68
5 12 58
5 13 3
5 14 13
5 20 61
5 27 11
5 28 37
5 30 14
5 35 24
5 39 62
5 43 47
5 46 8
5 52 18
5 55 59
5 62 27
5 63 35
5 68 63
6 5 58
6 9 31
6 15 9
6 19 22
6 22 39
6 23 1
6 24 63
6 25 68
6 27 32
6 28 56
6 31 55
6 32 43
6 38 40
6 41 50
6 42 11
6 47 29
6 48 61
6 51 46
6 52 24
6 53 38
6 57 6
6 59 69
6 61 34
6 62 37
6 63 28
6 64 53
6 69 30
7 0 8
7 2 48
7 4 34
7 11 61
7 12 36
7 17 59
7 18 49
7 19 40
7 30 5
7 31 42
7 32 41
7 36 56
7 39 60
7 43 12
7 45 7
7 46 26
7 48 63
7 50 9
7 56 68
7 58 62
7 64 32
7 68 69
8 0 39
8 14 4
8 16 43
8 19 61
8 26 56
8 27 34
8 28 6
8 29 41
8 31 47
8 34 67
8 43 65
8 46 3
8 48 37
8 50 22
8 52 36
8 55 57
8 58 64
8 64 28
9 5 27
9 8 30
9 13 64
9 15 17
9 19 34
9 20 69
9 23 3
9 25 19
9 26 22
9 27 56
9 32 55
9 34 42
9 40 20
9 43 48
9 45 67
9 47 38
9 51 54
9 55 14
9 58 68
9 61 5
10 0 32
10 4 16
10 7 69
10 13 48
10 14 39
10 18 55
10 23 50
10 26 31
10 29 15
10 30 21
10 37 7
10 39 40
10 40 2
10 42 19
10 45 25
10 53 3
10 55 22
10 57 54
10 58 1
10 59 41
10 61 38
10 64 65
10 65 14
10 67 66
10 68 42
11 1 44
11 8 0
11 10 28
11 15 69
11 17 5
11 19 2
11 20 10
11 28 55
11 30 54
11 32 47
11 37 3
11 41 25
11 44 64
11 46 21
11 48 39
11 50 52
11 54 31
11 56 53
11 61 50
11 64 60
11 66 51
11 67 63
11 69 61
12 0 41
12 3 67
12 5 60
12 7 66
12 8 31
12 11 29
12 12 59
12 14 14
12 16 11
12 18 30
12 23 10
12 28 50
12 35 6
12 37 25
12 39 4
12 42 38
12 43 13
12 45 62
12 48 45
12 49 69
12 50 43
12 51 8
12 53 0
12 59 42
12 60 56
12 62 44
12 65 68
12 66 46
12 67 23
13 1 52
13 2 8
13 3 34
13 4 25
13 6 62
13 7 22
13 9 27
13 10 6
13 11 23
13 14 51
13 15 2
13 17 14
13 19 60
13 24 15
13 28 12
13 29 69
13 43 68
13 45 3
13 48 43
13 55 4
13 60 49
13 63 38
13 65 18
13 66 58
14 3 60
14 5 14
14 6 59
14 9 2
14 12 26
14 13 34
14 15 15
14 17 9
14 19 64
14 20 5
14 23 45
14 30 0
14 34 6
14 35 22
14 36 19
14 38 37
14 41 12
14 42 62
14 45 32
14 46 40
14 48 69
14 51 50
14 54 48
14 58 53
14 60 38
14 61 41
14 62 1
14 65 43
14 68 27
14 69 47
15 0 35
15 1 56
15 8 37
15 10 63
15 11 58
15 12 42
15 16 68
15 18 22
15 19 29
15 20 19
15 22 44
15 27 14
15 31 17
15 32 65
15 35 40
15 37 41
15 38 28
15 40 30
15 43 46
15 47 23
15 48 52
15 51 3
15 53 24
15 56 49
15 57 55
15 59 36
15 60 51
15 61 59
15 63 39
15 64 16
15 66 15
16 4 53
16 5 69
16 7 14
16 10 18
16 11 9
16 14 66
16 16 49
16 17 19
16 21 2
16 22 60
16 29 54
16 30 63
16 31 50
16 32 27
16 33 56
16 35 48
16 37 17
16 38 57
16 40 6
16 43 22
16 44 26
16 45 12
16 47 20
16 48 65
16 49 38
16 54 45
16 55 28
16 58 8
16 59 47
16 61 16
16 64 29
16 65 51
16 67 59
17 0 65
17 1 19
17 3 41
17 4 40
17 7 33
17 11 13
17 13 46
17 14 9
17 16 52
17 20 26
17 21 62
17 25 27
17 29 64
17 31 63
17 33 57
17 34 1
17 35 44
17 36 36
17 37 31
17 39 37
17 40 66
17 45 42
17 51 53
17 52 43
17 54 8
17 56 54
17 57 10
17 66 22
17 68 20
18 0 20
18 3 43
18 5 19
18 7 15
18 8 48
18 9 52
18 12 67
18 15 29
18 19 56
18 20 22
18 21 3
18 22 10
18 25 24
18 30 6
18 33 28
18 41 65
18 42 44
18 44 35
18 45 4
18 46 38
18 49 53
18 54 27
18 57 34
18 58 2
18 59 51
18 60 64
18 64 1
18 65 50
18 66 21
18 68 17
18 69 59
19 1 15
19 4 7
19 6 33
19 9 46
19 16 9
19 19 52
19 21 24
19 22 43
19 24 56
19 26 51
19 27 50
19 28 61
19 34 32
19 35 65
19 37 21
19 38 17
19 40 47
19 41 36
19 42 66
19 45 37
19 47 2
19 48 42
19 49 11
19 50 16
19 52 41
19 55 38
19 58 55
19 62 0
19 63 48
20 1 22
20 6 32
20 7 26
20 13 44
20 15 43
20 17 42
20 18 24
20 20 28
20 26 18
20 29 51
20 33 69
20 35 5
20 36 2
20 37 39
20 38 58
20 40 68
20 41 23
20 42 6
20 43 54
20 44 16
20 54 67
20 55 60
20 56 4
20 58 45
20 61 8
20 63 25
20 65 17
20 67 53
21 6 45
21 7 13
21 11 59
21 12 27
21 13 0
21 14 55
21 16 19
21 17 68
21 20 43
21 21 20
21 25 51
21 26 35
21 29 60
21 33 8
21 34 21
21 36 49
21 37 11
21 39 1
21 40 52
21 41 22
21 43 63
21 45 30
21 48 44
21 52 64
21 53 15
21 56 34
21 57 31
21 58 58
21 61 53
21 64 42
21 65 39
21 66 18
21 68 50
21 69 7
22 0 53
22 7 44
22 8 11
22 12 41
22 14 32
22 15 25
22 18 58
22 20 34
22 22 38
22 27 48
22 29 37
22 30 30
22 33 9
22 34 61
22 39 63
22 42 1
22 43 2
22 45 18
22 47 42
22 55 62
22 57 15
22 61 56
22 62 29
22 63 33
22 65 5
22 67 27
22 68 68
23 0 26
23 1 4
23 2 41
23 5 36
23 8 15
23 9 25
23 10 66
23 23 39
23 24 19
23 25 52
23 27 24
23 29 63
23 31 68
23 32 67
23 34 40
23 35 17
23 39 16
23 40 69
23 43 23
23 48 49
23 50 55
23 52 32
23 55 58
23 58 13
23 59 35
23 63 22
23 69 64
24 1 29
24 3 45
24 5 57
24 6 67
24 7 24
24 10 10
24 13 43
24 14 63
24 20 44
24 21 16
24 26 60
24 28 41
24 33 3
24 34 38
24 36 66
24 37 18
24 39 46
24 42 20
24 44 2
24 45 21
24 50 32
24 52 22
24 58 9
24 62 31
24 64 52
24 65 42
24 67 48
24 68 51
25 1 38
25 6 46
25 7 12
25 8 60
25 13 31
25 14 1
25 17 10
25 25 22
25 26 66
25 28 2
25 29 55
25 31 57
25 36 7
25 37 34
25 38 44
25 40 17
25 52 3
25 56 21
25 58 4
25 59 50
25 63 27
25 64 62
25 65 33
25 66 35
25 67 67
26 0 63
26 2 43
26 3 48
26 4 52
26 6 35
26 7 65
26 8 24
26 9 6
26 11 51
26 12 29
26 14 5
26 17 33
26 21 56
26 22 55
26 24 64
26 26 17
26 28 68
26 32 26
26 38 10
26 44 41
26 50 7
26 52 2
26 57 49
26 60 61
26 62 60
26 64 9
26 67 57
26 68 46
27 2 6
27 3 32
27 6 3
27 20 65
27 21 59
27 27 47
27 31 45
27 33 31
27 37 69
27 45 56
27 46 24
27 53 18
27 56 61
27 60 10
27 63 42
27 67 43
28 0 3
28 4 61
28 7 8
28 9 64
28 10 68
28 12 60
28 15 16
28 20 66
28 21 47
28 23 52
28 24 10
28 26 2
28 27 28
28 30 13
28 31 62
28 34 36
28 36 12
28 43 56
28 47 1
28 50 38
28 52 35
28 58 11
28 59 67
28 60 14
28 62 39
29 2 40
29 5 20
29 7 39
29 10 41
29 13 19
29 15 10
29 16 54
29 17 66
29 18 14
29 19 3
29 23 9
29 30 60
29 31 29
29 32 63
29 37 62
29 39 44
29 40 22
29 46 59
29 48 24
29 49 15
29 50 45
29 52 51
29 53 52
29 61 35
29 62 61
29 63 32
29 67 36
30 2 26
30 5 34
30 6 47
30 9 54
30 10 7
30 12 65
30 16 10
30 21 42
30 25 25
30 33 12
30 34 11
30 35 53
30 37 59
30 38 27
30 42 16
30 46 56
30 49 3
30 50 63
30 52 28
30 54 17
30 55 9
30 58 30
30 59 21
30 61 39
30 64 40
31 0 59
31 5 50
31 7 61
31 9 13
31 18 26
31 19 36
31 21 49
31 22 28
31 24 37
31 26 10
31 31 51
31 34 20
31 36 9
31 38 64
31 41 42
31 49 60
31 50 30
31 52 5
31 54 18
31 56 32
31 60 65
31 61 66
31 68 45
32 2 57
32 3 1
32 7 7
32 9 19
32 20 50
32 21 63
32 22 22
32 28 35
32 31 32
32 32 6
32 34 12
32 41 40
32 44 20
32 45 23
32 49 13
32 55 17
32 57 0
32 58 15
32 65 49
33 1 16
33 2 12
33 5 25
33 6 41
33 9 7
33 13 40
33 14 48
33 15 42
33 22 51
33 24 58
33 30 45
33 32 10
33 36 35
33 40 15
33 42 17
33 43 38
33 44 43
33 47 32
33 49 63
33 50 64
33 51 20
33 53 26
33 54 24
33 57 36
33 58 34
33 61 3
33 69 13
34 0 33
34 4 27
34 6 49
34 7 42
34 11 31
34 12 55
34 15 45
34 16 53
34 18 44
34 19 30
34 21 26
34 22 54
34 24 47
34 26 57
34 29 29
34 30 10
34 33 1
34 35 28
34 38 34
34 39 68
34 40 51
34 41 69
34 42 22
34 43 17
34 44 40
34 50 6
34 55 48
34 59 63
34 60 25
34 62 15
34 65 8
35 1 63
35 4 30
35 6 14
35 8 3
35 10 16
35 11 4
35 12 31
35 15 7
35 18 59
35 27 65
35 28 8
35 29 10
35 31 26
35 36 34
35 37 12
35 38 68
35 40 29
35 41 55
35 42 13
35 47 0
35 50 36
35 52 9
35 54 60
35 55 27
35 59 19
35 60 28
35 64 17
35 65 40
35 67 33
36 0 1
36 1 7
36 5 35
36 8 33
36 11 65
36 12 34
36 13 24
36 14 17
36 17 30
36 20 29
36 26 53
36 27 31
36 30 8
36 32 45
36 37 64
36 39 39
36 44 15
36 45 14
36 51 0
36 53 40
36 57 12
36 60 59
36 61 46
36 63 49
36 64 21
37 0 13
37 7 46
37 9 10
37 10 61
37 11 22
37 15 21
37 16 12
37 18 41
37 25 14
37 30 7
37 32 28
37 33 60
37 38 59
37 39 34
37 43 45
37 45 38
37 48 35
37 49 37
37 51 64
37 52 39
37 53 47
37 54 6
37 55 26
37 57 52
37 58 43
37 59 58
37 62 23
37 63 1
37 65 15
37 66 19
37 67 55
38 6 44
38 7 68
38 8 14
38 9 16
38 11 60
38 14 67
38 16 46
38 17 48
38 18 51
38 19 8
38 20 52
38 22 2
38 23 28
38 24 20
38 29 36
38 30 18
38 33 59
38 34 25
38 40 27
38 41 43
38 44 7
38 46 34
38 47 40
38 50 56
38 51 13
38 53 12
38 54 58
38 56 35
38 58 32
38 61 4
38 62 41
38 63 69
38 64 50
38 65 55
38 67 39
38 68 49
38 69 63
39 0 58
39 1 14
39 4 18
39 5 9
39 6 27
39 10 38
39 11 32
39 12 28
39 13 2
39 14 56
39 17 53
39 18 29
39 22 67
39 24 65
39 27 25
39 30 68
39 32 69
39 34 8
39 35 11
39 36 54
39 37 22
39 42 50
39 47 24
39 48 60
39 51 6
39 52 49
39 53 51
39 58 17
39 60 39
39 61 62
39 62 33
39 64 66
39 65 3
39 66 41
39 68 13
40 0 52
40 1 57
40 2 46
40 3 44
40 12 68
40 13 38
40 16 1
40 17 40
40 18 2
40 20 56
40 21 50
40 23 54
40 26 32
40 29 45
40 31 7
40 33 25
40 34 28
40 38 48
40 39 31
40 40 12
40 42 61
40 44 39
40 52 34
40 56 8
40 58 27
40 59 30
40 60 42
40 61 15
40 64 64
40 65 62
40 67 14
40 69 4
41 1 3
41 6 10
41 10 53
41 11 39
41 13 55
41 14 49
41 16 16
41 17 46
41 18 40
41 20 68
41 21 66
41 22 45
41 27 4
41 30 26
41 32 7
41 37 8
41 40 24
41 41 35
41 43 27
41 48 41
41 52 38
41 53 11
41 58 65
41 59 59
41 63 57
41 64 18
41 69 69
42 2 3
42 3 35
42 5 61
42 6 5
42 7 0
42 10 15
42 12 44
42 13 63
42 15 26
42 16 6
42 18 12
42 31 24
42 33 7
42 34 33
42 40 55
42 44 38
42 45 22
42 47 48
42 48 34
42 52 20
42 54 10
42 56 25
42 58 18
42 59 43
42 69 67
43 0 42
43 2 50
43 3 26
43 6 16
43 7 52
43 8 22
43 10 46
43 11 35
43 13 32
43 14 24
43 16 14
43 17 15
43 21 11
43 24 27
43 27 10
43 34 66
43 36 55
43 37 49
43 38 69
43 39 53
43 43 64
43 44 57
43 45 45
43 47 21
43 48 47
43 50 29
43 56 2
43 62 18
43 64 68
43 65 23
43 66 43
43 67 38
44 0 30
44 1 51
44 2 11
44 4 9
44 10 47
44 11 49
44 14 27
44 17 34
44 19 13
44 20 38
44 22 20
44 23 62
44 24 53
44 26 52
44 27 2
44 28 43
44 31 56
44 32 44
44 34 58
44 35 35
44 39 64
44 43 7
44 44 6
44 45 63
44 47 18
44 49 54
44 50 26
44 56 33
44 58 69
44 61 14
44 62 3
44 66 10
44 67 5
44 68 39
45 0 34
45 1 20
45 2 45
45 3 52
45 4 0
45 5 42
45 8 21
45 9 23
45 10 31
45 14 61
45 17 65
45 19 6
45 23 5
45 24 48
45 25 18
45 26 9
45 27 46
45 28 64
45 29 68
45 30 22
45 33 54
45 36 8
45 37 37
45 41 51
45 42 49
45 43 15
45 48 13
45 49 17
45 50 67
45 52 16
45 54 35
45 57 38
45 58 28
45 59 7
45 60 12
45 62 58
45 63 40
45 69 14
46 0 40
46 1 42
46 3 62
46 4 57
46 5 24
46 10 14
46 11 7
46 15 49
46 17 3
46 21 15
46 26 63
46 31 44
46 33 65
46 34 52
46 35 41
46 37 32
46 38 54
46 42 26
46 43 10
46 47 53
46 49 2
46 52 23
46 60 8
46 61 60
46 62 34
46 63 58
46 66 47
46 67 4
47 0 6
47 1 40
47 2 47
47 7 50
47 12 11
47 13 10
47 15 61
47 17 55
47 23 48
47 25 33
47 27 9
47 28 66
47 32 8
47 33 24
47 35 18
47 36 51
47 38 26
47 40 49
47 43 20
47 44 46
47 46 35
47 48 67
47 50 34
47 52 17
47 53 27
47 57 14
47 60 62
47 62 43
47 63 12
47 66 45
47 67 25
47 68 59
47 69 39
48 0 64
48 1 67
48 2 19
48 3 27
48 5 47
48 7 57
48 11 40
48 12 8
48 14 68
48 20 63
48 21 25
48 23 23
48 24 13
48 25 15
48 27 3
48 29 59
48 31 16
48 33 4
48 34 24
48 35 34
48 37 14
48 38 9
48 41 21
48 42 41
48 43 62
48 44 55
48 45 26
48 46 20
48 48 38
48 49 22
48 51 11
48 53 33
48 58 66
48 59 53
48 60 18
48 61 48
48 63 0
48 64 39
48 66 31
48 68 10
49 0 45
49 3 11
49 4 29
49 8 64
49 9 49
49 12 56
49 13 39
49 15 57
49 16 35
49 19 26
49 20 14
49 21 65
49 22 33
49 25 67
49 26 48
49 29 21
49 30 44
49 31 40
49 32 37
49 33 61
49 36 42
49 38 36
49 39 47
49 41 27
49 45 52
49 47 12
49 48 7
49 49 43
49 50 54
49 52 10
49 54 13
49 55 5
49 57 24
49 58 46
49 61 2
49 64 58
49 67 6
49 69 31
50 1 62
50 5 67
50 8 38
50 11 36
50 12 63
50 15 23
50 16 60
50 17 12
50 19 21
50 20 25
50 22 26
50 23 47
50 26 6
50 27 64
50 28 51
50 31 69
50 42 3
50 44 14
50 46 57
50 47 17
50 48 54
50 51 2
50 52 40
50 53 5
50 55 44
50 56 39
50 57 18
50 60 58
50 61 45
50 64 4
50 66 9
50 67 22
51 0 7
51 1 45
51 3 37
51 4 31
51 8 35
51 17 49
51 21 4
51 24 11
51 25 8
51 27 42
51 28 28
51 30 52
51 35 64
51 38 55
51 42 65
51 46 33
51 47 14
51 48 25
51 50 15
51 51 5
51 52 69
51 54 3
51 67 30
51 68 22
52 0 57
52 3 66
52 4 48
52 5 63
52 6 65
52 7 47
52 12 24
52 14 11
52 17 54
52 18 17
52 19 9
52 20 31
52 21 6
52 22 69
52 24 44
52 26 21
52 32 20
52 33 68
52 38 16
52 39 26
52 42 14
52 45 64
52 47 59
52 49 35
52 54 36
52 55 3
52 58 22
52 61 40
52 62 2
52 63 52
52 67 61
52 69 28
53 2 2
53 4 23
53 10 9
53 15 67
53 22 19
53 23 24
53 26 30
53 27 57
53 28 48
53 29 8
53 30 36
53 34 27
53 35 54
53 37 68
53 38 11
53 39 7
53 40 35
53 43 25
53 54 55
53 56 3
53 58 50
53 59 49
53 60 45
53 62 4
53 63 59
53 64 63
54 4 56
54 6 40
54 7 20
54 8 57
54 12 6
54 14 54
54 17 28
54 19 15
54 21 31
54 22 14
54 24 17
54 25 58
54 28 65
54 32 39
54 33 19
54 34 9
54 36 18
54 37 42
54 38 29
54 39 11
54 41 52
54 42 23
54 43 37
54 46 62
54 49 64
54 55 21
54 58 16
54 60 63
54 61 43
54 62 26
54 63 55
54 67 24
55 0 9
55 3 18
55 5 11
55 13 20
55 14 58
55 17 21
55 18 13
55 27 15
55 29 33
55 31 38
55 32 12
55 34 55
55 35 59
55 38 35
55 39 17
55 43 42
55 44 63
55 50 46
55 54 39
55 57 28
55 59 16
55 66 49
55 67 0
55 68 31
56 3 38
56 4 2
56 8 25
56 9 26
56 10 59
56 11 52
56 15 1
56 19 19
56 21 29
56 28 69
56 30 35
56 31 14
56 33 50
56 34 45
56 37 56
56 38 31
56 40 39
56 42 5
56 43 33
56 44 65
56 45 58
56 47 22
56 48 36
56 54 7
56 56 64
56 58 49
56 60 40
56 61 63
56 62 21
56 63 60
56 64 27
56 66 20
56 67 9
56 69 41
57 0 24
57 2 18
57 5 22
57 11 45
57 12 50
57 14 8
57 17 63
57 18 1
57 22 37
57 23 42
57 35 36
57 37 2
57 46 54
57 47 34
57 50 41
57 54 46
57 55 0
57 58 47
57 59 25
57 62 52
57 65 57
57 66 56
57 69 10
58 3 12
58 6 63
58 9 3
58 15 54
58 20 11
58 28 57
58 32 1
58 33 48
58 35 32
58 37 4
58 38 7
58 39 52
58 41 61
58 42 39
58 44 37
58 45 50
58 47 26
58 48 56
58 51 23
58 53 45
58 54 66
58 55 65
58 56 29
58 57 27
58 58 20
58 65 60
58 67 69
58 68 33
58 69 43
59 3 15
59 14 60
59 16 23
59 18 68
59 20 3
59 22 57
59 23 38
59 24 67
59 25 17
59 32 4
59 33 29
59 34 65
59 37 28
59 38 30
59 39 59
59 40 33
59 42 34
59 44 45
59 45 54
59 46 46
59 47 6
59 53 31
59 55 43
59 59 20
59 60 2
59 62 7
59 63 44
59 64 25
59 65 27
59 68 18
60 5 1
60 10 19
60 13 30
60 14 29
60 16 55
60 17 17
60 22 46
60 24 21
60 25 16
60 32 23
60 33 32
60 37 51
60 39 8
60 41 11
60 42 60
60 45 36
60 46 7
60 50 5
60 52 63
60 55 41
60 59 64
60 61 49
60 64 14
60 66 66
60 67 3
61 0 12
61 1 24
61 2 1
61 3 17
61 4 33
61 6 57
61 13 56
61 16 32
61 19 50
61 20 47
61 22 53
61 23 68
61 29 58
61 31 28
61 37 19
61 38 61
61 39 22
61 47 63
61 48 46
61 49 4
61 53 20
61 56 36
61 61 31
61 65 41
62 9 24
62 11 28
62 17 11
62 23 65
62 27 30
62 31 8
62 32 13
62 33 41
62 36 60
62 37 55
62 40 59
62 42 4
62 43 40
62 44 17
62 45 19
62 46 29
62 47 35
62 48 10
62 49 20
62 54 43
62 55 63
62 56 44
62 61 47
62 62 9
62 66 69
63 4 39
63 6 23
63 8 19
63 11 14
63 15 31
63 16 33
63 17 18
63 18 10
63 20 36
63 23 4
63 27 6
63 29 7
63 34 5
63 36 44
63 41 17
63 42 48
63 43 32
63 45 69
63 46 55
63 47 3
63 49 12
63 50 21
63 55 53
63 57 58
63 59 27
63 60 57
63 61 9
63 63 66
63 66 42
63 67 41
63 69 65
64 1 1
64 3 9
64 4 13
64 6 21
64 8 4
64 12 38
64 13 7
64 16 56
64 17 2
64 20 18
64 22 41
64 23 29
64 25 63
64 27 26
64 31 53
64 32 40
64 35 43
64 36 22
64 37 33
64 42 10
64 44 51
64 49 30
64 52 12
64 55 36
64 59 39
64 63 50
65 5 52
65 6 36
65 7 58
65 9 11
65 14 45
65 17 38
65 18 66
65 22 21
65 25 44
65 31 30
65 33 6
65 34 48
65 42 7
65 43 43
65 45 20
65 46 28
65 50 53
65 52 65
65 53 37
65 54 25
65 55 35
65 59 29
65 60 1
65 61 68
65 64 61
65 66 16
65 67 47
65 69 49
66 0 21
66 1 0
66 3 23
66 7 19
66 9 28
66 12 51
66 13 60
66 14 35
66 16 47
66 20 20
66 23 57
66 25 32
66 27 5
66 29 30
66 30 50
66 31 31
66 32 62
66 35 26
66 38 53
66 46 37
66 49 39
66 50 66
66 52 67
66 56 42
66 57 33
66 60 48
66 61 54
67 2 52
67 5 0
67 7 32
67 8 43
67 12 64
67 14 26
67 18 31
67 20 16
67 24 18
67 26 36
67 29 27
67 30 33
67 32 59
67 38 23
67 41 19
67 43 8
67 46 61
67 48 14
67 49 49
67 52 54
67 56 51
67 62 38
67 63 29
67 66 48
68 0 22
68 1 41
68 2 32
68 7 36
68 8 51
68 11 64
68 13 17
68 15 35
68 18 69
68 19 20
68 22 12
68 24 5
68 25 47
68 26 25
68 27 29
68 28 23
68 29 48
68 31 10
68 33 44
68 39 50
68 42 45
68 44 68
68 47 11
68 51 1
68 52 14
68 54 4
68 58 60
68 59 31
68 61 61
68 63 37
68 64 6
69 0 46
69 1 23
69 5 10
69 6 18
69 7 60
69 9 8
69 10 2
69 11 24
69 13 12
69 15 28
69 18 34
69 21 35
69 23 11
69 24 59
69 26 14
69 28 31
69 31 3
69 33 53
69 36 26
69 40 45
69 44 48
69 45 49
69 47 43
69 48 50
69 50 57
69 58 39
69 59 15
69 64 56
69 65 37
