60
0 0 28
0 2 43
0 5 14
0 6 58
0 8 16
0 9 24
0 10 37
0 11 13
0 13 54
0 14 9
0 15 38
0 18 10
0 19 31
0 23 32
0 24 46
0 25 12
0 26 42
0 27 3
0 31 44
0 32 0
0 33 34
0 34 56
0 35 52
0 36 36
0 37 41
0 38 49
0 39 23
0 40 22
0 42 48
0 43 35
0 44 19
0 45 20
0 46 6
0 50 51
0 52 39
0 53 50
0 55 57
0 56 33
0 57 1
0 58 27
0 59 7
1 0 57
1 1 40
1 2 31
1 3 19
1 4 51
1 8 0
1 9 49
1 10 56
1 12 8
1 13 37
1 14 36
1 15 22
1 16 6
1 17 42
1 18 46
1 19 44
1 20 53
1 21 26
1 24 54
1 26 41
1 27 34
1 28 33
1 30 5
1 31 52
1 33 29
1 35 20
1 39 35
1 40 50
1 41 30
1 42 38
1 43 1
1 45 23
1 46 3
1 49 55
1 51 15
1 52 21
1 56 17
1 57 47
1 59 45
2 1 14
2 3 30
2 4 48
2 5 32
2 7 46
2 8 37
2 9 4
2 10 35
2 11 15
2 12 7
2 13 47
2 14 59
2 16 40
2 17 18
2 18 2
2 20 45
2 21 42
2 22 29
2 23 17
2 25 36
2 26 31
2 28 38
2 29 0
2 30 27
2 31 49
2 32 39
2 33 5
2 34 3
2 35 33
2 36 13
2 37 8
2 38 22
2 40 43
2 41 25
2 42 52
2 43 16
2 44 21
2 45 34
2 47 41
2 48 9
2 49 20
2 50 12
2 52 58
2 53 11
2 55 54
2 56 44
2 57 19
2 58 6
2 59 51
3 1 24
3 3 56
3 5 11
3 7 40
3 8 52
3 10 28
3 11 0
3 12 45
3 13 22
3 16 1
3 17 48
3 19 27
3 20 12
3 21 9
3 23 43
3 26 4
3 27 15
3 28 57
3 29 31
3 30 46
3 33 49
3 35 41
3 36 50
3 38 58
3 42 51
3 43 44
3 45 2
3 47 36
3 48 6
3 50 32
3 51 10
3 52 13
3 54 25
3 55 39
3 56 34
3 57 16
3 58 3
3 59 23
4 1 20
4 3 0
4 4 23
4 5 26
4 6 46
4 9 8
4 10 40
4 11 27
4 13 10
4 15 31
4 16 12
4 17 43
4 20 6
4 21 30
4 23 42
4 24 7
4 27 22
4 29 33
4 34 1
4 35 9
4 36 51
4 37 17
4 38 39
4 39 11
4 42 13
4 43 47
4 44 57
4 45 52
4 46 58
4 47 29
4 48 37
4 50 50
4 51 36
4 52 41
4 54 48
4 56 38
5 0 36
5 1 25
5 2 54
5 5 46
5 6 43
5 7 52
5 8 1
5 9 35
5 10 27
5 11 20
5 12 49
5 13 0
5 15 13
5 17 22
5 18 48
5 19 5
5 21 16
5 22 41
5 23 30
5 24 59
5 25 11
5 27 45
5 30 57
5 31 40
5 32 50
5 34 17
5 35 26
5 36 14
5 37 56
5 38 2
5 39 4
5 41 31
5 42 24
5 43 32
5 44 12
5 46 44
5 47 58
5 49 29
5 50 47
5 51 23
5 52 33
5 54 19
5 55 8
5 56 18
5 58 55
6 0 56
6 1 26
6 3 40
6 4 50
6 7 59
6 8 24
6 12 21
6 13 15
6 15 52
6 17 47
6 18 6
6 21 25
6 22 37
6 23 41
6 24 11
6 25 20
6 26 28
6 27 55
6 29 3
6 30 54
6 33 10
6 34 4
6 37 31
6 40 13
6 41 0
6 42 14
6 43 42
6 44 22
6 46 57
6 48 39
6 49 9
6 50 46
6 51 51
6 53 29
6 55 48
6 57 12
6 58 36
6 59 19
7 0 12
7 1 30
7 3 14
7 4 9
7 5 4
7 6 55
7 7 0
7 8 33
7 9 38
7 10 1
7 13 50
7 14 54
7 15 58
7 16 32
7 17 46
7 22 44
7 23 27
7 24 17
7 25 21
7 26 49
7 27 6
7 28 35
7 30 56
7 31 31
7 33 48
7 34 34
7 35 42
7 36 47
7 37 13
7 38 11
7 39 39
7 40 3
7 41 5
7 42 41
7 43 37
7 44 45
7 45 36
7 46 40
7 47 53
7 48 18
7 49 52
7 51 19
7 53 57
7 54 7
7 55 29
7 56 24
7 57 25
7 58 2
7 59 10
8 0 23
8 1 9
8 2 55
8 4 26
8 6 1
8 9 10
8 11 53
8 12 19
8 13 11
8 14 13
8 15 28
8 17 20
8 18 58
8 19 54
8 20 48
8 21 33
8 22 43
8 23 25
8 26 0
8 29 39
8 31 37
8 32 16
8 34 6
8 35 51
8 36 4
8 37 3
8 38 5
8 39 38
8 40 49
8 41 36
8 44 34
8 45 46
8 46 27
8 47 59
8 49 7
8 50 30
8 52 56
8 53 31
8 54 42
8 55 35
8 56 29
8 59 47
9 1 15
9 2 3
9 4 46
9 5 50
9 6 10
9 7 37
9 9 58
9 12 9
9 13 7
9 15 40
9 17 32
9 19 42
9 20 56
9 21 38
9 22 30
9 23 11
9 24 27
9 25 33
9 26 1
9 27 8
9 28 6
9 30 25
9 31 48
9 33 51
9 35 23
9 36 18
9 37 24
9 38 52
9 39 31
9 40 29
9 41 13
9 42 43
9 43 17
9 44 2
9 45 44
9 46 41
9 48 14
9 49 12
9 51 4
9 52 20
9 53 45
9 56 47
9 57 59
9 58 0
9 59 54
10 0 48
10 1 57
10 2 30
10 3 26
10 4 49
10 5 34
10 6 27
10 7 3
10 10 53
10 11 4
10 12 44
10 13 38
10 14 20
10 17 33
10 18 22
10 20 43
10 21 56
10 22 2
10 23 13
10 24 47
10 25 29
10 26 15
10 27 12
10 28 54
10 29 16
10 30 18
10 31 35
10 32 58
10 34 52
10 36 45
10 37 5
10 38 40
10 39 36
10 41 42
10 42 59
10 43 31
10 44 24
10 45 32
10 46 11
10 47 0
10 49 39
10 50 21
10 52 14
10 53 46
10 54 1
10 55 23
10 57 6
10 58 51
11 0 32
11 1 55
11 3 8
11 4 17
11 5 58
11 6 57
11 7 2
11 8 28
11 10 5
11 11 12
11 12 54
11 16 41
11 19 4
11 20 29
11 21 50
11 23 51
11 24 26
11 25 0
11 26 38
11 28 24
11 29 25
11 30 21
11 31 36
11 32 35
11 33 40
11 35 15
11 37 23
11 38 27
11 40 14
11 41 10
11 42 44
11 43 9
11 44 3
11 45 13
11 46 34
11 47 31
11 48 43
11 49 49
11 50 18
11 51 39
11 52 11
11 53 47
11 54 56
11 55 1
11 56 46
11 57 37
11 59 52
12 0 7
12 1 50
12 2 56
12 3 11
12 4 37
12 5 0
12 7 54
12 8 29
12 9 42
12 10 25
12 12 15
12 13 28
12 14 4
12 16 13
12 17 55
12 18 30
12 19 2
12 20 51
12 21 57
12 23 23
12 24 6
12 26 21
12 28 47
12 29 40
12 30 52
12 31 26
12 32 46
12 35 8
12 36 58
12 41 20
12 42 35
12 44 18
12 46 43
12 47 27
12 48 24
12 49 17
12 50 3
12 51 33
12 52 16
12 53 19
12 54 36
12 55 53
13 1 38
13 3 43
13 4 47
13 6 59
13 7 44
13 8 6
13 9 46
13 11 30
13 12 55
13 13 26
13 15 21
13 16 5
13 17 57
13 18 45
13 19 53
13 20 52
13 21 36
13 22 14
13 23 18
13 24 29
13 26 35
13 27 48
13 29 51
13 32 37
13 33 32
13 34 49
13 35 34
13 36 56
13 37 2
13 38 20
13 39 9
13 40 40
13 42 25
13 43 58
13 44 15
13 45 54
13 46 4
13 47 10
13 48 50
13 49 11
13 51 17
13 52 0
13 53 24
13 54 33
13 55 31
13 56 8
13 57 39
13 58 12
13 59 41
14 0 13
14 4 54
14 5 29
14 6 41
14 7 9
14 8 27
14 9 21
14 10 36
14 13 58
14 15 55
14 16 8
14 17 15
14 19 30
14 22 53
14 23 26
14 25 46
14 28 22
14 29 19
14 31 56
14 32 23
14 33 38
14 34 25
14 35 44
14 37 37
14 41 43
14 43 4
14 44 31
14 45 14
14 46 17
14 47 51
14 48 12
14 49 45
14 51 34
14 52 6
14 53 28
14 55 18
14 56 2
14 58 35
14 59 20
15 0 59
15 1 11
15 2 38
15 3 42
15 4 15
15 5 24
15 7 18
15 8 44
15 9 51
15 10 23
15 11 48
15 12 53
15 14 39
15 15 46
15 16 34
15 17 12
15 20 55
15 21 2
15 23 7
15 25 16
15 28 32
15 30 31
15 31 27
15 32 47
15 33 26
15 34 41
15 35 0
15 36 19
15 38 6
15 39 30
15 43 45
15 44 58
15 45 43
15 47 22
15 48 1
15 49 40
15 50 37
15 51 29
15 52 5
15 53 35
15 54 3
15 57 21
15 59 57
16 2 48
16 3 31
16 4 41
16 5 54
16 6 39
16 7 10
16 8 35
16 9 14
16 11 46
16 13 12
16 15 50
16 16 22
16 18 36
16 19 16
16 20 18
16 21 37
16 22 5
16 23 0
16 24 25
16 25 51
16 26 53
16 27 38
16 28 2
16 29 24
16 32 19
16 33 47
16 34 9
16 35 56
16 36 28
16 37 6
16 38 13
16 39 40
16 40 27
16 41 33
16 43 23
16 44 29
16 49 21
16 50 7
16 51 26
16 52 8
16 54 49
16 55 43
16 56 11
16 57 55
16 58 17
16 59 44
17 0 54
17 2 28
17 3 24
17 4 44
17 6 4
17 7 11
17 8 40
17 9 53
17 11 56
17 12 32
17 13 18
17 14 50
17 15 29
17 16 16
17 18 49
17 19 26
17 20 47
17 21 20
17 24 14
17 25 48
17 26 46
17 27 27
17 28 43
17 30 22
17 32 45
17 34 58
17 35 13
17 37 21
17 38 36
17 43 52
17 44 42
17 47 7
17 49 8
17 52 19
17 53 33
17 54 38
17 57 41
17 59 25
18 1 22
18 3 37
18 4 19
18 6 35
18 7 17
18 9 2
18 11 36
18 15 51
18 16 11
18 17 0
18 19 47
18 21 29
18 23 34
18 26 57
18 27 54
18 29 8
18 30 49
18 31 5
18 32 41
18 33 12
18 34 45
18 35 21
18 37 50
18 38 48
18 40 52
18 42 10
18 44 39
18 46 15
18 47 14
18 48 46
18 49 18
18 50 31
18 51 9
18 52 3
18 53 26
18 54 59
18 55 16
18 56 4
18 57 42
18 58 30
18 59 56
19 0 25
19 1 49
19 2 46
19 3 10
19 4 34
19 7 29
19 10 47
19 11 35
19 12 16
19 13 44
19 14 7
19 16 38
19 17 41
19 21 48
19 22 31
19 23 9
19 25 5
19 28 42
19 30 58
19 33 22
19 34 21
19 35 1
19 37 15
19 38 30
19 39 57
19 40 28
19 41 56
19 43 6
19 44 8
19 45 17
19 47 45
19 48 53
19 49 33
19 50 14
19 51 32
19 52 51
19 54 4
19 56 27
19 57 36
20 0 33
20 4 4
20 5 20
20 6 44
20 7 26
20 9 43
20 11 6
20 12 0
20 13 8
20 14 41
20 16 27
20 18 14
20 19 28
20 20 42
20 21 22
20 23 56
20 24 36
20 25 2
20 26 30
20 27 29
20 29 38
20 31 53
20 32 1
20 35 37
20 36 32
20 37 40
20 40 7
20 42 9
20 43 19
20 45 18
20 48 10
20 49 57
20 50 11
20 51 5
20 54 51
20 56 25
20 57 23
21 0 39
21 1 44
21 4 13
21 5 40
21 6 31
21 9 18
21 10 32
21 13 23
21 16 36
21 17 24
21 18 12
21 21 5
21 24 16
21 25 7
21 26 11
21 27 56
21 28 48
21 30 20
21 31 0
21 32 17
21 36 38
21 37 46
21 38 4
21 41 51
21 43 15
21 45 33
21 46 45
21 47 30
21 48 49
21 49 35
21 50 41
21 51 8
21 54 47
21 55 50
21 57 10
21 58 43
21 59 34
22 0 31
22 1 34
22 5 12
22 7 51
22 9 22
22 10 14
22 13 13
22 14 15
22 15 42
22 16 29
22 17 50
22 18 8
22 19 20
22 21 49
22 23 52
22 24 56
22 25 26
22 27 2
22 28 45
22 29 32
22 32 9
22 33 25
22 35 17
22 36 10
22 37 16
22 38 59
22 39 47
22 40 44
22 41 24
22 43 40
22 45 0
22 46 21
22 47 19
22 48 58
22 49 46
22 50 54
22 51 35
22 52 55
22 55 33
22 58 11
22 59 39
23 0 40
23 1 1
23 2 42
23 3 48
23 4 12
23 5 13
23 7 34
23 8 31
23 10 52
23 12 50
23 13 51
23 16 15
23 17 29
23 19 14
23 25 39
23 26 2
23 27 23
23 28 20
23 29 36
23 31 32
23 32 28
23 33 9
23 34 44
23 35 47
23 36 7
23 37 27
23 38 54
23 39 22
23 40 18
23 41 57
23 42 3
23 43 10
23 44 0
23 46 59
23 47 46
23 48 33
23 50 53
23 52 43
23 53 56
23 55 6
23 56 58
23 57 30
23 58 41
24 0 29
24 1 53
24 2 49
24 3 28
24 6 56
24 7 42
24 8 39
24 10 12
24 11 18
24 13 24
24 15 25
24 16 43
24 17 31
24 19 17
24 21 13
24 22 10
24 23 8
24 24 2
24 26 44
24 27 37
24 28 16
24 29 9
24 32 52
24 33 3
24 34 22
24 35 57
24 37 0
24 38 46
24 39 54
24 41 21
24 43 51
24 44 47
24 45 48
24 47 20
24 48 30
24 49 36
24 51 59
24 52 15
24 53 4
24 54 40
24 57 58
24 59 6
25 0 52
25 1 51
25 3 46
25 4 40
25 5 56
25 6 48
25 7 30
25 9 33
25 10 6
25 11 24
25 12 3
25 13 49
25 15 9
25 16 21
25 17 1
25 18 44
25 21 28
25 22 11
25 23 20
25 24 13
25 25 55
25 26 58
25 28 0
25 29 34
25 30 53
25 31 10
25 32 27
25 33 7
25 34 42
25 35 2
25 38 57
25 39 19
25 40 35
25 41 14
25 42 39
25 44 37
25 45 15
25 46 5
25 47 8
25 48 23
25 50 38
25 51 54
25 52 4
25 54 29
25 55 22
25 56 36
25 59 31
26 1 28
26 3 18
26 4 8
26 5 48
26 6 51
26 8 14
26 9 55
26 12 13
26 13 9
26 15 12
26 18 17
26 19 19
26 21 3
26 22 45
26 23 33
26 24 1
26 26 22
26 28 7
26 29 41
26 31 15
26 32 53
26 33 4
26 34 31
26 38 24
26 39 44
26 41 39
26 43 36
26 46 25
26 47 43
26 48 26
26 49 54
26 50 5
26 52 35
26 54 6
26 56 32
26 57 29
26 59 46
27 0 1
27 1 56
27 2 19
27 3 17
27 4 36
27 5 9
27 6 40
27 7 7
27 8 51
27 9 54
27 10 13
27 12 5
27 13 42
27 14 33
27 15 16
27 16 26
27 18 38
27 19 37
27 20 24
27 21 27
27 22 25
27 26 8
27 27 4
27 28 10
27 29 6
27 31 30
27 35 11
27 36 35
27 37 53
27 40 2
27 41 47
27 42 21
27 46 29
27 50 28
27 51 45
27 52 18
27 53 58
27 54 31
27 55 32
27 57 43
28 0 18
28 2 7
28 3 39
28 4 56
28 5 59
28 7 22
28 9 16
28 12 41
28 13 55
28 15 27
28 16 50
28 17 19
28 18 43
28 19 8
28 20 14
28 21 51
28 22 9
28 24 20
28 27 25
28 28 30
28 29 10
28 30 12
28 31 54
28 32 6
28 33 31
28 34 47
28 35 3
28 36 33
28 39 34
28 40 24
28 41 29
28 42 57
28 44 48
28 45 45
28 46 35
28 48 2
28 49 44
28 51 11
28 52 32
28 53 1
28 54 53
28 55 17
28 56 13
28 57 5
28 58 52
28 59 26
29 0 58
29 1 43
29 2 23
29 4 24
29 6 6
29 7 33
29 9 25
29 10 17
29 11 51
29 12 40
29 13 16
29 14 21
29 15 5
29 16 54
29 17 7
29 18 11
29 19 29
29 20 49
29 22 19
29 23 44
29 26 12
29 27 46
29 29 57
29 30 42
29 31 34
29 32 2
29 33 36
29 34 35
29 35 38
29 37 18
29 38 26
29 39 56
29 40 59
29 41 9
29 42 1
29 43 0
29 44 52
29 45 39
29 46 14
29 47 48
29 48 20
29 49 53
29 50 22
29 53 32
29 54 28
29 55 41
29 56 31
29 58 47
30 0 41
30 1 48
30 2 11
30 3 59
30 4 16
30 5 42
30 7 53
30 9 1
30 10 57
30 12 4
30 14 23
30 15 24
30 16 0
30 17 36
30 18 21
30 19 25
30 20 35
30 23 28
30 24 22
30 25 58
30 26 3
30 27 14
30 28 19
30 29 49
30 30 38
30 31 7
30 32 8
30 33 13
30 34 37
30 35 55
30 36 20
30 37 30
30 39 27
30 41 17
30 42 12
30 44 32
30 46 54
30 47 39
30 48 44
30 49 6
30 51 47
30 52 29
30 53 9
30 54 50
30 56 45
30 59 33
31 0 5
31 1 17
31 4 52
31 5 21
31 6 7
31 7 13
31 8 56
31 9 6
31 10 48
31 11 42
31 12 43
31 13 20
31 15 4
31 16 39
31 17 53
31 18 19
31 19 50
31 20 26
31 21 15
31 22 47
31 24 49
31 25 25
31 28 36
31 29 11
31 32 32
31 34 30
31 35 40
31 36 3
31 37 1
31 38 9
31 39 10
31 41 55
31 42 23
31 43 46
31 44 14
31 48 54
31 50 44
31 51 24
31 52 34
31 54 16
31 55 12
31 56 51
31 57 31
32 0 8
32 3 3
32 5 45
32 6 38
32 8 46
32 10 29
32 11 22
32 12 47
32 13 6
32 14 17
32 15 1
32 19 51
32 21 23
32 23 5
32 24 32
32 25 53
32 26 40
32 27 16
32 28 18
32 33 55
32 34 11
32 37 34
32 39 43
32 40 58
32 42 19
32 43 21
32 45 27
32 46 26
32 47 2
32 48 59
32 49 14
32 50 33
32 51 7
32 52 42
32 53 36
32 54 12
32 55 9
32 56 10
32 57 50
32 58 44
32 59 35
33 1 29
33 2 4
33 3 7
33 5 44
33 7 55
33 9 20
33 11 39
33 14 8
33 17 56
33 18 27
33 20 40
33 21 54
33 23 3
33 24 38
33 25 19
33 26 17
33 30 30
33 31 21
33 32 42
33 33 43
33 34 15
33 35 36
33 36 6
33 37 47
33 38 10
33 39 24
33 40 48
33 41 18
33 42 46
33 43 41
33 44 35
33 45 25
33 46 37
33 47 5
33 48 51
33 49 2
33 51 52
33 52 28
33 53 22
33 54 14
33 55 11
33 57 32
33 59 12
34 0 9
34 1 31
34 3 38
34 4 20
34 6 26
34 9 29
34 10 39
34 11 54
34 12 22
34 13 21
34 15 48
34 16 35
34 17 10
34 19 6
34 20 25
34 23 47
34 26 55
34 27 52
34 28 59
34 30 14
34 31 45
34 32 56
34 33 1
34 34 33
34 36 30
34 38 23
34 39 18
34 41 12
34 42 49
34 43 53
34 45 16
34 47 3
34 48 42
34 49 43
34 50 40
34 51 58
34 52 50
34 53 44
34 54 2
34 55 34
34 56 0
34 57 13
34 59 24
35 0 45
35 2 21
35 4 2
35 6 22
35 8 54
35 9 50
35 10 15
35 12 28
35 13 34
35 14 30
35 17 37
35 18 40
35 19 33
35 20 5
35 23 58
35 25 9
35 26 29
35 27 36
35 28 49
35 31 46
35 34 39
35 35 14
35 38 56
35 39 51
35 41 19
35 43 24
35 44 44
35 45 42
35 46 53
35 48 35
35 49 1
35 50 57
35 51 6
35 52 38
35 53 12
35 55 52
35 56 43
35 57 8
35 58 20
36 0 55
36 1 0
36 2 39
36 3 13
36 4 29
36 7 38
36 8 30
36 9 37
36 10 31
36 12 51
36 13 2
36 14 49
36 16 48
36 17 58
36 18 16
36 22 6
36 23 40
36 24 4
36 25 1
36 31 14
36 33 18
36 34 32
36 37 52
36 39 17
36 40 36
36 41 7
36 42 22
36 43 3
36 44 25
36 45 57
36 47 34
36 48 5
36 51 12
36 52 59
36 56 26
36 57 45
36 59 11
37 1 58
37 2 51
37 3 44
37 5 38
37 6 0
37 7 6
37 8 36
37 9 48
37 11 1
37 12 46
37 13 59
37 14 29
37 15 39
37 17 26
37 19 21
37 20 34
37 21 53
37 22 50
37 23 54
37 25 23
37 26 16
37 28 3
37 29 45
37 30 2
37 32 12
37 35 32
37 39 41
37 41 11
37 42 7
37 44 40
37 46 19
37 49 22
37 51 42
37 52 24
37 54 10
37 55 5
37 56 30
37 57 28
37 58 37
38 0 38
38 2 45
38 3 52
38 4 55
38 5 37
38 6 29
38 7 25
38 8 9
38 9 0
38 10 43
38 11 7
38 12 11
38 14 35
38 16 24
38 17 27
38 18 41
38 19 48
38 24 50
38 25 49
38 26 10
38 27 26
38 29 13
38 30 15
38 31 39
38 32 18
38 33 21
38 35 53
38 36 31
38 39 32
38 40 16
38 42 36
38 43 5
38 44 59
38 47 17
38 50 6
38 51 14
38 52 1
38 54 34
38 56 42
38 58 33
38 59 30
39 0 6
39 1 21
39 2 2
39 3 12
39 4 43
39 6 24
39 9 28
39 10 30
39 11 8
39 12 25
39 13 52
39 14 47
39 16 17
39 18 57
39 20 15
39 21 35
39 22 56
39 23 16
39 24 48
39 25 38
39 26 32
39 27 49
39 28 41
39 30 1
39 32 36
39 33 33
39 34 14
39 36 39
39 38 34
39 39 37
39 40 26
39 42 54
39 44 10
39 45 59
39 46 0
39 47 55
39 48 29
39 49 5
39 50 45
39 51 22
39 54 27
39 55 13
39 57 11
39 58 31
39 59 53
40 0 0
40 1 27
40 2 22
40 3 58
40 4 1
40 5 25
40 6 36
40 7 24
40 8 5
40 9 15
40 10 11
40 11 34
40 12 52
40 13 39
40 14 31
40 16 30
40 17 14
40 18 47
40 20 46
40 24 19
40 25 54
40 26 9
40 27 40
40 28 13
40 30 44
40 31 41
40 32 49
40 33 2
40 35 59
40 38 37
40 39 16
40 41 45
40 42 6
40 44 51
40 45 3
40 46 18
40 47 21
40 49 48
40 50 29
40 51 53
40 52 17
40 54 55
40 55 28
41 0 51
41 2 8
41 3 23
41 4 11
41 5 49
41 8 57
41 9 32
41 11 45
41 14 5
41 15 33
41 16 10
41 19 35
41 20 59
41 21 7
41 22 34
41 24 58
41 26 39
41 29 43
41 30 50
41 32 13
41 33 14
41 34 48
41 37 55
41 38 1
41 39 20
41 41 44
41 43 28
41 44 6
41 45 9
41 46 36
41 47 16
41 48 52
41 49 26
41 50 24
41 51 46
41 52 30
41 53 40
41 54 17
41 55 3
41 56 54
41 57 38
41 59 18
42 0 15
42 1 35
42 3 29
42 4 45
42 5 43
42 8 53
42 9 27
42 10 44
42 11 11
42 13 57
42 14 6
42 15 41
42 16 25
42 17 4
42 18 0
42 19 39
42 21 34
42 22 8
42 23 31
42 24 40
42 26 18
42 27 21
42 28 23
42 29 52
42 31 59
42 32 38
42 36 9
42 37 54
42 39 1
42 40 55
42 41 50
42 43 48
42 45 26
42 46 13
42 47 32
42 48 36
42 50 10
42 51 16
42 52 12
42 53 3
42 54 37
42 55 51
42 56 5
42 57 20
42 58 14
43 0 4
43 1 33
43 3 32
43 5 10
43 6 25
43 7 50
43 8 20
43 9 40
43 10 16
43 11 19
43 13 30
43 14 3
43 16 31
43 17 49
43 18 56
43 19 11
43 20 41
43 21 47
43 22 23
43 23 36
43 27 7
43 29 58
43 30 8
43 31 24
43 32 48
43 33 44
43 34 13
43 36 0
43 37 39
43 38 42
43 39 26
43 40 15
43 42 28
43 43 59
43 45 51
43 46 12
43 47 54
43 49 38
43 50 55
43 51 43
43 53 37
43 54 52
43 59 29
44 0 3
44 1 4
44 2 34
44 4 10
44 6 30
44 7 23
44 8 58
44 10 9
44 11 5
44 12 56
44 14 12
44 17 45
44 19 22
44 21 52
44 23 46
44 26 20
44 28 50
44 29 53
44 30 47
44 31 18
44 32 29
44 33 27
44 35 43
44 36 1
44 38 33
44 40 37
44 41 54
44 42 40
44 44 36
44 45 21
44 46 32
44 48 38
44 49 0
44 51 44
44 54 57
44 55 15
44 56 35
44 57 48
44 58 8
44 59 55
45 0 22
45 1 10
45 2 57
45 3 34
45 4 35
45 5 27
45 9 31
45 10 20
45 13 5
45 14 37
45 16 23
45 17 8
45 18 50
45 20 54
45 21 59
45 23 24
45 24 12
45 25 14
45 26 6
45 27 28
45 28 26
45 29 47
45 31 51
45 33 15
45 34 29
45 36 52
45 37 44
45 38 7
45 42 33
45 43 43
45 44 53
45 45 11
45 47 56
45 49 4
45 50 13
45 52 25
45 53 2
45 54 18
45 55 38
45 56 19
45 58 1
46 0 24
46 1 7
46 2 36
46 3 5
46 4 39
46 5 3
46 7 47
46 8 22
46 10 21
46 11 59
46 13 45
46 14 55
46 15 15
46 16 28
46 17 17
46 18 29
46 20 50
46 21 14
46 23 38
46 24 51
46 25 4
46 27 32
46 29 44
46 31 57
46 33 19
46 34 0
46 36 42
46 38 43
46 40 30
46 44 41
46 45 8
46 47 33
46 48 13
46 49 25
46 50 16
46 56 49
46 58 34
47 0 44
47 1 36
47 2 10
47 3 57
47 4 42
47 5 55
47 7 43
47 9 7
47 10 46
47 11 23
47 12 6
47 15 37
47 16 18
47 17 11
47 18 9
47 19 34
47 22 24
47 23 19
47 26 54
47 27 0
47 28 40
47 29 48
47 30 29
47 31 47
47 32 51
47 33 28
47 34 26
47 35 16
47 36 17
47 39 50
47 41 2
47 45 12
47 46 30
47 47 35
47 48 4
47 49 56
47 50 8
47 52 53
47 53 25
47 54 5
47 56 59
47 57 3
48 0 46
48 1 54
48 2 15
48 3 50
48 6 37
48 7 16
48 8 4
48 12 42
48 13 25
48 14 43
48 15 11
48 16 59
48 17 28
48 18 7
48 19 3
48 20 36
48 21 41
48 22 20
48 23 22
48 24 24
48 25 40
48 26 13
48 28 27
48 29 35
48 31 23
48 32 30
48 33 58
48 35 45
48 38 21
48 40 38
48 41 53
48 42 5
48 43 56
48 46 48
48 48 34
48 49 51
48 51 49
48 52 2
48 55 47
48 56 55
48 57 14
48 59 0
49 0 35
49 1 16
49 2 12
49 3 33
49 4 14
49 6 15
49 7 31
49 9 11
49 10 24
49 12 10
49 13 56
49 15 7
49 16 2
49 17 54
49 18 34
49 19 40
49 20 23
49 21 46
49 22 55
49 24 43
49 27 58
49 28 8
49 31 4
49 34 51
49 35 19
49 36 53
49 40 47
49 41 38
49 42 45
49 44 9
49 45 1
49 47 6
49 48 48
49 49 13
49 50 17
49 52 37
49 53 59
49 54 22
49 55 44
49 56 41
49 58 42
49 59 36
50 1 3
50 3 6
50 4 30
50 6 33
50 7 27
50 8 23
50 9 36
50 10 54
50 11 2
50 14 25
50 15 43
50 16 19
50 17 13
50 18 18
50 19 58
50 20 16
50 24 9
50 25 42
50 26 50
50 27 20
50 29 46
50 30 51
50 32 31
50 33 41
50 37 48
50 39 0
50 41 4
50 43 55
50 45 24
50 46 49
50 48 28
50 49 10
50 51 56
50 52 44
50 53 39
50 54 35
50 56 21
50 58 45
50 59 40
51 1 18
51 2 29
51 4 22
51 5 31
51 6 14
51 8 15
51 10 4
51 11 37
51 12 59
51 14 0
51 15 36
51 16 55
51 17 16
51 18 24
51 20 2
51 21 43
51 22 27
51 23 35
51 24 10
51 25 50
51 26 7
51 27 51
51 28 34
51 29 54
51 31 12
51 32 40
51 33 42
51 34 20
51 35 5
51 36 26
51 37 33
51 38 47
51 39 25
51 40 8
51 41 52
51 42 11
51 43 39
51 48 19
51 49 32
51 50 1
51 55 30
51 57 44
51 59 9
52 0 26
52 1 32
52 4 6
52 6 16
52 7 8
52 8 50
52 9 56
52 10 41
52 12 58
52 13 46
52 15 53
52 18 25
52 19 45
52 20 31
52 21 40
52 22 33
52 23 29
52 25 37
52 26 43
52 27 13
52 29 1
52 30 17
52 31 55
52 34 28
52 35 39
52 36 21
52 37 38
52 39 14
52 40 4
52 42 47
52 43 57
52 44 5
52 45 30
52 46 7
52 50 48
52 52 49
52 53 0
52 54 20
52 55 19
52 56 52
52 59 15
53 2 0
53 3 25
53 6 32
53 7 36
53 8 48
53 11 55
53 12 39
53 13 35
53 15 19
53 17 2
53 18 33
53 19 23
53 21 10
53 22 49
53 23 45
53 24 3
53 25 31
53 26 37
53 27 41
53 30 26
53 31 43
53 33 54
53 34 53
53 35 22
53 36 44
53 37 51
53 38 38
53 39 29
53 41 1
53 43 11
53 45 5
53 46 42
53 47 13
53 49 47
53 50 56
53 51 21
53 52 40
53 53 15
53 54 9
53 55 24
53 56 12
53 58 16
53 59 50
54 0 43
54 2 35
54 4 32
54 5 41
54 6 49
54 7 1
54 8 42
54 10 26
54 13 48
54 15 3
54 16 58
54 17 51
54 18 4
54 19 18
54 20 9
54 21 0
54 22 40
54 23 39
54 24 23
54 25 24
54 26 47
54 27 17
54 29 14
54 30 6
54 31 19
54 32 5
54 33 11
54 34 7
54 35 29
54 36 55
54 37 59
54 40 21
54 42 30
54 43 2
54 44 54
54 45 38
54 46 10
54 47 50
54 49 31
54 54 15
54 55 25
54 56 37
54 57 56
54 58 22
54 59 28
55 0 37
55 1 13
55 2 50
55 3 41
55 4 59
55 9 23
55 10 19
55 11 57
55 14 51
55 15 44
55 18 53
55 19 36
55 21 6
55 22 3
55 24 42
55 26 26
55 27 31
55 28 9
55 29 18
55 30 0
55 31 29
55 32 21
55 33 56
55 34 54
55 35 24
55 36 11
55 37 25
55 40 33
55 41 27
55 42 15
55 44 55
55 46 2
55 48 17
55 50 4
55 52 22
55 55 45
55 56 7
55 57 34
55 58 28
55 59 5
56 0 19
56 3 51
56 5 2
56 6 3
56 7 45
56 8 21
56 9 47
56 10 34
56 11 31
56 12 38
56 13 36
56 16 46
56 17 39
56 18 20
56 19 10
56 20 13
56 21 32
56 22 7
56 23 48
56 24 52
56 25 59
56 26 24
56 27 11
56 28 15
56 29 22
56 30 35
56 31 33
56 32 44
56 33 0
56 35 28
56 37 4
56 38 16
56 39 8
56 40 41
56 41 23
56 43 54
56 44 30
56 46 9
56 47 37
56 48 55
56 49 50
56 50 25
56 51 57
56 53 53
56 54 43
56 55 42
56 56 1
56 58 29
56 59 14
57 3 2
57 4 7
57 5 33
57 8 17
57 9 30
57 11 3
57 12 12
57 14 48
57 17 5
57 20 4
57 25 6
57 27 39
57 28 44
57 29 50
57 32 57
57 34 55
57 37 36
57 39 15
57 40 42
57 41 28
57 45 22
57 46 24
57 49 41
57 52 52
57 55 59
57 56 53
57 57 35
57 59 37
58 1 39
58 2 6
58 3 1
58 4 21
58 5 36
58 7 19
58 8 7
58 9 44
58 11 47
58 12 17
58 13 53
58 14 2
58 15 0
58 16 45
58 17 34
58 18 26
58 20 27
58 21 24
58 22 58
58 25 8
58 27 35
58 28 11
58 29 20
58 30 55
58 32 33
58 33 57
58 34 46
58 36 23
58 38 3
58 40 31
58 42 4
58 43 29
58 44 16
58 45 50
58 46 51
58 47 12
58 48 22
58 50 52
58 51 40
58 53 42
58 55 10
58 56 15
58 57 9
58 58 56
58 59 59
59 0 17
59 2 37
59 3 15
59 5 6
59 6 23
59 9 13
59 11 28
59 12 48
59 13 43
59 14 14
59 15 57
59 18 3
59 19 1
59 21 39
59 22 4
59 23 21
59 24 33
59 25 18
59 26 56
59 27 19
59 30 36
59 31 20
59 32 7
59 33 8
59 36 5
59 37 22
59 38 32
59 39 46
59 43 27
59 44 49
59 45 40
59 46 31
59 47 24
59 50 58
59 52 47
59 53 38
59 54 0
59 55 26
59 56 50
59 57 54
59 58 25
