70
0 1 13
0 2 42
0 3 50
0 4 25
0 6 38
0 8 18
0 9 11
0 11 56
0 12 60
0 14 9
0 17 30
0 19 39
0 21 28
0 24 62
0 27 31
0 28 19
0 31 27
0 33 12
0 35 35
0 36 1
0 38 5
0 39 46
0 40 48
0 41 37
0 43 47
0 46 40
0 47 58
0 50 69
0 51 4
0 52 43
0 54 22
0 59 14
0 61 68
0 62 59
0 66 16
0 68 26
1 0 12
1 1 3
1 5 67
1 6 34
1 8 63
1 11 21
1 14 10
1 15 19
1 17 69
1 18 59
1 19 0
1 21 52
1 22 60
1 23 32
1 24 68
1 25 14
1 28 36
1 33 28
1 34 17
1 35 45
1 36 57
1 39 7
1 46 51
1 48 58
1 50 27
1 51 5
1 52 8
1 53 20
1 58 55
1 59 37
1 60 47
1 62 64
1 65 25
1 66 9
1 67 56
1 68 16
1 69 2
2 3 56
2 5 42
2 6 32
2 7 16
2 11 67
2 12 43
2 13 1
2 17 9
2 18 54
2 30 53
2 31 23
2 32 55
2 35 48
2 42 62
2 44 14
2 46 37
2 54 18
2 55 2
2 56 10
2 60 19
2 61 64
2 62 7
2 63 65
2 66 29
2 68 50
2 69 45
3 0 15
3 1 42
3 2 24
3 7 35
3 12 63
3 19 9
3 20 16
3 22 46
3 23 12
3 24 2
3 25 5
3 26 51
3 28 40
3 32 1
3 34 22
3 38 36
3 40 10
3 41 39
3 44 64
3 45 61
3 48 48
3 55 18
3 56 27
3 57 3
3 58 65
3 59 7
3 61 29
3 62 19
3 64 8
3 66 33
3 67 6
3 68 38
4 1 18
4 4 19
4 6 22
4 9 55
4 10 23
4 11 27
4 16 36
4 17 67
4 20 54
4 21 60
4 24 7
4 25 41
4 28 9
4 33 16
4 35 6
4 37 40
4 38 43
4 48 8
4 50 65
4 52 28
4 53 45
4 56 29
4 57 10
4 59 52
4 60 35
4 68 61
5 0 5
5 4 30
5 5 15
5 6 59
5 7 20
5 10 27
5 12 55
5 13 57
5 14 38
5 15 24
5 17 53
5 20 4
5 22 28
5 23 45
5 25 7
5 26 10
5 28 42
5 29 16
5 31 12
5 33 37
5 35 49
5 37 31
5 38 40
5 39 63
5 40 29
5 41 23
5 42 60
5 47 35
5 50 0
5 53 6
5 54 33
5 57 13
5 58 3
5 60 67
5 62 68
5 63 46
5 64 11
5 66 48
5 68 2
6 0 1
6 1 22
6 3 51
6 5 63
6 7 59
6 15 40
6 16 65
6 17 47
6 19 5
6 21 25
6 22 23
6 28 24
6 29 42
6 30 0
6 32 31
6 33 30
6 35 38
6 37 7
6 38 66
6 39 28
6 40 32
6 41 35
6 42 56
6 44 16
6 52 10
6 53 41
6 55 36
6 58 27
6 59 54
6 61 12
6 62 57
6 64 20
6 65 3
6 67 11
7 2 69
7 4 18
7 6 62
7 8 5
7 10 39
7 13 11
7 14 47
7 15 52
7 21 16
7 23 9
7 30 33
7 31 15
7 36 68
7 38 4
7 40 55
7 42 34
7 45 46
7 52 37
7 54 36
7 55 38
7 56 32
7 58 17
7 59 28
7 61 60
7 62 49
7 65 0
7 66 56
7 68 13
7 69 35
8 0 68
8 1 53
8 3 17
8 4 64
8 12 39
8 16 47
8 17 1
8 28 2
8 29 30
8 30 9
8 31 36
8 32 23
8 33 60
8 35 26
8 40 69
8 49 22
8 50 10
8 51 57
8 53 65
8 57 21
8 60 49
8 62 14
8 63 52
8 64 15
8 65 42
8 67 37
8 68 33
9 0 50
9 1 16
9 4 61
9 5 34
9 6 57
9 7 56
9 8 32
9 9 44
9 11 30
9 13 27
9 15 31
9 17 43
9 20 41
9 21 2
9 23 26
9 24 64
9 26 63
9 27 58
9 28 0
9 30 10
9 32 69
9 33 62
9 35 3
9 37 22
9 40 8
9 42 39
9 43 6
9 45 11
9 46 21
9 48 25
9 51 47
9 55 42
9 56 20
9 61 4
9 62 46
9 63 18
9 64 51
9 65 40
9 69 17
10 0 8
10 2 2
10 3 38
10 4 26
10 5 58
10 6 43
10 7 50
10 9 66
10 10 45
10 11 49
10 12 54
10 14 60
10 17 65
10 21 30
10 24 1
10 26 35
10 29 4
10 31 64
10 33 18
10 34 59
10 35 23
10 41 61
10 44 36
10 45 31
10 46 68
10 47 47
10 49 6
10 50 40
10 51 28
10 52 44
10 55 53
10 56 42
10 57 11
10 58 22
10 61 37
10 62 51
10 64 32
10 65 13
10 68 17
11 0 47
11 2 45
11 8 40
11 10 9
11 11 63
11 12 20
11 17 64
11 20 43
11 23 54
11 25 66
11 26 16
11 27 49
11 28 15
11 29 51
11 31 26
11 32 33
11 34 34
11 37 6
11 41 21
11 42 37
11 43 65
11 44 46
11 47 48
11 48 22
11 50 5
11 51 38
11 52 14
11 56 57
11 58 56
11 60 58
11 61 50
11 65 62
12 2 62
12 3 47
12 4 44
12 7 33
12 8 27
12 12 48
12 13 54
12 22 6
12 24 66
12 25 2
12 27 35
12 28 45
12 36 61
12 39 57
12 40 28
12 46 10
12 47 68
12 48 53
12 51 7
12 52 21
12 54 26
12 55 69
12 56 64
12 58 12
12 61 13
12 62 56
12 63 67
12 67 16
12 68 18
13 0 4
13 1 68
13 2 58
13 3 67
13 4 20
13 5 66
13 7 42
13 8 11
13 9 64
13 10 29
13 11 2
13 13 5
13 15 45
13 16 37
13 20 24
13 23 17
13 25 36
13 27 30
13 30 22
13 36 55
13 40 16
13 41 65
13 42 6
13 43 33
13 44 15
13 47 41
13 48 19
13 49 38
13 50 14
13 51 3
13 52 61
13 54 57
13 56 52
13 58 53
13 60 46
13 65 7
13 66 51
13 68 59
13 69 32
14 2 56
14 5 60
14 7 10
14 8 50
14 10 31
14 11 42
14 13 44
14 15 67
14 17 40
14 18 8
14 22 53
14 26 9
14 27 68
14 28 16
14 31 6
14 32 3
14 35 36
14 37 15
14 40 0
14 42 63
14 44 21
14 45 14
14 47 28
14 48 5
14 50 37
14 51 19
14 52 2
14 53 26
14 55 59
14 57 51
14 60 52
14 61 65
14 63 61
14 64 58
14 66 49
14 69 43
15 3 7
15 4 56
15 6 68
15 7 44
15 8 66
15 13 40
15 14 20
15 15 23
15 16 13
15 17 25
15 18 48
15 21 4
15 22 42
15 23 46
15 24 61
15 25 29
15 30 52
15 33 22
15 35 63
15 40 60
15 42 12
15 46 35
15 49 53
15 54 2
15 57 49
15 58 59
15 59 32
15 60 38
15 61 5
15 62 9
15 64 69
15 65 24
15 66 1
15 67 51
15 68 54
16 2 41
16 3 4
16 4 0
16 5 26
16 6 58
16 8 38
16 10 20
16 11 8
16 12 53
16 14 46
16 15 22
16 17 27
16 20 42
16 22 3
16 23 11
16 27 48
16 32 30
16 34 10
16 35 40
16 38 2
16 40 45
16 42 36
16 47 49
16 48 66
16 49 32
16 52 52
16 53 64
16 54 21
16 55 57
16 56 60
16 57 44
16 58 54
16 59 55
16 60 14
16 63 68
16 64 59
16 66 19
16 68 31
17 0 63
17 1 62
17 4 53
17 5 61
17 6 15
17 7 54
17 8 24
17 9 37
17 10 51
17 11 59
17 13 47
17 16 42
17 17 48
17 21 19
17 23 36
17 26 20
17 30 66
17 32 13
17 33 31
17 34 45
17 35 56
17 37 29
17 40 18
17 41 41
17 43 67
17 48 57
17 50 22
17 52 25
17 56 9
17 58 0
17 60 21
17 62 2
17 65 39
17 66 32
17 67 8
17 68 65
17 69 14
18 2 1
18 6 28
18 8 56
18 10 34
18 12 44
18 13 67
18 14 63
18 18 39
18 20 51
18 23 14
18 26 2
18 27 6
18 28 66
18 29 50
18 30 24
18 31 22
18 33 49
18 35 0
18 37 52
18 42 16
18 45 33
18 47 4
18 50 36
18 55 48
18 57 7
18 62 11
18 64 30
18 65 23
18 66 20
18 67 9
18 68 19
18 69 65
19 1 10
19 2 22
19 5 44
19 8 19
19 10 26
19 12 27
19 13 0
19 14 40
19 16 3
19 17 52
19 18 20
19 19 38
19 21 7
19 22 41
19 23 47
19 26 21
19 28 65
19 29 67
19 30 30
19 33 66
19 36 59
19 37 61
19 38 56
19 39 4
19 40 42
19 41 54
19 42 35
19 43 50
19 44 1
19 45 69
19 46 39
19 48 12
19 49 16
19 56 68
19 58 62
19 62 37
19 63 11
19 64 60
19 65 5
19 66 31
19 67 53
19 68 63
20 1 0
20 2 53
20 3 6
20 4 40
20 5 23
20 6 42
20 7 19
20 9 7
20 10 21
20 11 51
20 12 37
20 15 18
20 17 28
20 18 63
20 19 14
20 21 58
20 23 61
20 24 11
20 25 49
20 29 64
20 31 29
20 33 34
20 35 57
20 36 60
20 38 30
20 39 43
20 42 47
20 46 16
20 47 15
20 49 35
20 51 22
20 52 55
20 53 8
20 54 38
20 55 1
20 59 65
20 63 20
20 64 4
20 66 67
20 69 52
21 0 60
21 2 21
21 7 1
21 8 58
21 10 14
21 11 16
21 12 2
21 13 36
21 14 51
21 15 48
21 16 6
21 18 22
21 21 10
21 22 68
21 23 38
21 24 19
21 27 67
21 28 59
21 31 7
21 35 61
21 36 29
21 38 44
21 41 40
21 42 64
21 43 66
21 45 20
21 48 46
21 50 15
21 51 8
21 54 65
21 56 17
21 58 11
21 59 0
21 64 63
21 65 45
21 68 34
21 69 25
22 1 35
22 2 54
22 3 19
22 6 14
22 9 28
22 11 43
22 14 56
22 16 29
22 20 62
22 21 68
22 22 31
22 23 23
22 24 22
22 29 6
22 32 44
22 33 55
22 35 59
22 38 46
22 42 24
22 45 60
22 49 37
22 52 42
22 54 27
22 56 38
22 57 1
22 58 2
22 59 51
22 62 61
22 63 26
22 65 17
22 68 12
22 69 18
23 4 27
23 6 63
23 7 28
23 8 43
23 10 55
23 12 5
23 14 54
23 15 57
23 16 10
23 20 7
23 23 60
23 26 64
23 32 9
23 34 46
23 39 19
23 40 34
23 44 56
23 45 26
23 46 8
23 47 50
23 49 18
23 50 48
23 51 37
23 52 20
23 54 53
23 57 45
23 58 13
23 59 23
23 60 33
23 62 21
23 64 14
23 65 67
23 66 52
24 0 24
24 1 6
24 2 18
24 3 8
24 4 65
24 5 35
24 6 7
24 7 3
24 8 69
24 14 15
24 19 61
24 20 39
24 24 50
24 25 57
24 27 4
24 28 44
24 29 17
24 30 32
24 31 33
24 34 51
24 36 19
24 37 49
24 39 20
24 40 21
24 41 60
24 42 27
24 43 59
24 44 29
24 47 52
24 50 46
24 52 9
24 54 13
24 58 43
24 59 42
24 61 34
24 63 47
24 64 22
24 65 14
24 66 36
24 67 68
24 69 66
25 0 45
25 1 43
25 4 24
25 6 40
25 8 4
25 10 2
25 12 14
25 13 50
25 14 48
25 18 67
25 19 1
25 22 25
25 23 20
25 24 59
25 26 11
25 27 23
25 31 60
25 33 65
25 34 68
25 36 36
25 37 16
25 38 15
25 40 27
25 41 62
25 46 42
25 47 64
25 48 63
25 49 69
25 52 39
25 53 32
25 56 21
25 58 18
25 60 61
25 61 55
25 62 44
25 63 6
25 66 22
25 68 37
25 69 3
26 0 59
26 4 63
26 5 16
26 8 39
26 10 11
26 11 20
26 13 14
26 15 32
26 17 15
26 18 0
26 20 60
26 22 26
26 26 19
26 27 9
26 30 65
26 33 4
26 34 69
26 36 18
26 37 2
26 38 34
26 39 10
26 41 30
26 42 43
26 44 6
26 45 12
26 46 24
26 51 25
26 56 49
26 57 22
26 59 3
26 62 27
26 65 37
26 67 58
26 69 28
27 0 16
27 3 44
27 4 32
27 6 46
27 8 51
27 10 12
27 11 37
27 14 22
27 16 52
27 17 24
27 18 23
27 19 4
27 20 28
27 21 29
27 24 40
27 25 30
27 27 17
27 28 35
27 31 1
27 32 61
27 40 2
27 42 11
27 43 20
27 44 25
27 45 9
27 46 45
27 47 33
27 48 7
27 49 21
27 51 59
27 52 3
27 57 60
27 58 58
27 62 15
27 63 38
27 64 41
27 66 0
27 67 27
27 69 54
28 0 55
28 1 26
28 2 50
28 4 2
28 6 64
28 7 7
28 8 52
28 9 43
28 10 69
28 11 39
28 12 15
28 16 62
28 26 31
28 27 53
28 31 25
28 32 32
28 34 29
28 35 19
28 37 18
28 40 46
28 42 9
28 45 6
28 46 49
28 47 37
28 48 68
28 50 4
28 51 58
28 53 51
28 55 24
28 57 41
28 58 10
28 64 47
28 68 45
29 0 28
29 1 61
29 2 3
29 3 20
29 4 48
29 6 47
29 7 22
29 8 7
29 13 2
29 14 19
29 17 5
29 18 45
29 19 23
29 20 63
29 22 62
29 23 56
29 24 21
29 28 57
29 29 29
29 31 8
29 32 27
29 33 26
29 34 9
29 35 52
29 36 0
29 39 51
29 41 24
29 42 58
29 43 60
29 44 34
29 45 38
29 47 67
29 49 10
29 52 49
29 56 50
29 57 16
29 60 42
29 62 54
29 64 31
29 66 30
29 68 44
29 69 64
30 1 21
30 2 52
30 4 55
30 5 27
30 8 60
30 10 58
30 12 19
30 14 32
30 15 42
30 19 33
30 20 37
30 24 51
30 27 63
30 28 69
30 29 9
30 32 59
30 39 29
30 41 7
30 42 20
30 43 40
30 45 35
30 47 6
30 48 44
30 49 47
30 52 15
30 53 38
30 54 3
30 55 31
30 57 36
30 58 45
30 64 24
30 65 30
30 66 53
30 67 2
30 68 46
30 69 10
31 1 47
31 3 49
31 9 12
31 11 46
31 12 41
31 13 51
31 17 31
31 18 55
31 19 27
31 21 59
31 22 21
31 25 60
31 29 3
31 30 18
31 31 56
31 33 68
31 36 24
31 42 42
31 44 53
31 46 61
31 47 19
31 48 26
31 51 40
31 52 58
31 53 14
31 54 11
31 57 64
31 60 29
31 61 36
31 62 67
31 63 5
31 64 16
31 68 43
31 69 6
32 5 50
32 9 67
32 10 25
32 12 52
32 15 39
32 16 61
32 18 62
32 19 41
32 26 54
32 27 46
32 30 27
32 31 35
32 32 0
32 35 65
32 37 59
32 38 64
32 45 51
32 46 44
32 48 4
32 52 53
32 53 18
32 54 63
32 57 29
32 60 11
32 62 28
32 66 15
32 67 40
32 69 24
33 2 5
33 3 1
33 4 41
33 6 10
33 10 6
33 14 18
33 16 58
33 17 62
33 20 47
33 21 0
33 22 12
33 23 49
33 25 44
33 27 57
33 30 34
33 32 60
33 33 51
33 34 35
33 35 50
33 37 25
33 38 55
33 39 56
33 41 2
33 42 61
33 44 65
33 46 59
33 47 31
33 48 9
33 50 23
33 52 63
33 57 68
33 59 38
33 60 17
33 62 24
33 63 33
33 64 43
33 65 20
33 66 27
34 0 31
34 1 12
34 6 44
34 9 42
34 12 30
34 14 25
34 15 38
34 21 20
34 24 5
34 25 54
34 26 27
34 28 26
34 30 59
34 31 51
34 35 39
34 37 60
34 40 9
34 41 69
34 43 35
34 45 66
34 46 43
34 48 62
34 51 18
34 53 29
34 54 14
34 55 3
34 57 17
34 64 28
34 68 58
35 4 5
35 7 49
35 9 3
35 11 62
35 13 28
35 15 68
35 16 9
35 19 25
35 21 18
35 24 16
35 25 26
35 26 53
35 29 45
35 30 37
35 31 58
35 32 20
35 33 46
35 35 44
35 38 39
35 41 14
35 46 11
35 47 22
35 50 60
35 51 61
35 52 59
35 53 19
35 55 35
35 56 6
35 57 15
35 59 57
35 61 2
35 62 29
35 63 36
35 64 52
35 65 69
35 68 41
36 0 17
36 3 62
36 7 65
36 8 34
36 10 13
36 11 54
36 13 56
36 17 20
36 18 12
36 19 29
36 21 43
36 22 36
36 25 21
36 27 69
36 28 32
36 30 26
36 31 39
36 36 30
36 38 9
36 39 0
36 45 23
36 47 11
36 48 10
36 50 25
36 51 60
36 52 67
36 53 49
36 54 40
36 57 27
36 62 63
36 65 4
36 68 15
36 69 48
37 0 9
37 1 59
37 3 66
37 4 52
37 8 30
37 10 32
37 11 5
37 12 8
37 15 58
37 16 41
37 19 7
37 20 48
37 21 3
37 23 15
37 34 39
37 36 46
37 38 33
37 43 13
37 44 60
37 46 28
37 48 61
37 50 49
37 51 64
37 53 31
37 54 16
37 55 45
37 56 2
37 58 44
37 60 43
37 61 27
37 64 54
37 67 18
37 68 36
37 69 50
38 0 61
38 1 5
38 5 11
38 7 15
38 9 40
38 13 41
38 14 36
38 19 55
38 20 22
38 21 24
38 23 63
38 24 31
38 26 18
38 29 33
38 30 17
38 32 49
38 36 50
38 38 32
38 41 8
38 42 53
38 44 35
38 45 7
38 47 25
38 49 4
38 50 34
38 54 60
38 56 44
38 58 39
38 59 45
38 60 68
38 61 3
38 67 28
39 1 49
39 2 55
39 3 2
39 4 15
39 8 25
39 9 8
39 10 38
39 14 3
39 15 54
39 16 26
39 19 32
39 22 33
39 24 60
39 28 52
39 29 11
39 30 35
39 31 48
39 32 34
39 33 29
39 35 43
39 36 10
39 40 37
39 41 27
39 42 22
39 44 20
39 45 24
39 46 0
39 47 16
39 48 51
39 51 56
39 53 47
39 54 69
39 57 67
39 60 59
39 61 9
39 63 53
39 65 50
39 67 44
39 68 4
40 3 34
40 4 10
40 6 61
40 8 65
40 11 13
40 14 4
40 15 9
40 16 24
40 17 44
40 19 66
40 21 63
40 22 54
40 24 27
40 25 45
40 26 36
40 27 60
40 28 8
40 30 2
40 31 21
40 32 41
40 36 14
40 38 42
40 41 15
40 42 50
40 43 68
40 48 35
40 49 46
40 55 49
40 58 69
40 63 57
40 65 59
40 66 6
40 68 62
40 69 37
41 3 69
41 6 2
41 7 23
41 8 20
41 9 22
41 10 46
41 11 68
41 15 43
41 17 39
41 20 30
41 24 52
41 25 31
41 26 26
41 27 21
41 32 50
41 33 58
41 34 65
41 36 62
41 37 0
41 38 11
41 40 47
41 42 40
41 44 63
41 50 8
41 51 49
41 53 42
41 54 19
41 57 32
41 61 33
41 63 54
41 64 57
41 68 3
42 2 61
42 3 16
42 4 36
42 5 0
42 6 51
42 7 8
42 9 39
42 10 24
42 13 19
42 17 29
42 20 15
42 21 6
42 24 3
42 28 10
42 30 25
42 33 43
42 35 53
42 36 31
42 37 48
42 39 21
42 42 33
42 46 38
42 48 23
42 50 30
42 51 63
42 53 5
42 54 35
42 55 4
42 57 58
42 58 49
42 61 20
42 63 42
42 64 50
42 65 65
42 67 66
43 0 6
43 1 37
43 2 65
43 3 14
43 4 49
43 6 8
43 9 56
43 11 48
43 12 68
43 13 9
43 15 59
43 18 61
43 20 26
43 24 25
43 26 52
43 27 5
43 29 66
43 31 38
43 36 58
43 39 3
43 40 20
43 42 4
43 43 12
43 45 64
43 48 36
43 51 11
43 52 69
43 53 2
43 55 16
43 57 53
43 59 33
43 61 54
43 62 34
43 63 23
43 66 60
43 67 29
43 68 32
43 69 30
44 0 26
44 2 37
44 3 43
44 4 11
44 6 6
44 8 9
44 9 65
44 13 63
44 14 35
44 16 51
44 17 45
44 19 19
44 20 2
44 26 49
44 27 38
44 36 56
44 37 27
44 40 36
44 44 42
44 45 3
44 46 12
44 49 61
44 51 54
44 53 1
44 54 68
44 55 39
44 56 0
44 57 59
44 58 52
44 59 64
44 60 15
44 63 17
44 66 40
44 69 47
45 5 62
45 9 18
45 10 36
45 11 3
45 13 32
45 14 33
45 15 47
45 17 17
45 18 41
45 20 66
45 21 67
45 25 39
45 27 27
45 28 50
45 29 37
45 30 48
45 33 57
45 34 13
45 35 5
45 36 42
45 37 21
45 39 60
45 40 40
45 41 51
45 47 69
45 48 6
45 49 31
45 52 19
45 55 8
45 56 14
45 57 20
45 58 68
45 60 64
45 62 35
45 63 7
45 65 61
45 67 10
45 68 24
45 69 9
46 0 48
46 6 16
46 7 13
46 10 0
46 12 11
46 14 7
46 16 12
46 17 63
46 19 31
46 20 18
46 21 23
46 22 57
46 24 36
46 26 3
46 27 28
46 30 61
46 31 50
46 32 52
46 33 44
46 34 54
46 35 15
46 36 32
46 37 65
46 38 47
46 39 40
46 40 41
46 42 8
46 44 22
46 46 2
46 48 33
46 52 62
46 53 17
46 55 66
46 56 19
46 57 25
46 60 37
46 61 24
46 62 4
46 64 27
46 67 42
47 1 56
47 2 16
47 3 40
47 6 4
47 10 42
47 14 43
47 15 53
47 17 21
47 22 65
47 23 37
47 24 38
47 26 12
47 29 60
47 30 63
47 31 9
47 33 52
47 35 64
47 37 20
47 39 49
47 43 14
47 44 69
47 45 5
47 46 29
47 49 54
47 56 46
47 58 30
47 59 36
47 60 26
47 61 35
47 63 0
47 64 17
47 65 8
47 67 23
47 68 25
48 0 69
48 2 59
48 4 60
48 7 53
48 8 48
48 9 4
48 12 22
48 13 42
48 16 67
48 17 35
48 18 16
48 19 57
48 21 8
48 22 5
48 23 13
48 26 65
48 28 41
48 33 32
48 34 2
48 35 27
48 39 37
48 43 23
48 45 28
48 47 0
48 49 43
48 50 62
48 52 36
48 54 47
48 55 10
48 56 3
48 61 66
48 64 12
48 65 19
48 69 7
49 0 35
49 2 48
49 4 39
49 6 52
49 7 38
49 9 50
49 11 10
49 12 34
49 15 60
49 17 16
49 19 37
49 20 49
49 22 7
49 23 22
49 24 30
49 25 59
49 26 46
49 30 62
49 31 57
49 32 64
49 34 67
49 36 5
49 37 66
49 39 9
49 43 0
49 44 8
49 45 25
49 46 63
49 50 3
49 53 4
49 54 6
49 56 33
49 57 55
49 59 41
49 67 47
49 69 40
50 1 69
50 2 8
50 3 32
50 5 20
50 8 42
50 9 9
50 11 57
50 13 22
50 14 1
50 16 17
50 17 3
50 20 14
50 21 27
50 22 61
50 24 49
50 26 34
50 32 54
50 33 45
50 36 37
50 37 44
50 38 23
50 39 47
50 41 56
50 42 0
50 43 53
50 44 13
50 49 25
50 51 10
50 52 31
50 53 21
50 55 52
50 56 59
50 60 65
50 61 51
50 62 40
50 63 19
50 66 2
50 68 30
50 69 33
51 0 40
51 3 15
51 5 2
51 6 20
51 7 45
51 8 49
51 10 1
51 19 3
51 21 9
51 24 24
51 25 68
51 26 48
51 27 47
51 28 58
51 29 36
51 31 5
51 37 32
51 39 66
51 46 69
51 50 19
51 52 12
51 53 55
51 54 44
51 58 28
51 59 56
51 60 23
51 61 6
51 62 41
51 66 46
51 67 22
51 68 42
51 69 59
52 2 49
52 3 39
52 4 62
52 6 13
52 8 1
52 9 0
52 12 31
52 14 11
52 15 7
52 17 58
52 19 26
52 21 65
52 23 53
52 26 41
52 27 18
52 28 23
52 32 2
52 33 5
52 37 55
52 38 21
52 39 17
52 40 44
52 42 59
52 43 24
52 45 52
52 46 47
52 47 34
52 51 36
52 53 68
52 54 45
52 57 50
52 60 8
52 62 69
52 63 28
52 65 33
52 68 9
52 69 22
53 0 57
53 1 19
53 3 21
53 6 36
53 8 68
53 9 52
53 12 50
53 13 55
53 15 46
53 16 11
53 17 51
53 23 8
53 25 43
53 26 32
53 32 25
53 34 6
53 35 1
53 37 63
53 38 62
53 39 34
53 41 38
53 44 9
53 45 2
53 49 0
53 53 22
53 54 59
53 59 27
53 62 66
53 64 44
53 66 4
53 69 53
54 0 20
54 1 36
54 4 69
54 7 37
54 9 15
54 17 7
54 18 28
54 19 8
54 21 49
54 22 38
54 23 64
54 24 9
54 25 24
54 26 5
54 27 42
54 29 43
54 34 58
54 36 65
54 37 34
54 38 45
54 40 39
54 41 3
54 42 2
54 45 4
54 46 30
54 49 41
54 50 33
54 51 31
54 54 66
54 56 22
54 58 57
54 60 10
54 61 40
54 66 25
54 67 12
54 68 6
55 0 41
55 2 31
55 3 9
55 4 21
55 5 8
55 9 33
55 10 66
55 15 64
55 17 34
55 21 12
55 25 65
55 29 48
55 31 69
55 34 7
55 36 45
55 43 11
55 45 37
55 48 50
55 51 44
55 53 46
55 54 25
55 55 13
55 56 63
55 60 40
55 62 22
55 63 3
55 65 49
55 68 27
56 1 20
56 3 29
56 4 67
56 5 51
56 7 58
56 8 22
56 9 41
56 11 19
56 12 17
56 14 64
56 15 63
56 17 33
56 18 6
56 19 68
56 22 14
56 23 65
56 24 23
56 26 69
56 33 38
56 35 9
56 36 52
56 37 47
56 39 59
56 40 50
56 41 1
56 46 48
56 49 3
56 50 31
56 52 40
56 55 61
56 60 39
56 62 5
56 64 21
56 65 18
57 0 3
57 1 40
57 3 48
57 4 17
57 5 56
57 6 54
57 7 57
57 15 11
57 16 44
57 17 32
57 18 65
57 20 25
57 25 6
57 27 55
57 28 7
57 29 0
57 31 61
57 33 2
57 34 4
57 37 64
57 41 68
57 42 29
57 43 26
57 44 52
57 46 67
57 48 45
57 49 39
57 53 35
57 58 37
57 59 5
57 61 1
57 63 63
57 64 9
57 65 31
57 66 47
58 1 8
58 3 42
58 6 1
58 7 69
58 8 15
58 10 56
58 13 31
58 15 28
58 16 20
58 17 12
58 18 68
58 19 46
58 20 38
58 22 50
58 26 33
58 27 34
58 28 4
58 29 54
58 32 45
58 33 53
58 35 60
58 36 47
58 37 36
58 38 6
58 41 10
58 42 3
58 43 5
58 45 57
58 46 9
58 48 18
58 51 48
58 52 41
58 54 32
58 55 44
58 56 40
58 57 39
58 59 49
58 65 29
58 68 23
59 4 37
59 5 52
59 7 31
59 8 64
59 10 57
59 12 47
59 14 30
59 15 65
59 16 39
59 19 2
59 21 55
59 22 32
59 23 0
59 29 1
59 30 44
59 32 66
59 33 21
59 36 53
59 37 54
59 38 10
59 40 38
59 42 23
59 43 9
59 46 6
59 47 46
59 48 13
59 49 56
59 51 35
59 52 4
59 53 67
59 60 22
59 64 34
60 0 51
60 2 36
60 3 33
60 4 28
60 6 48
60 7 25
60 8 37
60 11 44
60 12 58
60 13 24
60 15 8
60 16 43
60 18 7
60 19 40
60 20 61
60 21 35
60 22 27
60 23 66
60 24 15
60 27 52
60 28 18
60 29 55
60 30 29
60 31 0
60 32 39
60 33 20
60 34 16
60 36 4
60 40 59
60 44 49
60 45 30
60 46 3
60 47 9
60 49 11
60 50 50
60 52 32
60 54 56
60 59 17
60 60 45
60 62 47
60 63 13
60 66 23
60 69 12
61 1 45
61 4 68
61 11 12
61 13 21
61 16 34
61 17 59
61 19 15
61 20 20
61 21 48
61 22 35
61 23 29
61 24 8
61 26 56
61 27 26
61 29 49
61 33 11
61 36 25
61 40 43
61 45 54
61 46 23
61 48 42
61 49 7
61 53 30
61 55 63
61 56 1
61 57 9
61 58 4
61 59 10
61 61 67
61 62 58
61 64 13
61 65 36
61 66 64
61 67 38
61 68 14
62 4 6
62 5 37
62 8 16
62 9 53
62 10 59
62 13 58
62 14 69
62 15 41
62 17 50
62 18 60
62 20 19
62 23 1
62 24 13
62 25 11
62 27 29
62 28 21
62 31 4
62 32 42
62 33 3
62 36 17
62 38 63
62 42 51
62 43 25
62 44 48
62 45 68
62 48 67
62 50 55
62 51 62
62 52 33
62 54 0
62 55 43
62 58 31
62 62 18
62 66 28
62 67 34
62 68 5
63 2 19
63 3 25
63 6 55
63 8 44
63 9 63
63 10 52
63 11 47
63 12 61
63 13 10
63 19 67
63 21 37
63 23 51
63 24 35
63 27 32
63 28 68
63 29 34
63 30 13
63 31 43
63 32 16
63 43 7
63 44 30
63 45 65
63 47 59
63 52 17
63 56 39
63 60 66
63 61 31
63 62 23
63 67 21
63 68 28
63 69 4
64 2 27
64 3 0
64 4 3
64 5 7
64 6 17
64 8 53
64 10 67
64 14 58
64 15 1
64 18 14
64 19 24
64 20 9
64 22 47
64 23 25
64 24 32
64 26 40
64 27 2
64 31 68
64 32 56
64 33 36
64 36 6
64 37 69
64 38 48
64 43 28
64 46 19
64 49 62
64 50 52
64 51 43
64 52 45
64 53 60
64 55 23
64 58 61
64 64 18
64 65 26
64 67 49
64 68 22
65 0 64
65 2 11
65 5 19
65 6 37
65 7 27
65 9 31
65 10 3
65 11 50
65 14 13
65 15 30
65 17 0
65 18 44
65 19 34
65 20 59
65 23 67
65 27 25
65 28 55
65 30 40
65 31 62
65 35 21
65 36 8
65 37 9
65 38 53
65 42 68
65 43 38
65 45 41
65 47 42
65 52 46
65 53 39
65 55 56
65 59 2
65 63 66
65 64 61
65 65 1
65 67 36
65 68 52
66 0 22
66 1 52
66 3 41
66 4 42
66 6 67
66 8 36
66 12 64
66 14 31
66 15 66
66 16 48
66 17 68
66 18 2
66 20 11
66 22 29
66 23 33
66 25 58
66 26 0
66 29 21
66 32 37
66 33 19
66 41 9
66 42 46
66 45 40
66 47 14
66 50 57
66 52 18
66 53 69
66 55 25
66 56 23
66 63 39
66 65 51
66 67 50
66 69 38
67 0 38
67 1 24
67 2 66
67 3 26
67 4 46
67 5 54
67 6 69
67 8 14
67 14 53
67 16 60
67 19 63
67 21 64
67 22 39
67 23 10
67 28 49
67 29 22
67 31 40
67 34 19
67 36 3
67 38 27
67 40 13
67 41 42
67 43 30
67 45 1
67 46 58
67 48 20
67 49 52
67 50 35
67 53 59
67 55 67
67 57 43
67 60 36
67 61 15
67 64 55
68 1 54
68 2 9
68 3 3
68 4 7
68 5 59
68 6 5
68 9 38
68 15 34
68 16 27
68 17 23
68 20 12
68 22 18
68 23 68
68 27 50
68 29 19
68 32 6
68 34 64
68 36 43
68 37 8
68 38 14
68 39 55
68 40 58
68 41 44
68 45 16
68 46 22
68 47 63
68 48 37
68 49 57
68 50 45
68 52 26
68 53 10
68 55 0
68 56 15
68 57 65
68 61 41
68 62 52
68 63 2
68 66 69
69 0 0
69 1 39
69 2 40
69 3 45
69 5 24
69 7 9
69 10 54
69 12 6
69 13 29
69 16 15
69 19 56
69 20 8
69 21 66
69 22 4
69 24 37
69 25 34
69 27 62
69 29 27
69 31 16
69 32 12
69 33 23
69 34 36
69 39 67
69 41 59
69 44 2
69 45 48
69 51 52
69 53 58
69 57 47
69 58 19
69 59 53
69 61 38
69 62 55
69 63 35
69 64 46
69 66 57
