60
0 4 11
0 8 22
0 10 12
0 11 15
0 12 3
0 18 41
0 19 43
0 20 46
0 27 28
0 29 59
0 36 36
0 39 19
0 43 7
0 44 44
0 46 6
0 50 52
0 51 55
0 54 10
0 58 18
0 59 34
1 1 26
1 11 51
1 15 38
1 16 36
1 17 33
1 19 46
1 20 55
1 24 45
1 36 58
1 38 9
1 40 28
1 41 57
1 45 20
1 54 52
2 1 55
2 3 18
2 12 12
2 26 10
2 27 23
2 29 22
2 30 28
2 31 51
2 33 46
2 36 5
2 39 34
2 44 26
2 47 53
2 53 20
2 57 1
3 2 44
3 4 22
3 9 29
3 13 20
3 15 52
3 17 3
3 21 0
3 22 59
3 27 1
3 31 32
3 36 19
3 44 37
3 45 2
3 46 48
3 51 51
3 52 17
3 54 28
3 59 57
4 5 0
4 6 47
4 13 30
4 15 2
4 16 37
4 17 49
4 19 4
4 20 52
4 22 7
4 23 21
4 24 26
4 27 39
4 28 36
4 31 13
4 33 1
4 36 43
4 39 48
4 45 19
4 47 23
4 52 10
4 54 17
5 0 32
5 1 21
5 10 54
5 12 6
5 19 19
5 24 17
5 30 5
5 31 27
5 33 29
5 34 22
5 37 3
5 38 53
5 41 39
5 46 28
5 49 2
5 53 38
5 56 57
5 59 45
6 0 17
6 2 43
6 3 57
6 5 26
6 7 19
6 14 46
6 16 39
6 18 55
6 19 15
6 21 52
6 23 0
6 34 12
6 37 13
6 41 14
6 48 38
6 51 44
6 55 49
7 0 10
7 1 25
7 2 41
7 4 15
7 5 46
7 6 36
7 9 58
7 13 24
7 15 17
7 16 1
7 18 11
7 24 48
7 26 40
7 31 52
7 32 19
7 34 34
7 36 3
7 39 57
7 49 47
7 54 43
7 57 30
8 0 16
8 2 28
8 3 54
8 4 6
8 12 37
8 18 23
8 20 53
8 27 0
8 28 46
8 30 32
8 34 50
8 43 31
9 1 33
9 2 13
9 5 7
9 7 46
9 10 45
9 13 38
9 14 43
9 21 56
9 29 48
9 30 15
9 31 25
9 35 24
9 37 34
9 38 47
9 41 0
9 42 44
9 43 32
9 46 50
9 49 6
9 50 26
9 52 1
9 53 5
9 54 49
10 8 14
10 11 46
10 12 19
10 14 33
10 17 45
10 18 21
10 25 42
10 31 7
10 34 10
10 40 4
10 48 17
10 53 8
10 54 47
10 56 26
10 58 49
11 5 59
11 9 14
11 14 39
11 16 26
11 17 11
11 19 7
11 21 21
11 25 19
11 29 8
11 32 3
11 36 1
11 39 52
11 44 51
11 46 15
11 47 42
11 50 27
11 52 49
12 3 25
12 4 14
12 5 56
12 9 40
12 11 44
12 15 8
12 18 4
12 27 59
12 40 2
12 48 43
12 59 41
13 1 40
13 3 55
13 4 19
13 14 24
13 16 43
13 17 21
13 19 8
13 21 37
13 24 36
13 25 34
13 28 4
13 34 54
13 39 38
13 40 15
13 42 59
13 43 22
13 44 42
13 48 33
13 56 48
13 59 7
14 1 8
14 3 1
14 5 36
14 12 41
14 14 57
14 15 55
14 25 47
14 30 0
14 32 40
14 36 12
14 37 42
14 43 33
14 44 29
14 46 30
14 48 26
14 55 18
14 57 19
14 58 7
15 1 5
15 5 41
15 8 35
15 11 17
15 13 10
15 17 36
15 20 40
15 23 11
15 24 4
15 32 33
15 35 19
15 40 18
15 41 1
15 42 47
15 47 12
15 51 13
15 52 38
15 53 30
16 2 0
16 11 6
16 13 17
16 15 53
16 17 58
16 18 30
16 24 2
16 29 47
16 39 7
16 41 5
16 45 56
16 48 12
16 49 11
16 50 38
16 52 32
16 58 26
17 5 9
17 9 7
17 10 11
17 12 30
17 13 45
17 16 48
17 19 21
17 20 50
17 22 13
17 23 55
17 26 17
17 29 34
17 30 2
17 32 52
17 34 16
17 35 56
17 36 10
17 41 25
17 44 24
17 46 20
17 53 54
17 55 1
18 3 0
18 9 22
18 14 14
18 24 9
18 25 10
18 29 7
18 30 47
18 36 24
18 42 11
18 43 58
18 45 6
18 47 17
18 53 56
18 54 34
18 55 32
18 59 13
19 5 22
19 8 50
19 30 38
19 33 57
19 35 29
19 39 6
19 47 36
19 49 26
19 50 13
19 52 46
20 1 20
20 3 13
20 8 25
20 10 29
20 12 43
20 16 21
20 18 39
20 20 34
20 24 59
20 29 58
20 35 14
20 46 19
20 47 24
20 50 49
20 51 50
20 54 26
20 58 57
21 0 30
21 2 38
21 11 8
21 17 5
21 24 15
21 27 46
21 29 6
21 30 50
21 34 19
21 35 35
21 43 17
21 51 9
21 53 45
21 56 56
22 1 13
22 2 52
22 4 45
22 7 20
22 10 26
22 13 11
22 15 6
22 17 50
22 27 30
22 28 57
22 32 18
22 35 33
22 36 9
22 37 24
22 38 12
22 40 1
22 42 53
22 44 23
22 48 25
23 0 26
23 2 1
23 3 8
23 6 15
23 9 51
23 10 19
23 11 14
23 13 29
23 19 57
23 22 23
23 39 4
23 40 30
23 43 25
23 46 16
23 47 50
23 52 18
23 54 0
23 57 32
24 0 41
24 6 26
24 12 14
24 20 16
24 21 58
24 23 49
24 26 19
24 33 34
24 35 38
24 38 42
24 40 9
24 41 29
24 43 56
24 44 43
24 51 12
24 52 40
24 58 51
25 4 21
25 5 54
25 7 16
25 9 20
25 10 49
25 11 28
25 13 27
25 15 40
25 19 30
25 27 32
25 28 13
25 35 23
25 38 5
25 40 17
25 41 6
25 47 56
25 48 39
25 51 18
25 53 36
25 56 8
25 59 55
26 4 27
26 9 9
26 10 21
26 18 44
26 22 14
26 25 45
26 27 37
26 30 54
26 35 28
26 36 6
26 42 18
26 43 34
26 46 33
26 47 25
26 52 3
26 56 19
26 58 16
26 59 59
27 1 15
27 2 22
27 3 7
27 4 4
27 5 20
27 6 34
27 10 9
27 11 52
27 14 1
27 16 38
27 19 45
27 23 42
27 29 23
27 34 28
27 37 8
27 38 32
27 42 10
27 44 48
27 47 6
27 51 19
27 55 55
28 1 17
28 2 32
28 4 48
28 5 29
28 6 12
28 10 46
28 15 39
28 17 53
28 18 58
28 21 34
28 26 43
28 28 26
28 31 6
28 36 50
28 39 16
28 43 3
28 44 4
28 46 57
28 51 23
28 52 24
28 54 9
28 57 11
29 0 36
29 3 4
29 4 39
29 7 37
29 9 26
29 10 17
29 12 1
29 13 48
29 15 31
29 20 30
29 34 6
29 40 38
29 46 40
29 47 5
29 49 14
29 50 54
29 57 25
30 0 27
30 1 9
30 17 40
30 22 4
30 31 55
30 32 15
30 34 13
30 35 50
30 38 7
30 40 12
30 41 43
30 43 19
30 44 38
30 46 34
30 48 42
30 53 18
30 55 26
31 0 39
31 5 31
31 7 18
31 14 34
31 15 19
31 16 28
31 18 0
31 20 4
31 21 42
31 22 3
31 24 11
31 29 38
31 33 5
31 39 1
31 40 57
31 45 26
31 49 7
31 51 29
31 52 41
31 53 21
31 57 47
32 10 15
32 12 27
32 14 31
32 20 26
32 21 47
32 22 38
32 24 55
32 25 50
32 29 45
32 30 46
32 32 32
32 39 23
32 41 30
32 43 52
32 44 14
32 45 18
32 46 59
32 48 8
32 52 58
32 54 35
32 56 17
32 59 36
33 2 11
33 6 51
33 12 31
33 14 17
33 16 2
33 18 16
33 19 41
33 23 58
33 25 26
33 26 32
33 29 52
33 33 6
33 35 53
33 41 22
33 45 38
33 46 23
33 48 54
33 49 44
33 53 12
33 54 30
33 55 4
33 56 20
33 57 27
33 59 24
34 0 59
34 1 4
34 2 49
34 4 2
34 11 40
34 15 58
34 16 19
34 18 20
34 20 15
34 23 9
34 32 7
34 33 3
34 35 42
34 38 39
34 40 48
34 46 27
34 52 30
34 53 16
34 54 54
35 1 38
35 2 6
35 4 18
35 9 31
35 10 0
35 11 13
35 12 29
35 13 25
35 15 10
35 17 8
35 22 30
35 26 27
35 29 15
35 33 52
35 34 53
35 38 28
35 44 57
35 45 12
35 49 43
35 53 3
35 54 20
35 55 37
35 56 54
36 6 48
36 8 9
36 9 54
36 11 5
36 12 59
36 27 49
36 28 1
36 30 39
36 32 43
36 35 13
36 42 14
36 46 12
36 50 50
37 2 53
37 9 27
37 10 14
37 11 11
37 12 34
37 16 3
37 17 1
37 22 19
37 35 7
37 36 23
37 37 6
37 39 40
37 46 37
37 52 52
37 59 44
38 0 12
38 2 54
38 5 58
38 7 11
38 11 0
38 13 9
38 17 27
38 18 15
38 24 38
38 28 50
38 32 57
38 41 34
38 43 28
38 55 44
39 2 25
39 4 8
39 7 43
39 8 36
39 19 37
39 25 41
39 28 40
39 31 49
39 32 24
39 41 26
39 42 27
39 44 13
39 45 5
39 50 42
39 51 31
39 54 46
39 55 48
39 57 12
39 59 54
40 2 37
40 4 46
40 6 49
40 13 36
40 16 32
40 23 26
40 25 20
40 34 41
40 37 0
40 38 30
40 39 42
40 48 51
40 49 5
40 51 58
41 5 45
41 7 57
41 8 52
41 9 39
41 12 58
41 16 20
41 35 4
41 40 16
41 44 36
41 49 28
41 50 32
41 52 55
41 55 38
41 58 27
42 6 35
42 8 30
42 9 38
42 12 47
42 14 20
42 16 6
42 20 36
42 28 32
42 29 19
42 30 52
42 34 40
42 36 41
42 40 37
42 43 26
42 44 5
42 45 54
42 47 34
42 48 15
42 49 58
42 51 28
42 54 31
42 55 16
42 59 9
43 2 23
43 3 39
43 4 33
43 5 11
43 8 10
43 12 49
43 13 50
43 17 30
43 20 3
43 23 54
43 26 15
43 28 44
43 35 32
43 39 43
43 44 40
43 46 7
43 50 36
43 58 13
44 0 18
44 2 59
44 8 41
44 14 19
44 18 10
44 21 25
44 27 55
44 29 2
44 35 31
44 39 53
44 47 7
44 48 46
44 49 4
44 50 11
44 56 15
45 0 9
45 1 44
45 4 52
45 10 27
45 11 41
45 13 22
45 14 25
45 18 36
45 20 54
45 21 57
45 23 19
45 33 8
45 34 31
45 37 47
45 40 59
45 43 39
45 44 7
45 47 32
45 50 33
45 52 4
45 54 58
45 55 10
45 58 11
46 0 31
46 4 44
46 5 53
46 25 56
46 26 29
46 29 1
46 30 42
46 35 10
46 39 0
46 43 48
46 50 25
46 55 30
46 56 18
46 57 15
46 58 36
47 5 42
47 6 14
47 7 10
47 8 40
47 11 9
47 12 2
47 13 32
47 17 25
47 21 20
47 25 46
47 26 26
47 39 8
47 46 45
47 47 38
47 48 31
47 49 37
47 51 4
47 53 41
47 54 7
47 55 19
47 56 33
47 57 39
47 58 52
47 59 28
48 2 34
48 4 0
48 5 38
48 6 44
48 7 6
48 8 3
48 13 31
48 15 15
48 22 36
48 24 33
48 25 29
48 26 57
48 30 40
48 34 56
48 37 30
48 38 52
48 41 48
48 42 2
48 44 28
48 49 23
48 50 51
48 52 9
48 57 37
48 58 8
49 0 58
49 4 29
49 12 21
49 21 10
49 22 52
49 23 24
49 25 54
49 27 19
49 30 33
49 31 2
49 39 39
49 40 3
49 41 27
49 43 40
49 44 56
49 50 6
49 52 57
49 58 28
49 59 15
50 0 13
50 2 55
50 3 16
50 6 50
50 7 45
50 13 41
50 16 14
50 17 18
50 20 1
50 21 26
50 22 10
50 31 39
50 35 12
50 36 7
50 46 36
50 48 58
50 51 22
50 55 35
50 58 21
51 2 7
51 3 5
51 4 16
51 10 10
51 13 23
51 16 42
51 27 53
51 33 55
51 37 22
51 38 37
51 40 13
51 42 19
51 43 43
51 46 31
51 48 29
52 1 36
52 5 5
52 25 17
52 26 6
52 30 9
52 35 46
52 37 15
52 41 21
52 42 24
52 47 47
52 54 48
52 55 51
53 0 42
53 3 33
53 4 54
53 5 14
53 11 4
53 13 39
53 14 10
53 19 32
53 22 51
53 25 27
53 27 24
53 28 41
53 29 11
53 33 35
53 37 55
53 41 15
53 44 49
53 45 16
53 49 25
53 50 48
53 55 57
53 56 43
53 58 47
53 59 21
54 0 49
54 2 36
54 3 50
54 7 59
54 13 0
54 17 32
54 29 10
54 33 12
54 35 44
54 37 33
54 40 24
54 44 54
54 49 21
54 53 34
54 55 22
54 56 7
54 58 9
55 0 5
55 1 50
55 5 28
55 6 9
55 7 13
55 8 4
55 12 22
55 27 33
55 31 12
55 33 59
55 35 1
55 36 54
55 42 21
55 46 42
55 47 10
55 48 6
55 54 2
55 55 7
55 56 41
55 57 51
56 6 52
56 8 12
56 11 59
56 17 34
56 20 0
56 21 31
56 22 11
56 23 25
56 25 6
56 26 47
56 28 42
56 29 13
56 33 7
56 34 5
56 41 23
56 45 39
56 48 28
56 50 55
56 51 10
56 53 19
56 57 44
57 2 20
57 6 59
57 12 55
57 13 1
57 15 26
57 18 29
57 19 40
57 22 34
57 23 32
57 26 51
57 35 25
57 36 0
57 40 58
57 41 37
57 46 47
57 47 57
57 48 10
57 51 33
57 55 46
57 59 30
58 7 33
58 11 27
58 23 48
58 29 3
58 34 14
58 35 15
58 36 20
58 40 22
58 41 7
58 43 42
58 45 28
58 51 6
58 53 1
58 55 40
58 56 11
58 58 24
59 2 14
59 12 16
59 13 6
59 20 10
59 22 5
59 28 12
59 39 54
59 42 32
59 44 21
59 46 17
59 50 40
59 55 36
59 56 34
59 59 22
