70
0 2 62
0 7 41
0 13 49
0 15 1
0 17 57
0 18 52
0 20 66
0 26 4
0 27 56
0 31 54
0 33 38
0 36 18
0 39 42
0 43 12
0 45 30
0 61 15
0 64 59
0 65 44
1 3 19
1 7 1
1 8 60
1 19 56
1 30 65
1 31 47
1 33 46
1 39 20
1 42 37
1 48 55
1 61 3
1 64 36
1 65 63
1 66 30
2 7 51
2 10 63
2 11 20
2 16 5
2 17 37
2 18 21
2 22 27
2 30 3
2 31 67
2 32 66
2 33 30
2 35 47
2 36 54
2 37 23
2 44 44
2 47 42
2 48 68
2 55 65
2 56 8
2 58 4
2 59 25
2 69 53
3 0 26
3 1 29
3 3 59
3 4 67
3 5 42
3 6 66
3 14 51
3 16 12
3 18 48
3 22 60
3 23 3
3 24 1
3 26 19
3 27 4
3 28 61
3 30 25
3 34 65
3 40 56
3 42 6
3 46 32
3 53 11
3 55 7
3 65 16
4 10 1
4 12 28
4 14 50
4 15 3
4 18 27
4 20 13
4 23 11
4 24 37
4 25 26
4 30 67
4 32 53
4 34 31
4 35 18
4 37 25
4 38 61
4 39 15
4 40 35
4 45 17
4 51 12
4 53 4
4 54 19
4 55 48
4 60 59
4 63 47
4 64 41
4 66 58
4 67 36
5 0 41
5 1 54
5 4 64
5 6 1
5 7 66
5 11 3
5 14 10
5 17 25
5 21 2
5 25 14
5 29 6
5 31 69
5 35 30
5 42 61
5 48 43
5 54 12
5 55 21
5 58 9
5 59 7
5 60 26
5 62 37
5 63 50
5 67 56
5 68 11
6 0 40
6 1 36
6 2 31
6 3 17
6 7 35
6 20 57
6 22 64
6 24 59
6 26 12
6 28 56
6 31 13
6 34 54
6 35 24
6 40 6
6 42 3
6 43 16
6 44 32
6 48 11
6 54 41
6 60 7
6 61 63
6 62 34
6 63 2
6 69 44
7 1 61
7 5 66
7 7 8
7 8 26
7 9 34
7 12 64
7 26 41
7 29 37
7 30 15
7 33 43
7 36 56
7 38 59
7 41 7
7 42 53
7 44 60
7 54 47
7 56 54
7 58 38
7 62 2
7 65 25
8 1 56
8 3 63
8 5 9
8 11 27
8 14 1
8 15 4
8 17 13
8 19 48
8 30 38
8 31 10
8 39 35
8 42 58
8 46 25
8 49 6
8 50 32
8 53 45
8 56 30
8 61 62
8 62 29
8 67 28
9 2 61
9 10 64
9 12 24
9 17 3
9 21 49
9 22 30
9 26 37
9 27 17
9 32 42
9 34 0
9 38 29
9 40 62
9 43 54
9 45 8
9 47 59
9 48 38
9 49 43
9 51 35
9 53 66
9 55 67
9 60 9
9 63 11
9 65 65
9 67 23
9 68 10
10 2 50
10 10 39
10 12 27
10 13 32
10 21 26
10 27 8
10 29 35
10 30 31
10 38 25
10 39 47
10 41 36
10 45 68
10 49 52
10 53 7
10 55 22
10 64 20
10 68 59
11 3 45
11 8 0
11 14 64
11 15 35
11 17 66
11 23 20
11 24 67
11 28 50
11 29 51
11 30 63
11 35 32
11 42 54
11 48 13
11 54 16
11 57 30
11 58 65
11 65 3
12 1 48
12 3 46
12 10 35
12 12 29
12 17 33
12 19 47
12 21 20
12 23 22
12 25 8
12 26 31
12 27 18
12 31 56
12 32 52
12 33 24
12 40 58
12 43 65
12 47 16
12 49 38
12 50 40
12 51 17
12 54 59
12 56 60
12 59 3
12 62 19
12 65 10
13 3 26
13 6 59
13 7 37
13 10 28
13 12 31
13 16 51
13 18 30
13 26 10
13 27 29
13 34 8
13 41 21
13 53 33
13 54 57
13 56 7
13 60 69
13 63 0
13 68 15
14 1 21
14 4 44
14 7 52
14 10 65
14 17 31
14 26 15
14 31 59
14 33 53
14 34 58
14 44 69
14 45 42
14 46 8
14 48 37
14 50 61
14 52 36
14 53 17
14 55 64
14 56 56
14 58 28
14 59 54
14 63 12
14 66 6
14 68 7
15 1 15
15 5 29
15 7 65
15 9 27
15 12 5
15 13 18
15 17 9
15 18 54
15 27 50
15 31 30
15 32 3
15 33 63
15 34 41
15 35 62
15 38 20
15 39 31
15 42 60
15 43 33
15 48 51
15 50 46
15 51 45
15 53 57
15 58 26
15 61 16
15 62 56
16 8 20
16 9 38
16 10 9
16 12 22
16 19 46
16 20 25
16 22 19
16 24 49
16 30 48
16 35 56
16 37 10
16 39 41
16 43 42
16 47 15
16 52 39
16 65 24
16 66 63
16 69 58
17 3 33
17 5 65
17 8 67
17 13 51
17 14 18
17 17 52
17 22 17
17 30 54
17 32 7
17 33 41
17 35 45
17 40 25
17 43 43
17 46 57
17 50 3
17 51 15
17 53 24
17 54 11
17 55 55
17 56 50
17 60 22
17 62 30
17 65 64
17 66 39
17 69 4
18 1 6
18 5 12
18 9 23
18 11 11
18 12 1
18 14 14
18 16 29
18 19 39
18 21 56
18 32 36
18 36 25
18 42 10
18 43 21
18 45 27
18 51 44
18 53 26
18 59 15
18 62 40
18 63 54
18 67 66
19 2 20
19 6 52
19 10 67
19 12 48
19 14 54
19 15 7
19 16 15
19 17 60
19 22 45
19 24 30
19 33 40
19 37 9
19 45 58
19 46 0
19 49 24
19 50 39
19 54 63
19 55 16
19 58 69
19 59 12
19 64 55
19 66 29
20 0 3
20 1 41
20 5 52
20 6 45
20 7 25
20 11 40
20 13 54
20 23 68
20 24 66
20 32 33
20 50 6
20 51 11
20 54 55
20 63 1
20 64 47
20 66 0
20 69 23
21 3 14
21 4 7
21 16 11
21 17 67
21 24 60
21 25 63
21 28 27
21 30 23
21 32 24
21 33 69
21 37 8
21 46 15
21 54 58
21 55 33
21 58 53
21 59 16
21 60 49
21 63 38
21 64 1
22 2 42
22 11 10
22 12 36
22 14 41
22 16 8
22 23 65
22 29 43
22 35 26
22 38 7
22 41 39
22 45 66
22 46 54
22 48 50
22 49 25
22 50 33
22 51 22
22 52 49
22 55 32
22 65 61
23 0 2
23 1 37
23 3 62
23 4 30
23 6 54
23 9 26
23 11 60
23 13 35
23 16 24
23 18 18
23 19 9
23 21 23
23 23 43
23 26 58
23 27 0
23 29 63
23 32 55
23 40 21
23 41 6
23 42 51
23 45 39
23 46 69
23 48 10
23 50 1
23 59 64
23 66 42
23 69 47
24 2 59
24 4 15
24 7 28
24 8 50
24 9 65
24 12 19
24 17 68
24 20 63
24 24 58
24 25 35
24 33 57
24 37 12
24 38 13
24 40 29
24 44 40
24 45 37
24 46 18
24 47 17
24 50 7
24 52 44
24 54 0
24 55 36
24 59 56
24 66 24
24 67 54
24 69 26
25 0 51
25 2 58
25 7 30
25 10 13
25 13 55
25 14 52
25 15 14
25 24 46
25 26 21
25 33 23
25 35 6
25 37 31
25 39 3
25 44 66
25 49 4
25 53 32
25 63 8
25 68 60
26 0 45
26 3 9
26 7 58
26 8 57
26 10 3
26 20 16
26 25 59
26 26 53
26 29 32
26 30 1
26 32 15
26 33 19
26 37 37
26 39 63
26 42 66
26 43 23
26 50 64
26 51 5
26 53 22
26 54 14
26 58 61
26 59 69
27 2 32
27 3 58
27 5 61
27 14 6
27 16 60
27 18 15
27 20 65
27 24 45
27 35 16
27 38 62
27 45 1
27 48 48
27 50 56
27 51 33
27 52 7
27 53 67
27 56 22
27 57 54
27 58 41
27 63 46
27 64 57
27 69 25
28 1 38
28 5 34
28 9 39
28 13 66
28 14 15
28 15 67
28 17 4
28 20 62
28 26 49
28 28 13
28 36 3
28 37 68
28 41 54
28 42 48
28 47 41
28 50 36
28 52 55
28 54 53
28 57 57
28 60 47
28 62 24
28 64 12
29 0 23
29 2 9
29 3 27
29 4 69
29 7 49
29 10 60
29 11 41
29 13 3
29 15 58
29 21 43
29 23 48
29 24 10
29 25 61
29 27 66
29 31 63
29 33 13
29 35 37
29 36 32
29 38 17
29 39 21
29 46 22
29 47 5
29 48 18
29 52 62
29 56 59
29 57 36
29 58 64
29 62 50
29 68 20
30 0 38
30 1 14
30 2 4
30 8 59
30 9 69
30 12 45
30 18 32
30 24 43
30 26 42
30 30 5
30 33 35
30 34 22
30 37 61
30 48 28
30 50 30
30 51 51
30 53 25
30 55 11
30 57 66
30 58 13
30 59 48
30 62 12
30 65 29
30 67 58
30 69 16
31 6 65
31 9 66
31 10 52
31 13 6
31 16 50
31 20 8
31 26 24
31 27 11
31 28 47
31 29 68
31 32 16
31 42 2
31 44 56
31 45 13
31 47 62
31 55 41
31 57 1
31 62 64
31 63 21
31 69 33
32 3 38
32 5 37
32 6 14
32 9 30
32 14 2
32 16 22
32 17 1
32 20 29
32 24 21
32 26 20
32 40 57
32 48 69
32 50 4
32 51 6
32 54 3
32 55 49
32 62 10
32 63 64
32 65 56
33 2 25
33 3 29
33 11 54
33 14 58
33 19 69
33 22 1
33 23 60
33 24 62
33 26 39
33 31 61
33 32 20
33 36 30
33 37 44
33 43 49
33 45 35
33 51 21
33 52 40
33 57 8
33 60 2
33 62 59
33 63 9
34 3 30
34 6 47
34 8 44
34 13 8
34 17 61
34 20 18
34 28 20
34 33 58
34 36 17
34 43 11
34 45 48
34 59 29
34 62 4
34 67 32
35 1 10
35 5 54
35 9 51
35 17 32
35 18 43
35 27 64
35 30 40
35 35 11
35 36 47
35 37 63
35 40 24
35 42 29
35 43 6
35 50 62
35 55 61
35 62 14
35 65 38
35 66 4
36 1 30
36 7 3
36 15 24
36 21 50
36 22 46
36 25 56
36 26 0
36 28 1
36 35 31
36 37 62
36 40 38
36 47 35
36 49 65
36 60 54
37 0 52
37 1 8
37 3 53
37 9 0
37 10 5
37 11 9
37 21 4
37 26 50
37 27 34
37 34 39
37 51 56
37 59 45
37 62 36
37 65 23
38 4 13
38 6 35
38 10 30
38 15 61
38 16 36
38 24 57
38 25 27
38 28 18
38 29 38
38 32 41
38 35 65
38 38 4
38 40 15
38 41 58
38 42 59
38 44 37
38 45 55
38 50 67
38 52 24
38 57 56
38 63 45
39 0 33
39 5 69
39 6 21
39 9 28
39 12 7
39 13 64
39 15 53
39 16 3
39 17 50
39 18 62
39 22 42
39 23 56
39 24 36
39 26 17
39 34 34
39 35 22
39 36 0
39 37 41
39 41 52
39 45 44
39 47 27
39 50 37
39 55 39
39 56 55
39 57 15
39 60 20
39 61 30
39 67 43
39 68 29
40 7 54
40 9 62
40 11 12
40 14 13
40 19 58
40 20 44
40 22 69
40 25 42
40 26 36
40 31 33
40 32 45
40 33 15
40 35 43
40 41 4
40 48 17
40 56 18
40 57 6
40 59 51
40 61 9
40 67 30
40 69 29
41 0 0
41 1 22
41 5 38
41 6 31
41 7 33
41 8 63
41 9 35
41 10 56
41 14 3
41 17 59
41 19 62
41 20 24
41 27 49
41 28 52
41 29 26
41 34 21
41 44 17
41 45 19
41 47 54
41 48 67
41 52 1
41 54 66
41 59 65
41 60 44
41 63 42
41 64 15
41 65 68
42 0 46
42 2 0
42 3 20
42 10 34
42 15 38
42 20 11
42 21 30
42 22 12
42 25 68
42 34 6
42 38 31
42 40 48
42 44 15
42 50 43
42 58 58
42 66 8
42 68 32
42 69 2
43 2 10
43 3 13
43 5 39
43 7 5
43 10 57
43 15 40
43 23 67
43 25 45
43 33 4
43 34 56
43 37 15
43 38 9
43 39 7
43 41 1
43 48 66
43 50 55
43 53 44
43 56 48
43 59 58
43 65 47
44 0 14
44 5 8
44 7 32
44 9 50
44 11 35
44 13 22
44 15 64
44 17 24
44 23 53
44 24 3
44 28 2
44 29 42
44 30 11
44 32 43
44 33 60
44 35 29
44 36 6
44 52 28
44 55 17
44 56 63
44 57 59
44 62 20
44 67 65
44 69 9
45 1 34
45 15 62
45 16 27
45 19 19
45 20 67
45 23 52
45 24 14
45 25 28
45 33 48
45 34 32
45 36 68
45 40 30
45 46 2
45 53 47
45 54 39
45 57 38
45 60 63
45 61 58
45 65 11
46 2 11
46 3 1
46 7 45
46 8 29
46 11 46
46 12 3
46 13 60
46 14 48
46 21 25
46 22 39
46 25 64
46 28 54
46 38 52
46 39 18
46 41 62
46 42 23
46 46 9
46 58 63
46 61 66
46 62 58
46 64 16
46 66 33
46 67 15
47 1 44
47 4 22
47 15 25
47 19 24
47 26 13
47 27 38
47 28 49
47 30 62
47 33 10
47 39 11
47 43 20
47 44 2
47 47 50
47 48 53
47 49 55
47 51 66
47 52 64
47 53 58
47 54 31
47 55 0
47 56 42
47 57 60
47 64 14
47 69 35
48 2 52
48 6 37
48 8 7
48 14 25
48 16 16
48 22 65
48 25 6
48 28 24
48 31 31
48 34 68
48 37 50
48 48 57
48 49 10
48 51 29
48 58 34
48 63 23
48 64 61
48 68 66
49 1 53
49 2 48
49 4 11
49 6 69
49 9 60
49 11 17
49 12 68
49 16 49
49 19 40
49 22 22
49 27 55
49 28 41
49 32 8
49 34 44
49 40 28
49 45 26
49 51 65
49 59 52
49 62 54
49 65 2
49 66 23
49 68 62
50 9 47
50 11 15
50 13 0
50 20 9
50 22 63
50 23 16
50 24 29
50 26 18
50 28 68
50 30 7
50 34 55
50 36 45
50 37 35
50 45 54
50 54 23
50 58 27
50 59 40
50 62 67
50 63 51
51 6 28
51 7 15
51 10 18
51 23 64
51 25 32
51 32 34
51 33 62
51 34 46
51 40 22
51 46 35
51 52 20
51 57 26
51 59 39
51 60 48
51 62 41
51 67 42
51 68 54
52 1 68
52 4 34
52 8 5
52 15 57
52 20 36
52 28 25
52 31 17
52 33 64
52 36 39
52 47 37
52 48 23
52 54 29
52 58 10
52 60 24
52 63 60
52 65 13
53 1 45
53 2 41
53 3 37
53 4 14
53 6 50
53 9 18
53 11 43
53 12 47
53 14 26
53 17 0
53 23 27
53 28 34
53 32 62
53 39 9
53 41 46
53 45 3
53 46 55
53 48 40
53 49 31
53 50 53
53 54 51
53 64 64
53 65 60
53 69 20
54 3 54
54 7 31
54 9 57
54 10 50
54 12 53
54 14 40
54 29 9
54 32 22
54 34 48
54 35 4
54 39 67
54 44 58
54 46 49
54 50 8
54 53 19
54 54 56
54 57 41
54 59 17
54 60 33
54 61 61
54 62 47
54 69 34
55 6 7
55 10 6
55 12 16
55 17 53
55 22 36
55 24 65
55 25 39
55 32 68
55 33 18
55 35 58
55 37 28
55 41 9
55 50 59
55 52 33
55 53 38
55 55 12
55 61 69
55 63 55
56 5 67
56 12 60
56 20 34
56 22 41
56 25 52
56 26 55
56 27 30
56 29 48
56 37 54
56 46 36
56 47 58
56 55 40
56 57 49
56 60 39
56 61 51
56 62 18
56 63 32
56 64 23
56 65 43
56 67 7
56 69 13
57 1 4
57 4 47
57 5 45
57 9 7
57 18 23
57 19 49
57 20 10
57 21 62
57 24 54
57 31 27
57 32 57
57 33 56
57 38 2
57 40 41
57 43 67
57 46 29
57 49 69
57 52 26
57 55 3
57 56 9
57 62 6
57 64 51
58 0 22
58 6 8
58 18 58
58 19 34
58 20 27
58 21 14
58 22 31
58 23 1
58 24 56
58 27 67
58 28 39
58 29 49
58 31 15
58 32 65
58 35 5
58 37 29
58 43 61
58 54 60
58 57 17
58 60 55
58 63 28
58 66 37
59 0 9
59 1 33
59 3 25
59 14 7
59 15 36
59 22 49
59 28 57
59 31 5
59 34 45
59 39 23
59 49 60
59 53 6
59 56 65
59 60 28
59 67 22
59 68 30
59 69 56
60 4 18
60 8 24
60 11 30
60 13 34
60 17 36
60 21 38
60 26 63
60 29 61
60 33 9
60 34 59
60 41 17
60 44 7
60 45 57
60 47 29
60 48 35
60 49 3
60 52 12
60 54 50
60 57 11
60 58 19
60 60 67
60 62 28
60 69 40
61 0 29
61 1 23
61 5 60
61 6 41
61 7 68
61 11 5
61 19 14
61 20 31
61 29 45
61 33 20
61 34 57
61 39 61
61 40 27
61 42 65
61 43 26
61 50 0
61 56 39
61 59 1
61 61 35
61 64 43
61 65 54
61 69 11
62 0 62
62 1 57
62 7 11
62 12 55
62 16 66
62 19 33
62 20 2
62 22 38
62 24 24
62 29 53
62 30 49
62 32 32
62 34 20
62 35 28
62 37 56
62 43 40
62 46 39
62 47 45
62 49 48
62 52 21
62 53 16
62 60 12
62 62 60
62 64 0
62 65 41
62 69 37
63 1 69
63 2 60
63 12 2
63 22 25
63 23 36
63 30 43
63 39 10
63 47 3
63 50 26
63 55 24
63 56 38
63 57 29
63 60 18
63 61 19
63 62 39
63 63 59
63 64 8
64 5 55
64 14 67
64 16 38
64 18 45
64 23 62
64 29 44
64 30 68
64 32 26
64 35 3
64 38 46
64 43 41
64 51 61
64 54 27
64 56 36
64 59 30
64 60 4
64 61 56
64 65 32
64 66 16
65 1 63
65 7 36
65 9 42
65 10 58
65 16 47
65 17 34
65 19 26
65 26 61
65 29 39
65 32 13
65 36 49
65 38 68
65 39 44
65 40 17
65 44 25
65 45 33
65 46 11
65 56 40
65 61 46
66 1 39
66 3 64
66 5 57
66 6 63
66 7 50
66 10 45
66 12 35
66 16 46
66 19 27
66 21 54
66 25 1
66 26 69
66 28 0
66 39 8
66 44 29
66 45 60
66 46 40
66 47 2
66 49 49
66 50 48
66 56 23
66 57 28
66 58 22
66 59 24
66 63 62
66 68 44
67 5 33
67 6 5
67 12 21
67 18 19
67 19 13
67 23 45
67 25 3
67 32 60
67 35 51
67 36 38
67 37 11
67 39 32
67 40 36
67 46 59
67 48 22
67 49 44
67 50 25
67 61 40
67 62 15
67 69 54
68 8 56
68 10 21
68 11 7
68 12 42
68 13 31
68 15 18
68 19 68
68 22 58
68 31 49
68 34 60
68 36 62
68 37 5
68 38 16
68 44 43
68 47 44
68 53 15
68 54 32
68 65 1
68 66 9
68 67 55
69 0 16
69 2 51
69 3 60
69 4 52
69 10 11
69 11 19
69 14 59
69 20 23
69 22 9
69 23 34
69 30 10
69 35 36
69 37 26
69 39 33
69 41 13
69 42 39
69 44 53
69 52 15
69 54 24
69 60 17
69 61 49
69 63 66
