60
0 0 47
0 1 57
0 2 5
0 3 45
0 5 40
0 6 25
0 8 34
0 9 35
0 10 13
0 12 10
0 13 15
0 14 39
0 16 33
0 17 24
0 19 37
0 20 22
0 22 49
0 23 50
0 24 43
0 25 42
0 26 48
0 27 52
0 29 58
0 30 46
0 31 51
0 32 18
0 33 53
0 34 41
0 35 36
0 36 30
0 38 6
0 39 2
0 40 8
0 41 19
0 42 21
0 43 29
0 45 20
0 46 3
0 47 56
0 48 7
0 49 26
0 50 17
0 51 14
0 52 16
0 53 38
0 54 1
0 55 23
0 58 55
1 1 21
1 2 17
1 3 20
1 4 13
1 5 54
1 6 51
1 7 28
1 8 24
1 10 9
1 11 48
1 12 2
1 14 53
1 15 6
1 18 30
1 20 49
1 22 45
1 23 15
1 24 16
1 25 33
1 26 47
1 27 32
1 28 58
1 29 25
1 31 39
1 32 41
1 33 31
1 36 0
1 40 11
1 41 4
1 42 19
1 43 40
1 44 8
1 45 55
1 46 26
1 47 57
1 48 34
1 50 50
1 51 35
1 52 12
1 55 27
1 56 38
1 57 36
2 0 0
2 2 59
2 3 58
2 4 55
2 5 50
2 6 14
2 7 5
2 9 46
2 10 7
2 11 42
2 12 56
2 13 47
2 14 22
2 15 3
2 16 31
2 17 38
2 18 4
2 19 34
2 20 16
2 21 26
2 22 1
2 23 8
2 24 28
2 25 19
2 26 51
2 27 15
2 28 11
2 30 23
2 31 45
2 32 6
2 34 57
2 35 20
2 36 2
2 38 39
2 40 13
2 41 35
2 42 48
2 44 17
2 46 25
2 50 53
2 51 10
2 52 41
2 53 36
2 59 52
3 0 15
3 1 48
3 3 56
3 4 22
3 7 44
3 8 2
3 10 42
3 12 9
3 14 50
3 17 53
3 18 55
3 19 21
3 20 58
3 21 6
3 22 24
3 25 1
3 27 41
3 28 46
3 29 49
3 31 30
3 32 33
3 34 3
3 35 14
3 36 39
3 38 38
3 39 10
3 40 4
3 41 28
3 42 5
3 45 17
3 46 37
3 47 23
3 50 20
3 51 13
3 54 8
3 55 36
3 56 45
3 57 11
3 58 52
3 59 32
4 0 49
4 3 16
4 4 19
4 7 53
4 8 57
4 10 29
4 11 26
4 12 33
4 13 21
4 15 27
4 16 0
4 18 45
4 20 24
4 23 12
4 24 44
4 25 18
4 26 59
4 31 32
4 32 54
4 34 7
4 35 50
4 37 14
4 39 8
4 40 2
4 41 5
4 42 6
4 43 28
4 46 36
4 48 42
4 49 15
4 50 52
4 51 3
4 52 17
4 57 10
4 58 1
4 59 41
5 0 10
5 1 17
5 3 28
5 4 12
5 5 20
5 6 55
5 8 31
5 9 34
5 10 2
5 11 56
5 14 5
5 16 51
5 18 39
5 20 15
5 21 27
5 22 46
5 26 38
5 27 19
5 29 21
5 30 8
5 32 47
5 33 4
5 34 32
5 35 52
5 36 13
5 39 59
5 40 25
5 41 6
5 42 7
5 47 1
5 55 16
5 57 43
5 58 11
6 0 31
6 1 36
6 2 18
6 4 17
6 10 35
6 11 20
6 14 25
6 15 19
6 17 1
6 18 33
6 19 28
6 21 44
6 22 32
6 24 49
6 25 58
6 26 30
6 27 56
6 28 10
6 29 24
6 30 38
6 31 16
6 34 5
6 35 55
6 36 8
6 38 53
6 39 48
6 41 54
6 42 51
6 43 22
6 44 14
6 45 47
6 46 41
6 49 2
6 50 0
6 51 34
6 52 26
6 53 7
6 54 4
6 56 46
6 57 9
6 58 21
6 59 3
7 0 33
7 1 3
7 3 40
7 4 43
7 6 42
7 7 37
7 9 44
7 10 41
7 13 28
7 14 24
7 16 10
7 17 15
7 18 52
7 19 1
7 21 48
7 22 36
7 25 5
7 26 50
7 28 2
7 29 29
7 31 56
7 32 53
7 34 55
7 37 30
7 39 58
7 40 57
7 41 49
7 43 12
7 44 45
7 45 18
7 46 4
7 48 16
7 50 46
7 52 11
7 53 0
7 55 54
7 56 20
7 58 39
7 59 19
8 0 45
8 3 54
8 4 16
8 5 30
8 6 1
8 8 49
8 10 52
8 11 50
8 12 53
8 14 26
8 15 44
8 16 59
8 17 20
8 18 23
8 19 9
8 20 38
8 21 56
8 22 25
8 24 58
8 25 40
8 26 32
8 28 17
8 30 0
8 32 2
8 33 29
8 34 34
8 35 39
8 36 47
8 37 48
8 40 21
8 41 15
8 42 31
8 43 10
8 44 33
8 45 4
8 47 12
8 48 36
8 49 43
8 50 18
8 51 37
8 53 8
8 54 19
8 55 7
8 56 24
8 57 41
8 58 51
9 0 36
9 1 56
9 2 54
9 4 41
9 5 48
9 6 0
9 7 34
9 10 38
9 12 7
9 14 21
9 16 20
9 17 27
9 20 57
9 21 8
9 22 35
9 24 47
9 25 23
9 27 53
9 29 31
9 30 55
9 32 24
9 33 37
9 34 52
9 35 58
9 37 11
9 38 16
9 39 9
9 40 32
9 43 30
9 45 39
9 46 22
9 47 51
9 48 50
9 50 15
9 51 12
9 52 29
9 53 45
9 54 44
9 55 59
9 57 42
10 0 22
10 1 31
10 2 20
10 3 37
10 4 21
10 5 28
10 7 39
10 8 46
10 9 32
10 10 8
10 12 15
10 13 56
10 14 36
10 15 14
10 16 57
10 18 19
10 19 11
10 20 59
10 22 54
10 23 45
10 24 9
10 25 2
10 27 1
10 28 16
10 31 43
10 32 49
10 33 35
10 34 42
10 35 5
10 36 52
10 37 24
10 38 3
10 39 17
10 40 38
10 41 55
10 43 18
10 44 58
10 45 40
10 46 48
10 48 47
10 50 29
10 51 41
10 53 23
10 54 7
10 55 25
10 56 51
10 59 53
11 1 58
11 2 7
11 4 28
11 5 36
11 7 38
11 8 15
11 9 3
11 10 53
11 11 30
11 12 32
11 14 33
11 15 31
11 16 11
11 19 49
11 20 48
11 21 23
11 23 9
11 24 27
11 25 52
11 27 35
11 28 54
11 29 0
11 30 41
11 32 13
11 35 12
11 38 47
11 39 1
11 40 22
11 42 45
11 43 44
11 44 39
11 46 20
11 49 56
11 51 18
11 52 25
11 54 57
11 55 6
11 58 40
11 59 42
12 0 16
12 1 15
12 2 51
12 6 37
12 8 41
12 9 47
12 11 22
12 13 17
12 14 18
12 16 52
12 17 39
12 19 56
12 20 8
12 21 20
12 24 1
12 25 48
12 26 55
12 27 54
12 28 6
12 29 33
12 30 36
12 31 44
12 32 25
12 33 58
12 36 59
12 37 43
12 38 32
12 40 35
12 41 9
12 43 27
12 47 14
12 48 49
12 51 57
12 52 31
12 53 21
12 54 10
12 55 45
12 56 40
12 57 53
12 59 4
13 0 8
13 1 53
13 2 44
13 5 14
13 6 22
13 7 52
13 8 35
13 9 24
13 10 23
13 11 40
13 12 36
13 13 7
13 15 39
13 16 26
13 17 55
13 18 59
13 19 0
13 20 4
13 22 12
13 26 1
13 27 16
13 30 49
13 31 41
13 33 18
13 34 21
13 36 9
13 38 48
13 40 47
13 41 2
13 42 30
13 43 46
13 44 13
13 46 19
13 47 11
13 48 20
13 49 34
13 50 54
13 51 42
13 52 51
13 53 10
13 55 29
13 56 17
13 57 50
13 59 27
14 0 30
14 2 47
14 3 18
14 10 50
14 11 43
14 12 16
14 13 33
14 15 40
14 16 58
14 18 7
14 19 19
14 20 34
14 22 9
14 23 14
14 25 45
14 26 35
14 27 11
14 28 44
14 29 22
14 30 32
14 31 0
14 32 3
14 33 39
14 35 27
14 36 36
14 37 53
14 40 48
14 41 42
14 42 15
14 43 26
14 45 46
14 46 12
14 47 6
14 48 56
14 49 20
14 50 49
14 51 51
14 54 54
14 56 52
14 58 24
14 59 29
15 1 43
15 3 51
15 4 34
15 7 20
15 10 27
15 12 18
15 14 2
15 15 47
15 16 3
15 17 4
15 18 24
15 19 22
15 20 42
15 21 41
15 23 30
15 24 33
15 28 53
15 30 6
15 34 46
15 35 49
15 37 25
15 38 45
15 39 14
15 40 59
15 41 58
15 42 50
15 44 52
15 45 15
15 46 7
15 48 29
15 49 37
15 51 31
15 52 0
15 53 5
15 54 16
15 55 12
15 57 13
15 58 28
16 1 20
16 2 48
16 3 4
16 4 14
16 5 58
16 6 34
16 8 43
16 9 51
16 10 36
16 11 31
16 14 40
16 15 50
16 18 25
16 19 29
16 21 32
16 22 57
16 23 7
16 25 13
16 26 18
16 27 10
16 28 56
16 31 24
16 32 15
16 34 12
16 36 11
16 37 6
16 39 16
16 40 33
16 41 27
16 42 2
16 43 42
16 45 59
16 46 9
16 48 39
16 49 47
16 50 1
16 51 17
16 52 21
16 53 54
16 56 5
16 57 22
16 58 44
17 0 34
17 1 33
17 2 57
17 3 5
17 4 2
17 6 28
17 7 49
17 8 19
17 9 54
17 10 6
17 11 32
17 12 0
17 14 48
17 18 8
17 19 18
17 20 14
17 21 12
17 22 42
17 23 1
17 24 4
17 25 21
17 26 45
17 30 16
17 31 50
17 32 59
17 34 11
17 36 55
17 37 51
17 38 25
17 39 27
17 40 10
17 41 38
17 42 58
17 45 36
17 47 24
17 48 35
17 49 41
17 51 43
17 53 52
17 55 53
17 57 7
17 58 9
17 59 39
18 0 51
18 1 39
18 2 9
18 3 22
18 10 20
18 11 55
18 12 31
18 13 12
18 15 42
18 16 54
18 17 7
18 18 11
18 21 0
18 22 44
18 23 41
18 24 17
18 25 8
18 26 49
18 27 40
18 28 36
18 29 38
18 32 48
18 34 15
18 35 57
18 36 56
18 37 13
18 38 43
18 39 32
18 40 1
18 41 14
18 42 46
18 43 58
18 44 34
18 46 59
18 49 52
18 50 5
18 52 45
18 53 27
18 54 50
18 57 3
18 58 26
19 0 5
19 4 27
19 5 39
19 6 33
19 8 17
19 11 11
19 12 47
19 13 14
19 14 7
19 16 45
19 17 0
19 18 18
19 19 52
19 22 51
19 23 16
19 24 12
19 25 36
19 27 48
19 29 20
19 32 9
19 34 2
19 35 21
19 37 3
19 38 50
19 39 19
19 40 44
19 41 31
19 44 57
19 45 41
19 47 42
19 48 10
19 49 30
19 50 59
19 51 29
19 53 6
19 54 38
19 55 46
19 56 25
19 57 26
19 58 53
19 59 40
20 0 25
20 1 45
20 2 21
20 3 46
20 4 24
20 5 27
20 6 6
20 7 36
20 9 9
20 10 37
20 14 42
20 16 47
20 18 10
20 21 1
20 23 59
20 24 3
20 25 50
20 27 4
20 29 32
20 30 56
20 31 20
20 32 29
20 33 48
20 35 40
20 37 7
20 39 57
20 40 23
20 41 18
20 42 8
20 43 11
20 44 53
20 45 33
20 46 35
20 48 0
20 49 51
20 50 43
20 51 28
20 52 39
20 56 22
20 57 19
20 58 41
21 0 54
21 2 33
21 3 29
21 5 32
21 7 35
21 8 36
21 9 13
21 10 59
21 11 34
21 12 30
21 14 38
21 15 26
21 18 53
21 19 3
21 20 11
21 21 52
21 22 22
21 23 43
21 26 57
21 28 50
21 29 4
21 31 7
21 32 40
21 34 58
21 35 16
21 36 21
21 37 42
21 39 20
21 40 31
21 41 17
21 46 28
21 47 55
21 48 37
21 50 27
21 52 5
21 54 39
21 55 9
21 56 23
21 57 18
21 58 25
22 0 50
22 1 8
22 2 29
22 3 23
22 5 10
22 6 16
22 10 4
22 13 11
22 14 17
22 15 7
22 16 13
22 17 35
22 18 21
22 19 40
22 20 0
22 21 18
22 22 6
22 23 46
22 24 39
22 25 20
22 26 52
22 29 34
22 30 26
22 31 3
22 32 57
22 34 49
22 36 19
22 38 42
22 39 38
22 41 44
22 43 47
22 44 56
22 45 37
22 46 5
22 47 9
22 48 48
22 49 31
22 50 32
22 52 55
22 55 51
22 56 30
22 57 27
22 58 22
23 0 18
23 1 2
23 2 56
23 3 7
23 5 12
23 6 39
23 7 21
23 8 45
23 10 46
23 12 44
23 13 59
23 14 41
23 16 22
23 17 26
23 18 42
23 21 36
23 22 16
23 24 38
23 25 27
23 27 28
23 28 43
23 29 1
23 30 37
23 31 54
23 32 35
23 33 24
23 34 47
23 35 15
23 38 29
23 39 53
23 40 20
23 41 30
23 42 4
23 43 49
23 44 19
23 45 58
23 46 23
23 47 25
23 48 14
23 49 0
23 51 50
23 52 34
23 53 11
23 54 52
23 56 32
23 57 31
23 58 8
23 59 10
24 0 52
24 2 25
24 3 35
24 4 0
24 7 2
24 8 54
24 9 5
24 13 40
24 14 20
24 15 32
24 16 41
24 17 6
24 18 17
24 22 23
24 24 53
24 27 34
24 28 14
24 30 9
24 32 30
24 33 28
24 34 16
24 35 10
24 36 15
24 38 49
24 40 51
24 42 18
24 44 36
24 45 29
24 46 33
24 47 37
24 48 59
24 49 55
24 50 12
24 51 7
24 53 58
24 55 56
24 56 26
24 57 1
24 58 57
24 59 50
25 0 37
25 1 41
25 2 50
25 3 59
25 4 47
25 6 49
25 7 51
25 9 21
25 11 39
25 12 8
25 13 6
25 14 16
25 17 32
25 19 13
25 21 38
25 23 18
25 24 20
25 25 15
25 26 23
25 27 12
25 28 29
25 29 27
25 30 52
25 31 14
25 32 0
25 33 10
25 34 53
25 35 56
25 37 40
25 38 19
25 39 35
25 40 42
25 41 43
25 43 55
25 44 44
25 46 58
25 47 45
25 49 7
25 50 33
25 51 24
25 52 48
25 53 9
25 55 2
25 56 3
25 57 54
25 58 30
26 0 44
26 3 49
26 4 20
26 5 52
26 6 8
26 8 22
26 9 30
26 10 55
26 12 51
26 13 54
26 14 45
26 15 15
26 16 2
26 17 16
26 19 53
26 22 47
26 23 3
26 26 12
26 27 42
26 28 7
26 29 59
26 31 33
26 32 32
26 34 18
26 35 11
26 38 35
26 41 13
26 43 17
26 45 56
26 46 24
26 47 43
26 48 28
26 49 40
26 52 19
26 53 57
26 54 0
26 57 21
26 59 36
27 0 3
27 4 9
27 5 47
27 6 31
27 7 25
27 8 30
27 12 28
27 13 55
27 14 32
27 15 38
27 16 5
27 17 37
27 18 57
27 19 43
27 23 34
27 27 45
27 29 44
27 30 48
27 32 58
27 34 4
27 35 46
27 36 20
27 37 27
27 38 21
27 39 22
27 40 40
27 41 33
27 43 54
27 44 42
27 45 0
27 46 50
27 50 23
27 51 49
27 54 17
27 56 18
27 58 19
27 59 15
28 0 42
28 1 46
28 2 27
28 3 25
28 4 23
28 5 15
28 6 56
28 7 9
28 8 37
28 9 55
28 10 47
28 12 43
28 13 13
28 14 0
28 15 12
28 16 40
28 17 19
28 20 18
28 21 5
28 22 59
28 23 31
28 24 30
28 25 14
28 28 35
28 29 7
28 31 36
28 34 54
28 35 48
28 37 1
28 38 51
28 42 3
28 43 21
28 44 10
28 45 52
28 47 58
28 48 38
28 50 2
28 51 8
28 52 32
28 53 53
28 54 24
28 56 50
28 58 4
28 59 20
29 2 39
29 6 57
29 7 56
29 9 14
29 10 17
29 11 53
29 15 16
29 16 35
29 20 10
29 21 19
29 22 8
29 24 46
29 26 36
29 30 13
29 31 21
29 32 37
29 33 23
29 34 59
29 35 47
29 36 29
29 37 0
29 38 2
29 40 58
29 41 24
29 42 44
29 43 20
29 44 28
29 45 5
29 46 49
29 47 33
29 48 1
29 49 9
29 51 30
29 54 18
29 55 55
29 56 43
29 57 40
29 58 50
29 59 7
30 1 49
30 2 23
30 3 36
30 4 52
30 5 21
30 7 42
30 8 51
30 9 31
30 10 11
30 13 18
30 14 54
30 15 57
30 18 44
30 20 53
30 21 58
30 22 38
30 23 40
30 24 41
30 25 17
30 26 39
30 27 46
30 28 15
30 29 45
30 30 30
30 31 34
30 33 20
30 34 27
30 36 7
30 38 28
30 40 29
30 41 12
30 42 25
30 45 8
30 46 1
30 47 0
30 49 24
30 50 26
30 52 14
30 53 48
30 54 56
30 58 32
30 59 9
31 0 9
31 1 52
31 2 49
31 3 26
31 4 58
31 5 55
31 6 50
31 8 33
31 12 59
31 13 31
31 14 6
31 15 53
31 16 44
31 17 57
31 18 56
31 19 39
31 20 30
31 21 24
31 23 10
31 24 29
31 25 47
31 26 40
31 27 8
31 28 48
31 29 18
31 33 22
31 35 28
31 36 5
31 40 54
31 41 20
31 42 35
31 43 1
31 45 51
31 46 43
31 50 16
31 51 32
31 52 13
31 56 2
31 57 46
31 59 21
32 0 28
32 1 26
32 2 31
32 3 44
32 5 51
32 7 24
32 9 33
32 10 58
32 11 13
32 12 12
32 13 30
32 14 43
32 15 25
32 16 8
32 18 40
32 19 27
32 21 45
32 23 57
32 24 21
32 26 41
32 27 18
32 30 20
32 32 16
32 33 47
32 34 56
32 36 53
32 38 37
32 40 3
32 42 9
32 43 0
32 45 2
32 46 17
32 47 48
32 48 15
32 50 11
32 51 36
32 52 54
32 53 46
32 54 6
32 56 19
32 57 35
32 58 10
32 59 1
33 0 4
33 1 5
33 3 31
33 6 53
33 7 48
33 8 23
33 9 20
33 10 32
33 11 25
33 12 39
33 13 42
33 15 51
33 17 52
33 18 28
33 19 54
33 20 27
33 21 40
33 22 43
33 24 10
33 25 9
33 26 33
33 27 14
33 28 3
33 29 17
33 30 18
33 31 11
33 32 46
33 33 7
33 34 6
33 35 0
33 36 44
33 37 21
33 38 24
33 40 19
33 41 8
33 42 22
33 43 34
33 44 1
33 46 47
33 49 13
33 52 50
33 53 15
33 54 58
33 55 35
33 56 12
33 58 38
33 59 37
34 0 43
34 2 38
34 4 10
34 5 0
34 7 32
34 8 52
34 9 39
34 10 28
34 11 17
34 13 26
34 14 55
34 15 56
34 16 9
34 17 3
34 18 5
34 19 41
34 20 50
34 21 21
34 22 33
34 23 58
34 24 22
34 26 31
34 27 49
34 28 27
34 29 42
34 30 45
34 31 8
34 32 4
34 33 54
34 34 51
34 36 37
34 37 2
34 39 18
34 40 6
34 42 36
34 43 14
34 44 29
34 45 48
34 46 53
34 50 30
34 51 19
34 52 40
34 53 20
34 54 23
34 55 11
34 57 57
34 58 16
34 59 24
35 0 24
35 1 51
35 2 41
35 4 11
35 5 59
35 6 54
35 7 22
35 8 27
35 9 6
35 11 35
35 12 46
35 14 34
35 15 30
35 16 32
35 17 23
35 18 50
35 21 2
35 22 26
35 23 21
35 24 56
35 25 25
35 26 37
35 28 57
35 29 19
35 30 5
35 32 52
35 33 12
35 34 36
35 36 1
35 37 16
35 38 8
35 40 55
35 41 10
35 42 42
35 43 53
35 44 15
35 45 28
35 46 18
35 48 43
35 49 4
35 50 38
35 51 20
35 52 58
35 53 40
35 54 9
35 55 39
35 56 14
35 58 47
36 4 36
36 5 6
36 7 31
36 10 5
36 11 37
36 12 45
36 13 20
36 14 14
36 15 22
36 17 54
36 18 0
36 20 2
36 23 23
36 24 7
36 26 9
36 28 52
36 29 51
36 30 15
36 31 46
36 37 49
36 38 1
36 39 42
36 40 26
36 41 3
36 42 53
36 43 41
36 45 19
36 46 40
36 47 13
36 48 55
36 49 29
36 50 25
36 51 48
36 53 44
36 55 18
36 57 28
36 59 17
37 0 19
37 1 0
37 2 45
37 3 1
37 4 18
37 6 30
37 7 13
37 8 44
37 9 8
37 10 12
37 11 33
37 12 52
37 15 20
37 16 38
37 18 9
37 20 39
37 21 14
37 22 53
37 23 25
37 24 32
37 26 22
37 27 37
37 28 49
37 29 16
37 30 24
37 31 55
37 32 34
37 36 46
37 37 10
37 39 7
37 40 41
37 41 36
37 42 56
37 43 48
37 45 50
37 46 42
37 47 27
37 48 26
37 49 28
37 50 35
37 52 3
37 54 51
37 57 15
37 58 54
38 0 23
38 1 28
38 3 8
38 4 26
38 6 29
38 7 54
38 8 12
38 10 49
38 11 18
38 14 35
38 15 10
38 16 42
38 17 13
38 18 48
38 19 7
38 20 25
38 23 44
38 24 5
38 26 46
38 27 3
38 28 37
38 29 41
38 33 57
38 34 19
38 35 30
38 38 9
38 39 4
38 42 27
38 44 2
38 46 39
38 47 47
38 50 55
38 51 38
38 52 1
38 53 50
38 54 43
38 55 15
38 56 36
38 58 0
39 1 22
39 3 30
39 5 1
39 6 10
39 7 23
39 8 47
39 9 0
39 10 48
39 11 12
39 12 38
39 13 51
39 14 3
39 15 11
39 16 28
39 18 32
39 19 50
39 20 6
39 21 37
39 22 55
39 24 59
39 25 26
39 26 54
39 27 24
39 28 45
39 30 19
39 31 25
39 33 44
39 34 17
39 35 33
39 36 16
39 38 18
39 39 41
39 40 5
39 41 53
39 42 43
39 45 7
39 46 21
39 48 31
39 49 39
39 50 9
39 52 57
39 54 14
39 55 49
39 56 35
39 57 52
39 58 58
40 0 21
40 1 6
40 4 25
40 5 9
40 6 52
40 7 29
40 8 56
40 9 7
40 10 33
40 12 14
40 13 48
40 16 34
40 17 2
40 18 20
40 19 46
40 20 41
40 22 30
40 23 47
40 24 42
40 25 55
40 26 53
40 27 23
40 28 12
40 30 44
40 31 26
40 32 28
40 34 39
40 35 31
40 39 51
40 40 16
40 41 45
40 42 40
40 44 37
40 45 10
40 46 32
40 47 17
40 49 57
40 50 3
40 51 27
40 52 8
40 53 24
40 55 0
40 56 15
40 59 38
41 0 57
41 2 28
41 4 51
41 5 18
41 6 48
41 8 53
41 9 15
41 10 39
41 11 58
41 12 24
41 13 38
41 14 23
41 15 49
41 16 16
41 17 46
41 18 26
41 19 10
41 20 40
41 22 37
41 23 42
41 24 31
41 25 54
41 26 25
41 28 5
41 29 11
41 30 22
41 31 6
41 33 32
41 35 35
41 38 34
41 40 36
41 41 0
41 43 2
41 45 1
41 47 19
41 50 45
41 52 44
41 54 33
41 56 29
41 57 12
41 58 20
41 59 56
42 0 29
42 1 34
42 2 53
42 3 38
42 4 56
42 5 31
42 6 17
42 8 20
42 9 23
42 10 1
42 11 3
42 12 50
42 13 39
42 14 12
42 16 21
42 17 11
42 18 35
42 19 45
42 20 26
42 21 4
42 22 48
42 25 32
42 27 5
42 28 55
42 29 2
42 30 57
42 32 51
42 33 41
42 34 10
42 35 13
42 36 18
42 37 44
42 38 14
42 41 46
42 45 27
42 46 0
42 47 15
42 50 58
42 53 30
42 54 40
42 55 37
42 57 8
42 58 36
42 59 6
43 0 26
43 1 16
43 3 55
43 4 7
43 5 3
43 7 59
43 8 11
43 9 29
43 10 56
43 11 0
43 12 20
43 13 19
43 14 13
43 15 1
43 16 43
43 17 50
43 19 38
43 20 54
43 21 25
43 22 41
43 23 2
43 24 14
43 25 37
43 26 10
43 27 22
43 28 24
43 30 4
43 31 57
43 32 21
43 33 49
43 34 28
43 35 53
43 37 34
43 39 36
43 41 47
43 44 18
43 45 45
43 46 31
43 47 35
43 48 58
43 49 48
43 51 44
43 52 46
43 53 32
43 54 27
43 56 8
43 57 17
43 58 42
44 4 39
44 5 57
44 7 15
44 8 0
44 9 1
44 11 29
44 13 4
44 14 10
44 15 34
44 16 48
44 17 28
44 18 51
44 19 5
44 21 22
44 22 3
44 23 27
44 24 6
44 25 7
44 26 13
44 27 58
44 28 20
44 29 37
44 30 53
44 32 17
44 33 26
44 35 32
44 36 54
44 40 52
44 41 11
44 42 55
44 43 36
44 44 41
44 45 30
44 46 14
44 48 21
44 50 8
44 51 9
44 52 33
44 54 46
44 57 16
44 58 56
45 0 14
45 1 25
45 2 11
45 4 37
45 6 9
45 7 17
45 8 21
45 12 27
45 15 8
45 16 19
45 17 34
45 18 46
45 19 59
45 20 43
45 21 7
45 22 39
45 24 0
45 25 22
45 26 20
45 28 1
45 29 35
45 31 38
45 32 44
45 33 51
45 34 48
45 35 2
45 36 45
45 37 23
45 38 40
45 39 6
45 41 26
45 43 33
45 44 54
45 46 57
45 47 16
45 48 52
45 49 58
45 50 13
45 51 56
45 52 4
45 54 47
45 55 28
45 56 31
45 57 32
45 58 5
45 59 12
46 3 9
46 4 33
46 7 16
46 8 32
46 10 22
46 12 11
46 13 2
46 14 1
46 15 55
46 16 18
46 18 58
46 19 51
46 20 45
46 21 29
46 22 5
46 24 24
46 25 49
46 26 34
46 27 25
46 28 31
46 30 12
46 34 30
46 35 17
46 36 50
46 37 8
46 38 0
46 40 53
46 41 21
46 42 37
46 43 59
46 45 6
46 46 38
46 47 28
46 49 19
46 50 44
46 51 46
46 52 15
46 56 10
46 57 39
46 58 7
46 59 47
47 1 29
47 2 13
47 4 35
47 5 53
47 6 7
47 7 8
47 8 50
47 9 16
47 11 38
47 13 23
47 14 44
47 15 58
47 16 49
47 20 1
47 21 42
47 22 19
47 23 0
47 24 57
47 26 21
47 28 22
47 29 52
47 30 11
47 32 45
47 33 17
47 35 18
47 36 14
47 38 36
47 39 47
47 40 27
47 41 41
47 45 34
47 46 55
47 47 3
47 49 33
47 50 28
47 52 37
47 53 51
47 54 30
47 56 6
47 57 24
47 58 48
48 1 40
48 2 12
48 3 42
48 5 24
48 6 19
48 7 0
48 8 26
48 10 30
48 11 21
48 12 48
48 13 36
48 17 51
48 18 49
48 21 59
48 22 18
48 26 8
48 28 33
48 29 50
48 33 13
48 37 38
48 38 55
48 39 31
48 40 39
48 42 52
48 45 23
48 47 5
48 49 46
48 51 2
48 52 6
48 53 16
48 54 34
48 55 58
48 56 57
48 57 37
48 58 15
48 59 28
49 0 40
49 3 3
49 4 49
49 5 19
49 6 12
49 7 30
49 8 42
49 9 50
49 12 55
49 14 8
49 15 2
49 17 48
49 18 27
49 19 58
49 20 56
49 21 17
49 24 36
49 25 53
49 28 21
49 29 28
49 30 7
49 31 22
49 32 38
49 35 29
49 36 6
49 38 4
49 40 18
49 43 5
49 44 25
49 46 10
49 47 32
49 49 45
49 50 51
49 53 47
49 54 41
49 55 26
49 56 11
50 0 6
50 1 42
50 4 30
50 6 46
50 7 33
50 8 55
50 9 36
50 11 41
50 12 5
50 13 25
50 17 22
50 18 31
50 19 2
50 20 37
50 21 15
50 23 53
50 25 28
50 26 16
50 27 44
50 28 47
50 30 10
50 32 20
50 33 50
50 34 29
50 36 3
50 37 17
50 38 27
50 39 21
50 40 49
50 42 38
50 44 26
50 45 9
50 46 56
50 47 40
50 48 19
50 49 8
50 53 13
50 55 57
50 56 58
50 57 34
50 59 48
51 2 42
51 4 15
51 7 47
51 9 53
51 10 40
51 11 23
51 13 24
51 16 29
51 18 43
51 19 6
51 20 55
51 21 28
51 22 50
51 23 32
51 25 3
51 26 56
51 27 33
51 28 0
51 29 36
51 30 34
51 31 2
51 32 31
51 33 19
51 34 8
51 35 41
51 36 10
51 39 25
51 40 12
51 42 11
51 45 22
51 47 7
51 48 54
51 49 27
51 51 5
51 53 18
51 54 35
51 57 14
51 58 17
51 59 51
52 0 59
52 1 7
52 2 14
52 3 53
52 4 45
52 6 36
52 8 58
52 10 57
52 11 4
52 12 41
52 13 37
52 14 46
52 15 9
52 17 10
52 18 47
52 19 23
52 20 44
52 22 21
52 23 24
52 24 48
52 26 3
52 27 29
52 28 19
52 29 40
52 31 52
52 32 22
52 33 27
52 35 54
52 37 39
52 38 56
52 40 15
52 41 16
52 42 0
52 43 50
52 44 32
52 45 13
52 46 51
52 47 38
52 48 8
52 49 11
52 50 34
52 52 18
52 54 20
52 55 17
52 56 42
52 57 5
52 59 26
53 0 48
53 2 1
53 3 41
53 4 53
53 6 4
53 9 43
53 10 14
53 11 16
53 12 17
53 15 52
53 16 36
53 19 31
53 20 33
53 21 35
53 22 2
53 23 37
53 25 6
53 26 42
53 28 34
53 29 10
53 30 40
53 34 45
53 39 56
53 40 50
53 41 59
53 43 38
53 44 27
53 45 57
53 46 46
53 47 21
53 48 30
53 49 32
53 51 0
53 52 24
53 54 15
53 56 54
53 57 55
53 59 58
54 1 54
54 2 55
54 4 40
54 5 16
54 6 21
54 7 26
54 8 48
54 9 59
54 10 10
54 12 23
54 13 34
54 14 19
54 15 36
54 16 30
54 18 37
54 19 33
54 20 29
54 22 15
54 25 31
54 26 4
54 27 39
54 28 28
54 30 58
54 31 42
54 32 27
54 33 52
54 34 20
54 35 1
54 37 35
54 38 57
54 40 17
54 41 22
54 42 41
54 43 25
54 45 43
54 46 13
54 47 8
54 48 45
54 49 38
54 52 7
54 53 12
54 56 53
54 57 51
54 58 3
54 59 11
55 0 35
55 3 57
55 5 5
55 6 44
55 7 19
55 9 10
55 12 40
55 13 9
55 15 45
55 18 14
55 19 15
55 20 32
55 21 16
55 22 11
55 24 51
55 26 6
55 28 59
55 30 17
55 31 37
55 33 2
55 34 24
55 35 8
55 36 42
55 37 26
55 38 13
55 39 49
55 40 0
55 41 7
55 42 23
55 44 22
55 45 38
55 46 30
55 47 29
55 48 3
55 50 47
55 51 21
55 53 25
55 54 55
55 55 20
55 56 48
55 57 4
55 58 33
55 59 34
56 0 13
56 1 10
56 2 6
56 3 48
56 6 27
56 10 19
56 11 28
56 13 53
56 14 58
56 15 21
56 16 4
56 18 34
56 19 8
56 20 9
56 22 20
56 23 52
56 24 35
56 25 59
56 26 5
56 28 32
56 29 30
56 30 2
56 31 17
56 32 50
56 33 56
56 34 14
56 35 42
56 36 23
56 37 55
56 38 15
56 41 57
56 42 33
56 43 24
56 44 0
56 45 12
56 46 54
56 49 36
56 50 37
56 53 43
56 54 29
56 55 1
56 59 16
57 0 20
57 2 30
57 3 2
57 4 38
57 5 7
57 6 43
57 7 12
57 9 48
57 10 18
57 11 5
57 12 19
57 13 32
57 15 29
57 16 6
57 18 36
57 20 17
57 21 53
57 22 34
57 24 13
57 25 44
57 27 55
57 29 46
57 30 27
57 31 23
57 32 1
57 34 26
57 35 3
57 37 50
57 38 41
57 39 40
57 40 24
57 42 47
57 43 16
57 44 9
57 45 11
57 46 52
57 47 54
57 48 22
57 49 10
57 51 59
57 53 49
57 55 31
57 56 0
57 57 45
57 59 57
58 0 12
58 1 30
58 2 3
58 4 1
58 5 25
58 6 58
58 8 40
58 9 26
58 10 21
58 11 52
58 12 49
58 13 50
58 14 27
58 17 29
58 20 20
58 21 57
58 22 17
58 23 33
58 24 54
58 25 41
58 26 24
58 27 6
58 28 38
58 29 56
58 30 59
58 31 9
58 32 55
58 35 37
58 36 28
58 38 44
58 40 34
58 46 15
58 47 10
58 49 5
58 50 19
58 51 53
58 53 4
58 55 8
58 56 16
58 59 0
59 0 17
59 1 32
59 2 10
59 3 15
59 5 2
59 8 6
59 10 34
59 11 8
59 12 37
59 13 35
59 14 28
59 15 13
59 17 59
59 18 16
59 19 47
59 20 19
59 21 55
59 23 56
59 24 40
59 26 7
59 27 43
59 28 18
59 30 50
59 31 58
59 33 38
59 34 44
59 37 29
59 38 22
59 39 54
59 40 46
59 42 20
59 43 31
59 44 3
59 45 21
59 46 11
59 47 26
59 48 51
59 49 1
59 50 36
59 51 33
59 52 52
59 55 42
59 56 41
59 59 30
