70
0 2 31
0 3 33
0 4 55
0 6 35
0 9 5
0 10 60
0 12 2
0 16 52
0 19 4
0 20 19
0 24 49
0 26 57
0 27 59
0 29 38
0 30 50
0 31 0
0 32 37
0 34 29
0 37 51
0 38 39
0 42 20
0 44 53
0 46 8
0 47 58
0 48 18
0 49 6
0 53 45
0 56 62
0 62 36
0 63 40
0 66 9
0 67 42
0 68 28
1 1 53
1 2 39
1 4 41
1 6 27
1 9 11
1 11 63
1 18 30
1 21 10
1 22 9
1 23 58
1 24 42
1 25 2
1 30 35
1 36 44
1 37 66
1 44 12
1 46 1
1 48 67
1 50 64
1 53 55
1 56 16
1 63 19
1 66 43
1 67 29
1 68 59
2 1 40
2 6 22
2 10 32
2 11 24
2 12 4
2 13 25
2 16 67
2 20 50
2 21 12
2 22 19
2 27 37
2 29 69
2 31 49
2 34 64
2 37 62
2 38 57
2 39 38
2 46 48
2 47 61
2 54 31
2 55 10
2 56 63
2 69 28
3 0 48
3 4 9
3 5 55
3 8 46
3 10 66
3 13 15
3 16 49
3 18 21
3 19 16
3 20 69
3 23 10
3 30 56
3 32 62
3 35 52
3 37 6
3 38 26
3 39 39
3 42 47
3 43 43
3 47 67
3 50 32
3 52 22
3 53 17
3 56 5
3 58 51
3 62 20
3 63 13
3 66 68
3 68 27
4 2 25
4 6 39
4 24 51
4 27 9
4 28 18
4 30 57
4 33 66
4 34 62
4 35 17
4 38 21
4 44 50
4 50 15
4 53 4
4 54 23
4 58 11
4 59 49
4 64 6
4 66 13
4 68 44
5 3 9
5 7 17
5 8 63
5 9 53
5 12 20
5 21 58
5 22 52
5 23 24
5 24 12
5 27 33
5 29 43
5 31 67
5 33 5
5 35 56
5 39 50
5 41 18
5 42 31
5 44 57
5 45 44
5 46 28
5 51 11
5 52 15
5 54 68
5 55 4
5 57 69
5 58 41
5 60 35
5 61 27
5 62 65
5 63 49
5 64 54
5 66 34
5 69 21
6 5 22
6 6 15
6 9 20
6 10 34
6 13 49
6 14 50
6 17 55
6 21 44
6 22 17
6 23 68
6 25 26
6 26 36
6 27 30
6 28 37
6 30 9
6 33 60
6 37 27
6 39 2
6 40 61
6 41 42
6 42 53
6 43 40
6 45 14
6 46 67
6 48 47
6 49 4
6 51 3
6 53 58
6 54 7
6 55 59
6 56 32
6 58 62
6 60 48
6 61 21
6 64 46
6 65 12
7 1 63
7 2 10
7 3 14
7 4 5
7 5 3
7 6 7
7 7 39
7 8 67
7 11 65
7 12 69
7 13 66
7 17 59
7 19 54
7 22 36
7 23 20
7 25 47
7 28 12
7 32 8
7 34 43
7 35 55
7 39 13
7 40 64
7 41 49
7 42 16
7 43 19
7 44 6
7 47 26
7 49 29
7 55 53
7 64 57
8 4 52
8 5 31
8 6 38
8 12 12
8 14 25
8 15 60
8 19 47
8 22 69
8 23 36
8 26 37
8 32 27
8 33 10
8 38 55
8 44 43
8 47 65
8 50 16
8 51 29
8 58 50
8 61 32
8 62 46
8 64 39
8 67 57
9 0 68
9 1 33
9 2 48
9 3 39
9 4 18
9 6 34
9 7 65
9 9 41
9 11 55
9 13 11
9 18 47
9 21 43
9 28 40
9 35 66
9 36 32
9 38 4
9 39 17
9 41 13
9 42 0
9 43 58
9 45 61
9 52 26
9 55 23
9 57 1
9 59 15
9 64 67
9 65 24
9 66 14
9 67 8
9 68 2
10 2 44
10 3 41
10 4 0
10 6 20
10 13 35
10 14 10
10 15 57
10 16 22
10 17 4
10 19 6
10 20 38
10 21 46
10 22 1
10 25 32
10 28 62
10 30 15
10 33 24
10 34 33
10 38 43
10 39 16
10 40 26
10 41 19
10 43 21
10 45 53
10 47 52
10 52 67
10 53 23
10 54 64
10 58 54
10 60 65
10 61 51
10 66 28
11 2 16
11 5 48
11 6 54
11 8 24
11 12 52
11 14 19
11 21 61
11 22 35
11 26 32
11 28 11
11 31 59
11 33 34
11 36 5
11 46 43
11 48 22
11 50 14
11 53 41
11 54 66
11 55 60
11 57 38
11 58 0
11 60 47
11 63 31
11 67 37
11 69 1
12 0 12
12 2 56
12 6 29
12 8 31
12 12 17
12 13 64
12 20 8
12 21 62
12 23 30
12 25 5
12 29 1
12 30 63
12 32 36
12 33 55
12 35 53
12 38 38
12 39 28
12 40 47
12 42 45
12 43 32
12 51 61
12 54 13
12 60 39
12 64 37
12 66 46
13 7 47
13 9 25
13 10 56
13 11 33
13 13 63
13 14 67
13 15 1
13 16 66
13 20 60
13 21 15
13 22 51
13 25 14
13 26 64
13 28 46
13 30 65
13 32 28
13 36 49
13 38 58
13 39 7
13 40 21
13 41 3
13 44 13
13 45 18
13 47 6
13 48 0
13 51 57
13 55 38
13 56 29
13 57 11
13 61 44
13 69 23
14 0 38
14 1 19
14 5 39
14 6 18
14 7 22
14 8 8
14 14 12
14 15 31
14 17 62
14 18 64
14 19 69
14 21 40
14 30 4
14 33 45
14 35 23
14 38 48
14 41 66
14 50 35
14 54 56
14 60 67
14 62 57
14 64 7
14 67 3
14 68 65
15 1 39
15 2 68
15 3 60
15 11 17
15 12 22
15 13 40
15 26 61
15 28 38
15 31 45
15 34 5
15 35 15
15 36 13
15 40 12
15 43 47
15 44 33
15 45 49
15 47 30
15 49 36
15 52 44
15 53 59
15 57 35
15 59 62
15 60 69
15 61 46
15 62 42
15 63 56
15 68 21
16 0 42
16 1 27
16 4 4
16 6 45
16 7 31
16 10 55
16 12 14
16 15 59
16 18 68
16 19 26
16 21 22
16 22 62
16 23 64
16 25 40
16 26 16
16 27 38
16 33 35
16 35 25
16 36 66
16 37 24
16 40 34
16 41 53
16 44 17
16 45 56
16 47 21
16 48 37
16 50 20
16 54 8
16 56 1
16 57 13
16 59 0
16 61 12
16 62 19
16 63 51
16 64 28
17 3 38
17 6 57
17 8 52
17 17 46
17 19 64
17 22 11
17 27 63
17 29 36
17 31 20
17 32 9
17 36 10
17 39 12
17 40 18
17 41 35
17 42 22
17 45 40
17 50 29
17 53 61
17 55 30
17 56 55
17 58 7
17 64 34
17 65 62
17 67 47
17 68 3
18 0 47
18 3 64
18 6 26
18 10 37
18 11 58
18 13 2
18 14 6
18 15 38
18 17 35
18 21 20
18 23 3
18 24 19
18 25 34
18 30 17
18 31 11
18 32 14
18 38 41
18 42 51
18 46 69
18 47 9
18 50 21
18 54 57
18 55 22
18 57 63
18 58 18
18 61 23
18 62 55
18 63 48
18 68 7
18 69 25
19 0 25
19 4 3
19 8 66
19 12 10
19 17 6
19 22 8
19 24 69
19 25 12
19 28 9
19 29 34
19 30 7
19 33 15
19 34 13
19 35 1
19 36 30
19 42 21
19 43 60
19 44 35
19 49 31
19 52 61
19 58 2
19 59 37
19 61 63
19 64 53
19 65 33
19 67 50
20 2 7
20 3 50
20 5 32
20 6 23
20 7 24
20 9 52
20 10 61
20 11 46
20 15 18
20 16 56
20 20 66
20 22 16
20 24 64
20 30 44
20 33 38
20 36 62
20 45 0
20 48 69
20 52 11
20 54 55
20 55 57
20 56 54
20 59 60
20 60 9
20 66 27
20 67 33
21 3 12
21 5 14
21 10 43
21 13 21
21 14 11
21 16 45
21 17 0
21 18 25
21 20 65
21 21 54
21 22 41
21 24 68
21 25 17
21 27 62
21 33 63
21 36 26
21 40 31
21 54 51
21 57 66
21 60 28
21 61 8
21 63 69
21 64 36
22 4 62
22 5 46
22 12 11
22 14 54
22 15 15
22 16 58
22 18 29
22 20 41
22 21 55
22 25 61
22 26 18
22 31 27
22 36 63
22 46 59
22 49 28
22 50 9
22 51 6
22 54 35
22 55 16
22 57 10
22 66 8
22 68 40
22 69 53
23 1 18
23 2 5
23 4 64
23 8 34
23 10 36
23 12 31
23 13 46
23 14 55
23 18 15
23 21 16
23 23 39
23 31 44
23 32 56
23 33 59
23 34 68
23 35 60
23 37 7
23 40 24
23 41 48
23 42 29
23 44 3
23 46 42
23 47 38
23 49 66
23 56 23
23 58 53
23 63 1
24 0 57
24 2 8
24 3 59
24 5 5
24 6 28
24 9 56
24 11 68
24 14 37
24 15 4
24 25 25
24 26 38
24 27 16
24 34 22
24 35 30
24 43 65
24 44 48
24 46 17
24 47 3
24 48 40
24 54 18
24 55 21
24 59 39
24 64 66
24 65 34
24 66 15
24 69 54
25 8 62
25 10 42
25 14 51
25 21 35
25 26 46
25 28 20
25 37 37
25 38 14
25 39 48
25 47 10
25 53 69
25 62 64
25 66 0
25 67 32
25 68 66
26 3 35
26 4 48
26 6 65
26 7 54
26 8 43
26 10 4
26 11 11
26 12 45
26 16 64
26 17 16
26 18 63
26 19 2
26 21 39
26 28 49
26 31 52
26 34 38
26 36 21
26 44 31
26 47 51
26 48 20
26 49 61
26 60 55
26 61 53
26 63 34
26 64 25
26 66 67
26 68 23
27 0 60
27 5 27
27 8 50
27 10 6
27 11 57
27 14 43
27 20 26
27 21 9
27 23 33
27 24 13
27 25 7
27 26 28
27 28 65
27 30 19
27 31 24
27 33 4
27 37 41
27 39 20
27 40 39
27 41 1
27 42 54
27 44 11
27 47 59
27 52 64
27 58 63
27 59 17
27 64 68
27 65 5
27 68 46
28 1 7
28 4 54
28 5 2
28 8 38
28 9 47
28 10 28
28 12 13
28 19 62
28 24 31
28 25 57
28 30 8
28 32 40
28 34 1
28 36 36
28 37 67
28 40 50
28 43 52
28 44 66
28 45 46
28 47 18
28 53 3
28 54 11
28 56 15
28 58 16
28 60 42
28 65 19
28 66 5
29 0 64
29 1 0
29 6 59
29 8 9
29 11 36
29 12 57
29 13 24
29 15 35
29 17 38
29 18 3
29 20 5
29 22 20
29 24 40
29 28 48
29 29 47
29 31 50
29 36 45
29 37 2
29 38 34
29 39 15
29 40 6
29 41 52
29 42 44
29 44 39
29 47 49
29 51 23
29 52 54
29 55 14
29 57 16
29 59 69
29 61 10
29 63 32
29 65 60
29 68 62
30 2 17
30 3 18
30 4 63
30 5 33
30 7 40
30 10 48
30 11 38
30 12 27
30 15 10
30 16 7
30 24 61
30 25 68
30 30 21
30 36 3
30 38 15
30 39 45
30 40 30
30 46 46
30 49 44
30 51 52
30 52 25
30 55 51
30 56 59
30 57 8
30 58 64
30 60 36
30 61 34
30 63 11
30 68 56
31 0 67
31 1 4
31 3 11
31 4 12
31 5 60
31 6 66
31 7 0
31 8 53
31 15 36
31 16 33
31 17 34
31 18 14
31 20 22
31 21 69
31 22 10
31 26 25
31 27 45
31 28 26
31 30 51
31 31 7
31 36 41
31 38 6
31 43 2
31 46 13
31 47 50
31 56 68
31 63 65
31 64 31
31 66 63
32 0 23
32 1 24
32 2 55
32 7 8
32 10 49
32 11 4
32 12 53
32 13 59
32 15 62
32 16 27
32 18 43
32 19 61
32 20 37
32 24 30
32 26 15
32 28 21
32 29 0
32 31 64
32 36 33
32 37 46
32 39 56
32 40 52
32 41 2
32 44 40
32 45 60
32 47 54
32 50 7
32 60 19
32 61 66
32 62 67
32 63 29
32 64 38
32 68 45
33 0 24
33 2 26
33 3 31
33 6 46
33 9 7
33 10 5
33 15 21
33 18 22
33 22 15
33 25 48
33 27 41
33 30 23
33 32 49
33 35 63
33 39 30
33 40 14
33 43 27
33 44 61
33 46 52
33 47 42
33 50 44
33 51 66
33 57 57
33 58 4
33 59 53
33 60 38
33 63 6
33 65 59
33 66 47
34 0 62
34 1 51
34 2 52
34 4 31
34 6 25
34 9 30
34 10 46
34 11 5
34 12 36
34 13 33
34 17 13
34 18 7
34 23 54
34 24 67
34 25 29
34 27 26
34 28 27
34 33 17
34 35 41
34 38 63
34 40 40
34 42 66
34 43 9
34 44 65
34 45 22
34 46 10
34 52 35
34 56 20
34 59 55
34 61 43
34 67 49
34 68 34
35 2 60
35 8 15
35 9 10
35 10 38
35 14 41
35 25 43
35 29 17
35 36 58
35 38 54
35 40 69
35 43 7
35 44 46
35 45 62
35 46 44
35 50 26
35 52 34
35 55 55
35 57 2
35 61 19
35 62 25
35 64 5
35 65 49
35 67 64
36 2 63
36 3 45
36 7 10
36 8 13
36 17 43
36 19 35
36 22 55
36 24 62
36 25 23
36 26 1
36 30 29
36 33 33
36 36 11
36 37 8
36 38 69
36 40 0
36 41 12
36 43 42
36 44 20
36 45 52
36 46 66
36 48 58
36 54 38
36 57 49
36 58 6
36 61 15
36 66 39
36 67 34
37 0 28
37 4 15
37 5 59
37 7 66
37 8 61
37 11 47
37 13 22
37 14 62
37 19 40
37 20 54
37 21 50
37 22 48
37 27 4
37 30 37
37 34 17
37 36 53
37 37 13
37 38 36
37 46 3
37 51 7
37 52 24
37 55 45
37 58 31
37 60 16
37 61 58
37 67 44
37 68 42
38 0 59
38 3 17
38 4 30
38 9 4
38 10 58
38 14 0
38 23 5
38 24 16
38 25 64
38 27 13
38 33 44
38 35 62
38 36 27
38 37 25
38 39 43
38 41 23
38 43 18
38 46 50
38 47 69
38 48 56
38 49 34
38 52 6
38 53 20
38 55 63
38 57 68
38 60 53
38 63 54
38 66 1
38 68 32
39 4 24
39 9 9
39 13 56
39 15 6
39 16 28
39 18 13
39 19 65
39 24 2
39 26 69
39 27 23
39 31 68
39 32 66
39 34 31
39 36 55
39 38 20
39 42 32
39 45 25
39 48 17
39 50 40
39 55 29
39 56 37
39 61 30
39 67 0
40 0 30
40 1 32
40 3 57
40 4 1
40 5 18
40 9 22
40 15 43
40 17 12
40 20 2
40 21 65
40 23 29
40 24 26
40 26 31
40 28 34
40 33 67
40 35 24
40 37 20
40 38 25
40 42 36
40 43 28
40 47 64
40 48 39
40 52 45
40 53 8
40 54 21
40 55 49
40 58 5
40 59 42
40 61 38
40 62 35
40 64 50
40 67 7
40 69 13
41 3 55
41 4 66
41 5 53
41 8 60
41 11 59
41 13 45
41 14 21
41 16 42
41 17 39
41 20 62
41 24 7
41 25 54
41 27 14
41 31 13
41 32 26
41 33 46
41 34 6
41 38 68
41 39 23
41 40 2
41 43 10
41 48 16
41 55 40
41 65 4
41 67 31
41 69 5
42 1 62
42 2 30
42 4 37
42 5 29
42 8 14
42 10 9
42 11 20
42 16 63
42 18 59
42 19 58
42 23 18
42 25 36
42 27 31
42 30 46
42 31 21
42 32 25
42 36 4
42 40 38
42 42 10
42 44 47
42 46 39
42 47 22
42 48 15
42 52 1
42 53 19
42 54 33
42 55 32
42 57 65
42 59 34
42 63 8
42 64 26
42 67 68
42 69 64
43 0 46
43 3 44
43 6 11
43 8 37
43 9 18
43 10 17
43 11 61
43 12 34
43 13 6
43 17 50
43 18 69
43 21 53
43 23 0
43 24 55
43 26 65
43 27 19
43 28 45
43 29 57
43 32 38
43 33 62
43 38 67
43 39 68
43 51 41
43 53 14
43 54 47
43 57 12
43 58 21
43 60 63
43 62 54
43 63 26
43 64 23
43 65 30
43 66 29
43 67 60
44 0 26
44 1 15
44 7 62
44 8 1
44 9 17
44 10 41
44 12 68
44 13 48
44 14 39
44 15 42
44 17 52
44 18 54
44 19 21
44 20 46
44 22 0
44 23 60
44 25 56
44 26 34
44 27 64
44 30 16
44 35 31
44 36 37
44 39 32
44 42 27
44 44 25
44 50 36
44 51 20
44 56 8
44 57 29
44 60 44
44 62 5
44 63 4
44 64 24
44 68 19
45 3 65
45 9 19
45 12 51
45 15 27
45 16 29
45 19 10
45 22 56
45 23 66
45 30 62
45 31 4
45 33 48
45 35 58
45 36 38
45 41 9
45 42 55
45 45 26
45 46 40
45 48 42
45 50 23
45 59 7
45 62 1
45 69 18
46 2 9
46 5 43
46 6 30
46 8 32
46 14 40
46 15 20
46 16 11
46 19 25
46 20 16
46 21 45
46 24 4
46 26 54
46 33 69
46 34 47
46 38 37
46 39 6
46 43 23
46 44 27
46 49 5
46 50 0
46 53 1
46 56 18
46 60 52
46 62 8
46 63 42
46 69 41
47 4 59
47 5 37
47 7 52
47 9 33
47 11 1
47 13 7
47 15 30
47 16 15
47 17 28
47 19 36
47 21 26
47 22 32
47 23 23
47 25 4
47 26 42
47 28 63
47 29 68
47 31 61
47 35 50
47 37 48
47 42 49
47 45 65
47 46 31
47 47 2
47 50 60
47 51 64
47 52 43
47 59 5
47 60 57
47 63 18
47 65 16
47 66 35
48 0 52
48 1 12
48 2 50
48 3 63
48 5 15
48 6 69
48 7 6
48 8 58
48 9 14
48 12 39
48 14 34
48 17 27
48 18 0
48 21 59
48 22 21
48 23 37
48 25 45
48 26 55
48 27 10
48 30 2
48 32 61
48 40 33
48 41 7
48 45 4
48 54 30
48 55 19
48 56 36
48 57 53
48 62 23
48 67 11
48 68 38
48 69 17
49 0 58
49 1 5
49 2 42
49 3 0
49 5 17
49 7 35
49 8 44
49 9 32
49 17 33
49 18 23
49 19 63
49 20 59
49 21 49
49 23 56
49 24 11
49 26 8
49 29 10
49 40 48
49 41 41
49 45 30
49 46 18
49 48 45
49 49 2
49 51 25
49 55 27
49 61 69
49 62 26
49 63 57
49 65 31
49 67 36
49 68 52
50 0 2
50 1 22
50 4 42
50 5 44
50 12 66
50 13 28
50 15 49
50 18 58
50 20 24
50 21 21
50 23 11
50 24 53
50 25 35
50 28 68
50 33 57
50 38 31
50 40 20
50 43 55
50 44 23
50 47 16
50 48 3
50 54 10
50 56 33
50 57 14
50 58 27
50 64 63
50 65 48
50 68 51
51 0 51
51 2 14
51 4 23
51 7 59
51 8 11
51 10 54
51 11 60
51 12 30
51 13 34
51 18 37
51 19 45
51 20 12
51 21 56
51 28 29
51 29 44
51 32 48
51 41 43
51 42 58
51 45 42
51 51 68
51 53 22
51 59 52
51 61 61
51 66 7
51 67 4
51 68 18
51 69 65
52 1 43
52 5 4
52 7 25
52 8 39
52 10 0
52 11 62
52 14 3
52 19 12
52 22 59
52 24 48
52 25 38
52 26 5
52 27 18
52 29 11
52 32 52
52 33 49
52 35 8
52 36 65
52 37 42
52 38 46
52 40 22
52 41 37
52 42 63
52 45 54
52 49 33
52 50 27
52 53 66
52 56 41
52 57 28
52 62 44
52 65 15
52 66 40
52 67 2
53 5 67
53 9 24
53 14 66
53 15 23
53 19 0
53 24 46
53 27 7
53 31 58
53 33 14
53 37 57
53 38 29
53 41 69
53 42 18
53 45 8
53 52 31
53 53 2
53 57 42
53 60 43
53 61 50
53 62 22
53 67 16
53 69 34
54 2 43
54 4 39
54 7 58
54 10 52
54 16 18
54 19 53
54 24 21
54 27 56
54 29 24
54 30 12
54 31 26
54 41 36
54 44 64
54 45 7
54 47 55
54 49 0
54 51 8
54 54 45
54 55 62
54 58 68
54 59 6
54 61 48
54 65 1
54 68 15
55 0 69
55 2 65
55 5 64
55 6 31
55 7 5
55 8 10
55 10 21
55 12 56
55 19 38
55 20 28
55 21 47
55 25 16
55 26 24
55 28 39
55 29 41
55 31 9
55 33 27
55 36 43
55 37 17
55 38 2
55 42 8
55 50 63
55 51 46
55 53 7
55 56 4
55 59 54
55 61 35
55 65 45
55 66 57
55 69 32
56 1 57
56 2 20
56 4 60
56 6 21
56 8 22
56 13 52
56 14 48
56 16 50
56 17 66
56 21 42
56 22 18
56 24 41
56 27 2
56 28 32
56 29 55
56 30 27
56 31 46
56 34 11
56 36 23
56 39 65
56 46 34
56 49 38
56 51 63
56 52 10
56 55 0
56 56 43
56 57 3
56 59 47
56 63 35
56 64 14
56 67 17
56 68 33
56 69 56
57 1 56
57 3 61
57 4 40
57 5 62
57 6 63
57 7 38
57 8 65
57 9 15
57 10 8
57 13 39
57 15 51
57 18 36
57 19 17
57 20 9
57 27 35
57 28 24
57 29 58
57 31 48
57 33 16
57 39 54
57 40 4
57 41 6
57 44 21
57 47 0
57 48 23
57 51 37
57 53 67
57 54 60
57 57 33
57 60 14
57 68 13
58 0 5
58 1 50
58 4 29
58 5 19
58 6 53
58 8 0
58 10 40
58 12 49
58 17 69
58 18 65
58 22 23
58 24 32
58 26 63
58 27 15
58 30 66
58 31 36
58 35 33
58 36 60
58 40 37
58 44 62
58 46 55
58 49 17
58 50 24
58 51 26
58 52 21
58 54 2
58 55 41
58 58 35
58 66 3
59 1 34
59 13 5
59 14 31
59 15 63
59 17 22
59 19 59
59 20 23
59 21 27
59 23 45
59 25 13
59 28 41
59 30 36
59 31 66
59 34 67
59 35 38
59 40 46
59 41 50
59 42 26
59 44 29
59 47 14
59 48 35
59 51 1
59 53 33
59 58 40
59 59 10
59 62 7
59 64 62
59 68 6
60 0 55
60 1 36
60 5 69
60 6 42
60 9 40
60 11 15
60 13 51
60 15 53
60 18 50
60 20 25
60 21 29
60 24 3
60 26 49
60 27 20
60 28 61
60 32 11
60 34 24
60 35 44
60 36 6
60 42 7
60 43 38
60 44 0
60 46 4
60 48 66
60 51 10
60 54 46
60 56 14
60 58 37
60 60 1
60 69 35
61 0 1
61 7 69
61 11 18
61 15 28
61 16 14
61 18 4
61 22 38
61 23 13
61 24 0
61 25 33
61 29 15
61 33 36
61 34 48
61 35 32
61 37 60
61 39 31
61 40 67
61 44 45
61 46 57
61 52 46
61 53 42
61 55 64
61 59 30
61 61 37
61 62 62
61 64 61
62 4 33
62 6 14
62 7 53
62 9 60
62 16 21
62 20 10
62 21 25
62 22 31
62 23 27
62 24 43
62 25 41
62 27 44
62 28 1
62 30 38
62 32 68
62 33 64
62 37 15
62 39 55
62 40 8
62 45 11
62 46 19
62 49 12
62 50 69
62 52 5
62 53 6
62 58 39
62 59 58
62 65 50
62 66 51
62 67 59
63 0 21
63 2 62
63 3 58
63 4 11
63 5 47
63 8 12
63 9 8
63 11 29
63 12 48
63 18 57
63 19 9
63 28 55
63 37 18
63 38 24
63 39 25
63 42 43
63 50 65
63 53 28
63 55 68
63 60 7
63 61 39
63 62 45
63 63 52
63 65 37
63 68 69
63 69 15
64 1 23
64 2 11
64 4 27
64 5 52
64 7 33
64 8 59
64 11 32
64 14 36
64 15 14
64 16 5
64 23 65
64 28 53
64 30 47
64 31 54
64 33 20
64 35 40
64 37 21
64 38 10
64 41 39
64 48 43
64 49 45
64 50 58
64 51 13
64 52 63
64 57 30
64 60 56
64 65 17
64 67 55
64 68 16
65 0 6
65 2 28
65 3 53
65 7 20
65 9 12
65 11 40
65 12 35
65 16 62
65 18 24
65 19 56
65 20 15
65 22 14
65 26 7
65 29 9
65 32 2
65 38 42
65 40 1
65 41 65
65 43 13
65 52 39
65 53 0
65 54 69
65 55 54
65 58 32
65 59 51
65 62 29
65 63 27
65 64 21
65 66 25
65 68 5
65 69 31
66 2 33
66 3 24
66 10 19
66 12 67
66 16 65
66 18 12
66 24 25
66 27 46
66 28 43
66 31 38
66 32 0
66 35 59
66 37 32
66 42 34
66 48 11
66 53 18
66 59 2
66 62 13
66 63 41
66 65 9
66 66 42
66 69 20
67 1 46
67 2 6
67 7 28
67 14 60
67 16 36
67 21 48
67 25 30
67 26 17
67 30 69
67 31 53
67 33 21
67 34 20
67 39 58
67 40 45
67 41 10
67 42 65
67 44 51
67 46 68
67 50 56
67 51 18
67 54 39
67 55 9
67 57 19
67 58 38
67 61 49
67 62 63
67 64 42
67 67 66
68 0 49
68 7 36
68 8 68
68 10 67
68 11 30
68 15 33
68 26 47
68 27 39
68 29 14
68 30 0
68 37 9
68 40 55
68 41 60
68 51 32
68 55 46
68 57 21
68 62 10
68 64 16
68 65 63
68 69 6
69 0 27
69 2 57
69 3 48
69 4 69
69 5 13
69 6 37
69 10 62
69 11 19
69 12 40
69 14 8
69 15 46
69 16 23
69 20 53
69 26 59
69 27 34
69 29 26
69 31 65
69 33 0
69 35 18
69 37 43
69 39 10
69 40 56
69 43 14
69 45 31
69 50 67
69 52 33
69 53 63
69 57 60
69 65 25
69 66 22
69 67 35
