70
0 0 61
0 1 10
0 2 51
0 3 60
0 4 58
0 5 30
0 6 6
0 7 9
0 9 69
0 10 43
0 12 32
0 13 19
0 14 40
0 15 25
0 16 65
0 17 42
0 18 67
0 21 55
0 22 41
0 23 1
0 26 46
0 28 64
0 29 34
0 31 54
0 32 59
0 34 17
0 36 37
0 37 8
0 39 12
0 43 22
0 44 31
0 46 5
0 47 38
0 49 50
0 51 68
0 52 63
0 53 56
0 56 4
0 57 53
0 58 15
0 59 28
0 60 57
0 62 66
0 63 14
0 65 35
0 66 44
0 67 39
0 68 62
0 69 47
1 0 67
1 4 61
1 6 17
1 7 50
1 9 55
1 10 59
1 11 30
1 13 16
1 14 7
1 15 19
1 16 31
1 18 41
1 19 34
1 21 13
1 22 52
1 24 64
1 25 37
1 26 58
1 27 12
1 29 56
1 35 15
1 37 45
1 38 66
1 39 62
1 40 0
1 41 2
1 43 24
1 44 4
1 45 8
1 46 68
1 48 3
1 49 11
1 50 28
1 51 20
1 54 26
1 55 35
1 58 57
1 59 6
1 61 25
1 63 36
1 64 33
1 66 65
1 67 53
1 68 29
1 69 9
2 1 44
2 2 55
2 3 20
2 4 47
2 5 4
2 6 36
2 8 66
2 9 16
2 12 18
2 13 22
2 14 9
2 15 17
2 16 41
2 18 51
2 20 65
2 22 33
2 24 31
2 26 64
2 27 6
2 28 13
2 31 5
2 32 32
2 34 39
2 37 27
2 38 68
2 39 49
2 41 26
2 42 14
2 43 40
2 46 45
2 47 57
2 48 42
2 49 23
2 50 7
2 52 15
2 53 34
2 54 10
2 55 12
2 56 46
2 58 56
2 59 29
2 63 24
2 64 67
2 66 28
2 67 35
3 3 56
3 5 24
3 6 39
3 11 34
3 12 2
3 14 6
3 17 7
3 18 55
3 19 58
3 20 25
3 21 12
3 27 5
3 28 52
3 29 68
3 31 65
3 33 49
3 34 11
3 35 69
3 36 48
3 37 15
3 38 63
3 40 20
3 41 0
3 42 3
3 43 51
3 45 43
3 46 57
3 47 44
3 48 67
3 49 31
3 53 29
3 55 9
3 56 36
3 58 54
3 60 60
3 61 27
3 63 28
3 64 16
3 65 62
3 67 30
4 1 1
4 2 4
4 3 58
4 4 6
4 5 45
4 6 41
4 8 63
4 9 54
4 11 64
4 13 47
4 14 68
4 20 53
4 22 57
4 23 23
4 25 3
4 26 52
4 27 16
4 28 12
4 29 37
4 32 20
4 36 2
4 39 44
4 41 17
4 44 10
4 45 59
4 47 9
4 48 66
4 49 39
4 50 8
4 52 29
4 53 27
4 55 18
4 58 40
4 59 24
4 61 21
4 63 13
4 65 46
4 67 42
4 68 25
4 69 31
5 0 60
5 5 57
5 6 51
5 7 16
5 8 34
5 10 67
5 15 21
5 16 6
5 17 43
5 19 52
5 20 24
5 21 20
5 22 45
5 23 42
5 24 26
5 25 69
5 26 30
5 27 65
5 28 58
5 29 66
5 30 56
5 32 44
5 33 64
5 34 19
5 37 0
5 39 5
5 41 32
5 42 1
5 43 2
5 44 40
5 47 37
5 48 33
5 49 59
5 50 12
5 51 39
5 52 53
5 54 68
5 55 7
5 56 63
5 57 29
5 58 4
5 59 36
5 61 49
5 63 54
5 65 22
5 66 50
5 68 35
5 69 13
6 0 45
6 1 68
6 2 49
6 3 57
6 4 35
6 5 18
6 7 30
6 9 66
6 12 17
6 15 69
6 16 61
6 19 33
6 20 15
6 21 39
6 22 11
6 23 26
6 25 51
6 27 27
6 28 65
6 29 24
6 31 6
6 32 43
6 33 52
6 36 23
6 37 4
6 39 53
6 40 9
6 43 19
6 45 31
6 46 38
6 50 67
6 51 55
6 53 62
6 54 22
6 55 63
6 57 54
6 58 60
6 60 5
6 61 10
6 62 13
6 63 44
6 64 20
6 67 46
6 68 64
6 69 16
7 0 20
7 2 68
7 4 5
7 5 52
7 6 8
7 7 38
7 9 50
7 12 9
7 13 54
7 14 62
7 16 67
7 17 12
7 20 44
7 21 60
7 22 0
7 23 53
7 26 6
7 27 69
7 31 32
7 32 41
7 35 56
7 36 29
7 37 11
7 38 58
7 39 13
7 40 7
7 42 47
7 43 10
7 45 57
7 47 65
7 48 22
7 50 26
7 51 33
7 55 39
7 56 37
7 57 27
7 58 28
7 59 64
7 60 17
7 61 1
7 62 34
7 63 19
7 64 15
7 66 35
7 67 45
7 68 46
8 0 42
8 2 2
8 3 49
8 5 46
8 10 1
8 11 11
8 12 13
8 14 27
8 15 23
8 16 8
8 17 55
8 18 44
8 20 50
8 21 34
8 23 48
8 25 47
8 27 37
8 29 22
8 30 39
8 33 19
8 35 60
8 36 61
8 37 29
8 38 40
8 39 56
8 40 32
8 42 0
8 44 15
8 46 4
8 48 31
8 51 6
8 52 54
8 53 52
8 54 9
8 55 16
8 58 65
8 59 57
8 60 25
8 61 63
8 62 43
8 63 38
8 64 10
8 65 12
8 66 45
8 68 24
8 69 68
9 0 8
9 2 58
9 3 9
9 4 11
9 8 21
9 9 17
9 11 20
9 12 34
9 13 62
9 16 18
9 17 4
9 18 48
9 19 39
9 20 14
9 21 59
9 22 55
9 25 63
9 26 44
9 27 31
9 28 50
9 29 7
9 30 65
9 32 49
9 33 56
9 34 35
9 36 28
9 37 52
9 38 61
9 39 0
9 42 54
9 43 57
9 47 51
9 49 67
9 52 16
9 53 41
9 54 38
9 56 19
9 57 23
9 59 46
9 60 32
9 63 27
9 64 30
9 65 43
9 67 24
9 68 3
10 0 62
10 1 28
10 2 43
10 4 52
10 5 65
10 6 63
10 7 39
10 8 31
10 10 51
10 12 7
10 13 14
10 15 18
10 16 56
10 22 19
10 23 32
10 25 4
10 27 13
10 28 69
10 29 67
10 30 21
10 31 44
10 32 55
10 34 10
10 36 17
10 41 11
10 42 48
10 44 60
10 47 58
10 49 5
10 51 29
10 57 45
10 60 8
10 61 34
10 63 64
10 65 23
10 66 47
10 67 16
11 2 53
11 4 54
11 9 29
11 11 58
11 12 59
11 13 66
11 15 42
11 16 25
11 17 33
11 18 64
11 19 60
11 20 26
11 21 18
11 22 15
11 26 68
11 27 39
11 30 36
11 33 48
11 35 4
11 36 24
11 38 57
11 39 32
11 41 56
11 43 61
11 48 45
11 49 52
11 50 22
11 52 3
11 55 41
11 56 7
11 58 51
11 59 31
11 60 49
11 62 1
11 64 69
11 65 20
11 67 65
11 68 0
11 69 62
12 1 4
12 2 9
12 3 54
12 4 37
12 5 31
12 6 7
12 11 56
12 13 15
12 15 28
12 19 62
12 20 29
12 21 23
12 22 42
12 23 19
12 27 53
12 30 25
12 32 2
12 34 5
12 36 34
12 37 32
12 38 17
12 41 46
12 43 48
12 44 61
12 45 38
12 47 21
12 48 60
12 49 14
12 52 45
12 56 24
12 60 20
12 61 0
12 65 39
12 67 57
12 68 18
13 0 64
13 1 8
13 2 16
13 3 59
13 4 62
13 5 37
13 6 12
13 7 7
13 8 3
13 9 46
13 11 48
13 12 57
13 13 49
13 14 33
13 15 29
13 17 41
13 18 31
13 19 14
13 21 61
13 22 53
13 23 51
13 24 0
13 26 27
13 30 9
13 31 50
13 32 26
13 33 30
13 34 22
13 35 44
13 38 28
13 39 58
13 40 2
13 41 24
13 43 42
13 45 45
13 48 4
13 50 55
13 51 47
13 53 40
13 55 68
13 57 39
13 58 36
13 60 65
13 61 6
13 63 5
13 64 23
13 68 60
14 0 40
14 3 0
14 4 29
14 6 58
14 7 20
14 9 11
14 10 14
14 14 8
14 15 38
14 19 21
14 21 24
14 22 22
14 23 64
14 25 25
14 26 17
14 27 34
14 28 62
14 29 49
14 31 56
14 35 9
14 37 68
14 40 23
14 42 51
14 47 33
14 48 6
14 49 10
14 51 2
14 52 36
14 53 35
14 54 31
14 55 28
14 56 30
14 58 37
14 61 48
14 62 53
14 64 55
14 65 69
14 66 42
14 68 50
15 1 26
15 4 16
15 5 25
15 6 44
15 7 13
15 9 59
15 10 8
15 14 53
15 15 12
15 18 35
15 20 51
15 21 10
15 22 36
15 23 2
15 24 32
15 25 22
15 27 57
15 29 3
15 30 54
15 31 37
15 37 20
15 38 5
15 39 15
15 41 27
15 44 23
15 45 34
15 46 47
15 47 43
15 48 7
15 50 19
15 52 30
15 54 4
15 55 61
15 57 28
15 60 33
15 61 24
15 62 42
15 64 6
15 65 41
15 66 58
15 69 45
16 1 38
16 2 24
16 5 51
16 7 17
16 8 6
16 9 47
16 10 34
16 13 9
16 14 43
16 15 35
16 17 68
16 18 53
16 20 20
16 21 7
16 23 5
16 24 67
16 26 28
16 27 14
16 28 26
16 30 50
16 31 36
16 32 58
16 34 55
16 39 16
16 41 23
16 42 37
16 43 65
16 44 64
16 45 15
16 47 56
16 48 10
16 52 46
16 53 30
16 54 62
16 55 48
16 58 41
16 59 39
16 60 27
16 63 18
16 66 13
16 67 61
16 69 19
17 2 46
17 3 42
17 4 4
17 5 49
17 8 20
17 10 28
17 11 62
17 12 26
17 13 65
17 14 36
17 15 54
17 16 3
17 17 59
17 19 48
17 21 27
17 22 37
17 23 69
17 25 35
17 26 19
17 28 68
17 30 41
17 31 24
17 33 0
17 35 2
17 36 38
17 39 39
17 40 17
17 42 60
17 43 23
17 45 9
17 46 32
17 50 29
17 51 64
17 55 43
17 56 25
17 58 45
17 61 16
17 62 58
17 63 55
17 65 33
17 66 7
18 5 48
18 8 68
18 10 29
18 11 54
18 12 62
18 14 31
18 20 66
18 21 40
18 22 65
18 24 41
18 25 12
18 27 23
18 28 53
18 29 39
18 30 55
18 31 2
18 32 35
18 34 43
18 35 59
18 37 51
18 39 10
18 43 37
18 45 46
18 46 69
18 48 14
18 49 58
18 50 60
18 54 3
18 59 4
18 63 49
18 65 50
18 66 24
18 68 45
18 69 17
19 2 8
19 3 35
19 4 1
19 5 63
19 6 49
19 8 69
19 9 51
19 11 67
19 12 60
19 13 43
19 14 57
19 15 62
19 16 17
19 17 48
19 20 58
19 22 26
19 25 39
19 26 47
19 27 50
19 28 59
19 29 36
19 31 64
19 34 0
19 35 41
19 36 68
19 37 61
19 38 11
19 39 6
19 40 55
19 42 33
19 43 56
19 45 14
19 46 2
19 47 46
19 48 54
19 49 30
19 50 45
19 51 22
19 54 34
19 55 38
19 56 52
19 59 20
19 60 7
19 61 65
19 62 10
19 64 4
19 65 9
19 67 3
19 68 19
19 69 5
20 0 63
20 2 37
20 4 0
20 7 69
20 9 22
20 11 28
20 12 36
20 15 56
20 16 42
20 17 30
20 18 32
20 19 27
20 20 48
20 21 3
20 22 17
20 25 29
20 27 35
20 28 8
20 29 14
20 30 26
20 33 16
20 35 19
20 36 18
20 37 54
20 42 45
20 43 43
20 44 58
20 48 47
20 49 65
20 51 5
20 52 39
20 56 10
20 57 6
20 59 53
20 60 4
20 62 25
20 63 12
20 64 52
20 65 66
20 67 23
20 68 67
21 0 30
21 1 29
21 2 11
21 3 37
21 5 0
21 6 16
21 8 59
21 9 67
21 10 26
21 11 41
21 12 54
21 15 9
21 16 2
21 17 17
21 20 49
21 21 44
21 22 10
21 26 53
21 27 1
21 28 5
21 29 43
21 31 52
21 36 62
21 37 55
21 38 7
21 39 8
21 40 6
21 42 22
21 44 50
21 45 48
21 46 23
21 49 27
21 53 61
21 54 60
21 57 31
21 58 21
21 59 19
21 61 66
21 62 4
21 63 51
21 64 42
21 65 15
21 66 32
21 68 69
22 1 46
22 2 13
22 3 3
22 8 8
22 10 48
22 12 56
22 13 29
22 14 21
22 17 69
22 18 20
22 20 4
22 21 52
22 24 65
22 25 14
22 27 60
22 28 23
22 30 32
22 31 59
22 32 38
22 33 42
22 35 67
22 36 9
22 37 63
22 39 54
22 40 1
22 41 66
22 42 5
22 43 12
22 45 18
22 46 50
22 50 2
22 53 39
22 54 30
22 55 15
22 56 47
22 57 43
22 58 22
22 59 10
22 61 31
22 62 61
22 64 40
22 66 16
23 3 47
23 5 16
23 6 15
23 8 33
23 11 22
23 12 6
23 13 7
23 14 50
23 15 59
23 16 49
23 23 61
23 25 65
23 28 24
23 29 18
23 30 66
23 33 41
23 36 56
23 40 43
23 41 25
23 42 23
23 43 1
23 45 52
23 46 58
23 49 8
23 51 11
23 52 21
23 54 14
23 55 19
23 56 27
23 57 55
23 58 2
23 60 45
23 61 57
23 65 36
23 68 28
23 69 38
24 3 65
24 4 31
24 5 11
24 7 48
24 8 58
24 10 23
24 11 7
24 12 25
24 13 4
24 14 15
24 15 14
24 16 43
24 17 24
24 19 45
24 20 19
24 21 28
24 22 9
24 26 61
24 27 54
24 28 49
24 29 64
24 30 38
24 31 47
24 34 1
24 35 52
24 38 60
24 40 62
24 41 50
24 42 42
24 43 35
24 44 46
24 45 22
24 50 66
24 54 8
24 55 55
24 56 40
24 58 29
24 59 51
24 63 26
24 64 53
24 65 57
25 2 7
25 3 13
25 4 33
25 5 2
25 7 47
25 8 62
25 10 9
25 11 32
25 14 35
25 16 19
25 17 37
25 19 23
25 23 12
25 24 17
25 25 54
25 27 3
25 28 45
25 29 11
25 32 64
25 34 24
25 35 42
25 36 22
25 38 18
25 39 51
25 40 34
25 42 26
25 43 58
25 44 21
25 45 53
25 46 61
25 49 40
25 52 27
25 53 67
25 54 28
25 55 10
25 56 0
25 57 44
25 59 68
25 61 29
25 65 16
25 67 55
25 68 52
25 69 48
26 0 53
26 2 59
26 3 28
26 4 21
26 5 38
26 6 18
26 7 10
26 12 69
26 14 64
26 18 25
26 19 36
26 21 43
26 24 40
26 25 26
26 27 41
26 29 12
26 30 62
26 31 46
26 32 37
26 35 32
26 36 8
26 39 52
26 42 20
26 43 4
26 45 0
26 46 39
26 48 1
26 49 15
26 50 61
26 51 3
26 54 19
26 56 60
26 57 56
26 59 45
26 61 22
26 62 48
26 63 35
26 64 57
26 66 31
26 67 6
26 68 47
27 0 55
27 3 25
27 4 46
27 5 47
27 7 4
27 10 3
27 11 1
27 13 68
27 15 45
27 16 63
27 17 9
27 18 23
27 19 20
27 21 31
27 24 12
27 25 62
27 26 7
27 28 19
27 29 42
27 31 27
27 33 43
27 34 59
27 35 48
27 36 21
27 37 26
27 39 18
27 40 58
27 43 6
27 45 56
27 46 14
27 48 64
27 49 16
27 50 53
27 54 57
27 58 11
27 60 52
27 61 69
27 62 30
27 64 24
27 65 17
27 66 54
27 69 51
28 0 17
28 2 50
28 4 2
28 6 23
28 9 32
28 12 8
28 13 42
28 14 65
28 15 15
28 16 10
28 17 58
28 18 69
28 19 64
28 20 54
28 22 62
28 23 13
28 24 16
28 25 6
28 28 46
28 29 48
28 30 34
28 33 36
28 34 37
28 38 25
28 40 19
28 49 44
28 51 31
28 52 9
28 53 26
28 57 51
28 59 63
28 60 22
28 62 60
28 63 59
28 65 45
28 66 29
28 67 21
28 69 41
29 0 65
29 2 30
29 3 8
29 4 23
29 6 62
29 11 9
29 12 58
29 13 11
29 14 1
29 18 4
29 19 46
29 20 64
29 21 69
29 23 50
29 25 19
29 26 22
29 27 49
29 31 48
29 32 67
29 33 10
29 34 56
29 35 16
29 36 42
29 38 35
29 39 43
29 40 57
29 41 5
29 43 0
29 46 33
29 47 12
29 49 18
29 50 44
29 52 60
29 54 54
29 55 40
29 57 13
29 58 34
29 59 21
29 60 26
29 62 68
29 64 25
29 66 20
29 67 41
30 0 56
30 1 43
30 3 11
30 4 65
30 5 26
30 6 27
30 8 10
30 9 61
30 11 51
30 14 32
30 15 46
30 16 21
30 18 1
30 19 24
30 22 35
30 23 49
30 26 9
30 27 48
30 28 31
30 29 2
30 31 18
30 32 12
30 34 44
30 37 28
30 38 23
30 39 60
30 40 25
30 41 41
30 42 16
30 43 13
30 45 67
30 46 59
30 47 50
30 48 19
30 50 14
30 52 7
30 53 58
30 54 5
30 55 42
30 56 8
30 59 0
30 60 3
30 61 62
30 62 54
30 63 63
30 65 47
30 66 33
30 68 57
30 69 64
31 2 56
31 3 48
31 4 28
31 5 43
31 6 3
31 7 1
31 9 23
31 10 6
31 12 22
31 13 20
31 14 38
31 15 51
31 17 45
31 21 50
31 22 59
31 26 0
31 28 67
31 31 49
31 36 16
31 38 4
31 41 63
31 42 41
31 47 64
31 48 24
31 49 13
31 50 15
31 54 11
31 58 7
31 59 54
31 60 34
31 61 37
31 65 53
31 66 39
31 67 18
31 68 8
31 69 33
32 1 24
32 2 33
32 3 67
32 4 43
32 6 61
32 8 22
32 12 12
32 14 56
32 15 10
32 16 35
32 17 29
32 18 7
32 19 51
32 22 14
32 24 37
32 29 30
32 31 40
32 32 5
32 34 16
32 35 45
32 38 48
32 39 55
32 41 69
32 45 44
32 46 11
32 47 53
32 50 54
32 52 47
32 53 21
32 54 66
32 56 17
32 57 1
32 58 19
32 61 58
32 63 34
32 64 32
32 67 15
32 68 31
33 2 26
33 3 31
33 6 24
33 7 32
33 8 43
33 12 23
33 16 64
33 18 12
33 20 46
33 21 22
33 23 56
33 24 45
33 25 44
33 26 37
33 28 48
33 29 6
33 32 15
33 33 40
33 34 47
33 35 36
33 36 54
33 37 1
33 43 28
33 47 30
33 49 4
33 51 69
33 52 20
33 53 33
33 54 42
33 55 25
33 56 16
33 57 7
33 59 50
33 61 2
33 62 29
33 64 9
33 65 11
33 66 57
33 67 63
33 69 27
34 0 66
34 2 63
34 3 52
34 4 39
34 5 14
34 6 56
34 7 25
34 8 27
34 9 33
34 10 15
34 11 42
34 16 45
34 17 5
34 20 17
34 21 19
34 23 36
34 24 28
34 25 68
34 26 54
34 27 67
34 28 38
34 29 21
34 31 20
34 32 16
34 33 29
34 34 4
34 35 37
34 36 10
34 39 69
34 40 64
34 43 11
34 44 7
34 47 48
34 50 0
34 51 44
34 53 12
34 54 65
34 55 34
34 56 57
34 57 9
34 61 51
34 62 47
34 63 43
34 64 50
34 68 30
35 1 27
35 2 17
35 3 62
35 5 21
35 6 4
35 10 0
35 11 37
35 12 44
35 15 47
35 16 68
35 22 58
35 23 52
35 24 39
35 26 45
35 27 66
35 28 25
35 29 35
35 30 5
35 32 46
35 34 6
35 35 43
35 36 13
35 37 42
35 39 11
35 40 18
35 41 28
35 42 50
35 45 41
35 46 54
35 47 3
35 49 19
35 50 33
35 51 23
35 53 15
35 54 12
35 55 69
35 56 14
35 57 61
35 58 24
35 59 59
35 61 30
35 62 57
35 63 32
35 64 26
35 66 22
35 68 51
36 1 32
36 2 5
36 4 57
36 6 21
36 7 61
36 8 39
36 9 8
36 12 67
36 16 50
36 17 22
36 20 2
36 21 58
36 22 38
36 23 40
36 25 13
36 27 19
36 28 63
36 29 51
36 30 68
36 31 66
36 33 35
36 34 41
36 41 10
36 43 29
36 44 25
36 45 64
36 47 24
36 48 53
36 50 62
36 53 14
36 55 4
36 57 60
36 58 43
36 61 44
36 62 55
36 63 20
36 64 46
36 66 27
36 69 6
37 1 63
37 3 69
37 6 59
37 7 3
37 9 26
37 11 13
37 13 6
37 15 40
37 16 24
37 18 29
37 19 41
37 22 1
37 23 31
37 24 34
37 28 56
37 29 17
37 30 28
37 31 12
37 32 50
37 33 61
37 34 67
37 35 39
37 36 14
37 38 43
37 42 30
37 43 49
37 44 51
37 45 16
37 47 35
37 51 60
37 55 33
37 56 45
37 58 27
37 59 47
37 60 58
37 61 9
37 64 44
37 65 38
37 66 62
37 67 8
37 68 32
37 69 10
38 2 32
38 4 8
38 5 7
38 6 53
38 7 21
38 8 11
38 12 10
38 13 45
38 19 31
38 20 5
38 21 26
38 22 66
38 24 9
38 25 38
38 27 4
38 28 42
38 32 1
38 33 20
38 36 49
38 38 34
38 42 13
38 44 0
38 45 29
38 48 12
38 49 48
38 50 46
38 51 50
38 55 22
38 56 61
38 57 24
38 58 30
38 60 15
38 61 35
38 64 27
38 65 14
38 67 19
38 68 43
39 0 23
39 1 33
39 3 19
39 4 26
39 5 12
39 13 37
39 14 46
39 15 67
39 16 15
39 17 34
39 18 24
39 20 7
39 22 29
39 23 4
39 24 35
39 25 17
39 26 59
39 27 0
39 29 47
39 30 1
39 31 22
39 32 68
39 34 40
39 35 38
39 43 64
39 44 5
39 48 57
39 49 28
39 52 11
39 53 44
39 54 41
39 55 45
39 56 6
39 58 10
39 60 21
39 62 49
39 63 3
39 65 56
39 66 63
39 68 65
39 69 61
40 6 1
40 7 55
40 8 30
40 9 45
40 11 17
40 13 8
40 16 4
40 18 46
40 20 43
40 24 6
40 27 9
40 28 2
40 30 64
40 31 53
40 34 58
40 35 23
40 38 54
40 40 39
40 43 69
40 45 35
40 46 0
40 49 41
40 51 57
40 56 3
40 60 37
40 61 52
40 62 26
40 63 11
40 65 19
40 66 66
40 67 48
40 68 10
41 0 59
41 1 23
41 6 55
41 10 53
41 17 51
41 18 38
41 19 37
41 20 6
41 22 68
41 25 60
41 26 49
41 28 3
41 29 0
41 30 27
41 33 50
41 34 34
41 35 54
41 37 16
41 39 36
41 40 4
41 41 30
41 42 21
41 44 13
41 46 10
41 48 63
41 50 17
41 52 43
41 53 42
41 58 62
41 59 1
41 61 19
41 62 7
41 63 22
41 64 14
41 65 29
41 66 2
41 68 41
41 69 58
42 2 31
42 3 12
42 4 24
42 5 8
42 7 42
42 8 16
42 9 64
42 11 23
42 12 4
42 13 2
42 19 32
42 20 36
42 21 67
42 22 50
42 23 38
42 26 63
42 32 60
42 33 62
42 34 69
42 35 13
42 36 41
42 37 44
42 39 66
42 40 47
42 41 59
42 42 55
42 43 34
42 44 53
42 47 27
42 48 52
42 53 45
42 54 17
42 56 54
42 58 48
42 61 14
42 62 22
42 65 68
42 66 19
42 68 15
43 1 37
43 4 66
43 5 33
43 6 57
43 7 29
43 8 54
43 10 5
43 11 39
43 12 11
43 13 56
43 15 48
43 19 30
43 20 16
43 21 64
43 22 44
43 23 58
43 26 43
43 27 63
43 29 69
43 30 17
43 31 61
43 32 53
43 36 50
43 37 2
43 38 19
43 39 22
43 41 62
43 42 8
43 43 45
43 44 59
43 47 41
43 48 68
43 53 28
43 54 55
43 55 67
43 59 40
43 61 46
43 62 51
43 63 31
43 64 49
43 66 36
43 67 7
43 69 24
44 2 6
44 6 48
44 9 53
44 10 21
44 11 50
44 12 20
44 13 25
44 15 13
44 16 46
44 17 16
44 19 8
44 20 55
44 21 41
44 22 34
44 25 5
44 26 29
44 28 4
44 29 62
44 30 43
44 32 51
44 33 44
44 35 10
44 40 40
44 41 65
44 42 56
44 44 38
44 45 54
44 46 24
44 47 49
44 51 26
44 52 37
44 53 57
44 55 47
44 56 68
44 58 52
44 60 9
44 61 12
44 63 0
44 65 67
44 68 59
44 69 42
45 0 57
45 1 9
45 4 59
45 5 29
45 6 66
45 8 53
45 9 60
45 10 25
45 11 26
45 16 14
45 17 6
45 19 68
45 20 11
45 21 4
45 23 8
45 24 23
45 25 34
45 27 24
45 29 50
45 30 48
45 31 10
45 32 31
45 33 15
45 34 33
45 36 30
45 37 7
45 38 22
45 42 46
45 43 67
45 44 62
45 46 12
45 48 28
45 51 40
45 56 64
45 58 1
45 59 32
45 63 16
45 64 18
46 0 32
46 1 25
46 4 12
46 6 42
46 7 59
46 8 52
46 9 20
46 10 68
46 12 0
46 13 28
46 15 24
46 17 2
46 18 60
46 19 22
46 22 21
46 25 48
46 26 40
46 27 55
46 30 3
46 31 14
46 32 47
46 33 31
46 40 8
46 42 39
46 44 56
46 45 23
46 46 6
46 47 7
46 48 35
46 49 69
46 52 34
46 53 38
46 54 46
46 55 57
46 57 65
46 61 50
46 62 36
46 63 1
46 64 62
46 68 27
46 69 11
47 0 34
47 2 42
47 3 32
47 4 14
47 5 22
47 6 52
47 7 51
47 10 62
47 12 47
47 13 27
47 14 26
47 16 54
47 17 53
47 18 45
47 19 0
47 24 50
47 25 7
47 26 35
47 28 39
47 30 6
47 31 13
47 32 10
47 33 46
47 34 30
47 36 40
47 38 41
47 41 31
47 43 63
47 44 69
47 45 65
47 46 17
47 47 1
47 49 25
47 50 48
47 51 4
47 52 8
47 53 55
47 54 16
47 55 29
47 57 15
47 61 64
47 62 21
47 63 61
47 64 11
47 65 59
47 66 43
47 69 60
48 0 9
48 3 40
48 4 48
48 5 61
48 6 43
48 8 15
48 9 27
48 10 10
48 11 35
48 12 29
48 14 19
48 16 52
48 17 54
48 19 12
48 21 2
48 22 69
48 23 3
48 24 62
48 25 24
48 26 57
48 27 47
48 29 25
48 30 51
48 36 63
48 37 17
48 41 60
48 42 7
48 44 65
48 45 4
48 46 41
48 47 32
48 48 0
48 49 22
48 50 39
48 51 46
48 53 6
48 56 55
48 57 20
48 58 68
48 61 67
48 62 44
48 63 8
48 65 5
48 66 1
48 67 56
48 68 37
48 69 34
49 1 65
49 2 66
49 3 21
49 4 30
49 5 35
49 6 0
49 9 5
49 10 24
49 11 27
49 12 40
49 13 23
49 14 39
49 15 31
49 16 51
49 17 19
49 18 26
49 22 28
49 23 29
49 24 10
49 25 33
49 26 1
49 28 55
49 29 13
49 31 63
49 32 3
49 33 4
49 34 54
49 37 18
49 38 52
49 39 68
49 40 22
49 41 45
49 43 20
49 44 34
49 47 16
49 48 9
49 49 62
49 51 53
49 52 57
49 55 6
49 58 17
49 59 56
49 63 25
49 64 61
49 65 42
49 66 14
49 69 44
50 1 0
50 3 53
50 4 13
50 7 33
50 8 49
50 9 40
50 10 52
50 11 19
50 12 28
50 15 44
50 16 30
50 17 10
50 19 66
50 20 57
50 22 32
50 23 11
50 25 1
50 26 4
50 27 42
50 28 7
50 29 26
50 30 8
50 31 58
50 32 34
50 35 61
50 36 31
50 37 43
50 40 59
50 41 14
50 42 68
50 43 60
50 44 22
50 45 63
50 46 64
50 49 3
50 50 25
50 51 38
50 52 35
50 53 18
50 54 51
50 55 54
50 56 48
50 59 69
50 60 36
50 61 17
50 63 29
50 65 6
50 67 27
51 9 30
51 11 29
51 12 43
51 13 12
51 15 34
51 19 40
51 20 33
51 21 36
51 22 4
51 25 23
51 26 41
51 27 68
51 29 63
51 30 49
51 31 1
51 32 19
51 33 22
51 34 15
51 35 6
51 40 69
51 41 64
51 42 38
51 43 46
51 44 48
51 45 55
51 46 65
51 47 54
51 48 17
51 49 61
51 51 59
51 52 28
51 53 37
51 54 52
51 55 32
51 56 20
51 57 57
51 59 8
51 61 47
51 63 60
51 64 2
51 66 9
51 67 44
51 68 21
51 69 26
52 0 35
52 1 50
52 3 6
52 5 55
52 8 14
52 10 31
52 11 59
52 13 57
52 14 22
52 15 36
52 16 27
52 18 47
52 21 5
52 22 64
52 24 19
52 25 45
52 26 60
52 27 33
52 28 21
52 29 4
52 32 66
52 33 51
52 34 65
52 37 62
52 38 26
52 39 40
52 40 38
52 43 52
52 44 1
52 45 30
52 48 2
52 50 9
52 52 67
52 58 8
52 60 42
52 62 18
52 63 10
52 65 34
52 66 17
52 67 12
52 68 39
53 0 43
53 3 7
53 4 64
53 5 50
53 6 19
53 9 39
53 11 33
53 12 42
53 15 2
53 16 40
53 17 13
53 19 54
53 21 49
53 23 37
53 24 24
53 27 10
53 34 28
53 37 47
53 38 14
53 40 16
53 41 3
53 42 12
53 43 15
53 44 67
53 46 34
53 47 23
53 48 30
53 49 17
53 50 38
53 51 45
53 52 4
53 53 65
53 54 18
53 56 35
53 59 62
53 61 53
53 62 8
53 66 41
53 67 22
53 68 6
54 3 14
54 5 40
54 6 13
54 7 57
54 8 24
54 10 54
54 14 52
54 15 8
54 16 34
54 22 47
54 23 27
54 24 56
54 27 59
54 29 15
54 30 63
54 31 68
54 32 7
54 34 20
54 35 51
54 40 49
54 41 53
54 42 4
54 43 18
54 44 11
54 46 43
54 48 16
54 49 38
54 50 41
54 51 1
54 53 69
54 54 6
54 55 44
54 56 26
54 57 58
54 60 39
54 61 60
54 62 17
54 63 30
54 64 19
54 65 3
54 66 55
54 69 23
55 1 66
55 2 54
55 4 63
55 6 9
55 7 14
55 8 50
55 9 4
55 11 12
55 16 23
55 17 15
55 19 43
55 23 17
55 24 48
55 28 35
55 29 10
55 30 11
55 31 25
55 32 52
55 33 68
55 36 5
55 40 61
55 41 57
55 43 7
55 44 16
55 45 36
55 50 47
55 54 20
55 55 2
55 57 41
55 58 18
55 59 58
55 60 13
55 61 32
55 62 27
55 63 65
55 65 26
55 67 1
55 68 33
56 0 2
56 1 52
56 5 67
56 6 10
56 8 35
56 9 56
56 10 18
56 13 33
56 14 17
56 15 27
56 17 14
56 19 7
56 20 37
56 21 62
56 22 6
56 24 57
56 25 31
56 29 9
56 30 23
56 31 26
56 33 25
56 34 61
56 37 50
56 39 46
56 40 24
56 42 36
56 44 43
56 45 19
56 47 8
56 48 20
56 49 54
56 50 32
56 51 65
56 52 22
56 53 64
56 54 1
56 55 53
56 58 13
56 62 45
56 63 15
56 64 63
56 66 59
56 68 16
57 1 34
57 3 68
57 5 13
57 6 26
57 7 52
57 9 7
57 10 2
57 14 67
57 15 39
57 18 43
57 19 42
57 22 30
57 24 51
57 25 16
57 28 1
57 32 56
57 33 3
57 35 58
57 36 64
57 37 21
57 38 32
57 39 27
57 40 53
57 41 6
57 42 29
57 44 49
57 46 9
57 47 19
57 48 50
57 49 33
57 50 5
57 53 8
57 54 59
57 56 69
57 57 14
57 58 46
57 61 15
57 62 31
57 63 57
57 66 25
57 67 20
57 69 35
58 0 12
58 2 15
58 4 17
58 5 6
58 6 5
58 9 3
58 10 13
58 11 25
58 12 52
58 15 1
58 16 28
58 17 44
58 18 56
58 19 57
58 21 42
58 23 35
58 24 14
58 26 65
58 27 62
58 29 33
58 30 60
58 31 29
58 32 39
58 33 7
58 34 9
58 35 8
58 36 4
58 37 53
58 38 50
58 39 37
58 40 45
58 42 40
58 46 51
58 48 59
58 49 46
58 51 48
58 52 58
58 53 24
58 54 27
58 55 30
58 56 31
58 57 66
58 58 55
58 59 41
58 64 47
58 67 36
58 68 34
59 1 47
59 2 23
59 3 36
59 4 40
59 5 32
59 6 20
59 8 19
59 9 31
59 11 68
59 12 33
59 14 45
59 15 60
59 16 1
59 17 39
59 18 6
59 19 5
59 21 57
59 22 61
59 23 46
59 24 38
59 25 9
59 26 24
59 29 41
59 34 62
59 35 53
59 43 27
59 45 10
59 46 13
59 47 69
59 49 12
59 51 15
59 52 48
59 53 16
59 60 28
59 61 59
59 63 7
59 64 54
59 66 52
59 69 22
60 0 37
60 1 61
60 2 38
60 7 26
60 8 65
60 10 41
60 11 18
60 12 49
60 16 20
60 18 0
60 20 59
60 22 56
60 25 55
60 26 16
60 28 27
60 29 5
60 31 57
60 32 4
60 33 45
60 35 11
60 37 6
60 38 53
60 39 64
60 40 10
60 42 17
60 43 8
60 45 1
60 46 52
60 47 34
60 49 7
60 50 3
60 51 42
60 52 23
60 54 63
60 55 24
60 57 40
60 59 14
60 61 13
60 63 47
60 64 36
60 66 15
60 67 69
60 69 29
61 2 0
61 3 15
61 7 46
61 8 60
61 9 12
61 10 42
61 14 55
61 18 63
61 19 47
61 21 17
61 25 41
61 26 13
61 28 29
61 29 28
61 30 24
61 31 8
61 32 22
61 35 40
61 36 19
61 38 20
61 41 7
61 42 25
61 43 62
61 45 11
61 52 61
61 54 48
61 55 51
61 56 66
61 57 68
61 58 59
61 61 45
61 62 69
61 65 54
61 66 26
61 68 1
62 0 54
62 2 39
62 4 55
62 6 32
62 8 57
62 9 25
62 12 19
62 13 64
62 14 37
62 15 0
62 16 44
62 17 18
62 18 8
62 19 69
62 20 62
62 21 35
62 22 60
62 27 45
62 28 61
62 29 38
62 30 12
62 31 34
62 33 24
62 34 26
62 35 20
62 37 9
62 38 15
62 41 51
62 42 31
62 43 14
62 45 40
62 46 66
62 48 36
62 51 17
62 52 59
62 53 11
62 54 53
62 56 67
62 57 48
62 58 42
62 59 52
62 60 30
62 61 43
62 64 21
62 65 4
62 66 68
62 69 1
63 0 19
63 2 57
63 6 54
63 7 15
63 8 56
63 11 66
63 12 39
63 14 12
63 16 16
63 17 0
63 19 4
63 20 67
63 21 14
63 22 46
63 27 58
63 28 37
63 29 52
63 30 30
63 31 33
63 32 62
63 33 11
63 35 68
63 37 22
63 38 38
63 39 50
63 41 1
63 42 32
63 44 8
63 45 69
63 46 44
63 47 10
63 48 34
63 49 35
63 50 24
63 51 7
63 52 2
63 54 29
63 55 17
63 56 28
63 57 26
63 59 13
63 60 40
63 64 51
63 65 27
63 66 48
63 67 47
63 69 36
64 0 26
64 1 58
64 2 1
64 3 50
64 4 10
64 5 15
64 6 35
64 8 51
64 12 64
64 15 16
64 16 36
64 17 8
64 19 3
64 23 55
64 24 66
64 28 6
64 29 31
64 31 17
64 32 29
64 33 69
64 34 45
64 35 27
64 36 59
64 37 37
64 38 33
64 40 28
64 43 30
64 44 12
64 45 2
64 46 63
64 47 22
64 48 11
64 50 57
64 51 43
64 55 46
64 57 67
64 59 60
64 60 18
64 64 65
64 67 68
64 68 5
65 0 50
65 1 57
65 3 23
65 4 56
65 5 59
65 7 5
65 8 32
65 10 22
65 11 43
65 12 27
65 14 34
65 16 60
65 17 20
65 18 33
65 19 18
65 21 11
65 22 39
65 24 52
65 25 15
65 26 51
65 29 46
65 33 53
65 35 7
65 37 25
65 38 69
65 39 29
65 40 36
65 41 47
65 42 19
65 43 38
65 44 41
65 45 37
65 46 8
65 47 6
65 48 13
65 49 64
65 54 40
65 56 1
65 57 10
65 58 67
65 59 9
65 61 26
65 63 48
65 66 4
65 67 0
66 0 41
66 3 44
66 4 38
66 5 17
66 6 67
66 7 66
66 9 34
66 10 4
66 11 40
66 12 24
66 16 26
66 18 68
66 20 45
66 23 10
66 24 15
66 25 28
66 27 46
66 30 53
66 31 11
66 34 32
66 37 13
66 38 65
66 40 31
66 46 56
66 47 0
66 48 37
66 50 51
66 53 20
66 57 19
66 60 50
66 61 7
66 62 9
66 63 62
66 64 29
66 65 63
66 68 54
67 0 0
67 1 45
67 2 48
67 4 41
67 5 1
67 6 14
67 8 47
67 10 38
67 11 31
67 12 61
67 13 21
67 16 32
67 17 28
67 19 50
67 20 63
67 21 6
67 22 12
67 23 62
67 24 13
67 26 67
67 28 60
67 30 10
67 32 9
67 36 66
67 37 64
67 38 49
67 39 34
67 42 43
67 46 37
67 47 55
67 49 36
67 50 30
67 51 51
67 54 2
67 56 22
67 58 69
67 59 27
67 60 24
67 61 42
67 62 65
67 63 58
67 64 56
67 65 7
67 66 46
67 68 44
68 0 18
68 1 53
68 2 44
68 3 24
68 4 51
68 5 69
68 6 34
68 7 27
68 8 2
68 9 35
68 11 16
68 12 38
68 17 52
68 19 17
68 21 15
68 22 48
68 24 68
68 25 61
68 27 56
68 29 20
68 31 43
68 33 63
68 35 57
68 37 5
68 38 67
68 39 65
68 41 9
68 42 10
68 43 31
68 46 21
68 47 59
68 48 32
68 49 1
68 50 50
68 52 42
68 53 13
68 54 37
68 58 26
68 60 14
68 62 33
68 64 64
68 65 28
68 66 6
68 67 29
68 68 36
69 1 17
69 2 60
69 3 27
69 4 68
69 5 20
69 6 65
69 7 34
69 8 42
69 11 45
69 12 16
69 13 46
69 14 25
69 16 7
69 17 57
69 18 18
69 19 13
69 20 61
69 21 8
69 23 22
69 28 11
69 30 40
69 31 9
69 35 50
69 36 67
69 39 28
69 40 29
69 42 64
69 44 44
69 49 55
69 50 6
69 52 1
69 53 10
69 55 3
69 56 15
69 59 66
69 60 35
69 63 21
69 64 48
69 65 30
69 66 51
69 68 53
