60
0 1 21
0 2 14
0 3 4
0 11 1
0 18 31
0 19 51
0 20 37
0 25 7
0 29 3
0 37 45
0 38 10
0 42 36
0 44 24
0 47 22
0 54 2
1 2 16
1 5 43
1 12 53
1 13 38
1 30 52
1 37 42
1 40 19
1 42 56
1 46 13
1 50 24
1 53 40
1 55 35
1 59 26
2 0 11
2 1 41
2 5 29
2 6 38
2 7 34
2 12 52
2 13 51
2 16 20
2 19 58
2 23 53
2 27 27
2 28 57
2 30 24
2 33 17
2 43 30
2 45 16
2 48 35
2 50 12
2 51 14
2 54 1
2 58 26
3 1 16
3 3 37
3 6 47
3 10 36
3 11 29
3 13 0
3 14 57
3 21 51
3 23 42
3 26 10
3 27 25
3 28 43
3 31 23
3 33 45
3 34 32
3 41 14
3 42 2
3 56 13
4 0 43
4 6 15
4 10 38
4 11 13
4 13 52
4 19 4
4 22 32
4 24 0
4 27 31
4 31 51
4 32 59
4 35 27
4 38 14
4 41 11
4 51 35
4 56 46
5 3 29
5 4 44
5 6 13
5 7 27
5 9 34
5 11 24
5 13 12
5 16 22
5 21 18
5 23 50
5 24 26
5 28 33
5 30 7
5 33 20
5 36 11
5 37 36
5 41 55
5 44 49
5 45 56
5 47 30
5 53 10
5 54 45
5 58 40
6 0 38
6 1 46
6 4 28
6 8 10
6 10 14
6 15 47
6 17 36
6 28 22
6 31 5
6 35 11
6 37 4
6 43 21
6 45 27
6 46 12
6 48 20
6 49 25
6 54 24
6 57 8
7 14 13
7 15 17
7 16 21
7 23 8
7 24 25
7 27 16
7 29 38
7 30 4
7 32 31
7 36 7
7 38 32
7 41 41
7 44 28
7 46 52
7 47 35
7 48 27
7 49 42
7 50 51
7 54 36
7 59 50
8 0 52
8 5 14
8 10 28
8 14 41
8 15 31
8 17 0
8 20 48
8 25 50
8 31 13
8 32 53
8 33 19
8 35 3
8 39 17
8 41 24
8 42 9
8 48 30
8 51 5
8 52 54
8 57 57
8 58 2
9 2 41
9 3 21
9 7 1
9 8 50
9 13 26
9 27 5
9 32 10
9 34 7
9 36 42
9 40 15
9 44 53
9 49 56
9 50 37
9 55 11
9 57 32
9 58 19
10 2 50
10 9 3
10 12 31
10 17 24
10 18 47
10 20 8
10 21 34
10 22 44
10 23 0
10 24 52
10 32 22
10 34 13
10 38 1
10 42 32
10 44 23
10 49 35
10 51 30
10 58 45
11 5 18
11 7 10
11 11 55
11 12 33
11 15 24
11 16 14
11 17 39
11 18 7
11 21 4
11 22 17
11 23 58
11 25 57
11 29 27
11 32 41
11 33 15
11 34 2
11 38 26
11 42 35
11 46 1
11 48 54
11 53 56
11 55 48
11 58 12
11 59 34
12 2 39
12 3 17
12 8 1
12 11 32
12 12 5
12 13 23
12 19 13
12 20 18
12 22 24
12 29 43
12 36 19
12 38 41
12 41 4
12 47 54
12 48 12
12 57 9
12 58 53
12 59 28
13 2 49
13 7 3
13 8 35
13 10 47
13 12 39
13 13 21
13 14 58
13 16 57
13 20 33
13 30 31
13 35 55
13 37 53
13 38 17
13 43 27
13 44 18
13 45 0
13 47 9
13 50 30
13 51 46
13 52 38
13 53 24
13 54 16
14 0 54
14 5 10
14 6 57
14 9 1
14 12 29
14 13 40
14 18 11
14 22 58
14 25 14
14 26 59
14 36 56
14 38 50
14 42 17
14 44 45
14 46 18
14 47 49
14 48 5
14 50 0
14 54 20
14 56 15
14 57 44
15 2 26
15 3 55
15 7 24
15 17 37
15 18 29
15 26 11
15 31 14
15 40 36
15 43 49
15 48 28
15 49 57
15 50 27
15 56 47
15 58 6
15 59 46
16 2 51
16 4 20
16 7 36
16 9 48
16 11 31
16 13 42
16 15 57
16 17 13
16 18 17
16 34 44
16 36 23
16 37 25
16 39 54
16 41 18
16 44 34
16 46 10
16 48 26
16 52 30
16 53 38
16 55 45
16 56 1
16 59 52
17 12 6
17 14 12
17 21 22
17 22 47
17 24 27
17 33 48
17 35 13
17 40 16
17 41 49
17 42 23
17 46 56
17 47 37
17 52 31
17 59 19
18 1 54
18 2 28
18 10 58
18 11 20
18 13 13
18 14 52
18 15 5
18 18 4
18 23 56
18 28 45
18 35 29
18 36 44
18 39 1
18 40 59
18 42 16
18 44 47
18 45 38
18 48 7
18 56 6
18 58 3
18 59 18
19 0 29
19 3 49
19 4 23
19 5 16
19 8 33
19 9 58
19 11 18
19 16 40
19 19 1
19 23 30
19 26 37
19 28 54
19 31 56
19 35 24
19 38 21
19 39 4
19 40 28
19 45 25
19 47 14
19 48 6
19 49 17
19 53 50
19 54 32
19 57 31
20 11 53
20 16 29
20 18 46
20 23 11
20 27 23
20 35 44
20 40 56
20 51 24
20 53 52
20 54 58
20 55 37
20 59 30
21 0 12
21 3 22
21 9 51
21 13 1
21 15 41
21 20 59
21 24 35
21 25 40
21 28 10
21 35 48
21 38 27
21 39 46
21 41 6
21 44 55
21 45 20
21 46 25
21 47 5
21 48 4
21 49 39
21 53 44
21 55 26
21 58 29
22 1 39
22 9 9
22 10 3
22 11 8
22 13 37
22 15 50
22 16 42
22 19 31
22 26 36
22 33 25
22 39 27
22 43 35
22 47 10
22 56 44
23 0 15
23 3 56
23 4 32
23 7 31
23 11 0
23 13 43
23 14 54
23 20 53
23 23 5
23 24 7
23 25 22
23 26 39
23 28 17
23 30 45
23 32 58
23 33 59
23 34 36
23 38 38
23 41 26
23 44 16
23 52 33
23 53 18
23 56 25
24 0 5
24 3 23
24 8 55
24 9 59
24 10 4
24 12 42
24 15 45
24 19 44
24 21 32
24 22 2
24 26 47
24 28 26
24 41 8
24 43 43
24 52 6
24 54 56
24 56 53
24 58 41
24 59 14
25 0 17
25 3 19
25 9 36
25 11 45
25 18 54
25 19 12
25 20 5
25 23 40
25 24 4
25 26 44
25 33 18
25 34 3
25 42 53
25 45 28
25 47 8
25 49 38
25 51 49
25 56 11
26 10 44
26 11 3
26 15 43
26 18 30
26 20 27
26 24 40
26 27 4
26 29 51
26 37 11
26 40 45
26 41 20
26 54 38
26 55 14
26 56 58
27 0 13
27 7 58
27 13 44
27 14 18
27 15 35
27 17 46
27 21 33
27 25 6
27 27 56
27 35 52
27 36 53
27 38 40
27 45 23
27 47 42
27 49 20
27 50 4
27 51 41
27 54 22
27 55 16
27 56 10
27 57 45
28 0 40
28 4 16
28 12 30
28 13 41
28 14 49
28 18 55
28 22 12
28 31 31
28 38 36
28 44 0
28 46 14
28 51 4
28 53 54
28 55 21
29 2 23
29 9 54
29 15 30
29 17 26
29 20 20
29 22 25
29 25 43
29 29 47
29 30 51
29 32 15
29 35 5
29 36 12
29 42 24
29 43 18
29 44 38
29 46 29
29 49 53
29 54 4
29 57 6
30 1 55
30 3 54
30 6 14
30 8 27
30 9 38
30 10 23
30 11 16
30 13 32
30 15 2
30 19 40
30 20 47
30 24 6
30 28 46
30 31 35
30 33 58
30 34 30
30 39 3
30 43 45
30 44 19
30 46 20
30 47 57
30 54 17
31 1 40
31 2 36
31 5 52
31 8 32
31 11 17
31 12 1
31 17 56
31 18 28
31 20 54
31 21 16
31 22 50
31 23 20
31 24 45
31 28 44
31 32 8
31 35 37
31 37 55
31 39 5
31 40 41
31 43 12
31 45 2
31 47 48
31 48 11
31 50 23
31 55 39
32 6 49
32 7 50
32 8 21
32 10 51
32 11 41
32 13 22
32 14 30
32 16 35
32 20 57
32 26 3
32 28 34
32 29 46
32 31 19
32 33 8
32 38 56
32 39 11
32 45 14
32 53 25
32 56 24
32 57 17
33 1 4
33 4 29
33 7 22
33 9 42
33 11 57
33 17 15
33 24 16
33 26 35
33 30 39
33 34 46
33 41 28
33 47 59
33 51 58
33 52 7
33 53 5
34 1 22
34 3 8
34 6 12
34 9 40
34 10 55
34 16 3
34 17 45
34 25 18
34 28 28
34 31 1
34 33 33
34 37 49
34 39 9
34 44 7
34 46 42
34 49 29
34 50 46
34 52 48
34 56 39
35 2 42
35 8 7
35 15 16
35 22 0
35 23 55
35 28 13
35 29 21
35 37 32
35 40 8
35 42 59
35 49 22
35 50 6
35 55 29
35 56 12
35 57 19
35 59 5
36 4 59
36 15 25
36 16 51
36 18 18
36 20 32
36 25 52
36 26 5
36 33 10
36 34 53
36 39 35
36 44 33
36 55 55
36 57 16
37 4 58
37 13 11
37 14 47
37 15 19
37 19 6
37 25 10
37 27 8
37 30 49
37 36 9
37 37 57
37 40 31
37 44 39
37 48 44
37 57 41
37 59 37
38 2 37
38 3 10
38 11 22
38 12 40
38 13 6
38 15 27
38 24 21
38 25 33
38 27 18
38 29 14
38 37 16
38 39 30
38 42 41
38 46 28
38 50 53
38 52 1
38 58 35
39 11 43
39 13 54
39 15 53
39 16 41
39 19 45
39 20 10
39 22 15
39 27 20
39 28 11
39 31 24
39 36 51
39 37 3
39 38 49
39 39 29
39 41 1
39 46 50
39 54 28
39 55 57
40 0 47
40 2 6
40 6 2
40 7 59
40 10 13
40 11 33
40 13 14
40 15 9
40 16 44
40 18 21
40 19 46
40 24 53
40 27 29
40 34 11
40 36 49
40 38 8
40 40 58
40 45 50
40 50 16
40 51 25
40 54 27
41 0 19
41 3 30
41 5 25
41 15 18
41 16 13
41 19 37
41 21 26
41 22 1
41 32 23
41 33 35
41 37 10
41 38 11
41 43 40
41 49 32
41 52 0
41 53 48
41 54 33
41 55 9
42 1 48
42 3 35
42 16 24
42 21 25
42 25 16
42 28 38
42 32 3
42 37 17
42 46 26
42 48 23
42 51 12
42 53 37
42 54 14
42 55 54
42 59 56
43 2 27
43 3 1
43 4 54
43 6 26
43 16 23
43 17 8
43 20 16
43 22 22
43 24 17
43 26 13
43 29 52
43 36 38
43 40 50
43 41 57
43 44 2
43 49 21
43 54 29
43 56 31
43 59 44
44 2 53
44 4 21
44 8 45
44 10 25
44 13 5
44 14 40
44 17 38
44 18 26
44 23 1
44 26 51
44 30 22
44 35 36
44 36 20
44 49 8
44 55 27
44 57 59
45 0 41
45 7 52
45 8 34
45 11 28
45 18 12
45 19 36
45 21 10
45 26 8
45 28 56
45 30 32
45 35 59
45 39 42
45 40 47
45 52 17
45 56 21
45 57 35
46 5 44
46 6 59
46 7 12
46 8 48
46 14 29
46 18 8
46 42 19
46 43 38
46 44 10
46 51 20
46 53 7
46 57 51
47 5 41
47 8 22
47 12 49
47 13 34
47 23 19
47 30 57
47 32 25
47 33 50
47 35 18
47 50 43
47 51 39
47 52 4
47 55 42
47 58 44
48 1 28
48 4 1
48 5 58
48 6 8
48 8 38
48 12 34
48 13 7
48 14 55
48 17 12
48 24 36
48 27 44
48 28 48
48 30 37
48 32 16
48 34 57
48 36 25
48 37 46
48 39 13
48 42 26
48 43 50
48 44 17
48 47 31
48 50 29
48 52 51
48 53 27
48 57 40
48 58 22
49 3 52
49 8 9
49 9 11
49 11 42
49 13 47
49 16 32
49 26 16
49 30 2
49 34 56
49 38 13
49 51 33
49 53 28
49 55 50
49 57 15
50 1 35
50 3 2
50 4 40
50 5 32
50 6 33
50 14 11
50 15 14
50 22 43
50 26 54
50 32 38
50 33 31
50 34 19
50 36 10
50 40 48
50 52 15
50 54 8
50 56 26
51 3 50
51 6 5
51 11 38
51 13 48
51 14 10
51 22 19
51 23 28
51 24 56
51 27 35
51 30 1
51 32 33
51 34 25
51 36 29
51 38 46
51 40 14
51 42 42
51 44 26
51 47 24
51 48 31
51 55 30
51 56 52
52 0 31
52 1 1
52 5 7
52 7 37
52 11 49
52 31 28
52 32 26
52 36 46
52 43 2
52 47 20
52 49 43
52 51 22
52 57 33
52 58 15
53 2 20
53 4 10
53 6 42
53 8 40
53 9 23
53 10 30
53 11 46
53 14 51
53 17 2
53 22 11
53 25 8
53 29 1
53 30 12
53 31 49
53 32 37
53 34 58
53 35 41
53 36 21
53 38 22
53 39 44
53 41 15
53 42 29
53 47 56
53 58 36
54 0 6
54 2 0
54 8 4
54 11 51
54 12 54
54 16 56
54 17 47
54 25 20
54 27 19
54 32 35
54 34 15
54 43 13
54 45 36
54 46 11
54 48 57
54 49 10
54 56 8
55 3 25
55 5 19
55 12 41
55 16 47
55 17 16
55 19 38
55 20 52
55 22 36
55 24 55
55 26 2
55 28 18
55 35 40
55 38 7
55 43 37
55 49 49
55 50 26
55 51 21
55 53 9
55 55 28
56 2 54
56 5 12
56 7 16
56 9 8
56 10 33
56 15 7
56 16 43
56 22 23
56 34 14
56 36 17
56 41 35
56 45 44
56 47 47
56 52 5
56 53 6
56 56 41
57 3 39
57 6 20
57 8 15
57 13 53
57 15 48
57 22 7
57 23 10
57 24 57
57 28 19
57 30 58
57 31 37
57 34 35
57 36 27
57 37 51
57 39 47
57 42 28
57 44 25
57 49 12
57 52 13
57 56 29
57 57 30
57 58 24
58 14 1
58 18 10
58 19 7
58 21 19
58 23 33
58 27 49
58 31 2
58 41 12
58 46 41
58 56 57
58 57 54
58 59 3
59 3 43
59 4 27
59 6 58
59 9 41
59 20 12
59 25 54
59 29 9
59 37 24
59 40 10
59 42 4
59 43 33
