60
0 0 41
0 3 9
0 4 54
0 5 24
0 7 57
0 9 30
0 14 26
0 15 21
0 17 29
0 19 59
0 23 52
0 25 5
0 27 22
0 28 34
0 32 11
0 35 39
0 41 35
0 44 12
0 45 32
0 47 6
0 50 38
0 52 46
0 56 18
0 58 49
0 59 47
1 0 33
1 4 6
1 6 37
1 10 21
1 14 38
1 16 23
1 18 45
1 19 34
1 20 4
1 21 32
1 22 27
1 28 10
1 32 48
1 33 35
1 35 49
1 36 52
1 37 7
1 41 12
1 42 42
1 45 43
1 46 40
1 47 55
1 48 14
1 49 26
1 51 22
1 53 16
1 58 28
1 59 5
2 0 30
2 3 28
2 6 7
2 10 27
2 15 48
2 17 21
2 19 54
2 20 29
2 24 10
2 27 38
2 30 8
2 31 33
2 32 26
2 34 37
2 37 44
2 42 58
2 43 15
2 44 14
2 45 18
2 46 34
2 49 31
2 54 47
2 55 36
2 56 53
3 0 38
3 6 59
3 13 11
3 17 5
3 20 58
3 22 17
3 25 33
3 29 18
3 30 41
3 31 24
3 35 22
3 42 16
3 43 30
3 44 42
3 45 49
3 47 15
3 49 45
3 54 8
3 58 20
4 2 1
4 4 12
4 8 18
4 11 28
4 14 31
4 17 51
4 18 41
4 19 6
4 23 9
4 31 10
4 36 23
4 39 39
4 42 21
4 43 33
4 44 56
4 50 43
4 51 42
4 58 57
4 59 49
5 0 5
5 3 18
5 7 42
5 10 35
5 19 9
5 21 39
5 22 55
5 24 4
5 28 54
5 32 16
5 34 34
5 39 20
5 40 40
5 41 26
5 45 27
5 46 15
5 51 11
5 52 17
5 55 56
5 57 1
6 0 4
6 2 17
6 5 10
6 7 52
6 11 14
6 19 46
6 20 42
6 21 28
6 22 40
6 23 57
6 24 48
6 26 41
6 30 22
6 32 37
6 34 23
6 35 43
6 40 35
6 41 50
6 42 25
6 43 53
6 45 0
6 46 19
6 47 12
6 48 24
6 50 20
6 51 18
6 55 9
7 1 25
7 3 30
7 4 50
7 5 54
7 10 26
7 11 55
7 17 49
7 23 27
7 25 9
7 27 37
7 32 40
7 33 34
7 35 23
7 36 44
7 38 48
7 40 31
7 42 47
7 43 52
7 44 2
7 45 12
7 48 10
7 53 15
7 56 32
8 1 47
8 2 33
8 5 27
8 9 2
8 12 35
8 13 43
8 15 11
8 16 39
8 18 0
8 20 32
8 21 5
8 23 20
8 24 55
8 26 34
8 29 15
8 30 4
8 32 30
8 36 46
8 37 3
8 40 57
8 43 31
8 45 48
8 49 56
8 54 12
8 58 52
9 1 22
9 2 59
9 4 36
9 8 34
9 9 8
9 15 7
9 16 47
9 17 45
9 19 28
9 21 6
9 23 25
9 24 58
9 33 20
9 37 13
9 41 18
9 46 37
9 48 35
9 51 9
9 52 4
9 55 39
10 0 20
10 1 1
10 2 35
10 3 8
10 10 15
10 12 55
10 25 56
10 27 12
10 34 4
10 35 36
10 36 40
10 37 51
10 38 50
10 39 31
10 41 30
10 42 3
10 44 53
10 45 42
10 46 2
10 52 26
10 53 6
10 54 49
11 1 37
11 3 6
11 4 27
11 5 49
11 6 43
11 7 30
11 11 32
11 12 16
11 19 45
11 23 33
11 24 57
11 33 56
11 34 21
11 39 58
11 40 13
11 43 41
11 45 35
11 54 54
11 56 34
11 57 11
11 58 39
12 3 19
12 5 15
12 9 17
12 11 4
12 12 22
12 13 30
12 16 41
12 19 14
12 20 47
12 26 7
12 27 11
12 28 1
12 29 36
12 33 44
12 35 28
12 36 9
12 37 12
12 42 32
12 43 51
12 44 45
12 46 39
12 53 31
12 54 27
13 1 26
13 2 29
13 7 43
13 8 41
13 12 38
13 14 45
13 17 20
13 20 27
13 23 31
13 24 17
13 26 15
13 28 59
13 30 40
13 31 47
13 33 54
13 35 30
13 40 18
13 43 14
13 45 9
13 46 48
13 47 10
13 50 13
13 53 52
13 54 5
13 57 55
13 59 35
14 0 46
14 4 31
14 6 13
14 10 43
14 11 1
14 12 48
14 14 22
14 16 42
14 18 23
14 23 30
14 24 6
14 26 16
14 29 12
14 35 38
14 36 25
14 39 5
14 41 53
14 42 33
14 43 21
14 45 29
14 47 11
14 51 59
14 52 10
14 53 41
14 56 24
14 57 14
14 59 52
15 3 52
15 4 8
15 5 33
15 6 49
15 8 19
15 11 57
15 12 12
15 13 9
15 15 27
15 16 7
15 18 34
15 20 25
15 22 15
15 26 38
15 27 29
15 28 45
15 36 16
15 38 18
15 39 11
15 45 58
15 49 42
15 50 24
15 52 43
15 55 0
16 1 0
16 2 27
16 3 33
16 4 35
16 5 34
16 9 36
16 12 49
16 13 18
16 23 21
16 25 44
16 28 9
16 30 12
16 32 39
16 33 22
16 34 14
16 35 6
16 43 25
16 46 47
16 49 40
16 54 52
16 56 43
16 57 19
16 58 53
17 6 22
17 7 38
17 10 7
17 12 26
17 13 14
17 16 5
17 18 29
17 24 30
17 27 42
17 30 0
17 35 8
17 37 41
17 38 2
17 40 28
17 44 11
17 45 10
17 47 3
17 49 12
17 53 48
17 54 39
17 56 25
18 2 4
18 3 31
18 4 34
18 6 0
18 7 55
18 10 50
18 12 29
18 17 16
18 18 33
18 22 10
18 23 12
18 26 24
18 28 44
18 29 51
18 30 5
18 31 11
18 34 9
18 36 17
18 37 48
18 38 23
18 42 35
18 44 30
18 47 47
18 49 14
18 51 32
18 57 3
18 59 36
19 2 24
19 5 5
19 6 4
19 7 9
19 12 51
19 16 38
19 21 56
19 23 6
19 24 26
19 25 32
19 27 59
19 34 29
19 37 15
19 38 17
19 46 27
19 50 49
19 51 0
19 53 33
19 55 52
19 56 14
20 5 35
20 14 17
20 16 22
20 19 37
20 20 51
20 22 21
20 24 16
20 27 5
20 28 15
20 29 8
20 31 12
20 32 56
20 33 36
20 36 29
20 38 57
20 39 0
20 41 25
20 42 54
20 44 10
20 45 23
20 47 14
20 48 6
20 54 26
20 57 47
20 59 4
21 2 23
21 3 53
21 6 24
21 7 16
21 9 51
21 10 39
21 11 11
21 12 28
21 13 20
21 14 58
21 16 31
21 18 1
21 20 15
21 21 35
21 23 3
21 28 57
21 35 52
21 38 38
21 39 42
21 42 4
21 43 12
21 44 29
21 45 17
21 47 56
21 48 46
21 49 34
21 53 54
21 55 49
21 56 19
21 58 48
22 3 41
22 5 36
22 9 29
22 16 48
22 20 7
22 21 37
22 22 38
22 23 5
22 24 24
22 25 49
22 26 21
22 28 56
22 29 57
22 32 15
22 35 3
22 36 20
22 39 1
22 41 47
22 46 45
22 47 52
22 49 35
22 54 51
22 55 28
22 56 27
23 0 54
23 5 31
23 6 16
23 7 17
23 11 42
23 17 1
23 18 13
23 20 57
23 22 29
23 26 37
23 29 48
23 32 21
23 33 38
23 39 59
23 44 0
23 46 35
23 48 15
23 55 23
23 56 30
23 58 10
23 59 50
24 0 14
24 11 48
24 12 0
24 13 57
24 15 8
24 16 44
24 17 22
24 21 2
24 23 10
24 27 47
24 29 28
24 30 56
24 33 59
24 38 34
24 40 15
24 43 29
24 46 53
24 49 41
24 51 26
24 52 12
24 53 55
24 54 16
24 55 13
24 56 42
24 57 17
24 59 51
25 4 11
25 6 15
25 7 26
25 8 48
25 9 41
25 10 24
25 15 0
25 17 27
25 19 58
25 21 25
25 24 12
25 27 40
25 29 53
25 31 42
25 36 38
25 37 59
25 40 22
25 49 44
25 54 56
25 56 4
25 58 34
25 59 28
26 0 27
26 1 39
26 2 32
26 3 55
26 4 22
26 5 51
26 9 4
26 14 13
26 15 14
26 19 48
26 22 26
26 24 28
26 25 25
26 27 3
26 30 23
26 32 2
26 33 9
26 34 11
26 39 43
26 45 6
26 47 35
26 48 54
26 55 15
26 56 36
27 0 36
27 1 46
27 4 16
27 5 40
27 8 9
27 11 34
27 12 6
27 15 52
27 18 14
27 19 29
27 21 12
27 23 42
27 26 57
27 27 18
27 29 3
27 30 39
27 31 2
27 35 32
27 40 38
27 42 23
27 43 47
27 44 44
27 46 33
27 51 45
27 52 20
27 54 22
27 57 35
28 1 14
28 2 41
28 7 39
28 8 7
28 10 42
28 16 4
28 17 8
28 19 2
28 21 10
28 23 13
28 24 35
28 25 45
28 29 6
28 30 53
28 31 23
28 32 44
28 33 1
28 34 38
28 36 43
28 38 30
28 40 5
28 45 20
28 47 31
28 49 15
28 50 37
28 51 50
28 55 57
28 57 34
29 1 28
29 3 21
29 6 20
29 10 55
29 13 32
29 16 8
29 21 13
29 22 0
29 24 27
29 26 23
29 30 42
29 38 24
29 39 44
29 43 4
29 44 34
29 45 47
29 46 11
29 49 1
29 51 19
29 52 7
29 56 29
30 3 34
30 7 3
30 8 57
30 10 17
30 11 51
30 13 21
30 15 58
30 18 22
30 22 8
30 23 40
30 24 19
30 25 1
30 28 47
30 31 30
30 33 13
30 37 33
30 48 52
30 49 4
30 51 29
30 57 36
31 0 52
31 1 9
31 3 50
31 6 30
31 12 53
31 16 40
31 20 48
31 24 47
31 27 13
31 29 42
31 31 29
31 32 27
31 40 16
31 47 0
31 51 36
31 54 41
31 56 37
31 58 15
31 59 23
32 0 32
32 4 26
32 8 6
32 11 56
32 15 44
32 19 41
32 20 11
32 21 55
32 22 43
32 23 47
32 24 8
32 27 57
32 28 18
32 29 35
32 32 58
32 36 14
32 38 27
32 41 22
32 42 50
32 43 28
32 49 13
32 52 48
32 54 21
32 55 54
32 56 51
32 57 23
32 59 42
33 0 18
33 4 46
33 9 1
33 11 43
33 12 47
33 14 15
33 15 22
33 16 49
33 18 19
33 19 50
33 22 51
33 23 55
33 25 40
33 26 27
33 27 45
33 28 48
33 29 54
33 34 31
33 35 0
33 37 8
33 41 7
33 49 23
33 51 57
33 53 58
33 54 53
33 55 14
33 56 52
33 57 20
33 58 11
33 59 56
34 0 23
34 5 11
34 9 14
34 12 15
34 13 28
34 14 42
34 16 9
34 18 54
34 21 59
34 23 48
34 28 39
34 29 16
34 30 24
34 37 27
34 38 51
34 39 36
34 40 3
34 41 20
34 44 4
34 47 18
34 53 46
34 54 7
34 57 57
35 0 55
35 5 58
35 6 35
35 9 25
35 10 0
35 11 39
35 12 21
35 14 1
35 16 36
35 18 20
35 19 30
35 23 23
35 24 29
35 26 40
35 27 10
35 28 46
35 29 24
35 30 28
35 34 16
35 35 9
35 39 12
35 40 44
35 42 53
35 43 54
35 46 42
35 47 49
35 49 38
35 50 34
35 55 59
36 0 1
36 3 37
36 4 14
36 7 35
36 13 38
36 15 42
36 18 40
36 23 43
36 24 50
36 26 28
36 30 11
36 31 7
36 32 5
36 33 31
36 39 9
36 47 41
36 50 47
36 53 36
36 54 29
36 58 46
36 59 15
37 0 43
37 1 8
37 3 57
37 4 59
37 5 18
37 7 5
37 8 20
37 9 31
37 11 23
37 12 37
37 14 25
37 17 33
37 21 30
37 24 36
37 25 2
37 26 29
37 32 19
37 33 16
37 34 47
37 36 7
37 37 40
37 38 39
37 39 27
37 40 54
37 43 55
37 50 48
37 51 15
37 55 26
37 57 51
37 58 45
38 2 0
38 3 23
38 5 7
38 11 44
38 12 11
38 13 13
38 20 52
38 23 26
38 25 51
38 26 46
38 28 55
38 32 42
38 36 3
38 38 5
38 39 28
38 40 47
38 43 35
38 44 6
38 45 8
38 47 53
38 49 9
38 50 4
38 52 15
38 54 14
38 55 48
38 56 33
38 57 31
38 59 21
39 5 16
39 6 17
39 10 19
39 11 22
39 16 30
39 19 12
39 22 56
39 23 53
39 28 27
39 29 26
39 32 14
39 33 23
39 34 18
39 35 21
39 36 5
39 37 58
39 38 42
39 42 8
39 45 25
39 46 44
39 47 38
39 48 29
39 49 47
39 51 51
39 52 45
39 55 7
39 58 36
39 59 2
40 0 7
40 1 42
40 8 0
40 11 36
40 15 3
40 16 58
40 17 17
40 25 50
40 26 45
40 28 30
40 30 15
40 32 13
40 34 56
40 37 20
40 39 21
40 41 48
40 45 19
40 50 31
40 53 27
40 58 4
41 0 22
41 5 47
41 9 12
41 11 50
41 12 25
41 15 41
41 18 2
41 19 1
41 23 35
41 24 9
41 25 26
41 26 49
41 30 16
41 32 45
41 35 31
41 47 8
41 48 11
41 51 39
41 52 21
41 59 7
42 0 8
42 1 49
42 2 3
42 4 44
42 5 0
42 9 20
42 13 23
42 14 6
42 15 50
42 17 26
42 20 28
42 22 5
42 23 16
42 27 36
42 28 58
42 29 52
42 30 47
42 31 19
42 35 45
42 38 41
42 39 2
42 40 9
42 42 1
42 44 15
42 45 31
42 46 17
42 47 4
42 48 27
42 49 25
42 53 35
42 54 59
42 57 43
42 58 13
42 59 57
43 1 51
43 2 2
43 3 0
43 5 29
43 6 27
43 7 59
43 8 8
43 11 9
43 21 3
43 24 25
43 26 44
43 29 43
43 31 14
43 38 22
43 40 1
43 42 57
43 44 46
43 45 33
43 53 18
43 54 24
43 57 52
44 1 31
44 4 51
44 6 5
44 12 36
44 14 20
44 16 26
44 17 46
44 18 12
44 22 6
44 23 7
44 24 44
44 27 4
44 32 9
44 33 10
44 34 27
44 35 42
44 40 29
44 43 23
44 45 40
44 49 43
44 50 35
44 53 37
44 55 38
44 57 25
45 2 19
45 3 36
45 5 17
45 9 7
45 11 5
45 13 8
45 14 14
45 17 58
45 19 27
45 22 4
45 25 18
45 26 0
45 27 43
45 30 9
45 32 35
45 33 55
45 34 44
45 40 26
45 44 40
45 47 54
45 48 39
45 49 53
45 57 48
45 59 20
46 0 39
46 2 12
46 7 6
46 8 55
46 12 41
46 13 49
46 14 2
46 16 29
46 19 36
46 20 34
46 23 54
46 25 27
46 26 33
46 27 1
46 28 28
46 29 5
46 32 8
46 35 15
46 37 32
46 38 11
46 39 38
46 41 4
46 50 40
46 52 3
46 53 10
46 56 20
46 58 51
47 0 51
47 2 16
47 7 27
47 10 14
47 12 58
47 16 59
47 17 13
47 19 47
47 20 10
47 24 54
47 25 29
47 26 1
47 27 8
47 28 4
47 30 38
47 31 55
47 40 33
47 42 45
47 43 50
47 44 22
47 45 11
47 49 2
47 50 57
47 52 40
47 53 34
47 54 9
47 55 20
47 56 41
47 57 39
48 0 12
48 1 29
48 2 57
48 4 10
48 9 27
48 10 47
48 12 19
48 14 44
48 16 50
48 17 15
48 18 53
48 19 55
48 20 41
48 25 59
48 26 13
48 29 20
48 30 14
48 31 16
48 33 45
48 35 54
48 37 18
48 38 6
48 45 24
48 46 56
48 47 1
48 48 4
48 56 2
48 58 3
48 59 46
49 0 31
49 2 56
49 4 39
49 5 55
49 11 18
49 12 30
49 16 13
49 17 34
49 19 53
49 20 2
49 21 44
49 24 15
49 31 57
49 34 24
49 36 58
49 37 1
49 39 6
49 45 26
49 46 52
49 47 46
49 49 49
49 51 33
49 57 59
50 2 47
50 10 12
50 11 0
50 15 16
50 20 38
50 26 43
50 27 27
50 29 1
50 30 30
50 32 53
50 40 56
50 42 40
50 46 7
50 47 44
50 49 46
50 51 48
50 52 50
50 54 17
50 56 5
51 0 57
51 3 39
51 7 4
51 8 2
51 9 45
51 11 29
51 16 19
51 17 12
51 19 52
51 20 35
51 25 14
51 33 41
51 35 18
51 45 16
51 46 21
51 59 11
52 1 4
52 2 34
52 4 38
52 5 41
52 6 42
52 9 59
52 12 39
52 18 16
52 26 11
52 27 24
52 29 33
52 32 20
52 36 36
52 37 56
52 39 35
52 49 22
52 50 30
52 52 28
52 53 29
52 58 26
53 0 58
53 5 1
53 6 11
53 9 0
53 10 13
53 11 41
53 13 25
53 15 59
53 16 15
53 18 26
53 19 8
53 20 16
53 24 32
53 26 35
53 27 23
53 28 6
53 29 2
53 38 55
53 39 57
53 40 21
53 42 37
53 44 19
53 52 5
53 54 42
53 55 27
53 56 9
53 58 56
54 0 2
54 5 8
54 10 45
54 12 50
54 14 0
54 15 13
54 17 4
54 19 10
54 20 3
54 23 36
54 25 31
54 28 52
54 29 44
54 34 49
54 36 24
54 38 21
54 41 15
54 42 48
54 45 41
54 48 33
54 50 27
54 56 28
54 57 18
55 1 18
55 6 36
55 8 14
55 10 3
55 11 24
55 14 11
55 16 2
55 18 49
55 22 12
55 23 1
55 24 21
55 25 0
55 33 29
55 35 57
55 38 46
55 42 30
55 44 5
55 45 59
55 52 9
55 53 40
55 54 34
55 55 53
55 56 35
56 0 44
56 6 18
56 7 19
56 10 54
56 16 11
56 18 15
56 21 52
56 22 13
56 27 56
56 32 3
56 33 57
56 35 41
56 36 47
56 38 4
56 39 48
56 41 43
56 45 45
56 47 2
56 52 51
56 56 8
56 59 9
57 1 44
57 3 42
57 5 50
57 8 37
57 11 6
57 12 17
57 16 35
57 18 18
57 20 26
57 21 19
57 22 46
57 26 52
57 32 1
57 38 0
57 40 32
57 44 54
57 45 22
57 48 38
57 49 51
57 50 15
57 53 9
57 54 10
57 58 2
57 59 41
58 1 38
58 2 10
58 6 55
58 8 21
58 15 54
58 16 34
58 17 28
58 19 44
58 22 31
58 28 29
58 30 17
58 31 9
58 32 4
58 36 12
58 38 8
58 42 51
58 45 53
58 46 13
58 50 1
58 52 24
58 54 46
58 57 2
58 58 41
59 2 28
59 3 24
59 7 44
59 9 39
59 11 53
59 12 7
59 15 12
59 19 20
59 20 54
59 24 31
59 25 36
59 28 23
59 30 19
59 31 17
59 34 25
59 38 15
59 39 4
59 41 29
59 44 26
59 45 1
59 46 46
59 47 37
59 49 18
59 54 32
59 55 8
59 56 11
