70
0 2 42
0 3 61
0 5 12
0 7 18
0 9 27
0 10 7
0 11 24
0 13 65
0 15 3
0 16 1
0 19 33
0 21 29
0 23 6
0 24 48
0 25 15
0 26 32
0 28 43
0 29 41
0 30 14
0 32 60
0 33 38
0 34 20
0 38 51
0 41 62
0 42 52
0 51 0
0 52 4
0 55 66
0 56 57
0 57 2
0 59 35
0 60 40
0 61 39
0 62 36
0 63 5
0 65 30
0 67 25
1 0 45
1 2 34
1 3 23
1 5 40
1 6 11
1 8 54
1 12 46
1 13 4
1 14 10
1 15 19
1 16 39
1 18 61
1 20 50
1 22 38
1 25 57
1 27 53
1 29 14
1 31 52
1 32 26
1 33 25
1 34 60
1 35 18
1 39 59
1 40 13
1 42 48
1 45 43
1 46 6
1 47 35
1 48 22
1 49 1
1 50 58
1 51 12
1 52 41
1 53 15
1 54 31
1 56 64
1 57 0
1 58 68
1 59 8
1 61 21
1 62 42
1 63 20
1 64 69
1 66 37
1 67 44
1 69 2
2 1 20
2 2 44
2 4 53
2 7 63
2 8 41
2 12 29
2 13 42
2 14 12
2 16 7
2 18 35
2 21 5
2 26 38
2 27 21
2 32 2
2 33 13
2 35 43
2 36 27
2 37 0
2 38 15
2 44 62
2 45 59
2 47 11
2 49 14
2 50 48
2 53 9
2 56 37
2 57 31
2 59 3
2 60 30
2 61 47
2 66 33
2 67 1
2 69 39
3 0 68
3 3 3
3 4 11
3 5 7
3 6 42
3 8 62
3 10 0
3 11 39
3 12 47
3 16 64
3 17 14
3 18 34
3 19 4
3 21 21
3 22 40
3 23 51
3 24 35
3 25 46
3 26 58
3 28 55
3 30 48
3 32 25
3 34 22
3 39 1
3 40 49
3 45 37
3 46 9
3 48 20
3 50 30
3 51 2
3 52 50
3 55 26
3 56 10
3 58 24
3 59 33
3 60 53
3 61 69
3 62 43
3 63 38
3 69 63
4 0 60
4 1 16
4 6 66
4 8 18
4 10 54
4 12 24
4 13 11
4 14 31
4 15 32
4 18 14
4 19 7
4 21 35
4 22 19
4 25 40
4 26 37
4 28 5
4 29 15
4 30 63
4 31 4
4 34 27
4 35 6
4 37 52
4 40 23
4 41 17
4 46 47
4 47 3
4 48 51
4 50 34
4 52 68
4 54 8
4 56 50
4 57 29
4 59 10
4 60 44
4 62 26
4 63 53
4 64 2
4 67 30
4 68 22
5 1 22
5 2 51
5 4 30
5 5 1
5 8 55
5 11 56
5 14 16
5 15 47
5 17 59
5 19 10
5 20 37
5 23 57
5 24 13
5 27 46
5 29 64
5 30 69
5 33 23
5 37 24
5 39 15
5 43 33
5 44 42
5 46 34
5 48 35
5 49 61
5 53 39
5 55 40
5 56 2
5 62 32
5 69 31
6 1 0
6 2 57
6 3 43
6 8 16
6 9 36
6 10 29
6 11 63
6 13 47
6 17 48
6 21 25
6 24 56
6 25 7
6 27 1
6 30 22
6 32 18
6 33 4
6 36 20
6 37 51
6 38 66
6 42 67
6 47 61
6 48 30
6 50 53
6 51 62
6 53 60
6 54 14
6 57 42
6 58 49
6 65 28
6 66 12
7 0 52
7 2 31
7 6 65
7 9 9
7 12 3
7 14 30
7 19 24
7 22 57
7 24 14
7 25 16
7 26 46
7 29 44
7 31 17
7 33 2
7 35 42
7 40 22
7 41 43
7 44 39
7 46 69
7 48 7
7 50 28
7 51 34
7 54 10
7 56 61
7 60 23
7 61 26
7 64 59
7 66 15
7 68 27
7 69 19
8 4 59
8 7 61
8 8 68
8 9 46
8 11 51
8 12 50
8 13 43
8 15 4
8 17 5
8 19 26
8 21 69
8 22 16
8 23 35
8 25 32
8 29 40
8 31 57
8 32 31
8 33 0
8 38 33
8 39 56
8 40 63
8 41 67
8 44 38
8 45 8
8 49 19
8 51 6
8 53 29
8 54 47
8 57 66
8 58 1
8 59 30
8 60 11
8 66 55
8 67 28
8 68 10
9 0 23
9 1 36
9 2 48
9 3 59
9 5 53
9 7 46
9 9 35
9 10 12
9 13 40
9 16 31
9 19 69
9 20 39
9 22 9
9 24 25
9 27 65
9 28 67
9 30 57
9 31 33
9 32 1
9 33 32
9 34 42
9 35 52
9 36 64
9 37 4
9 40 10
9 41 13
9 44 26
9 47 47
9 48 66
9 49 15
9 51 30
9 52 2
9 55 60
9 56 3
9 57 55
9 60 37
9 64 6
9 67 20
9 69 62
10 2 13
10 3 35
10 7 56
10 8 20
10 10 36
10 11 21
10 13 69
10 14 44
10 15 2
10 20 59
10 22 4
10 24 45
10 25 58
10 28 37
10 30 67
10 31 50
10 32 15
10 34 33
10 36 42
10 37 43
10 38 17
10 41 22
10 42 57
10 43 40
10 44 32
10 45 27
10 46 38
10 50 51
10 51 63
10 52 25
10 53 52
10 54 39
10 57 41
10 58 18
10 59 11
10 62 54
10 63 49
10 65 1
10 68 3
11 0 7
11 2 32
11 3 22
11 4 54
11 6 39
11 8 14
11 19 57
11 21 20
11 24 31
11 25 66
11 26 40
11 29 48
11 30 37
11 35 8
11 37 6
11 38 60
11 42 56
11 45 62
11 46 53
11 47 49
11 48 16
11 51 17
11 52 64
11 53 1
11 54 13
11 55 63
11 58 46
11 59 51
11 60 67
11 61 3
11 63 58
11 64 42
11 66 34
11 67 52
11 69 5
12 1 8
12 2 1
12 5 33
12 8 69
12 10 30
12 12 12
12 13 52
12 14 38
12 15 37
12 16 60
12 17 9
12 19 41
12 20 3
12 21 28
12 26 68
12 31 63
12 32 34
12 34 16
12 37 15
12 38 59
12 43 43
12 45 10
12 47 7
12 48 17
12 49 53
12 50 25
12 53 24
12 54 22
12 55 67
12 60 0
12 64 18
12 67 26
12 68 19
12 69 36
13 0 30
13 3 69
13 6 37
13 7 2
13 9 42
13 10 5
13 15 26
13 17 18
13 19 19
13 20 61
13 23 39
13 24 27
13 25 24
13 26 23
13 29 28
13 30 47
13 31 41
13 34 59
13 37 9
13 39 62
13 41 40
13 44 4
13 47 68
13 50 17
13 51 20
13 53 49
13 55 36
13 58 66
13 67 58
13 68 67
14 1 63
14 2 2
14 3 14
14 5 67
14 6 8
14 7 66
14 11 15
14 12 48
14 13 5
14 16 35
14 17 19
14 18 52
14 19 65
14 22 50
14 23 56
14 24 37
14 26 59
14 29 26
14 31 13
14 32 17
14 34 38
14 37 22
14 39 30
14 40 24
14 41 29
14 42 7
14 43 49
14 46 1
14 47 28
14 49 42
14 54 21
14 59 18
14 61 4
14 63 33
14 64 10
14 67 0
14 68 54
15 0 36
15 1 37
15 9 54
15 10 56
15 12 31
15 18 55
15 19 23
15 20 40
15 21 16
15 23 17
15 24 43
15 25 49
15 30 21
15 31 69
15 32 63
15 33 8
15 37 18
15 39 27
15 43 20
15 47 12
15 48 62
15 51 65
15 52 6
15 55 68
15 56 48
15 58 13
15 62 11
15 64 38
15 65 67
15 66 58
15 67 50
16 1 1
16 3 33
16 4 20
16 5 38
16 6 30
16 9 50
16 12 10
16 15 0
16 16 55
16 17 17
16 20 9
16 23 31
16 24 60
16 28 12
16 31 58
16 32 39
16 33 51
16 35 11
16 38 8
16 39 68
16 41 69
16 42 37
16 44 6
16 45 63
16 46 43
16 50 62
16 54 48
16 56 36
16 59 13
16 60 16
16 64 22
16 65 42
16 66 7
16 67 57
16 69 47
17 0 26
17 3 2
17 4 51
17 6 1
17 9 10
17 10 28
17 11 69
17 12 60
17 13 21
17 14 62
17 17 49
17 19 16
17 20 33
17 21 36
17 23 53
17 26 17
17 27 41
17 30 20
17 31 23
17 35 54
17 36 59
17 37 57
17 39 11
17 40 44
17 41 5
17 43 14
17 47 65
17 49 18
17 50 4
17 52 67
17 53 55
17 54 58
17 55 7
17 56 46
17 57 38
17 58 47
17 59 39
17 60 63
17 61 43
17 64 0
17 67 22
17 68 25
18 1 39
18 2 55
18 3 38
18 4 40
18 5 56
18 8 17
18 11 4
18 13 44
18 14 49
18 15 36
18 16 2
18 18 18
18 19 21
18 20 45
18 23 19
18 25 5
18 26 47
18 27 50
18 29 69
18 30 59
18 32 51
18 33 10
18 39 37
18 40 67
18 41 6
18 43 11
18 44 46
18 45 7
18 47 31
18 52 62
18 53 13
18 54 63
18 55 29
18 56 20
18 57 12
18 61 22
18 62 8
18 63 0
18 65 58
18 67 16
18 69 66
19 3 24
19 4 27
19 10 63
19 11 28
19 12 43
19 19 3
19 20 35
19 22 54
19 23 65
19 24 20
19 29 37
19 30 18
19 32 41
19 35 19
19 36 30
19 39 8
19 40 6
19 41 55
19 42 31
19 43 1
19 45 51
19 46 15
19 48 56
19 49 45
19 50 60
19 51 48
19 54 64
19 55 21
19 59 2
19 60 58
19 64 52
19 66 57
19 67 39
19 68 34
19 69 32
20 0 65
20 3 53
20 4 8
20 5 34
20 9 47
20 13 61
20 18 27
20 19 11
20 20 17
20 22 35
20 27 56
20 28 2
20 29 58
20 30 50
20 33 68
20 35 46
20 36 51
20 38 22
20 39 45
20 40 55
20 43 64
20 44 49
20 45 28
20 46 31
20 47 32
20 49 39
20 56 66
20 57 3
20 59 5
20 61 16
20 62 41
20 65 33
20 66 23
20 67 48
20 68 12
21 1 7
21 2 52
21 4 15
21 5 58
21 6 23
21 8 10
21 13 54
21 17 21
21 19 0
21 20 48
21 22 25
21 24 50
21 26 14
21 31 30
21 32 38
21 34 49
21 36 31
21 37 44
21 38 2
21 39 53
21 40 41
21 42 16
21 48 32
21 49 37
21 50 65
21 62 29
21 63 8
21 64 28
21 65 40
21 66 4
21 67 69
21 68 57
22 0 8
22 1 13
22 3 52
22 4 65
22 5 64
22 8 15
22 9 18
22 10 31
22 11 67
22 12 19
22 15 51
22 16 46
22 17 10
22 19 59
22 20 47
22 22 33
22 23 25
22 24 55
22 26 20
22 28 53
22 29 21
22 33 29
22 34 58
22 36 3
22 37 35
22 41 28
22 42 23
22 43 63
22 44 45
22 45 12
22 47 50
22 48 61
22 49 27
22 53 26
22 54 0
22 56 60
22 59 7
22 69 42
23 2 18
23 3 68
23 4 39
23 6 13
23 8 57
23 11 5
23 15 66
23 16 16
23 17 65
23 20 52
23 22 69
23 24 63
23 25 53
23 27 22
23 30 1
23 32 3
23 34 67
23 37 55
23 38 28
23 41 0
23 42 42
23 43 51
23 44 12
23 46 48
23 50 29
23 51 23
23 55 35
23 66 47
23 67 10
23 68 17
24 1 51
24 3 18
24 4 24
24 6 49
24 7 59
24 10 55
24 12 63
24 14 36
24 16 32
24 19 43
24 20 46
24 21 23
24 22 22
24 24 47
24 25 56
24 27 4
24 28 65
24 29 10
24 30 8
24 36 39
24 37 69
24 39 54
24 45 14
24 47 66
24 53 31
24 54 33
24 58 12
24 60 7
24 61 64
25 0 19
25 1 24
25 2 58
25 3 32
25 4 64
25 6 38
25 8 47
25 9 23
25 10 26
25 11 10
25 13 33
25 15 12
25 19 40
25 20 69
25 21 52
25 22 7
25 23 8
25 26 9
25 28 31
25 30 15
25 33 48
25 34 30
25 36 16
25 37 13
25 38 62
25 40 17
25 42 41
25 45 5
25 50 6
25 52 14
25 54 37
25 55 28
25 56 0
25 57 35
25 60 2
25 63 11
25 65 20
25 66 49
25 68 1
26 0 16
26 2 46
26 3 21
26 6 63
26 9 37
26 10 15
26 13 51
26 14 66
26 16 25
26 17 40
26 18 57
26 19 17
26 21 19
26 22 41
26 24 4
26 25 26
26 27 69
26 28 64
26 31 12
26 33 54
26 35 30
26 37 10
26 40 35
26 42 58
26 44 68
26 46 8
26 47 34
26 48 39
26 49 6
26 51 53
26 56 55
26 57 24
26 58 27
26 59 65
26 62 3
26 63 42
26 66 2
26 69 23
27 1 34
27 2 37
27 5 21
27 6 15
27 8 12
27 10 20
27 11 33
27 13 2
27 14 27
27 22 59
27 24 46
27 26 63
27 27 31
27 30 36
27 31 49
27 33 16
27 35 38
27 37 1
27 39 25
27 40 60
27 41 19
27 44 65
27 45 66
27 46 10
27 47 41
27 48 64
27 49 48
27 51 13
27 52 0
27 55 24
27 56 18
27 58 5
27 59 26
27 61 9
27 63 4
27 64 55
27 67 42
28 0 10
28 1 17
28 4 36
28 5 50
28 6 69
28 7 13
28 8 2
28 9 67
28 10 16
28 11 54
28 13 22
28 19 27
28 22 5
28 23 21
28 24 68
28 26 41
28 27 6
28 30 24
28 34 62
28 36 46
28 37 11
28 38 58
28 40 28
28 43 38
28 45 45
28 46 23
28 48 65
28 49 7
28 51 59
28 53 61
28 56 32
28 58 52
28 60 25
28 62 4
28 63 40
28 67 66
28 68 30
29 2 35
29 3 30
29 4 5
29 5 57
29 12 25
29 13 48
29 16 18
29 20 54
29 22 66
29 23 64
29 26 4
29 28 28
29 30 7
29 31 21
29 32 33
29 34 61
29 35 1
29 36 10
29 37 12
29 38 0
29 39 49
29 40 47
29 41 15
29 42 45
29 44 14
29 45 23
29 52 24
29 53 2
29 54 27
29 56 17
29 59 63
29 61 65
29 62 62
29 64 8
29 65 9
29 66 50
30 2 6
30 3 58
30 5 51
30 6 48
30 10 39
30 11 27
30 12 67
30 13 41
30 15 29
30 18 63
30 22 44
30 23 47
30 25 9
30 28 13
30 32 4
30 33 33
30 35 68
30 37 60
30 39 38
30 41 24
30 43 7
30 44 15
30 49 65
30 54 16
30 56 11
30 57 18
30 58 30
30 59 37
30 62 17
30 63 12
30 66 43
30 68 64
31 0 50
31 2 54
31 3 12
31 5 60
31 6 47
31 12 38
31 14 57
31 15 6
31 17 7
31 20 10
31 21 26
31 24 52
31 25 55
31 26 16
31 28 41
31 29 53
31 30 2
31 31 1
31 32 32
31 33 67
31 35 17
31 36 28
31 39 14
31 40 33
31 44 22
31 45 18
31 51 4
31 52 69
31 53 27
31 57 20
31 59 15
31 61 8
31 62 40
31 63 25
31 69 21
32 3 55
32 4 1
32 5 62
32 7 14
32 10 19
32 11 3
32 12 2
32 13 37
32 15 65
32 16 13
32 18 64
32 19 28
32 20 26
32 22 47
32 23 46
32 25 18
32 27 60
32 32 49
32 33 21
32 34 51
32 35 36
32 37 16
32 38 11
32 39 23
32 40 0
32 42 32
32 44 24
32 47 43
32 52 15
32 53 42
32 55 50
32 56 38
32 57 59
32 59 34
32 61 58
32 62 45
32 63 22
32 64 29
32 68 48
32 69 30
33 2 15
33 3 4
33 4 41
33 5 54
33 6 43
33 7 35
33 8 33
33 9 17
33 11 1
33 14 0
33 17 25
33 19 64
33 20 53
33 21 13
33 22 3
33 24 23
33 26 48
33 31 22
33 32 8
33 33 65
33 34 5
33 36 55
33 38 39
33 39 26
33 43 67
33 44 37
33 45 57
33 47 46
33 50 16
33 55 42
33 59 27
33 60 14
33 62 7
33 64 66
33 66 38
33 68 47
34 1 64
34 2 60
34 3 29
34 4 12
34 5 9
34 6 67
34 9 31
34 11 26
34 12 20
34 13 32
34 14 11
34 15 56
34 18 59
34 22 61
34 23 3
34 25 37
34 27 17
34 28 7
34 34 18
34 36 4
34 37 66
34 39 39
34 41 44
34 42 0
34 45 54
34 46 27
34 49 49
34 50 5
34 52 47
34 53 10
34 56 33
34 57 63
34 58 34
34 68 35
34 69 28
35 0 20
35 1 65
35 4 22
35 5 36
35 7 21
35 8 5
35 9 16
35 11 61
35 12 68
35 17 45
35 18 26
35 20 64
35 21 63
35 25 47
35 26 11
35 27 35
35 29 38
35 35 59
35 36 56
35 39 48
35 40 39
35 41 10
35 42 24
35 55 52
35 59 42
35 60 60
35 61 13
35 62 50
35 64 12
35 65 51
35 66 14
35 69 8
36 0 6
36 1 33
36 2 50
36 7 39
36 8 32
36 9 4
36 11 44
36 12 14
36 14 68
36 16 56
36 19 49
36 21 12
36 25 52
36 26 21
36 28 47
36 30 0
36 31 19
36 34 2
36 36 40
36 37 54
36 38 26
36 40 59
36 41 9
36 44 11
36 48 28
36 49 62
36 51 58
36 53 41
36 56 51
36 58 38
36 60 31
36 61 46
36 62 64
36 63 57
36 64 43
36 65 55
36 66 36
37 0 38
37 1 57
37 6 54
37 7 44
37 9 64
37 10 65
37 12 4
37 14 47
37 16 15
37 17 55
37 18 0
37 21 49
37 26 67
37 27 5
37 28 26
37 32 7
37 33 61
37 35 12
37 36 32
37 37 20
37 38 21
37 39 22
37 40 9
37 41 14
37 42 6
37 43 2
37 48 25
37 51 3
37 52 11
37 56 29
37 58 62
37 59 43
37 61 24
37 62 1
37 63 18
37 66 68
37 69 69
38 0 9
38 1 4
38 2 0
38 3 41
38 4 21
38 5 61
38 6 45
38 8 13
38 12 51
38 13 57
38 17 56
38 18 48
38 19 68
38 20 5
38 21 40
38 23 44
38 24 7
38 25 8
38 28 34
38 32 6
38 33 66
38 37 36
38 38 47
38 39 28
38 42 17
38 43 16
38 44 53
38 46 33
38 49 31
38 52 22
38 53 32
38 57 58
38 58 50
38 59 19
38 63 39
38 65 43
38 66 26
38 67 38
38 68 46
39 0 63
39 1 38
39 3 6
39 6 9
39 8 29
39 9 5
39 13 46
39 14 32
39 16 22
39 18 8
39 21 3
39 23 43
39 28 18
39 30 55
39 33 31
39 34 34
39 36 65
39 37 27
39 39 4
39 40 26
39 41 54
39 42 59
39 46 67
39 47 30
39 48 68
39 49 47
39 50 42
39 53 56
39 55 11
39 57 52
39 59 49
39 60 57
39 61 48
39 62 61
39 65 35
39 66 1
40 2 8
40 4 31
40 5 47
40 6 12
40 7 36
40 11 53
40 15 23
40 16 62
40 17 58
40 21 37
40 24 42
40 25 34
40 26 49
40 29 22
40 30 4
40 34 52
40 37 64
40 39 61
40 42 14
40 43 5
40 45 56
40 46 0
40 47 69
40 49 50
40 50 13
40 51 26
40 52 18
40 55 51
40 57 32
40 58 6
40 60 24
40 61 60
40 62 10
40 63 55
40 65 39
40 68 9
41 0 34
41 1 10
41 7 48
41 9 51
41 11 20
41 12 55
41 15 44
41 17 43
41 18 30
41 19 29
41 22 18
41 24 24
41 25 33
41 26 36
41 27 8
41 28 56
41 29 4
41 31 40
41 33 9
41 36 26
41 37 41
41 40 61
41 41 66
41 45 19
41 46 21
41 48 67
41 50 2
41 54 15
41 56 52
41 62 31
41 63 14
41 65 63
41 67 7
41 68 68
41 69 12
42 0 15
42 1 30
42 2 45
42 3 36
42 7 26
42 9 60
42 12 53
42 13 23
42 15 64
42 16 47
42 19 42
42 20 24
42 22 39
42 23 22
42 25 13
42 27 58
42 29 31
42 30 68
42 31 14
42 33 17
42 34 69
42 36 12
42 37 67
42 39 5
42 40 8
42 41 21
42 42 38
42 43 50
42 48 1
42 50 32
42 51 66
42 52 29
42 53 0
42 55 33
42 56 54
42 57 46
42 58 41
42 62 56
42 63 51
42 65 57
43 0 4
43 1 23
43 3 48
43 4 29
43 6 28
43 7 68
43 8 44
43 11 16
43 12 9
43 13 31
43 16 5
43 17 36
43 18 22
43 19 55
43 20 32
43 22 34
43 24 3
43 25 12
43 27 66
43 28 6
43 33 7
43 34 24
43 37 62
43 39 43
43 41 59
43 42 26
43 43 42
43 44 67
43 47 54
43 48 37
43 50 11
43 53 8
43 55 41
43 56 56
43 60 64
43 61 15
43 69 58
44 1 12
44 2 62
44 4 49
44 6 16
44 10 52
44 15 67
44 19 30
44 22 51
44 25 48
44 26 56
44 27 44
44 29 68
44 30 58
44 31 2
44 33 11
44 34 45
44 36 18
44 37 5
44 38 14
44 39 55
44 41 47
44 46 29
44 48 34
44 51 19
44 52 59
44 54 3
44 56 24
44 57 7
44 58 33
44 59 41
44 60 28
44 62 35
44 65 61
44 67 60
44 68 21
45 2 61
45 3 57
45 4 25
45 11 29
45 12 15
45 16 11
45 18 12
45 24 6
45 26 50
45 29 59
45 30 42
45 32 67
45 36 7
45 37 38
45 39 9
45 40 53
45 41 51
45 45 24
45 46 58
45 47 4
45 49 60
45 50 10
45 51 40
45 52 52
45 54 45
45 56 28
45 58 39
45 63 43
45 65 37
45 66 48
45 67 49
45 68 66
46 10 23
46 15 61
46 17 11
46 18 47
46 19 5
46 22 55
46 23 54
46 24 15
46 29 51
46 30 66
46 32 20
46 34 36
46 35 48
46 36 41
46 39 50
46 44 28
46 45 25
46 47 27
46 53 16
46 54 52
46 58 67
46 60 35
46 66 39
46 67 18
46 69 49
47 2 41
47 6 56
47 10 42
47 12 16
47 13 36
47 14 35
47 18 13
47 20 15
47 23 11
47 26 0
47 27 52
47 28 58
47 29 63
47 30 43
47 32 29
47 33 30
47 34 48
47 35 9
47 38 6
47 39 12
47 42 54
47 45 49
47 46 20
47 47 39
47 49 67
47 53 25
47 56 21
47 60 46
47 62 28
47 63 64
47 68 4
48 2 56
48 4 68
48 5 19
48 6 62
48 7 30
48 8 51
48 11 57
48 12 39
48 13 7
48 14 52
48 17 15
48 19 48
48 22 36
48 23 45
48 24 1
48 26 54
48 29 20
48 37 63
48 39 31
48 40 64
48 41 41
48 43 18
48 45 6
48 46 42
48 51 25
48 55 13
48 57 27
48 58 4
48 62 2
48 63 47
48 66 11
48 67 24
49 2 49
49 3 28
49 5 20
49 10 53
49 12 42
49 13 63
49 15 10
49 17 6
49 19 13
49 21 68
49 23 23
49 25 3
49 27 33
49 28 39
49 29 46
49 30 31
49 31 9
49 33 36
49 34 65
49 35 51
49 37 58
49 41 50
49 42 69
49 43 17
49 44 66
49 49 54
49 50 40
49 53 34
49 55 14
49 57 4
49 58 26
49 60 41
49 61 29
49 63 44
49 64 15
49 66 24
50 2 53
50 8 21
50 12 57
50 14 15
50 15 11
50 16 49
50 20 67
50 23 7
50 25 36
50 26 51
50 29 33
50 30 65
50 32 16
50 34 56
50 37 2
50 38 25
50 40 29
50 41 37
50 42 46
50 45 35
50 47 58
50 51 64
50 52 23
50 53 68
50 55 34
50 56 13
50 58 17
50 59 40
50 60 66
50 61 18
50 64 39
50 66 32
50 67 8
51 2 3
51 4 26
51 6 31
51 7 38
51 8 39
51 13 49
51 16 51
51 18 69
51 19 60
51 20 62
51 21 47
51 22 24
51 23 68
51 26 5
51 28 54
51 32 44
51 33 27
51 34 21
51 35 15
51 36 43
51 37 17
51 38 65
51 41 11
51 42 33
51 47 1
51 48 52
51 49 8
51 51 10
51 56 40
51 58 37
51 59 4
51 61 32
51 63 34
51 64 30
51 65 29
51 66 66
51 69 0
52 1 2
52 2 11
52 4 66
52 6 68
52 11 7
52 12 44
52 13 39
52 15 59
52 16 6
52 17 64
52 18 3
52 20 38
52 22 37
52 23 10
52 24 29
52 26 52
52 27 67
52 28 1
52 30 17
52 31 5
52 32 61
52 36 0
52 38 42
52 39 40
52 40 56
52 41 60
52 42 4
52 43 69
52 45 33
52 47 63
52 49 57
52 51 50
52 52 49
52 56 15
52 57 62
52 61 30
52 62 16
52 63 27
52 65 47
52 68 8
52 69 26
53 1 15
53 2 5
53 3 44
53 4 0
53 7 53
53 11 6
53 16 19
53 19 12
53 20 27
53 23 37
53 25 54
53 27 13
53 28 22
53 29 36
53 30 38
53 33 42
53 35 2
53 37 21
53 39 63
53 40 66
53 41 32
53 45 31
53 46 25
53 48 41
53 54 49
53 58 35
53 59 58
53 61 57
53 62 69
53 64 60
53 65 16
53 68 23
54 1 28
54 2 63
54 3 13
54 4 17
54 5 22
54 7 45
54 10 69
54 13 8
54 14 67
54 15 39
54 16 37
54 18 19
54 20 21
54 21 43
54 24 64
54 27 30
54 28 20
54 32 47
54 33 14
54 34 40
54 39 2
54 42 5
54 46 11
54 48 10
54 51 27
54 53 12
54 57 57
54 61 54
54 62 18
54 64 4
54 68 36
54 69 56
55 0 67
55 1 56
55 2 27
55 3 0
55 5 59
55 8 28
55 10 6
55 11 36
55 12 5
55 14 29
55 16 54
55 18 49
55 19 1
55 20 2
55 23 61
55 24 33
55 25 69
55 26 30
55 28 63
55 29 24
55 30 62
55 31 38
55 33 64
55 34 37
55 36 22
55 37 19
55 39 46
55 40 68
55 45 42
55 47 14
55 48 31
55 49 43
55 51 8
55 52 9
55 53 58
55 54 57
55 55 20
55 58 11
55 60 45
55 61 40
55 69 17
56 0 37
56 1 40
56 2 20
56 3 51
56 5 18
56 7 42
56 8 25
56 10 11
56 12 66
56 15 54
56 16 63
56 17 8
56 20 55
56 22 29
56 23 27
56 24 41
56 25 17
56 28 0
56 30 64
56 31 62
56 33 53
56 35 50
56 39 13
56 41 39
56 45 48
56 46 2
56 47 67
56 49 32
56 50 1
56 52 44
56 53 30
56 54 26
56 58 31
56 60 38
56 65 7
56 69 45
57 0 62
57 3 10
57 4 47
57 5 4
57 7 31
57 8 26
57 9 68
57 12 56
57 13 15
57 14 48
57 15 57
57 18 28
57 19 63
57 20 6
57 21 39
57 23 33
57 24 22
57 28 51
57 32 36
57 34 29
57 35 25
57 38 64
57 39 35
57 40 32
57 45 53
57 50 66
57 51 5
57 52 34
57 56 58
57 57 40
57 58 55
57 59 17
57 61 61
57 62 20
57 63 9
57 64 23
57 65 69
58 0 35
58 2 29
58 5 68
58 6 5
58 7 57
58 8 27
58 9 55
58 14 28
58 15 1
58 16 33
58 23 50
58 28 8
58 29 16
58 32 64
58 35 53
58 37 48
58 38 3
58 39 19
58 40 18
58 41 52
58 47 21
58 48 49
58 49 40
58 50 31
58 51 7
58 53 62
58 54 59
58 55 38
58 56 41
58 57 54
58 59 36
58 61 17
58 65 11
58 66 42
58 67 15
58 68 43
59 4 52
59 8 42
59 13 19
59 14 54
59 15 5
59 16 20
59 17 26
59 19 36
59 20 28
59 21 53
59 22 62
59 23 66
59 24 57
59 25 11
59 28 27
59 30 10
59 32 58
59 36 68
59 37 32
59 40 7
59 44 9
59 47 6
59 50 14
59 51 38
59 54 65
59 59 29
59 64 45
59 68 13
60 2 28
60 6 55
60 8 34
60 9 11
60 15 62
60 16 4
60 18 15
60 19 67
60 20 68
60 22 20
60 23 48
60 26 27
60 30 56
60 32 59
60 34 17
60 37 8
60 39 52
60 43 3
60 45 2
60 46 39
60 47 29
60 48 26
60 55 53
60 56 12
60 57 9
60 58 44
60 60 33
60 62 51
60 64 19
60 65 23
60 68 38
60 69 24
61 1 11
61 6 3
61 7 17
61 8 61
61 10 57
61 15 48
61 16 50
61 19 45
61 20 66
61 21 8
61 24 62
61 27 37
61 30 19
61 31 32
61 34 63
61 35 41
61 36 13
61 38 31
61 40 69
61 41 65
61 44 23
61 48 36
61 49 5
61 50 43
61 51 28
61 52 42
61 54 56
61 56 22
61 58 2
61 59 20
61 61 7
61 62 15
62 0 61
62 4 55
62 5 8
62 11 43
62 15 45
62 19 32
62 22 15
62 26 42
62 27 39
62 28 48
62 30 35
62 31 37
62 34 47
62 35 26
62 37 3
62 42 66
62 44 33
62 49 24
62 50 64
62 52 40
62 54 41
62 55 31
62 58 57
62 64 14
62 65 27
62 66 13
62 69 4
63 1 32
63 3 42
63 4 57
63 5 11
63 9 49
63 11 64
63 12 36
63 14 51
63 15 55
63 17 30
63 19 58
63 21 15
63 26 12
63 31 8
63 32 50
63 34 53
63 36 19
63 39 29
63 40 31
63 42 34
63 44 10
63 45 67
63 46 68
63 47 56
63 51 43
63 52 37
63 54 24
63 55 1
63 57 21
63 60 13
63 61 23
63 62 52
63 63 45
63 64 40
63 66 65
63 69 16
64 1 35
64 2 14
64 3 25
64 5 39
64 6 40
64 8 37
64 9 44
64 11 41
64 17 52
64 19 31
64 23 16
64 26 61
64 30 13
64 31 20
64 32 68
64 33 5
64 34 54
64 38 38
64 40 62
64 43 48
64 48 21
64 55 4
64 60 3
64 62 57
64 66 6
64 69 7
65 3 66
65 4 4
65 7 15
65 9 14
65 10 44
65 11 47
65 13 9
65 14 8
65 17 35
65 22 27
65 27 20
65 30 6
65 31 54
65 34 12
65 35 3
65 37 42
65 38 23
65 41 57
65 43 30
65 44 51
65 45 26
65 46 40
65 51 67
65 52 28
65 54 62
65 59 50
65 60 18
65 61 5
65 63 59
65 64 65
65 68 41
65 69 43
66 0 44
66 1 42
66 2 19
66 7 67
66 8 59
66 10 49
66 12 37
66 13 66
66 14 18
66 15 33
66 16 21
66 17 12
66 19 62
66 20 63
66 21 45
66 22 31
66 25 0
66 27 23
66 28 29
66 29 39
66 32 27
66 34 13
66 35 56
66 36 57
66 38 35
66 39 51
66 40 1
66 41 68
66 42 50
66 43 52
66 45 30
66 48 48
66 49 4
66 51 24
66 53 69
66 55 55
66 57 11
66 59 25
66 61 28
66 67 61
66 68 60
66 69 53
67 0 47
67 1 3
67 2 40
67 6 58
67 7 7
67 8 60
67 9 33
67 17 37
67 19 14
67 20 30
67 22 23
67 23 24
67 24 69
67 25 6
67 27 32
67 28 38
67 29 65
67 30 27
67 32 35
67 36 11
67 38 54
67 40 57
67 42 10
67 43 28
67 46 22
67 50 49
67 55 9
67 56 63
67 59 64
67 64 61
67 65 21
67 69 48
68 1 44
68 2 17
68 3 65
68 6 4
68 9 12
68 10 33
68 12 18
68 14 23
68 16 9
68 18 1
68 20 56
68 21 41
68 24 38
68 26 34
68 27 59
68 28 69
68 29 66
68 30 30
68 32 13
68 33 40
68 34 43
68 35 63
68 36 58
68 38 27
68 40 2
68 41 36
68 46 61
68 49 16
68 50 20
68 53 6
68 55 8
68 58 15
68 59 60
68 60 19
68 61 53
68 64 50
68 66 54
68 67 3
69 0 31
69 1 54
69 2 36
69 4 3
69 6 51
69 8 6
69 11 25
69 12 49
69 14 26
69 16 24
69 18 37
69 19 35
69 21 7
69 23 32
69 25 20
69 27 43
69 30 44
69 33 58
69 38 61
69 39 0
69 43 59
69 44 30
69 46 18
69 47 60
69 49 38
69 52 65
69 55 39
69 57 69
69 58 48
69 60 55
69 61 66
69 64 13
69 65 8
69 66 17
