60
0 0 38
0 1 7
0 3 25
0 4 56
0 5 57
0 6 46
0 7 50
0 8 1
0 9 6
0 10 20
0 12 17
0 13 42
0 15 37
0 16 27
0 19 40
0 20 33
0 23 16
0 24 31
0 25 49
0 26 26
0 28 21
0 30 10
0 31 8
0 32 28
0 34 44
0 35 19
0 36 53
0 37 54
0 38 48
0 39 3
0 40 41
0 41 29
0 43 52
0 44 39
0 45 14
0 46 35
0 47 58
0 48 2
0 54 0
0 55 51
0 57 15
0 59 47
1 0 14
1 3 7
1 5 17
1 6 0
1 7 13
1 8 59
1 9 12
1 10 26
1 12 33
1 13 35
1 14 9
1 15 15
1 16 55
1 18 10
1 19 11
1 20 58
1 21 24
1 22 53
1 23 54
1 24 57
1 25 43
1 26 22
1 27 46
1 29 52
1 30 3
1 31 37
1 32 18
1 33 16
1 34 34
1 35 5
1 36 6
1 37 2
1 39 4
1 41 31
1 42 32
1 43 28
1 46 51
1 47 21
1 48 41
1 50 40
1 51 48
1 52 20
1 53 25
1 54 50
1 55 38
1 56 27
1 57 42
1 58 29
1 59 1
2 0 42
2 1 38
2 2 31
2 4 32
2 5 7
2 6 15
2 8 54
2 9 17
2 10 37
2 11 43
2 13 34
2 15 16
2 16 51
2 17 20
2 18 59
2 20 5
2 21 3
2 22 27
2 23 33
2 24 25
2 25 53
2 27 19
2 28 48
2 29 13
2 30 50
2 31 12
2 32 30
2 34 58
2 35 4
2 36 36
2 37 40
2 38 47
2 41 2
2 43 6
2 44 45
2 45 44
2 46 46
2 47 57
2 49 29
2 50 1
2 51 28
2 52 9
2 53 41
2 54 23
2 56 0
2 58 8
3 2 40
3 3 48
3 4 13
3 5 14
3 6 37
3 7 38
3 8 19
3 9 8
3 10 29
3 11 33
3 12 15
3 13 39
3 15 20
3 17 34
3 18 3
3 19 0
3 20 45
3 21 32
3 22 54
3 23 56
3 25 30
3 26 2
3 27 10
3 28 7
3 29 55
3 31 21
3 33 58
3 34 53
3 35 47
3 36 43
3 38 27
3 40 36
3 41 42
3 42 41
3 43 51
3 44 22
3 45 28
3 46 11
3 47 50
3 48 59
3 49 52
3 50 17
3 51 35
3 52 23
3 53 49
3 54 24
3 56 16
3 58 57
3 59 44
4 0 45
4 1 15
4 2 49
4 3 8
4 4 46
4 5 32
4 6 16
4 8 50
4 10 22
4 11 25
4 12 34
4 13 11
4 14 54
4 15 36
4 16 1
4 17 31
4 18 14
4 19 48
4 20 19
4 22 0
4 23 42
4 24 7
4 25 41
4 26 40
4 27 17
4 28 52
4 29 26
4 30 43
4 31 55
4 32 57
4 33 21
4 34 51
4 35 20
4 36 12
4 38 10
4 40 2
4 41 30
4 43 27
4 45 53
4 46 44
4 47 3
4 48 47
4 49 33
4 51 6
4 52 18
4 54 38
4 55 9
4 56 13
4 57 56
4 58 58
4 59 23
5 0 5
5 2 13
5 5 11
5 6 17
5 8 18
5 9 20
5 10 51
5 12 25
5 13 40
5 14 44
5 15 29
5 16 48
5 17 53
5 18 26
5 19 55
5 20 31
5 21 7
5 23 32
5 24 6
5 26 10
5 27 15
5 28 9
5 29 54
5 30 59
5 31 33
5 32 50
5 33 52
5 34 45
5 35 34
5 36 28
5 37 8
5 38 41
5 39 30
5 40 42
5 42 22
5 43 39
5 45 56
5 46 27
5 47 0
5 48 23
5 49 19
5 50 21
5 51 4
5 53 3
5 54 35
5 55 14
5 56 12
5 57 58
5 58 43
5 59 36
6 0 58
6 1 36
6 2 32
6 3 45
6 4 22
6 5 0
6 6 24
6 7 57
6 8 53
6 9 3
6 10 55
6 12 16
6 14 2
6 15 34
6 16 9
6 17 41
6 19 37
6 20 15
6 21 52
6 22 35
6 25 44
6 26 11
6 28 46
6 29 31
6 30 8
6 33 18
6 35 10
6 37 12
6 38 20
6 39 5
6 40 26
6 41 33
6 42 25
6 43 17
6 44 1
6 45 13
6 46 29
6 47 56
6 48 19
6 51 59
6 52 43
6 53 28
6 54 14
6 55 27
6 56 30
6 58 7
6 59 38
7 1 29
7 2 50
7 4 25
7 5 47
7 6 32
7 7 27
7 8 30
7 9 58
7 10 8
7 11 35
7 12 11
7 13 1
7 15 0
7 16 17
7 18 38
7 19 6
7 20 22
7 21 19
7 22 4
7 23 51
7 24 13
7 25 9
7 26 23
7 27 3
7 28 14
7 29 40
7 30 26
7 31 52
7 34 21
7 35 56
7 36 33
7 37 46
7 38 37
7 39 20
7 40 48
7 41 55
7 43 34
7 44 59
7 45 39
7 46 36
7 47 43
7 48 31
7 49 41
7 51 5
7 52 49
7 53 7
7 54 28
7 56 53
7 57 24
7 59 2
8 0 36
8 2 38
8 3 40
8 4 10
8 5 27
8 6 41
8 7 55
8 9 31
8 10 49
8 11 59
8 12 58
8 13 54
8 14 57
8 15 28
8 16 56
8 18 8
8 19 12
8 20 46
8 21 34
8 22 11
8 23 2
8 24 43
8 25 16
8 26 1
8 28 5
8 29 21
8 30 44
8 31 39
8 32 23
8 33 29
8 35 48
8 36 32
8 37 3
8 39 25
8 40 7
8 42 42
8 43 47
8 44 0
8 45 37
8 47 35
8 49 15
8 50 14
8 51 19
8 52 53
8 53 18
8 54 6
8 55 30
8 56 51
8 57 26
8 58 9
8 59 17
9 0 29
9 1 49
9 2 26
9 3 36
9 4 0
9 5 43
9 6 23
9 7 3
9 8 6
9 9 27
9 10 7
9 11 51
9 12 10
9 14 59
9 15 31
9 16 41
9 19 14
9 20 11
9 21 38
9 23 4
9 24 19
9 25 2
9 26 42
9 27 48
9 28 47
9 29 15
9 31 50
9 32 8
9 33 13
9 34 17
9 35 53
9 36 58
9 37 33
9 38 30
9 39 34
9 41 25
9 43 44
9 44 57
9 47 18
9 48 28
9 49 9
9 50 46
9 51 45
9 52 37
9 53 54
9 54 32
9 55 39
9 56 56
9 58 24
9 59 35
10 0 12
10 1 0
10 2 34
10 3 1
10 6 43
10 7 45
10 8 29
10 9 24
10 10 21
10 11 5
10 12 54
10 13 13
10 14 56
10 15 2
10 16 10
10 17 18
10 18 20
10 19 27
10 20 4
10 22 39
10 23 22
10 24 3
10 25 40
10 27 6
10 28 53
10 30 28
10 31 15
10 33 23
10 34 30
10 35 32
10 36 51
10 37 35
10 38 9
10 40 49
10 42 26
10 43 16
10 44 7
10 45 59
10 46 50
10 47 47
10 48 36
10 50 52
10 51 14
10 52 57
10 53 17
10 56 8
10 57 55
10 59 31
11 0 21
11 2 20
11 3 38
11 4 35
11 5 37
11 6 34
11 7 14
11 8 41
11 9 45
11 10 5
11 11 9
11 12 30
11 13 33
11 15 32
11 17 56
11 18 36
11 19 44
11 21 57
11 22 18
11 23 53
11 24 29
11 25 54
11 26 48
11 27 39
11 28 17
11 30 22
11 31 1
11 32 55
11 33 11
11 34 7
11 36 24
11 37 15
11 38 2
11 39 19
11 40 47
11 41 43
11 43 46
11 44 8
11 45 16
11 46 0
11 47 28
11 48 51
11 49 49
11 50 25
11 51 42
11 53 26
11 54 13
11 55 59
11 57 23
11 58 27
12 0 3
12 1 12
12 3 56
12 6 10
12 7 17
12 10 50
12 11 15
12 13 53
12 14 45
12 15 52
12 16 57
12 18 54
12 19 25
12 20 16
12 21 28
12 22 9
12 23 59
12 24 44
12 25 24
12 26 21
12 27 18
12 29 22
12 30 13
12 32 7
12 33 43
12 34 1
12 35 6
12 36 41
12 37 34
12 38 11
12 39 39
12 40 35
12 41 36
12 42 19
12 43 40
12 44 33
12 45 31
12 46 30
12 49 47
12 50 8
12 51 29
12 52 48
12 53 23
12 54 51
12 55 55
12 56 26
12 57 0
12 58 46
12 59 58
13 0 50
13 1 34
13 2 52
13 4 39
13 5 13
13 6 7
13 7 8
13 8 36
13 10 2
13 12 12
13 13 10
13 15 17
13 16 30
13 17 32
13 18 40
13 19 41
13 20 44
13 22 22
13 24 14
13 26 47
13 27 55
13 28 42
13 29 58
13 32 19
13 33 38
13 34 27
13 35 15
13 36 0
13 37 6
13 40 20
13 41 35
13 42 11
13 43 31
13 44 3
13 45 18
13 46 43
13 47 46
13 48 29
13 49 54
13 50 33
13 51 1
13 52 59
13 53 53
13 55 56
13 56 24
13 58 45
13 59 49
14 0 6
14 1 46
14 2 8
14 4 4
14 5 45
14 6 22
14 7 0
14 8 57
14 9 30
14 10 14
14 11 44
14 12 28
14 13 47
14 15 9
14 17 58
14 18 42
14 20 26
14 21 10
14 22 49
14 23 3
14 24 32
14 25 35
14 26 7
14 28 13
14 30 24
14 31 36
14 32 1
14 35 40
14 36 17
14 37 43
14 38 59
14 39 21
14 41 41
14 42 53
14 43 48
14 44 15
14 46 31
14 47 34
14 48 54
14 49 12
14 50 27
14 51 52
14 52 2
14 53 20
14 54 11
14 55 33
14 56 25
14 58 38
14 59 18
15 0 39
15 1 17
15 2 42
15 3 15
15 4 18
15 5 2
15 6 20
15 7 35
15 9 36
15 10 30
15 11 10
15 14 29
15 15 48
15 17 59
15 18 37
15 19 33
15 20 7
15 23 14
15 24 28
15 25 0
15 26 49
15 27 31
15 28 58
15 29 56
15 31 54
15 34 12
15 35 22
15 36 16
15 37 55
15 38 44
15 39 24
15 40 32
15 42 34
15 43 11
15 45 45
15 46 4
15 48 21
15 51 50
15 52 6
15 53 1
15 54 57
15 55 26
15 56 47
15 58 51
15 59 43
16 1 1
16 2 15
16 3 27
16 4 41
16 5 30
16 6 55
16 7 47
16 8 23
16 9 29
16 10 56
16 11 7
16 12 26
16 13 16
16 17 45
16 18 12
16 21 9
16 22 51
16 23 20
16 24 22
16 26 38
16 27 14
16 29 42
16 30 57
16 31 32
16 32 5
16 33 37
16 34 24
16 35 8
16 36 40
16 37 39
16 38 28
16 39 33
16 40 52
16 41 49
16 42 2
16 43 35
16 44 48
16 45 36
16 46 58
16 47 6
16 48 43
16 49 25
16 50 54
16 51 34
16 52 21
16 53 0
16 55 19
16 56 10
16 58 50
16 59 46
17 0 1
17 2 14
17 3 20
17 5 18
17 7 29
17 9 33
17 10 58
17 11 4
17 12 0
17 13 28
17 14 40
17 15 35
17 17 42
17 19 57
17 20 25
17 21 13
17 22 52
17 23 34
17 24 38
17 25 48
17 26 5
17 27 59
17 28 43
17 32 51
17 33 46
17 34 8
17 35 23
17 37 21
17 38 50
17 40 56
17 41 15
17 42 39
17 43 32
17 44 2
17 45 27
17 46 26
17 47 7
17 48 10
17 49 45
17 52 41
17 53 44
17 55 22
17 56 54
17 58 55
17 59 6
18 0 34
18 1 53
18 2 23
18 4 29
18 5 22
18 6 57
18 7 31
18 8 47
18 9 40
18 11 14
18 13 30
18 14 5
18 15 59
18 16 8
18 17 15
18 19 18
18 21 48
18 22 32
18 23 55
18 24 46
18 25 11
18 26 20
18 27 38
18 29 49
18 30 42
18 31 17
18 32 36
18 33 33
18 34 28
18 35 0
18 36 10
18 37 25
18 38 3
18 39 45
18 40 44
18 41 12
18 42 9
18 44 4
18 45 6
18 46 41
18 47 51
18 49 24
18 50 37
18 51 26
18 52 54
18 55 2
18 56 58
18 57 21
18 58 35
19 0 32
19 2 57
19 4 58
19 6 18
19 7 56
19 8 12
19 9 0
19 10 31
19 11 24
19 12 22
19 13 44
19 14 42
19 15 38
19 16 45
19 17 30
19 18 1
19 19 50
19 20 17
19 21 46
19 22 59
19 23 25
19 24 37
19 25 19
19 26 52
19 27 41
19 28 6
19 29 48
19 30 36
19 32 43
19 34 11
19 35 49
19 36 54
19 37 20
19 38 34
19 40 14
19 41 53
19 43 13
19 46 40
19 47 23
19 48 9
19 49 26
19 50 39
19 54 8
19 56 21
19 58 5
19 59 3
20 0 28
20 1 52
20 3 50
20 4 48
20 5 5
20 6 30
20 7 39
20 9 53
20 10 12
20 11 13
20 12 18
20 13 58
20 14 32
20 15 19
20 16 14
20 17 47
20 18 49
20 19 43
20 20 55
20 21 27
20 22 38
20 23 21
20 24 33
20 25 36
20 26 57
20 27 25
20 28 3
20 29 34
20 30 51
20 31 10
20 34 16
20 35 17
20 36 35
20 38 31
20 39 46
20 41 8
20 43 59
20 44 24
20 45 20
20 46 23
20 47 11
20 48 6
20 49 22
20 53 56
20 54 41
20 57 44
21 0 53
21 1 11
21 3 29
21 5 20
21 7 46
21 8 51
21 9 54
21 10 18
21 11 31
21 13 56
21 14 1
21 15 14
21 16 13
21 17 23
21 19 26
21 20 34
21 21 58
21 22 57
21 23 27
21 24 40
21 25 3
21 26 39
21 27 47
21 30 19
21 31 49
21 32 17
21 34 15
21 35 24
21 36 48
21 37 44
21 38 16
21 40 43
21 41 28
21 42 33
21 43 55
21 44 35
21 45 10
21 46 9
21 47 5
21 48 25
21 51 38
21 52 4
21 53 52
21 54 37
21 58 41
21 59 22
22 0 43
22 1 3
22 4 31
22 5 15
22 6 52
22 7 33
22 8 16
22 9 11
22 11 49
22 12 38
22 13 2
22 14 35
22 16 28
22 17 54
22 18 25
22 19 56
22 21 1
22 22 47
22 28 10
22 29 6
22 30 34
22 31 20
22 32 29
22 33 53
22 34 9
22 36 59
22 37 19
22 38 14
22 39 36
22 40 40
22 41 50
22 42 21
22 43 18
22 44 26
22 45 58
22 46 7
22 47 37
22 49 23
22 50 32
22 51 41
22 52 8
22 53 22
22 55 4
22 56 55
22 57 57
23 1 33
23 3 47
23 4 37
23 5 40
23 6 11
23 8 55
23 9 16
23 10 32
23 11 23
23 12 49
23 13 57
23 14 4
23 15 5
23 16 31
23 17 43
23 18 13
23 24 1
23 25 52
23 26 35
23 27 45
23 30 39
23 31 59
23 32 38
23 33 42
23 34 26
23 35 25
23 36 2
23 38 46
23 40 51
23 41 7
23 42 28
23 43 14
23 44 20
23 45 9
23 46 54
23 47 24
23 48 15
23 49 17
23 50 41
23 52 29
23 53 21
23 55 6
23 58 53
23 59 50
24 0 16
24 1 30
24 2 48
24 3 59
24 5 52
24 6 12
24 7 44
24 8 20
24 9 26
24 10 9
24 11 2
24 13 3
24 16 29
24 17 0
24 20 21
24 23 13
24 24 4
24 26 15
24 28 35
24 30 11
24 31 53
24 32 25
24 33 45
24 35 58
24 36 38
24 37 7
24 38 40
24 39 57
24 41 17
24 42 50
24 43 19
24 44 56
24 45 46
24 46 8
24 48 37
24 49 51
24 50 36
24 51 49
24 52 22
24 53 6
24 55 54
24 56 32
24 57 41
24 58 34
24 59 33
25 0 0
25 2 6
25 3 33
25 4 8
25 5 21
25 6 14
25 7 58
25 8 31
25 9 52
25 10 48
25 12 3
25 13 15
25 16 54
25 17 40
25 18 41
25 19 9
25 20 2
25 21 23
25 22 28
25 23 47
25 24 56
25 25 55
25 26 29
25 27 26
25 28 1
25 30 32
25 31 51
25 32 49
25 33 34
25 34 37
25 35 27
25 37 50
25 38 24
25 39 17
25 40 5
25 41 45
25 45 11
25 46 42
25 48 46
25 49 43
25 50 59
25 51 16
25 52 7
25 53 10
25 54 22
25 55 53
25 56 36
25 57 12
25 58 4
25 59 19
26 0 49
26 2 29
26 3 52
26 4 33
26 5 19
26 7 9
26 8 3
26 9 28
26 11 34
26 12 40
26 13 51
26 14 17
26 17 26
26 18 27
26 19 20
26 20 8
26 21 11
26 22 36
26 23 5
26 24 15
26 25 39
26 28 50
26 29 44
26 30 46
26 31 23
26 32 37
26 35 57
26 37 13
26 38 35
26 40 21
26 41 6
26 42 0
26 43 58
26 44 54
26 45 38
26 47 1
26 48 55
26 50 18
26 51 30
26 52 14
26 53 24
26 54 43
26 55 10
26 56 22
26 58 2
26 59 41
27 1 41
27 3 26
27 4 52
27 5 53
27 6 1
27 7 23
27 8 22
27 9 51
27 10 44
27 11 0
27 12 55
27 13 45
27 14 37
27 15 6
27 16 24
27 19 34
27 20 30
27 22 58
27 23 15
27 24 21
27 25 17
27 26 50
27 27 29
27 28 54
27 29 2
27 30 7
27 32 33
27 33 27
27 34 13
27 36 8
27 37 9
27 38 39
27 39 47
27 40 18
27 41 10
27 42 46
27 45 42
27 46 32
27 47 14
27 48 40
27 49 35
27 50 4
27 51 25
27 53 59
27 54 48
27 55 20
27 56 31
27 58 49
27 59 28
28 0 55
28 1 21
28 2 43
28 3 12
28 6 56
28 7 41
28 8 5
28 9 7
28 10 6
28 11 20
28 12 19
28 13 26
28 14 13
28 15 1
28 16 37
28 17 28
28 18 15
28 20 0
28 21 51
28 22 46
28 25 27
28 26 36
28 27 58
28 28 33
28 29 35
28 31 24
28 32 14
28 33 25
28 35 45
28 37 31
28 38 22
28 39 18
28 41 23
28 42 47
28 43 50
28 46 10
28 48 52
28 49 2
28 50 34
28 51 9
28 53 4
28 54 16
28 56 42
28 57 38
28 58 11
28 59 53
29 0 2
29 1 56
29 2 16
29 3 41
29 4 42
29 5 49
29 7 19
29 10 36
29 11 45
29 13 6
29 14 22
29 15 18
29 17 24
29 18 17
29 20 47
29 21 35
29 23 52
29 24 9
29 25 28
29 27 5
29 28 34
29 30 33
29 31 31
29 32 59
29 33 44
29 35 37
29 37 53
29 39 40
29 40 50
29 42 1
29 43 57
29 46 48
29 47 55
29 48 58
29 49 14
29 50 26
29 51 10
29 52 0
29 53 11
29 56 46
29 57 30
29 58 54
29 59 13
30 0 4
30 3 6
30 4 43
30 5 31
30 6 44
30 7 42
30 8 24
30 9 21
30 10 11
30 11 38
30 12 37
30 13 9
30 14 28
30 16 40
30 17 25
30 18 34
30 19 52
30 20 48
30 22 7
30 23 8
30 24 55
30 25 50
30 26 46
30 27 23
30 29 1
30 31 3
30 33 47
30 34 36
30 35 35
30 37 22
30 39 16
30 41 0
30 42 49
30 43 33
30 44 5
30 46 59
30 47 12
30 48 26
30 49 56
30 50 19
30 51 18
30 52 58
30 53 32
30 54 10
30 55 57
30 56 29
30 57 14
30 58 20
31 0 47
31 2 36
31 4 59
31 5 3
31 6 27
31 7 15
31 8 26
31 9 2
31 10 19
31 11 39
31 12 43
31 13 21
31 14 38
31 15 4
31 17 46
31 18 0
31 21 12
31 22 29
31 24 51
31 25 10
31 26 53
31 28 41
31 29 9
31 30 25
31 31 22
31 32 40
31 33 54
31 34 32
31 35 50
31 36 31
31 38 58
31 39 35
31 40 55
31 41 13
31 43 1
31 45 57
31 46 20
31 47 8
31 48 45
31 49 5
31 51 33
31 52 52
31 54 18
31 55 48
31 56 28
31 57 7
31 58 37
32 1 24
32 2 17
32 3 46
32 4 44
32 5 55
32 6 31
32 9 50
32 10 35
32 11 29
32 13 19
32 14 15
32 15 3
32 16 52
32 17 27
32 18 53
32 19 28
32 20 32
32 21 59
32 22 12
32 23 57
32 24 30
32 25 37
32 26 45
32 27 2
32 28 56
32 29 41
32 30 20
32 31 42
32 32 4
32 33 6
32 34 47
32 35 11
32 37 16
32 38 13
32 39 1
32 42 48
32 43 49
32 44 21
32 45 25
32 46 38
32 47 36
32 48 18
32 49 7
32 51 51
32 52 26
32 53 43
32 54 33
32 56 23
32 57 54
32 58 22
32 59 0
33 0 41
33 1 8
33 2 11
33 3 32
33 5 56
33 7 18
33 8 4
33 9 1
33 10 34
33 11 52
33 12 59
33 13 7
33 15 39
33 16 19
33 17 13
33 18 9
33 19 5
33 20 42
33 22 43
33 23 29
33 24 36
33 25 57
33 26 33
33 27 35
33 28 2
33 30 14
33 31 6
33 32 53
33 35 46
33 36 49
33 37 26
33 38 55
33 40 17
33 41 48
33 43 21
33 44 38
33 45 3
33 46 45
33 48 27
33 50 30
33 51 54
33 52 12
33 53 47
33 55 44
33 56 37
33 57 50
33 58 25
33 59 24
34 1 2
34 3 14
34 4 53
34 5 46
34 6 35
34 7 16
34 8 17
34 9 57
34 13 52
34 14 34
34 20 23
34 22 37
34 23 24
34 24 50
34 25 7
34 26 56
34 27 40
34 28 8
34 30 4
34 31 29
34 32 32
34 34 10
34 35 51
34 36 11
34 37 58
34 38 19
34 39 22
34 41 26
34 42 20
34 43 9
34 44 49
34 45 43
34 47 30
34 48 3
34 49 18
34 50 38
34 51 15
34 52 28
34 53 55
34 56 39
34 57 47
34 58 0
34 59 27
35 0 27
35 1 14
35 2 37
35 3 35
35 4 17
35 5 6
35 6 40
35 7 59
35 8 34
35 9 42
35 11 32
35 12 23
35 13 41
35 14 8
35 15 21
35 16 43
35 17 57
35 20 50
35 21 53
35 22 56
35 23 18
35 24 11
35 25 33
35 26 24
35 27 51
35 29 3
35 30 58
35 31 4
35 32 15
35 33 9
35 34 46
35 36 47
35 37 38
35 38 5
35 39 28
35 40 12
35 41 39
35 43 22
35 44 36
35 45 30
35 47 26
35 48 0
35 49 1
35 51 44
35 52 19
35 53 29
35 54 52
35 55 45
35 56 2
35 57 49
36 0 24
36 2 5
36 3 28
36 4 30
36 5 54
36 6 6
36 7 1
36 8 0
36 10 10
36 12 41
36 13 20
36 15 51
36 16 25
36 17 8
36 18 32
36 19 47
36 20 38
36 21 50
36 22 21
36 23 44
36 24 52
36 27 11
36 28 45
36 29 17
36 30 48
36 31 14
36 32 31
36 34 56
36 35 3
36 36 7
36 37 57
36 39 55
36 40 29
36 42 18
36 43 26
36 44 13
36 45 2
36 46 19
36 47 40
36 48 35
36 49 59
36 50 15
36 51 22
36 52 34
36 53 27
36 54 53
36 55 23
36 56 9
36 58 33
36 59 39
37 0 46
37 2 0
37 5 35
37 6 59
37 7 22
37 8 8
37 9 49
37 10 3
37 11 48
37 12 9
37 13 24
37 14 33
37 15 57
37 16 23
37 17 38
37 18 45
37 19 53
37 20 36
37 21 21
37 22 13
37 23 10
37 24 34
37 25 15
37 26 25
37 27 28
37 28 27
37 29 16
37 30 47
37 32 52
37 33 19
37 34 54
37 35 29
37 36 18
37 37 11
37 38 6
37 40 4
37 42 12
37 43 5
37 44 31
37 45 17
37 46 1
37 47 44
37 48 39
37 49 58
37 51 56
37 52 32
37 53 51
37 54 2
37 55 50
37 56 7
37 57 40
37 58 14
37 59 37
38 0 22
38 1 44
38 2 46
38 3 51
38 4 23
38 5 24
38 6 54
38 7 6
38 8 40
38 9 14
38 11 50
38 13 43
38 14 21
38 15 12
38 17 9
38 18 7
38 19 31
38 20 27
38 22 48
38 23 26
38 24 35
38 25 18
38 27 20
38 28 39
38 29 37
38 30 30
38 31 2
38 32 47
38 33 17
38 34 57
38 35 59
38 36 19
38 37 41
38 38 25
38 40 0
38 42 38
38 43 29
38 45 34
38 46 15
38 47 16
38 48 33
38 49 10
38 50 45
38 51 53
38 52 36
38 54 42
38 55 1
38 56 49
38 57 11
38 58 3
39 0 20
39 1 40
39 3 17
39 4 14
39 5 34
39 6 51
39 7 26
39 8 21
39 9 23
39 11 28
39 13 8
39 14 39
39 15 22
39 17 36
39 18 55
39 19 30
39 20 59
39 21 33
39 22 41
39 23 37
39 24 53
39 26 43
39 28 4
39 29 10
39 30 38
39 31 16
39 32 11
39 33 7
39 34 6
39 35 18
39 36 45
39 37 48
39 40 31
39 41 1
39 42 52
39 43 42
39 44 12
39 45 35
39 46 13
39 47 54
39 49 46
39 51 0
39 52 56
39 53 2
39 54 19
39 55 58
39 56 57
39 58 47
39 59 15
40 0 23
40 1 27
40 2 58
40 4 12
40 5 9
40 6 19
40 7 54
40 8 48
40 10 24
40 11 46
40 13 59
40 14 14
40 15 53
40 16 11
40 17 44
40 19 4
40 21 26
40 22 34
40 23 17
40 24 41
40 27 36
40 28 28
40 29 20
40 30 1
40 31 7
40 32 35
40 33 57
40 34 29
40 35 33
40 37 51
40 38 18
40 39 13
40 40 30
40 41 22
40 45 40
40 46 47
40 48 49
40 51 21
40 52 16
40 53 45
40 54 15
40 55 43
40 56 5
40 57 2
40 58 56
40 59 10
41 1 45
41 2 22
41 3 44
41 4 47
41 5 10
41 7 2
41 8 37
41 9 38
41 11 8
41 13 23
41 14 11
41 15 58
41 17 51
41 18 46
41 19 17
41 20 41
41 21 49
41 22 33
41 23 43
41 24 26
41 25 59
41 26 55
41 27 0
41 28 40
41 29 32
41 30 29
41 31 5
41 32 6
41 33 39
41 35 7
41 36 3
41 37 27
41 38 36
41 39 56
41 40 54
41 41 19
41 42 14
41 43 4
41 44 53
41 47 15
41 48 42
41 49 30
41 50 31
41 51 13
41 52 24
41 53 57
41 54 34
41 55 52
41 56 48
41 57 18
41 58 12
41 59 16
42 0 26
42 1 22
42 2 35
42 3 13
42 5 50
42 6 49
42 7 25
42 8 10
42 10 4
42 11 42
42 12 2
42 13 18
42 14 20
42 15 44
42 16 47
42 17 11
42 19 16
42 20 24
42 21 29
42 22 30
42 23 41
42 24 58
42 25 46
42 26 32
42 27 27
42 28 38
42 29 39
42 30 54
42 31 19
42 32 56
42 33 40
42 34 52
42 35 28
42 36 15
42 37 23
42 40 6
42 41 3
42 42 37
42 43 7
42 44 43
42 45 33
42 46 55
42 47 59
42 49 31
42 50 53
42 51 57
42 53 48
42 54 12
42 57 9
42 58 17
42 59 45
43 0 35
43 1 9
43 2 24
43 3 34
43 5 48
43 6 5
43 8 2
43 10 52
43 11 6
43 12 47
43 13 22
43 14 19
43 15 41
43 18 33
43 20 51
43 21 14
43 23 12
43 25 58
43 29 38
43 30 56
43 31 46
43 32 16
43 33 15
43 34 55
43 35 30
43 36 27
43 37 10
43 39 43
43 40 37
43 41 18
43 42 8
43 43 36
43 44 44
43 45 54
43 46 3
43 47 45
43 49 28
43 50 57
43 51 23
43 52 42
43 53 40
43 54 49
43 55 17
43 56 20
43 57 4
43 58 21
43 59 59
44 0 31
44 1 16
44 2 47
44 3 21
44 4 15
44 6 48
44 8 13
44 9 18
44 10 54
44 11 40
44 12 6
44 13 17
44 15 43
44 16 42
44 17 33
44 18 57
44 19 46
44 20 3
44 23 39
44 24 2
44 25 22
44 28 24
44 29 25
44 30 12
44 31 56
44 32 20
44 34 49
44 35 41
44 36 23
44 37 52
44 38 29
44 40 45
44 41 59
44 42 55
44 43 8
44 45 7
44 46 14
44 47 9
44 48 4
44 49 38
44 50 28
44 51 36
44 52 27
44 53 58
44 54 26
44 55 35
44 56 11
44 57 19
44 58 32
44 59 51
45 0 37
45 1 6
45 3 22
45 4 55
45 5 28
45 6 13
45 7 7
45 9 43
45 11 30
45 12 50
45 13 14
45 14 48
45 17 17
45 18 11
45 19 2
45 20 29
45 21 56
45 23 38
45 25 45
45 26 0
45 27 57
45 29 27
45 30 41
45 31 44
45 33 24
45 34 40
45 35 54
45 36 26
45 37 18
45 38 51
45 39 42
45 41 58
45 42 59
45 43 12
45 44 9
45 45 19
45 46 49
45 48 32
45 49 21
45 50 3
45 53 46
45 54 20
45 56 52
45 58 1
45 59 5
46 0 11
46 1 59
46 2 27
46 3 19
46 5 8
46 6 28
46 7 37
46 8 14
46 9 10
46 12 45
46 13 29
46 14 50
46 15 33
46 17 3
46 18 4
46 20 35
46 22 26
46 23 48
46 26 17
46 27 44
46 28 49
46 29 7
46 30 0
46 32 2
46 35 9
46 36 52
46 37 47
46 39 32
46 41 51
46 43 30
46 44 41
46 46 56
46 47 25
46 48 57
46 49 40
46 51 20
46 52 55
46 53 36
46 55 46
46 56 38
46 58 6
46 59 42
47 0 13
47 2 55
47 3 24
47 4 2
47 5 25
47 6 53
47 8 38
47 9 41
47 10 59
47 11 26
47 12 44
47 13 0
47 14 7
47 15 30
47 16 22
47 17 48
47 18 21
47 19 19
47 21 4
47 22 15
47 23 35
47 25 56
47 26 3
47 28 57
47 29 47
47 30 40
47 31 9
47 32 10
47 33 51
47 34 18
47 35 14
47 36 50
47 37 5
47 38 54
47 40 39
47 42 43
47 43 37
47 44 46
47 45 23
47 46 17
47 47 52
47 48 1
47 49 32
47 50 6
47 51 11
47 52 31
47 53 12
47 54 58
47 55 29
47 56 33
47 58 28
47 59 8
48 0 15
48 1 48
48 2 4
48 3 42
48 4 51
48 6 33
48 7 52
48 8 45
48 9 19
48 10 41
48 11 16
48 12 14
48 14 12
48 15 50
48 16 3
48 17 7
48 18 18
48 19 36
48 20 53
48 21 25
48 22 23
48 23 6
48 24 24
48 25 26
48 26 9
48 27 49
48 28 22
48 30 55
48 31 28
48 32 58
48 33 8
48 34 39
48 35 43
48 36 20
48 37 0
48 38 56
48 39 44
48 40 57
48 41 5
48 42 17
48 43 54
48 44 40
48 46 37
48 47 2
48 48 30
48 49 11
48 50 35
48 51 46
48 52 10
48 53 31
48 54 29
48 55 34
48 56 1
48 57 27
48 59 21
49 0 25
49 1 10
49 2 44
49 3 18
49 5 42
49 6 9
49 7 28
49 8 15
49 10 39
49 11 58
49 12 7
49 13 48
49 14 23
49 17 19
49 21 40
49 22 24
49 23 31
49 24 27
49 25 1
49 28 29
49 29 51
49 30 16
49 31 0
49 32 22
49 33 20
49 34 35
49 35 26
49 36 14
49 38 33
49 39 12
49 40 59
49 41 11
49 42 30
49 43 2
49 44 52
49 45 4
49 48 56
49 52 17
49 53 38
49 54 3
49 55 41
49 56 45
49 57 46
49 58 36
49 59 32
50 0 59
50 1 50
50 4 36
50 5 29
50 6 38
50 8 28
50 9 9
50 10 17
50 11 47
50 12 13
50 13 37
50 14 30
50 15 46
50 16 2
50 17 10
50 18 6
50 19 42
50 20 12
50 21 45
50 22 44
50 23 11
50 24 5
50 26 34
50 27 8
50 29 24
50 30 49
50 32 54
50 33 48
50 34 3
50 35 31
50 38 15
50 39 14
50 40 33
50 42 58
50 43 23
50 44 25
50 47 19
50 49 53
50 50 20
50 51 40
50 52 35
50 53 39
50 54 4
50 55 18
50 56 41
50 57 22
50 58 26
51 0 33
51 1 5
51 2 28
51 3 43
51 4 49
51 5 41
51 6 26
51 8 39
51 9 47
51 10 25
51 11 17
51 12 1
51 13 31
51 14 46
51 15 56
51 16 59
51 18 2
51 19 23
51 20 40
51 21 15
51 22 6
51 24 8
51 26 19
51 27 52
51 28 55
51 29 50
51 30 35
51 31 13
51 32 44
51 33 32
51 34 42
51 35 21
51 36 34
51 37 45
51 38 0
51 40 22
51 41 57
51 43 24
51 44 18
51 45 51
51 46 53
51 47 20
51 48 48
51 49 27
51 50 9
51 51 58
51 52 38
51 53 14
51 54 36
51 56 3
51 57 10
51 58 16
51 59 54
52 0 52
52 1 43
52 3 3
52 4 27
52 5 23
52 7 48
52 8 44
52 9 59
52 10 57
52 11 11
52 13 49
52 14 55
52 15 25
52 16 7
52 17 29
52 18 28
52 19 45
52 21 47
52 22 19
52 23 36
52 24 20
52 25 31
52 26 4
52 27 30
52 28 26
52 29 53
52 30 18
52 31 35
52 32 0
52 33 5
52 35 39
52 36 56
52 37 32
52 38 1
52 39 54
52 41 21
52 43 41
52 44 34
52 45 22
52 46 33
52 47 17
52 48 38
52 49 50
52 52 13
52 54 9
52 55 24
52 57 51
52 58 15
52 59 40
53 0 7
53 2 1
53 4 3
53 5 39
53 7 12
53 9 22
53 10 40
53 13 4
53 14 24
53 15 23
53 16 26
53 17 37
53 19 15
53 20 43
53 21 17
53 22 25
53 23 46
53 24 18
53 26 14
53 27 33
53 28 11
53 29 30
53 30 21
53 31 45
53 32 13
53 33 0
53 34 41
53 35 44
53 36 57
53 37 49
53 38 42
53 39 2
53 40 38
53 41 56
53 42 51
53 43 53
53 44 50
53 45 52
53 46 6
53 47 48
53 48 16
53 49 34
53 50 10
53 51 31
53 52 47
53 54 54
53 55 32
53 56 19
53 58 59
53 59 20
54 0 56
54 1 19
54 3 9
54 5 51
54 6 50
54 7 40
54 9 15
54 10 38
54 11 54
54 12 36
54 13 25
54 14 0
54 15 26
54 16 20
54 18 52
54 19 32
54 20 57
54 22 42
54 23 1
54 24 48
54 25 6
54 26 27
54 27 21
54 28 18
54 29 46
54 30 2
54 32 24
54 33 28
54 34 59
54 35 55
54 36 22
54 37 4
54 38 23
54 39 58
54 40 3
54 41 47
54 42 10
54 44 14
54 46 39
54 47 41
54 48 53
54 49 13
54 50 11
54 52 30
54 53 33
54 55 8
54 56 44
54 58 31
54 59 29
55 0 40
55 1 13
55 2 18
55 3 31
55 4 21
55 5 59
55 6 47
55 8 32
55 9 44
55 10 0
55 11 53
55 12 56
55 13 46
55 14 3
55 15 54
55 16 5
55 17 14
55 18 58
55 19 38
55 21 6
55 22 16
55 23 50
55 24 23
55 26 30
55 27 37
55 28 36
55 29 45
55 30 9
55 31 41
55 32 27
55 34 2
55 36 1
55 37 28
55 38 52
55 39 15
55 43 10
55 44 55
55 45 48
55 46 22
55 47 29
55 48 17
55 49 42
55 50 7
55 51 24
55 52 33
55 53 19
55 54 25
55 55 49
55 56 43
55 57 35
55 58 39
55 59 4
56 0 51
56 1 25
56 2 7
56 3 4
56 5 12
56 6 29
56 7 20
56 8 52
56 9 39
56 11 56
56 12 57
56 14 10
56 15 40
56 16 15
56 17 2
56 18 44
56 20 54
56 21 41
56 22 31
56 23 58
56 24 17
56 28 23
56 29 14
56 31 26
56 32 21
56 34 43
56 35 13
56 36 30
56 37 42
56 38 38
56 39 6
56 40 46
56 42 24
56 45 49
56 46 18
56 48 34
56 49 55
56 51 8
56 52 50
56 53 37
56 54 45
56 55 16
56 57 59
56 58 48
56 59 11
57 2 30
57 3 58
57 4 9
57 5 26
57 8 7
57 9 35
57 10 15
57 11 19
57 12 29
57 14 41
57 15 55
57 16 44
57 19 13
57 21 20
57 22 17
57 24 47
57 25 32
57 26 8
57 27 53
57 29 43
57 30 45
57 31 11
57 32 3
57 33 14
57 34 33
57 35 36
57 36 46
57 37 59
57 38 57
57 40 34
57 41 54
57 43 38
57 48 12
57 49 6
57 51 37
57 52 39
57 55 42
57 56 4
57 57 1
57 58 18
57 59 25
58 0 10
58 1 35
58 2 39
58 3 53
58 4 54
58 6 45
58 7 43
58 8 56
58 9 25
58 10 47
58 11 3
58 13 38
58 15 8
58 16 46
58 17 52
58 18 29
58 20 28
58 21 18
58 22 5
58 23 23
58 24 42
58 25 34
58 26 58
58 27 12
58 28 19
58 29 0
58 30 37
58 31 40
58 32 41
58 34 4
58 35 2
58 36 21
58 37 14
58 39 11
58 40 9
58 42 27
58 44 6
58 45 26
58 46 24
58 47 31
58 48 20
58 51 55
58 52 44
58 53 50
58 55 13
58 56 17
58 57 48
58 58 30
58 59 57
59 0 54
59 1 18
59 2 41
59 4 28
59 6 39
59 7 21
59 9 56
59 10 16
59 14 47
59 15 7
59 16 34
59 17 22
59 18 48
59 19 35
59 20 9
59 21 44
59 22 14
59 23 19
59 24 10
59 25 20
59 26 37
59 27 4
59 28 32
59 32 45
59 33 2
59 34 38
59 35 1
59 36 42
59 37 17
59 38 53
59 39 31
59 40 25
59 41 40
59 42 13
59 43 3
59 44 51
59 45 50
59 46 57
59 48 24
59 50 49
59 51 43
59 52 15
59 53 30
59 54 55
59 55 5
59 57 29
59 58 52
59 59 26
