60
0 0 6
0 3 20
0 5 35
0 9 52
0 12 18
0 13 29
0 16 21
0 17 41
0 18 51
0 19 32
0 20 4
0 26 26
0 28 46
0 29 23
0 30 10
0 31 0
0 34 11
0 35 12
0 37 47
0 38 53
0 39 57
0 41 38
0 44 56
0 45 19
0 46 15
0 47 31
0 49 45
0 51 3
0 55 44
0 59 13
1 2 31
1 4 37
1 5 23
1 8 44
1 10 50
1 12 40
1 15 56
1 17 55
1 18 59
1 20 7
1 22 0
1 23 20
1 24 35
1 26 28
1 28 29
1 30 43
1 31 52
1 35 34
1 37 49
1 40 13
1 43 9
1 49 18
1 50 17
1 51 26
1 53 2
1 55 15
1 57 30
1 59 11
2 0 53
2 1 29
2 2 45
2 3 58
2 7 31
2 8 28
2 10 3
2 11 36
2 12 2
2 17 8
2 20 39
2 21 26
2 22 56
2 23 54
2 24 52
2 25 13
2 27 21
2 29 6
2 30 25
2 31 30
2 33 20
2 35 10
2 38 40
2 39 35
2 40 57
2 41 37
2 42 4
2 43 1
2 45 55
2 46 33
2 49 43
2 50 12
2 51 44
2 52 9
2 53 0
2 54 27
2 56 48
2 57 14
2 58 11
2 59 5
3 1 5
3 3 16
3 4 20
3 7 52
3 9 24
3 10 14
3 12 45
3 14 41
3 17 38
3 19 13
3 21 9
3 23 48
3 26 22
3 27 30
3 29 40
3 31 2
3 32 42
3 35 23
3 36 25
3 37 57
3 38 56
3 39 55
3 40 21
3 41 51
3 42 18
3 43 32
3 44 15
3 45 50
3 46 35
3 47 26
3 50 58
3 51 0
3 52 34
3 54 53
3 57 49
3 58 31
4 0 37
4 1 57
4 2 0
4 3 6
4 4 36
4 5 44
4 6 47
4 7 41
4 9 17
4 10 21
4 18 19
4 21 20
4 24 46
4 26 53
4 28 18
4 29 59
4 30 14
4 33 29
4 35 30
4 38 2
4 39 58
4 41 55
4 42 7
4 45 56
4 53 31
4 56 49
4 57 4
4 58 15
4 59 33
5 0 21
5 3 49
5 4 34
5 5 15
5 6 24
5 8 41
5 11 6
5 12 35
5 13 17
5 14 38
5 16 32
5 17 54
5 19 4
5 22 55
5 24 43
5 25 50
5 28 31
5 29 51
5 33 40
5 34 23
5 36 1
5 37 7
5 39 25
5 42 3
5 43 53
5 45 2
5 46 16
5 48 58
5 49 9
5 50 52
5 52 11
5 55 19
5 56 30
5 57 18
5 58 27
6 0 58
6 1 20
6 2 28
6 3 59
6 4 27
6 5 45
6 6 1
6 7 39
6 9 57
6 11 2
6 14 55
6 16 35
6 17 14
6 18 49
6 19 19
6 21 10
6 22 5
6 23 22
6 24 31
6 25 18
6 28 3
6 30 54
6 32 9
6 33 25
6 34 48
6 35 36
6 36 43
6 39 44
6 41 29
6 43 15
6 44 7
6 46 30
6 51 16
6 54 40
6 55 12
6 56 42
6 58 41
6 59 56
7 2 26
7 3 50
7 4 48
7 5 13
7 6 49
7 7 9
7 8 15
7 9 23
7 10 2
7 11 55
7 12 12
7 14 21
7 15 51
7 18 18
7 21 16
7 25 10
7 26 37
7 27 41
7 28 45
7 30 46
7 34 20
7 35 22
7 36 59
7 38 38
7 40 24
7 41 7
7 43 56
7 46 52
7 48 3
7 49 53
7 50 47
7 53 27
7 55 14
7 59 30
8 0 1
8 1 38
8 2 58
8 3 41
8 4 9
8 5 2
8 6 39
8 8 51
8 9 13
8 11 11
8 12 43
8 23 56
8 24 22
8 25 5
8 26 12
8 28 32
8 30 48
8 32 31
8 33 7
8 35 28
8 37 26
8 38 59
8 39 46
8 41 4
8 42 57
8 43 47
8 44 17
8 47 23
8 48 52
8 51 49
8 52 33
8 53 53
8 56 21
8 57 20
8 58 30
9 1 13
9 5 12
9 8 18
9 9 53
9 10 56
9 11 1
9 13 15
9 14 29
9 15 42
9 16 52
9 17 44
9 19 5
9 22 23
9 24 58
9 26 9
9 27 36
9 28 20
9 29 57
9 30 59
9 32 34
9 33 55
9 35 48
9 36 39
9 37 27
9 38 31
9 39 49
9 41 24
9 42 54
9 44 40
9 46 47
9 49 21
9 50 50
9 51 8
9 52 22
9 53 51
9 54 2
9 55 41
9 56 10
9 58 7
9 59 43
10 2 47
10 3 36
10 4 2
10 6 12
10 8 48
10 10 58
10 12 41
10 13 57
10 14 49
10 17 15
10 18 50
10 19 55
10 21 27
10 23 13
10 24 28
10 28 56
10 31 7
10 32 11
10 33 24
10 36 54
10 37 43
10 39 45
10 40 1
10 43 37
10 47 33
10 48 32
10 50 18
10 51 14
10 52 20
10 53 4
10 55 30
10 58 25
11 1 15
11 2 41
11 3 29
11 4 24
11 5 25
11 6 34
11 7 20
11 8 26
11 13 13
11 14 3
11 15 40
11 16 59
11 19 27
11 20 58
11 21 51
11 23 39
11 25 56
11 26 55
11 29 38
11 30 31
11 31 54
11 32 28
11 34 18
11 35 11
11 37 45
11 38 21
11 40 43
11 42 9
11 43 33
11 44 5
11 45 10
11 47 47
11 48 23
11 49 50
11 50 14
11 51 35
11 52 12
11 53 7
11 54 49
11 55 16
11 58 19
11 59 0
12 1 6
12 2 59
12 3 55
12 5 42
12 6 35
12 7 54
12 8 30
12 14 8
12 21 21
12 23 47
12 27 4
12 28 44
12 29 26
12 30 38
12 32 2
12 33 32
12 36 37
12 38 24
12 43 41
12 46 50
12 47 34
12 49 13
12 52 31
12 53 45
12 54 33
12 55 52
12 57 58
12 59 7
13 1 24
13 3 2
13 4 26
13 7 28
13 8 8
13 11 34
13 12 1
13 14 36
13 16 37
13 17 19
13 18 17
13 21 50
13 23 27
13 24 55
13 26 52
13 27 13
13 28 54
13 30 33
13 31 46
13 32 48
13 34 9
13 35 0
13 36 4
13 37 6
13 38 57
13 39 47
13 40 40
13 41 21
13 42 16
13 46 3
13 47 51
13 48 41
13 49 56
13 50 42
13 52 14
13 53 35
13 54 38
13 56 31
13 57 5
13 58 23
13 59 25
14 1 12
14 3 37
14 6 40
14 8 43
14 9 4
14 11 23
14 12 54
14 13 26
14 14 6
14 15 59
14 16 14
14 17 21
14 18 20
14 19 8
14 21 34
14 22 9
14 26 42
14 29 30
14 30 11
14 32 22
14 33 44
14 34 31
14 35 35
14 37 50
14 38 47
14 39 53
14 41 16
14 43 49
14 44 18
14 45 45
14 46 36
14 48 5
14 49 7
14 50 39
14 51 58
14 52 24
14 53 46
14 56 33
14 57 19
15 0 24
15 1 47
15 2 46
15 5 0
15 6 25
15 8 4
15 9 45
15 10 39
15 11 29
15 15 8
15 16 22
15 17 53
15 18 21
15 19 42
15 21 3
15 22 52
15 23 59
15 24 20
15 26 32
15 27 55
15 30 1
15 31 10
15 32 33
15 33 28
15 35 41
15 36 17
15 37 30
15 39 12
15 43 7
15 44 13
15 46 26
15 48 31
15 49 2
15 50 57
15 52 5
15 53 11
15 54 16
15 55 50
15 56 27
15 58 34
15 59 18
16 2 56
16 3 14
16 5 22
16 6 7
16 7 46
16 8 37
16 9 16
16 10 15
16 12 24
16 13 21
16 14 19
16 15 33
16 16 53
16 17 29
16 20 30
16 21 58
16 24 17
16 25 35
16 27 47
16 29 48
16 31 4
16 32 52
16 33 26
16 34 59
16 37 39
16 38 51
16 41 57
16 42 25
16 44 27
16 45 44
16 49 36
16 50 6
16 52 40
16 56 55
16 58 20
17 0 43
17 1 46
17 2 22
17 3 33
17 4 3
17 5 5
17 6 58
17 8 42
17 10 27
17 11 35
17 12 21
17 13 0
17 16 56
17 18 9
17 19 38
17 20 8
17 21 48
17 22 31
17 23 6
17 24 32
17 26 17
17 27 12
17 30 20
17 36 49
17 38 10
17 39 19
17 40 30
17 41 40
17 42 45
17 43 16
17 45 41
17 46 51
17 47 52
17 49 55
17 52 28
17 53 26
17 54 44
17 55 34
17 56 14
17 58 18
17 59 53
18 2 40
18 3 52
18 4 38
18 5 30
18 6 41
18 7 17
18 9 44
18 10 24
18 12 57
18 13 28
18 14 5
18 16 26
18 17 46
18 19 50
18 20 3
18 22 34
18 23 49
18 24 59
18 26 25
18 27 53
18 28 35
18 29 45
18 31 48
18 34 37
18 35 4
18 36 21
18 37 29
18 39 11
18 41 39
18 42 15
18 43 20
18 44 9
18 45 16
18 46 7
18 47 58
18 48 13
18 49 6
18 50 8
18 51 54
18 52 23
18 57 33
19 0 27
19 2 4
19 3 26
19 6 21
19 7 8
19 8 13
19 9 0
19 10 41
19 13 23
19 14 32
19 15 16
19 16 38
19 18 42
19 23 50
19 24 9
19 26 20
19 28 59
19 30 52
19 33 58
19 34 56
19 35 5
19 39 15
19 45 18
19 46 29
19 49 48
19 50 43
19 52 53
19 53 40
19 54 7
19 56 51
19 59 37
20 2 20
20 4 51
20 6 5
20 8 40
20 9 54
20 11 19
20 12 38
20 13 50
20 14 30
20 15 1
20 17 12
20 18 53
20 20 34
20 21 15
20 24 33
20 26 8
20 27 14
20 30 2
20 31 43
20 35 39
20 36 55
20 39 24
20 40 56
20 42 31
20 43 3
20 45 48
20 46 0
20 47 45
20 48 42
20 51 7
20 53 58
20 55 49
20 56 29
20 57 9
20 58 16
21 0 26
21 3 43
21 4 47
21 5 19
21 6 11
21 9 8
21 10 7
21 11 0
21 12 27
21 13 36
21 15 5
21 16 51
21 17 33
21 18 25
21 19 40
21 20 14
21 21 18
21 22 59
21 23 10
21 25 48
21 26 49
21 31 13
21 32 3
21 34 16
21 36 28
21 37 58
21 40 23
21 42 30
21 43 29
21 44 38
21 45 21
21 46 9
21 48 34
21 49 39
21 50 32
21 52 41
21 53 1
21 56 20
21 58 37
21 59 17
22 5 21
22 6 50
22 7 47
22 9 38
22 10 42
22 12 23
22 14 24
22 15 7
22 16 13
22 17 6
22 18 2
22 20 5
22 21 19
22 23 11
22 25 8
22 26 59
22 29 20
22 31 58
22 36 33
22 37 3
22 39 43
22 40 16
22 42 22
22 43 27
22 45 57
22 46 46
22 47 54
22 48 44
22 51 39
22 53 34
22 55 56
22 56 32
22 57 51
22 59 31
23 0 35
23 2 7
23 3 22
23 4 30
23 7 12
23 11 21
23 12 26
23 13 48
23 14 56
23 15 46
23 16 25
23 18 14
23 19 29
23 21 41
23 22 11
23 23 36
23 24 47
23 25 40
23 28 19
23 31 32
23 32 57
23 34 3
23 37 53
23 43 8
23 46 24
23 47 20
23 48 10
23 49 33
23 50 38
23 51 34
23 52 49
23 54 50
23 56 18
23 57 1
23 59 51
24 1 31
24 4 52
24 5 58
24 6 26
24 8 53
24 12 7
24 14 13
24 16 5
24 19 49
24 20 21
24 22 48
24 25 0
24 28 15
24 29 56
24 30 17
24 33 36
24 35 51
24 36 30
24 39 27
24 40 38
24 42 47
24 47 19
24 48 33
24 49 22
24 50 1
24 51 4
24 53 55
24 57 6
24 59 57
25 1 37
25 3 57
25 8 2
25 10 20
25 12 48
25 13 43
25 14 7
25 16 42
25 17 45
25 20 18
25 26 40
25 27 46
25 28 38
25 29 5
25 30 32
25 31 17
25 32 44
25 33 16
25 34 14
25 35 52
25 37 10
25 39 28
25 42 19
25 45 24
25 50 55
25 51 51
25 55 33
25 56 58
25 57 34
26 0 52
26 1 27
26 7 4
26 8 16
26 9 25
26 10 19
26 12 47
26 14 18
26 17 3
26 18 24
26 19 31
26 20 50
26 21 56
26 22 41
26 24 15
26 25 51
26 27 9
26 28 48
26 29 0
26 31 38
26 32 55
26 33 49
26 34 12
26 35 40
26 36 46
26 37 23
26 38 58
26 39 29
26 40 45
26 41 59
26 43 30
26 44 8
26 45 36
26 49 37
26 51 43
26 52 7
26 53 20
26 56 28
26 57 17
26 58 35
26 59 44
27 0 4
27 2 9
27 4 10
27 5 24
27 8 29
27 12 58
27 14 39
27 15 6
27 17 47
27 19 22
27 22 27
27 23 26
27 24 19
27 25 49
27 26 56
27 27 48
27 31 31
27 32 1
27 33 8
27 34 21
27 35 44
27 38 42
27 40 34
27 42 38
27 44 35
27 46 12
27 48 51
27 49 17
27 50 20
27 53 28
27 55 37
27 56 3
27 58 0
27 59 14
28 0 57
28 2 21
28 4 25
28 5 38
28 6 4
28 7 23
28 9 19
28 10 31
28 11 39
28 12 34
28 13 55
28 15 54
28 16 0
28 17 7
28 21 11
28 25 17
28 27 35
28 29 44
28 30 45
28 31 59
28 33 10
28 34 24
28 35 32
28 36 41
28 38 50
28 40 53
28 43 51
28 44 2
28 46 14
28 47 18
28 48 20
28 49 40
28 50 56
28 53 52
28 54 58
28 55 47
28 57 42
29 0 45
29 2 15
29 4 31
29 5 34
29 6 55
29 8 36
29 9 21
29 11 40
29 13 38
29 18 46
29 21 42
29 22 26
29 23 57
29 24 18
29 27 23
29 28 51
29 29 37
29 31 5
29 32 59
29 33 11
29 35 50
29 36 9
29 37 54
29 39 14
29 41 10
29 42 56
29 43 6
29 44 39
29 45 47
29 47 41
29 49 58
29 51 20
29 52 30
29 54 32
29 55 25
29 56 16
29 58 53
29 59 49
30 1 40
30 2 6
30 3 18
30 4 7
30 7 51
30 10 9
30 11 48
30 15 31
30 16 2
30 18 47
30 19 20
30 20 28
30 21 54
30 22 25
30 27 42
30 30 3
30 31 36
30 34 55
30 36 56
30 37 13
30 38 35
30 41 33
30 46 5
30 48 4
30 49 41
30 50 49
30 51 52
30 52 16
30 56 22
30 57 44
30 58 46
30 59 15
31 0 15
31 4 57
31 5 18
31 6 59
31 7 43
31 8 1
31 9 35
31 10 26
31 11 20
31 13 47
31 14 48
31 15 55
31 16 49
31 18 36
31 19 28
31 20 45
31 23 16
31 25 53
31 26 46
31 29 52
31 30 41
31 32 30
31 33 37
31 35 17
31 36 12
31 38 13
31 39 9
31 40 54
31 43 4
31 44 19
31 47 7
31 48 50
31 49 29
31 51 23
31 53 44
31 54 5
31 55 10
31 56 8
31 57 0
31 58 38
32 0 22
32 2 37
32 3 44
32 6 30
32 8 5
32 9 50
32 11 10
32 15 36
32 16 48
32 17 23
32 19 46
32 22 51
32 23 53
32 25 41
32 26 27
32 27 18
32 28 34
32 30 21
32 33 14
32 35 25
32 37 9
32 41 45
32 42 24
32 44 59
32 45 31
32 46 20
32 49 35
32 51 11
32 52 19
32 53 56
32 54 15
32 55 13
32 57 43
32 58 55
33 4 8
33 8 49
33 9 32
33 11 59
33 12 28
33 13 46
33 14 47
33 15 34
33 16 36
33 17 1
33 18 10
33 19 41
33 20 0
33 21 17
33 22 21
33 25 44
33 27 58
33 28 9
33 29 7
33 30 6
33 31 37
33 32 56
33 33 27
33 35 14
33 37 31
33 38 25
33 39 20
33 44 24
33 45 38
33 47 2
33 48 55
33 49 4
33 50 23
33 51 15
33 52 45
33 53 3
33 54 30
33 55 11
33 57 35
33 58 40
33 59 39
34 0 55
34 1 19
34 4 21
34 6 48
34 7 30
34 8 25
34 9 41
34 12 13
34 13 5
34 16 44
34 18 58
34 21 6
34 24 54
34 25 33
34 26 10
34 27 49
34 28 42
34 32 14
34 34 7
34 37 0
34 38 32
34 39 16
34 41 34
34 44 1
34 46 40
34 48 57
34 50 27
34 52 39
34 54 9
34 57 23
34 59 28
35 2 27
35 4 23
35 8 35
35 9 40
35 10 48
35 11 33
35 12 0
35 13 51
35 14 31
35 16 50
35 18 13
35 19 15
35 21 5
35 22 28
35 23 9
35 24 6
35 30 24
35 31 56
35 33 53
35 34 47
35 35 58
35 36 44
35 38 37
35 39 30
35 40 12
35 41 2
35 42 26
35 43 46
35 44 49
35 46 38
35 47 25
35 49 32
35 51 42
35 54 52
35 55 22
35 57 10
35 58 3
35 59 19
36 0 31
36 2 2
36 7 34
36 8 6
36 9 7
36 12 29
36 13 53
36 14 9
36 16 30
36 18 38
36 19 26
36 22 37
36 23 51
36 24 12
36 25 24
36 26 35
36 27 10
36 29 41
36 30 57
36 31 44
36 33 43
36 34 4
36 36 58
36 39 39
36 41 23
36 42 17
36 43 11
36 44 52
36 45 8
36 46 18
36 47 0
36 48 48
36 49 46
36 50 33
36 51 59
36 53 13
36 55 32
36 56 5
36 57 15
36 58 36
37 0 36
37 5 48
37 6 0
37 7 29
37 8 31
37 10 25
37 13 59
37 14 54
37 15 3
37 17 18
37 18 41
37 19 21
37 20 1
37 25 26
37 31 34
37 32 23
37 36 53
37 39 10
37 40 20
37 41 49
37 42 39
37 43 12
37 46 4
37 47 55
37 48 40
37 52 47
37 53 57
37 55 2
37 56 44
37 57 32
37 58 5
38 1 32
38 2 1
38 7 59
38 12 3
38 15 19
38 18 6
38 19 54
38 20 38
38 21 46
38 23 45
38 25 12
38 30 36
38 31 21
38 34 26
38 36 57
38 37 22
38 39 2
38 40 28
38 45 49
38 46 10
38 47 16
38 48 47
38 49 30
38 51 29
38 52 55
38 53 39
38 54 37
38 56 4
38 58 56
38 59 35
39 2 35
39 3 21
39 4 12
39 5 56
39 6 52
39 7 14
39 9 27
39 10 46
39 12 19
39 16 18
39 17 17
39 20 24
39 21 30
39 22 22
39 24 10
39 25 43
39 26 15
39 27 59
39 28 0
39 30 51
39 32 16
39 33 4
39 35 6
39 37 55
39 38 3
39 44 37
39 45 29
39 48 8
39 49 28
39 51 57
39 52 50
39 54 25
39 56 38
39 58 45
39 59 34
40 0 12
40 1 55
40 3 4
40 4 1
40 5 52
40 6 28
40 8 14
40 13 33
40 14 40
40 15 29
40 16 17
40 17 20
40 18 43
40 21 45
40 22 6
40 23 15
40 24 5
40 27 16
40 28 58
40 29 36
40 30 26
40 31 42
40 32 8
40 34 25
40 35 54
40 36 7
40 37 37
40 39 51
40 40 59
40 41 32
40 42 0
40 45 23
40 46 19
40 48 2
40 50 48
40 54 35
40 56 47
40 57 46
40 59 3
41 0 34
41 1 43
41 2 11
41 3 45
41 5 7
41 7 26
41 10 49
41 12 30
41 15 25
41 16 54
41 18 31
41 19 48
41 20 33
41 21 14
41 22 24
41 23 35
41 24 13
41 25 23
41 28 16
41 33 46
41 36 50
41 37 59
41 38 8
41 39 56
41 42 28
41 43 0
41 44 42
41 45 52
41 46 1
41 47 22
41 48 39
41 50 2
41 51 5
41 52 21
41 53 6
41 54 20
41 55 4
41 57 12
42 3 8
42 4 6
42 5 20
42 6 22
42 7 32
42 9 2
42 11 51
42 12 50
42 13 56
42 14 11
42 16 46
42 17 30
42 18 23
42 21 25
42 22 14
42 24 7
42 25 28
42 26 45
42 30 0
42 31 9
42 33 13
42 36 36
42 37 15
42 38 5
42 43 21
42 44 58
42 45 39
42 46 55
42 47 1
42 48 16
42 50 41
42 52 44
42 54 34
42 55 53
42 56 35
42 58 10
43 0 13
43 1 39
43 2 34
43 3 11
43 10 33
43 11 14
43 13 16
43 14 27
43 15 20
43 16 9
43 17 35
43 19 58
43 22 17
43 23 46
43 24 49
43 26 4
43 27 51
43 28 6
43 29 54
43 30 22
43 32 10
43 33 50
43 35 38
43 36 19
43 37 2
43 40 25
43 42 21
43 46 45
43 49 47
43 50 15
43 51 40
43 54 8
43 56 24
43 57 59
43 59 42
44 2 14
44 3 0
44 5 8
44 6 6
44 7 56
44 8 12
44 11 57
44 12 5
44 15 45
44 16 43
44 18 37
44 19 9
44 22 47
44 24 34
44 26 36
44 27 52
44 29 13
44 30 58
44 32 49
44 33 18
44 37 1
44 39 50
44 40 26
44 41 11
44 42 46
44 44 10
44 46 53
44 47 48
44 48 25
44 49 31
44 50 16
44 51 22
44 52 51
44 53 41
44 54 21
44 55 29
44 57 24
45 0 28
45 4 54
45 7 37
45 9 5
45 11 4
45 12 22
45 13 7
45 14 2
45 17 25
45 18 8
45 20 6
45 21 40
45 23 44
45 24 50
45 28 43
45 29 53
45 30 19
45 32 26
45 33 41
45 35 1
45 37 33
45 38 16
45 39 32
45 42 35
45 43 13
45 44 29
45 45 9
45 49 20
45 51 18
45 52 0
45 55 21
45 56 52
45 58 14
45 59 24
46 0 44
46 2 57
46 3 30
46 4 41
46 7 38
46 8 24
46 10 47
46 11 50
46 12 36
46 13 39
46 14 37
46 17 9
46 18 1
46 19 59
46 20 53
46 21 2
46 22 42
46 24 0
46 27 43
46 30 23
46 33 54
46 37 8
46 38 14
46 41 26
46 42 20
46 43 17
46 45 5
46 46 28
46 48 56
46 52 52
46 53 15
46 55 35
46 56 25
46 58 51
46 59 21
47 1 11
47 3 42
47 5 9
47 6 33
47 7 40
47 8 23
47 9 22
47 10 6
47 12 15
47 13 27
47 15 30
47 16 45
47 20 59
47 23 3
47 25 21
47 26 39
47 33 5
47 34 58
47 35 53
47 38 29
47 39 7
47 40 18
47 42 14
47 43 28
47 44 57
47 46 37
47 47 36
47 49 52
47 56 0
47 57 56
47 59 32
48 0 7
48 1 0
48 3 15
48 6 46
48 7 10
48 8 19
48 10 38
48 11 54
48 12 9
48 13 34
48 15 13
48 16 41
48 20 31
48 21 52
48 22 45
48 24 23
48 25 29
48 26 57
48 27 25
48 28 24
48 30 37
48 31 47
48 33 39
48 35 20
48 36 3
48 37 17
48 38 36
48 39 21
48 40 35
48 41 14
48 42 2
48 43 42
48 44 12
48 45 1
48 46 58
48 47 30
48 49 26
48 52 4
48 53 22
48 54 18
48 55 43
48 56 6
48 57 53
49 1 25
49 2 32
49 6 45
49 9 47
49 10 4
49 12 17
49 13 8
49 15 22
49 19 18
49 20 51
49 21 23
49 25 52
49 26 24
49 27 57
49 29 28
49 30 9
49 33 59
49 34 13
49 35 15
49 36 0
49 37 56
49 38 55
49 43 43
49 44 11
49 45 54
49 46 2
49 47 14
49 48 35
49 49 38
49 52 58
49 55 48
49 56 41
49 57 3
49 58 49
49 59 16
50 1 17
50 2 16
50 5 1
50 6 42
50 10 18
50 12 46
50 13 19
50 14 58
50 15 39
50 16 55
50 17 0
50 18 33
50 19 2
50 21 29
50 23 41
50 24 37
50 27 38
50 29 35
50 30 28
50 31 57
50 33 34
50 34 6
50 35 7
50 36 11
50 37 44
50 39 52
50 40 36
50 41 13
50 43 25
50 44 22
50 45 59
50 46 8
50 47 10
50 48 30
50 49 15
50 50 21
50 52 32
50 53 47
50 54 54
50 55 20
50 57 40
50 58 43
51 2 17
51 3 40
51 4 42
51 7 22
51 8 0
51 9 11
51 10 1
51 11 53
51 12 39
51 16 24
51 20 27
51 21 12
51 23 23
51 24 14
51 25 55
51 26 29
51 27 44
51 28 33
51 29 21
51 30 34
51 31 28
51 34 15
51 36 52
51 37 20
51 38 19
51 41 9
51 42 49
51 43 35
51 44 47
51 46 32
51 47 4
51 48 38
51 49 5
51 50 3
51 51 56
51 56 37
51 59 58
52 0 19
52 1 8
52 4 15
52 5 55
52 7 21
52 9 42
52 10 16
52 11 58
52 12 4
52 13 49
52 16 23
52 17 2
52 18 44
52 20 22
52 23 1
52 24 41
52 25 47
52 26 6
52 27 26
52 28 37
52 31 50
52 32 51
52 36 24
52 37 11
52 38 48
52 39 59
52 41 46
52 42 29
52 44 20
52 46 56
52 48 43
52 50 30
52 51 25
52 52 54
52 54 45
52 57 28
52 58 57
52 59 36
53 1 2
53 2 43
53 3 12
53 4 46
53 6 32
53 7 3
53 10 10
53 12 51
53 13 22
53 14 34
53 15 21
53 17 24
53 18 39
53 20 52
53 21 44
53 22 13
53 23 5
53 24 38
53 25 16
53 26 33
53 27 19
53 29 55
53 30 56
53 31 26
53 32 58
53 33 42
53 35 49
53 36 14
53 37 18
53 38 20
53 39 37
53 40 17
53 41 36
53 42 41
53 43 54
53 46 31
53 48 0
53 50 4
53 53 48
53 54 57
53 55 6
53 56 9
53 57 29
53 58 28
54 0 9
54 1 30
54 3 25
54 4 59
54 6 8
54 10 32
54 13 11
54 14 52
54 15 58
54 16 6
54 17 42
54 18 16
54 20 19
54 22 7
54 25 20
54 26 34
54 27 1
54 29 3
54 31 49
54 32 15
54 33 51
54 34 28
54 35 29
54 37 21
54 39 17
54 43 5
54 44 0
54 47 53
54 49 54
54 51 48
54 53 38
54 54 14
54 57 57
55 0 54
55 1 50
55 2 33
55 3 5
55 5 53
55 7 25
55 9 20
55 12 37
55 13 18
55 14 51
55 15 41
55 16 19
55 17 26
55 18 29
55 24 36
55 25 32
55 26 1
55 27 56
55 29 16
55 30 12
55 32 35
55 33 22
55 34 0
55 35 27
55 36 34
55 37 40
55 38 7
55 40 14
55 41 43
55 43 38
55 44 46
55 46 49
55 48 15
55 50 9
55 52 8
55 57 48
55 58 47
55 59 55
56 0 23
56 1 53
56 2 10
56 4 22
56 5 41
56 7 33
56 11 16
56 14 46
56 16 15
56 17 58
56 20 11
56 22 35
56 23 43
56 26 50
56 28 8
56 34 40
56 37 28
56 39 3
56 40 44
56 41 18
56 42 32
56 43 14
56 45 25
56 46 48
56 47 49
56 48 17
56 53 21
56 55 42
56 58 4
56 59 52
57 0 49
57 2 51
57 4 11
57 5 43
57 7 2
57 9 28
57 13 40
57 16 1
57 19 37
57 21 13
57 24 8
57 25 31
57 27 6
57 29 34
57 30 44
57 33 30
57 34 5
57 35 47
57 36 18
57 37 19
57 38 0
57 39 41
57 40 7
57 41 52
57 43 48
57 44 16
57 45 53
57 46 27
57 47 29
57 49 24
57 50 25
57 51 21
57 54 42
57 55 58
57 59 12
58 0 25
58 1 48
58 6 2
58 7 42
58 8 3
58 10 30
58 11 32
58 12 31
58 13 12
58 14 15
58 15 10
58 16 4
58 20 44
58 22 18
58 23 52
58 24 57
58 27 20
58 30 5
58 31 8
58 32 53
58 35 9
58 38 28
58 39 26
58 40 41
58 42 55
58 44 51
58 45 22
58 46 6
58 47 37
58 50 46
58 51 13
58 52 59
58 53 17
58 54 39
58 56 45
58 58 54
58 59 47
59 0 32
59 1 58
59 2 50
59 5 46
59 7 16
59 8 21
59 10 59
59 11 56
59 12 6
59 14 22
59 16 28
59 17 5
59 18 57
59 19 34
59 21 53
59 24 30
59 25 38
59 26 51
59 27 54
59 28 52
59 30 18
59 32 0
59 33 48
59 34 43
59 35 45
59 37 4
59 38 17
59 39 33
59 42 23
59 43 31
59 45 3
59 46 42
59 47 35
59 48 49
59 49 10
59 50 11
59 51 27
59 52 15
59 53 9
59 54 26
59 55 1
59 56 12
59 59 2
