60
0 0 24
0 1 46
0 2 34
0 3 19
0 5 39
0 6 21
0 8 22
0 9 38
0 10 14
0 11 30
0 12 58
0 13 48
0 14 10
0 15 11
0 16 3
0 19 2
0 20 18
0 21 47
0 22 6
0 24 33
0 26 15
0 27 7
0 28 32
0 29 0
0 30 17
0 31 41
0 32 29
0 35 8
0 36 44
0 37 27
0 38 9
0 39 28
0 40 59
0 41 36
0 42 50
0 44 55
0 45 54
0 46 4
0 47 56
0 48 25
0 49 40
0 50 43
0 51 16
0 52 51
0 53 57
0 56 5
0 57 49
0 58 12
0 59 31
1 0 9
1 1 8
1 2 0
1 3 44
1 4 36
1 5 40
1 6 24
1 8 15
1 9 59
1 10 17
1 11 6
1 12 13
1 13 43
1 14 29
1 15 5
1 17 33
1 18 10
1 19 12
1 21 53
1 23 16
1 24 46
1 25 39
1 26 19
1 27 48
1 28 2
1 29 49
1 30 54
1 31 52
1 32 18
1 33 56
1 34 25
1 36 20
1 38 23
1 39 34
1 40 26
1 41 22
1 42 31
1 43 30
1 44 38
1 45 42
1 46 45
1 47 14
1 48 11
1 49 3
1 50 28
1 52 1
1 53 21
1 55 35
1 56 27
1 57 37
1 58 32
1 59 41
2 0 49
2 1 43
2 3 24
2 4 29
2 6 54
2 9 21
2 10 4
2 12 5
2 14 55
2 15 25
2 16 51
2 17 22
2 19 52
2 20 31
2 22 23
2 25 36
2 27 27
2 28 0
2 29 30
2 30 8
2 31 2
2 32 3
2 33 10
2 34 11
2 36 34
2 37 26
2 38 15
2 39 7
2 40 42
2 41 56
2 42 17
2 43 48
2 44 44
2 47 53
2 48 58
2 49 13
2 50 18
2 51 33
2 52 20
2 53 45
2 56 9
2 57 47
2 58 59
2 59 46
3 0 53
3 2 39
3 4 8
3 6 48
3 7 22
3 8 42
3 9 28
3 10 0
3 11 43
3 12 11
3 13 24
3 14 37
3 15 50
3 16 7
3 18 31
3 19 56
3 20 33
3 21 26
3 22 30
3 23 54
3 24 45
3 25 46
3 27 44
3 28 20
3 29 18
3 30 49
3 32 14
3 33 4
3 34 51
3 35 32
3 36 58
3 37 47
3 38 10
3 40 57
3 41 1
3 45 35
3 46 59
3 47 6
3 48 38
3 50 15
3 51 21
3 52 52
3 54 40
3 55 29
3 56 17
3 57 9
3 58 23
3 59 34
4 0 12
4 1 50
4 2 5
4 3 53
4 4 7
4 5 23
4 6 25
4 7 44
4 8 52
4 9 37
4 10 26
4 11 20
4 12 21
4 13 32
4 15 29
4 16 31
4 17 14
4 18 58
4 19 51
4 20 30
4 21 24
4 22 43
4 23 42
4 24 6
4 25 27
4 26 40
4 27 49
4 28 19
4 29 34
4 31 36
4 32 22
4 33 57
4 34 0
4 35 4
4 36 59
4 37 48
4 38 38
4 39 55
4 40 56
4 41 3
4 42 45
4 43 28
4 44 1
4 45 15
4 47 54
4 49 46
4 50 39
4 51 11
4 52 8
4 53 10
4 54 33
4 56 16
4 57 18
4 58 47
4 59 35
5 0 42
5 1 4
5 3 6
5 4 5
5 5 44
5 6 59
5 7 9
5 8 7
5 9 25
5 10 22
5 11 23
5 12 55
5 13 27
5 14 2
5 15 52
5 17 11
5 20 40
5 21 12
5 22 41
5 23 48
5 24 36
5 25 17
5 26 46
5 27 16
5 28 50
5 30 53
5 31 20
5 33 34
5 35 43
5 36 28
5 38 58
5 40 33
5 42 13
5 43 56
5 44 32
5 45 26
5 47 30
5 48 29
5 50 37
5 51 54
5 52 38
5 53 51
5 54 49
5 55 10
5 56 47
5 57 19
5 58 0
5 59 15
6 0 31
6 1 12
6 2 54
6 3 51
6 5 15
6 7 17
6 8 50
6 9 11
6 10 6
6 12 10
6 13 47
6 14 22
6 15 27
6 16 16
6 17 8
6 18 23
6 19 3
6 20 53
6 21 19
6 22 14
6 23 41
6 24 38
6 25 57
6 26 58
6 27 40
6 28 55
6 29 36
6 30 45
6 31 39
6 32 28
6 35 52
6 37 7
6 38 56
6 40 29
6 41 24
6 42 21
6 43 1
6 44 26
6 45 5
6 46 30
6 48 37
6 49 43
6 50 42
6 51 44
6 52 13
6 53 59
6 54 25
6 55 4
6 57 46
6 58 18
7 0 17
7 1 23
7 3 35
7 4 44
7 5 20
7 6 6
7 7 45
7 10 49
7 11 7
7 12 4
7 13 3
7 14 54
7 15 28
7 16 56
7 17 37
7 18 34
7 21 14
7 22 42
7 23 9
7 24 58
7 25 1
7 27 0
7 28 22
7 29 43
7 30 52
7 31 18
7 32 39
7 33 25
7 34 30
7 36 40
7 37 11
7 38 27
7 40 55
7 41 41
7 42 38
7 43 24
7 44 48
7 45 59
7 46 47
7 47 29
7 48 15
7 49 53
7 50 5
7 52 36
7 53 13
7 54 31
7 56 21
7 57 51
7 59 16
8 0 0
8 1 29
8 2 38
8 3 12
8 4 49
8 5 51
8 6 58
8 7 18
8 8 9
8 9 57
8 12 36
8 13 7
8 14 46
8 15 22
8 16 13
8 18 4
8 19 40
8 20 44
8 22 10
8 23 37
8 25 20
8 26 21
8 27 35
8 28 31
8 29 6
8 30 23
8 32 26
8 33 53
8 34 54
8 35 33
8 36 17
8 37 30
8 38 43
8 39 52
8 40 47
8 41 11
8 42 3
8 43 41
8 44 14
8 45 27
8 46 2
8 47 45
8 48 5
8 49 25
8 50 32
8 51 59
8 52 42
8 54 34
8 56 39
8 57 1
8 58 55
9 0 40
9 3 2
9 4 33
9 5 58
9 6 20
9 8 3
9 9 7
9 10 44
9 11 14
9 12 47
9 13 59
9 14 8
9 15 57
9 16 43
9 17 34
9 18 1
9 19 41
9 20 37
9 21 29
9 22 24
9 24 55
9 25 4
9 26 5
9 27 56
9 28 52
9 29 42
9 30 18
9 31 23
9 32 27
9 33 32
9 34 17
9 35 36
9 36 50
9 37 19
9 38 28
9 39 48
9 40 35
9 42 26
9 43 11
9 47 31
9 49 45
9 50 25
9 51 38
9 52 39
9 53 6
9 54 21
9 55 49
9 56 30
9 57 54
9 58 53
9 59 13
10 2 52
10 3 42
10 4 32
10 5 19
10 6 17
10 7 14
10 9 29
10 11 10
10 12 20
10 13 8
10 14 38
10 15 39
10 16 12
10 17 5
10 18 3
10 19 13
10 20 45
10 21 36
10 22 9
10 23 21
10 24 41
10 27 58
10 28 6
10 29 33
10 30 40
10 32 4
10 35 35
10 36 31
10 37 49
10 38 22
10 39 43
10 40 1
10 43 37
10 44 2
10 45 23
10 46 25
10 47 24
10 48 55
10 49 51
10 50 30
10 51 0
10 52 44
10 53 7
10 54 54
10 56 56
10 58 26
10 59 27
11 0 39
11 2 4
11 3 16
11 5 50
11 6 12
11 7 41
11 8 28
11 9 30
11 10 7
11 11 27
11 12 9
11 13 54
11 15 2
11 16 33
11 17 13
11 18 0
11 19 1
11 20 24
11 21 23
11 24 48
11 25 53
11 26 20
11 28 40
11 29 10
11 30 3
11 32 55
11 33 42
11 34 45
11 35 37
11 36 14
11 37 21
11 38 59
11 39 8
11 40 17
11 42 29
11 43 34
11 44 18
11 45 49
11 47 47
11 49 11
11 50 31
11 51 22
11 52 43
11 53 38
11 54 44
11 55 19
11 56 52
11 57 25
12 0 56
12 1 2
12 2 22
12 3 5
12 4 57
12 7 47
12 9 0
12 11 37
12 12 24
12 13 36
12 15 14
12 16 10
12 17 31
12 19 15
12 20 41
12 22 34
12 23 38
12 25 28
12 26 1
12 27 33
12 29 48
12 30 59
12 31 35
12 32 46
12 34 23
12 35 53
12 36 25
12 37 42
12 38 39
12 39 21
12 40 58
12 41 52
12 42 7
12 43 6
12 44 49
12 46 29
12 47 43
12 48 4
12 50 26
12 52 11
12 53 12
12 54 8
12 56 19
12 57 3
12 58 27
12 59 9
13 0 4
13 2 44
13 3 52
13 4 53
13 5 5
13 6 57
13 7 21
13 8 56
13 9 19
13 10 12
13 11 2
13 13 49
13 14 0
13 15 30
13 16 29
13 17 6
13 18 55
13 20 43
13 21 15
13 23 27
13 24 23
13 26 7
13 28 36
13 29 47
13 30 32
13 32 48
13 33 45
13 34 20
13 37 13
13 39 59
13 40 25
13 41 38
13 42 39
13 43 54
13 44 58
13 45 50
13 47 34
13 48 46
13 49 1
13 50 35
13 51 17
13 52 14
13 53 28
13 54 24
13 56 18
13 57 11
13 59 10
14 0 25
14 1 19
14 2 14
14 3 40
14 4 56
14 5 49
14 6 31
14 7 42
14 8 26
14 11 48
14 12 6
14 14 30
14 15 8
14 16 39
14 17 51
14 18 16
14 19 29
14 20 38
14 21 33
14 22 58
14 23 23
14 24 9
14 25 21
14 26 45
14 27 20
14 28 28
14 29 11
14 31 32
14 32 37
14 33 27
14 34 36
14 37 54
14 38 4
14 39 1
14 40 52
14 41 13
14 42 2
14 43 7
14 44 0
14 45 3
14 46 17
14 47 59
14 48 53
14 49 15
14 50 44
14 51 10
14 52 5
14 53 35
14 54 57
14 55 41
14 56 46
14 57 55
14 58 34
14 59 50
15 0 7
15 1 40
15 3 23
15 4 17
15 5 22
15 6 44
15 7 39
15 8 29
15 9 14
15 11 16
15 12 37
15 13 33
15 14 42
15 15 55
15 16 28
15 18 49
15 19 27
15 20 1
15 21 18
15 23 57
15 24 34
15 25 47
15 26 25
15 27 41
15 28 53
15 30 24
15 31 54
15 32 10
15 34 26
15 35 6
15 36 32
15 37 3
15 38 45
15 39 51
15 40 5
15 41 4
15 42 52
15 43 9
15 44 30
15 45 38
15 49 8
15 50 58
15 51 36
15 52 2
15 53 0
15 54 46
15 56 11
15 57 35
15 58 50
15 59 43
16 0 48
16 1 56
16 2 47
16 3 0
16 4 58
16 5 54
16 6 36
16 7 33
16 8 49
16 9 15
16 10 18
16 12 35
16 13 45
16 14 4
16 15 19
16 16 46
16 17 27
16 18 59
16 19 43
16 20 39
16 22 51
16 23 2
16 24 29
16 26 6
16 27 13
16 28 7
16 30 38
16 31 9
16 32 44
16 33 17
16 34 28
16 35 14
16 37 10
16 40 20
16 41 21
16 42 57
16 43 23
16 44 11
16 45 31
16 46 37
16 47 50
16 48 16
16 49 55
16 52 22
16 53 34
16 54 53
16 55 26
16 56 32
16 57 30
16 58 25
16 59 8
17 0 15
17 1 54
17 2 36
17 3 50
17 4 10
17 5 46
17 6 9
17 7 43
17 8 31
17 9 1
17 10 30
17 11 0
17 12 18
17 13 41
17 14 33
17 15 38
17 16 32
17 17 48
17 18 29
17 19 16
17 20 42
17 21 37
17 22 47
17 23 14
17 25 55
17 26 35
17 28 5
17 30 57
17 31 21
17 32 11
17 33 39
17 34 24
17 35 20
17 36 51
17 38 49
17 39 58
17 40 45
17 41 28
17 42 59
17 43 25
17 44 56
17 46 23
17 47 27
17 48 26
17 49 7
17 50 17
17 51 2
17 53 3
17 54 4
17 55 44
17 56 53
17 57 12
17 58 6
17 59 19
18 0 21
18 1 27
18 2 29
18 3 1
18 4 24
18 5 10
18 7 35
18 8 5
18 9 55
18 10 31
18 11 13
18 12 8
18 13 51
18 14 7
18 15 16
18 16 15
18 17 43
18 18 42
18 20 12
18 22 56
18 23 28
18 24 44
18 25 48
18 26 52
18 27 11
18 28 58
18 29 19
18 30 6
18 31 0
18 32 30
18 33 22
18 35 59
18 36 39
18 39 20
18 41 49
18 42 4
18 43 57
18 44 23
18 47 17
18 49 41
18 54 47
18 56 14
18 57 2
18 58 45
18 59 53
19 0 23
19 1 45
19 2 27
19 3 13
19 4 25
19 5 47
19 6 28
19 8 11
19 9 42
19 10 35
19 12 17
19 13 20
19 14 12
19 15 21
19 16 2
19 17 16
19 18 48
19 19 46
19 20 52
19 21 4
19 22 37
19 23 44
19 24 24
19 26 30
19 27 18
19 28 38
19 29 26
19 32 15
19 34 5
19 35 3
19 36 6
19 37 8
19 38 29
19 39 32
19 40 19
19 41 43
19 45 53
19 46 50
19 47 41
19 48 34
19 51 9
19 52 7
19 53 55
19 54 59
19 55 58
19 56 49
19 57 33
19 58 57
20 0 19
20 1 48
20 3 14
20 4 43
20 7 3
20 8 23
20 9 16
20 10 9
20 12 50
20 15 31
20 16 20
20 17 56
20 18 8
20 19 44
20 20 26
20 21 28
20 22 12
20 24 27
20 25 13
20 27 39
20 28 30
20 29 32
20 30 21
20 31 22
20 35 10
20 36 7
20 38 6
20 39 24
20 40 11
20 41 46
20 43 15
20 45 18
20 46 0
20 47 38
20 48 54
20 49 49
20 50 59
20 51 47
20 52 57
20 54 2
20 58 52
20 59 1
21 0 28
21 1 1
21 2 42
21 4 27
21 5 59
21 6 49
21 7 56
21 8 54
21 9 13
21 10 8
21 13 29
21 15 10
21 16 22
21 17 24
21 18 12
21 19 4
21 21 16
21 23 45
21 25 19
21 26 34
21 27 38
21 28 44
21 29 20
21 30 26
21 31 14
21 32 21
21 33 30
21 34 41
21 36 18
21 38 31
21 39 36
21 40 3
21 41 25
21 42 47
21 43 58
21 44 35
21 46 51
21 47 23
21 48 50
21 49 52
21 50 48
21 51 46
21 52 32
21 53 53
21 54 43
21 55 57
21 56 6
21 59 37
22 0 32
22 1 51
22 3 9
22 4 35
22 6 2
22 7 37
22 8 20
22 9 12
22 10 46
22 11 58
22 12 26
22 14 15
22 15 6
22 16 55
22 17 45
22 19 47
22 20 49
22 21 42
22 22 29
22 23 25
22 24 21
22 25 22
22 26 13
22 27 36
22 28 57
22 29 17
22 30 16
22 31 11
22 33 44
22 34 39
22 35 7
22 36 5
22 37 59
22 38 52
22 39 19
22 40 41
22 41 23
22 42 1
22 43 33
22 44 53
22 45 14
22 46 8
22 48 48
22 49 24
22 50 34
22 51 56
22 52 50
22 54 3
22 55 31
22 56 38
22 58 54
22 59 30
23 0 3
23 2 15
23 4 1
23 6 8
23 7 11
23 8 2
23 9 51
23 10 40
23 11 24
23 13 18
23 14 59
23 16 47
23 17 26
23 18 46
23 19 10
23 20 6
23 21 34
23 22 53
23 25 49
23 26 39
23 27 17
23 28 45
23 29 4
23 30 55
23 31 38
23 32 54
23 33 23
23 34 31
23 35 29
23 37 25
23 38 16
23 39 13
23 40 14
23 41 7
23 42 0
23 43 12
23 44 43
23 45 20
23 46 41
23 47 44
23 49 5
23 50 56
23 51 19
23 52 48
23 53 30
23 55 27
23 58 35
23 59 22
24 0 6
24 1 26
24 2 9
24 3 39
24 4 51
24 5 11
24 7 38
24 8 58
24 9 43
24 10 56
24 12 49
24 13 55
24 14 47
24 15 13
24 16 25
24 17 10
24 18 2
24 20 3
24 21 21
24 24 28
24 26 0
24 28 54
24 30 30
24 31 42
24 33 40
24 34 29
24 36 35
24 37 5
24 38 24
24 39 33
24 40 48
24 41 32
24 43 50
24 44 59
24 45 41
24 46 46
24 47 52
24 48 1
24 49 16
24 50 23
24 52 12
24 53 31
24 54 22
24 55 18
24 56 20
24 57 7
25 1 22
25 2 26
25 3 25
25 4 6
25 7 8
25 8 57
25 9 44
25 10 42
25 13 17
25 14 19
25 15 12
25 16 35
25 17 9
25 18 14
25 19 24
25 20 28
25 21 11
25 23 53
25 24 31
25 25 54
25 26 32
25 27 21
25 28 1
25 29 13
25 30 46
25 31 30
25 34 10
25 35 55
25 36 36
25 37 40
25 38 7
25 39 38
25 41 29
25 42 43
25 44 3
25 45 51
25 46 56
25 47 20
25 48 41
25 50 2
25 51 48
25 53 15
25 55 34
25 56 4
25 57 45
25 58 16
26 0 33
26 1 47
26 2 16
26 4 28
26 5 30
26 7 48
26 8 19
26 9 23
26 10 37
26 11 52
26 12 44
26 13 56
26 16 9
26 18 36
26 19 34
26 21 25
26 22 59
26 24 54
26 25 6
26 26 50
26 27 1
26 28 4
26 29 8
26 31 3
26 32 12
26 34 35
26 36 57
26 37 31
26 38 18
26 40 51
26 42 42
26 43 2
26 44 24
26 45 17
26 46 10
26 47 49
26 48 21
26 49 22
26 50 45
26 51 5
26 53 20
26 54 32
26 55 55
26 56 15
26 57 0
26 59 38
27 0 36
27 1 31
27 2 49
27 3 45
27 4 0
27 5 42
27 6 4
27 7 19
27 8 16
27 9 17
27 10 20
27 11 22
27 13 57
27 14 25
27 15 48
27 16 8
27 17 53
27 19 59
27 20 21
27 22 28
27 23 55
27 24 3
27 26 47
27 27 23
27 28 26
27 30 34
27 31 15
27 32 43
27 34 1
27 35 30
27 36 56
27 38 44
27 39 6
27 41 35
27 42 33
27 43 38
27 45 37
27 46 27
27 49 18
27 51 29
27 52 9
27 54 14
27 55 11
27 56 54
27 58 51
27 59 24
28 1 17
28 2 56
28 3 33
28 4 15
28 6 13
28 7 5
28 8 46
28 9 8
28 10 1
28 12 41
28 13 39
28 14 36
28 15 23
28 16 50
28 18 47
28 19 26
28 20 32
28 22 2
28 25 29
28 26 16
28 27 59
28 28 25
28 29 51
28 30 48
28 31 6
28 32 35
28 33 43
28 34 44
28 35 58
28 37 38
28 38 20
28 40 10
28 43 42
28 44 28
28 45 11
28 47 9
28 48 24
28 49 19
28 50 52
28 51 18
28 53 4
28 54 37
28 55 21
28 56 34
28 57 22
28 59 57
29 1 55
29 2 51
29 3 56
29 4 2
29 6 53
29 9 41
29 10 52
29 11 42
29 12 7
29 13 26
29 14 3
29 15 32
29 16 11
29 17 54
29 18 5
29 19 9
29 20 4
29 21 57
29 22 38
29 23 30
29 24 22
29 25 31
29 26 49
29 27 10
29 28 59
29 30 43
29 33 47
29 34 48
29 35 28
29 36 8
29 37 23
29 39 40
29 40 16
29 42 18
29 43 17
29 50 13
29 51 12
29 53 58
29 54 39
29 55 1
29 57 6
29 58 20
30 0 5
30 1 18
30 2 20
30 4 45
30 5 28
30 6 50
30 7 52
30 8 44
30 9 39
30 11 40
30 12 15
30 14 6
30 15 0
30 16 54
30 17 7
30 18 11
30 19 48
30 20 14
30 21 38
30 22 17
30 23 10
30 24 1
30 26 2
30 28 12
30 29 3
30 30 9
30 31 57
30 32 59
30 33 33
30 34 21
30 35 25
30 36 24
30 37 53
30 38 13
30 39 31
30 40 49
30 41 37
30 42 19
30 43 47
30 44 42
30 47 51
30 48 8
30 49 58
30 50 46
30 52 27
30 53 41
30 54 36
30 55 43
30 57 56
30 58 4
30 59 32
31 1 28
31 2 13
31 3 22
31 4 11
31 5 45
31 6 32
31 8 48
31 10 57
31 11 49
31 12 25
31 13 0
31 15 34
31 18 54
31 20 58
31 21 17
31 22 46
31 23 4
31 24 8
31 25 52
31 26 36
31 27 47
31 28 9
31 29 15
31 31 27
31 33 29
31 34 43
31 35 40
31 36 38
31 37 35
31 42 12
31 44 5
31 45 24
31 48 10
31 50 20
31 51 7
31 52 53
31 53 16
31 54 18
31 56 1
31 57 21
31 59 33
32 0 8
32 1 37
32 2 30
32 3 34
32 5 29
32 6 47
32 8 27
32 9 31
32 10 36
32 11 3
32 12 39
32 14 20
32 16 21
32 17 59
32 19 11
32 20 2
32 21 56
32 22 22
32 23 13
32 24 15
32 25 38
32 26 9
32 28 41
32 29 50
32 30 42
32 33 16
32 34 6
32 35 23
32 36 26
32 37 43
32 38 48
32 39 17
32 40 46
32 41 18
32 42 35
32 43 14
32 45 10
32 46 32
32 47 19
32 48 28
32 49 0
32 50 1
32 51 51
32 52 25
32 53 33
32 55 52
32 57 40
32 58 5
32 59 54
33 0 10
33 1 42
33 2 53
33 3 46
33 4 19
33 6 43
33 7 55
33 8 51
33 9 52
33 10 3
33 13 34
33 14 35
33 15 36
33 16 18
33 17 40
33 18 44
33 19 32
33 20 5
33 21 41
33 22 16
33 23 0
33 24 47
33 27 12
33 28 48
33 30 39
33 31 17
33 32 2
33 33 7
33 34 4
33 35 45
33 37 29
33 38 11
33 39 25
33 40 30
33 41 33
33 42 20
33 44 50
33 46 28
33 47 58
33 50 8
33 51 26
33 52 23
33 53 54
33 56 22
33 57 24
33 58 15
34 0 34
34 1 52
34 3 30
34 4 21
34 5 24
34 7 40
34 8 35
34 11 11
34 12 48
34 13 2
34 14 13
34 15 51
34 16 26
34 17 0
34 20 22
34 21 10
34 22 32
34 23 3
34 24 19
34 25 8
34 26 18
34 27 14
34 28 43
34 29 44
34 31 59
34 32 49
34 33 46
34 34 38
34 35 56
34 36 53
34 39 37
34 40 50
34 41 55
34 43 27
34 45 29
34 47 36
34 50 54
34 51 4
34 52 28
34 54 12
34 55 7
34 56 57
34 57 20
34 59 47
35 1 16
35 2 19
35 3 21
35 4 40
35 5 36
35 6 27
35 7 20
35 8 18
35 11 46
35 12 59
35 13 9
35 14 58
35 15 33
35 16 38
35 17 1
35 18 28
35 20 54
35 22 11
35 23 8
35 25 30
35 26 23
35 29 35
35 30 4
35 31 34
35 32 50
35 33 24
35 34 32
35 35 41
35 36 55
35 37 2
35 38 14
35 40 13
35 41 45
35 42 15
35 43 29
35 45 48
35 46 57
35 48 51
35 50 6
35 51 31
35 52 37
35 53 52
35 56 12
35 58 22
36 0 29
36 1 24
36 2 1
36 4 59
36 5 13
36 6 56
36 7 25
36 10 51
36 12 57
36 13 15
36 14 48
36 15 43
36 16 49
36 17 36
36 18 38
36 19 53
36 20 20
36 21 31
36 22 18
36 23 11
36 24 35
36 25 5
36 26 14
36 27 45
36 31 37
36 32 34
36 33 12
36 35 22
36 36 54
36 37 32
36 38 55
36 39 2
36 40 40
36 41 27
36 42 41
36 43 8
36 44 52
36 45 58
36 46 7
36 48 33
36 50 47
36 52 3
36 53 19
36 54 6
36 55 46
36 56 26
36 57 42
36 58 10
36 59 21
37 1 38
37 2 59
37 4 4
37 6 5
37 8 55
37 11 44
37 13 1
37 15 35
37 16 6
37 17 32
37 18 40
37 19 18
37 20 8
37 21 27
37 23 51
37 24 7
37 25 15
37 26 17
37 27 54
37 28 3
37 29 25
37 30 50
37 33 41
37 34 19
37 35 42
37 36 10
37 37 46
37 38 57
37 39 12
37 40 0
37 41 58
37 42 11
37 44 33
37 45 30
37 47 13
37 48 56
37 49 48
37 50 29
37 52 24
37 54 26
37 56 45
37 57 34
37 58 43
37 59 23
38 1 11
38 2 6
38 3 36
38 4 9
38 5 7
38 6 10
38 8 33
38 10 41
38 11 26
38 13 21
38 16 45
38 17 2
38 19 57
38 21 52
38 22 50
38 23 49
38 24 18
38 25 43
38 26 31
38 29 58
38 30 28
38 31 25
38 32 56
38 33 0
38 34 13
38 35 38
38 36 15
38 37 24
38 38 5
38 39 27
38 40 37
38 41 19
38 42 44
38 43 53
38 44 8
38 45 34
38 46 39
38 47 3
38 48 47
38 49 20
38 50 55
38 51 1
38 52 59
38 53 23
38 54 51
38 55 42
38 57 14
38 58 17
38 59 48
39 0 57
39 1 0
39 2 40
39 4 3
39 6 35
39 7 27
39 8 6
39 9 9
39 11 41
39 12 53
39 13 19
39 14 11
39 15 46
39 16 34
39 18 26
39 19 23
39 20 17
39 23 20
39 24 2
39 25 58
39 26 28
39 27 5
39 28 18
39 29 37
39 30 10
39 31 7
39 32 38
39 33 13
39 36 45
39 37 56
39 38 47
39 39 50
39 40 54
39 41 42
39 42 51
39 43 21
39 44 15
39 45 36
39 46 22
39 47 55
39 49 14
39 50 33
39 51 43
39 52 4
39 53 49
39 54 16
39 55 25
39 56 59
39 57 48
39 58 30
40 0 26
40 2 35
40 5 3
40 7 53
40 8 43
40 9 36
40 10 38
40 11 5
40 12 2
40 13 14
40 14 16
40 15 47
40 16 23
40 17 49
40 19 6
40 20 11
40 21 39
40 22 55
40 24 52
40 26 59
40 27 24
40 28 27
40 29 1
40 30 37
40 31 31
40 33 54
40 34 12
40 35 57
40 36 46
40 38 21
40 39 45
40 40 32
40 41 48
40 42 30
40 43 10
40 44 40
40 45 0
40 47 15
40 48 42
40 49 9
40 50 4
40 51 13
40 53 25
40 54 28
40 55 33
40 56 50
40 57 8
40 58 19
40 59 58
41 0 52
41 2 18
41 3 11
41 4 42
41 5 8
41 6 55
41 8 41
41 9 22
41 10 2
41 13 12
41 14 53
41 15 54
41 16 37
41 17 44
41 18 9
41 20 48
41 26 24
41 27 26
41 28 10
41 29 7
41 31 28
41 32 13
41 34 59
41 35 17
41 36 3
41 38 51
41 39 39
41 42 14
41 44 47
41 45 4
41 46 6
41 48 30
41 49 57
41 50 16
41 51 25
41 52 49
41 53 46
41 54 15
41 55 45
41 57 29
41 58 1
41 59 0
42 0 47
42 1 36
42 2 33
42 3 20
42 5 31
42 6 3
42 7 59
42 8 37
42 9 46
42 10 43
42 11 19
42 13 16
42 14 26
42 15 45
42 16 0
42 18 53
42 19 39
42 20 51
42 21 7
42 22 27
42 24 14
42 25 35
42 26 4
42 27 32
42 28 24
42 30 15
42 31 5
42 32 8
42 33 28
42 34 22
42 35 12
42 36 1
42 39 29
42 41 30
42 42 40
42 44 17
42 46 13
42 47 25
42 48 57
42 49 42
42 50 49
42 53 11
42 55 23
42 57 10
42 58 44
42 59 6
43 0 45
43 1 14
43 2 48
43 4 37
43 6 18
43 7 13
43 8 25
43 9 34
43 10 5
43 11 21
43 12 56
43 13 42
43 14 23
43 15 7
43 16 17
43 17 15
43 18 19
43 23 47
43 24 40
43 25 12
43 27 30
43 28 39
43 29 41
43 30 11
43 31 44
43 32 58
43 35 26
43 36 4
43 37 52
43 38 53
43 39 22
43 40 6
43 41 8
43 42 24
43 43 51
43 44 54
43 45 28
43 46 43
43 47 33
43 48 0
43 49 31
43 51 20
43 52 35
43 53 1
43 54 10
43 55 50
43 57 27
43 58 3
43 59 55
44 0 2
44 1 39
44 2 55
44 3 47
44 4 26
44 5 43
44 6 30
44 7 7
44 8 17
44 9 53
44 10 25
44 11 15
44 12 1
44 13 38
44 14 52
44 15 41
44 16 58
44 18 35
44 19 54
44 21 3
44 23 6
44 24 32
44 25 0
44 26 33
44 27 50
44 28 46
44 31 45
44 32 16
44 33 8
44 34 9
44 35 49
44 36 11
44 37 51
44 38 34
44 39 4
44 40 24
44 41 10
44 42 27
44 43 20
44 45 56
44 46 44
44 47 57
44 48 31
44 49 29
44 51 14
44 52 18
44 53 36
44 54 42
44 56 28
44 58 40
44 59 59
45 1 25
45 2 3
45 3 38
45 4 16
45 5 14
45 8 4
45 9 24
45 10 54
45 11 28
45 12 51
45 14 18
45 15 9
45 16 30
45 18 41
45 19 36
45 20 50
45 22 21
45 23 59
45 24 37
45 25 10
45 26 44
45 27 43
45 28 56
45 29 46
45 30 1
45 32 32
45 33 20
45 34 27
45 35 31
45 36 52
45 37 17
45 38 33
45 39 35
45 41 2
45 42 55
45 45 6
45 46 15
45 48 13
45 49 47
45 50 40
45 52 45
45 53 48
45 55 12
45 56 7
45 58 39
45 59 42
46 0 37
46 1 32
46 2 28
46 3 41
46 4 47
46 5 9
46 6 51
46 7 2
46 8 13
46 9 33
46 10 10
46 11 34
46 12 42
46 13 35
46 15 1
46 17 46
46 18 52
46 19 55
46 20 27
46 21 6
46 22 45
46 25 59
46 26 54
46 27 25
46 28 23
46 30 20
46 32 57
46 33 3
46 34 58
46 36 48
46 39 18
46 41 39
46 42 36
46 43 44
46 44 7
46 45 8
46 46 11
46 47 21
46 48 49
46 49 26
46 50 19
46 52 30
46 53 22
46 54 0
46 55 5
46 56 43
46 57 4
46 58 38
46 59 56
47 0 13
47 1 53
47 2 50
47 3 15
47 4 23
47 5 52
47 6 45
47 7 16
47 8 0
47 10 55
47 11 54
47 12 3
47 13 37
47 14 56
47 15 59
47 16 40
47 17 4
47 18 30
47 20 34
47 21 51
47 22 49
47 23 26
47 25 14
47 26 10
47 27 22
47 28 33
47 29 12
47 30 41
47 31 8
47 32 17
47 33 38
47 34 57
47 35 27
47 38 46
47 39 44
47 41 5
47 42 6
47 43 32
47 45 39
47 46 24
47 47 7
47 50 11
47 52 29
47 53 2
47 54 9
47 55 47
47 56 25
47 57 31
47 58 21
48 0 41
48 1 44
48 2 57
48 3 32
48 6 11
48 7 51
48 8 24
48 9 40
48 10 50
48 11 38
48 13 46
48 14 28
48 16 52
48 17 42
48 18 37
48 19 58
48 20 16
48 21 54
48 23 56
48 24 49
48 25 45
48 27 3
48 28 21
48 29 22
48 31 47
48 32 23
48 33 31
48 34 18
48 35 34
48 36 27
48 37 6
48 38 2
48 41 14
48 42 48
48 43 59
48 44 39
48 45 33
48 46 55
48 47 4
48 48 9
48 49 36
48 51 35
48 52 10
48 53 17
48 54 7
48 55 0
48 56 13
48 57 26
48 58 8
49 0 38
49 1 7
49 2 45
49 3 4
49 5 57
49 6 1
49 7 10
49 8 8
49 9 35
49 10 16
49 11 39
49 12 31
49 13 25
49 14 24
49 17 20
49 18 43
49 19 22
49 20 36
49 21 2
49 23 18
49 24 53
49 25 33
49 26 26
49 27 9
49 28 34
49 30 58
49 31 46
49 32 5
49 33 6
49 35 44
49 36 37
49 37 28
49 38 0
49 39 54
49 41 47
49 42 23
49 43 40
49 45 32
49 46 3
49 47 11
49 48 14
49 49 50
49 50 21
49 53 29
49 54 56
49 55 30
49 56 42
49 57 41
49 58 48
50 0 54
50 1 35
50 2 21
50 5 48
50 6 52
50 7 23
50 8 45
50 9 32
50 10 27
50 11 29
50 12 43
50 13 44
50 14 17
50 15 26
50 17 41
50 18 15
50 19 28
50 21 5
50 22 1
50 23 24
50 24 51
50 25 37
50 26 56
50 27 34
50 28 11
50 29 14
50 32 25
50 33 55
50 34 50
50 35 47
50 36 9
50 37 0
50 38 36
50 39 46
50 40 4
50 42 58
50 43 22
50 44 20
50 45 12
50 46 33
50 48 59
50 49 38
50 50 57
50 51 39
50 52 6
50 53 8
50 54 30
50 55 40
50 56 3
50 57 16
50 59 7
51 0 43
51 1 59
51 2 17
51 3 18
51 4 22
51 5 26
51 7 46
51 8 47
51 9 6
51 11 33
51 12 52
51 13 5
51 14 50
51 15 49
51 16 53
51 17 57
51 21 13
51 22 20
51 24 10
51 25 7
51 26 27
51 27 29
51 28 37
51 29 28
51 30 35
51 33 58
51 34 15
51 36 30
51 37 55
51 38 1
51 41 0
51 42 34
51 44 4
51 45 25
51 46 38
51 47 48
51 48 12
51 49 32
51 50 9
51 51 3
51 52 54
51 53 56
51 55 14
51 57 36
51 58 24
51 59 2
52 0 27
52 1 6
52 2 41
52 3 55
52 4 12
52 5 2
52 6 29
52 7 1
52 8 10
52 9 58
52 10 59
52 11 47
52 12 40
52 14 21
52 15 3
52 16 19
52 19 37
52 20 56
52 21 9
52 22 39
52 23 17
52 24 42
52 26 43
52 27 28
52 28 8
52 29 38
52 31 48
52 32 31
52 33 11
52 34 33
52 35 54
52 36 49
52 37 4
52 38 32
52 39 23
52 40 53
52 41 57
52 43 35
52 44 16
52 45 7
52 46 5
52 47 26
52 48 52
52 49 34
52 51 45
52 52 15
52 53 14
52 54 13
52 55 20
52 56 24
52 59 36
53 0 11
53 1 20
53 2 24
53 4 39
53 5 35
53 6 26
53 7 28
53 9 3
53 11 51
53 12 45
53 13 13
53 14 43
53 15 56
53 16 5
53 17 18
53 18 57
53 20 55
53 22 25
53 23 34
53 24 12
53 25 32
53 27 52
53 29 40
53 30 0
53 31 33
53 32 6
53 34 53
53 35 2
53 37 50
53 40 9
53 41 16
53 42 10
53 43 19
53 44 31
53 45 44
53 46 58
53 47 22
53 48 23
53 50 41
53 51 49
53 52 21
53 53 42
53 55 38
53 56 36
53 57 15
53 58 7
53 59 4
54 0 14
54 1 33
54 2 23
54 3 10
54 4 52
54 5 53
54 6 19
54 7 34
54 8 32
54 10 28
54 13 6
54 14 51
54 15 17
54 16 24
54 17 38
54 18 25
54 19 0
54 21 44
54 23 39
54 24 4
54 25 11
54 26 55
54 27 31
54 28 49
54 29 16
54 30 47
54 31 13
54 33 35
54 35 21
54 36 22
54 37 57
54 38 26
54 39 30
54 40 2
54 42 9
54 43 3
54 44 27
54 45 45
54 46 48
54 48 18
54 49 59
54 50 7
54 51 37
54 53 43
54 54 29
54 58 58
54 59 12
55 0 22
55 1 5
55 2 12
55 3 27
55 5 0
55 6 23
55 9 18
55 10 58
55 11 56
55 12 33
55 14 45
55 15 37
55 17 28
55 18 32
55 20 35
55 23 43
55 24 39
55 25 25
55 26 29
55 28 15
55 29 2
55 30 14
55 31 55
55 32 36
55 33 19
55 35 48
55 36 16
55 37 34
55 38 8
55 40 31
55 41 9
55 42 54
55 43 4
55 44 13
55 46 52
55 47 1
55 48 7
55 49 44
55 50 50
55 51 24
55 52 46
55 53 26
55 54 20
55 55 51
55 56 10
55 58 42
55 59 11
56 0 46
56 2 11
56 3 58
56 4 54
56 5 41
56 6 42
56 8 40
56 10 13
56 11 25
56 12 12
56 14 1
56 15 18
56 16 27
56 17 47
56 19 5
56 20 9
56 21 20
56 22 33
56 23 32
56 24 26
56 25 3
56 26 22
56 27 19
56 29 55
56 30 29
56 33 48
56 34 14
56 35 16
56 36 2
56 37 15
56 38 50
56 40 36
56 42 37
56 44 6
56 45 57
56 46 34
56 47 10
56 49 28
56 50 51
56 52 31
56 53 39
56 54 52
56 55 59
56 56 0
56 57 38
56 58 49
56 59 44
57 0 1
57 1 21
57 2 2
57 3 48
57 4 14
57 5 18
57 6 22
57 7 6
57 8 38
57 10 34
57 11 45
57 13 31
57 14 49
57 15 4
57 16 36
57 17 55
57 18 17
57 19 42
57 20 25
57 21 30
57 23 19
57 24 59
57 25 56
57 26 3
57 27 46
57 28 13
57 29 54
57 30 33
57 31 58
57 32 20
57 33 5
57 35 0
57 36 47
57 37 9
57 38 41
57 39 10
57 40 8
57 41 12
57 42 32
57 43 43
57 45 52
57 46 26
57 47 37
57 48 35
57 49 39
57 50 53
57 51 15
57 52 16
57 53 44
57 55 24
57 56 51
57 57 50
57 59 40
58 0 55
58 1 49
58 2 32
58 4 48
58 8 1
58 9 56
58 10 39
58 11 12
58 12 54
58 13 52
58 14 34
58 15 44
58 16 41
58 17 23
58 18 20
58 19 14
58 20 59
58 21 0
58 22 8
58 23 35
58 24 5
58 25 50
58 27 2
58 28 47
58 32 40
58 33 26
58 34 42
58 35 13
58 36 19
58 38 30
58 39 11
58 40 22
58 41 15
58 42 25
58 44 21
58 45 43
58 46 53
58 48 45
58 49 37
58 51 6
58 52 33
58 53 9
58 54 38
58 57 57
58 58 29
58 59 3
59 0 18
59 1 15
59 2 7
59 3 54
59 4 50
59 5 6
59 6 14
59 7 57
59 8 34
59 9 10
59 10 33
59 11 4
59 12 19
59 13 40
59 14 39
59 15 53
59 16 48
59 18 24
59 19 31
59 20 0
59 21 8
59 22 26
59 23 58
59 24 30
59 25 2
59 26 11
59 28 29
59 29 59
59 30 22
59 31 43
59 32 9
59 34 37
59 35 1
59 36 23
59 37 45
59 39 5
59 40 38
59 41 20
59 42 28
59 44 25
59 45 55
59 46 49
59 47 16
59 48 44
59 50 27
59 52 47
59 54 35
59 56 41
59 57 13
59 58 36
