60
0 0 50
0 1 52
0 2 47
0 3 39
0 4 58
0 5 49
0 6 43
0 7 22
0 8 10
0 9 34
0 10 37
0 11 40
0 12 44
0 13 16
0 14 11
0 15 19
0 17 57
0 18 33
0 19 4
0 20 17
0 21 0
0 22 23
0 24 38
0 25 31
0 27 2
0 28 1
0 29 15
0 30 29
0 31 13
0 32 7
0 33 21
0 34 41
0 36 35
0 37 20
0 38 59
0 39 25
0 40 45
0 41 30
0 44 27
0 45 53
0 46 24
0 47 46
0 48 48
0 49 26
0 50 42
0 51 32
0 52 9
0 53 51
0 54 55
0 55 18
0 56 54
0 59 3
1 1 12
1 2 6
1 3 5
1 4 17
1 6 24
1 7 2
1 8 52
1 9 45
1 10 34
1 11 50
1 12 0
1 14 1
1 15 54
1 18 3
1 19 7
1 20 51
1 21 56
1 22 48
1 23 13
1 24 10
1 26 59
1 28 53
1 29 32
1 30 31
1 31 15
1 32 49
1 33 55
1 34 35
1 37 19
1 38 23
1 39 57
1 40 8
1 41 46
1 42 43
1 43 25
1 44 22
1 45 38
1 46 26
1 47 29
1 51 28
1 52 30
1 53 42
1 54 33
1 55 44
1 56 14
1 57 11
1 59 9
2 0 5
2 1 33
2 2 35
2 3 22
2 4 1
2 7 18
2 8 6
2 9 2
2 11 41
2 12 47
2 13 49
2 14 53
2 16 45
2 17 36
2 19 12
2 20 50
2 23 46
2 24 34
2 26 25
2 27 43
2 28 24
2 29 13
2 30 10
2 31 20
2 32 15
2 33 58
2 35 19
2 36 4
2 37 21
2 38 51
2 40 48
2 42 3
2 44 26
2 45 42
2 46 17
2 51 9
2 52 32
2 53 16
2 54 56
2 55 7
2 56 37
2 58 0
3 0 57
3 1 37
3 2 51
3 3 29
3 4 2
3 5 45
3 6 58
3 7 1
3 8 0
3 9 42
3 10 16
3 11 21
3 12 11
3 13 12
3 14 25
3 16 39
3 17 40
3 18 6
3 19 28
3 20 43
3 21 48
3 22 46
3 23 38
3 24 31
3 25 55
3 26 14
3 27 20
3 28 54
3 30 18
3 32 26
3 33 4
3 34 33
3 35 34
3 36 9
3 37 10
3 38 36
3 39 17
3 40 49
3 41 23
3 42 7
3 44 15
3 45 27
3 46 44
3 47 30
3 48 52
3 49 35
3 50 50
3 51 24
3 52 3
3 53 13
3 54 19
3 56 8
3 57 22
3 59 41
4 0 36
4 1 31
4 2 29
4 3 47
4 4 16
4 5 14
4 7 28
4 8 41
4 9 43
4 10 15
4 11 10
4 12 19
4 13 9
4 14 23
4 16 53
4 17 22
4 18 7
4 19 32
4 20 48
4 21 49
4 22 55
4 23 40
4 24 13
4 25 4
4 26 54
4 27 34
4 28 44
4 29 8
4 30 12
4 31 2
4 32 27
4 33 18
4 34 5
4 35 1
4 37 46
4 38 38
4 39 56
4 40 6
4 42 0
4 43 59
4 44 42
4 46 51
4 47 33
4 48 37
4 51 35
4 52 26
4 53 39
4 54 45
4 55 24
4 56 58
4 57 20
4 58 3
4 59 57
5 0 44
5 1 45
5 2 21
5 3 52
5 4 28
5 5 43
5 6 51
5 7 54
5 8 35
5 9 55
5 10 23
5 11 7
5 13 25
5 14 42
5 15 13
5 16 47
5 19 3
5 22 50
5 23 49
5 25 33
5 26 29
5 27 8
5 28 46
5 29 59
5 30 27
5 31 5
5 32 22
5 33 10
5 34 30
5 35 48
5 37 6
5 38 34
5 39 12
5 41 58
5 42 57
5 43 2
5 44 39
5 45 17
5 46 36
5 48 11
5 49 18
5 50 53
5 52 16
5 53 40
5 54 0
5 55 41
5 56 9
5 57 37
5 58 1
5 59 32
6 0 0
6 1 28
6 2 58
6 3 26
6 5 53
6 6 14
6 7 36
6 9 25
6 11 37
6 12 2
6 13 27
6 15 49
6 16 32
6 17 15
6 18 51
6 19 54
6 20 10
6 21 45
6 22 29
6 23 47
6 25 21
6 26 8
6 28 6
6 29 55
6 30 13
6 31 24
6 32 23
6 34 56
6 35 7
6 38 18
6 39 31
6 40 46
6 41 17
6 42 40
6 44 19
6 45 11
6 46 41
6 47 5
6 48 33
6 50 57
6 51 12
6 52 34
6 54 59
6 55 43
6 57 52
6 58 38
6 59 22
7 0 37
7 1 26
7 2 9
7 4 6
7 5 17
7 8 3
7 9 46
7 10 12
7 11 2
7 13 59
7 14 8
7 15 58
7 16 52
7 17 47
7 18 1
7 19 39
7 21 57
7 22 42
7 23 43
7 24 33
7 26 11
7 31 22
7 32 55
7 33 38
7 34 49
7 35 4
7 36 45
7 37 29
7 38 20
7 39 44
7 40 54
7 43 5
7 44 7
7 46 40
7 47 34
7 48 53
7 49 15
7 50 56
7 51 21
7 52 10
7 53 41
7 54 23
7 55 30
7 56 48
7 58 28
8 0 46
8 3 14
8 5 44
8 6 9
8 7 5
8 8 36
8 9 8
8 10 55
8 11 39
8 12 29
8 13 11
8 14 45
8 15 12
8 16 22
8 17 32
8 18 23
8 19 37
8 20 7
8 21 51
8 22 35
8 24 28
8 25 53
8 26 2
8 27 10
8 28 13
8 29 48
8 30 33
8 31 43
8 32 57
8 33 17
8 35 26
8 37 42
8 38 54
8 39 27
8 40 15
8 41 1
8 42 34
8 43 38
8 44 18
8 45 30
8 47 0
8 48 24
8 49 47
8 50 16
8 52 25
8 53 59
8 55 58
8 56 56
8 57 3
8 58 49
8 59 4
9 0 34
9 1 49
9 2 17
9 3 15
9 4 29
9 5 52
9 6 56
9 7 48
9 8 31
9 9 16
9 10 46
9 11 55
9 14 7
9 15 5
9 16 0
9 18 4
9 21 32
9 22 24
9 26 1
9 27 12
9 28 30
9 29 40
9 30 21
9 31 18
9 32 43
9 33 26
9 34 50
9 36 37
9 37 51
9 38 14
9 39 41
9 40 23
9 42 13
9 43 35
9 44 20
9 45 22
9 46 27
9 47 25
9 48 42
9 49 44
9 50 59
9 51 33
9 52 58
9 53 3
9 55 19
9 56 39
9 57 10
9 58 53
9 59 11
10 0 56
10 1 20
10 2 23
10 3 38
10 4 37
10 5 11
10 6 32
10 7 46
10 9 33
10 11 22
10 12 48
10 13 52
10 14 18
10 16 16
10 17 29
10 19 14
10 20 1
10 21 40
10 22 4
10 23 26
10 26 21
10 27 50
10 29 41
10 30 3
10 31 12
10 32 9
10 33 30
10 35 43
10 36 17
10 37 5
10 40 25
10 42 55
10 43 7
10 44 0
10 47 51
10 48 45
10 49 39
10 50 13
10 52 8
10 53 36
10 54 10
10 55 2
10 58 15
10 59 27
11 0 52
11 1 23
11 2 2
11 3 58
11 4 33
11 5 26
11 6 37
11 7 16
11 8 20
11 9 22
11 11 30
11 12 9
11 14 54
11 15 3
11 16 6
11 17 43
11 19 53
11 20 38
11 21 10
11 22 12
11 23 59
11 24 55
11 25 50
11 26 31
11 27 5
11 28 40
11 29 0
11 30 36
11 31 27
11 32 39
11 33 25
11 34 14
11 35 11
11 36 57
11 37 28
11 38 47
11 40 24
11 41 32
11 42 29
11 43 44
11 44 35
11 45 49
11 46 19
11 47 21
11 48 17
11 49 45
11 50 41
11 51 51
11 52 15
11 53 56
11 54 8
11 56 7
11 57 1
11 58 34
12 0 26
12 1 21
12 3 46
12 4 54
12 5 15
12 6 47
12 7 44
12 8 13
12 9 51
12 10 20
12 11 45
12 14 58
12 15 8
12 16 4
12 17 28
12 18 49
12 19 33
12 22 25
12 23 7
12 24 1
12 25 59
12 27 19
12 28 0
12 29 43
12 30 9
12 31 57
12 32 17
12 33 42
12 34 36
12 35 5
12 36 24
12 37 52
12 39 55
12 41 50
12 42 23
12 43 3
12 44 29
12 45 37
12 46 31
12 47 2
12 48 30
12 51 40
12 52 27
12 53 34
12 55 39
12 56 35
12 57 32
12 58 16
12 59 6
13 0 29
13 1 59
13 2 57
13 3 9
13 4 8
13 5 31
13 6 30
13 7 47
13 8 18
13 11 6
13 12 33
13 13 13
13 14 49
13 16 48
13 19 10
13 20 15
13 22 21
13 23 37
13 24 24
13 25 17
13 26 34
13 27 53
13 31 41
13 33 11
13 34 23
13 37 25
13 38 56
13 39 36
13 40 19
13 42 44
13 43 55
13 45 43
13 46 5
13 47 28
13 48 16
13 49 0
13 53 54
13 54 40
13 55 12
13 56 4
13 57 51
13 58 26
14 0 33
14 1 39
14 3 1
14 4 13
14 6 38
14 8 37
14 9 24
14 10 4
14 12 10
14 13 46
14 14 59
14 16 3
14 17 56
14 18 25
14 19 40
14 20 58
14 21 22
14 22 14
14 23 18
14 24 54
14 25 47
14 26 20
14 27 52
14 28 21
14 30 23
14 31 53
14 32 2
14 33 9
14 34 55
14 36 32
14 38 45
14 39 15
14 40 51
14 41 7
14 42 50
14 44 12
14 45 26
14 47 43
14 49 36
14 50 34
14 51 57
14 53 0
14 54 48
14 55 42
14 56 5
14 57 30
14 59 31
15 0 13
15 1 41
15 2 49
15 3 48
15 4 3
15 5 47
15 7 57
15 8 34
15 9 32
15 10 29
15 11 24
15 12 42
15 14 35
15 16 9
15 17 2
15 18 19
15 20 4
15 21 36
15 23 21
15 24 27
15 25 15
15 26 26
15 27 56
15 28 18
15 29 38
15 30 53
15 31 46
15 32 50
15 33 31
15 35 37
15 36 51
15 37 39
15 39 11
15 40 30
15 41 14
15 42 52
15 43 10
15 45 44
15 46 59
15 48 25
15 50 17
15 51 1
15 54 58
15 55 0
15 56 16
15 57 45
15 58 6
16 1 17
16 2 24
16 3 37
16 4 9
16 5 23
16 6 25
16 7 33
16 8 40
16 9 6
16 10 30
16 11 56
16 12 16
16 13 38
16 18 59
16 19 15
16 21 27
16 22 43
16 23 4
16 24 29
16 25 49
16 26 58
16 27 7
16 28 52
16 29 18
16 30 0
16 31 3
16 32 21
16 34 54
16 35 10
16 37 26
16 38 19
16 39 32
16 40 13
16 41 42
16 42 48
16 44 57
16 46 47
16 48 46
16 49 14
16 50 1
16 51 50
16 52 53
16 53 2
16 54 11
16 55 8
16 56 51
16 57 44
16 59 5
17 0 10
17 1 56
17 2 55
17 3 16
17 4 30
17 5 38
17 7 23
17 8 51
17 9 59
17 10 33
17 11 0
17 12 14
17 13 7
17 17 53
17 18 29
17 19 13
17 20 8
17 21 52
17 22 26
17 24 48
17 25 41
17 26 45
17 27 22
17 28 15
17 30 25
17 31 39
17 33 49
17 34 31
17 35 12
17 37 47
17 38 1
17 40 37
17 41 3
17 42 54
17 43 58
17 44 50
17 45 5
17 46 18
17 47 4
17 49 19
17 50 35
17 51 20
17 52 24
17 53 46
17 54 34
17 55 27
17 56 11
17 57 21
17 58 42
17 59 17
18 0 40
18 1 29
18 2 53
18 4 10
18 6 18
18 7 59
18 8 25
18 9 13
18 10 28
18 11 46
18 14 22
18 15 56
18 16 5
18 17 17
18 20 0
18 22 39
18 24 14
18 25 1
18 26 24
18 27 37
18 28 3
18 29 36
18 31 55
18 32 41
18 34 21
18 35 30
18 37 50
18 39 51
18 41 45
18 42 16
18 43 31
18 44 6
18 45 52
18 46 49
18 47 32
18 48 4
18 50 12
18 51 15
18 52 44
18 53 48
18 54 57
18 55 38
18 58 8
18 59 19
19 2 26
19 3 55
19 5 24
19 6 2
19 7 31
19 8 8
19 9 50
19 11 27
19 12 52
19 13 29
19 14 3
19 15 4
19 16 51
19 17 9
19 19 1
19 20 18
19 21 59
19 22 28
19 23 32
19 24 35
19 25 23
19 26 13
19 27 49
19 28 43
19 29 46
19 30 41
19 31 42
19 33 44
19 34 37
19 35 14
19 36 48
19 37 56
19 40 40
19 41 34
19 42 38
19 43 6
19 44 53
19 45 0
19 46 22
19 47 17
19 48 57
19 49 12
19 50 25
19 51 7
19 52 36
19 53 21
19 54 54
19 55 16
19 57 39
19 58 45
19 59 30
20 1 53
20 2 18
20 3 6
20 4 41
20 5 13
20 6 22
20 7 45
20 8 58
20 10 3
20 13 48
20 14 27
20 15 55
20 17 21
20 18 44
20 19 49
20 20 11
20 21 5
20 22 31
20 23 39
20 24 42
20 25 46
20 26 7
20 28 32
20 29 9
20 30 8
20 31 23
20 33 19
20 34 26
20 35 56
20 36 33
20 37 24
20 38 35
20 39 47
20 41 51
20 42 30
20 43 50
20 44 10
20 45 57
20 46 15
20 47 20
20 48 40
20 49 25
20 50 14
20 51 52
20 53 17
20 54 4
20 55 54
20 56 43
20 57 38
20 58 2
20 59 29
21 0 58
21 1 42
21 2 54
21 3 3
21 4 7
21 5 21
21 6 19
21 7 35
21 8 43
21 12 57
21 13 55
21 14 40
21 15 23
21 16 49
21 17 59
21 18 37
21 19 41
21 20 22
21 21 53
21 23 8
21 25 2
21 26 4
21 28 33
21 29 25
21 31 6
21 32 45
21 33 5
21 34 17
21 35 13
21 36 31
21 38 11
21 39 18
21 40 28
21 41 47
21 42 14
21 43 30
21 44 1
21 45 36
21 46 12
21 47 9
21 48 10
21 49 32
21 50 29
21 52 56
21 53 27
21 54 26
21 56 15
21 57 24
21 58 50
21 59 48
22 0 55
22 1 36
22 3 42
22 4 52
22 6 3
22 7 49
22 8 12
22 10 51
22 11 29
22 13 21
22 15 47
22 16 23
22 17 38
22 19 56
22 20 37
22 21 25
22 22 44
22 23 33
22 24 17
22 25 19
22 26 40
22 28 22
22 30 14
22 31 30
22 32 6
22 33 35
22 34 16
22 35 59
22 36 26
22 38 27
22 39 53
22 40 43
22 42 1
22 44 13
22 45 8
22 46 57
22 47 24
22 48 0
22 49 9
22 50 5
22 51 2
22 53 20
22 54 32
22 55 10
22 56 50
22 57 15
22 58 58
22 59 46
23 0 53
23 1 5
23 2 25
23 3 54
23 4 42
23 5 56
23 6 49
23 7 4
23 8 7
23 9 36
23 11 35
23 12 31
23 13 3
23 14 26
23 16 13
23 17 10
23 18 0
23 19 55
23 20 30
23 21 47
23 22 33
23 23 22
23 25 48
23 26 9
23 29 21
23 31 50
23 32 51
23 33 59
23 34 29
23 35 27
23 36 14
23 37 34
23 39 8
23 40 20
23 41 40
23 42 32
23 43 37
23 44 17
23 45 24
23 46 1
23 47 18
23 48 39
23 49 57
23 50 58
23 51 11
23 52 41
23 53 44
23 55 15
23 56 6
23 57 2
23 58 12
24 1 15
24 4 36
24 5 48
24 6 5
24 7 56
24 8 30
24 9 17
24 10 0
24 11 8
24 12 50
24 13 35
24 14 28
24 15 9
24 16 25
24 19 42
24 20 6
24 21 11
24 22 38
24 23 54
24 26 57
24 27 23
24 28 31
24 30 37
24 31 21
24 32 16
24 34 59
24 36 29
24 38 4
24 39 39
24 40 34
24 42 58
24 43 40
24 44 44
24 45 12
24 46 46
24 47 41
24 48 1
24 49 10
24 55 26
24 56 24
24 59 13
25 1 10
25 2 38
25 4 25
25 5 9
25 7 8
25 8 17
25 12 13
25 13 1
25 15 39
25 16 30
25 17 26
25 18 48
25 19 47
25 20 55
25 21 12
25 22 37
25 23 19
25 24 40
25 26 44
25 27 33
25 28 4
25 30 59
25 31 56
25 32 24
25 33 14
25 34 32
25 35 15
25 36 36
25 37 54
25 38 49
25 39 0
25 40 2
25 41 6
25 42 53
25 43 22
25 47 50
25 48 35
25 49 27
25 51 23
25 52 21
25 53 18
25 54 28
25 55 31
25 56 45
25 57 57
25 58 46
25 59 58
26 0 7
26 1 34
26 3 20
26 4 31
26 5 30
26 6 59
26 7 12
26 8 28
26 9 0
26 10 26
26 11 9
26 13 58
26 14 41
26 16 15
26 17 5
26 18 22
26 19 48
26 20 25
26 21 13
26 22 3
26 23 24
26 24 6
26 29 44
26 31 10
26 32 37
26 33 52
26 34 19
26 35 17
26 36 38
26 37 11
26 39 1
26 40 53
26 41 39
26 42 27
26 43 32
26 44 54
26 45 55
26 46 50
26 48 51
26 49 29
26 50 21
26 51 47
26 52 4
26 53 8
26 54 2
26 55 49
26 56 33
26 57 14
26 58 40
26 59 36
27 1 18
27 2 15
27 4 23
27 5 59
27 6 41
27 7 29
27 11 42
27 12 17
27 14 50
27 16 55
27 17 44
27 18 58
27 19 21
27 20 52
27 21 2
27 22 22
27 24 4
27 25 34
27 26 35
27 27 36
27 28 49
27 29 51
27 30 24
27 31 47
27 32 54
27 33 46
27 35 31
27 36 43
27 37 12
27 38 40
27 39 3
27 40 7
27 41 26
27 42 11
27 44 30
27 46 28
27 47 56
27 48 32
27 49 48
27 51 16
27 52 19
27 53 5
27 54 25
27 55 6
27 56 27
27 58 10
27 59 38
28 0 22
28 1 14
28 2 52
28 4 46
28 5 36
28 6 4
28 7 10
28 8 55
28 9 12
28 10 9
28 11 31
28 12 15
28 14 39
28 15 57
28 16 11
28 18 53
28 19 43
28 20 16
28 21 58
28 22 34
28 24 49
28 28 8
28 29 26
28 30 38
28 32 33
28 33 54
28 34 27
28 35 28
28 37 32
28 38 42
28 39 2
28 40 44
28 41 24
28 42 51
28 44 40
28 46 20
28 50 6
28 51 5
28 52 50
28 53 47
28 54 3
28 55 48
28 57 17
28 58 37
28 59 25
29 0 17
29 1 57
29 2 22
29 3 49
29 4 15
29 6 12
29 8 45
29 10 54
29 11 34
29 12 56
29 14 48
29 15 16
29 16 41
29 17 50
29 18 8
29 19 51
29 20 59
29 22 20
29 23 36
29 24 5
29 25 10
29 27 35
29 28 26
29 29 39
29 30 32
29 31 14
29 32 11
29 34 9
29 35 0
29 36 3
29 38 33
29 39 52
29 40 21
29 41 53
29 43 43
29 44 55
29 45 31
29 47 47
29 48 7
29 49 4
29 50 23
29 53 29
29 54 46
29 55 25
29 56 44
29 57 27
29 58 18
30 0 9
30 1 13
30 2 44
30 3 21
30 4 38
30 5 2
30 6 8
30 7 24
30 8 54
30 9 40
30 11 26
30 12 49
30 13 42
30 16 58
30 17 14
30 18 39
30 19 25
30 20 33
30 22 56
30 23 10
30 24 50
30 25 20
30 26 43
30 27 11
30 28 23
30 29 7
30 30 17
30 31 31
30 32 4
30 35 45
30 37 57
30 39 35
30 40 16
30 41 5
30 42 12
30 44 59
30 46 30
30 47 48
30 48 34
30 49 51
30 50 19
30 51 27
30 54 36
30 55 1
30 56 3
30 57 55
30 59 28
31 1 7
31 2 36
31 3 43
31 4 51
31 6 13
31 7 32
31 8 39
31 10 25
31 11 44
31 12 27
31 13 53
31 14 46
31 15 48
31 16 2
31 17 35
31 18 56
31 19 26
31 20 5
31 23 3
31 26 17
31 27 57
31 28 11
31 29 6
31 30 19
31 31 4
31 33 28
31 34 15
31 37 55
31 40 29
31 41 10
31 43 8
31 44 47
31 45 45
31 48 38
31 49 33
31 51 22
31 53 24
31 54 50
31 55 20
31 57 12
31 58 52
31 59 18
32 0 25
32 1 47
32 2 56
32 3 45
32 4 24
32 5 57
32 7 52
32 8 4
32 9 49
32 10 40
32 11 3
32 12 43
32 14 15
32 15 51
32 16 27
32 17 37
32 19 2
32 20 54
32 21 8
32 22 30
32 23 41
32 24 32
32 25 38
32 26 50
32 27 29
32 28 55
32 29 58
32 30 39
32 31 36
32 32 13
32 33 20
32 36 22
32 37 0
32 39 9
32 40 11
32 41 33
32 42 59
32 43 19
32 44 21
32 45 18
32 47 16
32 48 14
32 49 6
32 50 46
32 51 34
32 54 17
32 55 53
32 56 10
32 57 31
32 58 35
32 59 26
33 0 27
33 1 4
33 2 33
33 4 26
33 5 3
33 6 15
33 7 50
33 8 1
33 9 29
33 11 32
33 14 56
33 15 43
33 16 18
33 17 11
33 18 21
33 19 17
33 20 44
33 21 35
33 22 13
33 23 31
33 24 41
33 25 40
33 26 0
33 27 25
33 28 39
33 29 23
33 30 49
33 32 48
33 33 37
33 34 22
33 36 8
33 37 53
33 38 30
33 39 19
33 40 10
33 41 16
33 42 6
33 44 9
33 45 58
33 46 45
33 47 12
33 50 36
33 51 42
33 52 46
33 53 38
33 55 59
33 59 52
34 0 30
34 1 1
34 2 7
34 3 10
34 4 50
34 5 40
34 6 16
34 7 21
34 8 56
34 9 35
34 11 38
34 12 12
34 13 43
34 14 55
34 15 45
34 17 23
34 18 9
34 19 22
34 21 42
34 22 57
34 23 28
34 24 11
34 27 44
34 30 52
34 32 3
34 33 34
34 34 24
34 35 58
34 36 25
34 37 59
34 40 0
34 41 8
34 42 17
34 43 18
34 44 31
34 45 54
34 46 53
34 48 15
34 49 20
34 50 4
34 53 49
34 55 32
34 58 48
34 59 39
35 0 38
35 1 8
35 2 0
35 3 44
35 4 18
35 5 39
35 6 40
35 7 13
35 8 16
35 9 4
35 10 48
35 11 58
35 12 32
35 13 56
35 14 24
35 15 2
35 16 31
35 17 42
35 18 26
35 19 9
35 21 17
35 23 52
35 24 59
35 25 6
35 27 55
35 28 41
35 29 54
35 31 51
35 33 27
35 34 11
35 35 22
35 36 49
35 38 50
35 39 29
35 40 57
35 41 37
35 44 43
35 45 3
35 46 33
35 47 14
35 48 21
35 50 28
35 51 25
35 52 45
35 53 35
35 54 53
35 55 5
35 56 12
35 57 7
35 58 19
35 59 20
36 0 19
36 1 3
36 2 41
36 3 57
36 4 56
36 5 54
36 6 31
36 8 32
36 10 7
36 11 47
36 12 1
36 15 44
36 16 42
36 17 55
36 18 34
36 19 36
36 20 29
36 22 53
36 24 2
36 25 26
36 26 5
36 28 16
36 31 58
36 32 18
36 33 0
36 34 46
36 35 35
36 36 10
36 38 13
36 39 22
36 40 9
36 41 43
36 42 37
36 43 20
36 44 52
36 45 4
36 46 6
36 47 11
36 48 28
36 51 59
36 52 17
36 53 33
36 54 14
36 55 45
36 56 21
36 57 23
36 59 40
37 1 24
37 2 43
37 3 0
37 4 4
37 6 35
37 7 19
37 8 27
37 9 57
37 10 6
37 11 53
37 12 59
37 13 31
37 14 32
37 15 52
37 16 44
37 17 51
37 18 17
37 19 46
37 20 28
37 21 54
37 22 47
37 23 11
37 24 26
37 25 18
37 26 55
37 27 30
37 28 34
37 29 42
37 30 1
37 31 25
37 32 12
37 33 33
37 34 10
37 36 7
37 37 14
37 38 39
37 40 36
37 41 9
37 44 5
37 45 15
37 46 21
37 47 38
37 48 49
37 49 56
37 51 8
37 52 13
37 54 29
37 55 50
37 56 22
37 57 16
37 58 41
37 59 2
38 0 49
38 1 27
38 2 12
38 3 18
38 4 20
38 5 32
38 6 17
38 7 0
38 9 30
38 12 28
38 13 34
38 14 9
38 15 25
38 16 21
38 17 1
38 18 15
38 19 8
38 20 24
38 21 44
38 22 45
38 23 51
38 24 52
38 25 13
38 26 36
38 27 6
38 28 10
38 29 50
38 32 56
38 35 42
38 36 54
38 37 23
38 38 31
38 40 5
38 42 39
38 43 41
38 44 37
38 45 16
38 46 38
38 47 3
38 49 40
38 50 55
38 51 58
38 54 22
38 55 29
39 0 24
39 1 0
39 2 59
39 4 49
39 5 46
39 6 48
39 7 20
39 8 2
39 9 37
39 10 53
39 11 25
39 12 30
39 13 50
39 14 13
39 15 29
39 16 33
39 17 8
39 18 32
39 19 58
39 20 3
39 21 34
39 22 10
39 23 27
39 24 12
39 25 22
39 27 47
39 28 17
39 29 28
39 30 7
39 31 11
39 32 14
39 34 52
39 35 38
39 36 44
39 37 45
39 38 21
39 39 26
39 41 41
39 42 19
39 43 57
39 44 36
39 45 6
39 49 1
39 50 9
39 51 31
39 52 43
39 53 15
39 54 42
39 55 51
39 56 18
39 57 35
39 58 23
39 59 16
40 1 35
40 2 10
40 3 2
40 5 50
40 6 42
40 8 38
40 10 36
40 11 1
40 12 41
40 13 32
40 14 16
40 15 30
40 16 56
40 17 6
40 18 24
40 19 11
40 20 34
40 21 55
40 23 15
40 24 51
40 25 45
40 26 18
40 27 48
40 28 59
40 29 53
40 30 40
40 32 47
40 33 13
40 34 12
40 35 52
40 36 20
40 37 7
40 38 26
40 39 21
40 40 22
40 41 54
40 42 5
40 43 27
40 45 28
40 46 43
40 47 44
40 48 58
40 50 37
40 52 23
40 54 9
40 55 33
40 56 19
40 57 25
40 58 57
40 59 8
41 1 55
41 2 31
41 3 11
41 5 16
41 8 47
41 10 2
41 11 15
41 12 39
41 14 43
41 15 32
41 16 57
41 17 24
41 18 12
41 19 44
41 22 8
41 23 56
41 24 18
41 25 25
41 26 48
41 27 46
41 28 9
41 29 35
41 30 22
41 31 40
41 32 36
41 33 50
41 35 51
41 38 5
41 39 4
41 40 58
41 41 0
41 42 20
41 43 52
41 44 33
41 45 34
41 46 10
41 48 6
41 49 42
41 51 26
41 52 49
41 53 19
41 54 37
41 55 3
41 57 28
41 59 53
42 1 25
42 3 23
42 4 12
42 5 55
42 6 27
42 7 9
42 8 21
42 9 18
42 10 22
42 11 36
42 12 58
42 13 47
42 14 17
42 17 34
42 18 46
42 19 59
42 20 57
42 21 19
42 22 41
42 25 5
42 26 51
42 27 31
42 28 7
42 29 30
42 30 4
42 31 38
42 32 52
42 33 29
42 35 50
42 36 15
42 37 33
42 38 43
42 39 16
42 40 26
42 41 13
42 42 2
42 43 42
42 44 24
42 45 14
42 46 3
42 47 10
42 48 8
42 49 53
42 50 39
42 52 48
42 53 37
42 54 35
42 57 54
42 59 45
43 1 40
43 2 34
43 3 41
43 4 32
43 7 38
43 8 48
43 9 9
43 10 21
43 11 28
43 12 45
43 13 2
43 14 20
43 15 17
43 16 54
43 17 30
43 18 42
43 19 31
43 20 26
43 21 23
43 22 59
43 23 29
43 24 8
43 25 24
43 26 27
43 27 18
43 30 47
43 31 37
43 34 53
43 35 36
43 36 5
43 38 44
43 39 7
43 40 4
43 41 35
43 43 1
43 44 49
43 45 51
43 46 14
43 47 57
43 48 50
43 50 33
43 51 55
43 53 25
43 54 13
43 55 52
43 56 46
43 57 56
43 58 39
43 59 0
44 0 32
44 1 22
44 2 46
44 3 50
44 4 43
44 7 55
44 8 14
44 9 47
44 12 6
44 13 33
44 16 24
44 17 58
44 19 5
44 20 41
44 21 29
44 23 16
44 24 3
44 25 11
44 30 57
44 31 8
44 32 25
44 34 48
44 35 39
44 36 40
44 39 23
44 40 59
44 42 10
44 43 9
44 45 35
44 46 7
44 47 45
44 48 12
44 49 31
44 52 52
44 53 28
44 54 15
44 56 0
44 57 26
44 58 20
44 59 34
45 0 23
45 1 16
45 2 1
45 3 34
45 5 33
45 6 53
45 7 15
45 8 50
45 9 31
45 10 58
45 11 52
45 12 7
45 13 8
45 14 36
45 15 41
45 16 29
45 17 48
45 18 5
45 19 18
45 21 26
45 22 11
45 24 30
45 25 14
45 26 32
45 29 12
45 30 6
45 31 35
45 32 59
45 33 40
45 34 20
45 35 55
45 36 27
45 39 42
45 40 56
45 41 38
45 42 49
45 43 54
45 44 46
45 48 43
45 49 2
45 51 44
45 52 37
45 53 9
45 54 24
45 55 28
45 56 57
45 57 4
45 59 47
46 0 35
46 1 44
46 2 27
46 3 12
46 4 57
46 5 42
46 6 10
46 8 15
46 9 23
46 10 24
46 12 18
46 13 28
46 14 19
46 15 34
46 16 8
46 17 45
46 19 52
46 20 2
46 21 37
46 25 9
46 26 16
46 27 54
46 28 56
46 29 14
46 30 5
46 31 0
46 32 29
46 33 48
46 34 39
46 35 46
46 36 1
46 37 36
46 38 6
46 39 50
46 40 47
46 41 20
46 45 59
46 46 58
46 47 22
46 48 31
46 49 55
46 50 7
46 51 3
46 52 38
46 53 26
46 54 43
46 55 17
46 56 30
46 57 41
46 58 33
46 59 51
47 0 51
47 2 11
47 4 47
47 7 42
47 10 5
47 11 20
47 12 46
47 14 31
47 15 59
47 18 16
47 19 38
47 20 27
47 21 28
47 22 58
47 23 1
47 24 25
47 26 6
47 27 26
47 28 57
47 29 3
47 30 44
47 31 48
47 32 30
47 33 45
47 35 54
47 36 21
47 38 55
47 39 13
47 40 18
47 41 15
47 42 33
47 43 4
47 44 14
47 45 56
47 47 36
47 48 19
47 49 49
47 51 37
47 52 35
47 54 41
47 55 9
47 56 32
47 57 40
47 58 7
47 59 23
48 0 14
48 1 2
48 2 30
48 3 56
48 5 19
48 6 11
48 7 37
48 8 49
48 9 26
48 10 17
48 12 25
48 14 21
48 15 0
48 17 20
48 18 52
48 19 34
48 21 41
48 22 27
48 23 6
48 24 22
48 25 29
48 26 23
48 27 28
48 28 42
48 29 4
48 30 15
48 31 1
48 32 8
48 33 36
48 34 58
48 37 48
48 38 3
48 40 31
48 41 12
48 42 35
48 44 32
48 45 50
48 46 55
48 47 7
48 48 18
48 49 16
48 50 47
48 51 10
48 52 51
48 53 57
48 55 13
48 56 59
48 57 43
48 58 9
48 59 44
49 1 32
49 3 17
49 5 27
49 6 26
49 7 43
49 8 23
49 10 10
49 11 33
49 12 3
49 13 45
49 14 2
49 15 37
49 16 19
49 17 16
49 19 30
49 20 49
49 22 7
49 23 55
49 24 20
49 25 44
49 26 53
49 28 14
49 29 22
49 31 28
49 32 31
49 33 12
49 34 4
49 35 29
49 37 15
49 38 46
49 39 38
49 40 1
49 42 47
49 43 48
49 44 34
49 45 39
49 46 0
49 47 42
49 48 36
49 49 24
49 50 8
49 52 57
49 53 52
49 54 6
49 55 21
49 56 13
49 58 25
49 59 50
50 0 47
50 1 43
50 3 4
50 4 34
50 5 25
50 6 39
50 8 9
50 10 50
50 11 59
50 12 5
50 13 19
50 14 33
50 15 15
50 16 1
50 17 0
50 18 20
50 20 53
50 22 36
50 23 45
50 24 57
50 26 22
50 27 17
50 29 29
50 30 28
50 31 16
50 32 38
50 33 24
50 35 18
50 36 12
50 38 52
50 39 49
50 40 42
50 41 21
50 42 26
50 43 13
50 44 23
50 45 40
50 47 37
50 48 41
50 49 58
50 50 27
50 51 14
50 52 2
50 53 32
50 54 30
50 55 35
50 56 31
50 57 46
50 58 54
50 59 55
51 1 9
51 2 13
51 3 35
51 5 10
51 6 57
51 7 51
51 9 15
51 10 31
51 11 5
51 12 26
51 13 30
51 15 24
51 17 52
51 18 2
51 19 20
51 20 42
51 21 3
51 22 19
51 23 34
51 24 16
51 25 12
51 26 33
51 28 29
51 29 17
51 30 50
51 31 49
51 32 58
51 33 56
51 34 25
51 35 47
51 37 37
51 38 8
51 39 40
51 40 14
51 41 59
51 43 46
51 44 38
51 46 32
51 47 23
51 48 27
51 49 41
51 52 39
51 53 6
51 54 21
51 55 4
51 56 1
51 57 36
51 58 55
51 59 54
52 0 43
52 1 11
52 2 50
52 5 20
52 6 52
52 7 6
52 8 19
52 9 38
52 10 47
52 11 12
52 14 14
52 15 42
52 16 26
52 17 49
52 18 35
52 19 57
52 20 36
52 22 18
52 23 9
52 24 39
52 26 30
52 28 37
52 29 2
52 30 34
52 31 17
52 33 16
52 34 3
52 35 53
52 36 28
52 37 27
52 38 48
52 40 33
52 41 25
52 43 21
52 44 41
52 45 23
52 47 58
52 48 44
52 50 54
52 51 4
52 53 1
52 54 5
52 55 22
52 57 59
52 58 56
52 59 7
53 0 8
53 1 30
53 2 4
53 4 22
53 7 3
53 8 44
53 9 39
53 10 42
53 11 14
53 12 34
53 13 26
53 14 37
53 15 38
53 16 59
53 17 46
53 18 47
53 20 35
53 21 1
53 24 58
53 25 27
53 26 52
53 27 9
53 28 2
53 29 20
53 30 48
53 31 54
53 33 15
53 34 57
53 35 16
53 36 6
53 37 40
53 38 53
53 40 50
53 41 19
53 42 41
53 43 51
53 45 29
53 46 11
53 47 31
53 48 13
53 49 43
53 50 49
53 52 12
53 53 55
53 54 7
53 55 56
53 56 36
53 57 0
53 58 21
54 0 16
54 1 19
54 4 53
54 7 34
54 10 18
54 12 4
54 13 15
54 14 47
54 15 36
54 16 10
54 18 50
54 19 27
54 20 39
54 21 24
54 23 25
54 24 0
54 25 58
54 26 3
54 27 40
54 28 35
54 29 31
54 31 26
54 32 20
54 33 1
54 34 13
54 35 57
54 36 56
54 37 17
54 38 29
54 39 6
54 40 52
54 41 28
54 42 9
54 43 12
54 44 51
54 45 32
54 46 37
54 48 59
54 49 38
54 50 2
54 54 44
54 55 23
54 56 49
54 57 5
54 58 14
55 0 11
55 1 54
55 2 37
55 4 59
55 5 29
55 6 7
55 7 53
55 8 5
55 9 21
55 10 38
55 12 22
55 13 41
55 14 51
55 15 10
55 16 40
55 17 27
55 18 36
55 19 16
55 20 20
55 21 4
55 23 48
55 24 44
55 25 56
55 26 47
55 27 24
55 28 12
55 29 1
55 31 9
55 32 46
55 33 8
55 34 6
55 35 25
55 36 42
55 37 58
55 38 32
55 39 34
55 40 35
55 43 0
55 44 45
55 45 33
55 47 49
55 48 23
55 49 3
55 50 26
55 51 30
55 52 14
55 53 31
55 55 57
55 56 52
55 57 50
55 58 17
56 0 15
56 2 40
56 3 36
56 4 27
56 5 35
56 6 0
56 7 26
56 8 22
56 10 59
56 11 57
56 12 21
56 13 44
56 14 10
56 15 33
56 16 12
56 17 3
56 18 45
56 19 50
56 20 46
56 21 6
56 22 16
56 23 20
56 24 19
56 25 30
56 27 4
56 28 47
56 29 56
56 30 55
56 33 51
56 34 28
56 35 32
56 36 23
56 37 43
56 38 25
56 39 24
56 42 8
56 43 14
56 46 9
56 47 53
56 48 54
56 49 52
56 50 18
56 51 13
56 52 29
56 53 7
56 54 1
56 55 11
56 56 17
56 57 58
56 58 31
56 59 37
57 1 46
57 2 45
57 4 40
57 5 51
57 6 55
57 7 7
57 9 20
57 11 23
57 12 38
57 13 10
57 14 29
57 15 35
57 16 28
57 17 25
57 18 54
57 19 19
57 21 16
57 22 15
57 23 12
57 24 36
57 25 37
57 26 39
57 28 50
57 29 33
57 30 58
57 31 52
57 32 44
57 33 57
57 34 47
57 35 21
57 37 9
57 39 43
57 40 17
57 44 8
57 45 1
57 46 2
57 47 6
57 48 3
57 49 5
57 50 32
57 52 59
57 53 11
57 55 14
57 57 53
57 58 30
57 59 56
58 0 45
58 1 48
58 3 13
58 4 11
58 6 28
58 7 17
58 8 24
58 9 54
58 10 43
58 11 18
58 12 40
58 13 57
58 14 38
58 15 26
58 17 19
58 19 0
58 20 14
58 21 33
58 22 6
58 23 2
58 24 7
58 25 32
58 27 58
58 28 36
58 29 52
58 30 42
58 31 44
58 33 47
58 34 51
58 35 9
58 37 1
58 38 41
58 39 30
58 40 3
58 42 21
58 43 16
58 44 56
58 45 46
58 46 35
58 47 59
58 48 22
58 51 39
58 52 20
58 53 23
58 54 27
58 55 55
58 56 25
58 57 49
58 58 4
58 59 12
59 0 41
59 1 51
59 3 59
59 5 1
59 6 20
59 7 14
59 9 56
59 10 8
59 11 17
59 13 23
59 14 57
59 15 7
59 17 13
59 18 43
59 20 12
59 21 31
59 22 9
59 23 42
59 24 45
59 25 54
59 27 21
59 28 5
59 29 24
59 30 30
59 31 19
59 32 40
59 33 6
59 34 0
59 35 44
59 37 18
59 38 58
59 39 46
59 41 11
59 42 4
59 43 26
59 44 3
59 45 2
59 46 25
59 48 47
59 49 34
59 50 10
59 52 33
59 53 22
59 55 37
59 56 38
59 57 48
59 58 27
