70
0 2 63
0 3 59
0 4 49
0 5 48
0 6 38
0 7 10
0 8 61
0 9 33
0 10 54
0 11 43
0 12 15
0 14 32
0 15 23
0 16 62
0 17 8
0 18 47
0 19 22
0 21 58
0 22 64
0 23 30
0 24 34
0 25 13
0 26 25
0 27 11
0 28 0
0 29 16
0 30 60
0 31 57
0 32 4
0 33 46
0 34 51
0 35 52
0 36 27
0 37 40
0 38 66
0 39 26
0 40 7
0 41 20
0 42 2
0 44 55
0 45 42
0 46 12
0 47 56
0 48 24
0 49 31
0 50 18
0 51 39
0 52 68
0 53 28
0 56 44
0 57 29
0 59 6
0 60 3
0 61 17
0 63 19
0 64 21
0 65 41
0 66 53
0 67 35
0 68 65
0 69 5
1 0 22
1 1 33
1 2 23
1 3 21
1 4 36
1 5 39
1 8 3
1 10 32
1 13 61
1 14 48
1 15 18
1 16 65
1 17 27
1 18 45
1 19 26
1 20 28
1 21 69
1 22 51
1 23 42
1 24 10
1 25 30
1 27 6
1 28 59
1 30 52
1 31 55
1 32 7
1 33 9
1 34 38
1 35 31
1 36 46
1 37 34
1 38 0
1 40 24
1 41 57
1 43 54
1 45 16
1 46 15
1 47 40
1 48 12
1 49 56
1 50 8
1 51 20
1 52 43
1 53 5
1 55 35
1 58 25
1 59 67
1 60 14
1 62 58
1 63 63
1 64 68
1 65 2
1 67 64
1 68 60
1 69 66
2 0 37
2 1 52
2 2 14
2 3 34
2 5 8
2 6 19
2 7 53
2 8 49
2 9 5
2 10 15
2 11 1
2 12 65
2 13 18
2 14 16
2 15 26
2 16 68
2 17 36
2 18 17
2 20 57
2 22 27
2 23 48
2 24 38
2 25 66
2 26 46
2 27 33
2 28 45
2 29 12
2 32 56
2 33 60
2 36 43
2 37 61
2 38 54
2 39 58
2 40 0
2 41 59
2 42 51
2 43 21
2 44 67
2 45 32
2 46 7
2 47 50
2 50 44
2 51 25
2 52 63
2 53 35
2 55 42
2 56 29
2 57 9
2 58 11
2 59 10
2 60 39
2 61 28
2 62 40
2 65 69
2 66 20
2 67 22
3 0 28
3 1 34
3 2 4
3 3 22
3 5 52
3 7 39
3 8 60
3 9 58
3 11 10
3 12 2
3 13 9
3 14 51
3 15 44
3 16 5
3 17 14
3 18 36
3 19 15
3 20 21
3 21 57
3 22 0
3 23 7
3 24 62
3 27 41
3 28 46
3 29 63
3 30 64
3 31 32
3 32 68
3 34 24
3 36 61
3 37 13
3 38 20
3 39 54
3 40 25
3 41 65
3 42 38
3 44 59
3 46 66
3 47 18
3 48 37
3 49 8
3 50 67
3 52 48
3 55 1
3 56 33
3 57 23
3 59 43
3 61 31
3 62 42
3 64 40
3 65 12
3 66 55
3 67 11
3 68 16
3 69 53
4 1 55
4 2 48
4 6 1
4 8 68
4 10 5
4 11 44
4 12 17
4 13 0
4 14 52
4 15 62
4 16 34
4 17 64
4 18 18
4 19 13
4 20 32
4 22 12
4 23 16
4 24 49
4 25 19
4 26 54
4 27 25
4 28 27
4 29 56
4 31 58
4 32 21
4 35 4
4 36 33
4 37 57
4 39 8
4 40 67
4 41 30
4 42 42
4 43 46
4 44 9
4 45 23
4 46 10
4 47 38
4 48 28
4 51 29
4 52 35
4 54 69
4 56 41
4 57 22
4 58 31
4 59 60
4 60 26
4 61 15
4 62 53
4 63 37
4 64 45
4 65 66
4 66 2
4 67 50
4 68 61
4 69 11
5 0 35
5 1 66
5 2 28
5 3 13
5 4 59
5 6 51
5 8 65
5 9 61
5 11 64
5 12 11
5 13 44
5 14 7
5 15 53
5 16 49
5 17 15
5 19 55
5 20 62
5 21 0
5 22 58
5 23 22
5 26 4
5 28 48
5 29 20
5 31 5
5 34 29
5 35 19
5 36 18
5 37 6
5 38 69
5 40 68
5 42 12
5 43 63
5 44 14
5 46 47
5 47 31
5 48 25
5 50 52
5 51 27
5 54 30
5 55 8
5 56 17
5 57 24
5 61 60
5 62 36
5 63 39
5 64 38
5 66 26
5 67 23
5 68 57
6 0 65
6 2 3
6 4 32
6 5 34
6 7 37
6 8 64
6 10 11
6 12 10
6 13 51
6 14 68
6 15 42
6 16 36
6 17 39
6 18 0
6 20 25
6 21 15
6 22 26
6 23 19
6 25 45
6 26 5
6 27 47
6 29 55
6 30 30
6 31 52
6 32 40
6 33 12
6 34 61
6 35 24
6 36 17
6 37 14
6 38 33
6 39 13
6 40 62
6 41 27
6 43 4
6 44 23
6 45 18
6 46 56
6 47 53
6 48 66
6 49 57
6 51 46
6 52 2
6 53 7
6 54 6
6 55 38
6 56 43
6 57 60
6 58 29
6 59 48
6 61 49
6 63 67
6 64 44
6 65 50
6 66 16
6 67 31
6 68 8
6 69 59
7 3 0
7 4 50
7 6 39
7 7 34
7 8 24
7 9 55
7 10 19
7 11 3
7 13 8
7 15 52
7 16 12
7 17 13
7 18 11
7 19 5
7 20 20
7 21 9
7 22 7
7 23 35
7 24 59
7 25 31
7 26 69
7 28 26
7 29 42
7 30 1
7 31 29
7 32 10
7 34 37
7 35 61
7 36 44
7 37 64
7 38 30
7 40 56
7 41 51
7 42 58
7 43 23
7 44 21
7 45 60
7 46 57
7 47 27
7 48 53
7 49 28
7 50 38
7 51 17
7 52 67
7 53 65
7 54 25
7 55 63
7 57 43
7 58 62
7 59 22
7 61 68
7 62 49
7 63 6
7 64 36
7 65 54
7 66 14
7 67 47
7 69 48
8 0 55
8 1 51
8 2 52
8 3 54
8 5 11
8 7 14
8 8 41
8 9 62
8 10 43
8 11 32
8 12 47
8 13 30
8 14 49
8 15 48
8 16 66
8 17 16
8 20 2
8 21 20
8 22 10
8 23 17
8 24 19
8 25 0
8 26 7
8 27 68
8 28 34
8 30 59
8 31 3
8 32 45
8 34 27
8 35 58
8 37 37
8 38 65
8 39 21
8 40 9
8 42 29
8 43 60
8 44 35
8 47 44
8 50 61
8 51 57
8 53 13
8 55 50
8 56 53
8 58 39
8 59 26
8 60 24
8 61 25
8 62 38
8 63 23
8 64 18
8 65 31
8 66 36
8 67 8
8 69 6
9 0 16
9 1 11
9 2 25
9 3 27
9 4 39
9 5 63
9 6 21
9 7 50
9 10 67
9 11 8
9 13 26
9 14 12
9 15 40
9 18 32
9 19 35
9 20 15
9 21 10
9 23 60
9 25 68
9 26 31
9 27 24
9 28 3
9 30 13
9 32 42
9 33 23
9 34 36
9 35 41
9 36 28
9 37 45
9 38 51
9 40 54
9 41 37
9 42 64
9 43 17
9 45 46
9 46 29
9 47 2
9 48 56
9 49 19
9 50 57
9 51 69
9 52 9
9 53 66
9 55 4
9 56 34
9 57 53
9 59 52
9 61 48
9 62 62
9 63 33
9 64 30
9 65 55
9 66 44
9 67 20
9 69 61
10 1 30
10 2 7
10 4 9
10 5 13
10 6 29
10 7 31
10 8 2
10 9 36
10 10 39
10 11 26
10 12 38
10 14 45
10 15 14
10 16 67
10 18 63
10 20 43
10 21 42
10 22 68
10 24 20
10 25 4
10 26 48
10 27 18
10 28 53
10 29 52
10 30 19
10 31 56
10 32 62
10 33 69
10 34 5
10 35 46
10 36 32
10 38 61
10 39 34
10 40 64
10 41 15
10 43 25
10 44 50
10 45 51
10 46 11
10 47 23
10 48 55
10 49 58
10 50 16
10 51 35
10 52 41
10 53 60
10 54 27
10 55 22
10 56 57
10 57 1
10 60 37
10 61 47
10 62 3
10 63 24
10 64 10
10 66 65
10 67 6
10 69 21
11 0 62
11 1 32
11 2 53
11 3 2
11 4 40
11 5 35
11 6 64
11 7 66
11 8 33
11 9 56
11 13 52
11 14 14
11 15 31
11 16 10
11 18 1
11 19 65
11 20 23
11 21 49
11 22 44
11 24 47
11 25 54
11 26 42
11 29 39
11 30 26
11 35 43
11 37 27
11 38 17
11 40 58
11 41 25
11 42 11
11 45 45
11 46 48
11 47 24
11 48 41
11 49 69
11 50 37
11 51 60
11 52 4
11 53 38
11 54 36
11 55 15
11 56 51
11 57 13
11 58 20
11 59 63
11 60 34
11 61 67
11 62 9
11 64 16
11 65 59
11 66 29
11 67 5
11 69 28
12 0 32
12 1 68
12 2 0
12 3 29
12 4 57
12 5 55
12 6 28
12 7 69
12 8 46
12 9 39
12 10 52
12 11 11
12 12 51
12 13 40
12 14 22
12 15 20
12 19 27
12 21 65
12 22 45
12 23 10
12 24 25
12 25 63
12 26 33
12 28 19
12 29 47
12 30 4
12 32 49
12 33 48
12 34 35
12 35 34
12 36 13
12 37 62
12 38 64
12 39 53
12 40 42
12 41 16
12 42 31
12 44 66
12 45 7
12 46 61
12 47 36
12 48 38
12 49 21
12 50 50
12 51 8
12 52 44
12 54 56
12 55 58
12 57 54
12 58 17
12 59 37
12 60 6
12 61 3
12 62 15
12 63 59
12 64 60
12 65 30
12 66 9
12 67 1
12 68 26
12 69 2
13 1 14
13 2 6
13 3 19
13 4 16
13 6 52
13 7 26
13 8 9
13 9 15
13 11 49
13 12 57
13 13 33
13 14 27
13 15 10
13 16 3
13 17 40
13 18 50
13 19 56
13 20 45
13 21 35
13 22 36
13 23 32
13 25 43
13 26 12
13 28 17
13 29 61
13 31 39
13 32 34
13 33 4
13 34 47
13 35 48
13 36 23
13 37 38
13 38 68
13 39 18
13 40 20
13 41 41
13 42 21
13 43 24
13 45 55
13 46 53
13 48 69
13 50 11
13 51 1
13 52 58
13 53 59
13 55 66
13 56 42
13 57 7
13 58 0
13 59 2
13 61 46
13 62 13
13 63 28
13 64 37
13 65 62
13 66 51
13 67 25
13 68 29
13 69 31
14 0 36
14 1 40
14 2 1
14 3 66
14 4 63
14 5 0
14 7 62
14 8 8
14 9 68
14 10 56
14 11 42
14 13 29
14 14 33
14 15 57
14 16 15
14 18 20
14 19 45
14 20 27
14 21 5
14 22 48
14 23 51
14 24 52
14 25 69
14 26 55
14 28 35
14 31 65
14 32 31
14 33 54
14 34 9
14 35 26
14 36 64
14 37 3
14 38 7
14 39 46
14 40 19
14 42 34
14 43 47
14 44 28
14 45 13
14 46 21
14 47 16
14 48 22
14 50 60
14 52 38
14 53 44
14 54 67
14 55 61
14 59 18
14 60 11
14 61 2
14 62 14
14 63 30
14 64 4
14 65 17
14 67 59
14 68 39
14 69 50
15 0 44
15 1 24
15 2 36
15 3 60
15 4 26
15 5 68
15 6 65
15 7 7
15 9 52
15 10 27
15 11 35
15 13 46
15 15 54
15 17 69
15 18 8
15 19 47
15 20 17
15 21 18
15 22 25
15 23 3
15 24 0
15 25 20
15 26 28
15 27 23
15 28 12
15 29 21
15 31 40
15 32 32
15 33 56
15 34 34
15 35 29
15 36 62
15 37 10
15 40 33
15 41 38
15 42 22
15 44 39
15 45 9
15 46 42
15 47 30
15 48 5
15 50 59
15 51 14
15 52 37
15 53 4
15 54 51
15 56 67
15 57 15
15 58 61
15 59 55
15 60 63
15 63 11
15 65 49
15 66 45
15 67 66
15 68 13
15 69 19
16 0 27
16 1 44
16 2 17
16 3 5
16 5 50
16 6 30
16 7 22
16 9 26
16 10 33
16 11 66
16 12 53
16 13 62
16 14 63
16 15 43
16 16 11
16 17 3
16 18 24
16 21 36
16 23 29
16 26 60
16 27 49
16 29 68
16 30 18
16 31 61
16 33 42
16 34 69
16 35 32
16 36 47
16 38 37
16 39 20
16 40 2
16 42 9
16 44 40
16 48 0
16 49 16
16 51 59
16 52 1
16 53 41
16 54 31
16 55 45
16 56 58
16 57 64
16 58 10
16 59 7
16 60 13
16 61 34
16 63 52
16 64 8
16 65 28
16 67 39
16 68 56
16 69 12
17 0 43
17 1 65
17 2 26
17 3 41
17 5 58
17 6 8
17 7 52
17 8 47
17 9 42
17 12 46
17 13 7
17 15 55
17 16 13
17 17 24
17 18 30
17 19 9
17 20 39
17 21 51
17 22 54
17 24 37
17 26 17
17 27 1
17 28 10
17 31 6
17 32 16
17 33 67
17 34 28
17 35 33
17 36 5
17 38 36
17 39 11
17 40 48
17 42 35
17 43 27
17 44 44
17 45 40
17 47 4
17 49 59
17 50 69
17 51 63
17 52 34
17 53 50
17 54 20
17 56 45
17 57 66
17 58 3
17 59 25
17 60 31
17 62 0
17 63 32
17 64 49
17 65 29
17 66 12
17 67 57
17 68 38
17 69 14
18 3 35
18 4 19
18 5 67
18 7 51
18 8 55
18 9 9
18 10 61
18 11 15
18 12 69
18 13 56
18 15 30
18 16 0
18 17 1
18 18 42
18 19 33
18 20 65
18 21 12
18 22 13
18 23 38
18 26 62
18 27 21
18 28 5
18 30 48
18 31 46
18 32 36
18 33 24
18 34 16
18 35 37
18 36 57
18 37 52
18 38 22
18 40 28
18 41 54
18 42 41
18 43 2
18 44 64
18 45 11
18 46 27
18 47 26
18 48 45
18 49 29
18 50 40
18 51 68
18 52 17
18 53 23
18 54 53
18 56 8
18 57 50
18 58 4
18 60 60
18 61 59
18 62 6
18 63 34
18 64 32
18 65 39
18 66 66
18 67 44
18 68 14
18 69 3
19 0 31
19 1 46
19 2 66
19 3 28
19 4 29
19 5 36
19 7 44
19 8 45
19 9 8
19 10 4
19 11 6
19 12 56
19 13 21
19 14 67
19 15 19
19 16 43
19 17 32
19 18 55
19 19 34
19 20 10
19 21 63
19 22 65
19 24 57
19 25 53
19 26 26
19 27 16
19 29 9
19 30 38
19 31 42
19 35 11
19 36 52
19 38 1
19 39 62
19 40 5
19 41 69
19 42 37
19 43 3
19 44 27
19 45 24
19 46 64
19 47 59
19 48 2
19 50 54
19 52 25
19 53 48
19 55 7
19 56 15
19 57 12
19 58 49
19 59 39
19 60 51
19 61 18
19 63 20
19 64 14
19 65 68
19 66 22
19 67 61
19 69 23
20 0 10
20 1 57
20 2 37
20 3 14
20 4 43
20 5 31
20 6 12
20 8 62
20 9 7
20 10 9
20 11 51
20 12 39
20 13 69
20 14 35
20 15 16
20 16 44
20 17 61
20 18 6
20 19 1
20 20 46
20 21 23
20 22 19
20 23 67
20 24 8
20 25 50
20 26 56
20 27 3
20 28 63
20 30 24
20 31 48
20 32 54
20 34 45
20 35 47
20 36 30
20 37 22
20 38 15
20 39 41
20 41 33
20 42 65
20 43 18
20 45 64
20 48 27
20 49 68
20 50 29
20 51 42
20 52 55
20 53 26
20 54 5
20 55 11
20 57 21
20 58 34
20 60 25
20 61 20
20 62 2
20 63 40
20 64 59
20 65 4
20 66 17
20 67 38
20 68 49
20 69 60
21 0 41
21 1 61
21 2 39
21 6 10
21 7 2
21 8 30
21 10 69
21 11 47
21 12 63
21 13 67
21 14 0
21 15 13
21 16 48
21 17 29
21 18 52
21 19 31
21 20 51
21 21 32
21 22 6
21 23 9
21 24 60
21 25 49
21 26 16
21 27 28
21 28 24
21 29 22
21 31 59
21 33 36
21 34 50
21 35 18
21 37 65
21 39 4
21 40 11
21 41 12
21 42 40
21 43 55
21 44 56
21 45 33
21 46 19
21 47 66
21 48 44
21 49 23
21 52 57
21 53 43
21 54 37
21 55 17
21 56 20
21 57 45
21 58 38
21 59 15
21 60 54
21 61 21
21 62 68
21 64 64
21 65 1
21 66 8
21 67 42
21 68 62
22 0 8
22 1 18
22 2 15
22 3 45
22 4 28
22 6 26
22 7 19
22 8 5
22 9 16
22 10 2
22 11 46
22 12 13
22 14 54
22 15 58
22 16 63
22 17 67
22 18 40
22 19 36
22 20 68
22 21 21
22 22 24
22 23 11
22 26 59
22 27 27
22 28 44
22 29 35
22 30 69
22 34 42
22 35 30
22 36 41
22 37 23
22 38 56
22 40 34
22 44 52
22 45 61
22 46 25
22 47 22
22 48 31
22 49 9
22 50 66
22 51 10
22 53 1
22 54 55
22 55 62
22 56 32
22 57 33
22 58 48
22 59 57
22 60 47
22 61 14
22 62 43
22 63 38
22 65 0
22 66 7
22 67 60
22 68 12
22 69 29
23 0 69
23 1 26
23 2 10
23 3 38
23 4 1
23 5 28
23 6 4
23 7 48
23 8 63
23 9 35
23 10 16
23 11 12
23 12 20
23 14 29
23 15 24
23 16 46
23 17 60
23 18 62
23 19 68
23 20 8
23 21 54
23 22 5
23 23 36
23 24 31
23 25 7
23 28 23
23 29 25
23 30 53
23 33 50
23 34 59
23 35 22
23 36 39
23 37 55
23 38 49
23 39 9
23 40 57
23 41 67
23 42 66
23 43 41
23 44 0
23 45 58
23 47 17
23 48 61
23 49 30
23 50 33
23 53 37
23 54 21
23 56 2
23 58 43
23 59 44
23 61 27
23 62 18
23 63 65
23 64 42
23 66 32
23 67 40
23 68 47
23 69 64
24 0 51
24 1 12
24 2 59
24 3 40
24 4 66
24 5 21
24 6 18
24 7 4
24 8 42
24 9 28
24 10 22
24 12 61
24 14 39
24 16 35
24 17 0
24 21 1
24 22 52
24 25 34
24 26 67
24 27 58
24 28 29
24 30 45
24 32 5
24 34 60
24 35 55
24 37 20
24 40 38
24 41 11
24 42 10
24 43 53
24 44 7
24 45 3
24 46 31
24 49 50
24 50 36
24 51 64
24 52 19
24 53 32
24 54 68
24 55 37
24 56 54
24 57 63
24 58 33
24 60 48
24 61 43
24 62 46
24 63 41
24 66 6
24 67 30
24 69 13
25 2 58
25 3 63
25 4 5
25 5 16
25 6 7
25 7 25
25 8 57
25 9 30
25 10 38
25 11 28
25 12 64
25 13 41
25 14 20
25 15 4
25 16 23
25 18 53
25 19 21
25 20 67
25 21 13
25 23 37
25 24 44
25 25 39
25 27 9
25 28 40
25 30 15
25 31 43
25 32 51
25 35 2
25 38 6
25 39 10
25 40 65
25 41 22
25 42 0
25 43 8
25 44 62
25 45 66
25 46 59
25 48 46
25 49 18
25 50 49
25 52 54
25 53 61
25 54 33
25 55 26
25 57 47
25 58 60
25 59 11
25 60 35
25 61 1
25 62 12
25 63 48
25 64 19
25 65 32
25 66 24
25 67 36
25 69 56
26 3 57
26 4 55
26 5 61
26 6 25
26 8 26
26 9 12
26 10 37
26 13 15
26 14 50
26 15 68
26 16 16
26 17 59
26 19 43
26 20 53
26 21 14
26 22 28
26 23 18
26 24 64
26 25 27
26 26 1
26 27 36
26 29 48
26 30 17
26 31 49
26 32 46
26 33 20
26 34 62
26 35 10
26 36 2
26 37 58
26 38 34
26 39 33
26 41 40
26 42 56
26 44 29
26 45 44
26 46 52
26 49 4
26 50 32
26 51 54
26 52 30
26 53 24
26 54 19
26 55 51
26 56 63
26 58 65
26 59 47
26 60 0
26 62 7
26 63 13
26 64 66
26 65 23
26 66 21
26 67 41
26 68 5
26 69 45
27 0 34
27 1 37
27 2 47
27 4 24
27 5 30
27 7 15
27 8 54
27 10 41
27 11 18
27 12 1
27 13 28
27 14 44
27 15 59
27 16 60
27 17 55
27 18 31
27 19 17
27 21 27
27 22 61
27 23 26
27 24 29
27 25 6
27 26 0
27 27 51
27 28 65
27 29 43
27 32 23
27 34 7
27 35 40
27 36 58
27 37 35
27 38 8
27 40 21
27 41 52
27 42 25
27 43 42
27 44 32
27 45 57
27 47 9
27 49 39
27 51 13
27 52 10
27 53 33
27 54 11
27 57 49
27 58 46
27 59 36
27 60 68
27 62 69
27 64 12
27 65 64
27 66 5
27 68 67
28 0 49
28 2 54
28 3 46
28 4 60
28 5 32
28 6 33
28 8 52
28 10 68
28 11 57
28 12 5
28 13 39
28 15 15
28 16 40
28 17 38
28 18 59
28 19 29
28 21 56
28 22 31
28 25 36
28 26 66
28 27 17
28 28 8
28 29 11
28 30 21
28 31 34
28 32 35
28 33 64
28 34 53
28 35 45
28 36 19
28 37 7
28 38 23
28 39 63
28 40 37
28 41 2
28 42 43
28 43 16
28 44 1
28 45 27
28 46 20
28 47 12
28 49 62
28 51 41
28 53 18
28 54 10
28 55 47
28 56 30
28 58 55
28 59 50
28 60 65
28 62 4
28 63 51
28 64 22
28 65 9
28 66 67
28 67 48
28 69 44
29 1 21
29 2 42
29 3 37
29 4 58
29 5 2
29 6 3
29 7 20
29 8 19
29 9 27
29 11 39
29 12 32
29 13 36
29 14 38
29 16 33
29 17 51
29 19 25
29 21 53
29 22 30
29 23 1
29 24 17
29 25 67
29 26 11
29 27 61
29 28 31
29 29 69
29 30 14
29 32 44
29 33 59
29 34 22
29 35 9
29 36 49
29 37 5
29 38 28
29 39 7
29 42 4
29 43 56
29 44 57
29 45 34
29 46 24
29 47 10
29 48 65
29 49 47
29 50 62
29 53 15
29 55 23
29 57 41
29 58 66
29 60 18
29 61 55
29 62 48
29 64 26
29 65 46
29 66 40
29 67 16
29 68 68
29 69 54
30 0 57
30 1 63
30 2 30
30 3 42
30 4 67
30 5 9
30 6 23
30 7 55
30 8 34
30 9 25
30 10 21
30 11 69
30 12 48
30 13 5
30 14 56
30 15 3
30 17 41
30 18 61
30 21 39
30 24 22
30 25 62
30 26 32
30 28 47
30 30 29
30 31 7
30 32 52
30 33 68
30 35 15
30 36 16
30 39 0
30 40 14
30 41 53
30 42 27
30 43 11
30 44 31
30 45 38
30 47 49
30 48 35
30 49 40
30 50 24
30 51 45
30 53 19
30 54 46
30 56 28
30 57 44
30 58 12
30 59 51
30 61 64
30 62 50
30 63 10
30 65 43
30 66 58
30 68 20
30 69 36
31 0 68
31 1 56
31 2 40
31 3 25
31 4 4
31 6 0
31 8 66
31 9 51
31 10 26
31 11 63
31 12 9
31 13 64
31 14 1
31 15 41
31 17 31
31 18 43
31 19 24
31 20 58
31 21 29
31 22 34
31 23 5
31 25 18
31 27 46
31 28 6
31 29 19
31 30 12
31 31 44
31 32 55
31 33 13
31 34 10
31 35 7
31 38 16
31 41 48
31 42 30
31 44 54
31 45 59
31 49 49
31 50 20
31 51 15
31 52 22
31 53 21
31 54 60
31 55 14
31 56 23
31 58 2
31 59 35
31 60 62
31 63 27
31 64 47
31 65 52
31 66 38
31 68 42
31 69 33
32 0 46
32 2 41
32 3 43
32 4 31
32 5 42
32 6 36
32 7 35
32 8 16
32 9 13
32 11 61
32 12 52
32 14 11
32 15 65
32 17 22
32 18 10
32 19 3
32 21 37
32 22 49
32 23 47
32 25 21
32 26 44
32 27 4
32 28 68
32 29 2
32 30 8
32 32 27
32 33 38
32 34 40
32 35 53
32 37 48
32 38 24
32 40 63
32 41 28
32 42 62
32 43 59
32 44 5
32 45 20
32 46 33
32 47 19
32 48 39
32 49 15
32 50 1
32 52 6
32 53 14
32 54 64
32 55 30
32 56 66
32 57 67
32 58 54
32 59 32
32 60 23
32 61 7
32 63 69
32 64 57
32 66 0
32 67 9
32 68 18
32 69 34
33 0 38
33 1 54
33 4 41
33 6 13
33 7 30
33 8 69
33 9 47
33 10 3
33 11 55
33 12 40
33 13 66
33 14 19
33 15 7
33 17 4
33 18 9
33 19 2
33 20 48
33 22 23
33 23 25
33 24 15
33 25 60
33 26 53
33 27 64
33 28 67
33 29 58
33 30 35
33 31 11
33 33 21
33 34 8
33 35 36
33 36 6
33 37 28
33 38 39
33 39 22
33 40 17
33 41 43
33 42 1
33 43 0
33 44 45
33 45 63
33 46 49
33 47 52
33 48 68
33 49 10
33 50 65
33 51 44
33 52 16
33 53 51
33 54 14
33 56 27
33 57 5
33 58 56
33 59 62
33 60 57
33 61 61
33 65 42
33 66 37
33 67 32
33 68 46
33 69 26
34 0 25
34 1 67
34 3 16
34 4 17
34 6 2
34 7 13
34 8 15
34 11 45
34 13 23
34 14 3
34 15 63
34 16 19
34 17 7
34 18 39
34 19 42
34 20 26
34 21 22
34 22 4
34 23 34
34 24 58
34 25 14
34 28 64
34 29 10
34 30 6
34 31 21
34 32 53
34 33 8
34 35 51
34 36 1
34 37 46
34 38 27
34 39 52
34 40 18
34 41 49
34 42 69
34 43 50
34 44 48
34 45 31
34 46 62
34 47 68
34 48 20
34 49 55
34 52 5
34 54 66
34 55 40
34 56 37
34 57 36
34 58 24
34 59 59
34 60 41
34 61 57
34 62 11
34 63 29
34 64 28
34 65 35
34 66 61
34 67 43
34 68 9
34 69 38
35 0 26
35 1 1
35 2 55
35 3 24
35 4 52
35 6 32
35 7 54
35 8 59
35 9 4
35 10 23
35 11 48
35 12 0
35 14 40
35 15 21
35 16 51
35 17 37
35 18 65
35 19 12
35 20 31
35 21 64
35 22 35
35 23 43
35 24 61
35 25 33
35 26 30
35 27 66
35 28 2
35 30 11
35 31 69
35 33 47
35 34 13
35 35 57
35 36 22
35 38 5
35 40 41
35 42 6
35 44 15
35 45 56
35 46 8
35 47 63
35 48 14
35 49 67
35 50 3
35 52 50
35 53 27
35 55 68
35 58 9
35 61 62
35 62 39
35 63 36
35 64 17
35 66 34
35 67 10
35 68 58
35 69 20
36 0 19
36 1 42
36 2 8
36 4 30
36 6 61
36 8 39
36 9 24
36 10 14
36 13 16
36 14 65
36 15 32
36 16 52
36 17 47
36 18 23
36 19 62
36 21 25
36 22 67
36 23 33
36 25 10
36 27 43
36 28 41
36 31 64
36 32 20
36 33 53
36 34 56
36 35 6
36 36 60
36 37 44
36 38 50
36 39 59
36 40 15
36 41 35
36 42 3
36 45 4
36 46 17
36 47 21
36 49 2
36 50 46
36 51 18
36 52 13
36 53 29
36 54 57
36 55 54
36 57 68
36 58 58
36 60 36
36 61 12
36 62 1
36 64 9
36 65 45
36 67 63
36 68 66
36 69 69
37 0 14
37 1 4
37 2 60
37 4 69
37 5 57
37 6 11
37 7 56
37 9 34
37 10 35
37 11 20
37 12 49
37 13 19
37 14 21
37 15 47
37 16 38
37 19 53
37 20 37
37 21 28
37 22 43
37 23 24
37 24 2
37 26 18
37 28 13
37 29 33
37 30 39
37 31 63
37 32 12
37 33 66
37 34 17
37 37 1
37 38 59
37 39 29
37 40 16
37 41 3
37 43 9
37 44 42
37 45 6
37 46 67
37 48 15
37 49 44
37 50 31
37 51 55
37 54 62
37 55 52
37 56 68
37 57 0
37 58 64
37 60 40
37 64 41
37 65 51
37 66 25
37 67 46
37 68 32
37 69 8
38 1 6
38 2 20
38 3 31
38 4 33
38 5 14
38 7 64
38 8 35
38 9 1
38 10 25
38 11 4
38 12 23
38 13 10
38 14 18
38 15 38
38 16 53
38 17 65
38 18 48
38 20 7
38 21 47
38 22 8
38 23 45
38 24 46
38 25 16
38 26 13
38 27 42
38 28 66
38 29 17
38 30 63
38 31 68
38 32 59
38 33 40
38 34 0
38 36 12
38 37 43
38 38 57
38 39 19
38 40 50
38 41 29
38 42 24
38 43 69
38 44 11
38 45 21
38 46 3
38 48 32
38 49 60
38 50 26
38 51 2
38 52 62
38 53 55
38 54 34
38 55 44
38 56 36
38 57 58
38 58 51
38 59 30
38 63 49
38 64 56
38 65 5
38 66 54
38 67 15
38 68 37
38 69 52
39 0 2
39 1 9
39 2 21
39 3 18
39 4 0
39 5 59
39 6 35
39 7 43
39 9 48
39 10 1
39 11 53
39 12 29
39 13 22
39 14 24
39 16 45
39 17 62
39 19 30
39 20 3
39 21 46
39 23 12
39 24 13
39 25 64
39 27 38
39 28 37
39 29 57
39 30 44
39 31 31
39 32 66
39 33 39
39 34 55
39 35 49
39 36 15
39 37 68
39 38 63
39 39 60
39 40 40
39 41 56
39 42 26
39 43 34
39 44 36
39 45 54
39 46 69
39 47 32
39 48 19
39 49 5
39 50 4
39 51 50
39 52 23
39 53 25
39 54 65
39 55 33
39 56 61
39 57 11
39 58 16
39 59 14
39 61 10
39 63 42
39 64 51
39 65 7
39 68 28
39 69 47
40 0 48
40 2 24
40 3 64
40 4 34
40 5 46
40 6 56
40 8 20
40 9 38
40 10 28
40 11 41
40 13 43
40 14 30
40 16 8
40 17 68
40 18 14
40 19 50
40 20 29
40 21 31
40 22 39
40 23 0
40 24 9
40 25 25
40 26 47
40 27 57
40 29 27
40 31 60
40 33 19
40 34 52
40 35 54
40 36 65
40 38 67
40 39 23
40 40 69
40 42 59
40 44 18
40 45 62
40 46 6
40 47 3
40 48 51
40 51 16
40 52 66
40 53 53
40 54 58
40 56 22
40 58 5
40 59 1
40 60 10
40 61 45
40 62 26
40 63 7
40 64 63
40 65 21
40 66 42
40 68 11
40 69 17
41 1 41
41 2 19
41 3 30
41 4 23
41 5 69
41 6 46
41 7 57
41 8 56
41 9 40
41 10 64
41 11 34
41 13 2
41 15 37
41 16 4
41 17 26
41 18 66
41 19 63
41 20 1
41 22 11
41 23 59
41 24 36
41 25 38
41 27 55
41 28 14
41 29 28
41 31 22
41 32 60
41 33 44
41 34 12
41 35 20
41 37 54
41 38 48
41 40 52
41 41 17
41 42 53
41 43 5
41 44 13
41 45 39
41 46 35
41 47 43
41 48 16
41 49 7
41 51 65
41 52 27
41 53 49
41 54 45
41 55 9
41 56 18
41 57 6
41 59 24
41 60 61
41 62 10
41 63 58
41 64 29
41 65 25
41 66 68
41 67 51
41 68 50
42 0 47
42 1 22
42 3 62
42 4 44
42 6 42
42 7 58
42 8 4
42 9 2
42 10 45
42 11 68
42 13 20
42 14 17
42 16 29
42 17 21
42 18 19
42 19 69
42 20 5
42 22 55
42 23 15
42 25 23
42 28 57
42 29 30
42 30 10
42 31 37
42 32 48
42 33 33
42 34 25
42 35 38
42 36 53
42 37 16
42 38 18
42 39 49
42 40 46
42 42 52
42 43 65
42 44 12
42 45 43
42 46 54
42 47 1
42 50 64
42 52 51
42 54 40
42 57 14
42 58 7
42 59 41
42 60 56
42 61 6
42 62 24
42 63 66
42 64 0
42 65 11
42 67 26
42 68 36
42 69 63
43 0 39
43 1 29
43 3 1
43 5 44
43 6 31
43 7 60
43 8 22
43 9 67
43 10 17
43 13 38
43 14 8
43 15 5
43 16 7
43 18 2
43 19 48
43 20 14
43 22 33
43 24 42
43 25 24
43 27 40
43 28 21
43 29 37
43 30 58
43 31 16
43 32 47
43 33 34
43 34 54
43 35 68
43 36 55
43 38 11
43 39 32
43 40 10
43 42 13
43 43 66
43 44 19
43 45 50
43 46 30
43 47 51
43 49 0
43 50 43
43 51 23
43 52 65
43 54 28
43 55 12
43 56 56
43 57 59
43 58 26
43 59 61
43 61 52
43 62 63
43 63 35
43 64 3
43 65 6
43 66 69
43 67 27
43 68 41
43 69 49
44 0 5
44 1 31
44 2 46
44 4 51
44 6 24
44 7 17
44 8 11
44 9 23
44 10 53
44 11 16
44 12 8
44 13 42
44 14 15
44 16 64
44 18 67
44 19 52
44 20 22
44 23 20
44 24 3
44 25 57
44 26 6
44 27 2
44 28 9
44 29 36
44 30 33
44 31 10
44 33 14
44 35 35
44 36 63
44 37 41
44 38 62
44 39 30
44 40 60
44 41 44
44 42 49
44 43 48
44 44 37
44 45 29
44 46 45
44 47 65
44 48 18
44 49 32
44 50 13
44 53 56
44 54 47
44 56 19
44 57 39
44 58 27
44 60 66
44 61 54
44 63 0
44 64 7
44 65 40
44 66 59
44 67 34
44 69 43
45 1 47
45 2 32
45 3 50
45 5 38
45 7 61
45 8 27
45 9 37
45 11 65
45 12 35
45 13 4
45 14 60
45 17 20
45 18 7
45 19 39
45 21 3
45 22 2
45 23 56
45 24 12
45 25 40
45 26 29
45 28 62
45 30 31
45 31 19
45 32 1
45 33 6
45 34 67
45 35 16
45 37 30
45 38 41
45 40 22
45 41 8
45 42 45
45 43 68
45 44 53
45 45 26
45 46 55
45 48 58
45 49 24
45 51 11
45 52 59
45 53 0
45 54 43
45 55 18
45 57 34
45 58 57
45 59 46
45 60 49
45 61 36
45 62 54
45 63 44
45 64 23
45 65 63
45 66 33
45 67 14
45 68 64
45 69 15
46 2 68
46 3 4
46 4 18
46 5 23
46 6 63
46 7 6
46 8 1
46 9 41
46 10 8
46 11 40
46 12 31
46 13 32
46 14 57
46 15 12
46 16 47
46 17 11
46 18 34
46 19 49
46 21 61
46 22 21
46 23 52
46 24 67
46 25 46
46 27 69
46 28 20
46 29 24
46 30 43
46 31 28
46 32 0
46 33 37
46 34 39
46 35 13
46 36 7
46 37 26
46 38 10
46 40 29
46 41 66
46 42 55
46 43 44
46 44 65
46 45 5
46 46 50
46 47 45
46 48 62
46 49 25
46 50 9
46 51 33
46 52 36
46 53 42
46 54 38
46 55 16
46 56 59
46 57 27
46 59 54
46 60 15
46 61 19
46 63 17
46 64 35
46 65 56
46 67 53
46 68 2
46 69 51
47 0 53
47 1 62
47 3 26
47 4 15
47 8 38
47 9 69
47 10 24
47 11 2
47 12 37
47 13 45
47 15 49
47 16 39
47 17 42
47 18 4
47 19 61
47 21 6
47 23 31
47 25 22
47 26 36
47 27 56
47 28 11
47 31 47
47 32 64
47 33 29
47 34 66
47 35 27
47 36 34
47 37 50
47 39 48
47 40 55
47 42 57
47 43 28
47 44 8
47 45 68
47 46 5
47 47 60
47 48 54
47 49 14
47 50 51
47 51 52
47 52 32
47 53 10
47 54 44
47 55 21
47 56 3
47 57 19
47 58 63
47 61 40
47 62 17
47 63 1
47 64 65
47 65 67
47 66 30
47 68 35
48 0 24
48 1 53
48 2 11
48 4 61
48 5 22
48 7 40
48 9 0
48 10 55
48 12 33
48 13 13
48 14 36
48 15 67
48 16 6
48 17 48
48 18 69
48 19 7
48 20 16
48 23 44
48 24 4
48 26 10
48 27 45
48 28 42
48 29 3
48 30 25
48 31 12
48 32 18
48 33 62
48 34 49
48 35 60
48 36 54
48 37 9
48 39 66
48 40 43
48 41 19
48 43 38
48 44 41
48 45 17
48 46 26
48 47 20
48 49 51
48 50 30
48 51 32
48 52 8
48 53 58
48 54 15
48 55 34
48 56 14
48 57 35
48 60 28
48 62 59
48 63 57
48 65 47
48 66 27
48 67 52
48 68 1
48 69 46
49 0 21
49 1 5
49 2 51
49 3 52
49 4 45
49 5 15
49 6 50
49 7 29
49 9 22
49 10 66
49 11 33
49 12 54
49 13 3
49 16 25
49 18 57
49 19 19
49 20 61
49 21 43
49 22 56
49 23 40
49 24 24
49 26 64
49 28 38
49 29 60
49 31 36
49 32 39
49 33 41
49 34 26
49 35 67
49 36 9
49 37 42
49 38 32
49 39 65
49 40 6
49 42 68
49 44 2
49 46 16
49 47 58
49 48 7
49 50 53
49 51 0
49 54 1
49 55 31
49 56 69
49 57 55
49 60 20
49 62 30
49 63 14
49 64 48
49 66 62
49 67 4
49 68 17
49 69 35
50 0 63
50 1 19
50 2 65
50 3 15
50 4 12
50 5 26
50 6 69
50 7 59
50 8 29
50 9 11
50 10 48
50 12 45
50 13 35
50 14 61
50 15 34
50 16 56
50 17 10
50 18 5
50 19 58
50 21 7
50 22 14
50 23 68
50 24 30
50 26 24
50 27 67
50 29 46
50 30 51
50 31 33
50 32 38
50 33 57
50 34 31
50 36 37
50 37 39
50 38 47
50 39 43
50 40 66
50 42 18
50 43 32
50 45 49
50 47 13
50 48 6
50 49 64
50 50 22
50 51 28
50 52 53
50 53 20
50 54 41
50 55 27
50 57 52
50 58 8
50 59 23
50 60 9
50 62 25
50 64 54
50 65 36
50 66 1
50 67 55
50 68 3
50 69 42
51 0 13
51 2 35
51 3 56
51 4 42
51 6 27
51 7 38
51 8 40
51 9 60
51 10 29
51 12 58
51 13 31
51 14 66
51 15 51
51 16 37
51 17 9
51 18 49
51 19 44
51 20 59
51 21 11
51 22 16
51 23 4
51 24 50
51 25 61
51 26 2
51 27 63
51 28 32
51 30 5
51 31 53
51 32 57
51 33 55
51 34 48
51 35 39
51 36 45
51 37 17
51 38 19
51 39 64
51 40 30
51 41 62
51 42 67
51 43 6
51 44 34
51 45 36
51 48 52
51 49 3
51 50 47
51 51 22
51 52 33
51 53 68
51 54 8
51 55 41
51 56 26
51 57 25
51 58 18
51 59 65
51 60 12
51 63 54
51 64 15
51 65 24
51 66 43
51 69 7
52 0 17
52 1 2
52 3 36
52 5 19
52 6 5
52 7 12
52 8 43
52 9 57
52 11 52
52 12 30
52 13 53
52 14 23
52 15 6
52 16 69
52 17 46
52 18 13
52 19 54
52 20 11
52 21 48
52 22 60
52 23 58
52 24 1
52 25 42
52 26 49
52 27 29
52 28 7
52 29 50
52 30 32
52 31 41
52 32 8
52 35 3
52 36 59
52 37 66
52 38 35
52 41 9
52 42 15
52 43 10
52 44 24
52 46 63
52 47 33
52 49 45
52 50 55
52 51 62
52 52 31
52 53 64
52 54 16
52 55 28
52 56 47
52 58 21
52 59 40
52 62 51
52 63 25
52 64 67
52 66 39
52 67 56
52 68 34
52 69 68
53 0 18
53 1 16
53 2 57
53 3 58
53 4 56
53 5 12
53 6 55
53 8 7
53 9 64
53 10 50
53 11 27
53 12 43
53 14 2
53 15 28
53 18 35
53 19 59
53 20 6
53 21 38
53 22 3
53 23 39
53 27 10
53 28 52
53 30 36
53 31 0
53 32 41
53 33 15
53 35 69
53 36 67
53 37 29
53 38 14
53 39 44
53 40 47
53 42 48
53 43 33
53 45 30
53 46 34
53 47 25
53 48 1
53 50 42
53 51 5
53 53 31
53 54 54
53 55 65
53 56 9
53 59 20
53 60 17
53 61 4
53 62 32
53 63 8
53 64 61
53 65 26
53 66 13
53 67 45
53 69 62
54 0 61
54 1 59
54 4 68
54 6 45
54 8 36
54 9 18
54 10 6
54 11 38
54 12 19
54 13 27
54 14 69
54 15 56
54 16 14
54 17 25
54 18 33
54 19 10
54 22 46
54 23 23
54 24 16
54 25 58
54 26 57
54 28 30
54 29 5
54 30 37
54 31 26
54 33 63
54 34 15
54 35 66
54 37 21
54 38 9
54 39 12
54 41 7
54 42 32
54 43 52
54 44 20
54 45 67
54 46 60
54 47 64
54 49 22
54 50 41
54 51 53
54 52 29
54 53 40
54 55 48
54 57 2
54 58 35
54 59 28
54 60 42
54 61 44
54 62 34
54 63 43
54 68 51
55 0 66
55 1 23
55 2 49
55 3 11
55 4 64
55 5 5
55 6 67
55 7 27
55 8 51
55 9 31
55 10 44
55 12 28
55 15 25
55 16 20
55 17 56
55 18 15
55 19 32
55 21 52
55 22 22
55 23 62
55 27 19
55 28 54
55 29 40
55 30 57
55 31 50
55 32 37
55 35 21
55 36 35
55 38 46
55 39 42
55 40 12
55 41 14
55 42 7
55 43 13
55 44 63
55 45 2
55 46 36
55 47 29
55 48 59
55 49 38
55 50 17
55 51 9
55 52 60
55 53 30
55 54 61
55 55 43
55 56 39
55 58 1
55 59 8
55 60 55
55 61 26
55 63 68
55 64 69
55 65 48
55 66 10
55 67 24
55 68 53
55 69 16
56 0 29
56 1 15
56 2 56
56 5 7
56 6 47
56 7 65
56 10 13
56 11 58
56 12 36
56 13 59
56 14 55
56 16 30
56 18 44
56 19 20
56 21 40
56 22 63
56 23 8
56 25 35
56 26 61
56 28 18
56 29 1
56 30 9
56 31 25
56 32 19
56 38 42
56 39 67
56 40 3
56 42 5
56 43 39
56 44 10
56 46 23
56 47 34
56 48 49
56 49 54
56 50 27
56 51 37
56 52 46
56 53 11
56 54 4
56 56 31
56 57 48
56 58 45
56 59 12
56 60 16
56 61 53
56 62 33
56 64 50
56 65 57
56 68 69
56 69 41
57 0 64
57 2 38
57 3 67
57 4 13
57 5 6
57 6 59
57 7 47
57 8 18
57 9 44
57 10 58
57 11 9
57 12 7
57 13 48
57 14 37
57 15 36
57 16 54
57 17 17
57 18 27
57 19 16
57 22 53
57 23 14
57 24 55
57 25 41
57 26 8
57 28 22
57 29 32
57 30 50
57 33 31
57 35 63
57 37 33
57 38 25
57 39 39
57 40 51
57 41 68
57 42 46
57 43 26
57 44 61
57 45 52
57 47 0
57 49 34
57 51 4
57 52 24
57 53 12
57 54 35
57 55 3
57 56 40
57 57 42
57 58 15
57 59 21
57 60 19
57 61 66
57 62 5
57 64 43
57 65 65
57 67 49
57 69 57
58 0 33
58 1 64
58 2 13
58 3 20
58 4 27
58 5 66
58 6 17
58 7 36
58 8 44
58 9 50
58 11 60
58 12 55
58 13 6
58 14 53
58 15 29
58 16 24
58 17 54
58 18 46
58 19 11
58 20 41
58 21 45
58 22 62
58 23 69
58 24 68
58 25 28
58 26 58
58 27 0
58 28 61
58 29 59
58 30 42
58 31 67
58 32 26
58 33 5
58 34 63
58 35 12
58 36 21
58 37 51
58 40 23
58 41 10
58 42 8
58 43 30
58 44 16
58 46 40
58 47 7
58 48 3
58 50 39
58 51 49
58 53 22
58 54 32
58 55 25
58 57 38
58 58 19
58 59 4
58 60 43
58 61 9
58 62 65
58 63 15
58 64 1
58 66 57
58 67 18
58 68 48
58 69 37
59 0 58
59 1 49
59 2 69
59 3 44
59 5 27
59 8 17
59 9 6
59 11 54
59 12 26
59 13 63
59 14 13
59 15 0
59 16 61
59 17 57
59 18 51
59 19 37
59 20 56
59 22 15
59 24 40
59 25 11
59 26 22
59 27 52
59 29 45
59 30 68
59 31 9
59 32 14
59 33 7
59 34 20
59 35 5
59 36 48
59 38 55
59 40 53
59 41 39
59 42 28
59 43 43
59 44 46
59 45 25
59 46 32
59 47 8
59 48 60
59 49 12
59 50 23
59 51 66
59 53 34
59 55 19
59 56 21
59 58 36
59 60 30
59 64 33
59 66 31
59 67 67
59 68 24
59 69 4
60 0 50
60 1 36
60 3 55
60 5 54
60 6 48
60 7 18
60 8 67
60 9 45
60 10 65
60 11 59
60 12 24
60 13 1
60 16 27
60 18 21
60 19 60
60 20 63
60 21 17
60 22 37
60 23 49
60 24 11
60 26 39
60 27 7
60 28 56
60 29 34
60 30 41
60 31 38
60 34 6
60 35 62
60 36 69
60 37 31
60 38 58
60 39 68
60 42 47
60 43 15
60 46 51
60 47 35
60 48 26
60 49 20
60 50 5
60 51 3
60 52 42
60 53 46
60 54 52
60 55 29
60 56 12
60 57 57
60 58 13
60 59 19
60 63 9
60 65 53
60 66 23
60 67 28
60 68 4
61 0 45
61 1 38
61 2 64
61 3 8
61 4 35
61 6 14
61 7 5
61 8 21
61 9 54
61 11 7
61 12 34
61 13 60
61 14 10
61 15 61
61 17 2
61 18 41
61 19 23
61 20 44
61 22 32
61 23 6
61 24 18
61 25 65
61 26 43
61 27 22
61 28 49
61 29 29
61 30 28
61 32 9
61 34 30
61 36 25
61 38 13
61 39 36
61 40 26
61 41 1
61 42 19
61 43 20
61 44 47
61 45 12
61 46 4
61 48 40
61 49 17
61 50 56
61 51 67
61 52 69
61 53 16
61 54 39
61 55 46
61 56 48
61 57 62
61 58 50
61 60 33
61 61 11
61 62 66
61 63 53
61 64 58
61 66 15
61 67 3
61 69 24
62 0 56
62 1 3
62 3 23
62 6 6
62 7 21
62 8 28
62 9 10
62 10 30
62 12 68
62 13 50
62 16 57
62 17 35
62 18 60
62 20 47
62 22 69
62 23 27
62 24 54
62 25 9
62 26 38
62 27 34
62 28 15
62 31 51
62 32 63
62 33 25
62 34 64
62 35 0
62 37 32
62 38 44
62 39 37
62 42 17
62 43 62
62 45 65
62 47 5
62 48 43
62 51 48
62 53 52
62 55 20
62 56 1
62 59 53
62 60 45
62 61 42
62 62 31
62 64 46
62 65 61
62 66 49
62 67 19
62 68 33
62 69 39
63 0 59
63 1 39
63 2 43
63 3 61
63 5 49
63 6 40
63 7 16
63 8 53
63 9 21
63 10 36
63 11 23
63 12 67
63 13 11
63 14 58
63 16 2
63 17 45
63 18 28
63 20 24
63 21 50
63 24 48
63 25 12
63 27 30
63 28 60
63 31 15
63 33 52
63 34 57
63 35 8
63 36 31
63 37 56
63 38 29
63 40 1
63 41 34
63 42 14
63 43 7
63 44 6
63 45 41
63 46 44
63 47 62
63 48 9
63 49 13
63 50 63
63 51 47
63 53 17
63 54 18
63 55 64
63 56 0
63 58 68
63 59 42
63 60 5
63 61 32
63 62 19
63 63 46
63 64 55
63 65 38
63 67 37
63 68 25
63 69 10
64 0 4
64 1 8
64 2 16
64 3 7
64 4 62
64 5 40
64 6 34
64 8 12
64 9 65
64 10 10
64 11 37
64 13 17
64 14 9
64 15 11
64 17 63
64 18 25
64 20 35
64 22 42
64 24 33
64 25 1
64 28 39
64 29 0
64 30 61
64 31 54
64 32 67
64 33 26
64 34 32
64 35 56
64 36 29
64 37 49
64 38 21
64 39 47
64 41 6
64 43 57
64 46 41
64 47 15
64 48 30
64 49 27
64 50 19
64 51 51
64 52 28
64 53 2
64 54 23
64 56 38
64 57 20
64 58 52
64 59 69
64 60 50
64 61 5
64 62 55
64 63 64
64 64 31
64 65 22
64 66 60
64 67 58
64 68 43
64 69 18
65 0 7
65 1 10
65 3 65
65 4 8
65 6 22
65 7 46
65 9 49
65 10 40
65 11 24
65 12 62
65 13 54
65 14 42
65 15 64
65 16 32
65 17 44
65 19 14
65 21 19
65 22 17
65 23 50
65 24 56
65 25 5
65 27 35
65 28 25
65 29 4
65 31 20
65 32 69
65 33 28
65 35 59
65 36 66
65 37 11
65 38 38
65 39 15
65 40 61
65 42 39
65 43 51
65 44 43
65 45 1
65 46 9
65 47 41
65 49 26
65 50 68
65 53 57
65 54 48
65 55 55
65 56 16
65 57 31
65 58 6
65 60 53
65 61 29
65 62 52
65 63 47
65 64 27
65 65 3
65 66 18
65 67 13
65 68 21
66 0 12
66 1 7
66 2 50
66 5 62
66 8 32
66 9 66
66 10 49
66 11 21
66 12 41
66 13 55
66 15 22
66 17 18
66 19 8
66 21 30
66 22 40
66 23 64
66 25 51
66 29 31
66 31 2
66 32 11
66 33 10
66 34 46
66 36 20
66 37 4
66 39 24
66 41 36
66 42 61
66 43 1
66 44 25
66 46 0
66 48 67
66 49 48
66 50 28
66 52 45
66 53 54
66 54 29
66 55 39
66 57 17
66 58 59
66 59 3
66 61 35
66 62 57
66 64 52
66 65 33
66 66 63
66 67 69
66 68 19
66 69 65
67 0 11
67 1 27
67 2 5
67 4 48
67 5 43
67 6 54
67 7 67
67 10 62
67 11 36
67 12 18
67 13 57
67 15 1
67 18 68
67 19 38
67 20 0
67 21 33
67 22 47
67 23 63
67 24 35
67 25 2
67 26 41
67 27 53
67 29 44
67 30 23
67 31 13
67 33 17
67 34 21
67 35 25
67 36 40
67 37 60
67 40 31
67 41 45
67 42 16
67 45 8
67 47 42
67 49 66
67 50 34
67 51 7
67 52 39
67 53 6
67 54 59
67 55 49
67 57 32
67 59 9
67 60 69
67 62 56
67 63 4
67 65 58
67 66 64
67 67 29
67 68 15
67 69 30
68 0 67
68 1 48
68 2 22
68 3 69
68 4 47
68 5 1
68 6 57
68 7 23
68 8 10
68 9 29
68 10 7
68 11 13
68 13 68
68 14 34
68 15 39
68 17 33
68 18 38
68 20 52
68 21 66
68 22 9
68 24 65
68 25 32
68 29 8
68 30 54
68 31 24
68 32 6
68 33 61
68 34 18
68 35 44
68 37 12
68 38 4
68 41 55
68 42 60
68 43 35
68 44 17
68 46 43
68 47 37
68 48 50
68 49 53
68 51 36
68 52 15
68 53 3
68 54 63
68 55 5
68 56 64
68 57 30
68 59 31
68 60 2
68 62 16
68 63 26
68 64 11
68 67 62
68 68 59
68 69 0
69 0 23
69 1 20
69 3 68
69 5 24
69 6 43
69 7 8
69 8 14
69 9 46
69 10 57
69 11 30
69 12 16
69 13 47
69 15 35
69 16 58
69 18 56
69 19 4
69 21 60
69 22 38
69 23 55
69 25 52
69 26 51
69 27 59
69 28 36
69 29 49
69 30 3
69 31 66
69 32 29
69 33 11
69 35 1
69 36 50
69 37 25
69 38 45
69 40 39
69 41 31
69 42 44
69 43 37
69 45 28
69 46 18
69 47 48
69 48 17
69 49 61
69 50 2
69 52 64
69 53 62
69 54 26
69 55 0
69 56 10
69 57 65
69 58 42
69 59 13
69 61 63
69 62 67
69 63 12
69 64 34
69 66 19
69 67 7
69 68 22
69 69 9
