70
0 3 60
0 5 13
0 11 5
0 16 52
0 22 41
0 23 6
0 24 55
0 28 35
0 30 12
0 31 61
0 33 53
0 34 0
0 36 65
0 38 58
0 39 57
0 43 31
0 44 59
0 47 66
0 50 39
0 53 49
0 55 56
0 56 48
0 59 63
0 64 4
1 1 49
1 2 28
1 3 54
1 4 17
1 8 61
1 9 63
1 12 9
1 23 25
1 25 56
1 26 45
1 28 8
1 38 12
1 45 50
1 48 5
1 51 2
1 52 38
1 53 62
1 58 33
1 60 3
1 62 69
1 63 65
1 64 26
1 66 0
1 67 14
2 0 47
2 5 11
2 16 19
2 21 37
2 22 67
2 24 48
2 26 42
2 35 5
2 39 55
2 40 34
2 43 66
2 45 23
2 49 33
2 50 0
2 51 36
2 55 1
2 58 35
2 59 28
2 62 31
2 66 65
3 5 23
3 7 66
3 10 45
3 11 6
3 12 44
3 15 25
3 17 38
3 23 21
3 25 32
3 26 7
3 30 11
3 35 12
3 41 55
3 44 17
3 46 22
3 49 49
3 50 28
3 52 14
3 54 27
3 55 37
3 64 68
3 68 20
4 6 19
4 7 36
4 9 33
4 13 17
4 16 64
4 17 69
4 19 56
4 22 37
4 30 52
4 33 7
4 34 18
4 37 46
4 40 40
4 41 0
4 44 53
4 46 59
4 48 43
4 54 62
4 63 34
4 64 22
4 66 54
4 67 32
5 4 1
5 5 2
5 14 60
5 18 68
5 19 27
5 23 66
5 27 13
5 31 47
5 33 50
5 34 41
5 35 38
5 36 49
5 42 8
5 43 52
5 59 29
5 60 19
5 64 39
6 1 64
6 3 52
6 5 17
6 10 65
6 14 66
6 20 68
6 21 16
6 22 3
6 32 39
6 35 46
6 40 21
6 44 19
6 45 18
6 46 36
6 47 25
6 55 60
6 56 24
6 57 4
6 59 34
6 60 26
6 61 7
6 68 35
6 69 6
7 0 64
7 4 63
7 8 66
7 9 56
7 11 26
7 15 40
7 17 58
7 26 22
7 29 4
7 30 65
7 32 49
7 33 10
7 38 29
7 39 50
7 40 41
7 41 16
7 45 33
7 49 17
7 53 20
7 55 36
7 58 0
7 61 48
7 62 32
7 63 52
7 67 53
8 3 35
8 4 55
8 6 31
8 7 51
8 14 69
8 22 23
8 24 19
8 26 14
8 29 60
8 33 63
8 44 66
8 47 21
8 48 53
8 52 13
8 58 30
8 59 36
8 60 57
8 67 15
8 68 25
9 1 58
9 3 40
9 5 25
9 6 50
9 7 45
9 12 24
9 14 22
9 18 13
9 20 52
9 37 69
9 39 28
9 45 29
9 46 53
9 47 36
9 51 20
9 53 16
9 61 12
9 65 49
9 69 2
10 1 55
10 4 13
10 7 65
10 9 8
10 10 56
10 12 21
10 15 9
10 21 59
10 22 64
10 24 20
10 28 43
10 35 29
10 43 40
10 44 16
10 47 53
10 48 66
10 49 62
10 50 35
10 54 33
10 58 4
10 68 54
11 0 60
11 1 13
11 2 51
11 7 44
11 8 10
11 11 25
11 14 50
11 20 0
11 22 59
11 23 28
11 34 21
11 35 1
11 37 11
11 41 45
11 46 34
11 48 58
11 50 68
11 54 2
11 60 18
11 64 62
12 4 29
12 16 4
12 27 3
12 29 41
12 31 63
12 38 47
12 39 52
12 41 34
12 44 44
12 45 64
12 46 18
12 49 59
12 52 54
12 54 36
12 57 51
12 66 28
12 67 58
13 0 1
13 3 29
13 10 64
13 11 0
13 13 48
13 15 58
13 16 6
13 18 61
13 22 60
13 24 23
13 30 31
13 39 19
13 43 28
13 45 12
13 47 22
13 49 4
13 56 32
13 62 52
13 64 34
13 66 26
13 68 46
14 0 7
14 11 22
14 16 9
14 17 62
14 18 18
14 19 8
14 20 14
14 33 56
14 47 47
14 50 24
14 53 0
14 56 50
14 57 27
14 67 68
14 69 32
15 1 62
15 19 0
15 26 17
15 27 36
15 29 48
15 33 31
15 40 4
15 42 56
15 43 44
15 44 35
15 45 28
15 49 25
15 53 59
15 54 39
15 61 60
16 1 68
16 2 39
16 3 56
16 4 37
16 9 69
16 12 65
16 14 32
16 15 67
16 16 3
16 18 31
16 21 4
16 22 11
16 30 41
16 32 61
16 33 52
16 34 66
16 36 63
16 38 18
16 42 28
16 46 48
16 48 33
16 50 7
16 52 34
16 57 16
16 62 30
17 5 36
17 6 2
17 17 23
17 23 63
17 27 24
17 34 53
17 35 67
17 40 57
17 41 4
17 42 6
17 46 65
17 60 16
17 61 55
17 62 27
17 63 1
17 68 59
18 10 59
18 16 39
18 18 0
18 22 38
18 29 42
18 32 47
18 33 46
18 36 26
18 39 60
18 47 34
18 55 4
18 59 57
18 61 69
18 65 52
18 67 25
18 68 61
19 6 48
19 11 16
19 16 30
19 20 61
19 21 3
19 22 44
19 29 66
19 37 17
19 41 7
19 45 13
19 46 43
19 48 69
19 50 51
19 57 32
19 58 36
19 65 12
19 66 60
19 68 34
19 69 10
20 0 40
20 1 26
20 2 29
20 7 13
20 10 68
20 11 9
20 12 58
20 16 66
20 18 43
20 26 31
20 27 50
20 31 0
20 32 56
20 35 44
20 37 12
20 38 25
20 40 8
20 44 4
20 46 5
20 47 10
20 50 30
20 52 41
20 55 15
20 56 7
20 59 11
20 60 36
20 62 28
20 65 65
20 67 51
21 5 64
21 10 61
21 11 67
21 12 68
21 13 19
21 23 44
21 24 31
21 26 59
21 32 54
21 34 4
21 37 33
21 38 49
21 42 16
21 44 23
21 45 55
21 46 37
21 48 12
21 49 24
21 60 10
21 61 28
21 63 26
21 67 7
22 0 19
22 3 68
22 5 0
22 8 54
22 10 52
22 11 27
22 13 16
22 15 62
22 19 30
22 22 21
22 24 67
22 25 13
22 38 50
22 40 36
22 45 22
22 50 5
22 51 56
22 52 4
22 53 11
22 55 57
22 59 18
22 60 23
22 65 60
22 67 9
23 0 65
23 7 16
23 12 10
23 13 27
23 21 60
23 23 37
23 25 45
23 26 15
23 28 68
23 29 51
23 30 22
23 37 3
23 38 31
23 40 32
23 41 36
23 54 12
23 56 46
23 57 26
23 58 41
23 59 47
23 62 40
23 63 56
23 64 57
23 65 14
23 67 62
24 0 33
24 4 44
24 5 21
24 12 51
24 16 31
24 17 25
24 24 45
24 25 48
24 26 2
24 27 60
24 28 22
24 31 39
24 32 55
24 37 0
24 40 11
24 43 42
24 47 7
24 49 15
24 53 61
24 54 68
24 55 30
24 57 52
24 58 24
24 62 6
24 63 9
24 64 13
24 66 47
24 69 65
25 0 43
25 2 21
25 14 29
25 17 7
25 19 62
25 20 35
25 22 4
25 23 53
25 25 51
25 27 27
25 28 14
25 33 17
25 35 32
25 37 45
25 39 67
25 47 12
25 52 11
25 55 20
25 57 64
25 63 36
25 66 6
25 67 54
26 0 15
26 4 41
26 5 60
26 8 67
26 10 58
26 14 57
26 15 49
26 17 4
26 18 11
26 22 54
26 29 5
26 40 47
26 41 65
26 42 30
26 43 33
26 50 29
26 52 2
26 53 28
26 58 59
26 60 40
26 65 6
26 66 43
27 4 69
27 5 14
27 7 60
27 8 46
27 14 52
27 20 1
27 21 36
27 22 6
27 23 51
27 29 29
27 31 12
27 34 50
27 44 67
27 45 27
27 50 31
27 51 48
27 54 41
27 57 25
27 58 3
27 59 58
27 61 40
27 69 54
28 1 18
28 3 28
28 5 10
28 6 67
28 8 5
28 11 37
28 12 31
28 13 4
28 18 69
28 19 46
28 20 55
28 21 66
28 25 1
28 29 19
28 32 11
28 34 3
28 48 39
28 50 23
28 52 8
28 56 15
28 58 64
28 59 60
28 61 59
28 63 21
28 64 6
29 7 62
29 8 6
29 10 49
29 13 38
29 14 35
29 15 47
29 16 54
29 18 23
29 27 32
29 29 36
29 30 7
29 34 52
29 35 26
29 38 57
29 41 3
29 46 67
29 47 13
29 48 28
29 55 5
29 59 69
29 61 50
29 63 12
29 65 4
29 66 42
29 69 25
30 0 22
30 2 30
30 7 53
30 15 5
30 18 12
30 19 65
30 22 66
30 25 63
30 31 49
30 34 39
30 35 69
30 39 35
30 43 62
30 45 20
30 54 23
30 55 54
30 64 55
30 68 3
31 1 6
31 7 11
31 9 4
31 15 16
31 17 33
31 19 35
31 21 29
31 25 22
31 32 48
31 36 15
31 38 21
31 43 58
31 44 10
31 62 60
31 68 9
32 0 10
32 4 18
32 8 64
32 13 11
32 15 24
32 19 59
32 21 9
32 27 62
32 34 43
32 36 51
32 37 68
32 39 12
32 50 63
32 52 3
32 53 42
32 54 19
32 59 67
32 61 36
32 62 7
32 67 0
32 68 5
33 0 2
33 2 50
33 5 57
33 6 66
33 9 55
33 11 3
33 17 52
33 19 32
33 25 28
33 28 49
33 36 20
33 38 16
33 39 9
33 48 31
33 55 46
33 58 42
33 61 68
33 62 44
33 63 33
33 66 64
33 69 22
34 1 61
34 2 40
34 7 4
34 8 68
34 15 3
34 17 66
34 19 22
34 20 19
34 22 24
34 26 62
34 29 49
34 46 44
34 49 41
34 50 53
34 51 28
34 54 46
34 55 50
34 62 36
34 64 0
35 0 11
35 4 64
35 13 69
35 14 58
35 26 9
35 27 20
35 32 50
35 33 29
35 41 51
35 42 44
35 44 48
35 45 62
35 47 59
35 48 67
35 67 52
36 0 29
36 5 69
36 8 52
36 10 24
36 11 23
36 15 34
36 22 53
36 24 4
36 25 3
36 26 13
36 28 66
36 29 6
36 37 27
36 42 59
36 47 28
36 49 58
36 51 65
36 53 68
36 63 48
36 64 37
36 65 44
36 69 50
37 0 25
37 1 8
37 4 40
37 8 7
37 10 32
37 11 54
37 12 13
37 13 55
37 14 41
37 17 24
37 20 33
37 23 49
37 24 64
37 27 35
37 29 14
37 42 2
37 46 21
37 50 37
37 61 42
37 62 16
37 63 43
37 68 4
38 4 28
38 5 59
38 9 60
38 11 41
38 12 54
38 17 10
38 22 45
38 26 4
38 33 40
38 35 36
38 37 66
38 44 51
38 51 49
38 52 22
38 58 62
38 60 39
38 62 42
39 1 11
39 3 34
39 4 25
39 9 67
39 17 50
39 19 38
39 29 27
39 30 2
39 38 42
39 43 4
39 46 66
39 49 20
39 50 52
39 53 65
39 54 10
39 55 51
39 59 43
39 64 14
40 2 4
40 5 38
40 10 54
40 11 24
40 12 60
40 13 59
40 14 62
40 15 42
40 22 16
40 23 30
40 24 5
40 25 29
40 27 19
40 29 55
40 46 20
40 50 49
40 52 57
40 67 18
40 69 36
41 7 67
41 10 51
41 18 56
41 19 31
41 23 0
41 24 37
41 26 43
41 35 24
41 36 5
41 40 1
41 42 9
41 44 21
41 45 36
41 49 2
41 50 25
41 56 64
41 60 41
41 65 55
41 67 50
41 69 19
42 4 5
42 6 56
42 7 38
42 13 15
42 14 16
42 15 7
42 17 31
42 19 9
42 21 2
42 22 65
42 26 25
42 28 39
42 29 12
42 31 36
42 35 45
42 41 40
42 42 0
42 43 67
42 45 68
42 47 19
42 48 64
42 60 17
42 62 1
42 64 61
42 65 23
43 1 33
43 9 21
43 14 9
43 15 22
43 18 64
43 19 14
43 20 12
43 25 0
43 26 51
43 33 11
43 34 42
43 43 32
43 45 24
43 47 63
43 49 26
43 61 3
43 62 25
43 65 31
43 67 4
44 3 50
44 7 2
44 8 27
44 9 59
44 11 38
44 15 4
44 21 61
44 24 12
44 26 47
44 27 49
44 28 31
44 31 30
44 33 25
44 40 43
44 42 42
44 43 16
44 44 9
44 45 34
44 51 35
44 54 29
44 65 36
44 67 13
45 2 62
45 8 20
45 10 37
45 12 33
45 14 36
45 15 31
45 16 28
45 18 10
45 20 13
45 21 45
45 23 58
45 26 23
45 31 2
45 36 27
45 42 55
45 45 4
45 49 12
45 52 17
45 57 50
45 67 3
46 0 57
46 1 16
46 3 9
46 4 4
46 18 59
46 21 20
46 25 36
46 28 17
46 30 21
46 35 52
46 40 2
46 42 51
46 46 54
46 47 67
46 49 43
46 50 50
46 53 38
46 57 5
46 60 58
46 63 30
46 67 40
46 69 63
47 0 14
47 2 56
47 3 61
47 9 2
47 14 19
47 18 36
47 19 29
47 21 1
47 23 42
47 25 55
47 26 12
47 27 21
47 28 11
47 31 44
47 33 38
47 35 51
47 36 35
47 37 16
47 40 49
47 41 50
47 43 23
47 44 57
47 47 32
47 49 53
47 57 68
47 61 4
47 64 43
47 69 60
48 2 12
48 3 44
48 4 26
48 10 40
48 11 4
48 12 39
48 15 28
48 19 66
48 20 10
48 22 0
48 25 8
48 27 52
48 31 41
48 32 36
48 36 43
48 40 5
48 48 23
48 50 65
48 51 21
48 56 56
48 57 33
48 60 69
49 0 62
49 1 9
49 6 13
49 9 40
49 18 33
49 19 26
49 21 7
49 24 34
49 27 66
49 30 19
49 31 48
49 33 32
49 34 57
49 39 54
49 41 27
49 42 25
49 46 2
49 52 31
49 55 16
49 63 49
49 64 15
49 65 42
49 67 65
50 2 22
50 3 69
50 14 27
50 21 49
50 27 1
50 37 67
50 46 23
50 49 48
50 50 36
50 53 66
50 54 25
50 55 65
50 57 42
50 59 12
50 64 18
50 66 17
51 2 15
51 3 21
51 4 2
51 6 28
51 7 69
51 9 49
51 10 22
51 11 18
51 22 50
51 24 62
51 26 36
51 32 30
51 33 45
51 35 58
51 37 37
51 39 33
51 44 61
51 48 65
51 49 66
51 52 35
51 53 60
51 54 34
51 56 4
51 60 54
51 65 53
52 0 28
52 1 51
52 8 12
52 10 10
52 11 34
52 12 55
52 13 9
52 20 32
52 21 31
52 23 40
52 35 7
52 38 68
52 40 3
52 44 14
52 48 56
52 51 46
52 58 54
52 59 50
52 61 67
52 68 23
53 4 23
53 5 54
53 7 50
53 10 62
53 14 68
53 24 22
53 26 65
53 32 43
53 37 55
53 41 39
53 44 60
53 46 12
53 51 4
53 54 63
54 0 54
54 3 32
54 6 18
54 8 25
54 11 44
54 14 30
54 24 69
54 29 38
54 30 57
54 31 51
54 36 50
54 37 49
54 47 20
54 48 6
54 50 12
54 53 37
54 65 35
54 69 28
55 3 43
55 8 19
55 10 15
55 13 54
55 14 48
55 15 45
55 17 36
55 20 34
55 28 12
55 39 61
55 43 3
55 48 17
55 49 67
55 52 40
55 55 23
55 59 53
55 62 58
55 65 29
55 68 63
56 0 32
56 10 31
56 11 33
56 13 12
56 14 49
56 15 27
56 16 62
56 24 14
56 25 11
56 27 6
56 30 69
56 33 43
56 39 3
56 43 61
56 44 47
56 45 2
56 46 0
56 52 25
56 64 52
56 67 39
57 0 26
57 7 28
57 10 7
57 12 22
57 18 47
57 19 15
57 25 10
57 26 29
57 30 66
57 35 33
57 36 16
57 41 18
57 48 8
57 51 0
57 53 4
57 54 17
57 57 20
57 58 11
57 63 46
57 64 36
57 65 13
57 67 6
57 68 67
58 1 32
58 3 2
58 4 0
58 5 19
58 8 60
58 9 39
58 10 46
58 15 21
58 22 29
58 25 14
58 26 58
58 29 30
58 32 8
58 39 47
58 42 17
58 44 15
58 50 43
58 52 63
58 53 52
58 55 22
58 56 31
58 61 16
58 66 34
58 67 42
58 69 18
59 0 39
59 8 62
59 10 67
59 11 14
59 15 69
59 22 2
59 25 60
59 28 40
59 29 22
59 36 19
59 45 35
59 47 37
59 54 11
59 58 51
59 61 65
59 62 33
60 0 48
60 1 59
60 2 54
60 11 69
60 13 62
60 28 38
60 30 56
60 36 2
60 43 5
60 46 42
60 51 41
60 52 9
60 53 44
60 54 13
60 55 19
60 60 55
60 62 0
60 64 16
61 6 38
61 8 4
61 11 30
61 15 41
61 17 57
61 18 14
61 19 47
61 22 5
61 24 18
61 25 52
61 30 23
61 31 46
61 32 13
61 33 22
61 37 15
61 40 37
61 44 29
61 47 48
61 49 51
61 54 9
61 57 39
61 58 68
61 62 26
61 65 45
61 68 58
61 69 27
62 3 5
62 4 58
62 5 67
62 6 6
62 7 17
62 10 50
62 12 15
62 14 39
62 16 40
62 24 33
62 29 11
62 30 0
62 31 31
62 34 54
62 35 68
62 36 64
62 39 4
62 40 62
62 48 2
62 50 32
62 51 42
62 52 24
62 53 23
62 57 22
62 59 46
62 60 7
62 61 34
62 62 45
62 66 14
63 1 36
63 2 42
63 4 57
63 6 46
63 14 12
63 16 59
63 27 34
63 28 48
63 29 18
63 32 7
63 33 35
63 35 47
63 38 64
63 46 52
63 47 38
63 52 16
63 60 32
63 61 43
63 63 4
63 64 25
63 65 51
63 66 30
64 2 59
64 5 18
64 6 61
64 11 63
64 14 43
64 17 54
64 23 20
64 25 16
64 28 62
64 31 21
64 36 48
64 39 17
64 45 49
64 47 3
64 54 56
64 56 27
64 61 30
65 2 53
65 13 13
65 14 33
65 18 26
65 20 43
65 23 11
65 25 5
65 26 50
65 28 41
65 31 35
65 32 51
65 34 62
65 37 22
65 44 46
65 45 31
65 47 29
65 52 36
65 53 25
65 56 0
65 57 65
65 59 66
65 61 37
65 63 59
65 68 18
65 69 52
66 0 27
66 2 55
66 9 37
66 13 20
66 15 46
66 21 57
66 25 35
66 31 1
66 33 8
66 34 59
66 40 54
66 45 51
66 47 18
66 51 67
66 53 33
66 54 16
66 65 50
66 67 17
67 1 54
67 2 68
67 7 42
67 9 47
67 11 10
67 15 35
67 23 15
67 25 21
67 27 46
67 30 64
67 35 3
67 36 44
67 37 63
67 39 24
67 40 25
67 42 37
67 43 55
67 48 18
67 56 61
67 57 23
67 59 49
67 60 0
67 63 19
67 65 62
67 67 30
67 69 58
68 3 51
68 5 65
68 6 63
68 9 68
68 10 47
68 12 30
68 16 34
68 18 9
68 28 57
68 29 58
68 32 62
68 34 23
68 42 36
68 43 59
68 52 49
68 55 31
68 58 45
68 59 20
68 63 2
68 68 24
69 3 16
69 5 43
69 7 37
69 8 56
69 11 11
69 13 0
69 18 41
69 20 65
69 31 26
69 33 15
69 34 64
69 43 35
69 47 30
69 48 47
69 50 61
69 58 32
69 60 62
69 62 2
69 64 27
69 67 46
69 68 21
