60
0 1 40
0 8 34
0 12 4
0 13 31
0 14 28
0 18 27
0 24 56
0 26 7
0 27 55
0 28 58
0 29 33
0 32 16
0 34 20
0 38 30
0 39 0
0 46 17
0 53 5
0 57 50
0 58 46
1 0 49
1 2 48
1 5 53
1 11 59
1 16 47
1 18 28
1 21 56
1 25 38
1 27 11
1 30 15
1 32 12
1 38 24
1 39 39
1 42 3
1 44 41
1 45 51
1 48 19
1 52 44
1 53 25
1 54 22
1 58 54
1 59 23
2 1 41
2 2 35
2 3 53
2 4 32
2 5 4
2 7 19
2 8 49
2 12 45
2 15 39
2 19 31
2 25 43
2 26 42
2 28 59
2 31 10
2 39 58
2 41 38
2 42 25
2 45 3
2 48 29
2 49 0
2 50 28
2 51 18
2 56 50
2 59 20
3 1 6
3 4 39
3 11 37
3 13 23
3 14 35
3 15 9
3 17 43
3 18 13
3 20 34
3 21 31
3 22 2
3 23 11
3 24 46
3 25 14
3 28 55
3 29 42
3 30 0
3 33 33
3 34 49
3 36 51
3 38 12
3 42 40
3 45 30
3 50 24
3 55 28
3 56 47
3 57 15
3 59 27
4 0 1
4 7 58
4 11 45
4 16 31
4 19 26
4 21 33
4 27 18
4 29 7
4 31 16
4 34 14
4 39 9
4 40 11
4 41 17
4 44 57
4 45 43
4 47 0
4 48 36
4 57 8
5 0 53
5 1 17
5 3 12
5 5 14
5 7 23
5 11 27
5 12 10
5 13 5
5 16 22
5 18 50
5 25 25
5 26 19
5 29 35
5 33 24
5 34 57
5 36 58
5 37 56
5 40 44
5 41 8
5 42 45
5 44 49
5 45 28
5 46 6
5 47 54
5 50 33
5 54 40
5 56 18
6 0 19
6 1 22
6 2 37
6 3 24
6 5 31
6 6 11
6 8 0
6 10 46
6 11 47
6 16 41
6 18 32
6 19 2
6 20 53
6 24 59
6 26 13
6 27 25
6 30 4
6 31 39
6 35 42
6 36 8
6 39 50
6 40 45
6 42 5
6 43 3
6 45 55
6 47 1
6 51 6
6 53 20
6 55 18
6 57 21
6 59 26
7 1 0
7 4 48
7 5 35
7 6 21
7 10 25
7 13 6
7 14 50
7 17 17
7 21 2
7 22 40
7 23 51
7 29 10
7 30 24
7 32 52
7 35 13
7 38 34
7 39 16
7 43 12
7 47 23
7 48 38
7 51 30
7 53 41
7 54 19
7 55 29
7 56 46
7 59 22
8 1 26
8 2 49
8 5 15
8 6 52
8 7 18
8 9 5
8 10 24
8 11 39
8 12 1
8 16 20
8 18 29
8 24 7
8 25 17
8 28 50
8 29 46
8 33 2
8 35 41
8 42 44
8 45 56
8 49 40
8 51 3
8 52 43
8 53 51
8 54 31
8 55 37
8 59 45
9 7 11
9 8 55
9 9 24
9 13 53
9 16 49
9 17 38
9 21 8
9 23 35
9 25 50
9 27 57
9 30 29
9 32 36
9 34 21
9 36 42
9 37 34
9 40 43
9 41 22
9 43 20
9 46 56
9 49 52
9 51 12
9 54 47
9 56 31
9 59 15
10 4 14
10 6 49
10 8 33
10 11 15
10 13 9
10 18 10
10 21 23
10 23 20
10 27 52
10 28 19
10 33 59
10 35 48
10 39 24
10 41 28
10 43 34
10 46 12
10 47 58
10 48 4
10 55 54
10 57 5
10 59 25
11 0 45
11 2 42
11 4 18
11 6 13
11 10 6
11 12 21
11 13 15
11 15 10
11 17 57
11 21 35
11 23 9
11 25 12
11 26 50
11 31 33
11 32 7
11 37 47
11 38 52
11 39 1
11 41 4
11 43 31
11 44 40
11 46 27
11 48 44
11 49 58
11 55 8
11 59 54
12 2 22
12 8 38
12 10 53
12 11 21
12 14 36
12 15 33
12 19 11
12 22 43
12 24 50
12 25 0
12 31 27
12 33 25
12 35 49
12 36 28
12 38 6
12 40 15
12 42 35
12 43 58
12 46 8
12 48 31
12 51 40
13 2 40
13 3 39
13 7 57
13 9 13
13 11 41
13 13 17
13 14 3
13 15 24
13 17 0
13 21 10
13 22 28
13 23 36
13 25 4
13 26 35
13 27 27
13 28 14
13 29 43
13 31 58
13 33 46
13 41 59
13 42 22
13 43 9
13 45 5
13 46 16
13 47 7
13 49 11
13 53 48
13 54 23
13 55 21
13 58 18
14 4 24
14 6 17
14 9 23
14 14 53
14 15 47
14 25 59
14 31 31
14 32 56
14 33 39
14 35 16
14 36 32
14 37 45
14 39 3
14 40 52
14 41 41
14 44 13
14 47 38
14 48 12
14 49 27
14 51 10
14 53 36
14 54 44
14 55 2
14 56 58
15 1 23
15 2 57
15 3 20
15 5 38
15 7 47
15 10 31
15 13 48
15 14 45
15 19 41
15 20 32
15 24 28
15 28 34
15 29 22
15 35 8
15 37 26
15 38 1
15 39 2
15 40 12
15 41 21
15 42 54
15 46 52
15 47 33
15 53 55
15 54 25
15 56 24
15 57 6
16 3 51
16 6 37
16 8 15
16 10 26
16 12 16
16 13 21
16 15 11
16 16 35
16 19 12
16 23 5
16 26 29
16 32 54
16 34 8
16 35 57
16 39 7
16 41 56
16 43 50
16 46 3
16 48 53
16 49 39
16 50 52
16 51 44
16 52 33
16 53 4
16 57 40
16 58 45
17 0 16
17 3 32
17 8 29
17 12 0
17 14 18
17 15 7
17 17 27
17 19 58
17 21 11
17 22 46
17 27 10
17 34 5
17 37 44
17 38 31
17 39 13
17 40 55
17 43 1
17 45 17
17 49 42
17 50 49
17 52 52
17 53 50
17 55 38
17 58 19
17 59 48
18 0 59
18 2 27
18 4 9
18 5 11
18 10 55
18 12 8
18 13 10
18 14 37
18 15 57
18 16 7
18 18 35
18 23 39
18 30 26
18 32 33
18 35 56
18 36 43
18 38 51
18 40 5
18 45 36
18 46 54
18 48 41
18 50 4
18 53 45
18 56 40
19 2 14
19 4 37
19 7 33
19 10 59
19 11 25
19 12 56
19 14 6
19 23 10
19 26 55
19 29 19
19 33 38
19 37 31
19 40 34
19 43 11
19 44 43
19 46 0
19 48 2
19 49 4
19 50 50
19 51 48
19 53 46
20 4 3
20 8 14
20 13 16
20 18 17
20 19 24
20 20 48
20 21 36
20 25 33
20 27 9
20 32 11
20 35 44
20 40 53
20 46 57
20 50 45
20 51 58
20 54 10
20 55 59
20 58 37
20 59 43
21 0 28
21 2 53
21 4 10
21 6 48
21 7 7
21 10 21
21 11 34
21 14 13
21 16 14
21 19 19
21 22 51
21 25 15
21 30 41
21 31 12
21 32 30
21 33 55
21 36 20
21 37 24
21 38 9
21 39 27
21 41 16
21 42 59
21 44 36
21 48 39
21 53 32
21 58 0
21 59 29
22 3 37
22 6 45
22 8 2
22 9 30
22 13 12
22 16 40
22 22 9
22 24 3
22 26 0
22 27 50
22 28 22
22 29 17
22 30 21
22 31 56
22 32 6
22 35 18
22 40 13
22 44 25
22 45 33
22 48 57
22 55 10
22 58 43
23 4 16
23 8 30
23 10 34
23 14 52
23 16 57
23 18 15
23 23 31
23 25 46
23 26 33
23 28 47
23 30 49
23 31 1
23 32 45
23 36 7
23 39 38
23 42 48
23 49 35
23 50 44
23 54 42
23 56 26
24 0 42
24 4 13
24 5 45
24 6 43
24 8 11
24 11 51
24 13 8
24 15 22
24 17 58
24 19 7
24 21 28
24 23 40
24 24 15
24 27 6
24 28 27
24 29 1
24 32 59
24 36 39
24 39 41
24 40 30
24 45 32
24 46 50
24 50 35
24 51 38
24 59 21
25 0 8
25 1 31
25 2 6
25 4 12
25 5 27
25 11 4
25 13 50
25 16 45
25 17 22
25 24 58
25 27 21
25 28 10
25 30 17
25 31 59
25 32 39
25 38 15
25 41 26
25 42 42
25 44 51
25 47 2
25 48 35
25 49 37
25 51 24
25 53 9
25 54 32
25 56 16
25 57 7
26 0 12
26 5 39
26 10 22
26 12 34
26 15 4
26 27 15
26 31 8
26 33 35
26 35 53
26 36 1
26 37 52
26 39 48
26 40 14
26 41 10
26 44 58
26 45 21
26 46 41
26 47 37
26 48 55
26 50 30
26 52 29
26 53 6
26 54 27
26 58 7
26 59 28
27 1 10
27 2 28
27 3 16
27 5 54
27 9 48
27 11 52
27 13 47
27 14 42
27 16 56
27 17 34
27 18 57
27 20 40
27 21 44
27 24 27
27 25 49
27 26 15
27 27 0
27 28 24
27 29 13
27 32 1
27 36 19
27 43 6
27 46 38
27 49 20
27 52 4
27 53 18
27 57 32
27 58 2
28 0 35
28 1 8
28 2 13
28 5 55
28 6 22
28 13 46
28 16 42
28 19 21
28 20 23
28 21 9
28 26 34
28 27 31
28 29 14
28 30 30
28 33 53
28 39 4
28 40 7
28 41 11
28 43 28
28 47 50
28 48 25
28 57 12
28 59 47
29 0 40
29 2 15
29 4 2
29 5 50
29 6 42
29 9 12
29 10 52
29 11 11
29 19 37
29 20 36
29 21 27
29 23 0
29 25 45
29 32 51
29 35 54
29 37 38
29 38 21
29 39 53
29 43 4
29 45 35
29 50 23
29 54 6
29 56 39
29 57 49
29 58 10
30 1 56
30 2 7
30 5 58
30 7 40
30 8 13
30 13 11
30 14 34
30 16 39
30 17 48
30 19 51
30 21 6
30 22 44
30 24 10
30 30 27
30 31 47
30 32 35
30 33 14
30 35 55
30 36 24
30 37 3
30 39 54
30 41 15
30 55 20
30 56 37
31 2 38
31 4 5
31 6 35
31 8 8
31 9 34
31 10 48
31 11 3
31 12 43
31 14 12
31 15 18
31 16 55
31 17 40
31 24 4
31 25 39
31 26 56
31 27 29
31 29 32
31 30 16
31 36 21
31 37 42
31 40 59
31 45 22
31 46 20
31 50 36
31 54 45
31 55 23
31 56 17
31 59 13
32 0 36
32 1 11
32 5 48
32 6 41
32 14 21
32 17 49
32 19 38
32 20 54
32 24 12
32 25 51
32 27 33
32 28 23
32 29 52
32 30 46
32 32 26
32 33 13
32 34 53
32 38 56
32 39 14
32 50 16
32 51 20
32 52 8
32 54 39
32 56 28
32 57 2
33 0 25
33 1 2
33 3 19
33 4 21
33 6 36
33 11 10
33 12 59
33 14 0
33 16 24
33 17 18
33 19 52
33 20 56
33 26 12
33 27 37
33 30 44
33 36 6
33 43 5
33 44 15
33 49 45
33 51 54
33 52 31
33 53 3
33 57 9
33 58 26
34 0 58
34 4 8
34 8 52
34 11 33
34 12 19
34 21 43
34 22 14
34 26 31
34 27 54
34 31 20
34 32 42
34 34 16
34 37 48
34 38 57
34 39 22
34 40 50
34 42 55
34 44 30
34 46 9
34 47 46
34 50 18
34 52 5
34 55 32
35 0 22
35 2 24
35 3 57
35 4 54
35 5 1
35 9 36
35 15 5
35 20 18
35 22 17
35 23 8
35 28 3
35 33 43
35 34 33
35 35 51
35 42 32
35 45 25
35 51 15
35 52 13
35 54 53
35 59 19
36 2 11
36 6 7
36 8 10
36 12 47
36 14 4
36 17 36
36 18 20
36 20 17
36 24 25
36 28 31
36 30 51
36 31 18
36 32 22
36 33 1
36 34 15
36 35 34
36 44 9
36 46 19
36 48 49
36 50 56
36 53 44
36 58 53
37 1 7
37 9 4
37 10 38
37 12 17
37 18 33
37 19 20
37 21 3
37 24 53
37 26 10
37 28 1
37 29 34
37 34 46
37 35 12
37 39 5
37 44 22
37 45 40
37 48 24
37 50 51
37 51 27
37 52 0
37 53 59
37 54 14
37 55 42
37 58 35
38 2 45
38 3 0
38 5 25
38 8 31
38 11 23
38 15 1
38 17 8
38 18 2
38 19 9
38 21 12
38 24 14
38 27 17
38 28 54
38 33 58
38 34 38
38 35 40
38 36 4
38 37 32
38 38 20
38 43 13
38 45 53
38 46 21
38 47 51
38 48 18
38 51 43
38 52 47
38 56 34
38 59 50
39 1 3
39 3 6
39 5 5
39 6 0
39 19 43
39 20 35
39 21 37
39 25 41
39 27 13
39 31 2
39 32 23
39 33 48
39 34 10
39 36 22
39 39 29
39 40 51
39 41 40
39 45 57
39 48 52
39 50 19
39 52 15
39 53 30
40 0 44
40 3 31
40 4 23
40 5 37
40 11 7
40 15 45
40 16 29
40 19 3
40 21 19
40 22 12
40 27 24
40 29 50
40 31 15
40 33 32
40 40 0
40 43 36
40 46 40
40 47 5
40 48 27
40 49 17
40 50 58
40 51 47
40 52 59
40 55 11
40 58 33
41 0 4
41 3 8
41 4 35
41 6 34
41 7 31
41 8 1
41 10 15
41 14 20
41 17 33
41 19 32
41 24 39
41 28 18
41 29 2
41 33 47
41 37 30
41 38 45
41 41 43
41 44 7
41 45 46
41 47 42
41 48 9
41 50 57
41 52 54
41 53 49
41 55 3
41 56 52
42 1 27
42 3 35
42 7 20
42 14 40
42 15 28
42 16 34
42 18 31
42 21 46
42 22 32
42 23 44
42 26 39
42 27 22
42 32 3
42 33 41
42 34 48
42 35 4
42 36 15
42 37 43
42 44 6
42 46 23
42 47 24
42 48 54
42 50 47
42 51 55
42 54 17
42 56 11
43 3 46
43 5 42
43 6 40
43 10 44
43 14 31
43 15 14
43 16 10
43 18 37
43 20 41
43 21 4
43 23 59
43 25 2
43 26 22
43 32 49
43 33 9
43 36 12
43 38 18
43 39 19
43 40 21
43 42 20
43 43 23
43 46 26
43 48 16
43 50 1
43 52 58
43 54 24
43 55 33
43 57 0
44 1 25
44 2 9
44 5 51
44 9 28
44 10 27
44 15 35
44 16 30
44 17 6
44 18 8
44 19 45
44 21 58
44 22 24
44 24 37
44 28 52
44 30 38
44 33 44
44 36 31
44 37 17
44 41 33
44 42 18
44 43 26
44 44 59
44 47 4
44 52 23
45 2 19
45 4 59
45 8 27
45 9 56
45 13 54
45 17 3
45 18 1
45 19 28
45 22 41
45 23 25
45 26 26
45 27 53
45 29 37
45 30 23
45 32 10
45 37 46
45 39 33
45 42 0
45 44 11
45 47 55
45 51 21
45 52 36
45 53 35
45 56 44
46 0 17
46 2 25
46 4 43
46 6 5
46 8 12
46 13 44
46 16 38
46 17 1
46 22 59
46 28 51
46 29 26
46 38 23
46 39 6
46 42 56
46 43 15
46 47 53
46 49 54
46 52 27
46 53 16
46 55 9
46 58 28
46 59 7
47 6 2
47 7 49
47 10 10
47 11 9
47 13 58
47 17 52
47 21 15
47 26 24
47 30 20
47 32 31
47 34 47
47 41 27
47 42 28
47 49 23
47 50 39
47 51 14
47 53 11
47 55 34
47 56 57
48 3 42
48 12 53
48 15 34
48 19 27
48 23 32
48 24 49
48 27 36
48 28 20
48 32 0
48 37 51
48 38 43
48 41 44
48 42 12
48 46 2
48 48 17
48 50 31
48 51 22
48 56 59
48 57 25
48 58 40
49 0 15
49 2 44
49 6 9
49 8 58
49 11 0
49 15 59
49 19 5
49 20 16
49 22 50
49 27 23
49 34 3
49 39 18
49 43 32
49 44 28
49 46 43
49 47 29
49 48 51
49 52 10
49 53 47
49 55 24
50 2 32
50 3 18
50 5 34
50 7 38
50 9 33
50 10 8
50 13 24
50 15 49
50 19 0
50 20 1
50 21 17
50 24 45
50 26 9
50 28 43
50 30 54
50 37 4
50 40 27
50 42 36
50 43 40
50 54 5
50 57 20
51 0 41
51 3 22
51 6 15
51 8 45
51 9 10
51 12 39
51 14 48
51 16 52
51 18 16
51 23 54
51 24 44
51 26 27
51 28 30
51 29 28
51 31 51
51 39 43
51 43 29
51 48 8
51 50 26
51 51 23
51 57 53
52 0 33
52 2 36
52 3 26
52 4 53
52 5 52
52 7 3
52 9 6
52 12 2
52 16 19
52 18 51
52 22 10
52 23 43
52 26 4
52 27 28
52 28 37
52 34 9
52 38 55
52 46 45
52 47 11
52 49 44
52 50 14
52 52 48
52 55 22
52 56 7
52 57 1
53 0 51
53 2 34
53 4 58
53 7 50
53 12 44
53 13 27
53 14 17
53 17 28
53 18 11
53 20 38
53 23 1
53 27 35
53 28 21
53 29 25
53 30 10
53 31 23
53 32 4
53 33 37
53 34 6
53 38 42
53 42 43
53 46 36
53 47 20
53 49 29
53 50 46
53 51 33
53 53 0
53 58 24
54 2 2
54 3 58
54 5 22
54 9 44
54 12 28
54 13 49
54 14 16
54 15 15
54 18 47
54 20 7
54 21 20
54 23 42
54 24 21
54 26 52
54 27 32
54 31 40
54 32 27
54 34 43
54 35 46
54 36 59
54 39 12
54 42 50
54 54 35
54 57 57
55 0 56
55 2 16
55 4 4
55 6 1
55 7 53
55 8 41
55 9 59
55 11 55
55 12 30
55 14 9
55 16 6
55 21 47
55 22 45
55 25 24
55 29 51
55 31 19
55 38 32
55 45 42
55 46 39
55 48 14
55 49 7
55 58 38
55 59 5
56 5 33
56 8 48
56 10 20
56 12 49
56 13 42
56 16 44
56 22 30
56 23 23
56 24 43
56 25 32
56 27 4
56 28 16
56 33 27
56 37 7
56 42 37
56 44 26
56 48 47
56 50 5
56 55 46
56 59 18
57 0 6
57 8 39
57 12 36
57 17 24
57 19 47
57 20 8
57 26 45
57 29 5
57 30 52
57 34 50
57 35 26
57 36 54
57 37 0
57 38 41
57 40 32
57 41 18
57 44 31
57 46 49
57 50 13
57 52 2
57 57 3
57 58 44
58 3 14
58 5 6
58 6 30
58 8 59
58 10 49
58 11 42
58 15 44
58 22 26
58 28 15
58 29 3
58 30 33
58 34 25
58 35 27
58 38 47
58 39 23
58 40 4
58 41 1
58 42 19
58 45 11
58 46 55
58 48 43
58 49 18
58 50 37
58 51 52
58 53 56
58 56 20
58 57 24
59 3 28
59 4 42
59 6 31
59 7 15
59 9 50
59 11 40
59 15 51
59 17 47
59 18 4
59 23 22
59 24 54
59 25 6
59 27 46
59 28 35
59 31 5
59 34 37
59 36 27
59 41 0
59 45 24
59 48 7
59 51 2
59 52 20
59 53 21
59 55 1
59 56 38
