70
0 0 69
0 3 12
0 4 28
0 5 22
0 6 61
0 8 49
0 9 64
0 10 30
0 11 65
0 13 32
0 15 44
0 16 15
0 17 21
0 19 62
0 22 38
0 23 8
0 26 47
0 27 7
0 29 18
0 30 68
0 31 4
0 36 53
0 37 46
0 38 6
0 39 9
0 42 55
0 43 51
0 45 19
0 47 25
0 48 10
0 49 40
0 50 35
0 51 27
0 53 5
0 54 3
0 55 57
0 57 24
0 58 67
0 60 54
0 61 16
0 63 56
0 69 39
1 1 28
1 2 17
1 5 54
1 8 33
1 11 66
1 13 30
1 14 52
1 15 19
1 16 34
1 17 12
1 18 6
1 21 40
1 23 20
1 26 8
1 29 51
1 30 14
1 32 5
1 33 16
1 34 46
1 36 57
1 37 41
1 39 62
1 41 11
1 45 42
1 49 18
1 52 65
1 53 58
1 54 10
1 55 22
1 56 25
1 57 7
1 58 64
1 62 60
1 64 48
1 65 24
1 66 35
1 68 56
1 69 49
2 0 22
2 1 14
2 2 18
2 4 42
2 7 57
2 8 43
2 10 11
2 11 37
2 13 60
2 17 7
2 20 27
2 22 59
2 23 25
2 24 54
2 25 55
2 30 38
2 31 24
2 33 49
2 36 68
2 37 21
2 38 61
2 41 63
2 43 58
2 46 28
2 48 47
2 49 15
2 52 50
2 53 33
2 55 66
2 56 8
2 58 13
2 59 12
2 60 0
2 61 36
2 62 35
2 63 6
2 67 5
2 68 3
2 69 64
3 1 41
3 2 50
3 3 60
3 5 48
3 6 28
3 7 22
3 8 59
3 9 0
3 11 29
3 12 43
3 14 35
3 15 63
3 16 30
3 17 1
3 18 58
3 19 20
3 21 45
3 22 56
3 23 54
3 24 53
3 25 18
3 26 32
3 29 16
3 30 15
3 31 64
3 33 9
3 35 10
3 38 8
3 41 38
3 43 5
3 45 21
3 46 69
3 47 68
3 52 49
3 54 6
3 55 4
3 57 19
3 59 37
3 60 61
3 61 25
3 64 23
3 67 52
3 68 36
3 69 3
4 0 18
4 6 54
4 7 27
4 8 47
4 13 57
4 15 4
4 17 15
4 18 60
4 19 56
4 20 5
4 24 37
4 27 53
4 28 28
4 29 41
4 31 0
4 32 24
4 33 52
4 34 8
4 35 69
4 37 16
4 39 31
4 40 30
4 41 61
4 43 39
4 44 40
4 45 62
4 48 43
4 50 36
4 51 14
4 52 19
4 54 51
4 55 12
4 57 26
4 58 38
4 59 34
4 60 21
4 62 6
4 66 33
4 67 32
4 69 67
5 0 44
5 1 61
5 3 22
5 4 29
5 5 11
5 6 66
5 7 59
5 8 10
5 9 27
5 11 35
5 12 1
5 14 49
5 15 21
5 17 23
5 18 34
5 20 26
5 21 52
5 22 63
5 25 62
5 26 9
5 27 41
5 29 19
5 30 2
5 33 47
5 35 0
5 36 25
5 37 60
5 38 15
5 39 53
5 40 36
5 43 13
5 44 55
5 45 24
5 46 54
5 47 32
5 49 48
5 51 18
5 54 14
5 55 17
5 57 38
5 59 5
5 62 8
5 64 64
5 66 4
5 68 51
6 0 31
6 1 21
6 2 29
6 3 3
6 5 38
6 6 11
6 8 25
6 12 55
6 15 6
6 16 27
6 19 63
6 21 7
6 22 19
6 23 49
6 25 51
6 26 54
6 28 10
6 29 17
6 30 39
6 33 26
6 34 18
6 35 12
6 36 41
6 37 2
6 40 46
6 41 64
6 42 9
6 43 14
6 44 15
6 45 5
6 46 57
6 47 33
6 50 53
6 51 66
6 52 48
6 53 44
6 54 24
6 56 56
6 57 4
6 58 32
6 59 36
6 60 23
6 62 65
6 63 59
6 64 16
6 65 35
6 66 61
6 67 22
6 68 42
6 69 13
7 0 26
7 1 18
7 2 68
7 3 41
7 5 21
7 6 59
7 7 7
7 8 42
7 14 36
7 15 64
7 16 6
7 17 10
7 18 32
7 20 40
7 21 3
7 24 47
7 26 4
7 27 48
7 28 45
7 29 39
7 32 16
7 33 43
7 34 50
7 35 58
7 36 23
7 37 51
7 38 0
7 39 11
7 40 29
7 42 54
7 43 57
7 44 24
7 46 53
7 47 65
7 49 34
7 52 5
7 54 20
7 56 13
7 58 62
7 62 38
7 65 17
7 66 37
7 68 63
8 0 10
8 1 23
8 3 9
8 4 34
8 5 7
8 7 39
8 8 65
8 9 38
8 10 68
8 11 31
8 12 29
8 14 4
8 15 60
8 19 30
8 24 44
8 26 59
8 27 42
8 28 69
8 29 61
8 30 40
8 35 11
8 36 5
8 39 41
8 42 27
8 43 3
8 44 17
8 45 22
8 46 32
8 47 13
8 50 67
8 53 50
8 56 0
8 57 6
8 58 8
8 59 1
8 61 45
8 62 58
8 63 57
8 66 25
8 67 26
9 0 53
9 3 47
9 6 60
9 7 35
9 9 26
9 10 43
9 11 1
9 12 11
9 14 67
9 15 59
9 16 4
9 19 64
9 20 25
9 24 33
9 25 8
9 26 38
9 27 58
9 28 14
9 29 22
9 30 18
9 31 65
9 32 15
9 34 66
9 35 21
9 36 62
9 37 61
9 38 23
9 39 68
9 40 0
9 41 28
9 42 20
9 43 40
9 44 46
9 45 37
9 46 49
9 47 36
9 48 7
9 49 50
9 52 45
9 53 9
9 55 54
9 57 3
9 58 42
9 59 51
9 61 34
9 62 17
9 64 13
9 65 63
9 66 69
9 67 30
9 68 10
9 69 29
10 0 36
10 1 0
10 5 67
10 6 34
10 7 47
10 11 15
10 14 63
10 16 64
10 17 30
10 19 19
10 21 59
10 22 27
10 23 40
10 24 11
10 26 62
10 27 61
10 28 23
10 35 26
10 36 65
10 38 12
10 39 1
10 40 66
10 41 9
10 43 42
10 45 51
10 46 31
10 50 57
10 52 3
10 57 5
10 58 7
10 59 68
10 60 33
10 61 54
10 64 29
10 65 46
10 66 39
10 67 8
10 68 37
10 69 22
11 0 32
11 2 6
11 4 38
11 6 31
11 8 22
11 10 46
11 13 33
11 15 10
11 18 52
11 19 65
11 22 58
11 23 69
11 27 21
11 28 37
11 29 50
11 30 36
11 35 24
11 36 11
11 37 28
11 39 14
11 41 43
11 42 7
11 44 68
11 46 48
11 48 59
11 49 51
11 53 0
11 54 15
11 55 26
11 57 63
11 63 23
11 64 17
11 67 27
12 1 22
12 2 31
12 7 26
12 10 33
12 11 51
12 13 36
12 14 27
12 15 16
12 18 11
12 19 1
12 20 47
12 21 14
12 24 45
12 25 6
12 26 69
12 27 5
12 30 19
12 31 39
12 32 41
12 33 59
12 34 48
12 35 61
12 36 0
12 37 37
12 38 42
12 39 60
12 40 50
12 41 54
12 42 25
12 48 3
12 52 32
12 54 38
12 59 28
12 61 20
12 62 55
12 63 46
12 64 4
12 67 2
12 68 21
13 0 65
13 2 54
13 3 0
13 6 23
13 7 49
13 9 30
13 10 19
13 13 46
13 14 17
13 15 47
13 18 15
13 19 51
13 20 6
13 23 32
13 24 59
13 26 41
13 28 66
13 31 63
13 32 38
13 33 1
13 35 50
13 37 68
13 38 37
13 39 29
13 41 40
13 42 35
13 43 12
13 45 3
13 46 45
13 47 5
13 49 44
13 50 14
13 51 69
13 52 21
13 56 31
13 57 34
13 58 25
13 59 24
13 60 36
13 64 10
13 66 52
13 67 57
13 69 4
14 0 37
14 2 41
14 4 11
14 6 14
14 7 8
14 8 4
14 9 69
14 11 12
14 15 3
14 16 39
14 17 56
14 18 19
14 19 2
14 20 54
14 22 13
14 24 67
14 25 61
14 26 46
14 28 64
14 29 36
14 31 33
14 32 9
14 34 24
14 35 44
14 36 10
14 37 5
14 38 48
14 39 66
14 41 0
14 43 43
14 44 63
14 45 65
14 46 21
14 47 1
14 48 62
14 49 6
14 50 50
14 52 38
14 53 31
14 56 42
14 58 34
14 59 59
14 60 47
14 61 52
14 62 22
14 63 55
14 64 32
14 68 28
14 69 18
15 1 63
15 4 53
15 6 49
15 7 29
15 11 8
15 12 44
15 13 12
15 14 68
15 15 28
15 16 1
15 18 41
15 20 69
15 23 37
15 24 43
15 25 7
15 28 3
15 29 54
15 30 64
15 34 27
15 37 31
15 38 18
15 40 11
15 41 50
15 42 2
15 43 38
15 45 58
15 47 56
15 51 9
15 53 34
15 58 10
15 63 25
15 64 47
15 65 67
15 66 46
15 67 24
15 68 0
15 69 5
16 0 29
16 1 43
16 2 49
16 3 37
16 7 51
16 11 63
16 13 1
16 16 7
16 17 50
16 18 57
16 20 16
16 22 18
16 23 62
16 24 38
16 25 25
16 26 11
16 27 17
16 31 12
16 32 27
16 33 24
16 36 8
16 37 20
16 40 52
16 42 47
16 45 41
16 47 60
16 48 28
16 50 31
16 52 35
16 54 61
16 56 21
16 58 30
16 59 46
16 61 40
16 64 39
16 69 56
17 0 11
17 1 46
17 2 27
17 3 57
17 4 13
17 5 18
17 6 42
17 7 28
17 8 8
17 9 43
17 10 49
17 11 32
17 12 21
17 13 66
17 14 37
17 15 30
17 16 55
17 17 58
17 18 53
17 20 38
17 21 23
17 23 41
17 28 39
17 29 4
17 30 29
17 31 44
17 33 64
17 34 20
17 38 65
17 39 47
17 40 3
17 42 12
17 43 62
17 45 61
17 47 52
17 49 19
17 52 14
17 53 63
17 54 40
17 55 2
17 56 50
17 57 9
17 58 68
17 59 16
17 60 59
17 61 51
17 63 60
17 67 7
18 0 42
18 1 15
18 4 58
18 6 24
18 8 17
18 9 51
18 10 66
18 13 50
18 14 21
18 16 11
18 17 3
18 19 12
18 23 26
18 24 7
18 26 52
18 27 63
18 28 49
18 29 40
18 31 32
18 34 34
18 35 19
18 37 33
18 38 44
18 41 16
18 42 36
18 43 46
18 45 25
18 46 67
18 48 45
18 49 4
18 50 13
18 51 43
18 52 69
18 54 9
18 55 39
18 57 57
18 58 41
18 59 48
18 60 62
18 62 20
18 63 35
18 64 53
18 67 6
18 68 47
19 7 21
19 8 31
19 11 23
19 12 0
19 13 54
19 15 14
19 17 40
19 20 35
19 21 43
19 23 3
19 24 5
19 28 46
19 29 29
19 30 60
19 31 58
19 32 10
19 33 41
19 34 33
19 35 68
19 37 36
19 38 25
19 39 22
19 41 44
19 45 47
19 48 64
19 51 34
19 52 30
19 54 4
19 61 9
19 66 42
19 67 48
19 68 65
19 69 6
20 1 33
20 2 53
20 3 39
20 7 31
20 8 51
20 9 45
20 11 13
20 12 48
20 13 43
20 14 8
20 15 46
20 16 47
20 18 10
20 21 64
20 23 36
20 24 66
20 25 67
20 27 29
20 28 7
20 29 69
20 30 59
20 31 37
20 32 32
20 35 62
20 36 40
20 37 55
20 38 22
20 43 65
20 44 54
20 46 35
20 47 38
20 48 4
20 49 25
20 53 2
20 54 52
20 55 41
20 56 61
20 59 6
20 64 44
20 65 34
20 68 16
20 69 12
21 1 19
21 2 9
21 3 53
21 5 60
21 6 18
21 7 32
21 12 34
21 13 7
21 14 39
21 15 62
21 16 49
21 17 52
21 18 47
21 19 68
21 20 64
21 22 33
21 23 17
21 28 0
21 32 42
21 33 69
21 34 25
21 35 5
21 36 58
21 37 44
21 41 45
21 48 41
21 49 56
21 50 40
21 52 16
21 54 54
21 55 30
21 56 51
21 57 31
21 58 23
21 60 67
21 61 14
21 62 24
21 63 65
21 65 4
21 66 36
21 67 55
21 69 66
22 2 62
22 5 10
22 6 22
22 8 56
22 9 2
22 12 54
22 13 37
22 14 45
22 15 26
22 16 43
22 17 0
22 18 33
22 19 57
22 21 68
22 22 23
22 24 14
22 26 50
22 27 39
22 28 53
22 29 35
22 30 21
22 32 18
22 34 51
22 35 64
22 36 20
22 39 34
22 41 3
22 42 61
22 43 1
22 44 44
22 45 67
22 46 66
22 48 52
22 49 28
22 51 24
22 52 55
22 53 4
22 54 58
22 57 27
22 59 60
22 60 41
22 61 32
22 62 7
22 63 19
22 64 6
22 65 69
22 66 13
22 67 11
22 68 31
23 1 9
23 2 3
23 4 26
23 6 46
23 7 4
23 8 35
23 9 12
23 10 17
23 13 24
23 14 42
23 17 39
23 19 52
23 20 29
23 21 30
23 22 51
23 23 23
23 25 16
23 28 25
23 29 58
23 30 10
23 33 66
23 36 48
23 37 45
23 40 33
23 41 8
23 43 54
23 44 47
23 45 18
23 46 37
23 48 0
23 49 7
23 56 64
23 59 55
23 62 68
23 63 67
23 64 31
23 66 27
23 68 2
24 0 59
24 1 45
24 5 69
24 8 39
24 10 10
24 11 36
24 13 53
24 16 35
24 17 25
24 20 56
24 22 22
24 25 34
24 27 62
24 28 41
24 29 7
24 31 68
24 32 40
24 33 61
24 35 4
24 38 14
24 42 31
24 43 21
24 44 13
24 45 43
24 46 26
24 47 17
24 48 15
24 50 28
24 52 18
24 53 66
24 54 55
24 55 0
24 58 33
24 59 57
24 60 49
24 61 60
24 62 47
24 64 11
24 66 20
25 0 45
25 4 0
25 6 35
25 10 12
25 13 31
25 14 56
25 15 17
25 16 60
25 18 68
25 20 58
25 22 32
25 23 10
25 24 64
25 27 37
25 28 63
25 30 42
25 32 25
25 33 46
25 34 5
25 36 3
25 37 13
25 40 18
25 42 48
25 43 16
25 44 51
25 45 1
25 46 65
25 48 34
25 49 47
25 51 54
25 53 43
25 54 44
25 55 28
25 56 26
25 57 36
25 58 9
25 62 19
25 63 14
25 65 22
25 66 30
25 67 4
25 68 59
25 69 23
26 2 30
26 4 64
26 5 3
26 7 11
26 9 36
26 12 12
26 13 40
26 14 62
26 16 44
26 19 42
26 21 47
26 25 22
26 26 57
26 29 14
26 30 41
26 31 10
26 32 50
26 33 58
26 38 29
26 39 15
26 41 48
26 42 0
26 49 54
26 50 26
26 52 9
26 53 23
26 54 28
26 57 32
26 59 4
26 61 49
26 64 18
26 65 33
26 66 51
26 67 16
26 68 43
27 0 15
27 2 11
27 3 34
27 6 52
27 7 10
27 8 32
27 9 44
27 11 50
27 12 51
27 17 20
27 26 24
27 28 55
27 29 21
27 30 6
27 31 61
27 32 66
27 33 31
27 35 25
27 37 19
27 39 63
27 41 42
27 44 53
27 45 30
27 46 13
27 47 64
27 48 49
27 49 3
27 50 54
27 51 57
27 52 12
27 53 14
27 56 1
27 58 18
27 59 35
27 60 26
27 61 33
27 64 60
27 65 27
27 66 28
27 67 65
27 68 62
27 69 17
28 0 39
28 1 10
28 3 24
28 5 0
28 12 26
28 13 52
28 17 19
28 18 44
28 21 22
28 25 9
28 27 23
28 30 55
28 31 17
28 33 11
28 34 68
28 35 45
28 37 6
28 38 35
28 39 61
28 40 63
28 41 20
28 42 29
28 45 31
28 47 2
28 48 42
28 51 8
28 53 62
28 56 48
28 57 30
28 60 7
28 61 5
28 63 53
28 64 49
28 65 65
29 2 16
29 3 59
29 4 9
29 5 24
29 6 12
29 7 54
29 9 22
29 12 64
29 13 58
29 14 14
29 17 33
29 18 27
29 20 63
29 26 0
29 27 68
29 31 18
29 34 65
29 36 26
29 38 47
29 39 2
29 43 19
29 44 49
29 46 29
29 47 40
29 48 32
29 50 8
29 51 55
29 52 7
29 53 20
29 54 25
29 56 17
29 57 52
29 58 3
29 59 21
29 60 50
29 61 38
29 62 37
29 63 36
29 65 11
29 66 60
29 67 43
29 68 5
29 69 45
30 1 7
30 2 56
30 3 46
30 5 62
30 7 45
30 8 48
30 9 9
30 10 59
30 14 44
30 15 69
30 17 4
30 19 41
30 22 43
30 23 55
30 25 10
30 26 65
30 27 33
30 29 32
30 30 8
30 31 51
30 32 63
30 33 3
30 34 36
30 35 49
30 37 64
30 40 1
30 41 19
30 42 30
30 43 35
30 44 23
30 45 54
30 46 17
30 47 67
30 48 26
30 49 53
30 50 2
30 51 13
30 52 6
30 55 5
30 56 12
30 59 18
30 61 31
30 65 37
30 66 40
30 69 38
31 0 34
31 1 37
31 2 36
31 3 7
31 6 25
31 7 17
31 9 15
31 11 46
31 12 32
31 13 14
31 14 16
31 15 65
31 16 42
31 17 47
31 18 26
31 19 8
31 20 68
31 23 29
31 25 21
31 27 35
31 29 5
31 31 6
31 32 57
31 35 43
31 36 69
31 38 11
31 39 3
31 40 67
31 41 55
31 42 13
31 43 23
31 44 39
31 45 38
31 46 1
31 47 66
31 48 48
31 49 20
31 50 63
31 53 10
31 54 49
31 57 59
31 58 28
31 60 53
31 62 61
31 63 9
31 68 58
31 69 31
32 0 60
32 2 63
32 4 22
32 7 30
32 9 20
32 10 58
32 12 31
32 13 18
32 14 33
32 15 36
32 19 10
32 21 69
32 23 21
32 26 14
32 28 59
32 29 55
32 30 49
32 31 27
32 32 35
32 33 32
32 34 37
32 35 16
32 36 24
32 37 39
32 39 65
32 40 4
32 41 68
32 48 50
32 49 66
32 50 47
32 51 38
32 56 6
32 57 15
32 58 0
32 60 13
32 61 29
32 62 45
32 66 1
32 67 53
32 68 23
33 4 32
33 7 18
33 13 62
33 14 3
33 15 13
33 16 28
33 18 21
33 19 53
33 20 34
33 22 26
33 23 9
33 24 16
33 25 42
33 26 55
33 29 23
33 30 57
33 32 49
33 34 44
33 37 43
33 38 24
33 40 45
33 42 69
33 43 2
33 44 33
33 50 7
33 52 41
33 53 52
33 54 30
33 57 12
33 58 27
33 59 67
33 61 65
33 62 56
33 65 14
33 68 35
33 69 37
34 0 6
34 2 33
34 4 12
34 5 34
34 8 19
34 13 26
34 16 22
34 17 13
34 20 39
34 21 32
34 24 42
34 25 17
34 27 14
34 28 4
34 30 43
34 31 23
34 34 38
34 35 9
34 38 31
34 43 68
34 44 5
34 46 58
34 47 47
34 48 27
34 49 29
34 51 63
34 56 30
34 58 37
34 60 20
34 61 41
34 62 57
34 64 7
34 67 59
34 68 60
34 69 15
35 0 25
35 1 34
35 4 65
35 6 33
35 7 2
35 8 53
35 9 31
35 10 60
35 11 39
35 13 67
35 16 57
35 17 35
35 18 5
35 20 43
35 23 22
35 24 20
35 26 7
35 28 26
35 29 68
35 30 16
35 31 14
35 32 0
35 34 4
35 35 42
35 36 1
35 37 63
35 39 19
35 40 62
35 41 17
35 42 58
35 43 50
35 46 47
35 48 36
35 53 69
35 56 15
35 57 37
35 58 21
35 60 38
35 63 10
35 65 41
35 67 13
35 68 6
36 0 68
36 2 59
36 6 56
36 7 20
36 8 37
36 10 25
36 11 49
36 14 29
36 15 15
36 17 60
36 19 9
36 21 54
36 22 12
36 25 32
36 27 50
36 28 61
36 31 35
36 32 43
36 34 6
36 36 42
36 37 53
36 38 3
36 43 66
36 44 52
36 46 44
36 47 10
36 49 0
36 50 34
36 51 22
36 52 31
36 54 27
36 57 47
36 58 26
36 59 19
36 60 18
36 62 23
36 63 1
36 64 65
36 66 63
36 68 45
37 0 55
37 2 32
37 3 56
37 4 23
37 7 33
37 8 13
37 9 14
37 10 0
37 11 45
37 12 65
37 13 61
37 16 67
37 18 24
37 21 31
37 23 63
37 24 22
37 27 38
37 28 29
37 29 34
37 30 48
37 31 30
37 32 46
37 33 53
37 34 21
37 35 52
37 37 58
37 38 27
37 42 37
37 43 15
37 45 39
37 46 9
37 47 51
37 48 16
37 51 20
37 52 36
37 53 54
37 55 18
37 57 50
37 60 5
37 63 68
37 65 12
37 66 6
37 67 64
37 68 49
37 69 1
38 1 2
38 2 1
38 3 35
38 4 57
38 5 59
38 6 40
38 7 48
38 10 62
38 12 3
38 14 50
38 15 11
38 16 66
38 20 61
38 23 56
38 24 27
38 25 4
38 26 34
38 27 67
38 28 58
38 30 23
38 33 44
38 34 42
38 36 63
38 37 38
38 38 19
38 39 16
38 41 53
38 42 24
38 45 49
38 46 60
38 48 9
38 49 39
38 51 29
38 53 22
38 55 64
38 56 68
38 57 25
38 60 55
38 61 21
38 62 26
38 63 37
38 64 15
38 66 31
38 68 13
38 69 30
39 1 58
39 3 8
39 4 54
39 6 20
39 8 57
39 10 42
39 12 59
39 13 35
39 14 0
39 15 23
39 16 9
39 17 6
39 19 49
39 20 36
39 21 24
39 24 29
39 25 14
39 26 48
39 27 10
39 28 27
39 29 26
39 32 47
39 34 13
39 36 66
39 38 50
39 39 67
39 40 17
39 41 7
39 45 28
39 46 68
39 47 69
39 48 18
39 49 12
39 51 4
39 54 5
39 55 31
39 56 40
39 59 63
39 60 25
39 63 15
39 64 46
39 67 56
39 68 41
40 2 10
40 3 15
40 7 38
40 8 26
40 10 6
40 14 22
40 16 33
40 17 62
40 18 43
40 19 3
40 20 45
40 21 4
40 22 60
40 24 34
40 25 58
40 26 35
40 28 5
40 30 46
40 33 50
40 35 28
40 37 14
40 38 67
40 39 56
40 40 44
40 42 17
40 43 49
40 45 9
40 47 55
40 49 31
40 50 64
40 51 40
40 53 13
40 57 11
40 59 41
40 61 61
40 65 25
40 66 32
40 69 53
41 0 28
41 1 29
41 3 20
41 8 15
41 10 27
41 11 24
41 12 36
41 14 5
41 17 41
41 18 7
41 19 44
41 21 18
41 23 48
41 24 10
41 25 38
41 26 66
41 28 52
41 29 59
41 31 9
41 33 54
41 34 35
41 35 6
41 36 45
41 37 23
41 38 4
41 41 34
41 42 56
41 44 26
41 45 40
41 46 43
41 49 57
41 51 67
41 53 64
41 54 22
41 55 46
41 56 32
41 57 65
41 58 55
41 59 30
41 61 12
41 62 53
41 63 63
41 65 62
41 66 2
41 67 51
42 2 37
42 3 10
42 4 47
42 7 16
42 9 6
42 10 53
42 11 59
42 12 60
42 13 19
42 15 52
42 17 66
42 20 50
42 21 26
42 22 45
42 23 14
42 24 15
42 26 29
42 27 31
42 28 42
42 30 30
42 36 28
42 39 46
42 42 65
42 47 43
42 49 11
42 50 5
42 52 67
42 53 27
42 54 68
42 56 69
42 57 39
42 58 4
42 59 38
42 63 58
42 64 57
42 66 41
42 67 33
43 0 47
43 1 13
43 2 43
43 5 68
43 6 48
43 7 69
43 8 30
43 9 52
43 10 22
43 11 40
43 14 61
43 15 41
43 17 27
43 19 60
43 20 59
43 21 57
43 22 9
43 23 46
43 24 31
43 25 44
43 27 64
43 30 32
43 31 8
43 32 54
43 33 17
43 34 28
43 35 20
43 36 50
43 37 56
43 39 26
43 41 39
43 43 10
43 44 25
43 45 55
43 46 12
43 48 23
43 50 11
43 51 33
43 52 15
43 54 34
43 56 19
43 57 66
43 58 36
43 61 2
43 62 3
43 63 45
43 66 18
43 67 35
43 68 4
44 3 11
44 5 37
44 6 50
44 9 63
44 10 35
44 11 33
44 12 28
44 14 18
44 15 43
44 17 45
44 18 23
44 19 48
44 20 17
44 21 29
44 25 13
44 28 12
44 30 52
44 32 8
44 34 30
44 35 31
44 36 15
44 37 7
44 39 20
44 41 22
44 43 24
44 44 69
44 46 0
44 47 6
44 48 2
44 49 49
44 51 68
44 54 60
44 55 1
44 57 41
44 58 65
44 61 66
44 62 40
44 63 62
44 67 21
44 68 61
44 69 9
45 2 67
45 4 60
45 5 9
45 9 13
45 10 7
45 12 19
45 13 42
45 14 41
45 15 57
45 17 46
45 19 40
45 20 65
45 23 68
45 24 18
45 25 49
45 26 28
45 27 25
45 29 44
45 30 50
45 34 52
45 38 56
45 40 51
45 42 8
45 44 0
45 45 53
45 47 14
45 48 39
45 52 23
45 54 2
45 55 33
45 56 34
45 57 62
45 59 27
45 61 47
45 63 54
45 64 30
45 67 36
45 68 24
45 69 58
46 1 50
46 2 44
46 3 25
46 4 49
46 5 46
46 6 32
46 8 34
46 9 33
46 11 11
46 12 56
46 13 38
46 14 60
46 15 55
46 16 24
46 17 31
46 18 39
46 19 69
46 21 10
46 22 8
46 23 0
46 24 21
46 25 64
46 27 51
46 28 43
46 29 12
46 30 66
46 32 4
46 33 13
46 35 54
46 37 67
46 38 57
46 39 5
46 42 41
46 44 1
46 47 58
46 49 16
46 52 26
46 53 15
46 54 19
46 55 65
46 58 29
46 60 17
46 61 35
46 62 9
46 63 42
46 65 53
46 66 62
46 67 18
46 68 22
46 69 28
47 0 57
47 7 56
47 8 50
47 11 44
47 12 25
47 13 15
47 14 58
47 15 24
47 16 19
47 19 39
47 20 49
47 21 35
47 22 46
47 24 17
47 25 54
47 26 68
47 27 52
47 30 34
47 31 11
47 33 28
47 36 4
47 38 32
47 39 38
47 40 5
47 41 2
47 42 66
47 43 31
47 45 23
47 48 12
47 49 63
47 52 0
47 54 43
47 55 42
47 56 62
47 57 16
47 58 51
47 59 26
47 60 3
47 61 48
47 63 13
47 64 67
47 67 14
48 0 66
48 1 12
48 2 5
48 3 28
48 4 24
48 5 55
48 7 9
48 8 36
48 9 40
48 11 6
48 13 8
48 14 65
48 15 25
48 16 10
48 17 63
48 19 61
48 22 3
48 24 26
48 25 35
48 26 42
48 27 2
48 30 51
48 32 68
48 33 38
48 34 22
48 35 27
48 36 47
48 37 17
48 38 43
48 39 21
48 40 56
48 42 33
48 44 59
48 45 34
48 48 46
48 51 32
48 53 19
48 56 7
48 57 29
48 58 16
48 59 58
48 61 0
48 62 14
48 63 41
48 64 37
48 65 20
48 66 57
48 67 50
48 68 11
48 69 54
49 0 12
49 1 6
49 5 35
49 9 61
49 10 65
49 12 4
49 15 50
49 16 54
49 17 29
49 19 15
49 20 52
49 21 16
49 22 42
49 23 28
49 26 33
49 29 46
49 30 5
49 31 53
49 33 23
49 34 47
49 36 18
49 37 0
49 39 7
49 40 38
49 41 58
49 42 63
49 43 32
49 44 8
49 46 20
49 47 45
49 49 62
49 50 44
49 52 24
49 53 60
49 54 57
49 58 2
49 61 59
49 62 10
49 67 40
50 0 9
50 2 48
50 3 50
50 7 65
50 8 64
50 12 42
50 13 25
50 14 54
50 16 45
50 18 67
50 22 61
50 24 8
50 25 36
50 27 24
50 28 34
50 30 53
50 31 55
50 32 39
50 33 4
50 35 37
50 38 33
50 39 58
50 40 21
50 41 1
50 43 7
50 44 3
50 45 69
50 46 40
50 47 16
50 48 20
50 49 30
50 50 60
50 54 0
50 55 14
50 56 52
50 58 43
50 59 49
50 60 6
50 62 2
50 63 12
51 1 31
51 2 2
51 3 17
51 4 62
51 6 5
51 8 23
51 9 34
51 11 55
51 12 6
51 13 9
51 15 48
51 18 65
51 19 24
51 24 58
51 26 44
51 27 3
51 28 32
51 30 35
51 32 29
51 33 42
51 34 57
51 36 64
51 38 45
51 40 15
51 41 67
51 42 60
51 43 27
51 45 26
51 46 4
51 47 28
51 48 19
51 50 39
51 51 47
51 52 25
51 53 8
51 54 37
51 56 18
51 58 59
51 62 43
51 63 7
51 64 20
51 65 38
51 66 21
51 67 49
51 68 14
52 0 51
52 4 67
52 5 40
52 8 27
52 9 48
52 10 4
52 12 41
52 15 49
52 19 17
52 21 21
52 22 11
52 23 13
52 26 22
52 28 24
52 29 15
52 31 31
52 33 55
52 34 32
52 35 29
52 36 52
52 38 53
52 39 45
52 40 16
52 41 46
52 42 64
52 44 36
52 46 14
52 47 42
52 48 60
52 50 38
52 51 23
52 52 63
52 53 12
52 54 7
52 56 33
52 59 50
52 60 10
52 63 20
52 64 5
52 65 3
52 66 9
52 67 62
52 69 43
53 0 5
53 1 68
53 3 42
53 4 50
53 5 45
53 6 17
53 8 2
53 9 7
53 10 37
53 12 69
53 13 23
53 14 64
53 15 58
53 17 36
53 18 12
53 19 54
53 21 20
53 22 55
53 23 6
53 24 65
53 25 28
53 26 63
53 27 8
53 29 48
53 30 26
53 33 10
53 34 61
53 35 56
53 36 39
53 37 66
53 38 38
53 39 4
53 41 18
53 45 35
53 46 34
53 47 57
53 48 33
53 51 16
53 52 13
53 53 51
53 54 29
53 55 3
53 57 0
53 58 52
53 60 44
53 61 15
53 62 21
53 66 49
53 67 19
53 69 27
54 0 56
54 1 16
54 4 14
54 6 63
54 7 23
54 8 40
54 11 48
54 12 30
54 13 10
54 14 12
54 15 20
54 16 58
54 20 19
54 22 25
54 24 50
54 25 37
54 29 9
54 30 17
54 31 67
54 32 64
54 33 57
54 37 29
54 39 59
54 44 32
54 45 60
54 46 55
54 48 11
54 49 2
54 50 51
54 51 42
54 56 43
54 57 69
54 58 35
54 59 22
54 61 44
54 62 41
54 64 33
54 65 13
54 66 15
54 67 66
55 2 51
55 4 18
55 9 54
55 10 9
55 12 17
55 13 59
55 16 5
55 17 49
55 18 48
55 19 14
55 20 33
55 22 30
55 24 4
55 25 26
55 28 47
55 29 2
55 33 22
55 35 38
55 36 35
55 39 8
55 40 65
55 41 12
55 42 21
55 44 58
55 45 29
55 46 39
55 48 31
55 49 69
55 51 6
55 53 25
55 55 45
55 56 23
55 59 53
55 60 28
55 63 32
55 64 68
55 68 20
55 69 24
56 0 27
56 1 39
56 3 68
56 5 15
56 6 6
56 7 24
56 8 28
56 10 29
56 11 56
56 12 16
56 13 34
56 15 18
56 19 35
56 20 30
56 21 5
56 22 14
56 23 50
56 25 57
56 27 22
56 28 20
56 29 13
56 30 33
56 32 44
56 34 40
56 35 36
56 36 46
56 37 25
56 38 63
56 39 52
56 40 61
56 42 62
56 46 41
56 49 26
56 50 0
56 51 31
56 52 64
56 53 11
56 56 2
56 58 58
56 59 7
56 60 12
56 61 53
56 64 59
56 68 9
57 0 24
57 2 40
57 3 49
57 4 21
57 6 65
57 7 46
57 8 38
57 9 32
57 12 45
57 13 48
57 14 19
57 16 29
57 17 64
57 18 16
57 20 55
57 21 37
57 22 66
57 23 67
57 24 6
57 25 47
57 27 13
57 28 35
57 31 3
57 32 2
57 33 7
57 36 14
57 38 30
57 42 22
57 43 28
57 46 63
57 47 11
57 48 5
57 51 1
57 54 17
57 55 10
57 56 36
57 57 20
57 58 12
57 59 44
57 60 34
57 61 27
57 62 52
57 63 50
57 64 9
57 67 41
57 68 15
57 69 26
58 0 46
58 1 42
58 2 23
58 3 52
58 4 39
58 5 63
58 7 13
58 11 22
58 12 62
58 13 4
58 15 54
58 17 61
58 18 0
58 19 18
58 20 7
58 21 60
58 22 67
58 24 55
58 25 12
58 27 40
58 28 38
58 30 45
58 32 11
58 34 31
58 36 49
58 38 20
58 40 58
58 41 14
58 43 29
58 45 17
58 47 9
58 48 44
58 51 2
58 53 21
58 56 37
58 57 48
58 58 24
58 61 10
58 62 15
58 63 51
58 64 34
58 66 65
58 67 25
59 0 67
59 1 52
59 3 44
59 4 35
59 5 17
59 6 39
59 7 58
59 8 0
59 9 59
59 11 41
59 14 2
59 17 69
59 22 31
59 23 64
59 24 25
59 25 19
59 26 53
59 27 4
59 29 28
59 30 1
59 31 47
59 32 20
59 33 51
59 34 49
59 35 3
59 36 43
59 39 23
59 40 6
59 42 15
59 44 50
59 46 24
59 47 12
59 48 57
59 49 33
59 50 21
59 51 37
59 52 60
59 56 63
59 59 66
59 60 9
59 61 11
59 63 48
59 64 54
59 65 68
59 66 7
59 69 34
60 3 5
60 4 48
60 6 9
60 7 60
60 8 41
60 9 39
60 10 31
60 14 15
60 15 33
60 16 18
60 20 12
60 23 7
60 24 24
60 28 2
60 29 42
60 30 11
60 31 45
60 32 21
60 33 37
60 35 32
60 36 29
60 38 59
60 40 53
60 41 4
60 43 61
60 51 26
60 53 40
60 54 8
60 55 13
60 56 28
60 58 17
60 60 63
60 61 43
60 64 36
60 67 46
60 69 65
61 2 26
61 5 65
61 6 55
61 8 54
61 10 18
61 13 13
61 14 24
61 16 68
61 17 43
61 18 35
61 20 62
61 21 25
61 24 61
61 28 11
61 32 51
61 34 0
61 35 63
61 40 12
61 41 59
61 43 67
61 48 37
61 50 15
61 51 48
61 57 33
61 60 29
61 61 7
61 62 31
61 63 44
61 66 34
61 67 60
61 68 69
62 0 54
62 2 61
62 6 37
62 9 24
62 11 62
62 12 10
62 13 64
62 14 53
62 16 26
62 17 32
62 19 7
62 20 23
62 21 19
62 22 6
62 23 47
62 27 43
62 28 33
62 30 63
62 32 31
62 33 20
62 34 12
62 35 13
62 38 51
62 39 55
62 43 17
62 45 0
62 46 2
62 47 48
62 48 29
62 49 35
62 50 22
62 54 41
62 56 57
62 58 39
62 60 11
62 61 3
62 62 46
62 63 4
62 64 50
62 67 28
62 68 66
62 69 68
63 1 32
63 2 66
63 6 27
63 7 44
63 8 21
63 10 28
63 11 7
63 16 38
63 18 18
63 20 13
63 21 12
63 22 34
63 23 19
63 25 15
63 26 60
63 27 36
63 31 54
63 32 17
63 33 62
63 34 26
63 35 2
63 37 9
63 38 39
63 39 25
63 41 10
63 45 14
63 46 5
63 47 59
63 49 65
63 50 20
63 51 58
63 52 47
63 53 45
63 54 69
63 55 37
63 61 68
63 63 33
63 64 0
63 65 43
63 67 3
63 68 29
64 0 38
64 1 64
64 2 52
64 4 45
64 5 28
64 7 63
64 10 40
64 11 27
64 12 37
64 13 69
64 17 51
64 18 59
64 19 58
64 20 57
64 22 68
64 25 53
64 26 20
64 30 12
64 32 36
64 33 15
64 34 67
64 35 17
64 37 26
64 39 13
64 42 10
64 43 47
64 44 9
64 45 11
64 46 3
64 47 4
64 48 22
64 49 8
64 51 44
64 52 46
64 53 30
64 55 62
64 56 41
64 57 43
64 60 35
64 63 66
64 64 14
65 0 33
65 2 12
65 6 8
65 9 56
65 10 44
65 11 30
65 13 21
65 14 20
65 15 45
65 16 40
65 17 54
65 18 62
65 19 4
65 23 43
65 24 35
65 25 46
65 27 32
65 29 25
65 30 22
65 31 42
65 34 41
65 37 24
65 39 48
65 40 47
65 41 15
65 42 38
65 43 60
65 45 50
65 47 49
65 49 23
65 51 36
65 52 27
65 53 7
65 55 68
65 56 39
65 57 2
65 58 53
65 59 0
65 60 65
65 64 58
65 65 59
65 67 63
65 68 52
66 1 24
66 2 34
66 4 41
66 5 20
66 6 10
66 7 55
66 8 9
66 9 28
66 10 3
66 11 53
66 13 17
66 14 43
66 15 29
66 16 61
66 17 65
66 19 5
66 21 6
66 22 37
66 23 66
66 26 31
66 29 27
66 31 69
66 32 13
66 33 14
66 35 59
66 36 51
66 37 40
66 41 47
66 42 23
66 44 35
66 46 46
66 47 19
66 49 64
66 50 45
66 51 52
66 53 49
66 54 42
66 56 11
66 57 18
66 58 50
66 59 15
66 61 57
66 62 4
66 67 38
66 69 48
67 0 41
67 2 13
67 4 43
67 5 66
67 6 26
67 8 46
67 10 24
67 12 61
67 13 44
67 14 6
67 19 47
67 20 10
67 21 0
67 23 11
67 24 3
67 25 5
67 26 18
67 27 16
67 29 20
67 31 60
67 32 56
67 34 29
67 35 7
67 38 28
67 39 30
67 40 34
67 41 52
67 43 48
67 45 64
67 46 27
67 47 50
67 48 67
67 50 23
67 51 49
67 52 2
67 53 32
67 54 35
67 58 69
67 59 14
67 60 37
67 63 22
67 64 51
67 66 59
67 67 1
67 68 39
67 69 63
68 1 20
68 3 23
68 4 36
68 5 64
68 6 2
68 10 32
68 11 3
68 12 66
68 14 34
68 15 37
68 16 8
68 18 17
68 19 25
68 20 24
68 21 46
68 22 47
68 23 53
68 25 48
68 26 6
68 27 69
68 29 63
68 30 56
68 31 16
68 32 30
68 33 5
68 34 54
68 35 55
68 36 21
68 39 35
68 40 27
68 41 51
68 43 33
68 44 11
68 45 12
68 46 52
68 47 31
68 48 1
68 49 43
68 51 19
68 53 41
68 54 18
68 55 7
68 56 9
68 57 67
68 59 45
68 61 50
68 62 42
68 63 38
68 64 22
68 65 40
68 66 14
68 68 68
69 0 52
69 2 58
69 3 51
69 5 8
69 8 61
69 9 29
69 13 39
69 18 66
69 19 11
69 21 17
69 22 16
69 23 45
69 29 33
69 35 14
69 37 4
69 38 41
69 39 6
69 40 28
69 41 5
69 42 43
69 43 53
69 45 46
69 46 22
69 50 32
69 51 65
69 52 59
69 53 35
69 54 47
69 55 50
69 57 64
69 59 25
69 60 42
69 61 24
69 62 12
69 65 26
69 66 0
69 67 34
69 69 40
