60
0 3 50
0 4 1
0 5 10
0 7 49
0 11 46
0 13 16
0 14 36
0 17 11
0 19 33
0 25 2
0 26 48
0 27 58
0 30 44
0 34 39
0 36 54
0 43 31
0 44 28
0 46 42
0 47 22
0 49 4
0 51 37
0 52 20
0 53 55
0 58 9
1 3 52
1 9 21
1 18 5
1 24 47
1 27 1
1 31 30
1 33 27
1 36 26
1 41 28
1 46 16
1 47 3
1 48 31
1 59 7
2 0 23
2 2 36
2 7 6
2 12 32
2 15 42
2 17 33
2 20 30
2 21 29
2 23 55
2 26 38
2 32 22
2 33 26
2 34 37
2 36 24
2 43 2
2 44 56
2 52 11
3 2 13
3 5 49
3 6 48
3 7 14
3 10 46
3 12 42
3 15 9
3 17 44
3 19 21
3 20 2
3 23 51
3 26 47
3 35 0
3 36 43
3 44 11
3 45 17
3 46 57
3 47 8
3 54 45
3 56 58
3 57 36
4 1 40
4 2 1
4 3 48
4 4 5
4 9 6
4 11 59
4 15 28
4 19 10
4 21 52
4 25 18
4 27 42
4 28 47
4 31 24
4 33 23
4 37 35
4 38 57
4 40 14
4 41 39
4 45 31
4 47 33
4 56 54
4 58 45
5 9 45
5 15 4
5 17 49
5 21 0
5 29 10
5 34 33
5 35 27
5 37 30
5 38 25
5 39 21
5 42 2
5 49 8
5 52 36
5 53 37
5 55 22
5 57 26
6 2 31
6 7 32
6 12 56
6 14 7
6 15 26
6 22 59
6 25 58
6 26 33
6 31 21
6 32 46
6 33 37
6 34 25
6 35 39
6 36 1
6 44 40
6 46 54
6 52 19
6 54 6
7 0 36
7 2 57
7 3 31
7 6 10
7 9 12
7 10 15
7 16 9
7 18 26
7 19 4
7 22 28
7 26 54
7 27 8
7 29 19
7 32 55
7 34 59
7 38 33
7 39 1
7 45 48
7 46 40
7 48 5
7 51 56
7 53 35
7 54 18
7 58 3
8 0 5
8 5 51
8 7 47
8 10 58
8 16 50
8 21 21
8 24 16
8 25 15
8 28 0
8 30 29
8 32 24
8 36 31
8 37 32
8 47 7
8 53 27
8 54 59
9 4 56
9 6 5
9 9 18
9 11 31
9 14 19
9 15 29
9 24 52
9 31 22
9 32 21
9 38 30
9 50 15
9 56 16
10 11 9
10 13 46
10 14 2
10 19 40
10 21 57
10 23 56
10 24 6
10 25 25
10 26 51
10 27 41
10 28 34
10 33 47
10 40 10
10 41 30
10 42 52
10 43 33
10 44 14
10 45 20
10 52 0
10 58 7
11 2 29
11 3 21
11 4 59
11 5 32
11 13 39
11 16 0
11 18 3
11 19 53
11 20 5
11 23 11
11 26 28
11 30 7
11 31 9
11 33 49
11 35 12
11 36 37
11 40 58
11 45 45
11 49 36
11 51 26
11 52 40
11 53 4
11 55 24
11 56 2
12 1 14
12 2 35
12 3 1
12 8 30
12 22 45
12 26 5
12 27 21
12 30 41
12 32 36
12 33 8
12 37 57
12 38 50
12 45 16
12 46 26
12 51 44
12 57 9
13 3 5
13 4 36
13 5 56
13 7 53
13 8 21
13 9 59
13 14 14
13 18 20
13 22 16
13 23 42
13 25 28
13 31 50
13 44 18
13 52 35
13 53 30
14 0 8
14 1 36
14 2 58
14 5 37
14 6 30
14 8 4
14 10 2
14 16 53
14 17 43
14 20 51
14 22 46
14 24 1
14 33 57
14 35 35
14 40 23
14 41 55
14 45 26
14 47 15
14 48 34
14 51 27
14 55 12
14 56 14
14 57 33
15 0 55
15 7 16
15 10 45
15 12 23
15 13 22
15 15 25
15 23 12
15 24 58
15 31 26
15 32 40
15 35 28
15 37 11
15 38 17
15 39 57
15 42 10
15 44 41
15 47 36
15 48 9
15 51 1
15 58 46
16 0 30
16 2 3
16 5 50
16 7 8
16 11 43
16 16 14
16 18 42
16 21 54
16 25 37
16 26 35
16 30 51
16 35 45
16 36 2
16 43 16
16 45 13
16 46 39
16 50 26
17 0 50
17 2 10
17 4 37
17 6 2
17 11 22
17 16 49
17 21 4
17 26 55
17 27 7
17 33 9
17 43 43
17 44 13
17 54 32
17 56 8
18 1 34
18 3 55
18 4 0
18 6 50
18 8 9
18 12 30
18 13 47
18 16 17
18 19 15
18 27 52
18 29 58
18 45 6
18 47 25
18 49 56
18 50 35
19 0 59
19 2 48
19 10 1
19 13 56
19 15 24
19 17 20
19 18 15
19 25 45
19 40 8
19 42 42
19 44 43
19 46 17
19 53 13
20 5 52
20 6 3
20 12 45
20 13 34
20 14 43
20 18 53
20 23 8
20 31 10
20 37 4
20 45 19
20 51 58
20 53 32
20 54 56
20 58 2
21 3 41
21 8 45
21 10 12
21 15 33
21 17 31
21 19 28
21 20 40
21 34 38
21 37 7
21 40 1
21 45 9
21 48 32
21 51 47
22 0 11
22 1 59
22 5 28
22 7 50
22 19 20
22 20 32
22 23 0
22 29 49
22 30 52
22 32 47
22 33 29
22 34 23
22 40 54
22 42 57
22 44 9
22 51 46
22 58 26
23 6 19
23 9 9
23 15 1
23 16 7
23 17 14
23 19 17
23 28 3
23 30 53
23 31 33
23 33 40
23 45 56
23 49 16
23 50 43
24 1 50
24 3 24
24 7 57
24 8 43
24 9 25
24 11 47
24 16 1
24 18 12
24 19 35
24 23 49
24 25 55
24 30 14
24 34 7
24 35 8
24 38 36
24 39 11
24 41 9
24 45 51
24 46 21
24 47 34
24 49 46
24 57 52
25 7 56
25 8 25
25 12 59
25 13 33
25 14 55
25 16 36
25 18 52
25 20 35
25 25 41
25 26 44
25 27 54
25 29 17
25 31 28
25 36 19
25 37 50
25 41 3
25 43 20
25 45 0
25 55 57
26 2 28
26 7 43
26 9 27
26 15 32
26 17 56
26 19 34
26 25 19
26 26 13
26 31 4
26 35 40
26 36 0
26 39 10
26 44 46
26 45 12
26 52 25
26 54 29
26 58 18
26 59 42
27 0 53
27 3 16
27 9 49
27 22 19
27 23 22
27 24 55
27 28 20
27 30 39
27 32 8
27 36 29
27 38 27
27 39 56
27 40 52
27 41 36
27 45 35
27 49 51
27 53 54
27 55 6
27 57 1
28 2 0
28 3 38
28 5 13
28 7 9
28 10 10
28 13 51
28 14 21
28 23 43
28 30 28
28 37 47
28 42 23
28 43 52
28 44 42
28 50 22
28 52 30
28 55 58
29 7 21
29 10 44
29 14 39
29 16 42
29 19 14
29 21 6
29 22 43
29 24 9
29 25 11
29 28 52
29 30 10
29 32 32
29 38 5
29 39 36
29 41 20
29 42 35
29 47 24
29 50 4
29 52 45
29 55 55
29 59 47
30 0 27
30 7 18
30 11 35
30 13 14
30 15 22
30 16 10
30 17 47
30 18 45
30 21 39
30 23 50
30 28 57
30 30 55
30 31 43
30 33 21
30 43 54
30 56 5
30 57 42
31 0 40
31 2 46
31 6 55
31 13 19
31 16 28
31 20 9
31 21 50
31 30 43
31 32 49
31 35 17
31 36 22
31 50 56
32 5 34
32 6 12
32 7 40
32 9 42
32 19 5
32 27 0
32 29 30
32 37 23
32 40 27
32 42 31
32 43 3
32 44 36
32 45 24
32 46 18
32 47 46
32 58 48
33 0 4
33 1 43
33 6 7
33 7 17
33 9 16
33 12 55
33 14 56
33 18 18
33 26 1
33 28 8
33 31 3
33 36 9
33 37 27
33 41 35
33 49 53
33 50 46
33 56 33
34 0 47
34 1 37
34 3 33
34 18 6
34 19 18
34 20 38
34 30 48
34 39 27
34 40 44
34 41 24
34 43 51
34 55 54
34 58 10
35 0 51
35 5 29
35 6 36
35 12 0
35 16 12
35 21 46
35 27 44
35 29 53
35 34 34
35 35 38
35 37 3
35 47 37
35 49 10
35 52 18
36 0 25
36 2 19
36 8 7
36 9 52
36 17 55
36 21 28
36 29 41
36 30 49
36 33 10
36 40 24
36 43 26
36 45 11
36 51 39
36 52 48
36 53 51
36 58 36
36 59 45
37 3 43
37 5 54
37 8 0
37 12 2
37 15 17
37 16 15
37 21 23
37 29 8
37 31 55
37 32 27
37 33 58
37 37 56
37 39 38
37 40 42
37 42 4
37 44 45
37 45 1
37 49 47
37 52 31
37 55 9
37 57 30
38 0 45
38 6 21
38 9 44
38 12 12
38 13 29
38 14 53
38 17 15
38 19 57
38 20 43
38 25 13
38 27 39
38 34 0
38 36 16
38 39 58
38 40 59
38 42 20
38 46 24
38 48 18
38 49 2
38 53 49
38 55 14
38 56 32
38 57 28
38 59 51
39 1 53
39 3 37
39 8 50
39 10 5
39 17 27
39 20 12
39 21 20
39 22 48
39 27 31
39 31 6
39 34 30
39 36 10
39 37 19
39 38 46
39 41 54
39 43 34
39 45 33
39 46 14
39 47 9
39 57 45
40 1 24
40 2 14
40 5 4
40 12 10
40 21 47
40 25 33
40 26 22
40 27 36
40 28 49
40 29 35
40 31 53
40 36 11
40 38 0
40 39 17
40 41 43
40 43 50
40 45 2
40 48 25
40 49 9
40 55 29
40 58 19
40 59 1
41 6 11
41 7 52
41 8 59
41 12 47
41 13 58
41 14 33
41 19 27
41 20 50
41 23 35
41 26 15
41 28 41
41 30 36
41 37 29
41 38 49
41 40 25
41 42 6
41 46 53
41 49 42
41 50 37
41 52 43
41 54 12
41 59 57
42 0 58
42 1 56
42 4 48
42 8 11
42 9 2
42 10 47
42 11 13
42 14 1
42 17 26
42 25 24
42 29 9
42 30 33
42 34 31
42 38 54
42 40 16
42 41 51
42 44 35
42 49 38
42 51 21
42 52 5
42 57 6
43 0 13
43 13 17
43 20 18
43 21 12
43 27 35
43 29 45
43 31 8
43 35 37
43 38 20
43 39 50
43 45 38
43 47 40
43 49 15
43 50 42
43 54 10
44 0 52
44 2 25
44 3 0
44 9 15
44 17 7
44 18 32
44 25 31
44 26 19
44 27 24
44 28 43
44 30 16
44 38 12
44 39 22
44 56 49
44 57 17
44 58 39
45 0 21
45 5 17
45 6 41
45 9 4
45 19 43
45 31 37
45 40 56
45 42 51
45 43 58
45 44 3
45 45 18
45 58 55
46 1 49
46 2 21
46 5 26
46 7 42
46 8 33
46 9 7
46 13 35
46 16 55
46 18 2
46 19 58
46 27 46
46 36 6
46 37 15
46 39 40
46 40 37
46 48 51
46 50 52
47 0 46
47 4 29
47 7 2
47 10 36
47 11 16
47 18 1
47 19 25
47 22 15
47 29 34
47 32 3
47 33 5
47 44 24
47 54 30
47 58 37
48 0 48
48 1 0
48 2 51
48 3 8
48 7 23
48 14 41
48 20 36
48 25 22
48 28 24
48 29 28
48 30 9
48 31 7
48 33 20
48 35 1
48 39 26
48 41 40
48 42 18
48 44 55
48 47 38
48 48 47
48 49 29
48 50 10
48 56 17
49 0 56
49 2 26
49 9 51
49 11 4
49 13 30
49 17 37
49 18 54
49 25 44
49 28 16
49 30 47
49 36 57
49 44 1
49 52 58
49 54 20
49 55 35
50 5 45
50 9 29
50 10 7
50 11 36
50 14 42
50 18 50
50 19 38
50 24 8
50 25 39
50 27 2
50 28 55
50 31 11
50 38 56
50 42 0
50 45 25
50 47 53
50 52 59
50 54 51
50 55 21
50 57 46
50 58 47
51 3 4
51 6 51
51 8 48
51 13 44
51 15 52
51 25 9
51 27 55
51 30 21
51 32 1
51 34 16
51 36 35
51 38 47
51 39 24
51 42 30
51 49 0
51 51 41
51 59 6
52 2 7
52 4 22
52 5 25
52 6 32
52 10 33
52 14 12
52 17 50
52 19 48
52 20 29
52 21 3
52 24 20
52 29 43
52 31 52
52 32 9
52 34 51
52 36 40
52 43 38
52 45 10
52 47 59
52 56 37
52 57 53
52 59 18
53 7 59
53 13 28
53 14 52
53 16 22
53 17 51
53 19 1
53 20 54
53 23 13
53 25 8
53 27 34
53 31 27
53 33 53
53 39 29
53 40 12
53 41 11
53 44 25
53 48 37
53 54 24
54 1 20
54 5 38
54 7 25
54 10 34
54 12 40
54 18 57
54 20 14
54 24 51
54 28 33
54 31 44
54 32 15
54 33 2
54 39 35
54 44 21
54 45 43
54 50 24
54 58 8
55 4 12
55 5 8
55 9 48
55 11 20
55 16 39
55 18 29
55 19 52
55 21 37
55 25 0
55 28 2
55 29 11
55 32 54
55 33 17
55 34 15
55 38 21
55 39 32
55 40 18
55 41 33
55 44 47
55 47 14
55 52 13
55 53 57
55 56 9
55 57 49
55 59 3
56 1 9
56 7 30
56 10 57
56 11 27
56 12 28
56 15 56
56 21 13
56 25 53
56 27 14
56 28 45
56 31 17
56 35 23
56 45 39
56 48 0
56 49 44
56 50 41
56 54 43
57 1 13
57 6 43
57 7 51
57 9 54
57 10 37
57 11 17
57 14 15
57 18 56
57 20 24
57 24 23
57 25 27
57 26 52
57 27 28
57 28 22
57 38 29
57 40 31
57 43 25
57 45 47
57 46 6
57 48 30
57 49 45
57 50 38
57 51 4
57 54 58
57 57 59
57 58 32
58 4 34
58 7 26
58 19 0
58 20 4
58 25 7
58 28 5
58 33 12
58 36 50
58 39 19
58 44 54
58 45 27
58 46 47
58 49 25
58 51 57
58 54 23
58 56 56
59 0 12
59 2 55
59 7 46
59 17 52
59 18 28
59 20 56
59 21 40
59 22 53
59 34 47
59 36 36
59 42 13
59 43 39
59 44 22
59 46 30
59 47 20
59 52 17
59 53 23
59 54 49
59 55 4
59 57 51
59 58 24
