60
0 2 16
0 4 12
0 5 13
0 8 3
0 9 11
0 12 43
0 13 26
0 15 9
0 20 35
0 21 28
0 22 45
0 23 37
0 24 49
0 27 27
0 28 42
0 31 22
0 34 25
0 41 23
0 44 40
0 45 32
0 47 1
0 48 56
0 49 24
0 52 2
0 53 41
0 54 30
0 57 7
1 0 39
1 1 36
1 2 51
1 6 57
1 7 15
1 9 8
1 11 49
1 14 4
1 19 0
1 20 2
1 24 28
1 25 58
1 33 54
1 35 43
1 36 52
1 38 48
1 42 59
1 43 42
1 46 6
1 48 40
1 49 44
1 50 35
1 54 17
1 56 19
1 57 31
1 59 18
2 0 49
2 3 42
2 4 58
2 5 23
2 8 57
2 9 52
2 10 45
2 12 0
2 13 43
2 14 21
2 18 40
2 19 22
2 20 17
2 23 9
2 24 33
2 25 54
2 26 59
2 27 35
2 29 25
2 31 36
2 32 37
2 33 14
2 34 38
2 37 12
2 39 30
2 41 47
2 44 31
2 45 2
2 49 8
2 50 53
2 54 18
2 56 5
2 57 34
3 0 40
3 1 6
3 4 11
3 5 16
3 6 47
3 7 48
3 8 37
3 9 54
3 10 21
3 11 4
3 12 28
3 13 13
3 14 57
3 17 41
3 18 10
3 20 53
3 24 44
3 25 24
3 27 51
3 30 2
3 31 33
3 32 8
3 36 18
3 38 42
3 41 38
3 42 3
3 43 9
3 45 45
3 46 0
3 51 36
3 52 52
3 55 5
3 57 19
3 59 29
4 1 41
4 3 30
4 4 14
4 9 37
4 11 27
4 12 46
4 14 52
4 15 29
4 16 57
4 17 55
4 24 20
4 25 40
4 26 4
4 27 15
4 28 35
4 29 24
4 30 43
4 31 51
4 33 25
4 35 12
4 36 26
4 37 3
4 40 48
4 41 19
4 43 36
4 44 58
4 45 17
4 49 39
4 51 34
4 53 21
4 54 6
4 55 53
4 57 42
4 58 32
5 1 56
5 2 17
5 3 19
5 6 53
5 7 1
5 9 25
5 11 9
5 12 5
5 17 36
5 20 27
5 23 48
5 24 52
5 29 21
5 30 29
5 34 47
5 36 4
5 37 43
5 43 28
5 44 15
5 46 3
5 47 30
5 48 38
5 49 18
5 50 13
5 52 39
5 53 24
5 56 35
5 58 46
5 59 37
6 0 31
6 1 9
6 7 36
6 10 26
6 11 53
6 16 19
6 18 29
6 19 33
6 21 3
6 22 5
6 30 10
6 33 20
6 34 30
6 35 4
6 36 43
6 37 40
6 38 58
6 40 54
6 41 42
6 42 46
6 43 18
6 47 52
6 50 15
6 52 0
6 56 14
6 58 23
6 59 27
7 2 5
7 5 52
7 6 14
7 7 20
7 11 38
7 13 18
7 14 26
7 15 54
7 19 43
7 20 57
7 21 13
7 22 35
7 24 48
7 29 7
7 31 19
7 35 36
7 42 29
7 44 12
7 45 58
7 47 53
7 51 49
7 52 23
7 53 55
8 2 33
8 4 2
8 6 7
8 7 40
8 8 0
8 10 23
8 13 36
8 14 38
8 15 42
8 18 41
8 19 35
8 20 55
8 21 26
8 23 58
8 25 13
8 27 12
8 28 50
8 29 39
8 31 43
8 32 15
8 34 27
8 38 49
8 40 37
8 41 32
8 42 9
8 45 48
8 47 16
8 48 46
8 50 57
8 51 44
8 53 14
8 58 11
8 59 6
9 1 58
9 3 56
9 4 30
9 6 13
9 8 35
9 11 45
9 16 46
9 20 22
9 22 50
9 24 36
9 27 7
9 30 4
9 31 8
9 32 27
9 34 31
9 35 29
9 36 14
9 38 21
9 39 40
9 41 59
9 44 48
9 45 1
9 47 49
9 49 2
9 56 15
9 57 41
9 59 9
10 0 20
10 2 31
10 3 17
10 5 18
10 8 48
10 9 9
10 10 16
10 13 59
10 14 43
10 15 26
10 16 32
10 18 30
10 19 28
10 20 50
10 21 27
10 22 49
10 23 5
10 25 34
10 26 47
10 27 13
10 28 8
10 30 23
10 31 11
10 32 42
10 34 51
10 39 29
10 41 54
10 42 19
10 44 25
10 45 6
10 46 21
10 51 1
10 52 10
10 54 44
10 56 38
11 2 45
11 3 54
11 5 48
11 6 17
11 7 35
11 8 49
11 16 26
11 19 6
11 20 41
11 24 37
11 25 12
11 26 53
11 27 52
11 28 16
11 30 33
11 32 23
11 33 44
11 34 46
11 36 5
11 39 31
11 42 27
11 44 28
11 46 22
11 47 2
11 48 50
11 52 11
11 53 58
11 54 14
11 55 15
11 56 18
11 57 40
11 58 13
11 59 20
12 0 37
12 2 57
12 3 58
12 9 59
12 10 56
12 13 54
12 14 48
12 19 52
12 23 41
12 25 50
12 26 40
12 27 23
12 33 21
12 34 0
12 36 10
12 38 47
12 40 5
12 41 28
12 42 13
12 46 46
12 47 7
12 48 33
12 49 17
12 55 36
12 56 51
12 57 38
12 59 22
13 0 21
13 2 6
13 6 41
13 7 14
13 9 19
13 10 4
13 12 2
13 14 24
13 18 47
13 20 31
13 21 55
13 24 17
13 26 7
13 31 48
13 32 26
13 35 53
13 36 3
13 37 28
13 40 11
13 41 22
13 46 33
13 48 16
13 49 35
13 52 25
13 55 30
13 56 29
13 57 57
14 0 36
14 1 44
14 2 47
14 3 23
14 6 9
14 10 20
14 11 6
14 12 27
14 16 21
14 18 57
14 19 31
14 20 40
14 22 29
14 24 55
14 25 11
14 28 4
14 29 33
14 30 35
14 32 54
14 35 58
14 39 53
14 40 56
14 42 39
14 43 5
14 48 30
14 51 48
14 52 15
14 55 3
14 58 16
14 59 51
15 0 16
15 3 32
15 6 25
15 8 52
15 11 56
15 12 12
15 13 11
15 15 27
15 16 18
15 19 2
15 20 9
15 23 13
15 24 57
15 25 30
15 26 41
15 28 0
15 29 54
15 30 14
15 32 24
15 36 15
15 37 51
15 38 23
15 39 36
15 41 49
15 43 1
15 50 48
15 51 46
15 57 4
16 1 59
16 2 24
16 6 19
16 13 42
16 14 0
16 16 55
16 17 48
16 19 26
16 21 41
16 24 40
16 27 10
16 28 56
16 31 58
16 34 54
16 36 9
16 37 49
16 38 8
16 39 3
16 43 20
16 44 57
16 45 35
16 46 34
16 47 27
16 51 43
16 52 5
16 56 16
16 59 39
17 1 40
17 2 14
17 4 16
17 5 4
17 8 2
17 9 24
17 10 43
17 11 10
17 18 48
17 19 36
17 23 19
17 27 38
17 29 56
17 30 46
17 34 39
17 37 30
17 39 22
17 40 28
17 41 26
17 42 53
17 45 51
17 46 35
17 48 21
17 52 50
17 53 15
17 54 31
17 55 54
17 56 59
17 58 34
17 59 32
18 0 50
18 2 48
18 3 6
18 4 44
18 6 39
18 9 22
18 10 54
18 12 37
18 13 21
18 14 9
18 19 49
18 21 12
18 22 17
18 23 10
18 25 26
18 26 46
18 29 47
18 30 16
18 33 29
18 34 41
18 35 15
18 36 35
18 37 1
18 38 32
18 39 2
18 40 7
18 42 25
18 43 55
18 47 33
18 52 24
18 53 28
18 54 23
18 56 20
18 58 59
18 59 34
19 2 8
19 3 36
19 9 32
19 10 41
19 12 23
19 14 6
19 16 12
19 17 21
19 20 13
19 22 4
19 23 20
19 25 7
19 26 24
19 28 47
19 29 1
19 31 50
19 32 18
19 34 48
19 35 59
19 36 11
19 38 10
19 39 58
19 40 49
19 43 34
19 45 5
19 46 15
19 47 31
19 48 25
19 50 27
19 51 0
19 52 54
19 56 30
19 57 17
19 58 38
20 0 44
20 2 58
20 3 13
20 5 37
20 6 30
20 7 41
20 9 10
20 12 3
20 13 33
20 15 40
20 17 22
20 18 21
20 20 38
20 21 15
20 23 17
20 26 45
20 27 0
20 29 35
20 31 31
20 33 34
20 34 9
20 35 6
20 36 51
20 38 36
20 40 26
20 41 48
20 42 50
20 43 16
20 45 4
20 46 19
20 50 56
20 54 47
21 3 4
21 4 7
21 6 48
21 7 43
21 9 3
21 14 42
21 15 25
21 16 22
21 23 11
21 24 10
21 27 1
21 28 13
21 30 30
21 31 14
21 32 50
21 33 51
21 35 8
21 47 34
21 48 44
21 50 29
21 59 33
22 0 14
22 1 22
22 2 49
22 3 55
22 5 6
22 6 37
22 7 16
22 8 59
22 9 0
22 17 4
22 18 11
22 21 34
22 22 32
22 23 2
22 24 18
22 25 39
22 26 3
22 27 21
22 28 45
22 29 52
22 31 12
22 32 46
22 33 9
22 38 26
22 40 15
22 41 41
22 45 28
22 46 48
22 47 5
22 48 27
22 49 1
22 50 38
22 52 58
22 53 35
22 54 57
22 56 42
22 58 53
23 2 34
23 3 33
23 5 31
23 6 42
23 7 29
23 8 23
23 12 15
23 17 10
23 18 2
23 19 19
23 21 38
23 22 30
23 25 56
23 26 9
23 27 49
23 28 55
23 30 39
23 32 14
23 36 21
23 37 4
23 39 16
23 43 11
23 45 3
23 50 22
23 52 37
23 55 52
23 58 8
23 59 46
24 0 46
24 2 52
24 5 5
24 6 50
24 7 34
24 8 6
24 9 1
24 11 15
24 12 58
24 13 12
24 14 41
24 16 20
24 17 38
24 18 9
24 20 14
24 24 56
24 25 3
24 26 16
24 27 4
24 29 28
24 30 27
24 31 45
24 32 17
24 33 48
24 34 13
24 36 7
24 38 53
24 39 43
24 41 55
24 42 51
24 44 10
24 45 30
24 50 40
24 51 42
24 52 29
24 53 32
24 54 19
24 55 26
24 56 21
24 58 44
24 59 25
25 1 34
25 3 53
25 4 32
25 6 33
25 8 54
25 9 31
25 20 26
25 26 5
25 27 58
25 28 11
25 29 48
25 30 37
25 31 13
25 32 38
25 34 35
25 35 40
25 38 29
25 41 20
25 42 41
25 43 30
25 45 14
25 46 12
25 47 36
25 48 24
25 49 55
25 50 59
25 56 8
25 57 43
26 0 56
26 1 17
26 2 23
26 4 26
26 5 29
26 10 37
26 11 31
26 12 57
26 14 58
26 15 45
26 17 52
26 18 53
26 20 20
26 22 34
26 25 14
26 26 35
26 30 40
26 31 16
26 32 1
26 33 13
26 34 55
26 36 48
26 40 9
26 41 15
26 47 19
26 48 12
26 50 36
26 51 30
26 54 22
26 57 47
26 58 21
27 0 13
27 2 7
27 4 28
27 5 47
27 6 51
27 7 8
27 9 2
27 11 59
27 12 17
27 14 39
27 17 14
27 20 16
27 21 36
27 25 25
27 26 23
27 27 54
27 29 5
27 36 6
27 37 48
27 39 41
27 44 53
27 45 20
27 47 57
27 48 32
27 50 49
27 51 35
27 52 26
27 54 12
27 55 27
27 59 30
28 0 5
28 2 9
28 4 13
28 5 38
28 6 49
28 10 12
28 14 18
28 16 33
28 18 7
28 19 50
28 20 36
28 24 35
28 25 44
28 26 58
28 27 22
28 28 46
28 30 56
28 32 29
28 33 3
28 34 11
28 36 32
28 40 4
28 41 10
28 44 30
28 45 52
28 46 28
28 47 20
28 48 6
28 49 14
28 51 45
28 53 8
28 55 42
28 58 24
29 1 37
29 4 31
29 5 25
29 6 44
29 11 47
29 12 49
29 13 28
29 16 56
29 17 32
29 18 54
29 20 46
29 21 50
29 23 8
29 24 11
29 25 6
29 26 43
29 28 59
29 31 21
29 32 9
29 33 36
29 34 5
29 35 19
29 39 4
29 40 14
29 42 45
29 44 38
29 49 30
29 50 42
29 51 17
29 52 41
29 54 52
29 55 39
30 0 6
30 2 25
30 4 39
30 5 50
30 6 20
30 11 30
30 12 1
30 15 5
30 18 27
30 21 35
30 22 47
30 25 16
30 26 55
30 32 2
30 33 57
30 35 54
30 36 38
30 38 44
30 40 13
30 41 33
30 42 32
30 45 23
30 46 8
30 47 58
30 48 48
30 49 4
30 51 41
30 52 42
30 53 31
30 54 0
30 55 29
30 56 43
30 58 26
31 0 27
31 1 25
31 3 34
31 6 56
31 7 26
31 8 46
31 9 47
31 10 39
31 11 28
31 13 14
31 14 37
31 19 48
31 24 19
31 31 5
31 32 20
31 33 52
31 36 50
31 40 22
31 44 13
31 50 10
31 51 4
31 52 53
31 54 58
31 59 57
32 0 57
32 1 35
32 2 22
32 6 43
32 7 21
32 12 50
32 13 51
32 14 7
32 17 23
32 20 4
32 23 25
32 25 33
32 27 32
32 30 19
32 31 2
32 32 31
32 33 30
32 34 37
32 35 27
32 36 45
32 37 52
32 38 28
32 40 29
32 41 16
32 43 56
32 46 47
32 49 53
32 53 13
32 54 59
32 55 44
33 0 34
33 1 47
33 3 49
33 6 28
33 7 18
33 8 16
33 10 42
33 12 39
33 14 35
33 16 1
33 17 6
33 18 36
33 19 56
33 20 23
33 21 11
33 23 30
33 24 58
33 25 43
33 26 14
33 28 7
33 32 55
33 33 27
33 34 33
33 35 52
33 36 41
33 37 13
33 39 57
33 40 19
33 42 44
33 43 22
33 45 21
33 47 12
33 48 45
33 49 26
33 50 2
33 52 9
33 53 53
33 54 50
33 57 51
33 58 20
34 0 4
34 5 41
34 8 30
34 9 38
34 11 13
34 13 49
34 14 27
34 15 12
34 17 58
34 20 24
34 23 44
34 28 22
34 29 15
34 30 20
34 31 28
34 32 5
34 33 7
34 34 16
34 35 45
34 41 36
34 42 35
34 43 21
34 47 3
34 48 53
34 50 33
34 51 50
34 54 9
34 55 43
34 58 56
35 1 57
35 5 15
35 6 29
35 9 7
35 10 38
35 11 33
35 15 30
35 16 47
35 18 19
35 19 10
35 21 46
35 23 42
35 24 14
35 27 44
35 28 40
35 31 23
35 32 0
35 33 17
35 35 2
35 37 56
35 39 13
35 44 49
35 45 25
35 46 18
35 48 52
35 51 16
35 54 32
35 55 34
35 58 36
36 2 1
36 4 20
36 5 30
36 11 40
36 13 35
36 16 43
36 17 15
36 20 59
36 21 0
36 22 11
36 26 12
36 27 57
36 28 32
36 30 42
36 32 52
36 33 2
36 34 4
36 35 25
36 36 17
36 38 38
36 41 44
36 46 37
36 47 24
36 49 13
36 53 48
36 56 27
36 59 23
37 0 7
37 1 0
37 3 2
37 4 51
37 5 33
37 6 38
37 14 22
37 15 50
37 16 39
37 17 57
37 21 58
37 23 45
37 24 43
37 25 1
37 26 26
37 27 11
37 28 5
37 29 32
37 31 41
37 32 34
37 34 24
37 35 46
37 37 17
37 38 30
37 40 44
37 42 47
37 43 14
37 47 4
37 51 15
37 53 9
37 56 40
37 57 59
37 58 3
37 59 48
38 5 56
38 7 30
38 10 14
38 13 16
38 15 23
38 17 11
38 18 32
38 22 6
38 26 34
38 27 53
38 28 21
38 29 58
38 31 27
38 35 5
38 36 28
38 37 37
38 39 9
38 41 46
38 42 31
38 46 26
38 47 25
38 48 57
38 51 8
38 53 59
38 56 12
38 59 4
39 0 3
39 1 46
39 3 7
39 5 36
39 6 4
39 13 20
39 16 53
39 17 26
39 19 37
39 23 34
39 25 49
39 26 10
39 28 2
39 29 23
39 30 24
39 33 31
39 35 28
39 40 27
39 42 40
39 43 47
39 45 0
39 46 57
39 47 15
39 48 39
39 49 52
39 50 50
39 51 14
39 54 5
39 56 22
39 59 59
40 5 2
40 6 54
40 7 51
40 8 41
40 11 0
40 12 11
40 14 17
40 15 16
40 17 27
40 20 5
40 21 32
40 22 33
40 23 53
40 25 35
40 28 28
40 33 19
40 34 12
40 35 30
40 46 7
40 48 9
40 49 58
40 54 39
40 56 56
41 0 32
41 1 4
41 4 23
41 5 40
41 7 0
41 9 34
41 13 30
41 14 36
41 18 58
41 20 10
41 21 51
41 22 22
41 25 29
41 26 15
41 28 25
41 30 26
41 31 39
41 32 35
41 33 8
41 36 24
41 38 20
41 44 59
41 45 16
41 46 45
41 47 6
41 52 57
41 54 13
41 55 38
41 56 41
41 59 50
42 1 7
42 2 36
42 3 20
42 4 46
42 5 53
42 11 14
42 13 4
42 15 31
42 18 45
42 20 11
42 24 1
42 25 42
42 26 19
42 29 6
42 32 49
42 33 40
42 35 16
42 39 24
42 40 38
42 41 0
42 42 23
42 45 10
42 53 17
42 55 50
42 57 22
42 58 28
42 59 47
43 2 10
43 5 39
43 8 24
43 9 41
43 10 34
43 11 25
43 14 2
43 15 13
43 16 23
43 17 7
43 18 42
43 19 4
43 20 47
43 22 8
43 23 29
43 25 28
43 27 45
43 29 18
43 31 46
43 35 3
43 38 27
43 39 12
43 40 32
43 41 53
43 44 5
43 45 54
43 47 43
43 48 36
43 49 49
43 52 44
43 53 16
43 54 1
43 55 40
43 57 21
43 58 37
43 59 35
44 0 25
44 1 24
44 2 29
44 4 56
44 5 12
44 6 36
44 8 18
44 9 55
44 12 6
44 13 19
44 17 43
44 21 45
44 22 9
44 25 5
44 26 17
44 27 59
44 28 58
44 29 14
44 38 37
44 39 50
44 40 39
44 41 40
44 47 0
44 48 2
44 49 46
44 51 31
44 52 22
44 53 23
44 54 51
44 56 49
45 2 38
45 4 27
45 8 9
45 9 42
45 11 5
45 14 14
45 16 45
45 21 37
45 22 55
45 25 32
45 32 53
45 33 33
45 35 21
45 36 54
45 44 36
45 45 44
45 47 28
45 48 47
45 54 35
45 57 0
45 58 15
46 0 42
46 4 33
46 7 5
46 8 47
46 11 54
46 14 16
46 16 9
46 17 28
46 19 30
46 23 56
46 26 50
46 31 18
46 32 36
46 34 1
46 35 32
46 36 29
46 37 41
46 38 0
46 41 3
46 43 52
46 45 26
46 46 25
46 48 22
46 57 27
46 58 6
46 59 7
47 6 40
47 7 24
47 8 31
47 10 47
47 11 21
47 14 15
47 15 1
47 17 5
47 18 23
47 19 9
47 22 0
47 23 52
47 24 45
47 25 17
47 27 14
47 28 38
47 29 36
47 31 53
47 32 16
47 35 51
47 37 25
47 38 35
47 39 55
47 41 43
47 42 26
47 45 22
47 47 59
47 48 41
47 51 28
47 52 18
47 54 4
47 57 20
48 3 45
48 4 1
48 5 59
48 6 23
48 12 35
48 13 5
48 15 18
48 18 43
48 20 15
48 22 13
48 23 3
48 24 0
48 26 25
48 27 16
48 29 31
48 31 54
48 34 21
48 35 47
48 36 40
48 37 42
48 39 26
48 40 57
48 41 37
48 43 12
48 45 55
48 47 22
48 48 17
48 51 24
48 53 36
48 55 14
48 57 39
48 58 49
48 59 38
49 1 8
49 3 11
49 6 58
49 10 52
49 12 38
49 13 17
49 15 21
49 17 29
49 20 34
49 21 4
49 22 37
49 23 55
49 24 7
49 25 31
49 27 30
49 28 24
49 30 9
49 31 32
49 32 25
49 36 42
49 38 39
49 43 43
49 45 18
49 47 50
49 49 22
49 50 12
49 51 56
49 52 28
49 57 6
49 58 57
49 59 1
50 2 32
50 3 51
50 4 55
50 5 20
50 6 21
50 11 41
50 13 52
50 16 50
50 18 22
50 19 15
50 20 3
50 21 49
50 23 28
50 27 25
50 28 23
50 33 47
50 35 48
50 37 7
50 38 40
50 39 46
50 42 5
50 43 27
50 47 44
50 49 56
50 50 30
50 56 26
50 58 2
50 59 58
51 1 3
51 4 40
51 5 32
51 7 28
51 8 25
51 9 15
51 12 18
51 16 2
51 17 39
51 18 49
51 20 21
51 21 53
51 24 30
51 27 17
51 31 26
51 34 57
51 35 24
51 36 23
51 38 5
51 42 20
51 43 54
51 45 56
51 52 27
51 53 4
51 54 11
51 57 13
51 58 48
51 59 14
52 0 10
52 2 4
52 3 57
52 4 15
52 7 3
52 13 32
52 14 59
52 15 17
52 16 13
52 20 25
52 21 5
52 22 46
52 23 14
52 24 47
52 25 38
52 27 36
52 35 33
52 37 26
52 38 34
52 39 52
52 43 44
52 45 19
52 49 16
52 50 37
52 51 55
52 58 22
53 3 8
53 6 22
53 8 32
53 9 13
53 10 10
53 11 34
53 12 45
53 14 25
53 18 28
53 19 24
53 20 54
53 22 12
53 23 38
53 24 5
53 26 36
53 27 55
53 29 9
53 32 44
53 33 6
53 34 40
53 35 39
53 36 57
53 37 18
53 41 2
53 42 11
53 43 58
53 51 33
53 52 59
53 55 31
53 57 46
53 58 7
53 59 43
54 0 24
54 4 22
54 6 32
54 7 47
54 8 14
54 9 49
54 12 51
54 15 39
54 16 29
54 17 53
54 19 55
54 20 37
54 22 48
54 23 54
54 25 18
54 26 11
54 28 36
54 31 4
54 32 59
54 33 1
54 37 20
54 40 33
54 43 17
54 44 44
54 46 43
54 47 26
54 48 10
54 50 46
54 51 52
54 52 56
54 58 27
54 59 8
55 0 45
55 1 53
55 3 35
55 4 29
55 5 46
55 6 12
55 8 5
55 9 36
55 15 56
55 17 37
55 18 14
55 23 4
55 25 27
55 36 34
55 38 1
55 39 0
55 40 25
55 41 18
55 42 17
55 44 22
55 47 38
55 49 54
55 52 6
55 56 33
55 58 19
56 1 54
56 5 24
56 7 7
56 10 22
56 11 39
56 15 37
56 16 4
56 18 51
56 19 16
56 20 30
56 22 15
56 25 0
56 27 34
56 30 21
56 31 25
56 33 38
56 35 26
56 37 55
56 38 52
56 39 27
56 40 43
56 43 57
56 44 33
56 45 40
56 46 23
56 47 56
56 49 20
56 51 13
56 52 47
56 54 46
56 55 28
56 56 45
56 57 9
56 59 10
57 0 38
57 1 12
57 2 0
57 3 27
57 4 10
57 8 55
57 9 28
57 15 51
57 16 54
57 17 19
57 20 18
57 22 41
57 24 15
57 25 36
57 26 48
57 27 29
57 30 47
57 36 20
57 37 50
57 40 31
57 41 30
57 44 43
57 45 9
57 46 40
57 47 23
57 48 11
57 49 25
57 51 32
57 52 3
57 53 39
57 55 4
57 56 58
57 57 33
57 59 49
58 0 19
58 3 48
58 4 47
58 5 14
58 6 0
58 8 10
58 10 9
58 12 20
58 17 30
58 18 33
58 19 54
58 21 22
58 24 59
58 25 37
58 26 8
58 27 26
58 28 1
58 30 38
58 31 29
58 39 25
58 41 17
58 45 12
58 48 15
58 50 31
58 52 51
58 53 49
58 56 53
58 57 16
58 58 41
59 0 28
59 4 45
59 6 11
59 10 36
59 12 26
59 14 51
59 17 34
59 20 0
59 23 18
59 24 23
59 25 41
59 26 57
59 27 48
59 28 54
59 30 5
59 31 55
59 36 2
59 37 15
59 47 47
59 48 37
59 49 33
59 51 12
59 52 13
59 53 40
59 54 38
59 55 9
59 56 1
59 57 53
59 59 44
