60
0 0 38
0 1 26
0 2 42
0 4 57
0 5 50
0 6 46
0 7 58
0 8 31
0 9 41
0 10 55
0 11 59
0 12 54
0 13 6
0 14 23
0 15 27
0 16 29
0 19 37
0 20 25
0 21 28
0 23 4
0 24 18
0 25 17
0 26 11
0 27 21
0 28 9
0 29 19
0 30 12
0 31 56
0 32 30
0 33 5
0 34 8
0 35 33
0 37 15
0 38 24
0 40 49
0 41 40
0 42 36
0 43 48
0 44 47
0 45 3
0 46 13
0 47 0
0 48 1
0 49 45
0 50 53
0 51 16
0 52 51
0 53 2
0 54 35
0 55 43
0 56 39
0 57 44
0 59 32
1 0 10
1 1 16
1 2 6
1 4 2
1 5 29
1 6 42
1 7 33
1 8 28
1 10 51
1 11 0
1 12 5
1 13 22
1 15 11
1 16 58
1 17 41
1 18 54
1 19 56
1 20 37
1 21 3
1 22 31
1 23 48
1 24 46
1 25 52
1 26 7
1 27 59
1 28 18
1 29 21
1 30 43
1 31 57
1 33 55
1 34 34
1 37 1
1 39 45
1 40 32
1 41 47
1 42 20
1 43 4
1 45 24
1 46 12
1 47 27
1 48 44
1 49 15
1 50 26
1 52 13
1 53 40
1 54 38
1 55 35
1 56 9
1 57 50
1 58 25
1 59 17
2 0 27
2 1 3
2 2 14
2 3 47
2 5 53
2 6 39
2 7 24
2 9 29
2 10 40
2 11 22
2 12 23
2 13 34
2 14 45
2 17 4
2 19 30
2 20 46
2 21 56
2 22 12
2 23 1
2 24 17
2 26 52
2 27 6
2 28 35
2 29 44
2 31 36
2 32 33
2 33 57
2 34 9
2 35 20
2 36 58
2 37 16
2 39 21
2 40 38
2 41 32
2 42 26
2 43 25
2 44 7
2 47 19
2 48 54
2 50 15
2 51 37
2 52 28
2 53 49
2 54 5
2 55 50
2 56 48
2 58 11
2 59 2
3 0 39
3 1 59
3 2 7
3 3 45
3 4 36
3 5 14
3 6 17
3 7 0
3 8 43
3 9 37
3 10 54
3 12 8
3 13 53
3 14 38
3 15 20
3 16 16
3 17 58
3 18 50
3 20 29
3 22 48
3 24 6
3 26 40
3 27 12
3 29 30
3 32 4
3 35 34
3 36 57
3 37 11
3 38 51
3 39 25
3 41 44
3 42 19
3 44 3
3 45 1
3 47 46
3 48 31
3 49 28
3 50 41
3 53 55
3 56 56
3 57 35
3 58 32
3 59 10
4 0 55
4 1 40
4 2 10
4 3 8
4 5 59
4 6 37
4 7 7
4 8 5
4 9 20
4 10 39
4 11 46
4 12 51
4 13 42
4 14 58
4 15 25
4 16 4
4 18 13
4 20 52
4 23 12
4 26 34
4 27 44
4 29 50
4 30 23
4 31 0
4 32 2
4 33 35
4 34 14
4 35 16
4 36 19
4 37 56
4 38 21
4 39 47
4 40 17
4 41 38
4 43 45
4 44 30
4 45 48
4 48 26
4 49 1
4 50 33
4 51 57
4 53 28
4 54 11
4 56 24
4 57 49
4 58 15
4 59 18
5 0 36
5 1 56
5 2 20
5 4 15
5 6 19
5 8 14
5 9 47
5 11 16
5 13 1
5 14 25
5 15 10
5 16 37
5 17 7
5 18 5
5 19 42
5 20 23
5 21 40
5 22 32
5 23 41
5 25 58
5 26 12
5 28 49
5 29 3
5 30 46
5 32 9
5 34 11
5 35 21
5 36 2
5 38 8
5 40 54
5 42 35
5 43 38
5 44 59
5 45 34
5 46 30
5 47 26
5 48 52
5 49 57
5 51 44
5 52 4
5 54 43
5 55 13
5 56 31
5 58 18
5 59 0
6 0 44
6 1 34
6 3 46
6 4 14
6 5 39
6 6 41
6 7 38
6 8 27
6 9 33
6 10 50
6 11 55
6 13 21
6 14 28
6 15 57
6 16 32
6 17 18
6 19 20
6 20 24
6 21 29
6 22 25
6 23 9
6 24 40
6 25 43
6 26 37
6 27 53
6 29 35
6 30 3
6 31 42
6 34 30
6 36 26
6 37 36
6 38 59
6 39 19
6 40 52
6 41 6
6 42 8
6 43 7
6 44 45
6 45 11
6 46 10
6 47 31
6 48 5
6 49 12
6 50 51
6 51 15
6 52 58
6 53 47
6 54 4
6 55 49
6 56 13
6 57 1
6 58 16
6 59 22
7 0 33
7 1 54
7 3 53
7 4 8
7 6 9
7 7 56
7 8 13
7 9 5
7 10 42
7 11 14
7 12 52
7 14 2
7 15 37
7 16 0
7 17 1
7 18 46
7 21 57
7 22 44
7 23 6
7 24 47
7 25 49
7 27 27
7 31 18
7 32 29
7 34 25
7 35 32
7 36 3
7 37 48
7 38 7
7 39 15
7 40 40
7 41 28
7 42 58
7 43 11
7 44 12
7 45 50
7 46 23
7 47 21
7 50 39
7 52 34
7 54 36
7 55 16
7 56 43
7 57 51
7 58 22
7 59 59
8 0 46
8 1 48
8 2 28
8 4 40
8 5 5
8 6 7
8 7 44
8 8 41
8 9 32
8 12 22
8 14 43
8 15 58
8 16 8
8 17 42
8 18 23
8 19 6
8 20 1
8 22 53
8 23 31
8 24 15
8 25 57
8 26 38
8 27 2
8 28 45
8 29 12
8 30 39
8 31 17
8 32 56
8 35 13
8 36 49
8 38 3
8 39 51
8 40 34
8 41 14
8 42 21
8 43 0
8 44 36
8 45 54
8 46 16
8 47 35
8 48 4
8 50 10
8 52 27
8 53 59
8 55 26
8 56 19
8 57 24
8 58 9
8 59 11
9 0 3
9 1 23
9 2 51
9 3 33
9 4 0
9 5 54
9 6 30
9 7 16
9 8 8
9 9 58
9 11 17
9 12 24
9 13 10
9 14 46
9 15 7
9 16 35
9 17 57
9 18 21
9 22 26
9 23 37
9 25 11
9 26 43
9 27 40
9 29 20
9 30 15
9 31 5
9 32 28
9 33 59
9 34 32
9 35 25
9 36 34
9 37 44
9 39 14
9 40 45
9 41 2
9 42 22
9 43 53
9 44 56
9 45 41
9 46 52
9 47 47
9 48 48
9 49 39
9 50 1
9 51 6
9 52 38
9 53 4
9 54 29
9 55 31
9 56 27
9 57 18
9 58 49
9 59 19
10 0 26
10 1 8
10 2 9
10 3 14
10 4 30
10 5 47
10 7 28
10 8 56
10 10 7
10 12 53
10 13 41
10 14 20
10 15 24
10 17 21
10 18 37
10 20 44
10 21 35
10 22 59
10 23 49
10 24 16
10 25 29
10 27 55
10 29 17
10 30 33
10 31 51
10 32 10
10 33 19
10 35 11
10 37 52
10 38 15
10 39 6
10 40 27
10 41 25
10 42 57
10 43 23
10 45 18
10 46 1
10 47 13
10 48 58
10 49 48
10 50 38
10 51 0
10 52 39
10 53 43
10 55 40
10 56 36
10 57 46
10 58 4
10 59 34
11 0 47
11 2 34
11 3 1
11 6 31
11 7 51
11 8 48
11 9 24
11 10 38
11 12 14
11 13 49
11 14 10
11 15 13
11 16 26
11 18 3
11 19 57
11 20 58
11 21 42
11 22 7
11 23 20
11 24 22
11 25 39
11 26 45
11 30 27
11 31 9
11 33 25
11 34 36
11 36 15
11 37 8
11 39 54
11 41 12
11 42 56
11 43 16
11 44 43
11 45 5
11 46 29
11 47 32
11 48 28
11 49 59
11 50 30
11 52 17
11 53 11
11 55 53
11 57 55
11 58 6
11 59 41
12 0 43
12 1 4
12 2 25
12 4 53
12 6 29
12 7 23
12 8 32
12 9 8
12 10 59
12 12 21
12 13 13
12 14 1
12 15 47
12 16 7
12 17 33
12 18 19
12 19 16
12 20 3
12 23 51
12 25 28
12 26 58
12 27 45
12 28 36
12 29 14
12 30 10
12 31 50
12 32 35
12 33 18
12 34 49
12 35 24
12 36 52
12 37 6
12 38 26
12 40 39
12 41 5
12 42 12
12 43 55
12 45 17
12 46 22
12 47 15
12 48 46
12 49 20
12 50 0
12 53 27
12 55 30
12 56 44
12 57 41
12 58 57
12 59 48
13 0 49
13 1 15
13 2 56
13 4 1
13 5 38
13 7 11
13 8 29
13 9 27
13 12 18
13 13 26
13 14 6
13 15 55
13 16 33
13 17 50
13 18 45
13 19 58
13 20 36
13 21 34
13 22 5
13 23 24
13 24 44
13 25 32
13 26 57
13 27 31
13 28 13
13 30 52
13 31 54
13 32 3
13 33 20
13 34 23
13 36 17
13 37 37
13 38 43
13 39 2
13 40 0
13 43 21
13 44 22
13 46 59
13 47 39
13 48 25
13 49 51
13 50 19
13 51 10
13 52 14
13 53 48
13 54 40
13 55 41
13 56 46
13 57 4
13 58 12
13 59 28
14 0 32
14 1 51
14 2 49
14 3 55
14 4 42
14 5 0
14 7 30
14 8 25
14 9 2
14 10 33
14 11 24
14 12 50
14 15 4
14 16 57
14 17 38
14 18 53
14 19 14
14 21 15
14 22 56
14 23 36
14 24 19
14 25 54
14 26 21
14 27 18
14 28 8
14 29 37
14 30 7
14 31 29
14 32 1
14 33 41
14 35 3
14 36 13
14 37 5
14 38 39
14 39 46
14 40 43
14 42 17
14 43 44
14 44 11
14 46 35
14 47 6
14 48 34
14 49 27
14 50 52
14 51 48
14 52 45
14 53 10
14 54 12
14 55 47
14 56 28
14 57 26
14 58 40
14 59 23
15 0 37
15 1 57
15 2 18
15 3 26
15 4 16
15 7 25
15 9 52
15 10 14
15 11 36
15 13 40
15 14 32
15 15 6
15 16 17
15 17 30
15 19 48
15 20 54
15 22 43
15 23 13
15 24 8
15 25 33
15 26 20
15 28 34
15 29 24
15 30 49
15 32 51
15 34 38
15 35 5
15 36 42
15 37 45
15 38 10
15 39 31
15 40 11
15 42 39
15 43 27
15 44 46
15 46 4
15 47 28
15 48 47
15 49 56
15 53 19
15 54 55
15 55 44
15 56 1
15 57 12
15 58 7
15 59 29
16 0 30
16 1 10
16 2 45
16 3 23
16 4 9
16 5 51
16 6 59
16 7 41
16 8 44
16 9 18
16 10 43
16 12 12
16 13 54
16 15 46
16 16 47
16 17 52
16 20 2
16 21 19
16 22 34
16 23 17
16 25 48
16 26 0
16 27 1
16 29 29
16 30 50
16 31 28
16 34 27
16 35 14
16 36 39
16 38 49
16 39 24
16 40 6
16 41 26
16 44 58
16 45 4
16 46 21
16 47 56
16 48 36
16 49 16
16 50 37
16 52 8
16 53 25
16 54 42
16 56 20
16 57 31
16 58 53
17 1 9
17 3 32
17 4 46
17 5 16
17 6 38
17 7 50
17 8 59
17 9 54
17 10 29
17 11 41
17 12 55
17 14 48
17 15 49
17 17 3
17 18 36
17 19 40
17 20 34
17 21 26
17 22 23
17 23 56
17 24 20
17 26 53
17 28 12
17 29 8
17 30 45
17 31 39
17 32 22
17 33 14
17 34 4
17 36 33
17 37 58
17 38 0
17 39 35
17 42 30
17 43 47
17 45 43
17 46 6
17 47 57
17 48 51
17 49 52
17 51 31
17 52 15
17 53 7
17 54 28
17 55 24
17 56 2
17 58 42
18 0 31
18 1 33
18 2 37
18 3 4
18 4 20
18 5 52
18 6 10
18 7 45
18 8 38
18 9 53
18 10 22
18 11 54
18 12 17
18 13 30
18 14 29
18 15 34
18 16 23
18 17 0
18 19 50
18 21 27
18 22 13
18 23 26
18 24 28
18 26 42
18 28 7
18 29 51
18 30 9
18 33 1
18 35 36
18 36 24
18 37 35
18 38 16
18 39 11
18 40 2
18 41 48
18 43 19
18 45 55
18 47 18
18 49 49
18 50 44
18 51 21
18 52 3
18 53 5
18 54 46
18 55 57
18 56 12
18 57 15
18 58 39
18 59 25
19 0 15
19 2 53
19 3 31
19 4 35
19 6 54
19 7 34
19 8 23
19 9 10
19 10 49
19 11 37
19 12 25
19 13 4
19 14 59
19 15 30
19 16 38
19 18 24
19 19 27
19 21 12
19 22 52
19 23 33
19 24 7
19 25 36
19 28 3
19 29 6
19 30 14
19 31 21
19 32 11
19 34 17
19 35 51
19 37 9
19 38 46
19 39 50
19 40 29
19 41 42
19 42 5
19 43 43
19 44 28
19 45 2
19 46 57
19 47 48
19 48 22
19 50 20
19 51 19
19 52 16
19 53 32
19 54 1
19 55 55
19 56 58
19 57 56
19 58 44
19 59 47
20 0 11
20 1 25
20 2 8
20 3 16
20 4 34
20 5 31
20 6 43
20 7 26
20 8 17
20 9 21
20 10 2
20 11 7
20 13 14
20 14 15
20 15 19
20 17 6
20 18 40
20 19 45
20 21 37
20 22 28
20 23 18
20 24 38
20 25 3
20 26 36
20 27 23
20 28 48
20 29 49
20 30 0
20 31 1
20 32 55
20 34 39
20 36 20
20 37 59
20 38 56
20 39 53
20 40 9
20 41 41
20 42 32
20 43 35
20 44 5
20 45 44
20 46 27
20 47 58
20 48 29
20 51 13
20 52 33
20 53 42
20 55 46
20 57 10
20 58 24
20 59 50
21 0 17
21 2 55
21 3 40
21 4 44
21 5 11
21 6 5
21 7 47
21 8 36
21 10 8
21 11 15
21 12 58
21 13 51
21 14 56
21 15 53
21 17 35
21 18 33
21 19 28
21 20 13
21 22 1
21 23 2
21 24 39
21 25 7
21 26 54
21 28 4
21 29 57
21 30 22
21 32 41
21 33 23
21 34 3
21 36 50
21 37 49
21 38 48
21 39 18
21 40 14
21 41 20
21 42 6
21 43 37
21 44 26
21 45 25
21 46 19
21 47 34
21 49 30
21 51 32
21 52 52
21 53 45
21 54 0
21 55 27
21 57 16
21 59 24
22 0 22
22 1 13
22 2 52
22 3 5
22 4 27
22 5 34
22 6 53
22 7 49
22 8 50
22 9 11
22 11 35
22 12 7
22 13 39
22 14 16
22 15 45
22 16 54
22 17 12
22 18 9
22 19 18
22 21 51
22 22 29
22 23 10
22 24 58
22 25 31
22 27 17
22 28 46
22 30 42
22 31 4
22 32 15
22 33 38
22 34 56
22 35 1
22 36 41
22 37 3
22 38 20
22 40 55
22 41 36
22 42 14
22 43 2
22 44 23
22 45 33
22 46 24
22 47 37
22 48 30
22 49 25
22 50 6
22 51 43
22 52 26
22 53 8
22 54 44
22 55 0
22 57 19
22 58 21
22 59 57
23 2 54
23 4 21
23 5 19
23 6 1
23 7 43
23 8 22
23 9 31
23 11 38
23 13 5
23 14 47
23 15 23
23 16 10
23 17 55
23 18 29
23 19 12
23 20 35
23 21 16
23 22 46
23 23 34
23 24 48
23 27 57
23 30 53
23 31 58
23 32 50
23 33 9
23 34 45
23 35 41
23 36 40
23 37 0
23 38 27
23 39 30
23 40 28
23 41 49
23 42 4
23 43 52
23 44 25
23 45 51
23 46 39
23 47 33
23 48 11
23 50 17
23 51 18
23 52 37
23 53 15
23 54 59
23 55 14
23 56 7
24 0 2
24 2 39
24 3 12
24 4 25
24 6 11
24 7 57
24 8 49
24 9 9
24 10 35
24 11 27
24 12 32
24 13 29
24 15 56
24 16 41
24 18 15
24 19 5
24 20 43
24 21 22
24 24 10
24 26 17
24 27 4
24 29 34
24 31 19
24 33 31
24 34 44
24 35 37
24 36 18
24 38 28
24 39 48
24 40 3
24 41 21
24 43 40
24 44 24
24 45 20
24 46 26
24 47 36
24 48 50
24 51 1
24 52 0
24 53 6
24 54 13
24 55 23
24 57 59
24 59 46
25 0 28
25 1 37
25 2 47
25 3 58
25 4 49
25 5 12
25 6 52
25 7 8
25 9 45
25 10 13
25 13 31
25 14 41
25 16 6
25 17 32
25 18 43
25 19 17
25 20 16
25 21 11
25 22 15
25 23 55
25 25 2
25 27 30
25 28 0
25 29 18
25 30 1
25 31 44
25 32 25
25 33 53
25 34 51
25 35 57
25 36 56
25 37 27
25 38 19
25 39 20
25 40 42
25 41 29
25 42 3
25 43 24
25 44 38
25 45 26
25 46 54
25 47 50
25 48 33
25 51 9
25 52 46
25 53 39
25 54 48
25 55 7
25 56 4
25 57 22
25 58 10
26 1 1
26 2 29
26 4 54
26 5 2
26 6 44
26 9 13
26 10 52
26 11 4
26 12 35
26 13 55
26 16 11
26 17 5
26 18 49
26 19 51
26 21 38
26 23 28
26 24 26
26 25 14
26 26 25
26 27 3
26 28 57
26 29 56
26 30 31
26 31 48
26 33 58
26 34 53
26 35 42
26 36 12
26 37 24
26 38 47
26 39 10
26 40 20
26 42 23
26 43 39
26 44 34
26 45 37
26 48 17
26 49 21
26 51 33
26 52 6
26 53 9
26 54 8
26 55 59
26 56 15
26 57 43
26 58 41
27 3 49
27 4 10
27 5 32
27 7 1
27 8 26
27 9 22
27 10 48
27 11 52
27 12 59
27 13 57
27 14 33
27 15 5
27 16 2
27 17 13
27 18 56
27 19 19
27 20 15
27 21 46
27 22 18
27 23 53
27 24 54
27 25 30
27 26 8
27 27 25
27 28 50
27 29 7
27 30 4
27 31 40
27 32 6
27 33 51
27 34 28
27 35 31
27 36 11
27 37 41
27 38 37
27 39 16
27 40 21
27 41 9
27 42 42
27 43 36
27 44 55
27 45 39
27 46 14
27 47 43
27 48 20
27 50 3
27 51 29
27 52 44
27 54 23
27 55 45
27 56 47
27 57 27
27 59 38
28 0 4
28 1 45
28 2 15
28 3 44
28 6 12
28 7 2
28 9 0
28 11 31
28 12 49
28 13 23
28 14 53
28 15 3
28 16 13
28 18 34
28 19 7
28 20 22
28 21 14
28 22 39
28 23 27
28 24 25
28 25 41
28 26 26
28 27 33
28 28 29
28 30 24
28 31 43
28 32 19
28 33 37
28 34 50
28 35 17
28 36 28
28 37 38
28 38 6
28 40 35
28 41 57
28 42 9
28 43 10
28 44 42
28 45 30
28 46 5
28 47 59
28 48 56
28 49 54
28 50 21
28 51 51
28 52 48
28 53 46
28 54 47
28 55 20
28 56 18
28 58 55
28 59 58
29 0 24
29 1 19
29 3 56
29 4 48
29 5 55
29 6 14
29 7 9
29 8 57
29 9 36
29 11 20
29 12 26
29 13 12
29 15 39
29 16 45
29 17 54
29 18 10
29 19 23
29 22 47
29 23 0
29 24 11
29 25 21
29 26 49
29 28 44
29 29 16
29 30 18
29 32 52
29 33 40
29 34 22
29 35 2
29 36 31
29 37 29
29 38 13
29 39 58
29 41 30
29 42 1
29 43 28
29 44 51
29 46 7
29 47 8
29 48 35
29 49 41
29 50 4
29 53 3
29 54 37
29 55 15
29 56 42
29 58 46
29 59 33
30 1 32
30 2 5
30 3 50
30 4 38
30 5 24
30 6 15
30 7 12
30 8 33
30 10 36
30 11 13
30 13 37
30 14 9
30 15 41
30 16 25
30 17 28
30 18 16
30 20 47
30 21 1
30 22 0
30 24 14
30 25 27
30 26 2
30 27 35
30 28 43
30 29 11
30 30 55
30 32 20
30 33 56
30 34 42
30 35 58
30 36 59
30 37 18
30 38 45
30 40 4
30 41 51
30 42 48
30 43 54
30 44 10
30 45 53
30 46 44
30 47 22
30 48 49
30 49 7
30 50 8
30 52 19
30 53 30
30 54 21
30 55 52
30 56 34
30 57 3
30 58 31
30 59 26
31 0 29
31 1 11
31 2 50
31 3 41
31 4 56
31 5 57
31 6 47
31 8 55
31 9 35
31 10 34
31 11 18
31 13 36
31 14 44
31 15 40
31 16 46
31 17 17
31 18 52
31 19 33
31 20 32
31 21 8
31 22 49
31 23 15
31 25 10
31 26 16
31 27 48
31 28 1
31 29 28
31 30 59
31 32 31
31 33 7
31 34 26
31 35 6
31 36 4
31 37 43
31 39 38
31 41 24
31 43 51
31 44 13
31 45 0
31 47 12
31 48 23
31 49 19
31 50 5
31 51 54
31 52 21
31 54 39
31 55 25
31 56 3
31 57 42
31 59 9
32 0 59
32 1 0
32 2 12
32 4 7
32 5 43
32 6 18
32 7 22
32 8 40
32 10 23
32 11 44
32 12 42
32 13 15
32 14 4
32 15 32
32 16 36
32 17 46
32 18 8
32 20 39
32 21 47
32 22 17
32 24 31
32 25 16
32 26 29
32 27 58
32 29 52
32 31 35
32 33 28
32 34 13
32 35 54
32 36 21
32 37 19
32 39 33
32 40 1
32 41 37
32 42 38
32 44 9
32 45 14
32 46 41
32 47 49
32 48 10
32 49 11
32 50 24
32 51 3
32 53 50
32 54 6
32 55 51
32 56 55
32 58 20
32 59 27
33 0 23
33 2 44
33 5 35
33 6 16
33 7 21
33 9 6
33 10 47
33 11 57
33 12 10
33 14 50
33 15 12
33 16 24
33 18 17
33 19 55
33 20 33
33 21 9
33 22 2
33 23 54
33 26 32
33 27 56
33 28 14
33 29 58
33 31 3
33 33 11
33 34 0
33 35 19
33 36 29
33 37 31
33 38 36
33 39 43
33 40 53
33 41 8
33 43 13
33 44 18
33 45 46
33 46 37
33 48 15
33 49 42
33 50 34
33 53 20
33 54 41
33 55 1
33 56 51
33 58 28
34 0 20
34 1 46
34 3 25
34 4 18
34 5 1
34 6 56
34 7 6
34 8 37
34 9 39
34 11 48
34 15 52
34 17 59
34 18 31
34 19 38
34 20 17
34 21 24
34 22 10
34 24 21
34 25 9
34 26 28
34 27 51
34 28 53
34 29 0
34 31 2
34 32 13
34 33 42
34 34 40
34 38 44
34 40 23
34 41 58
34 42 45
34 45 15
34 46 36
34 47 55
34 48 14
34 49 34
34 51 4
34 52 54
34 54 49
34 55 29
34 56 11
34 57 5
34 58 50
34 59 16
35 2 19
35 3 59
35 6 3
35 7 55
35 8 1
35 9 30
35 10 10
35 12 39
35 13 50
35 15 48
35 16 20
35 17 47
35 18 57
35 19 21
35 20 28
35 21 25
35 22 37
35 23 5
35 24 43
35 25 4
35 26 44
35 29 27
35 30 29
35 31 14
35 33 46
35 34 54
35 35 26
35 37 53
35 38 34
35 39 56
35 40 31
35 41 18
35 43 42
35 44 15
35 46 2
35 48 12
35 49 36
35 50 11
35 51 38
35 52 32
35 53 33
35 54 22
35 55 58
35 56 16
35 57 40
35 58 17
35 59 7
36 0 25
36 1 53
36 2 35
36 3 15
36 4 12
36 5 13
36 6 48
36 7 5
36 8 11
36 11 32
36 12 3
36 13 27
36 14 42
36 15 44
36 16 22
36 17 51
36 18 18
36 19 49
36 21 39
36 22 16
36 23 40
36 25 20
36 26 19
36 27 10
36 29 54
36 32 34
36 33 29
36 34 21
36 35 45
36 36 7
36 37 2
36 38 1
36 39 37
36 40 30
36 41 55
36 43 57
36 44 6
36 45 28
36 46 56
36 47 23
36 48 24
36 49 46
36 51 8
36 52 43
36 54 58
36 55 33
36 56 50
36 57 14
36 59 31
37 0 41
37 1 24
37 2 30
37 3 29
37 4 47
37 5 46
37 6 36
37 8 35
37 9 43
37 10 18
37 11 50
37 12 0
37 13 52
37 15 28
37 17 2
37 18 14
37 20 45
37 21 21
37 22 9
37 23 25
37 24 3
37 25 12
37 26 33
37 27 19
37 28 59
37 29 26
37 30 48
37 31 20
37 32 54
37 33 4
37 34 6
37 35 39
37 36 16
37 38 55
37 40 57
37 41 11
37 42 51
37 43 15
37 45 31
37 46 38
37 48 8
37 50 42
37 52 5
37 53 23
37 54 17
37 55 22
37 57 58
38 0 1
38 1 55
38 2 59
38 3 20
38 5 15
38 6 25
38 7 40
38 9 42
38 10 4
38 11 11
38 12 2
38 13 28
38 14 54
38 15 38
38 16 53
38 17 23
38 19 41
38 21 43
38 22 50
38 23 29
38 25 22
38 26 3
38 27 37
38 28 19
38 29 48
38 30 44
38 31 27
38 32 14
38 33 30
38 34 47
38 36 10
38 37 46
38 38 58
38 39 0
38 40 16
38 42 33
38 43 49
38 44 39
38 45 52
38 46 31
38 47 7
38 48 6
38 51 35
38 52 57
38 53 56
38 54 18
38 55 12
38 57 32
38 58 45
38 59 13
39 0 19
39 1 52
39 2 26
39 3 48
39 4 3
39 6 0
39 7 27
39 8 2
39 9 40
39 10 17
39 11 12
39 12 11
39 13 43
39 14 30
39 15 51
39 16 15
39 17 25
39 18 1
39 19 46
39 20 6
39 21 7
39 22 35
39 23 45
39 24 53
39 25 59
39 26 23
39 27 14
39 28 28
39 29 31
39 30 58
39 31 16
39 32 49
39 33 32
39 35 18
39 36 37
39 37 13
39 39 55
39 40 24
39 41 33
39 42 50
39 44 41
39 47 4
39 49 9
39 50 56
39 51 42
39 53 22
39 54 57
39 56 5
39 58 34
39 59 44
40 0 9
40 1 29
40 2 13
40 6 27
40 8 20
40 9 56
40 10 46
40 11 8
40 12 34
40 13 3
40 14 7
40 15 43
40 16 5
40 18 59
40 19 1
40 20 41
40 21 6
40 22 58
40 23 39
40 24 57
40 26 51
40 27 38
40 29 55
40 30 19
40 31 30
40 32 48
40 33 36
40 34 12
40 35 53
40 36 47
40 37 4
40 38 33
40 39 40
40 41 23
40 42 0
40 43 14
40 44 17
40 45 16
40 46 49
40 48 18
40 49 10
40 50 2
40 51 22
40 52 25
40 53 21
40 54 24
40 55 32
40 56 26
40 57 52
40 58 35
40 59 15
41 0 48
41 1 2
41 2 21
41 3 43
41 4 52
41 7 4
41 8 51
41 9 16
41 12 13
41 13 11
41 15 1
41 16 18
41 18 32
41 19 31
41 20 10
41 21 59
41 22 41
41 26 56
41 28 22
41 29 47
41 30 35
41 31 45
41 33 39
41 34 37
41 35 55
41 37 20
41 39 7
41 40 50
41 41 46
41 42 49
41 44 44
41 45 27
41 46 9
41 47 53
41 49 23
41 51 36
41 52 29
41 55 28
41 56 38
41 57 57
42 0 12
42 2 32
42 3 0
42 4 29
42 5 44
42 6 21
42 7 42
42 8 46
42 9 3
42 10 16
42 11 45
42 12 38
42 13 56
42 14 35
42 15 26
42 16 28
42 17 27
42 18 4
42 19 10
42 20 49
42 21 18
42 22 6
42 23 7
42 24 41
42 25 37
42 26 24
42 27 20
42 28 5
42 30 57
42 31 15
42 33 52
42 34 55
42 35 50
42 37 51
42 39 23
42 41 39
42 42 40
42 43 9
42 44 53
42 46 11
42 47 2
42 51 34
42 53 58
42 54 30
42 55 19
42 56 59
42 57 54
42 58 33
42 59 14
43 1 28
43 2 4
43 4 51
43 5 3
43 6 22
43 8 19
43 9 44
43 10 11
43 11 25
43 12 30
43 13 17
43 15 42
43 18 26
43 20 50
43 21 0
43 23 46
43 24 49
43 26 41
43 27 16
43 28 33
43 29 45
43 30 47
43 31 31
43 32 58
43 33 34
43 35 27
43 36 38
43 38 9
43 39 29
43 40 13
43 42 10
43 43 20
43 44 40
43 45 32
43 46 55
43 48 2
43 49 53
43 50 18
43 51 56
43 52 24
43 53 37
43 54 52
43 57 7
43 58 23
43 59 12
44 0 16
44 1 44
44 2 11
44 3 36
44 4 13
44 6 51
44 7 10
44 8 21
44 9 14
44 10 53
44 11 47
44 12 37
44 13 58
44 14 24
44 16 12
44 17 26
44 18 28
44 19 52
44 20 19
44 21 31
44 22 57
44 23 32
44 24 0
44 25 6
44 26 50
44 28 41
44 29 9
44 30 2
44 32 38
44 33 15
44 34 59
44 35 30
44 36 48
44 37 42
44 39 39
44 40 46
44 41 43
44 42 18
44 43 56
44 44 1
44 45 7
44 46 25
44 48 27
44 49 4
44 50 35
44 51 23
44 52 55
44 54 33
44 56 22
44 57 17
44 59 45
45 0 40
45 1 36
45 3 57
45 4 28
45 6 4
45 8 45
45 9 34
45 10 44
45 11 3
45 12 6
45 13 46
45 14 55
45 15 21
45 16 49
45 17 20
45 18 11
45 19 39
45 20 56
45 21 17
45 22 30
45 23 59
45 24 33
45 26 5
45 28 58
45 29 1
45 30 54
45 31 10
45 32 47
45 34 43
45 36 35
45 37 14
45 38 31
45 39 27
45 40 8
45 43 18
45 47 51
45 48 38
45 49 24
45 51 25
45 52 9
45 53 16
45 54 15
45 56 32
45 57 37
46 0 14
46 2 27
46 3 17
46 5 22
46 6 24
46 7 54
46 8 42
46 9 1
46 10 26
46 11 43
46 13 2
46 14 49
46 15 36
46 16 34
46 17 15
46 19 32
46 22 33
46 23 19
46 24 23
46 25 40
46 26 35
46 27 47
46 28 10
46 29 41
46 30 28
46 31 37
46 32 59
46 33 21
46 36 53
46 38 50
46 39 3
46 41 56
46 42 29
46 44 4
46 45 6
46 46 46
46 47 5
46 49 31
46 50 13
46 51 11
46 52 7
46 53 0
46 54 16
46 56 52
46 58 30
46 59 51
47 0 18
47 1 35
47 4 19
47 6 34
47 7 20
47 8 52
47 9 38
47 10 31
47 13 44
47 14 14
47 15 0
47 16 59
47 17 29
47 18 12
47 19 43
47 20 27
47 21 53
47 23 11
47 24 32
47 25 8
47 26 15
47 27 13
47 29 22
47 30 16
47 31 7
47 32 21
47 33 6
47 36 9
47 37 23
47 38 57
47 40 51
47 41 54
47 43 26
47 45 36
47 46 33
47 47 17
47 48 40
47 49 37
47 51 50
47 52 47
47 53 1
47 54 45
47 55 3
47 56 49
47 57 30
47 58 5
47 59 55
48 0 58
48 1 12
48 3 13
48 4 6
48 6 28
48 8 15
48 12 31
48 13 16
48 14 18
48 15 33
48 16 9
48 17 22
48 18 25
48 19 44
48 20 5
48 21 30
48 22 51
48 23 47
48 24 42
48 25 34
48 26 55
48 27 24
48 31 11
48 32 37
48 33 0
48 34 52
48 35 4
48 36 46
48 38 23
48 39 59
48 40 10
48 41 3
48 42 7
48 43 29
48 44 57
48 45 49
48 47 1
48 48 45
48 49 26
48 51 17
48 52 35
48 53 54
48 55 48
48 56 41
48 58 27
48 59 8
49 0 52
49 1 6
49 2 2
49 3 9
49 4 24
49 5 26
49 6 57
49 7 29
49 9 19
49 11 56
49 12 27
49 13 38
49 14 22
49 15 17
49 17 40
49 18 7
49 20 30
49 22 36
49 24 59
49 25 51
49 26 4
49 27 28
49 28 15
49 30 20
49 31 32
49 32 39
49 33 47
49 34 35
49 35 46
49 36 25
49 37 34
49 38 12
49 39 13
49 40 33
49 41 31
49 43 41
49 44 37
49 46 50
49 48 16
49 49 58
49 50 54
49 51 45
49 52 49
49 53 18
49 54 14
49 55 21
49 56 23
49 57 8
49 59 53
50 0 54
50 1 58
50 2 16
50 3 39
50 5 20
50 6 33
50 8 12
50 9 26
50 10 27
50 12 29
50 13 0
50 15 14
50 16 40
50 18 35
50 19 25
50 20 51
50 21 23
50 22 55
50 24 4
50 25 18
50 26 9
50 27 8
50 28 17
50 29 15
50 30 56
50 31 24
50 32 57
50 33 43
50 34 48
50 35 22
50 36 6
50 37 47
50 38 11
50 39 49
50 40 5
50 41 7
50 42 31
50 43 50
50 44 32
50 45 19
50 47 41
50 48 3
50 49 44
50 50 28
50 51 52
50 52 42
50 54 53
50 55 37
50 56 10
50 57 45
50 59 1
51 0 42
51 1 27
51 2 38
51 3 37
51 4 4
51 5 28
51 7 59
51 9 7
51 10 15
51 11 21
51 13 25
51 16 19
51 18 47
51 21 33
51 22 40
51 25 45
51 27 36
51 28 6
51 29 10
51 30 32
51 31 49
51 32 12
51 33 44
51 37 17
51 38 52
51 39 5
51 41 35
51 43 58
51 44 16
51 45 22
51 47 30
51 48 9
51 49 2
51 50 29
51 51 26
51 52 31
51 53 24
51 54 20
51 55 34
51 56 8
51 57 11
51 58 14
51 59 43
52 0 51
52 1 21
52 2 33
52 3 35
52 4 31
52 5 36
52 6 13
52 7 15
52 8 6
52 10 45
52 11 58
52 12 1
52 13 24
52 14 52
52 15 2
52 17 53
52 18 55
52 19 22
52 20 14
52 21 41
52 22 4
52 26 48
52 27 34
52 28 47
52 29 39
52 30 37
52 31 26
52 32 40
52 33 54
52 34 7
52 35 43
52 36 44
52 37 10
52 39 8
52 40 12
52 42 16
52 43 46
52 44 20
52 45 42
52 46 28
52 47 11
52 48 32
52 49 18
52 50 49
52 51 59
52 52 23
52 55 17
52 56 0
52 57 9
52 59 3
53 0 50
53 2 40
53 3 54
53 4 55
53 5 30
53 6 26
53 8 18
53 9 57
53 10 58
53 11 28
53 13 35
53 14 37
53 15 15
53 16 56
53 18 27
53 19 13
53 21 4
53 22 24
53 23 16
53 25 0
53 26 1
53 27 49
53 28 31
53 29 46
53 30 25
53 31 12
53 33 48
53 34 29
53 36 32
53 37 21
53 38 53
53 39 42
53 41 10
53 42 11
53 45 45
53 47 3
53 48 7
53 49 47
53 50 23
53 51 5
53 52 41
53 53 38
53 55 8
53 56 6
53 57 33
53 58 51
53 59 39
54 0 45
54 1 39
54 2 0
54 3 21
54 4 22
54 5 37
54 7 35
54 8 7
54 10 19
54 11 53
54 12 33
54 13 47
54 14 12
54 16 43
54 17 16
54 18 44
54 21 13
54 23 42
54 25 1
54 26 10
54 27 5
54 28 30
54 29 40
54 30 34
54 31 25
54 32 32
54 33 49
54 35 29
54 36 8
54 37 28
54 38 14
54 40 36
54 42 2
54 43 3
54 44 27
54 45 57
54 46 17
54 47 38
54 49 50
54 50 48
54 51 46
54 52 18
54 53 31
54 55 56
54 56 54
55 0 57
55 3 2
55 4 33
55 5 4
55 6 32
55 7 37
55 8 58
55 10 41
55 11 1
55 13 9
55 15 16
55 16 39
55 17 34
55 18 42
55 19 8
55 20 11
55 23 44
55 24 35
55 27 50
55 28 24
55 29 23
55 30 6
55 31 52
55 33 10
55 34 5
55 35 38
55 37 26
55 38 54
55 39 17
55 40 59
55 41 13
55 43 30
55 44 48
55 45 56
55 46 47
55 47 29
55 49 43
55 52 40
55 53 36
55 56 14
55 57 28
55 58 19
55 59 49
56 0 53
56 1 43
56 3 52
56 4 5
56 5 6
56 6 50
56 7 14
56 9 28
56 10 57
56 12 48
56 15 31
56 16 21
56 17 45
56 19 35
56 20 18
56 21 54
56 22 38
56 24 34
56 25 46
56 26 27
56 27 22
56 28 56
56 29 2
56 30 11
56 31 55
56 33 8
56 34 19
56 35 40
56 36 1
56 37 12
56 38 41
56 40 47
56 41 15
56 42 24
56 43 59
56 44 29
56 45 23
56 46 58
56 48 42
56 50 32
56 51 20
56 52 10
56 53 44
56 54 51
56 55 4
56 56 33
56 58 26
56 59 37
57 1 5
57 2 58
57 3 3
57 4 17
57 7 18
57 9 55
57 11 19
57 12 28
57 13 33
57 14 36
57 16 14
57 17 24
57 19 9
57 20 42
57 21 48
57 22 20
57 23 22
57 24 45
57 25 44
57 26 13
57 28 11
57 29 43
57 30 40
57 31 34
57 32 23
57 33 16
57 34 46
57 35 35
57 36 51
57 37 39
57 38 32
57 40 56
57 41 4
57 42 37
57 43 1
57 44 50
57 45 12
57 46 0
57 47 52
57 48 57
57 49 6
57 50 47
57 51 49
57 52 30
57 55 10
57 57 29
57 59 54
58 0 56
58 1 50
58 2 36
58 3 34
58 5 18
58 6 6
58 7 17
58 8 47
58 9 49
58 10 25
58 11 10
58 12 41
58 13 32
58 15 22
58 17 48
58 18 58
58 19 4
58 22 19
58 24 1
58 25 24
58 26 46
58 28 16
58 29 13
58 31 59
58 32 42
58 36 54
58 37 33
58 39 12
58 40 7
58 41 53
58 42 44
58 43 31
58 46 3
58 47 40
58 48 37
58 49 38
58 51 28
58 52 20
58 53 51
58 54 27
58 55 11
58 57 39
58 59 52
59 1 47
59 2 31
59 3 11
59 5 25
59 6 49
59 8 39
59 10 56
59 11 51
59 12 16
59 13 8
59 14 57
59 16 52
59 17 37
59 19 2
59 20 55
59 22 27
59 24 24
59 25 38
59 26 14
59 27 7
59 28 23
59 29 42
59 31 13
59 32 26
59 33 17
59 34 41
59 35 28
59 36 0
59 37 50
59 38 22
59 40 15
59 42 34
59 43 6
59 46 18
59 47 44
59 48 43
59 50 59
59 52 12
59 53 53
59 55 9
59 56 45
59 57 48
59 58 36
59 59 4
