60
0 1 59
0 5 21
0 7 5
0 8 4
0 11 47
0 13 52
0 14 34
0 15 26
0 16 28
0 18 51
0 23 39
0 26 16
0 30 27
0 33 7
0 34 11
0 37 53
0 38 38
0 39 48
0 43 3
0 44 44
0 45 36
0 46 30
0 47 23
0 49 54
0 50 20
0 52 56
0 54 29
0 56 8
0 57 37
0 59 31
1 0 47
1 2 19
1 7 56
1 9 3
1 12 2
1 14 54
1 15 32
1 16 35
1 17 41
1 19 7
1 22 18
1 25 12
1 27 34
1 29 44
1 31 20
1 32 55
1 33 37
1 35 42
1 36 33
1 37 57
1 42 26
1 43 16
1 44 29
1 46 25
1 51 6
1 52 9
1 53 59
1 54 48
1 56 52
1 57 5
1 58 27
2 0 41
2 2 32
2 3 24
2 5 55
2 6 20
2 7 33
2 8 53
2 10 44
2 11 40
2 14 36
2 20 18
2 25 50
2 27 3
2 29 9
2 30 25
2 31 5
2 32 11
2 34 2
2 36 31
2 38 16
2 40 34
2 41 30
2 43 26
2 44 47
2 45 7
2 47 58
2 53 46
2 54 49
2 55 56
2 56 17
2 58 43
3 1 39
3 3 18
3 4 29
3 5 4
3 6 15
3 7 6
3 10 48
3 11 59
3 13 14
3 15 8
3 16 38
3 17 27
3 19 26
3 20 41
3 21 34
3 25 55
3 30 57
3 31 12
3 37 5
3 40 9
3 41 33
3 42 36
3 46 51
3 50 53
3 52 19
3 54 35
3 55 52
3 56 30
3 57 0
3 58 47
4 3 50
4 4 18
4 6 55
4 9 7
4 10 33
4 11 15
4 12 17
4 15 46
4 17 28
4 19 48
4 20 59
4 21 24
4 23 2
4 27 57
4 28 47
4 29 22
4 31 43
4 32 8
4 33 30
4 37 29
4 40 54
4 43 45
4 44 38
4 46 42
4 52 58
4 53 32
4 54 20
5 1 15
5 6 0
5 7 26
5 8 21
5 10 9
5 12 19
5 14 4
5 17 13
5 18 12
5 19 16
5 22 47
5 23 55
5 25 27
5 26 3
5 27 36
5 29 56
5 30 10
5 31 23
5 34 22
5 35 18
5 36 54
5 37 8
5 39 45
5 40 58
5 42 43
5 45 50
5 46 7
5 47 14
5 48 44
5 50 30
5 53 57
5 54 25
6 0 53
6 2 10
6 3 38
6 4 50
6 5 34
6 7 17
6 8 12
6 9 20
6 10 2
6 12 16
6 13 54
6 15 3
6 17 9
6 19 5
6 21 4
6 23 52
6 25 44
6 29 48
6 31 14
6 33 28
6 36 43
6 37 56
6 38 33
6 40 41
6 41 57
6 42 46
6 43 6
6 45 0
6 46 39
6 48 7
6 49 30
6 50 21
6 51 11
6 55 29
7 0 57
7 3 37
7 5 2
7 6 3
7 18 48
7 21 20
7 22 38
7 24 29
7 25 36
7 27 40
7 28 4
7 30 54
7 31 41
7 35 19
7 37 7
7 38 45
7 39 52
7 41 56
7 49 51
7 50 14
7 52 24
7 54 39
7 57 12
7 59 30
8 0 11
8 2 57
8 3 6
8 6 40
8 7 39
8 12 33
8 15 53
8 18 10
8 20 14
8 26 13
8 28 45
8 36 20
8 42 15
8 43 56
8 47 34
8 50 51
8 51 48
8 52 4
8 54 9
8 55 27
8 56 59
8 57 22
8 59 0
9 1 53
9 3 16
9 6 32
9 8 38
9 9 44
9 10 36
9 12 41
9 15 20
9 16 58
9 18 59
9 22 8
9 23 0
9 26 15
9 27 4
9 30 35
9 32 50
9 33 55
9 34 6
9 36 17
9 37 28
9 38 1
9 41 31
9 42 51
9 44 10
9 47 46
9 48 2
9 50 57
9 51 13
9 53 48
9 54 40
9 55 47
9 57 21
9 58 18
10 0 46
10 2 47
10 4 14
10 6 34
10 8 24
10 9 21
10 10 10
10 11 41
10 13 9
10 15 58
10 16 5
10 17 0
10 18 57
10 19 28
10 20 50
10 21 55
10 23 48
10 24 37
10 26 54
10 27 25
10 31 40
10 32 20
10 36 13
10 38 17
10 43 51
10 51 49
10 52 11
10 53 6
10 54 59
10 56 31
10 59 35
11 2 37
11 6 48
11 7 45
11 9 14
11 10 56
11 12 57
11 14 10
11 15 6
11 18 42
11 20 15
11 23 30
11 24 40
11 29 24
11 30 32
11 35 55
11 39 58
11 40 17
11 42 18
11 43 22
11 47 11
11 57 28
12 0 48
12 5 20
12 6 16
12 10 0
12 11 10
12 14 57
12 15 30
12 18 27
12 20 13
12 21 32
12 23 46
12 25 11
12 27 56
12 28 3
12 29 36
12 30 9
12 32 34
12 37 33
12 42 44
12 43 5
12 46 24
12 48 28
12 49 59
12 51 31
12 55 19
12 56 38
12 59 55
13 2 56
13 6 52
13 7 7
13 8 31
13 19 40
13 23 17
13 25 29
13 26 20
13 27 48
13 29 57
13 30 15
13 33 44
13 34 43
13 35 33
13 37 39
13 38 19
13 39 6
13 41 36
13 43 41
13 49 0
13 50 42
13 51 5
13 52 16
13 56 45
13 57 11
13 58 24
14 0 39
14 1 41
14 5 27
14 9 9
14 10 37
14 11 45
14 13 50
14 16 22
14 17 8
14 18 30
14 21 40
14 22 59
14 25 16
14 27 53
14 30 11
14 31 36
14 33 51
14 35 47
14 39 2
14 41 46
14 42 6
14 45 54
14 47 31
14 48 0
14 50 28
14 51 38
14 52 52
14 54 13
14 58 25
14 59 19
15 0 26
15 4 3
15 5 59
15 6 57
15 9 17
15 10 12
15 11 27
15 13 34
15 15 16
15 19 36
15 22 49
15 23 47
15 24 46
15 25 54
15 28 19
15 31 45
15 33 31
15 35 48
15 40 0
15 43 55
15 46 1
15 47 42
15 49 39
15 50 24
15 52 51
15 57 4
15 59 41
16 0 43
16 2 59
16 6 26
16 8 9
16 9 23
16 10 5
16 11 0
16 13 47
16 15 13
16 18 1
16 20 27
16 21 51
16 22 54
16 23 19
16 24 31
16 26 22
16 28 46
16 29 3
16 32 57
16 33 21
16 34 10
16 37 30
16 41 39
16 42 20
16 44 12
16 45 34
16 46 29
16 47 24
16 48 11
16 56 37
16 57 18
16 58 38
17 1 28
17 3 22
17 5 17
17 8 25
17 12 48
17 13 24
17 15 42
17 16 2
17 22 6
17 24 58
17 26 19
17 27 26
17 29 50
17 32 30
17 34 41
17 36 14
17 37 47
17 38 12
17 39 3
17 40 59
17 41 29
17 43 10
17 44 33
17 50 55
17 51 16
17 55 7
17 58 45
17 59 36
18 0 55
18 2 23
18 6 8
18 7 16
18 8 46
18 11 50
18 12 25
18 13 15
18 14 3
18 15 36
18 16 4
18 21 49
18 25 13
18 27 31
18 29 51
18 30 1
18 31 35
18 33 43
18 34 57
18 36 47
18 43 28
18 45 27
18 46 26
18 47 39
18 48 32
18 50 22
18 51 44
18 52 30
18 53 20
18 55 58
18 58 56
18 59 9
19 0 23
19 1 34
19 4 4
19 7 2
19 11 43
19 12 49
19 16 53
19 19 10
19 20 17
19 23 7
19 24 48
19 27 33
19 28 38
19 30 0
19 31 31
19 32 54
19 34 46
19 36 15
19 37 19
19 40 14
19 41 21
19 42 32
19 43 9
19 45 55
19 47 13
19 48 12
19 51 3
19 54 5
19 55 41
19 56 20
19 57 50
19 58 52
19 59 39
20 0 20
20 1 36
20 2 2
20 6 17
20 7 31
20 9 34
20 10 43
20 12 32
20 14 50
20 16 26
20 25 52
20 28 9
20 29 5
20 30 33
20 31 38
20 32 59
20 33 49
20 34 21
20 35 35
20 36 55
20 37 11
20 38 15
20 42 23
20 43 25
20 46 40
20 47 57
20 49 41
20 51 27
20 52 29
20 53 0
20 54 28
20 55 6
20 56 44
20 57 10
20 58 1
21 0 54
21 1 40
21 2 28
21 7 4
21 9 32
21 11 55
21 12 5
21 13 21
21 16 41
21 17 19
21 18 46
21 20 52
21 22 0
21 24 57
21 25 6
21 28 29
21 29 45
21 31 39
21 33 10
21 34 42
21 35 53
21 37 50
21 38 13
21 40 51
21 43 58
21 48 27
21 50 59
21 53 36
21 56 56
21 57 47
21 58 11
22 0 18
22 1 23
22 2 24
22 4 47
22 5 49
22 6 31
22 7 29
22 8 28
22 11 14
22 12 59
22 16 56
22 17 43
22 21 13
22 22 48
22 23 27
22 24 53
22 25 34
22 26 9
22 28 25
22 32 16
22 34 44
22 35 3
22 40 55
22 41 0
22 43 17
22 46 10
22 47 7
22 50 40
22 52 26
22 55 33
22 57 32
22 58 57
22 59 58
23 6 59
23 8 22
23 18 21
23 23 18
23 26 45
23 27 12
23 28 44
23 29 58
23 30 43
23 32 17
23 34 5
23 36 0
23 41 52
23 43 32
23 45 33
23 47 3
23 50 7
23 51 26
23 52 8
23 54 57
23 56 14
23 57 6
23 58 41
24 0 58
24 2 49
24 3 19
24 5 0
24 6 1
24 8 59
24 10 41
24 11 30
24 12 13
24 15 37
24 18 25
24 20 4
24 21 27
24 22 14
24 24 56
24 25 7
24 27 50
24 28 6
24 30 17
24 33 22
24 34 52
24 36 10
24 37 24
24 40 36
24 42 39
24 43 53
24 45 47
24 46 3
24 48 45
24 49 23
24 50 26
24 51 29
24 52 2
24 55 46
24 56 51
24 58 34
25 1 27
25 4 19
25 6 33
25 7 54
25 8 20
25 9 59
25 11 6
25 16 36
25 20 51
25 21 43
25 24 35
25 26 53
25 30 28
25 31 25
25 37 14
25 39 38
25 40 49
25 41 15
25 43 57
25 44 34
25 47 16
25 49 18
25 51 10
25 52 0
25 53 2
25 57 55
25 58 4
25 59 24
26 0 24
26 1 16
26 2 52
26 7 51
26 8 41
26 11 42
26 12 14
26 13 29
26 16 27
26 18 0
26 19 57
26 23 59
26 24 1
26 25 20
26 30 26
26 31 48
26 34 53
26 37 25
26 38 34
26 40 38
26 41 3
26 42 5
26 45 22
26 47 17
26 48 21
26 49 45
26 52 37
26 55 30
26 56 35
26 59 8
27 2 55
27 6 29
27 8 45
27 11 23
27 12 12
27 13 27
27 18 35
27 19 44
27 20 40
27 28 0
27 29 59
27 34 1
27 38 42
27 39 25
27 40 32
27 42 24
27 43 52
27 48 9
27 49 28
27 51 41
27 55 20
28 1 46
28 3 26
28 4 10
28 5 43
28 6 30
28 11 5
28 17 1
28 18 4
28 19 55
28 20 42
28 22 58
28 23 49
28 26 59
28 29 17
28 30 39
28 35 13
28 38 47
28 39 15
28 43 54
28 44 37
28 45 51
28 46 14
28 47 9
28 48 34
28 49 48
28 50 38
28 52 53
28 56 28
28 57 25
28 58 35
29 0 15
29 1 54
29 3 14
29 5 18
29 6 35
29 7 47
29 8 40
29 9 48
29 10 24
29 11 58
29 13 41
29 14 16
29 18 13
29 20 12
29 22 32
29 27 45
29 32 39
29 35 30
29 37 9
29 38 44
29 40 20
29 41 23
29 43 19
29 44 43
29 46 27
29 51 56
29 53 31
29 56 33
29 57 3
29 59 7
30 2 48
30 3 30
30 4 16
30 5 57
30 8 6
30 10 47
30 11 1
30 14 19
30 15 39
30 17 20
30 19 33
30 26 34
30 27 11
30 29 52
30 30 7
30 33 32
30 34 8
30 37 37
30 38 25
30 40 26
30 41 43
30 45 56
30 47 21
30 49 27
30 51 51
30 53 53
30 54 42
30 57 13
31 0 34
31 1 2
31 2 18
31 3 49
31 4 12
31 5 9
31 6 10
31 7 21
31 8 36
31 10 26
31 12 54
31 15 57
31 16 43
31 17 58
31 18 33
31 22 51
31 25 41
31 27 13
31 28 11
31 29 46
31 31 1
31 37 31
31 38 37
31 40 45
31 41 47
31 42 28
31 43 35
31 44 3
31 46 32
31 47 30
31 48 24
31 50 29
31 51 4
31 54 55
31 56 42
31 58 6
32 1 20
32 2 38
32 3 35
32 4 25
32 10 21
32 17 45
32 19 42
32 20 28
32 21 58
32 22 33
32 24 50
32 26 23
32 28 52
32 30 14
32 31 19
32 34 16
32 37 48
32 40 30
32 42 7
32 43 1
32 48 17
32 50 2
32 51 54
32 52 5
32 56 29
32 59 12
33 0 0
33 1 10
33 2 11
33 6 42
33 7 24
33 11 57
33 14 51
33 18 20
33 21 48
33 24 27
33 25 38
33 26 40
33 31 37
33 32 44
33 33 4
33 34 3
33 39 23
33 41 16
33 42 30
33 43 50
33 44 14
33 45 29
33 48 41
33 50 9
33 52 7
33 58 33
33 59 34
34 0 33
34 3 9
34 9 39
34 10 15
34 11 34
34 14 30
34 15 27
34 16 42
34 17 55
34 18 47
34 20 6
34 24 13
34 28 5
34 32 31
34 36 21
34 40 18
34 41 20
34 42 17
34 44 59
34 46 2
34 48 36
34 49 10
34 50 43
34 51 28
34 56 48
34 57 54
35 0 19
35 3 45
35 6 6
35 7 22
35 8 49
35 9 10
35 11 12
35 14 39
35 15 31
35 17 21
35 18 32
35 19 50
35 20 20
35 22 7
35 24 5
35 25 53
35 26 18
35 29 8
35 31 51
35 33 13
35 34 27
35 36 11
35 38 58
35 41 24
35 42 56
35 44 9
35 46 38
35 48 40
35 50 17
35 52 59
35 54 26
35 55 54
35 59 57
36 3 48
36 8 5
36 10 13
36 11 44
36 12 56
36 14 41
36 16 7
36 17 25
36 21 57
36 22 11
36 25 23
36 27 14
36 29 38
36 30 29
36 31 53
36 32 58
36 33 0
36 35 9
36 36 35
36 37 16
36 42 1
36 43 27
36 45 6
36 47 45
36 49 47
36 50 54
36 51 32
36 53 43
36 56 12
37 5 14
37 8 29
37 9 12
37 10 40
37 11 32
37 14 1
37 15 21
37 23 6
37 24 38
37 26 4
37 27 22
37 28 33
37 29 55
37 30 52
37 32 3
37 33 16
37 34 18
37 35 26
37 38 5
37 39 20
37 42 34
37 44 19
37 45 24
37 46 41
37 48 10
37 49 25
37 52 28
37 54 27
37 59 43
38 0 38
38 1 44
38 2 8
38 4 20
38 6 9
38 8 47
38 9 57
38 10 4
38 11 49
38 13 39
38 15 34
38 20 21
38 27 18
38 28 31
38 30 50
38 32 2
38 33 24
38 34 33
38 35 41
38 37 12
38 40 6
38 43 42
38 44 54
38 49 7
38 51 17
38 53 23
38 54 14
38 55 5
38 57 19
39 0 21
39 1 12
39 2 43
39 3 1
39 8 55
39 10 20
39 14 11
39 16 29
39 19 18
39 21 19
39 24 15
39 27 6
39 28 30
39 31 8
39 32 36
39 33 45
39 34 40
39 35 54
39 37 26
39 42 53
39 43 24
39 45 32
39 46 47
39 49 56
39 51 46
39 52 3
39 53 9
39 59 37
40 0 13
40 2 22
40 4 44
40 5 37
40 6 11
40 12 51
40 14 26
40 15 49
40 17 14
40 18 19
40 19 25
40 22 17
40 23 24
40 24 0
40 25 46
40 26 47
40 27 30
40 28 35
40 30 23
40 31 18
40 32 53
40 38 7
40 43 2
40 44 27
40 47 12
40 48 56
40 50 50
40 51 55
40 52 6
40 54 32
41 1 45
41 4 35
41 6 56
41 8 27
41 9 46
41 11 20
41 12 58
41 13 38
41 14 55
41 16 23
41 17 50
41 18 9
41 20 24
41 21 2
41 24 43
41 25 48
41 27 8
41 29 25
41 30 59
41 33 57
41 34 32
41 35 34
41 42 47
41 44 30
41 47 37
41 48 52
41 53 26
41 55 4
41 56 13
41 58 7
42 1 17
42 3 11
42 5 42
42 7 10
42 8 51
42 9 24
42 12 20
42 13 55
42 17 23
42 18 41
42 20 46
42 21 0
42 23 38
42 27 15
42 30 21
42 33 2
42 34 36
42 36 40
42 38 30
42 40 7
42 46 22
42 47 29
42 48 3
42 51 57
42 52 12
42 54 18
42 55 31
42 57 43
43 1 33
43 4 6
43 7 41
43 8 32
43 11 4
43 14 38
43 15 15
43 17 17
43 21 3
43 22 35
43 23 5
43 25 24
43 26 52
43 28 16
43 29 21
43 30 31
43 32 47
43 34 39
43 36 56
43 37 51
43 38 48
43 39 50
43 42 11
43 43 34
43 46 9
43 47 28
43 48 54
43 49 36
43 51 30
43 52 43
43 53 1
43 54 37
43 56 55
43 58 20
43 59 44
44 1 55
44 4 54
44 5 50
44 7 28
44 9 18
44 21 36
44 26 42
44 27 38
44 28 59
44 29 47
44 30 12
44 32 23
44 33 9
44 38 40
44 40 1
44 42 58
44 43 13
44 45 48
44 50 31
44 51 45
44 54 53
44 55 8
44 56 6
44 57 29
44 58 32
44 59 26
45 0 16
45 2 31
45 3 55
45 5 1
45 6 5
45 8 54
45 10 39
45 12 50
45 13 45
45 14 7
45 16 24
45 17 59
45 18 34
45 21 10
45 22 57
45 23 53
45 24 21
45 26 36
45 29 37
45 30 8
45 33 14
45 35 43
45 36 19
45 37 6
45 39 18
45 40 15
45 41 22
45 44 40
45 46 11
45 47 20
45 48 4
45 49 44
45 50 32
45 52 47
45 53 33
45 54 12
45 55 49
45 56 9
45 57 51
45 58 48
46 0 12
46 1 26
46 5 5
46 6 49
46 12 37
46 14 45
46 15 28
46 16 13
46 17 40
46 18 50
46 20 9
46 21 8
46 22 39
46 24 20
46 27 24
46 30 55
46 31 15
46 32 1
46 33 34
46 36 29
46 37 52
46 38 18
46 40 23
46 41 51
46 42 41
46 44 6
46 46 17
46 48 22
46 53 7
46 57 56
46 58 14
46 59 3
47 0 42
47 2 3
47 3 29
47 5 24
47 6 45
47 8 33
47 11 2
47 13 56
47 16 9
47 18 49
47 19 27
47 21 39
47 22 30
47 24 32
47 25 22
47 28 28
47 29 0
47 31 7
47 32 40
47 33 36
47 34 37
47 35 38
47 37 44
47 41 35
47 44 46
47 45 31
47 46 59
47 47 15
47 48 58
47 51 12
47 53 51
47 54 8
47 56 54
47 58 26
48 0 35
48 1 1
48 2 42
48 4 27
48 6 39
48 7 30
48 10 19
48 12 9
48 13 58
48 15 33
48 21 41
48 23 28
48 26 14
48 27 46
48 29 2
48 35 20
48 37 10
48 38 57
48 39 22
48 40 13
48 43 38
48 44 53
48 45 40
48 46 5
48 47 43
48 48 50
48 52 21
48 53 47
48 54 24
48 56 18
48 58 54
48 59 16
49 1 58
49 2 30
49 5 25
49 6 4
49 7 23
49 8 13
49 10 46
49 19 35
49 20 26
49 21 52
49 22 44
49 23 21
49 24 47
49 25 1
49 27 19
49 29 33
49 30 38
49 31 42
49 32 37
49 33 20
49 35 0
49 37 55
49 38 6
49 39 36
49 40 3
49 41 12
49 42 31
49 44 39
49 45 15
49 47 40
49 48 18
49 51 8
49 54 11
49 57 45
49 59 59
50 1 47
50 3 20
50 5 38
50 8 8
50 9 27
50 12 30
50 17 35
50 19 56
50 20 29
50 22 10
50 25 28
50 27 54
50 28 12
50 31 13
50 33 42
50 37 0
50 40 21
50 41 37
50 42 22
50 45 25
50 47 41
50 48 48
50 49 33
50 51 50
50 52 44
50 55 40
50 57 15
50 59 53
51 1 52
51 5 36
51 6 50
51 11 29
51 13 49
51 14 17
51 16 47
51 18 7
51 21 54
51 22 41
51 23 15
51 24 18
51 27 21
51 30 19
51 31 9
51 32 56
51 34 0
51 35 23
51 36 16
51 40 44
51 42 42
51 44 55
51 49 24
51 50 48
51 51 43
51 53 38
51 56 53
51 58 37
52 1 50
52 2 15
52 3 57
52 4 33
52 8 30
52 9 56
52 10 29
52 11 21
52 14 0
52 18 5
52 19 46
52 22 53
52 24 10
52 26 31
52 28 54
52 31 6
52 32 52
52 36 24
52 37 27
52 38 9
52 39 4
52 41 55
52 42 8
52 46 19
52 47 2
52 48 49
52 49 11
52 54 45
52 55 1
52 57 17
53 0 30
53 3 52
53 4 56
53 5 46
53 6 25
53 7 32
53 8 0
53 13 33
53 15 23
53 16 39
53 17 6
53 19 9
53 26 37
53 27 1
53 28 13
53 29 12
53 33 50
53 34 17
53 38 51
53 39 43
53 40 8
53 42 54
53 44 57
53 45 59
53 46 45
53 48 20
53 53 16
53 54 41
53 56 27
53 58 10
53 59 18
54 0 50
54 1 51
54 8 3
54 12 11
54 16 30
54 19 54
54 20 38
54 23 14
54 26 57
54 29 23
54 30 2
54 32 49
54 34 31
54 35 8
54 36 26
54 37 20
54 38 28
54 40 56
54 41 6
54 43 36
54 44 16
54 47 59
54 53 29
54 58 15
55 3 34
55 4 55
55 5 48
55 8 57
55 9 54
55 10 7
55 12 53
55 14 9
55 15 52
55 16 21
55 18 14
55 19 19
55 20 1
55 21 23
55 22 37
55 23 16
55 24 6
55 25 17
55 26 8
55 27 10
55 28 26
55 30 51
55 32 32
55 33 46
55 35 36
55 39 49
55 42 29
55 43 39
55 46 0
55 49 31
55 50 15
55 51 20
55 52 35
55 53 41
55 55 43
55 58 3
55 59 45
56 2 35
56 4 31
56 6 37
56 8 1
56 9 55
56 11 51
56 14 43
56 16 49
56 17 2
56 22 20
56 23 42
56 24 11
56 25 47
56 26 41
56 27 27
56 29 39
56 30 34
56 35 6
56 36 57
56 37 23
56 41 25
56 44 7
56 46 28
56 48 38
56 50 36
56 51 19
56 52 10
56 55 53
56 56 22
56 58 16
57 0 25
57 2 4
57 5 45
57 6 51
57 8 35
57 9 15
57 10 17
57 13 36
57 15 38
57 16 10
57 18 28
57 19 2
57 20 7
57 23 9
57 29 16
57 31 30
57 33 18
57 34 34
57 35 46
57 36 58
57 37 54
57 39 37
57 40 48
57 41 8
57 42 57
57 43 59
57 45 23
57 46 20
57 47 26
57 49 19
57 50 12
57 52 33
57 55 39
57 57 31
57 58 50
57 59 22
58 0 22
58 3 41
58 4 42
58 6 21
58 8 18
58 9 35
58 10 8
58 12 26
58 15 5
58 17 10
58 20 23
58 21 59
58 22 56
58 25 30
58 28 17
58 31 24
58 34 54
58 37 43
58 39 7
58 40 33
58 41 1
58 42 16
58 43 44
58 44 31
58 46 36
58 47 50
58 54 4
58 55 9
58 58 13
58 59 51
59 0 37
59 1 0
59 2 25
59 3 33
59 4 45
59 5 41
59 6 23
59 8 43
59 10 35
59 12 1
59 14 47
59 20 48
59 21 30
59 22 5
59 23 56
59 24 3
59 26 10
59 27 20
59 28 57
59 32 38
59 33 8
59 35 7
59 36 32
59 37 59
59 38 27
59 45 42
59 46 44
59 47 49
59 48 26
59 52 55
59 53 58
59 54 52
59 55 22
59 57 9
