60
0 1 14
0 2 31
0 3 7
0 6 2
0 7 23
0 9 17
0 10 42
0 11 6
0 13 28
0 16 59
0 18 29
0 19 3
0 20 12
0 22 57
0 23 21
0 24 58
0 25 45
0 27 36
0 29 35
0 30 9
0 32 39
0 35 8
0 37 22
0 38 5
0 39 52
0 40 27
0 42 53
0 43 33
0 45 56
0 47 26
0 50 11
0 51 16
0 52 20
0 53 46
0 55 25
0 56 55
0 59 44
1 0 20
1 1 55
1 2 1
1 3 51
1 4 50
1 5 15
1 6 23
1 7 2
1 8 39
1 9 28
1 10 7
1 11 13
1 12 24
1 14 57
1 15 5
1 16 30
1 17 22
1 18 8
1 19 56
1 20 46
1 26 37
1 27 29
1 28 26
1 29 4
1 30 53
1 31 59
1 34 42
1 36 10
1 37 19
1 38 54
1 39 48
1 41 0
1 46 21
1 47 11
1 48 44
1 50 45
1 52 47
1 54 41
1 55 16
1 56 38
1 57 40
1 58 6
1 59 31
2 0 50
2 3 43
2 4 2
2 5 20
2 6 5
2 8 55
2 9 58
2 10 28
2 11 36
2 12 30
2 13 11
2 14 56
2 17 52
2 19 57
2 24 12
2 26 45
2 27 32
2 28 6
2 29 24
2 31 18
2 32 13
2 33 40
2 35 51
2 37 46
2 39 31
2 41 33
2 42 49
2 44 44
2 45 22
2 46 53
2 47 23
2 48 1
2 51 48
2 52 41
2 53 7
2 55 39
3 0 47
3 2 44
3 3 37
3 6 9
3 7 0
3 10 27
3 13 45
3 14 55
3 15 30
3 16 5
3 17 59
3 18 43
3 19 31
3 20 21
3 21 13
3 22 8
3 23 50
3 24 56
3 25 15
3 26 26
3 27 41
3 28 14
3 29 20
3 31 58
3 32 29
3 33 1
3 36 12
3 38 19
3 39 36
3 42 54
3 43 49
3 46 23
3 47 6
3 49 34
3 50 39
3 52 42
3 53 40
3 54 22
3 55 46
3 58 57
3 59 28
4 0 35
4 2 42
4 3 36
4 4 57
4 7 52
4 8 6
4 9 40
4 10 38
4 11 8
4 13 5
4 17 46
4 19 59
4 20 18
4 21 51
4 24 34
4 25 29
4 26 23
4 27 19
4 28 27
4 29 22
4 32 31
4 34 55
4 35 26
4 37 50
4 39 37
4 40 54
4 41 17
4 42 7
4 43 1
4 44 39
4 46 16
4 49 0
4 50 21
4 51 13
4 54 9
4 58 41
4 59 11
5 1 18
5 3 19
5 5 22
5 8 37
5 9 54
5 13 47
5 14 1
5 15 6
5 17 0
5 18 15
5 19 7
5 20 28
5 25 40
5 26 11
5 27 38
5 29 32
5 30 4
5 32 2
5 33 23
5 34 43
5 35 44
5 40 49
5 42 46
5 44 27
5 46 39
5 47 53
5 48 35
5 49 26
5 50 24
5 51 29
5 52 33
5 54 12
5 56 17
5 57 34
5 58 20
5 59 41
6 0 54
6 2 19
6 3 4
6 5 7
6 6 36
6 9 50
6 10 48
6 11 0
6 12 2
6 13 34
6 14 28
6 16 9
6 17 14
6 19 45
6 20 20
6 21 6
6 23 17
6 24 49
6 25 13
6 26 30
6 27 53
6 28 41
6 29 58
6 32 25
6 33 59
6 34 37
6 36 5
6 38 52
6 40 56
6 42 16
6 44 40
6 49 1
6 51 11
6 53 8
6 54 31
6 57 44
6 58 26
6 59 22
7 0 44
7 1 25
7 2 47
7 3 17
7 7 53
7 8 13
7 9 22
7 10 54
7 11 3
7 14 15
7 15 1
7 16 45
7 17 37
7 18 6
7 19 43
7 20 38
7 21 10
7 22 12
7 24 7
7 25 36
7 26 41
7 28 9
7 32 33
7 34 48
7 35 29
7 37 42
7 38 39
7 39 51
7 40 59
7 41 52
7 45 55
7 46 27
7 47 20
7 50 58
7 53 31
7 56 5
7 57 11
8 0 18
8 1 43
8 3 8
8 5 58
8 9 51
8 11 7
8 12 54
8 13 25
8 14 42
8 15 45
8 16 53
8 17 24
8 18 17
8 19 27
8 21 5
8 23 20
8 25 9
8 26 6
8 29 57
8 30 19
8 31 31
8 32 23
8 33 32
8 36 15
8 37 13
8 38 29
8 43 26
8 48 21
8 49 22
8 50 40
8 51 2
8 52 39
8 54 16
8 55 12
8 57 49
8 58 4
9 0 5
9 1 16
9 2 43
9 5 8
9 6 29
9 9 45
9 11 39
9 13 32
9 14 12
9 15 31
9 16 57
9 17 26
9 19 1
9 20 4
9 21 20
9 22 17
9 23 6
9 27 18
9 28 23
9 29 55
9 30 40
9 31 3
9 33 41
9 35 14
9 36 33
9 37 52
9 39 15
9 40 11
9 41 25
9 46 51
9 47 27
9 48 7
9 49 9
9 50 59
9 51 24
9 53 42
9 54 38
9 55 58
9 57 13
9 58 35
9 59 2
10 1 33
10 2 49
10 5 5
10 7 29
10 9 24
10 10 13
10 11 11
10 12 44
10 13 50
10 14 37
10 15 48
10 17 41
10 18 52
10 20 58
10 22 16
10 24 57
10 25 1
10 27 15
10 28 34
10 29 25
10 31 43
10 32 17
10 34 51
10 35 20
10 36 45
10 37 8
10 38 4
10 42 14
10 44 18
10 46 3
10 47 39
10 48 2
10 51 27
10 54 6
10 55 0
10 56 9
10 58 7
10 59 53
11 0 59
11 3 40
11 4 13
11 5 50
11 7 41
11 8 19
11 9 46
11 11 54
11 13 2
11 14 11
11 15 33
11 17 1
11 19 32
11 20 36
11 23 31
11 24 22
11 25 8
11 26 14
11 27 21
11 28 58
11 29 9
11 30 25
11 32 43
11 33 15
11 34 24
11 35 7
11 37 17
11 39 4
11 40 0
11 41 16
11 42 42
11 44 35
11 47 51
11 48 27
11 49 44
11 50 29
11 51 3
11 52 52
11 53 28
11 55 56
11 57 20
11 58 49
11 59 5
12 1 29
12 2 34
12 3 54
12 4 9
12 6 15
12 8 3
12 9 59
12 10 40
12 11 10
12 12 53
12 15 36
12 16 26
12 18 50
12 19 33
12 20 51
12 22 48
12 24 19
12 25 23
12 26 46
12 27 1
12 30 55
12 31 4
12 32 47
12 33 31
12 34 28
12 35 5
12 36 24
12 40 7
12 41 43
12 44 57
12 45 17
12 47 14
12 49 35
12 51 20
12 53 21
12 55 38
12 58 8
12 59 13
13 0 38
13 2 14
13 4 58
13 5 23
13 8 40
13 10 45
13 16 28
13 17 16
13 18 54
13 20 57
13 23 59
13 25 46
13 26 33
13 27 49
13 28 51
13 30 48
13 31 52
13 32 34
13 36 41
13 38 47
13 40 35
13 43 44
13 44 37
13 45 10
13 46 22
13 47 42
13 48 39
13 49 43
13 51 5
13 53 19
13 54 13
13 55 3
13 56 1
13 57 50
13 58 9
13 59 15
14 2 23
14 4 30
14 7 59
14 8 20
14 10 16
14 11 48
14 12 57
14 14 41
14 17 19
14 18 36
14 19 22
14 21 4
14 25 10
14 26 38
14 28 47
14 30 0
14 31 29
14 32 28
14 33 17
14 34 40
14 35 54
14 36 31
14 38 51
14 40 33
14 44 9
14 45 11
14 48 42
14 49 32
14 50 1
14 53 44
14 55 7
14 56 26
14 59 25
15 0 11
15 1 2
15 2 41
15 3 21
15 4 17
15 5 19
15 6 22
15 7 43
15 8 27
15 10 52
15 12 39
15 14 8
15 15 44
15 16 47
15 17 40
15 19 34
15 20 42
15 22 23
15 25 37
15 26 20
15 27 50
15 28 54
15 31 53
15 32 1
15 33 25
15 35 10
15 37 28
15 38 12
15 39 46
15 41 9
15 43 55
15 44 26
15 47 13
15 48 24
15 50 6
15 53 3
15 55 31
15 57 4
16 0 34
16 1 12
16 3 6
16 4 59
16 5 36
16 6 26
16 7 49
16 8 2
16 10 31
16 12 37
16 15 39
16 17 18
16 18 41
16 19 13
16 22 50
16 23 54
16 24 15
16 28 30
16 29 1
16 31 57
16 33 14
16 35 11
16 36 53
16 39 55
16 41 35
16 42 44
16 43 25
16 45 8
16 50 9
16 51 47
16 53 45
16 54 21
16 55 17
16 56 20
16 59 43
17 1 23
17 3 39
17 4 49
17 6 32
17 9 55
17 10 43
17 13 20
17 16 1
17 17 21
17 18 16
17 19 24
17 20 35
17 21 47
17 22 46
17 23 12
17 25 41
17 26 0
17 29 27
17 30 54
17 32 51
17 33 3
17 37 26
17 39 9
17 41 42
17 43 22
17 45 28
17 46 8
17 47 38
17 50 30
17 52 34
17 55 6
17 56 36
17 57 7
17 58 59
18 0 19
18 2 56
18 5 10
18 6 20
18 9 11
18 10 29
18 11 12
18 12 43
18 14 38
18 16 22
18 18 53
18 19 25
18 22 51
18 23 58
18 25 52
18 27 0
18 28 1
18 33 9
18 34 59
18 35 23
18 37 49
18 41 48
18 42 15
18 46 24
18 47 40
18 50 33
18 53 4
18 54 17
18 55 2
18 57 41
19 0 17
19 2 59
19 3 22
19 6 19
19 8 5
19 9 44
19 10 49
19 12 9
19 14 29
19 15 18
19 17 13
19 18 35
19 19 47
19 22 39
19 25 58
19 30 38
19 34 46
19 36 37
19 38 30
19 39 11
19 45 36
19 46 1
19 53 27
19 54 20
19 56 24
19 57 42
19 58 55
20 0 42
20 1 27
20 2 11
20 8 9
20 10 35
20 11 57
20 12 3
20 13 13
20 14 21
20 15 22
20 18 32
20 19 8
20 22 58
20 25 30
20 27 37
20 28 44
20 30 52
20 32 12
20 34 31
20 35 59
20 38 28
20 40 43
20 41 46
20 43 53
20 45 7
20 48 14
20 49 55
20 50 25
20 54 1
20 55 50
20 56 48
20 59 4
21 0 12
21 2 15
21 4 55
21 5 30
21 9 10
21 12 38
21 14 33
21 15 0
21 17 6
21 18 49
21 19 21
21 21 25
21 22 54
21 24 26
21 25 4
21 28 52
21 30 45
21 33 44
21 34 13
21 35 22
21 36 17
21 37 11
21 39 20
21 42 5
21 43 48
21 44 31
21 45 27
21 46 28
21 47 35
21 49 16
21 50 37
21 52 18
21 53 32
21 54 51
21 55 1
21 56 23
21 57 56
21 58 34
22 1 6
22 3 48
22 10 12
22 12 35
22 15 27
22 16 31
22 18 10
22 19 20
22 20 23
22 25 51
22 26 8
22 27 45
22 28 0
22 29 52
22 30 33
22 31 24
22 32 49
22 33 58
22 34 19
22 35 57
22 36 43
22 37 1
22 38 56
22 39 53
22 40 26
22 41 13
22 43 34
22 45 44
22 46 2
22 47 3
22 48 25
22 50 42
22 51 30
22 52 15
22 53 14
22 54 55
22 56 50
22 57 21
22 58 40
22 59 37
23 0 49
23 1 38
23 2 6
23 5 47
23 6 54
23 7 16
23 8 10
23 10 1
23 13 53
23 15 7
23 17 15
23 20 11
23 21 18
23 22 55
23 23 4
23 24 27
23 25 56
23 26 36
23 28 48
23 29 44
23 30 31
23 31 17
23 33 35
23 37 34
23 38 46
23 39 59
23 40 57
23 43 29
23 47 30
23 49 21
23 50 41
23 51 52
23 55 23
23 57 32
23 58 51
23 59 12
24 0 58
24 1 54
24 2 22
24 3 20
24 4 14
24 5 27
24 7 24
24 8 17
24 9 53
24 10 4
24 12 40
24 13 31
24 14 30
24 17 35
24 18 11
24 19 39
24 20 15
24 21 36
24 22 25
24 24 13
24 25 34
24 26 16
24 29 21
24 31 41
24 33 18
24 37 9
24 38 0
24 39 2
24 41 7
24 42 8
24 46 19
24 48 55
24 51 12
24 52 1
24 54 52
24 55 51
24 58 50
24 59 38
25 0 2
25 1 4
25 2 17
25 3 15
25 5 14
25 8 51
25 9 5
25 10 18
25 11 44
25 13 7
25 14 31
25 15 42
25 16 38
25 17 28
25 18 57
25 19 9
25 20 45
25 22 49
25 23 41
25 24 23
25 25 6
25 26 52
25 27 39
25 29 56
25 33 8
25 34 3
25 35 25
25 36 1
25 39 0
25 40 22
25 43 37
25 44 16
25 48 26
25 50 34
25 51 55
25 53 36
25 55 53
25 56 58
25 58 32
26 1 1
26 2 40
26 3 59
26 5 43
26 7 8
26 10 23
26 11 52
26 12 32
26 16 39
26 17 56
26 19 58
26 21 54
26 22 35
26 26 42
26 28 53
26 33 36
26 35 24
26 36 3
26 38 27
26 39 12
26 40 19
26 41 30
26 42 33
26 43 13
26 44 7
26 46 44
26 48 6
26 50 46
26 52 21
26 54 15
26 56 57
26 57 25
26 58 28
27 1 37
27 2 33
27 3 29
27 5 57
27 6 38
27 7 40
27 8 12
27 9 26
27 10 36
27 11 23
27 13 39
27 14 0
27 15 2
27 16 46
27 19 48
27 22 1
27 23 8
27 24 4
27 25 25
27 28 13
27 29 42
27 34 11
27 35 21
27 36 7
27 39 14
27 43 27
27 47 41
27 49 52
27 50 28
27 55 18
27 56 6
27 57 10
28 0 6
28 3 42
28 6 16
28 7 11
28 10 32
28 12 7
28 14 59
28 17 58
28 19 54
28 20 40
28 21 26
28 22 5
28 23 14
28 24 47
28 25 17
28 26 48
28 27 22
28 28 45
28 29 46
28 31 56
28 32 53
28 33 55
28 35 49
28 36 21
28 37 2
28 38 3
28 39 35
28 41 27
28 42 10
28 44 15
28 45 52
28 47 43
28 48 34
28 50 51
28 53 20
28 56 25
28 57 1
28 58 33
29 1 17
29 3 52
29 4 11
29 5 37
29 6 41
29 7 1
29 9 38
29 11 18
29 13 3
29 14 25
29 15 34
29 16 35
29 19 29
29 20 54
29 21 8
29 24 42
29 25 57
29 27 44
29 28 24
29 29 50
29 32 56
29 33 26
29 36 58
29 39 30
29 40 10
29 41 53
29 44 20
29 45 31
29 46 5
29 47 15
29 48 19
29 49 6
29 50 7
29 51 21
29 53 33
29 55 55
29 56 47
29 57 22
29 59 49
30 1 39
30 2 29
30 4 1
30 6 7
30 7 30
30 8 31
30 9 15
30 10 51
30 11 37
30 12 36
30 13 43
30 14 50
30 15 25
30 16 42
30 18 26
30 19 14
30 20 53
30 21 16
30 22 28
30 23 27
30 24 20
30 27 10
30 28 32
30 30 17
30 31 21
30 34 22
30 37 33
30 41 38
30 42 2
30 44 55
30 45 12
30 48 18
30 50 57
30 51 54
30 53 13
30 54 47
30 56 0
30 57 9
30 58 52
31 1 11
31 2 38
31 4 35
31 5 53
31 8 28
31 9 33
31 11 32
31 14 44
31 16 8
31 18 5
31 19 52
31 20 31
31 21 17
31 22 34
31 23 23
31 25 50
31 26 12
31 27 30
31 28 40
31 31 39
31 32 41
31 35 9
31 37 21
31 40 4
31 41 58
31 43 19
31 44 6
31 45 37
31 46 42
31 47 56
31 48 45
31 49 3
31 50 0
31 51 1
31 52 22
31 57 47
32 0 24
32 3 28
32 5 16
32 7 44
32 10 19
32 14 7
32 16 27
32 18 12
32 20 49
32 21 40
32 22 53
32 26 31
32 27 43
32 28 57
32 29 37
32 31 32
32 32 30
32 36 36
32 37 0
32 38 14
32 39 10
32 43 56
32 45 38
32 47 18
32 49 20
32 50 2
32 51 51
32 52 8
32 53 6
32 54 45
32 57 5
32 59 42
33 3 55
33 4 45
33 6 57
33 7 32
33 8 7
33 9 52
33 10 47
33 12 51
33 13 29
33 14 10
33 17 5
33 18 25
33 19 30
33 20 43
33 21 44
33 22 33
33 23 22
33 24 9
33 27 59
33 29 53
33 30 21
33 31 0
33 32 46
33 33 12
33 35 4
33 36 56
33 38 38
33 39 39
33 40 6
33 41 36
33 42 11
33 49 42
33 50 31
33 53 16
33 54 19
33 56 8
33 58 23
33 59 40
34 0 43
34 2 26
34 4 5
34 5 59
34 7 57
34 8 16
34 9 8
34 10 20
34 12 46
34 15 9
34 17 31
34 18 3
34 19 12
34 21 38
34 22 56
34 23 40
34 26 2
34 34 32
34 39 33
34 40 51
34 42 6
34 44 50
34 45 15
34 46 29
34 47 52
34 48 13
34 53 54
34 54 14
34 56 28
34 58 11
35 0 9
35 1 5
35 2 54
35 5 46
35 8 22
35 9 35
35 10 44
35 11 43
35 12 59
35 14 18
35 16 24
35 18 34
35 20 32
35 21 52
35 22 21
35 23 48
35 24 45
35 25 0
35 27 42
35 29 47
35 35 30
35 36 38
35 37 15
35 38 17
35 39 13
35 41 11
35 42 20
35 43 51
35 45 16
35 46 58
35 48 56
35 49 29
35 51 31
35 53 26
35 54 36
35 55 49
35 57 57
36 0 48
36 1 53
36 3 58
36 5 0
36 6 18
36 7 36
36 8 35
36 10 3
36 11 51
36 18 55
36 19 19
36 22 44
36 24 6
36 25 39
36 26 28
36 27 46
36 28 42
36 29 41
36 30 7
36 31 5
36 33 22
36 34 29
36 36 52
36 40 16
36 41 26
36 42 21
36 44 11
36 46 38
36 47 10
36 48 40
36 49 57
36 50 49
36 51 4
36 54 37
36 55 15
36 56 33
36 57 8
36 58 31
36 59 56
37 1 52
37 2 50
37 4 38
37 5 21
37 8 48
37 10 25
37 11 27
37 13 35
37 14 26
37 20 37
37 24 32
37 26 39
37 27 9
37 28 4
37 29 11
37 30 51
37 31 6
37 33 43
37 36 59
37 37 23
37 38 18
37 40 45
37 41 34
37 42 41
37 43 24
37 50 44
37 51 28
37 52 31
37 53 55
37 54 58
37 57 36
37 59 30
38 1 51
38 2 28
38 7 54
38 8 49
38 10 10
38 13 42
38 14 35
38 16 6
38 17 44
38 18 46
38 19 4
38 20 41
38 22 31
38 24 37
38 25 20
38 28 17
38 29 29
38 33 48
38 34 57
38 35 12
38 36 18
38 37 5
38 38 34
38 40 8
38 41 23
38 42 19
38 44 21
38 48 9
38 49 58
38 51 59
38 52 40
38 53 56
38 56 27
38 57 0
38 59 39
39 1 26
39 4 44
39 8 1
39 10 24
39 11 16
39 12 33
39 13 46
39 15 57
39 16 15
39 17 7
39 18 42
39 20 55
39 22 20
39 23 34
39 27 27
39 28 28
39 30 12
39 31 54
39 33 5
39 35 50
39 36 11
39 38 41
39 40 18
39 42 51
39 44 47
39 47 19
39 49 4
39 50 52
39 51 10
39 52 9
39 53 38
39 55 13
39 58 17
39 59 48
40 2 30
40 4 33
40 5 42
40 9 14
40 10 34
40 11 21
40 12 25
40 13 48
40 15 51
40 16 52
40 20 27
40 23 15
40 26 29
40 28 56
40 30 36
40 35 47
40 38 50
40 39 40
40 40 20
40 41 4
40 42 35
40 43 32
40 44 8
40 46 57
40 47 28
40 48 10
40 49 2
40 50 54
40 51 53
40 52 26
40 53 0
40 54 23
40 55 44
40 58 1
40 59 9
41 1 24
41 3 9
41 4 23
41 5 49
41 9 16
41 10 11
41 11 30
41 12 18
41 13 59
41 16 54
41 17 33
41 20 44
41 21 29
41 22 6
41 23 35
41 24 5
41 29 13
41 30 58
41 33 57
41 35 38
41 37 48
41 40 41
41 41 10
41 43 31
41 44 53
41 45 19
41 46 55
41 47 25
41 53 15
41 54 39
41 55 52
41 57 28
41 59 26
42 2 2
42 3 31
42 4 28
42 5 51
42 6 39
42 8 54
42 9 6
42 11 15
42 12 52
42 13 9
42 14 48
42 15 24
42 17 57
42 18 7
42 19 23
42 21 19
42 24 46
42 28 49
42 29 8
42 30 32
42 35 56
42 37 47
42 39 42
42 40 40
42 43 18
42 44 10
42 45 41
42 47 58
42 48 37
42 50 20
42 54 5
42 55 35
42 56 34
42 57 53
42 58 21
42 59 59
43 0 22
43 1 35
43 2 3
43 4 39
43 6 51
43 8 0
43 10 9
43 11 26
43 13 40
43 14 43
43 17 34
43 19 17
43 20 19
43 21 49
43 22 59
43 24 1
43 25 12
43 26 32
43 27 20
43 29 38
43 31 28
43 32 44
43 33 52
43 35 37
43 36 13
43 37 55
43 38 21
43 41 29
43 43 5
43 44 42
43 48 46
43 49 48
43 50 14
43 54 18
43 56 53
43 58 58
43 59 36
44 0 13
44 3 25
44 5 38
44 9 43
44 10 21
44 12 17
44 15 35
44 16 0
44 18 24
44 19 51
44 23 32
44 24 11
44 25 42
44 28 46
44 29 15
44 34 50
44 35 3
44 40 31
44 43 14
44 45 57
44 48 33
44 50 10
44 52 30
44 53 23
44 54 48
44 55 29
44 56 49
44 57 55
45 0 4
45 1 19
45 3 16
45 4 7
45 8 11
45 10 58
45 11 49
45 12 31
45 19 15
45 20 50
45 21 53
45 22 29
45 23 45
45 25 21
45 26 5
45 27 26
45 28 10
45 29 12
45 31 33
45 32 55
45 34 14
45 35 6
45 36 39
45 37 27
45 42 43
45 44 22
45 45 25
45 46 40
45 48 8
45 50 35
45 51 44
45 52 28
45 53 47
45 54 0
45 55 54
45 56 41
45 57 3
45 58 42
45 59 57
46 1 31
46 2 32
46 4 10
46 5 56
46 6 21
46 8 45
46 10 41
46 11 29
46 12 4
46 13 1
46 14 2
46 15 12
46 16 11
46 18 23
46 20 33
46 21 0
46 24 24
46 27 55
46 28 43
46 31 13
46 33 39
46 34 9
46 35 28
46 36 50
46 37 44
46 38 6
46 39 26
46 43 54
46 44 30
46 47 7
46 49 47
46 50 19
46 51 40
46 52 25
46 54 35
46 55 5
46 56 15
46 59 20
47 0 41
47 2 51
47 4 8
47 5 3
47 8 44
47 13 56
47 16 20
47 18 30
47 19 42
47 21 1
47 22 9
47 23 47
47 24 35
47 25 22
47 27 40
47 30 11
47 32 32
47 33 29
47 36 49
47 38 37
47 40 15
47 41 59
47 42 17
47 44 36
47 46 18
47 47 33
47 49 24
47 51 0
47 52 43
47 56 12
47 57 14
47 58 16
47 59 7
48 0 14
48 4 37
48 8 56
48 9 2
48 11 40
48 13 17
48 15 19
48 16 13
48 17 55
48 20 39
48 22 11
48 24 54
48 26 47
48 27 7
48 28 5
48 29 59
48 30 15
48 31 12
48 32 21
48 36 30
48 37 36
48 38 48
48 39 57
48 40 58
48 43 52
48 44 23
48 46 10
48 48 38
48 51 43
48 52 46
48 54 49
48 55 27
48 56 32
48 57 16
48 58 18
49 2 7
49 3 47
49 5 25
49 6 6
49 7 39
49 8 18
49 9 4
49 11 14
49 12 27
49 13 37
49 14 58
49 17 38
49 18 1
49 19 35
49 20 48
49 21 56
49 29 23
49 32 15
49 33 24
49 35 16
49 37 43
49 42 28
49 43 11
49 44 13
49 48 59
49 50 22
49 52 5
49 54 8
49 55 33
49 59 50
50 0 39
50 1 3
50 3 53
50 5 33
50 7 26
50 8 8
50 9 23
50 10 30
50 11 17
50 15 20
50 18 21
50 19 40
50 20 47
50 21 9
50 22 7
50 25 2
50 26 57
50 27 51
50 31 55
50 33 16
50 34 4
50 35 34
50 36 27
50 37 6
50 40 52
50 41 14
50 42 38
50 43 12
50 44 45
50 45 24
50 46 50
50 49 15
50 52 56
50 53 25
50 54 29
50 55 10
50 56 13
50 59 54
51 1 49
51 2 58
51 4 12
51 5 17
51 6 52
51 7 13
51 9 21
51 10 57
51 11 34
51 12 41
51 14 51
51 15 10
51 17 32
51 22 19
51 23 44
51 26 24
51 30 14
51 31 22
51 33 0
51 34 47
51 35 40
51 36 2
51 37 53
51 39 1
51 40 48
51 41 6
51 42 27
51 44 38
51 45 39
51 46 4
51 47 9
51 48 28
51 49 5
51 50 3
51 51 42
51 53 43
51 54 33
51 57 23
51 59 16
52 0 53
52 2 57
52 3 44
52 4 20
52 6 30
52 7 21
52 10 55
52 11 2
52 12 0
52 15 56
52 16 41
52 17 9
52 18 51
52 21 37
52 22 4
52 23 42
52 25 27
52 27 52
52 28 39
52 29 3
52 30 49
52 32 8
52 33 10
52 34 38
52 35 15
52 36 48
52 39 5
52 40 23
52 42 1
52 44 54
52 45 13
52 46 43
52 47 16
52 48 12
52 51 34
52 52 14
52 53 50
52 55 24
52 56 29
53 0 23
53 2 4
53 3 38
53 5 45
53 6 50
53 8 29
53 9 1
53 10 15
53 12 5
53 13 18
53 15 47
53 17 3
53 18 27
53 19 6
53 20 0
53 22 2
53 23 24
53 24 52
53 26 44
53 27 56
53 28 20
53 29 40
53 30 42
53 31 30
53 33 33
53 34 35
53 35 31
53 37 41
53 38 26
53 39 25
53 40 53
53 42 12
53 43 28
53 45 59
53 46 7
53 47 8
53 48 22
53 50 13
53 52 49
53 53 10
53 54 11
53 55 36
53 57 46
53 58 54
54 0 52
54 2 0
54 4 25
54 5 29
54 8 53
54 9 12
54 13 24
54 18 9
54 20 3
54 21 55
54 23 51
54 24 50
54 26 49
54 27 28
54 29 30
54 30 57
54 35 41
54 36 35
54 37 10
54 38 15
54 39 44
54 40 13
54 42 23
54 43 42
54 45 54
54 47 5
54 51 32
54 52 6
54 53 17
54 55 22
54 56 2
54 57 26
54 59 46
55 2 35
55 3 45
55 5 34
55 6 12
55 7 42
55 11 20
55 12 23
55 13 55
55 15 53
55 18 0
55 19 44
55 20 13
55 21 15
55 22 3
55 23 11
55 24 21
55 26 54
55 28 22
55 29 31
55 33 47
55 34 6
55 35 1
55 36 8
55 39 24
55 40 37
55 41 28
55 42 56
55 43 16
55 44 59
55 45 40
55 46 49
55 47 29
55 48 50
55 49 17
55 50 36
55 51 58
55 54 4
55 55 19
55 56 7
55 57 52
55 59 32
56 0 51
56 1 58
56 2 55
56 3 26
56 6 27
56 8 30
56 11 5
56 12 6
56 13 54
56 14 22
56 18 19
56 20 16
56 22 10
56 24 44
56 25 32
56 28 12
56 29 0
56 31 38
56 32 42
56 33 45
56 36 20
56 39 43
56 40 47
56 41 3
56 43 21
56 44 49
56 45 53
56 46 25
56 49 40
56 54 34
56 55 8
56 58 39
57 0 31
57 2 27
57 3 10
57 4 51
57 5 55
57 6 13
57 7 33
57 9 7
57 10 2
57 11 42
57 12 49
57 13 15
57 15 11
57 16 4
57 18 59
57 21 34
57 24 8
57 25 24
57 27 25
57 29 54
57 30 6
57 32 9
57 33 38
57 37 3
57 41 44
57 42 40
57 44 46
57 46 14
57 47 22
57 48 58
57 51 23
57 52 57
57 54 56
57 55 45
57 58 12
58 0 1
58 4 43
58 5 12
58 7 35
58 8 38
58 9 48
58 10 33
58 11 46
58 12 45
58 17 23
58 23 39
58 24 3
58 28 2
58 29 36
58 30 34
58 31 42
58 34 56
58 35 52
58 36 51
58 37 57
58 38 32
58 40 50
58 43 41
58 45 58
58 46 9
58 47 55
58 49 49
58 53 11
58 58 30
58 59 0
59 1 50
59 2 45
59 4 40
59 6 31
59 7 7
59 10 5
59 14 13
59 15 49
59 17 54
59 18 28
59 19 16
59 20 8
59 21 35
59 22 22
59 24 36
59 25 26
59 26 18
59 27 4
59 29 34
59 30 10
59 31 9
59 35 55
59 36 46
59 37 14
59 40 42
59 43 39
59 44 3
59 47 47
59 50 53
59 53 1
59 54 25
59 55 11
59 57 15
59 59 6
