70
0 0 36
0 2 67
0 3 3
0 4 48
0 6 46
0 10 52
0 12 30
0 13 11
0 16 17
0 26 43
0 27 60
0 32 32
0 35 12
0 38 22
0 41 16
0 48 0
0 50 25
0 54 14
0 58 19
0 59 13
0 62 61
0 67 6
0 69 59
1 4 50
1 8 63
1 9 60
1 13 36
1 15 17
1 19 69
1 21 13
1 26 54
1 28 23
1 30 3
1 33 32
1 37 43
1 39 48
1 43 6
1 48 57
1 54 8
1 56 47
1 59 25
2 0 34
2 6 61
2 7 45
2 11 47
2 12 26
2 19 14
2 20 8
2 29 55
2 31 37
2 32 67
2 33 4
2 35 25
2 41 7
2 42 10
2 47 69
2 49 9
2 55 29
2 56 1
2 57 63
2 59 60
2 62 35
2 65 33
2 68 22
3 0 15
3 3 17
3 4 32
3 5 67
3 11 48
3 16 1
3 21 41
3 25 38
3 30 10
3 31 11
3 38 55
3 39 33
3 44 26
3 47 27
3 50 36
3 59 21
3 62 2
3 67 50
4 4 40
4 5 36
4 10 29
4 11 34
4 17 64
4 19 30
4 20 67
4 28 47
4 29 45
4 33 69
4 36 62
4 46 11
4 48 22
4 49 33
4 50 39
4 55 61
4 57 9
4 63 66
4 66 41
4 69 28
5 1 52
5 3 2
5 8 46
5 9 15
5 11 68
5 13 44
5 23 8
5 24 55
5 26 10
5 30 57
5 36 32
5 38 7
5 44 54
5 46 58
5 48 38
5 52 14
5 54 69
5 58 39
5 61 50
5 63 4
6 5 17
6 6 40
6 7 41
6 12 63
6 16 8
6 20 32
6 21 38
6 24 0
6 25 43
6 30 18
6 32 12
6 38 68
6 43 7
6 44 52
6 45 15
6 49 4
6 50 42
6 51 56
6 53 39
6 60 6
6 62 49
6 65 10
6 66 55
6 67 2
7 2 18
7 3 50
7 5 53
7 10 47
7 11 65
7 14 34
7 15 9
7 20 17
7 22 41
7 23 26
7 29 2
7 31 3
7 34 15
7 40 59
7 41 54
7 42 25
7 43 62
7 47 63
7 54 52
7 56 27
7 63 68
7 66 6
7 67 7
8 0 63
8 1 65
8 6 28
8 7 23
8 13 45
8 15 8
8 21 32
8 24 19
8 25 47
8 30 50
8 32 17
8 42 31
8 43 61
8 44 16
8 48 58
8 55 3
8 63 59
8 64 22
9 0 66
9 4 22
9 9 14
9 11 17
9 12 34
9 15 12
9 18 48
9 19 51
9 21 1
9 34 16
9 39 60
9 40 29
9 43 55
9 44 21
9 46 0
9 55 64
9 56 11
9 59 63
9 63 20
9 66 37
10 2 49
10 4 7
10 8 47
10 9 48
10 12 4
10 15 61
10 17 44
10 18 5
10 20 11
10 21 60
10 25 31
10 26 22
10 29 10
10 33 35
10 37 52
10 40 54
10 41 67
10 44 15
10 46 3
10 49 14
10 61 58
10 68 37
10 69 21
11 2 53
11 4 57
11 5 43
11 6 39
11 8 61
11 10 64
11 11 12
11 16 10
11 24 33
11 25 22
11 35 30
11 42 1
11 45 66
11 48 56
11 49 67
11 52 25
11 54 31
11 56 55
11 63 29
11 69 41
12 1 22
12 3 33
12 4 1
12 6 0
12 7 13
12 8 19
12 14 58
12 18 39
12 21 18
12 25 55
12 29 23
12 33 24
12 34 46
12 38 69
12 42 26
12 43 37
12 47 8
12 50 63
12 53 21
12 61 54
12 68 27
12 69 35
13 0 47
13 1 20
13 6 62
13 7 66
13 15 31
13 16 65
13 17 39
13 22 27
13 23 57
13 24 10
13 27 25
13 30 1
13 35 40
13 36 2
13 38 50
13 40 32
13 41 56
13 53 0
13 54 15
13 58 42
13 60 64
13 67 34
13 68 53
14 2 3
14 9 16
14 12 46
14 16 13
14 21 47
14 22 66
14 25 14
14 39 25
14 44 57
14 48 44
14 50 33
14 56 0
14 57 69
14 61 64
14 68 38
14 69 19
15 0 3
15 2 29
15 15 25
15 26 14
15 27 49
15 29 33
15 30 48
15 39 53
15 42 34
15 47 36
15 48 24
15 49 16
15 52 1
15 58 4
15 66 35
15 69 68
16 2 7
16 3 13
16 5 32
16 7 27
16 8 6
16 11 3
16 19 11
16 20 52
16 21 68
16 24 67
16 26 20
16 28 51
16 31 23
16 38 61
16 39 38
16 41 35
16 46 9
16 50 5
16 54 17
16 55 24
16 56 50
16 57 30
16 58 21
16 59 15
16 63 64
16 64 66
16 68 55
17 2 9
17 5 40
17 10 48
17 12 62
17 13 69
17 21 61
17 22 32
17 29 11
17 32 25
17 33 55
17 38 31
17 40 50
17 49 8
17 53 64
17 57 0
17 61 60
17 64 24
17 68 21
18 0 22
18 5 60
18 10 21
18 12 0
18 14 53
18 15 24
18 19 18
18 23 15
18 25 17
18 27 20
18 35 33
18 37 14
18 44 41
18 54 19
18 56 65
18 57 48
18 58 62
18 60 44
18 62 67
18 65 64
18 68 31
19 1 55
19 2 37
19 4 52
19 6 36
19 7 38
19 14 24
19 15 65
19 23 64
19 31 10
19 34 63
19 35 32
19 36 57
19 38 47
19 44 29
19 47 67
19 61 56
19 62 69
19 67 61
20 2 45
20 3 55
20 7 67
20 13 14
20 15 2
20 16 69
20 17 47
20 22 29
20 26 36
20 36 60
20 41 33
20 42 57
20 46 12
20 52 68
20 56 63
20 60 1
20 63 42
20 64 54
20 66 62
20 67 43
20 69 39
21 3 64
21 8 69
21 18 33
21 32 61
21 34 39
21 35 17
21 36 14
21 38 5
21 40 22
21 41 48
21 45 23
21 46 1
21 48 7
21 50 59
21 51 53
21 54 49
21 55 58
21 59 50
21 62 26
21 65 35
21 69 2
22 1 18
22 14 2
22 19 27
22 27 45
22 29 50
22 31 6
22 43 41
22 44 33
22 48 54
22 52 52
22 54 48
22 58 46
22 61 23
22 64 8
22 67 16
23 0 28
23 1 59
23 4 65
23 12 50
23 15 33
23 16 2
23 17 60
23 20 58
23 24 24
23 30 30
23 33 18
23 41 61
23 43 46
23 57 47
23 58 44
23 60 43
23 62 48
23 66 5
24 2 21
24 8 3
24 11 32
24 13 68
24 15 5
24 24 48
24 25 61
24 28 49
24 29 22
24 30 56
24 31 54
24 33 42
24 34 34
24 36 10
24 37 41
24 39 46
24 41 50
24 47 62
24 48 43
24 56 31
24 66 19
25 0 57
25 3 41
25 4 5
25 7 34
25 9 39
25 13 17
25 18 31
25 23 12
25 25 7
25 26 9
25 29 40
25 37 38
25 44 46
25 45 52
25 46 43
25 47 35
25 48 8
25 50 22
25 54 23
25 57 62
25 58 53
25 61 30
25 63 11
25 65 69
25 66 51
26 4 39
26 5 56
26 8 32
26 10 58
26 12 2
26 15 59
26 16 19
26 22 53
26 23 51
26 26 68
26 28 61
26 30 66
26 33 0
26 38 30
26 45 60
26 48 47
26 52 62
26 56 43
26 57 4
26 64 33
26 65 31
26 66 17
27 1 61
27 5 64
27 10 8
27 16 26
27 19 49
27 27 19
27 37 62
27 38 48
27 41 3
27 44 39
27 48 12
27 51 11
27 53 41
27 58 63
27 59 69
27 64 7
27 68 43
28 4 4
28 8 10
28 10 14
28 14 6
28 17 15
28 21 59
28 24 40
28 25 0
28 26 44
28 28 66
28 32 47
28 34 30
28 36 36
28 37 50
28 40 61
28 43 34
28 47 64
28 49 53
28 50 3
28 55 38
28 61 22
28 65 12
28 69 17
29 0 37
29 1 10
29 4 63
29 20 69
29 22 67
29 25 25
29 30 8
29 32 62
29 41 42
29 42 11
29 46 31
29 47 5
29 48 18
29 49 64
29 50 29
29 52 13
29 53 32
29 58 1
29 59 56
29 65 28
29 69 44
30 10 61
30 16 11
30 17 46
30 19 10
30 20 36
30 27 38
30 28 0
30 32 50
30 33 5
30 37 47
30 43 22
30 44 58
30 45 12
30 53 7
30 54 2
30 58 49
30 59 45
30 68 40
30 69 27
31 0 25
31 1 47
31 5 34
31 7 43
31 9 0
31 13 48
31 20 38
31 24 45
31 26 8
31 30 41
31 31 52
31 33 67
31 35 65
31 38 66
31 40 69
31 44 63
31 45 61
31 49 15
31 51 64
31 52 46
31 53 68
31 57 56
31 58 33
31 65 39
31 69 11
32 2 31
32 3 27
32 4 67
32 8 14
32 21 16
32 25 11
32 29 61
32 31 46
32 32 57
32 39 36
32 46 23
32 47 6
32 51 50
32 54 55
32 57 66
32 58 59
32 62 33
32 63 15
32 64 25
32 65 43
32 68 17
32 69 54
33 1 2
33 2 35
33 5 61
33 12 13
33 13 34
33 21 64
33 30 37
33 32 45
33 37 33
33 40 9
33 41 17
33 42 55
33 44 31
33 54 27
33 59 51
33 60 63
33 62 24
34 2 26
34 3 69
34 17 22
34 19 19
34 21 20
34 24 50
34 26 67
34 33 62
34 35 15
34 38 34
34 39 24
34 42 4
34 45 28
34 50 61
34 54 66
34 57 21
34 61 41
34 63 1
34 65 17
34 66 38
34 68 45
35 3 56
35 6 55
35 9 65
35 10 27
35 12 31
35 14 35
35 16 43
35 18 8
35 24 44
35 25 23
35 27 63
35 38 14
35 42 0
35 48 42
35 50 12
35 51 46
35 55 17
35 57 37
35 58 32
35 59 57
35 62 13
35 66 48
35 67 9
36 0 60
36 1 33
36 2 66
36 3 5
36 6 15
36 7 50
36 8 2
36 9 68
36 12 59
36 13 10
36 15 40
36 16 67
36 18 30
36 20 1
36 23 58
36 25 54
36 28 55
36 31 19
36 33 31
36 34 43
36 36 44
36 38 56
36 42 61
36 43 17
36 45 42
36 50 24
36 51 49
36 55 8
36 57 27
36 58 7
36 62 11
36 68 25
36 69 52
37 7 49
37 12 45
37 13 65
37 15 39
37 22 54
37 23 28
37 27 48
37 33 38
37 38 40
37 43 35
37 44 55
37 45 67
37 46 16
37 51 57
37 52 32
37 56 15
37 57 22
37 59 7
37 62 46
37 69 4
38 11 1
38 13 63
38 15 35
38 18 40
38 19 26
38 20 22
38 27 36
38 28 25
38 31 41
38 37 6
38 43 68
38 44 27
38 48 17
38 50 52
38 51 13
38 53 54
38 58 45
38 59 34
38 60 24
38 63 32
38 67 37
38 69 10
39 4 19
39 6 38
39 10 12
39 14 8
39 19 45
39 22 65
39 25 53
39 26 57
39 27 64
39 28 26
39 29 62
39 31 1
39 32 16
39 34 36
39 35 60
39 36 33
39 44 32
39 47 66
39 51 10
39 52 5
39 54 43
39 56 67
39 57 54
39 65 55
39 69 23
40 0 52
40 8 8
40 11 11
40 12 21
40 18 9
40 19 33
40 25 39
40 31 60
40 32 6
40 39 2
40 41 66
40 44 18
40 45 14
40 47 16
40 51 31
40 55 1
40 66 46
40 68 62
41 0 35
41 1 12
41 4 33
41 6 66
41 7 54
41 11 39
41 12 16
41 18 50
41 19 24
41 20 56
41 25 26
41 28 43
41 31 34
41 32 40
41 38 23
41 39 11
41 41 51
41 43 25
41 44 22
41 46 21
41 47 55
41 48 9
41 50 47
41 54 57
41 63 48
41 64 13
41 67 8
42 0 29
42 1 67
42 12 1
42 20 20
42 27 37
42 32 55
42 33 47
42 34 14
42 35 44
42 36 30
42 37 35
42 41 68
42 52 3
42 54 9
42 57 19
42 58 56
42 60 50
42 61 13
42 67 62
43 1 68
43 2 61
43 3 51
43 4 66
43 17 37
43 23 44
43 24 30
43 25 1
43 30 60
43 32 35
43 35 13
43 36 41
43 44 50
43 46 15
43 52 17
43 62 18
43 66 49
44 1 11
44 8 24
44 9 41
44 10 10
44 13 33
44 16 39
44 19 15
44 23 22
44 26 2
44 28 38
44 31 40
44 34 20
44 40 53
44 45 45
44 46 60
44 48 51
44 50 18
44 52 69
44 53 36
44 54 44
44 56 66
44 57 50
44 61 68
44 66 63
45 1 49
45 3 38
45 7 46
45 8 43
45 17 23
45 18 19
45 22 22
45 27 13
45 36 59
45 51 34
45 58 10
45 60 55
45 63 65
45 65 58
45 67 44
46 3 6
46 5 19
46 6 24
46 7 30
46 12 20
46 22 12
46 29 65
46 31 68
46 34 21
46 43 48
46 50 8
46 52 26
46 53 3
46 57 11
46 60 69
46 64 52
46 66 15
46 67 10
47 3 53
47 4 6
47 13 21
47 20 4
47 25 41
47 26 29
47 30 7
47 31 5
47 36 38
47 37 19
47 40 60
47 45 56
47 49 45
47 52 57
47 55 51
47 57 42
47 61 17
47 62 32
47 68 52
48 2 28
48 6 27
48 8 53
48 11 46
48 14 13
48 25 48
48 26 33
48 28 45
48 33 52
48 35 58
48 40 1
48 44 7
48 46 57
48 48 14
48 54 59
48 56 68
48 57 10
48 60 62
48 69 34
49 8 50
49 9 57
49 10 63
49 14 10
49 18 66
49 25 27
49 30 58
49 31 20
49 32 52
49 33 53
49 55 62
49 57 67
49 61 24
49 68 33
49 69 36
50 0 17
50 4 10
50 5 16
50 9 63
50 14 60
50 16 22
50 20 61
50 22 43
50 23 23
50 25 20
50 26 45
50 34 31
50 41 49
50 43 21
50 46 30
50 52 59
50 56 3
50 58 13
50 63 40
50 69 69
51 1 27
51 6 67
51 7 31
51 13 51
51 15 1
51 16 52
51 17 41
51 22 50
51 23 69
51 27 3
51 28 29
51 31 0
51 36 37
51 37 10
51 38 62
51 41 39
51 42 46
51 43 16
51 48 66
51 49 48
51 54 60
51 56 32
51 59 12
51 69 65
52 5 62
52 17 5
52 18 2
52 20 13
52 22 48
52 23 6
52 24 60
52 26 31
52 29 27
52 30 36
52 32 59
52 34 32
52 35 20
52 37 1
52 40 19
52 42 22
52 44 23
52 45 69
52 50 34
52 51 29
52 58 17
52 60 10
52 65 16
52 68 63
53 6 14
53 7 29
53 12 33
53 13 25
53 14 56
53 15 58
53 17 9
53 20 54
53 21 39
53 22 45
53 24 32
53 29 15
53 33 61
53 34 1
53 35 5
53 37 60
53 38 18
53 39 20
53 42 43
53 49 38
53 54 12
53 60 48
53 64 26
53 65 22
54 0 11
54 1 25
54 6 22
54 10 44
54 11 51
54 13 39
54 18 42
54 19 16
54 21 26
54 31 31
54 38 63
54 41 6
54 43 8
54 48 34
54 55 18
54 58 28
54 60 3
54 64 30
54 66 45
55 1 46
55 2 19
55 4 21
55 6 44
55 11 60
55 20 40
55 23 24
55 25 49
55 26 38
55 27 1
55 28 48
55 29 51
55 32 33
55 33 68
55 36 8
55 37 17
55 45 34
55 46 50
55 47 20
55 51 62
55 52 42
55 54 22
55 55 69
55 58 66
55 62 63
55 66 4
55 67 31
55 68 64
56 0 62
56 1 9
56 5 44
56 9 23
56 11 19
56 16 7
56 18 43
56 19 5
56 24 56
56 29 57
56 32 64
56 35 55
56 37 24
56 40 48
56 45 65
56 46 54
56 47 22
56 50 21
56 51 2
56 55 42
56 56 29
56 58 27
56 61 3
56 66 28
56 69 45
57 1 8
57 8 5
57 9 32
57 14 33
57 18 13
57 24 68
57 25 16
57 32 9
57 35 35
57 39 62
57 41 19
57 45 40
57 46 52
57 48 23
57 49 18
57 52 24
57 53 1
57 57 45
57 58 54
57 60 59
57 62 55
58 8 56
58 17 26
58 20 16
58 24 2
58 26 48
58 28 59
58 32 39
58 37 13
58 40 5
58 41 8
58 42 65
58 44 42
58 46 14
58 56 35
58 62 43
58 65 50
59 2 5
59 7 44
59 10 37
59 13 20
59 15 68
59 20 2
59 21 65
59 22 14
59 23 32
59 32 7
59 36 3
59 38 12
59 41 11
59 42 30
59 45 25
59 46 6
59 52 43
59 54 18
59 57 38
59 65 66
59 68 36
60 1 6
60 6 26
60 8 42
60 10 11
60 13 41
60 16 18
60 17 61
60 21 33
60 25 45
60 32 36
60 41 46
60 45 59
60 47 48
60 51 32
60 55 60
60 57 2
60 58 14
60 64 10
60 66 43
61 0 50
61 1 7
61 2 2
61 4 30
61 5 35
61 9 44
61 14 42
61 17 62
61 19 67
61 27 26
61 28 16
61 30 14
61 39 40
61 46 24
61 48 65
61 49 49
61 62 36
61 67 32
62 2 59
62 5 54
62 8 29
62 9 11
62 18 60
62 19 56
62 33 17
62 36 48
62 43 20
62 49 26
62 51 22
62 52 64
62 53 45
62 58 68
62 60 2
62 61 34
62 66 0
62 67 39
63 3 67
63 15 69
63 16 45
63 18 11
63 23 60
63 31 63
63 35 68
63 39 54
63 41 65
63 42 58
63 46 41
63 47 3
63 48 39
63 56 23
63 59 17
63 61 61
63 63 51
63 65 29
63 66 16
63 67 35
63 69 46
64 1 30
64 6 57
64 9 45
64 14 27
64 18 35
64 20 43
64 23 56
64 27 24
64 28 19
64 33 16
64 36 11
64 37 18
64 38 29
64 39 41
64 40 3
64 48 33
64 49 55
64 50 28
64 54 39
64 58 25
64 61 51
64 63 2
64 65 15
64 69 47
65 3 12
65 8 51
65 10 16
65 11 20
65 12 7
65 19 40
65 20 44
65 21 15
65 23 30
65 24 23
65 25 50
65 34 52
65 40 43
65 42 33
65 46 62
65 56 37
65 63 55
65 68 65
66 2 62
66 3 45
66 7 51
66 8 39
66 11 57
66 13 18
66 24 3
66 25 34
66 27 55
66 28 67
66 30 2
66 33 11
66 34 44
66 36 50
66 39 68
66 47 31
66 49 1
66 53 38
66 54 16
66 58 47
66 62 17
66 64 48
66 65 21
66 66 23
66 67 36
66 68 42
67 0 9
67 2 16
67 5 10
67 6 41
67 7 33
67 21 28
67 28 35
67 29 4
67 34 29
67 38 65
67 40 13
67 42 2
67 43 39
67 47 57
67 55 45
67 56 54
67 60 61
67 62 40
67 64 12
67 66 11
67 67 68
67 69 25
68 0 6
68 1 14
68 2 55
68 4 62
68 6 58
68 7 28
68 11 66
68 14 69
68 15 52
68 16 3
68 17 48
68 21 9
68 23 10
68 29 12
68 34 13
68 36 51
68 42 20
68 43 33
68 45 38
68 48 46
68 49 47
68 50 27
68 52 45
68 53 61
68 56 41
68 57 43
68 60 40
68 65 18
68 66 39
68 69 60
69 1 50
69 10 15
69 15 62
69 18 1
69 20 24
69 21 0
69 27 41
69 28 33
69 31 28
69 34 17
69 42 27
69 43 54
69 48 4
69 55 55
69 56 46
69 58 40
69 61 48
69 65 60
69 69 12
