60
0 0 29
0 2 52
0 3 20
0 5 19
0 7 4
0 8 42
0 11 10
0 12 17
0 13 0
0 14 26
0 15 44
0 16 57
0 18 31
0 19 18
0 20 15
0 23 35
0 25 33
0 27 8
0 29 11
0 31 24
0 33 12
0 35 21
0 36 48
0 37 38
0 39 5
0 41 36
0 43 39
0 44 32
0 45 34
0 46 55
0 47 6
0 49 16
0 51 59
0 52 2
0 53 50
0 54 9
0 55 43
0 56 37
0 57 23
0 58 30
0 59 1
1 0 1
1 3 9
1 4 50
1 5 39
1 6 6
1 7 57
1 8 14
1 9 27
1 10 31
1 11 45
1 12 52
1 14 37
1 16 30
1 17 12
1 18 17
1 19 59
1 20 47
1 21 5
1 22 34
1 25 11
1 26 21
1 27 18
1 28 16
1 30 32
1 31 3
1 32 25
1 33 49
1 35 4
1 36 44
1 37 54
1 39 33
1 44 15
1 46 56
1 47 23
1 48 19
1 49 8
1 51 24
1 53 40
1 54 58
1 55 38
1 56 35
1 57 29
2 2 51
2 4 53
2 5 55
2 7 28
2 8 15
2 10 8
2 12 42
2 14 56
2 15 38
2 16 25
2 18 57
2 19 43
2 20 40
2 21 54
2 24 37
2 26 17
2 27 24
2 28 44
2 29 35
2 30 9
2 31 12
2 32 47
2 33 33
2 35 7
2 37 3
2 38 22
2 39 2
2 40 1
2 41 46
2 42 31
2 43 58
2 45 5
2 46 14
2 49 41
2 51 45
2 52 11
2 53 29
2 54 36
2 55 0
2 56 39
2 57 21
2 58 13
3 0 38
3 2 56
3 3 29
3 4 27
3 5 58
3 6 49
3 7 19
3 8 11
3 12 4
3 13 9
3 14 53
3 15 30
3 16 34
3 18 55
3 19 31
3 21 47
3 22 17
3 23 57
3 24 12
3 25 28
3 26 32
3 28 15
3 29 44
3 31 35
3 33 48
3 34 16
3 36 10
3 37 52
3 38 59
3 42 18
3 43 5
3 44 54
3 45 33
3 46 37
3 47 40
3 48 51
3 49 21
3 51 26
3 54 7
3 55 42
3 56 20
4 0 36
4 1 32
4 2 28
4 4 6
4 5 30
4 6 26
4 8 34
4 9 21
4 10 40
4 12 14
4 13 59
4 14 54
4 15 42
4 16 16
4 17 41
4 18 37
4 21 11
4 22 3
4 23 45
4 24 18
4 25 44
4 26 8
4 27 46
4 28 43
4 29 25
4 30 56
4 31 29
4 33 1
4 38 5
4 41 33
4 44 38
4 45 57
4 46 39
4 51 52
4 52 35
4 54 23
4 55 27
4 56 47
4 57 49
5 0 10
5 1 25
5 2 19
5 3 0
5 4 24
5 5 57
5 6 31
5 7 13
5 9 3
5 11 48
5 13 11
5 14 43
5 15 32
5 18 8
5 19 41
5 20 26
5 21 33
5 23 39
5 24 45
5 25 53
5 26 56
5 27 6
5 29 5
5 30 12
5 31 30
5 32 51
5 33 34
5 34 1
5 35 59
5 36 28
5 37 44
5 39 54
5 40 40
5 41 35
5 42 49
5 43 7
5 44 16
5 45 4
5 46 36
5 47 17
5 48 2
5 49 52
5 51 15
5 52 50
5 54 29
5 55 58
5 56 42
5 57 27
5 58 55
5 59 9
6 0 55
6 1 9
6 3 8
6 4 43
6 6 11
6 9 42
6 10 1
6 11 49
6 12 5
6 13 3
6 16 0
6 17 20
6 19 51
6 20 50
6 21 15
6 22 57
6 24 47
6 26 4
6 27 48
6 28 29
6 29 41
6 30 59
6 34 52
6 35 58
6 36 36
6 37 35
6 38 31
6 39 27
6 40 44
6 41 7
6 42 30
6 43 40
6 44 34
6 45 6
6 47 54
6 48 38
6 50 25
6 53 56
6 54 24
6 56 33
6 57 12
7 0 44
7 1 41
7 3 47
7 4 42
7 5 16
7 6 10
7 9 30
7 10 33
7 11 12
7 14 8
7 15 23
7 16 58
7 17 51
7 18 2
7 19 53
7 20 38
7 24 56
7 25 21
7 27 57
7 29 0
7 30 46
7 33 7
7 34 17
7 35 11
7 37 20
7 38 27
7 39 40
7 42 54
7 44 31
7 45 39
7 46 5
7 47 49
7 48 4
7 49 55
7 51 43
7 52 19
7 53 22
7 55 3
7 56 48
7 57 15
7 58 36
7 59 32
8 0 7
8 1 18
8 2 20
8 5 28
8 6 1
8 7 51
8 8 27
8 9 2
8 12 40
8 14 55
8 16 12
8 17 9
8 19 29
8 20 8
8 22 33
8 23 24
8 24 14
8 26 38
8 27 26
8 28 35
8 29 4
8 30 47
8 32 46
8 33 30
8 35 19
8 37 36
8 38 41
8 39 50
8 40 39
8 41 53
8 42 43
8 43 3
8 44 52
8 45 25
8 46 17
8 47 44
8 50 13
8 51 37
8 53 15
8 54 11
8 55 34
8 56 23
8 57 0
8 58 31
8 59 21
9 1 48
9 3 44
9 4 14
9 5 1
9 8 6
9 10 45
9 11 40
9 15 55
9 16 18
9 17 25
9 18 24
9 19 30
9 20 35
9 21 52
9 22 29
9 24 41
9 25 47
9 29 7
9 30 22
9 32 13
9 34 56
9 35 50
9 38 8
9 39 37
9 40 2
9 41 15
9 44 19
9 46 57
9 47 33
9 48 31
9 49 26
9 50 39
9 51 46
9 52 32
9 55 5
9 56 51
9 57 20
9 58 58
9 59 27
10 0 25
10 1 23
10 2 36
10 3 48
10 4 3
10 5 37
10 6 55
10 8 2
10 9 9
10 10 15
10 11 19
10 12 11
10 13 1
10 14 30
10 15 17
10 16 56
10 17 7
10 20 59
10 21 16
10 23 53
10 24 57
10 25 43
10 26 45
10 27 51
10 28 46
10 29 12
10 30 27
10 33 24
10 34 6
10 35 35
10 36 38
10 37 29
10 38 13
10 39 41
10 40 10
10 41 47
10 42 4
10 43 31
10 44 58
10 46 52
10 49 5
10 50 21
10 51 8
10 53 28
10 54 50
10 58 33
11 2 53
11 3 36
11 4 52
11 5 41
11 7 29
11 8 45
11 13 54
11 14 48
11 15 8
11 16 2
11 21 13
11 23 25
11 25 56
11 26 24
11 29 37
11 30 7
11 31 43
11 32 6
11 33 51
11 36 5
11 38 14
11 39 9
11 40 30
11 41 22
11 42 58
11 43 42
11 44 35
11 45 26
11 46 23
11 47 16
11 48 1
11 49 3
11 50 57
11 51 11
11 52 40
11 54 31
11 55 39
11 57 19
11 58 0
12 0 26
12 3 50
12 4 2
12 6 13
12 8 58
12 13 29
12 14 59
12 15 28
12 16 7
12 17 16
12 18 33
12 20 19
12 21 24
12 22 18
12 23 12
12 24 40
12 25 31
12 26 37
12 27 15
12 28 51
12 29 9
12 31 14
12 33 54
12 34 35
12 35 52
12 37 22
12 40 47
12 42 39
12 44 41
12 45 49
12 46 48
12 47 32
12 48 6
12 49 43
12 52 44
12 53 34
12 57 8
12 59 30
13 0 45
13 4 32
13 5 23
13 6 41
13 7 12
13 9 18
13 11 8
13 12 24
13 14 11
13 15 22
13 16 47
13 17 21
13 18 4
13 19 46
13 20 10
13 21 44
13 22 26
13 24 15
13 25 2
13 26 39
13 27 59
13 28 33
13 31 38
13 32 50
13 33 17
13 34 27
13 35 5
13 36 0
13 37 6
13 38 58
13 39 51
13 41 34
13 42 14
13 43 43
13 44 28
13 45 29
13 47 25
13 49 7
13 50 42
13 52 30
13 53 31
13 54 16
13 56 53
13 57 52
13 58 3
14 1 38
14 2 31
14 4 40
14 6 46
14 7 34
14 9 13
14 10 5
14 11 23
14 12 33
14 13 44
14 14 39
14 15 58
14 16 20
14 17 26
14 18 45
14 19 48
14 20 43
14 22 55
14 23 49
14 24 19
14 25 9
14 26 30
14 27 41
14 28 14
14 31 53
14 32 1
14 33 56
14 34 8
14 36 27
14 37 51
14 40 36
14 41 50
14 42 24
14 43 32
14 45 2
14 47 12
14 48 42
14 50 28
14 52 59
14 54 37
14 55 16
14 57 10
15 2 22
15 3 39
15 7 17
15 10 37
15 11 52
15 14 50
15 15 56
15 16 59
15 17 13
15 21 34
15 22 0
15 23 44
15 24 7
15 26 41
15 27 30
15 28 55
15 32 3
15 33 28
15 35 45
15 36 15
15 37 33
15 38 48
15 41 49
15 42 42
15 44 26
15 47 11
15 50 27
15 53 51
15 54 4
15 55 20
15 56 24
15 57 9
15 58 53
16 0 47
16 1 40
16 3 15
16 5 9
16 7 39
16 8 12
16 10 27
16 11 54
16 12 7
16 13 57
16 14 0
16 15 33
16 17 28
16 18 53
16 19 26
16 20 37
16 21 17
16 22 4
16 23 20
16 24 1
16 25 59
16 30 23
16 32 31
16 33 8
16 34 34
16 35 44
16 36 22
16 37 19
16 39 25
16 40 32
16 42 10
16 43 51
16 45 30
16 46 58
16 48 11
16 49 45
16 50 24
16 51 38
16 52 43
16 55 6
16 57 14
16 58 49
16 59 48
17 0 19
17 2 48
17 3 23
17 7 46
17 8 7
17 9 41
17 10 13
17 11 6
17 12 1
17 14 31
17 15 35
17 17 14
17 18 30
17 19 22
17 20 39
17 22 59
17 23 3
17 25 27
17 26 26
17 27 4
17 28 58
17 29 2
17 30 37
17 31 20
17 32 36
17 33 21
17 34 38
17 36 40
17 38 33
17 39 15
17 40 9
17 42 32
17 43 28
17 46 25
17 47 29
17 48 17
17 49 11
17 50 51
17 51 50
17 53 44
17 55 49
17 57 18
17 58 57
18 1 14
18 4 28
18 5 56
18 6 50
18 7 55
18 9 24
18 10 30
18 11 34
18 12 48
18 14 2
18 15 0
18 16 23
18 17 49
18 18 54
18 19 19
18 22 13
18 23 9
18 24 31
18 25 15
18 26 16
18 28 5
18 29 42
18 30 6
18 31 11
18 32 53
18 33 52
18 34 59
18 35 37
18 36 3
18 38 12
18 39 17
18 41 29
18 42 38
18 43 41
18 45 36
18 46 40
18 48 7
18 49 58
18 51 21
18 52 1
18 54 35
18 55 8
18 56 32
18 57 47
18 58 44
18 59 4
19 0 22
19 1 17
19 2 54
19 3 5
19 5 43
19 6 3
19 7 6
19 10 21
19 11 41
19 12 51
19 14 44
19 16 45
19 17 24
19 19 33
19 22 38
19 24 2
19 25 30
19 26 36
19 27 7
19 28 32
19 29 27
19 30 14
19 31 18
19 32 35
19 33 31
19 34 53
19 35 1
19 36 16
19 37 59
19 38 26
19 39 13
19 41 58
19 42 9
19 44 29
19 45 50
19 47 34
19 48 0
19 49 20
19 50 52
19 52 23
19 53 8
19 55 19
19 56 10
19 57 40
20 0 48
20 1 16
20 2 29
20 3 3
20 5 34
20 6 2
20 7 11
20 8 57
20 10 39
20 11 9
20 13 58
20 14 6
20 15 5
20 17 17
20 18 35
20 19 42
20 20 45
20 21 14
20 22 25
20 23 15
20 24 44
20 25 50
20 26 43
20 27 19
20 28 31
20 29 28
20 30 24
20 31 4
20 32 26
20 35 23
20 37 55
20 38 37
20 39 0
20 40 8
20 41 59
20 43 38
20 44 1
20 45 21
20 47 36
20 48 32
20 49 56
20 51 22
20 52 27
20 54 41
20 56 49
20 57 30
20 59 53
21 0 59
21 1 8
21 2 26
21 3 54
21 4 5
21 5 48
21 6 20
21 10 10
21 11 33
21 12 43
21 13 25
21 15 19
21 17 35
21 18 28
21 21 37
21 23 56
21 24 6
21 25 41
21 27 53
21 28 23
21 29 50
21 30 11
21 33 14
21 34 32
21 37 9
21 39 29
21 40 58
21 43 55
21 45 42
21 46 47
21 47 4
21 48 57
21 49 15
21 50 44
21 51 30
21 53 24
21 54 34
21 55 40
21 56 18
21 57 13
21 59 3
22 0 28
22 1 24
22 3 14
22 4 49
22 6 59
22 7 58
22 9 38
22 10 19
22 11 47
22 12 41
22 14 10
22 15 16
22 16 48
22 18 29
22 19 11
22 20 55
22 21 2
22 22 56
22 23 6
22 24 0
22 26 23
22 27 54
22 28 39
22 29 45
22 30 36
22 31 21
22 34 12
22 35 30
22 37 1
22 39 32
22 41 42
22 42 27
22 43 20
22 44 37
22 45 40
22 46 43
22 48 22
22 49 13
22 50 8
22 52 15
22 53 46
22 54 51
22 55 9
22 58 4
23 0 43
23 2 6
23 5 27
23 6 5
23 7 33
23 8 59
23 9 26
23 10 35
23 11 7
23 13 42
23 14 9
23 15 49
23 16 53
23 17 32
23 18 50
23 19 25
23 20 54
23 21 36
23 23 18
23 24 17
23 26 51
23 27 21
23 29 19
23 30 2
23 32 44
23 33 20
23 35 22
23 39 31
23 40 28
23 42 40
23 43 13
23 45 12
23 46 45
23 47 30
23 48 14
23 49 57
23 50 0
23 51 1
23 52 4
23 53 58
23 54 8
23 56 15
23 57 37
23 59 24
24 0 54
24 2 12
24 4 9
24 5 21
24 6 48
24 7 14
24 9 7
24 12 31
24 13 30
24 17 10
24 18 27
24 23 33
24 26 15
24 27 16
24 29 18
24 30 44
24 31 23
24 32 4
24 33 29
24 37 39
24 38 19
24 39 55
24 40 56
24 42 5
24 43 53
24 44 25
24 46 0
24 47 47
24 50 1
24 51 28
24 53 43
24 54 20
24 55 52
24 56 13
24 58 59
24 59 26
25 0 20
25 1 52
25 2 44
25 3 37
25 4 31
25 5 33
25 8 29
25 9 10
25 10 38
25 12 56
25 13 7
25 14 49
25 15 14
25 17 11
25 18 59
25 19 54
25 21 53
25 22 5
25 23 42
25 24 28
25 29 36
25 30 35
25 31 48
25 32 15
25 33 45
25 34 4
25 35 43
25 37 46
25 38 1
25 44 0
25 45 8
25 47 26
25 48 21
25 49 18
25 50 17
25 51 55
25 52 51
25 57 50
26 1 39
26 2 57
26 4 10
26 5 13
26 6 7
26 7 3
26 8 19
26 10 24
26 11 55
26 13 18
26 14 36
26 15 27
26 16 22
26 17 1
26 18 42
26 19 16
26 20 9
26 21 20
26 22 15
26 23 8
26 24 53
26 25 12
26 26 35
26 27 50
26 30 51
26 32 34
26 33 59
26 34 44
26 36 45
26 37 48
26 41 5
26 42 0
26 45 31
26 46 6
26 47 28
26 49 49
26 51 58
26 53 21
26 55 54
26 56 46
26 57 2
26 58 14
26 59 52
27 1 28
27 4 47
27 5 36
27 6 32
27 7 52
27 8 10
27 9 33
27 11 14
27 12 27
27 13 21
27 14 34
27 17 57
27 18 51
27 20 48
27 23 30
27 29 1
27 30 15
27 31 31
27 32 12
27 34 24
27 36 59
27 37 7
27 38 56
27 39 35
27 40 41
27 41 4
27 42 22
27 44 46
27 45 13
27 48 45
27 49 50
27 51 5
27 52 49
27 54 0
27 55 29
27 56 44
27 57 42
27 59 40
28 0 21
28 1 13
28 3 35
28 4 54
28 5 32
28 7 7
28 8 25
28 9 45
28 10 2
28 11 39
28 13 27
28 14 40
28 15 18
28 16 43
28 17 0
28 18 38
28 19 1
28 21 9
28 22 8
28 23 5
28 24 24
28 25 26
28 26 58
28 27 47
28 29 55
28 30 42
28 31 56
28 32 59
28 33 10
28 34 29
28 35 33
28 37 37
28 38 6
28 39 49
28 40 16
28 43 44
28 45 51
28 46 31
28 47 15
28 48 30
28 50 14
28 51 20
28 52 17
28 53 36
28 54 3
28 55 53
28 56 28
28 57 48
28 59 19
29 0 24
29 1 36
29 2 55
29 4 11
29 5 47
29 7 38
29 10 43
29 11 59
29 13 32
29 14 17
29 15 48
29 18 56
29 19 13
29 20 7
29 23 26
29 24 10
29 25 0
29 27 40
29 28 1
29 30 31
29 31 42
29 32 45
29 33 39
29 34 49
29 36 4
29 37 34
29 38 53
29 41 25
29 42 57
29 43 8
29 44 22
29 46 16
29 47 52
29 49 51
29 50 23
29 52 54
29 53 12
29 54 27
29 55 28
29 56 50
29 58 5
30 0 40
30 2 10
30 3 55
30 4 35
30 5 0
30 6 37
30 7 44
30 10 47
30 13 17
30 14 22
30 15 43
30 17 3
30 18 25
30 20 58
30 21 23
30 22 24
30 24 13
30 25 36
30 26 29
30 27 42
30 28 7
30 29 59
30 30 38
30 31 51
30 32 33
30 33 26
30 34 46
30 36 9
30 37 18
30 38 30
30 39 52
30 40 12
30 45 15
30 46 32
30 47 50
30 48 5
30 50 6
30 51 57
30 53 49
30 54 1
30 55 4
30 56 56
30 57 31
30 58 8
30 59 41
31 0 37
31 1 11
31 2 15
31 4 36
31 5 18
31 6 14
31 7 8
31 9 59
31 11 43
31 13 33
31 14 21
31 16 50
31 17 5
31 18 58
31 19 2
31 20 41
31 21 19
31 24 26
31 25 7
31 26 27
31 27 55
31 28 53
31 29 22
31 30 13
31 31 49
31 36 39
31 37 4
31 38 3
31 39 56
31 40 29
31 42 47
31 43 54
31 44 23
31 46 35
31 47 48
31 48 28
31 50 30
31 55 32
31 56 57
31 57 1
31 59 31
32 0 18
32 1 35
32 2 23
32 3 41
32 4 25
32 5 11
32 6 4
32 7 20
32 8 24
32 9 49
32 10 52
32 15 15
32 16 55
32 17 48
32 19 7
32 20 5
32 21 50
32 22 45
32 24 8
32 25 54
32 26 10
32 27 13
32 28 42
32 29 6
32 30 21
32 33 22
32 35 2
32 36 33
32 37 31
32 38 28
32 39 36
32 40 3
32 42 29
32 43 30
32 44 51
32 46 9
32 49 27
32 50 37
32 52 53
32 54 26
32 55 1
32 57 46
32 58 38
32 59 17
33 0 15
33 1 4
33 2 27
33 3 16
33 5 6
33 7 5
33 8 41
33 9 53
33 10 22
33 11 21
33 12 35
33 13 43
33 14 20
33 15 2
33 17 42
33 20 11
33 21 0
33 24 25
33 25 49
33 26 14
33 27 38
33 29 48
33 30 58
33 31 47
33 32 9
33 34 31
33 38 40
33 39 3
33 40 33
33 41 30
33 42 44
33 45 45
33 47 1
33 49 24
33 51 34
33 53 26
33 54 10
33 56 29
33 57 51
33 58 19
34 0 0
34 1 58
34 2 16
34 3 11
34 6 27
34 7 49
34 9 57
34 11 26
34 12 47
34 14 13
34 15 45
34 16 44
34 17 29
34 18 23
34 19 40
34 22 1
34 23 54
34 27 14
34 28 24
34 29 20
34 32 48
34 33 36
34 36 18
34 37 10
34 38 43
34 39 19
34 40 5
34 41 37
34 42 52
34 44 8
34 45 41
34 47 56
34 48 46
34 50 33
34 51 39
34 52 9
34 53 7
34 54 32
34 55 22
34 58 12
34 59 59
35 2 13
35 4 4
35 5 49
35 6 8
35 7 26
35 8 56
35 10 25
35 11 31
35 12 22
35 13 20
35 14 46
35 16 41
35 17 55
35 18 40
35 19 27
35 20 14
35 21 6
35 22 7
35 23 59
35 24 39
35 25 10
35 26 1
35 27 23
35 28 2
35 30 16
35 31 15
35 33 57
35 34 3
35 35 36
35 37 32
35 38 17
35 39 48
35 40 11
35 42 21
35 43 33
35 44 43
35 45 28
35 47 24
35 49 0
35 50 19
35 53 53
35 54 42
35 55 47
35 56 54
35 57 5
35 58 45
35 59 29
36 1 56
36 2 30
36 3 19
36 4 7
36 5 51
36 6 0
36 7 25
36 9 12
36 10 26
36 11 18
36 12 16
36 13 28
36 17 46
36 18 41
36 19 10
36 20 22
36 21 27
36 22 50
36 23 11
36 24 5
36 26 47
36 27 43
36 28 6
36 29 34
36 30 4
36 31 8
36 32 49
36 34 42
36 35 48
36 36 21
36 38 23
36 39 57
36 41 20
36 42 33
36 43 52
36 47 31
36 48 36
36 51 9
36 52 3
36 53 45
36 54 14
36 57 59
36 58 2
36 59 55
37 2 21
37 3 52
37 4 55
37 7 56
37 9 6
37 10 48
37 11 17
37 12 58
37 13 49
37 14 15
37 15 41
37 16 29
37 17 30
37 18 20
37 19 44
37 21 40
37 22 31
37 24 22
37 26 19
37 27 0
37 28 57
37 29 39
37 30 34
37 32 32
37 33 35
37 35 3
37 36 8
37 37 5
37 38 46
37 39 26
37 40 38
37 41 1
37 42 12
37 43 2
37 45 43
37 46 33
37 47 7
37 49 28
37 50 54
37 51 51
37 52 10
37 53 4
37 54 45
37 58 11
38 1 26
38 2 3
38 3 40
38 5 46
38 6 29
38 8 23
38 9 47
38 10 53
38 11 22
38 13 19
38 15 6
38 18 21
38 19 37
38 20 57
38 21 31
38 22 48
38 24 59
38 25 20
38 26 18
38 27 17
38 29 24
38 33 25
38 34 43
38 35 38
38 36 12
38 37 15
38 38 32
38 39 44
38 40 52
38 41 45
38 42 36
38 43 14
38 44 49
38 48 10
38 52 8
38 53 55
38 54 33
38 55 51
38 57 34
38 58 50
39 0 5
39 2 2
39 4 20
39 5 45
39 6 19
39 8 43
39 9 51
39 10 41
39 12 3
39 13 16
39 14 47
39 16 17
39 17 54
39 19 39
39 21 8
39 22 40
39 24 4
39 27 52
39 28 59
39 29 58
39 32 11
39 33 44
39 35 26
39 37 27
39 38 0
39 39 42
39 41 13
39 42 6
39 43 36
39 45 35
39 48 24
39 49 12
39 50 29
39 51 56
39 53 9
39 55 14
39 57 57
39 58 15
39 59 50
40 1 5
40 2 38
40 3 25
40 7 41
40 8 20
40 9 8
40 10 54
40 12 44
40 13 4
40 14 28
40 15 51
40 17 45
40 18 0
40 20 1
40 21 58
40 22 9
40 23 36
40 24 52
40 25 17
40 26 40
40 27 2
40 29 30
40 30 43
40 31 37
40 33 55
40 37 21
40 39 46
40 41 16
40 43 57
40 44 18
40 45 19
40 46 15
40 47 42
40 48 48
40 50 11
40 52 13
40 56 27
40 57 33
40 58 26
41 0 49
41 1 19
41 2 34
41 3 32
41 4 45
41 6 25
41 8 16
41 10 44
41 13 13
41 14 35
41 15 39
41 16 14
41 17 58
41 18 36
41 19 9
41 20 18
41 21 57
41 22 12
41 24 50
41 25 23
41 26 53
41 27 37
41 29 56
41 30 28
41 31 17
41 32 41
41 33 27
41 34 26
41 35 10
41 37 40
41 38 42
41 39 30
41 40 4
41 41 31
41 42 8
41 43 21
41 44 7
41 45 48
41 46 51
41 47 46
41 48 59
41 49 1
41 50 3
41 51 33
41 52 38
41 53 6
41 55 15
41 56 11
41 57 43
42 0 52
42 1 57
42 3 4
42 4 51
42 8 35
42 9 11
42 10 29
42 11 20
42 13 22
42 14 33
42 16 54
42 17 44
42 18 26
42 19 47
42 20 36
42 21 46
42 22 32
42 23 31
42 24 49
42 26 48
42 30 45
42 32 39
42 33 23
42 35 6
42 36 58
42 37 12
42 41 10
42 42 37
42 43 34
42 44 24
42 45 27
42 46 2
42 48 15
42 49 19
42 50 5
42 53 0
42 54 30
42 55 59
42 56 3
42 57 28
42 58 17
42 59 13
43 0 11
43 2 33
43 3 24
43 4 0
43 5 22
43 6 51
43 9 36
43 10 49
43 11 5
43 12 26
43 14 42
43 16 13
43 17 37
43 18 18
43 19 50
43 20 52
43 22 20
43 23 21
43 24 9
43 26 12
43 27 32
43 28 28
43 29 3
43 30 19
43 31 57
43 33 43
43 34 7
43 35 55
43 36 41
43 38 16
43 39 39
43 40 23
43 42 15
43 43 4
43 44 47
43 46 27
43 48 29
43 49 17
43 50 46
43 51 54
43 52 14
43 53 48
43 54 40
43 55 25
43 56 45
43 57 53
43 58 35
43 59 6
44 1 42
44 2 17
44 3 13
44 5 38
44 6 15
44 9 22
44 11 57
44 12 21
44 15 25
44 16 49
44 17 43
44 19 58
44 21 1
44 23 4
44 24 54
44 25 18
44 26 55
44 27 5
44 28 40
44 29 16
44 30 53
44 31 9
44 32 19
44 33 46
44 34 30
44 36 32
44 37 26
44 38 52
44 39 24
44 40 50
44 41 44
44 42 48
44 43 59
44 44 33
44 45 3
44 46 11
44 47 20
44 48 27
44 52 37
44 53 10
44 56 12
44 57 39
44 58 28
44 59 36
45 0 6
45 2 47
45 3 56
45 4 8
45 5 25
45 6 43
45 8 48
45 9 19
45 10 20
45 11 37
45 13 55
45 15 3
45 21 30
45 22 42
45 24 58
45 25 13
45 26 44
45 27 11
45 28 0
45 29 46
45 30 50
45 31 5
45 33 18
45 36 53
45 37 24
45 38 15
45 39 10
45 40 7
45 41 39
45 43 1
45 45 16
45 46 12
45 48 52
45 49 32
45 50 45
45 53 35
45 54 38
45 55 23
45 57 22
45 58 34
46 0 13
46 1 10
46 2 1
46 3 27
46 5 42
46 6 33
46 7 59
46 8 55
46 9 31
46 10 36
46 11 35
46 12 30
46 14 19
46 16 51
46 17 4
46 19 3
46 24 32
46 25 24
46 27 44
46 28 52
46 30 41
46 31 54
46 32 23
46 34 9
46 36 46
46 39 45
46 40 25
46 41 17
46 43 0
46 44 40
46 45 22
46 46 26
46 47 8
46 48 16
46 50 15
46 51 48
46 52 12
46 53 39
46 55 7
46 56 14
46 57 56
46 59 38
47 0 42
47 3 45
47 4 48
47 7 36
47 8 28
47 9 32
47 10 58
47 12 6
47 13 38
47 14 24
47 15 9
47 16 15
47 17 27
47 20 51
47 21 55
47 23 14
47 24 35
47 25 8
47 26 50
47 27 31
47 30 0
47 31 2
47 33 37
47 34 41
47 35 20
47 37 30
47 38 39
47 41 54
47 43 46
47 44 10
47 45 1
47 46 49
47 48 12
47 49 59
47 50 26
47 51 44
47 53 57
47 57 4
47 58 52
47 59 33
48 0 50
48 1 3
48 3 46
48 4 1
48 6 35
48 7 27
48 8 38
48 11 53
48 12 32
48 13 41
48 16 24
48 17 47
48 18 48
48 19 36
48 22 21
48 23 51
48 24 55
48 25 29
48 26 54
48 31 52
48 33 2
48 34 5
48 37 43
48 38 44
48 39 14
48 41 57
48 42 23
48 43 19
48 44 9
48 46 34
48 47 37
48 48 33
48 49 39
48 50 7
48 53 20
48 54 15
48 58 25
49 0 35
49 2 46
49 3 21
49 5 29
49 6 28
49 8 33
49 9 16
49 10 50
49 12 59
49 13 6
49 17 52
49 19 0
49 20 32
49 21 4
49 22 51
49 24 38
49 27 36
49 28 22
49 30 25
49 31 26
49 32 43
49 34 39
49 35 8
49 36 54
49 37 42
49 38 24
49 39 34
49 40 13
49 41 27
49 42 1
49 43 45
49 44 14
49 46 30
49 48 20
49 49 44
49 51 49
49 52 7
49 53 37
49 55 31
49 56 9
49 59 23
50 2 24
50 3 1
50 4 26
50 5 50
50 7 18
50 8 9
50 9 56
50 10 57
50 11 25
50 13 15
50 14 14
50 16 31
50 17 40
50 20 53
50 21 42
50 24 11
50 26 28
50 27 27
50 33 0
50 35 16
50 38 29
50 39 59
50 40 49
50 41 23
50 43 6
50 44 36
50 45 32
50 46 54
50 47 5
50 48 3
50 49 4
50 51 13
50 52 46
50 54 19
50 55 12
50 56 21
50 57 55
50 58 37
50 59 22
51 0 9
51 1 55
51 2 39
51 4 17
51 8 0
51 9 15
51 10 4
51 11 36
51 14 7
51 16 3
51 17 38
51 18 44
51 19 6
51 20 20
51 21 35
51 22 30
51 24 29
51 26 57
51 27 22
51 28 25
51 29 54
51 30 8
51 32 42
51 33 16
51 36 1
51 39 53
51 40 19
51 42 56
51 43 49
51 44 27
51 46 41
51 47 51
51 51 40
51 52 31
51 54 21
51 56 43
51 58 32
51 59 37
52 0 8
52 2 49
52 3 57
52 5 7
52 6 47
52 7 15
52 8 39
52 9 43
52 10 23
52 11 46
52 12 25
52 13 56
52 15 36
52 16 38
52 17 50
52 18 1
52 19 35
52 20 33
52 21 28
52 23 32
52 24 51
52 25 19
52 26 31
52 28 12
52 29 17
52 30 20
52 31 41
52 32 58
52 33 6
52 34 22
52 35 13
52 36 42
52 37 11
52 39 16
52 40 53
52 41 55
52 42 34
52 44 30
52 45 54
52 46 59
52 48 26
52 49 14
52 51 18
52 54 48
52 56 52
52 57 3
52 58 9
52 59 45
53 2 58
53 5 2
53 6 53
53 7 32
53 8 54
53 10 11
53 11 50
53 12 37
53 14 25
53 15 40
53 17 15
53 20 13
53 21 3
53 23 19
53 25 51
53 26 46
53 28 49
53 29 47
53 31 36
53 32 10
53 33 4
53 34 23
53 37 16
53 41 14
53 43 56
53 45 0
53 46 28
53 47 9
53 49 42
53 51 27
53 52 41
53 54 18
53 55 57
53 57 44
53 58 1
53 59 7
54 0 32
54 1 22
54 2 59
54 3 7
54 4 44
54 5 52
54 6 45
54 7 10
54 8 3
54 9 50
54 11 15
54 12 9
54 15 37
54 16 19
54 17 53
54 18 43
54 20 12
54 21 21
54 22 49
54 23 41
54 25 46
54 27 34
54 28 8
54 31 58
54 32 56
54 33 38
54 34 51
54 35 27
54 39 28
54 40 20
54 41 6
54 42 25
54 43 26
54 45 47
54 46 29
54 49 30
54 52 57
54 53 2
54 55 11
54 56 16
54 58 48
54 59 0
55 0 14
55 4 30
55 6 42
55 7 22
55 8 31
55 9 40
55 10 7
55 11 38
55 12 36
55 14 29
55 16 32
55 17 39
55 18 49
55 19 34
55 22 47
55 23 0
55 24 16
55 25 4
55 27 1
55 28 18
55 29 43
55 31 33
55 32 57
55 34 15
55 35 9
55 36 19
55 38 11
55 39 8
55 40 37
55 42 53
55 43 27
55 44 44
55 45 46
55 46 20
55 47 21
55 48 54
55 50 12
55 51 10
55 52 5
55 53 23
55 54 13
55 55 55
55 56 6
55 57 45
55 58 24
56 0 17
56 2 7
56 3 2
56 4 37
56 5 59
56 6 24
56 7 47
56 8 53
56 9 39
56 10 51
56 11 56
56 12 0
56 13 48
56 15 26
56 16 11
56 17 8
56 20 28
56 21 25
56 22 58
56 25 38
56 28 45
56 29 31
56 31 27
56 34 33
56 35 49
56 38 54
56 39 18
56 41 21
56 43 12
56 44 5
56 45 10
56 48 43
56 50 34
56 52 16
56 53 3
56 54 6
56 55 50
56 57 36
56 59 44
57 0 51
57 1 43
57 3 31
57 6 17
57 7 45
57 8 30
57 9 52
57 10 46
57 11 1
57 13 12
57 15 53
57 16 28
57 18 11
57 19 21
57 20 56
57 22 27
57 23 29
57 24 48
57 25 40
57 26 0
57 28 54
57 29 13
57 30 55
57 32 24
57 33 19
57 34 20
57 35 39
57 36 35
57 37 25
57 38 38
57 39 6
57 41 2
57 42 41
57 43 9
57 45 59
57 47 10
57 48 18
57 49 36
57 50 16
57 51 32
57 52 34
57 54 44
57 55 37
57 56 5
57 57 58
57 58 47
58 0 57
58 1 6
58 2 25
58 3 43
58 4 56
58 5 15
58 7 16
58 8 44
58 9 35
58 11 27
58 12 19
58 13 52
58 14 23
58 15 4
58 19 17
58 21 49
58 23 40
58 26 59
58 27 9
58 29 51
58 31 22
58 34 58
58 37 13
58 38 36
58 39 21
58 40 0
58 41 8
58 42 11
58 45 7
58 46 3
58 47 45
58 50 31
58 51 53
58 52 24
58 53 1
58 54 5
58 56 2
58 59 46
59 1 21
59 4 13
59 5 17
59 6 57
59 7 1
59 8 5
59 10 3
59 11 51
59 12 18
59 14 27
59 15 31
59 16 33
59 17 19
59 18 15
59 20 34
59 21 38
59 24 30
59 25 22
59 26 11
59 29 49
59 30 48
59 31 44
59 34 25
59 35 54
59 36 24
59 37 50
59 38 7
59 42 16
59 45 23
59 47 43
59 50 53
59 51 36
59 52 56
59 53 52
59 54 59
59 55 35
59 56 26
59 57 32
59 58 39
59 59 2
