60
0 0 42
0 1 2
0 2 13
0 10 36
0 12 18
0 15 55
0 19 51
0 22 56
0 23 21
0 26 47
0 27 20
0 32 53
0 33 31
0 37 10
0 42 33
0 51 6
0 53 23
0 56 14
1 2 46
1 3 14
1 6 16
1 10 45
1 12 26
1 13 35
1 14 48
1 16 55
1 18 18
1 24 27
1 27 59
1 28 41
1 29 7
1 33 13
1 34 12
1 39 34
1 41 51
1 42 0
1 43 44
1 45 5
1 46 53
1 49 47
1 52 9
1 53 32
1 57 25
1 58 8
1 59 19
2 0 1
2 1 42
2 5 14
2 6 32
2 7 3
2 8 30
2 11 10
2 13 7
2 15 24
2 17 49
2 20 57
2 25 2
2 26 12
2 27 34
2 33 0
2 35 26
2 36 54
2 38 17
2 39 13
2 43 39
2 44 46
2 45 11
2 49 56
2 51 23
2 54 50
2 55 53
2 57 5
2 58 20
2 59 40
3 0 2
3 1 36
3 2 51
3 4 15
3 5 38
3 9 30
3 11 16
3 12 45
3 13 59
3 16 22
3 19 1
3 25 24
3 27 27
3 28 28
3 33 26
3 35 37
3 36 3
3 40 35
3 41 47
3 43 29
3 47 12
3 52 5
3 54 13
3 55 49
3 56 50
3 59 14
4 5 23
4 8 38
4 10 19
4 11 25
4 14 35
4 19 58
4 22 22
4 24 47
4 36 36
4 37 54
4 38 15
4 41 7
4 42 41
4 44 18
4 47 8
4 48 13
4 49 3
4 53 40
4 54 29
4 57 28
4 58 59
5 1 45
5 3 31
5 5 50
5 6 40
5 8 21
5 11 1
5 13 36
5 14 38
5 16 58
5 22 13
5 25 37
5 26 54
5 27 46
5 28 6
5 30 32
5 31 27
5 33 59
5 35 0
5 37 43
5 40 7
5 41 42
5 42 18
5 46 5
5 48 29
5 49 16
5 50 26
5 52 24
5 54 14
5 57 33
5 59 11
6 1 37
6 4 8
6 5 47
6 6 3
6 8 41
6 9 22
6 11 5
6 12 40
6 13 23
6 14 26
6 15 14
6 16 33
6 17 12
6 18 53
6 19 27
6 22 28
6 28 25
6 29 36
6 35 24
6 36 52
6 37 0
6 43 21
6 44 1
6 45 7
6 48 35
6 52 56
6 54 15
6 56 31
6 59 30
7 1 31
7 6 2
7 9 1
7 13 14
7 14 34
7 16 45
7 18 17
7 19 18
7 20 58
7 30 38
7 33 55
7 34 10
7 35 29
7 36 7
7 37 8
7 38 59
7 40 12
7 46 51
7 49 43
7 50 57
7 51 46
7 53 16
7 55 19
7 57 15
7 58 6
8 0 0
8 2 53
8 7 25
8 11 42
8 12 39
8 13 4
8 15 18
8 23 8
8 24 22
8 27 19
8 28 27
8 29 12
8 33 34
8 35 44
8 37 5
8 40 58
8 44 11
8 45 40
8 46 55
8 48 52
8 51 14
8 53 17
8 55 3
8 58 23
8 59 9
9 0 48
9 1 55
9 7 14
9 9 49
9 10 34
9 14 25
9 16 3
9 19 15
9 23 13
9 29 10
9 31 42
9 32 19
9 37 37
9 40 50
9 44 39
9 45 53
9 47 22
9 51 31
9 54 6
9 55 8
9 56 4
10 2 23
10 4 35
10 5 4
10 9 44
10 13 30
10 15 5
10 16 46
10 25 40
10 29 28
10 30 54
10 31 50
10 34 9
10 35 22
10 36 20
10 41 45
10 48 58
10 49 29
10 50 24
10 54 11
10 58 39
11 0 54
11 3 2
11 5 37
11 8 44
11 11 15
11 12 31
11 17 16
11 18 22
11 20 6
11 27 28
11 28 13
11 30 0
11 42 4
11 45 51
11 46 30
11 47 49
11 50 33
11 54 27
11 56 59
11 58 32
12 1 32
12 2 24
12 3 52
12 4 1
12 5 2
12 9 55
12 10 54
12 12 57
12 13 19
12 14 5
12 16 48
12 22 14
12 27 37
12 28 23
12 31 3
12 33 29
12 36 44
12 38 42
12 39 43
12 40 30
12 43 34
12 47 35
12 49 41
12 51 47
12 52 18
12 54 9
12 56 39
12 57 50
13 1 10
13 6 6
13 8 25
13 12 22
13 22 7
13 23 14
13 24 36
13 32 41
13 34 55
13 41 23
13 47 38
13 49 17
14 0 3
14 1 49
14 9 50
14 12 12
14 19 33
14 27 58
14 29 43
14 32 20
14 33 11
14 37 7
14 38 30
14 39 15
14 41 28
14 42 59
14 46 26
14 49 55
14 50 53
14 52 10
14 54 42
14 56 37
14 57 56
15 2 27
15 3 34
15 8 1
15 9 7
15 10 50
15 13 46
15 14 0
15 19 59
15 20 25
15 22 58
15 24 56
15 25 5
15 29 19
15 32 24
15 35 35
15 42 14
15 45 49
15 46 21
15 47 48
15 49 44
15 51 53
15 55 42
16 0 35
16 1 5
16 3 26
16 8 42
16 9 3
16 12 55
16 13 6
16 14 29
16 16 49
16 19 22
16 23 53
16 24 51
16 25 41
16 27 23
16 30 18
16 31 12
16 34 15
16 36 48
16 38 50
16 44 17
16 49 9
16 51 2
16 52 31
16 57 27
17 7 40
17 8 27
17 9 42
17 10 15
17 14 7
17 15 6
17 20 53
17 22 54
17 24 44
17 25 49
17 34 31
17 37 34
17 38 20
17 41 50
17 42 26
17 43 58
17 46 0
17 47 4
17 48 47
17 49 10
17 52 55
17 54 2
17 56 32
17 58 33
18 4 3
18 5 46
18 7 47
18 13 54
18 16 37
18 17 1
18 18 50
18 19 23
18 22 29
18 23 16
18 24 57
18 26 27
18 27 43
18 28 24
18 31 58
18 35 41
18 36 33
18 39 25
18 42 53
18 44 55
18 45 20
18 46 45
18 51 5
18 52 8
18 54 31
18 55 18
18 59 51
19 7 33
19 8 14
19 9 47
19 13 17
19 16 44
19 17 59
19 20 16
19 22 0
19 23 35
19 30 22
19 31 43
19 34 7
19 40 5
19 41 27
19 42 39
19 44 58
19 50 37
19 52 13
19 53 6
19 58 38
20 5 5
20 7 32
20 8 8
20 18 23
20 21 40
20 23 58
20 27 0
20 30 11
20 36 12
20 37 53
20 42 49
20 47 9
20 53 25
20 54 34
20 55 59
20 56 43
20 59 57
21 0 44
21 3 4
21 7 9
21 12 58
21 14 51
21 17 32
21 18 55
21 19 7
21 22 18
21 24 43
21 25 50
21 26 2
21 29 8
21 30 57
21 32 48
21 36 15
21 38 0
21 40 52
21 42 19
21 44 10
21 47 23
21 49 14
21 50 45
21 51 42
21 54 38
21 56 56
21 57 6
22 1 13
22 2 44
22 3 30
22 5 0
22 7 57
22 11 26
22 12 41
22 15 52
22 17 9
22 18 21
22 20 29
22 22 50
22 23 3
22 26 6
22 27 14
22 32 12
22 33 51
22 34 59
22 36 42
22 37 55
22 40 20
22 44 27
22 49 1
22 51 28
22 52 43
22 54 10
22 56 18
22 57 11
22 59 5
23 9 2
23 12 24
23 14 47
23 16 8
23 18 29
23 19 35
23 22 4
23 28 40
23 29 53
23 30 43
23 32 38
23 33 10
23 42 16
23 45 18
23 51 3
23 54 12
23 57 17
23 58 46
23 59 1
24 0 53
24 1 44
24 2 45
24 4 33
24 8 2
24 12 6
24 20 39
24 25 11
24 26 42
24 29 52
24 31 14
24 33 48
24 34 37
24 35 28
24 37 57
24 38 46
24 40 32
24 41 34
24 42 24
24 44 15
24 47 18
24 50 25
24 51 54
24 53 30
24 54 26
24 55 31
24 56 1
24 57 3
24 58 58
24 59 20
25 0 15
25 1 51
25 5 25
25 6 28
25 9 4
25 14 36
25 20 20
25 22 52
25 23 33
25 24 9
25 25 6
25 26 45
25 31 56
25 32 5
25 34 2
25 36 10
25 37 18
25 40 0
25 43 3
25 44 54
25 46 41
25 47 42
25 48 40
25 49 22
25 59 17
26 0 12
26 1 30
26 3 47
26 4 43
26 5 53
26 8 50
26 9 59
26 16 2
26 17 38
26 23 52
26 32 29
26 34 33
26 37 21
26 42 23
26 44 4
26 50 41
26 51 36
26 55 17
26 57 19
27 2 55
27 3 23
27 6 10
27 7 30
27 15 41
27 21 8
27 22 26
27 23 37
27 25 19
27 27 11
27 30 5
27 32 57
27 34 58
27 35 56
27 38 44
27 40 16
27 45 25
27 47 13
27 49 0
27 50 6
27 51 59
27 52 50
27 59 3
28 2 16
28 3 41
28 5 42
28 6 38
28 7 43
28 8 39
28 9 15
28 10 53
28 14 58
28 16 21
28 17 10
28 18 11
28 20 12
28 24 18
28 25 28
28 26 8
28 28 3
28 29 34
28 31 48
28 32 9
28 34 44
28 38 36
28 40 26
28 43 5
28 45 57
28 50 52
28 52 51
28 53 50
28 54 32
28 56 55
29 6 27
29 9 31
29 11 19
29 12 49
29 14 16
29 15 48
29 16 32
29 20 8
29 21 25
29 22 53
29 25 39
29 26 26
29 27 55
29 34 1
29 40 46
29 42 52
29 43 0
29 48 3
29 51 12
29 52 11
29 53 34
29 54 5
29 56 51
30 0 11
30 8 49
30 9 17
30 10 46
30 11 38
30 12 10
30 13 33
30 14 23
30 17 51
30 20 30
30 21 28
30 22 42
30 26 25
30 28 32
30 29 16
30 30 40
30 38 45
30 44 26
30 45 1
30 46 15
30 48 14
30 50 5
30 51 24
30 53 53
30 55 37
30 56 21
30 57 8
30 59 2
31 2 29
31 3 40
31 4 24
31 6 48
31 8 56
31 13 9
31 14 13
31 18 34
31 19 19
31 21 23
31 24 42
31 26 0
31 28 36
31 29 38
31 31 32
31 32 25
31 37 33
31 38 54
31 39 10
31 41 11
31 42 3
31 45 58
31 51 51
31 53 27
31 55 50
31 57 43
31 58 35
32 7 26
32 8 12
32 9 13
32 12 33
32 14 43
32 19 28
32 20 35
32 22 48
32 23 32
32 24 54
32 25 51
32 26 36
32 27 17
32 28 2
32 32 45
32 33 52
32 35 42
32 36 37
32 38 58
32 39 22
32 41 46
32 42 10
32 44 23
32 46 24
32 47 6
32 49 31
32 50 27
32 54 39
32 55 20
32 56 7
32 58 1
33 8 35
33 9 41
33 10 57
33 11 37
33 16 31
33 18 47
33 19 3
33 21 32
33 22 12
33 28 9
33 29 22
33 30 24
33 31 15
33 35 27
33 37 39
33 38 53
33 39 17
33 43 30
33 52 33
33 54 25
33 55 10
33 57 4
34 0 33
34 4 46
34 6 14
34 11 48
34 12 56
34 13 16
34 15 12
34 17 58
34 21 2
34 22 24
34 24 8
34 25 59
34 30 27
34 31 7
34 32 51
34 33 37
34 34 20
34 36 32
34 37 52
34 39 19
34 42 29
34 43 4
34 44 31
34 46 1
34 47 55
34 48 0
34 51 41
34 52 34
34 54 43
34 55 22
34 56 3
34 59 35
35 0 31
35 1 40
35 4 2
35 5 58
35 6 37
35 7 49
35 10 39
35 11 28
35 12 59
35 13 52
35 19 9
35 21 12
35 22 25
35 23 24
35 24 29
35 26 53
35 30 23
35 31 5
35 33 18
35 34 57
35 35 6
35 37 17
35 44 19
35 45 33
35 46 13
35 48 21
35 50 16
35 53 42
36 0 10
36 1 28
36 4 30
36 5 9
36 12 50
36 13 44
36 15 38
36 19 17
36 22 49
36 23 54
36 26 4
36 33 45
36 37 51
36 38 37
36 40 33
36 44 43
36 46 40
36 48 5
36 51 27
36 53 58
36 54 19
36 55 34
36 58 52
37 0 45
37 3 48
37 4 51
37 8 31
37 9 21
37 10 6
37 12 2
37 18 10
37 19 24
37 20 15
37 21 38
37 24 35
37 26 14
37 27 18
37 29 59
37 30 28
37 35 43
37 39 5
37 40 53
37 41 3
37 44 12
37 45 23
37 47 30
37 51 55
37 53 22
37 54 49
38 1 23
38 4 31
38 5 32
38 8 47
38 11 22
38 16 29
38 17 42
38 18 45
38 19 26
38 24 3
38 26 35
38 28 48
38 31 51
38 32 17
38 35 11
38 36 21
38 38 14
38 39 40
38 40 19
38 41 8
38 43 20
38 44 36
38 46 59
38 52 27
38 54 56
38 55 15
39 0 56
39 4 6
39 6 19
39 9 16
39 15 3
39 18 40
39 23 20
39 24 37
39 29 18
39 30 52
39 31 8
39 35 58
39 36 24
39 38 39
39 39 21
39 45 32
39 50 10
39 53 5
39 57 38
39 59 12
40 2 57
40 5 15
40 6 44
40 9 45
40 10 1
40 11 33
40 18 12
40 21 18
40 27 9
40 28 31
40 32 43
40 33 28
40 34 54
40 37 19
40 39 16
40 40 59
40 41 25
40 43 27
40 44 34
40 50 22
40 51 50
40 52 37
40 53 26
40 54 51
40 57 49
41 0 17
41 4 47
41 12 44
41 20 19
41 22 27
41 23 30
41 27 4
41 32 50
41 34 56
41 35 10
41 36 8
41 37 38
41 38 55
41 40 3
41 41 6
41 42 15
41 50 13
41 51 48
41 54 35
41 55 51
41 57 16
41 58 18
42 2 8
42 4 23
42 9 32
42 13 39
42 21 46
42 22 35
42 25 14
42 30 51
42 32 6
42 35 33
42 37 15
42 41 17
42 45 4
42 48 25
42 49 57
42 50 36
42 51 44
42 54 20
43 2 43
43 3 27
43 5 35
43 6 46
43 8 34
43 10 13
43 12 17
43 13 51
43 14 57
43 16 19
43 17 53
43 19 55
43 22 5
43 24 15
43 25 20
43 29 47
43 30 10
43 31 45
43 39 44
43 40 56
43 42 50
43 43 16
43 46 28
43 48 48
43 51 25
43 53 24
44 1 9
44 2 3
44 5 6
44 6 4
44 14 24
44 15 27
44 17 46
44 21 19
44 29 56
44 31 28
44 33 47
44 34 35
44 39 57
44 40 51
44 42 21
44 44 44
44 45 16
44 47 40
44 48 49
44 51 52
44 52 1
44 53 2
44 57 58
45 0 28
45 2 15
45 7 46
45 8 58
45 9 8
45 10 7
45 11 12
45 12 4
45 14 59
45 18 25
45 19 54
45 20 48
45 23 56
45 24 32
45 25 55
45 26 51
45 30 6
45 32 49
45 35 5
45 38 26
45 39 9
45 40 44
45 42 34
45 44 41
45 45 27
45 50 30
45 51 40
45 52 22
45 57 53
45 59 18
46 1 35
46 3 6
46 5 45
46 7 37
46 9 23
46 11 57
46 15 50
46 17 15
46 18 5
46 19 4
46 22 2
46 28 10
46 35 48
46 36 11
46 39 14
46 43 54
46 45 55
46 50 49
46 54 24
47 1 11
47 7 54
47 8 24
47 10 26
47 13 55
47 15 49
47 16 40
47 18 16
47 19 46
47 22 6
47 25 53
47 26 28
47 28 44
47 30 48
47 32 58
47 37 59
47 39 32
47 40 8
47 46 14
47 47 51
47 51 43
47 53 19
47 56 22
48 0 23
48 3 39
48 4 21
48 6 54
48 7 13
48 8 36
48 9 20
48 11 14
48 13 26
48 14 31
48 15 9
48 21 1
48 22 3
48 23 42
48 24 53
48 30 30
48 31 49
48 34 34
48 35 57
48 37 22
48 41 48
48 43 18
48 46 32
48 47 50
48 49 12
48 50 19
48 51 33
48 53 4
48 55 55
48 56 16
49 0 36
49 2 2
49 5 27
49 6 15
49 8 45
49 13 40
49 16 39
49 17 44
49 23 51
49 26 24
49 27 10
49 30 12
49 31 19
49 36 4
49 38 18
49 39 6
49 42 54
49 44 21
49 45 47
49 47 56
49 50 43
49 53 28
49 55 9
49 57 41
50 0 39
50 4 27
50 5 8
50 7 31
50 8 6
50 14 52
50 15 57
50 19 29
50 23 34
50 25 22
50 27 35
50 28 15
50 31 33
50 32 14
50 33 49
50 37 36
50 38 11
50 40 18
50 41 40
50 43 12
50 44 30
50 45 19
50 46 46
50 51 7
50 55 21
50 58 2
51 1 19
51 6 52
51 13 43
51 14 41
51 16 27
51 23 26
51 25 18
51 27 32
51 29 20
51 30 47
51 35 1
51 36 17
51 38 10
51 39 36
51 40 9
51 41 44
51 46 35
51 51 29
51 55 58
52 12 34
52 14 33
52 17 23
52 18 35
52 20 3
52 21 54
52 23 4
52 24 25
52 27 44
52 29 13
52 31 6
52 32 56
52 33 9
52 34 50
52 35 17
52 36 58
52 40 40
52 41 36
52 45 8
52 47 29
52 48 30
52 53 12
52 55 52
52 56 26
52 57 10
52 59 31
53 3 24
53 8 51
53 12 38
53 14 27
53 15 33
53 16 34
53 23 48
53 25 9
53 27 15
53 30 39
53 35 53
53 39 30
53 40 11
53 41 55
53 48 6
53 49 59
53 53 3
53 57 14
53 58 4
53 59 46
54 1 54
54 2 18
54 4 44
54 5 31
54 8 52
54 14 30
54 16 26
54 19 53
54 22 39
54 25 48
54 26 55
54 27 24
54 36 51
54 39 8
54 41 57
54 43 22
54 47 1
54 48 43
54 50 0
54 54 7
54 57 40
54 59 56
55 0 52
55 2 31
55 6 11
55 9 24
55 10 48
55 12 5
55 17 25
55 18 1
55 19 38
55 20 14
55 25 57
55 27 21
55 28 35
55 32 54
55 35 7
55 40 34
55 43 15
55 46 6
55 47 36
55 48 8
55 50 18
55 54 28
55 58 26
56 0 13
56 3 8
56 4 11
56 7 38
56 8 59
56 11 55
56 12 52
56 14 4
56 15 10
56 17 19
56 20 27
56 27 22
56 29 51
56 30 58
56 31 20
56 33 1
56 37 46
56 38 16
56 39 0
56 40 24
56 42 9
56 43 45
56 46 17
56 49 2
56 54 44
56 57 18
57 1 12
57 3 1
57 4 26
57 6 0
57 7 52
57 8 23
57 9 35
57 11 2
57 14 9
57 16 6
57 32 44
57 33 58
57 34 27
57 36 5
57 40 22
57 46 42
57 53 48
57 57 46
57 59 16
58 1 8
58 2 54
58 4 22
58 6 55
58 7 0
58 10 4
58 15 47
58 18 41
58 20 17
58 23 39
58 25 32
58 26 20
58 30 45
58 34 40
58 37 56
58 42 12
58 43 14
58 45 30
58 47 10
58 48 46
58 51 1
58 52 57
58 59 38
59 0 57
59 7 19
59 9 58
59 11 51
59 13 29
59 14 37
59 17 40
59 23 46
59 26 52
59 29 4
59 31 9
59 33 44
59 36 53
59 37 50
59 42 11
59 44 59
59 46 20
59 47 5
59 49 7
59 55 26
59 57 55
59 58 22
