60
0 1 21
0 3 29
0 4 35
0 6 24
0 9 22
0 11 43
0 13 55
0 16 45
0 19 47
0 20 44
0 23 2
0 25 58
0 27 12
0 31 17
0 34 5
0 36 40
0 38 59
0 42 6
0 46 36
0 47 37
0 48 25
0 49 0
0 56 26
0 59 31
1 6 56
1 10 20
1 12 10
1 16 39
1 19 17
1 20 18
1 23 0
1 27 50
1 31 53
1 33 48
1 34 41
1 37 19
1 50 55
1 52 35
1 55 22
1 56 7
1 57 12
2 2 48
2 5 53
2 9 4
2 12 50
2 13 37
2 17 27
2 18 20
2 21 58
2 22 31
2 23 5
2 24 49
2 25 45
2 30 54
2 34 12
2 38 39
2 44 16
2 47 10
2 48 13
2 50 52
2 51 23
2 56 15
2 58 17
2 59 21
3 1 49
3 2 14
3 4 58
3 6 0
3 7 57
3 13 30
3 16 40
3 17 13
3 18 23
3 20 26
3 22 7
3 24 34
3 28 19
3 32 36
3 33 12
3 34 45
3 36 59
3 38 56
3 39 50
3 40 31
3 41 29
3 43 51
3 47 28
3 49 43
3 55 44
4 2 18
4 3 10
4 5 29
4 6 42
4 8 16
4 9 43
4 10 14
4 11 27
4 14 38
4 16 11
4 19 3
4 22 17
4 23 46
4 24 8
4 29 45
4 37 32
4 38 15
4 43 50
4 44 12
4 45 47
4 46 6
4 51 49
4 52 30
4 55 23
5 1 3
5 4 19
5 7 18
5 8 49
5 9 8
5 12 29
5 13 46
5 17 45
5 22 54
5 24 53
5 28 25
5 29 2
5 31 55
5 32 5
5 34 1
5 38 34
5 43 26
5 44 22
5 48 31
5 51 37
5 53 42
5 55 28
5 56 14
6 3 36
6 4 24
6 8 5
6 9 17
6 10 7
6 12 40
6 14 18
6 15 38
6 16 19
6 17 1
6 19 2
6 20 35
6 21 59
6 22 53
6 24 42
6 25 32
6 31 49
6 33 51
6 35 13
6 36 58
6 37 39
6 38 30
6 39 52
6 42 26
6 43 54
6 45 46
6 48 16
6 52 11
6 56 22
6 58 41
7 0 0
7 1 43
7 4 25
7 5 59
7 6 48
7 7 12
7 9 45
7 10 39
7 14 51
7 15 29
7 16 18
7 19 40
7 20 15
7 22 30
7 23 22
7 24 9
7 25 47
7 26 10
7 28 11
7 32 53
7 33 49
7 34 31
7 35 46
7 36 55
7 40 1
7 41 19
7 43 42
7 45 24
7 47 33
7 54 14
7 56 37
7 57 23
7 58 6
8 2 44
8 6 10
8 8 27
8 12 48
8 15 24
8 16 31
8 17 21
8 20 50
8 21 47
8 23 34
8 28 14
8 35 33
8 36 39
8 37 11
8 41 0
8 45 56
8 46 17
8 47 9
8 52 42
9 0 49
9 3 14
9 5 20
9 8 35
9 10 26
9 11 23
9 13 16
9 15 22
9 18 42
9 19 15
9 24 32
9 27 46
9 28 50
9 30 10
9 32 31
9 33 21
9 34 17
9 35 59
9 40 24
9 41 7
9 45 43
9 46 57
9 47 45
9 49 4
9 50 48
9 53 18
9 54 6
9 55 29
9 56 52
9 57 1
9 58 51
10 0 25
10 1 0
10 2 49
10 7 48
10 8 51
10 15 17
10 17 55
10 20 52
10 22 9
10 26 1
10 27 7
10 30 57
10 34 2
10 35 16
10 36 21
10 38 36
10 40 27
10 43 39
10 45 42
10 52 59
10 57 45
10 59 53
11 3 28
11 6 35
11 13 58
11 14 54
11 16 2
11 18 29
11 20 46
11 22 15
11 26 55
11 29 59
11 30 14
11 37 31
11 38 41
11 39 24
11 47 43
11 52 22
11 55 8
11 58 34
12 2 3
12 3 56
12 4 15
12 5 51
12 10 18
12 11 26
12 16 55
12 17 37
12 18 41
12 20 42
12 22 14
12 24 4
12 28 44
12 29 52
12 41 13
12 46 31
12 48 21
12 49 35
12 50 24
12 51 19
12 52 39
12 54 8
12 55 32
12 56 10
12 57 59
13 3 26
13 4 5
13 5 46
13 6 6
13 7 24
13 8 45
13 13 9
13 14 20
13 19 0
13 20 59
13 22 34
13 26 23
13 30 22
13 33 43
13 36 42
13 39 14
13 40 57
13 43 32
13 46 30
13 47 8
13 48 54
13 51 25
13 52 56
13 54 39
13 58 52
14 1 14
14 3 1
14 4 0
14 5 28
14 6 17
14 13 31
14 14 24
14 18 37
14 20 38
14 21 20
14 24 10
14 28 36
14 33 23
14 35 2
14 37 8
14 38 42
14 40 56
14 41 40
14 42 39
14 43 18
14 45 3
14 50 11
14 51 46
14 52 21
14 53 58
14 56 50
14 58 53
14 59 57
15 2 52
15 4 50
15 6 30
15 8 13
15 12 16
15 13 35
15 15 26
15 16 17
15 17 46
15 26 49
15 27 34
15 28 29
15 31 1
15 32 45
15 35 53
15 36 44
15 37 7
15 42 37
15 44 59
15 46 21
15 49 38
15 51 0
15 53 5
15 55 4
15 58 55
15 59 23
16 0 28
16 5 30
16 8 14
16 9 1
16 10 50
16 13 49
16 16 36
16 22 24
16 23 21
16 33 8
16 34 52
16 36 3
16 39 33
16 40 59
16 51 9
17 4 45
17 7 31
17 9 38
17 10 3
17 11 20
17 14 1
17 15 2
17 25 10
17 26 51
17 27 41
17 29 0
17 30 29
17 31 57
17 32 28
17 34 13
17 35 5
17 37 35
17 39 12
17 40 7
17 45 19
17 48 49
17 51 36
17 52 44
17 53 30
17 54 9
17 56 16
18 1 33
18 3 39
18 4 29
18 6 20
18 7 25
18 12 59
18 14 52
18 15 53
18 17 28
18 18 21
18 19 34
18 23 24
18 25 2
18 26 40
18 30 32
18 31 23
18 41 41
18 43 35
18 45 31
18 47 26
18 50 10
18 52 9
18 55 57
19 2 15
19 3 0
19 7 1
19 8 34
19 10 9
19 16 37
19 19 35
19 20 14
19 23 32
19 24 44
19 26 50
19 32 33
19 34 8
19 37 21
19 38 25
19 39 5
19 42 47
19 43 7
19 45 26
19 46 11
19 47 48
19 49 24
19 50 3
19 55 19
19 57 2
20 2 16
20 3 31
20 6 4
20 7 14
20 15 3
20 16 47
20 17 42
20 18 39
20 21 15
20 22 10
20 26 24
20 28 7
20 31 26
20 32 49
20 35 0
20 41 48
20 43 43
20 45 44
20 47 2
20 51 29
20 52 27
20 56 33
20 57 20
20 58 13
21 2 37
21 5 39
21 10 4
21 14 59
21 20 54
21 28 46
21 29 44
21 31 3
21 39 45
21 40 14
21 42 41
21 45 48
21 47 25
21 48 15
21 51 35
21 52 57
21 55 42
21 56 49
21 58 38
21 59 29
22 0 34
22 1 30
22 3 20
22 6 22
22 10 27
22 11 53
22 12 7
22 14 0
22 16 50
22 17 43
22 24 28
22 26 57
22 27 14
22 28 1
22 32 35
22 33 46
22 34 48
22 40 41
22 43 13
22 44 3
22 45 45
22 46 29
22 47 18
22 49 11
22 53 9
22 54 59
22 56 32
22 59 8
23 0 17
23 1 41
23 3 11
23 4 9
23 6 26
23 7 45
23 8 39
23 10 43
23 13 52
23 15 54
23 17 7
23 21 2
23 23 16
23 26 18
23 28 34
23 34 51
23 36 49
23 38 28
23 40 23
23 48 29
23 49 53
23 52 32
23 54 56
23 57 27
23 58 48
24 0 40
24 1 46
24 2 13
24 8 41
24 9 11
24 13 17
24 14 53
24 17 31
24 18 26
24 19 44
24 22 43
24 23 57
24 26 7
24 31 28
24 34 4
24 36 22
24 38 19
24 39 30
24 40 37
24 42 18
24 43 8
24 46 35
24 50 15
24 52 0
24 53 55
24 54 2
24 55 14
24 57 32
25 2 24
25 3 4
25 4 59
25 6 31
25 8 46
25 9 34
25 12 33
25 15 13
25 17 53
25 18 38
25 20 2
25 22 48
25 24 7
25 25 43
25 35 45
25 37 49
25 39 22
25 40 29
25 41 57
25 46 12
25 48 9
25 49 14
25 52 41
25 54 52
25 55 40
26 0 43
26 2 32
26 3 34
26 4 11
26 9 44
26 10 45
26 14 57
26 17 29
26 23 58
26 24 6
26 26 47
26 27 20
26 32 48
26 33 28
26 34 40
26 37 5
26 39 25
26 40 15
26 42 23
26 43 36
26 46 2
26 49 8
26 53 46
26 55 17
26 57 50
26 59 24
27 0 47
27 1 2
27 2 57
27 3 7
27 6 21
27 7 46
27 10 22
27 13 28
27 16 56
27 18 52
27 19 59
27 20 5
27 21 38
27 24 55
27 25 36
27 27 29
27 28 18
27 29 53
27 32 11
27 36 30
27 39 39
27 48 51
27 50 13
27 55 49
27 56 8
27 57 26
28 1 54
28 3 37
28 4 21
28 6 40
28 7 7
28 8 23
28 13 44
28 15 55
28 16 48
28 23 27
28 25 9
28 26 36
28 28 47
28 29 5
28 30 51
28 39 49
28 43 41
28 47 29
28 48 10
28 52 25
28 53 35
28 56 38
28 57 31
28 58 32
29 2 8
29 3 46
29 8 43
29 9 57
29 10 2
29 14 10
29 15 5
29 17 17
29 19 22
29 20 48
29 24 30
29 26 29
29 28 38
29 32 51
29 33 14
29 34 33
29 35 19
29 38 50
29 40 0
29 42 13
29 45 52
29 46 7
29 53 1
29 56 21
29 57 40
29 58 24
30 1 35
30 2 33
30 3 25
30 5 15
30 7 21
30 10 41
30 11 9
30 18 14
30 20 11
30 22 2
30 24 58
30 26 19
30 30 24
30 31 8
30 37 22
30 38 43
30 39 55
30 41 52
30 45 29
30 46 39
30 51 30
30 53 28
30 54 51
30 56 1
30 57 10
31 1 29
31 2 26
31 4 3
31 8 0
31 10 12
31 11 31
31 15 45
31 16 32
31 25 35
31 26 46
31 28 17
31 30 4
31 34 14
31 37 37
31 38 40
31 39 51
31 43 2
31 44 24
31 45 59
31 46 10
31 47 56
31 55 20
31 57 42
32 0 33
32 1 5
32 2 31
32 3 21
32 10 29
32 12 17
32 13 54
32 14 46
32 18 22
32 19 37
32 20 19
32 21 53
32 23 6
32 24 51
32 25 40
32 29 4
32 30 36
32 31 45
32 33 7
32 40 42
32 45 39
32 47 50
32 49 20
32 50 8
32 53 12
32 57 3
33 3 40
33 7 22
33 12 3
33 15 20
33 23 33
33 24 48
33 25 59
33 29 50
33 32 17
33 39 36
33 41 5
33 44 15
33 50 37
33 51 56
33 58 2
33 59 44
34 0 24
34 1 19
34 2 9
34 3 30
34 5 26
34 11 40
34 13 3
34 14 22
34 17 41
34 18 43
34 19 7
34 26 8
34 33 32
34 37 6
34 40 16
34 42 31
34 50 58
34 52 45
34 54 25
34 57 13
35 1 16
35 4 54
35 5 40
35 9 28
35 12 38
35 17 44
35 18 9
35 19 26
35 20 31
35 21 10
35 23 49
35 24 3
35 27 48
35 31 27
35 32 22
35 35 24
35 36 15
35 40 6
35 42 12
35 43 37
35 46 14
35 47 20
35 48 43
35 49 50
35 51 32
35 53 36
35 54 19
35 56 30
35 58 8
36 0 20
36 2 42
36 3 51
36 5 43
36 7 26
36 9 52
36 14 4
36 16 35
36 17 15
36 19 27
36 20 10
36 21 56
36 23 36
36 26 17
36 28 41
36 29 32
36 32 58
36 33 39
36 38 6
36 46 18
36 50 46
36 51 45
36 53 22
36 54 49
36 56 47
36 59 28
37 7 11
37 14 45
37 22 19
37 24 16
37 30 52
37 34 22
37 36 29
37 37 0
37 38 4
37 40 50
37 41 33
37 44 40
37 45 41
37 49 57
37 50 20
37 51 2
37 56 23
38 8 4
38 9 30
38 10 10
38 11 11
38 14 40
38 16 14
38 18 53
38 19 46
38 20 29
38 23 13
38 24 26
38 26 59
38 28 57
38 29 35
38 32 9
38 33 56
38 34 24
38 35 7
38 36 41
38 38 45
38 42 20
38 45 5
38 49 48
38 54 31
38 55 16
38 56 25
38 59 19
39 0 52
39 2 7
39 4 10
39 5 48
39 7 4
39 8 21
39 15 36
39 21 6
39 22 23
39 27 15
39 29 56
39 37 38
39 38 20
39 39 41
39 42 46
39 47 32
39 49 31
39 53 13
40 8 11
40 13 1
40 16 10
40 17 36
40 18 48
40 22 16
40 26 22
40 27 6
40 30 40
40 35 56
40 36 28
40 39 54
40 40 39
40 44 13
40 47 15
40 50 53
40 51 14
40 53 27
40 55 35
40 56 0
40 57 19
41 0 31
41 1 38
41 3 22
41 6 41
41 13 48
41 16 26
41 19 56
41 21 14
41 24 54
41 31 51
41 32 13
41 34 10
41 38 16
41 44 43
41 49 28
41 51 59
42 8 31
42 12 49
42 19 51
42 20 4
42 22 0
42 24 5
42 25 37
42 27 52
42 28 8
42 29 10
42 30 59
42 32 43
42 38 22
42 39 53
42 40 19
42 43 58
42 46 32
42 51 50
42 52 14
42 54 46
42 58 40
43 0 10
43 1 9
43 11 24
43 13 11
43 15 33
43 16 44
43 19 45
43 21 50
43 23 38
43 25 42
43 26 16
43 27 18
43 35 37
43 37 52
43 38 7
43 39 29
43 43 15
43 47 53
43 48 19
43 50 1
43 51 13
43 53 34
43 54 48
43 55 31
43 56 40
43 57 39
43 58 3
44 2 1
44 4 28
44 6 32
44 7 6
44 8 59
44 9 3
44 10 5
44 11 44
44 12 0
44 13 23
44 14 39
44 16 58
44 17 8
44 21 24
44 23 4
44 25 19
44 28 2
44 31 54
44 34 57
44 37 46
44 39 37
44 43 34
44 44 29
44 45 27
44 46 38
44 47 16
44 48 7
44 51 55
44 55 43
45 2 6
45 3 45
45 4 18
45 5 7
45 6 19
45 8 30
45 12 8
45 15 41
45 17 0
45 18 47
45 26 14
45 27 16
45 30 44
45 31 35
45 32 24
45 33 15
45 35 12
45 36 50
45 37 10
45 38 2
45 39 26
45 40 46
45 45 17
45 46 13
45 47 3
45 48 48
45 52 29
45 55 36
45 56 51
45 58 11
45 59 27
46 1 50
46 2 39
46 6 27
46 9 33
46 11 14
46 13 18
46 15 31
46 16 23
46 20 40
46 21 26
46 25 16
46 27 59
46 28 9
46 30 6
46 31 15
46 33 37
46 34 28
46 37 54
46 38 10
46 43 45
46 49 36
46 50 0
46 51 44
46 53 57
46 56 53
46 59 30
47 1 28
47 2 38
47 3 5
47 4 56
47 7 30
47 9 49
47 11 6
47 12 26
47 15 1
47 16 9
47 18 59
47 23 48
47 26 15
47 28 53
47 29 22
47 32 40
47 36 33
47 37 18
47 42 10
47 45 16
47 46 37
47 53 39
47 55 58
47 56 24
47 58 14
48 6 7
48 8 18
48 11 52
48 12 58
48 15 39
48 17 56
48 21 31
48 22 59
48 23 30
48 24 37
48 28 21
48 32 10
48 35 22
48 37 33
48 38 57
48 44 17
48 47 34
48 49 49
48 51 41
48 55 46
48 56 4
48 59 3
49 1 18
49 4 4
49 8 28
49 11 17
49 18 51
49 19 53
49 24 24
49 25 6
49 26 44
49 31 20
49 35 43
49 46 5
49 47 7
49 48 57
49 52 37
49 54 11
49 58 22
50 1 55
50 5 10
50 11 42
50 13 26
50 15 4
50 17 12
50 18 34
50 23 8
50 26 5
50 36 0
50 38 21
50 39 2
50 40 25
50 41 43
50 43 14
50 45 18
50 48 23
50 49 46
50 51 58
50 53 52
50 55 30
50 59 51
51 0 21
51 1 4
51 4 27
51 7 15
51 8 40
51 10 23
51 13 33
51 14 41
51 16 34
51 18 10
51 25 57
51 28 12
51 35 51
51 37 53
51 42 11
51 48 8
51 51 16
51 52 19
51 54 55
51 55 2
51 57 7
52 0 12
52 1 31
52 2 55
52 3 24
52 5 6
52 9 48
52 10 8
52 11 22
52 14 13
52 16 7
52 17 47
52 19 4
52 20 3
52 23 26
52 24 39
52 26 41
52 27 36
52 28 16
52 29 34
52 32 57
52 35 49
52 42 15
52 44 45
52 46 51
52 48 28
52 49 27
52 52 18
52 57 37
53 0 42
53 6 53
53 9 47
53 10 37
53 11 46
53 12 24
53 13 14
53 14 49
53 18 16
53 19 41
53 20 7
53 25 55
53 28 28
53 30 21
53 31 56
53 32 0
53 33 33
53 35 15
53 45 8
53 46 45
53 47 54
53 49 39
53 52 2
53 54 22
53 56 6
54 0 23
54 1 24
54 2 22
54 7 52
54 12 15
54 16 30
54 17 9
54 25 21
54 27 3
54 31 37
54 32 16
54 33 17
54 34 54
54 38 47
54 45 0
54 50 12
54 54 50
54 55 56
54 57 51
54 58 43
55 0 48
55 1 42
55 2 29
55 3 52
55 6 44
55 8 53
55 10 40
55 12 57
55 13 39
55 15 7
55 21 5
55 22 1
55 26 28
55 27 24
55 33 9
55 35 3
55 39 0
55 40 21
55 43 6
55 46 16
55 47 4
55 51 18
55 52 46
55 53 47
55 56 41
55 58 35
55 59 50
56 0 30
56 8 55
56 9 31
56 10 34
56 12 22
56 13 29
56 17 35
56 18 36
56 19 8
56 20 1
56 21 13
56 22 37
56 23 44
56 25 41
56 27 45
56 28 59
56 30 3
56 32 38
56 42 53
56 43 12
56 47 49
56 48 24
56 50 18
56 51 48
57 1 52
57 2 11
57 3 23
57 4 51
57 5 22
57 7 44
57 10 25
57 11 32
57 12 41
57 13 40
57 14 21
57 18 8
57 19 6
57 26 20
57 27 39
57 29 43
57 30 47
57 31 16
57 32 55
57 34 42
57 35 17
57 38 54
57 41 18
57 43 33
57 46 48
57 47 19
57 48 56
57 50 26
57 51 5
57 53 29
57 56 57
57 57 35
57 58 30
57 59 46
58 3 3
58 7 33
58 8 50
58 10 24
58 14 7
58 15 47
58 26 0
58 27 23
58 32 46
58 34 55
58 38 13
58 39 6
58 40 49
58 46 44
58 48 52
58 49 1
58 51 31
58 52 34
58 53 8
58 55 9
58 59 43
59 0 14
59 2 23
59 4 2
59 5 35
59 6 50
59 9 51
59 10 52
59 13 56
59 15 9
59 16 41
59 18 40
59 21 43
59 22 46
59 24 45
59 26 11
59 34 32
59 36 12
59 46 34
59 47 30
59 49 3
59 52 24
59 59 36
