60
0 0 13
0 1 7
0 2 51
0 16 17
0 21 52
0 27 44
0 28 56
0 31 58
0 37 14
0 38 19
0 39 15
0 41 45
0 43 12
0 45 24
0 46 4
0 50 31
0 53 42
0 55 27
0 58 33
0 59 22
1 0 24
1 6 16
1 16 46
1 23 48
1 27 56
1 30 52
1 34 40
1 39 44
1 42 3
2 5 18
2 7 49
2 10 7
2 11 39
2 15 21
2 17 13
2 21 58
2 23 9
2 28 22
2 39 34
2 40 42
2 43 23
2 46 6
2 50 35
3 7 15
3 8 0
3 13 45
3 19 46
3 22 58
3 24 23
3 25 41
3 27 11
3 35 26
3 37 18
3 38 48
3 40 59
3 42 51
3 44 36
3 51 44
4 1 28
4 3 56
4 4 31
4 13 12
4 17 33
4 20 57
4 24 29
4 26 22
4 27 0
4 30 36
4 33 5
4 35 50
4 38 46
4 39 41
4 41 7
4 44 45
4 50 42
4 57 52
4 58 21
5 4 20
5 5 16
5 6 15
5 10 4
5 11 55
5 14 56
5 28 39
5 30 21
5 31 35
5 36 0
5 37 45
5 38 14
5 44 9
5 47 42
5 55 59
5 56 34
6 7 47
6 11 34
6 14 8
6 21 39
6 24 35
6 25 52
6 28 57
6 29 0
6 30 9
6 33 43
6 38 6
6 40 32
6 41 53
6 42 48
7 6 57
7 11 27
7 15 14
7 16 38
7 20 34
7 35 37
7 40 43
8 0 28
8 2 10
8 3 39
8 4 55
8 8 42
8 9 59
8 24 27
8 25 1
8 28 41
8 29 26
8 30 13
8 31 34
8 37 12
8 38 43
8 40 53
8 41 9
8 43 48
8 47 52
8 50 33
8 56 22
8 59 40
9 7 38
9 8 1
9 16 42
9 18 21
9 22 52
9 24 37
9 30 47
9 31 22
9 38 54
9 43 26
9 44 15
9 47 33
9 56 41
9 57 34
10 2 15
10 6 47
10 13 28
10 20 13
10 23 11
10 27 52
10 28 2
10 34 3
10 35 12
10 39 58
10 44 17
10 49 46
10 54 10
10 56 59
10 57 16
11 1 2
11 5 29
11 10 34
11 13 10
11 16 40
11 17 49
11 18 7
11 20 23
11 23 4
11 26 1
11 27 9
11 30 59
11 32 36
11 33 20
11 37 16
11 39 24
11 41 48
11 44 55
11 48 11
11 56 56
11 58 22
12 3 57
12 6 35
12 7 24
12 8 51
12 10 18
12 11 47
12 14 6
12 15 45
12 17 41
12 21 50
12 22 28
12 23 1
12 24 14
12 32 10
12 33 59
12 35 20
12 37 48
12 38 11
12 41 55
12 42 7
12 45 29
12 46 36
12 49 37
12 52 25
12 55 22
12 57 3
13 0 47
13 1 6
13 5 40
13 7 13
13 9 15
13 14 32
13 16 22
13 17 42
13 19 5
13 21 28
13 23 35
13 24 31
13 28 19
13 31 8
13 33 24
13 43 49
13 45 17
13 49 36
14 3 21
14 4 29
14 9 36
14 10 56
14 14 13
14 18 26
14 21 27
14 22 5
14 24 16
14 29 15
14 30 24
14 31 12
14 33 23
14 34 9
14 39 42
14 44 35
14 47 1
14 52 57
14 53 40
14 55 8
14 57 44
14 59 59
15 2 3
15 4 39
15 7 35
15 8 5
15 12 37
15 16 25
15 19 16
15 22 34
15 23 0
15 26 6
15 28 1
15 38 31
15 39 46
15 41 56
15 44 58
15 51 33
15 56 57
15 57 26
16 2 43
16 3 6
16 5 44
16 9 3
16 15 56
16 16 36
16 17 47
16 18 19
16 19 34
16 20 10
16 22 9
16 23 50
16 24 46
16 28 4
16 30 2
16 32 39
16 40 1
16 41 59
16 43 20
16 44 28
16 45 8
16 46 18
16 47 15
16 48 24
16 51 11
16 56 42
16 59 5
17 4 56
17 6 52
17 7 20
17 13 3
17 14 2
17 15 37
17 16 19
17 17 54
17 26 44
17 28 9
17 32 25
17 33 45
17 36 34
17 40 10
17 43 39
17 50 8
17 52 36
17 55 50
18 0 42
18 2 52
18 5 7
18 12 41
18 14 21
18 17 56
18 18 37
18 19 9
18 20 50
18 21 43
18 24 15
18 25 24
18 27 10
18 30 48
18 33 58
18 39 53
18 42 30
18 47 31
18 53 19
18 54 46
18 57 55
18 58 13
19 3 46
19 5 24
19 10 17
19 11 1
19 13 4
19 26 51
19 35 56
19 43 15
19 51 23
19 56 32
19 57 22
19 58 3
20 1 52
20 2 9
20 4 15
20 13 35
20 18 6
20 20 39
20 23 12
20 25 4
20 26 25
20 28 47
20 30 20
20 36 5
20 38 30
20 54 24
20 55 31
20 56 40
20 58 28
20 59 36
21 4 19
21 8 21
21 14 35
21 15 48
21 16 39
21 22 46
21 25 26
21 27 22
21 29 55
21 35 5
21 36 12
21 37 52
21 40 14
21 41 43
21 48 28
21 54 23
22 2 6
22 5 53
22 6 46
22 9 21
22 11 10
22 14 1
22 32 47
22 38 5
22 39 49
22 40 38
22 43 56
22 44 3
22 47 55
22 50 28
22 51 15
22 54 43
22 56 37
22 57 31
23 0 50
23 1 49
23 2 33
23 5 57
23 6 25
23 21 36
23 22 24
23 23 30
23 30 17
23 32 38
23 34 46
23 36 28
23 37 2
23 38 9
23 41 11
23 45 26
23 47 14
23 48 22
23 52 3
23 53 27
23 54 47
23 56 1
23 57 51
24 2 24
24 5 10
24 6 43
24 8 7
24 10 53
24 11 49
24 14 16
24 23 56
24 27 33
24 30 46
24 32 44
24 33 15
24 35 18
24 37 42
24 40 6
24 41 4
24 42 17
24 44 20
24 45 47
24 49 48
24 55 1
24 57 36
24 59 26
25 1 14
25 15 42
25 20 31
25 21 46
25 22 10
25 23 54
25 24 19
25 25 48
25 26 29
25 31 56
25 32 20
25 34 59
25 43 25
25 49 21
25 51 1
25 53 47
25 58 5
26 0 58
26 1 5
26 2 44
26 8 13
26 9 51
26 18 31
26 21 37
26 24 59
26 30 35
26 32 32
26 36 2
26 37 56
26 39 6
26 43 30
26 47 36
26 48 38
26 49 17
26 50 4
26 51 55
26 52 7
26 57 46
27 0 26
27 3 35
27 5 56
27 6 28
27 10 46
27 12 32
27 14 44
27 18 59
27 21 48
27 24 8
27 32 13
27 41 10
27 42 20
27 44 38
27 45 45
27 48 36
27 49 7
27 50 58
27 54 52
28 1 44
28 3 48
28 9 45
28 10 59
28 14 41
28 15 7
28 22 17
28 29 1
28 36 18
28 57 15
28 59 2
29 1 4
29 11 46
29 13 59
29 17 21
29 20 9
29 21 35
29 22 2
29 27 50
29 29 23
29 31 27
29 34 52
29 36 17
29 37 11
29 38 29
29 39 32
29 43 31
29 44 14
29 46 26
29 56 38
29 57 5
29 58 45
30 11 29
30 19 57
30 24 49
30 26 52
30 27 13
30 31 39
30 32 56
30 33 36
30 35 15
30 37 10
30 39 27
30 48 6
30 53 55
30 54 44
30 55 53
30 56 35
30 57 40
30 58 1
31 2 50
31 3 11
31 11 53
31 22 15
31 32 24
31 34 51
31 36 42
31 38 57
31 39 33
31 40 16
31 41 18
31 42 44
31 43 5
31 47 27
31 50 23
31 56 13
32 1 38
32 6 7
32 9 20
32 14 34
32 16 44
32 26 23
32 30 19
32 33 2
32 34 1
32 36 49
32 39 45
32 41 3
32 45 18
32 52 27
32 54 8
32 58 42
32 59 4
33 0 55
33 7 21
33 14 27
33 16 33
33 18 11
33 20 19
33 23 47
33 30 30
33 36 13
33 37 20
33 43 45
33 44 50
33 46 14
33 47 48
33 49 53
33 53 38
33 57 9
33 59 35
34 1 34
34 11 44
34 13 40
34 15 25
34 18 5
34 26 33
34 27 21
34 28 50
34 30 58
34 35 16
34 37 28
34 38 53
34 39 2
34 40 31
34 46 42
34 47 8
34 50 54
34 51 26
34 53 13
35 1 30
35 2 32
35 3 50
35 4 42
35 6 20
35 19 38
35 21 1
35 22 16
35 23 52
35 26 11
35 28 0
35 29 17
35 32 40
35 33 41
35 35 49
35 37 58
35 42 37
35 44 22
35 45 7
35 46 54
35 47 51
35 52 14
35 53 46
35 54 27
35 57 25
36 3 19
36 5 30
36 6 14
36 10 26
36 11 6
36 16 9
36 17 18
36 20 15
36 21 38
36 22 25
36 28 29
36 33 51
36 38 1
36 40 20
36 54 0
36 55 3
36 59 56
37 4 3
37 5 15
37 10 12
37 16 13
37 18 53
37 22 7
37 26 4
37 27 48
37 28 35
37 32 22
37 34 49
37 35 11
37 36 51
37 45 37
37 47 17
37 49 19
37 50 46
37 53 52
37 54 1
37 55 30
38 1 48
38 3 59
38 4 9
38 9 55
38 13 15
38 17 43
38 21 13
38 23 42
38 25 45
38 27 39
38 28 38
38 30 1
38 37 25
38 38 23
38 41 36
38 50 22
38 53 56
39 2 29
39 3 34
39 4 53
39 8 50
39 11 0
39 12 52
39 15 24
39 17 26
39 21 40
39 22 59
39 23 49
39 24 4
39 38 55
39 40 47
39 43 43
39 49 27
39 53 51
39 56 54
39 57 37
39 58 17
40 0 22
40 2 18
40 3 36
40 7 1
40 10 5
40 11 41
40 15 50
40 18 39
40 20 3
40 24 21
40 25 43
40 27 26
40 29 31
40 30 11
40 35 17
40 36 24
40 39 25
40 42 35
40 43 38
40 44 57
40 47 58
40 51 4
40 54 15
40 58 55
41 4 23
41 6 38
41 8 20
41 12 31
41 26 37
41 30 51
41 37 27
41 40 40
41 41 50
41 48 41
41 51 45
41 56 12
42 4 7
42 12 18
42 18 2
42 24 42
42 27 16
42 29 48
42 33 46
42 40 49
42 45 10
42 53 21
42 54 19
43 0 48
43 2 1
43 3 8
43 8 16
43 17 5
43 20 51
43 21 26
43 23 43
43 25 2
43 27 6
43 32 17
43 33 37
43 36 11
43 37 57
43 38 34
43 50 27
43 53 18
43 58 30
44 13 36
44 15 1
44 21 3
44 22 32
44 29 10
44 33 16
44 35 13
44 37 15
44 45 41
44 46 30
44 51 39
44 52 35
44 53 31
44 54 51
44 55 21
44 59 37
45 4 2
45 9 34
45 16 1
45 17 6
45 20 58
45 23 14
45 32 52
45 38 41
45 43 17
45 45 51
45 46 16
45 47 45
45 50 18
45 55 33
45 56 9
46 3 49
46 6 42
46 7 32
46 8 22
46 9 40
46 13 6
46 16 20
46 17 39
46 20 21
46 22 57
46 26 58
46 28 16
46 39 10
46 42 5
46 43 46
46 46 23
46 47 54
46 48 34
46 51 2
46 53 30
46 59 48
47 0 3
47 4 50
47 5 35
47 6 40
47 13 8
47 15 6
47 16 15
47 17 45
47 24 55
47 25 36
47 29 37
47 35 29
47 38 21
47 42 28
47 47 7
47 56 31
48 0 36
48 2 12
48 4 11
48 5 23
48 9 0
48 10 41
48 11 48
48 13 43
48 25 21
48 26 17
48 28 49
48 30 4
48 31 45
48 32 14
48 33 56
48 36 20
48 39 47
48 41 31
48 42 1
48 43 24
48 48 39
48 50 25
48 52 9
48 53 8
48 54 16
48 55 52
48 57 50
49 0 52
49 10 58
49 13 25
49 15 55
49 23 34
49 28 40
49 49 45
49 52 59
49 53 1
49 57 2
49 58 18
50 1 13
50 2 28
50 4 37
50 10 16
50 13 32
50 17 10
50 20 11
50 21 33
50 24 30
50 28 44
50 36 3
50 43 9
50 47 59
50 48 45
50 53 2
50 54 40
50 58 39
51 1 59
51 2 16
51 3 27
51 6 10
51 10 39
51 14 15
51 17 32
51 23 51
51 24 56
51 27 31
51 33 57
51 35 35
51 36 44
51 37 46
51 43 7
51 44 13
51 45 42
51 48 0
51 50 50
51 53 4
51 54 38
51 55 43
51 56 30
51 59 47
52 0 54
52 3 28
52 5 2
52 7 55
52 10 35
52 16 11
52 21 14
52 24 12
52 25 44
52 27 57
52 29 50
52 31 15
52 32 51
52 33 47
52 34 36
52 37 4
52 40 8
52 52 10
52 53 41
52 55 20
53 2 39
53 8 49
53 11 21
53 15 23
53 22 3
53 23 8
53 31 43
53 32 35
53 33 38
53 41 51
53 42 36
53 43 47
53 44 32
53 46 25
53 48 53
53 49 0
53 52 15
53 58 52
54 0 39
54 2 27
54 3 25
54 6 19
54 7 4
54 8 48
54 9 57
54 12 15
54 14 38
54 16 24
54 21 10
54 25 17
54 28 52
54 29 56
54 30 23
54 38 2
54 42 45
54 43 59
54 44 16
54 45 50
54 50 47
54 51 41
54 56 0
54 59 31
55 2 19
55 3 55
55 10 6
55 15 49
55 20 8
55 30 3
55 31 48
55 35 24
55 37 30
55 38 40
55 41 16
55 42 15
55 46 1
55 51 31
55 58 11
56 8 8
56 11 26
56 12 35
56 14 31
56 16 28
56 20 41
56 22 0
56 24 22
56 29 38
56 31 1
56 35 36
56 38 7
56 39 11
56 43 55
56 51 14
56 52 48
56 56 27
57 2 36
57 9 16
57 14 46
57 15 17
57 20 55
57 21 7
57 24 48
57 27 51
57 31 23
57 32 19
57 34 50
57 35 43
57 38 39
57 39 26
57 47 5
57 52 54
57 54 41
57 55 2
58 1 8
58 2 23
58 7 33
58 12 56
58 16 2
58 22 6
58 25 38
58 26 36
58 28 54
58 42 11
58 43 19
58 44 51
58 45 3
58 47 32
58 53 26
58 55 46
58 59 0
59 1 54
59 6 56
59 8 10
59 10 42
59 19 11
59 21 45
59 26 16
59 28 15
59 29 21
59 35 38
59 39 23
59 43 28
59 48 5
59 51 27
59 54 4
59 57 18
59 59 44
