60
0 0 23
0 1 38
0 2 17
0 3 8
0 7 50
0 9 18
0 10 43
0 14 26
0 15 9
0 16 39
0 17 32
0 18 28
0 19 33
0 22 37
0 23 10
0 24 53
0 26 52
0 27 57
0 28 3
0 29 55
0 30 0
0 31 45
0 32 51
0 33 7
0 34 41
0 35 46
0 36 40
0 37 5
0 38 6
0 42 31
0 43 15
0 44 24
0 45 20
0 46 2
0 47 30
0 48 35
0 49 27
0 51 36
0 52 19
0 53 21
0 54 56
0 55 48
0 57 59
1 0 21
1 2 53
1 3 7
1 5 47
1 6 38
1 8 59
1 11 36
1 12 28
1 13 9
1 15 41
1 19 58
1 21 30
1 24 50
1 25 40
1 26 16
1 29 19
1 30 10
1 33 46
1 34 32
1 35 27
1 37 3
1 38 17
1 40 39
1 41 18
1 43 34
1 44 20
1 45 42
1 46 23
1 48 24
1 49 11
1 50 33
1 52 15
1 53 6
1 54 5
1 55 13
1 57 52
1 59 4
2 2 1
2 3 23
2 4 30
2 5 13
2 8 9
2 9 45
2 10 48
2 12 10
2 17 4
2 19 19
2 20 20
2 22 22
2 24 40
2 25 6
2 29 7
2 32 29
2 34 37
2 35 47
2 36 43
2 37 11
2 38 31
2 39 39
2 41 14
2 42 51
2 44 55
2 47 52
2 50 27
2 51 59
2 52 42
2 56 21
2 58 24
3 0 12
3 3 0
3 7 21
3 9 47
3 11 25
3 12 4
3 13 22
3 14 14
3 15 23
3 16 31
3 17 51
3 19 10
3 21 2
3 23 26
3 24 33
3 25 16
3 28 8
3 29 43
3 31 9
3 33 18
3 35 28
3 36 15
3 38 59
3 39 42
3 40 50
3 41 52
3 43 55
3 45 58
3 47 44
3 48 41
3 50 11
3 52 13
3 54 19
3 56 53
3 57 24
3 58 6
4 0 9
4 1 54
4 2 14
4 3 2
4 4 39
4 9 16
4 10 52
4 12 30
4 14 46
4 16 47
4 19 13
4 20 4
4 21 50
4 22 34
4 24 27
4 25 58
4 26 57
4 29 26
4 32 8
4 34 24
4 35 43
4 36 23
4 38 21
4 39 56
4 41 32
4 42 18
4 43 12
4 46 29
4 47 6
4 48 59
4 49 48
4 50 15
4 52 40
4 53 44
4 54 28
4 55 3
4 56 41
4 58 51
4 59 20
5 0 46
5 1 43
5 2 7
5 3 36
5 6 13
5 7 56
5 9 33
5 10 42
5 14 32
5 16 29
5 18 27
5 19 30
5 20 59
5 21 17
5 22 55
5 23 47
5 26 26
5 27 15
5 32 35
5 33 48
5 34 57
5 37 24
5 38 49
5 39 31
5 41 6
5 42 21
5 43 41
5 44 2
5 45 12
5 46 34
5 47 10
5 48 39
5 51 0
5 52 38
5 53 40
5 58 52
6 0 8
6 1 45
6 4 49
6 5 24
6 6 11
6 9 28
6 10 22
6 11 54
6 13 7
6 16 33
6 18 16
6 22 0
6 24 36
6 26 1
6 27 34
6 28 10
6 29 40
6 31 14
6 35 55
6 38 30
6 39 13
6 40 51
6 41 17
6 42 38
6 43 2
6 54 35
6 56 50
6 57 42
6 58 21
7 0 43
7 1 28
7 2 58
7 4 4
7 6 52
7 7 15
7 10 20
7 11 12
7 12 40
7 16 0
7 20 27
7 21 42
7 22 29
7 23 33
7 24 48
7 26 32
7 28 18
7 29 13
7 31 34
7 33 50
7 35 53
7 37 21
7 38 5
7 39 41
7 40 55
7 41 47
7 43 51
7 44 9
7 48 1
7 51 10
7 53 31
7 54 7
7 55 39
7 56 56
7 57 46
7 58 22
7 59 11
8 1 27
8 2 24
8 3 25
8 4 2
8 5 56
8 6 21
8 7 23
8 8 20
8 13 11
8 16 59
8 17 31
8 18 52
8 19 35
8 20 7
8 25 3
8 27 55
8 29 54
8 30 26
8 31 57
8 33 22
8 34 36
8 35 10
8 36 1
8 39 17
8 40 43
8 41 33
8 42 9
8 43 42
8 44 32
8 45 45
8 47 38
8 51 46
8 52 39
8 54 37
8 55 15
9 2 40
9 3 14
9 5 21
9 6 19
9 9 7
9 10 46
9 12 35
9 15 43
9 16 38
9 19 42
9 20 15
9 22 36
9 24 9
9 26 45
9 27 24
9 28 11
9 30 4
9 32 33
9 33 26
9 34 2
9 36 32
9 38 16
9 39 57
9 40 47
9 41 29
9 42 28
9 45 34
9 47 55
9 48 5
9 49 23
9 52 53
9 55 44
9 58 8
9 59 25
10 1 23
10 3 33
10 8 11
10 10 28
10 11 49
10 12 31
10 14 37
10 18 50
10 19 24
10 20 52
10 21 38
10 22 10
10 23 48
10 24 46
10 25 43
10 27 9
10 28 57
10 33 42
10 35 14
10 36 7
10 37 44
10 38 0
10 39 19
10 40 56
10 41 4
10 42 45
10 43 20
10 46 53
10 48 54
10 49 30
10 51 8
10 52 41
10 53 18
10 54 15
10 55 6
10 56 58
10 58 13
10 59 22
11 0 26
11 1 49
11 2 41
11 3 50
11 4 56
11 5 29
11 6 1
11 7 35
11 9 11
11 11 58
11 12 32
11 13 54
11 14 22
11 15 57
11 16 43
11 17 37
11 18 23
11 19 48
11 22 42
11 23 24
11 25 31
11 26 59
11 29 52
11 30 39
11 33 5
11 34 20
11 35 7
11 37 34
11 38 28
11 40 9
11 41 15
11 44 38
11 47 4
11 49 18
11 50 16
11 53 10
11 55 27
11 56 36
11 57 55
11 58 44
12 0 42
12 1 10
12 2 30
12 3 47
12 5 32
12 8 13
12 9 44
12 10 59
12 11 29
12 12 7
12 13 40
12 15 46
12 16 55
12 17 14
12 18 33
12 19 37
12 20 11
12 21 15
12 22 26
12 23 31
12 24 4
12 25 34
12 26 17
12 27 35
12 28 54
12 29 18
12 31 20
12 32 25
12 36 58
12 39 21
12 41 50
12 42 19
12 44 43
12 48 36
12 49 24
12 51 9
12 52 2
12 54 48
12 55 52
12 59 8
13 0 5
13 2 43
13 4 23
13 6 40
13 7 9
13 8 46
13 14 3
13 16 20
13 19 50
13 20 36
13 21 57
13 22 6
13 23 39
13 25 27
13 26 19
13 27 31
13 28 22
13 29 17
13 30 35
13 31 58
13 32 56
13 34 53
13 35 12
13 38 52
13 39 54
13 40 11
13 43 10
13 44 21
13 45 28
13 46 32
13 47 15
13 48 47
13 52 4
13 55 16
13 57 49
13 58 26
13 59 38
14 0 28
14 2 37
14 3 6
14 5 26
14 6 51
14 7 42
14 8 53
14 10 11
14 12 2
14 13 13
14 14 47
14 15 3
14 16 58
14 17 39
14 18 54
14 19 45
14 21 46
14 22 32
14 23 12
14 24 1
14 26 9
14 27 16
14 28 29
14 31 21
14 32 0
14 33 19
14 34 59
14 36 55
14 37 52
14 38 7
14 39 27
14 40 49
14 42 48
14 43 25
14 44 14
14 45 5
14 46 38
14 50 4
14 52 22
14 53 23
14 54 31
14 55 30
14 56 15
14 57 43
14 59 56
15 0 57
15 1 15
15 3 31
15 5 39
15 6 55
15 7 30
15 8 19
15 9 54
15 11 21
15 12 14
15 14 53
15 15 5
15 16 6
15 17 59
15 18 41
15 20 58
15 21 16
15 22 24
15 23 2
15 25 38
15 26 8
15 29 22
15 32 42
15 33 34
15 34 4
15 35 13
15 37 29
15 38 35
15 39 45
15 41 48
15 42 7
15 43 23
15 45 1
15 48 20
15 50 51
15 51 40
15 52 46
15 54 11
15 55 50
15 56 44
15 57 10
15 58 32
15 59 28
16 0 11
16 2 38
16 4 51
16 9 58
16 11 6
16 12 17
16 14 21
16 15 8
16 17 15
16 20 19
16 21 59
16 23 52
16 24 5
16 26 34
16 30 1
16 32 9
16 33 30
16 34 33
16 36 54
16 37 20
16 39 36
16 41 12
16 44 28
16 45 37
16 46 22
16 47 23
16 48 4
16 49 10
16 52 0
16 53 32
16 54 26
16 55 25
16 56 3
16 59 43
17 1 3
17 2 46
17 4 47
17 6 27
17 9 0
17 12 45
17 13 5
17 14 54
17 17 2
17 18 42
17 20 12
17 21 32
17 22 20
17 23 7
17 24 59
17 25 28
17 26 39
17 27 11
17 29 35
17 31 1
17 32 6
17 34 50
17 35 4
17 37 49
17 42 30
17 45 29
17 46 37
17 47 58
17 49 53
17 50 36
17 51 52
17 52 56
17 54 51
17 55 17
17 56 48
17 57 57
18 0 47
18 1 25
18 2 9
18 3 43
18 5 33
18 6 57
18 10 36
18 14 40
18 16 19
18 17 41
18 18 6
18 21 44
18 22 53
18 23 35
18 27 59
18 31 28
18 33 20
18 34 45
18 35 2
18 36 46
18 40 29
18 42 17
18 43 26
18 44 8
18 45 10
18 46 4
18 48 51
18 49 37
18 50 23
18 51 11
18 52 21
18 54 27
18 57 50
19 0 50
19 1 51
19 2 32
19 6 45
19 7 20
19 9 5
19 10 10
19 12 9
19 14 59
19 16 30
19 17 52
19 18 0
19 20 13
19 25 21
19 26 29
19 27 38
19 30 33
19 31 23
19 32 1
19 34 25
19 35 48
19 36 6
19 37 7
19 39 28
19 42 53
19 43 56
19 46 14
19 47 54
19 48 58
19 50 43
19 52 34
19 55 24
19 56 40
19 57 4
19 58 18
20 1 59
20 3 55
20 4 19
20 6 58
20 7 52
20 8 4
20 9 49
20 10 25
20 14 16
20 16 3
20 18 29
20 21 53
20 22 21
20 23 41
20 24 15
20 25 14
20 26 23
20 28 17
20 31 32
20 32 11
20 33 13
20 38 43
20 39 6
20 40 12
20 41 56
20 42 24
20 46 39
20 47 1
20 50 9
20 51 2
20 52 33
20 54 20
20 55 28
20 56 31
20 57 45
21 0 36
21 1 0
21 2 2
21 3 44
21 6 10
21 7 8
21 8 29
21 9 20
21 10 40
21 11 53
21 13 17
21 14 31
21 16 28
21 19 22
21 20 54
21 21 13
21 22 41
21 23 32
21 24 52
21 25 37
21 26 3
21 28 27
21 30 47
21 33 11
21 35 39
21 36 56
21 39 50
21 40 34
21 41 59
21 42 15
21 43 48
21 44 6
21 48 33
21 49 43
21 50 46
21 51 1
21 52 5
21 53 14
21 54 42
21 55 55
21 56 19
21 58 38
22 0 16
22 1 1
22 2 4
22 3 28
22 4 41
22 6 49
22 9 32
22 10 30
22 11 20
22 12 46
22 14 42
22 16 9
22 19 54
22 23 13
22 24 38
22 25 48
22 26 31
22 27 50
22 28 34
22 29 11
22 31 24
22 33 17
22 34 29
22 37 58
22 41 36
22 42 10
22 43 0
22 44 3
22 46 21
22 47 35
22 51 37
22 52 55
22 53 26
22 55 56
22 57 8
22 58 25
23 0 27
23 1 57
23 2 54
23 3 12
23 5 42
23 6 3
23 10 6
23 11 41
23 12 0
23 13 8
23 14 45
23 15 28
23 16 40
23 20 9
23 24 26
23 25 11
23 27 48
23 30 20
23 32 53
23 33 29
23 35 58
23 39 24
23 44 4
23 46 13
23 50 21
23 52 1
23 54 59
23 58 7
23 59 55
24 0 51
24 1 40
24 2 10
24 3 3
24 5 6
24 7 17
24 8 25
24 9 15
24 10 14
24 12 52
24 14 27
24 16 12
24 17 26
24 20 55
24 21 39
24 23 28
24 24 21
24 25 32
24 26 30
24 30 38
24 31 16
24 32 4
24 35 50
24 38 37
24 39 2
24 41 57
24 43 8
24 44 46
24 46 45
24 48 42
24 52 31
24 53 20
24 55 0
24 58 47
24 59 54
25 0 18
25 6 43
25 7 41
25 8 55
25 9 9
25 17 28
25 18 59
25 19 26
25 22 27
25 27 46
25 29 56
25 30 14
25 31 49
25 32 48
25 33 32
25 37 35
25 38 1
25 39 3
25 40 54
25 42 8
25 46 10
25 47 45
25 50 42
25 52 52
25 53 24
25 55 58
25 56 5
25 59 6
26 1 5
26 3 41
26 5 11
26 6 56
26 7 25
26 11 48
26 12 57
26 14 12
26 17 45
26 18 58
26 21 37
26 24 51
26 27 53
26 28 4
26 29 9
26 30 2
26 31 38
26 32 24
26 33 52
26 34 14
26 36 8
26 39 23
26 40 6
26 41 27
26 43 3
26 45 21
26 48 31
26 49 22
26 52 20
26 54 40
26 55 59
26 58 43
27 0 3
27 1 7
27 2 18
27 3 4
27 4 45
27 5 2
27 6 17
27 7 28
27 8 40
27 9 41
27 10 35
27 11 39
27 12 11
27 15 29
27 16 37
27 17 46
27 18 13
27 19 31
27 20 44
27 21 19
27 22 52
27 23 42
27 24 58
27 30 49
27 31 5
27 32 34
27 33 43
27 35 9
27 37 14
27 38 10
27 40 1
27 43 36
27 44 54
27 45 8
27 47 24
27 49 15
27 50 47
27 51 12
27 52 6
27 53 22
27 54 38
27 58 57
27 59 30
28 0 30
28 1 24
28 2 13
28 3 52
28 4 59
28 6 8
28 7 33
28 8 36
28 10 44
28 12 56
28 16 32
28 18 49
28 19 34
28 21 0
28 24 55
28 25 19
28 28 58
28 29 5
28 30 37
28 32 2
28 33 3
28 34 15
28 36 17
28 37 1
28 39 29
28 40 40
28 41 43
28 42 4
28 44 7
28 45 27
28 49 31
28 50 41
28 51 50
28 54 12
28 57 14
28 59 10
29 4 42
29 5 43
29 6 12
29 7 16
29 8 23
29 10 57
29 11 0
29 13 26
29 14 55
29 15 20
29 17 36
29 18 30
29 19 11
29 20 46
29 21 29
29 24 10
29 27 5
29 30 53
29 33 2
29 35 18
29 37 9
29 38 32
29 39 1
29 40 38
29 41 8
29 43 31
29 45 48
29 47 22
29 49 21
29 50 49
29 53 15
29 55 54
29 57 7
29 58 33
30 3 49
30 4 28
30 5 44
30 7 38
30 9 56
30 10 58
30 13 57
30 14 35
30 15 39
30 16 1
30 17 27
30 18 22
30 20 51
30 21 55
30 22 2
30 23 21
30 25 52
30 27 54
30 28 42
30 31 8
30 32 13
30 33 36
30 36 0
30 38 24
30 39 33
30 41 5
30 43 18
30 44 15
30 45 7
30 46 59
30 48 10
30 50 34
30 52 45
30 55 4
30 56 30
30 57 41
30 58 20
31 0 34
31 8 7
31 10 33
31 11 59
31 13 23
31 14 36
31 16 42
31 18 44
31 19 41
31 21 20
31 22 47
31 25 1
31 26 43
31 27 28
31 29 21
31 30 32
31 31 30
31 32 5
31 33 25
31 34 51
31 37 6
31 39 53
31 40 15
31 42 22
31 44 17
31 45 14
31 46 35
31 47 48
31 51 45
31 52 16
31 54 3
31 56 38
31 58 2
32 2 21
32 3 9
32 4 54
32 6 24
32 7 2
32 10 16
32 12 8
32 13 10
32 14 49
32 17 53
32 18 56
32 20 32
32 21 25
32 22 38
32 23 20
32 24 34
32 27 39
32 29 46
32 30 42
32 31 4
32 34 1
32 35 31
32 38 40
32 39 12
32 40 14
32 41 3
32 42 13
32 44 45
32 45 55
32 46 36
32 47 47
32 49 35
32 50 17
32 51 33
32 53 58
32 54 22
32 56 0
32 57 23
32 59 51
33 0 31
33 5 59
33 6 37
33 8 0
33 9 25
33 10 55
33 12 21
33 13 30
33 16 24
33 18 32
33 20 33
33 24 14
33 25 23
33 27 22
33 28 38
33 31 2
33 32 49
33 33 53
33 34 13
33 36 12
33 37 42
33 38 27
33 39 58
33 41 45
33 42 20
33 44 52
33 45 44
33 46 5
33 47 16
33 48 34
33 49 9
33 51 15
33 52 11
33 53 28
33 54 10
33 56 47
33 57 51
33 58 29
34 0 38
34 1 19
34 2 26
34 3 17
34 5 7
34 6 31
34 7 11
34 18 55
34 19 23
34 21 10
34 22 44
34 23 49
34 24 28
34 27 0
34 30 57
34 31 6
34 33 47
34 35 15
34 37 22
34 41 24
34 45 3
34 47 41
34 48 18
34 49 50
34 50 14
34 51 4
34 52 27
34 54 33
34 55 40
34 56 34
34 57 9
34 58 46
34 59 52
35 1 29
35 2 0
35 3 38
35 5 8
35 10 19
35 12 25
35 13 6
35 14 11
35 15 50
35 17 21
35 18 34
35 19 59
35 23 4
35 26 10
35 28 51
35 29 33
35 30 13
35 31 52
35 32 30
35 34 28
35 36 14
35 37 41
35 38 54
35 40 45
35 41 7
35 42 12
35 43 16
35 44 5
35 49 44
35 51 3
35 52 48
35 55 20
35 57 2
35 58 58
36 1 34
36 2 33
36 3 32
36 5 10
36 6 7
36 8 45
36 10 15
36 11 9
36 13 41
36 15 21
36 16 57
36 18 3
36 20 22
36 21 51
36 24 31
36 26 55
36 29 27
36 31 47
36 32 46
36 33 40
36 36 36
36 39 48
36 40 42
36 42 52
36 43 1
36 45 18
36 46 16
36 47 25
36 48 50
36 49 5
36 50 28
36 51 6
36 53 17
36 54 24
36 55 43
36 56 23
36 58 56
36 59 39
37 0 58
37 2 57
37 3 56
37 5 0
37 7 12
37 8 52
37 9 14
37 11 22
37 13 24
37 14 1
37 15 48
37 17 19
37 18 31
37 19 46
37 21 43
37 22 16
37 23 9
37 28 36
37 30 51
37 31 39
37 33 4
37 34 40
37 36 45
37 38 33
37 40 18
37 41 44
37 42 47
37 44 50
37 47 5
37 48 3
37 49 29
37 50 8
37 52 26
37 55 49
37 56 55
37 58 53
38 5 4
38 7 32
38 12 55
38 13 16
38 15 33
38 16 45
38 18 26
38 19 49
38 20 31
38 22 48
38 23 17
38 25 24
38 27 7
38 28 30
38 30 34
38 31 46
38 32 15
38 33 8
38 35 44
38 37 56
38 42 39
38 46 12
38 47 50
38 52 36
38 53 52
38 56 59
38 59 29
39 0 20
39 1 55
39 2 45
39 3 21
39 4 5
39 9 52
39 14 38
39 15 59
39 17 17
39 20 53
39 21 48
39 22 39
39 24 11
39 25 10
39 26 46
39 30 6
39 31 7
39 33 9
39 34 44
39 35 29
39 38 36
39 40 31
39 41 2
39 42 43
39 43 47
39 45 56
39 46 54
39 47 0
39 50 58
39 52 28
39 54 1
39 55 41
39 56 13
39 57 16
39 58 23
39 59 34
40 1 16
40 2 44
40 4 3
40 5 48
40 10 29
40 11 23
40 12 54
40 13 37
40 16 35
40 17 43
40 18 1
40 19 21
40 20 2
40 23 34
40 29 41
40 31 27
40 32 28
40 33 51
40 35 40
40 36 50
40 37 53
40 38 13
40 39 22
40 40 8
40 41 31
40 42 49
40 43 19
40 44 10
40 45 57
40 46 33
40 48 25
40 49 42
40 50 26
40 51 7
40 54 9
40 55 5
40 56 6
40 57 56
40 58 59
40 59 32
41 0 37
41 1 13
41 2 39
41 4 50
41 6 35
41 7 19
41 8 14
41 9 57
41 11 7
41 12 29
41 16 52
41 18 15
41 19 2
41 20 18
41 21 8
41 22 51
41 24 22
41 26 47
41 27 40
41 30 56
41 31 44
41 32 43
41 33 58
41 34 38
41 35 42
41 36 24
41 37 12
41 38 23
41 39 25
41 40 4
41 41 1
41 42 46
41 44 0
41 48 32
41 50 54
41 52 49
41 53 59
41 57 5
41 58 3
41 59 48
42 0 25
42 1 4
42 2 48
42 5 14
42 6 15
42 8 34
42 9 59
42 12 42
42 14 57
42 15 30
42 16 27
42 18 51
42 19 47
42 27 8
42 29 58
42 30 29
42 31 41
42 33 38
42 34 31
42 35 19
42 37 36
42 39 55
42 40 37
42 41 28
42 42 26
42 43 53
42 44 49
42 45 52
42 46 7
42 48 11
42 55 46
42 56 20
42 58 9
42 59 44
43 1 39
43 3 46
43 4 40
43 5 58
43 7 47
43 8 15
43 9 4
43 12 26
43 13 34
43 16 22
43 17 23
43 18 21
43 19 16
43 20 41
43 21 52
43 23 0
43 24 6
43 26 7
43 28 1
43 31 59
43 33 56
43 34 35
43 37 33
43 38 55
43 39 8
43 40 36
43 41 38
43 42 27
43 43 32
43 44 18
43 49 45
43 53 53
43 54 29
43 58 11
43 59 5
44 0 32
44 2 5
44 3 53
44 4 6
44 8 2
44 9 26
44 10 56
44 11 27
44 12 38
44 13 20
44 14 29
44 15 10
44 17 49
44 18 4
44 19 28
44 21 21
44 22 7
44 23 57
44 26 15
44 27 36
44 29 47
44 30 24
44 31 48
44 32 44
44 35 37
44 37 23
44 42 33
44 44 22
44 46 51
44 50 12
44 52 43
44 53 45
44 54 58
44 57 39
44 58 17
44 59 31
45 0 40
45 1 53
45 2 42
45 3 19
45 4 1
45 6 25
45 8 10
45 9 37
45 10 8
45 11 32
45 12 22
45 13 35
45 15 56
45 17 6
45 21 58
45 22 50
45 23 59
45 24 57
45 25 33
45 26 21
45 27 26
45 29 14
45 30 7
45 31 55
45 34 5
45 35 23
45 37 46
45 39 20
45 40 44
45 43 45
45 44 13
45 45 11
45 47 12
45 48 49
45 49 28
45 50 18
45 51 39
45 54 43
45 55 31
45 57 48
45 58 30
46 4 9
46 5 25
46 9 3
46 11 45
46 13 42
46 14 10
46 15 34
46 16 56
46 18 48
46 19 43
46 20 1
46 22 18
46 23 29
46 24 0
46 26 13
46 27 52
46 28 37
46 29 6
46 31 54
46 36 28
46 42 23
46 44 44
46 46 15
46 47 53
46 48 21
46 49 20
46 51 14
46 53 5
46 55 19
46 56 32
46 58 50
46 59 24
47 0 56
47 3 15
47 5 19
47 7 57
47 8 27
47 9 50
47 12 44
47 13 38
47 15 45
47 16 21
47 17 42
47 18 2
47 22 58
47 23 25
47 25 4
47 28 12
47 29 32
47 30 59
47 33 1
47 34 18
47 35 30
47 36 31
47 37 54
47 38 29
47 39 11
47 40 41
47 42 6
47 46 55
47 48 26
47 58 39
47 59 3
48 0 1
48 3 58
48 4 43
48 5 12
48 7 3
48 8 37
48 9 30
48 10 39
48 11 42
48 14 2
48 15 40
48 17 24
48 19 55
48 20 35
48 21 18
48 22 46
48 24 54
48 25 56
48 27 32
48 28 6
48 29 0
48 30 45
48 31 50
48 32 26
48 33 28
48 34 7
48 35 21
48 36 5
48 39 49
48 40 16
48 41 25
48 43 9
48 44 41
48 46 57
48 47 29
48 48 22
48 49 59
48 51 27
48 53 34
48 55 33
48 57 53
49 1 31
49 4 32
49 9 22
49 10 24
49 11 4
49 12 53
49 15 12
49 16 50
49 17 38
49 19 52
49 20 28
49 21 3
49 26 6
49 27 20
49 28 56
49 30 55
49 31 33
49 35 5
49 36 49
49 38 9
49 39 43
49 41 54
49 43 37
49 46 47
49 49 34
49 50 19
49 53 0
49 55 2
49 56 11
50 1 52
50 2 28
50 6 4
50 11 31
50 14 56
50 15 0
50 16 18
50 23 54
50 26 58
50 27 30
50 30 23
50 32 10
50 34 48
50 35 24
50 37 47
50 38 42
50 39 16
50 40 19
50 41 53
50 42 14
50 44 11
50 45 46
50 49 7
50 50 38
50 51 26
50 52 44
50 54 41
50 56 1
51 0 39
51 1 56
51 2 52
51 3 34
51 4 14
51 7 48
51 10 17
51 13 3
51 15 53
51 16 7
51 17 20
51 18 10
51 19 0
51 21 22
51 25 30
51 26 44
51 28 32
51 29 8
51 30 50
51 31 29
51 32 54
51 36 9
51 37 13
51 38 19
51 39 37
51 41 21
51 43 38
51 47 59
51 48 28
51 49 16
51 50 40
51 51 42
51 56 27
51 58 12
51 59 33
52 0 44
52 1 35
52 3 1
52 4 21
52 6 0
52 8 8
52 9 51
52 10 4
52 13 12
52 15 55
52 16 13
52 17 3
52 18 19
52 19 57
52 20 38
52 21 24
52 23 5
52 24 30
52 25 29
52 26 33
52 27 43
52 28 14
52 29 34
52 32 31
52 35 32
52 37 39
52 39 46
52 41 41
52 42 36
52 43 58
52 44 27
52 45 59
52 48 53
52 49 56
52 51 23
52 52 25
52 53 9
52 54 17
52 56 2
52 57 54
52 59 40
53 0 48
53 2 47
53 4 58
53 5 3
53 7 0
53 8 31
53 9 40
53 10 51
53 11 33
53 12 39
53 13 50
53 14 9
53 17 11
53 18 53
53 20 25
53 21 34
53 22 14
53 24 42
53 25 49
53 28 28
53 29 38
53 30 46
53 35 17
53 37 19
53 38 18
53 39 15
53 43 29
53 44 35
53 47 21
53 48 8
53 52 32
53 54 57
53 55 7
53 56 37
53 58 41
54 0 45
54 7 27
54 8 5
54 9 35
54 10 23
54 11 46
54 12 49
54 14 30
54 17 40
54 18 39
54 19 6
54 20 8
54 21 12
54 22 13
54 23 22
54 24 56
54 25 54
54 26 36
54 28 41
54 29 20
54 30 28
54 31 19
54 32 7
54 36 25
54 38 11
54 39 18
54 40 48
54 41 26
54 42 3
54 44 47
54 45 24
54 49 52
54 50 1
54 52 10
54 53 43
54 54 21
54 55 42
54 56 57
54 58 31
54 59 50
55 0 17
55 1 30
55 4 48
55 5 50
55 6 32
55 7 5
55 9 36
55 11 24
55 14 28
55 16 4
55 18 57
55 19 53
55 20 14
55 21 49
55 23 45
55 25 9
55 26 18
55 27 21
55 32 47
55 35 56
55 36 51
55 37 8
55 38 25
55 39 59
55 41 11
55 42 54
55 44 12
55 46 44
55 47 34
55 49 58
55 52 37
55 54 55
55 55 29
55 57 22
55 58 27
55 59 26
56 0 55
56 1 18
56 2 59
56 3 30
56 5 16
56 6 33
56 9 34
56 12 6
56 13 29
56 16 15
56 17 48
56 18 11
56 19 4
56 21 41
56 22 8
56 23 46
56 24 47
56 26 49
56 29 1
56 30 5
56 31 26
56 33 12
56 36 38
56 37 28
56 39 14
56 42 57
56 43 43
56 44 31
56 46 20
56 49 39
56 50 25
56 51 56
56 52 7
56 53 54
56 54 50
56 55 51
56 56 22
56 57 27
57 1 6
57 2 23
57 3 57
57 4 31
57 5 20
57 6 44
57 7 22
57 9 19
57 10 41
57 11 38
57 17 10
57 19 8
57 21 47
57 23 14
57 24 29
57 25 59
57 26 42
57 28 7
57 29 25
57 30 15
57 33 21
57 35 34
57 36 37
57 39 4
57 40 27
57 42 16
57 43 11
57 45 32
57 46 40
57 47 28
57 49 55
57 50 39
57 51 51
57 55 26
57 56 35
57 57 30
57 58 54
57 59 18
58 0 59
58 2 8
58 3 16
58 4 27
58 7 24
58 8 49
58 9 10
58 13 32
58 15 26
58 17 54
58 18 20
58 19 18
58 23 50
58 26 5
58 27 51
58 29 44
58 32 52
58 33 0
58 34 55
58 35 1
58 36 33
58 37 57
58 39 34
58 41 46
58 42 29
58 43 22
58 45 31
58 47 40
58 48 14
58 49 13
58 50 6
58 53 19
58 54 53
58 56 4
58 57 15
58 58 42
59 0 53
59 1 22
59 2 50
59 4 24
59 5 9
59 7 4
59 8 28
59 10 5
59 11 8
59 12 37
59 14 51
59 16 16
59 19 15
59 22 1
59 23 56
59 24 23
59 28 55
59 30 19
59 32 18
59 33 41
59 34 3
59 36 44
59 37 32
59 38 20
59 41 30
59 42 0
59 43 17
59 44 36
59 45 40
59 47 27
59 51 58
59 53 2
59 55 21
59 56 7
59 57 47
