70
0 3 17
0 4 21
0 7 56
0 10 62
0 12 12
0 13 65
0 14 23
0 20 57
0 22 48
0 25 25
0 30 20
0 31 37
0 33 0
0 34 63
0 37 68
0 40 34
0 42 4
0 46 50
0 47 26
0 48 18
0 50 54
0 52 39
0 55 60
0 56 43
0 57 53
0 61 35
0 65 28
0 67 49
0 69 47
1 1 19
1 2 31
1 3 13
1 9 10
1 12 41
1 13 30
1 14 32
1 15 1
1 16 48
1 18 5
1 19 58
1 20 18
1 22 34
1 23 25
1 25 38
1 30 4
1 31 54
1 35 65
1 36 2
1 38 36
1 42 52
1 44 40
1 46 39
1 48 42
1 49 14
1 50 33
1 53 0
1 55 68
1 57 44
1 58 51
1 62 67
1 63 7
1 66 15
2 0 60
2 5 62
2 6 66
2 7 10
2 9 56
2 10 5
2 16 4
2 28 6
2 30 30
2 31 23
2 32 55
2 35 43
2 39 29
2 41 41
2 42 28
2 43 8
2 49 50
2 51 34
2 54 68
2 55 25
2 56 38
2 57 42
2 61 13
2 67 53
2 69 35
3 1 44
3 2 52
3 3 32
3 4 19
3 5 34
3 8 23
3 9 13
3 11 53
3 14 50
3 16 29
3 18 22
3 19 2
3 24 49
3 25 46
3 27 27
3 31 25
3 36 14
3 38 45
3 39 68
3 43 65
3 46 16
3 48 31
3 50 57
3 52 7
3 54 41
3 57 12
3 60 43
3 62 18
3 67 48
3 68 67
3 69 38
4 0 2
4 7 55
4 8 59
4 11 15
4 12 50
4 16 42
4 17 67
4 20 64
4 22 23
4 24 66
4 27 21
4 29 41
4 33 51
4 34 33
4 37 24
4 38 30
4 42 44
4 52 6
4 66 69
4 67 27
4 69 31
5 0 37
5 2 34
5 5 21
5 7 63
5 9 24
5 12 20
5 14 11
5 17 64
5 18 52
5 21 42
5 22 18
5 27 22
5 28 27
5 29 15
5 31 47
5 33 49
5 34 51
5 38 38
5 40 36
5 43 17
5 44 6
5 51 33
5 54 53
5 55 62
5 57 68
5 60 1
5 63 54
5 67 55
5 68 3
5 69 48
6 0 56
6 2 17
6 3 41
6 4 68
6 5 13
6 6 52
6 9 65
6 10 35
6 12 62
6 14 45
6 15 40
6 19 5
6 21 44
6 22 63
6 25 50
6 26 2
6 28 0
6 33 60
6 36 19
6 37 55
6 43 46
6 44 61
6 47 33
6 51 3
6 52 11
6 58 48
6 65 7
6 66 28
6 67 24
7 1 12
7 3 37
7 4 41
7 5 20
7 10 0
7 12 53
7 14 30
7 16 19
7 20 27
7 21 54
7 25 23
7 26 48
7 27 47
7 28 28
7 30 15
7 34 36
7 36 43
7 43 6
7 49 17
7 50 58
7 52 55
7 56 11
7 58 57
7 67 16
7 69 22
8 1 42
8 2 3
8 7 32
8 9 19
8 12 59
8 16 67
8 21 14
8 25 36
8 28 21
8 31 57
8 32 40
8 34 22
8 37 13
8 38 26
8 41 45
8 42 60
8 43 68
8 44 7
8 45 52
8 48 61
8 52 34
8 53 50
8 56 51
8 60 15
8 61 27
8 64 41
8 65 69
8 69 44
9 0 62
9 1 49
9 3 64
9 4 3
9 7 36
9 12 47
9 13 20
9 17 13
9 18 10
9 21 31
9 22 52
9 25 48
9 31 8
9 33 4
9 35 40
9 36 35
9 38 44
9 41 55
9 47 12
9 49 0
9 51 23
9 57 11
9 58 18
9 60 39
9 63 66
9 64 27
9 65 58
9 66 43
9 68 45
10 0 29
10 1 58
10 3 23
10 10 18
10 11 61
10 13 67
10 14 55
10 19 44
10 24 4
10 25 13
10 26 51
10 28 10
10 31 7
10 33 37
10 34 28
10 35 53
10 37 49
10 40 19
10 41 9
10 45 50
10 48 2
10 49 42
10 52 16
10 53 34
10 54 20
10 57 40
10 58 64
10 60 35
10 61 56
10 63 21
10 65 52
10 67 25
11 0 4
11 3 8
11 5 45
11 7 31
11 9 34
11 11 32
11 12 33
11 13 68
11 14 60
11 18 61
11 19 16
11 22 1
11 23 66
11 26 58
11 27 59
11 30 27
11 31 65
11 33 64
11 34 10
11 37 12
11 43 24
11 45 30
11 47 47
11 48 11
11 50 13
11 51 44
11 55 26
11 56 55
11 58 39
11 61 19
11 64 52
11 67 18
11 68 69
12 6 60
12 7 11
12 9 68
12 12 36
12 13 21
12 14 20
12 18 24
12 23 19
12 25 54
12 27 18
12 32 52
12 37 67
12 41 26
12 42 46
12 47 65
12 48 8
12 51 58
12 55 50
12 57 39
12 58 49
12 62 23
12 64 34
12 65 62
12 66 32
12 67 38
13 2 36
13 3 2
13 4 42
13 8 24
13 9 44
13 10 59
13 12 4
13 13 0
13 14 22
13 18 45
13 19 55
13 20 7
13 24 14
13 25 27
13 26 25
13 27 1
13 29 19
13 32 35
13 36 34
13 37 11
13 38 13
13 39 31
13 42 61
13 47 40
13 50 48
13 51 53
13 53 49
13 54 18
13 56 57
13 60 60
13 66 68
13 67 28
14 3 25
14 12 57
14 13 17
14 14 24
14 17 19
14 18 13
14 21 15
14 22 33
14 26 52
14 27 36
14 30 16
14 32 42
14 35 31
14 36 54
14 40 56
14 43 30
14 45 3
14 49 7
14 58 68
14 62 34
14 65 40
14 66 61
14 69 50
15 0 20
15 5 50
15 7 52
15 9 31
15 10 36
15 12 7
15 18 1
15 19 61
15 20 0
15 22 6
15 24 54
15 28 33
15 30 28
15 34 48
15 36 53
15 39 15
15 40 32
15 41 38
15 43 11
15 45 49
15 46 10
15 47 25
15 48 4
15 49 12
15 54 40
15 56 19
15 58 44
15 60 63
15 61 51
15 63 60
15 66 58
15 68 66
15 69 64
16 3 67
16 4 65
16 6 56
16 8 58
16 9 57
16 11 40
16 14 26
16 15 69
16 17 7
16 19 6
16 20 46
16 21 18
16 22 25
16 24 1
16 25 66
16 26 23
16 27 19
16 31 32
16 34 42
16 36 17
16 38 15
16 40 20
16 48 53
16 49 4
16 56 37
16 64 51
16 69 33
17 1 45
17 2 35
17 6 58
17 8 14
17 11 19
17 13 40
17 14 67
17 16 69
17 17 48
17 18 51
17 19 25
17 22 42
17 26 56
17 27 66
17 28 22
17 33 53
17 34 2
17 36 33
17 38 52
17 39 50
17 42 7
17 43 62
17 46 55
17 47 63
17 49 46
17 50 8
17 51 28
17 58 41
17 59 26
17 60 36
17 61 23
17 62 37
17 63 12
17 64 0
18 1 54
18 3 30
18 4 58
18 7 57
18 10 16
18 11 45
18 12 66
18 15 28
18 17 11
18 19 19
18 20 1
18 24 52
18 26 27
18 27 0
18 29 32
18 31 48
18 32 37
18 33 31
18 35 41
18 36 42
18 37 50
18 39 8
18 40 4
18 42 47
18 43 12
18 45 34
18 46 20
18 47 60
18 48 35
18 49 61
18 52 10
18 55 63
18 59 29
18 60 17
18 61 43
18 64 40
18 67 2
18 68 68
19 1 66
19 3 65
19 6 21
19 7 27
19 12 58
19 19 51
19 21 26
19 22 60
19 29 52
19 30 8
19 32 67
19 34 11
19 38 1
19 40 44
19 46 36
19 47 29
19 53 41
19 57 47
19 58 9
19 59 14
19 62 6
19 68 16
20 0 63
20 3 33
20 4 34
20 10 30
20 16 26
20 17 24
20 20 29
20 22 12
20 24 67
20 25 61
20 26 18
20 36 20
20 41 15
20 42 11
20 46 53
20 48 10
20 52 56
20 53 62
20 55 47
20 58 69
20 61 60
20 64 32
21 1 10
21 2 56
21 4 62
21 8 33
21 9 28
21 11 39
21 12 60
21 14 52
21 20 51
21 23 27
21 26 49
21 27 67
21 29 25
21 32 21
21 34 37
21 35 42
21 37 30
21 39 64
21 45 18
21 48 7
21 49 38
21 51 69
21 52 19
21 53 68
21 55 24
21 56 61
21 61 44
21 62 59
21 63 13
21 65 45
21 69 16
22 8 36
22 9 60
22 10 28
22 12 32
22 15 12
22 16 46
22 17 49
22 19 10
22 25 19
22 28 25
22 29 14
22 30 56
22 31 2
22 34 45
22 40 51
22 44 30
22 45 24
22 46 37
22 47 53
22 50 23
22 51 61
22 52 8
22 53 3
22 56 29
22 65 48
22 66 20
22 68 7
22 69 66
23 0 15
23 8 10
23 11 54
23 16 68
23 19 53
23 23 1
23 27 29
23 28 65
23 32 56
23 33 58
23 35 61
23 39 46
23 42 32
23 48 47
23 51 48
23 52 57
23 53 17
23 56 64
23 63 49
23 69 12
24 0 24
24 1 29
24 3 45
24 4 32
24 5 37
24 7 8
24 9 52
24 12 35
24 14 14
24 16 23
24 18 68
24 20 47
24 21 53
24 24 38
24 27 6
24 29 11
24 34 0
24 37 10
24 41 27
24 42 36
24 44 15
24 46 1
24 47 58
24 48 48
24 49 55
24 50 67
24 51 16
24 52 66
24 53 59
24 54 49
24 58 61
24 59 12
24 60 51
24 63 20
24 69 41
25 1 15
25 3 0
25 9 48
25 10 25
25 13 18
25 14 10
25 16 58
25 21 29
25 22 19
25 25 44
25 26 50
25 28 40
25 32 63
25 33 27
25 34 8
25 37 52
25 38 5
25 40 45
25 42 51
25 43 3
25 44 68
25 45 35
25 47 21
25 52 12
25 54 33
25 57 28
25 61 42
25 62 1
25 63 26
25 65 34
25 66 23
26 3 27
26 6 37
26 11 52
26 13 59
26 19 17
26 22 26
26 24 46
26 27 49
26 28 38
26 30 5
26 31 44
26 37 57
26 38 60
26 41 68
26 42 23
26 48 55
26 49 47
26 50 21
26 53 54
26 54 22
26 55 10
26 57 33
26 59 24
26 61 58
26 66 42
26 69 45
27 0 48
27 1 56
27 2 13
27 3 50
27 11 24
27 12 65
27 15 44
27 17 6
27 18 29
27 19 28
27 20 63
27 26 41
27 32 7
27 33 16
27 34 25
27 36 4
27 38 9
27 39 1
27 40 61
27 42 67
27 44 64
27 46 42
27 49 30
27 51 43
27 54 46
27 62 52
27 69 53
28 2 29
28 4 7
28 7 53
28 10 40
28 16 27
28 20 56
28 21 10
28 25 3
28 28 4
28 31 0
28 33 21
28 36 51
28 38 55
28 40 62
28 41 61
28 42 65
28 43 19
28 45 39
28 46 38
28 47 6
28 50 36
28 51 24
28 52 32
28 54 35
28 55 13
28 56 8
28 60 31
28 63 14
28 66 57
28 67 47
28 69 63
29 2 16
29 4 11
29 5 66
29 7 61
29 8 57
29 14 40
29 15 5
29 17 47
29 22 68
29 23 34
29 25 67
29 26 54
29 29 23
29 33 38
29 34 15
29 38 62
29 44 18
29 51 4
29 52 51
29 54 58
29 56 32
29 60 45
29 63 43
29 64 55
30 0 51
30 3 34
30 5 55
30 9 67
30 15 45
30 17 28
30 21 12
30 23 10
30 24 18
30 27 25
30 28 48
30 30 66
30 31 50
30 32 22
30 33 24
30 36 59
30 37 1
30 40 54
30 43 38
30 46 30
30 48 57
30 49 63
30 53 9
30 54 2
30 57 26
30 62 39
30 63 17
30 69 49
31 2 50
31 6 26
31 10 64
31 12 51
31 13 35
31 15 10
31 18 25
31 21 1
31 27 44
31 29 63
31 33 22
31 35 67
31 36 61
31 40 53
31 42 14
31 43 23
31 44 16
31 46 32
31 47 2
31 54 19
31 55 52
31 56 42
31 58 15
31 62 4
31 67 9
32 3 6
32 5 30
32 6 9
32 7 2
32 10 47
32 11 18
32 23 3
32 24 12
32 25 34
32 31 63
32 32 28
32 34 69
32 37 14
32 39 44
32 42 49
32 44 43
32 45 46
32 46 56
32 47 68
32 50 4
32 52 36
32 56 5
32 58 16
32 60 19
32 62 13
32 63 52
32 64 24
32 68 26
33 0 18
33 2 57
33 3 52
33 4 35
33 12 44
33 15 67
33 17 46
33 18 17
33 19 60
33 27 14
33 33 40
33 34 19
33 35 30
33 36 28
33 42 54
33 46 49
33 53 48
33 54 61
33 60 16
33 62 51
33 64 64
33 66 63
34 0 46
34 1 11
34 11 20
34 12 26
34 14 68
34 16 41
34 17 0
34 23 63
34 26 36
34 31 24
34 35 51
34 37 7
34 40 39
34 42 43
34 43 40
34 45 69
34 49 16
34 50 44
34 51 64
34 52 45
34 60 25
34 61 66
34 65 57
34 67 8
35 1 6
35 2 40
35 3 29
35 4 17
35 8 9
35 11 57
35 14 28
35 17 8
35 20 42
35 21 16
35 24 50
35 25 59
35 27 12
35 28 47
35 29 48
35 30 19
35 32 38
35 33 56
35 35 66
35 39 32
35 42 37
35 43 20
35 44 34
35 47 31
35 54 24
35 55 53
35 59 41
35 64 68
35 65 13
35 67 36
36 2 48
36 4 50
36 11 33
36 12 68
36 15 22
36 20 38
36 26 21
36 28 42
36 29 9
36 31 28
36 34 46
36 36 27
36 37 59
36 38 31
36 40 25
36 41 18
36 44 58
36 48 24
36 49 44
36 50 45
36 51 15
36 53 8
36 58 6
36 61 12
36 62 55
36 68 19
37 0 68
37 1 65
37 4 53
37 5 17
37 12 11
37 13 34
37 16 28
37 20 50
37 21 37
37 22 35
37 27 5
37 32 1
37 33 15
37 34 61
37 35 3
37 46 26
37 47 10
37 49 13
37 50 25
37 51 32
37 55 46
37 58 59
37 61 64
37 64 12
38 0 67
38 1 20
38 3 15
38 13 62
38 14 17
38 16 18
38 19 57
38 23 26
38 27 8
38 28 45
38 29 55
38 31 11
38 32 54
38 36 6
38 37 28
38 38 10
38 41 32
38 43 44
38 47 0
38 48 52
38 49 48
38 51 29
38 52 41
38 53 61
38 55 64
38 58 43
38 59 46
38 64 66
38 66 35
38 67 68
39 0 17
39 1 36
39 3 22
39 4 18
39 7 6
39 10 41
39 17 12
39 21 23
39 23 4
39 24 8
39 28 13
39 33 43
39 36 1
39 37 16
39 38 11
39 43 9
39 45 56
39 47 59
39 48 21
39 49 27
39 53 60
39 55 0
39 56 65
39 58 20
39 68 32
40 0 53
40 1 40
40 3 55
40 7 26
40 10 3
40 11 6
40 12 22
40 14 21
40 16 54
40 17 9
40 18 38
40 20 13
40 23 67
40 27 16
40 28 34
40 31 29
40 35 68
40 37 15
40 39 61
40 42 19
40 44 42
40 45 66
40 48 46
40 50 51
40 51 37
40 58 23
40 60 7
40 62 32
40 63 35
40 68 17
41 0 34
41 4 48
41 9 0
41 10 14
41 14 37
41 19 12
41 22 62
41 23 20
41 27 51
41 29 57
41 33 19
41 35 13
41 37 3
41 50 52
41 51 22
41 55 21
41 61 16
41 62 24
41 63 30
41 64 7
41 65 36
41 66 39
41 68 23
42 2 64
42 3 26
42 4 67
42 5 61
42 7 59
42 8 52
42 9 38
42 13 27
42 18 65
42 20 12
42 24 6
42 28 37
42 29 68
42 30 54
42 34 41
42 35 49
42 38 3
42 39 56
42 42 42
42 43 50
42 44 55
42 48 5
42 49 21
42 50 19
42 53 18
42 54 1
42 56 24
42 58 31
42 60 53
42 61 2
42 63 58
42 65 47
43 1 21
43 2 28
43 3 61
43 4 22
43 7 46
43 8 65
43 9 15
43 11 35
43 14 39
43 16 16
43 17 55
43 19 56
43 21 4
43 24 63
43 28 20
43 31 12
43 33 13
43 35 59
43 39 43
43 40 26
43 45 1
43 46 45
43 48 64
43 52 5
43 53 57
43 59 40
43 65 51
43 66 18
43 68 54
44 5 36
44 6 45
44 7 64
44 10 54
44 14 16
44 20 25
44 24 33
44 25 51
44 27 42
44 28 44
44 29 43
44 30 10
44 31 6
44 32 23
44 36 38
44 37 39
44 40 58
44 41 7
44 42 3
44 44 41
44 46 57
44 47 11
44 54 59
44 58 47
44 63 2
44 69 68
45 0 27
45 2 8
45 11 42
45 14 69
45 16 10
45 17 22
45 23 61
45 27 11
45 29 16
45 30 6
45 32 5
45 36 36
45 37 53
45 38 29
45 40 68
45 47 64
45 49 2
45 52 25
45 53 7
45 54 45
45 55 49
45 60 38
45 62 20
45 64 28
45 65 63
45 68 43
45 69 46
46 1 23
46 4 56
46 6 35
46 9 66
46 12 43
46 13 52
46 15 19
46 16 63
46 17 18
46 21 11
46 22 0
46 23 60
46 26 31
46 27 69
46 28 2
46 30 38
46 34 14
46 35 48
46 36 49
46 38 47
46 41 62
46 42 57
46 46 3
46 48 16
46 49 28
46 54 5
46 58 45
46 67 21
47 3 59
47 10 15
47 14 1
47 16 45
47 17 29
47 18 3
47 21 52
47 23 51
47 27 26
47 28 53
47 30 35
47 36 23
47 37 38
47 42 40
47 44 67
47 46 48
47 48 66
47 50 10
47 53 12
47 55 44
47 56 56
47 58 54
47 60 27
47 62 69
47 63 57
47 66 4
48 0 21
48 3 3
48 6 42
48 9 45
48 10 57
48 11 48
48 12 6
48 17 1
48 18 46
48 22 36
48 24 9
48 28 30
48 29 28
48 35 55
48 36 64
48 40 17
48 41 37
48 42 27
48 43 10
48 44 52
48 48 20
48 50 11
48 51 63
48 52 54
48 56 16
48 57 29
48 59 25
48 61 26
48 65 65
48 67 40
48 69 5
49 1 35
49 2 44
49 3 43
49 8 12
49 11 63
49 12 67
49 13 53
49 20 45
49 21 19
49 26 34
49 29 60
49 32 50
49 33 7
49 34 24
49 43 47
49 44 9
49 52 30
49 53 1
49 55 48
49 60 56
49 64 2
49 65 4
49 68 59
49 69 0
50 1 17
50 8 60
50 9 39
50 13 45
50 15 42
50 17 68
50 19 49
50 23 16
50 29 26
50 30 18
50 31 46
50 32 19
50 37 4
50 41 69
50 42 10
50 43 58
50 44 2
50 45 44
50 48 13
50 49 34
50 55 22
50 58 12
50 68 31
51 4 46
51 5 40
51 7 44
51 8 1
51 13 26
51 15 51
51 16 13
51 20 37
51 24 41
51 26 63
51 27 4
51 28 39
51 30 24
51 31 18
51 34 65
51 37 22
51 38 23
51 39 53
51 40 52
51 42 31
51 43 15
51 47 67
51 48 19
51 50 59
51 52 69
51 53 56
51 54 47
51 57 45
51 60 68
51 61 20
51 66 27
51 68 0
52 0 16
52 5 10
52 10 23
52 11 43
52 12 38
52 15 65
52 18 31
52 22 2
52 28 18
52 29 1
52 31 69
52 34 40
52 36 67
52 37 33
52 39 22
52 44 47
52 48 51
52 49 20
52 50 26
52 52 17
52 54 66
52 62 50
52 63 19
52 64 35
52 69 37
53 9 16
53 11 12
53 12 52
53 14 25
53 15 57
53 16 2
53 19 66
53 20 21
53 24 35
53 28 11
53 29 24
53 31 67
53 41 0
53 51 13
53 54 7
53 55 15
53 59 20
53 61 53
53 64 14
53 67 43
53 69 17
54 0 43
54 1 46
54 2 10
54 4 66
54 8 30
54 9 5
54 12 27
54 13 48
54 14 6
54 20 61
54 21 38
54 22 55
54 23 33
54 27 24
54 28 26
54 32 49
54 34 23
54 36 7
54 37 2
54 39 57
54 40 69
54 47 50
54 53 45
54 54 67
54 55 11
54 58 25
54 64 47
54 67 12
55 0 44
55 1 1
55 3 5
55 4 52
55 6 4
55 13 19
55 14 13
55 15 34
55 18 58
55 21 41
55 23 7
55 25 10
55 26 61
55 28 54
55 30 37
55 31 14
55 32 39
55 33 2
55 39 69
55 40 8
55 41 23
55 42 0
55 46 6
55 49 24
55 53 20
55 54 27
55 55 65
55 56 9
55 58 63
55 59 36
55 64 59
55 66 12
55 67 22
55 68 55
56 2 9
56 3 36
56 4 40
56 8 47
56 14 8
56 15 14
56 16 21
56 23 46
56 26 37
56 27 2
56 30 0
56 32 60
56 33 48
56 36 57
56 38 28
56 39 3
56 40 1
56 42 25
56 46 4
56 47 13
56 50 64
56 53 51
56 54 15
56 55 67
56 57 41
56 58 56
56 60 58
56 66 65
56 68 38
57 2 27
57 9 46
57 10 33
57 14 58
57 18 43
57 22 22
57 24 3
57 26 10
57 27 40
57 28 57
57 29 34
57 32 18
57 34 4
57 37 41
57 38 49
57 40 47
57 42 55
57 44 38
57 45 23
57 46 68
57 47 37
57 49 26
57 50 16
57 51 20
57 53 39
57 58 1
57 59 17
57 60 44
57 63 24
57 64 56
57 67 15
58 0 41
58 2 61
58 8 34
58 9 18
58 12 3
58 15 23
58 18 54
58 20 17
58 26 8
58 29 12
58 30 2
58 32 25
58 34 60
58 36 44
58 37 51
58 39 37
58 42 45
58 43 36
58 44 1
58 45 20
58 48 38
58 50 24
58 58 50
58 64 11
59 2 39
59 4 1
59 8 11
59 10 19
59 11 60
59 13 5
59 15 55
59 20 44
59 25 9
59 28 16
59 29 31
59 32 4
59 34 32
59 35 10
59 40 33
59 43 41
59 44 36
59 45 64
59 46 58
59 47 48
59 50 35
59 51 7
59 53 69
59 54 6
59 55 43
59 58 13
59 59 27
59 60 30
59 61 52
59 63 53
59 69 62
60 0 35
60 1 38
60 5 42
60 13 29
60 15 58
60 17 53
60 27 3
60 28 32
60 30 55
60 31 39
60 32 43
60 34 12
60 37 21
60 38 16
60 40 14
60 41 10
60 43 52
60 48 6
60 49 66
60 52 0
60 53 31
60 55 18
60 56 23
60 58 11
60 61 4
60 62 25
60 64 15
60 65 59
60 67 5
60 69 34
61 1 59
61 5 24
61 13 38
61 15 52
61 16 15
61 17 2
61 22 20
61 24 40
61 26 35
61 31 4
61 32 68
61 34 3
61 35 8
61 40 18
61 42 50
61 45 55
61 50 22
61 53 30
61 56 31
61 59 54
61 64 43
61 65 66
61 66 7
61 68 56
61 69 57
62 0 50
62 1 53
62 5 4
62 6 29
62 10 61
62 12 37
62 13 9
62 15 2
62 16 11
62 17 39
62 18 20
62 22 8
62 23 38
62 24 42
62 25 58
62 26 7
62 27 28
62 28 49
62 32 32
62 36 25
62 41 67
62 42 59
62 44 23
62 46 24
62 49 41
62 50 12
62 51 57
62 52 27
62 54 60
62 59 21
62 60 47
62 61 45
62 62 10
62 64 63
62 66 56
63 3 11
63 5 41
63 7 22
63 9 43
63 10 29
63 12 69
63 14 34
63 15 49
63 17 59
63 20 53
63 24 44
63 28 62
63 31 30
63 32 8
63 34 57
63 39 40
63 40 37
63 45 48
63 47 39
63 51 56
63 52 61
63 53 66
63 55 9
63 56 28
63 57 3
63 58 4
63 60 67
63 62 47
63 64 21
63 66 55
63 67 20
63 69 10
64 2 15
64 7 41
64 11 14
64 16 6
64 23 22
64 24 64
64 26 4
64 28 55
64 30 34
64 31 52
64 32 17
64 35 33
64 39 27
64 40 43
64 41 30
64 44 62
64 45 45
64 48 28
64 54 36
64 56 12
64 59 57
64 63 68
64 65 56
64 66 16
64 68 47
65 1 55
65 2 33
65 4 28
65 10 49
65 15 25
65 18 66
65 20 23
65 22 24
65 23 50
65 26 12
65 27 60
65 29 18
65 30 31
65 32 11
65 33 36
65 34 35
65 37 54
65 40 27
65 41 42
65 43 13
65 44 57
65 45 61
65 48 41
65 49 52
65 54 62
65 55 59
65 58 19
65 59 6
65 61 68
65 62 7
65 65 9
65 67 30
66 6 62
66 8 3
66 11 13
66 16 55
66 17 36
66 21 63
66 30 40
66 32 45
66 33 29
66 34 50
66 43 16
66 46 25
66 47 20
66 51 52
66 54 10
66 55 38
66 56 21
66 57 69
66 60 24
66 61 9
66 64 42
66 66 11
66 68 5
67 5 68
67 6 2
67 14 3
67 15 41
67 17 45
67 18 37
67 19 47
67 20 60
67 24 65
67 31 27
67 36 30
67 43 39
67 45 26
67 46 23
67 47 35
67 48 50
67 58 40
67 60 6
67 61 18
67 63 28
67 64 53
67 65 20
67 67 11
67 69 54
68 0 19
68 3 40
68 4 45
68 8 46
68 10 56
68 11 68
68 15 54
68 16 61
68 23 23
68 24 55
68 25 39
68 28 24
68 31 41
68 34 47
68 35 64
68 36 3
68 38 51
68 40 59
68 41 52
68 49 15
68 53 11
68 54 21
68 55 69
68 56 44
68 59 62
68 60 37
68 61 25
68 63 65
68 64 33
68 65 60
68 68 53
69 5 1
69 9 23
69 10 12
69 18 19
69 22 57
69 23 40
69 25 2
69 26 59
69 28 64
69 29 22
69 32 3
69 35 39
69 36 58
69 37 48
69 38 46
69 40 21
69 42 41
69 44 56
69 45 4
69 48 62
69 50 29
69 51 11
69 52 67
69 53 16
69 54 43
69 61 49
69 62 61
69 63 15
69 64 65
69 65 25
69 66 50
69 67 17
69 69 26
