70
0 0 31
0 2 59
0 3 53
0 4 65
0 5 49
0 7 68
0 8 15
0 9 8
0 11 9
0 12 24
0 13 26
0 14 6
0 15 29
0 16 46
0 17 62
0 18 3
0 19 25
0 20 27
0 21 22
0 24 28
0 25 44
0 26 4
0 27 30
0 29 35
0 30 38
0 32 61
0 33 34
0 34 33
0 35 51
0 36 58
0 37 52
0 39 40
0 41 66
0 42 5
0 43 37
0 44 17
0 46 20
0 47 60
0 49 69
0 50 39
0 51 1
0 52 10
0 54 56
0 55 0
0 57 12
0 58 41
0 59 64
0 62 42
0 63 21
0 64 23
0 65 7
0 68 50
0 69 55
1 0 29
1 1 61
1 2 52
1 3 17
1 4 10
1 5 4
1 6 28
1 7 32
1 9 54
1 12 2
1 14 27
1 15 3
1 16 51
1 17 37
1 18 59
1 22 31
1 25 14
1 26 5
1 27 6
1 28 23
1 35 43
1 37 41
1 38 20
1 39 67
1 41 1
1 42 22
1 43 34
1 44 16
1 45 15
1 46 19
1 49 45
1 50 68
1 51 12
1 53 66
1 54 62
1 55 26
1 56 35
1 57 55
1 58 0
1 59 46
1 61 42
1 62 24
1 63 13
1 65 56
1 66 8
1 68 33
1 69 36
2 0 49
2 1 59
2 3 1
2 4 0
2 7 43
2 8 18
2 9 37
2 13 32
2 14 30
2 17 61
2 19 39
2 20 53
2 21 5
2 22 34
2 25 19
2 26 63
2 27 42
2 28 67
2 30 56
2 31 26
2 33 57
2 36 13
2 37 46
2 38 2
2 39 35
2 40 10
2 41 11
2 42 29
2 43 62
2 44 21
2 45 6
2 47 33
2 48 25
2 49 64
2 51 54
2 52 9
2 53 58
2 54 4
2 55 14
2 56 17
2 57 23
2 59 31
2 60 52
2 61 7
2 64 66
2 65 15
2 66 28
2 67 48
2 68 3
3 1 44
3 3 11
3 4 61
3 5 12
3 6 19
3 7 40
3 9 38
3 10 4
3 11 20
3 12 67
3 14 47
3 15 5
3 16 69
3 17 7
3 18 25
3 19 55
3 21 35
3 22 57
3 24 52
3 25 21
3 26 24
3 28 36
3 29 66
3 30 28
3 32 30
3 35 18
3 37 14
3 39 50
3 40 0
3 41 63
3 42 46
3 43 43
3 44 26
3 45 9
3 46 13
3 47 23
3 48 6
3 49 1
3 50 62
3 51 41
3 53 59
3 54 17
3 55 64
3 56 10
3 57 2
3 58 22
3 59 15
3 60 68
3 61 27
3 62 39
3 63 56
3 65 3
3 66 34
3 67 54
4 0 24
4 2 14
4 3 42
4 4 55
4 5 22
4 7 18
4 10 56
4 11 64
4 12 40
4 13 11
4 15 54
4 16 66
4 17 10
4 18 27
4 19 3
4 20 26
4 21 46
4 24 51
4 26 2
4 27 69
4 29 49
4 30 7
4 34 32
4 36 5
4 38 50
4 39 20
4 40 31
4 41 19
4 42 60
4 46 59
4 48 23
4 50 48
4 51 4
4 52 41
4 54 57
4 55 8
4 56 52
4 57 0
4 58 68
4 60 17
4 61 25
4 62 34
4 68 58
4 69 33
5 0 6
5 1 33
5 3 43
5 6 47
5 7 41
5 8 69
5 10 25
5 11 55
5 12 18
5 13 28
5 15 66
5 16 21
5 17 36
5 18 48
5 19 27
5 20 14
5 21 11
5 22 63
5 23 40
5 24 29
5 27 5
5 28 20
5 29 24
5 30 59
5 31 44
5 32 13
5 33 1
5 36 32
5 38 54
5 39 15
5 40 9
5 43 50
5 46 38
5 48 17
5 49 62
5 50 8
5 51 52
5 52 65
5 53 4
5 54 22
5 57 37
5 58 26
5 59 39
5 60 45
5 61 68
5 62 61
5 65 23
5 66 67
5 68 10
5 69 0
6 0 34
6 1 2
6 2 22
6 3 27
6 5 64
6 6 59
6 10 17
6 11 24
6 14 9
6 15 52
6 16 30
6 18 69
6 20 32
6 21 4
6 22 18
6 24 53
6 25 43
6 29 15
6 30 0
6 31 6
6 32 51
6 35 10
6 37 50
6 38 37
6 40 25
6 41 36
6 42 54
6 44 12
6 47 20
6 48 62
6 49 68
6 50 42
6 51 13
6 52 19
6 53 28
6 54 14
6 55 58
6 56 33
6 57 7
6 58 40
6 60 38
6 61 67
6 62 44
6 63 26
6 64 45
6 67 11
6 69 48
7 1 24
7 2 31
7 3 44
7 5 57
7 7 12
7 8 10
7 9 66
7 10 32
7 12 55
7 13 33
7 14 41
7 15 22
7 16 63
7 17 0
7 19 19
7 20 15
7 21 18
7 22 46
7 23 56
7 24 1
7 25 51
7 26 62
7 29 43
7 31 49
7 34 52
7 35 29
7 36 48
7 39 17
7 40 14
7 41 47
7 44 59
7 45 27
7 46 28
7 49 8
7 50 16
7 51 53
7 52 6
7 53 30
7 54 50
7 55 13
7 56 42
7 57 9
7 58 36
7 59 54
7 62 69
7 63 23
7 64 37
7 65 68
7 66 7
7 67 21
7 68 38
8 2 38
8 3 50
8 4 62
8 5 42
8 6 12
8 12 32
8 13 41
8 14 4
8 15 49
8 16 25
8 17 33
8 18 46
8 19 61
8 22 28
8 23 48
8 24 5
8 25 31
8 26 66
8 29 21
8 31 65
8 32 29
8 35 54
8 38 68
8 39 13
8 42 11
8 43 51
8 45 55
8 46 39
8 48 0
8 49 24
8 50 45
8 51 23
8 52 7
8 53 43
8 54 19
8 55 53
8 56 15
8 57 58
8 58 9
8 60 34
8 62 60
8 63 30
8 64 64
8 65 20
8 66 52
8 67 22
8 68 63
8 69 14
9 2 67
9 4 20
9 5 17
9 6 1
9 7 5
9 8 46
9 9 41
9 10 66
9 12 60
9 13 36
9 14 63
9 15 33
9 16 0
9 17 47
9 18 52
9 19 56
9 20 9
9 21 59
9 23 45
9 24 62
9 26 23
9 28 39
9 29 38
9 30 32
9 31 30
9 32 49
9 33 28
9 34 37
9 38 61
9 39 19
9 40 15
9 41 43
9 42 4
9 43 40
9 44 69
9 45 65
9 48 3
9 49 18
9 50 11
9 51 55
9 52 22
9 53 25
9 54 24
9 55 44
9 57 50
9 58 48
9 59 2
9 60 57
9 61 53
9 62 13
9 63 8
9 64 12
9 65 64
9 68 7
10 0 4
10 1 39
10 2 69
10 3 3
10 5 63
10 6 55
10 7 21
10 9 15
10 10 8
10 11 23
10 13 58
10 14 53
10 15 20
10 16 6
10 17 51
10 18 26
10 19 44
10 20 35
10 22 0
10 23 59
10 24 45
10 25 64
10 26 48
10 27 28
10 28 49
10 29 10
10 30 1
10 31 9
10 32 7
10 34 61
10 37 60
10 39 47
10 40 65
10 41 5
10 45 37
10 46 22
10 47 43
10 49 16
10 50 46
10 53 32
10 54 67
10 55 18
10 58 29
10 59 38
10 60 2
10 61 13
10 63 31
10 64 54
10 66 40
10 67 24
10 68 62
10 69 42
11 0 47
11 5 15
11 6 31
11 8 28
11 9 14
11 10 58
11 11 7
11 12 46
11 13 43
11 14 20
11 15 50
11 16 42
11 17 11
11 20 49
11 21 33
11 23 18
11 25 41
11 26 13
11 27 39
11 29 64
11 32 10
11 33 62
11 35 61
11 36 23
11 37 16
11 40 48
11 41 52
11 42 45
11 44 4
11 46 36
11 47 5
11 48 8
11 49 54
11 50 17
11 51 21
11 52 53
11 54 60
11 55 12
11 59 55
11 60 30
11 61 37
11 62 63
11 63 38
11 65 57
11 67 9
11 68 51
11 69 29
12 0 13
12 2 58
12 3 24
12 6 22
12 7 39
12 9 35
12 10 0
12 11 36
12 12 8
12 13 5
12 15 60
12 18 37
12 20 2
12 21 25
12 22 17
12 27 61
12 28 65
12 29 69
12 32 18
12 34 31
12 35 9
12 36 42
12 37 23
12 38 30
12 39 54
12 40 68
12 41 50
12 42 40
12 43 52
12 44 55
12 45 1
12 46 34
12 47 4
12 48 15
12 49 19
12 50 44
12 51 29
12 52 56
12 54 6
12 56 57
12 57 27
12 58 49
12 59 45
12 61 3
12 62 28
12 63 48
12 64 51
12 66 53
12 67 10
12 68 20
13 1 56
13 2 11
13 5 47
13 6 52
13 7 48
13 10 46
13 11 33
13 12 37
13 13 14
13 15 27
13 16 19
13 18 4
13 19 30
13 22 32
13 23 55
13 25 9
13 26 0
13 27 20
13 28 43
13 30 63
13 31 28
13 34 13
13 36 51
13 37 1
13 39 6
13 41 3
13 42 8
13 44 65
13 45 18
13 47 62
13 48 58
13 49 49
13 50 60
13 52 2
13 54 44
13 56 7
13 57 59
13 58 57
13 59 10
13 60 42
13 61 54
13 62 5
13 63 67
13 64 35
13 65 40
13 66 36
13 67 64
13 68 41
13 69 17
14 0 18
14 1 41
14 3 30
14 4 2
14 5 39
14 6 24
14 8 48
14 10 67
14 11 61
14 12 23
14 14 34
14 15 45
14 16 36
14 17 40
14 18 31
14 19 66
14 20 16
14 23 25
14 24 32
14 25 52
14 26 38
14 27 19
14 28 47
14 30 15
14 31 42
14 32 63
14 34 3
14 35 1
14 36 22
14 37 28
14 39 43
14 41 20
14 42 33
14 43 49
14 45 46
14 46 53
14 47 57
14 48 56
14 49 7
14 50 12
14 51 8
14 54 58
14 55 4
14 56 26
14 58 14
14 59 50
14 61 17
14 63 27
14 64 65
14 65 9
14 66 62
14 67 5
15 0 30
15 1 60
15 2 5
15 3 26
15 5 11
15 6 66
15 8 25
15 10 15
15 11 57
15 12 39
15 13 53
15 14 18
15 15 23
15 16 58
15 19 37
15 21 40
15 22 38
15 23 17
15 24 2
15 26 28
15 29 41
15 31 21
15 32 45
15 34 43
15 35 22
15 37 8
15 40 47
15 41 12
15 44 24
15 45 10
15 48 48
15 50 0
15 52 27
15 54 20
15 55 33
15 56 50
15 57 34
15 58 65
15 60 6
15 64 59
15 65 35
15 68 46
15 69 68
16 0 61
16 1 22
16 2 7
16 3 37
16 4 57
16 5 38
16 7 25
16 8 52
16 10 49
16 14 3
16 15 35
16 19 63
16 22 15
16 23 39
16 24 17
16 25 18
16 26 41
16 27 55
16 28 66
16 29 23
16 31 62
16 32 27
16 33 11
16 34 28
16 36 56
16 37 51
16 38 40
16 39 33
16 40 12
16 41 29
16 42 0
16 43 53
16 45 44
16 46 64
16 49 59
16 50 30
16 51 6
16 52 32
16 53 50
16 54 5
16 55 21
16 56 13
16 59 42
16 60 4
16 61 2
16 62 36
16 63 34
16 64 46
16 65 16
16 66 43
16 67 45
16 68 54
16 69 1
17 2 46
17 4 24
17 5 1
17 6 3
17 7 44
17 8 54
17 9 12
17 10 9
17 11 49
17 12 64
17 13 51
17 14 48
17 15 16
17 20 67
17 21 45
17 22 11
17 23 31
17 24 34
17 26 68
17 28 52
17 29 13
17 30 10
17 32 32
17 33 69
17 34 5
17 35 50
17 36 61
17 37 38
17 38 59
17 39 57
17 40 43
17 42 7
17 43 15
17 45 21
17 46 8
17 47 36
17 48 2
17 50 66
17 51 37
17 54 0
17 56 28
17 57 41
17 58 39
17 59 65
17 61 33
17 62 55
17 63 20
17 64 56
17 65 25
17 66 42
17 67 35
17 68 47
17 69 40
18 0 23
18 1 13
18 3 60
18 4 9
18 5 36
18 6 25
18 7 16
18 11 62
18 12 49
18 13 66
18 14 1
18 16 35
18 17 58
18 20 28
18 23 24
18 25 57
18 26 31
18 27 64
18 28 54
18 29 12
18 32 15
18 35 19
18 36 14
18 37 22
18 38 38
18 39 65
18 40 41
18 41 42
18 42 39
18 43 46
18 44 68
18 45 34
18 46 43
18 47 18
18 49 48
18 50 50
18 52 59
18 55 29
18 56 44
18 58 69
18 59 37
18 60 21
18 61 32
18 62 17
18 63 40
18 65 4
18 68 45
18 69 63
19 2 54
19 4 21
19 5 59
19 10 13
19 11 2
19 13 22
19 16 16
19 20 25
19 21 31
19 22 41
19 23 34
19 24 40
19 25 58
19 26 1
19 29 7
19 31 12
19 32 56
19 33 35
19 34 6
19 35 30
19 37 44
19 39 32
19 40 57
19 41 8
19 44 28
19 48 66
19 50 65
19 53 63
19 54 36
19 56 9
19 57 3
19 58 5
19 60 39
19 61 26
19 63 42
19 65 49
19 66 38
19 68 27
19 69 45
20 2 30
20 4 38
20 5 20
20 6 41
20 7 22
20 11 34
20 12 10
20 13 15
20 15 31
20 16 40
20 18 56
20 19 57
20 20 48
20 21 39
20 23 23
20 24 36
20 25 37
20 26 35
20 31 19
20 32 66
20 33 58
20 34 27
20 36 68
20 37 61
20 38 6
20 39 28
20 40 13
20 42 24
20 46 25
20 47 67
20 48 55
20 49 2
20 50 52
20 51 69
20 52 33
20 53 29
20 54 7
20 56 51
20 57 65
20 58 64
20 60 11
20 61 16
20 63 17
20 64 4
20 65 59
20 67 62
20 68 14
20 69 18
21 1 54
21 5 3
21 6 62
21 7 14
21 9 10
21 11 45
21 12 42
21 14 40
21 15 44
21 16 57
21 17 20
21 18 12
21 20 24
21 21 58
21 22 52
21 23 6
21 24 48
21 25 53
21 26 33
21 27 37
21 28 25
21 32 55
21 34 17
21 35 2
21 36 63
21 37 31
21 39 27
21 40 59
21 42 18
21 44 46
21 45 19
21 47 26
21 48 47
21 49 36
21 50 49
21 51 28
21 52 4
21 53 60
21 55 1
21 56 34
21 57 15
21 58 67
21 60 0
21 61 11
21 62 8
21 63 22
21 64 9
21 65 21
21 66 30
22 0 59
22 1 69
22 3 8
22 4 3
22 7 60
22 8 23
22 9 28
22 10 43
22 11 13
22 12 62
22 13 65
22 14 56
22 15 47
22 16 64
22 17 50
22 18 66
22 19 35
22 21 37
22 22 14
22 24 11
22 25 49
22 26 12
22 28 38
22 29 53
22 31 10
22 33 54
22 34 16
22 35 27
22 37 48
22 38 7
22 39 24
22 40 46
22 43 33
22 44 67
22 46 15
22 47 39
22 49 58
22 50 6
22 51 61
22 52 1
22 53 52
22 54 25
22 57 18
22 59 40
22 60 26
22 61 20
22 62 4
22 63 2
22 64 57
22 67 34
22 69 21
23 1 0
23 6 13
23 7 46
23 8 38
23 9 2
23 10 40
23 11 65
23 12 41
23 14 37
23 15 17
23 16 3
23 17 34
23 18 53
23 20 68
23 22 45
23 27 57
23 28 9
23 29 20
23 32 6
23 34 24
23 35 48
23 36 59
23 38 33
23 39 60
23 40 58
23 41 4
23 46 10
23 47 11
23 48 7
23 49 35
23 51 42
23 54 12
23 55 31
23 56 39
23 58 15
23 59 36
23 61 22
23 62 1
23 63 50
23 66 18
23 67 44
23 68 55
23 69 32
24 2 10
24 3 67
24 4 12
24 5 65
24 6 57
24 8 50
24 9 51
24 10 63
24 11 30
24 12 59
24 16 4
24 17 27
24 19 20
24 20 44
24 21 41
24 22 35
24 23 15
24 26 29
24 27 62
24 28 26
24 30 58
24 31 66
24 34 2
24 35 7
24 37 69
24 38 28
24 39 48
24 40 42
24 41 37
24 43 61
24 45 56
24 46 18
24 48 31
24 50 21
24 53 33
24 54 39
24 55 5
24 56 6
24 57 38
24 59 8
24 60 25
24 63 24
24 65 32
24 66 19
24 67 16
24 68 13
24 69 54
25 1 17
25 2 2
25 3 20
25 4 1
25 5 6
25 6 63
25 7 27
25 8 37
25 9 57
25 10 62
25 11 22
25 12 14
25 13 67
25 14 33
25 15 61
25 17 23
25 18 54
25 19 69
25 21 50
25 23 42
25 24 26
25 25 11
25 26 43
25 27 9
25 31 40
25 32 53
25 33 60
25 34 4
25 35 16
25 36 24
25 37 58
25 38 32
25 39 41
25 40 3
25 41 44
25 42 19
25 43 18
25 45 5
25 46 47
25 48 10
25 52 55
25 53 13
25 55 52
25 56 46
25 57 45
25 58 56
25 59 48
25 60 36
25 61 59
25 62 31
25 64 7
25 65 65
25 67 15
25 68 64
25 69 30
26 1 11
26 2 0
26 3 28
26 4 42
26 5 30
26 7 64
26 8 29
26 9 68
26 12 69
26 13 46
26 14 10
26 16 54
26 17 24
26 18 9
26 19 21
26 21 16
26 22 20
26 23 13
26 24 15
26 27 40
26 28 12
26 29 19
26 30 55
26 31 14
26 32 38
26 33 67
26 34 26
26 35 17
26 36 18
26 37 63
26 38 60
26 39 66
26 40 32
26 41 56
26 43 35
26 45 4
26 46 65
26 48 41
26 49 31
26 51 50
26 52 48
26 54 43
26 55 23
26 57 49
26 58 6
26 59 62
26 61 47
26 62 51
26 63 33
26 65 44
26 67 1
26 68 25
26 69 59
27 0 16
27 3 33
27 4 51
27 5 10
27 6 48
27 8 49
27 9 56
27 10 57
27 11 66
27 12 35
27 13 1
27 15 69
27 16 2
27 18 28
27 19 22
27 20 40
27 21 24
27 22 65
27 23 38
27 24 27
27 25 47
27 26 61
27 28 0
27 30 36
27 33 18
27 34 19
27 35 26
27 36 53
27 37 9
27 39 68
27 41 64
27 42 21
27 43 55
27 47 25
27 48 12
27 53 42
27 54 37
27 56 63
27 57 44
27 58 11
27 59 20
27 60 14
27 61 43
27 62 62
27 63 6
27 64 29
27 65 30
27 67 59
27 68 5
28 0 1
28 1 16
28 3 10
28 6 36
28 7 57
28 8 33
28 9 40
28 11 58
28 12 48
28 13 12
28 15 30
28 16 8
28 19 64
28 20 23
28 21 38
28 22 6
28 24 35
28 26 53
28 27 66
28 28 13
28 29 67
28 32 24
28 33 19
28 34 49
28 35 46
28 38 22
28 39 7
28 40 34
28 41 62
28 43 20
28 44 61
28 45 17
28 46 63
28 48 65
28 51 59
28 53 14
28 54 69
28 56 11
28 57 54
28 58 4
28 59 41
28 64 15
28 65 43
28 66 37
28 67 26
28 68 0
28 69 39
29 1 35
29 2 49
29 4 67
29 6 38
29 7 36
29 8 34
29 9 33
29 11 29
29 13 63
29 14 2
29 15 12
29 16 65
29 17 66
29 19 15
29 20 13
29 22 8
29 24 25
29 25 24
29 29 14
29 31 47
29 32 5
29 34 44
29 35 42
29 38 56
29 41 48
29 42 28
29 43 31
29 44 58
29 46 7
29 51 19
29 53 20
29 56 3
29 58 37
29 59 27
29 60 9
29 61 51
29 63 11
29 65 55
29 66 26
29 68 57
30 0 32
30 3 36
30 4 6
30 5 37
30 7 20
30 9 49
30 10 44
30 11 51
30 12 33
30 14 28
30 16 56
30 18 35
30 19 60
30 20 55
30 22 12
30 24 69
30 25 25
30 26 65
30 27 11
30 28 34
30 29 46
30 30 13
30 32 3
30 35 0
30 36 57
30 39 22
30 40 7
30 41 67
30 42 66
30 44 1
30 45 2
30 46 62
30 48 59
30 50 43
30 51 68
30 52 61
30 53 15
30 54 41
30 55 48
30 56 30
30 57 42
30 60 47
30 61 5
30 62 19
30 63 45
30 64 58
30 65 63
30 66 24
30 68 40
30 69 31
31 0 35
31 1 26
31 2 48
31 3 57
31 4 50
31 5 56
31 6 65
31 7 30
31 8 19
31 10 64
31 11 53
31 12 20
31 13 39
31 14 14
31 15 40
31 16 7
31 17 15
31 18 68
31 20 46
31 22 2
31 24 49
31 25 1
31 26 47
31 31 31
31 33 5
31 35 11
31 36 10
31 37 54
31 38 12
31 40 22
31 41 61
31 42 67
31 44 0
31 45 58
31 47 37
31 49 33
31 51 17
31 53 41
31 54 59
31 55 36
31 57 69
31 58 51
31 59 28
31 62 6
31 64 24
31 66 13
31 68 44
31 69 3
32 0 67
32 2 4
32 3 40
32 4 15
32 5 44
32 6 34
32 7 50
32 8 26
32 10 38
32 11 6
32 13 59
32 14 42
32 16 48
32 17 12
32 18 41
32 19 31
32 20 33
32 21 36
32 22 9
32 23 35
32 24 8
32 25 28
32 26 10
32 29 2
32 31 11
32 32 54
32 33 30
32 34 47
32 35 45
32 36 25
32 37 68
32 38 64
32 39 63
32 40 56
32 41 53
32 42 43
32 43 57
32 44 60
32 47 22
32 48 29
32 49 32
32 50 18
32 51 65
32 52 17
32 54 21
32 56 61
32 57 52
32 58 16
32 59 3
32 60 37
32 62 0
32 63 66
32 65 58
32 66 14
33 0 64
33 1 15
33 3 18
33 4 7
33 5 28
33 6 46
33 7 2
33 8 47
33 10 6
33 11 42
33 12 27
33 13 25
33 16 60
33 17 44
33 19 38
33 20 19
33 21 13
33 23 50
33 24 68
33 25 3
33 26 21
33 27 29
33 30 52
33 34 56
33 35 32
33 38 24
33 40 45
33 41 55
33 42 69
33 43 66
33 44 5
33 45 39
33 48 20
33 49 4
33 51 16
33 53 53
33 55 34
33 56 49
33 57 63
33 59 9
33 60 67
33 61 58
33 62 35
33 63 12
33 64 1
33 68 26
33 69 43
34 0 9
34 3 46
34 4 36
34 5 5
34 7 33
34 8 3
34 9 63
34 10 19
34 11 25
34 12 21
34 15 32
34 17 56
34 19 52
34 21 53
34 22 51
34 23 7
34 25 23
34 26 18
34 27 68
34 28 58
34 29 0
34 31 15
34 32 37
34 33 42
34 35 59
34 36 12
34 39 39
34 40 11
34 41 31
34 43 13
34 44 50
34 45 30
34 46 45
34 47 54
34 49 29
34 50 27
34 51 40
34 52 34
34 53 17
34 56 16
34 57 66
34 58 43
34 59 44
34 60 24
34 62 38
34 64 14
34 65 41
34 66 60
34 67 67
34 68 48
34 69 26
35 0 19
35 2 25
35 3 58
35 4 53
35 5 21
35 6 15
35 9 52
35 10 2
35 11 69
35 12 3
35 13 54
35 14 29
35 15 39
35 16 38
35 17 65
35 21 7
35 22 61
35 23 28
35 24 9
35 26 51
35 27 23
35 31 36
35 32 40
35 33 45
35 34 34
35 35 31
35 36 49
35 37 42
35 38 4
35 39 64
35 40 27
35 41 16
35 44 18
35 45 63
35 48 14
35 49 60
35 50 37
35 51 24
35 52 13
35 53 62
35 54 1
35 55 67
35 57 30
35 58 55
35 60 35
35 61 6
35 63 43
35 64 10
35 65 11
35 66 33
35 68 17
36 1 55
36 2 28
36 5 33
36 6 37
36 7 63
36 8 0
36 9 24
36 10 60
36 11 44
36 13 56
36 17 4
36 20 12
36 22 58
36 24 61
36 25 62
36 26 42
36 27 49
36 28 31
36 29 65
36 30 46
36 31 18
36 32 43
36 34 11
36 36 64
36 38 14
36 39 29
36 40 54
36 45 25
36 46 67
36 47 16
36 48 35
36 49 50
36 50 69
36 51 48
36 52 36
36 54 45
36 55 2
36 57 8
36 58 53
36 61 38
36 64 5
36 65 26
36 66 32
36 67 3
36 68 9
36 69 52
37 0 20
37 1 10
37 2 24
37 3 35
37 4 26
37 5 9
37 6 32
37 9 44
37 12 56
37 13 52
37 15 62
37 16 37
37 19 17
37 20 34
37 21 42
37 22 3
37 25 36
37 26 40
37 27 15
37 28 29
37 29 68
37 30 18
37 31 4
37 32 11
37 34 21
37 35 57
37 36 43
37 37 33
37 38 49
37 39 14
37 40 16
37 41 23
37 42 48
37 44 41
37 45 12
37 46 60
37 47 47
37 48 50
37 49 46
37 50 61
37 51 38
37 52 28
37 53 51
37 54 55
37 56 59
37 58 13
37 59 58
37 61 30
37 62 67
37 63 5
37 64 6
37 65 1
37 67 69
37 68 53
37 69 19
38 0 48
38 3 32
38 4 45
38 7 67
38 8 35
38 9 0
38 10 37
38 11 52
38 12 4
38 13 57
38 14 55
38 15 65
38 16 9
38 17 19
38 18 5
38 19 51
38 20 41
38 21 20
38 22 66
38 24 18
38 25 69
38 26 50
38 27 59
38 28 68
38 29 31
38 31 22
38 32 16
38 33 33
38 34 15
38 35 12
38 36 62
38 37 7
38 38 63
38 39 8
38 40 60
38 41 24
38 42 3
38 44 64
38 45 38
38 46 14
38 47 6
38 48 27
38 49 30
38 50 25
38 51 47
38 52 39
38 53 34
38 55 28
38 57 17
38 58 46
38 59 11
38 60 29
38 61 44
38 62 2
38 63 54
38 64 49
38 67 23
38 68 36
39 1 62
39 2 56
39 4 29
39 6 64
39 7 11
39 8 31
39 9 47
39 10 21
39 13 10
39 14 25
39 16 55
39 17 63
39 18 2
39 19 41
39 20 20
39 21 6
39 22 1
39 24 67
39 25 7
39 28 24
39 29 36
39 31 35
39 33 26
39 34 54
39 35 28
39 39 16
39 40 66
39 41 46
39 42 14
39 43 59
39 44 8
39 45 50
39 46 33
39 49 3
39 50 23
39 51 5
39 52 38
39 53 65
39 54 42
39 55 39
39 59 49
39 61 15
39 65 34
39 66 68
39 68 32
40 0 55
40 1 46
40 2 43
40 3 0
40 4 60
40 6 16
40 7 4
40 8 17
40 12 26
40 16 13
40 17 54
40 18 32
40 19 7
40 20 29
40 23 51
40 24 19
40 25 35
40 26 37
40 27 65
40 28 56
40 29 58
40 33 8
40 35 34
40 36 6
40 37 36
40 38 1
40 40 18
40 41 2
40 43 38
40 45 57
40 46 30
40 47 24
40 49 67
40 50 64
40 51 20
40 52 42
40 53 11
40 55 15
40 56 5
40 59 21
40 60 69
40 61 52
40 62 9
40 63 10
40 64 68
40 66 12
40 69 28
41 0 28
41 1 36
41 2 21
41 4 69
41 5 14
41 6 61
41 7 49
41 8 40
41 10 22
41 12 31
41 13 13
41 14 57
41 17 55
41 19 59
41 20 17
41 21 54
41 23 58
41 24 65
41 25 63
41 27 46
41 29 30
41 30 50
41 31 37
41 33 24
41 34 29
41 36 45
41 38 0
41 39 12
41 40 8
41 41 26
41 42 44
41 43 5
41 44 15
41 45 42
41 46 32
41 47 38
41 48 64
41 49 20
41 50 47
41 52 43
41 53 9
41 54 52
41 55 3
41 56 18
41 58 34
41 59 23
41 60 7
41 61 10
41 63 25
41 64 62
41 65 48
41 66 39
41 67 53
41 68 1
42 0 52
42 1 29
42 2 62
42 3 16
42 4 63
42 6 7
42 7 28
42 8 32
42 9 17
42 10 12
42 11 67
42 12 43
42 16 31
42 18 38
42 19 2
42 20 61
42 21 21
42 23 65
42 26 46
42 28 14
42 29 60
42 30 3
42 31 64
42 32 1
42 34 69
42 35 58
42 38 53
42 39 49
42 41 27
42 42 36
42 46 37
42 47 66
42 48 18
42 49 40
42 50 56
42 52 0
42 53 55
42 54 54
42 55 22
42 58 42
42 59 57
42 61 19
42 62 25
42 63 47
42 64 39
42 65 50
42 66 11
42 67 33
42 68 34
42 69 15
43 4 14
43 5 41
43 6 54
43 7 52
43 8 2
43 9 53
43 11 46
43 13 17
43 15 25
43 16 62
43 18 23
43 19 4
43 22 19
43 23 66
43 24 42
43 26 22
43 27 67
43 28 60
43 29 55
43 30 65
43 31 8
43 32 59
43 33 27
43 36 3
43 37 45
43 38 15
43 40 63
43 42 47
43 44 37
43 47 44
43 48 57
43 49 43
43 51 64
43 54 49
43 56 36
43 57 40
43 59 6
43 60 28
43 61 35
43 63 18
43 64 34
43 68 61
43 69 13
44 0 10
44 1 37
44 2 39
44 3 49
44 4 31
44 5 0
44 6 68
44 7 59
44 10 20
44 11 15
44 12 58
44 15 28
44 16 53
44 19 42
44 20 43
44 21 64
44 22 29
44 23 3
44 24 46
44 25 13
44 26 14
44 27 26
44 29 9
44 30 2
44 32 33
44 33 47
44 34 40
44 36 35
44 39 5
44 40 30
44 41 34
44 42 12
44 44 7
44 45 22
44 46 24
44 51 51
44 53 8
44 54 38
44 55 50
44 56 27
44 58 66
44 59 16
44 60 63
44 61 61
44 62 23
44 63 1
44 65 45
44 67 17
44 68 56
44 69 65
45 0 42
45 1 50
45 2 27
45 3 7
45 4 54
45 5 43
45 7 13
45 10 18
45 17 5
45 18 63
45 20 45
45 21 19
45 23 64
45 24 24
45 25 48
45 26 25
45 28 44
45 30 33
45 31 38
45 35 4
45 36 66
45 37 39
45 38 55
45 39 31
45 41 15
45 42 58
45 45 47
45 46 51
45 47 28
45 50 32
45 52 26
45 55 68
45 56 69
45 58 59
45 59 1
45 60 10
45 61 65
45 62 40
45 63 16
45 64 8
45 65 17
45 67 20
45 68 2
45 69 60
46 0 43
46 1 25
46 2 32
46 4 16
46 5 68
46 6 18
46 7 62
46 8 51
46 9 61
46 16 12
46 17 8
46 18 47
46 19 36
46 20 6
46 21 30
46 22 55
46 26 59
46 27 7
46 28 19
46 29 29
46 31 3
46 33 2
46 35 21
46 36 11
46 37 67
46 38 26
46 40 50
46 41 57
46 42 15
46 44 33
46 45 31
46 47 63
46 50 22
46 52 35
46 53 45
46 54 53
46 56 54
46 57 48
46 58 24
46 60 46
46 61 28
46 62 56
46 63 14
46 64 13
46 66 41
46 67 60
47 0 63
47 1 53
47 4 59
47 5 29
47 6 56
47 8 55
47 10 16
47 11 18
47 12 34
47 14 7
47 16 11
47 21 14
47 22 30
47 23 5
47 24 47
47 25 10
47 27 3
47 29 54
47 30 42
47 31 33
47 32 0
47 33 36
47 34 58
47 35 44
47 36 28
47 38 39
47 40 1
47 41 45
47 42 52
47 43 12
47 44 43
47 45 48
47 46 41
47 49 15
47 50 20
47 52 25
47 53 61
47 54 13
47 55 35
47 56 4
47 57 32
47 59 67
47 60 23
47 61 31
47 63 60
47 66 46
47 68 22
47 69 9
48 0 65
48 1 68
48 2 66
48 4 32
48 5 62
48 6 50
48 8 30
48 10 36
48 12 13
48 13 38
48 14 17
48 15 6
48 17 48
48 19 12
48 21 49
48 22 69
48 24 21
48 25 46
48 27 34
48 28 7
48 29 33
48 30 60
48 32 20
48 33 40
48 34 51
48 35 37
48 36 16
48 37 56
48 38 43
48 39 53
48 40 5
48 42 2
48 43 14
48 45 35
48 46 61
48 47 45
48 49 55
48 50 26
48 51 15
48 52 29
48 54 11
48 55 54
48 56 64
48 58 1
48 59 19
48 61 24
48 62 3
48 63 58
48 64 52
48 65 28
48 66 31
48 69 23
49 0 38
49 2 20
49 3 34
49 4 37
49 5 23
49 6 39
49 7 6
49 9 1
49 10 7
49 14 8
49 17 29
49 18 40
49 19 43
49 20 5
49 21 12
49 24 60
49 25 68
49 26 11
49 27 13
49 28 18
49 31 32
49 33 53
49 35 56
49 36 55
49 37 65
49 38 19
49 39 26
49 40 61
49 41 54
49 42 27
49 43 30
49 44 47
49 45 64
49 46 46
49 47 15
49 48 24
49 49 52
49 51 45
49 52 62
49 53 3
49 54 28
49 55 63
49 56 66
49 60 16
49 61 36
49 62 10
49 65 22
49 67 2
49 69 50
50 2 29
50 3 9
50 4 27
50 5 32
50 6 6
50 7 51
50 9 31
50 12 44
50 14 26
50 15 42
50 16 43
50 19 10
50 21 15
50 22 67
50 24 54
50 25 17
50 27 25
50 29 39
50 30 62
50 32 35
50 33 16
50 34 41
50 36 2
50 37 21
50 38 11
50 40 53
50 41 28
50 42 56
50 43 36
50 44 48
50 45 33
50 46 68
50 48 52
50 49 63
50 50 5
50 52 23
50 53 64
50 54 8
50 55 40
50 58 38
50 59 34
50 62 45
50 63 0
50 64 60
50 66 47
50 68 12
50 69 49
51 0 58
51 1 65
51 2 63
51 3 55
51 5 51
51 6 44
51 7 24
51 8 6
51 9 67
51 11 21
51 12 5
51 14 13
51 15 26
51 16 32
51 20 36
51 21 52
51 23 53
51 24 43
51 25 33
51 27 54
51 28 59
51 34 30
51 35 69
51 37 15
51 41 38
51 43 28
51 44 35
51 47 0
51 48 16
51 49 42
51 50 34
51 51 7
51 53 1
51 55 11
51 56 12
51 57 56
51 58 45
51 60 41
51 61 60
51 62 14
51 64 27
51 66 22
51 69 20
52 1 32
52 4 43
52 6 20
52 7 37
52 11 11
52 12 12
52 14 60
52 17 17
52 20 3
52 21 29
52 22 53
52 23 54
52 24 7
52 29 4
52 30 67
52 33 21
52 35 6
52 37 10
52 38 23
52 39 46
52 40 62
52 41 40
52 45 36
52 47 9
52 49 65
52 50 35
52 51 18
52 52 68
52 53 27
52 54 34
52 55 41
52 56 47
52 57 13
52 58 28
52 59 30
52 61 57
52 62 26
52 64 42
52 66 25
52 69 5
53 0 40
53 1 14
53 3 13
53 4 23
53 9 21
53 10 41
53 12 28
53 13 19
53 14 38
53 15 2
53 16 52
53 17 64
53 19 65
53 20 60
53 22 43
53 24 63
53 25 61
53 26 17
53 28 42
53 30 11
53 32 62
53 33 59
53 34 0
53 35 3
53 37 27
53 38 5
53 39 56
53 40 39
53 42 31
53 43 47
53 44 20
53 46 9
53 51 22
53 52 54
53 53 44
53 54 35
53 56 25
53 57 10
53 58 7
53 59 68
53 60 53
53 61 50
53 62 57
53 63 32
53 64 33
53 66 45
53 67 46
53 68 18
54 0 56
54 1 64
54 3 15
54 4 33
54 5 53
54 6 10
54 7 1
54 8 58
54 9 25
54 10 35
54 11 59
54 12 0
54 13 31
54 14 52
54 15 18
54 18 65
54 20 38
54 21 62
54 23 60
54 24 14
54 25 6
54 26 16
54 28 61
54 29 45
54 30 37
54 31 69
54 34 8
54 35 40
54 36 36
54 37 26
54 38 44
54 39 42
54 40 29
54 43 68
54 44 19
54 45 11
54 47 46
54 48 63
54 49 66
54 50 3
54 51 30
54 52 67
54 53 7
54 55 51
54 56 22
54 57 28
54 61 34
54 62 20
54 63 39
54 64 48
54 65 54
54 66 27
54 68 24
55 0 3
55 1 20
55 2 6
55 4 17
55 5 35
55 7 19
55 9 29
55 10 42
55 13 62
55 14 21
55 16 50
55 17 43
55 18 0
55 19 49
55 20 64
55 21 68
55 22 33
55 23 36
55 24 4
55 25 55
55 28 32
55 30 22
55 31 59
55 34 7
55 35 23
55 36 15
55 37 24
55 39 1
55 43 16
55 44 54
55 45 66
55 46 26
55 48 13
55 50 10
55 52 37
55 53 67
55 55 46
55 57 60
55 58 58
55 59 5
55 60 56
55 62 11
55 63 63
55 64 40
55 66 2
55 68 39
55 69 57
56 0 45
56 1 19
56 2 36
56 3 5
56 4 4
56 5 50
56 7 10
56 9 30
56 10 34
56 11 1
56 14 39
56 15 41
56 18 33
56 19 48
56 20 56
56 22 42
56 23 62
56 24 13
56 26 7
56 28 64
56 29 27
56 30 23
56 32 28
56 35 8
56 36 38
56 37 32
56 38 17
56 39 11
56 40 20
56 41 49
56 43 67
56 44 25
56 45 29
56 46 58
56 48 37
56 49 47
56 50 31
56 52 66
56 54 65
56 55 69
56 56 40
56 57 51
56 58 18
56 59 52
56 61 9
56 63 57
56 64 44
56 66 15
56 68 59
57 0 62
57 1 23
57 3 69
57 4 41
57 6 0
57 7 38
57 8 68
57 9 20
57 10 50
57 11 26
57 13 2
57 14 64
57 16 17
57 17 46
57 18 1
57 19 45
57 20 54
57 21 65
57 23 44
57 24 56
57 25 5
57 26 9
57 27 31
57 28 4
57 30 29
57 32 58
57 35 39
57 36 7
57 37 13
57 39 10
57 40 33
57 41 14
57 42 16
57 43 21
57 45 51
57 46 42
57 47 30
57 49 11
57 50 24
57 51 49
57 53 48
57 54 27
57 56 8
57 57 36
57 59 18
57 61 63
57 62 22
57 64 53
57 67 19
57 68 35
58 0 37
58 1 9
58 2 41
58 3 56
58 4 66
58 5 7
58 7 45
58 8 61
58 9 64
58 13 44
58 14 54
58 15 1
58 19 11
58 20 42
58 21 3
58 22 36
58 23 52
58 24 39
58 25 15
58 27 24
58 28 40
58 31 2
58 32 65
58 34 20
58 36 47
58 37 55
58 38 29
58 41 59
58 42 68
58 44 34
58 46 57
58 47 50
58 48 60
58 49 5
58 51 67
58 52 30
58 53 19
58 54 26
58 55 10
58 56 62
58 58 63
58 59 69
58 60 33
58 61 12
58 62 18
58 63 35
58 65 46
58 66 23
58 67 14
58 69 25
59 0 51
59 1 34
59 3 52
59 4 48
59 5 13
59 8 27
59 13 61
59 14 36
59 15 64
59 16 1
59 19 29
59 20 47
59 22 40
59 23 33
59 24 23
59 25 67
59 26 56
59 28 53
59 29 3
59 30 12
59 31 24
59 32 25
59 34 45
59 36 8
59 37 30
59 38 16
59 39 21
59 40 6
59 41 17
59 42 10
59 43 11
59 44 31
59 45 7
59 46 54
59 47 2
59 48 4
59 49 28
59 50 19
59 51 32
59 52 58
59 55 62
59 56 0
59 61 41
59 62 43
59 66 65
59 69 69
60 0 7
60 1 42
60 3 19
60 4 5
60 5 66
60 6 14
60 7 69
60 8 39
60 9 32
60 10 51
60 11 28
60 12 30
60 13 23
60 14 67
60 15 37
60 16 20
60 20 50
60 21 55
60 22 26
60 23 11
60 28 63
60 29 57
60 31 27
60 32 44
60 33 38
60 34 62
60 35 52
60 36 31
60 39 36
60 41 13
60 42 6
60 43 54
60 44 22
60 45 59
60 46 48
60 47 10
60 48 68
60 49 17
60 50 33
60 52 46
60 54 3
60 55 24
60 56 1
60 57 16
60 58 61
60 59 35
60 61 56
60 62 64
60 63 65
60 64 18
60 65 60
60 67 4
60 69 47
61 0 44
61 1 66
61 2 33
61 3 54
61 5 67
61 7 31
61 8 24
61 11 19
61 12 16
61 13 27
61 15 21
61 16 5
61 18 39
61 19 23
61 24 3
61 25 34
61 28 37
61 29 18
61 32 2
61 33 14
61 34 46
61 35 55
61 36 30
61 37 47
61 38 51
61 39 9
61 40 4
61 41 10
61 42 38
61 43 45
61 44 56
61 46 17
61 47 29
61 49 12
61 51 0
61 52 63
61 53 40
61 54 15
61 55 57
61 56 48
61 58 50
61 61 62
61 62 7
61 64 36
61 65 42
61 66 49
61 67 28
61 69 22
62 1 38
62 2 45
62 3 66
62 4 46
62 5 24
62 7 58
62 8 41
62 11 47
62 12 22
62 13 37
62 15 57
62 16 34
62 18 36
62 19 62
62 21 2
62 22 39
62 23 9
62 24 30
62 25 20
62 26 44
62 27 33
62 28 1
62 29 56
62 33 65
62 34 42
62 36 26
62 38 13
62 39 0
62 40 55
62 42 51
62 47 12
62 49 25
62 50 53
62 52 31
62 53 23
62 54 40
62 56 67
62 60 32
62 61 69
62 62 21
62 63 19
62 65 61
62 66 50
62 67 18
62 68 28
63 0 68
63 1 27
63 2 35
63 3 22
63 5 19
63 6 53
63 7 54
63 9 4
63 10 30
63 11 48
63 12 11
63 13 3
63 15 46
63 17 41
63 18 62
63 19 13
63 20 39
63 21 28
63 22 24
63 23 67
63 26 49
63 27 1
63 28 57
63 29 25
63 30 34
63 31 5
63 32 64
63 33 32
63 35 65
63 37 20
63 38 69
63 39 55
63 40 23
63 41 33
63 42 37
63 43 56
63 44 6
63 45 45
63 46 16
63 48 42
63 49 0
63 51 43
63 53 18
63 54 9
63 55 47
63 57 26
63 58 12
63 59 14
63 60 31
63 63 7
63 64 21
63 65 51
63 66 61
63 67 36
64 0 46
64 2 15
64 3 38
64 6 42
64 7 8
64 8 57
64 9 13
64 10 31
64 12 45
64 14 44
64 15 63
64 16 61
64 17 39
64 18 7
64 19 28
64 20 30
64 21 51
64 22 68
64 24 58
64 25 56
64 27 22
64 28 6
64 32 17
64 33 25
64 34 48
64 36 34
64 37 4
64 39 3
64 40 26
64 42 55
64 43 32
64 44 23
64 45 54
64 46 21
64 47 1
64 49 37
64 50 36
64 51 11
64 52 47
64 53 35
64 55 59
64 56 29
64 57 14
64 58 2
64 60 40
64 63 52
64 64 69
64 65 10
64 66 9
64 69 41
65 0 53
65 1 3
65 2 8
65 3 6
65 4 28
65 5 31
65 6 30
65 8 13
65 13 4
65 14 59
65 16 33
65 17 45
65 19 14
65 20 18
65 21 60
65 22 5
65 23 46
65 24 57
65 25 39
65 26 67
65 28 16
65 29 63
65 30 27
65 31 1
65 32 36
65 33 37
65 34 12
65 36 19
65 38 21
65 39 34
65 41 65
65 43 9
65 44 44
65 45 20
65 46 23
65 48 38
65 49 41
65 51 58
65 53 22
65 55 61
65 56 55
65 57 62
65 58 10
65 59 17
65 60 48
65 61 0
65 63 64
65 64 26
65 65 52
65 68 66
66 1 47
66 2 17
66 4 30
66 5 58
66 6 43
66 7 3
66 8 11
66 9 16
66 10 1
66 11 50
66 12 15
66 13 45
66 14 65
66 15 38
66 16 67
66 17 42
66 18 8
66 19 0
66 21 61
66 24 22
66 25 66
66 26 34
66 28 33
66 29 48
66 30 44
66 33 55
66 34 63
66 35 36
66 36 41
66 37 35
66 39 25
66 41 21
66 42 13
66 44 27
66 45 24
66 46 56
66 47 52
66 48 19
66 49 39
66 51 46
66 52 69
66 53 5
66 57 53
66 58 23
66 59 7
66 62 54
66 63 68
66 64 31
66 65 14
66 66 59
66 68 6
66 69 10
67 0 22
67 1 49
67 2 26
67 3 39
67 5 8
67 6 33
67 9 62
67 10 69
67 11 54
67 12 19
67 13 20
67 15 11
67 16 10
67 21 27
67 22 50
67 23 29
67 26 45
67 27 35
67 29 5
67 30 43
67 31 68
67 32 48
67 33 6
67 36 40
67 37 37
67 38 34
67 39 23
67 41 0
67 43 25
67 44 66
67 45 3
67 46 31
67 47 56
67 49 57
67 50 9
67 51 60
67 52 15
67 53 24
67 56 38
67 57 1
67 58 52
67 59 32
67 60 51
67 62 41
67 63 36
67 64 47
67 65 2
67 67 7
67 68 21
68 0 5
68 2 44
68 3 59
68 4 68
68 5 54
68 6 17
68 8 21
68 9 22
68 10 24
68 11 14
68 12 1
68 13 42
68 14 23
68 15 43
68 16 18
68 17 67
68 18 58
68 21 32
68 22 7
68 23 10
68 24 37
68 25 2
68 29 40
68 31 56
68 32 50
68 33 9
68 35 15
68 36 20
68 37 6
68 38 52
68 39 30
68 41 35
68 42 26
68 44 57
68 45 28
68 46 27
68 47 65
68 48 33
68 49 53
68 50 13
68 52 49
68 55 38
68 57 46
68 58 8
68 59 61
68 61 48
68 63 3
68 65 29
68 66 64
68 67 39
68 69 4
69 0 8
69 1 7
69 3 47
69 4 35
69 5 60
69 6 9
69 7 17
69 8 12
69 9 34
69 10 28
69 11 43
69 14 11
69 15 58
69 16 59
69 17 16
69 18 49
69 21 56
69 22 64
69 23 14
69 24 50
69 25 54
69 26 36
69 28 3
69 29 42
69 31 55
69 32 23
69 33 68
69 35 20
69 36 69
69 39 45
69 40 67
69 41 22
69 42 32
69 43 48
69 44 40
69 45 26
69 47 13
69 48 46
69 49 51
69 50 41
69 51 63
69 53 10
69 55 65
69 56 24
69 58 27
69 59 53
69 60 1
69 64 61
69 65 31
69 66 6
69 67 0
69 69 37
