70
0 1 17
0 3 63
0 6 34
0 7 62
0 8 42
0 9 30
0 12 13
0 13 23
0 14 51
0 15 32
0 17 0
0 18 5
0 19 20
0 20 67
0 21 21
0 24 9
0 25 46
0 26 19
0 27 54
0 28 43
0 30 48
0 31 45
0 32 11
0 33 27
0 34 33
0 35 56
0 39 29
0 40 31
0 42 44
0 43 25
0 44 18
0 45 68
0 47 38
0 48 16
0 50 50
0 51 22
0 53 7
0 54 58
0 55 49
0 57 60
0 58 64
0 59 12
0 60 61
0 63 37
0 64 69
0 67 66
1 0 30
1 1 53
1 2 2
1 3 69
1 5 13
1 6 41
1 8 58
1 10 32
1 11 61
1 12 45
1 13 68
1 14 9
1 15 38
1 16 20
1 19 66
1 20 4
1 24 54
1 25 5
1 27 35
1 29 25
1 30 37
1 31 47
1 32 34
1 33 23
1 34 49
1 35 67
1 36 16
1 37 42
1 38 62
1 39 63
1 40 59
1 41 65
1 42 22
1 43 15
1 44 27
1 45 39
1 46 3
1 47 21
1 48 44
1 50 17
1 51 0
1 52 46
1 53 29
1 54 7
1 55 8
1 56 31
1 57 10
1 58 19
1 59 52
1 60 51
1 61 1
1 63 57
1 65 28
1 66 33
1 67 36
1 68 11
1 69 43
2 2 46
2 4 52
2 6 32
2 7 35
2 8 28
2 9 50
2 10 15
2 12 14
2 13 60
2 17 51
2 18 49
2 19 37
2 20 68
2 21 45
2 22 25
2 23 69
2 24 11
2 25 58
2 27 42
2 28 3
2 30 36
2 32 39
2 35 17
2 37 10
2 40 29
2 44 62
2 45 41
2 48 38
2 49 59
2 50 67
2 51 1
2 53 9
2 54 16
2 55 54
2 56 57
2 59 66
2 61 12
2 62 43
2 63 48
2 64 20
2 65 55
2 68 44
3 1 47
3 3 25
3 5 54
3 6 26
3 7 33
3 8 8
3 9 62
3 10 45
3 11 58
3 12 2
3 14 59
3 16 29
3 18 9
3 19 51
3 20 10
3 21 27
3 25 23
3 26 40
3 28 67
3 31 30
3 33 65
3 35 64
3 37 35
3 40 15
3 41 5
3 43 48
3 44 61
3 47 4
3 50 32
3 52 53
3 54 36
3 56 50
3 58 3
3 59 7
3 60 19
3 61 56
3 62 16
3 65 1
3 66 44
3 67 46
3 69 13
4 0 17
4 1 30
4 2 11
4 3 56
4 4 62
4 6 0
4 7 59
4 9 12
4 10 29
4 11 53
4 12 23
4 13 2
4 14 8
4 15 24
4 16 51
4 17 34
4 18 3
4 19 63
4 20 46
4 22 60
4 24 6
4 27 55
4 28 25
4 31 65
4 33 41
4 36 45
4 38 19
4 39 39
4 40 69
4 42 18
4 45 38
4 47 20
4 50 1
4 52 48
4 53 54
4 54 57
4 56 49
4 57 47
4 59 35
4 60 13
4 61 14
4 63 52
4 64 44
4 65 22
4 68 31
4 69 16
5 5 1
5 6 43
5 8 47
5 9 19
5 10 44
5 11 20
5 13 17
5 14 50
5 16 25
5 17 16
5 18 66
5 19 54
5 21 5
5 22 18
5 24 30
5 26 33
5 27 14
5 28 61
5 29 62
5 30 46
5 31 37
5 32 42
5 33 13
5 37 45
5 38 57
5 42 59
5 43 6
5 44 52
5 45 12
5 46 53
5 47 15
5 48 64
5 51 69
5 52 3
5 53 51
5 55 34
5 56 58
5 57 29
5 58 63
5 59 26
5 61 24
5 62 2
5 63 55
5 66 36
5 67 49
5 68 7
6 2 63
6 3 7
6 5 56
6 6 13
6 7 44
6 8 21
6 9 29
6 10 42
6 12 25
6 13 39
6 14 43
6 15 20
6 16 35
6 17 59
6 18 58
6 19 8
6 20 38
6 21 24
6 22 52
6 23 51
6 26 12
6 27 16
6 32 10
6 33 64
6 34 55
6 35 34
6 39 61
6 40 9
6 41 19
6 42 31
6 43 60
6 44 32
6 45 1
6 46 30
6 47 66
6 48 46
6 51 28
6 53 14
6 54 6
6 55 37
6 56 3
6 57 54
6 61 27
6 62 0
6 63 15
6 64 11
6 66 62
6 69 23
7 1 58
7 2 60
7 3 64
7 4 5
7 6 11
7 7 38
7 8 39
7 9 47
7 10 2
7 11 26
7 14 44
7 15 16
7 17 45
7 18 30
7 19 40
7 20 15
7 21 23
7 23 41
7 24 27
7 25 65
7 26 1
7 27 51
7 28 50
7 30 43
7 31 53
7 32 21
7 34 63
7 35 7
7 37 67
7 39 69
7 40 3
7 42 56
7 43 32
7 45 19
7 46 37
7 49 10
7 50 0
7 52 29
7 53 17
7 54 24
7 57 6
7 58 55
7 59 13
7 60 49
7 61 36
7 62 66
7 64 48
7 66 9
7 67 18
7 68 62
8 2 40
8 3 39
8 4 22
8 6 65
8 9 2
8 10 64
8 11 45
8 13 34
8 14 7
8 16 23
8 17 19
8 19 6
8 21 58
8 22 5
8 23 21
8 24 51
8 27 57
8 28 29
8 29 55
8 31 62
8 34 20
8 35 68
8 38 32
8 39 54
8 42 38
8 43 8
8 44 0
8 45 49
8 46 24
8 47 28
8 48 18
8 49 44
8 50 63
8 51 53
8 52 52
8 54 33
8 58 41
8 61 15
8 62 50
8 63 14
8 64 3
8 65 43
8 67 25
8 68 27
8 69 11
9 0 46
9 1 68
9 2 29
9 3 16
9 6 49
9 7 67
9 8 40
9 9 56
9 10 55
9 11 15
9 12 24
9 14 18
9 15 52
9 16 60
9 17 10
9 18 27
9 19 62
9 20 35
9 21 38
9 22 26
9 24 37
9 25 66
9 26 7
9 27 48
9 28 59
9 30 63
9 31 58
9 32 9
9 35 36
9 36 3
9 37 2
9 38 14
9 39 4
9 42 53
9 43 23
9 45 50
9 46 6
9 47 30
9 48 25
9 50 5
9 52 33
9 53 12
9 54 69
9 55 42
9 57 13
9 58 34
9 60 17
9 62 54
9 63 21
9 64 39
9 66 51
9 68 43
10 0 27
10 1 22
10 2 32
10 3 66
10 4 58
10 5 50
10 6 2
10 7 21
10 8 35
10 9 51
10 10 38
10 12 34
10 13 37
10 14 69
10 15 40
10 16 44
10 19 43
10 20 26
10 21 36
10 22 24
10 24 3
10 27 25
10 29 60
10 31 42
10 33 53
10 34 67
10 35 4
10 36 10
10 38 30
10 39 19
10 40 41
10 42 0
10 44 12
10 45 65
10 46 52
10 50 49
10 51 47
10 52 8
10 53 18
10 54 20
10 55 55
10 56 15
10 57 1
10 58 61
10 60 56
10 62 13
10 63 29
10 65 33
10 67 68
10 68 57
10 69 62
11 0 62
11 2 9
11 3 17
11 4 69
11 6 3
11 7 18
11 8 34
11 9 24
11 10 36
11 11 40
11 12 38
11 13 42
11 14 41
11 15 39
11 17 35
11 19 45
11 20 14
11 21 47
11 24 53
11 26 64
11 28 10
11 30 21
11 31 59
11 33 50
11 34 4
11 35 58
11 36 65
11 39 16
11 40 1
11 42 66
11 43 11
11 45 32
11 47 61
11 48 43
11 49 5
11 50 33
11 51 55
11 52 12
11 54 49
11 56 51
11 57 57
11 58 27
11 59 15
11 60 7
11 62 48
11 63 63
11 64 46
11 65 29
11 66 25
11 68 60
11 69 2
12 0 60
12 1 52
12 2 43
12 5 10
12 10 35
12 11 24
12 12 12
12 13 18
12 14 34
12 15 66
12 16 9
12 17 5
12 19 11
12 20 51
12 21 20
12 23 1
12 24 2
12 25 53
12 27 63
12 28 58
12 30 26
12 31 17
12 32 41
12 34 31
12 35 19
12 36 56
12 37 21
12 38 59
12 39 46
12 41 49
12 42 54
12 43 61
12 44 28
12 45 37
12 46 0
12 47 13
12 48 27
12 49 69
12 50 57
12 51 16
12 52 22
12 54 64
12 55 65
12 56 45
12 57 55
12 58 48
12 59 25
12 60 29
12 61 67
12 62 38
12 63 23
12 66 3
12 67 39
12 68 50
12 69 15
13 0 32
13 2 23
13 3 19
13 4 11
13 6 51
13 7 65
13 9 42
13 13 55
13 14 12
13 15 48
13 16 59
13 17 58
13 19 30
13 20 47
13 24 7
13 25 25
13 26 37
13 27 13
13 28 53
13 29 3
13 30 9
13 31 38
13 32 66
13 33 49
13 34 62
13 35 21
13 36 26
13 37 28
13 39 45
13 42 57
13 43 54
13 44 35
13 45 24
13 46 1
13 47 40
13 48 14
13 50 52
13 53 34
13 54 46
13 55 60
13 56 0
13 57 18
13 58 31
13 59 44
13 60 43
13 61 63
13 62 33
13 63 8
13 65 67
13 66 5
13 67 22
13 68 61
14 0 29
14 2 20
14 3 15
14 4 14
14 5 26
14 6 22
14 9 40
14 10 6
14 11 38
14 13 52
14 14 63
14 15 47
14 16 45
14 17 54
14 18 1
14 20 12
14 21 35
14 22 68
14 25 8
14 26 21
14 27 39
14 30 17
14 32 50
14 33 61
14 34 34
14 35 48
14 36 25
14 37 62
14 38 23
14 39 36
14 40 46
14 41 32
14 42 28
14 44 66
14 46 33
14 47 37
14 51 2
14 56 5
14 57 7
14 60 41
14 61 55
14 62 49
14 63 67
14 64 65
14 65 31
14 66 18
14 67 51
14 69 0
15 0 21
15 1 18
15 2 59
15 3 46
15 4 2
15 6 8
15 7 25
15 9 66
15 12 22
15 13 11
15 15 50
15 17 64
15 18 48
15 19 33
15 21 41
15 22 34
15 23 9
15 24 32
15 27 60
15 29 36
15 32 20
15 33 42
15 34 5
15 37 1
15 38 7
15 41 39
15 42 47
15 43 56
15 44 69
15 46 51
15 47 43
15 48 15
15 50 54
15 51 37
15 52 38
15 53 16
15 55 40
15 56 35
15 59 30
15 60 0
15 62 67
15 63 58
15 65 13
15 66 24
15 67 61
15 68 6
15 69 26
16 0 55
16 1 28
16 3 6
16 5 31
16 8 48
16 9 69
16 12 44
16 15 42
16 16 64
16 17 43
16 18 39
16 19 3
16 21 15
16 22 65
16 23 22
16 24 17
16 26 66
16 27 45
16 28 21
16 29 41
16 30 68
16 31 2
16 32 54
16 33 30
16 35 25
16 38 36
16 40 51
16 41 16
16 42 46
16 43 62
16 44 23
16 45 14
16 47 27
16 49 11
16 50 26
16 51 10
16 53 13
16 54 0
16 55 53
16 56 67
16 57 34
16 58 59
16 61 47
16 62 52
16 64 24
16 65 19
16 66 37
16 68 35
16 69 38
17 1 0
17 2 30
17 3 13
17 4 66
17 9 16
17 10 62
17 11 49
17 12 60
17 13 51
17 14 54
17 15 53
17 18 31
17 20 9
17 21 34
17 22 14
17 23 19
17 24 25
17 25 67
17 26 22
17 27 20
17 29 28
17 31 27
17 32 12
17 33 17
17 38 5
17 40 50
17 41 40
17 42 10
17 43 63
17 46 2
17 47 45
17 50 61
17 52 18
17 53 69
17 55 46
17 56 52
17 57 64
17 58 36
17 59 42
17 60 68
17 61 35
17 62 26
17 64 55
17 67 29
17 68 33
17 69 1
18 1 23
18 4 45
18 5 58
18 8 65
18 9 4
18 10 3
18 11 66
18 12 16
18 13 61
18 14 49
18 16 10
18 17 36
18 18 47
18 19 12
18 21 69
18 22 42
18 24 41
18 25 55
18 26 2
18 27 1
18 29 38
18 30 35
18 31 0
18 32 51
18 33 18
18 34 21
18 35 53
18 37 68
18 38 63
18 40 56
18 41 28
18 42 67
18 43 5
18 44 40
18 45 44
18 46 9
18 47 48
18 48 39
18 49 8
18 50 64
18 52 13
18 53 20
18 54 29
18 60 46
18 61 37
18 64 62
18 66 26
18 67 17
18 68 22
18 69 31
19 1 37
19 2 14
19 4 27
19 6 38
19 9 20
19 10 17
19 11 47
19 15 59
19 16 53
19 18 35
19 19 67
19 21 44
19 25 39
19 29 69
19 33 0
19 34 22
19 35 18
19 36 61
19 38 11
19 39 24
19 41 21
19 42 50
19 43 43
19 44 3
19 45 64
19 46 48
19 47 12
19 48 31
19 49 51
19 51 5
19 52 26
19 54 65
19 55 4
19 56 30
19 57 58
19 58 8
19 59 40
19 60 16
19 61 7
19 62 60
19 63 33
19 64 54
19 65 2
19 66 32
19 67 42
19 69 63
20 0 39
20 2 64
20 3 34
20 5 27
20 6 48
20 8 62
20 9 49
20 10 14
20 11 52
20 16 37
20 18 0
20 19 46
20 20 5
20 23 6
20 26 55
20 28 28
20 29 63
20 30 60
20 31 9
20 32 59
20 33 33
20 34 30
20 35 65
20 37 51
20 38 25
20 39 26
20 40 57
20 41 66
20 43 22
20 44 29
20 46 69
20 47 24
20 49 38
20 50 40
20 51 41
20 53 56
20 55 44
20 56 11
20 57 35
20 58 50
20 59 1
20 60 23
20 61 2
20 62 58
20 63 54
20 64 43
20 66 68
20 67 19
20 68 21
20 69 18
21 1 55
21 2 31
21 3 67
21 4 13
21 5 7
21 7 14
21 8 57
21 11 18
21 12 43
21 13 0
21 14 42
21 15 2
21 16 12
21 18 24
21 19 59
21 20 39
21 21 61
21 22 40
21 23 3
21 24 62
21 25 9
21 27 27
21 30 52
21 31 46
21 32 23
21 33 22
21 35 54
21 37 38
21 38 8
21 39 34
21 41 64
21 42 17
21 43 65
21 44 48
21 45 16
21 46 56
21 48 58
21 51 20
21 52 44
21 54 63
21 55 47
21 56 36
21 57 4
21 58 1
21 59 50
21 61 66
21 62 21
21 63 28
21 64 30
21 65 15
21 66 35
21 67 60
22 2 66
22 3 20
22 5 62
22 7 52
22 8 59
22 9 8
22 10 58
22 11 13
22 12 51
22 13 69
22 14 55
22 15 15
22 16 32
22 17 33
22 18 4
22 20 41
22 21 68
22 25 14
22 26 10
22 27 0
22 28 23
22 29 35
22 30 64
22 32 43
22 34 27
22 36 36
22 37 7
22 38 65
22 39 1
22 41 26
22 42 9
22 44 38
22 45 28
22 47 18
22 48 5
22 49 61
22 50 6
22 53 53
22 54 3
22 56 25
22 57 49
22 60 60
22 61 50
22 64 22
22 65 40
22 66 11
22 68 2
22 69 47
23 0 36
23 1 7
23 2 27
23 6 31
23 7 47
23 10 16
23 11 34
23 12 46
23 15 9
23 16 22
23 17 62
23 18 65
23 21 40
23 22 58
23 23 50
23 24 28
23 25 45
23 26 69
23 27 10
23 28 39
23 32 3
23 33 2
23 34 8
23 35 57
23 36 29
23 37 55
23 39 15
23 40 4
23 41 51
23 42 20
23 43 49
23 44 63
23 45 33
23 46 35
23 47 6
23 48 56
23 49 54
23 51 60
23 52 59
23 54 43
23 56 12
23 58 11
23 60 1
23 61 48
23 63 0
23 64 17
23 65 66
23 66 67
23 67 23
23 69 24
24 0 20
24 2 55
24 3 40
24 4 46
24 5 42
24 6 29
24 7 11
24 8 32
24 9 68
24 13 41
24 14 56
24 16 30
24 17 15
24 19 47
24 20 6
24 21 2
24 22 54
24 23 61
24 24 50
24 25 69
24 26 48
24 27 44
24 29 1
24 31 66
24 32 67
24 33 57
24 34 16
24 36 4
24 37 22
24 38 43
24 39 21
24 40 13
24 42 34
24 43 52
24 45 51
24 46 58
24 47 19
24 48 36
24 49 17
24 53 33
24 56 24
24 57 26
24 58 23
24 60 59
24 61 39
24 62 31
24 64 28
24 65 8
24 67 65
24 68 12
24 69 3
25 0 25
25 4 39
25 5 23
25 8 63
25 12 1
25 13 4
25 14 21
25 15 45
25 16 67
25 17 13
25 18 20
25 19 22
25 21 28
25 22 57
25 23 29
25 26 52
25 27 18
25 28 54
25 29 61
25 30 38
25 31 15
25 32 16
25 33 14
25 35 8
25 36 6
25 37 33
25 38 46
25 40 58
25 42 65
25 43 35
25 47 0
25 48 49
25 50 11
25 51 32
25 52 5
25 53 26
25 54 41
25 55 31
25 56 62
25 57 12
25 58 53
25 60 30
25 62 3
25 63 24
25 68 48
25 69 59
26 2 10
26 4 55
26 7 29
26 9 52
26 10 30
26 11 65
26 12 6
26 13 21
26 15 69
26 16 57
26 17 32
26 18 19
26 20 31
26 23 59
26 24 63
26 25 44
26 26 28
26 27 24
26 28 5
26 29 22
26 32 49
26 33 16
26 34 25
26 35 12
26 36 58
26 38 37
26 39 2
26 40 43
26 42 8
26 46 14
26 47 51
26 48 47
26 52 34
26 53 61
26 55 56
26 56 64
26 57 38
26 58 33
26 59 41
26 60 9
26 62 39
26 66 17
26 67 0
26 68 1
26 69 67
27 0 28
27 2 51
27 3 52
27 5 22
27 6 18
27 7 55
27 9 61
27 11 29
27 14 40
27 15 23
27 16 24
27 17 31
27 19 26
27 20 32
27 23 47
27 24 13
27 25 63
27 27 46
27 28 62
27 29 49
27 30 20
27 31 57
27 32 35
27 33 9
27 35 60
27 37 36
27 40 11
27 43 69
27 44 4
27 45 8
27 46 42
27 47 7
27 49 45
27 51 39
27 52 41
27 53 25
27 58 2
27 59 5
27 61 44
27 63 6
27 64 53
27 65 12
27 66 54
27 67 34
27 68 14
27 69 56
28 0 50
28 1 66
28 3 42
28 4 33
28 5 39
28 6 56
28 7 68
28 8 38
28 11 44
28 16 43
28 17 17
28 18 61
28 20 23
28 21 25
28 22 41
28 24 16
28 26 14
28 27 29
28 28 27
28 29 4
28 30 0
28 31 49
28 32 53
28 33 67
28 34 64
28 37 65
28 38 20
28 39 48
28 41 2
28 42 3
28 43 45
28 45 11
28 47 8
28 48 63
28 50 69
28 52 36
28 54 55
28 55 28
28 57 52
28 60 34
28 61 31
28 62 62
28 63 13
28 65 60
28 66 58
28 69 21
29 0 52
29 1 69
29 2 62
29 3 44
29 5 5
29 6 50
29 7 9
29 8 23
29 11 56
29 14 48
29 15 12
29 17 40
29 18 55
29 19 16
29 20 3
29 21 65
29 22 66
29 23 35
29 24 68
29 25 60
29 26 4
29 27 11
29 28 20
29 30 13
29 31 64
29 34 38
29 35 24
29 36 7
29 39 0
29 40 34
29 41 1
29 42 33
29 43 67
29 45 2
29 46 29
29 47 46
29 48 22
29 49 15
29 50 30
29 52 21
29 53 43
29 55 36
29 59 17
29 60 18
29 61 8
29 62 25
29 63 45
29 64 10
29 65 51
29 66 47
29 67 59
29 68 42
29 69 32
30 0 4
30 3 58
30 4 47
30 5 53
30 7 30
30 8 25
30 9 23
30 10 28
30 11 14
30 12 29
30 15 54
30 18 17
30 19 36
30 20 61
30 21 19
30 23 20
30 24 0
30 25 48
30 26 65
30 27 31
30 29 11
30 30 69
30 33 5
30 34 57
30 37 34
30 39 35
30 40 62
30 41 60
30 42 21
30 44 13
30 46 63
30 47 33
30 48 1
30 50 37
30 51 6
30 52 64
30 54 2
30 55 9
30 56 68
30 58 42
30 60 52
30 61 46
30 62 41
30 64 7
30 65 26
30 67 38
30 68 18
31 0 2
31 1 39
31 2 19
31 3 9
31 4 7
31 5 6
31 6 37
31 10 0
31 11 16
31 12 59
31 13 32
31 14 1
31 15 60
31 16 21
31 17 24
31 18 54
31 19 57
31 20 17
31 21 26
31 22 44
31 23 55
31 24 8
31 25 42
31 27 64
31 28 4
31 30 61
31 31 43
31 32 52
31 33 38
31 34 10
31 35 49
31 36 15
31 37 48
31 38 28
31 39 5
31 40 68
31 42 13
31 43 33
31 50 14
31 51 62
31 53 58
31 54 23
31 55 12
31 57 45
31 58 20
31 61 69
31 62 22
31 63 40
31 64 50
31 65 11
31 66 30
31 67 27
31 68 51
31 69 36
32 0 43
32 2 12
32 3 36
32 4 50
32 6 53
32 10 51
32 11 39
32 12 15
32 13 67
32 14 66
32 15 35
32 16 47
32 17 23
32 18 52
32 20 28
32 21 56
32 22 63
32 23 26
32 24 31
32 25 37
32 26 16
32 27 38
32 28 8
32 29 7
32 30 57
32 31 32
32 33 58
32 34 14
32 36 59
32 37 27
32 38 22
32 39 33
32 41 18
32 42 61
32 43 42
32 46 40
32 47 44
32 49 68
32 50 3
32 51 21
32 52 1
32 54 9
32 56 2
32 58 24
32 59 49
32 60 54
32 61 30
32 62 34
32 63 64
32 64 19
32 67 4
33 0 19
33 1 46
33 2 35
33 3 0
33 4 32
33 5 16
33 7 27
33 8 29
33 9 17
33 10 13
33 11 37
33 12 52
33 13 45
33 14 33
33 15 21
33 16 38
33 17 50
33 18 7
33 19 61
33 24 43
33 27 5
33 28 26
33 30 8
33 31 41
33 32 44
33 33 54
33 34 23
33 35 59
33 36 47
33 37 11
33 38 4
33 40 12
33 43 68
33 44 60
33 45 67
33 46 55
33 47 53
33 48 24
33 49 66
33 50 2
33 52 14
33 54 40
33 55 3
33 56 69
33 57 65
33 58 10
33 59 39
33 60 20
33 63 31
33 66 22
33 69 42
34 0 53
34 1 19
34 2 37
34 3 14
34 4 1
34 7 39
34 8 24
34 9 0
34 11 21
34 12 66
34 13 65
34 14 61
34 15 44
34 16 13
34 17 60
34 19 68
34 21 12
34 22 20
34 23 10
34 25 64
34 28 33
34 29 50
34 30 6
34 31 25
34 32 48
34 33 36
34 34 56
34 35 35
34 36 57
34 38 55
34 39 51
34 40 16
34 41 9
34 42 7
34 43 18
34 44 58
34 45 4
34 46 23
34 47 11
34 48 67
34 49 47
34 50 22
34 52 27
34 53 3
34 54 54
34 55 5
34 57 59
34 60 15
34 61 42
34 62 45
34 63 17
34 64 41
34 67 43
34 68 46
34 69 34
35 0 3
35 1 34
35 2 58
35 3 24
35 6 1
35 7 4
35 8 2
35 9 10
35 10 33
35 11 17
35 12 39
35 13 28
35 15 64
35 16 19
35 17 37
35 18 45
35 19 0
35 20 7
35 21 54
35 22 30
35 23 25
35 27 36
35 28 41
35 31 13
35 32 60
35 35 63
35 36 9
35 37 50
35 38 44
35 39 59
35 41 15
35 42 11
35 44 8
35 45 29
35 46 38
35 48 53
35 49 32
35 51 65
35 52 51
35 54 66
35 55 6
35 56 46
35 58 16
35 59 48
35 60 31
35 63 35
35 64 49
35 65 61
35 66 14
35 67 47
35 69 20
36 0 14
36 1 36
36 3 45
36 4 28
36 5 33
36 6 27
36 7 69
36 9 9
36 10 59
36 13 16
36 15 22
36 17 56
36 18 21
36 19 23
36 20 52
36 22 46
36 23 15
36 24 65
36 25 26
36 27 19
36 28 55
36 29 48
36 31 18
36 32 37
36 33 47
36 34 41
36 35 3
36 36 66
36 38 38
36 39 6
36 40 40
36 41 24
36 42 29
36 43 12
36 46 50
36 48 34
36 49 58
36 52 39
36 53 1
36 54 17
36 56 54
36 58 13
36 59 61
36 61 10
36 63 20
36 64 8
36 66 43
36 67 57
36 68 32
36 69 7
37 0 56
37 1 25
37 2 0
37 4 49
37 5 4
37 6 47
37 7 64
37 8 44
37 10 34
37 11 36
37 13 5
37 15 62
37 16 17
37 17 61
37 19 15
37 21 33
37 22 3
37 23 2
37 24 42
37 27 40
37 29 39
37 30 31
37 32 26
37 33 66
37 34 13
37 35 38
37 36 23
37 37 32
37 38 53
37 40 48
37 41 11
37 42 45
37 43 9
37 44 19
37 45 60
37 46 59
37 47 63
37 48 21
37 49 6
37 51 50
37 52 58
37 53 67
37 54 35
37 55 18
37 57 43
37 58 51
37 59 69
37 62 12
37 65 24
37 66 41
37 67 28
37 69 37
38 2 69
38 3 21
38 4 0
38 6 68
38 8 37
38 11 55
38 13 35
38 14 65
38 16 26
38 17 63
38 18 32
38 19 49
38 20 59
38 21 53
38 22 1
38 23 18
38 24 22
38 25 40
38 28 31
38 29 23
38 30 44
38 32 4
38 35 27
38 36 64
38 37 13
38 39 20
38 40 6
38 41 8
38 43 58
38 45 46
38 46 17
38 47 2
38 48 11
38 50 48
38 53 45
38 54 42
38 56 66
38 60 47
38 61 52
38 63 30
38 64 61
38 65 54
38 67 7
38 68 3
39 0 7
39 1 38
39 2 47
39 3 37
39 6 30
39 7 26
39 11 5
39 12 56
39 15 10
39 16 50
39 18 15
39 21 9
39 22 39
39 25 31
39 27 49
39 29 19
39 30 32
39 31 48
39 33 44
39 34 12
39 35 16
39 36 62
39 37 54
39 38 40
39 39 13
39 40 22
39 41 34
39 42 4
39 43 24
39 44 2
39 45 43
39 46 41
39 47 14
39 48 51
39 50 21
39 51 42
39 52 35
39 54 28
39 55 11
39 56 55
39 58 52
39 59 68
39 60 64
39 61 58
39 62 1
39 64 33
39 66 59
39 67 3
39 68 8
40 2 24
40 3 43
40 4 15
40 5 21
40 6 61
40 7 32
40 8 13
40 10 37
40 12 35
40 14 31
40 15 5
40 16 0
40 18 46
40 19 2
40 20 30
40 21 42
40 22 19
40 24 20
40 25 16
40 27 47
40 28 57
40 29 9
40 31 44
40 34 7
40 35 28
40 37 18
40 42 12
40 43 66
40 44 54
40 45 17
40 46 45
40 48 8
40 49 22
40 50 58
40 51 33
40 52 23
40 54 38
40 55 50
40 57 69
40 59 10
40 61 59
40 62 27
40 63 4
40 64 64
40 65 53
40 66 65
40 67 52
40 68 56
40 69 48
41 1 49
41 2 45
41 4 57
41 5 48
41 6 23
41 9 22
41 11 43
41 12 42
41 14 28
41 15 17
41 16 40
41 17 11
41 18 18
41 19 4
41 20 2
41 22 10
41 23 33
41 24 58
41 25 35
41 27 26
41 28 51
41 31 12
41 32 36
41 34 66
41 35 69
41 38 68
41 39 37
41 40 24
41 42 52
41 44 6
41 45 21
41 47 47
41 49 1
41 51 15
41 52 16
41 55 27
41 57 14
41 58 56
41 61 60
41 62 65
41 63 50
41 64 9
41 66 29
41 67 53
41 68 13
42 0 67
42 1 2
42 3 31
42 4 68
42 5 38
42 6 7
42 7 60
42 8 18
42 9 34
42 11 6
42 12 53
42 13 33
42 14 20
42 16 15
42 19 10
42 20 27
42 22 59
42 23 63
42 24 24
42 25 54
42 27 52
42 28 49
42 30 58
42 31 21
42 32 5
42 33 3
42 34 42
42 35 66
42 36 43
42 37 29
42 38 0
42 42 32
42 43 30
42 44 25
42 47 65
42 50 45
42 51 9
42 53 57
42 54 11
42 55 16
42 56 23
42 60 26
42 62 8
42 63 69
42 64 35
42 66 4
42 67 48
42 68 64
43 0 65
43 2 3
43 3 30
43 4 51
43 5 57
43 7 66
43 8 4
43 9 21
43 12 33
43 14 6
43 15 11
43 17 18
43 18 38
43 19 55
43 20 60
43 22 22
43 23 39
43 24 69
43 25 12
43 28 36
43 29 54
43 30 67
43 31 35
43 33 43
43 35 29
43 36 31
43 37 26
43 39 58
43 40 28
43 41 25
43 43 44
43 44 10
43 45 23
43 46 62
43 47 42
43 48 13
43 49 34
43 50 59
43 51 24
43 53 2
43 54 19
43 55 61
43 58 17
43 59 45
43 60 27
43 61 32
43 63 68
43 64 52
43 65 37
43 67 1
43 68 0
43 69 49
44 1 35
44 2 68
44 3 2
44 4 36
44 5 9
44 7 34
44 9 14
44 11 30
44 12 37
44 16 11
44 17 25
44 19 52
44 20 8
44 21 18
44 22 69
44 23 44
44 24 26
44 25 7
44 26 24
44 28 16
44 29 12
44 30 54
44 31 1
44 33 56
44 34 0
44 35 31
44 36 22
44 37 41
44 38 58
44 39 3
44 40 65
44 41 57
44 44 33
44 45 45
44 46 5
44 48 10
44 51 67
44 52 15
44 53 66
44 55 59
44 56 27
44 57 39
44 58 43
44 60 40
44 61 62
44 62 63
44 64 51
44 67 6
44 68 17
44 69 64
45 0 11
45 2 67
45 3 54
45 4 21
45 5 17
45 6 5
45 7 57
45 9 13
45 10 65
45 11 35
45 12 50
45 15 37
45 16 69
45 17 38
45 18 2
45 20 45
45 21 55
45 23 31
45 24 1
45 25 41
45 26 47
45 27 62
45 29 18
45 30 59
45 31 7
45 32 8
45 33 29
45 34 3
45 35 0
45 36 32
45 38 27
45 39 22
45 40 49
45 41 43
45 42 23
45 44 30
45 45 20
45 46 12
45 47 10
45 48 68
45 50 56
45 51 64
45 53 6
45 55 39
45 56 44
45 57 28
45 58 66
45 59 53
45 60 58
45 61 40
45 62 61
45 63 51
45 64 26
45 65 34
45 69 9
46 0 23
46 2 13
46 4 29
46 5 60
46 6 52
46 7 63
46 9 37
46 10 24
46 14 11
46 15 55
46 16 61
46 17 30
46 18 42
46 19 50
46 20 21
46 21 31
46 23 45
46 24 19
46 26 39
46 27 32
46 30 34
46 31 51
46 32 57
46 33 40
46 34 59
46 35 41
46 37 5
46 38 54
46 40 64
46 42 49
46 44 68
46 45 53
46 46 25
46 47 3
46 48 66
46 49 20
46 50 35
46 53 62
46 54 27
46 55 1
46 58 14
46 59 2
46 61 38
46 62 6
46 63 36
46 64 15
46 65 10
46 66 46
46 67 26
46 68 4
46 69 58
47 1 42
47 3 55
47 4 53
47 5 14
47 9 54
47 12 49
47 13 13
47 14 10
47 15 51
47 18 68
47 19 35
47 20 40
47 21 43
47 22 6
47 23 48
47 24 64
47 25 27
47 26 11
47 27 3
47 28 65
47 29 21
47 32 1
47 35 2
47 38 17
47 39 47
47 40 20
47 41 12
47 42 39
47 43 26
47 44 31
47 45 30
47 46 67
47 47 62
47 50 29
47 52 37
47 55 38
47 56 32
47 58 28
47 59 33
47 60 24
47 61 9
47 62 15
47 63 34
47 67 58
47 69 57
48 0 61
48 1 57
48 2 25
48 3 47
48 6 60
48 9 27
48 10 67
48 11 64
48 15 0
48 16 5
48 18 69
48 20 63
48 21 10
48 22 4
48 23 13
48 24 66
48 25 19
48 27 30
48 28 32
48 29 33
48 31 8
48 32 14
48 33 12
48 34 53
48 36 2
48 37 9
48 38 45
48 39 23
48 41 42
48 42 48
48 45 59
48 47 68
48 48 50
48 49 3
48 50 16
48 51 51
48 52 55
48 53 28
48 56 1
48 57 56
48 58 38
48 59 43
48 60 44
48 61 11
48 62 18
48 63 65
48 64 29
48 66 31
48 67 35
48 69 17
49 0 22
49 1 40
49 2 1
49 4 38
49 5 64
49 7 13
49 9 43
49 11 62
49 12 47
49 13 66
49 14 14
49 16 7
49 17 9
49 18 10
49 19 21
49 21 59
49 23 17
49 24 67
49 26 23
49 27 37
49 28 60
49 31 68
49 32 45
49 33 24
49 34 29
49 35 20
49 36 63
49 37 6
49 39 53
49 42 15
49 44 51
49 46 4
49 47 31
49 50 8
49 51 46
49 53 27
49 55 33
49 56 65
49 57 32
49 58 39
49 59 54
49 60 2
49 61 19
49 62 42
49 63 44
49 64 5
49 65 69
49 67 55
49 68 36
50 0 66
50 1 8
50 2 33
50 3 22
50 4 25
50 5 67
50 6 55
50 7 10
50 11 23
50 12 69
50 13 48
50 14 16
50 15 6
50 16 42
50 19 44
50 20 53
50 21 13
50 22 9
50 23 58
50 24 47
50 25 28
50 26 43
50 27 68
50 29 65
50 31 19
50 33 35
50 34 2
50 35 37
50 37 3
50 38 12
50 40 30
50 42 64
50 44 11
50 45 7
50 47 29
50 48 57
50 49 0
50 51 34
50 52 61
50 53 32
50 54 31
50 55 63
50 56 26
50 57 40
50 59 24
50 60 50
50 61 49
50 62 17
50 63 41
50 64 18
50 66 15
50 67 14
50 68 20
51 0 59
51 1 56
51 2 26
51 4 31
51 5 40
51 7 50
51 8 0
51 9 33
51 10 61
51 11 7
51 12 20
51 13 8
51 14 3
51 18 63
51 19 13
51 22 28
51 23 37
51 24 14
51 26 46
51 28 30
51 29 24
51 31 34
51 33 6
51 35 43
51 36 39
51 37 57
51 38 51
51 39 64
51 40 66
51 41 54
51 42 69
51 43 36
51 46 32
51 47 58
51 48 12
51 49 29
51 51 48
51 54 10
51 55 25
51 57 42
51 58 21
51 59 67
51 60 55
51 62 23
51 63 16
51 64 60
51 65 44
51 66 27
51 67 62
51 68 38
51 69 5
52 1 10
52 2 21
52 3 26
52 4 19
52 5 3
52 7 46
52 8 43
52 10 66
52 12 9
52 13 62
52 15 57
52 16 55
52 17 7
52 18 41
52 19 28
52 20 16
52 23 67
52 24 29
52 25 6
52 27 33
52 30 1
52 33 32
52 34 61
52 38 47
52 39 12
52 41 27
52 43 17
52 44 15
52 45 54
52 47 36
52 48 40
52 49 2
52 51 49
52 52 30
52 56 37
52 57 48
52 58 68
52 59 34
52 61 53
52 62 59
52 63 38
52 64 4
52 65 52
52 66 50
52 67 20
52 68 58
52 69 51
53 0 58
53 4 24
53 5 61
53 6 6
53 9 26
53 10 25
53 12 67
53 13 40
53 17 52
53 18 60
53 20 55
53 22 62
53 23 57
53 25 4
53 27 43
53 28 12
53 29 59
53 30 45
53 33 11
53 34 51
53 35 50
53 36 21
53 37 15
53 38 31
53 39 42
53 41 69
53 43 10
53 44 36
53 46 16
53 47 49
53 48 35
53 49 33
53 50 19
53 53 8
53 54 18
53 55 48
53 56 56
53 59 3
53 60 65
53 62 9
53 64 27
53 65 23
53 67 37
53 69 44
54 0 26
54 1 51
54 4 60
54 7 16
54 9 38
54 10 43
54 11 8
54 12 63
54 13 7
54 14 67
54 16 54
54 17 44
54 19 64
54 20 18
54 21 49
54 22 17
54 24 21
54 25 20
54 28 42
54 29 37
54 31 6
54 34 35
54 35 13
54 36 48
54 38 66
54 39 41
54 40 53
54 41 14
54 43 47
54 44 9
54 47 5
54 48 69
54 49 52
54 50 24
54 51 36
54 53 50
54 54 45
54 55 23
54 56 33
54 57 31
54 58 40
54 61 65
54 62 30
54 63 39
54 64 1
54 65 62
54 66 10
54 69 4
55 0 64
55 1 59
55 2 5
55 3 3
55 4 63
55 6 20
55 8 9
55 11 48
55 13 58
55 14 60
55 15 29
55 16 34
55 17 46
55 19 25
55 20 19
55 22 35
55 25 56
55 26 36
55 27 53
55 29 51
55 32 69
55 33 45
55 34 50
55 37 17
55 38 33
55 39 57
55 40 52
55 41 0
55 43 38
55 45 66
55 46 39
55 47 1
55 49 41
55 50 10
55 52 67
55 54 30
55 58 49
55 60 4
55 62 44
55 63 26
55 64 14
55 65 16
55 66 61
55 69 12
56 0 13
56 1 48
56 3 61
56 5 44
56 7 54
56 9 32
56 10 69
56 11 10
56 12 17
56 13 25
56 15 8
56 16 33
56 17 55
56 18 16
56 21 64
56 23 34
56 24 38
56 26 49
56 27 23
56 28 66
56 31 67
56 32 24
56 33 4
56 34 28
56 35 46
56 36 14
56 37 58
56 38 41
56 39 68
56 40 47
56 43 20
56 44 59
56 45 36
56 46 19
56 48 30
56 49 42
56 50 18
56 51 3
56 52 56
56 53 63
56 54 51
56 56 53
56 57 27
56 58 0
56 59 65
56 60 37
56 61 43
56 63 62
56 64 45
56 65 5
56 67 12
56 69 29
57 1 1
57 4 6
57 6 64
57 7 36
57 8 10
57 10 60
57 12 48
57 13 38
57 16 56
57 20 0
57 21 37
57 22 53
57 23 43
57 24 55
57 26 50
57 29 47
57 32 31
57 33 51
57 35 44
57 36 30
57 39 17
57 41 29
57 42 68
57 45 62
57 46 61
57 48 52
57 49 23
57 50 66
57 51 26
57 52 54
57 53 40
57 54 22
57 55 57
57 56 8
57 57 15
57 59 28
57 60 33
57 61 41
57 63 19
57 64 13
57 65 42
57 66 12
57 68 65
57 69 39
58 0 49
58 1 21
58 2 44
58 3 53
58 5 18
58 6 39
58 7 40
58 9 3
58 10 8
58 11 68
58 12 64
58 13 19
58 14 26
58 15 7
58 18 34
58 19 1
58 20 37
58 21 29
58 22 2
58 23 24
58 24 45
58 25 13
58 26 35
58 28 47
58 30 15
58 31 28
58 32 33
58 33 60
58 36 54
58 37 66
58 38 42
58 39 25
58 40 61
58 41 46
58 42 43
58 43 59
58 44 22
58 46 11
58 47 52
58 52 17
58 54 67
58 56 41
58 57 62
58 58 9
58 59 4
58 60 38
58 61 23
58 62 20
58 64 57
58 65 56
58 66 0
58 67 30
58 69 6
59 0 12
59 1 29
59 2 7
59 3 28
59 4 9
59 5 66
59 7 3
59 12 21
59 14 58
59 16 52
59 17 68
59 18 62
59 20 24
59 21 51
59 23 60
59 25 33
59 26 42
59 27 69
59 28 37
59 29 56
59 31 4
59 32 47
59 34 54
59 35 55
59 36 40
59 38 2
59 39 65
59 41 44
59 42 36
59 43 57
59 45 25
59 46 26
59 47 16
59 48 6
59 50 23
59 51 8
59 55 43
59 56 59
59 57 50
59 58 15
59 59 22
59 60 14
59 63 46
59 64 67
59 65 48
59 67 11
59 68 41
60 1 50
60 2 49
60 3 60
60 4 42
60 7 45
60 8 12
60 9 41
60 11 57
60 12 3
60 16 58
60 20 48
60 21 22
60 22 21
60 23 11
60 24 35
60 26 27
60 27 34
60 30 51
60 32 15
60 33 25
60 34 36
60 36 67
60 37 0
60 39 31
60 40 37
60 41 53
60 42 30
60 44 56
60 45 63
60 46 44
60 47 55
60 48 23
60 49 18
60 50 39
60 51 17
60 52 7
60 53 4
60 56 9
60 57 19
60 59 46
60 60 28
60 62 32
60 63 59
60 64 2
60 65 68
60 66 69
60 67 16
60 68 66
61 0 38
61 1 63
61 4 3
61 5 11
61 6 45
61 8 22
61 11 46
61 13 49
61 14 25
61 15 41
61 16 2
61 18 28
61 21 1
61 22 51
61 23 32
61 24 18
61 25 57
61 26 53
61 27 21
61 28 9
61 30 30
61 31 36
61 35 52
61 37 43
61 39 67
61 40 55
61 44 24
61 46 10
61 49 65
61 51 40
61 53 15
61 54 59
61 56 17
61 57 33
61 58 54
61 59 23
61 61 6
61 64 37
61 65 35
61 66 7
61 67 8
61 69 27
62 0 69
62 1 45
62 5 0
62 6 10
62 8 6
62 9 55
62 11 33
62 12 68
62 16 36
62 17 47
62 18 57
62 21 14
62 23 53
62 24 59
62 26 3
62 28 13
62 29 15
62 30 12
62 33 21
62 34 48
62 35 22
62 36 5
62 37 40
62 38 29
62 39 43
62 41 58
62 43 51
62 44 16
62 45 9
62 46 60
62 48 37
62 50 28
62 51 66
62 54 52
62 55 7
62 56 19
62 57 2
62 58 4
62 59 64
62 60 62
62 61 34
62 62 11
62 63 1
62 65 41
62 66 56
62 67 54
62 68 67
62 69 8
63 0 10
63 1 11
63 2 15
63 4 54
63 5 2
63 6 17
63 8 26
63 9 64
63 10 4
63 13 6
63 14 39
63 15 34
63 16 16
63 17 27
63 18 25
63 19 53
63 20 29
63 21 48
63 23 49
63 24 23
63 25 51
63 26 67
63 27 61
63 28 56
63 29 46
63 30 33
63 31 50
63 32 62
63 33 68
63 34 52
63 35 30
63 36 12
63 37 37
63 38 24
63 39 38
63 40 0
63 41 31
63 42 40
63 43 1
63 44 21
63 45 18
63 48 7
63 50 36
63 51 43
63 52 60
63 54 8
63 57 41
63 58 22
63 59 9
63 60 35
63 62 5
63 64 58
63 67 44
63 69 69
64 1 44
64 2 65
64 3 35
64 4 8
64 5 47
64 6 62
64 7 0
64 8 56
64 9 39
64 10 54
64 11 51
64 12 19
64 13 26
64 17 42
64 18 33
64 19 7
64 20 20
64 21 16
64 22 43
64 23 4
64 24 5
64 26 15
64 27 17
64 28 22
64 31 23
64 33 69
64 34 6
64 35 40
64 37 12
64 38 64
64 39 27
64 40 36
64 42 25
64 45 61
64 47 32
64 48 9
64 50 60
64 51 59
64 52 10
64 54 48
64 55 67
64 56 13
64 57 24
64 58 29
64 59 14
64 62 55
64 63 11
64 64 31
64 66 49
64 67 50
64 68 34
64 69 52
65 0 35
65 3 5
65 4 59
65 5 52
65 7 51
65 8 60
65 9 44
65 10 9
65 14 22
65 15 4
65 16 39
65 17 2
65 18 53
65 19 17
65 20 42
65 21 7
65 24 46
65 25 11
65 26 63
65 27 66
65 28 18
65 30 55
65 31 3
65 32 40
65 33 1
65 34 24
65 35 26
65 36 28
65 37 64
65 40 45
65 41 62
65 43 13
65 44 14
65 45 10
65 46 27
65 47 67
65 48 32
65 49 30
65 51 56
65 52 49
65 53 65
65 54 34
65 55 15
65 56 43
65 58 58
65 59 37
65 60 57
65 63 61
65 65 38
65 66 23
65 67 69
65 69 68
66 0 8
66 1 4
66 4 26
66 5 28
66 7 49
66 8 36
66 12 55
66 13 30
66 15 43
66 16 1
66 17 39
66 19 65
66 20 58
66 21 67
66 22 29
66 24 56
66 25 24
66 26 62
66 27 15
66 28 64
66 29 6
66 30 50
66 32 17
66 33 52
66 34 60
66 35 61
66 38 9
66 39 11
66 40 7
66 41 35
66 42 37
66 44 34
66 46 21
66 47 54
66 48 3
66 49 27
66 51 12
66 52 66
66 54 32
66 55 41
66 56 16
66 57 20
66 58 5
66 60 10
66 62 46
66 64 47
66 65 14
66 66 40
66 69 53
67 0 63
67 1 32
67 2 28
67 4 65
67 5 8
67 8 11
67 10 56
67 11 2
67 12 30
67 13 10
67 16 3
67 20 34
67 21 52
67 23 27
67 25 0
67 27 59
67 29 58
67 30 66
67 33 31
67 36 55
67 37 20
67 38 69
67 40 14
67 41 50
67 42 51
67 43 4
67 44 39
67 45 40
67 47 17
67 48 48
67 50 47
67 51 61
67 53 19
67 54 21
67 55 29
67 57 16
67 58 37
67 59 60
67 60 36
67 62 35
67 63 9
67 64 42
67 66 1
67 67 13
67 69 41
68 2 39
68 4 48
68 5 46
68 6 63
68 7 37
68 8 7
68 9 57
68 11 54
68 12 18
68 13 24
68 14 30
68 15 25
68 16 65
68 17 8
68 19 27
68 20 64
68 22 11
68 23 23
68 24 60
68 26 68
68 28 34
68 29 5
68 30 10
68 31 52
68 32 58
68 34 43
68 35 1
68 36 44
68 38 56
68 39 49
68 41 13
68 42 62
68 44 20
68 45 6
68 48 42
68 49 19
68 50 55
68 51 31
68 52 69
68 54 26
68 55 51
68 56 28
68 58 47
68 61 33
68 62 40
68 63 3
68 65 36
68 66 38
68 68 59
68 69 66
69 0 42
69 1 20
69 2 17
69 3 51
69 4 61
69 5 35
69 6 46
69 8 52
69 10 11
69 11 19
69 12 62
69 13 1
69 15 67
69 17 41
69 19 5
69 20 49
69 21 50
69 22 37
69 23 12
69 24 48
69 26 31
69 31 24
69 33 63
69 34 40
69 35 33
69 36 38
69 37 4
69 38 13
69 39 66
69 41 22
69 42 58
69 43 27
69 44 55
69 45 15
69 46 68
69 47 69
69 48 2
69 49 26
69 50 34
69 53 21
69 54 60
69 55 32
69 56 39
69 57 44
69 58 57
69 59 16
69 60 6
69 61 54
69 62 10
69 63 25
69 64 59
69 67 64
69 68 47
69 69 14
