70
0 0 7
0 1 5
0 2 11
0 3 17
0 4 47
0 5 53
0 6 68
0 7 57
0 9 1
0 11 64
0 13 10
0 14 13
0 15 69
0 16 32
0 17 21
0 18 52
0 19 3
0 20 9
0 21 61
0 23 66
0 25 59
0 26 62
0 28 25
0 29 0
0 30 24
0 31 44
0 32 14
0 33 31
0 34 22
0 35 35
0 37 43
0 38 58
0 39 48
0 40 4
0 42 23
0 43 8
0 44 15
0 45 29
0 46 45
0 48 65
0 49 20
0 52 16
0 53 39
0 54 26
0 55 34
0 56 40
0 57 55
0 58 37
0 60 50
0 62 56
0 64 33
0 65 60
0 66 54
0 67 49
0 68 41
0 69 2
1 0 23
1 1 41
1 2 47
1 3 49
1 5 37
1 6 52
1 8 35
1 9 6
1 10 55
1 11 16
1 12 27
1 13 26
1 14 50
1 15 65
1 17 56
1 20 42
1 21 60
1 22 13
1 23 64
1 24 0
1 25 63
1 26 17
1 29 10
1 30 19
1 31 1
1 33 20
1 34 14
1 35 40
1 36 3
1 37 34
1 39 62
1 40 33
1 41 53
1 42 22
1 43 2
1 44 61
1 45 45
1 46 43
1 47 11
1 48 66
1 50 54
1 51 69
1 53 29
1 54 46
1 56 38
1 57 67
1 58 44
1 59 28
1 61 58
1 62 51
1 64 7
1 66 48
1 67 5
1 68 57
2 0 1
2 1 46
2 3 66
2 5 50
2 6 57
2 8 3
2 9 35
2 11 42
2 12 29
2 15 60
2 16 59
2 17 14
2 18 30
2 19 52
2 20 19
2 21 2
2 22 7
2 23 51
2 24 22
2 25 20
2 26 10
2 27 54
2 28 65
2 29 11
2 30 15
2 31 32
2 32 24
2 33 33
2 34 45
2 35 53
2 37 31
2 38 34
2 40 13
2 41 21
2 42 8
2 43 28
2 44 37
2 45 4
2 46 40
2 47 5
2 48 63
2 49 12
2 51 48
2 52 58
2 53 44
2 54 62
2 55 47
2 56 67
2 57 69
2 59 23
2 60 39
2 61 49
2 62 68
2 65 55
2 66 26
2 67 6
2 69 61
3 2 58
3 3 10
3 4 13
3 5 55
3 9 48
3 10 26
3 11 40
3 12 11
3 13 8
3 15 67
3 16 18
3 18 60
3 19 39
3 20 43
3 21 53
3 22 3
3 23 61
3 24 36
3 25 44
3 26 54
3 27 27
3 28 51
3 29 2
3 30 56
3 32 37
3 33 64
3 34 52
3 36 45
3 37 6
3 38 12
3 39 15
3 40 22
3 41 29
3 42 7
3 43 9
3 45 17
3 46 30
3 47 50
3 48 21
3 49 35
3 50 66
3 51 41
3 53 31
3 54 32
3 55 49
3 56 33
3 57 16
3 61 34
3 62 24
3 63 46
3 64 0
3 65 5
3 66 38
3 67 68
3 68 20
3 69 23
4 0 11
4 1 49
4 2 8
4 5 17
4 6 32
4 7 35
4 8 47
4 9 22
4 10 66
4 11 19
4 12 58
4 13 43
4 14 26
4 15 27
4 16 9
4 17 51
4 18 37
4 19 20
4 20 4
4 21 46
4 22 38
4 25 42
4 26 36
4 27 65
4 28 23
4 29 1
4 30 28
4 31 18
4 32 16
4 33 48
4 34 34
4 35 14
4 37 13
4 38 56
4 39 55
4 40 41
4 42 0
4 43 61
4 45 5
4 46 60
4 47 44
4 48 64
4 49 67
4 50 6
4 51 33
4 52 39
4 53 69
4 54 3
4 55 7
4 56 62
4 57 2
4 59 12
4 60 29
4 61 52
4 63 57
4 64 54
4 67 31
4 68 15
4 69 30
5 1 56
5 2 16
5 3 40
5 4 2
5 7 13
5 8 65
5 9 68
5 10 23
5 11 33
5 12 59
5 13 63
5 14 47
5 15 30
5 16 6
5 17 41
5 18 53
5 19 26
5 21 48
5 22 39
5 23 44
5 24 7
5 25 66
5 26 20
5 28 69
5 30 14
5 31 55
5 32 36
5 33 46
5 34 58
5 35 27
5 36 37
5 39 12
5 40 10
5 43 1
5 45 19
5 46 67
5 47 43
5 49 24
5 52 3
5 53 21
5 54 54
5 55 61
5 56 60
5 57 45
5 58 62
5 59 52
5 60 15
5 61 9
5 62 5
5 64 22
5 67 32
5 68 4
5 69 49
6 0 69
6 1 28
6 3 65
6 4 15
6 6 35
6 7 58
6 9 61
6 10 43
6 11 66
6 14 12
6 15 59
6 16 14
6 17 1
6 18 4
6 20 26
6 23 56
6 24 9
6 27 46
6 28 17
6 30 52
6 31 2
6 32 5
6 33 8
6 34 19
6 35 50
6 37 29
6 38 48
6 39 6
6 40 49
6 42 39
6 44 51
6 46 54
6 48 57
6 50 47
6 51 63
6 52 32
6 53 30
6 54 27
6 56 34
6 57 62
6 58 64
6 59 31
6 60 53
6 61 20
6 62 37
6 63 41
6 64 42
6 65 22
6 66 40
6 67 23
6 68 10
7 1 27
7 2 10
7 3 5
7 5 21
7 6 29
7 7 26
7 8 34
7 10 56
7 12 4
7 13 13
7 14 28
7 15 53
7 16 40
7 18 9
7 19 1
7 20 50
7 22 16
7 23 2
7 24 3
7 25 65
7 27 20
7 28 49
7 29 44
7 30 22
7 31 57
7 32 11
7 34 59
7 36 54
7 37 33
7 38 61
7 39 58
7 40 68
7 42 66
7 44 19
7 45 36
7 46 7
7 47 63
7 48 6
7 49 14
7 50 55
7 51 45
7 52 12
7 53 15
7 54 52
7 55 48
7 56 30
7 58 39
7 59 51
7 60 24
7 61 38
7 62 31
7 63 43
7 64 35
7 65 32
7 66 25
7 67 42
7 69 67
8 0 24
8 1 36
8 2 62
8 4 9
8 5 30
8 6 13
8 7 27
8 8 67
8 9 44
8 10 16
8 11 6
8 13 65
8 14 43
8 15 51
8 16 0
8 17 52
8 18 32
8 22 64
8 24 39
8 25 18
8 26 29
8 28 37
8 29 15
8 31 68
8 32 26
8 35 49
8 36 20
8 37 21
8 38 5
8 39 41
8 41 7
8 42 61
8 43 4
8 44 31
8 45 58
8 47 1
8 48 25
8 49 55
8 50 63
8 51 59
8 52 40
8 53 60
8 54 10
8 55 45
8 56 47
8 57 28
8 59 8
8 60 69
8 61 14
8 62 22
8 63 34
8 64 23
8 65 54
8 69 56
9 0 17
9 1 31
9 2 27
9 3 69
9 4 26
9 5 15
9 6 24
9 8 45
9 9 50
9 11 68
9 12 9
9 13 32
9 14 16
9 15 36
9 17 18
9 18 42
9 19 5
9 21 30
9 22 37
9 23 29
9 24 4
9 26 12
9 28 7
9 29 65
9 30 64
9 31 23
9 33 61
9 35 62
9 37 19
9 38 55
9 40 21
9 41 38
9 42 57
9 44 8
9 45 13
9 46 20
9 47 66
9 48 34
9 49 44
9 50 35
9 51 58
9 52 60
9 54 53
9 55 33
9 56 41
9 57 63
9 58 59
9 59 14
9 60 1
9 61 3
9 62 6
9 63 49
9 64 10
9 65 2
9 66 0
9 69 22
10 0 30
10 1 18
10 2 6
10 3 26
10 4 35
10 5 8
10 6 60
10 7 2
10 8 62
10 9 53
10 10 34
10 11 17
10 12 69
10 13 7
10 14 37
10 15 40
10 16 15
10 17 36
10 19 11
10 20 52
10 21 66
10 22 58
10 23 41
10 24 16
10 25 27
10 26 47
10 27 51
10 28 29
10 29 56
10 30 49
10 31 0
10 33 59
10 34 3
10 35 39
10 36 12
10 37 61
10 38 46
10 39 21
10 40 63
10 41 43
10 42 54
10 43 25
10 44 22
10 45 14
10 47 32
10 48 28
10 49 33
10 50 45
10 52 42
10 55 1
10 56 65
10 57 50
10 59 19
10 60 64
10 61 57
10 62 10
10 63 55
10 65 48
10 67 38
10 69 31
11 0 45
11 1 35
11 2 52
11 3 53
11 4 65
11 5 34
11 6 48
11 7 62
11 8 56
11 9 5
11 10 6
11 11 27
11 14 7
11 15 19
11 16 33
11 17 54
11 18 38
11 19 0
11 20 16
11 21 13
11 22 57
11 24 31
11 25 3
11 26 23
11 28 59
11 29 69
11 31 15
11 32 41
11 33 47
11 34 51
11 35 30
11 37 58
11 38 22
11 39 28
11 40 24
11 41 40
11 42 44
11 43 46
11 46 42
11 47 14
11 48 61
11 49 10
11 50 12
11 51 25
11 52 63
11 53 68
11 55 43
11 57 36
11 61 18
11 62 21
11 63 2
11 64 66
11 65 39
11 66 1
11 69 55
12 0 4
12 2 31
12 3 1
12 4 40
12 5 68
12 7 54
12 8 23
12 9 38
12 10 67
12 11 52
12 12 14
12 13 2
12 14 66
12 15 41
12 16 53
12 17 19
12 18 58
12 19 7
12 20 59
12 21 33
12 23 36
12 24 29
12 25 10
12 26 13
12 27 69
12 28 11
12 29 39
12 30 48
12 31 51
12 32 30
12 34 28
12 35 24
12 38 18
12 40 62
12 41 55
12 42 50
12 43 45
12 44 35
12 45 63
12 46 5
12 47 15
12 49 42
12 50 21
12 51 16
12 53 3
12 54 56
12 55 37
12 56 0
12 57 60
12 58 12
12 59 64
12 60 25
12 62 44
12 63 6
12 64 32
12 65 57
12 66 20
12 67 34
12 68 26
12 69 8
13 0 13
13 1 58
13 2 44
13 3 41
13 4 53
13 5 29
13 6 3
13 7 51
13 8 68
13 9 52
13 11 45
13 12 50
13 13 14
13 14 57
13 15 6
13 16 7
13 17 25
13 18 59
13 19 28
13 21 56
13 22 11
13 23 19
13 24 65
13 25 26
13 27 37
13 28 20
13 30 62
13 31 66
13 33 24
13 34 49
13 35 46
13 38 33
13 39 42
13 40 8
13 41 48
13 42 47
13 43 30
13 44 2
13 46 69
13 48 31
13 49 17
13 50 10
13 52 0
13 53 35
13 54 34
13 55 60
13 56 21
13 57 4
13 58 27
13 59 5
13 61 63
13 62 9
13 63 36
13 64 15
13 67 55
13 68 39
13 69 32
14 0 51
14 1 23
14 2 66
14 5 52
14 6 55
14 7 45
14 8 25
14 9 8
14 12 10
14 13 56
14 14 6
14 16 50
14 17 26
14 18 48
14 20 5
14 22 61
14 23 22
14 27 68
14 28 16
14 29 12
14 30 0
14 31 11
14 32 33
14 33 39
14 34 37
14 35 34
14 36 47
14 37 15
14 38 3
14 39 63
14 40 36
14 41 54
14 43 35
14 44 24
14 45 44
14 46 13
14 47 46
14 48 69
14 49 41
14 50 38
14 51 21
14 53 19
14 54 17
14 57 1
14 58 18
14 60 59
14 62 49
14 63 64
14 64 31
14 65 30
14 66 2
14 68 9
14 69 65
15 0 22
15 1 34
15 2 57
15 4 49
15 5 19
15 6 43
15 7 39
15 9 46
15 10 0
15 11 8
15 12 66
15 13 16
15 15 31
15 16 67
15 17 60
15 18 63
15 19 55
15 20 36
15 22 68
15 24 20
15 25 1
15 26 53
15 29 30
15 30 7
15 31 61
15 32 40
15 33 52
15 34 42
15 35 54
15 36 58
15 38 26
15 39 64
15 40 45
15 41 65
15 43 33
15 44 5
15 45 10
15 46 6
15 47 4
15 48 12
15 49 11
15 50 50
15 51 14
15 52 41
15 54 15
15 55 59
15 56 56
15 57 18
15 58 21
15 60 3
15 62 48
15 63 13
15 64 38
15 66 17
15 67 24
15 68 37
15 69 51
16 0 21
16 1 60
16 2 3
16 3 68
16 4 64
16 7 50
16 9 51
16 10 45
16 11 32
16 12 42
16 13 66
16 14 61
16 15 24
16 16 17
16 17 5
16 18 8
16 19 27
16 20 69
16 21 54
16 24 10
16 25 62
16 26 11
16 27 25
16 28 26
16 30 9
16 31 43
16 32 31
16 33 12
16 34 36
16 35 58
16 37 35
16 43 49
16 44 55
16 45 46
16 47 47
16 48 18
16 50 14
16 51 30
16 52 1
16 53 41
16 54 19
16 55 20
16 56 6
16 57 48
16 58 7
16 59 56
16 61 29
16 62 65
16 63 37
16 64 59
16 65 38
16 66 67
16 67 13
16 68 40
16 69 44
17 0 10
17 1 16
17 2 40
17 4 31
17 5 25
17 6 45
17 7 5
17 8 66
17 9 4
17 10 54
17 11 1
17 12 36
17 13 6
17 14 11
17 15 61
17 16 58
17 17 57
17 18 69
17 19 14
17 20 65
17 21 47
17 22 12
17 23 32
17 25 55
17 26 35
17 27 53
17 29 42
17 30 46
17 31 29
17 32 59
17 33 68
17 34 7
17 36 33
17 37 22
17 39 49
17 40 17
17 41 60
17 42 30
17 43 13
17 44 44
17 45 52
17 46 34
17 47 19
17 48 50
17 49 0
17 50 2
17 51 43
17 52 51
17 53 9
17 54 28
17 55 38
17 56 8
17 57 56
17 59 18
17 60 26
17 61 27
17 62 62
17 63 20
17 64 39
17 65 64
17 66 3
17 67 41
17 68 21
17 69 24
18 0 63
18 1 52
18 2 33
18 3 59
18 4 8
18 6 61
18 8 64
18 9 37
18 10 31
18 12 18
18 13 34
18 14 27
18 15 7
18 16 54
18 17 15
18 18 40
18 19 30
18 20 1
18 21 65
18 22 53
18 23 20
18 25 11
18 26 32
18 27 26
18 28 60
18 29 5
18 30 44
18 31 47
18 32 17
18 33 4
18 34 10
18 35 36
18 36 9
18 37 14
18 38 50
18 39 69
18 40 29
18 41 68
18 42 21
18 43 39
18 44 13
18 45 16
18 46 46
18 47 41
18 48 67
18 50 49
18 51 38
18 52 43
18 54 51
18 55 19
18 56 55
18 57 12
18 58 3
18 59 22
18 60 62
18 61 35
18 63 58
18 64 25
18 65 42
18 67 28
18 68 24
18 69 0
19 0 6
19 1 11
19 2 25
19 4 52
19 5 24
19 7 38
19 9 40
19 10 49
19 11 20
19 13 69
19 14 2
19 15 54
19 16 31
19 17 12
19 20 63
19 21 43
19 22 55
19 23 8
19 24 42
19 25 68
19 26 39
19 27 23
19 28 19
19 30 66
19 31 36
19 33 21
19 34 15
19 35 45
19 36 17
19 37 51
19 38 9
19 39 3
19 41 35
19 42 14
19 45 47
19 47 53
19 48 29
19 51 28
19 52 10
19 53 26
19 55 67
19 57 57
19 58 41
19 60 13
19 61 60
19 62 0
19 63 5
19 65 27
19 67 30
19 68 58
19 69 59
20 2 51
20 3 35
20 4 41
20 5 49
20 6 69
20 9 15
20 10 60
20 11 61
20 12 52
20 14 38
20 15 34
20 16 29
20 17 7
20 18 21
20 19 56
20 20 33
20 21 63
20 23 14
20 24 45
20 25 46
20 26 50
20 27 58
20 28 6
20 29 9
20 30 31
20 31 19
20 32 25
20 33 37
20 34 12
20 35 43
20 37 10
20 38 42
20 39 17
20 41 39
20 42 1
20 43 23
20 44 18
20 45 40
20 46 57
20 47 65
20 48 13
20 49 53
20 50 16
20 51 3
20 52 68
20 53 64
20 55 2
20 56 11
20 57 24
20 58 48
20 60 36
20 61 44
20 62 66
20 63 30
20 64 47
20 65 4
20 66 22
20 68 54
20 69 62
21 0 54
21 1 51
21 2 69
21 3 57
21 7 61
21 8 46
21 9 49
21 10 39
21 11 59
21 12 34
21 13 1
21 14 64
21 15 23
21 17 38
21 19 10
21 21 31
21 22 40
21 23 67
21 24 66
21 25 37
21 26 4
21 27 45
21 28 62
21 30 43
21 32 42
21 33 41
21 34 9
21 35 15
21 36 28
21 37 60
21 38 47
21 39 30
21 40 19
21 41 20
21 42 12
21 43 11
21 45 7
21 46 58
21 47 25
21 48 24
21 49 2
21 50 3
21 51 22
21 52 36
21 53 48
21 55 21
21 56 44
21 57 8
21 59 63
21 60 16
21 63 26
21 64 18
21 65 29
21 66 55
21 67 27
21 68 5
21 69 52
22 0 60
22 1 43
22 3 20
22 4 61
22 5 39
22 6 2
22 7 25
22 8 55
22 10 7
22 11 11
22 12 51
22 13 15
22 14 46
22 15 58
22 16 42
22 17 68
22 19 29
22 20 56
22 22 10
22 24 37
22 25 50
22 26 24
22 28 45
22 29 66
22 31 49
22 32 22
22 34 32
22 35 21
22 36 1
22 37 23
22 38 31
22 39 4
22 40 52
22 41 44
22 43 64
22 44 41
22 45 28
22 47 6
22 48 33
22 49 40
22 51 67
22 52 35
22 53 5
22 54 14
22 55 0
22 57 53
22 58 36
22 59 17
22 61 19
22 63 12
22 64 62
22 65 59
22 66 30
22 67 47
22 68 13
22 69 34
23 0 2
23 1 29
23 2 9
23 5 42
23 6 54
23 7 55
23 9 0
23 10 62
23 11 63
23 12 32
23 13 21
23 15 22
23 16 43
23 18 50
23 19 58
23 20 3
23 21 19
23 22 31
23 23 1
23 24 59
23 25 25
23 26 6
23 28 14
23 30 51
23 31 38
23 32 34
23 34 11
23 35 8
23 36 27
23 37 4
23 38 67
23 39 37
23 40 44
23 41 28
23 42 35
23 43 56
23 45 49
23 47 30
23 48 47
23 49 57
23 50 41
23 52 23
23 53 10
23 54 12
23 55 65
23 56 24
23 58 66
23 59 7
23 60 45
23 61 36
23 62 46
23 63 69
23 64 17
23 65 13
23 66 5
23 67 48
23 68 33
23 69 68
24 0 8
24 1 47
24 2 22
24 3 6
24 4 18
24 5 62
24 6 11
24 7 15
24 9 31
24 10 46
24 11 67
24 12 40
24 13 12
24 14 48
24 15 29
24 16 5
24 20 51
24 22 41
24 23 0
24 24 38
24 25 39
24 26 2
24 27 34
24 28 27
24 29 53
24 30 10
24 31 59
24 33 17
24 34 55
24 35 44
24 36 68
24 37 36
24 39 20
24 40 25
24 41 63
24 42 26
24 44 16
24 45 69
24 47 54
24 48 60
24 49 19
24 50 4
24 51 37
24 52 9
24 53 33
24 54 57
24 55 56
24 56 50
24 59 24
24 60 52
24 61 13
24 62 14
24 63 35
24 66 61
24 67 7
25 0 5
25 1 4
25 2 0
25 3 36
25 4 11
25 5 65
25 6 26
25 7 42
25 8 1
25 9 3
25 11 15
25 12 25
25 13 28
25 14 23
25 16 34
25 17 39
25 18 13
25 19 8
25 21 38
25 22 2
25 23 45
25 24 50
25 25 24
25 26 64
25 27 48
25 29 17
25 30 29
25 32 57
25 33 49
25 34 6
25 35 32
25 36 19
25 37 16
25 38 43
25 39 31
25 41 47
25 42 10
25 43 44
25 44 66
25 45 67
25 46 41
25 49 37
25 50 18
25 51 27
25 52 21
25 53 56
25 54 69
25 55 58
25 57 22
25 58 52
25 59 20
25 61 30
25 62 12
25 64 55
25 65 51
25 67 59
25 69 40
26 0 49
26 1 12
26 3 34
26 4 21
26 5 26
26 6 66
26 7 3
26 9 23
26 10 38
26 11 43
26 12 30
26 13 25
26 15 16
26 16 41
26 17 62
26 18 22
26 19 57
26 20 27
26 21 6
26 22 50
26 25 51
26 26 52
26 27 59
26 28 1
26 29 37
26 30 55
26 32 2
26 34 68
26 36 14
26 38 15
26 39 29
26 40 53
26 41 18
26 42 5
26 45 60
26 46 61
26 47 28
26 48 42
26 49 65
26 50 40
26 51 64
26 52 48
26 53 36
26 54 8
26 55 39
26 56 13
26 57 11
26 58 0
26 59 45
26 60 7
26 61 47
26 62 33
26 63 32
26 64 9
26 65 17
26 66 19
26 67 63
26 68 35
26 69 58
27 0 42
27 1 19
27 2 36
27 4 48
27 5 0
27 6 20
27 8 12
27 9 59
27 10 50
27 11 31
27 12 28
27 13 37
27 14 24
27 16 55
27 17 49
27 18 7
27 19 35
27 20 68
27 21 16
27 24 61
27 25 40
27 26 33
27 27 60
27 28 5
27 29 29
27 31 3
27 32 43
27 34 65
27 35 4
27 36 39
27 37 57
27 39 8
27 40 1
27 41 67
27 43 6
27 46 26
27 47 64
27 48 62
27 49 23
27 50 52
27 51 47
27 53 66
27 54 9
27 56 46
27 57 14
27 58 13
27 60 18
27 61 15
27 62 41
27 63 53
27 64 45
27 65 44
27 67 25
27 68 51
27 69 21
28 1 48
28 3 45
28 5 51
28 6 67
28 7 16
28 8 5
28 9 65
28 12 3
28 13 68
28 14 8
28 16 47
28 17 29
28 19 40
28 20 20
28 21 25
28 22 30
28 24 49
28 25 13
28 27 7
28 28 64
28 29 58
28 30 38
28 31 53
28 32 35
28 34 27
28 35 66
28 36 69
28 37 2
28 38 14
28 39 44
28 40 42
28 41 17
28 42 55
28 43 10
28 44 56
28 45 31
28 46 0
28 47 61
28 48 22
28 49 4
28 51 36
28 52 6
28 54 1
28 55 18
28 56 43
28 57 19
28 58 9
28 59 37
28 60 21
28 61 24
28 62 50
28 63 23
28 64 11
28 65 62
28 66 57
28 68 32
28 69 12
29 0 32
29 1 9
29 2 23
29 3 28
29 4 1
29 5 22
29 6 4
29 7 59
29 9 67
29 11 21
29 13 50
29 14 44
29 15 11
29 16 35
29 17 53
29 18 25
29 20 24
29 22 33
29 23 42
29 24 57
29 25 34
29 26 16
29 28 43
29 29 7
29 30 61
29 31 13
29 33 30
29 35 2
29 36 6
29 37 17
29 38 64
29 39 60
29 40 39
29 42 58
29 45 3
29 46 18
29 47 69
29 49 36
29 51 20
29 52 8
29 53 47
29 54 40
29 55 10
29 56 68
29 58 26
29 59 46
29 61 0
29 62 54
29 63 66
29 67 52
29 68 14
29 69 19
30 0 3
30 1 2
30 2 34
30 3 38
30 5 27
30 6 42
30 7 9
30 9 55
30 10 44
30 11 49
30 12 56
30 13 39
30 14 53
30 15 15
30 16 21
30 18 0
30 19 17
30 20 37
30 21 32
30 23 40
30 25 64
30 26 18
30 28 52
30 31 6
30 32 46
30 33 54
30 34 41
30 36 36
30 37 47
30 38 66
30 39 19
30 40 26
30 41 13
30 42 60
30 43 24
30 45 50
30 46 33
30 49 68
30 51 61
30 52 25
30 53 62
30 54 31
30 55 14
30 57 58
30 58 5
30 59 57
30 61 8
30 62 35
30 63 63
30 64 12
30 65 23
30 66 16
30 68 65
30 69 7
31 0 56
31 1 10
31 4 50
31 5 43
31 6 58
31 7 7
31 8 49
31 9 18
31 11 54
31 12 62
31 13 11
31 14 42
31 16 45
31 17 13
31 18 6
31 19 44
31 20 66
31 22 1
31 23 12
31 24 48
31 25 41
31 26 38
31 27 32
31 28 57
31 30 23
31 32 19
31 33 26
31 34 39
31 35 31
31 36 16
31 37 20
31 38 65
31 39 25
31 40 55
31 41 4
31 43 53
31 44 21
31 45 33
31 46 52
31 47 17
31 48 14
31 49 47
31 50 30
31 51 34
31 52 61
31 55 35
31 56 2
31 57 59
31 59 69
31 60 8
31 62 36
31 64 40
31 65 68
31 66 15
31 67 9
31 68 3
31 69 37
32 0 44
32 1 17
32 3 67
32 4 55
32 5 3
32 6 34
32 10 48
32 11 58
32 13 0
32 14 19
32 15 37
32 16 10
32 17 24
32 19 49
32 20 2
32 21 50
32 22 20
32 23 46
32 24 41
32 26 1
32 27 5
32 28 8
32 29 6
32 31 27
32 32 12
32 34 47
32 35 65
32 36 13
32 37 52
32 38 62
32 39 66
32 40 40
32 41 30
32 44 39
32 46 14
32 47 57
32 50 15
32 51 56
32 52 31
32 53 38
32 55 51
32 57 42
32 58 35
32 61 53
32 62 60
32 63 22
32 65 9
32 66 23
32 67 33
32 68 63
32 69 69
33 0 9
33 1 24
33 2 53
33 3 32
33 4 20
33 5 13
33 6 62
33 7 44
33 8 0
33 9 58
33 10 21
33 13 35
33 14 18
33 15 26
33 16 23
33 17 11
33 18 54
33 21 39
33 22 49
33 23 28
33 24 1
33 25 69
33 26 42
33 27 14
33 28 46
33 29 8
33 30 17
33 31 60
33 32 15
33 35 47
33 37 40
33 38 52
33 40 64
33 41 25
33 42 19
33 43 59
33 44 43
33 45 34
33 47 37
33 48 3
33 49 29
33 50 36
33 51 4
33 52 45
33 53 51
33 54 38
33 55 66
33 56 16
33 57 68
33 58 22
33 59 55
33 60 5
33 61 61
33 62 2
33 63 65
33 64 41
33 65 63
33 66 50
33 67 56
33 68 7
34 1 37
34 3 52
34 5 58
34 6 5
34 8 15
34 9 47
34 10 36
34 11 30
34 12 45
34 13 27
34 14 21
34 15 44
34 16 51
34 17 32
34 18 12
34 20 34
34 22 67
34 23 24
34 24 63
34 25 57
34 26 9
34 27 0
34 28 68
34 29 22
34 30 39
34 31 16
34 32 54
34 33 7
34 34 17
34 35 6
34 36 25
34 38 60
34 39 14
34 40 2
34 42 59
34 43 19
34 44 33
34 45 48
34 46 31
34 47 56
34 48 53
34 49 38
34 50 69
34 51 10
34 52 49
34 53 20
34 54 42
34 56 61
34 57 46
34 58 28
34 59 4
34 60 65
34 61 55
34 62 43
34 63 8
34 66 13
34 67 35
34 69 26
35 0 26
35 1 21
35 3 31
35 5 41
35 6 1
35 7 66
35 8 59
35 9 56
35 10 17
35 11 28
35 12 23
35 13 38
35 14 25
35 15 35
35 16 24
35 17 3
35 18 20
35 19 64
35 20 8
35 21 34
35 22 63
35 24 51
35 25 19
35 28 10
35 29 67
35 30 32
35 31 48
35 33 50
35 34 53
35 35 13
35 36 57
35 37 45
35 38 44
35 40 58
35 42 15
35 44 11
35 45 68
35 46 4
35 47 29
35 50 65
35 51 2
35 52 33
35 54 22
35 55 62
35 56 18
35 57 43
35 58 47
35 59 16
35 60 6
35 62 55
35 63 40
35 64 61
35 65 14
35 68 60
35 69 39
36 0 35
36 1 14
36 2 46
36 4 24
36 5 64
36 6 12
36 7 69
36 8 6
36 11 51
36 12 20
36 13 55
36 15 38
36 16 60
36 17 34
36 18 5
36 19 21
36 20 22
36 21 67
36 22 8
36 23 57
36 24 26
36 26 58
36 27 16
36 28 30
36 30 45
36 31 9
36 32 10
36 35 42
36 36 66
36 37 0
36 38 11
36 39 54
36 40 48
36 41 50
36 42 17
36 43 63
36 44 7
36 45 15
36 46 27
36 47 13
36 49 62
36 50 23
36 52 65
36 53 37
36 55 52
36 58 40
36 59 39
36 60 33
36 61 41
36 62 1
36 63 4
36 64 56
36 65 49
36 66 43
36 67 18
36 69 47
37 1 62
37 2 54
37 3 13
37 4 32
37 5 1
37 7 11
37 9 42
37 10 20
37 11 2
37 12 41
37 13 40
37 14 17
37 15 55
37 16 38
37 17 6
37 18 56
37 20 31
37 21 4
37 22 48
37 23 21
37 24 14
37 25 33
37 26 26
37 27 57
37 28 58
37 29 60
37 30 16
37 32 9
37 33 0
37 35 25
37 36 44
37 37 68
37 38 24
37 39 61
37 40 15
37 41 51
37 42 37
37 45 35
37 47 45
37 48 52
37 49 8
37 50 53
37 51 49
37 52 47
37 53 7
37 54 36
37 56 63
37 57 23
37 58 34
37 59 66
37 60 46
37 61 39
37 62 19
37 63 59
37 64 30
37 65 43
37 66 12
37 67 65
37 68 22
37 69 64
38 0 58
38 1 6
38 2 43
38 5 47
38 6 31
38 7 67
38 8 17
38 9 66
38 10 19
38 11 56
38 12 49
38 13 54
38 14 0
38 16 48
38 17 55
38 18 26
38 19 42
38 20 53
38 21 44
38 22 52
38 26 15
38 27 35
38 28 41
38 29 51
38 30 2
38 31 65
38 32 38
38 33 63
38 34 57
38 35 61
38 36 23
38 37 62
38 38 39
38 40 37
38 41 45
38 42 69
38 43 22
38 44 64
38 45 18
38 46 25
38 47 24
38 48 36
38 49 16
38 50 59
38 51 5
38 52 34
38 53 27
38 55 9
38 56 28
38 57 3
38 59 13
38 61 1
38 62 40
38 63 33
38 65 20
38 66 46
38 67 29
38 68 11
38 69 14
39 0 25
39 1 53
39 2 13
39 3 21
39 4 19
39 6 39
39 7 23
39 8 41
39 9 10
39 10 33
39 11 55
39 12 60
39 13 18
39 14 34
39 19 4
39 22 54
39 23 3
39 24 8
39 25 22
39 26 43
39 27 1
39 28 63
39 29 47
39 30 65
39 31 45
39 32 29
39 33 11
39 34 61
39 36 62
39 37 69
39 38 59
39 39 38
39 40 51
39 41 42
39 42 40
39 43 52
39 44 6
39 45 12
39 46 2
39 47 7
39 48 5
39 49 28
39 50 31
39 52 37
39 53 17
39 54 16
39 55 26
39 56 49
39 57 20
39 58 30
39 59 32
39 60 48
39 62 64
39 64 14
39 65 58
39 66 35
39 67 57
39 68 27
39 69 36
40 0 31
40 1 44
40 3 15
40 4 45
40 5 57
40 6 38
40 7 33
40 8 28
40 9 41
40 11 69
40 12 17
40 14 52
40 16 64
40 17 43
40 18 65
40 20 49
40 21 1
40 22 29
40 23 11
40 24 47
40 25 53
40 26 48
40 28 54
40 29 50
40 30 4
40 31 58
40 32 61
40 33 40
40 34 23
40 36 18
40 37 55
40 38 7
40 41 14
40 42 16
40 43 51
40 44 68
40 45 32
40 46 8
40 47 0
40 49 9
40 50 67
40 51 62
40 52 30
40 53 13
40 54 25
40 56 5
40 57 27
40 58 63
40 60 22
40 63 42
40 64 21
40 65 56
40 67 3
40 68 46
40 69 35
41 4 27
41 7 20
41 8 39
41 9 24
41 10 4
41 11 3
41 12 61
41 14 65
41 15 47
41 16 30
41 17 33
41 20 55
41 21 0
41 22 5
41 23 37
41 24 62
41 26 34
41 27 67
41 28 44
41 30 57
41 31 42
41 32 13
41 33 6
41 34 38
41 35 7
41 36 15
41 37 32
41 38 41
41 40 66
41 41 59
41 42 2
41 43 58
41 44 52
41 45 1
41 46 28
41 47 60
41 48 17
41 49 54
41 52 50
41 53 11
41 54 29
41 56 19
41 61 69
41 62 63
41 63 10
41 65 12
41 67 21
41 68 18
42 0 61
42 2 32
42 3 11
42 4 17
42 6 41
42 7 0
42 8 37
42 9 25
42 10 58
42 11 62
42 12 64
42 13 3
42 14 56
42 16 69
42 17 4
42 18 24
42 19 6
42 20 18
42 21 5
42 22 21
42 23 39
42 25 29
42 26 67
42 27 22
42 28 12
42 29 28
42 31 52
42 33 27
42 34 31
42 35 60
42 37 38
42 38 40
42 39 36
42 40 30
42 41 33
42 43 54
42 44 14
42 46 15
42 47 2
42 48 48
42 49 26
42 51 66
42 52 57
42 53 16
42 55 50
42 57 47
42 58 1
42 59 44
42 61 65
42 62 42
42 63 9
42 65 7
42 66 51
42 67 45
42 68 55
42 69 53
43 0 37
43 1 55
43 2 64
43 3 14
43 4 51
43 5 33
43 6 44
43 8 57
43 9 7
43 10 8
43 11 50
43 13 62
43 14 60
43 15 12
43 17 31
43 18 16
43 21 59
43 22 45
43 23 27
43 24 11
43 26 69
43 27 49
43 28 2
43 30 1
43 31 21
43 32 3
43 34 18
43 35 10
43 36 29
43 37 42
43 38 38
43 39 22
43 40 20
43 41 56
43 42 9
43 43 5
43 44 46
43 45 30
43 46 24
43 47 39
43 48 40
43 53 53
43 54 58
43 55 23
43 56 17
43 57 25
43 58 6
43 59 0
43 60 43
43 61 54
43 62 47
43 63 19
43 64 34
43 66 66
43 67 4
43 68 52
43 69 48
44 0 39
44 1 30
44 2 59
44 3 23
44 4 69
44 5 61
44 7 37
44 8 21
44 9 9
44 10 65
44 11 48
44 12 47
44 13 4
44 14 45
44 15 68
44 18 55
44 19 63
44 20 62
44 21 29
44 22 0
44 24 67
44 25 43
44 26 46
44 27 64
44 28 28
44 30 3
44 31 35
44 32 66
44 33 10
44 34 56
44 35 26
44 36 52
44 37 1
44 38 20
44 39 7
44 40 6
44 41 16
44 42 53
44 43 40
44 45 57
44 46 11
44 47 38
44 48 49
44 50 51
44 53 18
44 54 24
44 56 42
44 57 17
44 58 14
44 59 60
44 60 58
44 61 22
44 62 8
44 63 25
44 66 34
44 67 36
44 68 12
44 69 5
45 0 12
45 1 40
45 2 18
45 3 39
45 4 23
45 5 59
45 6 16
45 7 65
45 8 33
45 9 11
45 10 2
45 11 36
45 12 21
45 13 48
45 14 15
45 16 20
45 17 47
45 18 14
45 19 41
45 20 44
45 21 17
45 23 10
45 24 68
45 25 6
45 27 66
45 28 50
45 29 4
45 30 53
45 31 5
45 32 60
45 33 42
45 34 13
45 35 64
45 36 38
45 38 0
45 39 45
45 41 58
45 42 31
45 43 55
45 44 28
45 45 24
45 46 56
45 47 26
45 48 7
45 50 61
45 51 9
45 52 52
45 53 22
45 54 37
45 55 69
45 56 29
45 58 54
45 59 25
45 60 27
45 61 62
45 62 30
45 63 3
45 64 57
45 65 35
45 66 63
45 69 1
46 0 38
46 4 62
46 6 59
46 7 12
46 9 33
46 10 11
46 11 34
46 13 46
46 14 41
46 16 61
46 18 17
46 19 45
46 20 6
46 21 36
46 22 42
46 23 63
46 24 60
46 25 14
46 26 51
46 27 44
46 28 32
46 29 40
46 31 7
46 33 28
46 34 64
46 35 5
46 37 37
46 38 23
46 39 35
46 40 3
46 42 29
46 43 68
46 44 4
46 45 27
46 46 21
46 47 55
46 49 30
46 51 26
46 53 57
46 54 2
46 55 8
46 56 52
46 57 65
46 58 69
46 59 48
46 60 49
46 61 16
46 62 58
46 63 31
46 64 43
46 65 50
46 66 47
46 67 22
46 68 56
46 69 18
47 0 50
47 2 67
47 3 46
47 4 58
47 6 47
47 7 40
47 8 48
47 10 10
47 12 57
47 13 5
47 14 3
47 15 52
47 16 36
47 17 44
47 18 61
47 20 14
47 21 51
47 23 65
47 24 6
47 25 4
47 26 21
47 27 30
47 28 56
47 29 62
47 30 42
47 31 12
47 32 55
47 34 24
47 35 22
47 36 26
47 37 25
47 38 29
47 39 33
47 40 27
47 41 2
47 42 68
47 44 1
47 45 66
47 46 17
47 49 49
47 50 7
47 51 31
47 52 69
47 53 8
47 54 11
47 55 53
47 57 54
47 59 35
47 60 20
47 61 64
47 62 59
47 63 0
47 64 28
47 66 39
47 68 38
47 69 41
48 0 65
48 3 12
48 4 25
48 5 60
48 6 18
48 7 49
48 8 26
48 9 28
48 10 42
48 11 29
48 13 44
48 14 14
48 15 9
48 16 68
48 17 46
48 19 33
48 20 67
48 21 22
48 23 35
48 24 13
48 25 32
48 26 30
48 28 21
48 29 54
48 30 40
48 31 24
48 33 57
48 34 0
48 35 38
48 36 10
48 37 66
48 39 51
48 40 5
48 41 37
48 42 4
48 44 62
48 45 61
48 46 64
48 47 23
48 48 8
48 49 45
48 50 58
48 51 55
48 52 7
48 53 1
48 55 11
48 56 31
48 57 34
48 59 15
48 61 48
48 63 52
48 64 2
48 65 41
48 66 53
48 67 39
48 68 16
48 69 17
49 0 64
49 3 33
49 4 66
49 7 34
49 8 43
49 9 63
49 10 3
49 11 22
49 12 54
49 13 59
49 14 49
49 15 39
49 17 0
49 18 19
49 20 58
49 21 10
49 22 51
49 23 18
49 25 31
49 26 65
49 27 47
49 28 42
49 29 25
49 30 5
49 31 69
49 32 4
49 33 53
49 34 62
49 35 57
49 36 48
49 37 12
49 38 45
49 39 16
49 40 14
49 41 26
49 42 38
49 43 50
49 44 67
49 45 37
49 46 29
49 47 68
49 48 30
49 49 56
49 50 32
49 51 24
49 52 55
49 53 61
49 54 35
49 55 41
49 56 36
49 58 17
49 59 1
49 60 2
49 61 21
49 62 27
49 63 7
49 64 52
49 65 40
49 67 8
49 68 6
50 0 68
50 1 38
50 3 54
50 4 22
50 6 10
50 7 63
50 9 21
50 10 24
50 11 23
50 12 26
50 13 53
50 14 4
50 16 62
50 17 66
50 18 1
50 19 69
50 20 60
50 21 35
50 22 17
50 23 43
50 24 64
50 25 0
50 26 56
50 27 29
50 28 18
50 29 49
50 32 28
50 33 51
50 34 8
50 35 12
50 36 32
50 37 48
50 38 57
50 39 47
50 40 59
50 41 19
50 42 65
50 44 42
50 47 33
50 48 16
50 50 11
50 51 52
50 52 5
50 53 40
50 54 50
50 55 31
50 56 15
50 57 6
50 58 58
50 59 36
50 61 25
50 62 39
50 64 44
50 66 27
50 67 61
50 69 9
51 0 52
51 1 0
51 4 12
51 5 23
51 7 8
51 9 19
51 10 57
51 11 65
51 12 39
51 13 24
51 15 48
51 16 49
51 17 10
51 19 67
51 20 47
51 21 41
51 22 35
51 23 55
51 24 54
51 26 28
51 27 31
51 28 33
51 29 61
51 30 18
51 31 4
51 32 21
51 33 14
51 34 46
51 35 9
51 36 63
51 38 36
51 39 2
51 40 32
51 42 34
51 43 26
51 44 30
51 45 62
51 46 38
51 47 40
51 48 27
51 49 22
51 50 68
51 51 29
51 52 11
51 54 64
51 56 3
51 57 44
51 58 15
51 59 43
51 60 66
51 61 45
51 62 69
51 63 17
51 64 58
51 65 37
51 66 60
51 67 20
51 68 42
51 69 50
52 0 46
52 1 50
52 2 7
52 3 29
52 4 5
52 5 31
52 6 30
52 7 19
52 11 47
52 14 32
52 15 3
52 16 8
52 17 45
52 18 39
52 19 66
52 22 44
52 23 15
52 25 35
52 27 6
52 28 55
52 29 26
52 30 27
52 31 14
52 33 25
52 34 20
52 36 34
52 39 23
52 40 57
52 41 12
52 42 28
52 43 41
52 44 53
52 45 43
52 46 51
52 48 0
52 49 64
52 51 11
52 52 56
52 53 52
52 55 13
52 58 33
52 59 40
52 60 9
52 61 2
52 62 17
52 63 16
52 64 69
52 65 36
52 67 58
52 68 61
52 69 60
53 0 27
53 3 44
53 4 63
53 5 4
53 6 40
53 8 42
53 9 14
53 10 28
53 12 16
53 13 36
53 15 64
53 17 50
53 19 2
53 20 21
53 21 68
53 22 56
53 23 69
53 24 58
53 25 15
53 26 55
53 27 61
53 28 47
53 30 25
53 35 3
53 36 8
53 37 26
53 38 1
53 40 65
53 41 23
53 42 62
53 43 31
53 44 60
53 45 38
53 46 32
53 48 35
53 49 6
53 50 9
53 51 57
53 52 46
53 53 49
53 55 29
53 56 53
53 57 7
53 59 41
53 61 10
53 62 52
53 64 24
53 66 37
53 68 43
53 69 66
54 0 57
54 1 54
54 3 3
54 4 4
54 6 36
54 7 14
54 8 40
54 9 12
54 11 24
54 12 1
54 13 9
54 14 22
54 16 16
54 17 30
54 19 65
54 20 7
54 21 58
54 24 33
54 25 8
54 27 63
54 30 69
54 31 17
54 32 48
54 34 43
54 35 68
54 36 49
54 37 67
54 38 25
54 39 59
54 40 11
54 41 32
54 42 56
54 43 60
54 46 39
54 47 42
54 48 45
54 49 52
54 50 0
54 52 26
54 53 34
54 54 44
54 55 6
54 56 66
54 57 31
54 58 55
54 63 38
54 64 51
54 65 61
54 66 10
54 67 64
54 68 62
54 69 15
55 0 18
55 1 26
55 2 1
55 4 42
55 5 48
55 6 15
55 7 31
55 9 2
55 10 63
55 11 41
55 13 49
55 14 68
55 15 57
55 17 35
55 19 34
55 20 32
55 22 9
55 23 60
55 24 53
55 26 40
55 27 13
55 28 24
55 29 33
55 30 50
55 31 64
55 32 58
55 33 45
55 34 21
55 35 69
55 36 61
55 37 54
55 38 6
55 40 16
55 43 66
55 44 3
55 45 39
55 46 65
55 47 52
55 50 44
55 51 7
55 52 59
55 53 25
55 54 4
55 55 46
55 56 10
55 57 29
55 59 67
55 60 17
55 62 28
55 63 14
55 64 37
55 65 47
55 66 62
55 67 12
55 68 36
56 0 40
56 1 65
56 2 61
56 5 14
56 6 9
56 8 36
56 10 41
56 12 67
56 14 30
56 15 5
56 16 22
56 17 27
56 18 34
56 20 23
56 21 15
56 22 32
56 24 25
56 25 38
56 26 45
56 27 3
56 29 21
56 30 47
56 31 37
56 32 63
56 33 58
56 35 48
56 37 64
56 38 2
56 39 56
56 40 43
56 41 0
56 42 46
56 43 17
56 44 69
56 45 59
56 46 62
56 48 44
56 49 51
56 50 42
56 51 8
56 52 20
56 54 33
56 57 52
56 59 54
56 60 19
56 62 7
56 64 60
56 65 31
56 66 28
56 68 68
57 0 14
57 1 33
57 2 49
57 3 2
57 4 34
57 5 12
57 6 28
57 7 10
57 8 8
57 9 17
57 10 22
57 12 13
57 13 41
57 14 62
57 15 32
57 16 52
57 17 59
57 18 66
57 20 46
57 21 20
57 22 26
57 23 25
57 24 5
57 26 63
57 27 15
57 29 35
57 30 36
57 35 16
57 37 30
57 38 69
57 39 53
57 40 61
57 41 9
57 42 6
57 43 29
57 44 23
57 45 0
57 47 51
57 49 18
57 50 60
57 53 65
57 54 48
57 55 3
57 56 58
57 57 39
57 58 24
57 59 38
57 60 42
57 63 44
57 64 19
57 65 21
57 66 11
57 69 27
58 1 66
58 2 63
58 3 4
58 5 5
58 6 17
58 7 53
58 8 60
58 9 29
58 11 25
58 12 46
58 13 19
58 14 54
58 15 45
58 16 27
58 18 31
58 19 23
58 20 28
58 21 49
58 22 62
58 23 6
58 24 21
58 25 12
58 26 14
58 27 8
58 28 3
58 29 18
58 30 34
58 31 40
58 32 7
58 33 38
58 34 2
58 35 55
58 36 64
58 37 56
58 38 32
58 39 26
58 40 35
58 41 11
58 43 65
58 44 36
58 45 9
58 47 59
58 48 41
58 49 43
58 50 39
58 51 0
58 52 13
58 53 58
58 54 47
58 55 15
58 56 22
58 57 37
58 58 51
58 59 30
58 60 10
58 61 67
58 62 61
58 63 68
58 64 50
58 65 24
58 67 1
58 68 48
58 69 57
59 0 19
59 2 14
59 3 24
59 4 56
59 6 22
59 7 17
59 8 51
59 10 18
59 12 15
59 13 42
59 14 35
59 15 49
59 16 11
59 18 29
59 19 62
59 20 0
59 21 37
59 23 30
59 25 2
59 26 3
59 28 36
59 30 13
59 31 26
59 33 69
59 35 67
59 36 60
59 37 8
59 39 57
59 40 7
59 41 5
59 43 32
59 44 9
59 45 53
59 47 12
59 48 20
59 54 41
59 55 54
59 57 33
59 58 23
59 59 50
59 60 38
59 62 45
59 63 61
59 64 65
59 67 46
59 68 25
60 0 29
60 1 57
60 2 39
60 3 50
60 4 33
60 5 56
60 6 21
60 7 47
60 8 61
60 9 20
60 10 69
60 11 7
60 13 31
60 15 4
60 16 37
60 17 23
60 18 2
60 21 18
60 22 60
60 26 59
60 27 11
60 28 67
60 29 63
60 30 6
60 31 8
60 32 62
60 33 3
60 34 16
60 35 52
60 37 27
60 38 30
60 41 66
60 42 13
60 44 12
60 45 64
60 47 9
60 49 25
60 51 51
60 52 54
60 53 24
60 54 65
60 56 35
60 57 41
60 58 19
60 60 14
60 62 15
60 63 28
60 64 48
60 65 46
60 67 44
60 68 49
61 0 59
61 1 25
61 3 58
61 4 57
61 5 63
61 7 36
61 10 47
61 12 24
61 13 51
61 15 42
61 16 3
61 17 69
61 18 45
61 19 12
61 20 38
61 22 14
61 23 4
61 24 52
61 25 9
61 26 68
61 27 40
61 29 23
61 30 30
61 31 41
61 32 1
61 33 62
61 36 31
61 37 65
61 39 13
61 40 60
61 41 61
61 42 18
61 43 27
61 44 48
61 45 6
61 47 49
61 49 21
61 50 20
61 51 17
61 52 22
61 53 50
61 54 39
61 55 28
61 57 10
61 60 37
61 61 33
61 64 46
61 65 15
61 66 44
61 67 54
61 68 67
61 69 29
62 0 48
62 1 39
62 2 50
62 4 7
62 5 45
62 6 8
62 7 29
62 8 31
62 9 43
62 10 32
62 11 13
62 12 33
62 13 23
62 14 9
62 16 57
62 17 61
62 18 36
62 19 16
62 20 25
62 21 14
62 22 65
62 23 26
62 24 28
62 25 17
62 26 27
62 27 42
62 28 22
62 29 19
62 30 60
62 31 30
62 32 51
62 33 2
62 34 5
62 35 18
62 36 55
62 37 24
62 38 53
62 39 68
62 40 47
62 41 52
62 42 3
62 45 20
62 46 1
62 47 35
62 48 11
62 49 58
62 50 37
62 51 46
62 52 44
62 53 67
62 54 66
62 55 63
62 56 69
62 57 21
62 58 49
62 59 59
62 60 40
62 61 12
62 62 4
62 63 54
62 64 6
62 65 10
62 66 41
62 67 62
62 68 64
63 0 62
63 1 15
63 2 12
63 3 9
63 4 10
63 5 38
63 6 33
63 7 18
63 8 69
63 9 30
63 10 61
63 11 26
63 12 37
63 13 47
63 14 40
63 16 4
63 17 16
63 18 57
63 19 32
63 21 3
63 22 22
63 23 50
63 25 56
63 27 41
63 28 0
63 29 24
63 31 46
63 32 49
63 33 43
63 34 67
63 35 51
63 36 53
63 37 63
63 38 28
63 39 5
63 40 31
63 41 6
63 42 36
63 43 21
63 44 17
63 45 65
63 48 39
63 49 66
63 50 25
63 53 45
63 54 60
63 56 14
63 57 13
63 58 2
63 59 58
63 60 23
63 61 7
63 62 34
63 63 48
63 64 20
63 65 52
63 66 29
63 67 11
63 68 59
64 0 55
64 1 42
64 2 30
64 3 22
64 4 38
64 5 9
64 7 46
64 8 50
64 9 54
64 10 64
64 12 19
64 13 58
64 16 56
64 17 8
64 18 41
64 19 25
64 20 45
64 21 52
64 22 36
64 23 47
64 25 23
64 26 60
64 27 33
64 30 11
64 31 10
64 32 44
64 33 5
64 36 21
64 38 27
64 40 69
64 42 49
64 43 67
64 44 59
64 45 51
64 47 18
64 48 4
64 49 61
64 50 24
64 51 12
64 52 53
64 53 28
64 54 0
64 55 57
64 56 39
64 58 16
64 59 3
64 62 32
64 63 62
64 64 68
64 65 6
64 66 65
64 67 17
64 69 13
65 0 53
65 1 7
65 2 2
65 3 18
65 4 44
65 5 20
65 7 43
65 8 30
65 9 27
65 10 1
65 12 12
65 13 61
65 14 39
65 15 17
65 16 26
65 17 22
65 19 51
65 21 21
65 22 66
65 23 62
65 24 46
65 25 48
65 26 31
65 27 56
65 29 57
65 30 41
65 31 50
65 32 64
65 33 55
65 35 29
65 36 35
65 37 28
65 38 13
65 39 34
65 40 9
65 41 69
65 43 0
65 44 25
65 47 58
65 48 37
65 49 3
65 50 8
65 51 15
65 52 14
65 53 23
65 54 5
65 55 24
65 56 32
65 58 11
65 60 67
65 63 47
65 65 33
65 68 19
65 69 63
66 0 47
66 1 32
66 2 48
66 5 36
66 6 6
66 7 56
66 8 54
66 9 64
66 10 13
66 11 46
66 12 5
66 13 57
66 14 69
66 17 20
66 18 28
66 19 59
66 20 30
66 21 8
66 22 4
66 23 38
66 24 2
66 25 60
66 26 61
66 27 55
66 28 66
66 29 43
66 30 21
66 31 62
66 32 52
66 33 16
66 34 29
66 35 37
66 36 41
66 38 49
66 39 40
66 40 12
66 41 27
66 42 24
66 45 22
66 46 23
66 47 67
66 49 15
66 50 19
66 51 39
66 52 18
66 53 42
66 54 63
66 56 26
66 57 9
66 58 45
66 59 34
66 60 35
66 61 31
66 62 11
66 63 1
66 64 3
66 65 65
66 66 68
66 67 53
66 68 17
66 69 33
67 1 3
67 2 29
67 3 47
67 5 69
67 6 19
67 7 60
67 8 2
67 10 25
67 11 12
67 13 30
67 15 18
67 16 39
67 17 65
67 19 68
67 21 23
67 22 34
67 23 5
67 24 43
67 27 4
67 28 38
67 30 58
67 32 6
67 33 66
67 34 40
67 35 33
67 36 22
67 37 41
67 38 51
67 39 24
67 41 46
67 43 57
67 44 63
67 45 21
67 46 35
67 47 31
67 49 50
67 51 54
67 52 17
67 53 14
67 54 61
67 55 27
67 56 45
67 57 32
67 58 8
67 59 9
67 60 44
67 61 59
67 62 67
67 63 15
67 64 53
67 65 11
67 67 10
67 69 16
68 0 16
68 1 45
68 4 3
68 5 44
68 6 7
68 8 52
68 9 57
68 10 14
68 11 38
68 13 20
68 16 2
68 17 64
68 18 18
68 19 24
68 20 10
68 21 9
68 22 23
68 25 36
68 26 66
68 27 19
68 28 15
68 29 31
68 31 39
68 32 47
68 33 1
68 35 41
68 36 65
68 37 5
68 38 54
68 40 46
68 42 43
68 43 69
68 45 26
68 47 48
68 48 68
68 49 63
68 50 27
68 51 53
68 52 28
68 54 30
68 56 12
68 57 35
68 59 21
68 60 56
68 62 29
68 63 51
68 64 67
68 65 0
68 66 6
68 67 40
68 68 8
68 69 42
69 0 15
69 1 67
69 3 48
69 4 59
69 5 6
69 6 0
69 8 14
69 9 16
69 10 12
69 11 4
69 13 52
69 14 33
69 15 43
69 16 1
69 17 17
69 18 64
69 19 47
69 20 29
69 22 25
69 23 58
69 25 49
69 26 57
69 28 61
69 29 27
69 30 37
69 32 53
69 33 65
69 34 30
69 35 11
69 36 42
69 37 39
69 38 10
69 39 50
69 40 18
69 41 22
69 42 41
69 43 62
69 44 40
69 45 8
69 46 19
69 47 3
69 48 54
69 49 34
69 50 26
69 51 35
69 52 38
69 53 55
69 54 13
69 55 44
69 56 9
69 57 66
69 58 32
69 59 68
69 60 60
69 61 5
69 63 56
69 64 63
69 65 69
69 67 51
69 68 28
69 69 46
