60
0 6 58
0 14 9
0 18 10
0 24 46
0 25 12
0 31 44
0 33 34
0 34 56
0 37 41
0 44 19
0 45 20
0 52 39
0 53 50
0 55 57
0 56 33
1 0 57
1 3 19
1 13 37
1 18 46
1 20 53
1 30 5
1 40 50
1 52 21
1 56 17
1 57 47
2 1 14
2 7 46
2 12 7
2 16 40
2 18 2
2 20 45
2 31 49
2 34 3
2 45 34
2 47 41
2 50 12
2 53 11
2 55 54
2 59 51
3 1 24
3 7 40
3 11 0
3 12 45
3 20 12
3 21 9
3 27 15
3 29 31
3 30 46
3 33 49
3 35 41
3 36 50
3 38 58
3 42 51
3 47 36
3 50 32
3 52 13
3 54 25
3 56 34
4 3 0
4 4 23
4 6 46
4 9 8
4 21 30
4 24 7
4 35 9
4 37 17
4 38 39
4 44 57
4 50 50
4 54 48
4 56 38
5 1 25
5 2 54
5 11 20
5 15 13
5 18 48
5 21 16
5 25 11
5 27 45
5 30 57
5 35 26
5 36 14
5 37 56
5 39 4
5 41 31
5 42 24
5 43 32
5 44 12
5 50 47
5 52 33
5 54 19
5 58 55
6 0 56
6 3 40
6 7 59
6 8 24
6 12 21
6 15 52
6 26 28
6 30 54
6 40 13
6 42 14
6 46 57
6 48 39
6 51 51
6 57 12
6 58 36
7 5 4
7 6 55
7 9 38
7 13 50
7 15 58
7 16 32
7 24 17
7 30 56
7 33 48
7 35 42
7 38 11
7 39 39
7 42 41
7 45 36
7 46 40
7 51 19
7 56 24
8 0 23
8 1 9
8 6 1
8 11 53
8 12 19
8 14 13
8 26 0
8 34 6
8 36 4
8 38 5
8 39 38
8 40 49
8 44 34
8 52 56
8 53 31
8 56 29
8 59 47
9 1 15
9 4 46
9 5 50
9 6 10
9 12 9
9 15 40
9 20 56
9 21 38
9 22 30
9 27 8
9 28 6
9 30 25
9 31 48
9 35 23
9 37 24
9 38 52
9 40 29
9 41 13
9 42 43
9 43 17
9 48 14
9 49 12
9 52 20
9 53 45
9 56 47
9 58 0
9 59 54
10 1 57
10 2 30
10 4 49
10 11 4
10 13 38
10 17 33
10 20 43
10 21 56
10 24 47
10 26 15
10 27 12
10 30 18
10 34 52
10 36 45
10 39 36
10 44 24
10 45 32
10 47 0
10 50 21
10 52 14
10 53 46
10 54 1
11 0 32
11 7 2
11 11 12
11 12 54
11 21 50
11 24 26
11 25 0
11 26 38
11 31 36
11 32 35
11 41 10
11 43 9
11 44 3
11 46 34
11 47 31
11 49 49
11 50 18
11 53 47
12 4 37
12 9 42
12 10 25
12 12 15
12 13 28
12 18 30
12 23 23
12 24 6
12 29 40
12 32 46
12 44 18
12 47 27
12 48 24
12 50 3
12 51 33
12 52 16
12 53 19
12 54 36
13 4 47
13 13 26
13 17 57
13 20 52
13 21 36
13 22 14
13 27 48
13 29 51
13 35 34
13 38 20
13 39 9
13 42 25
13 45 54
13 46 4
13 51 17
13 53 24
13 58 12
13 59 41
14 0 13
14 7 9
14 9 21
14 13 58
14 16 8
14 17 15
14 19 30
14 23 26
14 29 19
14 32 23
14 33 38
14 35 44
14 41 43
14 43 4
14 47 51
14 48 12
14 49 45
14 52 6
14 53 28
15 2 38
15 3 42
15 4 15
15 5 24
15 7 18
15 8 44
15 9 51
15 10 23
15 11 48
15 12 53
15 14 39
15 15 46
15 30 31
15 34 41
15 36 19
15 45 43
15 51 29
15 53 35
15 54 3
15 57 21
16 2 48
16 4 41
16 9 14
16 11 46
16 15 50
16 18 36
16 21 37
16 23 0
16 25 51
16 26 53
16 28 2
16 29 24
16 32 19
16 33 47
16 36 28
16 37 6
16 38 13
16 43 23
16 51 26
16 58 17
16 59 44
17 3 24
17 9 53
17 11 56
17 13 18
17 14 50
17 15 29
17 16 16
17 19 26
17 25 48
17 26 46
17 28 43
17 30 22
17 32 45
17 37 21
17 43 52
17 47 7
17 52 19
17 53 33
17 54 38
17 57 41
17 59 25
18 3 37
18 4 19
18 6 35
18 7 17
18 9 2
18 16 11
18 19 47
18 23 34
18 27 54
18 34 45
18 35 21
18 37 50
18 40 52
18 44 39
18 48 46
18 50 31
18 51 9
18 52 3
18 54 59
18 55 16
18 56 4
18 57 42
18 58 30
19 0 25
19 2 46
19 7 29
19 12 16
19 13 44
19 14 7
19 21 48
19 25 5
19 30 58
19 40 28
19 41 56
19 47 45
19 49 33
19 51 32
19 54 4
19 56 27
20 0 33
20 7 26
20 9 43
20 12 0
20 13 8
20 14 41
20 18 14
20 19 28
20 20 42
20 29 38
20 31 53
20 51 5
20 56 25
20 57 23
21 0 39
21 1 44
21 5 40
21 10 32
21 16 36
21 17 24
21 18 12
21 21 5
21 24 16
21 25 7
21 30 20
21 31 0
21 41 51
21 43 15
21 45 33
21 49 35
21 50 41
21 55 50
21 57 10
21 58 43
22 10 14
22 14 15
22 16 29
22 19 20
22 23 52
22 24 56
22 25 26
22 28 45
22 29 32
22 35 17
22 38 59
22 39 47
22 41 24
22 46 21
22 47 19
22 51 35
22 52 55
22 55 33
22 58 11
22 59 39
23 2 42
23 3 48
23 4 12
23 5 13
23 8 31
23 10 52
23 13 51
23 16 15
23 28 20
23 32 28
23 33 9
23 34 44
23 37 27
23 43 10
23 44 0
23 47 46
23 48 33
23 50 53
23 55 6
23 57 30
24 0 29
24 6 56
24 7 42
24 8 39
24 10 12
24 13 24
24 15 25
24 16 43
24 19 17
24 26 44
24 29 9
24 32 52
24 35 57
24 37 0
24 38 46
24 39 54
24 41 21
24 47 20
24 48 30
24 49 36
25 1 51
25 3 46
25 4 40
25 7 30
25 12 3
25 18 44
25 22 11
25 25 55
25 26 58
25 29 34
25 32 27
25 33 7
25 38 57
25 40 35
25 42 39
25 44 37
25 45 15
25 48 23
25 50 38
25 54 29
25 59 31
26 12 13
26 13 9
26 18 17
26 19 19
26 23 33
26 26 22
26 28 7
26 29 41
26 34 31
26 41 39
26 43 36
26 47 43
26 50 5
26 56 32
27 0 1
27 1 56
27 3 17
27 4 36
27 6 40
27 7 7
27 8 51
27 10 13
27 12 5
27 13 42
27 14 33
27 15 16
27 16 26
27 26 8
27 27 4
27 29 6
27 31 30
27 40 2
27 41 47
27 54 31
27 55 32
28 0 18
28 7 22
28 9 16
28 12 41
28 16 50
28 17 19
28 19 8
28 20 14
28 28 30
28 29 10
28 30 12
28 31 54
28 34 47
28 40 24
28 44 48
28 45 45
28 48 2
28 52 32
28 55 17
28 56 13
28 57 5
28 59 26
29 4 24
29 6 6
29 7 33
29 9 25
29 10 17
29 12 40
29 16 54
29 18 11
29 22 19
29 23 44
29 29 57
29 31 34
29 33 36
29 34 35
29 35 38
29 40 59
29 44 52
29 45 39
29 49 53
29 53 32
29 54 28
29 58 47
30 1 48
30 2 11
30 7 53
30 10 57
30 14 23
30 17 36
30 20 35
30 23 28
30 24 22
30 30 38
30 32 8
30 33 13
30 48 44
30 49 6
30 52 29
31 0 5
31 1 17
31 4 52
31 7 13
31 15 4
31 18 19
31 24 49
31 34 30
31 35 40
31 37 1
31 38 9
31 41 55
31 43 46
31 48 54
31 50 44
31 57 31
32 6 38
32 14 17
32 21 23
32 23 5
32 28 18
32 37 34
32 40 58
32 42 19
32 45 27
32 46 26
32 47 2
32 49 14
32 52 42
32 54 12
32 58 44
33 1 29
33 5 44
33 9 20
33 11 39
33 14 8
33 23 3
33 30 30
33 37 47
33 38 10
33 40 48
33 45 25
33 47 5
33 48 51
33 49 2
33 51 52
33 52 28
33 55 11
33 59 12
34 3 38
34 6 26
34 9 29
34 10 39
34 15 48
34 19 6
34 23 47
34 26 55
34 31 45
34 41 12
34 45 16
34 51 58
34 54 2
34 57 13
35 0 45
35 4 2
35 6 22
35 10 15
35 13 34
35 19 33
35 20 5
35 31 46
35 38 56
35 39 51
35 41 19
35 43 24
35 44 44
35 48 35
35 53 12
35 58 20
36 1 0
36 2 39
36 8 30
36 9 37
36 16 48
36 18 16
36 22 6
36 24 4
36 25 1
36 34 32
36 37 52
36 43 3
36 45 57
36 48 5
37 3 44
37 5 38
37 6 0
37 7 6
37 14 29
37 17 26
37 19 21
37 21 53
37 22 50
37 23 54
37 25 23
37 28 3
37 30 2
37 32 12
37 35 32
37 39 41
37 41 11
37 42 7
37 44 40
37 46 19
37 49 22
37 54 10
37 58 37
38 0 38
38 5 37
38 8 9
38 11 7
38 24 50
38 25 49
38 27 26
38 30 15
38 33 21
38 35 53
38 39 32
38 40 16
38 50 6
38 51 14
38 54 34
38 59 30
39 10 30
39 11 8
39 14 47
39 16 17
39 22 56
39 27 49
39 28 41
39 30 1
39 38 34
39 42 54
39 44 10
39 46 0
39 47 55
39 48 29
39 49 5
39 51 22
39 58 31
40 1 27
40 3 58
40 6 36
40 7 24
40 9 15
40 10 11
40 17 14
40 18 47
40 24 19
40 26 9
40 27 40
40 32 49
40 38 37
40 44 51
40 46 18
40 49 48
41 0 51
41 4 11
41 8 57
41 20 59
41 22 34
41 33 14
41 37 55
41 38 1
41 39 20
41 41 44
41 44 6
41 50 24
41 52 30
41 53 40
41 56 54
41 57 38
41 59 18
42 1 35
42 4 45
42 5 43
42 11 11
42 13 57
42 15 41
42 27 21
42 28 23
42 32 38
42 36 9
42 37 54
42 40 55
42 41 50
42 43 48
42 50 10
42 52 12
42 53 3
42 54 37
42 55 51
42 56 5
42 58 14
43 0 4
43 1 33
43 3 32
43 7 50
43 10 16
43 20 41
43 29 58
43 30 8
43 32 48
43 33 44
43 39 26
43 43 59
43 45 51
43 50 55
43 51 43
43 54 52
43 59 29
44 1 4
44 2 34
44 4 10
44 6 30
44 8 58
44 11 5
44 12 56
44 17 45
44 19 22
44 21 52
44 23 46
44 26 20
44 28 50
44 32 29
44 35 43
44 36 1
44 40 37
44 42 40
44 49 0
44 51 44
44 54 57
45 2 57
45 3 34
45 20 54
45 25 14
45 33 15
45 34 29
45 38 7
45 42 33
45 44 53
45 45 11
45 49 4
45 54 18
45 55 38
45 56 19
45 58 1
46 1 7
46 4 39
46 5 3
46 13 45
46 15 15
46 17 17
46 20 50
46 25 4
46 31 57
46 33 19
46 34 0
46 40 30
46 44 41
46 45 8
46 48 13
46 50 16
46 58 34
47 0 44
47 1 36
47 15 37
47 17 11
47 30 29
47 33 28
47 36 17
47 41 2
47 49 56
47 50 8
47 53 25
47 56 59
47 57 3
48 1 54
48 2 15
48 6 37
48 7 16
48 8 4
48 14 43
48 16 59
48 20 36
48 23 22
48 24 24
48 26 13
48 28 27
48 38 21
48 40 38
48 41 53
48 46 48
48 51 49
48 52 2
48 55 47
48 56 55
48 57 14
49 4 14
49 6 15
49 9 11
49 13 56
49 15 7
49 20 23
49 21 46
49 24 43
49 28 8
49 35 19
49 40 47
49 42 45
49 44 9
49 50 17
49 56 41
49 58 42
49 59 36
50 1 3
50 3 6
50 8 23
50 11 2
50 15 43
50 16 19
50 17 13
50 19 58
50 20 16
50 24 9
50 25 42
50 29 46
50 30 51
50 52 44
50 53 39
50 54 35
50 56 21
51 5 31
51 6 14
51 8 15
51 10 4
51 12 59
51 15 36
51 16 55
51 18 24
51 21 43
51 23 35
51 24 10
51 26 7
51 27 51
51 29 54
51 32 40
51 35 5
51 39 25
51 42 11
51 43 39
51 50 1
51 59 9
52 4 6
52 6 16
52 13 46
52 20 31
52 21 40
52 25 37
52 29 1
52 31 55
52 34 28
52 40 4
52 42 47
52 45 30
52 53 0
52 54 20
52 55 19
52 56 52
52 59 15
53 2 0
53 7 36
53 12 39
53 13 35
53 17 2
53 22 49
53 23 45
53 24 3
53 30 26
53 33 54
53 34 53
53 35 22
53 37 51
53 43 11
53 49 47
53 53 15
53 54 9
53 55 24
54 0 43
54 4 32
54 6 49
54 8 42
54 10 26
54 15 3
54 16 58
54 18 4
54 20 9
54 21 0
54 22 40
54 26 47
54 27 17
54 32 5
54 35 29
54 36 55
54 40 21
54 42 30
54 43 2
54 47 50
54 49 31
54 54 15
54 55 25
55 4 59
55 14 51
55 21 6
55 22 3
55 35 24
55 37 25
55 41 27
55 46 2
55 48 17
55 50 4
55 55 45
55 56 7
55 57 34
55 58 28
56 3 51
56 5 2
56 12 38
56 13 36
56 16 46
56 17 39
56 18 20
56 19 10
56 22 7
56 28 15
56 29 22
56 31 33
56 32 44
56 40 41
56 41 23
56 43 54
56 48 55
56 51 57
56 54 43
56 55 42
56 56 1
57 5 33
57 8 17
57 14 48
57 20 4
57 32 57
57 34 55
57 39 15
57 45 22
57 52 52
57 55 59
57 57 35
57 59 37
58 1 39
58 4 21
58 7 19
58 8 7
58 9 44
58 11 47
58 12 17
58 15 0
58 16 45
58 18 26
58 21 24
58 28 11
58 34 46
58 42 4
58 43 29
58 45 50
58 46 51
58 48 22
58 55 10
58 59 59
59 2 37
59 11 28
59 14 14
59 15 57
59 18 3
59 19 1
59 21 39
59 22 4
59 26 56
59 30 36
59 33 8
59 38 32
59 39 46
59 44 49
59 46 31
59 52 47
59 53 38
59 54 0
59 56 50
59 57 54
