70
0 5 1
0 10 57
0 14 65
0 19 7
0 20 13
0 21 53
0 23 66
0 26 16
0 36 32
0 37 52
0 38 19
0 39 38
0 46 28
0 51 39
0 55 23
0 56 58
0 58 33
0 61 67
0 64 49
0 65 11
0 67 24
0 69 36
1 4 58
1 10 8
1 12 44
1 17 29
1 19 43
1 20 30
1 21 31
1 24 52
1 26 32
1 31 59
1 35 18
1 36 42
1 37 60
1 39 55
1 41 36
1 44 53
1 48 25
1 51 1
1 58 28
1 59 5
1 61 11
1 63 61
1 64 46
1 68 47
2 1 30
2 5 37
2 18 42
2 19 23
2 22 26
2 31 56
2 36 44
2 37 62
2 40 47
2 44 34
2 51 40
2 53 8
2 55 63
2 61 57
2 68 9
3 14 21
3 16 28
3 25 40
3 28 60
3 30 66
3 32 53
3 35 23
3 38 11
3 40 61
3 42 2
3 44 33
3 45 57
3 46 29
3 53 45
3 54 22
3 63 38
3 66 55
3 67 58
4 2 67
4 7 63
4 8 35
4 15 19
4 17 12
4 18 50
4 19 51
4 22 20
4 23 18
4 24 33
4 27 15
4 31 62
4 32 48
4 35 5
4 36 56
4 44 39
4 53 30
4 57 57
4 59 11
4 64 14
4 66 3
4 68 27
4 69 0
5 4 14
5 6 16
5 19 55
5 29 11
5 31 67
5 43 2
5 44 30
5 47 48
5 55 42
5 60 4
5 62 17
5 64 68
5 65 34
5 66 28
5 69 32
6 0 62
6 11 35
6 14 12
6 16 34
6 17 69
6 19 8
6 20 1
6 23 52
6 26 14
6 27 27
6 28 15
6 32 25
6 42 45
6 43 30
6 45 0
6 48 6
6 54 44
6 56 21
6 64 5
7 0 12
7 1 69
7 4 64
7 6 54
7 18 63
7 20 42
7 22 0
7 27 8
7 28 22
7 30 52
7 32 56
7 34 68
7 39 25
7 43 33
7 44 27
7 45 60
7 47 29
7 57 59
7 62 34
7 63 3
7 66 18
7 69 35
8 0 2
8 11 30
8 12 61
8 14 63
8 15 31
8 19 19
8 20 5
8 22 47
8 24 43
8 25 46
8 34 12
8 35 68
8 37 48
8 44 29
8 45 11
8 54 67
8 60 18
8 62 33
8 63 20
8 68 44
9 1 41
9 4 62
9 5 27
9 7 48
9 9 30
9 10 10
9 12 18
9 19 1
9 21 51
9 23 69
9 30 2
9 32 43
9 33 0
9 34 35
9 38 56
9 41 45
9 43 11
9 45 9
9 47 68
9 48 66
9 52 49
9 54 59
9 55 61
9 62 55
9 63 53
9 65 25
9 66 23
10 0 48
10 1 7
10 7 27
10 8 63
10 11 9
10 14 56
10 18 46
10 23 20
10 24 16
10 27 50
10 30 38
10 34 26
10 38 14
10 39 15
10 45 59
10 50 49
10 51 33
10 54 62
10 57 0
10 59 34
10 61 10
10 68 54
11 2 27
11 5 60
11 6 26
11 11 18
11 12 49
11 17 45
11 20 12
11 21 29
11 23 39
11 25 41
11 28 67
11 29 0
11 32 20
11 36 36
11 39 62
11 40 21
11 46 69
11 48 9
11 49 40
11 55 46
11 61 33
11 62 8
11 67 57
11 68 50
11 69 23
12 7 68
12 12 55
12 13 11
12 15 20
12 16 18
12 19 57
12 20 26
12 21 50
12 24 4
12 26 35
12 31 3
12 32 42
12 34 52
12 36 29
12 40 27
12 45 17
12 47 14
12 50 24
12 52 64
12 61 60
12 62 47
12 66 6
12 67 51
13 2 41
13 3 27
13 6 65
13 9 40
13 13 14
13 14 53
13 15 34
13 17 58
13 22 39
13 23 16
13 24 24
13 25 36
13 26 1
13 30 51
13 34 61
13 42 23
13 46 46
13 51 43
13 54 66
13 55 13
13 56 19
13 61 3
13 63 32
13 64 64
13 68 31
13 69 69
14 1 35
14 2 30
14 3 17
14 6 18
14 8 67
14 10 39
14 16 61
14 23 65
14 25 28
14 27 14
14 28 20
14 33 46
14 38 24
14 42 66
14 44 25
14 50 50
14 53 56
14 54 48
14 56 52
14 65 53
14 69 57
15 8 17
15 15 21
15 17 64
15 23 0
15 24 13
15 28 19
15 30 35
15 32 66
15 36 34
15 39 24
15 41 37
15 42 28
15 45 62
15 55 60
15 58 1
15 61 2
15 66 49
15 68 18
15 69 68
16 3 52
16 9 53
16 10 56
16 15 59
16 17 51
16 19 15
16 24 41
16 40 23
16 42 7
16 43 40
16 44 13
16 50 43
16 55 27
16 56 25
16 57 62
16 59 29
16 64 19
16 67 9
16 69 3
17 3 3
17 4 57
17 5 34
17 8 22
17 9 35
17 10 53
17 12 65
17 18 1
17 19 4
17 21 39
17 23 30
17 25 55
17 33 38
17 37 11
17 42 32
17 43 23
17 44 18
17 45 42
17 53 66
17 60 46
17 64 40
18 0 39
18 8 19
18 9 69
18 11 1
18 14 44
18 18 10
18 20 46
18 29 26
18 33 2
18 40 13
18 42 15
18 44 59
18 45 66
18 51 48
18 52 22
18 57 67
18 59 3
18 60 56
19 0 52
19 2 69
19 12 37
19 18 0
19 24 55
19 30 15
19 34 38
19 35 62
19 36 16
19 37 64
19 48 30
19 49 59
19 61 8
19 62 53
20 1 16
20 2 14
20 8 21
20 9 8
20 12 58
20 14 28
20 15 35
20 17 17
20 18 13
20 19 30
20 21 66
20 22 45
20 29 22
20 32 10
20 34 4
20 35 60
20 40 40
20 42 29
20 44 0
20 46 50
20 48 20
20 50 27
20 51 11
20 53 42
20 57 1
20 64 23
20 65 47
20 67 18
20 68 24
21 0 24
21 3 35
21 5 47
21 7 52
21 14 30
21 15 25
21 18 40
21 19 27
21 35 59
21 36 68
21 42 43
21 45 56
21 58 6
21 60 37
21 62 31
21 66 8
21 69 15
22 0 40
22 3 37
22 9 28
22 13 30
22 14 41
22 21 63
22 25 24
22 28 59
22 37 17
22 39 18
22 42 27
22 47 35
22 49 43
22 61 39
23 0 31
23 8 26
23 9 12
23 16 44
23 18 22
23 24 40
23 25 18
23 29 57
23 30 34
23 31 24
23 34 1
23 38 55
23 40 8
23 45 19
23 47 59
23 54 64
23 56 39
23 58 47
23 60 16
23 66 35
23 69 43
24 2 55
24 3 33
24 4 34
24 5 36
24 6 62
24 8 24
24 9 59
24 15 11
24 27 31
24 30 29
24 31 57
24 32 27
24 33 35
24 35 64
24 36 69
24 37 44
24 45 5
24 55 30
24 56 1
24 60 14
24 63 52
24 64 61
24 68 20
25 1 61
25 3 12
25 5 54
25 7 42
25 8 68
25 10 58
25 11 69
25 14 38
25 15 60
25 16 10
25 18 47
25 24 64
25 28 50
25 31 44
25 34 21
25 36 67
25 37 0
25 39 5
25 40 41
25 43 57
25 47 23
25 51 65
25 56 51
25 57 52
25 58 13
25 60 28
25 61 48
25 64 8
25 65 26
25 67 43
26 0 36
26 6 66
26 7 0
26 13 59
26 14 64
26 19 31
26 22 28
26 24 69
26 26 33
26 29 34
26 33 3
26 42 46
26 45 13
26 47 44
26 55 68
26 56 9
26 66 5
26 67 42
26 69 21
27 3 23
27 6 61
27 9 55
27 11 25
27 15 49
27 18 31
27 19 63
27 20 37
27 32 21
27 35 65
27 37 14
27 39 44
27 46 57
27 51 2
27 52 39
27 57 35
27 60 38
27 62 26
27 63 5
28 0 54
28 3 1
28 5 56
28 6 21
28 11 29
28 14 25
28 18 8
28 29 12
28 32 11
28 33 58
28 34 53
28 37 10
28 38 62
28 44 51
28 45 7
28 50 32
28 56 5
28 65 23
28 67 61
29 0 17
29 3 22
29 4 8
29 10 52
29 13 5
29 14 55
29 18 6
29 22 14
29 23 36
29 28 26
29 33 45
29 34 63
29 35 39
29 36 19
29 40 1
29 42 38
29 43 42
29 44 61
29 46 47
29 47 57
29 49 21
29 55 7
29 61 43
29 66 56
29 67 53
29 69 16
30 9 49
30 13 42
30 16 54
30 19 17
30 20 55
30 29 51
30 36 37
30 37 67
30 38 46
30 42 58
30 43 66
30 44 10
30 47 22
30 48 14
30 52 36
30 54 52
30 56 60
30 58 5
30 63 30
30 64 15
31 3 25
31 6 28
31 8 55
31 9 17
31 14 50
31 16 53
31 22 22
31 27 12
31 32 46
31 34 2
31 41 57
31 46 64
31 47 42
31 48 32
31 52 59
31 53 13
31 54 51
31 55 34
31 59 65
31 64 21
31 67 4
32 6 15
32 7 49
32 9 33
32 11 60
32 13 46
32 15 65
32 18 45
32 20 23
32 22 1
32 24 20
32 26 13
32 27 26
32 28 7
32 30 30
32 32 14
32 34 36
32 35 38
32 41 22
32 43 53
32 45 10
32 48 44
32 54 24
32 55 66
32 58 19
32 61 42
32 64 52
33 2 34
33 3 24
33 4 55
33 9 2
33 16 12
33 34 10
33 39 49
33 43 13
33 47 45
33 54 29
33 60 52
33 67 65
34 4 48
34 6 60
34 7 46
34 8 59
34 9 38
34 15 16
34 19 52
34 20 3
34 21 17
34 26 7
34 28 49
34 29 44
34 30 14
34 31 63
34 34 33
34 35 34
34 36 23
34 39 30
34 41 66
34 42 31
34 46 56
34 48 64
34 50 12
34 54 13
34 58 57
34 60 35
34 61 62
34 67 8
34 69 19
35 3 31
35 4 56
35 7 32
35 8 47
35 11 40
35 12 0
35 19 3
35 21 62
35 27 34
35 30 42
35 34 11
35 40 12
35 41 27
35 50 14
35 54 9
35 56 53
35 57 33
35 61 41
35 63 10
35 66 1
35 67 35
35 69 50
36 0 68
36 4 21
36 7 36
36 9 3
36 10 2
36 11 34
36 19 28
36 22 48
36 23 13
36 24 12
36 27 38
36 32 29
36 37 59
36 40 10
36 42 17
36 43 26
36 46 30
36 48 35
36 49 46
36 55 16
36 59 58
36 60 8
36 61 65
36 65 5
37 0 9
37 3 60
37 4 26
37 6 6
37 8 42
37 9 50
37 10 63
37 20 14
37 24 46
37 30 16
37 32 4
37 33 33
37 38 27
37 41 51
37 46 43
37 54 56
37 58 15
37 63 49
37 64 13
37 65 7
37 69 53
38 3 10
38 4 45
38 6 50
38 7 3
38 14 35
38 16 4
38 19 67
38 22 44
38 31 39
38 34 16
38 38 21
38 40 22
38 41 41
38 42 13
38 45 31
38 46 24
38 49 36
38 51 26
38 53 25
38 54 30
38 55 62
38 59 40
38 63 28
38 65 14
38 66 12
38 69 8
39 0 56
39 2 39
39 8 3
39 13 38
39 14 31
39 15 48
39 20 17
39 22 11
39 24 14
39 25 0
39 27 51
39 33 40
39 36 52
39 41 44
39 45 50
39 57 66
39 59 63
39 61 5
39 63 37
39 68 25
40 1 32
40 6 27
40 7 23
40 16 57
40 29 28
40 32 61
40 41 50
40 43 60
40 44 36
40 45 34
40 56 45
40 57 40
40 58 69
40 60 62
40 63 46
40 68 64
41 0 15
41 2 32
41 4 37
41 7 14
41 14 48
41 15 45
41 20 18
41 22 50
41 28 2
41 33 43
41 37 27
41 38 23
41 42 65
41 47 8
41 50 42
41 51 51
41 52 69
41 53 67
41 55 5
41 63 16
41 65 63
41 66 54
42 6 14
42 7 45
42 10 12
42 12 16
42 17 47
42 23 21
42 25 60
42 26 10
42 27 57
42 28 1
42 29 29
42 36 15
42 40 58
42 41 40
42 47 37
42 49 49
42 54 42
42 56 20
42 57 28
42 69 9
43 1 44
43 9 27
43 13 62
43 17 48
43 18 7
43 29 18
43 35 10
43 37 56
43 40 6
43 44 49
43 49 8
43 56 35
43 57 68
43 58 65
43 59 47
43 61 36
43 63 22
43 67 69
44 2 66
44 9 65
44 14 36
44 16 23
44 23 55
44 24 5
44 28 10
44 29 43
44 33 63
44 34 60
44 37 19
44 38 44
44 43 59
44 44 46
44 53 21
44 56 26
44 65 30
44 68 4
45 0 46
45 5 52
45 9 43
45 11 10
45 13 57
45 20 44
45 25 7
45 28 36
45 30 25
45 33 27
45 41 19
45 43 0
45 44 14
45 50 30
45 51 53
45 55 48
45 56 68
45 60 60
45 64 62
46 0 47
46 1 17
46 4 59
46 5 31
46 6 43
46 9 56
46 10 48
46 13 24
46 18 44
46 20 2
46 22 67
46 26 62
46 34 22
46 35 25
46 40 60
46 43 52
46 46 3
46 47 5
46 54 27
46 55 6
46 60 23
46 61 63
46 66 21
46 68 46
47 1 8
47 2 28
47 8 66
47 9 63
47 12 30
47 15 39
47 22 54
47 32 37
47 35 1
47 38 15
47 39 10
47 40 3
47 43 6
47 45 41
47 46 44
47 47 40
47 49 13
47 57 61
47 60 51
47 61 18
47 62 46
47 63 58
47 65 62
47 66 60
47 67 49
48 1 39
48 3 5
48 4 31
48 5 30
48 6 38
48 8 51
48 11 66
48 14 32
48 15 53
48 22 9
48 23 8
48 25 44
48 26 54
48 33 14
48 35 43
48 36 22
48 40 37
48 41 15
48 43 35
48 48 40
48 51 58
48 54 10
48 55 33
48 58 20
48 59 1
48 61 61
48 63 25
48 67 67
49 8 23
49 11 50
49 17 52
49 19 66
49 20 29
49 22 64
49 26 4
49 28 27
49 29 8
49 31 65
49 35 63
49 39 42
49 40 43
49 41 47
49 42 3
49 43 44
49 49 18
49 50 40
49 54 17
49 57 55
49 58 61
49 59 35
49 60 36
49 62 56
49 63 31
49 65 48
49 66 20
49 68 21
50 0 8
50 4 18
50 7 69
50 8 15
50 12 68
50 14 22
50 16 59
50 19 46
50 30 37
50 35 41
50 38 28
50 39 45
50 40 20
50 45 65
50 53 31
50 56 14
50 57 27
50 64 4
50 67 36
50 68 43
51 10 65
51 14 40
51 17 1
51 21 41
51 24 47
51 25 14
51 26 28
51 29 10
51 32 5
51 33 56
51 34 30
51 38 49
51 41 26
51 44 62
51 45 8
51 53 6
51 55 45
51 58 43
51 59 42
51 60 57
51 62 64
51 66 38
51 68 32
52 1 47
52 5 6
52 8 16
52 10 27
52 14 20
52 16 9
52 20 28
52 21 35
52 30 19
52 34 32
52 41 53
52 46 60
52 60 66
52 65 58
53 2 6
53 3 48
53 4 46
53 6 49
53 7 21
53 8 33
53 19 38
53 23 1
53 24 32
53 27 45
53 30 60
53 31 64
53 43 18
53 44 26
53 46 62
53 51 14
53 56 61
53 61 27
53 68 34
54 4 4
54 9 36
54 10 42
54 13 45
54 20 9
54 26 23
54 30 7
54 36 48
54 38 50
54 40 26
54 44 56
54 45 51
54 48 47
54 49 67
54 52 35
54 59 22
54 62 62
54 66 66
55 1 56
55 2 40
55 3 43
55 4 66
55 9 25
55 15 10
55 21 37
55 27 46
55 28 57
55 32 41
55 33 29
55 38 12
55 45 63
55 47 7
55 51 50
55 53 23
55 58 53
55 60 61
55 63 34
55 64 33
55 65 19
55 69 17
56 0 65
56 4 12
56 8 25
56 11 43
56 12 62
56 14 8
56 18 61
56 19 9
56 23 58
56 24 45
56 27 39
56 28 37
56 33 55
56 36 33
56 37 13
56 40 57
56 41 31
56 43 27
56 44 50
56 47 67
56 48 21
56 50 19
56 54 4
56 59 41
56 61 69
56 65 2
56 67 56
57 0 13
57 2 17
57 3 45
57 13 66
57 21 10
57 34 40
57 36 57
57 38 38
57 39 43
57 43 25
57 45 67
57 50 46
57 52 30
57 55 28
57 58 59
57 62 50
58 4 23
58 6 56
58 8 6
58 9 10
58 12 5
58 13 34
58 14 60
58 17 9
58 25 19
58 26 64
58 28 48
58 32 22
58 35 7
58 38 52
58 40 11
58 42 69
58 43 61
58 45 12
58 47 30
58 49 63
58 55 32
58 56 37
58 57 51
58 61 25
59 2 3
59 9 9
59 12 34
59 15 47
59 17 57
59 23 51
59 29 30
59 38 7
59 40 32
59 43 22
59 47 33
59 48 12
59 49 68
59 51 18
59 55 58
59 69 61
60 0 30
60 4 68
60 9 61
60 13 32
60 15 37
60 17 11
60 20 20
60 25 56
60 34 66
60 53 29
60 55 57
60 56 12
60 57 19
60 59 64
60 66 58
61 1 23
61 2 21
61 4 67
61 5 43
61 7 4
61 9 19
61 10 36
61 13 3
61 15 57
61 18 12
61 20 7
61 21 24
61 22 35
61 26 55
61 31 27
61 32 39
61 34 51
61 36 14
61 38 54
61 39 61
61 45 52
61 46 26
61 47 60
61 48 16
61 50 9
61 51 62
61 53 22
61 55 2
61 61 49
61 67 47
61 68 0
62 1 19
62 7 33
62 9 52
62 17 38
62 24 54
62 25 26
62 28 6
62 33 57
62 35 46
62 36 63
62 37 35
62 40 15
62 48 28
62 51 4
62 57 48
62 58 30
62 63 24
62 68 13
62 69 7
63 0 67
63 4 6
63 5 61
63 17 27
63 19 26
63 24 30
63 28 4
63 33 20
63 38 51
63 39 48
63 45 43
63 46 49
63 50 29
63 51 64
63 54 34
63 55 56
63 57 14
63 58 37
63 63 9
64 0 16
64 7 41
64 16 43
64 18 52
64 21 2
64 22 66
64 27 58
64 28 44
64 29 56
64 36 4
64 38 48
64 39 59
64 40 68
64 47 62
64 52 18
64 61 45
64 63 51
64 66 34
65 0 59
65 8 1
65 13 36
65 14 57
65 16 45
65 18 48
65 19 16
65 24 65
65 29 52
65 41 4
65 42 62
65 44 20
65 45 33
65 49 27
65 55 39
65 57 9
65 58 2
65 63 14
65 67 0
66 8 12
66 15 2
66 16 69
66 19 49
66 26 21
66 28 63
66 34 57
66 35 3
66 36 26
66 41 46
66 42 61
66 43 1
66 44 41
66 57 29
66 61 20
66 62 19
66 64 28
66 65 17
66 67 34
67 5 64
67 6 2
67 9 58
67 10 43
67 11 3
67 12 25
67 15 14
67 16 21
67 27 63
67 30 24
67 34 48
67 35 9
67 37 22
67 39 19
67 41 62
67 43 67
67 45 38
67 47 39
67 54 65
67 59 60
67 60 53
67 62 13
68 0 42
68 3 56
68 4 19
68 7 8
68 13 33
68 18 36
68 23 23
68 27 28
68 37 47
68 43 37
68 45 69
68 46 11
68 48 59
68 57 53
68 63 26
68 68 52
69 0 6
69 5 46
69 9 57
69 11 32
69 17 49
69 19 12
69 20 25
69 22 23
69 24 56
69 26 58
69 27 52
69 32 3
69 34 0
69 36 60
69 41 61
69 44 55
69 45 37
69 48 69
69 52 34
69 53 50
69 54 15
69 60 59
69 62 66
69 67 28
