60
0 2 20
0 3 35
0 10 41
0 12 22
0 16 26
0 18 6
0 22 19
0 27 57
0 29 9
0 30 25
0 37 15
0 38 47
0 39 56
0 41 54
0 44 21
0 45 58
0 54 17
0 59 5
1 1 41
1 5 13
1 11 53
1 15 20
1 19 18
1 28 29
1 32 56
1 33 36
1 37 34
1 39 16
1 46 40
1 49 44
1 51 27
1 52 52
1 53 46
1 56 11
1 57 0
2 0 4
2 6 38
2 12 5
2 14 43
2 17 37
2 26 23
2 27 54
2 28 58
2 32 50
2 34 40
2 56 1
2 58 12
3 1 52
3 6 0
3 9 57
3 10 11
3 11 26
3 14 20
3 16 43
3 20 8
3 21 54
3 23 23
3 24 22
3 25 17
3 28 35
3 30 48
3 36 21
3 37 40
3 39 39
3 41 12
3 45 59
3 47 16
3 51 15
3 52 45
3 55 25
3 56 18
4 0 33
4 4 19
4 5 32
4 7 20
4 15 11
4 19 24
4 21 12
4 23 7
4 24 1
4 25 5
4 32 41
4 33 10
4 34 45
4 37 3
4 38 13
4 51 47
4 54 59
4 55 26
4 56 6
4 57 8
4 58 40
5 1 9
5 6 26
5 9 40
5 15 28
5 16 5
5 18 10
5 23 24
5 26 3
5 27 20
5 28 4
5 30 45
5 37 33
5 39 37
5 40 43
5 47 31
5 48 21
5 54 18
5 59 17
6 5 54
6 6 33
6 7 43
6 9 48
6 10 26
6 19 1
6 25 35
6 28 47
6 29 44
6 30 40
6 32 29
6 42 59
6 47 19
6 48 14
6 56 37
6 57 17
7 0 22
7 4 59
7 10 17
7 17 54
7 19 11
7 25 33
7 26 31
7 27 3
7 32 4
7 34 6
7 38 1
7 41 2
7 43 41
7 47 42
7 48 34
7 50 48
7 51 0
7 52 49
7 53 55
7 57 19
8 0 26
8 4 38
8 5 45
8 21 1
8 22 18
8 27 22
8 29 56
8 30 42
8 31 30
8 34 8
8 39 44
8 41 3
8 46 16
8 48 52
8 50 13
8 52 24
8 53 58
8 58 50
9 0 42
9 3 36
9 7 6
9 10 52
9 11 40
9 13 7
9 17 38
9 18 27
9 22 10
9 26 18
9 32 17
9 33 55
9 34 2
9 37 39
9 39 12
9 44 22
9 46 33
9 50 29
9 55 37
9 59 31
10 2 35
10 6 50
10 10 47
10 15 21
10 16 53
10 18 40
10 20 25
10 23 11
10 27 10
10 28 1
10 32 48
10 36 8
10 40 45
10 44 27
10 52 42
10 53 22
10 54 30
10 57 56
10 59 39
11 0 16
11 1 32
11 13 36
11 19 5
11 23 29
11 25 28
11 27 4
11 33 58
11 35 6
11 43 52
11 46 46
11 47 0
11 49 31
11 55 33
11 56 59
11 57 39
11 58 49
12 3 52
12 10 40
12 13 37
12 14 15
12 19 50
12 20 9
12 23 25
12 26 29
12 28 54
12 30 57
12 34 59
12 39 47
12 40 26
12 41 8
12 42 23
12 48 19
12 49 2
12 52 32
12 55 51
12 56 4
13 3 21
13 5 4
13 6 30
13 10 38
13 15 29
13 16 7
13 17 22
13 19 47
13 29 33
13 31 39
13 34 41
13 37 46
13 39 5
13 40 49
13 51 52
13 58 11
14 2 7
14 3 59
14 8 26
14 9 58
14 12 20
14 14 34
14 18 52
14 19 44
14 23 54
14 25 50
14 26 11
14 27 47
14 32 37
14 36 10
14 41 29
14 43 15
14 58 35
15 1 5
15 3 56
15 5 50
15 7 17
15 8 53
15 9 31
15 12 11
15 14 32
15 20 4
15 22 12
15 26 42
15 30 6
15 44 8
15 45 35
15 47 46
15 50 1
15 51 24
15 57 16
15 59 15
16 13 15
16 18 57
16 19 16
16 20 14
16 23 30
16 28 22
16 29 5
16 36 7
16 37 38
16 43 25
16 44 47
16 48 18
16 49 4
16 50 35
16 51 58
16 54 23
16 55 49
16 57 3
16 59 20
17 1 38
17 3 33
17 11 22
17 14 37
17 19 3
17 24 18
17 34 10
17 38 11
17 39 28
17 50 15
17 52 27
17 53 29
17 55 34
17 57 36
17 59 43
18 5 43
18 6 58
18 15 52
18 17 40
18 20 20
18 21 56
18 29 36
18 39 22
18 41 53
18 43 8
18 44 23
18 45 30
18 51 55
18 57 32
19 1 20
19 3 32
19 4 10
19 7 49
19 15 6
19 23 28
19 26 59
19 29 27
19 31 15
19 32 52
19 35 45
19 38 21
19 39 11
19 54 34
19 56 41
19 58 43
19 59 53
20 9 45
20 10 57
20 12 47
20 15 42
20 17 16
20 18 5
20 19 56
20 27 34
20 31 27
20 34 55
20 39 1
20 41 31
20 42 15
20 45 54
20 47 17
20 51 7
20 53 25
20 54 8
20 57 52
20 58 58
21 0 15
21 2 30
21 4 45
21 9 2
21 12 52
21 13 59
21 14 1
21 17 42
21 18 21
21 20 53
21 30 41
21 34 57
21 39 29
21 41 10
21 42 54
21 47 23
21 50 49
21 52 55
21 54 48
21 56 44
22 2 15
22 7 24
22 14 35
22 15 12
22 19 31
22 24 47
22 27 50
22 32 22
22 33 32
22 34 42
22 37 52
22 38 0
22 40 14
22 44 38
22 48 4
22 51 46
22 53 13
22 58 53
23 0 18
23 3 23
23 4 9
23 7 35
23 12 27
23 16 38
23 17 44
23 20 49
23 21 33
23 22 40
23 24 19
23 26 46
23 29 20
23 31 32
23 33 13
23 34 43
23 36 54
23 37 55
23 38 22
23 41 34
23 45 4
23 47 41
23 51 6
23 55 17
23 58 39
24 6 17
24 9 42
24 10 23
24 11 1
24 13 34
24 14 44
24 16 51
24 17 56
24 23 10
24 24 40
24 26 50
24 27 37
24 29 0
24 42 41
24 43 22
24 45 16
24 49 48
24 50 31
24 52 59
24 55 21
24 56 25
24 59 33
25 5 11
25 12 17
25 13 30
25 14 21
25 16 36
25 19 2
25 24 41
25 27 16
25 37 6
25 38 51
25 41 14
25 46 26
25 50 5
25 54 37
25 55 18
25 57 13
26 1 58
26 2 50
26 4 42
26 5 14
26 6 1
26 7 11
26 8 43
26 13 22
26 14 3
26 16 17
26 19 54
26 26 10
26 31 51
26 41 19
26 42 49
26 47 15
26 48 12
26 57 24
27 2 40
27 4 28
27 6 19
27 16 33
27 17 45
27 21 35
27 24 14
27 25 16
27 28 12
27 31 43
27 33 26
27 36 0
27 39 32
27 42 48
27 47 9
27 51 37
27 52 2
27 54 20
27 55 44
27 58 25
28 1 54
28 2 55
28 3 58
28 9 6
28 12 40
28 14 29
28 19 12
28 21 34
28 25 36
28 28 17
28 32 0
28 35 50
28 37 14
28 38 43
28 45 19
28 46 44
28 47 28
28 51 22
28 52 46
28 54 11
29 8 4
29 9 36
29 10 50
29 11 38
29 13 32
29 18 43
29 22 27
29 24 59
29 26 15
29 32 3
29 35 55
29 42 5
29 43 12
29 46 21
29 48 28
29 52 26
29 54 29
30 1 44
30 3 43
30 6 45
30 8 21
30 11 46
30 19 0
30 24 23
30 25 39
30 29 52
30 30 36
30 31 35
30 36 42
30 40 13
30 43 6
30 50 51
30 51 19
30 54 57
30 55 47
31 4 54
31 5 58
31 9 33
31 13 20
31 14 13
31 16 3
31 17 14
31 19 23
31 23 34
31 25 49
31 28 11
31 29 26
31 36 4
31 40 31
31 56 8
32 7 37
32 8 6
32 9 1
32 11 7
32 12 35
32 15 36
32 22 49
32 27 25
32 30 2
32 33 19
32 42 30
32 43 10
32 44 54
32 46 8
32 47 3
32 52 20
32 56 38
32 57 40
32 58 27
32 59 12
33 1 40
33 6 59
33 8 2
33 13 31
33 15 48
33 19 4
33 20 54
33 21 22
33 24 36
33 26 24
33 30 33
33 31 20
33 32 1
33 37 51
33 40 47
33 45 17
33 46 37
33 47 21
33 53 56
34 8 20
34 29 47
34 30 31
34 31 11
34 33 24
34 41 56
34 48 16
34 50 55
35 2 32
35 5 36
35 8 40
35 11 23
35 13 16
35 18 48
35 21 0
35 22 44
35 26 25
35 27 6
35 28 8
35 33 34
35 36 11
35 39 7
35 47 59
35 49 14
35 51 4
35 55 29
35 56 47
35 57 26
35 58 28
36 2 37
36 7 34
36 8 27
36 12 7
36 13 39
36 14 0
36 17 10
36 19 14
36 23 22
36 24 17
36 25 46
36 29 8
36 31 25
36 33 43
36 35 31
36 42 45
36 43 56
36 52 5
36 53 54
36 54 36
36 56 28
37 2 41
37 5 28
37 7 54
37 13 49
37 16 30
37 17 8
37 19 19
37 22 52
37 33 59
37 37 13
37 41 50
37 43 4
37 51 10
37 55 32
37 56 3
37 57 12
38 2 25
38 3 1
38 4 58
38 6 10
38 10 19
38 11 8
38 12 32
38 16 47
38 17 59
38 22 51
38 23 45
38 25 31
38 30 27
38 31 55
38 35 39
38 40 52
38 42 3
38 43 11
38 46 13
38 53 43
38 54 16
38 56 2
38 58 56
39 1 53
39 3 40
39 8 38
39 9 23
39 11 21
39 12 55
39 17 9
39 20 44
39 31 26
39 49 28
39 53 4
39 58 13
40 5 21
40 14 59
40 16 50
40 19 10
40 21 31
40 36 30
40 38 27
40 44 39
40 47 33
40 52 22
41 4 43
41 8 35
41 10 7
41 16 34
41 20 33
41 21 24
41 23 32
41 32 6
41 43 50
41 45 46
41 48 45
41 49 52
41 51 40
41 55 30
41 58 15
42 1 25
42 4 16
42 8 10
42 9 12
42 13 45
42 17 33
42 19 28
42 23 40
42 24 58
42 37 30
42 46 41
42 55 59
42 56 7
43 1 50
43 3 45
43 4 31
43 8 25
43 9 8
43 11 11
43 17 52
43 20 13
43 23 59
43 28 43
43 30 39
43 32 9
43 33 27
43 38 48
43 45 34
43 49 29
43 50 19
43 51 18
43 55 35
43 58 1
44 1 35
44 12 51
44 15 4
44 16 42
44 19 53
44 26 0
44 31 52
44 37 19
44 39 20
44 43 46
44 46 56
44 49 24
44 57 1
44 58 37
44 59 23
45 0 21
45 8 59
45 10 12
45 12 18
45 17 7
45 18 47
45 19 25
45 22 17
45 23 6
45 26 43
45 28 27
45 30 50
45 31 53
45 32 42
45 35 1
45 36 37
45 37 45
45 38 38
45 40 3
45 42 33
45 44 4
45 48 54
45 49 36
45 53 26
45 55 13
46 0 48
46 13 58
46 15 14
46 19 15
46 21 51
46 25 4
46 27 8
46 30 37
46 31 0
46 37 18
46 40 24
46 48 44
46 50 32
46 53 2
46 55 50
46 56 54
46 57 21
46 58 41
46 59 22
47 0 59
47 5 34
47 6 14
47 8 8
47 10 1
47 14 9
47 20 37
47 23 49
47 24 50
47 27 15
47 31 5
47 32 30
47 40 48
47 41 25
47 46 22
47 47 4
47 51 11
47 55 20
47 58 19
47 59 44
48 3 30
48 4 24
48 8 47
48 10 59
48 12 41
48 14 25
48 16 35
48 20 0
48 22 28
48 24 43
48 28 16
48 30 12
48 32 10
48 33 44
48 35 51
48 36 40
48 39 17
48 40 58
48 42 14
48 43 37
48 50 6
48 56 46
48 59 2
49 2 23
49 4 37
49 7 15
49 14 39
49 16 56
49 17 11
49 18 25
49 21 16
49 22 38
49 23 21
49 25 2
49 26 6
49 28 32
49 33 35
49 36 24
49 40 17
49 42 57
49 43 36
49 48 40
49 58 18
50 5 15
50 7 40
50 17 12
50 29 13
50 30 52
50 31 2
50 37 43
50 39 41
50 40 35
50 41 46
50 48 8
50 52 11
50 57 54
51 1 7
51 2 52
51 3 2
51 9 21
51 12 45
51 15 58
51 16 54
51 17 29
51 21 36
51 33 16
51 34 17
51 35 9
51 37 10
51 38 20
51 40 4
51 44 5
51 46 38
51 47 1
51 49 40
51 50 14
52 1 28
52 3 19
52 4 36
52 8 31
52 12 10
52 17 1
52 20 50
52 21 27
52 22 48
52 24 34
52 27 49
52 31 4
52 39 13
52 41 42
52 43 51
52 45 57
52 48 32
52 51 8
52 52 30
52 53 53
52 54 40
52 56 43
52 57 2
52 59 47
53 2 18
53 5 38
53 10 27
53 11 9
53 15 51
53 16 20
53 17 3
53 19 8
53 20 48
53 21 30
53 25 32
53 28 25
53 32 35
53 36 15
53 37 7
53 42 58
53 44 45
53 47 6
53 48 55
53 51 33
53 53 19
53 56 36
53 58 5
53 59 28
54 0 12
54 4 5
54 16 0
54 22 3
54 23 17
54 34 18
54 36 52
54 40 16
54 42 42
54 43 58
54 44 34
54 47 50
54 54 15
54 55 38
55 1 36
55 3 6
55 4 46
55 7 18
55 8 30
55 9 26
55 14 48
55 15 27
55 18 55
55 25 34
55 26 21
55 31 3
55 32 38
55 40 1
55 41 43
55 45 22
55 46 17
55 55 57
56 3 10
56 5 44
56 17 34
56 28 18
56 50 58
56 51 25
56 57 28
57 0 25
57 2 56
57 9 44
57 13 0
57 14 6
57 16 46
57 22 53
57 28 10
57 37 41
57 41 57
57 45 50
57 48 7
57 52 19
57 53 20
57 54 1
57 55 8
57 57 37
57 59 38
58 2 12
58 8 9
58 14 28
58 16 45
58 21 23
58 22 25
58 23 36
58 25 38
58 33 17
58 34 53
58 39 26
58 41 32
58 44 40
58 45 6
58 49 30
58 50 44
58 55 4
58 56 13
58 59 1
59 0 34
59 3 55
59 5 30
59 6 18
59 9 14
59 11 59
59 14 57
59 19 49
59 20 41
59 26 38
59 32 13
59 33 28
59 40 44
59 41 15
59 46 10
59 49 39
59 53 35
