70
0 0 69
0 1 4
0 2 44
0 5 68
0 7 31
0 10 9
0 12 20
0 13 41
0 14 43
0 15 58
0 16 55
0 18 35
0 23 21
0 24 32
0 26 56
0 27 40
0 28 25
0 31 42
0 32 65
0 34 38
0 38 62
0 39 36
0 42 45
0 43 5
0 44 0
0 45 30
0 46 10
0 47 29
0 48 11
0 49 52
0 51 19
0 55 59
0 59 17
0 60 13
0 61 49
0 62 54
0 63 7
0 64 64
0 65 27
0 66 2
0 67 39
0 68 15
1 1 34
1 2 67
1 3 20
1 4 39
1 5 53
1 6 42
1 8 54
1 10 50
1 12 58
1 16 0
1 17 47
1 18 13
1 20 6
1 23 25
1 24 64
1 26 69
1 33 48
1 34 32
1 35 5
1 38 22
1 44 51
1 46 16
1 48 3
1 49 18
1 50 24
1 52 27
1 53 12
1 54 55
1 55 19
1 56 33
1 57 59
1 59 60
1 60 14
1 66 31
1 67 61
1 69 41
2 0 59
2 4 28
2 6 29
2 7 25
2 8 51
2 9 68
2 11 60
2 14 19
2 16 50
2 18 9
2 19 8
2 21 10
2 22 31
2 25 0
2 26 17
2 28 32
2 33 53
2 34 64
2 36 11
2 38 14
2 39 48
2 43 62
2 44 35
2 48 65
2 49 61
2 51 2
2 54 6
2 55 26
2 56 4
2 58 40
2 59 16
2 61 30
2 62 52
2 64 24
2 65 1
2 67 22
2 69 58
3 0 24
3 2 68
3 4 7
3 10 40
3 11 53
3 12 45
3 13 59
3 18 69
3 21 5
3 26 3
3 27 60
3 28 17
3 29 11
3 36 58
3 40 18
3 42 46
3 43 15
3 48 28
3 49 36
3 50 1
3 51 6
3 52 32
3 57 51
3 60 21
3 61 56
3 63 49
3 64 33
3 65 8
3 67 19
3 68 30
3 69 65
4 1 47
4 4 62
4 5 15
4 7 3
4 11 30
4 13 46
4 14 41
4 15 60
4 16 45
4 19 25
4 20 23
4 21 37
4 23 39
4 24 43
4 27 67
4 31 27
4 32 0
4 33 56
4 37 68
4 38 1
4 39 65
4 41 63
4 42 19
4 45 16
4 46 48
4 48 59
4 51 5
4 52 18
4 53 29
4 54 4
4 56 13
4 57 49
4 60 6
4 61 64
4 68 36
4 69 40
5 3 25
5 6 44
5 7 26
5 12 47
5 16 64
5 18 10
5 20 55
5 23 30
5 24 40
5 29 3
5 30 20
5 32 21
5 34 62
5 35 17
5 37 11
5 40 38
5 46 31
5 47 61
5 48 35
5 51 65
5 53 24
5 57 22
5 58 59
5 59 15
5 62 32
5 64 23
5 66 67
6 0 14
6 5 8
6 7 30
6 9 22
6 10 23
6 11 25
6 12 12
6 14 16
6 16 56
6 19 9
6 20 64
6 26 67
6 27 13
6 28 54
6 29 46
6 32 3
6 33 24
6 34 21
6 35 40
6 36 62
6 38 34
6 39 38
6 40 60
6 41 1
6 42 18
6 49 26
6 52 57
6 53 43
6 54 11
6 56 2
6 58 53
6 62 39
6 64 20
6 65 44
6 67 42
6 69 15
7 6 61
7 7 64
7 8 8
7 9 11
7 12 60
7 16 16
7 18 12
7 20 21
7 21 2
7 23 57
7 24 29
7 25 20
7 27 26
7 28 67
7 30 25
7 32 53
7 33 10
7 36 41
7 37 4
7 38 23
7 40 56
7 41 28
7 45 54
7 46 55
7 48 1
7 51 34
7 52 51
7 53 38
7 55 37
7 56 52
7 59 50
7 60 5
7 61 19
7 62 35
7 63 17
7 67 18
7 69 30
8 0 37
8 3 6
8 4 33
8 5 49
8 6 11
8 7 23
8 10 0
8 11 7
8 12 35
8 15 31
8 24 69
8 25 39
8 27 42
8 28 19
8 29 44
8 30 56
8 31 14
8 33 60
8 35 59
8 36 53
8 39 29
8 40 58
8 43 32
8 44 15
8 46 5
8 51 10
8 54 36
8 56 67
8 57 21
8 59 26
8 60 18
8 63 64
8 64 46
8 68 50
9 1 30
9 2 4
9 3 28
9 5 67
9 8 63
9 9 10
9 13 53
9 14 48
9 17 6
9 20 59
9 21 26
9 22 42
9 25 21
9 28 44
9 32 68
9 34 61
9 35 43
9 36 3
9 37 31
9 42 60
9 43 39
9 46 22
9 48 23
9 50 27
9 53 7
9 54 32
9 56 11
9 60 46
9 61 2
9 63 5
9 66 38
9 67 9
9 69 20
10 2 36
10 4 34
10 5 61
10 6 23
10 8 58
10 11 38
10 13 49
10 15 17
10 16 59
10 20 13
10 21 35
10 22 50
10 24 3
10 26 22
10 27 2
10 29 66
10 31 40
10 32 10
10 33 16
10 34 63
10 38 68
10 39 30
10 41 55
10 43 9
10 46 33
10 50 31
10 52 11
10 53 60
10 54 7
10 55 64
10 58 41
10 59 5
10 61 43
10 62 51
10 65 28
11 0 64
11 4 53
11 6 62
11 7 69
11 8 19
11 9 52
11 11 8
11 12 37
11 13 67
11 22 7
11 25 65
11 26 26
11 27 35
11 28 60
11 29 31
11 30 41
11 31 63
11 33 17
11 34 56
11 35 49
11 38 0
11 39 40
11 40 16
11 42 6
11 43 51
11 46 36
11 51 42
11 53 57
11 54 50
11 60 32
11 62 33
11 63 23
11 65 4
11 66 34
11 67 15
11 68 66
12 1 65
12 3 67
12 4 51
12 5 39
12 7 54
12 11 56
12 12 27
12 13 19
12 14 20
12 17 49
12 19 2
12 21 29
12 22 38
12 23 34
12 24 61
12 25 23
12 26 33
12 27 64
12 30 21
12 31 24
12 33 37
12 34 47
12 35 1
12 36 59
12 38 7
12 39 16
12 40 69
12 42 15
12 45 53
12 48 63
12 51 32
12 53 3
12 55 9
12 56 31
12 62 66
12 63 45
12 64 13
12 67 46
13 1 0
13 4 55
13 5 18
13 6 49
13 13 69
13 14 59
13 16 34
13 17 46
13 18 67
13 19 58
13 22 4
13 23 33
13 25 11
13 27 3
13 28 64
13 31 35
13 34 65
13 35 51
13 37 53
13 38 38
13 39 9
13 40 22
13 44 50
13 47 21
13 49 7
13 50 36
13 51 41
13 52 60
13 53 48
13 55 52
13 56 1
13 57 43
13 62 61
13 64 12
13 67 29
14 2 61
14 7 9
14 11 29
14 13 34
14 14 55
14 15 67
14 18 28
14 19 64
14 21 20
14 25 16
14 26 13
14 27 46
14 28 68
14 30 53
14 32 22
14 33 15
14 35 52
14 37 14
14 38 25
14 39 35
14 42 41
14 43 37
14 46 69
14 47 59
14 50 65
14 55 7
14 56 3
14 62 57
14 65 24
14 66 51
14 67 31
15 2 10
15 3 21
15 4 27
15 5 23
15 7 50
15 9 15
15 10 67
15 11 16
15 13 43
15 14 54
15 15 0
15 18 56
15 20 46
15 22 25
15 25 26
15 30 66
15 31 7
15 33 6
15 38 11
15 40 61
15 41 3
15 42 57
15 44 37
15 45 45
15 47 1
15 49 14
15 56 68
15 58 34
15 62 13
15 64 49
15 65 22
15 66 59
15 68 28
16 1 44
16 2 45
16 5 59
16 6 24
16 8 14
16 13 36
16 15 30
16 21 25
16 23 23
16 24 20
16 32 43
16 33 8
16 34 17
16 35 7
16 36 55
16 38 67
16 41 38
16 42 35
16 44 66
16 45 4
16 50 13
16 54 58
16 56 34
16 59 3
16 64 63
16 65 26
16 66 46
16 69 56
17 1 31
17 3 66
17 4 0
17 5 41
17 6 45
17 8 36
17 9 48
17 10 42
17 12 21
17 13 64
17 16 65
17 17 58
17 21 49
17 26 40
17 28 37
17 29 16
17 30 51
17 34 5
17 35 24
17 37 1
17 39 14
17 41 62
17 43 17
17 44 38
17 45 3
17 47 18
17 48 27
17 49 50
17 50 43
17 51 69
17 55 8
17 56 25
17 57 15
17 58 30
17 59 7
17 60 53
17 63 47
17 64 29
17 65 59
17 66 10
17 69 13
18 2 54
18 6 14
18 8 39
18 12 31
18 13 52
18 14 69
18 15 13
18 16 17
18 22 20
18 25 35
18 27 25
18 30 28
18 31 22
18 34 59
18 36 21
18 41 56
18 43 49
18 45 0
18 48 64
18 49 23
18 50 60
18 52 53
18 53 65
18 54 26
18 58 33
18 60 55
18 61 44
18 63 62
18 64 3
18 66 40
18 67 43
18 68 5
19 0 0
19 7 4
19 8 27
19 12 43
19 14 24
19 15 1
19 18 63
19 22 3
19 23 14
19 24 66
19 26 35
19 29 48
19 31 57
19 32 59
19 33 38
19 34 36
19 35 44
19 36 52
19 37 10
19 38 64
19 39 13
19 40 2
19 41 5
19 43 50
19 44 26
19 45 32
19 49 39
19 51 55
19 53 22
19 55 28
19 57 20
19 58 18
19 59 8
19 60 41
19 61 47
19 62 11
19 63 21
19 67 30
19 69 34
20 1 43
20 2 38
20 4 17
20 5 29
20 6 57
20 9 37
20 12 1
20 14 18
20 15 25
20 16 8
20 18 31
20 22 54
20 23 49
20 24 60
20 27 48
20 28 62
20 33 42
20 38 66
20 39 10
20 40 44
20 43 59
20 47 26
20 48 5
20 49 65
20 50 22
20 51 12
20 52 13
20 53 58
20 56 41
20 58 39
20 59 2
20 60 45
20 61 34
20 64 52
20 66 16
21 2 5
21 3 56
21 4 8
21 5 58
21 6 36
21 8 30
21 11 64
21 14 10
21 15 63
21 18 59
21 21 21
21 23 45
21 24 55
21 25 41
21 30 37
21 31 25
21 33 28
21 35 2
21 37 9
21 38 3
21 40 57
21 42 53
21 47 49
21 48 19
21 49 17
21 50 7
21 51 27
21 53 68
21 55 47
21 57 31
21 58 16
21 60 52
21 61 40
21 62 15
21 64 39
21 67 26
21 68 44
21 69 48
22 2 28
22 3 36
22 5 16
22 6 58
22 7 21
22 8 35
22 10 55
22 12 10
22 13 17
22 15 62
22 16 49
22 18 18
22 19 47
22 21 42
22 22 0
22 24 2
22 26 52
22 34 6
22 35 57
22 36 30
22 37 59
22 38 53
22 41 13
22 43 43
22 44 48
22 50 25
22 52 41
22 54 12
22 60 20
22 63 33
22 64 15
22 65 38
22 67 4
23 6 21
23 9 65
23 10 35
23 12 14
23 13 32
23 14 9
23 16 26
23 18 52
23 21 40
23 23 8
23 24 54
23 26 59
23 28 61
23 29 60
23 33 22
23 34 15
23 37 2
23 38 42
23 45 7
23 46 18
23 47 55
23 51 58
23 52 31
23 53 67
23 54 37
23 55 16
23 63 66
23 68 27
23 69 23
24 0 15
24 2 19
24 3 1
24 5 56
24 7 35
24 9 27
24 12 68
24 13 11
24 14 23
24 15 59
24 16 28
24 19 50
24 20 30
24 23 5
24 24 46
24 25 36
24 26 48
24 27 49
24 28 2
24 29 21
24 30 9
24 31 4
24 33 13
24 35 0
24 36 22
24 37 42
24 39 31
24 43 52
24 47 41
24 49 67
24 54 57
24 56 64
24 61 69
24 62 38
24 63 16
24 64 18
24 65 53
24 66 55
24 67 47
24 68 3
25 0 18
25 1 59
25 2 31
25 3 45
25 4 66
25 5 37
25 6 68
25 8 64
25 12 11
25 13 48
25 14 56
25 16 41
25 17 60
25 21 61
25 23 7
25 26 47
25 27 0
25 29 63
25 30 10
25 32 33
25 34 35
25 36 44
25 38 29
25 39 21
25 41 67
25 42 36
25 43 19
25 44 8
25 45 62
25 46 30
25 47 58
25 49 2
25 50 53
25 51 39
25 54 46
25 59 23
25 60 28
25 61 3
25 65 20
25 66 52
25 68 13
25 69 5
26 0 53
26 1 45
26 3 61
26 4 59
26 6 34
26 14 68
26 15 47
26 16 40
26 17 37
26 20 15
26 21 51
26 22 26
26 23 63
26 24 19
26 26 30
26 29 4
26 31 20
26 33 58
26 34 31
26 39 44
26 43 60
26 44 6
26 46 46
26 47 36
26 49 64
26 50 54
26 52 33
26 57 67
26 59 48
26 62 18
26 63 24
26 65 56
26 66 29
26 68 23
26 69 69
27 1 68
27 2 58
27 3 40
27 6 35
27 8 59
27 9 4
27 10 8
27 11 19
27 16 3
27 22 52
27 23 42
27 25 28
27 28 14
27 29 65
27 32 62
27 33 1
27 37 5
27 39 11
27 40 7
27 41 30
27 44 29
27 46 13
27 48 45
27 50 37
27 51 56
27 53 6
27 54 47
27 56 69
27 59 38
27 60 49
27 64 21
27 65 18
27 66 63
27 67 23
27 69 25
28 2 11
28 4 2
28 5 47
28 7 38
28 15 49
28 16 66
28 18 42
28 20 32
28 21 17
28 24 48
28 25 45
28 26 58
28 27 22
28 30 35
28 33 44
28 35 61
28 37 13
28 38 40
28 41 25
28 46 20
28 50 4
28 51 23
28 52 50
28 53 52
28 57 6
28 58 15
28 59 21
28 61 37
28 62 29
28 63 9
28 64 60
28 66 39
28 69 64
29 0 19
29 1 41
29 3 24
29 5 1
29 6 2
29 7 53
29 8 32
29 9 47
29 10 43
29 11 0
29 12 17
29 20 45
29 22 13
29 24 15
29 25 52
29 26 61
29 27 39
29 28 26
29 33 7
29 34 40
29 36 63
29 37 51
29 39 28
29 42 67
29 44 11
29 45 64
29 46 9
29 52 6
29 54 3
29 57 23
29 60 30
29 66 68
29 67 37
30 0 2
30 1 23
30 4 14
30 5 36
30 8 13
30 10 32
30 12 63
30 13 24
30 15 16
30 18 19
30 19 45
30 20 33
30 21 67
30 22 27
30 24 39
30 25 57
30 27 12
30 28 49
30 29 38
30 30 30
30 32 35
30 34 43
30 37 25
30 39 8
30 40 31
30 41 68
30 44 34
30 48 56
30 50 64
30 56 9
30 60 48
30 62 28
30 68 22
30 69 52
31 1 64
31 2 62
31 3 11
31 4 26
31 5 25
31 8 21
31 9 60
31 10 17
31 11 43
31 12 48
31 13 35
31 15 52
31 21 33
31 22 45
31 23 9
31 25 61
31 26 6
31 29 23
31 31 67
31 32 20
31 35 39
31 42 2
31 45 58
31 47 16
31 48 49
31 50 12
31 52 28
31 57 19
31 58 4
31 60 15
31 61 42
31 63 0
31 64 37
31 65 63
31 67 53
32 0 35
32 2 48
32 3 29
32 5 51
32 6 6
32 9 21
32 11 13
32 12 65
32 14 7
32 15 61
32 18 40
32 20 66
32 21 8
32 23 19
32 24 31
32 28 33
32 29 69
32 31 3
32 36 60
32 37 67
32 38 58
32 39 0
32 41 44
32 44 24
32 45 52
32 49 47
32 50 2
32 53 28
32 55 27
32 56 22
32 61 16
32 63 20
32 64 5
32 66 32
32 67 57
32 69 1
33 3 30
33 6 4
33 9 63
33 11 66
33 16 29
33 20 53
33 21 31
33 25 3
33 29 13
33 30 52
33 33 65
33 34 42
33 35 41
33 36 35
33 39 24
33 41 40
33 43 33
33 44 45
33 46 51
33 47 56
33 49 22
33 51 28
33 52 58
33 53 64
33 54 8
33 55 54
33 56 20
33 58 25
33 61 39
33 63 59
33 65 57
33 66 17
33 69 37
34 1 28
34 3 53
34 6 9
34 10 31
34 11 12
34 15 45
34 17 22
34 18 11
34 19 16
34 20 3
34 21 19
34 24 27
34 26 7
34 27 5
34 30 15
34 32 39
34 33 23
34 35 38
34 38 44
34 39 41
34 42 52
34 43 21
34 46 40
34 49 10
34 51 25
34 53 14
34 56 63
34 57 54
34 64 35
34 66 37
34 67 1
34 69 47
35 1 9
35 4 40
35 7 22
35 8 10
35 9 2
35 10 41
35 11 17
35 15 66
35 17 29
35 18 15
35 21 43
35 22 18
35 25 50
35 29 25
35 31 26
35 33 19
35 34 33
35 36 65
35 38 48
35 40 46
35 43 56
35 45 34
35 46 24
35 49 6
35 50 52
35 51 47
35 53 53
35 55 36
35 57 32
35 58 68
35 60 39
35 63 4
35 64 45
35 69 44
36 0 26
36 1 56
36 2 12
36 3 22
36 4 35
36 5 11
36 9 30
36 11 63
36 13 54
36 14 37
36 15 64
36 17 10
36 18 46
36 19 60
36 20 40
36 21 38
36 22 5
36 23 6
36 30 68
36 31 65
36 32 58
36 34 52
36 36 50
36 38 28
36 39 57
36 43 36
36 47 19
36 49 49
36 52 39
36 54 59
36 55 17
36 56 27
36 57 33
36 58 13
36 63 43
36 65 47
36 66 62
36 69 2
37 1 19
37 3 49
37 8 57
37 9 31
37 11 52
37 13 0
37 14 40
37 16 27
37 18 38
37 20 34
37 23 29
37 24 1
37 25 22
37 27 4
37 28 8
37 30 18
37 31 15
37 36 16
37 40 12
37 42 14
37 43 53
37 45 5
37 46 41
37 48 60
37 49 59
37 54 61
37 55 11
37 57 25
37 59 33
37 61 26
37 64 2
37 65 67
37 66 43
37 68 37
37 69 36
38 0 68
38 1 46
38 5 13
38 9 25
38 10 16
38 16 60
38 17 2
38 18 0
38 20 41
38 21 47
38 22 56
38 23 48
38 24 67
38 25 66
38 27 28
38 32 27
38 33 3
38 35 34
38 38 33
38 42 63
38 43 26
38 49 37
38 53 5
38 54 31
38 55 65
38 56 19
38 57 24
38 62 55
38 63 6
38 66 69
38 67 45
39 3 52
39 5 9
39 6 17
39 11 3
39 12 67
39 13 21
39 14 8
39 15 33
39 16 42
39 17 68
39 18 25
39 19 54
39 21 22
39 26 49
39 28 13
39 29 1
39 31 23
39 32 18
39 35 14
39 36 6
39 44 55
39 48 69
39 53 19
39 55 39
39 56 58
39 58 46
39 59 31
39 62 43
39 63 53
39 65 30
39 66 35
39 69 57
40 0 41
40 1 42
40 2 47
40 3 27
40 4 5
40 7 33
40 8 15
40 10 25
40 11 1
40 12 0
40 13 65
40 16 30
40 19 38
40 20 63
40 22 40
40 23 12
40 24 45
40 26 31
40 27 68
40 28 39
40 31 2
40 34 24
40 36 36
40 37 55
40 41 48
40 44 64
40 46 44
40 47 46
40 48 32
40 50 21
40 52 29
40 54 13
40 56 37
40 59 14
40 61 7
40 64 58
40 67 16
40 68 53
41 1 10
41 4 41
41 6 64
41 7 34
41 8 43
41 9 28
41 12 15
41 14 50
41 19 7
41 20 29
41 21 0
41 23 58
41 24 65
41 25 38
41 30 55
41 31 59
41 32 11
41 34 23
41 35 48
41 38 6
41 39 53
41 40 68
41 42 31
41 48 16
41 49 66
41 55 33
41 56 46
41 57 5
41 58 8
41 59 56
41 60 12
41 61 51
41 63 35
41 65 37
41 66 60
41 69 26
42 0 65
42 1 15
42 2 37
42 3 17
42 4 44
42 5 64
42 8 5
42 10 68
42 11 50
42 15 35
42 21 46
42 23 60
42 24 63
42 25 43
42 27 51
42 28 57
42 30 3
42 32 16
42 33 29
42 34 25
42 35 33
42 36 12
42 37 30
42 38 4
42 40 0
42 41 47
42 43 61
42 45 42
42 46 49
42 47 9
42 49 20
42 51 67
42 54 52
42 56 28
42 57 48
42 58 36
42 59 54
42 60 26
42 64 7
43 0 4
43 3 12
43 5 27
43 6 65
43 11 39
43 12 19
43 14 38
43 15 69
43 16 20
43 20 17
43 23 55
43 26 63
43 28 24
43 30 36
43 31 48
43 33 52
43 35 29
43 36 54
43 37 23
43 38 9
43 39 37
43 43 3
43 44 68
43 45 56
43 47 44
43 48 0
43 53 2
43 59 45
43 60 16
43 62 5
43 64 30
43 67 41
43 68 46
44 1 29
44 3 7
44 4 12
44 5 2
44 6 66
44 8 61
44 10 53
44 11 68
44 15 27
44 16 4
44 17 23
44 18 41
44 20 24
44 24 21
44 30 39
44 31 17
44 33 43
44 34 49
44 35 60
44 41 31
44 42 26
44 44 40
44 47 6
44 48 14
44 50 59
44 52 44
44 57 34
44 60 19
44 61 11
44 63 10
44 65 50
44 69 55
45 1 1
45 2 53
45 5 48
45 6 39
45 8 55
45 10 63
45 14 11
45 15 68
45 21 15
45 23 40
45 26 32
45 28 18
45 29 59
45 31 19
45 33 49
45 35 46
45 36 47
45 37 52
45 38 16
45 39 64
45 40 21
45 42 61
45 45 69
45 46 3
45 47 23
45 48 17
45 49 28
45 50 26
45 55 38
45 58 45
45 59 62
45 60 0
45 61 4
45 63 44
45 65 60
45 68 35
45 69 51
46 4 67
46 9 64
46 10 4
46 11 27
46 13 22
46 15 14
46 16 15
46 17 17
46 19 69
46 20 56
46 25 25
46 26 66
46 28 59
46 29 24
46 30 60
46 31 58
46 32 44
46 35 62
46 36 28
46 40 32
46 44 63
46 47 42
46 48 57
46 49 0
46 51 11
46 55 43
46 56 38
46 57 65
46 58 26
46 60 47
46 61 20
46 65 2
46 66 49
46 67 55
46 68 61
46 69 31
47 0 34
47 1 66
47 3 58
47 4 54
47 7 60
47 8 7
47 14 62
47 15 36
47 16 67
47 18 37
47 19 33
47 24 4
47 25 19
47 26 27
47 31 5
47 32 30
47 33 0
47 35 10
47 39 2
47 40 28
47 42 38
47 48 40
47 49 1
47 50 15
47 53 16
47 54 65
47 56 47
47 60 56
47 67 11
48 4 60
48 9 62
48 13 66
48 15 40
48 17 15
48 18 65
48 20 11
48 22 37
48 25 13
48 28 42
48 29 33
48 31 49
48 33 63
48 35 55
48 36 45
48 38 17
48 41 41
48 42 43
48 45 48
48 46 28
48 47 22
48 49 3
48 50 30
48 52 24
48 53 10
48 56 39
48 57 64
48 58 29
48 60 1
48 63 38
48 64 36
48 65 35
48 66 61
48 67 21
48 68 2
48 69 9
49 0 23
49 1 16
49 2 50
49 3 26
49 4 57
49 7 28
49 8 38
49 16 52
49 18 29
49 25 18
49 26 34
49 27 24
49 29 15
49 33 32
49 36 37
49 37 64
49 38 31
49 42 12
49 43 40
49 45 67
49 50 17
49 52 65
49 53 33
49 58 60
49 60 10
49 61 9
49 63 13
49 64 41
49 65 55
49 66 27
49 69 39
50 4 38
50 9 16
50 11 2
50 12 55
50 13 62
50 19 68
50 21 11
50 23 69
50 24 26
50 27 50
50 29 56
50 31 44
50 32 25
50 34 20
50 39 23
50 41 29
50 45 59
50 48 13
50 53 9
50 55 10
50 58 37
50 59 12
50 60 64
50 61 36
50 63 48
50 68 58
50 69 54
51 0 36
51 1 17
51 2 65
51 6 51
51 7 29
51 8 50
51 9 46
51 10 37
51 13 20
51 14 64
51 17 21
51 21 60
51 27 14
51 28 15
51 29 9
51 30 19
51 31 13
51 33 57
51 34 26
51 35 69
51 36 7
51 39 52
51 41 16
51 42 8
51 43 0
51 44 44
51 45 23
51 46 68
51 47 33
51 49 42
51 51 22
51 52 59
51 53 41
51 54 67
51 56 66
51 58 2
51 59 28
51 60 24
51 64 6
51 65 61
51 68 12
51 69 43
52 1 38
52 2 0
52 3 18
52 4 65
52 6 46
52 8 69
52 11 48
52 13 26
52 17 44
52 18 57
52 19 66
52 20 25
52 22 24
52 24 22
52 27 1
52 28 53
52 29 12
52 32 40
52 33 59
52 34 3
52 36 43
52 38 21
52 39 6
52 41 2
52 46 50
52 47 10
52 48 8
52 49 63
52 52 14
52 53 49
52 55 41
52 56 17
52 61 68
52 64 27
52 67 56
52 68 19
53 0 57
53 3 3
53 5 0
53 6 53
53 7 46
53 8 49
53 9 44
53 10 65
53 12 56
53 13 7
53 14 26
53 15 43
53 16 5
53 18 64
53 20 37
53 21 50
53 22 12
53 23 41
53 25 58
53 26 68
53 27 19
53 29 52
53 30 62
53 33 67
53 35 28
53 36 33
53 38 18
53 39 45
53 41 32
53 43 48
53 45 31
53 49 8
53 51 15
53 53 42
53 54 14
53 55 21
53 57 11
53 60 69
53 62 63
53 64 40
53 67 13
53 68 59
53 69 60
54 0 1
54 2 40
54 5 66
54 8 29
54 9 36
54 11 65
54 13 3
54 14 67
54 15 37
54 16 43
54 18 23
54 23 2
54 24 24
54 28 27
54 29 64
54 30 34
54 31 69
54 34 4
54 35 42
54 37 19
54 40 63
54 41 6
54 43 7
54 46 45
54 48 54
54 52 0
54 54 25
54 55 53
54 56 26
54 57 16
54 60 22
54 61 58
54 62 46
54 66 12
55 0 16
55 1 6
55 2 55
55 3 33
55 5 63
55 6 19
55 7 27
55 12 64
55 13 40
55 15 18
55 17 25
55 18 48
55 19 65
55 22 44
55 26 5
55 32 45
55 34 11
55 35 37
55 36 10
55 37 28
55 38 51
55 39 26
55 43 20
55 52 15
55 53 1
55 55 34
55 58 38
55 60 3
55 63 61
55 64 0
55 65 17
56 0 11
56 1 37
56 2 18
56 4 10
56 6 20
56 8 2
56 11 46
56 12 42
56 14 35
56 15 54
56 24 16
56 25 55
56 27 30
56 28 41
56 29 19
56 30 32
56 31 21
56 33 39
56 35 22
56 37 58
56 40 62
56 41 59
56 43 27
56 44 49
56 46 8
56 48 9
56 51 13
56 52 17
56 56 12
56 58 23
56 59 64
56 60 7
56 69 6
57 0 32
57 2 35
57 5 21
57 6 41
57 7 37
57 10 54
57 11 51
57 12 38
57 13 16
57 14 58
57 15 4
57 18 7
57 19 13
57 20 31
57 21 34
57 22 11
57 23 61
57 25 59
57 26 53
57 30 40
57 31 62
57 33 68
57 37 12
57 41 27
57 42 3
57 46 25
57 47 57
57 48 2
57 52 49
57 56 30
57 58 17
57 59 67
57 61 63
57 63 55
57 64 26
57 65 10
57 67 69
58 0 29
58 3 48
58 4 3
58 5 28
58 7 65
58 11 61
58 12 46
58 13 60
58 15 50
58 16 57
58 18 16
58 19 36
58 21 24
58 23 31
58 26 4
58 28 40
58 31 53
58 34 34
58 35 67
58 36 17
58 37 47
58 38 26
58 41 10
58 45 13
58 50 9
58 51 20
58 52 21
58 55 56
58 56 62
58 57 14
58 58 22
58 63 37
58 66 42
59 2 66
59 5 33
59 8 47
59 13 44
59 14 60
59 19 17
59 22 23
59 23 54
59 24 42
59 25 34
59 26 50
59 27 55
59 28 36
59 29 26
59 32 56
59 33 18
59 34 28
59 36 19
59 38 59
59 39 39
59 40 29
59 41 65
59 42 58
59 43 13
59 47 31
59 48 62
59 49 40
59 50 0
59 52 5
59 54 15
59 55 20
59 56 51
59 58 21
59 63 41
59 66 3
59 68 6
60 2 16
60 4 32
60 5 26
60 7 44
60 9 56
60 10 5
60 11 11
60 12 52
60 13 33
60 17 12
60 18 49
60 20 67
60 21 58
60 22 64
60 27 15
60 28 31
60 30 27
60 31 61
60 32 29
60 33 41
60 34 68
60 35 54
60 37 57
60 38 37
60 39 4
60 40 55
60 43 24
60 44 20
60 45 25
60 47 66
60 49 45
60 51 62
60 52 23
60 53 40
60 54 30
60 56 21
60 58 69
60 61 8
60 63 34
60 64 19
60 66 0
60 67 50
60 68 17
60 69 14
61 1 57
61 5 10
61 6 16
61 7 59
61 13 55
61 14 32
61 16 54
61 18 39
61 20 19
61 22 28
61 23 1
61 24 6
61 25 47
61 26 43
61 27 8
61 29 45
61 30 50
61 32 64
61 34 29
61 35 18
61 36 69
61 39 5
61 40 65
61 41 15
61 44 41
61 46 14
61 48 46
61 51 66
61 53 21
61 56 48
61 57 9
61 60 51
61 62 3
61 64 4
61 69 22
62 0 39
62 3 14
62 5 54
62 6 63
62 7 58
62 9 40
62 13 51
62 17 4
62 19 41
62 20 60
62 22 32
62 24 44
62 25 6
62 26 9
62 28 3
62 29 62
62 31 12
62 32 67
62 34 10
62 37 66
62 39 59
62 45 19
62 48 33
62 49 69
62 51 18
62 56 15
62 57 38
62 58 55
62 61 13
62 62 17
62 64 43
62 65 46
62 66 28
63 0 55
63 4 48
63 6 18
63 8 23
63 12 16
63 13 4
63 16 63
63 21 7
63 22 66
63 26 10
63 28 28
63 30 65
63 31 38
63 32 14
63 36 51
63 37 15
63 42 29
63 43 45
63 44 21
63 45 60
63 46 61
63 48 31
63 49 32
63 50 57
63 53 17
63 55 24
63 59 41
63 61 1
63 63 40
63 65 19
63 66 64
63 68 25
64 3 41
64 6 56
64 9 38
64 10 15
64 11 28
64 12 59
64 14 21
64 18 3
64 19 34
64 23 11
64 26 44
64 27 58
64 28 6
64 30 43
64 33 55
64 37 36
64 38 5
64 39 49
64 40 48
64 41 20
64 42 13
64 43 65
64 46 26
64 49 30
64 50 18
64 51 51
64 58 35
64 61 60
64 62 22
64 63 31
64 65 25
64 66 47
65 0 50
65 1 21
65 4 22
65 5 6
65 6 0
65 7 61
65 9 69
65 10 28
65 12 53
65 17 36
65 18 5
65 19 57
65 21 1
65 22 39
65 24 49
65 25 2
65 27 11
65 32 37
65 33 31
65 35 13
65 36 25
65 37 41
65 44 52
65 45 10
65 47 4
65 48 26
65 49 55
65 51 43
65 52 63
65 53 47
65 58 58
65 59 19
65 60 54
65 61 32
65 62 9
65 63 65
65 64 59
65 65 48
65 67 44
65 68 64
65 69 17
66 4 50
66 9 59
66 10 58
66 11 54
66 12 3
66 16 36
66 18 68
66 19 49
66 21 12
66 22 60
66 23 66
66 24 56
66 25 14
66 26 38
66 28 9
66 30 57
66 31 52
66 33 26
66 34 7
66 35 65
66 38 15
66 40 8
66 42 25
66 43 6
66 45 39
66 51 64
66 52 40
66 53 32
66 56 61
66 57 17
66 59 1
66 64 28
66 65 5
66 66 22
66 67 33
67 0 31
67 1 54
67 2 56
67 4 13
67 6 69
67 8 22
67 9 14
67 11 55
67 12 62
67 13 8
67 14 5
67 16 21
67 17 66
67 22 46
67 23 53
67 24 57
67 26 45
67 27 44
67 30 29
67 32 47
67 33 4
67 38 19
67 39 1
67 40 15
67 41 33
67 43 41
67 45 6
67 48 30
67 49 51
67 50 50
67 55 32
67 56 40
67 61 23
67 63 2
67 66 9
67 69 28
68 0 9
68 2 32
68 3 15
68 5 55
68 6 54
68 12 41
68 14 27
68 15 12
68 17 8
68 19 0
68 20 5
68 21 64
68 22 2
68 25 31
68 27 38
68 29 7
68 30 44
68 33 40
68 35 16
68 40 37
68 42 20
68 44 3
68 45 43
68 46 59
68 47 52
68 48 68
68 50 66
68 51 60
68 52 56
68 54 19
68 55 29
68 60 65
68 62 49
68 63 39
68 64 25
68 65 62
68 67 17
69 5 43
69 7 14
69 9 50
69 10 2
69 11 34
69 12 13
69 15 56
69 16 24
69 17 65
69 18 66
69 19 4
69 21 62
69 23 28
69 24 53
69 28 58
69 29 54
69 34 18
69 35 19
69 36 40
69 37 60
69 38 61
69 42 32
69 43 44
69 47 35
69 48 36
69 50 67
69 51 8
69 52 16
69 54 39
69 55 48
69 57 45
69 58 20
69 61 17
69 62 27
69 67 68
69 69 21
